YAD,AECI,HST,TAL,DUK,FPC,CPLE,CPLW,EEI,FMPP,FPL,GVL,GRID,ISNE,JEA,LGEE,MISO,NSB,NYIS,NWMT,OVEC,PJM,AEC,PNM,SEC,SCEG,SC,SEPA,SOCO,SWPP,SPA,TEC,TVA,WACM,WAUW,NBSO,ERCO
0.0,0.0,0.0,0.0,0.0,0.0,0.0,0.0,0.0,0.0,0.0,0.0,0.0,0.0,0.0,0.0,0.0,0.0,0.0,0.0,0.0,0.0,0.0,0.0,0.0,0.0,0.0,0.0,0.0,0.0,0.0,0.0,0.0,0.0,0.0,0.0,0.0
0.0,0.0,0.0,0.0,0.0,0.0,0.0,0.0,0.0,0.0,0.0,0.0,0.0,0.0,0.0,0.0,0.0,0.0,0.0,0.0,0.0,0.0,0.0,0.0,0.0,0.0,0.0,0.0,0.0,0.0,0.0,0.0,0.0,0.0,0.0,0.0,0.0
0.0,0.0,0.0,0.0,0.0,0.0,0.0,0.0,0.0,0.0,0.0,0.0,0.0,0.0,0.0,0.0,0.0,0.0,0.0,0.0,0.0,0.0,0.0,0.0,0.0,0.0,0.0,0.0,0.0,0.0,0.0,0.0,0.0,0.0,0.0,0.0,0.0
0.0,0.0,0.0,0.0,0.0,0.0,0.0,0.0,0.0,0.0,0.0,0.0,0.0,0.0,0.0,0.0,0.0,0.0,0.0,0.0,0.0,0.0,0.0,0.0,0.0,0.0,0.0,0.0,0.0,0.0,0.0,0.0,0.0,0.0,0.0,0.0,0.0
0.0,0.0,0.0,0.0,0.0,0.0,0.0,0.0,0.0,0.0,0.0,0.0,0.0,0.0,0.0,0.0,0.0,0.0,0.0,0.0,0.0,0.0,0.0,0.0,0.0,0.0,0.0,0.0,0.0,0.0,0.0,0.0,0.0,0.0,0.0,0.0,0.0
0.0,0.0,0.0,0.0,0.0,0.0,0.0,0.0,0.0,0.0,0.0,0.0,0.0,0.0,0.0,0.0,0.0,0.0,0.0,0.0,0.0,0.0,0.0,0.0,0.0,0.0,0.0,0.0,0.0,0.0,0.0,0.0,0.0,0.0,0.0,0.0,0.0
0.0,0.0,0.0,0.0,0.0,0.0,0.0,0.0,0.0,0.0,0.0,0.0,0.0,0.0,0.0,0.0,0.0,0.0,0.0,0.0,0.0,0.0,0.0,0.0,0.0,0.0,0.0,0.0,0.0,0.0,0.0,0.0,0.0,0.0,0.0,0.0,0.0
0.0,0.0,0.0,0.0,0.0,0.0,0.0,0.0,0.0,0.0,0.0,0.0,0.0,0.0,0.0,0.0,0.0,0.0,0.0,0.0,0.0,0.0,0.0,0.0,0.0,0.0,0.0,0.0,0.0,0.0,0.0,0.0,0.3067536205053205,0.0,0.0,0.0,0.0
0.0,0.0,0.0,0.0287961084395608,1.648681513965009,0.0,4.797473308444013,0.0,0.0,0.0,1.6593595236537748,0.0,0.0,0.0,0.007975957542655,0.0213452726602544,0.0338908791542053,0.0,0.0,0.0,0.0,23.532135200500356,0.0,0.0,0.0,1.9418968893586848,0.0420779343694413,0.0,0.0,0.0,0.0,0.0,0.454440934583521,0.0,0.0,0.0,0.0
0.0,0.0,0.0,0.0311727691441752,2.621918860822741,0.0,0.0,0.0,0.0,0.0,1.6799714087506872,0.0,0.0,0.3341050259767544,0.0070345021784286,0.004293598234653,0.38953061103802,0.0,0.0,0.0,0.0,33.13450946807821,0.0,0.0,0.0,2.4430835466831344,0.0,0.0,0.0,0.2923697791993535,0.0,1.4022370129823158,0.005256712436676,0.0,0.0,0.0,0.0
0.0,0.0,0.0,0.089966366067528,4.264278437942111,0.3728697393089493,4.215978735312752,0.0,0.0,0.0,7.167086408613089,0.0,0.0,26.718017132952763,0.0580943338572963,0.0,0.0,0.0,0.0,0.0,0.0,12.48739490509007,0.0,0.0,0.0,0.0,0.0,0.0,56.69612631946785,0.306595073640315,0.0,2.816839858889524,0.0256357509642839,0.0,0.0,0.0,0.0
0.0,0.0,0.0,0.123312024399638,7.33659982681259,1.4850089722312574,19.65183516554528,0.0,0.0,0.0,22.442821028921543,0.0,0.0,94.67889098450529,0.161417883262036,0.0,0.0,0.0,0.0,0.0,0.0,60.42006325721736,0.0,0.0,0.0,4.091711371019477,0.8618311628699228,0.0,423.16365320086464,0.3842879675328423,0.0,6.127712011337245,0.4940788494422883,0.0,0.0,0.0,0.0
0.0,0.0,0.0,0.5348304212093352,16.554401531815355,12.85096457228062,101.62636367529625,0.0,0.0,0.0,115.76127982512114,0.0,0.0,284.11086414009327,0.4570062316954102,0.0641122385859488,0.0,0.0,0.0,0.0,0.0,176.339194488525,0.0,0.0,0.0,46.60715385079381,1.9357805136591133,0.0,1179.9828410029409,0.4528400041162662,0.0,25.637343131005743,0.8479016581550046,0.0,0.0,0.0,0.0
0.0,0.0,0.0,2.295008204877374,33.90702247619625,66.22965905815363,408.8119174331426,0.0,0.0,0.0,447.14626346975547,0.0,0.0,595.7004867494106,1.5657731205224987,0.0803422280587251,0.0,0.0,0.0,0.0,0.0,380.84268722534136,0.0,0.0,0.0,147.4895790100097,5.338062962889662,0.0,1818.0200936198237,0.494443938136069,0.0,91.8704509139061,1.079930773004866,0.0,0.0,0.0,0.0
0.0,0.0,0.0,3.792347870767116,60.48491399735202,188.0530021339655,863.0246899068355,0.0,0.0,0.0,1122.8033738046884,0.0,0.0,900.3616608679295,2.9631883934140206,0.0582187231630082,0.7194304347037133,0.0,0.0,0.0,0.0,624.050913238525,0.0,0.0,0.0,331.6135486125946,11.615728239715091,0.0,2145.68514598608,0.4897666074335208,0.0,234.32617384195328,0.8612489160150192,0.0,0.0,0.0,0.0
0.0,0.0,0.0,8.030451506376266,205.86750414967528,225.22189873456955,1125.650189691782,0.0,0.0,0.0,1518.0225879073143,0.0,0.0,1002.9069685935974,7.3810152858495695,0.3929345086216914,135.5116078019141,0.0,0.0,0.0,0.0,731.6440040588378,0.0,0.0,0.0,437.8799026966095,22.06186312139034,0.0,2255.3578127622604,42.361175408959376,0.0,299.3154299855232,6.438506748527268,0.0,0.0,0.0,0.0
0.0,0.0,0.0,13.669830828905102,370.99168610572815,245.848778128624,1261.7950014472008,0.0,0.0,0.0,1756.3488199651242,0.0,0.0,1060.8027251064775,11.325062611699105,0.5446700900793073,260.55363050699225,0.0,0.0,0.0,0.0,839.2874099731446,0.0,0.0,0.0,477.3771802425384,31.446092110872264,0.0,2281.9279325723646,138.31477839946746,0.0,325.75692677497864,16.83225627616046,0.0,0.0,0.0,0.0
0.0,0.0,0.0,17.555506169795986,469.2825746536254,247.3551007509232,1313.1702019631862,0.0,0.0,0.0,1817.155385518074,0.0,0.0,0.0,13.272122016549108,0.6784995198249815,352.8510579705238,0.0,0.0,0.0,0.0,891.7008674621582,0.0,0.0,0.0,499.8807131290436,0.0,0.0,2258.2031975746154,193.52389297485348,0.0,326.04204511642456,23.065633356571173,0.0,0.0,0.0,0.0
0.0,0.0,0.0,17.494757890701294,483.5724852085112,231.0142148733139,1314.6687068879603,0.0,0.0,0.0,1740.339740240574,0.0,0.0,0.0,13.20970143377781,0.8154300376772875,394.4955941915511,0.0,0.0,0.0,0.0,812.2477661132809,0.0,0.0,0.0,487.4100703716278,30.211768478155136,0.0,2211.4293376088144,0.0,0.0,314.5402865409851,0.0,0.0,0.0,0.0,0.0
0.0,0.0,0.0,0.0,0.0,0.0,0.0,0.0,0.0,0.0,0.0,0.0,0.0,0.0,0.0,0.0,286.1651456117629,0.0,0.0,0.0,0.0,0.0,0.0,0.0,0.0,0.0,0.0,0.0,0.0,0.0,0.0,0.0,0.0,0.0,0.0,0.0,0.0
0.0,0.0,0.0,0.0,0.0,0.0,0.0,0.0,0.0,0.0,0.0,0.0,0.0,0.0,0.0,0.0,172.90084691047653,0.0,0.0,0.0,0.0,0.0,0.0,0.0,0.0,0.0,0.0,0.0,0.0,0.0,0.0,0.0,0.0,0.0,0.0,0.0,0.0
0.0,0.0,0.0,0.0,0.0,0.0,0.0,0.0,0.0,0.0,0.0,0.0,0.0,0.0,0.0,0.0,0.0,0.0,0.0,0.0,0.0,0.0,0.0,0.0,0.0,0.0,0.0,0.0,0.0,0.0,0.0,0.0,0.0,0.0,0.0,0.0,0.0
0.0,0.0,0.0,0.0,0.0,0.0,0.0,0.0,0.0,0.0,0.0,0.0,0.0,0.0,0.0,0.0,0.0,0.0,0.0,0.0,0.0,0.0,0.0,0.0,0.0,0.0,0.0,0.0,0.0,0.0,0.0,0.0,0.0,0.0,0.0,0.0,0.0
0.0,0.0,0.0,0.0,0.0,0.0,0.0,0.0,0.0,0.0,0.0,0.0,0.0,0.0,0.0,0.0,0.0,0.0,0.0,0.0,0.0,0.0,0.0,0.0,0.0,0.0,0.0,0.0,0.0,0.0,0.0,0.0,0.0,0.0,0.0,0.0,0.0
0.0,0.0,0.0,0.0,0.0,0.0,0.0,0.0,0.0,0.0,0.0,0.0,0.0,0.0,0.0,0.0,0.0,0.0,0.0,0.0,0.0,0.0,0.0,0.0,0.0,0.0,0.0,0.0,0.0,0.0,0.0,0.0,0.0,0.0,0.0,0.0,0.0
0.0,0.0,0.0,0.0,0.0,0.0,0.0,0.0,0.0,0.0,0.0,0.0,0.0,0.0,0.0,0.0,0.0,0.0,0.0,0.0,0.0,0.0,0.0,0.0,0.0,0.0,0.0,0.0,0.0,0.0,0.0,0.0,0.0,0.0,0.0,0.0,0.0
0.0,0.0,0.0,0.0,0.0,0.0,0.0,0.0,0.0,0.0,0.0,0.0,0.0,0.0,0.0,0.0,0.0,0.0,0.0,0.0,0.0,0.0,0.0,0.0,0.0,0.0,0.0,0.0,0.0,0.0,0.0,0.0,0.0,0.0,0.0,0.0,0.0
0.0,0.0,0.0,0.0,0.0,0.0,0.0,0.0,0.0,0.0,0.0,0.0,0.0,0.0,0.0,0.0,0.0,0.0,0.0,0.0,0.0,0.0,0.0,0.0,0.0,0.0,0.0,0.0,0.0,0.0,0.0,0.0,0.0,0.0,0.0,0.0,0.0
0.0,0.0,0.0,0.0,0.0,0.0,0.0,0.0,0.0,0.0,0.0,0.0,0.0,0.0,0.0,0.0,0.0,0.0,0.0,0.0,0.0,0.0,0.0,0.0,0.0,0.0,0.0,0.0,0.0,0.0,0.0,0.0,0.0,0.0,0.0,0.0,0.0
0.0,0.0,0.0,0.0,0.0,0.0,0.0,0.0,0.0,0.0,0.0,0.0,0.0,0.0,0.0,0.0,0.0,0.0,0.0,0.0,0.0,0.0,0.0,0.0,0.0,0.0,0.0,0.0,0.0,0.0,0.0,0.0,0.0,0.0,0.0,0.0,0.0
0.0,0.0,0.0,0.0,0.0,0.0,0.0,0.0,0.0,0.0,0.0,0.0,0.0,0.0,0.0,0.0,0.0,0.0,0.0,0.0,0.0,0.0,0.0,0.0,0.0,0.0,0.0,0.0,0.0,0.0,0.0,0.0,0.0,0.0,0.0,0.0,0.0
0.0,0.0,0.0,0.0,0.0,0.0,0.0,0.0,0.0,0.0,0.0,0.0,0.0,0.0,0.0,0.0,0.0,0.0,0.0,0.0,0.0,0.0,0.0,0.0,0.0,0.0,0.0,0.0,0.0,0.0,0.0,0.0,0.0,0.0,0.0,0.0,0.0
0.0,0.0,0.0,0.0,0.0,0.0,4.797473308444013,0.0,0.0,0.0,0.0,0.0,0.0,0.0,0.0,0.0,0.0,0.0,0.0,0.0,0.0,23.532135200500356,0.0,0.0,0.0,0.0,0.0,0.0,0.0,0.0,0.0,0.0,0.0,0.0,0.0,0.0,0.0
0.0,0.0,0.0,0.0351482480764366,2.621918860822741,0.0,0.0,0.0,0.0,0.0,1.6995386079883332,0.0,0.0,0.3341050259767544,0.0,0.0,0.0,0.0,0.0,0.0,0.0,33.13450946807821,0.0,0.0,0.0,2.8188367443158517,0.0,0.0,0.0,0.3184158042072995,0.0,1.4022370129823158,0.0,0.0,0.0,0.0,0.0
0.0,0.0,0.0,0.0820681843906636,4.264278437942111,0.2428084448911022,4.215978735312752,0.0,0.0,0.0,2.161709327343828,0.0,0.0,31.71005459967992,0.0320560321211804,0.0,0.0,0.0,0.0,0.0,0.0,40.08413753509519,0.0,0.0,0.0,0.0,0.0,0.0,56.69612631946785,0.3326410986483004,0.0,3.1845675259828026,0.4942791415378397,0.0,0.0,0.0,0.0
0.0,0.0,0.0,0.123312024399638,7.33659982681259,1.2990548084489582,19.65183516554528,0.0,0.0,0.0,10.153230878105266,0.0,0.0,83.09146586805578,0.161417883262036,0.0,0.0,0.0,0.0,0.0,0.0,60.740100526809634,0.0,0.0,0.0,4.858193966746248,0.5078842071816323,0.0,423.16365320086464,0.4214781649410656,0.0,6.127712011337245,0.4940788494422883,0.0,0.0,0.0,0.0
0.0,0.0,0.0,0.5348304212093352,16.554401531815355,13.399442487396284,101.62636367529625,0.0,0.0,0.0,94.86828311346456,0.0,0.0,225.65203305333853,0.4570062316954102,0.0,0.0,0.0,0.0,0.0,0.0,172.7883136749267,0.0,0.0,0.0,49.16685265600679,1.161696143075818,0.0,1179.9828410029409,0.4963886767625659,0.0,25.637343131005743,0.8479016581550046,0.0,0.0,0.0,0.0
0.0,0.0,0.0,2.295008204877374,32.145493995398176,72.96004027128218,510.66995189189913,0.0,0.0,0.0,391.2293193548916,0.0,0.0,469.7822807729244,1.5657731205224987,0.0225474685430513,0.0,0.0,0.0,0.0,0.0,389.4971549987792,0.0,0.0,0.0,168.2791293263435,2.102063759788868,0.0,2174.707631242275,0.5600320056080453,0.0,91.8704509139061,1.079930773004866,0.0,0.0,0.0,0.0
0.0,0.0,0.0,3.792347870767116,29.921926129609204,200.8422800004482,862.4903126060963,0.0,0.0,0.0,1064.4871020078656,0.0,0.0,760.168565288186,2.9631883934140206,0.0222473675385117,0.7194304347037133,0.0,0.0,0.0,0.0,685.3249877929686,0.0,0.0,0.0,411.8525516033173,3.140612003952259,0.0,2456.269407045841,0.5324454195797178,0.0,282.22524785995483,0.8612489160150192,0.0,0.0,0.0,0.0
0.0,0.0,0.0,8.030451506376266,25.64478704333294,242.18420922756195,1040.1593413591386,0.0,0.0,0.0,1501.2387199878692,0.0,0.0,881.4491108059883,7.3810152858495695,0.4030988849699487,135.5116078019141,0.0,0.0,0.0,0.0,731.6440040588378,0.0,0.0,0.0,536.1177482128144,4.600292062759398,0.0,2551.043309700489,38.07301795110106,0.0,340.2838605642319,6.438506748527268,0.0,0.0,0.0,0.0
0.0,0.0,0.0,13.669830828905102,19.55299392342548,266.4229628443718,1108.0401275515555,0.0,0.0,0.0,1778.4709012448789,0.0,0.0,0.0,11.325062611699105,0.5446700900793073,260.55363050699225,0.0,0.0,0.0,0.0,839.2874099731446,0.0,0.0,0.0,588.6165884494782,5.895436780154702,0.0,2540.657985007763,132.73567473888397,0.0,358.2457778453827,0.0,0.0,0.0,0.0,0.0
0.0,0.0,0.0,17.555506169795986,0.0,272.13767409324646,0.0,0.0,0.0,0.0,1851.5693804740904,0.0,0.0,0.0,13.272122016549108,0.0,352.8510579705238,0.0,0.0,0.0,0.0,891.7008674621582,0.0,0.0,0.0,0.0,0.0,0.0,2440.381182897091,194.27399975061417,0.0,348.8261079788208,0.0,0.0,0.0,0.0,0.0
0.0,0.0,0.0,0.0,0.0,0.0,0.0,0.0,0.0,0.0,0.0,0.0,0.0,0.0,0.0,0.0,394.4955941915511,0.0,0.0,0.0,0.0,0.0,0.0,0.0,0.0,0.0,0.0,0.0,0.0,0.0,0.0,0.0,0.0,0.0,0.0,0.0,0.0
0.0,0.0,0.0,0.0,0.0,0.0,0.0,0.0,0.0,0.0,0.0,0.0,0.0,0.0,0.0,0.0,0.0,0.0,0.0,0.0,0.0,0.0,0.0,0.0,0.0,0.0,0.0,0.0,0.0,0.0,0.0,0.0,0.0,0.0,0.0,0.0,0.0
0.0,0.0,0.0,0.0,0.0,0.0,0.0,0.0,0.0,0.0,0.0,0.0,0.0,0.0,0.0,0.0,0.0,0.0,0.0,0.0,0.0,0.0,0.0,0.0,0.0,0.0,0.0,0.0,0.0,0.0,0.0,0.0,0.0,0.0,0.0,0.0,0.0
0.0,0.0,0.0,0.0,0.0,0.0,0.0,0.0,0.0,0.0,0.0,0.0,0.0,0.0,0.0,0.0,0.0,0.0,0.0,0.0,0.0,0.0,0.0,0.0,0.0,0.0,0.0,0.0,0.0,0.0,0.0,0.0,0.0,0.0,0.0,0.0,0.0
0.0,0.0,0.0,0.0,0.0,0.0,0.0,0.0,0.0,0.0,0.0,0.0,0.0,0.0,0.0,0.0,0.0,0.0,0.0,0.0,0.0,0.0,0.0,0.0,0.0,0.0,0.0,0.0,0.0,0.0,0.0,0.0,0.0,0.0,0.0,0.0,0.0
0.0,0.0,0.0,0.0,0.0,0.0,0.0,0.0,0.0,0.0,0.0,0.0,0.0,0.0,0.0,0.0,0.0,0.0,0.0,0.0,0.0,0.0,0.0,0.0,0.0,0.0,0.0,0.0,0.0,0.0,0.0,0.0,0.0,0.0,0.0,0.0,0.0
0.0,0.0,0.0,0.0,0.0,0.0,0.0,0.0,0.0,0.0,0.0,0.0,0.0,0.0,0.0,0.0,0.0,0.0,0.0,0.0,0.0,0.0,0.0,0.0,0.0,0.0,0.0,0.0,0.0,0.0,0.0,0.0,0.0,0.0,0.0,0.0,0.0
0.0,0.0,0.0,0.0,0.0,0.0,0.0,0.0,0.0,0.0,0.0,0.0,0.0,0.0,0.0,0.0,0.0,0.0,0.0,0.0,0.0,0.0,0.0,0.0,0.0,0.0,0.0,0.0,0.0,0.0,0.0,0.0,0.0,0.0,0.0,0.0,0.0
0.0,0.0,0.0,0.0,0.0,0.0,0.0,0.0,0.0,0.0,0.0,0.0,0.0,0.0,0.0,0.0,0.0,0.0,0.0,0.0,0.0,0.0,0.0,0.0,0.0,0.0,0.0,0.0,0.0,0.0,0.0,0.0,0.0,0.0,0.0,0.0,0.0
0.0,0.0,0.0,0.0,0.0,0.0,0.0,0.0,0.0,0.0,0.0,0.0,0.0,0.0,0.0,0.0,0.0,0.0,0.0,0.0,0.0,0.0,0.0,0.0,0.0,0.0,0.0,0.0,0.0,0.0,0.0,0.0,0.0,0.0,0.0,0.0,0.0
0.0,0.0,0.0,0.0,0.0,0.0,0.0,0.0,0.0,0.0,0.0,0.0,0.0,0.0,0.0,0.0,0.0,0.0,0.0,0.0,0.0,0.0,0.0,0.0,0.0,0.0,0.0,0.0,0.0,0.0,0.0,0.0,0.0,0.0,0.0,0.0,0.0
0.0,0.0,0.0,0.0,0.0,0.0,0.0,0.0,0.0,0.0,0.0,0.0,0.0,0.0,0.0,0.0,0.0,0.0,0.0,0.0,0.0,0.0,0.0,0.0,0.0,0.0,0.0,0.0,0.0,0.0,0.0,0.0,0.0,0.0,0.0,0.0,0.0
0.0,0.0,0.0,0.0,0.0,0.0,0.0,0.0,0.0,0.0,0.0,0.0,0.0,0.0,0.0,0.0,0.0,0.0,0.0,0.0,0.0,0.0,0.0,0.0,0.0,0.0,0.0,0.0,0.0,0.0,0.0,0.0,0.0,0.0,0.0,0.0,0.0
0.0,0.0,0.0,0.0,0.0,0.0,0.0,0.0,0.0,0.0,0.0,0.0,0.0,0.0,0.0,0.0,0.0,0.0,0.0,0.0,0.0,0.0,0.0,0.0,0.0,0.0,0.0,0.0,0.0,0.0,0.0,0.0,0.0,0.0,0.0,0.0,0.0
0.0,0.0,0.0,0.0313208773732169,2.779283456504234,0.0,8.520106152444985,0.0,0.0,0.0,1.7225492443888797,0.0,0.0,0.0,0.0,0.0,0.0,0.0,0.0,0.0,0.0,4.198101997375381,0.0,0.0,0.0,3.8738254871218647,0.0,0.0,0.0,0.0,0.0,0.0,0.0,0.0,0.0,0.0,0.0
0.0,0.0,0.0,0.033683910965914,4.196753136813484,0.0459136483259415,7.1496933434158,0.0,0.0,0.0,1.752096054283728,0.0,0.0,1.148560713045148,0.0,0.0,0.0,0.0,0.0,0.0,0.0,13.923887443542473,0.0,0.0,0.0,2.5254004966467307,0.0,0.0,0.0,0.3693714708089649,0.0,2.0788862407207414,0.0,0.0,0.0,0.0,0.0
0.0,0.0,0.0,0.1005408894270632,10.863079857081162,0.5125272702425415,11.057803344353962,0.0,0.0,0.0,5.048581092711522,0.0,0.0,28.49755858071144,0.0119481146335582,0.0,0.0,0.0,0.0,0.0,0.0,0.0,0.0,0.0,0.0,3.43001948911693,0.2704086884856145,0.0,24.95718136876804,0.3834210358559735,0.0,3.8211320787668175,0.0,0.0,0.0,0.0,0.0
0.0,0.0,0.0,0.1358312405645842,19.772858589887424,1.3179886317811522,29.66229492630806,0.0,0.0,0.0,15.685944402636936,0.0,0.0,91.07929257675998,0.1327663891017406,0.0,0.0,0.0,0.0,0.0,0.0,15.39301519393903,0.0,0.0,0.0,7.316597332060303,1.3203437380492606,0.0,176.7952143877743,0.4582583270966666,0.0,14.413470432162262,0.5940532572567174,0.0,0.0,0.0,0.0
0.0,0.0,0.0,0.7300570458173734,26.83617653697721,12.075660850852692,68.64891389645635,0.0,0.0,0.0,99.82137398533506,0.0,0.0,264.43373173475254,0.5452073927968708,0.0111233023926609,0.0,0.0,0.0,0.0,0.0,121.76913938522318,0.0,0.0,0.0,35.23384835720056,2.9795794226229178,0.0,762.6381364047526,0.5187326692044459,0.0,60.84972068667411,1.0597424758598195,0.0,0.0,0.0,0.0
0.0,0.0,0.0,2.7479801028966864,29.570808358490357,65.3718668743968,153.999419055879,0.0,0.0,0.0,399.9808117255568,0.0,0.0,580.3029532730578,1.926154650002715,0.0287939570844172,0.0,0.0,0.0,0.0,0.0,304.3096267700195,0.0,0.0,0.0,101.17328174710272,4.746213206648817,0.0,1510.1813131690026,0.5617190077900803,0.0,205.81546998023984,1.3401860650628672,0.0,0.0,0.0,0.0
0.0,0.0,0.0,4.73915337026119,28.828741461038383,190.61854101717472,320.2969958603382,0.0,0.0,0.0,1080.801187622547,0.0,0.0,893.7984210252762,3.700158344954252,0.0249913539737458,1.5089714765548008,0.0,0.0,0.0,0.0,530.5130146026609,0.0,0.0,0.0,209.71315832138055,6.694788946211337,0.0,1915.7073976278305,0.5588077574968029,0.0,334.00461888313293,1.1291499631479236,0.0,0.0,0.0,0.0
0.0,0.0,0.0,9.201237529516217,23.783394426107296,231.1499169766903,410.6952483594417,0.0,0.0,0.0,1495.6875856637955,0.0,0.0,1003.2684215903282,8.577109220623969,0.3788578622043124,176.65139667987813,0.0,0.0,0.0,0.0,631.3592315673828,0.0,0.0,0.0,353.2951300144196,8.416979198157783,0.0,2046.889156651497,52.61703572273255,0.0,359.9113124608993,8.906833402812463,0.0,0.0,0.0,0.0
0.0,0.0,0.0,14.76414796710014,18.70354869216662,255.0036268532276,449.7291347652673,0.0,0.0,0.0,1747.7835656285283,0.0,0.0,1057.6599960029123,12.719349637627602,0.6448086388409133,362.36262819767,0.0,0.0,0.0,0.0,726.1780601501462,0.0,0.0,0.0,430.7374899148941,9.681238168478009,0.0,2060.2155291438103,167.29133707284925,0.0,361.2956039905548,20.905895151197896,0.0,0.0,0.0,0.0
0.0,0.0,0.0,18.30985689163208,14.6453657895325,261.36661571264267,427.93381219804286,0.0,0.0,0.0,1817.9058980107309,0.0,0.0,0.0,14.738727459311484,0.9060675874352452,352.8510579705238,0.0,0.0,0.0,0.0,705.5572914123533,0.0,0.0,0.0,443.2289937019348,0.0,0.0,1991.0546451807024,0.0,0.0,349.0217366218567,0.0,0.0,0.0,0.0,0.0
0.0,0.0,0.0,17.824781596660614,11.279029011726337,248.19701799750328,347.1757026314735,0.0,0.0,0.0,1738.1275321125984,0.0,0.0,0.0,14.630879563093185,0.0,0.0,0.0,0.0,0.0,0.0,500.5356754302978,0.0,0.0,0.0,400.0924758911132,10.274085891246791,0.0,1885.9637485384944,0.0,0.0,328.79096484184265,0.0,0.0,0.0,0.0,0.0
0.0,0.0,0.0,0.0,0.0,0.0,0.0,0.0,0.0,0.0,0.0,0.0,0.0,0.0,0.0,0.0,0.0,0.0,0.0,0.0,0.0,0.0,0.0,0.0,0.0,0.0,0.0,0.0,0.0,0.0,0.0,0.0,0.0,0.0,0.0,0.0,0.0
0.0,0.0,0.0,0.0,0.0,0.0,0.0,0.0,0.0,0.0,0.0,0.0,0.0,0.0,0.0,0.0,0.0,0.0,0.0,0.0,0.0,0.0,0.0,0.0,0.0,0.0,0.0,0.0,0.0,0.0,0.0,0.0,0.0,0.0,0.0,0.0,0.0
0.0,0.0,0.0,0.0,0.0,0.0,0.0,0.0,0.0,0.0,0.0,0.0,0.0,0.0,0.0,0.0,0.0,0.0,0.0,0.0,0.0,0.0,0.0,0.0,0.0,0.0,0.0,0.0,0.0,0.0,0.0,0.0,0.0,0.0,0.0,0.0,0.0
0.0,0.0,0.0,0.0,0.0,0.0,0.0,0.0,0.0,0.0,0.0,0.0,0.0,0.0,0.0,0.0,0.0,0.0,0.0,0.0,0.0,0.0,0.0,0.0,0.0,0.0,0.0,0.0,0.0,0.0,0.0,0.0,0.0,0.0,0.0,0.0,0.0
0.0,0.0,0.0,0.0,0.0,0.0,0.0,0.0,0.0,0.0,0.0,0.0,0.0,0.0,0.0,0.0,0.0,0.0,0.0,0.0,0.0,0.0,0.0,0.0,0.0,0.0,0.0,0.0,0.0,0.0,0.0,0.0,0.0,0.0,0.0,0.0,0.0
0.0,0.0,0.0,0.0,0.0,0.0,0.0,0.0,0.0,0.0,0.0,0.0,0.0,0.0,0.0,0.0,0.0,0.0,0.0,0.0,0.0,0.0,0.0,0.0,0.0,0.0,0.0,0.0,0.0,0.0,0.0,0.0,0.0,0.0,0.0,0.0,0.0
0.0,0.0,0.0,0.0,0.0,0.0,0.0,0.0,0.0,0.0,0.0,0.0,0.0,0.0,0.0,0.0,0.0,0.0,0.0,0.0,0.0,0.0,0.0,0.0,0.0,0.0,0.0,0.0,0.0,0.0,0.0,0.0,0.0,0.0,0.0,0.0,0.0
0.0,0.0,0.0,0.0,0.0,0.0,0.0,0.0,0.0,0.0,0.0,0.0,0.0,0.0,0.0,0.0,0.0,0.0,0.0,0.0,0.0,0.0,0.0,0.0,0.0,0.0,0.0,0.0,0.0,0.0,0.0,0.0,0.0,0.0,0.0,0.0,0.0
0.0,0.0,0.0,0.0,0.0,0.0,0.0,0.0,0.0,0.0,0.0,0.0,0.0,0.0,0.0,0.0,0.0,0.0,0.0,0.0,0.0,0.0,0.0,0.0,0.0,0.0,0.0,0.0,0.0,0.0,0.0,0.0,0.0,0.0,0.0,0.0,0.0
0.0,0.0,0.0,0.0,0.0,0.0,0.0,0.0,0.0,0.0,0.0,0.0,0.0,0.0,0.0,0.0,0.0,0.0,0.0,0.0,0.0,0.0,0.0,0.0,0.0,0.0,0.0,0.0,0.0,0.0,0.0,0.0,0.0,0.0,0.0,0.0,0.0
0.0,0.0,0.0,0.0,0.0,0.0,0.0,0.0,0.0,0.0,0.0,0.0,0.0,0.0,0.0,0.0,0.0,0.0,0.0,0.0,0.0,0.0,0.0,0.0,0.0,0.0,0.0,0.0,0.0,0.0,0.0,0.0,0.0,0.0,0.0,0.0,0.0
0.0,0.0,0.0,0.0,0.0,0.0,0.0,0.0,0.0,0.0,0.0,0.0,0.0,0.0,0.0,0.0,0.0,0.0,0.0,0.0,0.0,0.0,0.0,0.0,0.0,0.0,0.0,0.0,0.0,0.0,0.0,0.0,0.0,0.0,0.0,0.0,0.0
0.0,0.0,0.0,0.0,0.0,0.0,0.0,0.0,0.0,0.0,0.0,0.0,0.0,0.0,0.0,0.0,0.0,0.0,0.0,0.0,0.0,0.0,0.0,0.0,0.0,0.0,0.0,0.0,0.0,0.0,0.0,0.0,0.0,0.0,0.0,0.0,0.0
0.0,0.0,0.0,0.0311485752463296,1.4746725670991532,0.1939677302725551,0.2629614122211574,0.0,0.0,0.0,1.6403263220561353,0.0,0.0,1.138992337509936,0.0,0.0,0.0,0.0,0.0,0.0,0.0,0.0,0.0,0.0,0.0,0.0,0.0,0.0,0.0,0.0,0.0,1.6582146883010702,0.0,0.0,0.0,0.0,0.0
0.0,0.0,0.0,0.0365263763815112,2.3120296560225784,0.0526913516223089,0.6540772721170439,0.0,0.0,0.0,1.607012921664714,0.0,0.0,0.5461456906049235,0.0,0.0,0.0,0.0,0.0,0.0,0.0,0.0,0.0,0.0,0.0,0.0,0.0,0.0,0.0,0.0,0.0,1.857341825962032,0.0,0.0,0.0,0.0,0.0
0.0,0.0,0.0,0.1855282206088282,4.337739422917336,0.6942062289453841,8.935656128823654,0.0,0.0,0.0,2.211443155165681,0.0,0.0,19.726813698653054,0.0,0.0,0.0,0.0,0.0,0.0,0.0,0.0,0.0,0.0,0.0,0.0,0.0922861132770739,0.0,57.24459803998461,0.3424731582402801,0.0,3.2525908201932685,0.6266760369762623,0.0,0.0,0.0,0.0
0.0,0.0,0.0,0.2017553392797662,7.345375258475467,2.131506806705112,35.578734038956455,0.0,0.0,0.0,2.8479407945646438,0.0,0.0,58.9856750052422,0.0778784953057757,0.0,0.0,0.0,0.0,0.0,0.0,10.84745216369607,0.0,0.0,0.0,0.0,1.0034198589622902,0.0,303.22221663594223,0.4518383465707185,0.0,6.647023171186391,0.941434246487896,0.0,0.0,0.0,0.0
0.0,0.0,0.0,0.2623116839677088,15.4857518114148,14.428175508975974,147.88188013806928,0.0,0.0,0.0,37.4692751675844,0.0,0.0,170.40226953104127,0.2513552449643598,0.0,0.0,0.0,0.0,0.0,0.0,123.78434886932372,0.0,0.0,0.0,0.0,2.25516473874449,0.0,913.5281987011432,0.5292588599026148,0.0,28.11098515242338,1.2509952308609926,0.0,0.0,0.0,0.0
0.0,0.0,0.0,0.456361844204364,23.94145270064455,72.34297361224888,443.6313040703535,0.0,0.0,0.0,155.77241766378262,0.0,0.0,409.81991447508335,0.4075930316001165,0.0302239013835785,0.3701643943784982,0.0,0.0,0.0,0.0,294.14984817504865,0.0,0.0,0.0,2.1128290537744245,3.021849231421939,0.0,1512.1577199101448,0.5462226040660955,0.0,78.82407107949254,1.303310762159502,0.0,0.0,0.0,0.0
0.0,0.0,0.0,0.7775104604661419,24.23516460508097,193.46364113688463,768.049596464634,0.0,0.0,0.0,533.8007220268248,0.0,0.0,723.374562188983,0.4932263731956467,0.0096600027754893,3.0335707545279837,0.0,0.0,0.0,0.0,490.7112628936765,0.0,0.0,0.0,0.0,4.1468512646853855,0.0,1869.411067187786,0.5466531410813156,0.0,220.59232187271115,0.9334574909880738,0.0,0.0,0.0,0.0
0.0,0.0,0.0,3.837207630276676,88.26598361134525,233.22331950068477,943.4676039040088,0.0,0.0,0.0,888.9888284742831,0.0,0.0,845.3021723031998,2.8478397130966178,0.5417184047400945,185.8273675322532,0.0,0.0,0.0,0.0,534.517817687988,0.0,0.0,0.0,0.0089004255831241,4.908875897526733,0.0,1990.953013074398,53.78314669281244,0.0,294.17698460817337,8.215416902676221,0.0,0.0,0.0,0.0
0.0,0.0,0.0,7.490209966897964,146.38200402259818,254.505768597126,1058.8174865663052,0.0,0.0,0.0,1192.3413941025733,0.0,0.0,920.86560562253,4.89582836329937,0.870193101465701,390.5388187289236,0.0,0.0,0.0,0.0,609.5526290893554,0.0,0.0,0.0,0.0,5.138729391992085,0.0,2054.5236599445343,172.18319821953773,0.0,328.58295691013336,23.22865256667135,0.0,0.0,0.0,0.0
0.0,0.0,0.0,10.537610977888104,214.96898064017284,259.12328615784645,1094.4316393077374,0.0,0.0,0.0,1300.6388278663158,0.0,0.0,959.7243520617484,6.031606391072273,0.9060675874352452,352.8510579705238,0.0,0.0,0.0,0.0,493.25961036682105,0.0,0.0,0.0,0.0,4.435043731331816,0.0,2076.8778537869453,0.0,0.0,327.08743119239807,0.0,0.0,0.0,0.0,0.0
0.0,0.0,0.0,11.454010695219036,264.8559203147887,243.88451746106148,1078.153168517351,0.0,0.0,0.0,1252.4765127182006,0.0,0.0,0.0,5.606248489022254,0.0,0.0,0.0,0.0,0.0,0.0,0.0,0.0,0.0,0.0,8.53700962364673,2.779053267091512,0.0,2070.088137924671,0.0,0.0,312.04727721214294,0.0,0.0,0.0,0.0,0.0
0.0,0.0,0.0,0.0,0.0,205.35378278791904,0.0,0.0,0.0,0.0,0.0,0.0,0.0,0.0,0.0,0.0,0.0,0.0,0.0,0.0,0.0,0.0,0.0,0.0,0.0,0.0,0.0,0.0,0.0,0.0,0.0,0.0,0.0,0.0,0.0,0.0,0.0
0.0,0.0,0.0,0.0,0.0,0.0,0.0,0.0,0.0,0.0,0.0,0.0,0.0,0.0,0.0,0.0,0.0,0.0,0.0,0.0,0.0,0.0,0.0,0.0,0.0,0.0,0.0,0.0,0.0,0.0,0.0,0.0,0.0,0.0,0.0,0.0,0.0
0.0,0.0,0.0,0.0,0.0,0.0,0.0,0.0,0.0,0.0,0.0,0.0,0.0,0.0,0.0,0.0,0.0,0.0,0.0,0.0,0.0,0.0,0.0,0.0,0.0,0.0,0.0,0.0,0.0,0.0,0.0,0.0,0.0,0.0,0.0,0.0,0.0
0.0,0.0,0.0,0.0,0.0,0.0,0.0,0.0,0.0,0.0,0.0,0.0,0.0,0.0,0.0,0.0,0.0,0.0,0.0,0.0,0.0,0.0,0.0,0.0,0.0,0.0,0.0,0.0,0.0,0.0,0.0,0.0,0.0,0.0,0.0,0.0,0.0
0.0,0.0,0.0,0.0,0.0,0.0,0.0,0.0,0.0,0.0,0.0,0.0,0.0,0.0,0.0,0.0,0.0,0.0,0.0,0.0,0.0,0.0,0.0,0.0,0.0,0.0,0.0,0.0,0.0,0.0,0.0,0.0,0.0,0.0,0.0,0.0,0.0
0.0,0.0,0.0,0.0,0.0,0.0,0.0,0.0,0.0,0.0,0.0,0.0,0.0,0.0,0.0,0.0,0.0,0.0,0.0,0.0,0.0,0.0,0.0,0.0,0.0,0.0,0.0,0.0,0.0,0.0,0.0,0.0,0.0,0.0,0.0,0.0,0.0
0.0,0.0,0.0,0.0,0.0,0.0,0.0,0.0,0.0,0.0,0.0,0.0,0.0,0.0,0.0,0.0,0.0,0.0,0.0,0.0,0.0,0.0,0.0,0.0,0.0,0.0,0.0,0.0,0.0,0.0,0.0,0.0,0.0,0.0,0.0,0.0,0.0
0.0,0.0,0.0,0.0,0.0,0.0,0.0,0.0,0.0,0.0,0.0,0.0,0.0,0.0,0.0,0.0,0.0,0.0,0.0,0.0,0.0,0.0,0.0,0.0,0.0,0.0,0.0,0.0,0.0,0.0,0.0,0.0,0.0,0.0,0.0,0.0,0.0
0.0,0.0,0.0,0.0,0.0,0.0,0.0,0.0,0.0,0.0,0.0,0.0,0.0,0.0,0.0,0.0,0.0,0.0,0.0,0.0,0.0,0.0,0.0,0.0,0.0,0.0,0.0,0.0,0.0,0.0,0.0,0.0,0.0,0.0,0.0,0.0,0.0
0.0,0.0,0.0,0.0,0.0,0.0,0.0,0.0,0.0,0.0,0.0,0.0,0.0,0.0,0.0,0.0,0.0,0.0,0.0,0.0,0.0,0.0,0.0,0.0,0.0,0.0,0.0,0.0,0.0,0.0,0.0,0.0,0.0,0.0,0.0,0.0,0.0
0.0,0.0,0.0,0.0,0.0,0.0,0.0,0.0,0.0,0.0,0.0,0.0,0.0,0.0,0.0,0.0,0.0,0.0,0.0,0.0,0.0,0.0,0.0,0.0,0.0,0.0,0.0,0.0,0.0,0.0,0.0,0.0,0.0,0.0,0.0,0.0,0.0
0.0,0.0,0.0,0.0,0.0,0.0,0.0,0.0,0.0,0.0,0.0,0.0,0.0,0.0,0.0,0.0,0.0,0.0,0.0,0.0,0.0,0.0,0.0,0.0,0.0,0.0,0.0,0.0,0.0,0.0,0.0,0.0,0.0,0.0,0.0,0.0,0.0
0.0,0.0,0.0,0.0,0.0,0.0,0.0,0.0,0.0,0.0,0.0,0.0,0.0,0.0,0.0,0.0,0.0,0.0,0.0,0.0,0.0,0.0,0.0,0.0,0.0,0.0,0.0,0.0,0.0,0.0,0.0,0.0,0.0,0.0,0.0,0.0,0.0
0.0,0.0,0.0,0.0,0.0,0.2272782353683918,0.0,0.0,0.0,0.0,0.0,0.0,0.0,0.2091784030198135,0.0,0.0124292690306889,0.0,0.0,0.0,0.0,0.0,0.0,0.0,0.0,0.0,0.0,0.0,0.0,0.0,0.0,0.0,0.0,0.0,0.0,0.0,0.0,0.0
0.0,0.0,0.0,0.0249436199665012,0.0,0.0551668205298204,0.0,0.0,0.0,0.0,1.5941058596594235,0.0,0.0,0.020257756114006,0.0457819283008549,0.0,0.0,0.0,0.0,0.0,0.0,0.0,0.0,0.0,0.0,0.0,0.0,0.0,0.0,0.3375995963811812,0.0,0.0,0.0,0.0,0.0,0.0,0.0
0.0,0.0,0.0,0.0470305699855068,0.0,0.3427437026984805,0.0,0.0,0.0,0.0,2.097502468246827,0.0,0.0,17.373489802703233,0.084950917214154,0.0,0.0,0.0,0.0,0.0,0.0,0.0,0.0,0.0,0.0,0.0,0.0,0.0,141.3330706864594,0.3585641130804636,0.0,3.3129577934741765,0.0,0.0,0.0,0.0,0.0
0.0,0.0,0.0,0.0984154641628251,0.0,1.4105864716693377,0.0,0.0,0.0,0.0,2.337945500854333,0.0,0.0,61.27198470756405,0.30576038137078,0.0,0.0,0.0,0.0,0.0,0.0,279.5764648437496,0.0,0.0,0.0,0.0,1.923710532858967,0.0,1015.682131677866,0.4975250601768319,0.0,5.729610234498922,0.0,0.0,0.0,0.0,0.0
0.0,0.0,0.0,0.9750927276909344,0.0,11.607245413586488,0.0,0.0,0.0,0.0,45.96113449521345,0.0,0.0,190.3161673061549,1.865562975034117,0.0,0.0,0.0,0.0,0.0,0.0,802.9251464843747,0.0,0.0,0.0,0.0,5.5436857715249,0.0,2033.2412371397015,0.6185323208570286,0.0,21.410773649811688,0.0,0.0,0.0,0.0,0.0
0.0,0.0,0.0,4.050273299217224,0.0,61.09737703204155,0.0,0.0,0.0,0.0,218.04340817332255,0.0,0.0,485.7579569518566,4.734661142528057,0.0,0.0,0.0,0.0,0.0,0.0,294.14984817504865,0.0,0.0,0.0,0.0,13.156192737817758,0.0,2545.8936878442764,0.6684716857969378,0.0,68.00245574116703,0.0,0.0,0.0,0.0,0.0
0.0,0.0,0.0,8.862547904253006,0.0,180.225473806262,0.0,0.0,0.0,0.0,723.7064214110374,0.0,0.0,833.0374439060688,9.348969769477842,0.0,0.0,0.0,0.0,0.0,0.0,490.7112628936765,0.0,0.0,0.0,0.0,26.185356920957567,0.0,2635.4,0.6445754170417408,0.0,184.8515393137932,0.0,0.0,0.0,0.0,0.0
0.0,0.0,0.0,18.91952186822891,0.0,225.35823956131932,0.0,0.0,0.0,0.0,1136.9482423394916,0.0,0.0,961.6730116307735,16.704268679022785,0.0,0.0,0.0,0.0,0.0,0.0,534.517817687988,0.0,0.0,0.0,0.0,4.908875897526733,0.0,2635.4,66.93338142037392,0.0,251.58024698495865,8.215416902676221,0.0,0.0,0.0,0.0
0.0,0.0,0.0,7.490209966897964,0.0,250.3080519735813,0.0,0.0,0.0,0.0,1436.6252089738846,0.0,0.0,1022.349406927824,4.89582836329937,0.0,0.0,0.0,0.0,0.0,0.0,0.0,0.0,0.0,0.0,0.0,0.0,0.0,2635.4,190.53909407258035,0.0,283.692229449749,0.0,0.0,0.0,0.0,0.0
0.0,0.0,0.0,0.0,0.0,254.97240924835205,0.0,0.0,0.0,0.0,1521.3343904137612,0.0,0.0,1046.324484050274,0.0,0.0,0.0,0.0,0.0,0.0,0.0,0.0,0.0,0.0,0.0,0.0,0.0,0.0,0.0,0.0,0.0,276.6731907129287,0.0,0.0,0.0,0.0,0.0
0.0,0.0,0.0,0.0,0.0,238.97619447112083,0.0,0.0,0.0,0.0,0.0,0.0,0.0,0.0,0.0,0.0,0.0,0.0,0.0,0.0,0.0,0.0,0.0,0.0,0.0,0.0,0.0,0.0,0.0,0.0,0.0,0.0,0.0,0.0,0.0,0.0,0.0
0.0,0.0,0.0,0.0,0.0,0.0,0.0,0.0,0.0,0.0,0.0,0.0,0.0,0.0,0.0,0.0,0.0,0.0,0.0,0.0,0.0,0.0,0.0,0.0,0.0,0.0,0.0,0.0,0.0,0.0,0.0,0.0,0.0,0.0,0.0,0.0,0.0
0.0,0.0,0.0,0.0,0.0,0.0,0.0,0.0,0.0,0.0,0.0,0.0,0.0,0.0,0.0,0.0,0.0,0.0,0.0,0.0,0.0,0.0,0.0,0.0,0.0,0.0,0.0,0.0,0.0,0.0,0.0,0.0,0.0,0.0,0.0,0.0,0.0
0.0,0.0,0.0,0.0,0.0,0.0,0.0,0.0,0.0,0.0,0.0,0.0,0.0,0.0,0.0,0.0,0.0,0.0,0.0,0.0,0.0,0.0,0.0,0.0,0.0,0.0,0.0,0.0,0.0,0.0,0.0,0.0,0.0,0.0,0.0,0.0,0.0
0.0,0.0,0.0,0.0,0.0,0.0,0.0,0.0,0.0,0.0,0.0,0.0,0.0,0.0,0.0,0.0,0.0,0.0,0.0,0.0,0.0,0.0,0.0,0.0,0.0,0.0,0.0,0.0,0.0,0.0,0.0,0.0,0.0,0.0,0.0,0.0,0.0
0.0,0.0,0.0,0.0,0.0,0.0,0.0,0.0,0.0,0.0,0.0,0.0,0.0,0.0,0.0,0.0,0.0,0.0,0.0,0.0,0.0,0.0,0.0,0.0,0.0,0.0,0.0,0.0,0.0,0.0,0.0,0.0,0.0,0.0,0.0,0.0,0.0
0.0,0.0,0.0,0.0,0.0,0.0,0.0,0.0,0.0,0.0,0.0,0.0,0.0,0.0,0.0,0.0,0.0,0.0,0.0,0.0,0.0,0.0,0.0,0.0,0.0,0.0,0.0,0.0,0.0,0.0,0.0,0.0,0.0,0.0,0.0,0.0,0.0
0.0,0.0,0.0,0.0,0.0,0.0,0.0,0.0,0.0,0.0,0.0,0.0,0.0,0.0,0.0,0.0,0.0,0.0,0.0,0.0,0.0,0.0,0.0,0.0,0.0,0.0,0.0,0.0,0.0,0.0,0.0,0.0,0.0,0.0,0.0,0.0,0.0
0.0,0.0,0.0,0.0,0.0,0.0,0.0,0.0,0.0,0.0,0.0,0.0,0.0,0.0,0.0,0.0,0.0,0.0,0.0,0.0,0.0,0.0,0.0,0.0,0.0,0.0,0.0,0.0,0.0,0.0,0.0,0.0,0.0,0.0,0.0,0.0,0.0
0.0,0.0,0.0,0.0,0.0,0.0,0.0,0.0,0.0,0.0,0.0,0.0,0.0,0.0,0.0,0.0,0.0,0.0,0.0,0.0,0.0,0.0,0.0,0.0,0.0,0.0,0.0,0.0,0.0,0.0,0.0,0.0,0.0,0.0,0.0,0.0,0.0
0.0,0.0,0.0,0.0,0.0,0.0,0.0,0.0,0.0,0.0,0.0,0.0,0.0,0.0,0.0,0.0,0.0,0.0,0.0,0.0,0.0,0.0,0.0,0.0,0.0,0.0,0.0,0.0,0.0,0.0,0.0,0.0,0.0,0.0,0.0,0.0,0.0
0.0,0.0,0.0,0.0,0.0,0.0,0.0,0.0,0.0,0.0,0.0,0.0,0.0,0.0,0.0,0.0,0.0,0.0,0.0,0.0,0.0,0.0,0.0,0.0,0.0,0.0,0.0,0.0,0.0,0.0,0.0,0.0,0.0,0.0,0.0,0.0,0.0
0.0,0.0,0.0,0.0,0.0,0.0,0.0,0.0,0.0,0.0,0.0,0.0,0.0,0.0,0.0,0.0,0.0,0.0,0.0,0.0,0.0,0.0,0.0,0.0,0.0,0.0,0.0,0.0,0.0,0.0,0.0,0.0,0.0,0.0,0.0,0.0,0.0
0.0,0.0,0.0,0.0,0.0,0.0,0.0,0.0,0.0,0.0,0.0,0.0,0.0,0.0,0.0,0.0,0.0,0.0,0.0,0.0,0.0,0.0,0.0,0.0,0.0,0.0,0.0,0.0,0.0,0.0,0.0,0.0,0.0,0.0,0.0,0.0,0.0
0.0,0.0,0.0,0.0,0.0,0.0,0.0,0.0,0.0,0.0,1.764712808048268,0.0,0.0,0.0,0.0,0.0,0.0,0.0,0.0,0.0,0.0,0.0,0.0,0.0,0.0,0.0,0.0,0.0,0.0,0.0,0.0,1.8905102461576409,0.0,0.0,0.0,0.0,0.0
0.0,0.0,0.0,0.0,0.0,0.0,0.0,0.0,0.0,0.0,1.7749329295474865,0.0,0.0,0.0,0.0,0.0,0.0,0.0,0.0,0.0,0.0,0.0,0.0,0.0,0.0,0.0,0.0,0.0,0.0,0.3550173081457529,0.0,1.9473473280668088,0.0,0.0,0.0,0.0,0.0
0.0,0.0,0.0,0.0400497354567022,0.0,0.3500844473019116,7.207140716537766,0.0,0.0,0.0,2.301207734644363,0.0,0.0,27.71896651945996,0.0,0.0,0.0,0.0,0.0,0.0,0.0,0.0,0.0,0.0,0.0,0.0,0.055031744763248,0.0,81.80776846185319,0.3459584578871584,0.0,3.9765818566083344,0.8138618255033992,0.0,0.0,0.0,0.0
0.0,0.0,0.0,0.4912062250077688,26.51207873970254,1.3976465016603463,38.13982837069773,0.0,0.0,0.0,6.516929448628632,0.0,0.0,93.46122913062568,0.6959343966096635,0.0,0.0,0.0,0.0,0.0,0.0,115.37100820541356,0.0,0.0,0.0,54.86505635678766,0.7889527183026037,0.0,638.6387984454632,0.4564951755106297,0.0,15.683293908834433,1.0338742332532986,0.0,0.0,0.0,0.0
0.0,0.0,0.0,2.9396747648715964,114.86500474810585,19.339199766516675,181.8759353592991,0.0,0.0,0.0,69.37935518957653,0.0,0.0,293.51082716137165,0.0,0.0632385835051529,0.0,0.0,0.0,0.0,0.0,344.4907447814941,0.0,0.0,0.0,156.17765949964522,2.2044114828109675,0.0,1757.5912454485892,0.5529501110315201,0.0,65.55861371755597,1.3678512061014516,0.0,0.0,0.0,0.0
0.0,0.0,0.0,8.308299541473387,278.99467194080336,107.23917268961664,594.0360747337342,0.0,0.0,0.0,288.88919716775405,0.0,0.0,669.7505974024533,0.0,0.1153809605166309,0.1306606769561767,0.0,0.0,0.0,0.0,818.6163940429686,0.0,0.0,0.0,397.6622601509095,4.433358748257153,0.0,2434.0773219108582,0.6152578964829097,0.0,209.4043692946434,2.1203191382810456,0.0,0.0,0.0,0.0
0.0,0.0,0.0,17.907482922077175,553.6690489053725,236.4762844145298,1018.214966148138,0.0,0.0,0.0,862.7279433906077,0.0,0.0,978.226284235716,0.0,0.054860938340425,3.516071462631112,0.0,0.0,0.0,0.0,490.7112628936765,0.0,0.0,0.0,0.0,8.157566432654853,0.0,2635.4,0.6005610615014934,0.0,332.1714435815811,4.751159360632294,0.0,0.0,0.0,0.0
0.0,0.0,0.0,18.91952186822891,0.0,275.46095180511475,1250.7329198658467,0.0,0.0,0.0,1305.8798027992248,0.0,0.0,1073.3598025143149,0.0,0.4221713952720159,203.00152457952484,0.0,0.0,0.0,0.0,534.517817687988,0.0,0.0,0.0,0.0,14.934863212704654,0.0,0.0,59.71602291166779,0.0,361.5532726049423,18.959796026349046,0.0,0.0,0.0,0.0
0.0,0.0,0.0,0.0,0.0,298.6203427612781,1372.8517327785494,0.0,0.0,0.0,1594.58408421278,0.0,0.0,0.0,4.89582836329937,0.8502779304981221,407.1606708884239,0.0,0.0,0.0,0.0,0.0,0.0,0.0,0.0,0.0,23.38380733728409,0.0,0.0,172.82357956171035,0.0,369.29929852485657,0.0,0.0,0.0,0.0,0.0
0.0,0.0,0.0,0.0,0.0,305.9108644127846,1397.5022657215593,0.0,0.0,0.0,1707.8253528892994,0.0,0.0,1120.366992354393,0.0,0.0,0.0,0.0,0.0,0.0,0.0,0.0,0.0,0.0,0.0,0.0,0.0,0.0,0.0,0.0,0.0,364.068672299385,0.0,0.0,0.0,0.0,0.0
0.0,0.0,0.0,0.0,0.0,0.0,1372.9372295200826,0.0,0.0,0.0,1666.8748199641705,0.0,0.0,0.0,0.0,0.0,0.0,0.0,0.0,0.0,0.0,0.0,0.0,0.0,0.0,0.0,0.0,0.0,0.0,0.0,0.0,348.72219371795654,0.0,0.0,0.0,0.0,0.0
0.0,0.0,0.0,0.0,0.0,0.0,0.0,0.0,0.0,0.0,0.0,0.0,0.0,0.0,0.0,0.0,0.0,0.0,0.0,0.0,0.0,0.0,0.0,0.0,0.0,0.0,0.0,0.0,0.0,0.0,0.0,0.0,0.0,0.0,0.0,0.0,0.0
0.0,0.0,0.0,0.0,0.0,0.0,0.0,0.0,0.0,0.0,0.0,0.0,0.0,0.0,0.0,0.0,0.0,0.0,0.0,0.0,0.0,0.0,0.0,0.0,0.0,0.0,0.0,0.0,0.0,0.0,0.0,0.0,0.0,0.0,0.0,0.0,0.0
0.0,0.0,0.0,0.0,0.0,0.0,0.0,0.0,0.0,0.0,0.0,0.0,0.0,0.0,0.0,0.0,0.0,0.0,0.0,0.0,0.0,0.0,0.0,0.0,0.0,0.0,0.0,0.0,0.0,0.0,0.0,0.0,0.0,0.0,0.0,0.0,0.0
0.0,0.0,0.0,0.0,0.0,0.0,0.0,0.0,0.0,0.0,0.0,0.0,0.0,0.0,0.0,0.0,0.0,0.0,0.0,0.0,0.0,0.0,0.0,0.0,0.0,0.0,0.0,0.0,0.0,0.0,0.0,0.0,0.0,0.0,0.0,0.0,0.0
0.0,0.0,0.0,0.0,0.0,0.0,0.0,0.0,0.0,0.0,0.0,0.0,0.0,0.0,0.0,0.0,0.0,0.0,0.0,0.0,0.0,0.0,0.0,0.0,0.0,0.0,0.0,0.0,0.0,0.0,0.0,0.0,0.0,0.0,0.0,0.0,0.0
0.0,0.0,0.0,0.0,0.0,0.0,0.0,0.0,0.0,0.0,0.0,0.0,0.0,0.0,0.0,0.0,0.0,0.0,0.0,0.0,0.0,0.0,0.0,0.0,0.0,0.0,0.0,0.0,0.0,0.0,0.0,0.0,0.0,0.0,0.0,0.0,0.0
0.0,0.0,0.0,0.0,0.0,0.0,0.0,0.0,0.0,0.0,0.0,0.0,0.0,0.0,0.0,0.0,0.0,0.0,0.0,0.0,0.0,0.0,0.0,0.0,0.0,0.0,0.0,0.0,0.0,0.0,0.0,0.0,0.0,0.0,0.0,0.0,0.0
0.0,0.0,0.0,0.0,0.0,0.0,0.0,0.0,0.0,0.0,0.0,0.0,0.0,0.0,0.0,0.0,0.0,0.0,0.0,0.0,0.0,0.0,0.0,0.0,0.0,0.0,0.0,0.0,0.0,0.0,0.0,0.0,0.0,0.0,0.0,0.0,0.0
0.0,0.0,0.0,0.0,0.0,0.0,0.0,0.0,0.0,0.0,0.0,0.0,0.0,0.0,0.0,0.0,0.0,0.0,0.0,0.0,0.0,0.0,0.0,0.0,0.0,0.0,0.0,0.0,0.0,0.0,0.0,0.0,0.0,0.0,0.0,0.0,0.0
0.0,0.0,0.0,0.0,0.0,0.0,0.0,0.0,0.0,0.0,0.0,0.0,0.0,0.0,0.0,0.0,0.0,0.0,0.0,0.0,0.0,0.0,0.0,0.0,0.0,0.0,0.0,0.0,0.0,0.0,0.0,0.0,0.0,0.0,0.0,0.0,0.0
0.0,0.0,0.0,0.0,0.0,0.0,0.0,0.0,0.0,0.0,0.0,0.0,0.0,0.0,0.0,0.0,0.0,0.0,0.0,0.0,0.0,0.0,0.0,0.0,0.0,0.0,0.0,0.0,0.0,0.0,0.0,0.0,0.0,0.0,0.0,0.0,0.0
0.0,0.0,0.0,0.0,0.0,0.0,0.0,0.0,0.0,0.0,0.0,0.0,0.0,0.0,0.0,0.0,0.0,0.0,0.0,0.0,0.0,0.0,0.0,0.0,0.0,0.0,0.0,0.0,0.0,0.0,0.0,0.0,0.0,0.0,0.0,0.0,0.0
0.0,0.0,0.0,0.0,0.0,0.0,0.0,0.0,0.0,0.0,0.0,0.0,0.0,0.0,0.0,0.0,0.0,0.0,0.0,0.0,0.0,0.0,0.0,0.0,0.0,0.0,0.0,0.0,0.0,0.0,0.0,0.0,0.0,0.0,0.0,0.0,0.0
0.0,0.0,0.0,0.0,0.0,0.0,0.0,0.0,0.0,0.0,0.0,0.0,0.0,1.0233154287560975,0.0,0.0,0.0,0.0,0.0,0.0,0.0,0.0,0.0,0.0,0.0,0.0,0.0,0.0,0.0,0.0,0.0,0.0,0.0,0.0,0.0,0.0,0.0
0.0,0.0,0.0,0.0,0.0,0.0,0.0,0.0,0.0,0.0,1.6053049768320629,0.0,0.0,0.4752719961106227,0.0,0.0,0.0,0.0,0.0,0.0,0.0,0.0,0.0,0.0,0.0,0.0,0.0,0.0,0.0,0.3430735670029856,0.0,0.0,0.0,0.0,0.0,0.0,0.0
0.0,0.0,0.0,0.0446867067366811,0.0,0.3535787132568558,0.0,0.0,0.0,0.0,2.0909048426428485,0.0,0.0,33.588750935159545,0.090203976631163,0.0,0.0,0.0,0.0,0.0,0.0,0.0,0.0,0.0,0.0,0.0,0.0,0.0,94.8446877673266,0.3659271746873608,0.0,3.403335571289032,0.0,0.0,0.0,0.0,0.0
0.0,0.0,0.0,0.1506397537887038,0.0,1.2020428744144511,80.0982184253633,0.0,0.0,0.0,8.585001654084573,0.0,0.0,115.85412997752428,0.1526588179171052,0.0,0.0,0.0,0.0,0.0,0.0,0.0,0.0,0.0,0.0,27.668022285401765,0.0,0.0,691.5980009675026,0.4841989144682722,0.0,11.7227243930101,0.0,0.0,0.0,0.0,0.0
0.0,0.0,0.0,0.427605173550544,0.0,9.774271507747462,362.1863419696688,0.0,0.0,0.0,71.94918068945391,0.0,0.0,351.9764184206724,0.4444483939558264,0.0,3.654086399078276,0.0,0.0,0.0,0.0,0.0,0.0,0.0,0.0,115.69950979948035,0.0,0.0,1613.273497414589,0.5785216666757773,0.0,55.9120485335588,0.0,0.0,0.0,0.0,0.0
0.0,0.0,0.0,1.0957094132900216,0.0,57.09157682210205,860.8029532670975,0.0,0.0,0.0,289.99255495816465,0.0,0.0,741.5898357331753,1.32414677068591,0.0,8.15636405944805,0.0,0.0,0.0,0.0,0.0,0.0,0.0,0.0,336.2686268091201,25.15365268588066,0.0,2145.844113051892,0.6156942911445976,0.0,198.5830589532852,0.0,0.0,0.0,0.0,0.0
0.0,0.0,0.0,1.651460915803908,553.6690489053725,180.1870173364877,1231.8055007219314,0.0,0.0,0.0,869.5753866523504,0.0,0.0,1050.8627676963806,2.4359856806695457,0.0,9.12761659622174,0.0,0.0,0.0,0.0,0.0,0.0,0.0,0.0,584.9277662277221,0.0,0.0,2439.3204076051707,0.6032907247543108,0.0,343.0791757106781,0.0,0.0,0.0,0.0,0.0
0.0,0.0,0.0,5.665995150804519,0.0,226.64039689302444,1425.4282395780083,0.0,0.0,0.0,1310.0199627876282,0.0,0.0,1137.9373408854008,6.778959810733793,0.0,226.01802793741209,0.0,0.0,0.0,0.0,0.0,0.0,0.0,0.0,631.5645225524902,14.934863212704654,0.0,2587.4089109897614,54.94313056468964,0.0,383.2370858192444,0.0,0.0,0.0,0.0,0.0
0.0,0.0,0.0,10.55755829811096,0.0,253.7676971256733,0.0,0.0,0.0,0.0,1602.41740578413,0.0,0.0,1168.4438827633858,11.307241907715795,0.0,434.4474863052367,0.0,0.0,0.0,0.0,0.0,0.0,0.0,0.0,649.8556348323822,0.0,0.0,0.0,172.90710960030552,0.0,393.6288707256317,0.0,0.0,0.0,0.0,0.0
0.0,0.0,0.0,15.498098671436306,0.0,264.4016428887844,0.0,0.0,0.0,0.0,1734.5701245963571,0.0,0.0,0.0,0.0,0.0,0.0,0.0,0.0,0.0,0.0,0.0,0.0,0.0,0.0,0.0,0.0,0.0,0.0,217.3770494520664,0.0,387.9499707221985,0.0,0.0,0.0,0.0,0.0
0.0,0.0,0.0,0.0,0.0,0.0,0.0,0.0,0.0,0.0,0.0,0.0,0.0,0.0,0.0,0.0,0.0,0.0,0.0,0.0,0.0,0.0,0.0,0.0,0.0,0.0,0.0,0.0,0.0,229.3402614116669,0.0,0.0,0.0,0.0,0.0,0.0,0.0
0.0,0.0,0.0,0.0,0.0,0.0,0.0,0.0,0.0,0.0,0.0,0.0,0.0,0.0,0.0,0.0,0.0,0.0,0.0,0.0,0.0,0.0,0.0,0.0,0.0,0.0,0.0,0.0,0.0,0.0,0.0,0.0,0.0,0.0,0.0,0.0,0.0
0.0,0.0,0.0,0.0,0.0,0.0,0.0,0.0,0.0,0.0,0.0,0.0,0.0,0.0,0.0,0.0,0.0,0.0,0.0,0.0,0.0,0.0,0.0,0.0,0.0,0.0,0.0,0.0,0.0,0.0,0.0,0.0,0.0,0.0,0.0,0.0,0.0
0.0,0.0,0.0,0.0,0.0,0.0,0.0,0.0,0.0,0.0,0.0,0.0,0.0,0.0,0.0,0.0,0.0,0.0,0.0,0.0,0.0,0.0,0.0,0.0,0.0,0.0,0.0,0.0,0.0,0.0,0.0,0.0,0.0,0.0,0.0,0.0,0.0
0.0,0.0,0.0,0.0,0.0,0.0,0.0,0.0,0.0,0.0,0.0,0.0,0.0,0.0,0.0,0.0,0.0,0.0,0.0,0.0,0.0,0.0,0.0,0.0,0.0,0.0,0.0,0.0,0.0,0.0,0.0,0.0,0.0,0.0,0.0,0.0,0.0
0.0,0.0,0.0,0.0,0.0,0.0,0.0,0.0,0.0,0.0,0.0,0.0,0.0,0.0,0.0,0.0,0.0,0.0,0.0,0.0,0.0,0.0,0.0,0.0,0.0,0.0,0.0,0.0,0.0,0.0,0.0,0.0,0.0,0.0,0.0,0.0,0.0
0.0,0.0,0.0,0.0,0.0,0.0,0.0,0.0,0.0,0.0,0.0,0.0,0.0,0.0,0.0,0.0,0.0,0.0,0.0,0.0,0.0,0.0,0.0,0.0,0.0,0.0,0.0,0.0,0.0,0.0,0.0,0.0,0.0,0.0,0.0,0.0,0.0
0.0,0.0,0.0,0.0,0.0,0.0,0.0,0.0,0.0,0.0,0.0,0.0,0.0,0.0,0.0,0.0,0.0,0.0,0.0,0.0,0.0,0.0,0.0,0.0,0.0,0.0,0.0,0.0,0.0,0.0,0.0,0.0,0.0,0.0,0.0,0.0,0.0
0.0,0.0,0.0,0.0,0.0,0.0,0.0,0.0,0.0,0.0,0.0,0.0,0.0,0.0,0.0,0.0,0.0,0.0,0.0,0.0,0.0,0.0,0.0,0.0,0.0,0.0,0.0,0.0,0.0,0.0,0.0,0.0,0.0,0.0,0.0,0.0,0.0
0.0,0.0,0.0,0.0,0.0,0.0,0.0,0.0,0.0,0.0,0.0,0.0,0.0,0.0,0.0,0.0,0.0,0.0,0.0,0.0,0.0,0.0,0.0,0.0,0.0,0.0,0.0,0.0,0.0,0.0,0.0,0.0,0.0,0.0,0.0,0.0,0.0
0.0,0.0,0.0,0.0,0.0,0.0,0.0,0.0,0.0,0.0,0.0,0.0,0.0,0.0,0.0,0.0,0.0,0.0,0.0,0.0,0.0,0.0,0.0,0.0,0.0,0.0,0.0,0.0,0.0,0.0,0.0,0.0,0.0,0.0,0.0,0.0,0.0
0.0,0.0,0.0,0.0,0.0,0.0,0.0,0.0,0.0,0.0,0.0,0.0,0.0,0.0,0.0,0.0,0.0,0.0,0.0,0.0,0.0,0.0,0.0,0.0,0.0,0.0,0.0,0.0,0.0,0.0,0.0,0.0,0.0,0.0,0.0,0.0,0.0
0.0,0.0,0.0,0.0,0.0,0.0,0.0,0.0,0.0,0.0,0.0,0.0,0.0,0.0,0.0,0.0,0.0,0.0,0.0,0.0,0.0,0.0,0.0,0.0,0.0,0.0,0.0,0.0,0.0,0.0,0.0,0.0,0.0,0.0,0.0,0.0,0.0
0.0,0.0,0.0,0.0,0.0,0.0,0.0,0.0,0.0,0.0,0.0,0.0,0.0,0.0,0.0,0.0,0.0,0.0,0.0,0.0,0.0,0.0,0.0,0.0,0.0,0.0,0.0,0.0,0.0,0.0,0.0,0.0,0.0,0.0,0.0,0.0,0.0
0.0,0.0,0.0,0.0,0.0,0.0,0.0,0.0,0.0,0.0,0.0,0.0,0.0,1.231392743065862,0.0,0.0303294155746686,0.0,0.0,0.0,0.0,0.0,0.0,0.0,0.0,0.0,0.0,0.0,0.0,0.0,0.0,0.0,0.0,0.0,0.0,0.0,0.0,0.0
0.0,0.0,0.0,0.0,0.0,0.0,0.0,0.0,0.0,0.0,1.6761698541231076,0.0,0.0,0.5634700553491003,0.0,0.0,3.8327336192129455,0.0,0.0,0.0,0.0,12.686406040191304,0.0,0.0,0.0,0.0,0.0,0.0,0.0,0.0,0.0,1.3507373780012082,0.0,0.0,0.0,0.0,0.0
0.0,0.0,0.0,0.0573432333767362,3.687732774764258,0.4377346760593115,6.561801247671231,0.0,0.0,0.0,3.249818518478283,0.0,0.0,22.6916173938661,0.0806965850293609,0.0,0.0,0.0,0.0,0.0,0.0,6.157233238220154,0.0,0.0,0.0,1.5090539722703178,0.3976552739739341,0.0,63.93751206994035,0.330019801855057,0.0,2.96391119062899,3.7798774987459054,0.0,0.0,0.0,0.0
0.0,0.0,0.0,0.1456774640828362,11.094279866665405,2.24356367019936,35.8723570941016,0.0,0.0,0.0,22.514626759197533,0.0,0.0,83.39454693719743,0.1804772548377489,0.0,0.0,0.0,0.0,0.0,0.0,150.1951389312744,0.0,0.0,0.0,16.0349700555205,0.8363943569362142,0.0,471.39609882831576,0.4426711298525105,0.0,0.0,10.491396017372608,0.0,0.0,0.0,0.0
0.0,0.0,0.0,0.4012363944202617,54.79620741307716,16.65771263092753,168.3461213439703,0.0,0.0,0.0,139.73446816205973,0.0,0.0,263.1471821293234,0.4767960157245394,0.0,3.741785943508072,0.0,0.0,0.0,0.0,504.5762287139888,0.0,0.0,0.0,86.41997129321095,2.0795773204415964,0.0,1234.498648405075,0.5201531484722784,0.0,59.0215374678373,0.0,0.0,0.0,0.0,0.0
0.0,0.0,0.0,1.3386197276413392,141.01111665368077,84.32813201844692,545.9946124851704,0.0,0.0,0.0,547.6896107405423,0.0,0.0,604.5092874765396,1.4466167762875546,0.0,11.63756407499303,0.0,0.0,0.0,0.0,0.0,0.0,0.0,0.0,239.79096767902368,3.9794471353292447,0.0,1873.5134228110317,0.5432410620152838,0.0,206.6267977952957,0.0,0.0,0.0,0.0,0.0
0.0,0.0,0.0,2.477743618190285,264.13414746522886,207.3235790580511,971.8820787608624,0.0,0.0,0.0,1275.027283912897,0.0,0.0,927.098803371191,2.998507875949143,0.6653607934713363,16.25781631469724,0.0,0.0,0.0,0.0,0.0,0.0,0.0,0.0,425.1030469417572,7.833585818111897,0.0,2259.206794989109,0.5295341692864796,0.0,350.7081904411316,0.0,0.0,0.0,0.0,0.0
0.0,0.0,0.0,6.639076262712473,561.2242836952208,246.95595186948776,1207.9869970440864,0.0,0.0,0.0,1723.5671286523343,0.0,0.0,1036.482674330473,8.038124978542326,0.0,283.06550909280776,0.0,0.0,0.0,0.0,0.0,0.0,0.0,0.0,497.5520300388336,15.31024788320064,0.0,2429.075671374798,46.07895918637514,0.0,393.7223433256149,0.0,0.0,0.0,0.0,0.0
0.0,0.0,0.0,12.757628262042994,0.0,272.42925131320953,1339.69150878191,0.0,0.0,0.0,2031.0212030112743,0.0,0.0,0.0,13.054933494329452,0.0,434.4474863052367,0.0,0.0,0.0,0.0,0.0,0.0,0.0,0.0,533.3513334274292,24.715121024847026,0.0,0.0,154.58504751324654,0.0,410.41744673252106,0.0,0.0,0.0,0.0,0.0
0.0,0.0,0.0,18.041161656379696,0.0,280.0885026454925,0.0,0.0,0.0,0.0,0.0,0.0,0.0,1104.9903084337711,0.0,0.0,0.0,0.0,0.0,0.0,0.0,0.0,0.0,0.0,0.0,0.0,0.0,0.0,0.0,208.190174472332,0.0,408.265244603157,0.0,0.0,0.0,0.0,0.0
0.0,0.0,0.0,0.0,0.0,0.0,0.0,0.0,0.0,0.0,0.0,0.0,0.0,0.0,0.0,0.0,0.0,0.0,0.0,0.0,0.0,0.0,0.0,0.0,0.0,0.0,0.0,0.0,0.0,0.0,0.0,0.0,0.0,0.0,0.0,0.0,0.0
0.0,0.0,0.0,0.0,0.0,0.0,0.0,0.0,0.0,0.0,0.0,0.0,0.0,0.0,0.0,0.0,0.0,0.0,0.0,0.0,0.0,0.0,0.0,0.0,0.0,0.0,0.0,0.0,0.0,0.0,0.0,0.0,0.0,0.0,0.0,0.0,0.0
0.0,0.0,0.0,0.0,0.0,0.0,0.0,0.0,0.0,0.0,0.0,0.0,0.0,0.0,0.0,0.0,0.0,0.0,0.0,0.0,0.0,0.0,0.0,0.0,0.0,0.0,0.0,0.0,0.0,0.0,0.0,0.0,0.0,0.0,0.0,0.0,0.0
0.0,0.0,0.0,0.0,0.0,0.0,0.0,0.0,0.0,0.0,0.0,0.0,0.0,0.0,0.0,0.0,0.0,0.0,0.0,0.0,0.0,0.0,0.0,0.0,0.0,0.0,0.0,0.0,0.0,0.0,0.0,0.0,0.0,0.0,0.0,0.0,0.0
0.0,0.0,0.0,0.0,0.0,0.0,0.0,0.0,0.0,0.0,0.0,0.0,0.0,0.0,0.0,0.0,0.0,0.0,0.0,0.0,0.0,0.0,0.0,0.0,0.0,0.0,0.0,0.0,0.0,0.0,0.0,0.0,0.0,0.0,0.0,0.0,0.0
0.0,0.0,0.0,0.0,0.0,0.0,0.0,0.0,0.0,0.0,0.0,0.0,0.0,0.0,0.0,0.0,0.0,0.0,0.0,0.0,0.0,0.0,0.0,0.0,0.0,0.0,0.0,0.0,0.0,0.0,0.0,0.0,0.0,0.0,0.0,0.0,0.0
0.0,0.0,0.0,0.0,0.0,0.0,0.0,0.0,0.0,0.0,0.0,0.0,0.0,0.0,0.0,0.0,0.0,0.0,0.0,0.0,0.0,0.0,0.0,0.0,0.0,0.0,0.0,0.0,0.0,0.0,0.0,0.0,0.0,0.0,0.0,0.0,0.0
0.0,0.0,0.0,0.0,0.0,0.0,0.0,0.0,0.0,0.0,0.0,0.0,0.0,0.0,0.0,0.0,0.0,0.0,0.0,0.0,0.0,0.0,0.0,0.0,0.0,0.0,0.0,0.0,0.0,0.0,0.0,0.0,0.0,0.0,0.0,0.0,0.0
0.0,0.0,0.0,0.0,0.0,0.0,0.0,0.0,0.0,0.0,0.0,0.0,0.0,0.0,0.0,0.0,0.0,0.0,0.0,0.0,0.0,0.0,0.0,0.0,0.0,0.0,0.0,0.0,0.0,0.0,0.0,0.0,0.0,0.0,0.0,0.0,0.0
0.0,0.0,0.0,0.0,0.0,0.0,0.0,0.0,0.0,0.0,0.0,0.0,0.0,0.0,0.0,0.0,0.0,0.0,0.0,0.0,0.0,0.0,0.0,0.0,0.0,0.0,0.0,0.0,0.0,0.0,0.0,0.0,0.0,0.0,0.0,0.0,0.0
0.0,0.0,0.0,0.0,0.0,0.0,0.0,0.0,0.0,0.0,0.0,0.0,0.0,0.0,0.0,0.0,0.0,0.0,0.0,0.0,0.0,0.0,0.0,0.0,0.0,0.0,0.0,0.0,0.0,0.0,0.0,0.0,0.0,0.0,0.0,0.0,0.0
0.0,0.0,0.0,0.0,0.0,0.0,0.0,0.0,0.0,0.0,0.0,0.0,0.0,0.0,0.0,0.0,0.0,0.0,0.0,0.0,0.0,0.0,0.0,0.0,0.0,0.0,0.0,0.0,0.0,0.0,0.0,0.0,0.0,0.0,0.0,0.0,0.0
0.0,0.0,0.0,0.0,0.0,0.0,0.0,0.0,0.0,0.0,0.0,0.0,0.0,0.0,0.0,0.0,0.0,0.0,0.0,0.0,0.0,0.0,0.0,0.0,0.0,0.0,0.0,0.0,0.0,0.0,0.0,0.0,0.0,0.0,0.0,0.0,0.0
0.0,0.0,0.0,0.0,0.0,0.0,0.0,0.0,0.0,0.0,0.0,0.0,0.0,0.0,0.0,0.0,0.0,0.0,0.0,0.0,0.0,0.0,0.0,0.0,0.0,0.0,0.0,0.0,0.0,0.0,0.0,0.0,0.3608764195814579,0.0,0.0,0.0,0.0
0.0,0.0,0.0,0.0,0.0,0.0,0.0,0.0,0.0,0.0,0.0,0.0,0.0,0.0,0.0,0.0135064218193281,0.0,0.0,0.0,0.0,0.0,0.0,0.0,0.0,0.0,2.6019766679032745,0.0,0.0,0.0,0.0,0.0,0.0,0.318244219757609,0.0,0.0,0.0,0.0
0.0,0.0,0.0,0.0311601813882546,2.205969706177567,0.0,0.4793665394185694,0.0,0.0,0.0,1.7423813234082175,0.0,0.0,3.5120575875043785,0.0194078408181664,0.0,0.0,0.0,0.0,0.0,0.0,32.53588461875891,0.0,0.0,0.0,1.7220741051248445,0.6997975969687042,0.0,0.0,0.3358247295021696,0.0,1.7035291641950314,0.0050356816500425,0.0,0.0,0.0,0.0
0.0,0.0,0.0,0.1035508643835722,4.419234864413605,0.1938579496927491,6.466592058166781,0.0,0.0,0.0,2.3376573116516672,0.0,0.0,39.22265768051136,0.0761213734745946,0.0,0.0,0.0,0.0,0.0,0.0,9.916979408263913,0.0,0.0,0.0,0.0,0.5487883053719951,0.0,110.4793519847093,0.3761546254157937,0.0,3.355406194925295,1.00007535144685,0.0,0.0,0.0,0.0
0.0,0.0,0.0,0.2258652225136698,12.596679881215056,1.2587574347853516,22.17014146074639,0.0,0.0,0.0,11.952507319115004,0.0,0.0,114.04302967712276,0.3071606654673812,0.0,0.0,0.0,0.0,0.0,0.0,80.60168256759601,0.0,0.0,0.0,3.7188393928109744,1.0101649127900587,0.0,778.1461433768272,0.4673786826431721,0.0,11.66114640235895,1.4401872148737296,0.0,0.0,0.0,0.0
0.0,0.0,0.0,1.5260723158717142,84.07120509445664,11.548604287207104,84.74314850196241,0.0,0.0,0.0,102.65053586289264,0.0,0.0,301.2828177213668,1.5761340983211982,0.0,1.60617027282711,0.0,0.0,0.0,0.0,308.2347473144529,0.0,0.0,0.0,63.05231399536133,1.8655855674296529,0.0,1781.5998277664185,0.5650402933359019,0.0,53.74552500247951,2.3015635646879424,0.0,0.0,0.0,0.0
0.0,0.0,0.0,4.995652109384534,238.0592637658118,64.39061478525397,321.367631752789,0.0,0.0,0.0,418.66299887448537,0.0,0.0,595.7992717623711,4.183479038625953,0.0506485793739548,9.026189100742233,0.0,0.0,0.0,0.0,732.8753318786619,0.0,0.0,0.0,223.56415522098536,6.1361801087856245,0.0,2360.895136678219,0.6091073676943588,0.0,187.01708954572675,4.6421256922185385,0.0,0.0,0.0,0.0
0.0,0.0,0.0,10.92344486713409,495.8129531145096,183.31088028848168,768.0393513619899,0.0,0.0,0.0,1097.4469281524418,0.0,0.0,900.1995077729225,8.36912917792797,0.1424790266901247,12.70031585693344,0.0,0.0,0.0,0.0,0.0,0.0,0.0,0.0,489.8833540439606,0.0,0.0,2635.4,0.5995125427842037,0.0,332.9792549610138,11.884739167988274,0.0,0.0,0.0,0.0
0.0,0.0,0.0,21.500347197055813,561.2242836952208,229.535969465971,1110.8714024662972,0.0,0.0,0.0,1525.3135713040829,0.0,0.0,999.2222420871258,15.830228841304775,0.9001365154981602,259.073892211914,0.0,0.0,0.0,0.0,0.0,0.0,0.0,0.0,593.4007896900177,0.0,0.0,2635.4,57.14519560039043,0.0,375.7793717384338,0.0,0.0,0.0,0.0,0.0
0.0,0.0,0.0,12.757628262042994,0.0,257.4726918935776,0.0,0.0,0.0,0.0,1819.927290982008,0.0,0.0,1046.8954341113567,13.054933494329452,0.0,498.9580699920653,0.0,0.0,0.0,0.0,0.0,0.0,0.0,0.0,644.9431988239288,0.0,0.0,0.0,176.89944712519642,0.0,387.9580441713333,0.0,0.0,0.0,0.0,0.0
0.0,0.0,0.0,18.041161656379696,0.0,268.0812217891216,0.0,0.0,0.0,0.0,1938.5284719705585,0.0,0.0,0.0,0.0,0.0,0.0,0.0,0.0,0.0,0.0,0.0,0.0,0.0,0.0,659.3152907848358,0.0,0.0,0.0,224.5321411788464,0.0,383.0316972732544,0.0,0.0,0.0,0.0,0.0
0.0,0.0,0.0,0.0,0.0,0.0,0.0,0.0,0.0,0.0,0.0,0.0,0.0,0.0,0.0,0.0,0.0,0.0,0.0,0.0,0.0,0.0,0.0,0.0,0.0,0.0,0.0,0.0,0.0,237.9358421266079,0.0,0.0,0.0,0.0,0.0,0.0,0.0
0.0,0.0,0.0,0.0,0.0,0.0,0.0,0.0,0.0,0.0,0.0,0.0,0.0,0.0,0.0,0.0,0.0,0.0,0.0,0.0,0.0,0.0,0.0,0.0,0.0,0.0,0.0,0.0,0.0,0.0,0.0,0.0,0.0,0.0,0.0,0.0,0.0
0.0,0.0,0.0,0.0,0.0,0.0,0.0,0.0,0.0,0.0,0.0,0.0,0.0,0.0,0.0,0.0,0.0,0.0,0.0,0.0,0.0,0.0,0.0,0.0,0.0,0.0,0.0,0.0,0.0,0.0,0.0,0.0,0.0,0.0,0.0,0.0,0.0
0.0,0.0,0.0,0.0,0.0,0.0,0.0,0.0,0.0,0.0,0.0,0.0,0.0,0.0,0.0,0.0,0.0,0.0,0.0,0.0,0.0,0.0,0.0,0.0,0.0,0.0,0.0,0.0,0.0,0.0,0.0,0.0,0.0,0.0,0.0,0.0,0.0
0.0,0.0,0.0,0.0,0.0,0.0,0.0,0.0,0.0,0.0,0.0,0.0,0.0,0.0,0.0,0.0,0.0,0.0,0.0,0.0,0.0,0.0,0.0,0.0,0.0,0.0,0.0,0.0,0.0,0.0,0.0,0.0,0.0,0.0,0.0,0.0,0.0
0.0,0.0,0.0,0.0,0.0,0.0,0.0,0.0,0.0,0.0,0.0,0.0,0.0,0.0,0.0,0.0,0.0,0.0,0.0,0.0,0.0,0.0,0.0,0.0,0.0,0.0,0.0,0.0,0.0,0.0,0.0,0.0,0.0,0.0,0.0,0.0,0.0
0.0,0.0,0.0,0.0,0.0,0.0,0.0,0.0,0.0,0.0,0.0,0.0,0.0,0.0,0.0,0.0,0.0,0.0,0.0,0.0,0.0,0.0,0.0,0.0,0.0,0.0,0.0,0.0,0.0,0.0,0.0,0.0,0.0,0.0,0.0,0.0,0.0
0.0,0.0,0.0,0.0,0.0,0.0,0.0,0.0,0.0,0.0,0.0,0.0,0.0,0.0,0.0,0.0,0.0,0.0,0.0,0.0,0.0,0.0,0.0,0.0,0.0,0.0,0.0,0.0,0.0,0.0,0.0,0.0,0.0,0.0,0.0,0.0,0.0
0.0,0.0,0.0,0.0,0.0,0.0,0.0,0.0,0.0,0.0,0.0,0.0,0.0,0.0,0.0,0.0,0.0,0.0,0.0,0.0,0.0,0.0,0.0,0.0,0.0,0.0,0.0,0.0,0.0,0.0,0.0,0.0,0.0,0.0,0.0,0.0,0.0
0.0,0.0,0.0,0.0,0.0,0.0,0.0,0.0,0.0,0.0,0.0,0.0,0.0,0.0,0.0,0.0,0.0,0.0,0.0,0.0,0.0,0.0,0.0,0.0,0.0,0.0,0.0,0.0,0.0,0.0,0.0,0.0,0.0,0.0,0.0,0.0,0.0
0.0,0.0,0.0,0.0,0.0,0.0,0.0,0.0,0.0,0.0,0.0,0.0,0.0,0.0,0.0,0.0,0.0,0.0,0.0,0.0,0.0,0.0,0.0,0.0,0.0,0.0,0.0,0.0,0.0,0.0,0.0,0.0,0.0,0.0,0.0,0.0,0.0
0.0,0.0,0.0,0.0,0.0,0.0,0.0,0.0,0.0,0.0,0.0,0.0,0.0,0.0,0.0,0.0,0.0,0.0,0.0,0.0,0.0,0.0,0.0,0.0,0.0,0.0,0.0,0.0,0.0,0.0,0.0,0.0,0.0,0.0,0.0,0.0,0.0
0.0,0.0,0.0,0.0,0.0,0.0,0.0,0.0,0.0,0.0,0.0,0.0,0.0,0.0,0.0,0.0,0.0,0.0,0.0,0.0,0.0,0.0,0.0,0.0,0.0,0.0,0.0,0.0,0.0,0.0,0.0,0.0,0.0,0.0,0.0,0.0,0.0
0.0,0.0,0.0,0.0,0.0,0.0,0.0,0.0,0.0,0.0,0.0,0.0,0.0,0.0,0.0,0.0,0.0,0.0,0.0,0.0,0.0,0.0,0.0,0.0,0.0,0.0,0.0,0.0,0.0,0.0,0.0,0.0,0.0,0.0,0.0,0.0,0.0
0.0,0.0,0.0,0.0,0.0,0.1671579820103922,2.6647806636987745,0.0,0.0,0.0,0.0,0.0,0.0,0.0,0.0,0.0,0.0,0.0,0.0,0.0,0.0,7.719420146942055,0.0,0.0,0.0,0.0,0.2561313286423674,0.0,0.0,0.0,0.0,0.0,0.0,0.0,0.0,0.0,0.0
0.0,0.0,0.0,0.0259196907281818,2.315521698445045,0.0,0.4390321142971026,0.0,0.0,0.0,1.7863079268949982,0.0,0.0,1.841060156002535,0.0349682673811886,0.0296387607231729,1.1600118637082968,0.0,0.0,0.0,0.0,10.56192588806144,0.0,0.0,0.0,2.5147466510533905,0.0,0.0,0.0,0.0,0.0,2.006032332777929,0.0,0.0,0.0,0.0,0.0
0.0,0.0,0.0,0.0400231163948744,4.305428177118261,0.5338899889029165,8.979447142779703,0.0,0.0,0.0,11.51195078995059,0.0,0.0,27.54183349665253,0.1231682516634433,0.0,0.0,0.0,0.0,0.0,0.0,0.0,0.0,0.0,0.0,14.624069646000818,0.4183780781924675,0.0,77.55780477076756,0.407522322237462,0.0,3.661878809332829,1.446715536527334,0.0,0.0,0.0,0.0
0.0,0.0,0.0,0.3017902355641088,21.574232220649705,1.558760314248471,46.81348356567312,0.0,0.0,0.0,39.25872668772914,0.0,0.0,62.53639873117197,0.4915899407118527,0.0,0.0,0.0,0.0,0.0,0.0,51.65321407318083,0.0,0.0,0.0,53.05726644694804,1.352981139533218,0.0,583.1585856080054,0.4998769052326387,0.0,14.36820080876345,4.682216310873606,0.0,0.0,0.0,0.0
0.0,0.0,0.0,2.1686761006712896,109.32621556520458,17.551742386072842,228.2523417666553,0.0,0.0,0.0,173.82901386320586,0.0,0.0,154.61724387481806,2.378370181471108,0.0090442551299919,3.5142328977584336,0.0,0.0,0.0,0.0,340.6278900146484,0.0,0.0,0.0,192.40169345140453,3.936236062645912,0.0,1624.5634578108788,0.5730506248772068,0.0,66.95474630594252,17.12395360693335,0.0,0.0,0.0,0.0
0.0,0.0,0.0,5.3368639051914215,287.3588624000548,96.66478788107632,698.2030198693275,0.0,0.0,0.0,641.5691082239151,0.0,0.0,354.9260842800139,5.300875934958455,0.0603823512792578,12.287741899490335,0.0,0.0,0.0,0.0,887.862593078613,0.0,0.0,0.0,485.00284214019774,9.965008194744584,0.0,2326.699938499928,0.6413976438343392,0.0,221.99006915092468,4.6421256922185385,0.0,0.0,0.0,0.0
0.0,0.0,0.0,11.210558414459229,580.9288622140883,229.72724050283432,1123.6286405444146,0.0,0.0,0.0,1376.3905464172362,0.0,0.0,645.7900876551865,10.580742770433426,0.1659869346767657,18.07971153259273,0.0,0.0,0.0,0.0,0.0,0.0,0.0,0.0,662.3794664859772,21.69137024283409,0.0,2635.4,0.6118956074118536,0.0,360.8214592933655,11.884739167988274,0.0,0.0,0.0,0.0
0.0,0.0,0.0,21.906172752380368,561.2242836952208,269.30751743912697,1349.696622163057,0.0,0.0,0.0,1837.9946518957613,0.0,0.0,797.9679448902607,17.94921264052391,0.8222756385803219,292.00222136974327,0.0,0.0,0.0,0.0,0.0,0.0,0.0,0.0,699.2536916255951,36.5150918841362,0.0,2635.4,51.13304199427364,0.0,401.1485530138016,0.0,0.0,0.0,0.0,0.0
0.0,0.0,0.0,12.757628262042994,0.0,293.4608684182167,1462.000264084339,0.0,0.0,0.0,2144.2141915202137,0.0,0.0,0.0,13.054933494329452,0.0,561.8673862457274,0.0,0.0,0.0,0.0,0.0,0.0,0.0,0.0,703.2307459831238,0.0,0.0,2635.4,171.28329970836637,0.0,415.1744664907456,0.0,0.0,0.0,0.0,0.0
0.0,0.0,0.0,18.041161656379696,0.0,300.1279428303242,0.0,0.0,0.0,0.0,2259.486482077837,0.0,0.0,0.0,0.0,0.0,0.0,0.0,0.0,0.0,0.0,0.0,0.0,0.0,0.0,0.0,0.0,0.0,2635.4,0.0,0.0,0.0,0.0,0.0,0.0,0.0,0.0
0.0,0.0,0.0,0.0,0.0,0.0,0.0,0.0,0.0,0.0,0.0,0.0,0.0,0.0,0.0,0.0,0.0,0.0,0.0,0.0,0.0,0.0,0.0,0.0,0.0,0.0,0.0,0.0,0.0,0.0,0.0,0.0,0.0,0.0,0.0,0.0,0.0
0.0,0.0,0.0,0.0,0.0,0.0,0.0,0.0,0.0,0.0,0.0,0.0,0.0,0.0,0.0,0.0,0.0,0.0,0.0,0.0,0.0,0.0,0.0,0.0,0.0,0.0,0.0,0.0,0.0,0.0,0.0,0.0,0.0,0.0,0.0,0.0,0.0
0.0,0.0,0.0,0.0,0.0,0.0,0.0,0.0,0.0,0.0,0.0,0.0,0.0,0.0,0.0,0.0,0.0,0.0,0.0,0.0,0.0,0.0,0.0,0.0,0.0,0.0,0.0,0.0,0.0,0.0,0.0,0.0,0.0,0.0,0.0,0.0,0.0
0.0,0.0,0.0,0.0,0.0,0.0,0.0,0.0,0.0,0.0,0.0,0.0,0.0,0.0,0.0,0.0,0.0,0.0,0.0,0.0,0.0,0.0,0.0,0.0,0.0,0.0,0.0,0.0,0.0,0.0,0.0,0.0,0.0,0.0,0.0,0.0,0.0
0.0,0.0,0.0,0.0,0.0,0.0,0.0,0.0,0.0,0.0,0.0,0.0,0.0,0.0,0.0,0.0,0.0,0.0,0.0,0.0,0.0,0.0,0.0,0.0,0.0,0.0,0.0,0.0,0.0,0.0,0.0,0.0,0.0,0.0,0.0,0.0,0.0
0.0,0.0,0.0,0.0,0.0,0.0,0.0,0.0,0.0,0.0,0.0,0.0,0.0,0.0,0.0,0.0,0.0,0.0,0.0,0.0,0.0,0.0,0.0,0.0,0.0,0.0,0.0,0.0,0.0,0.0,0.0,0.0,0.0,0.0,0.0,0.0,0.0
0.0,0.0,0.0,0.0,0.0,0.0,0.0,0.0,0.0,0.0,0.0,0.0,0.0,0.0,0.0,0.0,0.0,0.0,0.0,0.0,0.0,0.0,0.0,0.0,0.0,0.0,0.0,0.0,0.0,0.0,0.0,0.0,0.0,0.0,0.0,0.0,0.0
0.0,0.0,0.0,0.0,0.0,0.0,0.0,0.0,0.0,0.0,0.0,0.0,0.0,0.0,0.0,0.0,0.0,0.0,0.0,0.0,0.0,0.0,0.0,0.0,0.0,0.0,0.0,0.0,0.0,0.0,0.0,0.0,0.0,0.0,0.0,0.0,0.0
0.0,0.0,0.0,0.0,0.0,0.0,0.0,0.0,0.0,0.0,0.0,0.0,0.0,0.0,0.0,0.0,0.0,0.0,0.0,0.0,0.0,0.0,0.0,0.0,0.0,0.0,0.0,0.0,0.0,0.0,0.0,0.0,0.0,0.0,0.0,0.0,0.0
0.0,0.0,0.0,0.0,0.0,0.0,0.0,0.0,0.0,0.0,0.0,0.0,0.0,0.0,0.0,0.0,0.0,0.0,0.0,0.0,0.0,0.0,0.0,0.0,0.0,0.0,0.0,0.0,0.0,0.0,0.0,0.0,0.0,0.0,0.0,0.0,0.0
0.0,0.0,0.0,0.0,0.0,0.0,0.0,0.0,0.0,0.0,0.0,0.0,0.0,0.0,0.0,0.0,0.0,0.0,0.0,0.0,0.0,0.0,0.0,0.0,0.0,0.0,0.0,0.0,0.0,0.0,0.0,0.0,0.0,0.0,0.0,0.0,0.0
0.0,0.0,0.0,0.0,0.0,0.0,0.0,0.0,0.0,0.0,0.0,0.0,0.0,0.0,0.0,0.0,0.0,0.0,0.0,0.0,0.0,0.0,0.0,0.0,0.0,0.0,0.0,0.0,0.0,0.0,0.0,0.0,0.0,0.0,0.0,0.0,0.0
0.0,0.0,0.0,0.0,0.0,0.0,0.0,0.0,0.0,0.0,0.0,0.0,0.0,0.0,0.0,0.0,0.0,0.0,0.0,0.0,0.0,0.0,0.0,0.0,0.0,0.0,0.0,0.0,0.0,0.0,0.0,0.0,0.0,0.0,0.0,0.0,0.0
0.0,0.0,0.0,0.0,0.0,0.0,0.0,0.0,0.0,0.0,0.0,0.0,0.0,0.0,0.0,0.0,0.0,0.0,0.0,0.0,0.0,0.0,0.0,0.0,0.0,0.0,0.0,0.0,0.0,0.0,0.0,0.0,0.0,0.0,0.0,0.0,0.0
0.0,0.0,0.0,0.0,0.0,0.1107249422930011,0.0,0.0,0.0,0.0,0.0,0.0,0.0,1.5767135098576226,0.0,0.0218448033556337,0.0,0.0,0.0,0.0,0.0,0.0,0.0,0.0,0.0,0.0,0.0,0.0,0.0,0.2446270316838959,0.0,1.5873387753963253,0.23820897191762,0.0,0.0,0.0,0.0
0.0,0.0,0.0,0.022904807701701,1.912819445133065,0.0,0.0,0.0,0.0,0.0,1.6561555378137347,0.0,0.0,0.5969408759845765,0.0610214754939075,0.0010286998003721,0.0,0.0,0.0,0.0,0.0,20.85818672180172,0.0,0.0,0.0,0.0,0.0,0.0,0.0,0.2879179678856945,0.0,1.6768419295549082,0.0,0.0,0.0,0.0,0.0
0.0,0.0,0.0,0.059374134987589,4.192589092999673,0.4820294766686435,6.281879884004455,0.0,0.0,0.0,2.3190627509727344,0.0,0.0,20.03508866298936,0.177671587094662,0.0,0.0,0.0,0.0,0.0,0.0,0.0,0.0,0.0,0.0,4.3785585194825725,0.0,0.0,101.13639452755424,0.3520094066857973,0.0,3.3965807855128745,0.0,0.0,0.0,0.0,0.0
0.0,0.0,0.0,0.100030045956372,7.996785029768825,1.566074445377999,32.19274178147312,0.0,0.0,0.0,10.631423645699272,0.0,0.0,67.90709406137466,0.599119834229349,0.0,0.0,0.0,0.0,0.0,0.0,20.89028720855668,0.0,0.0,0.0,23.39087528735394,0.0,0.0,641.25107344985,0.4877457194030223,0.0,13.53392197191711,0.1561858113854939,0.0,0.0,0.0,0.0
0.0,0.0,0.0,1.4436690546572195,18.04325313121075,18.668318999931184,142.99016095176333,0.0,0.0,0.0,85.64467749595623,0.0,0.0,208.35500489920372,2.7090286575257765,0.0035732081159944,0.0,0.0,0.0,0.0,0.0,118.36738748550384,0.0,0.0,0.0,62.25551687479015,1.1030217107385347,0.0,1439.882369530201,0.5772271268069615,0.0,57.83801019191738,0.5313078016042665,0.0,0.0,0.0,0.0
0.0,0.0,0.0,4.505906641483307,30.94396536052212,103.64215543866158,455.4811252474785,0.0,0.0,0.0,346.0841078251599,0.0,0.0,490.8187541365623,6.236731731891632,0.0632916130125513,4.816427111625518,0.0,0.0,0.0,0.0,285.9710990905757,0.0,0.0,0.0,121.5836929440498,2.9425985071808056,0.0,1989.3159036278728,0.6062254056334199,0.0,206.8113030195236,1.0980105455964793,0.0,0.0,0.0,0.0
0.0,0.0,0.0,9.149806499481198,46.098117001354645,237.01475483179087,847.2089713633061,0.0,0.0,0.0,998.750873669982,0.0,0.0,802.21515417099,12.15693257153034,0.0416695699095715,9.341257834434314,0.0,0.0,0.0,0.0,499.3417953491208,0.0,0.0,0.0,280.97949600219727,6.886546312272542,0.0,2301.265679216385,0.6004409797489443,0.0,353.49134159088135,0.9977130508050288,0.0,0.0,0.0,0.0
0.0,0.0,0.0,18.44987154006958,155.66771531105042,274.23590698838234,1078.2603341042995,0.0,0.0,0.0,1479.0180440962315,0.0,0.0,918.3770427107812,19.47215895652771,0.344915611669421,255.5052377939223,0.0,0.0,0.0,0.0,577.223178100586,0.0,0.0,0.0,441.2020283937454,13.356538176536558,0.0,2431.7444959282875,58.452434846758834,0.0,399.4915224313736,8.283469825983028,0.0,0.0,0.0,0.0
0.0,0.0,0.0,12.757628262042994,298.22981905937195,295.4363865852356,1220.0625278055668,0.0,0.0,0.0,1810.688012957573,0.0,0.0,981.8402679264544,13.054933494329452,0.4963758029043671,511.09489635825145,0.0,0.0,0.0,0.0,670.4103309631348,0.0,0.0,0.0,517.200751209259,22.75092681646347,0.0,2519.912940001487,183.46305714249607,0.0,413.6002515554428,23.52018617093561,0.0,0.0,0.0,0.0
0.0,0.0,0.0,0.0,423.3619172573089,300.34159579873085,1289.4643037497997,0.0,0.0,0.0,1936.0518078684809,0.0,0.0,1012.1570697426796,0.0,0.6520916968584057,0.0,0.0,0.0,0.0,0.0,612.359274291992,0.0,0.0,0.0,0.0,27.67370839715004,0.0,0.0,226.82313700318335,0.0,406.6832791566849,0.0,0.0,0.0,0.0,0.0
0.0,0.0,0.0,0.0,0.0,0.0,1300.8465221226215,0.0,0.0,0.0,0.0,0.0,0.0,0.0,0.0,0.8058794960379593,0.0,0.0,0.0,0.0,0.0,0.0,0.0,0.0,0.0,0.0,27.26825596094131,0.0,0.0,235.40704928636552,0.0,0.0,0.0,0.0,0.0,0.0,0.0
0.0,0.0,0.0,0.0,0.0,0.0,0.0,0.0,0.0,0.0,0.0,0.0,0.0,0.0,0.0,0.0,0.0,0.0,0.0,0.0,0.0,0.0,0.0,0.0,0.0,0.0,0.0,0.0,0.0,229.27903729081157,0.0,0.0,0.0,0.0,0.0,0.0,0.0
0.0,0.0,0.0,0.0,0.0,0.0,0.0,0.0,0.0,0.0,0.0,0.0,0.0,0.0,0.0,0.0,0.0,0.0,0.0,0.0,0.0,0.0,0.0,0.0,0.0,0.0,0.0,0.0,0.0,0.0,0.0,0.0,0.0,0.0,0.0,0.0,0.0
0.0,0.0,0.0,0.0,0.0,0.0,0.0,0.0,0.0,0.0,0.0,0.0,0.0,0.0,0.0,0.0,0.0,0.0,0.0,0.0,0.0,0.0,0.0,0.0,0.0,0.0,0.0,0.0,0.0,0.0,0.0,0.0,0.0,0.0,0.0,0.0,0.0
0.0,0.0,0.0,0.0,0.0,0.0,0.0,0.0,0.0,0.0,0.0,0.0,0.0,0.0,0.0,0.0,0.0,0.0,0.0,0.0,0.0,0.0,0.0,0.0,0.0,0.0,0.0,0.0,0.0,0.0,0.0,0.0,0.0,0.0,0.0,0.0,0.0
0.0,0.0,0.0,0.0,0.0,0.0,0.0,0.0,0.0,0.0,0.0,0.0,0.0,0.0,0.0,0.0,0.0,0.0,0.0,0.0,0.0,0.0,0.0,0.0,0.0,0.0,0.0,0.0,0.0,0.0,0.0,0.0,0.0,0.0,0.0,0.0,0.0
0.0,0.0,0.0,0.0,0.0,0.0,0.0,0.0,0.0,0.0,0.0,0.0,0.0,0.0,0.0,0.0,0.0,0.0,0.0,0.0,0.0,0.0,0.0,0.0,0.0,0.0,0.0,0.0,0.0,0.0,0.0,0.0,0.0,0.0,0.0,0.0,0.0
0.0,0.0,0.0,0.0,0.0,0.0,0.0,0.0,0.0,0.0,0.0,0.0,0.0,0.0,0.0,0.0,0.0,0.0,0.0,0.0,0.0,0.0,0.0,0.0,0.0,0.0,0.0,0.0,0.0,0.0,0.0,0.0,0.0,0.0,0.0,0.0,0.0
0.0,0.0,0.0,0.0,0.0,0.0,0.0,0.0,0.0,0.0,0.0,0.0,0.0,0.0,0.0,0.0,0.0,0.0,0.0,0.0,0.0,0.0,0.0,0.0,0.0,0.0,0.0,0.0,0.0,0.0,0.0,0.0,0.0,0.0,0.0,0.0,0.0
0.0,0.0,0.0,0.0,0.0,0.0,0.0,0.0,0.0,0.0,0.0,0.0,0.0,0.0,0.0,0.0,0.0,0.0,0.0,0.0,0.0,0.0,0.0,0.0,0.0,0.0,0.0,0.0,0.0,0.0,0.0,0.0,0.0,0.0,0.0,0.0,0.0
0.0,0.0,0.0,0.0,0.0,0.0,0.0,0.0,0.0,0.0,0.0,0.0,0.0,0.0,0.0,0.0,0.0,0.0,0.0,0.0,0.0,0.0,0.0,0.0,0.0,0.0,0.0,0.0,0.0,0.0,0.0,0.0,0.0,0.0,0.0,0.0,0.0
0.0,0.0,0.0,0.0,0.0,0.0,0.0,0.0,0.0,0.0,0.0,0.0,0.0,0.0,0.0,0.0,0.0,0.0,0.0,0.0,0.0,0.0,0.0,0.0,0.0,0.0,0.0,0.0,0.0,0.0,0.0,0.0,0.0,0.0,0.0,0.0,0.0
0.0,0.0,0.0,0.0,0.0,0.0,0.0,0.0,0.0,0.0,0.0,0.0,0.0,0.0,0.0,0.0,0.0,0.0,0.0,0.0,0.0,0.0,0.0,0.0,0.0,0.0,0.0,0.0,0.0,0.0,0.0,0.0,0.0,0.0,0.0,0.0,0.0
0.0,0.0,0.0,0.0,0.0,0.0,0.0,0.0,0.0,0.0,0.0,0.0,0.0,0.0,0.0,0.0,0.0,0.0,0.0,0.0,0.0,0.0,0.0,0.0,0.0,0.0,0.0,0.0,0.0,0.0,0.0,0.0,0.0,0.0,0.0,0.0,0.0
0.0,0.0,0.0,0.0,0.0,0.0,0.0,0.0,0.0,0.0,0.0,0.0,0.0,0.0,0.0,0.0,0.0,0.0,0.0,0.0,0.0,0.0,0.0,0.0,0.0,0.0,0.0,0.0,0.0,0.0,0.0,0.0,0.0,0.0,0.0,0.0,0.0
0.0,0.0,0.0,0.0,2.088737979531198,0.0,0.0,0.0,0.0,0.0,1.6879199212415654,0.0,0.0,0.0,0.0,0.0161642413586368,0.0,0.0,0.0,0.0,0.0,0.0,0.0,0.0,0.0,0.0,0.5568601096048916,0.0,0.0,0.3407773695885827,0.0,1.7223403006791786,0.0,0.0,0.0,0.0,0.0
0.0,0.0,0.0,0.0,4.581518273800457,0.2911098208278364,8.018804440274787,0.0,0.0,0.0,3.35784496963005,0.0,0.0,39.08155045937736,0.0,0.0,0.0,0.0,0.0,0.0,0.0,0.0,0.0,0.0,0.0,18.63089975863689,0.5990207200869895,0.0,104.6401397936044,0.3498245045542418,0.0,3.322067335247941,0.1120385956018951,0.0,0.0,0.0,0.0
0.0,0.0,0.0,0.0,14.36533926241094,1.369289429392644,35.913524500466835,0.0,0.0,0.0,3.14990056720561,0.0,0.0,140.9673515707254,0.0,0.0,0.0,0.0,0.0,0.0,0.0,72.07937679290761,0.0,0.0,0.0,49.74495889246459,1.500337774865321,0.0,747.1678291320801,0.4623528219759125,0.0,12.331700176000592,0.3886501658707596,0.0,0.0,0.0,0.0
0.0,0.0,0.0,0.0,80.87178479135018,18.166101124137608,162.58291111439465,0.0,0.0,0.0,50.40235048644229,0.0,0.0,408.1342415511608,0.0,0.0,0.0,0.0,0.0,0.0,0.0,182.2479078292846,0.0,0.0,0.0,171.20336116552343,4.291032917797558,0.0,1684.1289828658105,0.5716067150235035,0.0,57.25721523165703,0.4929633261635833,0.0,0.0,0.0,0.0
0.0,0.0,0.0,0.0,203.2683683037758,103.3285688757896,517.105190989375,0.0,0.0,0.0,237.55283395200956,0.0,0.0,800.6805722415447,0.0,0.0122839221730823,1.4115275382993582,0.0,0.0,0.0,0.0,361.70733413696246,0.0,0.0,0.0,438.0463871717453,10.356254972517483,0.0,2191.2314094901085,0.5800182953476901,0.0,0.0,0.4924205727875195,0.0,0.0,0.0,0.0
0.0,0.0,0.0,0.0,385.57142829895,239.14330047369003,932.9486940920352,0.0,0.0,0.0,776.1172556877135,0.0,0.0,1108.4028071165085,0.0,0.0502571417018762,5.96859443187704,0.0,0.0,0.0,0.0,597.4269630432129,0.0,0.0,0.0,622.3604209423065,21.35950247347354,0.0,2484.3319637060167,0.5926268793642292,0.0,0.0,0.4114444432780018,0.0,0.0,0.0,0.0
0.0,0.0,0.0,18.44987154006958,155.66771531105042,279.2275035381317,1175.307386225462,0.0,0.0,0.0,1232.283061391115,0.0,0.0,1198.780077397823,0.0,0.3092232178896653,211.4956942915916,0.0,0.0,0.0,0.0,725.4890625,0.0,0.0,0.0,669.5695500850677,36.26707817912101,0.0,2617.654594409465,53.89422524273393,0.0,400.8783257007599,4.558979640714823,0.0,0.0,0.0,0.0
0.0,0.0,0.0,0.0,298.22981905937195,302.5441002845764,1329.1625351965426,0.0,0.0,0.0,1572.442338258028,0.0,0.0,0.0,0.0,0.3748496063053599,424.50036005973817,0.0,0.0,0.0,0.0,871.7573493957519,0.0,0.0,0.0,701.0720197200775,45.53778920769691,0.0,2635.4,177.5989906966686,0.0,413.25517439842224,12.783113069832307,0.0,0.0,0.0,0.0
0.0,0.0,0.0,0.0,423.3619172573089,308.43150636553764,0.0,0.0,0.0,0.0,1708.19654058218,0.0,0.0,1229.0250438451767,0.0,0.5048359706997867,615.028876686096,0.0,0.0,0.0,0.0,886.3583007812498,0.0,0.0,0.0,705.4283948898316,0.0,0.0,0.0,227.6434886753559,0.0,405.4854663610458,0.0,0.0,0.0,0.0,0.0
0.0,0.0,0.0,0.0,0.0,0.0,0.0,0.0,0.0,0.0,0.0,0.0,0.0,0.0,0.0,0.0,0.0,0.0,0.0,0.0,0.0,0.0,0.0,0.0,0.0,0.0,0.0,0.0,0.0,0.0,0.0,382.2318875789642,0.0,0.0,0.0,0.0,0.0
0.0,0.0,0.0,0.0,0.0,261.59732791781425,0.0,0.0,0.0,0.0,0.0,0.0,0.0,0.0,0.0,0.0,0.0,0.0,0.0,0.0,0.0,0.0,0.0,0.0,0.0,0.0,0.0,0.0,0.0,0.0,0.0,0.0,0.0,0.0,0.0,0.0,0.0
0.0,0.0,0.0,0.0,0.0,0.0,0.0,0.0,0.0,0.0,0.0,0.0,0.0,0.0,0.0,0.0,0.0,0.0,0.0,0.0,0.0,0.0,0.0,0.0,0.0,0.0,0.0,0.0,0.0,0.0,0.0,0.0,0.0,0.0,0.0,0.0,0.0
0.0,0.0,0.0,0.0,0.0,0.0,0.0,0.0,0.0,0.0,0.0,0.0,0.0,0.0,0.0,0.0,0.0,0.0,0.0,0.0,0.0,0.0,0.0,0.0,0.0,0.0,0.0,0.0,0.0,0.0,0.0,0.0,0.0,0.0,0.0,0.0,0.0
0.0,0.0,0.0,0.0,0.0,0.0,0.0,0.0,0.0,0.0,0.0,0.0,0.0,0.0,0.0,0.0,0.0,0.0,0.0,0.0,0.0,0.0,0.0,0.0,0.0,0.0,0.0,0.0,0.0,0.0,0.0,0.0,0.0,0.0,0.0,0.0,0.0
0.0,0.0,0.0,0.0,0.0,0.0,0.0,0.0,0.0,0.0,0.0,0.0,0.0,0.0,0.0,0.0,0.0,0.0,0.0,0.0,0.0,0.0,0.0,0.0,0.0,0.0,0.0,0.0,0.0,0.0,0.0,0.0,0.0,0.0,0.0,0.0,0.0
0.0,0.0,0.0,0.0,0.0,0.0,0.0,0.0,0.0,0.0,0.0,0.0,0.0,0.0,0.0,0.0,0.0,0.0,0.0,0.0,0.0,0.0,0.0,0.0,0.0,0.0,0.0,0.0,0.0,0.0,0.0,0.0,0.0,0.0,0.0,0.0,0.0
0.0,0.0,0.0,0.0,0.0,0.0,0.0,0.0,0.0,0.0,0.0,0.0,0.0,0.0,0.0,0.0,0.0,0.0,0.0,0.0,0.0,0.0,0.0,0.0,0.0,0.0,0.0,0.0,0.0,0.0,0.0,0.0,0.0,0.0,0.0,0.0,0.0
0.0,0.0,0.0,0.0,0.0,0.0,0.0,0.0,0.0,0.0,0.0,0.0,0.0,0.0,0.0,0.0,0.0,0.0,0.0,0.0,0.0,0.0,0.0,0.0,0.0,0.0,0.0,0.0,0.0,0.0,0.0,0.0,0.0,0.0,0.0,0.0,0.0
0.0,0.0,0.0,0.0,0.0,0.0,0.0,0.0,0.0,0.0,0.0,0.0,0.0,0.0,0.0,0.0,0.0,0.0,0.0,0.0,0.0,0.0,0.0,0.0,0.0,0.0,0.0,0.0,0.0,0.0,0.0,0.0,0.0,0.0,0.0,0.0,0.0
0.0,0.0,0.0,0.0,0.0,0.0,0.0,0.0,0.0,0.0,0.0,0.0,0.0,0.0,0.0,0.0,0.0,0.0,0.0,0.0,0.0,0.0,0.0,0.0,0.0,0.0,0.0,0.0,0.0,0.0,0.0,0.0,0.0,0.0,0.0,0.0,0.0
0.0,0.0,0.0,0.0,0.0,0.0,0.0,0.0,0.0,0.0,0.0,0.0,0.0,0.0,0.0,0.0,0.0,0.0,0.0,0.0,0.0,0.0,0.0,0.0,0.0,0.0,0.0,0.0,0.0,0.0,0.0,0.0,0.0,0.0,0.0,0.0,0.0
0.0,0.0,0.0,0.0,0.0,0.0,0.0,0.0,0.0,0.0,0.0,0.0,0.0,0.0,0.0,0.0,0.0,0.0,0.0,0.0,0.0,0.0,0.0,0.0,0.0,0.0,0.0,0.0,0.0,0.0,0.0,0.0,0.0,0.0,0.0,0.0,0.0
0.0,0.0,0.0,0.0,0.0,0.0,0.0,0.0,0.0,0.0,0.0,0.0,0.0,0.0,0.0,0.0,0.0,0.0,0.0,0.0,0.0,0.0,0.0,0.0,0.0,0.0,0.0,0.0,0.0,0.0,0.0,0.0,0.0,0.0,0.0,0.0,0.0
0.0,0.0,0.0,0.0,0.0,0.0,0.0,0.0,0.0,0.0,0.0,0.0,0.0,0.0,0.0,0.0,0.0,0.0,0.0,0.0,0.0,0.0,0.0,0.0,0.0,0.0,0.0,0.0,0.0,0.3139552064239783,0.0,0.0,0.0,0.0,0.0,0.0,0.0
0.0,0.0,0.0,0.0,0.0,0.0,0.0,0.0,0.0,0.0,0.0,0.0,0.0,0.0,0.0,0.0087484279647466,0.0,0.0,0.0,0.0,0.0,0.0,0.0,0.0,0.0,0.0,0.0,0.0,0.0,0.3596946388483011,0.0,1.958448320627204,0.0,0.0,0.0,0.0,0.0
0.0,0.0,0.0,0.045436140149827,4.2891405187546745,0.3659477410837742,2.665318984910778,0.0,0.0,0.0,2.127620358951228,0.0,0.0,29.36879573389882,0.1313234779983738,0.0,0.0,0.0,0.0,0.0,0.0,0.0,0.0,0.0,0.0,0.0,0.0,0.0,41.19862421154952,0.3651481077074685,0.0,3.5634814053773782,0.0,0.0,0.0,0.0,0.0
0.0,0.0,0.0,0.153369968757031,7.976398359984034,1.2761963293887313,16.26032653227447,0.0,0.0,0.0,4.458787056431159,0.0,0.0,103.32206748425948,0.204925935342905,0.0,0.0,0.0,0.0,0.0,0.0,15.31214437484711,0.0,0.0,0.0,0.6831347912549783,0.2008166193962021,0.0,249.3842184126376,0.474958477169257,0.0,13.219999358057931,0.1312720943242107,0.0,0.0,0.0,0.0
0.0,0.0,0.0,0.2481195088475898,18.149192869663228,7.0980862751603,60.02007252573956,0.0,0.0,0.0,46.63011487200837,0.0,0.0,299.27436362951994,0.3906063001602871,0.0,0.0,0.0,0.0,0.0,0.0,139.68721179962114,0.0,0.0,0.0,27.67956482768056,1.5480129003524723,0.0,756.6291184842586,0.581060956418512,0.0,57.55121436715122,0.3795559769496089,0.0,0.0,0.0,0.0
0.0,0.0,0.0,0.4812259823083833,32.382474005222136,26.11925502866505,177.5027271643281,0.0,0.0,0.0,203.193052470684,0.0,0.0,629.9261250346898,0.908901537582278,0.0281830765306948,0.904635202884529,0.0,0.0,0.0,0.0,344.1601997375485,0.0,0.0,0.0,64.23458256721491,3.840716618299484,0.0,1310.512945014238,0.6481075778603215,0.0,183.52797806262967,0.6371550792828095,0.0,0.0,0.0,0.0
0.0,0.0,0.0,0.5102517306804607,38.10029933601604,78.48132479190825,388.85373216569417,0.0,0.0,0.0,644.9860150277615,0.0,0.0,933.6344562470912,0.9468977607786634,0.0217457180842746,5.0445930123327845,0.0,0.0,0.0,0.0,604.5266197204589,0.0,0.0,0.0,104.57410736083978,6.695753988623614,0.0,1766.0871868729591,0.6369106866419133,0.0,318.56796884536743,0.5128009757026974,0.0,0.0,0.0,0.0
0.0,0.0,0.0,3.5528017207980147,121.41233992576586,116.23710171878338,539.2012027859688,0.0,0.0,0.0,1036.2971123069524,0.0,0.0,1030.9596361219883,3.455004152655601,0.5010124221444121,203.48886684179303,0.0,0.0,0.0,0.0,641.8667343139646,0.0,0.0,0.0,179.69591324329377,10.3694641277194,0.0,1944.4025238275528,60.81289650052785,0.0,359.58414041996,5.109698584303233,0.0,0.0,0.0,0.0
0.0,0.0,0.0,7.40065766870975,220.8260580599308,146.69091320037842,686.1018310189247,0.0,0.0,0.0,1339.9619394123554,0.0,0.0,1077.6642797887323,6.0408525288105,0.8041330575942989,402.6159836649893,0.0,0.0,0.0,0.0,634.5925704956054,0.0,0.0,0.0,264.4278705835342,16.31009474396705,0.0,2121.7620163202287,181.9480354607105,0.0,370.3061114549637,11.318830497562878,0.0,0.0,0.0,0.0
0.0,0.0,0.0,11.804690331220629,339.79385793209065,166.16862279176712,823.0731414973736,0.0,0.0,0.0,1481.823989790678,0.0,0.0,1091.3270209729671,8.221664839982987,1.085799068212508,588.454137444496,0.0,0.0,0.0,0.0,668.8781311035156,0.0,0.0,0.0,344.7938432216644,20.177362832427026,0.0,0.0,226.8685454785824,0.0,367.3528437614441,0.0,0.0,0.0,0.0,0.0
0.0,0.0,0.0,0.0,0.0,0.0,0.0,0.0,0.0,0.0,0.0,0.0,0.0,0.0,0.0,0.0,0.0,0.0,0.0,0.0,0.0,0.0,0.0,0.0,0.0,0.0,0.0,0.0,0.0,237.83387221693997,0.0,0.0,0.0,0.0,0.0,0.0,0.0
0.0,0.0,0.0,0.0,0.0,0.0,0.0,0.0,0.0,0.0,0.0,0.0,0.0,0.0,0.0,0.0,0.0,0.0,0.0,0.0,0.0,0.0,0.0,0.0,0.0,0.0,0.0,0.0,0.0,0.0,0.0,0.0,0.0,0.0,0.0,0.0,0.0
0.0,0.0,0.0,0.0,0.0,0.0,0.0,0.0,0.0,0.0,0.0,0.0,0.0,0.0,0.0,0.0,0.0,0.0,0.0,0.0,0.0,0.0,0.0,0.0,0.0,0.0,0.0,0.0,0.0,0.0,0.0,0.0,0.0,0.0,0.0,0.0,0.0
0.0,0.0,0.0,0.0,0.0,0.0,0.0,0.0,0.0,0.0,0.0,0.0,0.0,0.0,0.0,0.0,0.0,0.0,0.0,0.0,0.0,0.0,0.0,0.0,0.0,0.0,0.0,0.0,0.0,0.0,0.0,0.0,0.0,0.0,0.0,0.0,0.0
0.0,0.0,0.0,0.0,0.0,0.0,0.0,0.0,0.0,0.0,0.0,0.0,0.0,0.0,0.0,0.0,0.0,0.0,0.0,0.0,0.0,0.0,0.0,0.0,0.0,0.0,0.0,0.0,0.0,0.0,0.0,0.0,0.0,0.0,0.0,0.0,0.0
0.0,0.0,0.0,0.0,0.0,0.0,0.0,0.0,0.0,0.0,0.0,0.0,0.0,0.0,0.0,0.0,0.0,0.0,0.0,0.0,0.0,0.0,0.0,0.0,0.0,0.0,0.0,0.0,0.0,0.0,0.0,0.0,0.0,0.0,0.0,0.0,0.0
0.0,0.0,0.0,0.0,0.0,0.0,0.0,0.0,0.0,0.0,0.0,0.0,0.0,0.0,0.0,0.0,0.0,0.0,0.0,0.0,0.0,0.0,0.0,0.0,0.0,0.0,0.0,0.0,0.0,0.0,0.0,0.0,0.0,0.0,0.0,0.0,0.0
0.0,0.0,0.0,0.0,0.0,0.0,0.0,0.0,0.0,0.0,0.0,0.0,0.0,0.0,0.0,0.0,0.0,0.0,0.0,0.0,0.0,0.0,0.0,0.0,0.0,0.0,0.0,0.0,0.0,0.0,0.0,0.0,0.0,0.0,0.0,0.0,0.0
0.0,0.0,0.0,0.0,0.0,0.0,0.0,0.0,0.0,0.0,0.0,0.0,0.0,0.0,0.0,0.0,0.0,0.0,0.0,0.0,0.0,0.0,0.0,0.0,0.0,0.0,0.0,0.0,0.0,0.0,0.0,0.0,0.0,0.0,0.0,0.0,0.0
0.0,0.0,0.0,0.0,0.0,0.0,0.0,0.0,0.0,0.0,0.0,0.0,0.0,0.0,0.0,0.0,0.0,0.0,0.0,0.0,0.0,0.0,0.0,0.0,0.0,0.0,0.0,0.0,0.0,0.0,0.0,0.0,0.0,0.0,0.0,0.0,0.0
0.0,0.0,0.0,0.0,0.0,0.0,0.0,0.0,0.0,0.0,0.0,0.0,0.0,0.0,0.0,0.0,0.0,0.0,0.0,0.0,0.0,0.0,0.0,0.0,0.0,0.0,0.0,0.0,0.0,0.0,0.0,0.0,0.0,0.0,0.0,0.0,0.0
0.0,0.0,0.0,0.0,0.0,0.0,0.0,0.0,0.0,0.0,0.0,0.0,0.0,0.0,0.0,0.0,0.0,0.0,0.0,0.0,0.0,0.0,0.0,0.0,0.0,0.0,0.0,0.0,0.0,0.0,0.0,0.0,0.0,0.0,0.0,0.0,0.0
0.0,0.0,0.0,0.0,0.0,0.0,0.0,0.0,0.0,0.0,0.0,0.0,0.0,0.0,0.0,0.0,0.0,0.0,0.0,0.0,0.0,0.0,0.0,0.0,0.0,0.0,0.0,0.0,0.0,0.0,0.0,0.0,0.0,0.0,0.0,0.0,0.0
0.0,0.0,0.0,0.0,0.0,0.0,0.0,0.0,0.0,0.0,0.0,0.0,0.0,0.0,0.0,0.0,0.0,0.0,0.0,0.0,0.0,0.0,0.0,0.0,0.0,0.0,0.0,0.0,0.0,0.0,0.0,0.0,0.0,0.0,0.0,0.0,0.0
0.0,0.0,0.0,0.0,0.0,0.0,0.0,0.0,0.0,0.0,0.0,0.0,0.0,1.3910107733680794,0.0,0.0,0.0,0.0,0.0,0.0,0.0,0.0,0.0,0.0,0.0,0.0,0.0,0.0,0.0,0.2997504137456145,0.0,0.0,0.0,0.0,0.0,0.0,0.0
0.0,0.0,0.0,0.0,0.0,0.0,0.0,0.0,0.0,0.0,0.0,0.0,0.0,1.3682293333112072,0.0,0.0001608077436685,4.195298612117598,0.0,0.0,0.0,0.0,0.0,0.0,0.0,0.0,0.0,0.0,0.0,0.0,0.3427367523312489,0.0,0.0,0.0,0.0,0.0,0.0,0.0
0.0,0.0,0.0,0.0,5.043153669684918,0.3912604814395072,4.902111618965857,0.0,0.0,0.0,2.105936240497906,0.0,0.0,26.260857619345188,0.1764006223529569,0.0,0.0,0.0,0.0,0.0,0.0,8.641439151763564,0.0,0.0,0.0,0.0,0.591724461689584,0.0,72.52248958125706,0.376813610643137,0.0,3.2153318524360106,0.2424440309405141,0.0,0.0,0.0,0.0
0.0,0.0,0.0,0.1262069772928938,13.252403467893446,1.5482226260937575,31.010421237163097,0.0,0.0,0.0,8.473865514295138,0.0,0.0,82.41276275366533,0.3890062183141684,0.0,0.0,0.0,0.0,0.0,0.0,56.09427227973912,0.0,0.0,0.0,6.674010325968192,1.04596376102417,0.0,492.2127732634544,0.4937878817319595,0.0,10.221426159143435,0.7118304669856925,0.0,0.0,0.0,0.0
0.0,0.0,0.0,0.6504893787205192,56.03909862041457,10.67898407764729,155.04660680964585,0.0,0.0,0.0,62.26272626034896,0.0,0.0,230.1492776721716,1.568387882038949,0.0034944266080853,0.0,0.0,0.0,0.0,0.0,217.2831192016598,0.0,0.0,0.0,49.21120253205295,2.973634790629148,0.0,1116.085384863615,0.5975092276930691,0.0,50.11599829792973,1.0669969245791269,0.0,0.0,0.0,0.0
0.0,0.0,0.0,1.0106168761849343,144.75846442580217,54.678473263978944,527.3884181082248,0.0,0.0,0.0,248.96410923451165,0.0,0.0,510.9392582625151,3.199720685184002,0.0557949235662806,5.468504786491285,0.0,0.0,0.0,0.0,511.1388175964352,0.0,0.0,0.0,146.7894155621528,6.819634997844696,0.0,1702.3431213855742,0.6381261482834542,0.0,178.65120214223862,1.281999574042838,0.0,0.0,0.0,0.0
0.0,0.0,0.0,1.1273154206573954,264.4918650388716,119.46636733412744,906.347149080038,0.0,0.0,0.0,676.9519613742827,0.0,0.0,819.5051717758179,4.861479887366294,0.0745152113959188,11.191405665874424,0.0,0.0,0.0,0.0,964.5303703308105,0.0,0.0,0.0,296.09679777622216,12.677161487936973,0.0,2037.9427038192748,0.6310530401765911,0.0,292.7853552103042,1.0878794221207335,0.0,0.0,0.0,0.0
0.0,0.0,0.0,4.580150380730624,535.6631007194519,147.6121119856834,1111.987302672863,0.0,0.0,0.0,1078.194262000918,0.0,0.0,919.6796391904354,9.470616263151166,0.3892319351434695,257.18636022806163,0.0,0.0,0.0,0.0,641.8667343139646,0.0,0.0,0.0,452.2201782226563,22.63153665661811,0.0,2179.5721491217614,61.74107572883367,0.0,323.14816212654114,8.654491558670985,0.0,0.0,0.0,0.0
0.0,0.0,0.0,8.928835719823832,220.8260580599308,170.79191547632217,1235.9275679051875,0.0,0.0,0.0,1351.0846864461898,0.0,0.0,980.3945469856262,13.34971781373024,0.4627040512859817,516.3390043020247,0.0,0.0,0.0,0.0,634.5925704956054,0.0,0.0,0.0,501.2156036853791,33.182647520303725,0.0,2341.381772267818,186.86456901431083,0.0,335.118754863739,24.104803323745717,0.0,0.0,0.0,0.0
0.0,0.0,0.0,13.539415210485457,339.79385793209065,184.8503366857767,1315.1693569481372,0.0,0.0,0.0,1479.1455254375935,0.0,0.0,1008.1736209988594,16.17208802103996,0.6835526265203948,727.6056746959687,0.0,0.0,0.0,0.0,668.8781311035156,0.0,0.0,0.0,529.5319077014923,0.0,0.0,0.0,229.4027976453304,0.0,336.7779024839401,0.0,0.0,0.0,0.0,0.0
0.0,0.0,0.0,0.0,0.0,0.0,0.0,0.0,0.0,0.0,0.0,0.0,0.0,0.0,0.0,0.0,0.0,0.0,0.0,0.0,0.0,0.0,0.0,0.0,0.0,0.0,0.0,0.0,0.0,236.78640787601472,0.0,0.0,0.0,0.0,0.0,0.0,0.0
0.0,0.0,0.0,0.0,0.0,0.0,0.0,0.0,0.0,0.0,0.0,0.0,0.0,0.0,0.0,0.0,0.0,0.0,0.0,0.0,0.0,0.0,0.0,0.0,0.0,0.0,0.0,0.0,0.0,233.3305839061737,0.0,0.0,0.0,0.0,0.0,0.0,0.0
0.0,0.0,0.0,0.0,0.0,0.0,0.0,0.0,0.0,0.0,0.0,0.0,0.0,0.0,0.0,0.0,0.0,0.0,0.0,0.0,0.0,0.0,0.0,0.0,0.0,0.0,0.0,0.0,0.0,0.0,0.0,0.0,0.0,0.0,0.0,0.0,0.0
0.0,0.0,0.0,0.0,0.0,0.0,0.0,0.0,0.0,0.0,0.0,0.0,0.0,0.0,0.0,0.0,0.0,0.0,0.0,0.0,0.0,0.0,0.0,0.0,0.0,0.0,0.0,0.0,0.0,0.0,0.0,0.0,0.0,0.0,0.0,0.0,0.0
0.0,0.0,0.0,0.0,0.0,0.0,0.0,0.0,0.0,0.0,0.0,0.0,0.0,0.0,0.0,0.0,0.0,0.0,0.0,0.0,0.0,0.0,0.0,0.0,0.0,0.0,0.0,0.0,0.0,0.0,0.0,0.0,0.0,0.0,0.0,0.0,0.0
0.0,0.0,0.0,0.0,0.0,0.0,0.0,0.0,0.0,0.0,0.0,0.0,0.0,0.0,0.0,0.0,0.0,0.0,0.0,0.0,0.0,0.0,0.0,0.0,0.0,0.0,0.0,0.0,0.0,0.0,0.0,0.0,0.0,0.0,0.0,0.0,0.0
0.0,0.0,0.0,0.0,0.0,0.0,0.0,0.0,0.0,0.0,0.0,0.0,0.0,0.0,0.0,0.0,0.0,0.0,0.0,0.0,0.0,0.0,0.0,0.0,0.0,0.0,0.0,0.0,0.0,0.0,0.0,0.0,0.0,0.0,0.0,0.0,0.0
0.0,0.0,0.0,0.0,0.0,0.0,0.0,0.0,0.0,0.0,0.0,0.0,0.0,0.0,0.0,0.0,0.0,0.0,0.0,0.0,0.0,0.0,0.0,0.0,0.0,0.0,0.0,0.0,0.0,0.0,0.0,0.0,0.0,0.0,0.0,0.0,0.0
0.0,0.0,0.0,0.0,0.0,0.0,0.0,0.0,0.0,0.0,0.0,0.0,0.0,0.0,0.0,0.0,0.0,0.0,0.0,0.0,0.0,0.0,0.0,0.0,0.0,0.0,0.0,0.0,0.0,0.0,0.0,0.0,0.0,0.0,0.0,0.0,0.0
0.0,0.0,0.0,0.0,0.0,0.0,0.0,0.0,0.0,0.0,0.0,0.0,0.0,0.0,0.0,0.0,0.0,0.0,0.0,0.0,0.0,0.0,0.0,0.0,0.0,0.0,0.0,0.0,0.0,0.0,0.0,0.0,0.0,0.0,0.0,0.0,0.0
0.0,0.0,0.0,0.0,0.0,0.0,0.0,0.0,0.0,0.0,0.0,0.0,0.0,0.0,0.0,0.0,0.0,0.0,0.0,0.0,0.0,0.0,0.0,0.0,0.0,0.0,0.0,0.0,0.0,0.0,0.0,0.0,0.0,0.0,0.0,0.0,0.0
0.0,0.0,0.0,0.0,0.0,0.0,0.0,0.0,0.0,0.0,0.0,0.0,0.0,0.0,0.0,0.0,0.0,0.0,0.0,0.0,0.0,0.0,0.0,0.0,0.0,0.0,0.0,0.0,0.0,0.0,0.0,0.0,0.0,0.0,0.0,0.0,0.0
0.0,0.0,0.0,0.0,0.0,0.0,0.0,0.0,0.0,0.0,0.0,0.0,0.0,0.0,0.0,0.0,0.0,0.0,0.0,0.0,0.0,0.0,0.0,0.0,0.0,0.0,0.0,0.0,0.0,0.0,0.0,0.0,0.0,0.0,0.0,0.0,0.0
0.0,0.0,0.0,0.0,0.0,0.0,0.0,0.0,0.0,0.0,0.0,0.0,0.0,0.0,0.0,0.0,0.0,0.0,0.0,0.0,0.0,0.0,0.0,0.0,0.0,0.0,0.0,0.0,0.0,0.0,0.0,0.0,0.4556173095479466,0.0,0.0,0.0,0.0
0.0,0.0,0.0,0.0,0.0,0.0,0.0,0.0,0.0,0.0,0.0,0.0,0.0,0.0,0.0,0.0,0.0,0.0,0.0,0.0,0.0,32.75750699043263,0.0,0.0,0.0,0.0,0.0,0.0,0.0,0.0,0.0,0.0,0.0,0.0,0.0,0.0,0.0
0.0,0.0,0.0,0.0,0.0,0.0,0.0,0.0,0.0,0.0,1.6732879620975845,0.0,0.0,0.1687141042201225,0.0,0.0,0.0,0.0,0.0,0.0,0.0,32.88312072753876,0.0,0.0,0.0,0.0,0.0,0.0,0.0,0.303229855746025,0.0,1.3500107675790751,0.0,0.0,0.0,0.0,0.0
0.0,0.0,0.0,0.03825390152633,0.0,0.3789130770600906,14.845221729576563,0.0,0.0,0.0,3.0256179140880244,0.0,0.0,35.894846091978216,0.0,0.0,0.0,0.0,0.0,0.0,0.0,11.618449497222716,0.0,0.0,0.0,3.1420012209563586,0.0,0.0,141.2067177876829,0.3484040252864094,0.0,3.036845833063123,0.0,0.0,0.0,0.0,0.0
0.0,0.0,0.0,0.3752729352563607,28.925192382186648,2.3212246978655355,87.23540571704503,0.0,0.0,0.0,19.87545997053364,0.0,0.0,127.74241691455236,0.6109949860721811,0.0,0.0,0.0,0.0,0.0,0.0,115.89005661010704,0.0,0.0,0.0,31.373632588982517,0.0,0.0,1004.3040482342244,0.4929443806409617,0.0,11.24509914219377,0.0,0.0,0.0,0.0,0.0
0.0,0.0,0.0,2.328222095966335,130.06365036964414,22.18856469541787,389.7545758813619,0.0,0.0,0.0,131.69556597545727,0.0,0.0,378.0943791940807,2.5833357363939267,0.0,1.6571598052976846,0.0,0.0,0.0,0.0,414.6165073394773,0.0,0.0,0.0,149.07130265235898,0.0,0.0,2022.357176840305,0.5780882008373627,0.0,0.0,0.0,0.0,0.0,0.0,0.0
0.0,0.0,0.0,6.443179368972777,326.0918402075767,121.46808646619316,898.8132813870907,0.0,0.0,0.0,521.4264201432466,0.0,0.0,765.88402941823,6.223619350790976,0.0,9.370736157893978,0.0,0.0,0.0,0.0,1015.5721473693848,0.0,0.0,0.0,442.8147071123123,0.0,0.0,2598.253229522705,0.6260711118578787,0.0,0.0,0.0,0.0,0.0,0.0,0.0
0.0,0.0,0.0,14.074581921100616,653.3812223672866,249.37205609679225,1275.0262341856956,0.0,0.0,0.0,1258.0747066438198,0.0,0.0,1071.778240799904,12.172040838003158,0.0,12.536377155780606,0.0,0.0,0.0,0.0,964.5303703308105,0.0,0.0,0.0,646.9209859371185,0.0,0.0,2635.4,0.6125780232250678,0.0,367.2429730892181,0.0,0.0,0.0,0.0,0.0
0.0,0.0,0.0,26.679292738437653,535.6631007194519,286.00164395570755,1464.4713284432885,0.0,0.0,0.0,1716.306795024872,0.0,0.0,1160.6967705488205,19.09859156012535,0.0,250.21697365045543,0.0,0.0,0.0,0.0,641.8667343139646,0.0,0.0,0.0,708.7810180664062,0.0,0.0,2635.4,57.571632263064366,0.0,412.5822075605393,0.0,0.0,0.0,0.0,0.0
0.0,0.0,0.0,8.928835719823832,220.8260580599308,308.8967365026474,1521.1,0.0,0.0,0.0,2022.423400247097,0.0,0.0,1191.0387010872364,23.485319566726684,0.0,485.4148027837276,0.0,0.0,0.0,0.0,634.5925704956054,0.0,0.0,0.0,736.4977087974548,0.0,0.0,2635.4,177.76427004933353,0.0,427.4896340370178,0.0,0.0,0.0,0.0,0.0
0.0,0.0,0.0,13.539415210485457,0.0,314.4357189834118,0.0,0.0,0.0,0.0,2129.8344318330287,0.0,0.0,1187.4604074656963,16.17208802103996,0.0,670.1507062792778,0.0,0.0,0.0,0.0,0.0,0.0,0.0,0.0,0.0,0.0,0.0,0.0,224.1150767505169,0.0,420.3563649654389,0.0,0.0,0.0,0.0,0.0
0.0,0.0,0.0,0.0,0.0,302.19812512397766,0.0,0.0,0.0,0.0,2067.8683285474776,0.0,0.0,0.0,0.0,0.0,746.0754684090614,0.0,0.0,0.0,0.0,0.0,0.0,0.0,0.0,0.0,0.0,0.0,2635.4,233.9670992016792,0.0,398.54409420490265,0.0,0.0,0.0,0.0,0.0
0.0,0.0,0.0,0.0,0.0,267.8884071707725,0.0,0.0,0.0,0.0,0.0,0.0,0.0,0.0,0.0,0.0,630.3834673643112,0.0,0.0,0.0,0.0,0.0,0.0,0.0,0.0,0.0,0.0,0.0,0.0,228.81150338053703,0.0,0.0,0.0,0.0,0.0,0.0,0.0
0.0,0.0,0.0,0.0,0.0,0.0,0.0,0.0,0.0,0.0,0.0,0.0,0.0,0.0,0.0,0.0,490.24759312272073,0.0,0.0,0.0,0.0,0.0,0.0,0.0,0.0,0.0,0.0,0.0,0.0,0.0,0.0,0.0,0.0,0.0,0.0,0.0,0.0
0.0,0.0,0.0,0.0,0.0,0.0,0.0,0.0,0.0,0.0,0.0,0.0,0.0,0.0,0.0,0.0,0.0,0.0,0.0,0.0,0.0,0.0,0.0,0.0,0.0,0.0,0.0,0.0,0.0,0.0,0.0,0.0,0.0,0.0,0.0,0.0,0.0
0.0,0.0,0.0,0.0,0.0,0.0,0.0,0.0,0.0,0.0,0.0,0.0,0.0,0.0,0.0,0.0,0.0,0.0,0.0,0.0,0.0,0.0,0.0,0.0,0.0,0.0,0.0,0.0,0.0,0.0,0.0,0.0,0.0,0.0,0.0,0.0,0.0
0.0,0.0,0.0,0.0,0.0,0.0,0.0,0.0,0.0,0.0,0.0,0.0,0.0,0.0,0.0,0.0,0.0,0.0,0.0,0.0,0.0,0.0,0.0,0.0,0.0,0.0,0.0,0.0,0.0,0.0,0.0,0.0,0.0,0.0,0.0,0.0,0.0
0.0,0.0,0.0,0.0,0.0,0.0,0.0,0.0,0.0,0.0,0.0,0.0,0.0,0.0,0.0,0.0,0.0,0.0,0.0,0.0,0.0,0.0,0.0,0.0,0.0,0.0,0.0,0.0,0.0,0.0,0.0,0.0,0.0,0.0,0.0,0.0,0.0
0.0,0.0,0.0,0.0,0.0,0.0,0.0,0.0,0.0,0.0,0.0,0.0,0.0,0.0,0.0,0.0,0.0,0.0,0.0,0.0,0.0,0.0,0.0,0.0,0.0,0.0,0.0,0.0,0.0,0.0,0.0,0.0,0.0,0.0,0.0,0.0,0.0
0.0,0.0,0.0,0.0,0.0,0.0,0.0,0.0,0.0,0.0,0.0,0.0,0.0,0.0,0.0,0.0,0.0,0.0,0.0,0.0,0.0,0.0,0.0,0.0,0.0,0.0,0.0,0.0,0.0,0.0,0.0,0.0,0.0,0.0,0.0,0.0,0.0
0.0,0.0,0.0,0.0,0.0,0.0,0.0,0.0,0.0,0.0,0.0,0.0,0.0,0.0,0.0,0.0,0.0,0.0,0.0,0.0,0.0,0.0,0.0,0.0,0.0,0.0,0.0,0.0,0.0,0.0,0.0,0.0,0.0,0.0,0.0,0.0,0.0
0.0,0.0,0.0,0.0,0.0,0.0,0.0,0.0,0.0,0.0,0.0,0.0,0.0,0.0,0.0,0.0,0.0,0.0,0.0,0.0,0.0,0.0,0.0,0.0,0.0,0.0,0.0,0.0,0.0,0.0,0.0,0.0,0.0,0.0,0.0,0.0,0.0
0.0,0.0,0.0,0.0,0.0,0.0,0.0,0.0,0.0,0.0,0.0,0.0,0.0,0.0,0.0,0.0,0.0,0.0,0.0,0.0,0.0,0.0,0.0,0.0,0.0,0.0,0.0,0.0,0.0,0.0,0.0,0.0,0.0,0.0,0.0,0.0,0.0
0.0,0.0,0.0,0.0,0.0,0.0,0.0,0.0,0.0,0.0,0.0,0.0,0.0,0.0,0.0,0.0,0.0,0.0,0.0,0.0,0.0,0.0,0.0,0.0,0.0,0.0,0.0,0.0,0.0,0.0,0.0,0.0,0.0,0.0,0.0,0.0,0.0
0.0,0.0,0.0,0.0,0.0,0.0,0.0,0.0,0.0,0.0,0.0,0.0,0.0,0.0,0.0,0.0,0.0,0.0,0.0,0.0,0.0,0.0,0.0,0.0,0.0,0.0,0.0,0.0,0.0,0.0,0.0,0.0,0.4213313413783873,0.0,0.0,0.0,0.0
0.0,0.0,0.0,0.0,1.7065741382538513,0.0,3.0107342071829897,0.0,0.0,0.0,0.0,0.0,0.0,0.0,0.013999702781438,0.0010017855092883,0.6560612320898352,0.0,0.0,0.0,0.0,55.84421610832186,0.0,0.0,0.0,3.089264664240173,0.4979559401050116,0.0,0.0,0.0,0.0,0.0,0.0,0.0,0.0,0.0,0.0
0.0,0.0,0.0,0.030512200668452,2.36861769109947,0.0,3.3966481842100054,0.0,0.0,0.0,1.668702363315807,0.0,0.0,3.242470100521928,0.0,0.0,1.7361568093299444,0.0,0.0,0.0,0.0,58.0821259021757,0.0,0.0,0.0,2.890096086822413,0.2235644396394407,0.0,0.0,0.3348025701939849,0.0,1.8390240669250368,0.0,0.0,0.0,0.0,0.0
0.0,0.0,0.0,0.1229755617678153,4.543959110975104,0.4321986576541823,11.77181560024613,0.0,0.0,0.0,2.2884119221474823,0.0,0.0,37.96170909889041,0.0,0.0,0.0,0.0,0.0,0.0,0.0,21.977901268005127,0.0,0.0,0.0,0.0,0.1778379645198545,0.0,73.99615512266743,0.3743153244256765,0.0,3.266068994998876,1.0779417688027,0.0,0.0,0.0,0.0
0.0,0.0,0.0,0.2086139339953659,22.749030571430914,1.6195725179277305,42.86933437623077,0.0,0.0,0.0,17.119377365242606,0.0,0.0,130.66636225208634,0.1126997910439958,0.0,0.0,0.0,0.0,0.0,0.0,130.79676895141586,0.0,0.0,0.0,8.833671129494844,0.2809866581112091,0.0,537.7756089270115,0.4654163710772722,0.0,6.669287949800478,1.5681880535557615,0.0,0.0,0.0,0.0
0.0,0.0,0.0,0.5835610888898347,110.73905020952216,9.452606092207107,193.888000883162,0.0,0.0,0.0,108.8029091488568,0.0,0.0,376.7667677998542,0.6744841206818808,0.0,5.749560070037794,0.0,0.0,0.0,0.0,447.4549148559568,0.0,0.0,0.0,72.7162734508514,1.2409726578742222,0.0,1428.995795917511,0.5549944296478896,0.0,30.4901386648416,3.385320080444195,0.0,0.0,0.0,0.0
0.0,0.0,0.0,2.042219735682008,278.96809142827976,43.24173206090925,559.3443892210721,0.0,0.0,0.0,441.04994298368695,0.0,0.0,755.9578654915094,2.428530400246381,0.0,15.732170617580312,0.0,0.0,0.0,0.0,1049.6116325378418,0.0,0.0,0.0,0.0,2.8125873934477497,0.0,2054.8725392460824,0.6066471561789385,0.0,112.45797944068909,9.035843342542629,0.0,0.0,0.0,0.0
0.0,0.0,0.0,4.003435298800468,546.7039456367493,135.8612120300531,976.0542834818364,0.0,0.0,0.0,1131.364898633957,0.0,0.0,1058.8729120790958,5.132003948092461,0.0,24.65870950222013,0.0,0.0,0.0,0.0,964.5303703308105,0.0,0.0,0.0,538.9613084316254,7.120390941202633,0.0,2396.0537192583083,0.6140482924878365,0.0,271.0188519358635,26.340246483683583,0.0,0.0,0.0,0.0
0.0,0.0,0.0,8.967693775892258,535.6631007194519,181.92576873302457,1215.4229469418526,0.0,0.0,0.0,1564.3175726413726,0.0,0.0,1143.0146174132824,11.937912395596502,0.0,308.7544890642165,0.0,0.0,0.0,0.0,641.8667343139646,0.0,0.0,0.0,637.0848624229432,12.6385334521532,0.0,2533.2697864174847,58.01870541423556,0.0,342.1972680091858,0.0,0.0,0.0,0.0,0.0
0.0,0.0,0.0,15.17863205075264,220.8260580599308,211.9654878675937,1339.1036393523216,0.0,0.0,0.0,1850.720951461792,0.0,0.0,0.0,17.569084346294403,0.0,593.6447125077248,0.0,0.0,0.0,0.0,634.5925704956054,0.0,0.0,0.0,669.5888768196106,0.0,0.0,2588.616086781025,185.4358187496662,0.0,372.0365566015244,0.0,0.0,0.0,0.0,0.0
0.0,0.0,0.0,20.081046998500824,0.0,225.1246531009674,1366.0177959918976,0.0,0.0,0.0,1970.4611917972568,0.0,0.0,0.0,20.751726508140564,0.0,799.8762278556823,0.0,0.0,0.0,0.0,0.0,0.0,0.0,0.0,665.8242012023926,0.0,0.0,2570.9569192528725,0.0,0.0,374.4944015741348,0.0,0.0,0.0,0.0,0.0
0.0,0.0,0.0,0.0,0.0,0.0,1334.829527592659,0.0,0.0,0.0,0.0,0.0,0.0,0.0,0.0,0.0,889.3532968044279,0.0,0.0,0.0,0.0,0.0,0.0,0.0,0.0,633.2527854919433,0.0,0.0,2520.753014969826,244.52930271029476,0.0,0.0,0.0,0.0,0.0,0.0,0.0
0.0,0.0,0.0,0.0,0.0,0.0,0.0,0.0,0.0,0.0,0.0,0.0,0.0,0.0,0.0,0.0,0.0,0.0,0.0,0.0,0.0,0.0,0.0,0.0,0.0,0.0,0.0,0.0,0.0,240.53888649344444,0.0,0.0,0.0,0.0,0.0,0.0,0.0
0.0,0.0,0.0,0.0,0.0,0.0,0.0,0.0,0.0,0.0,0.0,0.0,0.0,0.0,0.0,0.0,645.1880207180977,0.0,0.0,0.0,0.0,0.0,0.0,0.0,0.0,0.0,0.0,0.0,0.0,0.0,0.0,0.0,0.0,0.0,0.0,0.0,0.0
0.0,0.0,0.0,0.0,0.0,0.0,0.0,0.0,0.0,0.0,0.0,0.0,0.0,0.0,0.0,0.0,0.0,0.0,0.0,0.0,0.0,0.0,0.0,0.0,0.0,0.0,0.0,0.0,0.0,0.0,0.0,0.0,0.0,0.0,0.0,0.0,0.0
0.0,0.0,0.0,0.0,0.0,0.0,0.0,0.0,0.0,0.0,0.0,0.0,0.0,0.0,0.0,0.0,0.0,0.0,0.0,0.0,0.0,0.0,0.0,0.0,0.0,0.0,0.0,0.0,0.0,0.0,0.0,0.0,0.0,0.0,0.0,0.0,0.0
0.0,0.0,0.0,0.0,0.0,0.0,0.0,0.0,0.0,0.0,0.0,0.0,0.0,0.0,0.0,0.0,0.0,0.0,0.0,0.0,0.0,0.0,0.0,0.0,0.0,0.0,0.0,0.0,0.0,0.0,0.0,0.0,0.0,0.0,0.0,0.0,0.0
0.0,0.0,0.0,0.0,0.0,0.0,0.0,0.0,0.0,0.0,0.0,0.0,0.0,0.0,0.0,0.0,0.0,0.0,0.0,0.0,0.0,0.0,0.0,0.0,0.0,0.0,0.0,0.0,0.0,0.0,0.0,0.0,0.0,0.0,0.0,0.0,0.0
0.0,0.0,0.0,0.0,0.0,0.0,0.0,0.0,0.0,0.0,0.0,0.0,0.0,0.0,0.0,0.0,0.0,0.0,0.0,0.0,0.0,0.0,0.0,0.0,0.0,0.0,0.0,0.0,0.0,0.0,0.0,0.0,0.0,0.0,0.0,0.0,0.0
0.0,0.0,0.0,0.0,0.0,0.0,0.0,0.0,0.0,0.0,0.0,0.0,0.0,0.0,0.0,0.0,0.0,0.0,0.0,0.0,0.0,0.0,0.0,0.0,0.0,0.0,0.0,0.0,0.0,0.0,0.0,0.0,0.0,0.0,0.0,0.0,0.0
0.0,0.0,0.0,0.0,0.0,0.0,0.0,0.0,0.0,0.0,0.0,0.0,0.0,0.0,0.0,0.0,0.0,0.0,0.0,0.0,0.0,0.0,0.0,0.0,0.0,0.0,0.0,0.0,0.0,0.0,0.0,0.0,0.0,0.0,0.0,0.0,0.0
0.0,0.0,0.0,0.0,0.0,0.0,0.0,0.0,0.0,0.0,0.0,0.0,0.0,0.0,0.0,0.0,0.0,0.0,0.0,0.0,0.0,0.0,0.0,0.0,0.0,0.0,0.0,0.0,0.0,0.0,0.0,0.0,0.0,0.0,0.0,0.0,0.0
0.0,0.0,0.0,0.0,0.0,0.0,0.0,0.0,0.0,0.0,0.0,0.0,0.0,0.0,0.0,0.0,0.0,0.0,0.0,0.0,0.0,0.0,0.0,0.0,0.0,0.0,0.0,0.0,0.0,0.0,0.0,0.0,0.0,0.0,0.0,0.0,0.0
0.0,0.0,0.0,0.0,0.0,0.0,0.0,0.0,0.0,0.0,0.0,0.0,0.0,0.0,0.0,0.0,0.0,0.0,0.0,0.0,0.0,0.0,0.0,0.0,0.0,0.0,0.0,0.0,0.0,0.0,0.0,0.0,0.0,0.0,0.0,0.0,0.0
0.0,0.0,0.0,0.0,0.0,0.0,0.0,0.0,0.0,0.0,0.0,0.0,0.0,0.0,0.0,0.0,0.0,0.0,0.0,0.0,0.0,0.0,0.0,0.0,0.0,0.0,0.0,0.0,0.0,0.0,0.0,0.0,0.3432149682193955,0.0,0.0,0.0,0.0
0.0,0.0,0.0,0.0,0.0,0.3757290244102189,0.0,0.0,0.0,0.0,1.6963430983013132,0.0,0.0,4.227457968518084,0.0,0.0263654598966239,0.0,0.0,0.0,0.0,0.0,0.0,0.0,0.0,0.0,0.0,0.0,0.0,0.0,0.0,0.0,0.0,0.0,0.0,0.0,0.0,0.0
0.0,0.0,0.0,0.0,0.0,0.2831332636996935,0.0,0.0,0.0,0.0,1.7143761138430964,0.0,0.0,1.761952480301182,0.0,0.0151869002729652,0.0,0.0,0.0,0.0,0.0,6.2693048477170175,0.0,0.0,0.0,0.0,0.0,0.0,0.0,0.0,0.0,2.1434469223022257,0.0,0.0,0.0,0.0,0.0
0.0,0.0,0.0,0.0530367773026174,4.34266611933697,0.8856710451654872,12.565692057832992,0.0,0.0,0.0,2.33283967818112,0.0,0.0,34.6089281188324,0.0,0.0,0.0,0.0,0.0,0.0,0.0,0.0,0.0,0.0,0.0,22.100390124320967,0.5951713422313276,0.0,86.59152651652673,0.4378502868115818,0.0,3.7650619745254135,1.2258386528119292,0.0,0.0,0.0,0.0
0.0,0.0,0.0,0.139812320470807,39.304628305136994,2.6924331742338645,87.40932313427327,0.0,0.0,0.0,14.922470812499382,0.0,0.0,122.51755466684696,0.0,0.0,0.0,0.0,0.0,0.0,0.0,111.47143564224204,0.0,0.0,0.0,99.68327934145924,1.6012471713125669,0.0,643.3215723574159,0.5487443208694268,0.0,14.007277265191064,3.4510982967913053,0.0,0.0,0.0,0.0
0.0,0.0,0.0,1.3627225086092938,160.09138420224178,15.44400848075744,395.22727398574347,0.0,0.0,0.0,105.94409768804896,0.0,0.0,355.4306389763952,0.0,0.078816291876136,7.533948564529295,0.0,0.0,0.0,0.0,490.4653232574461,0.0,0.0,0.0,326.3033264160156,4.959960223734378,0.0,1689.5710915565492,0.6500083841383105,0.0,0.0,12.833698011934736,0.0,0.0,0.0,0.0
0.0,0.0,0.0,4.354319572448726,395.2269965410231,76.26758942008016,905.4003383994102,0.0,0.0,0.0,434.3057731702924,0.0,0.0,740.531652495265,0.0,0.273817643523216,19.71088628768917,0.0,0.0,0.0,0.0,1229.0778320312495,0.0,0.0,0.0,598.4382842063903,12.658274751901624,0.0,2333.130564725399,0.7029907964169815,0.0,0.0,9.035843342542629,0.0,0.0,0.0,0.0
0.0,0.0,0.0,9.50823187828064,793.6107994318008,183.20942972600457,1295.017693370581,0.0,0.0,0.0,1147.149394208193,0.0,0.0,1048.8165067136288,0.0,0.4650586582720273,41.5139368295668,0.0,0.0,0.0,0.0,964.5303703308105,0.0,0.0,0.0,736.0787654876709,27.73176312446594,0.0,2635.4,0.7001059055328087,0.0,367.85666286945343,26.340246483683583,0.0,0.0,0.0,0.0
0.0,0.0,0.0,19.170779943466183,535.6631007194519,222.1017483621836,1494.9338265180588,0.0,0.0,0.0,1595.0114179432392,0.0,0.0,1144.2054092884064,0.0,0.0,345.0551751971244,0.0,0.0,0.0,0.0,641.8667343139646,0.0,0.0,0.0,764.0521410942077,42.4303233742714,0.0,2635.4,69.64245504587888,0.0,398.3378803730011,0.0,0.0,0.0,0.0,0.0
0.0,0.0,0.0,29.47619694471359,220.8260580599308,247.5374030470848,1521.1,0.0,0.0,0.0,1877.0044848263265,0.0,0.0,0.0,0.0,0.0,658.112335062027,0.0,0.0,0.0,0.0,634.5925704956054,0.0,0.0,0.0,766.6075768470764,51.24203418493271,0.0,2635.4,202.43339667916297,0.0,400.07105255126953,0.0,0.0,0.0,0.0,0.0
0.0,0.0,0.0,0.0,0.0,256.4719454348088,0.0,0.0,0.0,0.0,1954.4885934352876,0.0,0.0,1183.8716435432434,0.0,0.0,871.5149275541305,0.0,0.0,0.0,0.0,0.0,0.0,0.0,0.0,0.0,0.0,0.0,2635.4,242.08015043139457,0.0,384.7835998535156,0.0,0.0,0.0,0.0,0.0
0.0,0.0,0.0,0.0,0.0,244.00976046919823,0.0,0.0,0.0,0.0,1873.663388735056,0.0,0.0,0.0,0.0,0.0,0.0,0.0,0.0,0.0,0.0,0.0,0.0,0.0,0.0,0.0,0.0,0.0,2635.4,0.0,0.0,356.91821575164795,0.0,0.0,0.0,0.0,0.0
0.0,0.0,0.0,0.0,0.0,0.0,0.0,0.0,0.0,0.0,0.0,0.0,0.0,0.0,0.0,0.0,0.0,0.0,0.0,0.0,0.0,0.0,0.0,0.0,0.0,0.0,0.0,0.0,0.0,0.0,0.0,0.0,0.0,0.0,0.0,0.0,0.0
0.0,0.0,0.0,0.0,0.0,0.0,0.0,0.0,0.0,0.0,0.0,0.0,0.0,0.0,0.0,0.0,0.0,0.0,0.0,0.0,0.0,0.0,0.0,0.0,0.0,0.0,0.0,0.0,0.0,0.0,0.0,0.0,0.0,0.0,0.0,0.0,0.0
0.0,0.0,0.0,0.0,0.0,0.0,0.0,0.0,0.0,0.0,0.0,0.0,0.0,0.0,0.0,0.0,0.0,0.0,0.0,0.0,0.0,0.0,0.0,0.0,0.0,0.0,0.0,0.0,0.0,0.0,0.0,0.0,0.0,0.0,0.0,0.0,0.0
0.0,0.0,0.0,0.0,0.0,0.0,0.0,0.0,0.0,0.0,0.0,0.0,0.0,0.0,0.0,0.0,0.0,0.0,0.0,0.0,0.0,0.0,0.0,0.0,0.0,0.0,0.0,0.0,0.0,0.0,0.0,0.0,0.0,0.0,0.0,0.0,0.0
0.0,0.0,0.0,0.0,0.0,0.0,0.0,0.0,0.0,0.0,0.0,0.0,0.0,0.0,0.0,0.0,0.0,0.0,0.0,0.0,0.0,0.0,0.0,0.0,0.0,0.0,0.0,0.0,0.0,0.0,0.0,0.0,0.0,0.0,0.0,0.0,0.0
0.0,0.0,0.0,0.0,0.0,0.0,0.0,0.0,0.0,0.0,0.0,0.0,0.0,0.0,0.0,0.0,0.0,0.0,0.0,0.0,0.0,0.0,0.0,0.0,0.0,0.0,0.0,0.0,0.0,0.0,0.0,0.0,0.0,0.0,0.0,0.0,0.0
0.0,0.0,0.0,0.0,0.0,0.0,0.0,0.0,0.0,0.0,0.0,0.0,0.0,0.0,0.0,0.0,0.0,0.0,0.0,0.0,0.0,0.0,0.0,0.0,0.0,0.0,0.0,0.0,0.0,0.0,0.0,0.0,0.0,0.0,0.0,0.0,0.0
0.0,0.0,0.0,0.0,0.0,0.0,0.0,0.0,0.0,0.0,0.0,0.0,0.0,0.0,0.0,0.0,0.0,0.0,0.0,0.0,0.0,0.0,0.0,0.0,0.0,0.0,0.0,0.0,0.0,0.0,0.0,0.0,0.0,0.0,0.0,0.0,0.0
0.0,0.0,0.0,0.0,0.0,0.0,0.0,0.0,0.0,0.0,0.0,0.0,0.0,0.0,0.0,0.0,0.0,0.0,0.0,0.0,0.0,0.0,0.0,0.0,0.0,0.0,0.0,0.0,0.0,0.0,0.0,0.0,0.0,0.0,0.0,0.0,0.0
0.0,0.0,0.0,0.0,0.0,0.0,0.0,0.0,0.0,0.0,0.0,0.0,0.0,0.0,0.0,0.0,0.0,0.0,0.0,0.0,0.0,0.0,0.0,0.0,0.0,0.0,0.0,0.0,0.0,0.0,0.0,0.0,0.0,0.0,0.0,0.0,0.0
0.0,0.0,0.0,0.0,0.0,0.0,0.0,0.0,0.0,0.0,0.0,0.0,0.0,0.0,0.0,0.0,0.0,0.0,0.0,0.0,0.0,0.0,0.0,0.0,0.0,0.0,0.0,0.0,0.0,0.0,0.0,0.0,0.0,0.0,0.0,0.0,0.0
0.0,0.0,0.0,0.0,0.0,0.0,0.0,0.0,0.0,0.0,0.0,0.0,0.0,0.0,0.0,0.0,0.0,0.0,0.0,0.0,0.0,0.0,0.0,0.0,0.0,0.0,0.0,0.0,0.0,0.0,0.0,0.0,0.0,0.0,0.0,0.0,0.0
0.0,0.0,0.0,0.0,0.0,0.0,0.0,0.0,0.0,0.0,0.0,0.0,0.0,0.0,0.0,0.0,0.0,0.0,0.0,0.0,0.0,0.0,0.0,0.0,0.0,0.0,0.0,0.0,0.0,0.0,0.0,0.0,0.0,0.0,0.0,0.0,0.0
0.0,0.0,0.0,0.0,0.0,0.0,0.0,0.0,0.0,0.0,1.636242935340825,0.0,0.0,0.0,0.0,0.0,0.0,0.0,0.0,0.0,0.0,0.0,0.0,0.0,0.0,0.0,0.0,0.0,0.0,0.2452918745577069,0.0,0.0,0.0,0.0,0.0,0.0,0.0
0.0,0.0,0.0,0.0,2.0216521397231264,0.0,0.0,0.0,0.0,0.0,1.632115048821877,0.0,0.0,0.0,0.0,0.0,0.0,0.0,0.0,0.0,0.0,0.0,0.0,0.0,0.0,0.840204254724005,0.0,0.0,0.0,0.29245764389633,0.0,1.6173092126845825,0.0,0.0,0.0,0.0,0.0
0.0,0.0,0.0,0.0424767471849866,4.290730856358927,0.4729979448020366,9.947303349524626,0.0,0.0,0.0,2.1937873284331557,0.0,0.0,40.97812881693232,0.0,0.0,0.0,0.0,0.0,0.0,0.0,0.0,0.0,0.0,0.0,4.633516892418257,0.0,0.0,137.47219930961722,0.369427118450369,0.0,3.5443428456783046,0.9990234086289956,0.0,0.0,0.0,0.0
0.0,0.0,0.0,0.2166659403592298,10.644391685724148,2.8480912246741106,38.01521834321318,0.0,0.0,0.0,4.971704503893778,0.0,0.0,150.3645490668714,0.0,0.0,0.0,0.0,0.0,0.0,0.0,33.29172291755667,0.0,0.0,0.0,36.573866689205154,0.0,0.0,942.0490423321723,0.5069295115768646,0.0,14.728774502873366,1.8580699302256027,0.0,0.0,0.0,0.0
0.0,0.0,0.0,2.146649606525897,42.34026551246641,19.631788298487635,141.59810763001445,0.0,0.0,0.0,62.36020202003398,0.0,0.0,424.7293498367071,0.0,0.0143734663724899,5.817525684833367,0.0,0.0,0.0,0.0,213.9412395477291,0.0,0.0,0.0,118.27276490926738,0.0,0.0,1828.446259653568,0.6025790207087972,0.0,65.53346043825148,5.527000343427046,0.0,0.0,0.0,0.0
0.0,0.0,0.0,6.524608984589573,125.62005397677412,98.63476379215716,416.1962338268757,0.0,0.0,0.0,270.84297577962275,0.0,0.0,804.1008098423481,0.0,0.1083797700703133,13.263590848445723,0.0,0.0,0.0,0.0,554.1476982116695,0.0,0.0,0.0,293.0520026445389,0.0,0.0,2349.653714644909,0.6632847398519337,0.0,220.576049387455,17.016650527715676,0.0,0.0,0.0,0.0
0.0,0.0,0.0,14.408374100923536,253.64222323894484,207.4313636273145,765.0130568385124,0.0,0.0,0.0,780.4793552666903,0.0,0.0,1095.6319534778595,0.0,0.1255956906825296,21.414990782737583,0.0,0.0,0.0,0.0,1122.8877243041993,0.0,0.0,0.0,484.5320019721985,0.0,0.0,2627.5848523139957,0.6633462451398054,0.0,365.23645186424255,26.340246483683583,0.0,0.0,0.0,0.0
0.0,0.0,0.0,0.0,571.8779927492142,237.7852947413921,1018.9440003991128,0.0,0.0,0.0,1230.5220558404922,0.0,0.0,1175.207332968712,0.0,0.5248805917799471,306.92713943719855,0.0,0.0,0.0,0.0,641.8667343139646,0.0,0.0,0.0,575.7005156040192,0.0,0.0,2635.4,65.60791903585194,0.0,400.8579806089401,0.0,0.0,0.0,0.0,0.0
0.0,0.0,0.0,29.47619694471359,871.5966358184814,255.76040759682652,1181.4444747030734,0.0,0.0,0.0,1516.4810130059718,0.0,0.0,1200.9660030901432,25.7212886095047,0.8409696295857427,597.9244625329972,0.0,0.0,0.0,0.0,634.5925704956054,0.0,0.0,0.0,612.1140753746033,0.4295437432825559,0.0,2635.4,197.0410347878933,0.0,405.7123841047287,0.0,0.0,0.0,0.0,0.0
0.0,0.0,0.0,0.0,0.0,261.9364101886749,0.0,0.0,0.0,0.0,1617.0502294957637,0.0,0.0,1199.221013635397,26.48990950584412,1.1769079267978668,818.1155268192291,0.0,0.0,0.0,0.0,0.0,0.0,0.0,0.0,634.6906084060669,0.8929736265912589,0.0,0.0,238.13465064764023,0.0,395.8884317874909,0.0,0.0,0.0,0.0,0.0
0.0,0.0,0.0,0.0,0.0,250.53897708654404,0.0,0.0,0.0,0.0,1559.4022176027297,0.0,0.0,0.0,0.0,0.0,0.0,0.0,0.0,0.0,0.0,0.0,0.0,0.0,0.0,0.0,0.0,0.0,0.0,0.0,0.0,376.740758061409,0.0,0.0,0.0,0.0,0.0
0.0,0.0,0.0,0.0,0.0,0.0,0.0,0.0,0.0,0.0,1349.3838954865932,0.0,0.0,0.0,0.0,0.0,0.0,0.0,0.0,0.0,0.0,0.0,0.0,0.0,0.0,0.0,0.0,0.0,0.0,0.0,0.0,0.0,0.0,0.0,0.0,0.0,0.0
0.0,0.0,0.0,0.0,0.0,0.0,0.0,0.0,0.0,0.0,0.0,0.0,0.0,0.0,0.0,0.0,0.0,0.0,0.0,0.0,0.0,0.0,0.0,0.0,0.0,0.0,0.0,0.0,0.0,0.0,0.0,0.0,0.0,0.0,0.0,0.0,0.0
0.0,0.0,0.0,0.0,0.0,0.0,0.0,0.0,0.0,0.0,0.0,0.0,0.0,0.0,0.0,0.0,0.0,0.0,0.0,0.0,0.0,0.0,0.0,0.0,0.0,0.0,0.0,0.0,0.0,0.0,0.0,0.0,0.0,0.0,0.0,0.0,0.0
0.0,0.0,0.0,0.0,0.0,0.0,0.0,0.0,0.0,0.0,0.0,0.0,0.0,0.0,0.0,0.0,0.0,0.0,0.0,0.0,0.0,0.0,0.0,0.0,0.0,0.0,0.0,0.0,0.0,0.0,0.0,0.0,0.0,0.0,0.0,0.0,0.0
0.0,0.0,0.0,0.0,0.0,0.0,0.0,0.0,0.0,0.0,0.0,0.0,0.0,0.0,0.0,0.0,0.0,0.0,0.0,0.0,0.0,0.0,0.0,0.0,0.0,0.0,0.0,0.0,0.0,0.0,0.0,0.0,0.0,0.0,0.0,0.0,0.0
0.0,0.0,0.0,0.0,0.0,0.0,0.0,0.0,0.0,0.0,0.0,0.0,0.0,0.0,0.0,0.0,0.0,0.0,0.0,0.0,0.0,0.0,0.0,0.0,0.0,0.0,0.0,0.0,0.0,0.0,0.0,0.0,0.0,0.0,0.0,0.0,0.0
0.0,0.0,0.0,0.0,0.0,0.0,0.0,0.0,0.0,0.0,0.0,0.0,0.0,0.0,0.0,0.0,0.0,0.0,0.0,0.0,0.0,0.0,0.0,0.0,0.0,0.0,0.0,0.0,0.0,0.0,0.0,0.0,0.0,0.0,0.0,0.0,0.0
0.0,0.0,0.0,0.0,0.0,0.0,0.0,0.0,0.0,0.0,0.0,0.0,0.0,0.0,0.0,0.0,0.0,0.0,0.0,0.0,0.0,0.0,0.0,0.0,0.0,0.0,0.0,0.0,0.0,0.0,0.0,0.0,0.0,0.0,0.0,0.0,0.0
0.0,0.0,0.0,0.0,0.0,0.0,0.0,0.0,0.0,0.0,0.0,0.0,0.0,0.0,0.0,0.0,0.0,0.0,0.0,0.0,0.0,0.0,0.0,0.0,0.0,0.0,0.0,0.0,0.0,0.0,0.0,0.0,0.0,0.0,0.0,0.0,0.0
0.0,0.0,0.0,0.0,0.0,0.0,0.0,0.0,0.0,0.0,0.0,0.0,0.0,0.0,0.0,0.0,0.0,0.0,0.0,0.0,0.0,0.0,0.0,0.0,0.0,0.0,0.0,0.0,0.0,0.0,0.0,0.0,0.0,0.0,0.0,0.0,0.0
0.0,0.0,0.0,0.0,0.0,0.0,0.0,0.0,0.0,0.0,0.0,0.0,0.0,0.0,0.0,0.0,0.0,0.0,0.0,0.0,0.0,0.0,0.0,0.0,0.0,0.0,0.0,0.0,0.0,0.0,0.0,0.0,0.0,0.0,0.0,0.0,0.0
0.0,0.0,0.0,0.0,0.0,0.0,0.0,0.0,0.0,0.0,0.0,0.0,0.0,0.0,0.0,0.0,0.0,0.0,0.0,0.0,0.0,0.0,0.0,0.0,0.0,0.0,0.0,0.0,0.0,0.0,0.0,0.0,0.0,0.0,0.0,0.0,0.0
0.0,0.0,0.0,0.0,0.0,0.0,0.0,0.0,0.0,0.0,0.0,0.0,0.0,0.0,0.0,0.0,0.0,0.0,0.0,0.0,0.0,0.0,0.0,0.0,0.0,0.0,0.0,0.0,0.0,0.0,0.0,0.0,0.0,0.0,0.0,0.0,0.0
0.0,0.0,0.0,0.0,0.0,0.0,0.0,0.0,0.0,0.0,1.5992127418517923,0.0,0.0,0.0,0.0,0.0,0.0,0.0,0.0,0.0,0.0,0.0,0.0,0.0,0.0,0.0,0.0,0.0,0.0,0.0,0.0,0.0,0.0,0.0,0.0,0.0,0.0
0.0,0.0,0.0,0.0,0.0,0.0,0.0,0.0,0.0,0.0,1.6059364502316813,0.0,0.0,0.0,0.0,0.0025610225275154,0.0,0.0,0.0,0.0,0.0,0.0,0.0,0.0,0.0,0.0,0.0,0.0,0.0,0.3529231995344078,0.0,1.7174827754497055,0.0,0.0,0.0,0.0,0.0
0.0,0.0,0.0,0.0373369585722661,0.0,0.2967452239245172,10.072080539911978,0.0,0.0,0.0,2.0842817885800398,0.0,0.0,18.06205434724688,0.0,0.0,0.0,0.0,0.0,0.0,0.0,60.753218269347926,0.0,0.0,0.0,0.0,0.0,0.0,0.0,0.371052615344493,0.0,3.391781568527177,0.0,0.0,0.0,0.0,0.0
0.0,0.0,0.0,0.0675494782626617,0.0,1.5456157531588934,57.836522692814384,0.0,0.0,0.0,2.703828181466031,0.0,0.0,60.76268423348665,0.0,0.0117985690012567,0.0,0.0,0.0,0.0,0.0,297.5643486022946,0.0,0.0,0.0,71.47431541681283,0.0,0.0,0.0,0.5024894155561804,0.0,13.358898565173146,0.0,0.0,0.0,0.0,0.0
0.0,0.0,0.0,1.755233682692047,0.0,19.44180801510809,279.6731692552566,0.0,0.0,0.0,65.71059645116321,0.0,0.0,171.38648919761172,0.0,0.1466760579496615,9.55796334743482,0.0,0.0,0.0,0.0,874.2993141174317,0.0,0.0,0.0,261.3341933488846,0.0,0.0,2074.583198750019,0.6044915422796824,0.0,66.59604296088216,0.0,0.0,0.0,0.0,0.0
0.0,0.0,0.0,5.763665050268173,0.0,104.9338337406516,0.0,0.0,0.0,0.0,311.8257350385188,0.0,0.0,406.1945500224828,0.0,0.401183672249317,21.968092381954147,0.0,0.0,0.0,0.0,554.1476982116695,0.0,0.0,0.0,556.0660606861114,0.0,0.0,2635.4,0.634602773934575,0.0,228.9763835072517,17.016650527715676,0.0,0.0,0.0,0.0
0.0,0.0,0.0,12.909902691841122,0.0,230.6881998181343,0.0,0.0,0.0,0.0,942.5913420557976,0.0,0.0,736.579068377614,0.0,0.5942312739789478,52.21861308813089,0.0,0.0,0.0,0.0,1122.8877243041993,0.0,0.0,0.0,733.8293273925781,0.0,0.0,2635.4,0.6372855760156901,0.0,370.0102285146713,26.340246483683583,0.0,0.0,0.0,0.0
0.0,0.0,0.0,25.486834526062008,0.0,271.8159171938896,0.0,0.0,0.0,0.0,1430.8696976482868,0.0,0.0,892.1308207511902,0.0,0.0,368.8889819264411,0.0,0.0,0.0,0.0,641.8667343139646,0.0,0.0,0.0,778.149674987793,0.0,0.0,2635.4,58.61299293637276,0.0,412.90554022789,0.0,0.0,0.0,0.0,0.0
0.0,0.0,0.0,29.47619694471359,0.0,297.06726026535034,0.0,0.0,0.0,0.0,1759.7795598506927,0.0,0.0,996.33435100317,0.0,0.0,697.7944484233855,0.0,0.0,0.0,0.0,634.5925704956054,0.0,0.0,0.0,0.0,0.0,0.0,0.0,191.90380854606624,0.0,427.9519376754761,0.0,0.0,0.0,0.0,0.0
0.0,0.0,0.0,0.0,0.0,304.6440098285675,0.0,0.0,0.0,0.0,1872.7955662846568,0.0,0.0,0.0,0.0,0.0,0.0,0.0,0.0,0.0,0.0,0.0,0.0,0.0,0.0,0.0,0.0,0.0,0.0,239.8194503545761,0.0,422.0501745939255,0.0,0.0,0.0,0.0,0.0
0.0,0.0,0.0,0.0,0.0,293.1742146909237,0.0,0.0,0.0,0.0,0.0,0.0,0.0,0.0,0.0,0.0,0.0,0.0,0.0,0.0,0.0,0.0,0.0,0.0,0.0,0.0,0.0,0.0,0.0,0.0,0.0,0.0,0.0,0.0,0.0,0.0,0.0
0.0,0.0,0.0,36.57139527797699,0.0,258.2745558619499,0.0,0.0,0.0,0.0,1651.7907936751842,0.0,0.0,0.0,23.92875341176987,0.0,0.0,0.0,0.0,0.0,0.0,0.0,0.0,0.0,0.0,0.0,0.0,0.0,0.0,0.0,0.0,0.0,0.0,0.0,0.0,0.0,0.0
0.0,0.0,0.0,0.0,0.0,0.0,0.0,0.0,0.0,0.0,0.0,0.0,0.0,0.0,0.0,0.0,0.0,0.0,0.0,0.0,0.0,0.0,0.0,0.0,0.0,0.0,0.0,0.0,0.0,0.0,0.0,0.0,0.0,0.0,0.0,0.0,0.0
0.0,0.0,0.0,0.0,0.0,0.0,0.0,0.0,0.0,0.0,0.0,0.0,0.0,0.0,0.0,0.0,0.0,0.0,0.0,0.0,0.0,0.0,0.0,0.0,0.0,0.0,0.0,0.0,0.0,0.0,0.0,0.0,0.0,0.0,0.0,0.0,0.0
0.0,0.0,0.0,0.0,0.0,0.0,0.0,0.0,0.0,0.0,0.0,0.0,0.0,0.0,0.0,0.0,0.0,0.0,0.0,0.0,0.0,0.0,0.0,0.0,0.0,0.0,0.0,0.0,0.0,0.0,0.0,0.0,0.0,0.0,0.0,0.0,0.0
0.0,0.0,0.0,0.0,0.0,0.0,0.0,0.0,0.0,0.0,0.0,0.0,0.0,0.0,0.0,0.0,0.0,0.0,0.0,0.0,0.0,0.0,0.0,0.0,0.0,0.0,0.0,0.0,0.0,0.0,0.0,0.0,0.0,0.0,0.0,0.0,0.0
0.0,0.0,0.0,0.0,0.0,0.0,0.0,0.0,0.0,0.0,0.0,0.0,0.0,0.0,0.0,0.0,0.0,0.0,0.0,0.0,0.0,0.0,0.0,0.0,0.0,0.0,0.0,0.0,0.0,0.0,0.0,0.0,0.0,0.0,0.0,0.0,0.0
0.0,0.0,0.0,0.0,0.0,0.0,0.0,0.0,0.0,0.0,0.0,0.0,0.0,0.0,0.0,0.0,0.0,0.0,0.0,0.0,0.0,0.0,0.0,0.0,0.0,0.0,0.0,0.0,0.0,0.0,0.0,0.0,0.0,0.0,0.0,0.0,0.0
0.0,0.0,0.0,0.0,0.0,0.0,0.0,0.0,0.0,0.0,0.0,0.0,0.0,0.0,0.0,0.0,0.0,0.0,0.0,0.0,0.0,0.0,0.0,0.0,0.0,0.0,0.0,0.0,0.0,0.0,0.0,0.0,0.0,0.0,0.0,0.0,0.0
0.0,0.0,0.0,0.0,0.0,0.0,0.0,0.0,0.0,0.0,0.0,0.0,0.0,0.0,0.0,0.0,0.0,0.0,0.0,0.0,0.0,0.0,0.0,0.0,0.0,0.0,0.0,0.0,0.0,0.0,0.0,0.0,0.0,0.0,0.0,0.0,0.0
0.0,0.0,0.0,0.0,0.0,0.0,0.0,0.0,0.0,0.0,0.0,0.0,0.0,0.0,0.0,0.0,0.0,0.0,0.0,0.0,0.0,0.0,0.0,0.0,0.0,0.0,0.0,0.0,0.0,0.0,0.0,0.0,0.0,0.0,0.0,0.0,0.0
0.0,0.0,0.0,0.0,0.0,0.0,0.0,0.0,0.0,0.0,0.0,0.0,0.0,0.0,0.0,0.0,0.0,0.0,0.0,0.0,0.0,0.0,0.0,0.0,0.0,0.0,0.0,0.0,0.0,0.0,0.0,0.0,0.0,0.0,0.0,0.0,0.0
0.0,0.0,0.0,0.0,0.0,0.0,0.0,0.0,0.0,0.0,0.0,0.0,0.0,0.0,0.0,0.0,0.0,0.0,0.0,0.0,0.0,0.0,0.0,0.0,0.0,0.0,0.0,0.0,0.0,0.0,0.0,0.0,0.0,0.0,0.0,0.0,0.0
0.0,0.0,0.0,0.0,0.0,0.0,0.0,0.0,0.0,0.0,0.0,0.0,0.0,0.0,0.0,0.0,0.0,0.0,0.0,0.0,0.0,0.0,0.0,0.0,0.0,0.0,0.0,0.0,0.0,0.0,0.0,0.0,0.0,0.0,0.0,0.0,0.0
0.0,0.0,0.0,0.0,0.0,0.0,0.0,0.0,0.0,0.0,1.7396901448255215,0.0,0.0,0.0,0.0,0.0,0.0,0.0,0.0,0.0,0.0,0.0,0.0,0.0,0.0,0.0,0.0,0.0,0.0,0.0,0.0,0.0,0.0,0.0,0.0,0.0,0.0
0.0,0.0,0.0,0.0,0.0,0.0,0.0,0.0,0.0,0.0,1.723954166751137,0.0,0.0,0.0,0.0,0.0,0.0,0.0,0.0,0.0,0.0,0.0,0.0,0.0,0.0,0.0,0.0,0.0,0.0,0.3633761696517301,0.0,1.9954336881637285,0.0,0.0,0.0,0.0,0.0
0.0,0.0,0.0,0.0580418538302148,0.0,0.0,0.0,0.0,0.0,0.0,2.123869661241766,0.0,0.0,31.767379497177803,0.0,0.0,0.0,0.0,0.0,0.0,0.0,0.0,0.0,0.0,0.0,0.0,0.2085333004593817,0.0,86.73174190893765,0.3905585780739421,0.0,4.169133618473986,0.0,0.0,0.0,0.0,0.0
0.0,0.0,0.0,0.2459801100194396,0.0,0.0,0.0,0.0,0.0,0.0,10.275124315591391,0.0,0.0,101.315229460597,0.0,0.0,0.0,0.0,0.0,0.0,0.0,0.0,0.0,0.0,0.0,0.0,1.5772769518196563,0.0,685.4789470493793,0.5051136411726184,0.0,16.200447663664786,0.0,0.0,0.0,0.0,0.0
0.0,0.0,0.0,1.8488614112138704,0.0,0.0,0.0,0.0,0.0,0.0,79.5753196526318,0.0,0.0,299.8929535597563,0.0,0.0,9.240504479408218,0.0,0.0,0.0,0.0,0.0,0.0,0.0,0.0,0.0,5.434861326217651,0.0,1783.907677698135,0.624123444408148,0.0,73.72391179203984,0.0,0.0,0.0,0.0,0.0
0.0,0.0,0.0,5.466422632336615,0.0,122.8611953705549,0.0,0.0,0.0,0.0,333.344890601933,0.0,0.0,656.5670773386955,0.0,0.0,24.03519086837748,0.0,0.0,0.0,0.0,0.0,0.0,0.0,0.0,0.0,13.728465083241456,0.0,2453.9482051372524,0.6785556241869901,0.0,241.51305061578748,0.0,0.0,0.0,0.0,0.0
0.0,0.0,0.0,11.88807994127273,0.0,247.28100883960724,0.0,0.0,0.0,0.0,971.5934828341008,0.0,0.0,975.6613336503506,0.0,0.0,55.65568754672994,0.0,0.0,0.0,0.0,0.0,0.0,0.0,0.0,0.0,28.13041417002677,0.0,2635.4,0.6623504452407254,0.0,372.9336782693863,0.0,0.0,0.0,0.0,0.0
0.0,0.0,0.0,23.01636570692062,0.0,285.68446457386017,0.0,0.0,0.0,0.0,1446.675485318899,0.0,0.0,1080.8643679320812,0.0,0.0,371.5092432975768,0.0,0.0,0.0,0.0,0.0,0.0,0.0,0.0,0.0,43.18119221925736,0.0,2635.4,59.70104490965605,0.0,408.75148153305054,0.0,0.0,0.0,0.0,0.0
0.0,0.0,0.0,34.076109409332275,0.0,310.0141830444336,0.0,0.0,0.0,0.0,1761.7012732625008,0.0,0.0,1133.2320787012577,0.0,0.0,0.0,0.0,0.0,0.0,0.0,0.0,0.0,0.0,0.0,0.0,0.0,0.0,2635.4,185.57251278758045,0.0,421.1042175292969,0.0,0.0,0.0,0.0,0.0
0.0,0.0,0.0,0.0,0.0,316.78656697273254,0.0,0.0,0.0,0.0,1884.6414308846,0.0,0.0,0.0,0.0,0.0,913.1797492742536,0.0,0.0,0.0,0.0,0.0,0.0,0.0,0.0,0.0,0.0,0.0,0.0,233.6684529542923,0.0,412.7964230775833,0.0,0.0,0.0,0.0,0.0
0.0,0.0,0.0,0.0,0.0,305.0835579633713,0.0,0.0,0.0,0.0,0.0,0.0,0.0,0.0,0.0,0.0,1001.1979782819748,0.0,0.0,0.0,0.0,0.0,0.0,0.0,0.0,0.0,0.0,0.0,2635.4,0.0,0.0,0.0,0.0,0.0,0.0,0.0,0.0
0.0,0.0,0.0,0.0,0.0,0.0,0.0,0.0,0.0,0.0,0.0,0.0,0.0,0.0,0.0,0.0,0.0,0.0,0.0,0.0,0.0,0.0,0.0,0.0,0.0,0.0,0.0,0.0,0.0,0.0,0.0,0.0,0.0,0.0,0.0,0.0,0.0
0.0,0.0,0.0,0.0,0.0,0.0,0.0,0.0,0.0,0.0,0.0,0.0,0.0,0.0,0.0,0.0,0.0,0.0,0.0,0.0,0.0,0.0,0.0,0.0,0.0,0.0,0.0,0.0,0.0,0.0,0.0,0.0,0.0,0.0,0.0,0.0,0.0
0.0,0.0,0.0,0.0,0.0,0.0,0.0,0.0,0.0,0.0,0.0,0.0,0.0,0.0,0.0,0.0,0.0,0.0,0.0,0.0,0.0,0.0,0.0,0.0,0.0,0.0,0.0,0.0,0.0,0.0,0.0,0.0,0.0,0.0,0.0,0.0,0.0
0.0,0.0,0.0,0.0,0.0,0.0,0.0,0.0,0.0,0.0,0.0,0.0,0.0,0.0,0.0,0.0,0.0,0.0,0.0,0.0,0.0,0.0,0.0,0.0,0.0,0.0,0.0,0.0,0.0,0.0,0.0,0.0,0.0,0.0,0.0,0.0,0.0
0.0,0.0,0.0,0.0,0.0,0.0,0.0,0.0,0.0,0.0,0.0,0.0,0.0,0.0,0.0,0.0,0.0,0.0,0.0,0.0,0.0,0.0,0.0,0.0,0.0,0.0,0.0,0.0,0.0,0.0,0.0,0.0,0.0,0.0,0.0,0.0,0.0
0.0,0.0,0.0,0.0,0.0,0.0,0.0,0.0,0.0,0.0,0.0,0.0,0.0,0.0,0.0,0.0,0.0,0.0,0.0,0.0,0.0,0.0,0.0,0.0,0.0,0.0,0.0,0.0,0.0,0.0,0.0,0.0,0.0,0.0,0.0,0.0,0.0
0.0,0.0,0.0,0.0,0.0,0.0,0.0,0.0,0.0,0.0,0.0,0.0,0.0,0.0,0.0,0.0,0.0,0.0,0.0,0.0,0.0,0.0,0.0,0.0,0.0,0.0,0.0,0.0,0.0,0.0,0.0,0.0,0.0,0.0,0.0,0.0,0.0
0.0,0.0,0.0,0.0,0.0,0.0,0.0,0.0,0.0,0.0,0.0,0.0,0.0,0.0,0.0,0.0,0.0,0.0,0.0,0.0,0.0,0.0,0.0,0.0,0.0,0.0,0.0,0.0,0.0,0.0,0.0,0.0,0.0,0.0,0.0,0.0,0.0
0.0,0.0,0.0,0.0,0.0,0.0,0.0,0.0,0.0,0.0,0.0,0.0,0.0,0.0,0.0,0.0,0.0,0.0,0.0,0.0,0.0,0.0,0.0,0.0,0.0,0.0,0.0,0.0,0.0,0.0,0.0,0.0,0.0,0.0,0.0,0.0,0.0
0.0,0.0,0.0,0.0,0.0,0.0,0.0,0.0,0.0,0.0,0.0,0.0,0.0,0.0,0.0,0.0,0.0,0.0,0.0,0.0,0.0,0.0,0.0,0.0,0.0,0.0,0.0,0.0,0.0,0.0,0.0,0.0,0.0,0.0,0.0,0.0,0.0
0.0,0.0,0.0,0.0,0.0,0.0,0.0,0.0,0.0,0.0,0.0,0.0,0.0,0.0,0.0,0.0,0.0,0.0,0.0,0.0,0.0,0.0,0.0,0.0,0.0,0.0,0.0,0.0,0.0,0.0,0.0,0.0,0.0,0.0,0.0,0.0,0.0
0.0,0.0,0.0,0.0,0.0,0.0,0.0,0.0,0.0,0.0,0.0,0.0,0.0,0.0,0.0,0.0,0.0,0.0,0.0,0.0,0.0,0.0,0.0,0.0,0.0,0.0,0.0,0.0,0.0,0.0,0.0,0.0,0.0,0.0,0.0,0.0,0.0
0.0,0.0,0.0,0.0,0.0,0.0,0.0,0.0,0.0,0.0,0.0,0.0,0.0,0.0,0.0,0.0,0.0,0.0,0.0,0.0,0.0,0.0,0.0,0.0,0.0,0.0,0.0,0.0,0.0,0.0,0.0,0.0,0.0,0.0,0.0,0.0,0.0
0.0,0.0,0.0,0.0262299962341738,0.0,0.1391601916402493,0.0,0.0,0.0,0.0,0.0,0.0,0.0,0.0,0.0008052058517932,0.0,3.157673883438083,0.0,0.0,0.0,0.0,0.0,0.0,0.0,0.0,0.0,0.0,0.0,0.0,0.278703889995784,0.0,0.0,0.0957980174571107,0.0,0.0,0.0,0.0
0.0,0.0,0.0,0.0302048977464418,3.0008271411060767,0.0842091897502174,0.0,0.0,0.0,0.0,1.5112112022005022,0.0,0.0,0.0458843866363167,0.0,0.0048996964469544,3.450373411178494,0.0,0.0,0.0,0.0,28.480762195587157,0.0,0.0,0.0,0.0,0.0625389918684902,0.0,0.0,0.3263587728142651,0.0,1.8131710886954957,0.0,0.0,0.0,0.0,0.0
0.0,0.0,0.0,0.1089165974408378,5.498049344867387,0.5183256808668346,5.900527470931408,0.0,0.0,0.0,1.852040493534843,0.0,0.0,32.46937334071843,0.0,0.0,0.0,0.0,0.0,0.0,0.0,4.656870746612522,0.0,0.0,0.0,0.0,0.0,0.0,39.05408073812706,0.3771738559007446,0.0,3.316442832350704,0.055463992059218,0.0,0.0,0.0,0.0
0.0,0.0,0.0,0.1734820846468176,11.6730267778037,1.7324835075996796,16.198283595964234,0.0,0.0,0.0,2.1563471010419426,0.0,0.0,113.61835654824966,0.168357455357908,0.0,0.0,0.0,0.0,0.0,0.0,44.86851053237887,0.0,0.0,0.0,8.060666517913337,1.2118002451956225,0.0,263.5701636865735,0.5082123361527843,0.0,11.4663475304842,0.6721950080245628,0.0,0.0,0.0,0.0
0.0,0.0,0.0,0.6725874729454464,27.606002412736355,12.424521910026629,59.44547413066024,0.0,0.0,0.0,38.18083973713199,0.0,0.0,348.0198055133223,1.1212933447211957,0.0306272404268376,1.497327232360692,0.0,0.0,0.0,0.0,125.22842941284154,0.0,0.0,0.0,34.01845785379405,3.479601625353088,0.0,965.9694230616092,0.6109583839774114,0.0,39.00408864021297,1.313704939559084,0.0,0.0,0.0,0.0
0.0,0.0,0.0,3.4637956619262678,71.90672655403601,65.13041613250968,163.73043060898772,0.0,0.0,0.0,165.89541940167535,0.0,0.0,739.5712982863188,3.347977414727209,0.0894066840410224,12.37930243015284,0.0,0.0,0.0,0.0,280.7138168334959,0.0,0.0,0.0,86.27084184885025,7.215168495476246,0.0,1781.2877056717873,0.6519443362951057,0.0,135.944378554821,2.699074882082623,0.0,0.0,0.0,0.0
0.0,0.0,0.0,8.719505727291104,142.83536592125878,189.64322373270983,412.93008603751656,0.0,0.0,0.0,586.6498073190451,0.0,0.0,1054.567524343729,7.508371183276177,0.0977783240377892,29.494870543479877,0.0,0.0,0.0,0.0,480.466878890991,0.0,0.0,0.0,202.77324557304377,12.389621284604065,0.0,2333.559870052338,0.6499673806130757,0.0,303.35938477516174,4.663621891289942,0.0,0.0,0.0,0.0
0.0,0.0,0.0,18.776606261730198,394.3342003226279,238.68397852778435,608.2384162724018,0.0,0.0,0.0,976.103948995471,0.0,0.0,1146.8636821210384,15.452961525321006,0.4570546895265572,323.3681993842124,0.0,0.0,0.0,0.0,517.4009418487544,0.0,0.0,0.0,450.2444637537002,18.07194611728191,0.0,2536.5480894446378,61.817746463418,0.0,366.1873606443405,17.230815716087807,0.0,0.0,0.0,0.0
0.0,0.0,0.0,30.417725980281823,711.9098082780838,268.39140182733536,843.3122964382171,0.0,0.0,0.0,1340.926593434811,0.0,0.0,1181.4065705239773,0.0,0.8889529556035987,635.0705820798872,0.0,0.0,0.0,0.0,505.582428741455,0.0,0.0,0.0,553.831104183197,27.574347805976867,0.0,2635.4,191.0358693540096,0.0,0.0,0.0,0.0,0.0,0.0,0.0
0.0,0.0,0.0,38.22781276702881,0.0,280.4977912604809,0.0,0.0,0.0,0.0,1541.3702531039714,0.0,0.0,0.0,0.0,1.2189287021756168,854.0648632049559,0.0,0.0,0.0,0.0,505.2807079315184,0.0,0.0,0.0,0.0,31.83111988902092,0.0,0.0,234.82236244678495,0.0,0.0,0.0,0.0,0.0,0.0,0.0
0.0,0.0,0.0,0.0,0.0,272.3624248802662,0.0,0.0,0.0,0.0,0.0,0.0,0.0,0.0,0.0,0.0,956.6306754827498,0.0,0.0,0.0,0.0,0.0,0.0,0.0,0.0,0.0,0.0,0.0,0.0,239.4172877788544,0.0,0.0,0.0,0.0,0.0,0.0,0.0
0.0,0.0,0.0,31.60256040096283,0.0,240.0113787651062,0.0,0.0,0.0,0.0,0.0,0.0,0.0,0.0,20.58271225690841,0.0,0.0,0.0,0.0,0.0,0.0,0.0,0.0,0.0,0.0,0.0,0.0,0.0,0.0,235.9066128075123,0.0,0.0,0.0,0.0,0.0,0.0,0.0
0.0,0.0,0.0,0.0,0.0,0.0,0.0,0.0,0.0,0.0,0.0,0.0,0.0,0.0,0.0,0.0,0.0,0.0,0.0,0.0,0.0,0.0,0.0,0.0,0.0,0.0,0.0,0.0,0.0,0.0,0.0,0.0,0.0,0.0,0.0,0.0,0.0
0.0,0.0,0.0,0.0,0.0,0.0,0.0,0.0,0.0,0.0,0.0,0.0,0.0,0.0,0.0,0.0,0.0,0.0,0.0,0.0,0.0,0.0,0.0,0.0,0.0,0.0,0.0,0.0,0.0,0.0,0.0,0.0,0.0,0.0,0.0,0.0,0.0
0.0,0.0,0.0,0.0,0.0,0.0,0.0,0.0,0.0,0.0,0.0,0.0,0.0,0.0,0.0,0.0,0.0,0.0,0.0,0.0,0.0,0.0,0.0,0.0,0.0,0.0,0.0,0.0,0.0,0.0,0.0,0.0,0.0,0.0,0.0,0.0,0.0
0.0,0.0,0.0,0.0,0.0,0.0,0.0,0.0,0.0,0.0,0.0,0.0,0.0,0.0,0.0,0.0,0.0,0.0,0.0,0.0,0.0,0.0,0.0,0.0,0.0,0.0,0.0,0.0,0.0,0.0,0.0,0.0,0.0,0.0,0.0,0.0,0.0
0.0,0.0,0.0,0.0,0.0,0.0,0.0,0.0,0.0,0.0,0.0,0.0,0.0,0.0,0.0,0.0,0.0,0.0,0.0,0.0,0.0,0.0,0.0,0.0,0.0,0.0,0.0,0.0,0.0,0.0,0.0,0.0,0.0,0.0,0.0,0.0,0.0
0.0,0.0,0.0,0.0,0.0,0.0,0.0,0.0,0.0,0.0,0.0,0.0,0.0,0.0,0.0,0.0,0.0,0.0,0.0,0.0,0.0,0.0,0.0,0.0,0.0,0.0,0.0,0.0,0.0,0.0,0.0,0.0,0.0,0.0,0.0,0.0,0.0
0.0,0.0,0.0,0.0,0.0,0.0,0.0,0.0,0.0,0.0,0.0,0.0,0.0,0.0,0.0,0.0,0.0,0.0,0.0,0.0,0.0,0.0,0.0,0.0,0.0,0.0,0.0,0.0,0.0,0.0,0.0,0.0,0.0,0.0,0.0,0.0,0.0
0.0,0.0,0.0,0.0,0.0,0.0,0.0,0.0,0.0,0.0,0.0,0.0,0.0,0.0,0.0,0.0,0.0,0.0,0.0,0.0,0.0,0.0,0.0,0.0,0.0,0.0,0.0,0.0,0.0,0.0,0.0,0.0,0.0,0.0,0.0,0.0,0.0
0.0,0.0,0.0,0.0,0.0,0.0,0.0,0.0,0.0,0.0,0.0,0.0,0.0,0.0,0.0,0.0,0.0,0.0,0.0,0.0,0.0,0.0,0.0,0.0,0.0,0.0,0.0,0.0,0.0,0.0,0.0,0.0,0.0,0.0,0.0,0.0,0.0
0.0,0.0,0.0,0.0,0.0,0.0,0.0,0.0,0.0,0.0,0.0,0.0,0.0,0.0,0.0,0.0,0.0,0.0,0.0,0.0,0.0,0.0,0.0,0.0,0.0,0.0,0.0,0.0,0.0,0.0,0.0,0.0,0.0,0.0,0.0,0.0,0.0
0.0,0.0,0.0,0.0,0.0,0.0,0.0,0.0,0.0,0.0,0.0,0.0,0.0,0.0,0.0,0.0,0.0,0.0,0.0,0.0,0.0,0.0,0.0,0.0,0.0,0.0,0.0,0.0,0.0,0.0,0.0,0.0,0.0,0.0,0.0,0.0,0.0
0.0,0.0,0.0,0.0,0.0,0.0,0.0,0.0,0.0,0.0,0.0,0.0,0.0,0.0,0.0,0.0,0.0,0.0,0.0,0.0,0.0,0.0,0.0,0.0,0.0,0.0,0.0,0.0,0.0,0.0,0.0,0.0,0.3692515762522672,0.0,0.0,0.0,0.0
0.0,0.0,0.0,0.0,0.0,0.1533984001725674,0.0,0.0,0.0,0.0,1.639313421770863,0.0,0.0,0.0,0.0015787683427333,0.0234751095995299,0.0,0.0,0.0,0.0,0.0,21.88693008422808,0.0,0.0,0.0,0.0,0.0,0.0,0.0,0.2647304743528166,0.0,1.3506656140088693,0.4321514805778671,0.0,0.0,0.0,0.0
0.0,0.0,0.0,0.0259449817240192,0.0,0.0,0.0,0.0,0.0,0.0,1.626601311285023,0.0,0.0,0.0,0.0,0.0048345355316986,0.0,0.0,0.0,0.0,0.0,25.312990760802894,0.0,0.0,0.0,0.0,0.0,0.0,0.0,0.3000579401850519,0.0,1.463783606886818,0.0,0.0,0.0,0.0,0.0
0.0,0.0,0.0,0.0468892753124206,3.964199271053023,0.4649024587124557,7.94265748821199,0.0,0.0,0.0,2.542392430640742,0.0,0.0,17.556236386299098,0.0509714394807805,0.0,0.0,0.0,0.0,0.0,0.0,7.8888346672055,0.0,0.0,0.0,0.0,0.0,0.0,73.05620540380451,0.3373301446437446,0.0,2.9651939719915115,0.5716240899637111,0.0,0.0,0.0,0.0
0.0,0.0,0.0,0.471115704625842,23.99364612251504,3.557013041339773,49.464987528324016,0.0,0.0,0.0,23.453367062844123,0.0,0.0,57.85813740454601,0.2766377672553046,0.0,0.0,0.0,0.0,0.0,0.0,97.19432401657065,0.0,0.0,0.0,11.930779498815516,0.6147225966677063,0.0,530.9928832173347,0.4216948978602533,0.0,9.234720602631544,1.051535684615361,0.0,0.0,0.0,0.0
0.0,0.0,0.0,3.139143116772169,119.50937387347209,30.28247393667697,230.29517443478096,0.0,0.0,0.0,148.31245368048533,0.0,0.0,178.32891326397652,2.0575661279261106,0.0283701084554186,0.0,0.0,0.0,0.0,0.0,345.45616989135726,0.0,0.0,0.0,82.28946723937979,2.441536999866363,0.0,1437.0252035617827,0.5036960907280197,0.0,57.84355844557281,1.3051368584856364,0.0,0.0,0.0,0.0
0.0,0.0,0.0,9.135899454355236,311.38020443916304,148.67284521460533,674.022628340125,0.0,0.0,0.0,579.9883647590875,0.0,0.0,439.2528408020735,5.592998550832269,0.1455353060737251,3.048953413963232,0.0,0.0,0.0,0.0,780.2863418579102,0.0,0.0,0.0,273.85250692367555,6.622742933034894,0.0,2082.683764576912,0.5592090062796844,0.0,215.08969217538836,1.446094740182145,0.0,0.0,0.0,0.0
0.0,0.0,0.0,20.078716993331906,633.7323273420334,266.4160699546337,1078.2908880829812,0.0,0.0,0.0,1332.640984338522,0.0,0.0,756.5904992818832,0.0,0.1948101185262193,9.021715259551897,0.0,0.0,0.0,0.0,1392.8519012451172,0.0,0.0,0.0,534.0590472221375,14.591750028729434,0.0,2436.7649963140484,0.5457012735307042,0.0,365.9974013566971,1.2263920484110502,0.0,0.0,0.0,0.0
0.0,0.0,0.0,35.598694801330566,1029.610373020172,301.4318433701992,1306.608621710539,0.0,0.0,0.0,1801.0045845150948,0.0,0.0,903.0475206673144,0.0,0.5892853885889048,209.33685141801817,0.0,0.0,0.0,0.0,517.4009418487544,0.0,0.0,0.0,606.6178535461426,28.802054423093796,0.0,2569.863785052299,42.574027637392255,0.0,414.3416094779968,7.731083873659357,0.0,0.0,0.0,0.0
0.0,0.0,0.0,30.417725980281823,711.9098082780838,323.7520316541195,1426.5023433923718,0.0,0.0,0.0,2105.554661041498,0.0,0.0,997.142385095358,24.284546130895613,0.6888913661241521,406.2076201438903,0.0,0.0,0.0,0.0,505.582428741455,0.0,0.0,0.0,632.0512978553772,39.8575832247734,0.0,2596.9979866147046,152.26082711815832,0.0,429.78705060482025,21.08911821246145,0.0,0.0,0.0,0.0
0.0,0.0,0.0,38.22781276702881,0.0,329.648991972208,1452.2253481864927,0.0,0.0,0.0,2215.3969245493413,0.0,0.0,0.0,0.0,0.7295598648488515,589.6131687402724,0.0,0.0,0.0,0.0,505.2807079315184,0.0,0.0,0.0,0.0,0.0,0.0,2530.672120046615,214.39780359864235,0.0,424.1094782352448,29.93948343396187,0.0,0.0,0.0,0.0
0.0,0.0,0.0,0.0,0.0,0.0,0.0,0.0,0.0,0.0,0.0,0.0,0.0,0.0,0.0,0.8742302209138861,695.743345451355,0.0,0.0,0.0,0.0,0.0,0.0,0.0,0.0,0.0,0.0,0.0,2429.5126737236983,230.30215725302696,0.0,0.0,0.0,0.0,0.0,0.0,0.0
0.0,0.0,0.0,0.0,0.0,286.15025359392166,0.0,0.0,0.0,0.0,1979.9127126932144,0.0,0.0,0.0,0.0,0.0,0.0,0.0,0.0,0.0,0.0,1485.9039978027345,0.0,0.0,0.0,0.0,0.0,0.0,0.0,0.0,0.0,0.0,0.0,0.0,0.0,0.0,0.0
0.0,0.0,0.0,0.0,0.0,0.0,0.0,0.0,0.0,0.0,0.0,0.0,0.0,0.0,0.0,0.0,0.0,0.0,0.0,0.0,0.0,0.0,0.0,0.0,0.0,0.0,0.0,0.0,0.0,0.0,0.0,0.0,0.0,0.0,0.0,0.0,0.0
0.0,0.0,0.0,0.0,0.0,0.0,0.0,0.0,0.0,0.0,0.0,0.0,0.0,0.0,0.0,0.0,0.0,0.0,0.0,0.0,0.0,0.0,0.0,0.0,0.0,0.0,0.0,0.0,0.0,0.0,0.0,0.0,0.0,0.0,0.0,0.0,0.0
0.0,0.0,0.0,0.0,0.0,0.0,0.0,0.0,0.0,0.0,0.0,0.0,0.0,0.0,0.0,0.0,0.0,0.0,0.0,0.0,0.0,0.0,0.0,0.0,0.0,0.0,0.0,0.0,0.0,0.0,0.0,0.0,0.0,0.0,0.0,0.0,0.0
0.0,0.0,0.0,0.0,0.0,0.0,0.0,0.0,0.0,0.0,0.0,0.0,0.0,0.0,0.0,0.0,0.0,0.0,0.0,0.0,0.0,0.0,0.0,0.0,0.0,0.0,0.0,0.0,0.0,0.0,0.0,0.0,0.0,0.0,0.0,0.0,0.0
0.0,0.0,0.0,0.0,0.0,0.0,0.0,0.0,0.0,0.0,0.0,0.0,0.0,0.0,0.0,0.0,0.0,0.0,0.0,0.0,0.0,0.0,0.0,0.0,0.0,0.0,0.0,0.0,0.0,0.0,0.0,0.0,0.0,0.0,0.0,0.0,0.0
0.0,0.0,0.0,0.0,0.0,0.0,0.0,0.0,0.0,0.0,0.0,0.0,0.0,0.0,0.0,0.0,0.0,0.0,0.0,0.0,0.0,0.0,0.0,0.0,0.0,0.0,0.0,0.0,0.0,0.0,0.0,0.0,0.0,0.0,0.0,0.0,0.0
0.0,0.0,0.0,0.0,0.0,0.0,0.0,0.0,0.0,0.0,0.0,0.0,0.0,0.0,0.0,0.0,0.0,0.0,0.0,0.0,0.0,0.0,0.0,0.0,0.0,0.0,0.0,0.0,0.0,0.0,0.0,0.0,0.0,0.0,0.0,0.0,0.0
0.0,0.0,0.0,0.0,0.0,0.0,0.0,0.0,0.0,0.0,0.0,0.0,0.0,0.0,0.0,0.0,0.0,0.0,0.0,0.0,0.0,0.0,0.0,0.0,0.0,0.0,0.0,0.0,0.0,0.0,0.0,0.0,0.0,0.0,0.0,0.0,0.0
0.0,0.0,0.0,0.0,0.0,0.0,0.0,0.0,0.0,0.0,0.0,0.0,0.0,0.0,0.0,0.0,0.0,0.0,0.0,0.0,0.0,0.0,0.0,0.0,0.0,0.0,0.0,0.0,0.0,0.0,0.0,0.0,0.0,0.0,0.0,0.0,0.0
0.0,0.0,0.0,0.0,0.0,0.0,0.0,0.0,0.0,0.0,0.0,0.0,0.0,0.0,0.0,0.0,0.0,0.0,0.0,0.0,0.0,0.0,0.0,0.0,0.0,0.0,0.0,0.0,0.0,0.0,0.0,0.0,0.0,0.0,0.0,0.0,0.0
0.0,0.0,0.0,0.0,0.0,0.0,0.0,0.0,0.0,0.0,0.0,0.0,0.0,0.0,0.0,0.0,0.0,0.0,0.0,0.0,0.0,0.0,0.0,0.0,0.0,0.0,0.0,0.0,0.0,0.0,0.0,0.0,0.0,0.0,0.0,0.0,0.0
0.0,0.0,0.0,0.0,0.0,0.0,0.0,0.0,0.0,0.0,0.0,0.0,0.0,0.0,0.0,0.0,0.0,0.0,0.0,0.0,0.0,0.0,0.0,0.0,0.0,0.0,0.0,0.0,0.0,0.0,0.0,0.0,0.0,0.0,0.0,0.0,0.0
0.0,0.0,0.0,0.0,1.684687782078862,0.0,3.089142108336084,0.0,0.0,0.0,1.731226706038988,0.0,0.0,0.0,0.0,0.0,1.3151867389678102,0.0,0.0,0.0,0.0,33.09430322647057,0.0,0.0,0.0,0.0,0.0,0.0,0.0,0.2879736155271379,0.0,0.0,0.2529760114848548,0.0,0.0,0.0,0.0
0.0,0.0,0.0,0.0,2.654348347335938,0.0,3.2438612911850084,0.0,0.0,0.0,1.7033804243429267,0.0,0.0,2.8145932871847927,0.0,0.0103717362508174,2.1237875699995024,0.0,0.0,0.0,0.0,44.50504169464092,0.0,0.0,0.0,1.1092570710926648,0.7816475886851497,0.0,0.0,0.3366682305931675,0.0,0.0,0.0,0.0,0.0,0.0,0.0
0.0,0.0,0.0,0.0645649097859802,4.863211009651299,0.2729037096723481,10.639765757322287,0.0,0.0,0.0,2.06237411159074,0.0,0.0,32.926097540184834,0.0,0.0,0.0,0.0,0.0,0.0,0.0,28.53262205123901,0.0,0.0,0.0,0.0,1.19154880456626,0.0,100.006601296365,0.3886314123868877,0.0,3.571155667304961,0.2338658533990232,0.0,0.0,0.0,0.0
0.0,0.0,0.0,0.6914003361016462,12.867567386478,2.903128720354283,46.8789859240874,0.0,0.0,0.0,24.39674594122915,0.0,0.0,97.66512323170896,0.7327068585902431,0.0,0.0,0.0,0.0,0.0,0.0,62.85713272094717,0.0,0.0,0.0,12.042973144352358,3.7714025750756233,0.0,715.188273704052,0.4903816603123956,0.0,18.012161046266552,0.4743921011686275,0.0,0.0,0.0,0.0
0.0,0.0,0.0,3.4566899314522708,61.03391745686514,28.751357536762946,204.54526491314164,0.0,0.0,0.0,155.15754057168948,0.0,0.0,271.31112612783903,3.0711670473217945,0.0059319194406264,0.0,0.0,0.0,0.0,0.0,171.63133811950664,0.0,0.0,0.0,72.28147575855253,9.74500413239002,0.0,1533.84965569973,0.5916076488792784,0.0,81.1135397851467,0.6885024411603715,0.0,0.0,0.0,0.0
0.0,0.0,0.0,9.053917825222014,168.1293248832224,146.60509805381295,569.3121034443378,0.0,0.0,0.0,601.3190445840359,0.0,0.0,554.0285980701447,0.0,0.0819156970828768,4.8482342839239205,0.0,0.0,0.0,0.0,371.13717041015593,0.0,0.0,0.0,242.08982622623444,20.46315293610096,0.0,2108.872646176815,0.6298756532370905,0.0,252.1194816231728,0.7148981560021458,0.0,0.0,0.0,0.0
0.0,0.0,0.0,19.447037994861603,315.7018237113952,267.8311882019043,907.397136104107,0.0,0.0,0.0,1358.5942867815495,0.0,0.0,866.015067845583,15.076591730117798,0.1142086815088986,10.589459526538674,0.0,0.0,0.0,0.0,650.8397964477538,0.0,0.0,0.0,465.74512395858767,39.200508600473405,0.0,2413.679271221161,0.6121679879724845,0.0,378.19577300548553,0.5338095426559185,0.0,0.0,0.0,0.0
0.0,0.0,0.0,32.97794711589813,565.5663349628448,303.7588989138603,1112.7172435700893,0.0,0.0,0.0,1835.8787328660487,0.0,0.0,986.2540005147456,22.010730582475663,0.4657037779688827,224.47663643360124,0.0,0.0,0.0,0.0,856.2360595703124,0.0,0.0,0.0,556.6469394207,51.45960259437561,0.0,2544.790814554691,54.978663048148135,0.0,411.4874119758606,3.944444742985065,0.0,0.0,0.0,0.0
0.0,0.0,0.0,44.03016126155853,786.2031921148299,327.7999942600727,1225.5461056649683,0.0,0.0,0.0,2146.272201472521,0.0,0.0,1061.4618988335133,25.588499468564983,0.616246607154607,450.2506561696528,0.0,0.0,0.0,0.0,1115.8000183105469,0.0,0.0,0.0,603.2349751472473,58.49898923635483,0.0,2598.759819233418,181.98988248705865,0.0,419.79578053951263,13.37809847667812,0.0,0.0,0.0,0.0
0.0,0.0,0.0,38.22781276702881,950.6534492969512,334.2701289653778,1263.9559927880764,0.0,0.0,0.0,2266.926103293896,0.0,0.0,0.0,26.619784319400782,0.861991979181766,657.3343769788742,0.0,0.0,0.0,0.0,1295.4527435302732,0.0,0.0,0.0,617.0320025444031,60.637482249736784,0.0,2598.185998392105,235.54655499458312,0.0,411.9447997808456,19.710028000175956,0.0,0.0,0.0,0.0
0.0,0.0,0.0,0.0,1025.3363653421402,324.3524582386017,1231.609121143818,0.0,0.0,0.0,2200.152326017618,0.0,0.0,0.0,0.0,0.0,763.2219856977462,0.0,0.0,0.0,0.0,1309.7647735595704,0.0,0.0,0.0,597.2375502586365,59.0441774725914,0.0,2566.348445165157,0.0,0.0,389.9200358390808,0.0,0.0,0.0,0.0,0.0
0.0,0.0,0.0,0.0,0.0,0.0,0.0,0.0,0.0,0.0,0.0,0.0,0.0,0.0,0.0,0.0,664.3902986764907,0.0,0.0,0.0,0.0,0.0,0.0,0.0,0.0,0.0,0.0,0.0,0.0,0.0,0.0,0.0,0.0,0.0,0.0,0.0,0.0
0.0,0.0,0.0,0.0,0.0,0.0,0.0,0.0,0.0,0.0,0.0,0.0,0.0,0.0,0.0,0.0,529.9348238229751,0.0,0.0,0.0,0.0,0.0,0.0,0.0,0.0,0.0,0.0,0.0,0.0,0.0,0.0,0.0,0.0,0.0,0.0,0.0,0.0
0.0,0.0,0.0,0.0,0.0,0.0,0.0,0.0,0.0,0.0,0.0,0.0,0.0,0.0,0.0,0.0,0.0,0.0,0.0,0.0,0.0,0.0,0.0,0.0,0.0,0.0,0.0,0.0,0.0,0.0,0.0,0.0,0.0,0.0,0.0,0.0,0.0
0.0,0.0,0.0,0.0,0.0,0.0,0.0,0.0,0.0,0.0,0.0,0.0,0.0,0.0,0.0,0.0,0.0,0.0,0.0,0.0,0.0,0.0,0.0,0.0,0.0,0.0,0.0,0.0,0.0,0.0,0.0,0.0,0.0,0.0,0.0,0.0,0.0
0.0,0.0,0.0,0.0,0.0,0.0,0.0,0.0,0.0,0.0,0.0,0.0,0.0,0.0,0.0,0.0,0.0,0.0,0.0,0.0,0.0,0.0,0.0,0.0,0.0,0.0,0.0,0.0,0.0,0.0,0.0,0.0,0.0,0.0,0.0,0.0,0.0
0.0,0.0,0.0,0.0,0.0,0.0,0.0,0.0,0.0,0.0,0.0,0.0,0.0,0.0,0.0,0.0,0.0,0.0,0.0,0.0,0.0,0.0,0.0,0.0,0.0,0.0,0.0,0.0,0.0,0.0,0.0,0.0,0.0,0.0,0.0,0.0,0.0
0.0,0.0,0.0,0.0,0.0,0.0,0.0,0.0,0.0,0.0,0.0,0.0,0.0,0.0,0.0,0.0,0.0,0.0,0.0,0.0,0.0,0.0,0.0,0.0,0.0,0.0,0.0,0.0,0.0,0.0,0.0,0.0,0.0,0.0,0.0,0.0,0.0
0.0,0.0,0.0,0.0,0.0,0.0,0.0,0.0,0.0,0.0,0.0,0.0,0.0,0.0,0.0,0.0,0.0,0.0,0.0,0.0,0.0,0.0,0.0,0.0,0.0,0.0,0.0,0.0,0.0,0.0,0.0,0.0,0.0,0.0,0.0,0.0,0.0
0.0,0.0,0.0,0.0,0.0,0.0,0.0,0.0,0.0,0.0,0.0,0.0,0.0,0.0,0.0,0.0,0.0,0.0,0.0,0.0,0.0,0.0,0.0,0.0,0.0,0.0,0.0,0.0,0.0,0.0,0.0,0.0,0.0,0.0,0.0,0.0,0.0
0.0,0.0,0.0,0.0,0.0,0.0,0.0,0.0,0.0,0.0,0.0,0.0,0.0,0.0,0.0,0.0,0.0,0.0,0.0,0.0,0.0,0.0,0.0,0.0,0.0,0.0,0.0,0.0,0.0,0.0,0.0,0.0,0.0,0.0,0.0,0.0,0.0
0.0,0.0,0.0,0.0,0.0,0.0,0.0,0.0,0.0,0.0,0.0,0.0,0.0,0.0,0.0,0.0,0.0,0.0,0.0,0.0,0.0,0.0,0.0,0.0,0.0,0.0,0.0,0.0,0.0,0.0,0.0,0.0,0.0,0.0,0.0,0.0,0.0
0.0,0.0,0.0,0.0,0.0,0.0,0.0,0.0,0.0,0.0,0.0,0.0,0.0,0.0,0.0,0.0,0.0,0.0,0.0,0.0,0.0,0.0,0.0,0.0,0.0,0.0,0.0,0.0,0.0,0.0,0.0,0.0,0.0,0.0,0.0,0.0,0.0
0.0,0.0,0.0,0.0,0.0,0.0,0.0,0.0,0.0,0.0,0.0,0.0,0.0,0.0,0.0,0.0,0.0,0.0,0.0,0.0,0.0,0.0,0.0,0.0,0.0,0.0,0.0,0.0,0.0,0.0,0.0,0.0,0.0,0.0,0.0,0.0,0.0
0.0,0.0,0.0,0.0,0.0,0.0,0.0,0.0,0.0,0.0,1.7526713731696768,0.0,0.0,3.836929970420829,0.0,0.0158874588087189,0.0,0.0,0.0,0.0,0.0,6.114514636993254,0.0,0.0,0.0,0.0,0.0,0.0,0.0,0.0,0.0,0.0,0.1190630085766245,0.0,0.0,0.0,0.0
0.0,0.0,0.0,0.0270121116191122,0.0,0.0,3.435293980687784,0.0,0.0,0.0,1.7649331880265502,0.0,0.0,3.1558255152776167,0.0315659523010221,0.0,0.0,0.0,0.0,0.0,0.0,8.900551700592041,0.0,0.0,0.0,0.0,0.0,0.0,0.0,0.0,0.0,2.030136063694925,0.0,0.0,0.0,0.0,0.0
0.0,0.0,0.0,0.042832091450687,4.944986287504429,0.5401782537810397,7.15980244912193,0.0,0.0,0.0,9.620518434792626,0.0,0.0,27.471636957488823,0.0,0.0,0.0,0.0,0.0,0.0,0.0,0.0,0.0,0.0,0.0,0.0,0.0,0.0,83.30002859458315,0.3961702033876985,0.0,4.616555199027018,0.8928153868764487,0.0,0.0,0.0,0.0
0.0,0.0,0.0,0.4079165086150132,20.4990595541894,2.15307702729477,33.45063412412986,0.0,0.0,0.0,45.669215785339375,0.0,0.0,69.23115465790032,0.0,0.0,0.0,0.0,0.0,0.0,0.0,60.00056285858134,0.0,0.0,0.0,7.046317037567448,0.0,0.0,610.6667210638522,0.4562696561217011,0.0,20.287066146731327,1.447025525383631,0.0,0.0,0.0,0.0
0.0,0.0,0.0,2.649886839091778,110.77471160888652,23.009710125625126,178.2966999530791,0.0,0.0,0.0,206.5850393846631,0.0,0.0,185.52739309147,0.0,0.036987028084695,0.0,0.0,0.0,0.0,0.0,299.74161376953083,0.0,0.0,0.0,57.69936706423752,0.721600860916074,0.0,1591.8357204318047,0.5303073786199042,0.0,95.46585384011269,5.1969664506614,0.0,0.0,0.0,0.0
0.0,0.0,0.0,7.627020165324208,296.6496501564979,125.81373408436772,0.0,0.0,0.0,0.0,742.1740601748228,0.0,0.0,441.49544268846506,0.0,0.1776360766962158,3.194629037380026,0.0,0.0,0.0,0.0,801.6448616027828,0.0,0.0,0.0,186.70555566549305,2.637502067908644,0.0,2238.57123619318,0.5957519337534607,0.0,281.1857105493545,18.469428583979585,0.0,0.0,0.0,0.0
0.0,0.0,0.0,16.755220532417297,600.3127719163894,254.47510987520215,1064.614582699537,0.0,0.0,0.0,1514.5887287974358,0.0,0.0,767.0100875198841,0.0,0.2647800352424383,8.413579285144701,0.0,0.0,0.0,0.0,1562.5741516113278,0.0,0.0,0.0,409.2009128570556,5.043259699642651,0.0,2578.4767526268965,0.5882687903940538,0.0,401.013959646225,0.5338095426559185,0.0,0.0,0.0,0.0
0.0,0.0,0.0,30.895441710948944,962.730208992958,292.4623841047287,1277.085318487883,0.0,0.0,0.0,1994.77730833292,0.0,0.0,904.7428900003432,0.0,0.6628696173429487,166.89670689105972,0.0,0.0,0.0,0.0,856.2360595703124,0.0,0.0,0.0,523.9741525650024,9.709365606307976,0.0,2635.4,34.19002218395469,0.0,425.1940833330154,3.944444742985065,0.0,0.0,0.0,0.0
0.0,0.0,0.0,42.953248023986816,1210.0236310958862,317.02922862768173,0.0,0.0,0.0,0.0,2275.3,0.0,0.0,990.2904380857944,0.0,0.8542039543390262,320.0237273097037,0.0,0.0,0.0,0.0,1115.8000183105469,0.0,0.0,0.0,554.3916871547699,15.841742613911627,0.0,2635.4,125.3663454502821,0.0,423.197106719017,13.37809847667812,0.0,0.0,0.0,0.0
0.0,0.0,0.0,50.08960855007172,950.6534492969512,323.89332258701324,0.0,0.0,0.0,0.0,2275.3,0.0,0.0,1019.8025745153428,27.95077625513077,0.8908640518784512,468.9568893253801,0.0,0.0,0.0,0.0,1295.4527435302732,0.0,0.0,0.0,530.7915370464325,21.164483425021167,0.0,2635.4,207.2116429150105,0.0,412.64909160137177,19.710028000175956,0.0,0.0,0.0,0.0
0.0,0.0,0.0,0.0,0.0,314.8480947613716,0.0,0.0,0.0,0.0,2275.3,0.0,0.0,0.0,0.0,0.8829287067055702,578.3169035911559,0.0,0.0,0.0,0.0,1309.7647735595704,0.0,0.0,0.0,0.0,0.0,0.0,2626.815150117874,0.0,0.0,390.02158188819885,0.0,0.0,0.0,0.0,0.0
0.0,0.0,0.0,45.09473896026611,1148.6763126850128,0.0,0.0,0.0,0.0,0.0,2212.879981768131,0.0,0.0,0.0,23.757598918676376,0.0,0.0,0.0,0.0,0.0,0.0,1595.3793212890623,0.0,0.0,0.0,0.0,0.0,0.0,0.0,0.0,0.0,0.0,0.0,0.0,0.0,0.0,0.0
0.0,0.0,0.0,0.0,0.0,0.0,0.0,0.0,0.0,0.0,0.0,0.0,0.0,0.0,0.0,0.0,0.0,0.0,0.0,0.0,0.0,0.0,0.0,0.0,0.0,0.0,0.0,0.0,0.0,0.0,0.0,0.0,0.0,0.0,0.0,0.0,0.0
0.0,0.0,0.0,0.0,0.0,0.0,0.0,0.0,0.0,0.0,0.0,0.0,0.0,0.0,0.0,0.0,0.0,0.0,0.0,0.0,0.0,0.0,0.0,0.0,0.0,0.0,0.0,0.0,0.0,0.0,0.0,0.0,0.0,0.0,0.0,0.0,0.0
0.0,0.0,0.0,0.0,0.0,0.0,0.0,0.0,0.0,0.0,0.0,0.0,0.0,0.0,0.0,0.0,0.0,0.0,0.0,0.0,0.0,0.0,0.0,0.0,0.0,0.0,0.0,0.0,0.0,0.0,0.0,0.0,0.0,0.0,0.0,0.0,0.0
0.0,0.0,0.0,0.0,0.0,0.0,0.0,0.0,0.0,0.0,0.0,0.0,0.0,0.0,0.0,0.0,0.0,0.0,0.0,0.0,0.0,0.0,0.0,0.0,0.0,0.0,0.0,0.0,0.0,0.0,0.0,0.0,0.0,0.0,0.0,0.0,0.0
0.0,0.0,0.0,0.0,0.0,0.0,0.0,0.0,0.0,0.0,0.0,0.0,0.0,0.0,0.0,0.0,0.0,0.0,0.0,0.0,0.0,0.0,0.0,0.0,0.0,0.0,0.0,0.0,0.0,0.0,0.0,0.0,0.0,0.0,0.0,0.0,0.0
0.0,0.0,0.0,0.0,0.0,0.0,0.0,0.0,0.0,0.0,0.0,0.0,0.0,0.0,0.0,0.0,0.0,0.0,0.0,0.0,0.0,0.0,0.0,0.0,0.0,0.0,0.0,0.0,0.0,0.0,0.0,0.0,0.0,0.0,0.0,0.0,0.0
0.0,0.0,0.0,0.0,0.0,0.0,0.0,0.0,0.0,0.0,0.0,0.0,0.0,0.0,0.0,0.0,0.0,0.0,0.0,0.0,0.0,0.0,0.0,0.0,0.0,0.0,0.0,0.0,0.0,0.0,0.0,0.0,0.0,0.0,0.0,0.0,0.0
0.0,0.0,0.0,0.0,0.0,0.0,0.0,0.0,0.0,0.0,0.0,0.0,0.0,0.0,0.0,0.0,0.0,0.0,0.0,0.0,0.0,0.0,0.0,0.0,0.0,0.0,0.0,0.0,0.0,0.0,0.0,0.0,0.0,0.0,0.0,0.0,0.0
0.0,0.0,0.0,0.0,0.0,0.0,0.0,0.0,0.0,0.0,0.0,0.0,0.0,0.0,0.0,0.0,0.0,0.0,0.0,0.0,0.0,0.0,0.0,0.0,0.0,0.0,0.0,0.0,0.0,0.0,0.0,0.0,0.0,0.0,0.0,0.0,0.0
0.0,0.0,0.0,0.0,0.0,0.0,0.0,0.0,0.0,0.0,0.0,0.0,0.0,0.0,0.0,0.0,0.0,0.0,0.0,0.0,0.0,0.0,0.0,0.0,0.0,0.0,0.0,0.0,0.0,0.0,0.0,0.0,0.0,0.0,0.0,0.0,0.0
0.0,0.0,0.0,0.0,0.0,0.0,0.0,0.0,0.0,0.0,0.0,0.0,0.0,0.0,0.0,0.0,0.0,0.0,0.0,0.0,0.0,0.0,0.0,0.0,0.0,0.0,0.0,0.0,0.0,0.0,0.0,0.0,0.0,0.0,0.0,0.0,0.0
0.0,0.0,0.0,0.0,0.0,0.0,0.0,0.0,0.0,0.0,0.0,0.0,0.0,0.0,0.0,0.0,0.0,0.0,0.0,0.0,0.0,0.0,0.0,0.0,0.0,0.0,0.0,0.0,0.0,0.0,0.0,0.0,0.0,0.0,0.0,0.0,0.0
0.0,0.0,0.0,0.0,1.565217364579296,0.0,0.0,0.0,0.0,0.0,0.0,0.0,0.0,0.9314527641981348,0.0,0.0,0.0,0.0,0.0,0.0,0.0,16.19074878692623,0.0,0.0,0.0,0.0,0.0,0.0,0.0,0.0,0.0,0.0,0.1530018765479181,0.0,0.0,0.0,0.0
0.0,0.0,0.0,0.0,2.3280079178510387,0.0,0.14073416441679,0.0,0.0,0.0,1.655246470402782,0.0,0.0,0.0186701398342847,0.0,0.0126742944121352,0.0,0.0,0.0,0.0,0.0,24.56794033050501,0.0,0.0,0.0,0.4804715707898017,0.0,0.0,0.0,0.0,0.0,0.0,0.0,0.0,0.0,0.0,0.0
0.0,0.0,0.0,0.039680937305088,4.392301600426238,0.0,9.809566784277468,0.0,0.0,0.0,2.311211714241468,0.0,0.0,20.87509700562805,0.0,0.0,0.0,0.0,0.0,0.0,0.0,0.0,0.0,0.0,0.0,5.519507952779523,0.0,0.0,132.29309511035677,0.3925238184630759,0.0,0.0,0.9985993569716628,0.0,0.0,0.0,0.0
0.0,0.0,0.0,0.4318607589229882,26.702365491539087,0.0,57.28495877906669,0.0,0.0,0.0,10.782219705451212,0.0,0.0,79.73940472118545,0.0,0.0,0.0,0.0,0.0,0.0,0.0,117.2532663345334,0.0,0.0,0.0,41.22525719404218,0.7944677820429131,0.0,933.4963157355784,0.5360947333276137,0.0,0.0,2.504480741918073,0.0,0.0,0.0,0.0
0.0,0.0,0.0,3.0304749831557243,130.73070141673077,0.0,256.6231842726469,0.0,0.0,0.0,89.44182452410446,0.0,0.0,254.6593871712684,0.0,0.0297375312075009,7.534745275974274,0.0,0.0,0.0,0.0,495.1891025543212,0.0,0.0,0.0,174.25238233804703,2.9982592854648806,0.0,1963.37741086483,0.6380851447582195,0.0,0.0,8.335684392601227,0.0,0.0,0.0,0.0
0.0,0.0,0.0,8.950147598981854,339.092958509922,107.55059690773484,735.0850267291067,0.0,0.0,0.0,376.62629779726257,0.0,0.0,593.2884480804204,0.0,0.1957777859643099,20.051082074642157,0.0,0.0,0.0,0.0,1223.3922943115235,0.0,0.0,0.0,490.55171451568606,8.147446291148654,0.0,2564.787206363678,0.6833266772329434,0.0,0.0,30.153917133808125,0.0,0.0,0.0,0.0
0.0,0.0,0.0,19.674809396266937,690.6826046705245,244.55235597491264,1155.810230576992,0.0,0.0,0.0,1062.5916307657958,0.0,0.0,926.9874539971352,0.0,0.3405703641474238,49.91746529340735,0.0,0.0,0.0,0.0,1562.5741516113278,0.0,0.0,0.0,707.7130948543548,18.53837986886501,0.0,2635.4,0.6771117143332869,0.0,0.0,0.5338095426559185,0.0,0.0,0.0,0.0
0.0,0.0,0.0,35.00543594360352,1082.1875727176666,284.36007165908813,1372.4654108107093,0.0,0.0,0.0,1572.163235491514,0.0,0.0,1043.75844091177,0.0,1.1372255831956863,360.4111141562461,0.0,0.0,0.0,0.0,856.2360595703124,0.0,0.0,0.0,759.7181612491607,34.58486950993538,0.0,2635.4,63.88517349511382,0.0,0.0,3.944444742985065,0.0,0.0,0.0,0.0
0.0,0.0,0.0,47.61665451526642,1315.7240188121796,308.50844591856,1471.177790766954,0.0,0.0,0.0,1935.269560658932,0.0,0.0,1103.5052555799484,0.0,0.8542039543390262,680.5897711992262,0.0,0.0,0.0,0.0,1115.8000183105469,0.0,0.0,0.0,762.1269506931305,44.75110770463944,0.0,0.0,201.99585391879083,0.0,0.0,13.37809847667812,0.0,0.0,0.0,0.0
0.0,0.0,0.0,55.33153998851776,1441.15225481987,315.9204314649105,1488.49047293663,0.0,0.0,0.0,2093.940568369627,0.0,0.0,0.0,0.0,0.8908640518784512,888.5334194421768,0.0,0.0,0.0,0.0,1295.4527435302732,0.0,0.0,0.0,743.2521064281464,49.4138121843338,0.0,0.0,243.9515044629574,0.0,446.0996519327164,0.0,0.0,0.0,0.0,0.0
0.0,0.0,0.0,0.0,1463.679790973663,0.0,0.0,0.0,0.0,0.0,0.0,0.0,0.0,0.0,0.0,0.0,971.9372183322904,0.0,0.0,0.0,0.0,1309.7647735595704,0.0,0.0,0.0,708.0002502918244,0.0,0.0,0.0,0.0,0.0,0.0,0.0,0.0,0.0,0.0,0.0
0.0,0.0,0.0,0.0,1262.1630563735962,0.0,0.0,0.0,0.0,0.0,0.0,0.0,0.0,0.0,24.114948177337645,0.0,0.0,0.0,0.0,0.0,0.0,0.0,0.0,0.0,0.0,0.0,0.0,0.0,0.0,0.0,0.0,0.0,0.0,0.0,0.0,0.0,0.0
0.0,0.0,0.0,0.0,0.0,0.0,0.0,0.0,0.0,0.0,0.0,0.0,0.0,0.0,0.0,0.0,0.0,0.0,0.0,0.0,0.0,0.0,0.0,0.0,0.0,0.0,0.0,0.0,0.0,0.0,0.0,0.0,0.0,0.0,0.0,0.0,0.0
0.0,0.0,0.0,0.0,0.0,0.0,0.0,0.0,0.0,0.0,0.0,0.0,0.0,0.0,0.0,0.0,0.0,0.0,0.0,0.0,0.0,0.0,0.0,0.0,0.0,0.0,0.0,0.0,0.0,0.0,0.0,0.0,0.0,0.0,0.0,0.0,0.0
0.0,0.0,0.0,0.0,0.0,0.0,0.0,0.0,0.0,0.0,0.0,0.0,0.0,0.0,0.0,0.0,0.0,0.0,0.0,0.0,0.0,0.0,0.0,0.0,0.0,0.0,0.0,0.0,0.0,0.0,0.0,0.0,0.0,0.0,0.0,0.0,0.0
0.0,0.0,0.0,0.0,0.0,0.0,0.0,0.0,0.0,0.0,0.0,0.0,0.0,0.0,0.0,0.0,0.0,0.0,0.0,0.0,0.0,0.0,0.0,0.0,0.0,0.0,0.0,0.0,0.0,0.0,0.0,0.0,0.0,0.0,0.0,0.0,0.0
0.0,0.0,0.0,0.0,0.0,0.0,0.0,0.0,0.0,0.0,0.0,0.0,0.0,0.0,0.0,0.0,0.0,0.0,0.0,0.0,0.0,0.0,0.0,0.0,0.0,0.0,0.0,0.0,0.0,0.0,0.0,0.0,0.0,0.0,0.0,0.0,0.0
0.0,0.0,0.0,0.0,0.0,0.0,0.0,0.0,0.0,0.0,0.0,0.0,0.0,0.0,0.0,0.0,0.0,0.0,0.0,0.0,0.0,0.0,0.0,0.0,0.0,0.0,0.0,0.0,0.0,0.0,0.0,0.0,0.0,0.0,0.0,0.0,0.0
0.0,0.0,0.0,0.0,0.0,0.0,0.0,0.0,0.0,0.0,0.0,0.0,0.0,0.0,0.0,0.0,0.0,0.0,0.0,0.0,0.0,0.0,0.0,0.0,0.0,0.0,0.0,0.0,0.0,0.0,0.0,0.0,0.0,0.0,0.0,0.0,0.0
0.0,0.0,0.0,0.0,0.0,0.0,0.0,0.0,0.0,0.0,0.0,0.0,0.0,0.0,0.0,0.0,0.0,0.0,0.0,0.0,0.0,0.0,0.0,0.0,0.0,0.0,0.0,0.0,0.0,0.0,0.0,0.0,0.0,0.0,0.0,0.0,0.0
0.0,0.0,0.0,0.0,0.0,0.0,0.0,0.0,0.0,0.0,0.0,0.0,0.0,0.0,0.0,0.0,0.0,0.0,0.0,0.0,0.0,0.0,0.0,0.0,0.0,0.0,0.0,0.0,0.0,0.0,0.0,0.0,0.0,0.0,0.0,0.0,0.0
0.0,0.0,0.0,0.0,0.0,0.0,0.0,0.0,0.0,0.0,0.0,0.0,0.0,0.0,0.0,0.0,0.0,0.0,0.0,0.0,0.0,0.0,0.0,0.0,0.0,0.0,0.0,0.0,0.0,0.0,0.0,0.0,0.0,0.0,0.0,0.0,0.0
0.0,0.0,0.0,0.0,0.0,0.0,0.0,0.0,0.0,0.0,0.0,0.0,0.0,0.0,0.0,0.0,0.0,0.0,0.0,0.0,0.0,0.0,0.0,0.0,0.0,0.0,0.0,0.0,0.0,0.0,0.0,0.0,0.0,0.0,0.0,0.0,0.0
0.0,0.0,0.0,0.0,0.0,0.0,0.0,0.0,0.0,0.0,0.0,0.0,0.0,0.0,0.0,0.0,0.0,0.0,0.0,0.0,0.0,0.0,0.0,0.0,0.0,0.0,0.0,0.0,0.0,0.0,0.0,0.0,0.5780743686482194,0.0,0.0,0.0,0.0
0.0,0.0,0.0,0.0,2.123902767896481,0.0,1.588818224519427,0.0,0.0,0.0,0.0,0.0,0.0,0.0,0.0,0.0,0.0,0.0,0.0,0.0,0.0,27.510516071319525,0.0,0.0,0.0,11.011452428996543,0.0,0.0,0.0,0.0,0.0,0.0,0.4602712355554059,0.0,0.0,0.0,0.0
0.0,0.0,0.0,0.025041377171873,3.8712009787558537,0.0,0.0,0.0,0.0,0.0,0.0,0.0,0.0,0.0,0.0771559283137312,0.0,0.0,0.0,0.0,0.0,0.0,27.833770179748203,0.0,0.0,0.0,12.00893601924177,0.4266087412834122,0.0,0.0,0.3639941513537993,0.0,0.0,0.0,0.0,0.0,0.0,0.0
0.0,0.0,0.0,0.0669963676482392,5.580750841647278,0.2986543248407273,7.073359395563517,0.0,0.0,0.0,2.0945781954562057,0.0,0.0,29.74211886525149,0.097145640850064,0.0,0.0,0.0,0.0,0.0,0.0,23.028712654113573,0.0,0.0,0.0,3.17365488931531,0.6417663738131497,0.0,55.20711582228531,0.422333381324999,0.0,3.538103863596904,0.642458726651948,0.0,0.0,0.0,0.0
0.0,0.0,0.0,0.1917481310665582,11.603254903107814,2.077866518404321,33.272826627828174,0.0,0.0,0.0,8.171610135817868,0.0,0.0,110.55420022457828,0.245693829283117,0.0,0.0,0.0,0.0,0.0,0.0,174.7830932617184,0.0,0.0,0.0,15.344863642752166,0.9713123528286772,0.0,407.5389342427253,0.5848742842674252,0.0,0.0,1.275905127637088,0.0,0.0,0.0,0.0
0.0,0.0,0.0,0.8224092535674523,52.82217080891119,15.97073736600577,155.13873340189454,0.0,0.0,0.0,93.05727673619964,0.0,0.0,344.39928926527494,1.3695696383714666,0.0550428368151181,0.0,0.0,0.0,0.0,0.0,545.0978393554685,0.0,0.0,0.0,76.22466795444483,2.5727611843496554,0.0,1120.8675131917,0.697358669340588,0.0,69.54265902936457,3.3312540398910397,0.0,0.0,0.0,0.0
0.0,0.0,0.0,2.5205193534493446,164.499019652605,77.17082411050795,484.8214219242334,0.0,0.0,0.0,400.46632577031846,0.0,0.0,747.7275261282921,3.8988004580140103,0.2632428575307128,4.4875078558921535,0.0,0.0,0.0,0.0,1170.5759765625,0.0,0.0,0.0,238.2507238388061,5.078799453377719,0.0,1833.493306910992,0.8982612989842707,0.0,194.93827342987055,10.024164222180817,0.0,0.0,0.0,0.0
0.0,0.0,0.0,4.773948699235914,363.46337866783136,160.53601410984993,943.004670327902,0.0,0.0,0.0,1013.7712270975112,0.0,0.0,1085.1579196751118,7.40204949080944,0.2810295354574916,10.421904981136269,0.0,0.0,0.0,0.0,1881.465921020508,0.0,0.0,0.0,491.8552731513977,12.175962796807289,0.0,2219.4127202034,0.8452993884682365,0.0,312.5457499027252,29.17542202770708,0.0,0.0,0.0,0.0
0.0,0.0,0.0,11.65463504195213,734.644376039505,191.67417776584625,1212.3410750031471,0.0,0.0,0.0,1437.243900334835,0.0,0.0,1203.053690046072,13.8088331669569,0.834739364683627,221.1636651039123,0.0,0.0,0.0,0.0,856.2360595703124,0.0,0.0,0.0,576.6079569339752,25.502074700593944,0.0,2369.1340918183328,74.99584601521491,0.0,340.9717184305191,3.944444742985065,0.0,0.0,0.0,0.0
0.0,0.0,0.0,19.2370086312294,1014.0065085887908,215.29179951548576,1362.530109190941,0.0,0.0,0.0,1701.461592823267,0.0,0.0,1252.6280155777931,18.9232904791832,0.9475525468587866,438.43465937376016,0.0,0.0,0.0,0.0,1115.8000183105469,0.0,0.0,0.0,604.8493227481842,37.8018131494522,0.0,2424.103709352016,214.24899594783784,0.0,351.7831791639328,13.37809847667812,0.0,0.0,0.0,0.0
0.0,0.0,0.0,23.81863397359848,1167.865992307663,228.0010639727116,1410.1049206137654,0.0,0.0,0.0,1813.560682928562,0.0,0.0,0.0,22.292550015449525,0.9209672808647156,625.5451000452041,0.0,0.0,0.0,0.0,1295.4527435302732,0.0,0.0,0.0,625.8763792514801,0.0,0.0,2429.799505603313,253.3971234023571,0.0,350.97820246219635,0.0,0.0,0.0,0.0,0.0
0.0,0.0,0.0,0.0,1209.580811738968,0.0,1395.401113033295,0.0,0.0,0.0,0.0,0.0,0.0,0.0,0.0,0.8819562569260586,706.5126779079436,0.0,0.0,0.0,0.0,0.0,0.0,0.0,0.0,609.3851296901703,0.0,0.0,2402.280295860768,0.0,0.0,0.0,0.0,0.0,0.0,0.0,0.0
0.0,0.0,0.0,0.0,0.0,0.0,0.0,0.0,0.0,0.0,0.0,0.0,0.0,0.0,0.0,0.0,597.6509453654288,0.0,0.0,0.0,0.0,0.0,0.0,0.0,0.0,0.0,0.0,0.0,0.0,0.0,0.0,0.0,0.0,0.0,0.0,0.0,0.0
0.0,0.0,0.0,0.0,0.0,0.0,0.0,0.0,0.0,0.0,0.0,0.0,0.0,0.0,0.0,0.0,0.0,0.0,0.0,0.0,0.0,0.0,0.0,0.0,0.0,0.0,0.0,0.0,0.0,0.0,0.0,0.0,0.0,0.0,0.0,0.0,0.0
0.0,0.0,0.0,0.0,0.0,0.0,0.0,0.0,0.0,0.0,0.0,0.0,0.0,0.0,0.0,0.0,0.0,0.0,0.0,0.0,0.0,0.0,0.0,0.0,0.0,0.0,0.0,0.0,0.0,0.0,0.0,0.0,0.0,0.0,0.0,0.0,0.0
0.0,0.0,0.0,0.0,0.0,0.0,0.0,0.0,0.0,0.0,0.0,0.0,0.0,0.0,0.0,0.0,0.0,0.0,0.0,0.0,0.0,0.0,0.0,0.0,0.0,0.0,0.0,0.0,0.0,0.0,0.0,0.0,0.0,0.0,0.0,0.0,0.0
0.0,0.0,0.0,0.0,0.0,0.0,0.0,0.0,0.0,0.0,0.0,0.0,0.0,0.0,0.0,0.0,0.0,0.0,0.0,0.0,0.0,0.0,0.0,0.0,0.0,0.0,0.0,0.0,0.0,0.0,0.0,0.0,0.0,0.0,0.0,0.0,0.0
0.0,0.0,0.0,0.0,0.0,0.0,0.0,0.0,0.0,0.0,0.0,0.0,0.0,0.0,0.0,0.0,0.0,0.0,0.0,0.0,0.0,0.0,0.0,0.0,0.0,0.0,0.0,0.0,0.0,0.0,0.0,0.0,0.0,0.0,0.0,0.0,0.0
0.0,0.0,0.0,0.0,0.0,0.0,0.0,0.0,0.0,0.0,0.0,0.0,0.0,0.0,0.0,0.0,0.0,0.0,0.0,0.0,0.0,0.0,0.0,0.0,0.0,0.0,0.0,0.0,0.0,0.0,0.0,0.0,0.0,0.0,0.0,0.0,0.0
0.0,0.0,0.0,0.0,0.0,0.0,0.0,0.0,0.0,0.0,0.0,0.0,0.0,0.0,0.0,0.0,0.0,0.0,0.0,0.0,0.0,0.0,0.0,0.0,0.0,0.0,0.0,0.0,0.0,0.0,0.0,0.0,0.0,0.0,0.0,0.0,0.0
0.0,0.0,0.0,0.0,0.0,0.0,0.0,0.0,0.0,0.0,0.0,0.0,0.0,0.0,0.0,0.0,0.0,0.0,0.0,0.0,0.0,0.0,0.0,0.0,0.0,0.0,0.0,0.0,0.0,0.0,0.0,0.0,0.0,0.0,0.0,0.0,0.0
0.0,0.0,0.0,0.0,0.0,0.0,0.0,0.0,0.0,0.0,0.0,0.0,0.0,0.0,0.0,0.0,0.0,0.0,0.0,0.0,0.0,0.0,0.0,0.0,0.0,0.0,0.0,0.0,0.0,0.0,0.0,0.0,0.0,0.0,0.0,0.0,0.0
0.0,0.0,0.0,0.0,0.0,0.0,0.0,0.0,0.0,0.0,0.0,0.0,0.0,0.0,0.0,0.0,0.0,0.0,0.0,0.0,0.0,0.0,0.0,0.0,0.0,0.0,0.0,0.0,0.0,0.0,0.0,0.0,0.0,0.0,0.0,0.0,0.0
0.0,0.0,0.0,0.0,0.0,0.0,0.0,0.0,0.0,0.0,0.0,0.0,0.0,0.0,0.0,0.0,0.0,0.0,0.0,0.0,0.0,0.0,0.0,0.0,0.0,0.0,0.0,0.0,0.0,0.0,0.0,0.0,0.0,0.0,0.0,0.0,0.0
0.0,0.0,0.0,0.0,0.0,0.0,0.0,0.0,0.0,0.0,0.0,0.0,0.0,0.0,0.0,0.0,0.0,0.0,0.0,0.0,0.0,0.0,0.0,0.0,0.0,0.0,0.0,0.0,0.0,0.0,0.0,0.0,0.2228907197713803,0.0,0.0,0.0,0.0
0.0,0.0,0.0,0.0,1.5617371462283471,0.0,0.0,0.0,0.0,0.0,1.766466312203485,0.0,0.0,0.0,0.0,0.02102747093886,0.0,0.0,0.0,0.0,0.0,20.91519861221272,0.0,0.0,0.0,0.0,0.0,0.0,0.0,0.3155279844998928,0.0,0.0,0.0,0.0,0.0,0.0,0.0
0.0,0.0,0.0,0.0,2.0541013330221154,0.0,0.0,0.0,0.0,0.0,1.74826059504407,0.0,0.0,0.0,0.0,0.0106181539595118,2.41238096952428,0.0,0.0,0.0,0.0,16.298983955383292,0.0,0.0,0.0,0.0,0.0,0.0,0.0,0.3785211145877698,0.0,0.0,0.0,0.0,0.0,0.0,0.0
0.0,0.0,0.0,0.0,4.849849808961014,0.3269939320161581,4.6898883976042125,0.0,0.0,0.0,2.1526970576493323,0.0,0.0,19.07788834767408,0.0,0.0,0.0,0.0,0.0,0.0,0.0,0.2507691383361817,0.0,0.0,0.0,13.200001552700972,0.0,0.0,0.0,0.3953237734734667,0.0,5.019456192851038,1.5464989300817185,0.0,0.0,0.0,0.0
0.0,0.0,0.0,0.0,48.126595571637,3.166740169282979,26.28535496499384,0.0,0.0,0.0,20.89677495686317,0.0,0.0,66.71571038663383,0.0,0.0218803379684682,0.0,0.0,0.0,0.0,0.0,87.99127912521341,0.0,0.0,0.0,57.9335354864597,0.4758714493364024,0.0,855.0843967854977,0.5001024246215673,0.0,0.0,5.457895204424833,0.0,0.0,0.0,0.0
0.0,0.0,0.0,0.0,184.6703967452048,33.375927668064826,131.50143431052555,0.0,0.0,0.0,126.57211290411634,0.0,0.0,222.11175117641685,0.0,0.1491168560460201,0.4089581131933252,0.0,0.0,0.0,0.0,432.4652267456053,0.0,0.0,0.0,194.4667604207992,2.8154250863939483,0.0,1930.6906719088556,0.6198415048420137,0.0,0.0,21.026934884488558,0.0,0.0,0.0,0.0
0.0,0.0,0.0,0.0,456.78106278181065,162.3753644376993,470.09880143404,0.0,0.0,0.0,506.0400664284824,0.0,0.0,556.6777207702397,0.0,0.3870705589652057,7.908157801628056,0.0,0.0,0.0,0.0,1149.7005767822266,0.0,0.0,0.0,478.7694588184357,8.119094237685195,0.0,2564.868574881554,0.6705628655850883,0.0,291.41756939887995,10.024164222180817,0.0,0.0,0.0,0.0
0.0,0.0,0.0,0.0,904.50646340847,283.30176025629044,933.1010106623172,0.0,0.0,0.0,1247.5121994197368,0.0,0.0,897.8533409535885,0.0,0.5856578312814229,13.030705964565191,0.0,0.0,0.0,0.0,1979.1643890380856,0.0,0.0,0.0,683.2901857376098,18.157670271396636,0.0,2635.4,0.6762594267725874,0.0,409.08532762527466,29.17542202770708,0.0,0.0,0.0,0.0
0.0,0.0,0.0,0.0,1297.3052055835724,320.7832188010216,1214.48429607749,0.0,0.0,0.0,1739.148196554184,0.0,0.0,1023.3231449127196,0.0,0.834739364683627,238.87842150926585,0.0,0.0,0.0,0.0,2350.7806732177733,0.0,0.0,0.0,732.9578477859498,34.46457503437996,0.0,0.0,63.04415604621172,0.0,438.4845594167709,3.944444742985065,0.0,0.0,0.0,0.0
0.0,0.0,0.0,0.0,1536.6952922344208,345.4326981604099,1382.2234630882738,0.0,0.0,0.0,2082.066766369343,0.0,0.0,1090.6022030115128,0.0,0.9475525468587866,459.93915762305255,0.0,0.0,0.0,0.0,1115.8000183105469,0.0,0.0,0.0,742.6987373352051,45.25323997735977,0.0,0.0,196.8826674580574,0.0,447.7660118341446,13.37809847667812,0.0,0.0,0.0,0.0
0.0,0.0,0.0,0.0,0.0,353.46267518401146,1445.135102504492,0.0,0.0,0.0,2244.592050379515,0.0,0.0,1109.962153583765,0.0,0.9209672808647156,650.2763715744019,0.0,0.0,0.0,0.0,1295.4527435302732,0.0,0.0,0.0,0.0,0.0,0.0,0.0,242.3432290494442,0.0,439.53852128982544,0.0,0.0,0.0,0.0,0.0
0.0,0.0,0.0,0.0,0.0,0.0,0.0,0.0,0.0,0.0,0.0,0.0,0.0,0.0,0.0,0.8819562569260586,742.5726958990095,0.0,0.0,0.0,0.0,0.0,0.0,0.0,0.0,0.0,0.0,0.0,2635.4,247.55231689810756,0.0,0.0,0.0,0.0,0.0,0.0,0.0
0.0,0.0,0.0,0.0,0.0,315.57719749212265,0.0,0.0,0.0,0.0,2077.876156318188,0.0,0.0,0.0,0.0,0.0,648.2945212125778,0.0,0.0,0.0,0.0,2087.1703216552733,0.0,0.0,0.0,0.0,0.0,0.0,0.0,240.52946739792824,0.0,0.0,0.0,0.0,0.0,0.0,0.0
0.0,0.0,0.0,0.0,0.0,0.0,0.0,0.0,0.0,0.0,0.0,0.0,0.0,0.0,0.0,0.0,511.354164648056,0.0,0.0,0.0,0.0,0.0,0.0,0.0,0.0,0.0,0.0,0.0,0.0,0.0,0.0,0.0,0.0,0.0,0.0,0.0,0.0
0.0,0.0,0.0,0.0,0.0,0.0,0.0,0.0,0.0,0.0,0.0,0.0,0.0,0.0,0.0,0.0,0.0,0.0,0.0,0.0,0.0,0.0,0.0,0.0,0.0,0.0,0.0,0.0,0.0,0.0,0.0,0.0,0.0,0.0,0.0,0.0,0.0
0.0,0.0,0.0,0.0,0.0,0.0,0.0,0.0,0.0,0.0,0.0,0.0,0.0,0.0,0.0,0.0,0.0,0.0,0.0,0.0,0.0,0.0,0.0,0.0,0.0,0.0,0.0,0.0,0.0,0.0,0.0,0.0,0.0,0.0,0.0,0.0,0.0
0.0,0.0,0.0,0.0,0.0,0.0,0.0,0.0,0.0,0.0,0.0,0.0,0.0,0.0,0.0,0.0,0.0,0.0,0.0,0.0,0.0,0.0,0.0,0.0,0.0,0.0,0.0,0.0,0.0,0.0,0.0,0.0,0.0,0.0,0.0,0.0,0.0
0.0,0.0,0.0,0.0,0.0,0.0,0.0,0.0,0.0,0.0,0.0,0.0,0.0,0.0,0.0,0.0,0.0,0.0,0.0,0.0,0.0,0.0,0.0,0.0,0.0,0.0,0.0,0.0,0.0,0.0,0.0,0.0,0.0,0.0,0.0,0.0,0.0
0.0,0.0,0.0,0.0,0.0,0.0,0.0,0.0,0.0,0.0,0.0,0.0,0.0,0.0,0.0,0.0,0.0,0.0,0.0,0.0,0.0,0.0,0.0,0.0,0.0,0.0,0.0,0.0,0.0,0.0,0.0,0.0,0.0,0.0,0.0,0.0,0.0
0.0,0.0,0.0,0.0,0.0,0.0,0.0,0.0,0.0,0.0,0.0,0.0,0.0,0.0,0.0,0.0,0.0,0.0,0.0,0.0,0.0,0.0,0.0,0.0,0.0,0.0,0.0,0.0,0.0,0.0,0.0,0.0,0.0,0.0,0.0,0.0,0.0
0.0,0.0,0.0,0.0,0.0,0.0,0.0,0.0,0.0,0.0,0.0,0.0,0.0,0.0,0.0,0.0,0.0,0.0,0.0,0.0,0.0,0.0,0.0,0.0,0.0,0.0,0.0,0.0,0.0,0.0,0.0,0.0,0.0,0.0,0.0,0.0,0.0
0.0,0.0,0.0,0.0,0.0,0.0,0.0,0.0,0.0,0.0,0.0,0.0,0.0,0.0,0.0,0.0,0.0,0.0,0.0,0.0,0.0,0.0,0.0,0.0,0.0,0.0,0.0,0.0,0.0,0.0,0.0,0.0,0.0,0.0,0.0,0.0,0.0
0.0,0.0,0.0,0.0,0.0,0.0,0.0,0.0,0.0,0.0,0.0,0.0,0.0,0.0,0.0,0.0,0.0,0.0,0.0,0.0,0.0,0.0,0.0,0.0,0.0,0.0,0.0,0.0,0.0,0.0,0.0,0.0,0.0,0.0,0.0,0.0,0.0
0.0,0.0,0.0,0.0,0.0,0.0,0.0,0.0,0.0,0.0,0.0,0.0,0.0,0.0,0.0,0.0,0.0,0.0,0.0,0.0,0.0,0.0,0.0,0.0,0.0,0.0,0.0,0.0,0.0,0.0,0.0,0.0,0.0,0.0,0.0,0.0,0.0
0.0,0.0,0.0,0.0,0.0,0.0,0.0,0.0,0.0,0.0,0.0,0.0,0.0,0.0,0.0,0.0,0.0,0.0,0.0,0.0,0.0,0.0,0.0,0.0,0.0,0.0,0.0,0.0,0.0,0.0,0.0,0.0,0.0,0.0,0.0,0.0,0.0
0.0,0.0,0.0,0.0,0.0,0.0,0.0,0.0,0.0,0.0,0.0,0.0,0.0,0.0,0.0,0.0,0.0,0.0,0.0,0.0,0.0,0.0,0.0,0.0,0.0,0.0,0.0,0.0,0.0,0.0,0.0,0.0,0.0,0.0,0.0,0.0,0.0
0.0,0.0,0.0,0.0,2.249752271920442,0.0,0.0,0.0,0.0,0.0,0.0,0.0,0.0,0.1960023259742957,0.0,0.0,0.0,0.0,0.0,0.0,0.0,0.0,0.0,0.0,0.0,0.0,0.0,0.0,0.0,0.3692426025867144,0.0,1.7201380431651725,0.0,0.0,0.0,0.0,0.0
0.0,0.0,0.0,0.0413214452564668,7.629495870321889,0.3844195711426197,6.413694915920479,0.0,0.0,0.0,2.315054590115217,0.0,0.0,22.745852414518453,0.0,0.0,0.0,0.0,0.0,0.0,0.0,68.77973194122272,0.0,0.0,0.0,2.770718213915797,1.6284761466085855,0.0,103.29147231802324,0.388933081179818,0.0,3.733544126152945,0.0,0.0,0.0,0.0,0.0
0.0,0.0,0.0,0.6395843401551238,71.90831097960461,4.739205590914935,80.79447741433977,0.0,0.0,0.0,34.280342975258655,0.0,0.0,69.16854908689851,0.0,0.0,0.0,0.0,0.0,0.0,0.0,301.6177013397217,0.0,0.0,0.0,53.55175696611399,4.7728049173951055,0.0,761.8698479473591,0.5005300328135143,0.0,0.0,0.0,0.0,0.0,0.0,0.0
0.0,0.0,0.0,3.818401753902435,244.93950173258767,40.05559358000753,389.4992642968893,0.0,0.0,0.0,183.49053992629044,0.0,0.0,220.28618592768896,0.0,0.0,5.326812720298764,0.0,0.0,0.0,0.0,880.9244743347168,0.0,0.0,0.0,233.77106671333317,13.117013040184975,0.0,1835.072610151768,0.5984376646578096,0.0,0.0,0.0,0.0,0.0,0.0,0.0
0.0,0.0,0.0,11.120562195777891,578.1032559871674,180.873352214694,913.3242453098296,0.0,0.0,0.0,680.8050849169491,0.0,0.0,563.7948850542307,0.0,0.0,15.15541281700124,0.0,0.0,0.0,0.0,1807.949932861328,0.0,0.0,0.0,570.5003319740296,30.031622350215912,0.0,2497.1966719627376,0.6163152016699007,0.0,0.0,0.0,0.0,0.0,0.0,0.0
0.0,0.0,0.0,24.1004056930542,1059.451806783676,0.0,0.0,0.0,0.0,0.0,1458.137142854929,0.0,0.0,913.7281380593776,0.0,0.0,28.767963278293468,0.0,0.0,0.0,0.0,1979.1643890380856,0.0,0.0,0.0,764.4971943378448,48.74304405450821,0.0,2635.4,0.6111253269016629,0.0,0.0,0.0,0.0,0.0,0.0,0.0
0.0,0.0,0.0,40.79804313182831,1428.0284814834597,0.0,0.0,0.0,0.0,0.0,1964.429832547903,0.0,0.0,1043.2361094653606,0.0,0.0,287.31498408317566,0.0,0.0,0.0,0.0,2893.088571166992,0.0,0.0,0.0,798.3827203273773,60.74945350885391,0.0,2635.4,44.69741276577112,0.0,0.0,0.0,0.0,0.0,0.0,0.0
0.0,0.0,0.0,53.736899971961975,1647.052030801773,0.0,0.0,0.0,0.0,0.0,2275.3,0.0,0.0,0.0,0.0,0.0,554.2866155624389,0.0,0.0,0.0,0.0,0.0,0.0,0.0,0.0,797.412722826004,67.17107838392258,0.0,0.0,160.46425011754036,0.0,457.2477575540543,0.0,0.0,0.0,0.0,0.0
0.0,0.0,0.0,0.0,0.0,0.0,0.0,0.0,0.0,0.0,2275.3,0.0,0.0,0.0,0.0,0.0,749.3787566304205,0.0,0.0,0.0,0.0,0.0,0.0,0.0,0.0,768.5508019447327,0.0,0.0,0.0,224.70578525066372,0.0,447.6432954072952,0.0,0.0,0.0,0.0,0.0
0.0,0.0,0.0,0.0,0.0,0.0,0.0,0.0,0.0,0.0,0.0,0.0,0.0,0.0,0.0,0.0,832.9197737455368,0.0,0.0,0.0,0.0,0.0,0.0,0.0,0.0,0.0,0.0,0.0,0.0,237.77550662755965,0.0,0.0,0.0,0.0,0.0,0.0,0.0
0.0,0.0,0.0,58.43655550479888,0.0,0.0,0.0,0.0,0.0,0.0,0.0,0.0,0.0,0.0,25.01878716945648,0.0,736.465167248249,0.0,0.0,0.0,0.0,0.0,0.0,0.0,0.0,0.0,0.0,0.0,0.0,0.0,0.0,372.6485599279404,0.0,0.0,0.0,0.0,0.0
0.0,0.0,0.0,0.0,0.0,0.0,0.0,0.0,0.0,0.0,0.0,0.0,0.0,0.0,0.0,0.0,596.4724865674972,0.0,0.0,0.0,0.0,0.0,0.0,0.0,0.0,0.0,0.0,0.0,0.0,0.0,0.0,0.0,0.0,0.0,0.0,0.0,0.0
0.0,0.0,0.0,0.0,0.0,0.0,0.0,0.0,0.0,0.0,0.0,0.0,0.0,0.0,0.0,0.0,0.0,0.0,0.0,0.0,0.0,0.0,0.0,0.0,0.0,0.0,0.0,0.0,0.0,0.0,0.0,0.0,0.0,0.0,0.0,0.0,0.0
0.0,0.0,0.0,0.0,0.0,0.0,0.0,0.0,0.0,0.0,0.0,0.0,0.0,0.0,0.0,0.0,0.0,0.0,0.0,0.0,0.0,0.0,0.0,0.0,0.0,0.0,0.0,0.0,0.0,0.0,0.0,0.0,0.0,0.0,0.0,0.0,0.0
0.0,0.0,0.0,0.0,0.0,0.0,0.0,0.0,0.0,0.0,0.0,0.0,0.0,0.0,0.0,0.0,0.0,0.0,0.0,0.0,0.0,0.0,0.0,0.0,0.0,0.0,0.0,0.0,0.0,0.0,0.0,0.0,0.0,0.0,0.0,0.0,0.0
0.0,0.0,0.0,0.0,0.0,0.0,0.0,0.0,0.0,0.0,0.0,0.0,0.0,0.0,0.0,0.0,0.0,0.0,0.0,0.0,0.0,0.0,0.0,0.0,0.0,0.0,0.0,0.0,0.0,0.0,0.0,0.0,0.0,0.0,0.0,0.0,0.0
0.0,0.0,0.0,0.0,0.0,0.0,0.0,0.0,0.0,0.0,0.0,0.0,0.0,0.0,0.0,0.0,0.0,0.0,0.0,0.0,0.0,0.0,0.0,0.0,0.0,0.0,0.0,0.0,0.0,0.0,0.0,0.0,0.0,0.0,0.0,0.0,0.0
0.0,0.0,0.0,0.0,0.0,0.0,0.0,0.0,0.0,0.0,0.0,0.0,0.0,0.0,0.0,0.0,0.0,0.0,0.0,0.0,0.0,0.0,0.0,0.0,0.0,0.0,0.0,0.0,0.0,0.0,0.0,0.0,0.0,0.0,0.0,0.0,0.0
0.0,0.0,0.0,0.0,0.0,0.0,0.0,0.0,0.0,0.0,0.0,0.0,0.0,0.0,0.0,0.0,0.0,0.0,0.0,0.0,0.0,0.0,0.0,0.0,0.0,0.0,0.0,0.0,0.0,0.0,0.0,0.0,0.0,0.0,0.0,0.0,0.0
0.0,0.0,0.0,0.0,0.0,0.0,0.0,0.0,0.0,0.0,0.0,0.0,0.0,0.0,0.0,0.0,0.0,0.0,0.0,0.0,0.0,0.0,0.0,0.0,0.0,0.0,0.0,0.0,0.0,0.0,0.0,0.0,0.0,0.0,0.0,0.0,0.0
0.0,0.0,0.0,0.0,0.0,0.0,0.0,0.0,0.0,0.0,0.0,0.0,0.0,0.0,0.0,0.0,0.0,0.0,0.0,0.0,0.0,0.0,0.0,0.0,0.0,0.0,0.0,0.0,0.0,0.0,0.0,0.0,0.0,0.0,0.0,0.0,0.0
0.0,0.0,0.0,0.0,0.0,0.0,0.0,0.0,0.0,0.0,0.0,0.0,0.0,0.0,0.0,0.0,0.0,0.0,0.0,0.0,0.0,0.0,0.0,0.0,0.0,0.0,0.0,0.0,0.0,0.0,0.0,0.0,0.0,0.0,0.0,0.0,0.0
0.0,0.0,0.0,0.0,0.0,0.0,0.0,0.0,0.0,0.0,0.0,0.0,0.0,0.0,0.0,0.0,0.0,0.0,0.0,0.0,0.0,0.0,0.0,0.0,0.0,0.0,0.0,0.0,0.0,0.0,0.0,0.0,0.1650581508874861,0.0,0.0,0.0,0.0
0.0,0.0,0.0,0.0257781650871032,0.0,0.0,0.0,0.0,0.0,0.0,0.0,0.0,0.0,0.0,0.0295752972364422,0.0280261188745485,0.1524783134460449,0.0,0.0,0.0,0.0,0.0,0.0,0.0,0.0,0.0,0.0,0.0,0.0,0.0,0.0,0.0,0.3606109097599836,0.0,0.0,0.0,0.0
0.0,0.0,0.0,0.0272738561034156,0.0,0.0,0.0,0.0,0.0,0.0,1.6652610451912184,0.0,0.0,0.0,0.013686407357454,0.0,1.1263048410414327,0.0,0.0,0.0,0.0,21.822126483917152,0.0,0.0,0.0,1.3756849096156345,0.0,0.0,0.0,0.3245897635817213,0.0,0.0,0.0,0.0,0.0,0.0,0.0
0.0,0.0,0.0,0.0436010416597114,5.023180842399449,0.6210482842288715,8.262646949663692,0.0,0.0,0.0,2.4094556252935675,0.0,0.0,12.454855404794207,0.0839869715273355,0.0,0.0,0.0,0.0,0.0,0.0,16.118094062804758,0.0,0.0,0.0,3.851775042340148,0.0,0.0,79.7421980045735,0.3837080605327738,0.0,2.9378384351730302,0.4948437251150321,0.0,0.0,0.0,0.0
0.0,0.0,0.0,0.8973151203244875,43.544015102088274,6.733472534455344,63.97838239632538,0.0,0.0,0.0,33.95468281926577,0.0,0.0,40.13377871364354,0.7908635638654207,0.0,0.0,0.0,0.0,0.0,0.0,144.71681995391808,0.0,0.0,0.0,37.07806768119333,0.0,0.0,599.1981583416461,0.4863750301301261,0.0,8.220816493034352,0.9569336893036886,0.0,0.0,0.0,0.0
0.0,0.0,0.0,4.777552261948584,157.43984407186502,49.69724266231058,306.0482113674283,0.0,0.0,0.0,192.2221302896738,0.0,0.0,112.00600987300272,3.644655105471608,0.0619326047599311,0.4738594532011702,0.0,0.0,0.0,0.0,491.44059410095184,0.0,0.0,0.0,157.96847795248033,0.6732983481138943,0.0,1721.7609798908234,0.6091190829872943,0.0,47.41223606467247,1.4117110818624476,0.0,0.0,0.0,0.0
0.0,0.0,0.0,13.25717970728874,376.1683276295661,196.9747567474842,799.4312525093555,0.0,0.0,0.0,694.958090558648,0.0,0.0,293.3297364786267,0.0,0.1896165320649743,11.148812246322466,0.0,0.0,0.0,0.0,1092.6740196228025,0.0,0.0,0.0,444.0597471952438,2.881450559198848,0.0,2449.699134850502,0.6553183406591365,0.0,195.01229798793796,2.123678806237855,0.0,0.0,0.0,0.0
0.0,0.0,0.0,28.295917212963104,755.9422087669373,309.46485432982445,1218.216233378649,0.0,0.0,0.0,1477.2308641850948,0.0,0.0,557.5745248049496,0.0,0.3072868660092348,25.59582601785648,0.0,0.0,0.0,0.0,1806.5294311523437,0.0,0.0,0.0,655.1114837646485,6.691738709807393,0.0,2635.4,0.6476155355572689,0.0,0.0,3.156722673214965,0.0,0.0,0.0,0.0
0.0,0.0,0.0,45.346290826797485,1140.534036397934,0.0,1427.999760341644,0.0,0.0,0.0,1968.397892725468,0.0,0.0,713.7596848607062,0.0,0.8582663536071768,302.1769006609915,0.0,0.0,0.0,0.0,2129.771249389648,0.0,0.0,0.0,704.7288101673126,13.534752756357191,0.0,2635.4,57.27380022853611,0.0,0.0,12.16531619429588,0.0,0.0,0.0,0.0
0.0,0.0,0.0,58.44439733028412,1404.3687353134155,0.0,1521.1,0.0,0.0,0.0,2275.3,0.0,0.0,845.2583791315556,0.0,1.220417402684688,585.6779044866561,0.0,0.0,0.0,0.0,2324.266452026367,0.0,0.0,0.0,720.5691956043244,23.71927334666252,0.0,2635.4,187.9902680814266,0.0,0.0,34.443067029118524,0.0,0.0,0.0,0.0
0.0,0.0,0.0,62.0,0.0,0.0,0.0,0.0,0.0,0.0,2275.3,0.0,0.0,0.0,0.0,1.4984891265630715,781.8542472600935,0.0,0.0,0.0,0.0,2414.949597167969,0.0,0.0,0.0,0.0,30.414662975072854,0.0,0.0,238.25723947286605,0.0,0.0,0.0,0.0,0.0,0.0,0.0
0.0,0.0,0.0,0.0,0.0,0.0,0.0,0.0,0.0,0.0,0.0,0.0,0.0,0.0,0.0,0.0,858.5011976718902,0.0,0.0,0.0,0.0,0.0,0.0,0.0,0.0,0.0,0.0,0.0,0.0,243.853822350502,0.0,0.0,0.0,0.0,0.0,0.0,0.0
0.0,0.0,0.0,0.0,0.0,0.0,0.0,0.0,0.0,0.0,0.0,0.0,0.0,0.0,0.0,0.9850585982203472,759.3638798832893,0.0,0.0,0.0,0.0,0.0,0.0,0.0,0.0,0.0,0.0,0.0,0.0,0.0,0.0,0.0,0.0,0.0,0.0,0.0,0.0
0.0,0.0,0.0,0.0,0.0,0.0,0.0,0.0,0.0,0.0,0.0,0.0,0.0,0.0,0.0,0.0,616.2701531171798,0.0,0.0,0.0,0.0,0.0,0.0,0.0,0.0,0.0,0.0,0.0,0.0,0.0,0.0,0.0,0.0,0.0,0.0,0.0,0.0
0.0,0.0,0.0,0.0,0.0,0.0,0.0,0.0,0.0,0.0,0.0,0.0,0.0,0.0,0.0,0.0,0.0,0.0,0.0,0.0,0.0,0.0,0.0,0.0,0.0,0.0,0.0,0.0,0.0,0.0,0.0,0.0,0.0,0.0,0.0,0.0,0.0
0.0,0.0,0.0,0.0,0.0,0.0,0.0,0.0,0.0,0.0,0.0,0.0,0.0,0.0,0.0,0.0,0.0,0.0,0.0,0.0,0.0,0.0,0.0,0.0,0.0,0.0,0.0,0.0,0.0,0.0,0.0,0.0,0.0,0.0,0.0,0.0,0.0
0.0,0.0,0.0,0.0,0.0,0.0,0.0,0.0,0.0,0.0,0.0,0.0,0.0,0.0,0.0,0.0,0.0,0.0,0.0,0.0,0.0,0.0,0.0,0.0,0.0,0.0,0.0,0.0,0.0,0.0,0.0,0.0,0.0,0.0,0.0,0.0,0.0
0.0,0.0,0.0,0.0,0.0,0.0,0.0,0.0,0.0,0.0,0.0,0.0,0.0,0.0,0.0,0.0,0.0,0.0,0.0,0.0,0.0,0.0,0.0,0.0,0.0,0.0,0.0,0.0,0.0,0.0,0.0,0.0,0.0,0.0,0.0,0.0,0.0
0.0,0.0,0.0,0.0,0.0,0.0,0.0,0.0,0.0,0.0,0.0,0.0,0.0,0.0,0.0,0.0,0.0,0.0,0.0,0.0,0.0,0.0,0.0,0.0,0.0,0.0,0.0,0.0,0.0,0.0,0.0,0.0,0.0,0.0,0.0,0.0,0.0
0.0,0.0,0.0,0.0,0.0,0.0,0.0,0.0,0.0,0.0,0.0,0.0,0.0,0.0,0.0,0.0,0.0,0.0,0.0,0.0,0.0,0.0,0.0,0.0,0.0,0.0,0.0,0.0,0.0,0.0,0.0,0.0,0.0,0.0,0.0,0.0,0.0
0.0,0.0,0.0,0.0,0.0,0.0,0.0,0.0,0.0,0.0,0.0,0.0,0.0,0.0,0.0,0.0,0.0,0.0,0.0,0.0,0.0,0.0,0.0,0.0,0.0,0.0,0.0,0.0,0.0,0.0,0.0,0.0,0.0,0.0,0.0,0.0,0.0
0.0,0.0,0.0,0.0,0.0,0.0,0.0,0.0,0.0,0.0,0.0,0.0,0.0,0.0,0.0,0.0,0.0,0.0,0.0,0.0,0.0,0.0,0.0,0.0,0.0,0.0,0.0,0.0,0.0,0.0,0.0,0.0,0.0,0.0,0.0,0.0,0.0
0.0,0.0,0.0,0.0,0.0,0.0,0.0,0.0,0.0,0.0,0.0,0.0,0.0,0.0,0.0,0.0,0.0,0.0,0.0,0.0,0.0,0.0,0.0,0.0,0.0,0.0,0.0,0.0,0.0,0.0,0.0,0.0,0.0,0.0,0.0,0.0,0.0
0.0,0.0,0.0,0.0,0.0,0.0,0.0,0.0,0.0,0.0,0.0,0.0,0.0,0.0,0.0,0.0,0.0,0.0,0.0,0.0,0.0,0.0,0.0,0.0,0.0,0.0,0.0,0.0,0.0,0.0,0.0,0.0,0.0,0.0,0.0,0.0,0.0
0.0,0.0,0.0,0.0,0.0,0.0,0.0,0.0,0.0,0.0,0.0,0.0,0.0,3.343263817951037,0.0,0.0,0.0,0.0,0.0,0.0,0.0,51.30712380409239,0.0,0.0,0.0,0.0,0.0,0.0,0.0,0.0,0.0,0.0,0.4219283973797949,0.0,0.0,0.0,0.0
0.0,0.0,0.0,0.0,1.610564649104978,0.0,0.0,0.0,0.0,0.0,0.0,0.0,0.0,0.0,0.0,0.0,0.0,0.0,0.0,0.0,0.0,0.0,0.0,0.0,0.0,0.0,0.0,0.0,0.0,0.2997679866850176,0.0,0.0,0.3421551119536141,0.0,0.0,0.0,0.0
0.0,0.0,0.0,0.0,2.31696817651373,0.0,0.0,0.0,0.0,0.0,1.7057156044987998,0.0,0.0,1.913302387110748,0.0,0.0,0.0,0.0,0.0,0.0,0.0,46.403226995467776,0.0,0.0,0.0,0.0,1.1554916849359802,0.0,0.0,0.3445701956748591,0.0,1.7000306695699403,0.0,0.0,0.0,0.0,0.0
0.0,0.0,0.0,0.0,5.398827649652909,0.3078792202286287,16.192866384610504,0.0,0.0,0.0,2.044797748792859,0.0,0.0,42.079439451918,0.0,0.0,0.0,0.0,0.0,0.0,0.0,24.193505382537587,0.0,0.0,0.0,5.427152473479438,2.5745220758020824,0.0,127.36354524940252,0.380474639683929,0.0,3.8206880390644,0.9552123779430836,0.0,0.0,0.0,0.0
0.0,0.0,0.0,1.3319007530808409,45.89961843192577,5.482420532032835,108.91743150204418,0.0,0.0,0.0,36.35526709090916,0.0,0.0,150.73337679728866,0.0,0.0037361104041325,0.0,0.0,0.0,0.0,0.0,163.29724712371794,0.0,0.0,0.0,61.28001475334161,7.04991650581359,0.0,890.4936823666096,0.4916674137115098,0.0,21.067441254854163,2.175124949775613,0.0,0.0,0.0,0.0
0.0,0.0,0.0,5.560233056545256,194.19479662179936,42.89803567901252,494.0020312041044,0.0,0.0,0.0,206.93015443086608,0.0,0.0,430.61388656497,0.0,0.0,0.0,0.0,0.0,0.0,0.0,567.8971294403071,0.0,0.0,0.0,0.0,17.60690542161464,0.0,1964.340166938305,0.6067935973405528,0.0,105.43729013204576,8.08725179173052,0.0,0.0,0.0,0.0
0.0,0.0,0.0,14.660818427801129,490.2913640141485,180.32468883693213,1013.9661498188972,0.0,0.0,0.0,737.7082124829292,0.0,0.0,824.3429060280323,0.0,0.5758143924176683,7.307621228694913,0.0,0.0,0.0,0.0,1312.1617004394532,0.0,0.0,0.0,552.8527622699737,37.35177999734879,0.0,2524.76724754572,0.6510334722697683,0.0,299.9843780398368,27.438746571540808,0.0,0.0,0.0,0.0
0.0,0.0,0.0,30.61177051067352,961.9565678834916,293.68418207764626,1395.694231766462,0.0,0.0,0.0,1525.4052493751049,0.0,0.0,1130.2127170562744,0.0,0.588120579719543,16.47948595285414,0.0,0.0,0.0,0.0,2037.4916015625,0.0,0.0,0.0,750.2082773208618,55.73060667514801,0.0,2635.4,0.6421005614101511,0.0,413.7868738174439,3.156722673214965,0.0,0.0,0.0,0.0
0.0,0.0,0.0,47.49428951740265,1354.1510527133942,330.3151006102562,1521.1,0.0,0.0,0.0,2031.713806426525,0.0,0.0,1220.558394342661,0.0,0.9436070546507828,268.03940867185577,0.0,0.0,0.0,0.0,2365.3732727050783,0.0,0.0,0.0,809.0947917461395,66.73498749732971,0.0,2635.4,50.96059288233519,0.0,442.2775375843048,12.16531619429588,0.0,0.0,0.0,0.0
0.0,0.0,0.0,0.0,1589.0131821632383,354.13179114460945,1521.1,0.0,0.0,0.0,2275.3,0.0,0.0,1249.525710940361,0.0,1.262878976762294,541.6225194334984,0.0,0.0,0.0,0.0,2540.9130615234376,0.0,0.0,0.0,818.4183530330658,72.24880816936493,0.0,2635.4,176.75380260348317,0.0,451.6704753637314,34.443067029118524,0.0,0.0,0.0,0.0
0.0,0.0,0.0,0.0,1685.2815554141998,360.2012866139412,0.0,0.0,0.0,0.0,2275.3,0.0,0.0,0.0,0.0,1.3865187019109724,748.0198733329773,0.0,0.0,0.0,0.0,2568.722302246094,0.0,0.0,0.0,803.7818239688874,72.78811396360398,0.0,2635.4,238.2288181722164,0.0,443.1385260820389,0.0,0.0,0.0,0.0,0.0
0.0,0.0,0.0,0.0,0.0,350.7835233807564,0.0,0.0,0.0,0.0,2275.3,0.0,0.0,1217.3424641788006,0.0,0.0,858.8318329215049,0.0,0.0,0.0,0.0,2498.702703857422,0.0,0.0,0.0,0.0,0.0,0.0,2635.4,249.65910145640373,0.0,0.0,0.0,0.0,0.0,0.0,0.0
0.0,0.0,0.0,0.0,1485.2129700183868,0.0,0.0,0.0,0.0,0.0,0.0,0.0,0.0,0.0,0.0,0.0,0.0,0.0,0.0,0.0,0.0,2102.49517211914,0.0,0.0,0.0,0.0,0.0,0.0,0.0,244.76592819690703,0.0,366.3443443775177,0.0,0.0,0.0,0.0,0.0
0.0,0.0,0.0,0.0,0.0,0.0,0.0,0.0,0.0,0.0,0.0,0.0,0.0,0.0,0.0,0.0,0.0,0.0,0.0,0.0,0.0,0.0,0.0,0.0,0.0,0.0,0.0,0.0,0.0,0.0,0.0,0.0,0.0,0.0,0.0,0.0,0.0
0.0,0.0,0.0,0.0,0.0,0.0,0.0,0.0,0.0,0.0,0.0,0.0,0.0,0.0,0.0,0.0,0.0,0.0,0.0,0.0,0.0,0.0,0.0,0.0,0.0,0.0,0.0,0.0,0.0,0.0,0.0,0.0,0.0,0.0,0.0,0.0,0.0
0.0,0.0,0.0,0.0,0.0,0.0,0.0,0.0,0.0,0.0,0.0,0.0,0.0,0.0,0.0,0.0,0.0,0.0,0.0,0.0,0.0,0.0,0.0,0.0,0.0,0.0,0.0,0.0,0.0,0.0,0.0,0.0,0.0,0.0,0.0,0.0,0.0
0.0,0.0,0.0,0.0,0.0,0.0,0.0,0.0,0.0,0.0,0.0,0.0,0.0,0.0,0.0,0.0,0.0,0.0,0.0,0.0,0.0,0.0,0.0,0.0,0.0,0.0,0.0,0.0,0.0,0.0,0.0,0.0,0.0,0.0,0.0,0.0,0.0
0.0,0.0,0.0,0.0,0.0,0.0,0.0,0.0,0.0,0.0,0.0,0.0,0.0,0.0,0.0,0.0,0.0,0.0,0.0,0.0,0.0,0.0,0.0,0.0,0.0,0.0,0.0,0.0,0.0,0.0,0.0,0.0,0.0,0.0,0.0,0.0,0.0
0.0,0.0,0.0,0.0,0.0,0.0,0.0,0.0,0.0,0.0,0.0,0.0,0.0,0.0,0.0,0.0,0.0,0.0,0.0,0.0,0.0,0.0,0.0,0.0,0.0,0.0,0.0,0.0,0.0,0.0,0.0,0.0,0.0,0.0,0.0,0.0,0.0
0.0,0.0,0.0,0.0,0.0,0.0,0.0,0.0,0.0,0.0,0.0,0.0,0.0,0.0,0.0,0.0,0.0,0.0,0.0,0.0,0.0,0.0,0.0,0.0,0.0,0.0,0.0,0.0,0.0,0.0,0.0,0.0,0.0,0.0,0.0,0.0,0.0
0.0,0.0,0.0,0.0,0.0,0.0,0.0,0.0,0.0,0.0,0.0,0.0,0.0,0.0,0.0,0.0,0.0,0.0,0.0,0.0,0.0,0.0,0.0,0.0,0.0,0.0,0.0,0.0,0.0,0.0,0.0,0.0,0.0,0.0,0.0,0.0,0.0
0.0,0.0,0.0,0.0,0.0,0.0,0.0,0.0,0.0,0.0,0.0,0.0,0.0,0.0,0.0,0.0,0.0,0.0,0.0,0.0,0.0,0.0,0.0,0.0,0.0,0.0,0.0,0.0,0.0,0.0,0.0,0.0,0.0,0.0,0.0,0.0,0.0
0.0,0.0,0.0,0.0,0.0,0.0,0.0,0.0,0.0,0.0,0.0,0.0,0.0,0.0,0.0,0.0,0.0,0.0,0.0,0.0,0.0,0.0,0.0,0.0,0.0,0.0,0.0,0.0,0.0,0.0,0.0,0.0,0.0,0.0,0.0,0.0,0.0
0.0,0.0,0.0,0.0,0.0,0.0,0.0,0.0,0.0,0.0,0.0,0.0,0.0,0.0,0.0,0.0,0.0,0.0,0.0,0.0,0.0,0.0,0.0,0.0,0.0,0.0,0.0,0.0,0.0,0.0,0.0,0.0,0.0,0.0,0.0,0.0,0.0
0.0,0.0,0.0,0.0,0.0,0.0,0.0,0.0,0.0,0.0,0.0,0.0,0.0,0.0,0.0,0.0,0.0,0.0,0.0,0.0,0.0,0.0,0.0,0.0,0.0,0.0,0.0,0.0,0.0,0.0,0.0,0.0,0.3292466411366995,0.0,0.0,0.0,0.0
0.0,0.0,0.0,0.0,0.0,0.0,0.0,0.0,0.0,0.0,0.0,0.0,0.0,0.0,0.0,0.0295073855668306,0.7365290880202789,0.0,0.0,0.0,0.0,5.477079772949038,0.0,0.0,0.0,0.0,0.0,0.0,0.0,0.3317829534411332,0.0,0.0,0.2954865079372917,0.0,0.0,0.0,0.0
0.0,0.0,0.0,0.0231962315738152,2.7553180344401658,0.0,0.9444364007561656,0.0,0.0,0.0,1.765246805688275,0.0,0.0,0.9552556276319908,0.0452636048197721,0.0120265353471029,1.8594019412992828,0.0,0.0,0.0,0.0,15.346392250060973,0.0,0.0,0.0,2.21343641616398,0.0,0.0,0.0,0.3958948940038336,0.0,0.0,0.0,0.0,0.0,0.0,0.0
0.0,0.0,0.0,0.0387759469449502,5.354605622589478,0.5000010565854494,7.617998798564041,0.0,0.0,0.0,8.629794944217208,0.0,0.0,24.520818796008783,0.1848798662424058,0.0,0.0,0.0,0.0,0.0,0.0,0.0,0.0,0.0,0.0,1.1170345339923544,0.0,0.0,71.59973053261618,0.4609674885868863,0.0,5.09144444763656,0.36794258281588,0.0,0.0,0.0,0.0
0.0,0.0,0.0,0.8626397792249889,15.126537507399808,2.8010078310034974,38.79379514530289,0.0,0.0,0.0,53.803364503383584,0.0,0.0,68.12501288950443,1.2349783949553963,0.0162056479603044,0.0,0.0,0.0,0.0,0.0,65.58286890983548,0.0,0.0,0.0,10.916205005347672,0.0,0.0,523.6869563668967,0.5781409196555328,0.0,23.65111990272995,1.041507708840043,0.0,0.0,0.0,0.0
0.0,0.0,0.0,4.157102465629578,57.63978622853747,28.064593516290152,166.51965980380766,0.0,0.0,0.0,244.70750385597327,0.0,0.0,185.7638056576252,4.318067928403615,0.2000644952058791,3.2492956995963684,0.0,0.0,0.0,0.0,309.2017002105711,0.0,0.0,0.0,80.32066382765763,0.0,0.0,1461.951773560047,0.6971858687698689,0.0,113.51500025391576,1.3421417782083112,0.0,0.0,0.0,0.0
0.0,0.0,0.0,11.637199729681011,166.64918762445433,149.46657876670358,485.9918569028377,0.0,0.0,0.0,844.4036533266305,0.0,0.0,448.5328505933284,10.599740293622016,0.4376989677548396,14.591157257556835,0.0,0.0,0.0,0.0,716.4207344055174,0.0,0.0,0.0,293.5881983995438,1.334502388164401,0.0,2106.274508559704,0.8268360868096093,0.0,303.49875044822693,3.235133754089473,0.0,0.0,0.0,0.0
0.0,0.0,0.0,24.528483629226685,326.2532151341438,273.8438106775284,841.2580173611641,0.0,0.0,0.0,1654.6466469585896,0.0,0.0,786.268612742424,19.171115005016325,0.4925407283008095,36.12473547458648,0.0,0.0,0.0,0.0,1224.8140182495115,0.0,0.0,0.0,491.2161988735199,5.607181026041507,0.0,2456.5402165532114,0.8356489159166776,0.0,417.5304783582688,6.647617699578389,0.0,0.0,0.0,0.0
0.0,0.0,0.0,40.80396699905396,565.4542112350464,312.8262691497803,1074.703016871214,0.0,0.0,0.0,2170.669010984898,0.0,0.0,936.25676587224,25.37544811964035,0.9233739003539077,328.0569075226782,0.0,0.0,0.0,0.0,1548.8039764404298,0.0,0.0,0.0,576.972742319107,11.666737937927246,0.0,2627.4701823949817,71.47919624447823,0.0,444.321053147316,23.44816397130488,0.0,0.0,0.0,0.0
0.0,0.0,0.0,53.01681935787201,825.6215561628342,338.4615115821361,1230.8411011040212,0.0,0.0,0.0,2275.3,0.0,0.0,1037.1846397221088,28.50479763150215,1.460728920996189,641.6802840828896,0.0,0.0,0.0,0.0,1831.994708251953,0.0,0.0,0.0,609.9111506462098,20.70161133110523,0.0,2635.4,213.15863020420076,0.0,452.9014072418213,34.443067029118524,0.0,0.0,0.0,0.0
0.0,0.0,0.0,60.18337202072144,1037.7938916683197,346.1869506239891,1317.1788477003574,0.0,0.0,0.0,2275.3,0.0,0.0,0.0,29.125405007600783,1.8172728866338723,868.6709128379822,0.0,0.0,0.0,0.0,2001.715872192383,0.0,0.0,0.0,626.0264709949494,26.58566148877144,0.0,2635.4,254.09439420700076,0.0,444.29995453357697,0.0,0.0,0.0,0.0,0.0
0.0,0.0,0.0,62.0,0.0,0.0,0.0,0.0,0.0,0.0,0.0,0.0,0.0,0.0,0.0,0.0,979.9407363653183,0.0,0.0,0.0,0.0,1938.4125579833983,0.0,0.0,0.0,0.0,0.0,0.0,0.0,255.98730437755583,0.0,0.0,0.0,0.0,0.0,0.0,0.0
0.0,0.0,0.0,56.57221138477325,0.0,0.0,0.0,0.0,0.0,0.0,0.0,0.0,0.0,0.0,0.0,0.0,896.3668089389801,0.0,0.0,0.0,0.0,1355.894955444336,0.0,0.0,0.0,0.0,0.0,0.0,0.0,248.8539093732834,0.0,0.0,0.0,0.0,0.0,0.0,0.0
0.0,0.0,0.0,0.0,0.0,0.0,0.0,0.0,0.0,0.0,0.0,0.0,0.0,0.0,0.0,0.0,767.6382185220718,0.0,0.0,0.0,0.0,0.0,0.0,0.0,0.0,0.0,0.0,0.0,0.0,0.0,0.0,0.0,0.0,0.0,0.0,0.0,0.0
0.0,0.0,0.0,0.0,0.0,0.0,0.0,0.0,0.0,0.0,0.0,0.0,0.0,0.0,0.0,0.0,0.0,0.0,0.0,0.0,0.0,0.0,0.0,0.0,0.0,0.0,0.0,0.0,0.0,0.0,0.0,0.0,0.0,0.0,0.0,0.0,0.0
0.0,0.0,0.0,0.0,0.0,0.0,0.0,0.0,0.0,0.0,0.0,0.0,0.0,0.0,0.0,0.0,0.0,0.0,0.0,0.0,0.0,0.0,0.0,0.0,0.0,0.0,0.0,0.0,0.0,0.0,0.0,0.0,0.0,0.0,0.0,0.0,0.0
0.0,0.0,0.0,0.0,0.0,0.0,0.0,0.0,0.0,0.0,0.0,0.0,0.0,0.0,0.0,0.0,0.0,0.0,0.0,0.0,0.0,0.0,0.0,0.0,0.0,0.0,0.0,0.0,0.0,0.0,0.0,0.0,0.0,0.0,0.0,0.0,0.0
0.0,0.0,0.0,0.0,0.0,0.0,0.0,0.0,0.0,0.0,0.0,0.0,0.0,0.0,0.0,0.0,0.0,0.0,0.0,0.0,0.0,0.0,0.0,0.0,0.0,0.0,0.0,0.0,0.0,0.0,0.0,0.0,0.0,0.0,0.0,0.0,0.0
0.0,0.0,0.0,0.0,0.0,0.0,0.0,0.0,0.0,0.0,0.0,0.0,0.0,0.0,0.0,0.0,0.0,0.0,0.0,0.0,0.0,0.0,0.0,0.0,0.0,0.0,0.0,0.0,0.0,0.0,0.0,0.0,0.0,0.0,0.0,0.0,0.0
0.0,0.0,0.0,0.0,0.0,0.0,0.0,0.0,0.0,0.0,0.0,0.0,0.0,0.0,0.0,0.0,0.0,0.0,0.0,0.0,0.0,0.0,0.0,0.0,0.0,0.0,0.0,0.0,0.0,0.0,0.0,0.0,0.0,0.0,0.0,0.0,0.0
0.0,0.0,0.0,0.0,0.0,0.0,0.0,0.0,0.0,0.0,0.0,0.0,0.0,0.0,0.0,0.0,0.0,0.0,0.0,0.0,0.0,0.0,0.0,0.0,0.0,0.0,0.0,0.0,0.0,0.0,0.0,0.0,0.0,0.0,0.0,0.0,0.0
0.0,0.0,0.0,0.0,0.0,0.0,0.0,0.0,0.0,0.0,0.0,0.0,0.0,0.0,0.0,0.0,0.0,0.0,0.0,0.0,0.0,0.0,0.0,0.0,0.0,0.0,0.0,0.0,0.0,0.0,0.0,0.0,0.0,0.0,0.0,0.0,0.0
0.0,0.0,0.0,0.0,0.0,0.0,0.0,0.0,0.0,0.0,0.0,0.0,0.0,0.0,0.0,0.0,0.0,0.0,0.0,0.0,0.0,0.0,0.0,0.0,0.0,0.0,0.0,0.0,0.0,0.0,0.0,0.0,0.0,0.0,0.0,0.0,0.0
0.0,0.0,0.0,0.0,0.0,0.0,0.0,0.0,0.0,0.0,0.0,0.0,0.0,0.0,0.0,0.0,0.0,0.0,0.0,0.0,0.0,0.0,0.0,0.0,0.0,0.0,0.0,0.0,0.0,0.0,0.0,0.0,0.0,0.0,0.0,0.0,0.0
0.0,0.0,0.0,0.0,0.0,0.0,0.4303566429762709,0.0,0.0,0.0,0.0,0.0,0.0,0.0,0.0,0.0,0.0,0.0,0.0,0.0,0.0,31.97281475067117,0.0,0.0,0.0,0.0,0.0,0.0,0.0,0.0,0.0,0.0,0.4252097494900163,0.0,0.0,0.0,0.0
0.0,0.0,0.0,0.0,0.0,0.0,1.122439392656038,0.0,0.0,0.0,1.64948692442836,0.0,0.0,0.0,0.0,0.0,0.0,0.0,0.0,0.0,0.0,0.0,0.0,0.0,0.0,0.0,0.0,0.0,0.0,0.0,0.0,0.0,0.3591982228681252,0.0,0.0,0.0,0.0
0.0,0.0,0.0,0.0,2.157329417765122,0.0,0.0,0.0,0.0,0.0,1.633551756758129,0.0,0.0,0.4655869677662027,0.0629859790205954,0.0,3.353419756889318,0.0,0.0,0.0,0.0,31.57027277946452,0.0,0.0,0.0,0.1084878686814644,0.0,0.0,0.0,0.0,0.0,1.593882754445047,0.0,0.0,0.0,0.0,0.0
0.0,0.0,0.0,0.048157809302206,5.127082899212633,0.5319571853615003,7.726105030998466,0.0,0.0,0.0,2.266808327147733,0.0,0.0,7.509615630842696,0.159244690462946,0.0,0.0,0.0,0.0,0.0,0.0,0.0,0.0,0.0,0.0,5.150594943761802,0.0,0.0,68.53683612644664,0.3997726559638919,0.0,4.518552497029252,0.8574701081961222,0.0,0.0,0.0,0.0
0.0,0.0,0.0,0.2307091988623087,36.394306547939685,4.602796982973809,62.56861547343432,0.0,0.0,0.0,27.637717474996933,0.0,0.0,23.898302502930022,0.8743065834045394,0.0,0.0,0.0,0.0,0.0,0.0,90.59078197479218,0.0,0.0,0.0,43.595955070853215,0.7571086965501235,0.0,471.0254243880508,0.4877691499888538,0.0,24.474806822836367,2.215107508935009,0.0,0.0,0.0,0.0
0.0,0.0,0.0,1.9363382309675197,151.7108922898768,38.3324243724346,307.8687343746423,0.0,0.0,0.0,148.4395281665027,0.0,0.0,73.35798962041729,3.28730846196413,0.0459804572165003,0.0,0.0,0.0,0.0,0.0,396.89764976501465,0.0,0.0,0.0,186.30768872499465,4.511036614328615,0.0,1223.1697316527363,0.5731765642761842,0.0,0.0,7.633797582238901,0.0,0.0,0.0,0.0
0.0,0.0,0.0,5.742378577589985,381.9912256002425,173.5865564495325,805.1775764524937,0.0,0.0,0.0,586.3271032214163,0.0,0.0,222.55826398730275,8.15791994333267,0.2067683208733792,10.765777897834605,0.0,0.0,0.0,0.0,991.7506324768068,0.0,0.0,0.0,504.8702407360077,13.147167140245436,0.0,1874.9119245767592,0.6532974526285986,0.0,307.1906490325928,25.32033075392246,0.0,0.0,0.0,0.0
0.0,0.0,0.0,12.68261632323265,775.1772297620772,288.5459719002247,1219.087611091137,0.0,0.0,0.0,1372.094425213337,0.0,0.0,502.63894997537136,15.965096506476405,0.3182689622044556,28.562656867503936,0.0,0.0,0.0,0.0,1763.6590698242187,0.0,0.0,0.0,716.8260001182556,29.242786878347395,0.0,2227.614603972435,0.6526882573961917,0.0,424.8869693279266,6.647617699578389,0.0,0.0,0.0,0.0
0.0,0.0,0.0,23.685271203517917,1160.1053655147552,322.61521050333977,1437.8880976855753,0.0,0.0,0.0,1896.3288931369784,0.0,0.0,654.3578438460826,22.665268009901048,0.8674481585621827,291.96557264327987,0.0,0.0,0.0,0.0,2065.424694824219,0.0,0.0,0.0,772.8276629447937,45.18994373083114,0.0,2371.56336619854,54.03633174598217,0.0,453.6703225374222,23.44816397130488,0.0,0.0,0.0,0.0
0.0,0.0,0.0,34.33536636829376,1409.654568195343,344.2720313370228,1521.1,0.0,0.0,0.0,2256.235843491554,0.0,0.0,750.3207920491694,26.45675772428513,1.172810077667236,563.142859983444,0.0,0.0,0.0,0.0,2214.32287902832,0.0,0.0,0.0,781.1430039405823,54.9181975364685,0.0,2409.4052248835565,184.23338451385496,0.0,462.9526002407074,34.443067029118524,0.0,0.0,0.0,0.0
0.0,0.0,0.0,41.60331213474274,1518.9646084308624,349.4694831073284,1521.1,0.0,0.0,0.0,2275.3,0.0,0.0,783.7431761622429,27.58678032159805,1.2255846560001369,766.0494533300399,0.0,0.0,0.0,0.0,2220.296862792968,0.0,0.0,0.0,765.9932127952576,58.84357742071152,0.0,2388.1242158174514,240.7574938595295,0.0,454.091720700264,0.0,0.0,0.0,0.0,0.0
0.0,0.0,0.0,44.99051880836487,1526.7507121562958,338.4159493148327,1500.126008272171,0.0,0.0,0.0,2275.3,0.0,0.0,800.3941412270069,26.822019392251967,1.0793425440788265,872.5720410704612,0.0,0.0,0.0,0.0,2173.824456787109,0.0,0.0,0.0,0.0,0.0,0.0,2346.324831187725,0.0,0.0,428.5371012687683,0.0,0.0,0.0,0.0,0.0
0.0,0.0,0.0,0.0,1326.9414365291595,0.0,1403.3307318150994,0.0,0.0,0.0,0.0,0.0,0.0,0.0,23.65593010783196,0.4993106350302694,784.8053890228272,0.0,0.0,0.0,0.0,1834.2357330322263,0.0,0.0,0.0,663.8006544113159,0.0,0.0,0.0,0.0,0.0,376.96609699726105,0.0,0.0,0.0,0.0,0.0
0.0,0.0,0.0,0.0,0.0,0.0,0.0,0.0,0.0,0.0,0.0,0.0,0.0,0.0,0.0,0.0,0.0,0.0,0.0,0.0,0.0,0.0,0.0,0.0,0.0,0.0,0.0,0.0,0.0,0.0,0.0,0.0,0.0,0.0,0.0,0.0,0.0
0.0,0.0,0.0,0.0,0.0,0.0,0.0,0.0,0.0,0.0,0.0,0.0,0.0,0.0,0.0,0.0,0.0,0.0,0.0,0.0,0.0,0.0,0.0,0.0,0.0,0.0,0.0,0.0,0.0,0.0,0.0,0.0,0.0,0.0,0.0,0.0,0.0
0.0,0.0,0.0,0.0,0.0,0.0,0.0,0.0,0.0,0.0,0.0,0.0,0.0,0.0,0.0,0.0,0.0,0.0,0.0,0.0,0.0,0.0,0.0,0.0,0.0,0.0,0.0,0.0,0.0,0.0,0.0,0.0,0.0,0.0,0.0,0.0,0.0
0.0,0.0,0.0,0.0,0.0,0.0,0.0,0.0,0.0,0.0,0.0,0.0,0.0,0.0,0.0,0.0,0.0,0.0,0.0,0.0,0.0,0.0,0.0,0.0,0.0,0.0,0.0,0.0,0.0,0.0,0.0,0.0,0.0,0.0,0.0,0.0,0.0
0.0,0.0,0.0,0.0,0.0,0.0,0.0,0.0,0.0,0.0,0.0,0.0,0.0,0.0,0.0,0.0,0.0,0.0,0.0,0.0,0.0,0.0,0.0,0.0,0.0,0.0,0.0,0.0,0.0,0.0,0.0,0.0,0.0,0.0,0.0,0.0,0.0
0.0,0.0,0.0,0.0,0.0,0.0,0.0,0.0,0.0,0.0,0.0,0.0,0.0,0.0,0.0,0.0,0.0,0.0,0.0,0.0,0.0,0.0,0.0,0.0,0.0,0.0,0.0,0.0,0.0,0.0,0.0,0.0,0.0,0.0,0.0,0.0,0.0
0.0,0.0,0.0,0.0,0.0,0.0,0.0,0.0,0.0,0.0,0.0,0.0,0.0,0.0,0.0,0.0,0.0,0.0,0.0,0.0,0.0,0.0,0.0,0.0,0.0,0.0,0.0,0.0,0.0,0.0,0.0,0.0,0.0,0.0,0.0,0.0,0.0
0.0,0.0,0.0,0.0,0.0,0.0,0.0,0.0,0.0,0.0,0.0,0.0,0.0,0.0,0.0,0.0,0.0,0.0,0.0,0.0,0.0,0.0,0.0,0.0,0.0,0.0,0.0,0.0,0.0,0.0,0.0,0.0,0.0,0.0,0.0,0.0,0.0
0.0,0.0,0.0,0.0,0.0,0.0,0.0,0.0,0.0,0.0,0.0,0.0,0.0,0.0,0.0,0.0,0.0,0.0,0.0,0.0,0.0,0.0,0.0,0.0,0.0,0.0,0.0,0.0,0.0,0.0,0.0,0.0,0.0,0.0,0.0,0.0,0.0
0.0,0.0,0.0,0.0,0.0,0.0,0.0,0.0,0.0,0.0,0.0,0.0,0.0,0.0,0.0,0.0,0.0,0.0,0.0,0.0,0.0,0.0,0.0,0.0,0.0,0.0,0.0,0.0,0.0,0.0,0.0,0.0,0.0,0.0,0.0,0.0,0.0
0.0,0.0,0.0,0.0,0.0,0.0,0.0,0.0,0.0,0.0,0.0,0.0,0.0,0.0,0.0,0.0,0.0,0.0,0.0,0.0,0.0,0.0,0.0,0.0,0.0,0.0,0.0,0.0,0.0,0.0,0.0,0.0,0.0,0.0,0.0,0.0,0.0
0.0,0.0,0.0,0.0,0.0,0.0,0.0,0.0,0.0,0.0,0.0,0.0,0.0,0.0,0.0,0.0,0.0,0.0,0.0,0.0,0.0,0.0,0.0,0.0,0.0,0.0,0.0,0.0,0.0,0.0,0.0,0.0,0.4648130089044526,0.0,0.0,0.0,0.0
0.0,0.0,0.0,0.0,0.0,0.0,0.0,0.0,0.0,0.0,0.0,0.0,0.0,0.0,0.0,0.0,0.0,0.0,0.0,0.0,0.0,21.341739559173384,0.0,0.0,0.0,0.0,0.0,0.0,0.0,0.2978876821696657,0.0,0.0,0.3945789756253187,0.0,0.0,0.0,0.0
0.0,0.0,0.0,0.0,2.9117071442304163,0.0,0.0,0.0,0.0,0.0,1.648870284296469,0.0,0.0,0.0,0.0,0.0,2.968056559562511,0.0,0.0,0.0,0.0,19.70747509002653,0.0,0.0,0.0,8.360183797776621,0.5301688948646132,0.0,0.0,0.3693656131624973,0.0,1.6935494840144552,0.0,0.0,0.0,0.0,0.0
0.0,0.0,0.0,0.0539798773825118,5.508214104920616,0.3252686304040251,6.782818937674136,0.0,0.0,0.0,2.058156165946272,0.0,0.0,15.283077154308485,0.1007613524794558,0.0,0.0,0.0,0.0,0.0,0.0,29.54612150192228,0.0,0.0,0.0,3.847752564772961,0.7479119850322586,0.0,35.52030334174611,0.445561878383151,0.0,3.901395618915522,0.8698917655274185,0.0,0.0,0.0,0.0
0.0,0.0,0.0,0.2049972061067766,13.646549034863623,3.6225320873782,30.844179147109283,0.0,0.0,0.0,15.360245044436192,0.0,0.0,62.2014344576746,0.277320714667439,0.0,0.0,0.0,0.0,0.0,0.0,264.8677026748657,0.0,0.0,0.0,20.607662326097408,1.6869193784892524,0.0,212.4630767092108,0.6188691355287652,0.0,17.262590631842556,1.7856384143233026,0.0,0.0,0.0,0.0
0.0,0.0,0.0,0.8019651211798179,83.21073588728903,30.12614971771833,136.7190588250756,0.0,0.0,0.0,123.80095334164793,0.0,0.0,214.90112807601687,1.233954431489108,0.0722492048516862,0.0847578406333923,0.0,0.0,0.0,0.0,821.4237861633299,0.0,0.0,0.0,82.45586423277852,3.6894504271447657,0.0,688.9662477850914,0.8030101098119856,0.0,89.97629415988922,5.67992581427097,0.0,0.0,0.0,0.0
0.0,0.0,0.0,2.2346631959080696,257.87784209847445,143.19585882127282,459.25721622109415,0.0,0.0,0.0,509.1181644439697,0.0,0.0,563.4217781573534,3.0127999529242517,0.0,11.718828642368246,0.0,0.0,0.0,0.0,1764.567864990234,0.0,0.0,0.0,248.6668108940124,7.128114207088946,0.0,1271.961468029022,0.9714320898055656,0.0,280.4771667122841,20.606378242373463,0.0,0.0,0.0,0.0
0.0,0.0,0.0,4.602574139833446,548.2761372327805,247.5937969982624,900.8387291133404,0.0,0.0,0.0,1254.668649315834,0.0,0.0,947.519531995058,6.17364690005779,0.0,26.815775096416427,0.0,0.0,0.0,0.0,2487.9498046875,0.0,0.0,0.0,467.7484288215637,15.5107864767313,0.0,1767.2689153671265,0.94034556001423,0.0,405.5396481752396,0.0,0.0,0.0,0.0,0.0
0.0,0.0,0.0,9.92752656340599,941.8734929561614,283.1196708679199,1168.0218489408494,0.0,0.0,0.0,1729.2717830598351,0.0,0.0,1102.661531418562,12.173940485715866,0.0,287.98851168155653,0.0,0.0,0.0,0.0,2830.750274658203,0.0,0.0,0.0,554.59550614357,30.951451903581617,0.0,1992.58572422266,74.48541070222853,0.0,435.1550689935684,23.44816397130488,0.0,0.0,0.0,0.0
0.0,0.0,0.0,16.72910267114639,1250.917008638382,310.35089671611786,1335.395546847582,0.0,0.0,0.0,2059.941159009934,0.0,0.0,1183.7603852152824,17.32392727732658,0.0,577.9251667022705,0.0,0.0,0.0,0.0,3016.026611328125,0.0,0.0,0.0,588.6473281860351,42.95822425484657,0.0,2170.1623041510584,216.86335728764533,0.0,447.4914427995682,34.443067029118524,0.0,0.0,0.0,0.0
0.0,0.0,0.0,23.033222675323486,0.0,320.0959524512291,0.0,0.0,0.0,0.0,2217.996594583989,0.0,0.0,0.0,21.01275023818016,0.0,802.3769825100898,0.0,0.0,0.0,0.0,3049.559686279297,0.0,0.0,0.0,0.0,0.0,0.0,0.0,258.50649067759514,0.0,441.84698951244354,0.0,0.0,0.0,0.0,0.0
0.0,0.0,0.0,0.0,0.0,313.22270345687866,0.0,0.0,0.0,0.0,0.0,0.0,0.0,0.0,0.0,0.0,918.0965620279312,0.0,0.0,0.0,0.0,0.0,0.0,0.0,0.0,0.0,0.0,0.0,0.0,258.49128422737124,0.0,0.0,0.0,0.0,0.0,0.0,0.0
0.0,0.0,0.0,0.0,0.0,0.0,0.0,0.0,0.0,0.0,0.0,0.0,0.0,0.0,0.0,0.0,824.8832841157913,0.0,0.0,0.0,0.0,2575.6881927490235,0.0,0.0,0.0,0.0,0.0,0.0,0.0,251.45332199931144,0.0,0.0,0.0,0.0,0.0,0.0,0.0
0.0,0.0,0.0,0.0,0.0,0.0,0.0,0.0,0.0,0.0,0.0,0.0,0.0,0.0,0.0,0.0,0.0,0.0,0.0,0.0,0.0,0.0,0.0,0.0,0.0,0.0,0.0,0.0,0.0,0.0,0.0,0.0,0.0,0.0,0.0,0.0,0.0
0.0,0.0,0.0,0.0,0.0,0.0,0.0,0.0,0.0,0.0,0.0,0.0,0.0,0.0,0.0,0.0,0.0,0.0,0.0,0.0,0.0,0.0,0.0,0.0,0.0,0.0,0.0,0.0,0.0,0.0,0.0,0.0,0.0,0.0,0.0,0.0,0.0
0.0,0.0,0.0,0.0,0.0,0.0,0.0,0.0,0.0,0.0,0.0,0.0,0.0,0.0,0.0,0.0,0.0,0.0,0.0,0.0,0.0,0.0,0.0,0.0,0.0,0.0,0.0,0.0,0.0,0.0,0.0,0.0,0.0,0.0,0.0,0.0,0.0
0.0,0.0,0.0,0.0,0.0,0.0,0.0,0.0,0.0,0.0,0.0,0.0,0.0,0.0,0.0,0.0,0.0,0.0,0.0,0.0,0.0,0.0,0.0,0.0,0.0,0.0,0.0,0.0,0.0,0.0,0.0,0.0,0.0,0.0,0.0,0.0,0.0
0.0,0.0,0.0,0.0,0.0,0.0,0.0,0.0,0.0,0.0,0.0,0.0,0.0,0.0,0.0,0.0,0.0,0.0,0.0,0.0,0.0,0.0,0.0,0.0,0.0,0.0,0.0,0.0,0.0,0.0,0.0,0.0,0.0,0.0,0.0,0.0,0.0
0.0,0.0,0.0,0.0,0.0,0.0,0.0,0.0,0.0,0.0,0.0,0.0,0.0,0.0,0.0,0.0,0.0,0.0,0.0,0.0,0.0,0.0,0.0,0.0,0.0,0.0,0.0,0.0,0.0,0.0,0.0,0.0,0.0,0.0,0.0,0.0,0.0
0.0,0.0,0.0,0.0,0.0,0.0,0.0,0.0,0.0,0.0,0.0,0.0,0.0,0.0,0.0,0.0,0.0,0.0,0.0,0.0,0.0,0.0,0.0,0.0,0.0,0.0,0.0,0.0,0.0,0.0,0.0,0.0,0.0,0.0,0.0,0.0,0.0
0.0,0.0,0.0,0.0,0.0,0.0,0.0,0.0,0.0,0.0,0.0,0.0,0.0,0.0,0.0,0.0,0.0,0.0,0.0,0.0,0.0,0.0,0.0,0.0,0.0,0.0,0.0,0.0,0.0,0.0,0.0,0.0,0.0,0.0,0.0,0.0,0.0
0.0,0.0,0.0,0.0,0.0,0.0,0.0,0.0,0.0,0.0,0.0,0.0,0.0,0.0,0.0,0.0,0.0,0.0,0.0,0.0,0.0,0.0,0.0,0.0,0.0,0.0,0.0,0.0,0.0,0.0,0.0,0.0,0.0,0.0,0.0,0.0,0.0
0.0,0.0,0.0,0.0,0.0,0.0,0.0,0.0,0.0,0.0,0.0,0.0,0.0,0.0,0.0,0.0,0.0,0.0,0.0,0.0,0.0,0.0,0.0,0.0,0.0,0.0,0.0,0.0,0.0,0.0,0.0,0.0,0.0,0.0,0.0,0.0,0.0
0.0,0.0,0.0,0.0,0.0,0.0,0.0,0.0,0.0,0.0,0.0,0.0,0.0,0.0,0.0,0.0,0.0,0.0,0.0,0.0,0.0,0.0,0.0,0.0,0.0,0.0,0.0,0.0,0.0,0.0,0.0,0.0,0.0,0.0,0.0,0.0,0.0
0.0,0.0,0.0,0.0,0.0,0.0,0.0,0.0,0.0,0.0,0.0,0.0,0.0,0.0,0.0,0.0,0.0,0.0,0.0,0.0,0.0,0.0,0.0,0.0,0.0,0.0,0.0,0.0,0.0,0.0,0.0,0.0,0.2284399569034292,0.0,0.0,0.0,0.0
0.0,0.0,0.0,0.0,0.0,0.0,0.0,0.0,0.0,0.0,0.0,0.0,0.0,0.0,0.0,0.0,0.0,0.0,0.0,0.0,0.0,0.0,0.0,0.0,0.0,0.0,0.0,0.0,0.0,0.0,0.0,0.0,0.1265011038630929,0.0,0.0,0.0,0.0
0.0,0.0,0.0,0.0,0.0,0.0,0.0,0.0,0.0,0.0,1.7317373942582472,0.0,0.0,0.0,0.0583401583135109,0.0001208297908306,3.578214955329733,0.0,0.0,0.0,0.0,15.6649611473079,0.0,0.0,0.0,0.0,0.0,0.0,0.0,0.4048073031008138,0.0,1.9309671968221287,0.0,0.0,0.0,0.0,0.0
0.0,0.0,0.0,0.0,5.608086124062448,0.8530416786670257,2.834470842778636,0.0,0.0,0.0,2.875421542161934,0.0,0.0,10.81476954510422,0.1341490209102623,0.0,0.0,0.0,0.0,0.0,0.0,8.737901878356537,0.0,0.0,0.0,7.669569317996426,0.0,0.0,46.62765581905831,0.4307098157703793,0.0,3.5749501883983315,0.737051989883157,0.0,0.0,0.0,0.0
0.0,0.0,0.0,0.0,48.768871247768296,3.0353897847234816,28.2085613267496,0.0,0.0,0.0,31.18003320079295,0.0,0.0,47.77935746125871,0.6669043589383332,0.0,0.0,0.0,0.0,0.0,0.0,156.0882009506223,0.0,0.0,0.0,29.165788695216143,0.0,0.0,356.27704287469385,0.5511723153292746,0.0,13.826606929302196,1.845944344997402,0.0,0.0,0.0,0.0
0.0,0.0,0.0,5.496303886175153,191.2140270471572,9.875498350709648,146.4803070306778,0.0,0.0,0.0,144.66009629815812,0.0,0.0,171.77230840548862,3.224661406874656,0.0394390858709809,9.27782734632486,0.0,0.0,0.0,0.0,605.8784729003905,0.0,0.0,0.0,142.01136496067045,0.0,0.0,1191.1690486848352,0.6737435676157237,0.0,57.375083103775935,8.111917190253733,0.0,0.0,0.0,0.0
0.0,0.0,0.0,11.497556477785103,474.7425209283829,33.82619437947867,458.4970840036869,0.0,0.0,0.0,455.5209738865495,0.0,0.0,470.63419908285135,7.1521192431449885,0.1641059610992659,29.735538685321803,0.0,0.0,0.0,0.0,1477.1751098632812,0.0,0.0,0.0,0.0,0.0,0.0,1801.2143530368803,0.7448085345327775,0.0,165.42445248365402,28.89228431880473,0.0,0.0,0.0,0.0
0.0,0.0,0.0,20.14669734239578,887.2239592075347,86.52341759949921,818.4912233352661,0.0,0.0,0.0,1032.732720440626,0.0,0.0,805.575301349163,12.089279589056966,0.262250382453202,73.08552768230429,0.0,0.0,0.0,0.0,2197.250241088868,0.0,0.0,0.0,591.7415976047516,0.0,0.0,2135.2215944170957,0.7436575070023422,0.0,292.39863699674606,0.0,0.0,0.0,0.0,0.0
0.0,0.0,0.0,30.77597028017044,1197.8460357189178,119.7102665156126,1054.0945849120617,0.0,0.0,0.0,1431.0209122180938,0.0,0.0,943.9333173632622,16.457715117931365,0.8653279468417168,383.22194339036935,0.0,0.0,0.0,0.0,2486.044485473633,0.0,0.0,0.0,634.8445762634277,0.0,0.0,2283.7569963216783,61.9476339161396,0.0,332.8859258890152,23.44816397130488,0.0,0.0,0.0,0.0
0.0,0.0,0.0,38.11410629749298,1402.3257880210876,143.64340430498123,1192.3173392117023,0.0,0.0,0.0,1704.0635683715343,0.0,0.0,1028.089499026537,19.66210908293724,1.2875761985778809,714.2288282513617,0.0,0.0,0.0,0.0,2624.710983276367,0.0,0.0,0.0,647.6707986354828,0.2955034494399954,0.0,2361.2034888029098,198.840152323246,0.0,352.67219150066376,34.443067029118524,0.0,0.0,0.0,0.0
0.0,0.0,0.0,43.72390139102936,1524.3422591686249,164.6704705059528,1290.4462923049928,0.0,0.0,0.0,1849.6677385926248,0.0,0.0,1060.3406661748886,22.114809519052507,1.6592757552862167,925.4427931189535,0.0,0.0,0.0,0.0,2661.3637298583985,0.0,0.0,0.0,645.0930752277375,0.6952437344938484,0.0,2416.341498327255,247.89475491046903,0.0,359.283234000206,0.0,0.0,0.0,0.0,0.0
0.0,0.0,0.0,0.0,0.0,0.0,0.0,0.0,0.0,0.0,0.0,0.0,0.0,0.0,23.14186618924141,1.8834430575370789,1032.34817006588,0.0,0.0,0.0,0.0,2623.7638916015626,0.0,0.0,0.0,0.0,0.0,0.0,0.0,252.72956258058548,0.0,0.0,0.0,0.0,0.0,0.0,0.0
0.0,0.0,0.0,0.0,0.0,0.0,0.0,0.0,0.0,0.0,0.0,0.0,0.0,0.0,0.0,0.0,0.0,0.0,0.0,0.0,0.0,2187.93576965332,0.0,0.0,0.0,0.0,0.0,0.0,0.0,0.0,0.0,0.0,0.0,0.0,0.0,0.0,0.0
0.0,0.0,0.0,0.0,0.0,0.0,0.0,0.0,0.0,0.0,0.0,0.0,0.0,0.0,0.0,0.0,0.0,0.0,0.0,0.0,0.0,0.0,0.0,0.0,0.0,0.0,0.0,0.0,0.0,0.0,0.0,0.0,0.0,0.0,0.0,0.0,0.0
0.0,0.0,0.0,0.0,0.0,0.0,0.0,0.0,0.0,0.0,0.0,0.0,0.0,0.0,0.0,0.0,0.0,0.0,0.0,0.0,0.0,0.0,0.0,0.0,0.0,0.0,0.0,0.0,0.0,0.0,0.0,0.0,0.0,0.0,0.0,0.0,0.0
0.0,0.0,0.0,0.0,0.0,0.0,0.0,0.0,0.0,0.0,0.0,0.0,0.0,0.0,0.0,0.0,0.0,0.0,0.0,0.0,0.0,0.0,0.0,0.0,0.0,0.0,0.0,0.0,0.0,0.0,0.0,0.0,0.0,0.0,0.0,0.0,0.0
0.0,0.0,0.0,0.0,0.0,0.0,0.0,0.0,0.0,0.0,0.0,0.0,0.0,0.0,0.0,0.0,0.0,0.0,0.0,0.0,0.0,0.0,0.0,0.0,0.0,0.0,0.0,0.0,0.0,0.0,0.0,0.0,0.0,0.0,0.0,0.0,0.0
0.0,0.0,0.0,0.0,0.0,0.0,0.0,0.0,0.0,0.0,0.0,0.0,0.0,0.0,0.0,0.0,0.0,0.0,0.0,0.0,0.0,0.0,0.0,0.0,0.0,0.0,0.0,0.0,0.0,0.0,0.0,0.0,0.0,0.0,0.0,0.0,0.0
0.0,0.0,0.0,0.0,0.0,0.0,0.0,0.0,0.0,0.0,0.0,0.0,0.0,0.0,0.0,0.0,0.0,0.0,0.0,0.0,0.0,0.0,0.0,0.0,0.0,0.0,0.0,0.0,0.0,0.0,0.0,0.0,0.0,0.0,0.0,0.0,0.0
0.0,0.0,0.0,0.0,0.0,0.0,0.0,0.0,0.0,0.0,0.0,0.0,0.0,0.0,0.0,0.0,0.0,0.0,0.0,0.0,0.0,0.0,0.0,0.0,0.0,0.0,0.0,0.0,0.0,0.0,0.0,0.0,0.0,0.0,0.0,0.0,0.0
0.0,0.0,0.0,0.0,0.0,0.0,0.0,0.0,0.0,0.0,0.0,0.0,0.0,0.0,0.0,0.0,0.0,0.0,0.0,0.0,0.0,0.0,0.0,0.0,0.0,0.0,0.0,0.0,0.0,0.0,0.0,0.0,0.0,0.0,0.0,0.0,0.0
0.0,0.0,0.0,0.0,0.0,0.0,0.0,0.0,0.0,0.0,0.0,0.0,0.0,0.0,0.0,0.0,0.0,0.0,0.0,0.0,0.0,0.0,0.0,0.0,0.0,0.0,0.0,0.0,0.0,0.0,0.0,0.0,0.0,0.0,0.0,0.0,0.0
0.0,0.0,0.0,0.0,0.0,0.0,0.0,0.0,0.0,0.0,0.0,0.0,0.0,0.0,0.0,0.0,0.0,0.0,0.0,0.0,0.0,0.0,0.0,0.0,0.0,0.0,0.0,0.0,0.0,0.0,0.0,0.0,0.0,0.0,0.0,0.0,0.0
0.0,0.0,0.0,0.0,0.0,0.0,0.0,0.0,0.0,0.0,0.0,0.0,0.0,0.0,0.0,0.0,0.0,0.0,0.0,0.0,0.0,0.0,0.0,0.0,0.0,0.0,0.0,0.0,0.0,0.0,0.0,0.0,0.0,0.0,0.0,0.0,0.0
0.0,0.0,0.0,0.0,0.0,0.0,0.0,0.0,0.0,0.0,0.0,0.0,0.0,1.2658252380787518,0.0,0.0,0.0,0.0,0.0,0.0,0.0,54.25974049568141,0.0,0.0,0.0,0.0,0.0,0.0,0.0,0.0,0.0,0.0,0.3144029229879193,0.0,0.0,0.0,0.0
0.0,0.0,0.0,0.0,0.0,0.1511483141221067,0.0,0.0,0.0,0.0,1.520657874736853,0.0,0.0,0.7528373971581286,0.0,0.0,0.0,0.0,0.0,0.0,0.0,58.233436155318834,0.0,0.0,0.0,0.0,0.0,0.0,0.0,0.3017361558973461,0.0,0.0,0.2066801581531735,0.0,0.0,0.0,0.0
0.0,0.0,0.0,0.0,0.0,0.0,0.0,0.0,0.0,0.0,1.5254532583055818,0.0,0.0,0.0,0.0,0.0,4.051890552043759,0.0,0.0,0.0,0.0,42.00498924255342,0.0,0.0,0.0,0.0,0.0,0.0,0.0,0.380123180896023,0.0,1.7248610109090696,0.0,0.0,0.0,0.0,0.0
0.0,0.0,0.0,0.0442568752914664,7.764018330722943,0.5695811524055739,5.369283766299336,0.0,0.0,0.0,2.12529471446753,0.0,0.0,20.6829925905912,0.1543737050145857,0.0,0.0,0.0,0.0,0.0,0.0,28.29010295867908,0.0,0.0,0.0,0.0,1.3115273915231178,0.0,64.26665793508288,0.444264409691062,0.0,3.916093781590415,0.8333597425371312,0.0,0.0,0.0,0.0
0.0,0.0,0.0,1.097471699118614,72.2752670943736,2.7611462529748327,72.7049375668167,0.0,0.0,0.0,23.081024494115077,0.0,0.0,86.27659969031811,1.0906702861189812,0.0,0.0,0.0,0.0,0.0,0.0,181.7469467163086,0.0,0.0,0.0,44.01209560036659,4.059133738279335,0.0,491.515878611803,0.5916750118136178,0.0,20.608766183257075,3.39262664876876,0.0,0.0,0.0,0.0
0.0,0.0,0.0,5.382722139358519,251.2830845117569,21.0364407971501,357.40124438256026,0.0,0.0,0.0,131.62679894603778,0.0,0.0,291.5675620734691,4.135250372439621,0.1525024389848102,9.148024666309167,0.0,0.0,0.0,0.0,658.8443099975584,0.0,0.0,0.0,205.03475614786143,12.25171460211277,0.0,1456.9592337846757,0.6903148494660636,0.0,107.51024687290187,13.791851736605166,0.0,0.0,0.0,0.0
0.0,0.0,0.0,14.599212795495983,599.2273536920546,107.6948352828622,871.962499320507,0.0,0.0,0.0,534.2818284720181,0.0,0.0,679.1181024909018,10.32526316642761,0.4750368259847158,31.54094810485836,0.0,0.0,0.0,0.0,1548.578271484375,0.0,0.0,0.0,536.7903616428375,29.733523017168043,0.0,2130.950689721108,0.8384752303361731,0.0,302.4277446269989,28.89228431880473,0.0,0.0,0.0,0.0
0.0,0.0,0.0,30.68409121036529,1093.0928349494934,220.09007579088208,1273.243948984146,0.0,0.0,0.0,1299.9228980779649,0.0,0.0,1033.4934489428997,18.77680630087853,0.8092532865703104,85.25131144523611,0.0,0.0,0.0,0.0,2263.1938415527343,0.0,0.0,0.0,739.5041734695435,49.4871524810791,0.0,2466.375439798832,0.8431554898619552,0.0,419.97949635982513,0.0,0.0,0.0,0.0,0.0
0.0,0.0,0.0,45.85760223865509,1444.1870367527008,262.87099555134773,1480.2135179758077,0.0,0.0,0.0,1788.227021175623,0.0,0.0,1161.6679592430592,24.623886394500733,0.0,401.8235009193419,0.0,0.0,0.0,0.0,2596.5826049804687,0.0,0.0,0.0,779.7886251449585,61.67565424442292,0.0,2617.03349186182,70.32818628698587,0.0,447.8269753456116,23.44816397130488,0.0,0.0,0.0,0.0
0.0,0.0,0.0,56.4236010313034,1646.644399881363,290.4928007423878,1521.1,0.0,0.0,0.0,2095.71011788249,0.0,0.0,1217.6427341997623,27.48241685628891,0.0,719.028156709671,0.0,0.0,0.0,0.0,2763.9831634521483,0.0,0.0,0.0,779.091193819046,68.19904243946075,0.0,2635.4,210.3652123272419,0.0,456.4284998178482,34.443067029118524,0.0,0.0,0.0,0.0
0.0,0.0,0.0,62.0,1717.6878352165222,302.78426027297974,1521.1,0.0,0.0,0.0,2203.578590494394,0.0,0.0,0.0,28.11740967035293,1.6592757552862167,907.3481892108916,0.0,0.0,0.0,0.0,2782.304104614258,0.0,0.0,0.0,745.9442290306091,0.0,0.0,2614.189520788193,253.1782582998276,0.0,447.7960809469223,0.0,0.0,0.0,0.0,0.0
0.0,0.0,0.0,62.0,0.0,296.9170005917549,0.0,0.0,0.0,0.0,2147.5282995402818,0.0,0.0,0.0,26.966790121793743,0.0,993.961999797821,0.0,0.0,0.0,0.0,2667.2217376708986,0.0,0.0,0.0,694.7948147773743,0.0,0.0,2548.9530184507366,253.1496026933193,0.0,423.27421712875366,0.0,0.0,0.0,0.0,0.0
0.0,0.0,0.0,59.45910441875458,1508.6081092357635,266.2777065038681,0.0,0.0,0.0,0.0,1971.5647191107275,0.0,0.0,0.0,23.520887750387192,0.0,907.516295325756,0.0,0.0,0.0,0.0,2284.241711425781,0.0,0.0,0.0,625.1821241855621,0.0,0.0,0.0,0.0,0.0,374.27401435375214,0.0,0.0,0.0,0.0,0.0
0.0,0.0,0.0,0.0,0.0,0.0,0.0,0.0,0.0,0.0,0.0,0.0,0.0,0.0,0.0,0.0,769.5593962430953,0.0,0.0,0.0,0.0,0.0,0.0,0.0,0.0,0.0,0.0,0.0,0.0,0.0,0.0,0.0,0.0,0.0,0.0,0.0,0.0
0.0,0.0,0.0,0.0,0.0,0.0,0.0,0.0,0.0,0.0,0.0,0.0,0.0,0.0,0.0,0.0,0.0,0.0,0.0,0.0,0.0,0.0,0.0,0.0,0.0,0.0,0.0,0.0,0.0,0.0,0.0,0.0,0.0,0.0,0.0,0.0,0.0
0.0,0.0,0.0,0.0,0.0,0.0,0.0,0.0,0.0,0.0,0.0,0.0,0.0,0.0,0.0,0.0,0.0,0.0,0.0,0.0,0.0,0.0,0.0,0.0,0.0,0.0,0.0,0.0,0.0,0.0,0.0,0.0,0.0,0.0,0.0,0.0,0.0
0.0,0.0,0.0,0.0,0.0,0.0,0.0,0.0,0.0,0.0,0.0,0.0,0.0,0.0,0.0,0.0,0.0,0.0,0.0,0.0,0.0,0.0,0.0,0.0,0.0,0.0,0.0,0.0,0.0,0.0,0.0,0.0,0.0,0.0,0.0,0.0,0.0
0.0,0.0,0.0,0.0,0.0,0.0,0.0,0.0,0.0,0.0,0.0,0.0,0.0,0.0,0.0,0.0,0.0,0.0,0.0,0.0,0.0,0.0,0.0,0.0,0.0,0.0,0.0,0.0,0.0,0.0,0.0,0.0,0.0,0.0,0.0,0.0,0.0
0.0,0.0,0.0,0.0,0.0,0.0,0.0,0.0,0.0,0.0,0.0,0.0,0.0,0.0,0.0,0.0,0.0,0.0,0.0,0.0,0.0,0.0,0.0,0.0,0.0,0.0,0.0,0.0,0.0,0.0,0.0,0.0,0.0,0.0,0.0,0.0,0.0
0.0,0.0,0.0,0.0,0.0,0.0,0.0,0.0,0.0,0.0,0.0,0.0,0.0,0.0,0.0,0.0,0.0,0.0,0.0,0.0,0.0,0.0,0.0,0.0,0.0,0.0,0.0,0.0,0.0,0.0,0.0,0.0,0.0,0.0,0.0,0.0,0.0
0.0,0.0,0.0,0.0,0.0,0.0,0.0,0.0,0.0,0.0,0.0,0.0,0.0,0.0,0.0,0.0,0.0,0.0,0.0,0.0,0.0,0.0,0.0,0.0,0.0,0.0,0.0,0.0,0.0,0.0,0.0,0.0,0.0,0.0,0.0,0.0,0.0
0.0,0.0,0.0,0.0,0.0,0.0,0.0,0.0,0.0,0.0,0.0,0.0,0.0,0.0,0.0,0.0,0.0,0.0,0.0,0.0,0.0,0.0,0.0,0.0,0.0,0.0,0.0,0.0,0.0,0.0,0.0,0.0,0.0,0.0,0.0,0.0,0.0
0.0,0.0,0.0,0.0,0.0,0.0,0.0,0.0,0.0,0.0,0.0,0.0,0.0,0.0,0.0,0.0,0.0,0.0,0.0,0.0,0.0,0.0,0.0,0.0,0.0,0.0,0.0,0.0,0.0,0.0,0.0,0.0,0.0,0.0,0.0,0.0,0.0
0.0,0.0,0.0,0.0,0.0,0.0,0.0,0.0,0.0,0.0,0.0,0.0,0.0,0.0,0.0,0.0,0.0,0.0,0.0,0.0,0.0,0.0,0.0,0.0,0.0,0.0,0.0,0.0,0.0,0.0,0.0,0.0,0.0,0.0,0.0,0.0,0.0
0.0,0.0,0.0,0.0,0.0,0.0,0.0,0.0,0.0,0.0,0.0,0.0,0.0,1.722905086353412,0.0,0.0,0.0,0.0,0.0,0.0,0.0,0.0,0.0,0.0,0.0,0.0,0.0,0.0,0.0,0.0,0.0,0.0,0.470327317714678,0.0,0.0,0.0,0.0
0.0,0.0,0.0,0.0,1.5015565641222497,0.0,4.1598573323338055,0.0,0.0,0.0,0.0,0.0,0.0,0.0,0.0,0.0,0.0,0.0,0.0,0.0,0.0,34.64775204658483,0.0,0.0,0.0,1.743390733748652,0.0926116961985758,0.0,0.0,0.0,0.0,0.0,0.3697921466082151,0.0,0.0,0.0,0.0
0.0,0.0,0.0,0.0,2.1773791015147173,0.0,0.0,0.0,0.0,0.0,0.0,0.0,0.0,0.0,0.0,0.0,1.817114949226244,0.0,0.0,0.0,0.0,32.56767530441239,0.0,0.0,0.0,2.00004932265726,0.0,0.0,0.0,0.0,0.0,1.3657315671443793,0.0,0.0,0.0,0.0,0.0
0.0,0.0,0.0,0.0,5.79706040397277,0.0,7.56077242046586,0.0,0.0,0.0,0.0,0.0,0.0,24.004376893863057,0.0,0.0,0.0,0.0,0.0,0.0,0.0,33.73509922027554,0.0,0.0,0.0,4.440612091496572,0.1524393871426507,0.0,68.25482470318673,0.4336796425282948,0.0,3.5010018795728284,0.8529043216258018,0.0,0.0,0.0,0.0
0.0,0.0,0.0,1.2107277810573518,70.50515630841248,0.0,64.47886812686919,0.0,0.0,0.0,0.0,0.0,0.0,97.92806435376396,0.0,0.0,0.0,0.0,0.0,0.0,0.0,209.27616119384732,0.0,0.0,0.0,49.20711444318293,2.106333285942666,0.0,508.6871099263427,0.518012178689231,0.0,25.431510545313355,2.4886636696755784,0.0,0.0,0.0,0.0
0.0,0.0,0.0,5.710881009697913,244.65414747595776,0.0,315.1025021582841,0.0,0.0,0.0,0.0,0.0,0.0,321.36430859565723,0.0,0.0,5.513672196864909,0.0,0.0,0.0,0.0,690.8957717895504,0.0,0.0,0.0,213.25694928169244,8.551943928003311,0.0,1551.9359294056892,0.5886085338890243,0.0,0.0,10.419896651059377,0.0,0.0,0.0,0.0
0.0,0.0,0.0,15.563708364963528,587.5739903450011,0.0,813.3925168097019,0.0,0.0,0.0,0.0,0.0,0.0,717.3791313171386,0.0,0.0,19.13633476495728,0.0,0.0,0.0,0.0,1574.395278930664,0.0,0.0,0.0,526.9556916713715,22.727587276697157,0.0,2288.967566025257,0.6602534078061466,0.0,0.0,37.8588080406189,0.0,0.0,0.0,0.0
0.0,0.0,0.0,32.58279228210449,1082.6170229911804,0.0,1229.785674202442,0.0,0.0,0.0,1887.6385985910888,0.0,0.0,1064.554188400507,0.0,0.0,68.82391816377624,0.0,0.0,0.0,0.0,2303.670263671875,0.0,0.0,0.0,699.2188604354858,43.22903608083724,0.0,2635.4,0.6591580279171153,0.0,0.0,0.0,0.0,0.0,0.0,0.0
0.0,0.0,0.0,50.05283105373383,1428.222963809967,359.4424034059048,1450.142509752512,0.0,0.0,0.0,2275.3,0.0,0.0,1186.3358061015606,0.0,0.0,383.32759958505625,0.0,0.0,0.0,0.0,2607.516122436524,0.0,0.0,0.0,738.4162775039673,56.75212053060532,0.0,2635.4,57.46665738075971,0.0,472.6606537103653,23.44816397130488,0.0,0.0,0.0,0.0
0.0,0.0,0.0,62.0,1636.1191475391388,382.0569633245468,1521.1,0.0,0.0,0.0,2275.3,0.0,0.0,1238.9539846777916,30.58894549012184,0.0,707.8822861671447,0.0,0.0,0.0,0.0,2762.4447845458985,0.0,0.0,0.0,742.4785525321961,63.94569739103317,0.0,2635.4,193.4040689587593,0.0,481.1073832511902,34.443067029118524,0.0,0.0,0.0,0.0
0.0,0.0,0.0,62.0,1722.2195761203766,0.0,1521.1,0.0,0.0,0.0,2275.3,0.0,0.0,0.0,30.503764700889587,1.6592757552862167,920.1867038607596,0.0,0.0,0.0,0.0,2773.342449951172,0.0,0.0,0.0,721.6826631546021,65.88940255641937,0.0,2635.4,245.0089970946312,0.0,470.9774651527405,0.0,0.0,0.0,0.0,0.0
0.0,0.0,0.0,62.0,0.0,0.0,0.0,0.0,0.0,0.0,0.0,0.0,0.0,0.0,28.86310299038887,0.0,1020.7853742957116,0.0,0.0,0.0,0.0,0.0,0.0,0.0,0.0,689.3655097484589,63.60195206403732,0.0,0.0,0.0,0.0,0.0,0.0,0.0,0.0,0.0,0.0
0.0,0.0,0.0,62.0,0.0,0.0,0.0,0.0,0.0,0.0,2275.3,0.0,0.0,0.0,25.25009229183197,0.0,934.8932617068292,0.0,0.0,0.0,0.0,2343.7137451171875,0.0,0.0,0.0,0.0,0.0,0.0,0.0,0.0,0.0,396.4545061588288,0.0,0.0,0.0,0.0,0.0
0.0,0.0,0.0,0.0,0.0,0.0,0.0,0.0,0.0,0.0,0.0,0.0,0.0,0.0,0.0,0.0,792.6365722417831,0.0,0.0,0.0,0.0,0.0,0.0,0.0,0.0,0.0,0.0,0.0,0.0,0.0,0.0,0.0,0.0,0.0,0.0,0.0,0.0
0.0,0.0,0.0,0.0,0.0,0.0,0.0,0.0,0.0,0.0,0.0,0.0,0.0,0.0,0.0,0.0,0.0,0.0,0.0,0.0,0.0,0.0,0.0,0.0,0.0,0.0,0.0,0.0,0.0,0.0,0.0,0.0,0.0,0.0,0.0,0.0,0.0
0.0,0.0,0.0,0.0,0.0,0.0,0.0,0.0,0.0,0.0,0.0,0.0,0.0,0.0,0.0,0.0,0.0,0.0,0.0,0.0,0.0,0.0,0.0,0.0,0.0,0.0,0.0,0.0,0.0,0.0,0.0,0.0,0.0,0.0,0.0,0.0,0.0
0.0,0.0,0.0,0.0,0.0,0.0,0.0,0.0,0.0,0.0,0.0,0.0,0.0,0.0,0.0,0.0,0.0,0.0,0.0,0.0,0.0,0.0,0.0,0.0,0.0,0.0,0.0,0.0,0.0,0.0,0.0,0.0,0.0,0.0,0.0,0.0,0.0
0.0,0.0,0.0,0.0,0.0,0.0,0.0,0.0,0.0,0.0,0.0,0.0,0.0,0.0,0.0,0.0,0.0,0.0,0.0,0.0,0.0,0.0,0.0,0.0,0.0,0.0,0.0,0.0,0.0,0.0,0.0,0.0,0.0,0.0,0.0,0.0,0.0
0.0,0.0,0.0,0.0,0.0,0.0,0.0,0.0,0.0,0.0,0.0,0.0,0.0,0.0,0.0,0.0,0.0,0.0,0.0,0.0,0.0,0.0,0.0,0.0,0.0,0.0,0.0,0.0,0.0,0.0,0.0,0.0,0.0,0.0,0.0,0.0,0.0
0.0,0.0,0.0,0.0,0.0,0.0,0.0,0.0,0.0,0.0,0.0,0.0,0.0,0.0,0.0,0.0,0.0,0.0,0.0,0.0,0.0,0.0,0.0,0.0,0.0,0.0,0.0,0.0,0.0,0.0,0.0,0.0,0.0,0.0,0.0,0.0,0.0
0.0,0.0,0.0,0.0,0.0,0.0,0.0,0.0,0.0,0.0,0.0,0.0,0.0,0.0,0.0,0.0,0.0,0.0,0.0,0.0,0.0,0.0,0.0,0.0,0.0,0.0,0.0,0.0,0.0,0.0,0.0,0.0,0.0,0.0,0.0,0.0,0.0
0.0,0.0,0.0,0.0,0.0,0.0,0.0,0.0,0.0,0.0,0.0,0.0,0.0,0.0,0.0,0.0,0.0,0.0,0.0,0.0,0.0,0.0,0.0,0.0,0.0,0.0,0.0,0.0,0.0,0.0,0.0,0.0,0.0,0.0,0.0,0.0,0.0
0.0,0.0,0.0,0.0,0.0,0.0,0.0,0.0,0.0,0.0,0.0,0.0,0.0,0.0,0.0,0.0,0.0,0.0,0.0,0.0,0.0,0.0,0.0,0.0,0.0,0.0,0.0,0.0,0.0,0.0,0.0,0.0,0.0,0.0,0.0,0.0,0.0
0.0,0.0,0.0,0.0,0.0,0.0,0.0,0.0,0.0,0.0,0.0,0.0,0.0,0.0,0.0,0.0,0.0,0.0,0.0,0.0,0.0,0.0,0.0,0.0,0.0,0.0,0.0,0.0,0.0,0.0,0.0,0.0,0.0,0.0,0.0,0.0,0.0
0.0,0.0,0.0,0.0,0.0,0.0,0.0,0.0,0.0,0.0,0.0,0.0,0.0,0.0,0.0,0.0,0.0,0.0,0.0,0.0,0.0,0.0,0.0,0.0,0.0,0.0,0.0,0.0,0.0,0.0,0.0,0.0,0.2323311902582605,0.0,0.0,0.0,0.0
0.0,0.0,0.0,0.0326323714107234,1.613581757992335,0.0,0.0,0.0,0.0,0.0,1.6201996967194237,0.0,0.0,0.0,0.0,0.0,0.0,0.0,0.0,0.0,0.0,30.311686706542705,0.0,0.0,0.0,2.4258555326610227,0.0,0.0,0.0,0.0,0.0,0.0,0.2253531664609772,0.0,0.0,0.0,0.0
0.0,0.0,0.0,0.0,2.3813679814337747,0.109680363442747,0.0,0.0,0.0,0.0,1.5645897758191858,0.0,0.0,0.6654587527735809,0.0,0.0,0.0,0.0,0.0,0.0,0.0,37.54136223792995,0.0,0.0,0.0,0.5374892650172064,0.9679122062399896,0.0,0.0,0.3793294697999614,0.0,1.7591507434844966,0.0,0.0,0.0,0.0,0.0
0.0,0.0,0.0,0.0804076977074089,6.819014895707285,0.4623134667053593,9.025538771599424,0.0,0.0,0.0,2.184084252267905,0.0,0.0,31.83926038909699,0.0585365563631042,0.0,0.0,0.0,0.0,0.0,0.0,36.24476399421666,0.0,0.0,0.0,5.049973281472878,1.8791376821696697,0.0,66.93920337036246,0.3799035191535621,0.0,3.81140805780883,0.3911071550100963,0.0,0.0,0.0,0.0
0.0,0.0,0.0,1.335725121200085,56.61688186973315,5.063491186127062,70.53508942537002,0.0,0.0,0.0,32.456690177693744,0.0,0.0,127.90731277316809,0.0,0.0,0.0,0.0,0.0,0.0,0.0,174.83968925476051,0.0,0.0,0.0,58.055034160614014,5.792185290157789,0.0,496.67531809806826,0.4847436755895343,0.0,21.580396816134417,0.9861367680132098,0.0,0.0,0.0,0.0
0.0,0.0,0.0,5.434278815984721,207.32717788219443,37.24340434744951,344.7264884471893,0.0,0.0,0.0,192.04243584573268,0.0,0.0,382.2415515780449,0.0,0.0637090811505902,5.43179477453227,0.0,0.0,0.0,0.0,492.9615222930905,0.0,0.0,0.0,222.5462984800338,15.673555988073344,0.0,1396.852089715004,0.603776909410935,0.0,113.16582357883452,1.7242349702864683,0.0,0.0,0.0,0.0
0.0,0.0,0.0,14.035158455371857,490.4422706961631,162.48732732236385,825.0473637104035,0.0,0.0,0.0,696.2215798318385,0.0,0.0,782.6613664627075,0.0,0.2005981560796499,15.984850716590843,0.0,0.0,0.0,0.0,997.0195938110352,0.0,0.0,0.0,501.2424673080444,35.77070835828781,0.0,2064.37663346529,0.6631910175084895,0.0,0.0,5.775197723880408,0.0,0.0,0.0,0.0
0.0,0.0,0.0,29.10793417692184,933.4452948570251,274.5832394361496,1221.2738071978092,0.0,0.0,0.0,1481.4420882403851,0.0,0.0,1118.8926829397678,20.527923738956453,0.6097422353923316,49.00860139131541,0.0,0.0,0.0,0.0,1804.40139465332,0.0,0.0,0.0,695.1570160865783,54.60142364501953,0.0,2444.399813771248,0.6661754883825742,0.0,424.4900426864624,17.5235870927572,0.0,0.0,0.0,0.0
0.0,0.0,0.0,45.66194832324982,1292.5709104537964,311.0229135453701,1427.328207463026,0.0,0.0,0.0,1964.5725031554696,0.0,0.0,1230.2210253477097,25.738523519039155,1.4813841804862022,326.76120957136146,0.0,0.0,0.0,0.0,2149.249234008789,0.0,0.0,0.0,758.0986993312836,65.63668582439422,0.0,2613.6570125341414,60.7711080506444,0.0,0.0,23.44816397130488,0.0,0.0,0.0,0.0
0.0,0.0,0.0,58.37179207801818,1522.9542708396912,335.7509026527405,1521.1,0.0,0.0,0.0,2265.579140865803,0.0,0.0,1271.540019363165,28.242263388633727,2.192655935883522,620.3933799862862,0.0,0.0,0.0,0.0,2329.9318908691407,0.0,0.0,0.0,773.3507768154144,71.41712452173233,0.0,2635.4,207.00767966508863,0.0,461.3575737476349,34.443067029118524,0.0,0.0,0.0,0.0
0.0,0.0,0.0,0.0,1636.9656879901886,0.0,1521.1,0.0,0.0,0.0,2275.3,0.0,0.0,0.0,0.0,1.6592757552862167,841.2897790431977,0.0,0.0,0.0,0.0,2410.7263885498046,0.0,0.0,0.0,764.1632025241852,72.42168757915496,0.0,2631.4740475535395,0.0,0.0,450.0286946296692,0.0,0.0,0.0,0.0,0.0
0.0,0.0,0.0,0.0,1638.2473542690277,0.0,0.0,0.0,0.0,0.0,0.0,0.0,0.0,0.0,0.0,0.0,967.4998420119284,0.0,0.0,0.0,0.0,2399.1005462646485,0.0,0.0,0.0,734.7323004245758,0.0,0.0,2535.72120937109,0.0,0.0,0.0,0.0,0.0,0.0,0.0,0.0
0.0,0.0,0.0,62.0,0.0,0.0,0.0,0.0,0.0,0.0,2141.2513352811334,0.0,0.0,0.0,24.297063302993774,0.0,0.0,0.0,0.0,0.0,0.0,1840.1111236572265,0.0,0.0,0.0,0.0,0.0,0.0,0.0,0.0,0.0,372.21955478191376,0.0,0.0,0.0,0.0,0.0
0.0,0.0,0.0,0.0,0.0,0.0,0.0,0.0,0.0,0.0,0.0,0.0,0.0,0.0,0.0,0.0,0.0,0.0,0.0,0.0,0.0,0.0,0.0,0.0,0.0,0.0,0.0,0.0,0.0,0.0,0.0,0.0,0.0,0.0,0.0,0.0,0.0
0.0,0.0,0.0,0.0,0.0,0.0,0.0,0.0,0.0,0.0,0.0,0.0,0.0,0.0,0.0,0.0,0.0,0.0,0.0,0.0,0.0,0.0,0.0,0.0,0.0,0.0,0.0,0.0,0.0,0.0,0.0,0.0,0.0,0.0,0.0,0.0,0.0
0.0,0.0,0.0,0.0,0.0,0.0,0.0,0.0,0.0,0.0,0.0,0.0,0.0,0.0,0.0,0.0,0.0,0.0,0.0,0.0,0.0,0.0,0.0,0.0,0.0,0.0,0.0,0.0,0.0,0.0,0.0,0.0,0.0,0.0,0.0,0.0,0.0
0.0,0.0,0.0,0.0,0.0,0.0,0.0,0.0,0.0,0.0,0.0,0.0,0.0,0.0,0.0,0.0,0.0,0.0,0.0,0.0,0.0,0.0,0.0,0.0,0.0,0.0,0.0,0.0,0.0,0.0,0.0,0.0,0.0,0.0,0.0,0.0,0.0
0.0,0.0,0.0,0.0,0.0,0.0,0.0,0.0,0.0,0.0,0.0,0.0,0.0,0.0,0.0,0.0,0.0,0.0,0.0,0.0,0.0,0.0,0.0,0.0,0.0,0.0,0.0,0.0,0.0,0.0,0.0,0.0,0.0,0.0,0.0,0.0,0.0
0.0,0.0,0.0,0.0,0.0,0.0,0.0,0.0,0.0,0.0,0.0,0.0,0.0,0.0,0.0,0.0,0.0,0.0,0.0,0.0,0.0,0.0,0.0,0.0,0.0,0.0,0.0,0.0,0.0,0.0,0.0,0.0,0.0,0.0,0.0,0.0,0.0
0.0,0.0,0.0,0.0,0.0,0.0,0.0,0.0,0.0,0.0,0.0,0.0,0.0,0.0,0.0,0.0,0.0,0.0,0.0,0.0,0.0,0.0,0.0,0.0,0.0,0.0,0.0,0.0,0.0,0.0,0.0,0.0,0.0,0.0,0.0,0.0,0.0
0.0,0.0,0.0,0.0,0.0,0.0,0.0,0.0,0.0,0.0,0.0,0.0,0.0,0.0,0.0,0.0,0.0,0.0,0.0,0.0,0.0,0.0,0.0,0.0,0.0,0.0,0.0,0.0,0.0,0.0,0.0,0.0,0.0,0.0,0.0,0.0,0.0
0.0,0.0,0.0,0.0,0.0,0.0,0.0,0.0,0.0,0.0,0.0,0.0,0.0,0.0,0.0,0.0,0.0,0.0,0.0,0.0,0.0,0.0,0.0,0.0,0.0,0.0,0.0,0.0,0.0,0.0,0.0,0.0,0.0,0.0,0.0,0.0,0.0
0.0,0.0,0.0,0.0,0.0,0.0,0.0,0.0,0.0,0.0,0.0,0.0,0.0,0.0,0.0,0.0,0.0,0.0,0.0,0.0,0.0,0.0,0.0,0.0,0.0,0.0,0.0,0.0,0.0,0.0,0.0,0.0,0.0,0.0,0.0,0.0,0.0
0.0,0.0,0.0,0.0,0.0,0.0,0.0,0.0,0.0,0.0,0.0,0.0,0.0,0.0,0.0,0.0,0.0,0.0,0.0,0.0,0.0,0.0,0.0,0.0,0.0,0.0,0.0,0.0,0.0,0.0,0.0,0.0,0.0,0.0,0.0,0.0,0.0
0.0,0.0,0.0,0.0,0.0,0.0,0.0,0.0,0.0,0.0,0.0,0.0,0.0,0.0,0.0,0.0,0.0,0.0,0.0,0.0,0.0,0.0,0.0,0.0,0.0,0.0,0.0,0.0,0.0,0.0,0.0,0.0,0.0,0.0,0.0,0.0,0.0
0.0,0.0,0.0,0.0,0.0,0.191478538792551,0.0,0.0,0.0,0.0,0.0,0.0,0.0,2.9244347102939505,0.0,0.0,0.0,0.0,0.0,0.0,0.0,0.0,0.0,0.0,0.0,0.0,0.0,0.0,0.0,0.0,0.0,0.0,0.0305382683872979,0.0,0.0,0.0,0.0
0.0,0.0,0.0,0.0,0.0,0.0703348373062745,0.0,0.0,0.0,0.0,1.72447756920004,0.0,0.0,0.0,0.0269345149397824,0.0,0.0,0.0,0.0,0.0,0.0,0.0,0.0,0.0,0.0,0.7132547954097201,0.0,0.0,0.0,0.0,0.0,2.028732180595392,0.0,0.0,0.0,0.0,0.0
0.0,0.0,0.0,0.0463008265942308,5.102212935686007,0.7820236235856716,6.062896481528834,0.0,0.0,0.0,10.71664818571874,0.0,0.0,11.385870401281757,0.0342543303966497,0.0164359752088779,0.0,0.0,0.0,0.0,0.0,0.0,0.0,0.0,0.0,1.0063512101769267,0.3301650438457641,0.0,27.73022988289588,0.5067010633647414,0.0,3.980999827384911,1.1915103886276337,0.0,0.0,0.0,0.0
0.0,0.0,0.0,0.6483001485466912,17.066829197108646,3.0100080156698787,36.6355435760691,0.0,0.0,0.0,63.93054498471311,0.0,0.0,37.02855491079384,0.2660618238151056,0.0658513884991403,0.0,0.0,0.0,0.0,0.0,129.70996122360205,0.0,0.0,0.0,17.823948027193502,1.034627530723804,0.0,198.2637009173629,0.6581915162503347,0.0,14.68159416317937,7.115567162632942,0.0,0.0,0.0,0.0
0.0,0.0,0.0,3.085596419870849,75.74087089300147,21.25856683030721,164.47920708209273,0.0,0.0,0.0,254.04034165740003,0.0,0.0,108.35469728335724,1.3763652462512224,0.3316680416464805,12.7333487391471,0.0,0.0,0.0,0.0,554.6823894500731,0.0,0.0,0.0,67.4368380963802,4.665840318799018,0.0,760.1285930812359,0.9614653043448677,0.0,69.41712138056754,0.0,0.0,0.0,0.0,0.0
0.0,0.0,0.0,7.808740705251692,214.13505253195743,105.69279678910966,482.0492150127888,0.0,0.0,0.0,722.3741057753563,0.0,0.0,308.2220324128866,3.8518388338387006,0.8559109717607487,66.23013212680806,0.0,0.0,0.0,0.0,1402.36708984375,0.0,0.0,0.0,185.21780086755751,13.594828292727463,0.0,1474.0053099513054,1.2239991612732326,0.0,222.3678706884384,0.0,0.0,0.0,0.0,0.0
0.0,0.0,0.0,16.09122449159622,446.7574663758276,195.0245879143476,816.0201589763165,0.0,0.0,0.0,1381.326922315359,0.0,0.0,678.5300812870264,8.401648092269898,0.0,175.33191995620712,0.0,0.0,0.0,0.0,2234.0013092041017,0.0,0.0,0.0,392.54702801704406,30.64848565459251,0.0,1976.9796194911005,1.2272150091826743,0.0,329.8352744579315,0.0,0.0,0.0,0.0,0.0
0.0,0.0,0.0,30.10222369432449,764.3320653438568,224.9298690855503,1067.0336055636403,0.0,0.0,0.0,1765.1830056846145,0.0,0.0,867.6836696267128,15.802099201083182,0.0,559.9764222741127,0.0,0.0,0.0,0.0,2638.2288360595703,0.0,0.0,0.0,517.0022618770599,45.68068279623984,0.0,2178.827894222736,0.0,0.0,355.9646158218384,0.0,0.0,0.0,0.0,0.0
0.0,0.0,0.0,42.70862889289856,1032.7792241573334,243.48749765753743,1236.8909702122212,0.0,0.0,0.0,2014.6703647971156,0.0,0.0,989.4214941561222,21.28420110940933,0.0,896.4921377778052,0.0,0.0,0.0,0.0,2890.8334228515623,0.0,0.0,0.0,562.62234582901,54.964425921440125,0.0,2314.42240306139,0.0,0.0,366.8913295269013,0.0,0.0,0.0,0.0,0.0
0.0,0.0,0.0,51.485867381095886,1251.5387971401217,256.2847994863987,0.0,0.0,0.0,0.0,2146.673632079363,0.0,0.0,1035.0222039222715,24.20413747429848,0.0,0.0,0.0,0.0,0.0,0.0,0.0,0.0,0.0,0.0,586.1497111320496,58.55796583890915,0.0,0.0,0.0,0.0,369.1493835449219,0.0,0.0,0.0,0.0,0.0
0.0,0.0,0.0,0.0,0.0,251.80335661768916,0.0,0.0,0.0,0.0,0.0,0.0,0.0,0.0,0.0,0.0,0.0,0.0,0.0,0.0,0.0,0.0,0.0,0.0,0.0,0.0,0.0,0.0,0.0,0.0,0.0,0.0,0.0,0.0,0.0,0.0,0.0
0.0,0.0,0.0,0.0,0.0,216.2399045228958,0.0,0.0,0.0,0.0,0.0,0.0,0.0,0.0,0.0,0.0,0.0,0.0,0.0,0.0,0.0,0.0,0.0,0.0,0.0,0.0,0.0,0.0,0.0,0.0,0.0,0.0,0.0,0.0,0.0,0.0,0.0
0.0,0.0,0.0,0.0,0.0,0.0,0.0,0.0,0.0,0.0,0.0,0.0,0.0,0.0,0.0,0.0,0.0,0.0,0.0,0.0,0.0,0.0,0.0,0.0,0.0,0.0,0.0,0.0,0.0,0.0,0.0,0.0,0.0,0.0,0.0,0.0,0.0
0.0,0.0,0.0,0.0,0.0,0.0,0.0,0.0,0.0,0.0,0.0,0.0,0.0,0.0,0.0,0.0,0.0,0.0,0.0,0.0,0.0,0.0,0.0,0.0,0.0,0.0,0.0,0.0,0.0,0.0,0.0,0.0,0.0,0.0,0.0,0.0,0.0
0.0,0.0,0.0,0.0,0.0,0.0,0.0,0.0,0.0,0.0,0.0,0.0,0.0,0.0,0.0,0.0,0.0,0.0,0.0,0.0,0.0,0.0,0.0,0.0,0.0,0.0,0.0,0.0,0.0,0.0,0.0,0.0,0.0,0.0,0.0,0.0,0.0
0.0,0.0,0.0,0.0,0.0,0.0,0.0,0.0,0.0,0.0,0.0,0.0,0.0,0.0,0.0,0.0,0.0,0.0,0.0,0.0,0.0,0.0,0.0,0.0,0.0,0.0,0.0,0.0,0.0,0.0,0.0,0.0,0.0,0.0,0.0,0.0,0.0
0.0,0.0,0.0,0.0,0.0,0.0,0.0,0.0,0.0,0.0,0.0,0.0,0.0,0.0,0.0,0.0,0.0,0.0,0.0,0.0,0.0,0.0,0.0,0.0,0.0,0.0,0.0,0.0,0.0,0.0,0.0,0.0,0.0,0.0,0.0,0.0,0.0
0.0,0.0,0.0,0.0,0.0,0.0,0.0,0.0,0.0,0.0,0.0,0.0,0.0,0.0,0.0,0.0,0.0,0.0,0.0,0.0,0.0,0.0,0.0,0.0,0.0,0.0,0.0,0.0,0.0,0.0,0.0,0.0,0.0,0.0,0.0,0.0,0.0
0.0,0.0,0.0,0.0,0.0,0.0,0.0,0.0,0.0,0.0,0.0,0.0,0.0,0.0,0.0,0.0,0.0,0.0,0.0,0.0,0.0,0.0,0.0,0.0,0.0,0.0,0.0,0.0,0.0,0.0,0.0,0.0,0.0,0.0,0.0,0.0,0.0
0.0,0.0,0.0,0.0,0.0,0.0,0.0,0.0,0.0,0.0,0.0,0.0,0.0,0.0,0.0,0.0,0.0,0.0,0.0,0.0,0.0,0.0,0.0,0.0,0.0,0.0,0.0,0.0,0.0,0.0,0.0,0.0,0.0,0.0,0.0,0.0,0.0
0.0,0.0,0.0,0.0,0.0,0.0,0.0,0.0,0.0,0.0,0.0,0.0,0.0,0.0,0.0,0.0,0.0,0.0,0.0,0.0,0.0,0.0,0.0,0.0,0.0,0.0,0.0,0.0,0.0,0.0,0.0,0.0,0.0,0.0,0.0,0.0,0.0
0.0,0.0,0.0,0.0,0.0,0.0,0.0,0.0,0.0,0.0,0.0,0.0,0.0,0.0,0.0,0.0,0.0,0.0,0.0,0.0,0.0,0.0,0.0,0.0,0.0,0.0,0.0,0.0,0.0,0.0,0.0,0.0,0.0,0.0,0.0,0.0,0.0
0.0,0.0,0.0,0.0,0.0,0.0,0.0,0.0,0.0,0.0,0.0,0.0,0.0,0.0,0.0,0.0,0.0,0.0,0.0,0.0,0.0,0.0,0.0,0.0,0.0,0.0,0.0,0.0,0.0,0.0,0.0,0.0,0.0,0.0,0.0,0.0,0.0
0.0,0.0,0.0,0.0,0.0,0.0,0.0,0.0,0.0,0.0,0.0,0.0,0.0,0.0,0.0,0.0,0.0,0.0,0.0,0.0,0.0,0.0,0.0,0.0,0.0,0.0,0.0,0.0,0.0,0.0,0.0,0.0,0.0,0.0,0.0,0.0,0.0
0.0,0.0,0.0,0.0,0.0,0.0,0.0,0.0,0.0,0.0,0.0,0.0,0.0,0.0,0.0,0.0,0.0,0.0,0.0,0.0,0.0,0.0,0.0,0.0,0.0,0.0,0.0,0.0,0.0,0.0,0.0,0.0,0.0,0.0,0.0,0.0,0.0
0.0,0.0,0.0,0.0,0.0,0.0,0.0,0.0,0.0,0.0,1.6211151212453117,0.0,0.0,0.0,0.0,0.0,0.0,0.0,0.0,0.0,0.0,0.0,0.0,0.0,0.0,0.0,0.0,0.0,0.0,0.0,0.0,1.6019337773322897,0.0,0.0,0.0,0.0,0.0
0.0,0.0,0.0,0.0,0.0,0.6371835344470708,0.0,0.0,0.0,0.0,2.258236817410029,0.0,0.0,18.58289775904257,0.0,0.0,0.0,0.0,0.0,0.0,0.0,0.0,0.0,0.0,0.0,7.061478716135016,0.0,0.0,101.69891527667625,0.4656828939914355,0.0,4.530824139714198,0.0,0.0,0.0,0.0,0.0
0.0,0.0,0.0,0.0,0.0,8.56451114173975,0.0,0.0,0.0,0.0,31.74257852416479,0.0,0.0,74.18779511004678,0.0,0.0,0.0,0.0,0.0,0.0,0.0,0.0,0.0,0.0,0.0,55.0284116774797,0.0,0.0,771.068810224533,0.6143704630434432,0.0,25.98132812976836,0.0,0.0,0.0,0.0,0.0
0.0,0.0,0.0,0.0,308.1134184598923,59.42735493183134,0.0,0.0,0.0,0.0,168.11851091012346,0.0,0.0,246.35445829480884,0.0,0.5101051665842522,8.890870726108506,0.0,0.0,0.0,0.0,0.0,0.0,0.0,0.0,217.60222100019453,7.167924584448335,0.0,1870.6557855963704,0.7125797636806688,0.0,122.65286189317702,0.0,0.0,0.0,0.0,0.0
0.0,0.0,0.0,0.0,707.3937697410582,203.8106803447008,0.0,0.0,0.0,0.0,639.353374016285,0.0,0.0,583.981215506792,0.0,1.002833411097526,34.60638731718053,0.0,0.0,0.0,0.0,0.0,0.0,0.0,0.0,522.2484743595123,18.027735614776606,0.0,0.0,0.8346121124922841,0.0,310.6028833389282,0.0,0.0,0.0,0.0,0.0
0.0,0.0,0.0,0.0,1219.6342363357544,310.676033526659,0.0,0.0,0.0,0.0,1445.132147377729,0.0,0.0,939.6502359211444,0.0,1.6070308908820152,104.54655950069426,0.0,0.0,0.0,0.0,3093.455905151367,0.0,0.0,0.0,746.1664057254791,37.86126678586005,0.0,0.0,0.83352259024976,0.0,423.9069961309433,0.0,0.0,0.0,0.0,0.0
0.0,0.0,0.0,0.0,1570.084578037262,345.0004687309265,0.0,0.0,0.0,0.0,1980.314550155401,0.0,0.0,1059.2462921142578,0.0,0.0,431.82789907455447,0.0,0.0,0.0,0.0,3382.840621948242,0.0,0.0,0.0,0.0,51.70252696275711,0.0,0.0,70.42567509710787,0.0,453.6669496297836,0.0,0.0,0.0,0.0,0.0
0.0,0.0,0.0,0.0,0.0,366.75591909885406,0.0,0.0,0.0,0.0,2275.3,0.0,0.0,1120.2103930711746,0.0,0.0,756.663947367668,0.0,0.0,0.0,0.0,3525.3802276611327,0.0,0.0,0.0,0.0,0.0,0.0,0.0,218.7705601155758,0.0,463.5649982690811,0.0,0.0,0.0,0.0,0.0
0.0,0.0,0.0,0.0,0.0,371.96513402462006,0.0,0.0,0.0,0.0,2275.3,0.0,0.0,1131.6856607794762,0.0,0.0,967.3933278203008,0.0,0.0,0.0,0.0,0.0,0.0,0.0,0.0,0.0,0.0,0.0,0.0,259.40495992302897,0.0,455.5603349208832,0.0,0.0,0.0,0.0,0.0
0.0,0.0,0.0,0.0,0.0,0.0,0.0,0.0,0.0,0.0,0.0,0.0,0.0,0.0,0.0,0.0,1082.1287848472596,0.0,0.0,0.0,0.0,0.0,0.0,0.0,0.0,0.0,0.0,0.0,0.0,0.0,0.0,0.0,0.0,0.0,0.0,0.0,0.0
0.0,0.0,0.0,0.0,0.0,0.0,0.0,0.0,0.0,0.0,0.0,0.0,0.0,0.0,0.0,0.0,0.0,0.0,0.0,0.0,0.0,0.0,0.0,0.0,0.0,0.0,0.0,0.0,0.0,0.0,0.0,0.0,0.0,0.0,0.0,0.0,0.0
0.0,0.0,0.0,0.0,0.0,0.0,0.0,0.0,0.0,0.0,0.0,0.0,0.0,0.0,0.0,0.0,0.0,0.0,0.0,0.0,0.0,0.0,0.0,0.0,0.0,0.0,0.0,0.0,0.0,0.0,0.0,0.0,0.0,0.0,0.0,0.0,0.0
0.0,0.0,0.0,0.0,0.0,0.0,0.0,0.0,0.0,0.0,0.0,0.0,0.0,0.0,0.0,0.0,0.0,0.0,0.0,0.0,0.0,0.0,0.0,0.0,0.0,0.0,0.0,0.0,0.0,0.0,0.0,0.0,0.0,0.0,0.0,0.0,0.0
0.0,0.0,0.0,0.0,0.0,0.0,0.0,0.0,0.0,0.0,0.0,0.0,0.0,0.0,0.0,0.0,0.0,0.0,0.0,0.0,0.0,0.0,0.0,0.0,0.0,0.0,0.0,0.0,0.0,0.0,0.0,0.0,0.0,0.0,0.0,0.0,0.0
0.0,0.0,0.0,0.0,0.0,0.0,0.0,0.0,0.0,0.0,0.0,0.0,0.0,0.0,0.0,0.0,0.0,0.0,0.0,0.0,0.0,0.0,0.0,0.0,0.0,0.0,0.0,0.0,0.0,0.0,0.0,0.0,0.0,0.0,0.0,0.0,0.0
0.0,0.0,0.0,0.0,0.0,0.0,0.0,0.0,0.0,0.0,0.0,0.0,0.0,0.0,0.0,0.0,0.0,0.0,0.0,0.0,0.0,0.0,0.0,0.0,0.0,0.0,0.0,0.0,0.0,0.0,0.0,0.0,0.0,0.0,0.0,0.0,0.0
0.0,0.0,0.0,0.0,0.0,0.0,0.0,0.0,0.0,0.0,0.0,0.0,0.0,0.0,0.0,0.0,0.0,0.0,0.0,0.0,0.0,0.0,0.0,0.0,0.0,0.0,0.0,0.0,0.0,0.0,0.0,0.0,0.0,0.0,0.0,0.0,0.0
0.0,0.0,0.0,0.0,0.0,0.0,0.0,0.0,0.0,0.0,0.0,0.0,0.0,0.0,0.0,0.0,0.0,0.0,0.0,0.0,0.0,0.0,0.0,0.0,0.0,0.0,0.0,0.0,0.0,0.0,0.0,0.0,0.0,0.0,0.0,0.0,0.0
0.0,0.0,0.0,0.0,0.0,0.0,0.0,0.0,0.0,0.0,0.0,0.0,0.0,0.0,0.0,0.0,0.0,0.0,0.0,0.0,0.0,0.0,0.0,0.0,0.0,0.0,0.0,0.0,0.0,0.0,0.0,0.0,0.0,0.0,0.0,0.0,0.0
0.0,0.0,0.0,0.0,0.0,0.0,0.0,0.0,0.0,0.0,0.0,0.0,0.0,0.0,0.0,0.0,0.0,0.0,0.0,0.0,0.0,0.0,0.0,0.0,0.0,0.0,0.0,0.0,0.0,0.0,0.0,0.0,0.0,0.0,0.0,0.0,0.0
0.0,0.0,0.0,0.0,0.0,0.0,0.0,0.0,0.0,0.0,0.0,0.0,0.0,0.0,0.0,0.0,0.0,0.0,0.0,0.0,0.0,0.0,0.0,0.0,0.0,0.0,0.0,0.0,0.0,0.0,0.0,0.0,0.0,0.0,0.0,0.0,0.0
0.0,0.0,0.0,0.0,0.0,0.0,0.0,0.0,0.0,0.0,0.0,0.0,0.0,0.0,0.0,0.0,0.0,0.0,0.0,0.0,0.0,0.0,0.0,0.0,0.0,0.0,0.0,0.0,0.0,0.0,0.0,0.0,0.0,0.0,0.0,0.0,0.0
0.0,0.0,0.0,0.0,0.0,0.0,0.0,0.0,0.0,0.0,1.6325367374345452,0.0,0.0,1.347220446914355,0.0,0.0,0.0,0.0,0.0,0.0,0.0,0.0,0.0,0.0,0.0,0.0,0.0,0.0,0.0,0.0,0.0,0.0,0.0,0.0,0.0,0.0,0.0
0.0,0.0,0.0,0.0,0.0,0.1178889567963718,0.0,0.0,0.0,0.0,1.6532037175259708,0.0,0.0,0.0,0.0,0.0,0.0,0.0,0.0,0.0,0.0,0.0,0.0,0.0,0.0,0.0,0.0,0.0,0.0,0.0,0.0,0.0,0.2386684976517908,0.0,0.0,0.0,0.0
0.0,0.0,0.0,0.0,2.381793648004402,0.0,0.0,0.0,0.0,0.0,1.5924466527065784,0.0,0.0,0.0,0.0490338720381252,0.0,0.0,0.0,0.0,0.0,0.0,8.375943851470796,0.0,0.0,0.0,7.453878048062294,0.5089142747223283,0.0,0.0,0.386528517305841,0.0,0.0,0.0,0.0,0.0,0.0,0.0
0.0,0.0,0.0,0.0,7.489922560751426,0.360068242531238,8.572957962378835,0.0,0.0,0.0,2.0495232040993465,0.0,0.0,14.060373622924027,0.1307970475405436,0.0,0.0,0.0,0.0,0.0,0.0,44.06590924262998,0.0,0.0,0.0,0.0,0.9577619757503184,0.0,58.220499920099854,0.4554905891418088,0.0,0.0,0.7561247637495273,0.0,0.0,0.0,0.0
0.0,0.0,0.0,0.0,47.53645616769786,7.440646594390245,70.55423666089766,0.0,0.0,0.0,20.17649478297677,0.0,0.0,61.10545001924029,0.7349785119295106,0.0,0.0,0.0,0.0,0.0,0.0,211.84905509948703,0.0,0.0,0.0,122.36552395820614,0.0,0.0,419.1826434850691,0.6121211268007429,0.0,0.0,1.805934770964081,0.0,0.0,0.0,0.0
0.0,0.0,0.0,0.0,179.32254266738883,55.73378399759528,330.0314753353595,0.0,0.0,0.0,150.86147022470828,0.0,0.0,207.9378544539212,3.1786367923021315,0.0938528813421719,5.456921827792961,0.0,0.0,0.0,0.0,647.8684219360349,0.0,0.0,0.0,411.14680278301233,0.0,0.0,1393.1088237285614,0.7158161133527475,0.0,0.0,8.105961365625248,0.0,0.0,0.0,0.0
0.0,0.0,0.0,0.0,441.675322830677,204.40827259421343,801.2871573865414,0.0,0.0,0.0,617.3884067088364,0.0,0.0,521.2826409190893,0.0,0.4694466441869723,30.36396015882486,0.0,0.0,0.0,0.0,1532.0314636230469,0.0,0.0,0.0,683.3970480442047,0.0,0.0,2204.1628776311877,0.8989788606762518,0.0,0.0,29.95601326227188,0.0,0.0,0.0,0.0
0.0,0.0,0.0,0.0,925.7868911027908,0.0,1235.25093780756,0.0,0.0,0.0,0.0,0.0,0.0,883.3387725055218,0.0,0.0,97.7620099782942,0.0,0.0,0.0,0.0,2388.959033203125,0.0,0.0,0.0,840.4803857803345,0.0,0.0,2635.4,1.0191104032099176,0.0,0.0,0.0,0.0,0.0,0.0,0.0
0.0,0.0,0.0,0.0,1327.6610968112946,0.0,1472.2626836717127,0.0,0.0,0.0,0.0,0.0,0.0,1027.9658584296703,0.0,0.0,418.33307805061327,0.0,0.0,0.0,0.0,2808.8683013916016,0.0,0.0,0.0,880.3489627361298,0.0,0.0,2635.4,77.83016783744097,0.0,0.0,0.0,0.0,0.0,0.0,0.0
0.0,0.0,0.0,0.0,1590.453763961792,0.0,0.0,0.0,0.0,0.0,0.0,0.0,0.0,1111.3752800226212,0.0,0.0,749.6984830617904,0.0,0.0,0.0,0.0,3067.7114166259767,0.0,0.0,0.0,0.0,0.0,0.0,2635.4,223.53884835243224,0.0,0.0,0.0,0.0,0.0,0.0,0.0
0.0,0.0,0.0,0.0,0.0,0.0,0.0,0.0,0.0,0.0,0.0,0.0,0.0,1139.2493151128292,0.0,0.0,964.8713070988656,0.0,0.0,0.0,0.0,0.0,0.0,0.0,0.0,0.0,0.0,0.0,0.0,264.7533894658089,0.0,0.0,0.0,0.0,0.0,0.0,0.0
0.0,0.0,0.0,0.0,0.0,0.0,0.0,0.0,0.0,0.0,0.0,0.0,0.0,1151.522874981165,0.0,0.0,1085.1287098646164,0.0,0.0,0.0,0.0,0.0,0.0,0.0,0.0,831.7392106056213,0.0,0.0,0.0,264.0677168011665,0.0,0.0,0.0,0.0,0.0,0.0,0.0
0.0,0.0,0.0,0.0,0.0,0.0,0.0,0.0,0.0,0.0,0.0,0.0,0.0,0.0,0.0,0.0,0.0,0.0,0.0,0.0,0.0,0.0,0.0,0.0,0.0,0.0,0.0,0.0,0.0,0.0,0.0,0.0,0.0,0.0,0.0,0.0,0.0
0.0,0.0,0.0,0.0,0.0,0.0,0.0,0.0,0.0,0.0,0.0,0.0,0.0,0.0,0.0,0.0,0.0,0.0,0.0,0.0,0.0,0.0,0.0,0.0,0.0,0.0,0.0,0.0,0.0,0.0,0.0,0.0,0.0,0.0,0.0,0.0,0.0
0.0,0.0,0.0,0.0,0.0,0.0,0.0,0.0,0.0,0.0,0.0,0.0,0.0,0.0,0.0,0.0,0.0,0.0,0.0,0.0,0.0,0.0,0.0,0.0,0.0,0.0,0.0,0.0,0.0,0.0,0.0,0.0,0.0,0.0,0.0,0.0,0.0
0.0,0.0,0.0,0.0,0.0,0.0,0.0,0.0,0.0,0.0,0.0,0.0,0.0,0.0,0.0,0.0,0.0,0.0,0.0,0.0,0.0,0.0,0.0,0.0,0.0,0.0,0.0,0.0,0.0,0.0,0.0,0.0,0.0,0.0,0.0,0.0,0.0
0.0,0.0,0.0,0.0,0.0,0.0,0.0,0.0,0.0,0.0,0.0,0.0,0.0,0.0,0.0,0.0,0.0,0.0,0.0,0.0,0.0,0.0,0.0,0.0,0.0,0.0,0.0,0.0,0.0,0.0,0.0,0.0,0.0,0.0,0.0,0.0,0.0
0.0,0.0,0.0,0.0,0.0,0.0,0.0,0.0,0.0,0.0,0.0,0.0,0.0,0.0,0.0,0.0,0.0,0.0,0.0,0.0,0.0,0.0,0.0,0.0,0.0,0.0,0.0,0.0,0.0,0.0,0.0,0.0,0.0,0.0,0.0,0.0,0.0
0.0,0.0,0.0,0.0,0.0,0.0,0.0,0.0,0.0,0.0,0.0,0.0,0.0,0.0,0.0,0.0,0.0,0.0,0.0,0.0,0.0,0.0,0.0,0.0,0.0,0.0,0.0,0.0,0.0,0.0,0.0,0.0,0.0,0.0,0.0,0.0,0.0
0.0,0.0,0.0,0.0,0.0,0.0,0.0,0.0,0.0,0.0,0.0,0.0,0.0,0.0,0.0,0.0,0.0,0.0,0.0,0.0,0.0,0.0,0.0,0.0,0.0,0.0,0.0,0.0,0.0,0.0,0.0,0.0,0.0,0.0,0.0,0.0,0.0
0.0,0.0,0.0,0.0,0.0,0.0,0.0,0.0,0.0,0.0,0.0,0.0,0.0,0.0,0.0,0.0,0.0,0.0,0.0,0.0,0.0,0.0,0.0,0.0,0.0,0.0,0.0,0.0,0.0,0.0,0.0,0.0,0.0,0.0,0.0,0.0,0.0
0.0,0.0,0.0,0.0,0.0,0.0,0.0,0.0,0.0,0.0,0.0,0.0,0.0,0.0,0.0,0.0,0.0,0.0,0.0,0.0,0.0,0.0,0.0,0.0,0.0,0.0,0.0,0.0,0.0,0.0,0.0,0.0,0.0,0.0,0.0,0.0,0.0
0.0,0.0,0.0,0.0,0.0,0.0,0.0,0.0,0.0,0.0,0.0,0.0,0.0,0.0,0.0,0.0,0.0,0.0,0.0,0.0,0.0,0.0,0.0,0.0,0.0,0.0,0.0,0.0,0.0,0.0,0.0,0.0,0.0,0.0,0.0,0.0,0.0
0.0,0.0,0.0,0.0,0.0,0.0,0.0,0.0,0.0,0.0,0.0,0.0,0.0,0.0,0.0,0.0,0.0,0.0,0.0,0.0,0.0,0.0,0.0,0.0,0.0,0.0,0.0,0.0,0.0,0.0,0.0,0.0,0.0,0.0,0.0,0.0,0.0
0.0,0.0,0.0,0.0,0.0,0.0,0.0,0.0,0.0,0.0,0.0,0.0,0.0,0.0,0.0,0.0,0.0,0.0,0.0,0.0,0.0,0.0,0.0,0.0,0.0,0.0,0.0,0.0,0.0,0.0,0.0,0.0,0.0,0.0,0.0,0.0,0.0
0.0,0.0,0.0,0.0,0.0,0.0,0.0,0.0,0.0,0.0,0.0,0.0,0.0,0.0,0.0,0.0,0.0,0.0,0.0,0.0,0.0,0.0,0.0,0.0,0.0,0.0,0.0,0.0,0.0,0.2893560200929301,0.0,0.0,0.0687940586358279,0.0,0.0,0.0,0.0
0.0,0.0,0.0,0.0250736549496634,2.3621321879326818,0.0,0.0,0.0,0.0,0.0,1.704086064081637,0.0,0.0,0.0,0.0608151398599134,0.0,4.183654367923695,0.0,0.0,0.0,0.0,23.838592147826866,0.0,0.0,0.0,3.161338890716406,0.0,0.0,0.0,0.3810223296284643,0.0,0.0,0.0,0.0,0.0,0.0,0.0
0.0,0.0,0.0,0.088263900950548,5.267580457031658,0.3494070512242259,3.633617181703424,0.0,0.0,0.0,2.154610549192765,0.0,0.0,3.5285796085371195,0.1506698627024857,0.0,0.0,0.0,0.0,0.0,0.0,32.08476328849779,0.0,0.0,0.0,3.358521674759619,0.0,0.0,35.89537608027452,0.4303993605077081,0.0,0.0,1.074199526570728,0.0,0.0,0.0,0.0
0.0,0.0,0.0,0.5054656118154494,33.92197992652645,10.488791718147692,54.49741821289062,0.0,0.0,0.0,45.24685755670051,0.0,0.0,24.929561703465737,1.0805614091455904,0.0,0.0,0.0,0.0,0.0,0.0,230.3294631958008,0.0,0.0,0.0,14.943061706423734,0.0,0.0,274.5442909240722,0.5786768943071326,0.0,0.0,5.753420460969196,0.0,0.0,0.0,0.0
0.0,0.0,0.0,4.629336863756177,156.8628766834736,71.67351832985874,261.7982530787587,0.0,0.0,0.0,224.77706755697716,0.0,0.0,100.3358124755322,4.182582825422286,0.0,0.6915455341338003,0.0,0.0,0.0,0.0,784.9970840454098,0.0,0.0,0.0,101.71011679172516,0.0,0.0,1113.2663112998007,0.6772464402019658,0.0,173.46481841802594,23.21977640688417,0.0,0.0,0.0,0.0
0.0,0.0,0.0,14.141365855932232,413.0524936318397,214.01827825605864,706.6511496424674,0.0,0.0,0.0,766.1069189757108,0.0,0.0,322.1081096678972,10.83589286506176,0.7458082027733324,13.821779143810248,0.0,0.0,0.0,0.0,1750.9579376220704,0.0,0.0,0.0,272.4724219560623,0.6915055669844149,0.0,1942.0667132854464,0.7743369303643678,0.0,336.7321529388428,29.95601326227188,0.0,0.0,0.0,0.0
0.0,0.0,0.0,29.12990200519561,855.4923136234283,320.59700432419777,1127.0280200004577,0.0,0.0,0.0,1561.1378625035286,0.0,0.0,712.9025769233702,19.2183007478714,1.0549106150865557,49.23670600652689,0.0,0.0,0.0,0.0,2419.610092163086,0.0,0.0,0.0,519.6011424064636,3.1909869983792247,0.0,2382.9431775450703,0.7504699498414702,0.0,441.1085021495819,0.0,0.0,0.0,0.0,0.0
0.0,0.0,0.0,46.07368850708008,1252.655367851257,356.2207359373569,1362.6098033964631,0.0,0.0,0.0,2059.573633015156,0.0,0.0,910.362437069416,25.371558862924577,0.0,318.08471550941454,0.0,0.0,0.0,0.0,2711.76682434082,0.0,0.0,0.0,622.0663746356964,5.407636009156697,0.0,2584.2294125914577,59.10502352416516,0.0,453.1339225769043,0.0,0.0,0.0,0.0,0.0
0.0,0.0,0.0,59.12311804294586,1491.3964233398438,379.4477251172066,1489.5634887754918,0.0,0.0,0.0,2275.3,0.0,0.0,1021.7972123622894,28.310671627521515,0.0,617.1006941556931,0.0,0.0,0.0,0.0,2870.9181518554688,0.0,0.0,0.0,658.9694014549256,8.225585460662836,0.0,2635.4,194.94814456701275,0.0,451.7460069656372,0.0,0.0,0.0,0.0,0.0
0.0,0.0,0.0,0.0,1635.493953704834,386.733057141304,0.0,0.0,0.0,0.0,2275.3,0.0,0.0,1057.3926846683023,29.128769141435622,0.0,840.5474278330803,0.0,0.0,0.0,0.0,2929.054153442383,0.0,0.0,0.0,678.7335446834564,11.411113640666,0.0,2635.4,251.2905731499195,0.0,444.1629211902618,0.0,0.0,0.0,0.0,0.0
0.0,0.0,0.0,0.0,0.0,378.5013233721256,0.0,0.0,0.0,0.0,2275.3,0.0,0.0,1068.4518717229366,28.2539541721344,0.0,965.9420872807502,0.0,0.0,0.0,0.0,0.0,0.0,0.0,0.0,0.0,0.0,0.0,0.0,257.01604768037794,0.0,0.0,0.0,0.0,0.0,0.0,0.0
0.0,0.0,0.0,0.0,0.0,0.0,0.0,0.0,0.0,0.0,0.0,0.0,0.0,0.0,0.0,0.0,0.0,0.0,0.0,0.0,0.0,0.0,0.0,0.0,0.0,0.0,0.0,0.0,0.0,0.0,0.0,0.0,0.0,0.0,0.0,0.0,0.0
0.0,0.0,0.0,0.0,0.0,0.0,0.0,0.0,0.0,0.0,0.0,0.0,0.0,0.0,0.0,0.0,0.0,0.0,0.0,0.0,0.0,0.0,0.0,0.0,0.0,0.0,0.0,0.0,0.0,0.0,0.0,0.0,0.0,0.0,0.0,0.0,0.0
0.0,0.0,0.0,0.0,0.0,0.0,0.0,0.0,0.0,0.0,0.0,0.0,0.0,0.0,0.0,0.0,0.0,0.0,0.0,0.0,0.0,0.0,0.0,0.0,0.0,0.0,0.0,0.0,0.0,0.0,0.0,0.0,0.0,0.0,0.0,0.0,0.0
0.0,0.0,0.0,0.0,0.0,0.0,0.0,0.0,0.0,0.0,0.0,0.0,0.0,0.0,0.0,0.0,0.0,0.0,0.0,0.0,0.0,0.0,0.0,0.0,0.0,0.0,0.0,0.0,0.0,0.0,0.0,0.0,0.0,0.0,0.0,0.0,0.0
0.0,0.0,0.0,0.0,0.0,0.0,0.0,0.0,0.0,0.0,0.0,0.0,0.0,0.0,0.0,0.0,0.0,0.0,0.0,0.0,0.0,0.0,0.0,0.0,0.0,0.0,0.0,0.0,0.0,0.0,0.0,0.0,0.0,0.0,0.0,0.0,0.0
0.0,0.0,0.0,0.0,0.0,0.0,0.0,0.0,0.0,0.0,0.0,0.0,0.0,0.0,0.0,0.0,0.0,0.0,0.0,0.0,0.0,0.0,0.0,0.0,0.0,0.0,0.0,0.0,0.0,0.0,0.0,0.0,0.0,0.0,0.0,0.0,0.0
0.0,0.0,0.0,0.0,0.0,0.0,0.0,0.0,0.0,0.0,0.0,0.0,0.0,0.0,0.0,0.0,0.0,0.0,0.0,0.0,0.0,0.0,0.0,0.0,0.0,0.0,0.0,0.0,0.0,0.0,0.0,0.0,0.0,0.0,0.0,0.0,0.0
0.0,0.0,0.0,0.0,0.0,0.0,0.0,0.0,0.0,0.0,0.0,0.0,0.0,0.0,0.0,0.0,0.0,0.0,0.0,0.0,0.0,0.0,0.0,0.0,0.0,0.0,0.0,0.0,0.0,0.0,0.0,0.0,0.0,0.0,0.0,0.0,0.0
0.0,0.0,0.0,0.0,0.0,0.0,0.0,0.0,0.0,0.0,0.0,0.0,0.0,0.0,0.0,0.0,0.0,0.0,0.0,0.0,0.0,0.0,0.0,0.0,0.0,0.0,0.0,0.0,0.0,0.0,0.0,0.0,0.0,0.0,0.0,0.0,0.0
0.0,0.0,0.0,0.0,0.0,0.0,0.0,0.0,0.0,0.0,0.0,0.0,0.0,0.0,0.0,0.0,0.0,0.0,0.0,0.0,0.0,0.0,0.0,0.0,0.0,0.0,0.0,0.0,0.0,0.0,0.0,0.0,0.0,0.0,0.0,0.0,0.0
0.0,0.0,0.0,0.0,0.0,0.0,0.0,0.0,0.0,0.0,0.0,0.0,0.0,0.0,0.0,0.0,0.0,0.0,0.0,0.0,0.0,0.0,0.0,0.0,0.0,0.0,0.0,0.0,0.0,0.0,0.0,0.0,0.0,0.0,0.0,0.0,0.0
0.0,0.0,0.0,0.0,0.0,0.0,0.0,0.0,0.0,0.0,0.0,0.0,0.0,0.0,0.0,0.0,0.0,0.0,0.0,0.0,0.0,0.0,0.0,0.0,0.0,0.0,0.0,0.0,0.0,0.0,0.0,0.0,0.0,0.0,0.0,0.0,0.0
0.0,0.0,0.0,0.0,1.7428109757600831,0.0,0.0,0.0,0.0,0.0,1.5578406389802384,0.0,0.0,0.0,0.0,0.0,0.0,0.0,0.0,0.0,0.0,0.0,0.0,0.0,0.0,0.0,0.0,0.0,0.0,0.0,0.0,0.0,0.0,0.0,0.0,0.0,0.0
0.0,0.0,0.0,0.0,0.0,0.0865624030120532,0.0,0.0,0.0,0.0,1.5707646532913406,0.0,0.0,0.98233899567272,0.01006572693586,0.0113672865554689,0.0,0.0,0.0,0.0,0.0,0.0,0.0,0.0,0.0,0.0,0.0,0.0,0.0,0.0,0.0,0.0,0.0526533536612974,0.0,0.0,0.0,0.0
0.0,0.0,0.0,0.0288949627429244,2.8365868479012994,0.0,0.0,0.0,0.0,0.0,1.5355398803947984,0.0,0.0,0.0,0.0,0.0,0.0,0.0,0.0,0.0,0.0,27.334022808074938,0.0,0.0,0.0,0.0,0.1033621516078642,0.0,0.0,0.390623012185087,0.0,1.847335234284389,0.0,0.0,0.0,0.0,0.0
0.0,0.0,0.0,0.1109657455235676,12.161041676998094,0.4601286668330338,6.034813113883058,0.0,0.0,0.0,2.176446178881284,0.0,0.0,7.918640212155765,0.0216233991086466,0.0171971544623372,0.0,0.0,0.0,0.0,0.0,79.88677196502675,0.0,0.0,0.0,4.455645070970008,1.0972108786925665,0.0,36.92430298030369,0.4384975567459896,0.0,3.440451011061612,2.453081533312776,0.0,0.0,0.0,0.0
0.0,0.0,0.0,0.492622867226596,105.8916381299494,9.040375025011576,97.21564299166194,0.0,0.0,0.0,35.751188617758395,0.0,0.0,29.465970369055757,0.326134390756487,0.1075204983353605,0.0,0.0,0.0,0.0,0.0,381.16701927185056,0.0,0.0,0.0,78.657461041212,4.26677113696932,0.0,282.2977053523063,0.5928143240511177,0.0,19.898047000169704,9.463769860565645,0.0,0.0,0.0,0.0
0.0,0.0,0.0,2.9148574844002675,331.826861679554,62.73140440881251,468.1908097296953,0.0,0.0,0.0,186.2233194679021,0.0,0.0,96.76388069987291,2.447586241364477,0.399681508541107,3.7619488716123657,0.0,0.0,0.0,0.0,1112.2389183044431,0.0,0.0,0.0,326.3411185264588,13.474763554334634,0.0,1166.3832242310043,0.7050614744424556,0.0,101.60923731327055,35.70146897435186,0.0,0.0,0.0,0.0
0.0,0.0,0.0,9.633707553148268,753.1336292028426,209.37730091810224,999.594446760416,0.0,0.0,0.0,680.8385826736688,0.0,0.0,291.7689787968992,7.08422775864601,0.8628648594021794,22.22420446872711,0.0,0.0,0.0,0.0,2069.027554321289,0.0,0.0,0.0,653.3186734199523,32.59011001586914,0.0,1969.8694561839104,0.9486224144696984,0.0,293.30645149946207,29.95601326227188,0.0,0.0,0.0,0.0
0.0,0.0,0.0,21.21719521284103,1227.4163041114807,318.93978330492973,1378.4157301604748,0.0,0.0,0.0,1501.0319018542766,0.0,0.0,637.1562775224446,15.491154277324677,1.450145490467548,89.1603455066681,0.0,0.0,0.0,0.0,2807.714245605469,0.0,0.0,0.0,807.3794498443604,52.57176458835602,0.0,2374.560021054745,0.9084272444247924,0.0,420.3491526842117,0.0,0.0,0.0,0.0,0.0
0.0,0.0,0.0,38.47381031513214,1518.7011365890503,356.1484271287918,1521.1,0.0,0.0,0.0,2057.6059449493887,0.0,0.0,817.2498689591885,22.966851729154588,2.6397699415683737,387.4026560544967,0.0,0.0,0.0,0.0,3150.6100494384764,0.0,0.0,0.0,826.2877255916596,64.80925158262252,0.0,2551.7753121972087,67.31506566405295,0.0,0.0,0.0,0.0,0.0,0.0,0.0
0.0,0.0,0.0,52.26947343349457,1703.179352760315,380.5831889808178,1521.1,0.0,0.0,0.0,2275.3,0.0,0.0,936.5278100967408,26.937063145637516,0.0,709.0913877129555,0.0,0.0,0.0,0.0,3313.0939880371093,0.0,0.0,0.0,807.4276859283448,71.18621672391892,0.0,2610.1119841337204,206.92314211130144,0.0,0.0,0.0,0.0,0.0,0.0,0.0
0.0,0.0,0.0,60.7003744840622,1784.669970035553,387.78104251623154,1521.1,0.0,0.0,0.0,2275.3,0.0,0.0,997.7446550130844,28.21614950895309,0.0,904.7604704380034,0.0,0.0,0.0,0.0,0.0,0.0,0.0,0.0,765.2286493301392,72.46208620071411,0.0,2580.070350337029,256.6887223958969,0.0,0.0,0.0,0.0,0.0,0.0,0.0
0.0,0.0,0.0,0.0,0.0,0.0,0.0,0.0,0.0,0.0,0.0,0.0,0.0,0.0,27.60995895266533,0.0,1007.753687763214,0.0,0.0,0.0,0.0,0.0,0.0,0.0,0.0,719.6252003669739,0.0,0.0,0.0,257.64274556040766,0.0,0.0,0.0,0.0,0.0,0.0,0.0
0.0,0.0,0.0,0.0,0.0,0.0,1521.1,0.0,0.0,0.0,0.0,0.0,0.0,0.0,0.0,0.0,936.8659805297852,0.0,0.0,0.0,0.0,0.0,0.0,0.0,0.0,646.2443887233734,0.0,0.0,0.0,0.0,0.0,0.0,0.0,0.0,0.0,0.0,0.0
0.0,0.0,0.0,0.0,0.0,0.0,0.0,0.0,0.0,0.0,0.0,0.0,0.0,0.0,0.0,0.0,0.0,0.0,0.0,0.0,0.0,0.0,0.0,0.0,0.0,0.0,0.0,0.0,0.0,0.0,0.0,0.0,0.0,0.0,0.0,0.0,0.0
0.0,0.0,0.0,0.0,0.0,0.0,0.0,0.0,0.0,0.0,0.0,0.0,0.0,0.0,0.0,0.0,0.0,0.0,0.0,0.0,0.0,0.0,0.0,0.0,0.0,0.0,0.0,0.0,0.0,0.0,0.0,0.0,0.0,0.0,0.0,0.0,0.0
0.0,0.0,0.0,0.0,0.0,0.0,0.0,0.0,0.0,0.0,0.0,0.0,0.0,0.0,0.0,0.0,0.0,0.0,0.0,0.0,0.0,0.0,0.0,0.0,0.0,0.0,0.0,0.0,0.0,0.0,0.0,0.0,0.0,0.0,0.0,0.0,0.0
0.0,0.0,0.0,0.0,0.0,0.0,0.0,0.0,0.0,0.0,0.0,0.0,0.0,0.0,0.0,0.0,0.0,0.0,0.0,0.0,0.0,0.0,0.0,0.0,0.0,0.0,0.0,0.0,0.0,0.0,0.0,0.0,0.0,0.0,0.0,0.0,0.0
0.0,0.0,0.0,0.0,0.0,0.0,0.0,0.0,0.0,0.0,0.0,0.0,0.0,0.0,0.0,0.0,0.0,0.0,0.0,0.0,0.0,0.0,0.0,0.0,0.0,0.0,0.0,0.0,0.0,0.0,0.0,0.0,0.0,0.0,0.0,0.0,0.0
0.0,0.0,0.0,0.0,0.0,0.0,0.0,0.0,0.0,0.0,0.0,0.0,0.0,0.0,0.0,0.0,0.0,0.0,0.0,0.0,0.0,0.0,0.0,0.0,0.0,0.0,0.0,0.0,0.0,0.0,0.0,0.0,0.0,0.0,0.0,0.0,0.0
0.0,0.0,0.0,0.0,0.0,0.0,0.0,0.0,0.0,0.0,0.0,0.0,0.0,0.0,0.0,0.0,0.0,0.0,0.0,0.0,0.0,0.0,0.0,0.0,0.0,0.0,0.0,0.0,0.0,0.0,0.0,0.0,0.0,0.0,0.0,0.0,0.0
0.0,0.0,0.0,0.0,0.0,0.0,0.0,0.0,0.0,0.0,0.0,0.0,0.0,0.0,0.0,0.0,0.0,0.0,0.0,0.0,0.0,0.0,0.0,0.0,0.0,0.0,0.0,0.0,0.0,0.0,0.0,0.0,0.0,0.0,0.0,0.0,0.0
0.0,0.0,0.0,0.0,0.0,0.0,0.0,0.0,0.0,0.0,0.0,0.0,0.0,0.0,0.0,0.0,0.0,0.0,0.0,0.0,0.0,0.0,0.0,0.0,0.0,0.0,0.0,0.0,0.0,0.0,0.0,0.0,0.0,0.0,0.0,0.0,0.0
0.0,0.0,0.0,0.0,0.0,0.0,0.0,0.0,0.0,0.0,0.0,0.0,0.0,0.0,0.0,0.0,0.0,0.0,0.0,0.0,0.0,0.0,0.0,0.0,0.0,0.0,0.0,0.0,0.0,0.0,0.0,0.0,0.0,0.0,0.0,0.0,0.0
0.0,0.0,0.0,0.0,0.0,0.0,0.0,0.0,0.0,0.0,0.0,0.0,0.0,0.0,0.0,0.0,0.0,0.0,0.0,0.0,0.0,0.0,0.0,0.0,0.0,0.0,0.0,0.0,0.0,0.0,0.0,0.0,0.0,0.0,0.0,0.0,0.0
0.0,0.0,0.0,0.0,0.0,0.0,0.0,0.0,0.0,0.0,0.0,0.0,0.0,0.0,0.0,0.0,0.0,0.0,0.0,0.0,0.0,0.0,0.0,0.0,0.0,0.0,0.0,0.0,0.0,0.2483583524823005,0.0,0.0,0.2102144677191887,0.0,0.0,0.0,0.0
0.0,0.0,0.0,0.0,0.0,0.0,0.0,0.0,0.0,0.0,0.0,0.0,0.0,1.07618191279469,0.0,0.0,0.8585485100745668,0.0,0.0,0.0,0.0,0.0,0.0,0.0,0.0,1.5595765681005809,0.0,0.0,0.0,0.2559000723063845,0.0,0.0,0.2014665603637676,0.0,0.0,0.0,0.0
0.0,0.0,0.0,0.0225212853401838,2.77237819880226,0.0,0.0,0.0,0.0,0.0,1.6272285466080176,0.0,0.0,0.0,0.056386376917361,0.0185352051630615,2.282517004013012,0.0,0.0,0.0,0.0,21.10184316635095,0.0,0.0,0.0,0.7719104589894117,0.0,0.0,0.0,0.3393773920833873,0.0,0.0,0.0,0.0,0.0,0.0,0.0
0.0,0.0,0.0,0.0474240239709576,5.436968162655764,0.4527692096307534,6.288028078898755,0.0,0.0,0.0,5.403093014052103,0.0,0.0,6.1118902079759785,0.1665620215237122,0.0,0.0,0.0,0.0,0.0,0.0,42.1131055831906,0.0,0.0,0.0,0.0,0.0,0.0,39.3843261778354,0.42299822419881,0.0,3.1615133434534064,0.8408414982259157,0.0,0.0,0.0,0.0
0.0,0.0,0.0,0.7510001268237805,57.54964344948512,13.27007688581943,59.62508075311768,0.0,0.0,0.0,73.13006985150257,0.0,0.0,27.50433388631784,0.8817958608269675,0.0121373767033207,0.0,0.0,0.0,0.0,0.0,236.5881244659423,0.0,0.0,0.0,50.51222419738768,0.0,0.0,301.855209827423,0.5497606225311438,0.0,14.45863240957256,3.541905930265777,0.0,0.0,0.0,0.0
0.0,0.0,0.0,3.54451274126768,224.65491309761995,84.23891700059175,290.53524467349047,0.0,0.0,0.0,347.90153065025794,0.0,0.0,89.67521384358396,3.402648773789403,0.1467872988432643,7.638562905788307,0.0,0.0,0.0,0.0,762.9090972900391,0.0,0.0,0.0,216.9495399475097,1.3040896508842637,0.0,1189.6927912890908,0.6531978726386867,0.0,72.58820176124568,14.879164937883605,0.0,0.0,0.0,0.0
0.0,0.0,0.0,9.88698613643646,552.1919543743132,227.65641948580745,738.893756967783,0.0,0.0,0.0,1036.5385131448506,0.0,0.0,253.90001721680164,8.75601189136505,0.3603630103170864,45.11691112518293,0.0,0.0,0.0,0.0,1688.6239868164062,0.0,0.0,0.0,506.2085228919983,3.729915994405741,0.0,2039.0521745562555,0.7342735573649071,0.0,232.73425114154816,29.95601326227188,0.0,0.0,0.0,0.0
0.0,0.0,0.0,22.24432653188705,1097.974442243576,328.5278461575508,1193.114462596178,0.0,0.0,0.0,1836.247072571516,0.0,0.0,499.3941581994295,16.913593956828112,0.6084834262728689,137.22888867855056,0.0,0.0,0.0,0.0,2466.219931030273,0.0,0.0,0.0,709.6347321510315,0.0,0.0,2542.835928058624,0.7097563780844071,0.0,385.2133585214615,0.0,0.0,0.0,0.0,0.0
0.0,0.0,0.0,38.50878810882568,0.0,364.2222631573677,1456.2192155897617,0.0,0.0,0.0,2275.3,0.0,0.0,660.5734696984291,23.4813173353672,1.5914813801646228,477.6123011767863,0.0,0.0,0.0,0.0,2858.311538696289,0.0,0.0,0.0,777.8744170665741,27.849622678756717,0.0,2635.4,61.80427387654779,0.0,433.8348985910416,0.0,0.0,0.0,0.0,0.0
0.0,0.0,0.0,52.31618070602417,0.0,387.4354133307934,0.0,0.0,0.0,0.0,2275.3,0.0,0.0,806.3759607076645,27.41384961605072,2.526271685957908,795.6369875431061,0.0,0.0,0.0,0.0,3081.981076049805,0.0,0.0,0.0,805.9402810573578,0.0,0.0,2635.4,203.059532225132,0.0,453.9327275753021,0.0,0.0,0.0,0.0,0.0
0.0,0.0,0.0,60.78569221496582,0.0,393.86501571536064,0.0,0.0,0.0,0.0,2275.3,0.0,0.0,0.0,28.421773821115494,3.1946482360363,989.6097490310668,0.0,0.0,0.0,0.0,0.0,0.0,0.0,0.0,0.0,0.0,0.0,0.0,254.01374613046647,0.0,0.0,0.0,0.0,0.0,0.0,0.0
0.0,0.0,0.0,62.0,0.0,0.0,0.0,0.0,0.0,0.0,0.0,0.0,0.0,0.0,27.79529176354408,0.0,1078.2709854602813,0.0,0.0,0.0,0.0,0.0,0.0,0.0,0.0,0.0,0.0,0.0,0.0,257.1847713291645,0.0,0.0,0.0,0.0,0.0,0.0,0.0
0.0,0.0,0.0,0.0,0.0,0.0,0.0,0.0,0.0,0.0,0.0,0.0,0.0,0.0,0.0,0.0,1011.5222554683684,0.0,0.0,0.0,0.0,0.0,0.0,0.0,0.0,0.0,0.0,0.0,0.0,249.0681820809841,0.0,0.0,0.0,0.0,0.0,0.0,0.0
0.0,0.0,0.0,0.0,0.0,0.0,0.0,0.0,0.0,0.0,0.0,0.0,0.0,0.0,0.0,0.0,869.8340502619742,0.0,0.0,0.0,0.0,0.0,0.0,0.0,0.0,0.0,0.0,0.0,0.0,0.0,0.0,0.0,0.0,0.0,0.0,0.0,0.0
0.0,0.0,0.0,0.0,0.0,0.0,0.0,0.0,0.0,0.0,0.0,0.0,0.0,0.0,0.0,0.0,0.0,0.0,0.0,0.0,0.0,0.0,0.0,0.0,0.0,0.0,0.0,0.0,0.0,0.0,0.0,0.0,0.0,0.0,0.0,0.0,0.0
0.0,0.0,0.0,0.0,0.0,0.0,0.0,0.0,0.0,0.0,0.0,0.0,0.0,0.0,0.0,0.0,0.0,0.0,0.0,0.0,0.0,0.0,0.0,0.0,0.0,0.0,0.0,0.0,0.0,0.0,0.0,0.0,0.0,0.0,0.0,0.0,0.0
0.0,0.0,0.0,0.0,0.0,0.0,0.0,0.0,0.0,0.0,0.0,0.0,0.0,0.0,0.0,0.0,0.0,0.0,0.0,0.0,0.0,0.0,0.0,0.0,0.0,0.0,0.0,0.0,0.0,0.0,0.0,0.0,0.0,0.0,0.0,0.0,0.0
0.0,0.0,0.0,0.0,0.0,0.0,0.0,0.0,0.0,0.0,0.0,0.0,0.0,0.0,0.0,0.0,0.0,0.0,0.0,0.0,0.0,0.0,0.0,0.0,0.0,0.0,0.0,0.0,0.0,0.0,0.0,0.0,0.0,0.0,0.0,0.0,0.0
0.0,0.0,0.0,0.0,0.0,0.0,0.0,0.0,0.0,0.0,0.0,0.0,0.0,0.0,0.0,0.0,0.0,0.0,0.0,0.0,0.0,0.0,0.0,0.0,0.0,0.0,0.0,0.0,0.0,0.0,0.0,0.0,0.0,0.0,0.0,0.0,0.0
0.0,0.0,0.0,0.0,0.0,0.0,0.0,0.0,0.0,0.0,0.0,0.0,0.0,0.0,0.0,0.0,0.0,0.0,0.0,0.0,0.0,0.0,0.0,0.0,0.0,0.0,0.0,0.0,0.0,0.0,0.0,0.0,0.0,0.0,0.0,0.0,0.0
0.0,0.0,0.0,0.0,0.0,0.0,0.0,0.0,0.0,0.0,0.0,0.0,0.0,0.0,0.0,0.0,0.0,0.0,0.0,0.0,0.0,0.0,0.0,0.0,0.0,0.0,0.0,0.0,0.0,0.0,0.0,0.0,0.0,0.0,0.0,0.0,0.0
0.0,0.0,0.0,0.0,0.0,0.0,0.0,0.0,0.0,0.0,0.0,0.0,0.0,0.0,0.0,0.0,0.0,0.0,0.0,0.0,0.0,0.0,0.0,0.0,0.0,0.0,0.0,0.0,0.0,0.0,0.0,0.0,0.0,0.0,0.0,0.0,0.0
0.0,0.0,0.0,0.0,0.0,0.0,0.0,0.0,0.0,0.0,0.0,0.0,0.0,0.0,0.0,0.0,0.0,0.0,0.0,0.0,0.0,0.0,0.0,0.0,0.0,0.0,0.0,0.0,0.0,0.0,0.0,0.0,0.0,0.0,0.0,0.0,0.0
0.0,0.0,0.0,0.0,0.0,0.0,0.0,0.0,0.0,0.0,0.0,0.0,0.0,0.0,0.0,0.0,0.0,0.0,0.0,0.0,0.0,0.0,0.0,0.0,0.0,0.0,0.0,0.0,0.0,0.0,0.0,0.0,0.0,0.0,0.0,0.0,0.0
0.0,0.0,0.0,0.0,0.0,0.0,0.0,0.0,0.0,0.0,0.0,0.0,0.0,0.0,0.0,0.0,0.0,0.0,0.0,0.0,0.0,0.0,0.0,0.0,0.0,0.0,0.0,0.0,0.0,0.0,0.0,0.0,0.0,0.0,0.0,0.0,0.0
0.0,0.0,0.0,0.0,0.0,0.0,0.0,0.0,0.0,0.0,1.7398130490444197,0.0,0.0,0.0,0.0,0.0,0.0,0.0,0.0,0.0,0.0,0.0,0.0,0.0,0.0,0.0,0.0,0.0,0.0,0.2699906408786671,0.0,0.0,0.1940988674759605,0.0,0.0,0.0,0.0
0.0,0.0,0.0,0.0,3.539216525852525,0.0,0.0,0.0,0.0,0.0,1.651014751009515,0.0,0.0,0.9193208720534864,0.0,0.0,4.347960782051021,0.0,0.0,0.0,0.0,40.16031889915453,0.0,0.0,0.0,2.2005784934386265,0.8157201157882737,0.0,0.0,0.3366037964820619,0.0,0.0,0.0,0.0,0.0,0.0,0.0
0.0,0.0,0.0,0.1161325573921179,6.364497590810006,0.3998491484671559,10.4614794384688,0.0,0.0,0.0,2.1008219416716734,0.0,0.0,13.272870425134895,0.2763609532266854,0.0,0.0,0.0,0.0,0.0,0.0,61.73121366500816,0.0,0.0,0.0,0.0,0.5389188444241864,0.0,26.14165879935,0.4250689022242842,0.0,0.0,1.0096735451370236,0.0,0.0,0.0,0.0
0.0,0.0,0.0,0.2781083360314312,22.68944710493087,10.302895771339513,46.36146941035976,0.0,0.0,0.0,57.74067319780576,0.0,0.0,45.02513911575065,1.0646923944354036,0.0,0.0,0.0,0.0,0.0,0.0,287.93990631103514,0.0,0.0,0.0,12.687621018290477,1.3571864636614914,0.0,191.14666526913624,0.5701803781092033,0.0,27.26657189428804,3.376846687868233,0.0,0.0,0.0,0.0
0.0,0.0,0.0,1.9455741792917232,107.00964349508278,68.31980145722625,152.54264252483833,0.0,0.0,0.0,290.21463016718616,0.0,0.0,138.4597031213343,3.700378802418709,0.1599834859371177,3.8087097048759446,0.0,0.0,0.0,0.0,907.6812400817868,0.0,0.0,0.0,38.654293432831686,2.9042548991739743,0.0,709.9260239958762,0.6803099893033254,0.0,132.1538762450218,13.54578825831412,0.0,0.0,0.0,0.0
0.0,0.0,0.0,5.356146037578583,295.5265840888022,211.402000784874,430.1669272482395,0.0,0.0,0.0,926.0574189364908,0.0,0.0,382.3203064501285,8.730169987678526,0.4421729147434234,26.248822975158586,0.0,0.0,0.0,0.0,1870.2534637451167,0.0,0.0,0.0,115.4025564074516,5.638313338160514,0.0,1414.9939704775811,0.7992407143115803,0.0,316.4445799589157,29.95601326227188,0.0,0.0,0.0,0.0
0.0,0.0,0.0,11.261980205774304,676.5586094856261,314.8546949028969,946.3415818572043,0.0,0.0,0.0,1744.29600161314,0.0,0.0,737.8688273578881,15.488841435313224,0.6353489495813837,91.86371001005168,0.0,0.0,0.0,0.0,2581.0401977539063,0.0,0.0,0.0,312.6025289297104,9.808153317868708,0.0,1930.3862468361851,0.7569719374179664,0.0,428.9657475948334,0.0,0.0,0.0,0.0,0.0
0.0,0.0,0.0,20.888636767864224,1151.5964484214785,349.5844533145428,0.0,0.0,0.0,0.0,2240.8549484193327,0.0,0.0,901.3754591345788,21.27932437062264,1.3304166793823242,378.4258017778397,0.0,0.0,0.0,0.0,2907.658898925781,0.0,0.0,0.0,0.0,17.514435482025142,0.0,2164.689721536636,55.407120598852615,0.0,451.312695980072,0.0,0.0,0.0,0.0,0.0
0.0,0.0,0.0,31.73492169380188,0.0,373.9899403452873,0.0,0.0,0.0,0.0,2275.3,0.0,0.0,1012.041259109974,24.85639657974243,2.002649322152137,674.6091648101806,0.0,0.0,0.0,0.0,3072.556332397461,0.0,0.0,0.0,0.0,0.0,0.0,2282.6629196286203,184.71387553811076,0.0,459.1726113557816,0.0,0.0,0.0,0.0,0.0
0.0,0.0,0.0,40.12877178192139,0.0,381.7022855579853,0.0,0.0,0.0,0.0,2275.3,0.0,0.0,0.0,26.32684734463692,2.531764090061188,868.1730294704436,0.0,0.0,0.0,0.0,3090.931323242188,0.0,0.0,0.0,0.0,0.0,0.0,2376.0989542007446,252.28754457831383,0.0,450.8939172029495,0.0,0.0,0.0,0.0,0.0
0.0,0.0,0.0,0.0,0.0,0.0,0.0,0.0,0.0,0.0,2275.3,0.0,0.0,0.0,0.0,0.0,980.272107040882,0.0,0.0,0.0,0.0,0.0,0.0,0.0,0.0,0.0,0.0,0.0,0.0,263.0480879962444,0.0,0.0,0.0,0.0,0.0,0.0,0.0
0.0,0.0,0.0,0.0,0.0,0.0,0.0,0.0,0.0,0.0,0.0,0.0,0.0,0.0,0.0,0.0,915.612967312336,0.0,0.0,0.0,0.0,0.0,0.0,0.0,0.0,0.0,0.0,0.0,0.0,257.49049361348153,0.0,0.0,0.0,0.0,0.0,0.0,0.0
0.0,0.0,0.0,0.0,0.0,0.0,0.0,0.0,0.0,0.0,0.0,0.0,0.0,0.0,0.0,0.0,0.0,0.0,0.0,0.0,0.0,0.0,0.0,0.0,0.0,0.0,0.0,0.0,0.0,0.0,0.0,0.0,0.0,0.0,0.0,0.0,0.0
0.0,0.0,0.0,0.0,0.0,0.0,0.0,0.0,0.0,0.0,0.0,0.0,0.0,0.0,0.0,0.0,0.0,0.0,0.0,0.0,0.0,0.0,0.0,0.0,0.0,0.0,0.0,0.0,0.0,0.0,0.0,0.0,0.0,0.0,0.0,0.0,0.0
0.0,0.0,0.0,0.0,0.0,0.0,0.0,0.0,0.0,0.0,0.0,0.0,0.0,0.0,0.0,0.0,0.0,0.0,0.0,0.0,0.0,0.0,0.0,0.0,0.0,0.0,0.0,0.0,0.0,0.0,0.0,0.0,0.0,0.0,0.0,0.0,0.0
0.0,0.0,0.0,0.0,0.0,0.0,0.0,0.0,0.0,0.0,0.0,0.0,0.0,0.0,0.0,0.0,0.0,0.0,0.0,0.0,0.0,0.0,0.0,0.0,0.0,0.0,0.0,0.0,0.0,0.0,0.0,0.0,0.0,0.0,0.0,0.0,0.0
0.0,0.0,0.0,0.0,0.0,0.0,0.0,0.0,0.0,0.0,0.0,0.0,0.0,0.0,0.0,0.0,0.0,0.0,0.0,0.0,0.0,0.0,0.0,0.0,0.0,0.0,0.0,0.0,0.0,0.0,0.0,0.0,0.0,0.0,0.0,0.0,0.0
0.0,0.0,0.0,0.0,0.0,0.0,0.0,0.0,0.0,0.0,0.0,0.0,0.0,0.0,0.0,0.0,0.0,0.0,0.0,0.0,0.0,0.0,0.0,0.0,0.0,0.0,0.0,0.0,0.0,0.0,0.0,0.0,0.0,0.0,0.0,0.0,0.0
0.0,0.0,0.0,0.0,0.0,0.0,0.0,0.0,0.0,0.0,0.0,0.0,0.0,0.0,0.0,0.0,0.0,0.0,0.0,0.0,0.0,0.0,0.0,0.0,0.0,0.0,0.0,0.0,0.0,0.0,0.0,0.0,0.0,0.0,0.0,0.0,0.0
0.0,0.0,0.0,0.0,0.0,0.0,0.0,0.0,0.0,0.0,0.0,0.0,0.0,0.0,0.0,0.0,0.0,0.0,0.0,0.0,0.0,0.0,0.0,0.0,0.0,0.0,0.0,0.0,0.0,0.0,0.0,0.0,0.0,0.0,0.0,0.0,0.0
0.0,0.0,0.0,0.0,0.0,0.0,0.0,0.0,0.0,0.0,0.0,0.0,0.0,0.0,0.0,0.0,0.0,0.0,0.0,0.0,0.0,0.0,0.0,0.0,0.0,0.0,0.0,0.0,0.0,0.0,0.0,0.0,0.0,0.0,0.0,0.0,0.0
0.0,0.0,0.0,0.0,0.0,0.0,0.0,0.0,0.0,0.0,0.0,0.0,0.0,0.0,0.0,0.0,0.0,0.0,0.0,0.0,0.0,0.0,0.0,0.0,0.0,0.0,0.0,0.0,0.0,0.0,0.0,0.0,0.0,0.0,0.0,0.0,0.0
0.0,0.0,0.0,0.0,0.0,0.0,0.0,0.0,0.0,0.0,0.0,0.0,0.0,0.0,0.0,0.0,0.0,0.0,0.0,0.0,0.0,0.0,0.0,0.0,0.0,0.0,0.0,0.0,0.0,0.0,0.0,0.0,0.0,0.0,0.0,0.0,0.0
0.0,0.0,0.0,0.0,0.0,0.0,0.0,0.0,0.0,0.0,0.0,0.0,0.0,0.0,0.0,0.0,0.0,0.0,0.0,0.0,0.0,7.830515670776356,0.0,0.0,0.0,0.0,0.0,0.0,0.0,0.0,0.0,0.0,0.1597474087029566,0.0,0.0,0.0,0.0
0.0,0.0,0.0,0.0,0.0,0.0,2.553914826735728,0.0,0.0,0.0,0.0,0.0,0.0,0.0,0.0268709667026989,0.0,0.0,0.0,0.0,0.0,0.0,8.775315666198289,0.0,0.0,0.0,3.780463547259547,0.0,0.0,0.0,0.0,0.0,0.0,0.1397804152220252,0.0,0.0,0.0,0.0
0.0,0.0,0.0,0.024760462343692,2.6627197898923898,0.0,0.0,0.0,0.0,0.0,1.713265737797985,0.0,0.0,0.0,0.0159215793013566,0.0,0.0,0.0,0.0,0.0,0.0,12.30420484542844,0.0,0.0,0.0,1.2719432406126678,0.0,0.0,0.0,0.4325432591139894,0.0,0.0,0.0,0.0,0.0,0.0,0.0
0.0,0.0,0.0,0.0542290341109008,10.062146820127944,0.7707985593005587,6.313969494774817,0.0,0.0,0.0,2.290688828751375,0.0,0.0,7.9184438940136435,0.1007780894637086,0.0,0.0,0.0,0.0,0.0,0.0,9.3630465507503,0.0,0.0,0.0,21.35560594350096,0.0,0.0,43.420923314988535,0.4863603860139568,0.0,4.750726953148811,0.6505097048357075,0.0,0.0,0.0,0.0
0.0,0.0,0.0,2.0779606476426107,75.91017583012581,11.06950187683102,71.48750997968014,0.0,0.0,0.0,55.00308767743405,0.0,0.0,18.642450440674985,1.6064630828797788,0.0202387357130633,0.0,0.0,0.0,0.0,0.0,177.67731456756576,0.0,0.0,0.0,107.08935534954072,0.0,0.0,304.1214722782373,0.6179201968013878,0.0,26.5902388766408,1.2804408976808015,0.0,0.0,0.0,0.0
0.0,0.0,0.0,0.0,248.184121519327,72.36985322087999,347.5676004737615,0.0,0.0,0.0,280.75075104013075,0.0,0.0,47.54412280395624,5.720637930929658,0.2306403890252111,4.281220877170497,0.0,0.0,0.0,0.0,619.0351570129393,0.0,0.0,0.0,374.8936441421509,0.9066551513969884,0.0,1290.5046149671075,0.8572899907827064,0.0,117.52091115713118,2.5426593078300144,0.0,0.0,0.0,0.0
0.0,0.0,0.0,21.78902024030685,574.0321178436278,219.82672215998173,835.9958425164223,0.0,0.0,0.0,921.3958738237618,0.0,0.0,122.47725538909434,0.0,0.5059645548462856,35.71087452173214,0.0,0.0,0.0,0.0,1324.1775695800782,0.0,0.0,0.0,640.3883881568909,5.921740953624244,0.0,2184.95268163681,1.0219747923314533,0.0,309.3900359869004,7.011295206844798,0.0,0.0,0.0,0.0
0.0,0.0,0.0,0.0,1054.9176064729688,327.93958193063736,1255.9999906003477,0.0,0.0,0.0,1766.4415448844434,0.0,0.0,308.9606893807649,0.0,0.7904832139611238,121.9247972488402,0.0,0.0,0.0,0.0,2069.8415588378907,0.0,0.0,0.0,784.5488160133361,15.535993179678917,0.0,2635.4,1.010303431749317,0.0,0.0,21.218959882855412,0.0,0.0,0.0,0.0
0.0,0.0,0.0,0.0,1392.0005674362185,0.0,1465.3579378128052,0.0,0.0,0.0,2275.3,0.0,0.0,501.91299393773073,0.0,1.562188945710658,438.545647406578,0.0,0.0,0.0,0.0,2376.15686340332,0.0,0.0,0.0,817.08001704216,31.951829940080643,0.0,2635.4,69.43106430023906,0.0,0.0,0.0,0.0,0.0,0.0,0.0
0.0,0.0,0.0,0.0,1607.815284490585,0.0,1521.1,0.0,0.0,0.0,2275.3,0.0,0.0,695.4174020141363,0.0,2.2977558672428127,740.1627050638199,0.0,0.0,0.0,0.0,2532.656497192382,0.0,0.0,0.0,810.1627149581909,44.08499577641487,0.0,2635.4,212.88292250037196,0.0,0.0,0.0,0.0,0.0,0.0,0.0
0.0,0.0,0.0,0.0,1716.832844495773,0.0,1521.1,0.0,0.0,0.0,0.0,0.0,0.0,0.0,0.0,2.875438883900641,917.4460164904594,0.0,0.0,0.0,0.0,2619.994537353516,0.0,0.0,0.0,792.7419517517089,50.392071068286896,0.0,0.0,263.9942853450775,0.0,0.0,0.0,0.0,0.0,0.0,0.0
0.0,0.0,0.0,0.0,0.0,0.0,0.0,0.0,0.0,0.0,0.0,0.0,0.0,0.0,0.0,3.011336609721184,992.0220074295996,0.0,0.0,0.0,0.0,2603.3488647460936,0.0,0.0,0.0,748.2108942985535,0.0,0.0,0.0,266.8152107298374,0.0,0.0,0.0,0.0,0.0,0.0,0.0
0.0,0.0,0.0,0.0,0.0,0.0,0.0,0.0,0.0,0.0,0.0,0.0,0.0,0.0,0.0,0.0,935.9886786580084,0.0,0.0,0.0,0.0,0.0,0.0,0.0,0.0,675.7861907482147,0.0,0.0,0.0,258.52579748034475,0.0,0.0,0.0,0.0,0.0,0.0,0.0
0.0,0.0,0.0,0.0,0.0,0.0,0.0,0.0,0.0,0.0,0.0,0.0,0.0,0.0,0.0,0.0,806.2415233016013,0.0,0.0,0.0,0.0,0.0,0.0,0.0,0.0,0.0,0.0,0.0,0.0,0.0,0.0,0.0,0.0,0.0,0.0,0.0,0.0
0.0,0.0,0.0,0.0,0.0,0.0,0.0,0.0,0.0,0.0,0.0,0.0,0.0,0.0,0.0,0.0,0.0,0.0,0.0,0.0,0.0,0.0,0.0,0.0,0.0,0.0,0.0,0.0,0.0,0.0,0.0,0.0,0.0,0.0,0.0,0.0,0.0
0.0,0.0,0.0,0.0,0.0,0.0,0.0,0.0,0.0,0.0,0.0,0.0,0.0,0.0,0.0,0.0,0.0,0.0,0.0,0.0,0.0,0.0,0.0,0.0,0.0,0.0,0.0,0.0,0.0,0.0,0.0,0.0,0.0,0.0,0.0,0.0,0.0
0.0,0.0,0.0,0.0,0.0,0.0,0.0,0.0,0.0,0.0,0.0,0.0,0.0,0.0,0.0,0.0,0.0,0.0,0.0,0.0,0.0,0.0,0.0,0.0,0.0,0.0,0.0,0.0,0.0,0.0,0.0,0.0,0.0,0.0,0.0,0.0,0.0
0.0,0.0,0.0,0.0,0.0,0.0,0.0,0.0,0.0,0.0,0.0,0.0,0.0,0.0,0.0,0.0,0.0,0.0,0.0,0.0,0.0,0.0,0.0,0.0,0.0,0.0,0.0,0.0,0.0,0.0,0.0,0.0,0.0,0.0,0.0,0.0,0.0
0.0,0.0,0.0,0.0,0.0,0.0,0.0,0.0,0.0,0.0,0.0,0.0,0.0,0.0,0.0,0.0,0.0,0.0,0.0,0.0,0.0,0.0,0.0,0.0,0.0,0.0,0.0,0.0,0.0,0.0,0.0,0.0,0.0,0.0,0.0,0.0,0.0
0.0,0.0,0.0,0.0,0.0,0.0,0.0,0.0,0.0,0.0,0.0,0.0,0.0,0.0,0.0,0.0,0.0,0.0,0.0,0.0,0.0,0.0,0.0,0.0,0.0,0.0,0.0,0.0,0.0,0.0,0.0,0.0,0.0,0.0,0.0,0.0,0.0
0.0,0.0,0.0,0.0,0.0,0.0,0.0,0.0,0.0,0.0,0.0,0.0,0.0,0.0,0.0,0.0,0.0,0.0,0.0,0.0,0.0,0.0,0.0,0.0,0.0,0.0,0.0,0.0,0.0,0.0,0.0,0.0,0.0,0.0,0.0,0.0,0.0
0.0,0.0,0.0,0.0,0.0,0.0,0.0,0.0,0.0,0.0,0.0,0.0,0.0,0.0,0.0,0.0,0.0,0.0,0.0,0.0,0.0,0.0,0.0,0.0,0.0,0.0,0.0,0.0,0.0,0.0,0.0,0.0,0.0,0.0,0.0,0.0,0.0
0.0,0.0,0.0,0.0,0.0,0.0,0.0,0.0,0.0,0.0,0.0,0.0,0.0,0.0,0.0,0.0,0.0,0.0,0.0,0.0,0.0,0.0,0.0,0.0,0.0,0.0,0.0,0.0,0.0,0.0,0.0,0.0,0.0,0.0,0.0,0.0,0.0
0.0,0.0,0.0,0.0,0.0,0.0,0.0,0.0,0.0,0.0,0.0,0.0,0.0,0.0,0.0,0.0,0.0,0.0,0.0,0.0,0.0,0.0,0.0,0.0,0.0,0.0,0.0,0.0,0.0,0.0,0.0,0.0,0.0,0.0,0.0,0.0,0.0
0.0,0.0,0.0,0.0,0.0,0.0,0.0,0.0,0.0,0.0,0.0,0.0,0.0,0.0,0.0,0.0,0.0,0.0,0.0,0.0,0.0,0.0,0.0,0.0,0.0,0.0,0.0,0.0,0.0,0.0,0.0,0.0,0.2104338612407387,0.0,0.0,0.0,0.0
0.0,0.0,0.0,0.0,1.5492745749651786,0.1299049402587105,0.0,0.0,0.0,0.0,0.0,0.0,0.0,0.0,0.0,0.0,0.0,0.0,0.0,0.0,0.0,17.468113899230634,0.0,0.0,0.0,0.0,0.0,0.0,0.0,0.0,0.0,0.0,0.2073929142206892,0.0,0.0,0.0,0.0
0.0,0.0,0.0,0.0265807788819034,2.475290521979294,0.0226884023286402,0.0,0.0,0.0,0.0,1.521215181797607,0.0,0.0,0.0,0.0,0.0,4.149947345256624,0.0,0.0,0.0,0.0,23.13903579711892,0.0,0.0,0.0,0.0,0.0,0.0,0.0,0.340323401987531,0.0,1.6918854564428123,0.0,0.0,0.0,0.0,0.0
0.0,0.0,0.0,0.0554005615413176,8.912701249122533,1.1315229902975217,5.943196510150998,0.0,0.0,0.0,2.01095141028036,0.0,0.0,20.463208740111355,0.0309430226683609,0.0,0.0,0.0,0.0,0.0,0.0,17.305693244933682,0.0,0.0,0.0,13.08866421878336,0.0,0.0,43.43515887856484,0.3981910914182364,0.0,3.472569882869681,0.428419334813938,0.0,0.0,0.0,0.0
0.0,0.0,0.0,0.4040646553039544,101.17766463756546,9.136393112130436,79.72559814900154,0.0,0.0,0.0,24.38438771013159,0.0,0.0,79.0395902935415,0.2454188458621477,0.0,0.0,0.0,0.0,0.0,0.0,176.61066513061485,0.0,0.0,0.0,96.17552412748336,2.330040030926459,0.0,349.74380277991287,0.5101277865469425,0.0,18.36658546328543,1.5708144996315068,0.0,0.0,0.0,0.0
0.0,0.0,0.0,2.8666362166404724,330.7542134523392,53.11464890465136,408.3577329933643,0.0,0.0,0.0,127.78080384805789,0.0,0.0,257.02465090900654,1.7250467084348202,0.1564714917913069,1.5824527859686146,0.0,0.0,0.0,0.0,522.5212665557859,0.0,0.0,0.0,374.4355628490448,9.921785415709012,0.0,1197.132826966047,0.64695947915312,0.0,76.67333114147185,6.073927653953415,0.0,0.0,0.0,0.0
0.0,0.0,0.0,8.733035832643505,767.6569942235947,174.19961112737656,924.5737306714058,0.0,0.0,0.0,430.32215077579,0.0,0.0,601.4184091240166,4.776315312087535,0.3766669929027551,13.299259006977035,0.0,0.0,0.0,0.0,1063.7343528747558,0.0,0.0,0.0,683.6366672515869,26.104989886283875,0.0,1935.107977104187,0.7682479068636887,0.0,228.8256791234016,16.082616992294785,0.0,0.0,0.0,0.0
0.0,0.0,0.0,18.8369979262352,1290.6625368595123,282.7433297336101,1332.2332553863523,0.0,0.0,0.0,1109.5217166930436,0.0,0.0,959.6393150091172,9.994632411003114,0.5116858333349217,48.095141077041575,0.0,0.0,0.0,0.0,1613.1073455810547,0.0,0.0,0.0,835.4540350914,44.52816900610924,0.0,2346.1229807138443,0.7526694960891951,0.0,358.6560525894165,39.6921388953924,0.0,0.0,0.0,0.0
0.0,0.0,0.0,33.62142765522003,1610.6658000946045,318.52522522211075,1521.1,0.0,0.0,0.0,1619.5959233880044,0.0,0.0,1096.1837838590145,15.89790692925453,0.9673174917697904,264.62942240238186,0.0,0.0,0.0,0.0,1959.8197631835935,0.0,0.0,0.0,864.9650973796845,56.7960895895958,0.0,2508.5340711474423,40.58699387460944,0.0,405.5766425132752,0.0,0.0,0.0,0.0,0.0
0.0,0.0,0.0,46.3441686630249,1775.6238932609558,342.5363271832466,1521.1,0.0,0.0,0.0,1970.7099160313603,0.0,0.0,1162.7555958926678,20.4012331366539,1.1606100946664808,497.8885461628435,0.0,0.0,0.0,0.0,2117.388439941406,0.0,0.0,0.0,848.4947896003723,64.43094910383225,0.0,2579.317770087719,143.87260708808898,0.0,420.8380448818207,0.0,0.0,0.0,0.0,0.0
0.0,0.0,0.0,53.35379242897034,1830.374830245972,350.7975220680237,1521.1,0.0,0.0,0.0,2154.815621238947,0.0,0.0,1175.7577066123486,22.62984209060669,1.1678990125656126,709.9131649255753,0.0,0.0,0.0,0.0,2198.1139495849607,0.0,0.0,0.0,810.378216123581,67.5665599346161,0.0,2588.579957902432,231.26822373867037,0.0,423.3208278417587,0.0,0.0,0.0,0.0,0.0
0.0,0.0,0.0,57.97185897827149,1798.3126151561737,341.79500886797905,1521.1,0.0,0.0,0.0,0.0,0.0,0.0,1170.5465012788773,22.995419669151307,1.197828382253646,838.3562262177467,0.0,0.0,0.0,0.0,2227.224456787109,0.0,0.0,0.0,775.9020134449005,0.0,0.0,2550.75019453764,247.3164880514145,0.0,0.0,0.0,0.0,0.0,0.0,0.0
0.0,0.0,0.0,0.0,1616.29847240448,311.1791080236435,0.0,0.0,0.0,0.0,0.0,0.0,0.0,0.0,18.191411447525024,0.7103375159204,776.841767847538,0.0,0.0,0.0,0.0,1768.7731475830076,0.0,0.0,0.0,0.0,0.0,0.0,0.0,0.0,0.0,0.0,0.0,0.0,0.0,0.0,0.0
0.0,0.0,0.0,0.0,0.0,0.0,0.0,0.0,0.0,0.0,0.0,0.0,0.0,0.0,0.0,0.0,0.0,0.0,0.0,0.0,0.0,0.0,0.0,0.0,0.0,0.0,0.0,0.0,0.0,0.0,0.0,0.0,0.0,0.0,0.0,0.0,0.0
0.0,0.0,0.0,0.0,0.0,0.0,0.0,0.0,0.0,0.0,0.0,0.0,0.0,0.0,0.0,0.0,0.0,0.0,0.0,0.0,0.0,0.0,0.0,0.0,0.0,0.0,0.0,0.0,0.0,0.0,0.0,0.0,0.0,0.0,0.0,0.0,0.0
0.0,0.0,0.0,0.0,0.0,0.0,0.0,0.0,0.0,0.0,0.0,0.0,0.0,0.0,0.0,0.0,0.0,0.0,0.0,0.0,0.0,0.0,0.0,0.0,0.0,0.0,0.0,0.0,0.0,0.0,0.0,0.0,0.0,0.0,0.0,0.0,0.0
0.0,0.0,0.0,0.0,0.0,0.0,0.0,0.0,0.0,0.0,0.0,0.0,0.0,0.0,0.0,0.0,0.0,0.0,0.0,0.0,0.0,0.0,0.0,0.0,0.0,0.0,0.0,0.0,0.0,0.0,0.0,0.0,0.0,0.0,0.0,0.0,0.0
0.0,0.0,0.0,0.0,0.0,0.0,0.0,0.0,0.0,0.0,0.0,0.0,0.0,0.0,0.0,0.0,0.0,0.0,0.0,0.0,0.0,0.0,0.0,0.0,0.0,0.0,0.0,0.0,0.0,0.0,0.0,0.0,0.0,0.0,0.0,0.0,0.0
0.0,0.0,0.0,0.0,0.0,0.0,0.0,0.0,0.0,0.0,0.0,0.0,0.0,0.0,0.0,0.0,0.0,0.0,0.0,0.0,0.0,0.0,0.0,0.0,0.0,0.0,0.0,0.0,0.0,0.0,0.0,0.0,0.0,0.0,0.0,0.0,0.0
0.0,0.0,0.0,0.0,0.0,0.0,0.0,0.0,0.0,0.0,0.0,0.0,0.0,0.0,0.0,0.0,0.0,0.0,0.0,0.0,0.0,0.0,0.0,0.0,0.0,0.0,0.0,0.0,0.0,0.0,0.0,0.0,0.0,0.0,0.0,0.0,0.0
0.0,0.0,0.0,0.0,0.0,0.0,0.0,0.0,0.0,0.0,0.0,0.0,0.0,0.0,0.0,0.0,0.0,0.0,0.0,0.0,0.0,0.0,0.0,0.0,0.0,0.0,0.0,0.0,0.0,0.0,0.0,0.0,0.0,0.0,0.0,0.0,0.0
0.0,0.0,0.0,0.0,0.0,0.0,0.0,0.0,0.0,0.0,0.0,0.0,0.0,0.0,0.0,0.0,0.0,0.0,0.0,0.0,0.0,0.0,0.0,0.0,0.0,0.0,0.0,0.0,0.0,0.0,0.0,0.0,0.0,0.0,0.0,0.0,0.0
0.0,0.0,0.0,0.0,0.0,0.0,0.0,0.0,0.0,0.0,0.0,0.0,0.0,0.0,0.0,0.0,0.0,0.0,0.0,0.0,0.0,0.0,0.0,0.0,0.0,0.0,0.0,0.0,0.0,0.0,0.0,0.0,0.0,0.0,0.0,0.0,0.0
0.0,0.0,0.0,0.0,0.0,0.0,0.0,0.0,0.0,0.0,0.0,0.0,0.0,0.0,0.0,0.0,0.0,0.0,0.0,0.0,0.0,0.0,0.0,0.0,0.0,0.0,0.0,0.0,0.0,0.0,0.0,0.0,0.0,0.0,0.0,0.0,0.0
0.0,0.0,0.0,0.0,0.0,0.0,0.0,0.0,0.0,0.0,1.62805920960371,0.0,0.0,0.0,0.0,0.0,0.0,0.0,0.0,0.0,0.0,0.0,0.0,0.0,0.0,10.754621189832616,0.0,0.0,0.0,0.298113201558555,0.0,0.0,0.0,0.0,0.0,0.0,0.0
0.0,0.0,0.0,0.0,0.0,0.1178486207499761,0.0,0.0,0.0,0.0,0.0,0.0,0.0,0.1880926964804387,0.0,0.0,0.0,0.0,0.0,0.0,0.0,0.0,0.0,0.0,0.0,0.0,0.0,0.0,0.0,0.3082732893526485,0.0,0.0,0.12827371619639,0.0,0.0,0.0,0.0
0.0,0.0,0.0,0.0,0.0,0.0,0.0,0.0,0.0,0.0,1.5848477815275874,0.0,0.0,0.3751241369172082,0.0,0.0,0.0,0.0,0.0,0.0,0.0,17.57013607025134,0.0,0.0,0.0,7.345388917624882,0.0,0.0,0.0,0.4004785023629376,0.0,0.0,0.0,0.0,0.0,0.0,0.0
0.0,0.0,0.0,0.0,0.0,0.6829695212654386,0.0,0.0,0.0,0.0,2.03068177546369,0.0,0.0,15.307791901286626,0.0,0.0,0.0,0.0,0.0,0.0,0.0,128.8013952255248,0.0,0.0,0.0,29.349712318181933,0.0,0.0,47.50261282697302,0.4978794477879717,0.0,0.0,0.8889102367684157,0.0,0.0,0.0,0.0
0.0,0.0,0.0,1.9470008686184863,0.0,9.279166914522609,0.0,0.0,0.0,0.0,38.69324861541389,0.0,0.0,48.9508987776934,0.0,0.0,2.0279983401298,0.0,0.0,0.0,0.0,557.3879291534424,0.0,0.0,0.0,144.9012232065201,0.0,0.0,367.6232779264449,0.6552275471389262,0.0,0.0,3.863279509358096,0.0,0.0,0.0,0.0
0.0,0.0,0.0,8.254944086074827,0.0,60.92792239040136,0.0,0.0,0.0,0.0,230.6988979570565,0.0,0.0,156.4566139876842,0.0,0.1278670486062762,13.89238003492348,0.0,0.0,0.0,0.0,1518.635833740234,0.0,0.0,0.0,472.3892676830292,17.018886569142335,0.0,1426.3118914842605,0.9134941086172867,0.0,0.0,16.487007278949,0.0,0.0,0.0,0.0
0.0,0.0,0.0,21.382004737854,947.791204214096,206.0425527989864,1123.7676294147968,0.0,0.0,0.0,794.1090771257876,0.0,0.0,408.3413258939981,0.0,0.3246938381344073,80.6254822254181,0.0,0.0,0.0,0.0,2323.4853118896485,0.0,0.0,0.0,726.2639605998993,0.0,0.0,2297.2908742427826,1.0915372729301267,0.0,0.0,16.082616992294785,0.0,0.0,0.0,0.0
0.0,0.0,0.0,41.69755446910858,1455.717745065689,316.2205782234669,1469.991444146633,0.0,0.0,0.0,1618.9406150460245,0.0,0.0,735.5379562824965,0.0,0.4713697992265223,214.44548777341825,0.0,0.0,0.0,0.0,2903.798013305664,0.0,0.0,0.0,865.4449279785156,57.918324899673465,0.0,2635.4,0.9898338861763212,0.0,0.0,39.6921388953924,0.0,0.0,0.0,0.0
0.0,0.0,0.0,60.12184953689575,1759.3432505130768,354.8724175095558,1521.1,0.0,0.0,0.0,2148.3900191605094,0.0,0.0,905.2230671048164,0.0,0.911370053887367,580.330132126808,0.0,0.0,0.0,0.0,3168.965213012695,0.0,0.0,0.0,896.5051437854767,69.15665717124939,0.0,2635.4,70.72598491609097,0.0,0.0,0.0,0.0,0.0,0.0,0.0
0.0,0.0,0.0,62.0,1922.3451693058012,0.0,1521.1,0.0,0.0,0.0,2275.3,0.0,0.0,1013.7801484763622,0.0,1.3610436171293248,873.1871635913848,0.0,0.0,0.0,0.0,3317.7992980957038,0.0,0.0,0.0,897.0005865097047,74.0769482254982,0.0,0.0,215.82479656934737,0.0,0.0,0.0,0.0,0.0,0.0,0.0
0.0,0.0,0.0,0.0,1971.6686367988584,0.0,1521.1,0.0,0.0,0.0,2275.3,0.0,0.0,1072.1941393613815,0.0,1.621821425855159,1058.489865994453,0.0,0.0,0.0,0.0,3344.551446533203,0.0,0.0,0.0,870.368400144577,74.57059924602508,0.0,0.0,267.4942291080952,0.0,0.0,0.0,0.0,0.0,0.0,0.0
0.0,0.0,0.0,0.0,0.0,0.0,0.0,0.0,0.0,0.0,2275.3,0.0,0.0,0.0,0.0,1.86928616464138,1136.2424067497254,0.0,0.0,0.0,0.0,3237.8742126464845,0.0,0.0,0.0,832.3493755340575,0.0,0.0,0.0,269.08682945966723,0.0,0.0,0.0,0.0,0.0,0.0,0.0
0.0,0.0,0.0,0.0,0.0,0.0,0.0,0.0,0.0,0.0,0.0,0.0,0.0,0.0,0.0,0.0,1078.1913143157958,0.0,0.0,0.0,0.0,0.0,0.0,0.0,0.0,0.0,0.0,0.0,0.0,260.95578354001043,0.0,0.0,0.0,0.0,0.0,0.0,0.0
0.0,0.0,0.0,0.0,0.0,0.0,0.0,0.0,0.0,0.0,0.0,0.0,0.0,0.0,0.0,0.0,0.0,0.0,0.0,0.0,0.0,0.0,0.0,0.0,0.0,0.0,0.0,0.0,0.0,0.0,0.0,0.0,0.0,0.0,0.0,0.0,0.0
0.0,0.0,0.0,0.0,0.0,0.0,0.0,0.0,0.0,0.0,0.0,0.0,0.0,0.0,0.0,0.0,0.0,0.0,0.0,0.0,0.0,0.0,0.0,0.0,0.0,0.0,0.0,0.0,0.0,0.0,0.0,0.0,0.0,0.0,0.0,0.0,0.0
0.0,0.0,0.0,0.0,0.0,0.0,0.0,0.0,0.0,0.0,0.0,0.0,0.0,0.0,0.0,0.0,0.0,0.0,0.0,0.0,0.0,0.0,0.0,0.0,0.0,0.0,0.0,0.0,0.0,0.0,0.0,0.0,0.0,0.0,0.0,0.0,0.0
0.0,0.0,0.0,0.0,0.0,0.0,0.0,0.0,0.0,0.0,0.0,0.0,0.0,0.0,0.0,0.0,0.0,0.0,0.0,0.0,0.0,0.0,0.0,0.0,0.0,0.0,0.0,0.0,0.0,0.0,0.0,0.0,0.0,0.0,0.0,0.0,0.0
0.0,0.0,0.0,0.0,0.0,0.0,0.0,0.0,0.0,0.0,0.0,0.0,0.0,0.0,0.0,0.0,0.0,0.0,0.0,0.0,0.0,0.0,0.0,0.0,0.0,0.0,0.0,0.0,0.0,0.0,0.0,0.0,0.0,0.0,0.0,0.0,0.0
0.0,0.0,0.0,0.0,0.0,0.0,0.0,0.0,0.0,0.0,0.0,0.0,0.0,0.0,0.0,0.0,0.0,0.0,0.0,0.0,0.0,0.0,0.0,0.0,0.0,0.0,0.0,0.0,0.0,0.0,0.0,0.0,0.0,0.0,0.0,0.0,0.0
0.0,0.0,0.0,0.0,0.0,0.0,0.0,0.0,0.0,0.0,0.0,0.0,0.0,0.0,0.0,0.0,0.0,0.0,0.0,0.0,0.0,0.0,0.0,0.0,0.0,0.0,0.0,0.0,0.0,0.0,0.0,0.0,0.0,0.0,0.0,0.0,0.0
0.0,0.0,0.0,0.0,0.0,0.0,0.0,0.0,0.0,0.0,0.0,0.0,0.0,0.0,0.0,0.0,0.0,0.0,0.0,0.0,0.0,0.0,0.0,0.0,0.0,0.0,0.0,0.0,0.0,0.0,0.0,0.0,0.0,0.0,0.0,0.0,0.0
0.0,0.0,0.0,0.0,0.0,0.0,0.0,0.0,0.0,0.0,0.0,0.0,0.0,0.0,0.0,0.0,0.0,0.0,0.0,0.0,0.0,0.0,0.0,0.0,0.0,0.0,0.0,0.0,0.0,0.0,0.0,0.0,0.0,0.0,0.0,0.0,0.0
0.0,0.0,0.0,0.0,0.0,0.0,0.0,0.0,0.0,0.0,0.0,0.0,0.0,0.0,0.0,0.0,0.0,0.0,0.0,0.0,0.0,0.0,0.0,0.0,0.0,0.0,0.0,0.0,0.0,0.0,0.0,0.0,0.0,0.0,0.0,0.0,0.0
0.0,0.0,0.0,0.0,0.0,0.0,0.0,0.0,0.0,0.0,0.0,0.0,0.0,0.0,0.0,0.0,0.0,0.0,0.0,0.0,0.0,0.0,0.0,0.0,0.0,0.0,0.0,0.0,0.0,0.0,0.0,0.0,0.0,0.0,0.0,0.0,0.0
0.0,0.0,0.0,0.0,0.0,0.0,0.0,0.0,0.0,0.0,0.0,0.0,0.0,0.0,0.0,0.0,0.0,0.0,0.0,0.0,0.0,0.0,0.0,0.0,0.0,0.0,0.0,0.0,0.0,0.3034495174884465,0.0,0.0,0.0,0.0,0.0,0.0,0.0
0.0,0.0,0.0,0.0,0.0,0.0544104157015516,0.0,0.0,0.0,0.0,1.7739348625297142,0.0,0.0,0.0,0.0323735117912259,0.0,0.0,0.0,0.0,0.0,0.0,0.0,0.0,0.0,0.0,0.0,0.0,0.0,0.0,0.3142832346260527,0.0,0.0,0.0,0.0,0.0,0.0,0.0
0.0,0.0,0.0,0.0268571898341148,2.2093119770288125,0.0,0.0,0.0,0.0,0.0,1.6487283087334477,0.0,0.0,0.0,0.0,0.0037472005933518,4.938936817645867,0.0,0.0,0.0,0.0,14.82072343826252,0.0,0.0,0.0,2.8511164538562266,0.0,0.0,0.0,0.3933761060237754,0.0,2.0499922633170904,0.0,0.0,0.0,0.0,0.0
0.0,0.0,0.0,0.0954923331737464,5.806825116276605,0.8491964475251617,4.321580357476947,0.0,0.0,0.0,2.1892801340668657,0.0,0.0,12.659492883831122,0.0564771227538562,0.0,0.0,0.0,0.0,0.0,0.0,15.400433444976503,0.0,0.0,0.0,7.695852532982807,0.0,0.0,30.08223951458919,0.444033032655705,0.0,6.258259683847413,0.2726515717804147,0.0,0.0,0.0,0.0
0.0,0.0,0.0,0.4057419449090932,32.3117897063492,5.277537119109158,49.31228563338516,0.0,0.0,0.0,44.9945563860236,0.0,0.0,68.47713366150853,0.3161688242107613,0.0084097897633905,0.0,0.0,0.0,0.0,0.0,106.97395544052084,0.0,0.0,0.0,65.10382129549978,0.0,0.0,236.2627398595213,0.5814534187316526,0.0,43.59103670716284,0.7444344181567311,0.0,0.0,0.0,0.0
0.0,0.0,0.0,2.361830249428745,123.54451954364772,32.07203045487403,177.75318819135424,0.0,0.0,0.0,239.6697023108601,0.0,0.0,235.08317936211824,2.1657380416989325,0.147671523503959,3.0711387634275544,0.0,0.0,0.0,0.0,338.90227241516084,0.0,0.0,0.0,197.24781830310812,3.6599065206944927,0.0,996.5750600695608,0.6785468377172885,0.0,193.6227497458458,1.187728852033607,0.0,0.0,0.0,0.0
0.0,0.0,0.0,7.711044937372207,312.39972317218775,142.38943064212796,428.88474811911584,0.0,0.0,0.0,802.795438736677,0.0,0.0,574.1397699713706,6.71410713493824,0.364111760631203,16.68932749032959,0.0,0.0,0.0,0.0,736.2139862060544,0.0,0.0,0.0,418.8965003252029,12.939777404069892,0.0,1782.8349641680718,0.8463889107108,0.0,353.6551070213318,1.1365536758676122,0.0,0.0,0.0,0.0
0.0,0.0,0.0,17.6551439166069,565.7263225317001,265.97676134109497,728.2421141445636,0.0,0.0,0.0,1625.26287586689,0.0,0.0,925.914930999279,14.991824135184288,0.507923014461993,73.57630193233489,0.0,0.0,0.0,0.0,1194.6399002075193,0.0,0.0,0.0,564.313569688797,31.17369700074196,0.0,2235.022123658657,0.851892169564943,0.0,448.6241297721863,0.9375476520508474,0.0,0.0,0.0,0.0
0.0,0.0,0.0,31.87974786758423,827.3799059391022,308.17215806245804,939.3973968863488,0.0,0.0,0.0,2162.4373780310148,0.0,0.0,1060.6415735185146,22.348020565509795,1.078969158232212,309.0566878437994,0.0,0.0,0.0,0.0,1452.3736389160154,0.0,0.0,0.0,605.5011020660401,46.44901166558265,0.0,2462.942725086212,58.38098327517507,0.0,473.5413773059845,3.0633360743522515,0.0,0.0,0.0,0.0
0.0,0.0,0.0,44.98102509975433,1077.6847140789032,337.00644651055336,1103.622856348753,0.0,0.0,0.0,2275.3,0.0,0.0,1137.4995002150536,26.61764198541641,1.5757007673382757,564.2760288000105,0.0,0.0,0.0,0.0,1670.7297393798829,0.0,0.0,0.0,636.735689163208,55.75083525180817,0.0,2598.423349416256,193.1162710726261,0.0,480.4216424226761,10.479187477380036,0.0,0.0,0.0,0.0
0.0,0.0,0.0,53.80239880084992,1277.9518177509308,350.2316663861275,1246.4879114508628,0.0,0.0,0.0,2275.3,0.0,0.0,1165.852619856596,28.10778381228447,2.040749981999396,781.000785446167,0.0,0.0,0.0,0.0,1858.9695739746091,0.0,0.0,0.0,638.5337214946746,59.230033373832704,0.0,0.0,254.27509088516237,0.0,0.0,0.0,0.0,0.0,0.0,0.0
0.0,0.0,0.0,0.0,0.0,346.8078961968422,0.0,0.0,0.0,0.0,2275.3,0.0,0.0,0.0,27.67239208817482,0.0,922.9098635792732,0.0,0.0,0.0,0.0,0.0,0.0,0.0,0.0,0.0,0.0,0.0,0.0,261.6654959857464,0.0,0.0,0.0,0.0,0.0,0.0,0.0
0.0,0.0,0.0,0.0,0.0,0.0,0.0,0.0,0.0,0.0,0.0,0.0,0.0,0.0,0.0,0.0,0.0,0.0,0.0,0.0,0.0,0.0,0.0,0.0,0.0,0.0,0.0,0.0,0.0,252.3640454411507,0.0,0.0,0.0,0.0,0.0,0.0,0.0
0.0,0.0,0.0,0.0,0.0,0.0,0.0,0.0,0.0,0.0,0.0,0.0,0.0,0.0,0.0,0.0,0.0,0.0,0.0,0.0,0.0,0.0,0.0,0.0,0.0,0.0,0.0,0.0,0.0,0.0,0.0,0.0,0.0,0.0,0.0,0.0,0.0
0.0,0.0,0.0,0.0,0.0,0.0,0.0,0.0,0.0,0.0,0.0,0.0,0.0,0.0,0.0,0.0,0.0,0.0,0.0,0.0,0.0,0.0,0.0,0.0,0.0,0.0,0.0,0.0,0.0,0.0,0.0,0.0,0.0,0.0,0.0,0.0,0.0
0.0,0.0,0.0,0.0,0.0,0.0,0.0,0.0,0.0,0.0,0.0,0.0,0.0,0.0,0.0,0.0,0.0,0.0,0.0,0.0,0.0,0.0,0.0,0.0,0.0,0.0,0.0,0.0,0.0,0.0,0.0,0.0,0.0,0.0,0.0,0.0,0.0
0.0,0.0,0.0,0.0,0.0,0.0,0.0,0.0,0.0,0.0,0.0,0.0,0.0,0.0,0.0,0.0,0.0,0.0,0.0,0.0,0.0,0.0,0.0,0.0,0.0,0.0,0.0,0.0,0.0,0.0,0.0,0.0,0.0,0.0,0.0,0.0,0.0
0.0,0.0,0.0,0.0,0.0,0.0,0.0,0.0,0.0,0.0,0.0,0.0,0.0,0.0,0.0,0.0,0.0,0.0,0.0,0.0,0.0,0.0,0.0,0.0,0.0,0.0,0.0,0.0,0.0,0.0,0.0,0.0,0.0,0.0,0.0,0.0,0.0
0.0,0.0,0.0,0.0,0.0,0.0,0.0,0.0,0.0,0.0,0.0,0.0,0.0,0.0,0.0,0.0,0.0,0.0,0.0,0.0,0.0,0.0,0.0,0.0,0.0,0.0,0.0,0.0,0.0,0.0,0.0,0.0,0.0,0.0,0.0,0.0,0.0
0.0,0.0,0.0,0.0,0.0,0.0,0.0,0.0,0.0,0.0,0.0,0.0,0.0,0.0,0.0,0.0,0.0,0.0,0.0,0.0,0.0,0.0,0.0,0.0,0.0,0.0,0.0,0.0,0.0,0.0,0.0,0.0,0.0,0.0,0.0,0.0,0.0
0.0,0.0,0.0,0.0,0.0,0.0,0.0,0.0,0.0,0.0,0.0,0.0,0.0,0.0,0.0,0.0,0.0,0.0,0.0,0.0,0.0,0.0,0.0,0.0,0.0,0.0,0.0,0.0,0.0,0.0,0.0,0.0,0.0,0.0,0.0,0.0,0.0
0.0,0.0,0.0,0.0,0.0,0.0,0.0,0.0,0.0,0.0,0.0,0.0,0.0,0.0,0.0,0.0,0.0,0.0,0.0,0.0,0.0,0.0,0.0,0.0,0.0,0.0,0.0,0.0,0.0,0.0,0.0,0.0,0.0,0.0,0.0,0.0,0.0
0.0,0.0,0.0,0.0,0.0,0.0,0.0,0.0,0.0,0.0,0.0,0.0,0.0,0.0,0.0,0.0,0.0,0.0,0.0,0.0,0.0,0.0,0.0,0.0,0.0,0.0,0.0,0.0,0.0,0.0,0.0,0.0,0.0,0.0,0.0,0.0,0.0
0.0,0.0,0.0,0.0,0.0,0.0,0.0,0.0,0.0,0.0,0.0,0.0,0.0,0.0,0.0,0.0,0.0,0.0,0.0,0.0,0.0,0.0,0.0,0.0,0.0,0.0,0.0,0.0,0.0,0.0,0.0,0.0,0.0,0.0,0.0,0.0,0.0
0.0,0.0,0.0,0.0,0.0,0.0,0.0,0.0,0.0,0.0,1.5509707169607048,0.0,0.0,0.0,0.0,0.0,0.0,0.0,0.0,0.0,0.0,0.0,0.0,0.0,0.0,0.0,0.0,0.0,0.0,0.0,0.0,0.0,0.0,0.0,0.0,0.0,0.0
0.0,0.0,0.0,0.0,0.0,0.0915827853604866,0.0,0.0,0.0,0.0,0.0,0.0,0.0,0.3302896255626142,0.0,0.0,2.1791896581648342,0.0,0.0,0.0,0.0,0.0,0.0,0.0,0.0,0.0,0.0,0.0,0.0,0.3209814533590995,0.0,0.0,0.0403776858001794,0.0,0.0,0.0,0.0
0.0,0.0,0.0,0.021017337217923,0.0,0.0,0.0,0.0,0.0,0.0,1.5612035526893386,0.0,0.0,0.0,0.0206463776528821,0.003415693528949,3.258488523959965,0.0,0.0,0.0,0.0,31.391691541671637,0.0,0.0,0.0,0.0,0.0,0.0,0.0,0.3969902738928648,0.0,0.0,0.0,0.0,0.0,0.0,0.0
0.0,0.0,0.0,0.056917155161494,11.07819321751593,0.5067238695919359,4.885287664458047,0.0,0.0,0.0,3.554377291537659,0.0,0.0,3.870053677819531,0.1913853228092172,0.0,0.0,0.0,0.0,0.0,0.0,53.629872417449846,0.0,0.0,0.0,8.172892969101596,0.0,0.0,26.919077652692785,0.466084142774317,0.0,0.0,0.5859613474458307,0.0,0.0,0.0,0.0
0.0,0.0,0.0,1.484130259603257,97.24242448806756,13.178677899762976,82.96999209485948,0.0,0.0,0.0,59.42467289827746,0.0,0.0,17.580666614230577,1.598163107782602,0.0222860015928745,0.0,0.0,0.0,0.0,0.0,252.5911931991576,0.0,0.0,0.0,0.0,0.0,0.0,201.85320318192237,0.6081760019063845,0.0,0.0,1.165114946663352,0.0,0.0,0.0,0.0
0.0,0.0,0.0,6.849112093448634,314.3669964075087,83.9008660018444,413.757310077548,0.0,0.0,0.0,296.4130035355685,0.0,0.0,65.00001501291979,5.458367818593978,0.1999542228877543,2.86111336946476,0.0,0.0,0.0,0.0,618.681864929199,0.0,0.0,0.0,0.0,0.0,0.0,964.0685728013516,0.774465798586579,0.0,200.09783536195752,2.570446970872577,0.0,0.0,0.0,0.0
0.0,0.0,0.0,18.30901432037353,701.7462779283524,228.19576814770696,868.5570453345775,0.0,0.0,0.0,938.1369541227816,0.0,0.0,206.62483319640148,13.542162796854972,0.4751978032290931,16.08750392198561,0.0,0.0,0.0,0.0,1134.384146118164,0.0,0.0,0.0,691.8635574817657,45.02487831115722,0.0,1679.3709666371346,0.8951860345899755,0.0,366.559995174408,3.8395724566653096,0.0,0.0,0.0,0.0
0.0,0.0,0.0,34.404091358184814,1144.876466035843,330.2153000831604,1255.5922717809676,0.0,0.0,0.0,1758.5556033551693,0.0,0.0,508.341348990798,21.675440669059757,0.6368264630436891,59.786942815780456,0.0,0.0,0.0,0.0,1745.6216857910156,0.0,0.0,0.0,826.0681329727173,63.28039027452469,0.0,2128.7582951188087,0.9308503150939867,0.0,449.3123105764389,6.600410435348742,0.0,0.0,0.0,0.0
0.0,0.0,0.0,48.79072952270508,1417.0353112220764,366.342611849308,1461.054722708464,0.0,0.0,0.0,2275.3,0.0,0.0,709.7624426335096,26.656524091959,1.156106315553188,272.50822445154176,0.0,0.0,0.0,0.0,2102.3724060058594,0.0,0.0,0.0,839.5520026683807,73.45786949396134,0.0,2321.0534660220146,70.29852902293204,0.0,464.0734820365906,14.718194492161256,0.0,0.0,0.0,0.0
0.0,0.0,0.0,60.63548171520234,1584.453820228577,391.213408857584,1521.1,0.0,0.0,0.0,2275.3,0.0,0.0,850.1350811123848,29.218257611989976,1.529516570270061,519.0920713424682,0.0,0.0,0.0,0.0,2299.890859985352,0.0,0.0,0.0,818.4636281967163,77.36312030553817,0.0,2399.408521258831,215.3344178378582,0.0,473.34768629074097,38.00418844819068,0.0,0.0,0.0,0.0
0.0,0.0,0.0,62.0,1677.2506461143494,398.6801383197308,1521.1,0.0,0.0,0.0,2275.3,0.0,0.0,935.5433286726476,29.733970123529435,1.898372679948806,728.8911992549896,0.0,0.0,0.0,0.0,2409.359664916992,0.0,0.0,0.0,773.7343505859375,76.68240177631378,0.0,2431.839059340954,263.668061298132,0.0,465.20903956890106,0.0,0.0,0.0,0.0,0.0
0.0,0.0,0.0,62.0,0.0,388.2772507369518,0.0,0.0,0.0,0.0,2275.3,0.0,0.0,0.0,28.464752304553983,0.0,859.8919494271279,0.0,0.0,0.0,0.0,0.0,0.0,0.0,0.0,0.0,73.60204492807388,0.0,2414.614852094651,264.5509726345539,0.0,0.0,0.0,0.0,0.0,0.0,0.0
0.0,0.0,0.0,62.0,0.0,0.0,0.0,0.0,0.0,0.0,0.0,0.0,0.0,0.0,0.0,0.0,803.4060272693633,0.0,0.0,0.0,0.0,0.0,0.0,0.0,0.0,0.0,0.0,0.0,0.0,255.6458973109722,0.0,0.0,0.0,0.0,0.0,0.0,0.0
0.0,0.0,0.0,0.0,0.0,0.0,0.0,0.0,0.0,0.0,0.0,0.0,0.0,0.0,0.0,0.0,0.0,0.0,0.0,0.0,0.0,0.0,0.0,0.0,0.0,0.0,0.0,0.0,0.0,0.0,0.0,0.0,0.0,0.0,0.0,0.0,0.0
0.0,0.0,0.0,0.0,0.0,0.0,0.0,0.0,0.0,0.0,0.0,0.0,0.0,0.0,0.0,0.0,0.0,0.0,0.0,0.0,0.0,0.0,0.0,0.0,0.0,0.0,0.0,0.0,0.0,0.0,0.0,0.0,0.0,0.0,0.0,0.0,0.0
0.0,0.0,0.0,0.0,0.0,0.0,0.0,0.0,0.0,0.0,0.0,0.0,0.0,0.0,0.0,0.0,0.0,0.0,0.0,0.0,0.0,0.0,0.0,0.0,0.0,0.0,0.0,0.0,0.0,0.0,0.0,0.0,0.0,0.0,0.0,0.0,0.0
0.0,0.0,0.0,0.0,0.0,0.0,0.0,0.0,0.0,0.0,0.0,0.0,0.0,0.0,0.0,0.0,0.0,0.0,0.0,0.0,0.0,0.0,0.0,0.0,0.0,0.0,0.0,0.0,0.0,0.0,0.0,0.0,0.0,0.0,0.0,0.0,0.0
0.0,0.0,0.0,0.0,0.0,0.0,0.0,0.0,0.0,0.0,0.0,0.0,0.0,0.0,0.0,0.0,0.0,0.0,0.0,0.0,0.0,0.0,0.0,0.0,0.0,0.0,0.0,0.0,0.0,0.0,0.0,0.0,0.0,0.0,0.0,0.0,0.0
0.0,0.0,0.0,0.0,0.0,0.0,0.0,0.0,0.0,0.0,0.0,0.0,0.0,0.0,0.0,0.0,0.0,0.0,0.0,0.0,0.0,0.0,0.0,0.0,0.0,0.0,0.0,0.0,0.0,0.0,0.0,0.0,0.0,0.0,0.0,0.0,0.0
0.0,0.0,0.0,0.0,0.0,0.0,0.0,0.0,0.0,0.0,0.0,0.0,0.0,0.0,0.0,0.0,0.0,0.0,0.0,0.0,0.0,0.0,0.0,0.0,0.0,0.0,0.0,0.0,0.0,0.0,0.0,0.0,0.0,0.0,0.0,0.0,0.0
0.0,0.0,0.0,0.0,0.0,0.0,0.0,0.0,0.0,0.0,0.0,0.0,0.0,0.0,0.0,0.0,0.0,0.0,0.0,0.0,0.0,0.0,0.0,0.0,0.0,0.0,0.0,0.0,0.0,0.0,0.0,0.0,0.0,0.0,0.0,0.0,0.0
0.0,0.0,0.0,0.0,0.0,0.0,0.0,0.0,0.0,0.0,0.0,0.0,0.0,0.0,0.0,0.0,0.0,0.0,0.0,0.0,0.0,0.0,0.0,0.0,0.0,0.0,0.0,0.0,0.0,0.0,0.0,0.0,0.0,0.0,0.0,0.0,0.0
0.0,0.0,0.0,0.0,0.0,0.0,0.0,0.0,0.0,0.0,0.0,0.0,0.0,0.0,0.0,0.0,0.0,0.0,0.0,0.0,0.0,0.0,0.0,0.0,0.0,0.0,0.0,0.0,0.0,0.0,0.0,0.0,0.0,0.0,0.0,0.0,0.0
0.0,0.0,0.0,0.0,0.0,0.0,0.0,0.0,0.0,0.0,0.0,0.0,0.0,0.0,0.0,0.0,0.0,0.0,0.0,0.0,0.0,0.0,0.0,0.0,0.0,0.0,0.0,0.0,0.0,0.0,0.0,0.0,0.0,0.0,0.0,0.0,0.0
0.0,0.0,0.0,0.0,0.0,0.1106105875223791,0.0,0.0,0.0,0.0,1.6558228488078863,0.0,0.0,0.0,0.0,0.0,0.0,0.0,0.0,0.0,0.0,21.755234909057485,0.0,0.0,0.0,0.0,0.0,0.0,0.0,0.2366635613143326,0.0,0.0,0.4695384288206604,0.0,0.0,0.0,0.0
0.0,0.0,0.0,0.0,0.0,0.0821977932937143,0.0,0.0,0.0,0.0,1.6756485707125166,0.0,0.0,0.9865726390852247,0.0407017305493344,0.0066035781055686,0.0,0.0,0.0,0.0,0.0,25.04785194396929,0.0,0.0,0.0,0.0,0.0,0.0,0.0,0.2502825893461603,0.0,0.0,0.2407183535396773,0.0,0.0,0.0,0.0
0.0,0.0,0.0,0.0294252075254856,2.927253827452596,0.0,0.0,0.0,0.0,0.0,1.5611081959678117,0.0,0.0,0.4470448615029215,0.0041065759956803,0.0,0.4111031055449202,0.0,0.0,0.0,0.0,24.28934001922597,0.0,0.0,0.0,0.0,0.0,0.0,0.0,0.3487496264278869,0.0,1.380322083830823,0.0,0.0,0.0,0.0,0.0
0.0,0.0,0.0,0.0897157080471511,7.094773918390152,0.9422425581142028,7.630703179165607,0.0,0.0,0.0,4.692119656177115,0.0,0.0,8.321385458111664,0.1161225043237186,0.0,0.0,0.0,0.0,0.0,0.0,72.69923362731907,0.0,0.0,0.0,5.611073572933603,0.0,0.0,27.512278495728783,0.4519174247979934,0.0,3.4189576953649308,1.049011021852493,0.0,0.0,0.0,0.0
0.0,0.0,0.0,1.0206949338316866,74.16076505184164,13.646260834299024,82.96009265109883,0.0,0.0,0.0,80.6224381677806,0.0,0.0,42.58491599000979,1.148648114874959,0.0348802795633668,0.0,0.0,0.0,0.0,0.0,369.9580589294434,0.0,0.0,0.0,79.05894837975498,1.1116741683334042,0.0,233.3780256211756,0.5919034600257803,0.0,21.25380785763261,5.300173092633476,0.0,0.0,0.0,0.0
0.0,0.0,0.0,5.570329129695887,276.0443927049636,83.74529694020745,409.4229063421488,0.0,0.0,0.0,386.14522106200445,0.0,0.0,143.2620887272059,4.303329183161255,0.3035864718258372,9.446239888668025,0.0,0.0,0.0,0.0,1084.2693618774415,0.0,0.0,0.0,271.7018289804458,8.538320660591118,0.0,1104.784742885828,0.6921043604612053,0.0,119.0798941850662,22.305697858333577,0.0,0.0,0.0,0.0
0.0,0.0,0.0,15.434419870376583,676.3708747625351,223.3867134153843,905.9280065178872,0.0,0.0,0.0,1126.45490052402,0.0,0.0,377.82326668500895,10.955084252357482,0.7025888636708253,80.55408462285988,0.0,0.0,0.0,0.0,1979.5560455322263,0.0,0.0,0.0,511.3402823448181,21.826588854193684,0.0,1966.558951330185,0.7708516307174896,0.0,313.2608063220978,3.8395724566653096,0.0,0.0,0.0,0.0
0.0,0.0,0.0,31.430184364318848,1230.3091971874237,324.32757464051247,1315.9045563936234,0.0,0.0,0.0,1946.192541718483,0.0,0.0,689.6040633320807,18.75578464865685,1.1828482970595355,231.702747952938,0.0,0.0,0.0,0.0,2652.619903564453,0.0,0.0,0.0,700.3488014698029,44.01035314798354,0.0,2473.431409788131,0.7623199686407933,0.0,425.211593747139,6.600410435348742,0.0,0.0,0.0,0.0
0.0,0.0,0.0,50.22626769542694,1589.9896297454834,360.9076880514622,1521.1,0.0,0.0,0.0,2275.3,0.0,0.0,881.4322672784328,24.95291876792908,2.274704158306121,623.1277549505234,0.0,0.0,0.0,0.0,2933.9756622314453,0.0,0.0,0.0,772.9815769672393,58.39659962654114,0.0,2635.4,54.95866504311559,0.0,458.9206838607788,14.718194492161256,0.0,0.0,0.0,0.0
0.0,0.0,0.0,62.0,1819.445478439331,384.32991367578506,1521.1,0.0,0.0,0.0,2275.3,0.0,0.0,1013.1343585252762,28.3145546078682,3.265148520469665,929.7040349245073,0.0,0.0,0.0,0.0,3086.949301147461,0.0,0.0,0.0,0.0,66.95805203914642,0.0,2635.4,185.1988886654377,0.0,0.0,38.00418844819068,0.0,0.0,0.0,0.0
0.0,0.0,0.0,0.0,0.0,392.1636429429054,0.0,0.0,0.0,0.0,2275.3,0.0,0.0,0.0,29.56158127784729,3.901219010353088,1116.6042050600051,0.0,0.0,0.0,0.0,3112.3401580810546,0.0,0.0,0.0,0.0,0.0,0.0,0.0,250.13654650449752,0.0,0.0,0.0,0.0,0.0,0.0,0.0
0.0,0.0,0.0,0.0,0.0,382.3461985588074,0.0,0.0,0.0,0.0,2275.3,0.0,0.0,0.0,0.0,0.0,1185.9435955286026,0.0,0.0,0.0,0.0,3006.1129760742188,0.0,0.0,0.0,0.0,0.0,0.0,0.0,258.65827401280404,0.0,0.0,0.0,0.0,0.0,0.0,0.0
0.0,0.0,0.0,0.0,0.0,0.0,0.0,0.0,0.0,0.0,0.0,0.0,0.0,0.0,0.0,0.0,1143.2133867502212,0.0,0.0,0.0,0.0,0.0,0.0,0.0,0.0,0.0,0.0,0.0,0.0,0.0,0.0,0.0,0.0,0.0,0.0,0.0,0.0
0.0,0.0,0.0,0.0,0.0,0.0,0.0,0.0,0.0,0.0,0.0,0.0,0.0,0.0,0.0,0.0,0.0,0.0,0.0,0.0,0.0,0.0,0.0,0.0,0.0,0.0,0.0,0.0,0.0,0.0,0.0,0.0,0.0,0.0,0.0,0.0,0.0
0.0,0.0,0.0,0.0,0.0,0.0,0.0,0.0,0.0,0.0,0.0,0.0,0.0,0.0,0.0,0.0,0.0,0.0,0.0,0.0,0.0,0.0,0.0,0.0,0.0,0.0,0.0,0.0,0.0,0.0,0.0,0.0,0.0,0.0,0.0,0.0,0.0
0.0,0.0,0.0,0.0,0.0,0.0,0.0,0.0,0.0,0.0,0.0,0.0,0.0,0.0,0.0,0.0,0.0,0.0,0.0,0.0,0.0,0.0,0.0,0.0,0.0,0.0,0.0,0.0,0.0,0.0,0.0,0.0,0.0,0.0,0.0,0.0,0.0
0.0,0.0,0.0,0.0,0.0,0.0,0.0,0.0,0.0,0.0,0.0,0.0,0.0,0.0,0.0,0.0,0.0,0.0,0.0,0.0,0.0,0.0,0.0,0.0,0.0,0.0,0.0,0.0,0.0,0.0,0.0,0.0,0.0,0.0,0.0,0.0,0.0
0.0,0.0,0.0,0.0,0.0,0.0,0.0,0.0,0.0,0.0,0.0,0.0,0.0,0.0,0.0,0.0,0.0,0.0,0.0,0.0,0.0,0.0,0.0,0.0,0.0,0.0,0.0,0.0,0.0,0.0,0.0,0.0,0.0,0.0,0.0,0.0,0.0
0.0,0.0,0.0,0.0,0.0,0.0,0.0,0.0,0.0,0.0,0.0,0.0,0.0,0.0,0.0,0.0,0.0,0.0,0.0,0.0,0.0,0.0,0.0,0.0,0.0,0.0,0.0,0.0,0.0,0.0,0.0,0.0,0.0,0.0,0.0,0.0,0.0
0.0,0.0,0.0,0.0,0.0,0.0,0.0,0.0,0.0,0.0,0.0,0.0,0.0,0.0,0.0,0.0,0.0,0.0,0.0,0.0,0.0,0.0,0.0,0.0,0.0,0.0,0.0,0.0,0.0,0.0,0.0,0.0,0.0,0.0,0.0,0.0,0.0
0.0,0.0,0.0,0.0,0.0,0.0,0.0,0.0,0.0,0.0,0.0,0.0,0.0,0.0,0.0,0.0,0.0,0.0,0.0,0.0,0.0,0.0,0.0,0.0,0.0,0.0,0.0,0.0,0.0,0.0,0.0,0.0,0.0,0.0,0.0,0.0,0.0
0.0,0.0,0.0,0.0,0.0,0.0,0.0,0.0,0.0,0.0,0.0,0.0,0.0,0.0,0.0,0.0,0.0,0.0,0.0,0.0,0.0,0.0,0.0,0.0,0.0,0.0,0.0,0.0,0.0,0.0,0.0,0.0,0.0,0.0,0.0,0.0,0.0
0.0,0.0,0.0,0.0,0.0,0.0,0.0,0.0,0.0,0.0,0.0,0.0,0.0,0.0,0.0,0.0,0.0,0.0,0.0,0.0,0.0,0.0,0.0,0.0,0.0,0.0,0.0,0.0,0.0,0.0,0.0,0.0,0.0,0.0,0.0,0.0,0.0
0.0,0.0,0.0,0.0,0.0,0.0,0.0,0.0,0.0,0.0,0.0,0.0,0.0,0.0,0.0,0.0,0.0,0.0,0.0,0.0,0.0,0.0,0.0,0.0,0.0,0.0,0.0,0.0,0.0,0.0,0.0,0.0,0.0,0.0,0.0,0.0,0.0
0.0,0.0,0.0,0.0,0.0,0.0,0.0,0.0,0.0,0.0,0.0,0.0,0.0,0.0,0.0,0.0,0.0,0.0,0.0,0.0,0.0,0.0,0.0,0.0,0.0,2.240856473147783,0.0,0.0,0.0,0.0,0.0,0.0,0.0,0.0,0.0,0.0,0.0
0.0,0.0,0.0,0.0,0.0,0.0,0.0,0.0,0.0,0.0,0.0,0.0,0.0,4.209988499060185,0.0,0.0,0.0,0.0,0.0,0.0,0.0,51.81632647514336,0.0,0.0,0.0,0.0,0.0,0.0,0.0,0.0,0.0,0.0,0.0,0.0,0.0,0.0,0.0
0.0,0.0,0.0,0.0,0.0,0.0,0.0,0.0,0.0,0.0,1.6397160390391798,0.0,0.0,2.7666660537942755,0.0407678939402085,0.0,0.0,0.0,0.0,0.0,0.0,54.46993842124902,0.0,0.0,0.0,0.0,0.0,0.0,0.0,0.3425434499978928,0.0,0.0,0.0,0.0,0.0,0.0,0.0
0.0,0.0,0.0,0.2143731210380761,30.339621305465503,0.4475513054057951,23.812995801865952,0.0,0.0,0.0,2.365173023380192,0.0,0.0,9.913120151031686,0.2788883686065649,0.0,0.0,0.0,0.0,0.0,0.0,148.39505023956295,0.0,0.0,0.0,19.530117805302133,0.0,0.0,19.797643706202276,0.3968262597918472,0.0,0.0,1.0306349042802916,0.0,0.0,0.0,0.0
0.0,0.0,0.0,2.033962398767469,174.2809320390223,13.91630775388326,194.54407277703285,0.0,0.0,0.0,80.33896170631037,0.0,0.0,37.13516704272468,2.215388828516004,0.0,0.0,0.0,0.0,0.0,0.0,590.8299140930175,0.0,0.0,0.0,121.1655706167221,0.0,0.0,153.39937981441597,0.550835500657538,0.0,0.0,4.603886820375891,0.0,0.0,0.0,0.0
0.0,0.0,0.0,7.76113912463188,500.7206994891167,89.18193730711937,696.4537819236516,0.0,0.0,0.0,389.6789970636368,0.0,0.0,125.3413151577114,6.893738910555839,0.0,9.826945388316943,0.0,0.0,0.0,0.0,1526.3193084716795,0.0,0.0,0.0,425.9429792881012,0.0,0.0,992.5206144809722,0.6884960502385834,0.0,208.3551976680756,19.237111620604992,0.0,0.0,0.0,0.0
0.0,0.0,0.0,20.220274507999417,1081.66996216774,235.7350459396839,1207.3955916941163,0.0,0.0,0.0,1151.740485537052,0.0,0.0,369.9933025240897,16.10362643301487,0.0,78.06607735156999,0.0,0.0,0.0,0.0,2409.437344360352,0.0,0.0,0.0,717.2189949989319,0.0,0.0,1973.9331696152688,0.9207868784665714,0.0,370.6026043891907,3.8395724566653096,0.0,0.0,0.0,0.0
0.0,0.0,0.0,40.657843708992,1572.4410681724548,340.2055723667145,1521.1,0.0,0.0,0.0,1987.8208956480023,0.0,0.0,762.7812695503234,24.883119267225265,2.545462653040885,210.05260472297653,0.0,0.0,0.0,0.0,3052.5087890625,0.0,0.0,0.0,879.1153894901274,0.0,0.0,2520.54095416069,0.9188860721885824,0.0,458.0980890989304,6.600410435348742,0.0,0.0,0.0,0.0
0.0,0.0,0.0,0.0,1874.4130954742432,377.7340036928654,1521.1,0.0,0.0,0.0,2275.3,0.0,0.0,971.7353349924088,0.0,3.8829818964004503,536.0834750413893,0.0,0.0,0.0,0.0,3342.269680786133,0.0,0.0,0.0,903.2,0.0,0.0,2635.4,46.93554625958203,0.0,471.2942314147949,14.718194492161256,0.0,0.0,0.0,0.0
0.0,0.0,0.0,62.0,2034.1480391025543,402.6267834305763,1521.1,0.0,0.0,0.0,2275.3,0.0,0.0,0.0,32.26015428900719,3.265148520469665,814.1384045720099,0.0,0.0,0.0,0.0,3454.4265747070312,0.0,0.0,0.0,903.2,0.0,0.0,2635.4,159.09006968736645,0.0,471.0174376964569,38.00418844819068,0.0,0.0,0.0,0.0
0.0,0.0,0.0,62.0,2067.244844675064,0.0,1521.1,0.0,0.0,0.0,2275.3,0.0,0.0,0.0,32.17687314748764,3.901219010353088,975.4074482440948,0.0,0.0,0.0,0.0,3398.3995971679688,0.0,0.0,0.0,900.717618227005,0.0,0.0,2635.4,243.18743305802343,0.0,457.387015581131,0.0,0.0,0.0,0.0,0.0
0.0,0.0,0.0,62.0,0.0,0.0,0.0,0.0,0.0,0.0,0.0,0.0,0.0,0.0,30.35929314494133,0.0,1035.7435091018676,0.0,0.0,0.0,0.0,3230.676641845703,0.0,0.0,0.0,0.0,0.0,0.0,0.0,261.09226670265195,0.0,0.0,0.0,0.0,0.0,0.0,0.0
0.0,0.0,0.0,0.0,0.0,0.0,0.0,0.0,0.0,0.0,0.0,0.0,0.0,0.0,0.0,0.0,985.2271619439124,0.0,0.0,0.0,0.0,0.0,0.0,0.0,0.0,0.0,0.0,0.0,0.0,0.0,0.0,0.0,0.0,0.0,0.0,0.0,0.0
0.0,0.0,0.0,0.0,0.0,0.0,0.0,0.0,0.0,0.0,0.0,0.0,0.0,0.0,0.0,0.0,852.1227871298789,0.0,0.0,0.0,0.0,0.0,0.0,0.0,0.0,0.0,0.0,0.0,0.0,0.0,0.0,0.0,0.0,0.0,0.0,0.0,0.0
0.0,0.0,0.0,0.0,0.0,0.0,0.0,0.0,0.0,0.0,0.0,0.0,0.0,0.0,0.0,0.0,0.0,0.0,0.0,0.0,0.0,0.0,0.0,0.0,0.0,0.0,0.0,0.0,0.0,0.0,0.0,0.0,0.0,0.0,0.0,0.0,0.0
0.0,0.0,0.0,0.0,0.0,0.0,0.0,0.0,0.0,0.0,0.0,0.0,0.0,0.0,0.0,0.0,0.0,0.0,0.0,0.0,0.0,0.0,0.0,0.0,0.0,0.0,0.0,0.0,0.0,0.0,0.0,0.0,0.0,0.0,0.0,0.0,0.0
0.0,0.0,0.0,0.0,0.0,0.0,0.0,0.0,0.0,0.0,0.0,0.0,0.0,0.0,0.0,0.0,0.0,0.0,0.0,0.0,0.0,0.0,0.0,0.0,0.0,0.0,0.0,0.0,0.0,0.0,0.0,0.0,0.0,0.0,0.0,0.0,0.0
0.0,0.0,0.0,0.0,0.0,0.0,0.0,0.0,0.0,0.0,0.0,0.0,0.0,0.0,0.0,0.0,0.0,0.0,0.0,0.0,0.0,0.0,0.0,0.0,0.0,0.0,0.0,0.0,0.0,0.0,0.0,0.0,0.0,0.0,0.0,0.0,0.0
0.0,0.0,0.0,0.0,0.0,0.0,0.0,0.0,0.0,0.0,0.0,0.0,0.0,0.0,0.0,0.0,0.0,0.0,0.0,0.0,0.0,0.0,0.0,0.0,0.0,0.0,0.0,0.0,0.0,0.0,0.0,0.0,0.0,0.0,0.0,0.0,0.0
0.0,0.0,0.0,0.0,0.0,0.0,0.0,0.0,0.0,0.0,0.0,0.0,0.0,0.0,0.0,0.0,0.0,0.0,0.0,0.0,0.0,0.0,0.0,0.0,0.0,0.0,0.0,0.0,0.0,0.0,0.0,0.0,0.0,0.0,0.0,0.0,0.0
0.0,0.0,0.0,0.0,0.0,0.0,0.0,0.0,0.0,0.0,0.0,0.0,0.0,0.0,0.0,0.0,0.0,0.0,0.0,0.0,0.0,0.0,0.0,0.0,0.0,0.0,0.0,0.0,0.0,0.0,0.0,0.0,0.0,0.0,0.0,0.0,0.0
0.0,0.0,0.0,0.0,0.0,0.0,0.0,0.0,0.0,0.0,0.0,0.0,0.0,0.0,0.0,0.0,0.0,0.0,0.0,0.0,0.0,0.0,0.0,0.0,0.0,0.0,0.0,0.0,0.0,0.0,0.0,0.0,0.0,0.0,0.0,0.0,0.0
0.0,0.0,0.0,0.0,0.0,0.0,0.0,0.0,0.0,0.0,0.0,0.0,0.0,0.0,0.0,0.0,0.0,0.0,0.0,0.0,0.0,0.0,0.0,0.0,0.0,0.0,0.0,0.0,0.0,0.0,0.0,0.0,0.0,0.0,0.0,0.0,0.0
0.0,0.0,0.0,0.0,0.0,0.0,0.0,0.0,0.0,0.0,0.0,0.0,0.0,0.0,0.0,0.0,0.0,0.0,0.0,0.0,0.0,0.0,0.0,0.0,0.0,0.0,0.0,0.0,0.0,0.0,0.0,0.0,0.0,0.0,0.0,0.0,0.0
0.0,0.0,0.0,0.0,0.0,0.0,4.070507344230964,0.0,0.0,0.0,1.745551404636179,0.0,0.0,0.0,0.0,0.0,0.0,0.0,0.0,0.0,0.0,0.0,0.0,0.0,0.0,0.0,0.0,0.0,0.0,0.0,0.0,0.0,0.0,0.0,0.0,0.0,0.0
0.0,0.0,0.0,0.0,0.0,0.0,0.0,0.0,0.0,0.0,0.0,0.0,0.0,1.807031678035753,0.0,0.0,0.0,0.0,0.0,0.0,0.0,0.0,0.0,0.0,0.0,0.0,0.0,0.0,0.0,0.0,0.0,0.0,0.130508037284003,0.0,0.0,0.0,0.0
0.0,0.0,0.0,0.0,0.0,0.0,0.0,0.0,0.0,0.0,1.670560759864726,0.0,0.0,0.0,0.0,0.0,0.0,0.0,0.0,0.0,0.0,7.314590740203408,0.0,0.0,0.0,0.0,0.0,0.0,0.0,0.4707585446536314,0.0,2.0301226079463617,0.0,0.0,0.0,0.0,0.0
0.0,0.0,0.0,0.0,0.0,0.7758010607212694,0.0,0.0,0.0,0.0,3.140519584854877,0.0,0.0,3.331942805088996,0.0,0.0,0.0,0.0,0.0,0.0,0.0,52.69448528289784,0.0,0.0,0.0,33.21989763975144,0.8321850087493589,0.0,37.18458798825728,0.5309868656098453,0.0,8.898116081953049,1.0776806250214572,0.0,0.0,0.0,0.0
0.0,0.0,0.0,0.0,0.0,15.197401378303756,0.0,0.0,0.0,0.0,58.403999980538885,0.0,0.0,8.369426499120845,0.0,0.0,0.0,0.0,0.0,0.0,0.0,409.74595870971655,0.0,0.0,0.0,169.8932885050773,4.360054302215569,0.0,269.7614360913633,0.6714297972619178,0.0,0.0,6.828959543257931,0.0,0.0,0.0,0.0
0.0,0.0,0.0,0.0,0.0,94.53667470812798,0.0,0.0,0.0,0.0,307.1525267392397,0.0,0.0,26.774377510882843,0.0,0.0,8.821250402927399,0.0,0.0,0.0,0.0,1241.0283798217772,0.0,0.0,0.0,503.7034766197205,14.475890797376628,0.0,1254.159827053547,0.9505964413284944,0.0,0.0,29.25828947126865,0.0,0.0,0.0,0.0
0.0,0.0,0.0,0.0,0.0,238.482594370842,0.0,0.0,0.0,0.0,994.5710452854632,0.0,0.0,81.03467768058171,0.0,0.0,77.78189650773997,0.0,0.0,0.0,0.0,2193.5740478515627,0.0,0.0,0.0,740.4491377353668,36.172970813512805,0.0,2171.349216353893,1.117319703847143,0.0,0.0,3.8395724566653096,0.0,0.0,0.0,0.0
0.0,0.0,0.0,0.0,1552.6966977119446,341.22814187407494,0.0,0.0,0.0,0.0,1851.596368545294,0.0,0.0,262.08729177713394,0.0,2.596793666481971,219.01009278297423,0.0,0.0,0.0,0.0,2880.625909423828,0.0,0.0,0.0,861.4954370975496,56.82627441883087,0.0,2635.4,1.0845608159899416,0.0,0.0,6.600410435348742,0.0,0.0,0.0,0.0
0.0,0.0,0.0,0.0,1840.2026200294492,377.7618946135044,0.0,0.0,0.0,0.0,2275.3,0.0,0.0,489.9974273145198,0.0,3.858597427606583,559.1091712236405,0.0,0.0,0.0,0.0,3149.201498413086,0.0,0.0,0.0,888.4426653861999,69.09045774936676,0.0,2635.4,71.21971422135829,0.0,0.0,14.718194492161256,0.0,0.0,0.0,0.0
0.0,0.0,0.0,0.0,1989.7141246795657,401.0908932387829,0.0,0.0,0.0,0.0,2275.3,0.0,0.0,703.2954840362072,0.0,4.828300327062606,839.4608972787858,0.0,0.0,0.0,0.0,3246.6022857666017,0.0,0.0,0.0,883.0311258792876,75.34602801799774,0.0,2635.4,218.0344413995743,0.0,500.45463263988495,38.00418844819068,0.0,0.0,0.0,0.0
0.0,0.0,0.0,0.0,2017.301228284836,406.9535754024983,0.0,0.0,0.0,0.0,2275.3,0.0,0.0,817.0853486657143,0.0,3.901219010353088,1011.3396246910094,0.0,0.0,0.0,0.0,3208.43723449707,0.0,0.0,0.0,851.2607737064361,76.14548407793045,0.0,0.0,269.0645235419273,0.0,485.22782051563263,0.0,0.0,0.0,0.0,0.0
0.0,0.0,0.0,0.0,0.0,396.01306903362274,0.0,0.0,0.0,0.0,2275.3,0.0,0.0,0.0,0.0,0.0,1076.1858077526092,0.0,0.0,0.0,0.0,3069.8644409179688,0.0,0.0,0.0,0.0,0.0,0.0,0.0,271.95445200204847,0.0,0.0,0.0,0.0,0.0,0.0,0.0
0.0,0.0,0.0,0.0,0.0,371.79840061068535,1521.1,0.0,0.0,0.0,0.0,0.0,0.0,0.0,0.0,4.086528033018112,1037.4234671115876,0.0,0.0,0.0,0.0,0.0,0.0,0.0,0.0,0.0,0.0,0.0,0.0,0.0,0.0,0.0,0.0,0.0,0.0,0.0,0.0
0.0,0.0,0.0,0.0,0.0,0.0,0.0,0.0,0.0,0.0,0.0,0.0,0.0,0.0,0.0,0.0,0.0,0.0,0.0,0.0,0.0,0.0,0.0,0.0,0.0,0.0,0.0,0.0,0.0,0.0,0.0,0.0,0.0,0.0,0.0,0.0,0.0
0.0,0.0,0.0,0.0,0.0,0.0,0.0,0.0,0.0,0.0,0.0,0.0,0.0,0.0,0.0,0.0,0.0,0.0,0.0,0.0,0.0,0.0,0.0,0.0,0.0,0.0,0.0,0.0,0.0,0.0,0.0,0.0,0.0,0.0,0.0,0.0,0.0
0.0,0.0,0.0,0.0,0.0,0.0,0.0,0.0,0.0,0.0,0.0,0.0,0.0,0.0,0.0,0.0,0.0,0.0,0.0,0.0,0.0,0.0,0.0,0.0,0.0,0.0,0.0,0.0,0.0,0.0,0.0,0.0,0.0,0.0,0.0,0.0,0.0
0.0,0.0,0.0,0.0,0.0,0.0,0.0,0.0,0.0,0.0,0.0,0.0,0.0,0.0,0.0,0.0,0.0,0.0,0.0,0.0,0.0,0.0,0.0,0.0,0.0,0.0,0.0,0.0,0.0,0.0,0.0,0.0,0.0,0.0,0.0,0.0,0.0
0.0,0.0,0.0,0.0,0.0,0.0,0.0,0.0,0.0,0.0,0.0,0.0,0.0,0.0,0.0,0.0,0.0,0.0,0.0,0.0,0.0,0.0,0.0,0.0,0.0,0.0,0.0,0.0,0.0,0.0,0.0,0.0,0.0,0.0,0.0,0.0,0.0
0.0,0.0,0.0,0.0,0.0,0.0,0.0,0.0,0.0,0.0,0.0,0.0,0.0,0.0,0.0,0.0,0.0,0.0,0.0,0.0,0.0,0.0,0.0,0.0,0.0,0.0,0.0,0.0,0.0,0.0,0.0,0.0,0.0,0.0,0.0,0.0,0.0
0.0,0.0,0.0,0.0,0.0,0.0,0.0,0.0,0.0,0.0,0.0,0.0,0.0,0.0,0.0,0.0,0.0,0.0,0.0,0.0,0.0,0.0,0.0,0.0,0.0,0.0,0.0,0.0,0.0,0.0,0.0,0.0,0.0,0.0,0.0,0.0,0.0
0.0,0.0,0.0,0.0,0.0,0.0,0.0,0.0,0.0,0.0,0.0,0.0,0.0,0.0,0.0,0.0,0.0,0.0,0.0,0.0,0.0,0.0,0.0,0.0,0.0,0.0,0.0,0.0,0.0,0.0,0.0,0.0,0.0,0.0,0.0,0.0,0.0
0.0,0.0,0.0,0.0,0.0,0.0,0.0,0.0,0.0,0.0,0.0,0.0,0.0,0.0,0.0,0.0,0.0,0.0,0.0,0.0,0.0,0.0,0.0,0.0,0.0,0.0,0.0,0.0,0.0,0.0,0.0,0.0,0.0,0.0,0.0,0.0,0.0
0.0,0.0,0.0,0.0,0.0,0.0,0.0,0.0,0.0,0.0,0.0,0.0,0.0,0.0,0.0,0.0,0.0,0.0,0.0,0.0,0.0,0.0,0.0,0.0,0.0,0.0,0.0,0.0,0.0,0.0,0.0,0.0,0.0,0.0,0.0,0.0,0.0
0.0,0.0,0.0,0.0,0.0,0.0,0.0,0.0,0.0,0.0,0.0,0.0,0.0,0.0,0.0,0.0,0.0,0.0,0.0,0.0,0.0,0.0,0.0,0.0,0.0,0.0,0.0,0.0,0.0,0.0,0.0,0.0,0.0,0.0,0.0,0.0,0.0
0.0,0.0,0.0,0.0,0.0,0.0,0.0,0.0,0.0,0.0,0.0,0.0,0.0,1.446659853681809,0.0,0.0,0.0,0.0,0.0,0.0,0.0,27.68330869674657,0.0,0.0,0.0,0.0,0.0,0.0,0.0,0.0,0.0,0.0,0.4375037001445676,0.0,0.0,0.0,0.0
0.0,0.0,0.0,0.0,0.0,0.081275885924677,0.0,0.0,0.0,0.0,1.6621057972309845,0.0,0.0,0.0,0.0,0.0,0.0,0.0,0.0,0.0,0.0,29.838819885253898,0.0,0.0,0.0,0.0,0.0,0.0,0.0,0.0,0.0,1.554210722446407,0.1063501909375079,0.0,0.0,0.0,0.0
0.0,0.0,0.0,0.0,2.3946503549813114,0.0,0.0,0.0,0.0,0.0,1.5526489952579008,0.0,0.0,0.0,0.0,0.0,0.0,0.0,0.0,0.0,0.0,22.792873382568303,0.0,0.0,0.0,0.0,0.0,0.0,0.0,0.0,0.0,1.7224569171666697,0.0,0.0,0.0,0.0,0.0
0.0,0.0,0.0,0.0482621490955348,20.403791040181936,0.7866194378584551,6.529110983759038,0.0,0.0,0.0,2.1754629451314664,0.0,0.0,13.15806272206827,0.0,0.0,0.0,0.0,0.0,0.0,0.0,54.835911130905046,0.0,0.0,0.0,0.0,0.2105147834867188,0.0,42.15730596855257,0.5473765604197645,0.0,5.142710849642746,1.04300989955662,0.0,0.0,0.0,0.0
0.0,0.0,0.0,2.0110750868916485,126.71657106280308,12.192260301671917,90.49371101632713,0.0,0.0,0.0,35.81884950920917,0.0,0.0,70.65772177651523,0.0,0.0268901130184531,0.0,0.0,0.0,0.0,0.0,387.83512725830064,0.0,0.0,0.0,0.0,0.0,0.0,346.1408110916615,0.7101898439228218,0.0,32.44238388538357,5.32582248747346,0.0,0.0,0.0,0.0
0.0,0.0,0.0,8.062857240438461,350.77712750434875,76.23250620812178,435.45199491083616,0.0,0.0,0.0,188.52261159196493,0.0,0.0,257.3412637040018,0.0,0.3057283312082285,13.827846407890126,0.0,0.0,0.0,0.0,1136.3924041748046,0.0,0.0,0.0,399.1198673963546,0.0,0.0,1317.2559289574622,1.0776077896356275,0.0,152.0639168024063,21.23407729715109,0.0,0.0,0.0,0.0
0.0,0.0,0.0,20.59396779537201,749.2620813846587,225.7747670412064,899.0400336146355,0.0,0.0,0.0,695.0889623612165,0.0,0.0,619.5411798357962,0.0,0.7150349617004387,105.2531812667846,0.0,0.0,0.0,0.0,2049.92900390625,0.0,0.0,0.0,619.1650495529175,32.602577280998226,0.0,2190.7885951042176,1.3204160220920826,0.0,334.4081836938858,3.8395724566653096,0.0,0.0,0.0,0.0
0.0,0.0,0.0,40.43058228492737,1206.5187871456146,331.2223273217678,1267.701257789135,0.0,0.0,0.0,1502.890552687645,0.0,0.0,1001.7780880630016,0.0,1.161770060658454,278.71472917795177,0.0,0.0,0.0,0.0,2695.3818939208986,0.0,0.0,0.0,801.8899573802948,50.920583605766296,0.0,2635.4,1.3698838464915368,0.0,446.2919076681137,6.600410435348742,0.0,0.0,0.0,0.0
0.0,0.0,0.0,58.74194324016571,1497.8253128528595,366.1888391971588,1449.9045151114465,0.0,0.0,0.0,2016.8833866357804,0.0,0.0,1138.3430422842505,0.0,2.30671189725399,665.6615437150001,0.0,0.0,0.0,0.0,2999.2481231689453,0.0,0.0,0.0,850.5860068798064,62.81311366558075,0.0,0.0,84.06440825164317,0.0,0.0,14.718194492161256,0.0,0.0,0.0,0.0
0.0,0.0,0.0,62.0,1688.726995229721,388.5963995158672,1521.1,0.0,0.0,0.0,2275.3,0.0,0.0,1204.9778582155704,0.0,3.3482003808021545,954.8138669610024,0.0,0.0,0.0,0.0,3156.358871459961,0.0,0.0,0.0,849.6903553962709,70.09370384216308,0.0,0.0,234.44773080945012,0.0,0.0,38.00418844819068,0.0,0.0,0.0,0.0
0.0,0.0,0.0,62.0,1785.5635545253754,394.35781741142273,1521.1,0.0,0.0,0.0,2275.3,0.0,0.0,1218.1084349751472,0.0,0.0,1129.127160692215,0.0,0.0,0.0,0.0,3165.2083526611327,0.0,0.0,0.0,838.4902704715728,72.47941745519638,0.0,0.0,273.0855166733265,0.0,0.0,0.0,0.0,0.0,0.0,0.0
0.0,0.0,0.0,0.0,0.0,0.0,0.0,0.0,0.0,0.0,2275.3,0.0,0.0,1207.138928323984,0.0,0.0,1187.5038016796111,0.0,0.0,0.0,0.0,0.0,0.0,0.0,0.0,0.0,0.0,0.0,0.0,270.98866668343544,0.0,0.0,0.0,0.0,0.0,0.0,0.0
0.0,0.0,0.0,0.0,1601.72238779068,0.0,0.0,0.0,0.0,0.0,0.0,0.0,0.0,0.0,0.0,3.433386594057083,0.0,0.0,0.0,0.0,0.0,0.0,0.0,0.0,0.0,0.0,0.0,0.0,0.0,0.0,0.0,0.0,0.0,0.0,0.0,0.0,0.0
0.0,0.0,0.0,0.0,0.0,0.0,0.0,0.0,0.0,0.0,0.0,0.0,0.0,0.0,0.0,0.0,0.0,0.0,0.0,0.0,0.0,0.0,0.0,0.0,0.0,0.0,0.0,0.0,0.0,0.0,0.0,0.0,0.0,0.0,0.0,0.0,0.0
0.0,0.0,0.0,0.0,0.0,0.0,0.0,0.0,0.0,0.0,0.0,0.0,0.0,0.0,0.0,0.0,0.0,0.0,0.0,0.0,0.0,0.0,0.0,0.0,0.0,0.0,0.0,0.0,0.0,0.0,0.0,0.0,0.0,0.0,0.0,0.0,0.0
0.0,0.0,0.0,0.0,0.0,0.0,0.0,0.0,0.0,0.0,0.0,0.0,0.0,0.0,0.0,0.0,0.0,0.0,0.0,0.0,0.0,0.0,0.0,0.0,0.0,0.0,0.0,0.0,0.0,0.0,0.0,0.0,0.0,0.0,0.0,0.0,0.0
0.0,0.0,0.0,0.0,0.0,0.0,0.0,0.0,0.0,0.0,0.0,0.0,0.0,0.0,0.0,0.0,0.0,0.0,0.0,0.0,0.0,0.0,0.0,0.0,0.0,0.0,0.0,0.0,0.0,0.0,0.0,0.0,0.0,0.0,0.0,0.0,0.0
0.0,0.0,0.0,0.0,0.0,0.0,0.0,0.0,0.0,0.0,0.0,0.0,0.0,0.0,0.0,0.0,0.0,0.0,0.0,0.0,0.0,0.0,0.0,0.0,0.0,0.0,0.0,0.0,0.0,0.0,0.0,0.0,0.0,0.0,0.0,0.0,0.0
0.0,0.0,0.0,0.0,0.0,0.0,0.0,0.0,0.0,0.0,0.0,0.0,0.0,0.0,0.0,0.0,0.0,0.0,0.0,0.0,0.0,0.0,0.0,0.0,0.0,0.0,0.0,0.0,0.0,0.0,0.0,0.0,0.0,0.0,0.0,0.0,0.0
0.0,0.0,0.0,0.0,0.0,0.0,0.0,0.0,0.0,0.0,0.0,0.0,0.0,0.0,0.0,0.0,0.0,0.0,0.0,0.0,0.0,0.0,0.0,0.0,0.0,0.0,0.0,0.0,0.0,0.0,0.0,0.0,0.0,0.0,0.0,0.0,0.0
0.0,0.0,0.0,0.0,0.0,0.0,0.0,0.0,0.0,0.0,0.0,0.0,0.0,0.0,0.0,0.0,0.0,0.0,0.0,0.0,0.0,0.0,0.0,0.0,0.0,0.0,0.0,0.0,0.0,0.0,0.0,0.0,0.0,0.0,0.0,0.0,0.0
0.0,0.0,0.0,0.0,0.0,0.0,0.0,0.0,0.0,0.0,0.0,0.0,0.0,0.0,0.0,0.0,0.0,0.0,0.0,0.0,0.0,0.0,0.0,0.0,0.0,0.0,0.0,0.0,0.0,0.0,0.0,0.0,0.0,0.0,0.0,0.0,0.0
0.0,0.0,0.0,0.0,0.0,0.0,0.0,0.0,0.0,0.0,0.0,0.0,0.0,0.0,0.0,0.0,0.0,0.0,0.0,0.0,0.0,0.0,0.0,0.0,0.0,0.0,0.0,0.0,0.0,0.0,0.0,0.0,0.0,0.0,0.0,0.0,0.0
0.0,0.0,0.0,0.0,0.0,0.0,0.0,0.0,0.0,0.0,0.0,0.0,0.0,0.0,0.0,0.0,0.0,0.0,0.0,0.0,0.0,0.0,0.0,0.0,0.0,0.0,0.0,0.0,0.0,0.0,0.0,0.0,0.0,0.0,0.0,0.0,0.0
0.0,0.0,0.0,0.0,0.0,0.0,0.0,0.0,0.0,0.0,0.0,0.0,0.0,1.26468431670217,0.0,0.0,0.0,0.0,0.0,0.0,0.0,0.0,0.0,0.0,0.0,0.0,0.0,0.0,0.0,0.0,0.0,0.0,0.0,0.0,0.0,0.0,0.0
0.0,0.0,0.0,0.0,0.0,0.0,0.0,0.0,0.0,0.0,0.0,0.0,0.0,0.0,0.0,0.0,0.0,0.0,0.0,0.0,0.0,0.0,0.0,0.0,0.0,0.0,0.0,0.0,0.0,0.0,0.0,0.0,0.0603670552372831,0.0,0.0,0.0,0.0
0.0,0.0,0.0,0.0245439875870894,3.2716535553334443,0.0,0.0,0.0,0.0,0.0,1.5657531278207264,0.0,0.0,0.0,0.0331426285207254,0.0,4.806866574287221,0.0,0.0,0.0,0.0,15.500953292846638,0.0,0.0,0.0,6.921146233379833,0.6077220151200803,0.0,0.0,0.4551332727074352,0.0,0.0,0.0,0.0,0.0,0.0,0.0
0.0,0.0,0.0,0.0689455643296198,8.216121554374569,0.5212298762053158,7.134728013723938,0.0,0.0,0.0,2.034957994660139,0.0,0.0,24.16123793460425,0.1536342702805989,0.0,0.0,0.0,0.0,0.0,0.0,64.50393352508542,0.0,0.0,0.0,10.180831840634282,1.071473457291713,0.0,19.83822978883974,0.5115687675773727,0.0,0.0,0.5329087739810101,0.0,0.0,0.0,0.0
0.0,0.0,0.0,0.7842699699103796,44.74152946472152,15.857295770198098,60.86240922547872,0.0,0.0,0.0,61.49988096505402,0.0,0.0,125.94969654455775,1.155709814652799,0.0135362297296512,0.0,0.0,0.0,0.0,0.0,199.52350368499745,0.0,0.0,0.0,70.75131250619881,2.4553964063525187,0.0,160.50928786322476,0.6471117779612415,0.0,48.37568560242652,0.8790263403206823,0.0,0.0,0.0,0.0
0.0,0.0,0.0,4.086329251527786,167.87386187911028,97.0250278636813,260.9545960754156,0.0,0.0,0.0,333.9553431421518,0.0,0.0,392.6305938512087,4.632021063566207,0.1964990114793173,6.116047334670936,0.0,0.0,0.0,0.0,489.7590785980224,0.0,0.0,0.0,226.7692168951034,5.467470833659172,0.0,707.3046382308006,0.799267073720685,0.0,212.6206879019737,1.1808302355929992,0.0,0.0,0.0,0.0
0.0,0.0,0.0,12.117416381835934,403.10977387428267,237.9183088839054,584.8140770524739,0.0,0.0,0.0,1030.3107105731965,0.0,0.0,809.9925847351551,12.299791100621222,0.42700608819723,40.997422671317885,0.0,0.0,0.0,0.0,949.5081573486326,0.0,0.0,0.0,454.3251772403717,11.161597864329812,0.0,1358.1648152709008,1.0010102756321315,0.0,377.3147982358933,1.242176921106852,0.0,0.0,0.0,0.0
0.0,0.0,0.0,26.45116657018661,700.3492087125778,338.7169743180275,920.6855782210828,0.0,0.0,0.0,1867.989926570654,0.0,0.0,1177.981143295765,21.429442566633224,0.5878191106021403,119.8561666250229,0.0,0.0,0.0,0.0,1461.873617553711,0.0,0.0,0.0,609.7455544471741,22.25806451141834,0.0,1898.4472185850143,0.9831825286149768,0.0,458.9375842809677,1.0566289434209346,0.0,0.0,0.0,0.0
0.0,0.0,0.0,45.21523404121399,977.4857672452924,374.6204401552677,1116.4740229785443,0.0,0.0,0.0,2275.3,0.0,0.0,1314.035146832466,26.96748052239418,1.0570299550890911,344.6956131935119,0.0,0.0,0.0,0.0,1738.3763122558594,0.0,0.0,0.0,668.9484028339386,38.85782562494278,0.0,2141.4012034773828,64.0769059792161,0.0,468.3183580636978,3.3015414988622056,0.0,0.0,0.0,0.0
0.0,0.0,0.0,0.0,1201.0088329315186,397.5473358035088,1230.5869681596755,0.0,0.0,0.0,2275.3,0.0,0.0,1376.3660317659376,30.147564017772677,1.3880170881748195,589.0744692325592,0.0,0.0,0.0,0.0,1964.9675201416017,0.0,0.0,0.0,687.9069065570832,50.17228430509567,0.0,2270.82568526268,210.53442801833157,0.0,470.447416305542,13.25024553760886,0.0,0.0,0.0,0.0
0.0,0.0,0.0,0.0,1377.5788578987122,404.2665460109711,1303.0648135066033,0.0,0.0,0.0,2275.3,0.0,0.0,0.0,31.00677802562713,1.6979223042726517,775.000996696949,0.0,0.0,0.0,0.0,2097.663021850586,0.0,0.0,0.0,676.1424163818359,55.80567365884781,0.0,2375.2469409942632,267.8197970986366,0.0,459.5246855020523,28.51724582910537,0.0,0.0,0.0,0.0
0.0,0.0,0.0,0.0,0.0,0.0,0.0,0.0,0.0,0.0,0.0,0.0,0.0,1354.2745162546637,0.0,1.9993344694375987,903.2609369277952,0.0,0.0,0.0,0.0,2140.1697021484374,0.0,0.0,0.0,0.0,0.0,0.0,0.0,0.0,0.0,0.0,0.0,0.0,0.0,0.0,0.0
0.0,0.0,0.0,0.0,0.0,0.0,0.0,0.0,0.0,0.0,0.0,0.0,0.0,0.0,0.0,0.0,850.0613269090651,0.0,0.0,0.0,0.0,0.0,0.0,0.0,0.0,0.0,0.0,0.0,0.0,0.0,0.0,0.0,0.0,0.0,0.0,0.0,0.0
0.0,0.0,0.0,0.0,0.0,0.0,0.0,0.0,0.0,0.0,0.0,0.0,0.0,0.0,0.0,0.0,0.0,0.0,0.0,0.0,0.0,0.0,0.0,0.0,0.0,0.0,0.0,0.0,0.0,0.0,0.0,0.0,0.0,0.0,0.0,0.0,0.0
0.0,0.0,0.0,0.0,0.0,0.0,0.0,0.0,0.0,0.0,0.0,0.0,0.0,0.0,0.0,0.0,0.0,0.0,0.0,0.0,0.0,0.0,0.0,0.0,0.0,0.0,0.0,0.0,0.0,0.0,0.0,0.0,0.0,0.0,0.0,0.0,0.0
0.0,0.0,0.0,0.0,0.0,0.0,0.0,0.0,0.0,0.0,0.0,0.0,0.0,0.0,0.0,0.0,0.0,0.0,0.0,0.0,0.0,0.0,0.0,0.0,0.0,0.0,0.0,0.0,0.0,0.0,0.0,0.0,0.0,0.0,0.0,0.0,0.0
0.0,0.0,0.0,0.0,0.0,0.0,0.0,0.0,0.0,0.0,0.0,0.0,0.0,0.0,0.0,0.0,0.0,0.0,0.0,0.0,0.0,0.0,0.0,0.0,0.0,0.0,0.0,0.0,0.0,0.0,0.0,0.0,0.0,0.0,0.0,0.0,0.0
0.0,0.0,0.0,0.0,0.0,0.0,0.0,0.0,0.0,0.0,0.0,0.0,0.0,0.0,0.0,0.0,0.0,0.0,0.0,0.0,0.0,0.0,0.0,0.0,0.0,0.0,0.0,0.0,0.0,0.0,0.0,0.0,0.0,0.0,0.0,0.0,0.0
0.0,0.0,0.0,0.0,0.0,0.0,0.0,0.0,0.0,0.0,0.0,0.0,0.0,0.0,0.0,0.0,0.0,0.0,0.0,0.0,0.0,0.0,0.0,0.0,0.0,0.0,0.0,0.0,0.0,0.0,0.0,0.0,0.0,0.0,0.0,0.0,0.0
0.0,0.0,0.0,0.0,0.0,0.0,0.0,0.0,0.0,0.0,0.0,0.0,0.0,0.0,0.0,0.0,0.0,0.0,0.0,0.0,0.0,0.0,0.0,0.0,0.0,0.0,0.0,0.0,0.0,0.0,0.0,0.0,0.0,0.0,0.0,0.0,0.0
0.0,0.0,0.0,0.0,0.0,0.0,0.0,0.0,0.0,0.0,0.0,0.0,0.0,0.0,0.0,0.0,0.0,0.0,0.0,0.0,0.0,0.0,0.0,0.0,0.0,0.0,0.0,0.0,0.0,0.0,0.0,0.0,0.0,0.0,0.0,0.0,0.0
0.0,0.0,0.0,0.0,0.0,0.0,0.0,0.0,0.0,0.0,0.0,0.0,0.0,0.0,0.0,0.0,0.0,0.0,0.0,0.0,0.0,0.0,0.0,0.0,0.0,0.0,0.0,0.0,0.0,0.0,0.0,0.0,0.0,0.0,0.0,0.0,0.0
0.0,0.0,0.0,0.0,0.0,0.0,0.0,0.0,0.0,0.0,0.0,0.0,0.0,0.0,0.0,0.0,0.0,0.0,0.0,0.0,0.0,0.0,0.0,0.0,0.0,0.0,0.0,0.0,0.0,0.0,0.0,0.0,0.0,0.0,0.0,0.0,0.0
0.0,0.0,0.0,0.0,0.0,0.0,0.0,0.0,0.0,0.0,0.0,0.0,0.0,0.0,0.0,0.0,0.0,0.0,0.0,0.0,0.0,0.0,0.0,0.0,0.0,0.0,0.0,0.0,0.0,0.0,0.0,0.0,0.0,0.0,0.0,0.0,0.0
0.0,0.0,0.0,0.0,1.7011725082993194,0.2663838244043286,0.0,0.0,0.0,0.0,1.8140026973558625,0.0,0.0,0.0,0.0,0.0,0.0,0.0,0.0,0.0,0.0,35.52737498283384,0.0,0.0,0.0,4.600569083169018,0.0,0.0,0.0,0.0,0.0,1.896246880292848,0.0,0.0,0.0,0.0,0.0
0.0,0.0,0.0,0.0,1.9064876548945304,0.2732239030301343,0.3331698313354431,0.0,0.0,0.0,1.7770318369379672,0.0,0.0,0.0,0.0,0.0,0.0,0.0,0.0,0.0,0.0,36.43431982994066,0.0,0.0,0.0,0.0,0.0,0.0,0.0,0.0,0.0,1.9354210495948747,0.0291536878794431,0.0,0.0,0.0,0.0
0.0,0.0,0.0,0.0,3.184005655348127,0.1503690383396688,0.0,0.0,0.0,0.0,1.6099710990674132,0.0,0.0,0.0,0.0,0.0,0.0,0.0,0.0,0.0,0.0,17.799745368957414,0.0,0.0,0.0,2.004672606289332,0.0,0.0,0.0,0.437103436887262,0.0,2.008503705263087,0.0,0.0,0.0,0.0,0.0
0.0,0.0,0.0,0.0715298075228876,10.14723480865342,1.117506422102431,5.688802905008089,0.0,0.0,0.0,2.26903119827604,0.0,0.0,8.737306781113082,0.0,0.0,0.0,0.0,0.0,0.0,0.0,43.57714920043937,0.0,0.0,0.0,25.84102676957843,0.4185013607144323,0.0,19.42243352085333,0.5100516371428622,0.0,8.519054189324333,1.0268009752034857,0.0,0.0,0.0,0.0
0.0,0.0,0.0,1.8006158918142288,116.21917623281468,7.269032934680557,80.3371650449931,0.0,0.0,0.0,44.63941828887894,0.0,0.0,43.10426852200173,0.0,0.0,0.0,0.0,0.0,0.0,0.0,348.1220890045161,0.0,0.0,0.0,135.20836786031717,4.022380547970533,0.0,166.0949008524417,0.6900453977286665,0.0,53.442317649722085,6.051341036334607,0.0,0.0,0.0,0.0
0.0,0.0,0.0,7.2485610842704755,380.4112458825111,44.725004088133545,397.1671343058348,0.0,0.0,0.0,236.9351088725029,0.0,0.0,140.97259810194373,0.0,0.5536197274923315,12.697435438632857,0.0,0.0,0.0,0.0,1013.4269317626952,0.0,0.0,0.0,438.2377433776855,13.794907411932943,0.0,958.4861112713812,0.9682601742446316,0.0,220.7757147550583,25.872490763664235,0.0,0.0,0.0,0.0
0.0,0.0,0.0,18.74939453601837,848.5269581079482,176.29005958139896,819.326788520813,0.0,0.0,0.0,794.1095517903566,0.0,0.0,360.4185537621379,0.0,0.9818911626934994,92.04805678129192,0.0,0.0,0.0,0.0,1883.2946472167969,0.0,0.0,0.0,682.8781332969666,31.995599991083143,0.0,1822.1860674858092,0.0,0.0,381.3378517627716,1.242176921106852,0.0,0.0,0.0,0.0
0.0,0.0,0.0,37.82169342041016,1220.537027835846,291.77155154943466,1075.941586315632,0.0,0.0,0.0,1614.1806787490846,0.0,0.0,695.5252005904913,0.0,1.494056828320026,242.3306947708128,0.0,0.0,0.0,0.0,2490.347003173828,0.0,0.0,0.0,815.8297011375427,47.58749831914901,0.0,2299.063545525074,0.0,0.0,470.600417137146,1.0566289434209346,0.0,0.0,0.0,0.0
0.0,0.0,0.0,55.76822102069855,1447.2712590694427,331.5487415790558,1236.653066235781,0.0,0.0,0.0,2131.8852540075773,0.0,0.0,884.8183625936508,0.0,0.0,600.5738345146179,0.0,0.0,0.0,0.0,2740.376217651368,0.0,0.0,0.0,831.7054022789,58.25840028524399,0.0,2503.3333976149565,82.29924163520336,0.0,0.0,3.3015414988622056,0.0,0.0,0.0,0.0
0.0,0.0,0.0,62.0,1562.661205291748,359.3162555396557,1279.3631765305995,0.0,0.0,0.0,2275.3,0.0,0.0,1016.00658968091,0.0,0.0,883.6059430122375,0.0,0.0,0.0,0.0,2838.390835571289,0.0,0.0,0.0,806.5586827278137,64.5921572804451,0.0,2574.413824605942,227.20760948657988,0.0,0.0,13.25024553760886,0.0,0.0,0.0,0.0
0.0,0.0,0.0,62.0,1622.0668535232544,370.61569783091545,1291.7416178047656,0.0,0.0,0.0,2275.3,0.0,0.0,0.0,0.0,0.0,1055.4952115297317,0.0,0.0,0.0,0.0,2842.4030059814454,0.0,0.0,0.0,753.3319944381714,66.53407137393951,0.0,2541.235732901097,271.3328385591507,0.0,484.9528208971024,0.0,0.0,0.0,0.0,0.0
0.0,0.0,0.0,0.0,1627.1005656719208,364.5736408531666,1283.067823779583,0.0,0.0,0.0,2275.3,0.0,0.0,0.0,0.0,0.0,1120.866611289978,0.0,0.0,0.0,0.0,2733.5703033447267,0.0,0.0,0.0,719.5369111061096,64.533291888237,0.0,0.0,273.69883568882943,0.0,0.0,0.0,0.0,0.0,0.0,0.0
0.0,0.0,0.0,0.0,1433.538561820984,0.0,1144.2368911743165,0.0,0.0,0.0,0.0,0.0,0.0,0.0,0.0,0.0,1092.622087430954,0.0,0.0,0.0,0.0,0.0,0.0,0.0,0.0,633.6398046970368,56.041123521327975,0.0,0.0,0.0,0.0,0.0,0.0,0.0,0.0,0.0,0.0
0.0,0.0,0.0,0.0,0.0,0.0,0.0,0.0,0.0,0.0,0.0,0.0,0.0,0.0,0.0,0.0,0.0,0.0,0.0,0.0,0.0,0.0,0.0,0.0,0.0,0.0,0.0,0.0,0.0,0.0,0.0,0.0,0.0,0.0,0.0,0.0,0.0
0.0,0.0,0.0,0.0,0.0,0.0,0.0,0.0,0.0,0.0,0.0,0.0,0.0,0.0,0.0,0.0,0.0,0.0,0.0,0.0,0.0,0.0,0.0,0.0,0.0,0.0,0.0,0.0,0.0,0.0,0.0,0.0,0.0,0.0,0.0,0.0,0.0
0.0,0.0,0.0,0.0,0.0,0.0,0.0,0.0,0.0,0.0,0.0,0.0,0.0,0.0,0.0,0.0,0.0,0.0,0.0,0.0,0.0,0.0,0.0,0.0,0.0,0.0,0.0,0.0,0.0,0.0,0.0,0.0,0.0,0.0,0.0,0.0,0.0
0.0,0.0,0.0,0.0,0.0,0.0,0.0,0.0,0.0,0.0,0.0,0.0,0.0,0.0,0.0,0.0,0.0,0.0,0.0,0.0,0.0,0.0,0.0,0.0,0.0,0.0,0.0,0.0,0.0,0.0,0.0,0.0,0.0,0.0,0.0,0.0,0.0
0.0,0.0,0.0,0.0,0.0,0.0,0.0,0.0,0.0,0.0,0.0,0.0,0.0,0.0,0.0,0.0,0.0,0.0,0.0,0.0,0.0,0.0,0.0,0.0,0.0,0.0,0.0,0.0,0.0,0.0,0.0,0.0,0.0,0.0,0.0,0.0,0.0
0.0,0.0,0.0,0.0,0.0,0.0,0.0,0.0,0.0,0.0,0.0,0.0,0.0,0.0,0.0,0.0,0.0,0.0,0.0,0.0,0.0,0.0,0.0,0.0,0.0,0.0,0.0,0.0,0.0,0.0,0.0,0.0,0.0,0.0,0.0,0.0,0.0
0.0,0.0,0.0,0.0,0.0,0.0,0.0,0.0,0.0,0.0,0.0,0.0,0.0,0.0,0.0,0.0,0.0,0.0,0.0,0.0,0.0,0.0,0.0,0.0,0.0,0.0,0.0,0.0,0.0,0.0,0.0,0.0,0.0,0.0,0.0,0.0,0.0
0.0,0.0,0.0,0.0,0.0,0.0,0.0,0.0,0.0,0.0,0.0,0.0,0.0,0.0,0.0,0.0,0.0,0.0,0.0,0.0,0.0,0.0,0.0,0.0,0.0,0.0,0.0,0.0,0.0,0.0,0.0,0.0,0.0,0.0,0.0,0.0,0.0
0.0,0.0,0.0,0.0,0.0,0.0,0.0,0.0,0.0,0.0,0.0,0.0,0.0,0.0,0.0,0.0,0.0,0.0,0.0,0.0,0.0,0.0,0.0,0.0,0.0,0.0,0.0,0.0,0.0,0.0,0.0,0.0,0.0,0.0,0.0,0.0,0.0
0.0,0.0,0.0,0.0,0.0,0.0,0.0,0.0,0.0,0.0,0.0,0.0,0.0,0.0,0.0,0.0,0.0,0.0,0.0,0.0,0.0,0.0,0.0,0.0,0.0,0.0,0.0,0.0,0.0,0.0,0.0,0.0,0.0,0.0,0.0,0.0,0.0
0.0,0.0,0.0,0.0,0.0,0.0,0.0,0.0,0.0,0.0,0.0,0.0,0.0,0.0,0.0,0.0,0.0,0.0,0.0,0.0,0.0,0.0,0.0,0.0,0.0,0.0,0.0,0.0,0.0,0.0,0.0,0.0,0.0,0.0,0.0,0.0,0.0
0.0,0.0,0.0,0.0,0.0,0.0,0.0,0.0,0.0,0.0,1.53580476017649,0.0,0.0,0.0,0.0,0.0,0.0,0.0,0.0,0.0,0.0,0.0,0.0,0.0,0.0,0.0,0.0,0.0,0.0,0.0,0.0,0.0,0.2187555339187109,0.0,0.0,0.0,0.0
0.0,0.0,0.0,0.0,0.0,0.1593053438700441,0.0,0.0,0.0,0.0,1.5662998396901486,0.0,0.0,0.6401479383930248,0.0,0.0,0.0,0.0,0.0,0.0,0.0,0.0,0.0,0.0,0.0,0.0,0.0,0.0,0.0,0.3379364110529179,0.0,1.6751779019832052,0.026016142219305,0.0,0.0,0.0,0.0
0.0,0.0,0.0,0.0,3.651194423436962,0.0,0.0,0.0,0.0,0.0,1.4890757285988303,0.0,0.0,0.507200723513952,0.0,0.0,0.0,0.0,0.0,0.0,0.0,30.29814882278427,0.0,0.0,0.0,0.0,0.0,0.0,0.0,0.4612838014960253,0.0,1.9318552762269656,0.0,0.0,0.0,0.0,0.0
0.0,0.0,0.0,0.0840550288557974,20.30912358313797,0.6975507941096676,5.195032023265811,0.0,0.0,0.0,3.77589731253678,0.0,0.0,4.717894829809555,0.0,0.0,0.0,0.0,0.0,0.0,0.0,82.95774116516081,0.0,0.0,0.0,5.512257903814316,1.5210706392303048,0.0,18.575211317837237,0.5591914333402813,0.0,4.086098194122265,1.164767846465086,0.0,0.0,0.0,0.0
0.0,0.0,0.0,2.33299874514341,142.75169879198074,17.16786298528312,100.63091142326589,0.0,0.0,0.0,57.78982640914611,0.0,0.0,23.656788510270385,0.0,0.0560628315433849,4.175319540500447,0.0,0.0,0.0,0.0,458.1223598480224,0.0,0.0,0.0,99.2285290837288,6.842436777055261,0.0,182.16210039705027,0.6970980040728925,0.0,33.205611884593964,7.308494839817275,0.0,0.0,0.0,0.0
0.0,0.0,0.0,8.9808774292469,435.02956408262247,107.00070265680549,482.5674540102481,0.0,0.0,0.0,299.7337229549885,0.0,0.0,80.895320251584,0.0,0.4014927446842181,21.942842757701683,0.0,0.0,0.0,0.0,1355.0847534179688,0.0,0.0,0.0,401.08330750465393,20.46540494561195,0.0,1058.1597967326638,0.983138596266508,0.0,172.58814948797226,30.735010892152783,0.0,0.0,0.0,0.0
0.0,0.0,0.0,22.43945014476776,974.1460188627244,250.85695487260816,1008.6483975589276,0.0,0.0,0.0,953.664656165242,0.0,0.0,248.1724894791841,0.0,1.003361962735652,131.5295214295386,0.0,0.0,0.0,0.0,2258.6800140380856,0.0,0.0,0.0,702.4649981498718,44.12463055849075,0.0,1943.761786019802,1.2019480511545813,0.0,0.0,1.242176921106852,0.0,0.0,0.0,0.0
0.0,0.0,0.0,42.877132058143616,1462.0462403297424,353.0600399374962,1393.036942267418,0.0,0.0,0.0,1821.1806766808036,0.0,0.0,527.5348217785357,0.0,0.0,329.9923034787178,0.0,0.0,0.0,0.0,2908.135025024414,0.0,0.0,0.0,859.359752178192,63.16385353803635,0.0,2443.3349543452264,1.1434535935521049,0.0,0.0,1.0566289434209346,0.0,0.0,0.0,0.0
0.0,0.0,0.0,61.02071416378021,1763.501413822174,389.4226414263248,1521.1,0.0,0.0,0.0,2275.3,0.0,0.0,715.6012742221355,31.98179731965065,0.0,718.710023701191,0.0,0.0,0.0,0.0,3223.9185302734377,0.0,0.0,0.0,893.2975518703462,74.26814807653427,0.0,2635.4,74.17411779612303,0.0,491.4779977798462,3.3015414988622056,0.0,0.0,0.0,0.0
0.0,0.0,0.0,62.0,1926.034027338028,413.569232583046,1521.1,0.0,0.0,0.0,2275.3,0.0,0.0,854.8897813260555,0.0,4.304617911577225,996.1804121732712,0.0,0.0,0.0,0.0,3370.8527282714845,0.0,0.0,0.0,883.4772019863128,79.82896975278854,0.0,2635.4,218.3166159451008,0.0,498.716472864151,13.25024553760886,0.0,0.0,0.0,0.0
0.0,0.0,0.0,62.0,1962.9075989723208,420.2134726345539,1521.1,0.0,0.0,0.0,2275.3,0.0,0.0,944.1036646068096,33.100869745016105,4.834388792514801,1169.717034816742,0.0,0.0,0.0,0.0,3354.890417480469,0.0,0.0,0.0,842.9745035648347,80.21543155908584,0.0,2635.4,268.6453972220421,0.0,0.0,0.0,0.0,0.0,0.0,0.0
0.0,0.0,0.0,62.0,1901.718691587448,0.0,0.0,0.0,0.0,0.0,0.0,0.0,0.0,0.0,30.711265647411345,4.780198544263839,1240.947695684433,0.0,0.0,0.0,0.0,3202.6316467285155,0.0,0.0,0.0,780.7167929172516,76.72159464359284,0.0,0.0,271.53223284482954,0.0,0.0,0.0,0.0,0.0,0.0,0.0
0.0,0.0,0.0,62.0,0.0,0.0,1521.1,0.0,0.0,0.0,0.0,0.0,0.0,0.0,26.74040776491165,3.734404355287551,1213.3996201992036,0.0,0.0,0.0,0.0,2889.165216064453,0.0,0.0,0.0,0.0,0.0,0.0,0.0,261.8457240521908,0.0,0.0,0.0,0.0,0.0,0.0,0.0
0.0,0.0,0.0,0.0,0.0,0.0,0.0,0.0,0.0,0.0,0.0,0.0,0.0,0.0,0.0,0.0,0.0,0.0,0.0,0.0,0.0,0.0,0.0,0.0,0.0,0.0,0.0,0.0,0.0,0.0,0.0,0.0,0.0,0.0,0.0,0.0,0.0
0.0,0.0,0.0,0.0,0.0,0.0,0.0,0.0,0.0,0.0,0.0,0.0,0.0,0.0,0.0,0.0,0.0,0.0,0.0,0.0,0.0,0.0,0.0,0.0,0.0,0.0,0.0,0.0,0.0,0.0,0.0,0.0,0.0,0.0,0.0,0.0,0.0
0.0,0.0,0.0,0.0,0.0,0.0,0.0,0.0,0.0,0.0,0.0,0.0,0.0,0.0,0.0,0.0,0.0,0.0,0.0,0.0,0.0,0.0,0.0,0.0,0.0,0.0,0.0,0.0,0.0,0.0,0.0,0.0,0.0,0.0,0.0,0.0,0.0
0.0,0.0,0.0,0.0,0.0,0.0,0.0,0.0,0.0,0.0,0.0,0.0,0.0,0.0,0.0,0.0,0.0,0.0,0.0,0.0,0.0,0.0,0.0,0.0,0.0,0.0,0.0,0.0,0.0,0.0,0.0,0.0,0.0,0.0,0.0,0.0,0.0
0.0,0.0,0.0,0.0,0.0,0.0,0.0,0.0,0.0,0.0,0.0,0.0,0.0,0.0,0.0,0.0,0.0,0.0,0.0,0.0,0.0,0.0,0.0,0.0,0.0,0.0,0.0,0.0,0.0,0.0,0.0,0.0,0.0,0.0,0.0,0.0,0.0
0.0,0.0,0.0,0.0,0.0,0.0,0.0,0.0,0.0,0.0,0.0,0.0,0.0,0.0,0.0,0.0,0.0,0.0,0.0,0.0,0.0,0.0,0.0,0.0,0.0,0.0,0.0,0.0,0.0,0.0,0.0,0.0,0.0,0.0,0.0,0.0,0.0
0.0,0.0,0.0,0.0,0.0,0.0,0.0,0.0,0.0,0.0,0.0,0.0,0.0,0.0,0.0,0.0,0.0,0.0,0.0,0.0,0.0,0.0,0.0,0.0,0.0,0.0,0.0,0.0,0.0,0.0,0.0,0.0,0.0,0.0,0.0,0.0,0.0
0.0,0.0,0.0,0.0,0.0,0.0,0.0,0.0,0.0,0.0,0.0,0.0,0.0,0.0,0.0,0.0,0.0,0.0,0.0,0.0,0.0,0.0,0.0,0.0,0.0,0.0,0.0,0.0,0.0,0.0,0.0,0.0,0.0,0.0,0.0,0.0,0.0
0.0,0.0,0.0,0.0,0.0,0.0,0.0,0.0,0.0,0.0,0.0,0.0,0.0,0.0,0.0,0.0,0.0,0.0,0.0,0.0,0.0,0.0,0.0,0.0,0.0,0.0,0.0,0.0,0.0,0.0,0.0,0.0,0.0,0.0,0.0,0.0,0.0
0.0,0.0,0.0,0.0,0.0,0.0,0.0,0.0,0.0,0.0,0.0,0.0,0.0,0.0,0.0,0.0,0.0,0.0,0.0,0.0,0.0,0.0,0.0,0.0,0.0,0.0,0.0,0.0,0.0,0.0,0.0,0.0,0.0,0.0,0.0,0.0,0.0
0.0,0.0,0.0,0.0,0.0,0.0,0.0,0.0,0.0,0.0,0.0,0.0,0.0,0.0,0.0,0.0,0.0,0.0,0.0,0.0,0.0,0.0,0.0,0.0,0.0,0.0,0.0,0.0,0.0,0.0,0.0,0.0,0.0,0.0,0.0,0.0,0.0
0.0,0.0,0.0,0.0,0.0,0.0,0.0,0.0,0.0,0.0,0.0,0.0,0.0,0.0,0.0,0.0,0.0,0.0,0.0,0.0,0.0,0.0,0.0,0.0,0.0,0.0,0.0,0.0,0.0,0.0,0.0,0.0,0.0,0.0,0.0,0.0,0.0
0.0,0.0,0.0,0.0,0.0,0.1349111841991105,2.488131974637449,0.0,0.0,0.0,0.0,0.0,0.0,0.0,0.0,0.0286725461482993,0.0,0.0,0.0,0.0,0.0,0.0,0.0,0.0,0.0,0.0,0.0,0.0,0.0,0.0,0.0,0.0,0.0,0.0,0.0,0.0,0.0
0.0,0.0,0.0,0.0,3.5868813283739405,0.0,0.0335175786167383,0.0,0.0,0.0,1.5244467151350172,0.0,0.0,0.0,0.0,0.0,5.826718509197169,0.0,0.0,0.0,0.0,19.122969532012576,0.0,0.0,0.0,0.0,0.0,0.0,0.0,0.4357415340840673,0.0,1.397913232445685,0.0,0.0,0.0,0.0,0.0
0.0,0.0,0.0,0.105722945183515,8.66484506428241,1.3336602253839287,8.187553973868448,0.0,0.0,0.0,8.388883604155767,0.0,0.0,3.848777343518969,0.102148953080176,0.0,0.0,0.0,0.0,0.0,0.0,95.55360040664652,0.0,0.0,0.0,5.429881230741711,0.0,0.0,13.13801144212478,0.4836863704025433,0.0,3.780998066067676,1.179211799055329,0.0,0.0,0.0,0.0
0.0,0.0,0.0,1.1271110139787148,46.91464007645845,14.411222726106644,51.30227782465506,0.0,0.0,0.0,95.9185208529232,0.0,0.0,15.402730216737712,0.8459690384566757,0.0996731300838286,0.0,0.0,0.0,0.0,0.0,387.95191802978496,0.0,0.0,0.0,65.40701953768729,0.8869556469842776,0.0,112.06013768762344,0.5991288669407254,0.0,34.55539390444752,6.935875136405227,0.0,0.0,0.0,0.0
0.0,0.0,0.0,4.679445371031758,169.98078528046605,80.24352931231259,219.72560576349497,0.0,0.0,0.0,447.7354917228221,0.0,0.0,40.20370780490338,3.7317433878779385,0.49688546732068,12.790099108219046,0.0,0.0,0.0,0.0,894.6780136108397,0.0,0.0,0.0,225.8168234109879,2.9477975908666765,0.0,614.647023910284,0.7499896228313138,0.0,147.27865791320798,21.44367124140261,0.0,0.0,0.0,0.0
0.0,0.0,0.0,12.722261518239977,425.85298109054565,215.6230041980743,521.6272251665591,0.0,0.0,0.0,1189.703615283966,0.0,0.0,102.56729535758495,10.270394101738928,0.9370091184973712,99.78982446193685,0.0,0.0,0.0,0.0,1499.8433837890625,0.0,0.0,0.0,482.2934923648834,6.99823149740696,0.0,1310.4607152223584,0.9684564054012216,0.0,316.1147526502609,1.242176921106852,0.0,0.0,0.0,0.0
0.0,0.0,0.0,25.86131864786148,826.6926593780518,324.6204825341701,852.2939875304698,0.0,0.0,0.0,1977.646799659729,0.0,0.0,266.2786442786455,18.728448969125747,1.5719108283519745,264.46272585392,0.0,0.0,0.0,0.0,2203.137310791016,0.0,0.0,0.0,672.1055514335633,13.73961977362632,0.0,1894.6796048760411,0.9950823374092362,0.0,430.78299129009247,1.0566289434209346,0.0,0.0,0.0,0.0
0.0,0.0,0.0,38.51291596889496,1179.242577791214,361.4776422083378,1105.7329848349095,0.0,0.0,0.0,2275.3,0.0,0.0,400.5498742312192,24.554308658838277,2.6097348034381858,627.7849623441695,0.0,0.0,0.0,0.0,2500.097946166992,0.0,0.0,0.0,736.774043416977,26.966375476121904,0.0,2148.105780851841,71.97458912134168,0.0,448.7767717838288,3.3015414988622056,0.0,0.0,0.0,0.0
0.0,0.0,0.0,49.0115829706192,1421.5900065898895,385.1326558887959,1263.898058092594,0.0,0.0,0.0,2275.3,0.0,0.0,582.863397076726,27.740566009283064,3.604917824268341,914.4091363191604,0.0,0.0,0.0,0.0,2647.745654296875,0.0,0.0,0.0,750.878575849533,40.26467747688293,0.0,2277.542200875282,219.6392959475517,0.0,443.9987251758576,13.25024553760886,0.0,0.0,0.0,0.0
0.0,0.0,0.0,58.22429776191712,1572.764196395874,391.316615909338,1372.3328591287138,0.0,0.0,0.0,2275.3,0.0,0.0,0.0,28.6402228474617,4.1814061999320975,1112.2883578777314,0.0,0.0,0.0,0.0,2723.4907165527343,0.0,0.0,0.0,740.1631128311158,0.0,0.0,2352.055342578888,267.23386843800546,0.0,434.042475938797,0.0,0.0,0.0,0.0,0.0
0.0,0.0,0.0,62.0,0.0,380.9925574362278,0.0,0.0,0.0,0.0,2275.3,0.0,0.0,0.0,27.71219263672829,4.328533589839934,1220.826441717148,0.0,0.0,0.0,0.0,0.0,0.0,0.0,0.0,725.6637012958527,0.0,0.0,0.0,0.0,0.0,0.0,0.0,0.0,0.0,0.0,0.0
0.0,0.0,0.0,0.0,0.0,354.380041629076,0.0,0.0,0.0,0.0,0.0,0.0,0.0,0.0,24.28422812819481,3.474780023097991,0.0,0.0,0.0,0.0,0.0,0.0,0.0,0.0,0.0,0.0,0.0,0.0,0.0,0.0,0.0,0.0,0.0,0.0,0.0,0.0,0.0
0.0,0.0,0.0,0.0,0.0,0.0,0.0,0.0,0.0,0.0,0.0,0.0,0.0,0.0,0.0,0.0,0.0,0.0,0.0,0.0,0.0,0.0,0.0,0.0,0.0,0.0,0.0,0.0,0.0,0.0,0.0,0.0,0.0,0.0,0.0,0.0,0.0
0.0,0.0,0.0,0.0,0.0,0.0,0.0,0.0,0.0,0.0,0.0,0.0,0.0,0.0,0.0,0.0,0.0,0.0,0.0,0.0,0.0,0.0,0.0,0.0,0.0,0.0,0.0,0.0,0.0,0.0,0.0,0.0,0.0,0.0,0.0,0.0,0.0
0.0,0.0,0.0,0.0,0.0,0.0,0.0,0.0,0.0,0.0,0.0,0.0,0.0,0.0,0.0,0.0,0.0,0.0,0.0,0.0,0.0,0.0,0.0,0.0,0.0,0.0,0.0,0.0,0.0,0.0,0.0,0.0,0.0,0.0,0.0,0.0,0.0
0.0,0.0,0.0,0.0,0.0,0.0,0.0,0.0,0.0,0.0,0.0,0.0,0.0,0.0,0.0,0.0,0.0,0.0,0.0,0.0,0.0,0.0,0.0,0.0,0.0,0.0,0.0,0.0,0.0,0.0,0.0,0.0,0.0,0.0,0.0,0.0,0.0
0.0,0.0,0.0,0.0,0.0,0.0,0.0,0.0,0.0,0.0,0.0,0.0,0.0,0.0,0.0,0.0,0.0,0.0,0.0,0.0,0.0,0.0,0.0,0.0,0.0,0.0,0.0,0.0,0.0,0.0,0.0,0.0,0.0,0.0,0.0,0.0,0.0
0.0,0.0,0.0,0.0,0.0,0.0,0.0,0.0,0.0,0.0,0.0,0.0,0.0,0.0,0.0,0.0,0.0,0.0,0.0,0.0,0.0,0.0,0.0,0.0,0.0,0.0,0.0,0.0,0.0,0.0,0.0,0.0,0.0,0.0,0.0,0.0,0.0
0.0,0.0,0.0,0.0,0.0,0.0,0.0,0.0,0.0,0.0,0.0,0.0,0.0,0.0,0.0,0.0,0.0,0.0,0.0,0.0,0.0,0.0,0.0,0.0,0.0,0.0,0.0,0.0,0.0,0.0,0.0,0.0,0.0,0.0,0.0,0.0,0.0
0.0,0.0,0.0,0.0,0.0,0.0,0.0,0.0,0.0,0.0,0.0,0.0,0.0,0.0,0.0,0.0,0.0,0.0,0.0,0.0,0.0,0.0,0.0,0.0,0.0,0.0,0.0,0.0,0.0,0.0,0.0,0.0,0.0,0.0,0.0,0.0,0.0
0.0,0.0,0.0,0.0,0.0,0.0,0.0,0.0,0.0,0.0,0.0,0.0,0.0,0.0,0.0,0.0,0.0,0.0,0.0,0.0,0.0,0.0,0.0,0.0,0.0,0.0,0.0,0.0,0.0,0.0,0.0,0.0,0.0,0.0,0.0,0.0,0.0
0.0,0.0,0.0,0.0,0.0,0.0,0.0,0.0,0.0,0.0,0.0,0.0,0.0,0.0,0.0,0.0,0.0,0.0,0.0,0.0,0.0,0.0,0.0,0.0,0.0,0.0,0.0,0.0,0.0,0.0,0.0,0.0,0.0,0.0,0.0,0.0,0.0
0.0,0.0,0.0,0.0,0.0,0.0,0.0,0.0,0.0,0.0,0.0,0.0,0.0,0.0,0.0,0.0,0.0,0.0,0.0,0.0,0.0,0.0,0.0,0.0,0.0,0.0,0.0,0.0,0.0,0.0,0.0,0.0,0.0,0.0,0.0,0.0,0.0
0.0,0.0,0.0,0.0,0.0,0.0,0.0,0.0,0.0,0.0,0.0,0.0,0.0,3.000990250147734,0.0,0.0,0.0,0.0,0.0,0.0,0.0,0.0,0.0,0.0,0.0,0.0,0.8994138579815616,0.0,0.0,0.0,0.0,0.0,0.0,0.0,0.0,0.0,0.0
0.0,0.0,0.0,0.0,0.0,0.0,0.0,0.0,0.0,0.0,0.0,0.0,0.0,2.6621053041888825,0.0,0.0,0.0,0.0,0.0,0.0,0.0,0.0,0.0,0.0,0.0,0.0,0.7752782355993955,0.0,0.0,0.0,0.0,0.0,0.0,0.0,0.0,0.0,0.0
0.0,0.0,0.0,0.0255566667765326,2.68444455042464,0.0,0.0,0.0,0.0,0.0,1.5517568801527597,0.0,0.0,0.9263740992172712,0.0038994558155525,0.0,3.805400288104877,0.0,0.0,0.0,0.0,82.85995435714685,0.0,0.0,0.0,0.0,0.6669575292617023,0.0,0.0,0.3859544679522403,0.0,1.790143817663166,0.0,0.0,0.0,0.0,0.0
0.0,0.0,0.0,0.1784516498446442,44.90581311285492,0.9642939004115554,0.0,0.0,0.0,0.0,2.787113801483009,0.0,0.0,7.437993651255901,0.1838331509381499,0.0,0.0,0.0,0.0,0.0,0.0,283.0680335998534,0.0,0.0,0.0,26.52696602344512,3.0034161165356545,0.0,24.306370672583512,0.4544801451265595,0.0,3.8608041107653976,1.1145029896869991,0.0,0.0,0.0,0.0
0.0,0.0,0.0,1.4367144927382416,217.14216613769528,10.438058951869577,201.9280718445777,0.0,0.0,0.0,69.8447468470781,0.0,0.0,35.31617418397212,1.2246800500899535,0.1663785902783264,0.0,0.0,0.0,0.0,0.0,914.6541244506832,0.0,0.0,0.0,146.1208128333091,9.683133134245866,0.0,185.3284628063438,0.6132575102150087,0.0,29.78020888566966,6.748727550730086,0.0,0.0,0.0,0.0
0.0,0.0,0.0,6.558808416128159,595.9302350282669,50.73585344105957,703.5723603010177,0.0,0.0,0.0,331.6734610363841,0.0,0.0,125.61705963686104,4.126882141828536,0.6276313886046399,10.951718091964617,0.0,0.0,0.0,0.0,1884.748013305664,0.0,0.0,0.0,471.2227727413177,25.90142520070076,0.0,917.528843677044,0.9132070839404866,0.0,128.5537189543247,28.338303670287107,0.0,0.0,0.0,0.0
0.0,0.0,0.0,16.275669991970062,1203.5171756744385,154.13550025224686,1207.188513690233,0.0,0.0,0.0,993.3693980246784,0.0,0.0,371.1951337382197,10.07118528485298,1.3075746670365327,93.9941164135931,0.0,0.0,0.0,0.0,2647.164144897461,0.0,0.0,0.0,749.2433403015136,50.071726739406586,0.0,1762.678505718708,1.2802472114562815,0.0,314.9148586988449,1.242176921106852,0.0,0.0,0.0,0.0
0.0,0.0,0.0,30.687666594982147,1670.2080399990082,259.7411179542541,1521.1,0.0,0.0,0.0,1750.3664189755916,0.0,0.0,759.2953877151011,16.83017264306545,2.1991556584835044,260.0101507306097,0.0,0.0,0.0,0.0,3214.2232666015625,0.0,0.0,0.0,903.2,68.41306382417679,0.0,2228.073440730572,1.251738046109642,0.0,419.6382944583893,1.0566289434209346,0.0,0.0,0.0,0.0
0.0,0.0,0.0,43.6494779586792,1924.57629275322,300.7397865951061,1521.1,0.0,0.0,0.0,2238.5460443377497,0.0,0.0,970.0626361370088,21.900034260749816,3.5321944653987885,598.7544520020485,0.0,0.0,0.0,0.0,3447.3023376464844,0.0,0.0,0.0,903.2,78.85415838956833,0.0,2451.603283834457,54.56217266917229,0.0,452.7222484350205,3.3015414988622056,0.0,0.0,0.0,0.0
0.0,0.0,0.0,55.97990226745605,2010.701063156128,329.33183920383453,1521.1,0.0,0.0,0.0,2275.3,0.0,0.0,1098.5162937641144,24.62671703696251,4.09787780046463,881.7600851655006,0.0,0.0,0.0,0.0,3530.8378875732424,0.0,0.0,0.0,903.2,83.03311542272567,0.0,2586.981647729874,181.1842452228069,0.0,463.49147605896,13.25024553760886,0.0,0.0,0.0,0.0
0.0,0.0,0.0,0.0,2010.0884816646576,344.4865625500679,1521.1,0.0,0.0,0.0,2275.3,0.0,0.0,1145.4489168524742,26.599576503038406,4.4572967886924735,1067.636358523369,0.0,0.0,0.0,0.0,3470.6803192138677,0.0,0.0,0.0,903.2,82.92193434238433,0.0,2635.4,259.0462845146656,0.0,453.6398946046829,0.0,0.0,0.0,0.0,0.0
0.0,0.0,0.0,0.0,1951.0982840061188,0.0,1521.1,0.0,0.0,0.0,0.0,0.0,0.0,0.0,0.0,4.508134990930556,1162.1365092754363,0.0,0.0,0.0,0.0,3330.84645690918,0.0,0.0,0.0,864.8112371921538,78.96554433107376,0.0,0.0,0.0,0.0,0.0,0.0,0.0,0.0,0.0,0.0
0.0,0.0,0.0,0.0,1749.4786326885223,0.0,1521.1,0.0,0.0,0.0,0.0,0.0,0.0,0.0,0.0,3.6333606243133536,1138.8683676719666,0.0,0.0,0.0,0.0,0.0,0.0,0.0,0.0,0.0,0.0,0.0,0.0,0.0,0.0,0.0,0.0,0.0,0.0,0.0,0.0
0.0,0.0,0.0,0.0,0.0,0.0,0.0,0.0,0.0,0.0,0.0,0.0,0.0,0.0,0.0,0.0,0.0,0.0,0.0,0.0,0.0,0.0,0.0,0.0,0.0,0.0,0.0,0.0,0.0,0.0,0.0,0.0,0.0,0.0,0.0,0.0,0.0
0.0,0.0,0.0,0.0,0.0,0.0,0.0,0.0,0.0,0.0,0.0,0.0,0.0,0.0,0.0,0.0,0.0,0.0,0.0,0.0,0.0,0.0,0.0,0.0,0.0,0.0,0.0,0.0,0.0,0.0,0.0,0.0,0.0,0.0,0.0,0.0,0.0
0.0,0.0,0.0,0.0,0.0,0.0,0.0,0.0,0.0,0.0,0.0,0.0,0.0,0.0,0.0,0.0,0.0,0.0,0.0,0.0,0.0,0.0,0.0,0.0,0.0,0.0,0.0,0.0,0.0,0.0,0.0,0.0,0.0,0.0,0.0,0.0,0.0
0.0,0.0,0.0,0.0,0.0,0.0,0.0,0.0,0.0,0.0,0.0,0.0,0.0,0.0,0.0,0.0,0.0,0.0,0.0,0.0,0.0,0.0,0.0,0.0,0.0,0.0,0.0,0.0,0.0,0.0,0.0,0.0,0.0,0.0,0.0,0.0,0.0
0.0,0.0,0.0,0.0,0.0,0.0,0.0,0.0,0.0,0.0,0.0,0.0,0.0,0.0,0.0,0.0,0.0,0.0,0.0,0.0,0.0,0.0,0.0,0.0,0.0,0.0,0.0,0.0,0.0,0.0,0.0,0.0,0.0,0.0,0.0,0.0,0.0
0.0,0.0,0.0,0.0,0.0,0.0,0.0,0.0,0.0,0.0,0.0,0.0,0.0,0.0,0.0,0.0,0.0,0.0,0.0,0.0,0.0,0.0,0.0,0.0,0.0,0.0,0.0,0.0,0.0,0.0,0.0,0.0,0.0,0.0,0.0,0.0,0.0
0.0,0.0,0.0,0.0,0.0,0.0,0.0,0.0,0.0,0.0,0.0,0.0,0.0,0.0,0.0,0.0,0.0,0.0,0.0,0.0,0.0,0.0,0.0,0.0,0.0,0.0,0.0,0.0,0.0,0.0,0.0,0.0,0.0,0.0,0.0,0.0,0.0
0.0,0.0,0.0,0.0,0.0,0.0,0.0,0.0,0.0,0.0,0.0,0.0,0.0,0.0,0.0,0.0,0.0,0.0,0.0,0.0,0.0,0.0,0.0,0.0,0.0,0.0,0.0,0.0,0.0,0.0,0.0,0.0,0.0,0.0,0.0,0.0,0.0
0.0,0.0,0.0,0.0,0.0,0.0,0.0,0.0,0.0,0.0,0.0,0.0,0.0,0.0,0.0,0.0,0.0,0.0,0.0,0.0,0.0,0.0,0.0,0.0,0.0,0.0,0.0,0.0,0.0,0.0,0.0,0.0,0.0,0.0,0.0,0.0,0.0
0.0,0.0,0.0,0.0,0.0,0.0,0.0,0.0,0.0,0.0,0.0,0.0,0.0,0.0,0.0,0.0,0.0,0.0,0.0,0.0,0.0,0.0,0.0,0.0,0.0,0.0,0.0,0.0,0.0,0.0,0.0,0.0,0.0,0.0,0.0,0.0,0.0
0.0,0.0,0.0,0.0,0.0,0.0,0.0,0.0,0.0,0.0,0.0,0.0,0.0,5.076357531361233,0.0,0.0,0.0,0.0,0.0,0.0,0.0,0.0,0.0,0.0,0.0,0.0,0.0,0.0,0.0,0.0,0.0,0.0,0.0,0.0,0.0,0.0,0.0
0.0,0.0,0.0,0.0243850238621196,0.0,0.0,0.0,0.0,0.0,0.0,0.0,0.0,0.0,0.0,0.0,0.0,0.0,0.0,0.0,0.0,0.0,0.0,0.0,0.0,0.0,0.0,0.0,0.0,0.0,0.3170333996415073,0.0,0.0,0.3746422715484867,0.0,0.0,0.0,0.0
0.0,0.0,0.0,0.0,0.0,0.0,0.0,0.0,0.0,0.0,0.0,0.0,0.0,1.3321580085903049,0.0,0.0,0.0,0.0,0.0,0.0,0.0,24.00643644332883,0.0,0.0,0.0,0.0,0.0,0.0,0.0,0.3488082028925249,0.0,0.0,0.031857358291728,0.0,0.0,0.0,0.0
0.0,0.0,0.0,0.0205152705311723,3.0778688490389885,0.0,0.0,0.0,0.0,0.0,0.0,0.0,0.0,0.0,0.0,0.0,0.7905216097830042,0.0,0.0,0.0,0.0,3.888759231567145,0.0,0.0,0.0,0.0,0.0,0.0,0.0,0.4768094934523096,0.0,0.0,0.0,0.0,0.0,0.0,0.0
0.0,0.0,0.0,0.453482106328009,44.567900858819485,0.9367198464460252,34.93267775289711,0.0,0.0,0.0,0.0,0.0,0.0,8.307333062402884,0.0,0.0,0.0,0.0,0.0,0.0,0.0,90.526063251495,0.0,0.0,0.0,56.75490077137945,0.8806856149807545,0.0,15.742766141891352,0.5733054324984348,0.0,0.0,1.1470632804557512,0.0,0.0,0.0,0.0
0.0,0.0,0.0,4.01184669137001,215.61832711100567,17.88291712850331,0.0,0.0,0.0,0.0,0.0,0.0,0.0,52.57128414697944,0.0,0.1111716646701089,0.0,0.0,0.0,0.0,0.0,546.4109207153317,0.0,0.0,0.0,253.17228186130524,5.522718231379984,0.0,115.56332334876038,0.7859262838959561,0.0,0.0,8.013703661039456,0.0,0.0,0.0,0.0
0.0,0.0,0.0,13.264622420072552,585.2201488018035,109.7667607590556,0.0,0.0,0.0,0.0,0.0,0.0,0.0,190.13819495216003,9.413591265678404,0.4851944707334036,14.99306753873816,0.0,0.0,0.0,0.0,1533.449792480469,0.0,0.0,0.0,604.7064448833465,18.27808620035648,0.0,802.4593863904475,1.2091851733624617,0.0,0.0,33.957528427243226,0.0,0.0,0.0,0.0
0.0,0.0,0.0,30.785072267055508,1187.7323241233826,256.8075945675373,1265.2282894730567,0.0,0.0,0.0,0.0,0.0,0.0,0.0,0.0,0.9981200322508804,117.95803225040436,0.0,0.0,0.0,0.0,2439.9868225097657,0.0,0.0,0.0,810.857346868515,42.91044770479201,0.0,1741.854291343689,2.1055193066596782,0.0,0.0,1.242176921106852,0.0,0.0,0.0,0.0
0.0,0.0,0.0,52.52378582954407,1649.6767854690552,357.82403805851936,1521.1,0.0,0.0,0.0,0.0,0.0,0.0,0.0,27.737423640489578,1.5872703045606602,307.5431199550628,0.0,0.0,0.0,0.0,3063.463220214844,0.0,0.0,0.0,903.2,63.14881672859192,0.0,2348.5263365507126,2.2673016443848493,0.0,0.0,1.0566289434209346,0.0,0.0,0.0,0.0
0.0,0.0,0.0,62.0,1915.4778747558596,393.3454142510891,1521.1,0.0,0.0,0.0,2275.3,0.0,0.0,0.0,31.358677303791048,2.3362945169210425,660.6717399358748,0.0,0.0,0.0,0.0,3259.7246795654296,0.0,0.0,0.0,903.2,74.90965032577515,0.0,2590.317442798614,78.44475796222687,0.0,0.0,3.3015414988622056,0.0,0.0,0.0,0.0
0.0,0.0,0.0,62.0,2046.465883731842,415.7730145156384,1521.1,0.0,0.0,0.0,2275.3,0.0,0.0,1219.797066897154,32.065176790952684,2.8297327756881705,929.0902606844902,0.0,0.0,0.0,0.0,3301.9203704833985,0.0,0.0,0.0,903.2,80.6382181763649,0.0,2635.4,225.2512258589268,0.0,515.0294330120087,13.25024553760886,0.0,0.0,0.0,0.0
0.0,0.0,0.0,62.0,2050.057626724243,421.6160027086734,1521.1,0.0,0.0,0.0,2275.3,0.0,0.0,1247.1757201850414,30.9590985417366,3.0463912934064856,1096.139507174492,0.0,0.0,0.0,0.0,3204.177630615234,0.0,0.0,0.0,901.2524142742158,80.64604387283325,0.0,2635.4,275.6967617452145,0.0,0.0,0.0,0.0,0.0,0.0,0.0
0.0,0.0,0.0,62.0,1975.277784824372,410.27514985203743,1521.1,0.0,0.0,0.0,2275.3,0.0,0.0,1231.6566401720047,29.01218767762184,2.8788387775421143,1161.1075258016583,0.0,0.0,0.0,0.0,3054.435021972656,0.0,0.0,0.0,841.2478563308716,76.65074779987336,0.0,2625.9725618362427,280.35089616775514,0.0,0.0,0.0,0.0,0.0,0.0,0.0
0.0,0.0,0.0,62.0,1764.5059869289398,0.0,1521.1,0.0,0.0,0.0,0.0,0.0,0.0,0.0,25.41272765994072,1.9331650733947747,1150.657368206978,0.0,0.0,0.0,0.0,2710.134469604492,0.0,0.0,0.0,765.142405796051,0.0,0.0,2447.437467050552,271.7807142078876,0.0,0.0,0.0,0.0,0.0,0.0,0.0
0.0,0.0,0.0,0.0,0.0,0.0,0.0,0.0,0.0,0.0,0.0,0.0,0.0,0.0,0.0,0.0,1034.1619755983352,0.0,0.0,0.0,0.0,2305.153778076172,0.0,0.0,0.0,0.0,0.0,0.0,0.0,261.76456050276755,0.0,0.0,0.0,0.0,0.0,0.0,0.0
0.0,0.0,0.0,0.0,0.0,0.0,0.0,0.0,0.0,0.0,0.0,0.0,0.0,0.0,0.0,0.0,897.8517565011977,0.0,0.0,0.0,0.0,0.0,0.0,0.0,0.0,0.0,0.0,0.0,0.0,0.0,0.0,0.0,0.0,0.0,0.0,0.0,0.0
0.0,0.0,0.0,0.0,0.0,0.0,0.0,0.0,0.0,0.0,0.0,0.0,0.0,0.0,0.0,0.0,0.0,0.0,0.0,0.0,0.0,0.0,0.0,0.0,0.0,0.0,0.0,0.0,0.0,0.0,0.0,0.0,0.0,0.0,0.0,0.0,0.0
0.0,0.0,0.0,0.0,0.0,0.0,0.0,0.0,0.0,0.0,0.0,0.0,0.0,0.0,0.0,0.0,0.0,0.0,0.0,0.0,0.0,0.0,0.0,0.0,0.0,0.0,0.0,0.0,0.0,0.0,0.0,0.0,0.0,0.0,0.0,0.0,0.0
0.0,0.0,0.0,0.0,0.0,0.0,0.0,0.0,0.0,0.0,0.0,0.0,0.0,0.0,0.0,0.0,0.0,0.0,0.0,0.0,0.0,0.0,0.0,0.0,0.0,0.0,0.0,0.0,0.0,0.0,0.0,0.0,0.0,0.0,0.0,0.0,0.0
0.0,0.0,0.0,0.0,0.0,0.0,0.0,0.0,0.0,0.0,0.0,0.0,0.0,0.0,0.0,0.0,0.0,0.0,0.0,0.0,0.0,0.0,0.0,0.0,0.0,0.0,0.0,0.0,0.0,0.0,0.0,0.0,0.0,0.0,0.0,0.0,0.0
0.0,0.0,0.0,0.0,0.0,0.0,0.0,0.0,0.0,0.0,0.0,0.0,0.0,0.0,0.0,0.0,0.0,0.0,0.0,0.0,0.0,0.0,0.0,0.0,0.0,0.0,0.0,0.0,0.0,0.0,0.0,0.0,0.0,0.0,0.0,0.0,0.0
0.0,0.0,0.0,0.0,0.0,0.0,0.0,0.0,0.0,0.0,0.0,0.0,0.0,0.0,0.0,0.0,0.0,0.0,0.0,0.0,0.0,0.0,0.0,0.0,0.0,0.0,0.0,0.0,0.0,0.0,0.0,0.0,0.0,0.0,0.0,0.0,0.0
0.0,0.0,0.0,0.0,0.0,0.0,0.0,0.0,0.0,0.0,0.0,0.0,0.0,0.0,0.0,0.0,0.0,0.0,0.0,0.0,0.0,0.0,0.0,0.0,0.0,0.0,0.0,0.0,0.0,0.0,0.0,0.0,0.0,0.0,0.0,0.0,0.0
0.0,0.0,0.0,0.0,0.0,0.0,0.0,0.0,0.0,0.0,0.0,0.0,0.0,0.0,0.0,0.0,0.0,0.0,0.0,0.0,0.0,0.0,0.0,0.0,0.0,0.0,0.0,0.0,0.0,0.0,0.0,0.0,0.0,0.0,0.0,0.0,0.0
0.0,0.0,0.0,0.0,0.0,0.0,0.0,0.0,0.0,0.0,0.0,0.0,0.0,4.100855528376988,0.0,0.0,0.0,0.0,0.0,0.0,0.0,0.0,0.0,0.0,0.0,0.0,0.0,0.0,0.2923493877050655,0.0,0.0,0.0,0.6811904152855174,0.0,0.0,0.0,0.0
0.0,0.0,0.0,0.0,0.0,0.0,0.0,0.0,0.0,0.0,1.9662630125414269,0.0,0.0,8.615310704335544,0.0,0.0,0.0,0.0,0.0,0.0,0.0,31.45425863265954,0.0,0.0,0.0,0.0,0.0,0.0,0.0962520450353622,0.0,0.0,0.3568060845136115,0.652281771413961,0.0,0.0,0.0,0.0
0.0,0.0,0.0,0.0502864681184243,0.0,0.0,0.0,0.0,0.0,0.0,1.994038306455864,0.0,0.0,12.66641380963832,0.004771348088977,0.0,0.0,0.0,0.0,0.0,0.0,30.51105432510357,0.0,0.0,0.0,0.0,0.0,0.0,0.0,0.0,0.0,0.400891602039306,0.1548055969178507,0.0,0.0,0.0,0.0
0.0,0.0,0.0,0.13242890872061,2.954445250332198,0.2376786977983589,2.447570887952969,0.0,0.0,0.0,1.7626393291166191,0.0,0.0,6.738290186040075,0.0,0.0,1.6409804344176635,0.0,0.0,0.0,0.0,0.0,0.0,0.0,0.0,0.0,0.0,0.0,0.0,0.5978782594203782,0.0,0.5079903900622726,0.0,0.0,0.0,0.0,0.0
0.0,0.0,0.0,0.1766447294503392,6.979958243668056,0.3325257920659678,1.3751727018504838,0.0,0.0,0.0,2.221621955418957,0.0,0.0,27.92856601066883,0.0,0.0,0.0,0.0,0.0,0.0,0.0,0.0,0.0,0.0,0.0,0.0,0.0,0.0,0.0,0.4718978568911313,0.0,1.0526701211929113,0.5209766589104915,0.0,0.0,0.0,0.0
0.0,0.0,0.0,0.171032207086678,16.573481641709783,0.8143897661938875,1.0542935937642597,0.0,0.0,0.0,2.379678899748035,0.0,0.0,64.94322501122949,0.0299861378967735,0.0558918779715893,0.0,0.0,0.0,0.0,0.0,0.0,0.0,0.0,0.0,0.0,0.0,0.0,0.0,0.6962076418101527,0.0,1.98563341796394,1.3249567709863022,0.0,0.0,0.0,0.0
0.0,0.0,0.0,0.2492152787744967,29.601943109184496,1.528854254633155,4.069368369877279,0.0,0.0,0.0,6.950102188996784,0.0,0.0,164.7032847441733,0.2115730024874177,0.2009589988738293,9.157769060134816,0.0,0.0,0.0,0.0,82.86142272949175,0.0,0.0,0.0,0.0,0.0,0.0,3.37657750397919,1.6272454015910278,0.0,9.607449322938914,4.534202089533197,0.0,0.0,0.0,0.0
0.0,0.0,0.0,0.4804381504654874,51.39330272376523,4.244036543183026,12.34084945395576,0.0,0.0,0.0,33.10976929143051,0.0,0.0,382.522929534316,0.5381352324038714,0.4710914790630334,64.42122943401331,0.0,0.0,0.0,0.0,288.1343765258785,0.0,0.0,0.0,5.023401544988138,0.0,0.0,6.567719611525368,2.9825349219143336,0.0,51.02407294511792,15.303945723921045,0.0,0.0,0.0,0.0
0.0,0.0,0.0,0.4756233915686558,75.79411074519147,12.434557684697184,27.50060660112637,0.0,0.0,0.0,87.9148455582558,0.0,0.0,658.4166332334279,0.9578611392527816,0.7509270757436747,181.53211227655407,0.0,0.0,0.0,0.0,533.9244934082029,0.0,0.0,0.0,5.611335176974459,0.0,0.0,3.140188607573404,2.938051954656826,0.0,124.40872943401332,1.0566289434209346,0.0,0.0,0.0,0.0
0.0,0.0,0.0,1.324610710144042,99.72738710045805,18.00761622376739,29.871384551562265,0.0,0.0,0.0,155.45990190207937,0.0,0.0,774.2031842470169,2.9322626307606674,1.465881258249282,405.6302494883536,0.0,0.0,0.0,0.0,586.3209075927731,0.0,0.0,0.0,24.55451529622071,0.0,0.0,0.0,55.92377087473869,0.0,214.43771630525583,3.3015414988622056,0.0,0.0,0.0,0.0
0.0,0.0,0.0,2.224613316357134,126.02024361491192,27.568688023835403,23.257737304642674,0.0,0.0,0.0,227.3442061163485,0.0,0.0,830.327183753252,4.745938731729983,2.0143231749534607,604.8705606222153,0.0,0.0,0.0,0.0,509.050096130371,0.0,0.0,0.0,47.0085839897394,0.0,0.0,0.0,141.05603979229923,0.0,260.4799867272377,13.25024553760886,0.0,0.0,0.0,0.0
0.0,0.0,0.0,3.4126972258090964,158.77501821517944,48.45278331637383,11.562108322232868,0.0,0.0,0.0,259.79524269998063,0.0,0.0,836.1692474782467,6.018437522649765,2.323180004954337,732.9982467532158,0.0,0.0,0.0,0.0,267.13817977905234,0.0,0.0,0.0,56.40735938251011,0.0,0.0,1.3029173195360046,186.563204818964,0.0,291.88365858793253,0.0,0.0,0.0,0.0,0.0
0.0,0.0,0.0,5.143883675336837,0.0,65.26059594005342,0.0,0.0,0.0,0.0,212.7033809162675,0.0,0.0,0.0,6.240020549297332,2.220916062593459,783.657450401783,0.0,0.0,0.0,0.0,86.68580274581895,0.0,0.0,0.0,0.0,0.0,0.0,0.0,206.2341188728809,0.0,298.2049180865288,0.0,0.0,0.0,0.0,0.0
0.0,0.0,0.0,0.0,0.0,0.0,0.0,0.0,0.0,0.0,96.28838626593334,0.0,0.0,0.0,0.0,0.0,732.2300330638885,0.0,0.0,0.0,0.0,0.0,0.0,0.0,0.0,0.0,0.0,0.0,0.0,0.0,0.0,223.6507955789566,0.0,0.0,0.0,0.0,0.0
0.0,0.0,0.0,0.0,0.0,0.0,0.0,0.0,0.0,0.0,0.0,0.0,0.0,0.0,0.0,0.0,607.203576874733,0.0,0.0,0.0,0.0,0.0,0.0,0.0,0.0,0.0,0.0,0.0,0.0,0.0,0.0,0.0,0.0,0.0,0.0,0.0,0.0
0.0,0.0,0.0,0.0,0.0,0.0,0.0,0.0,0.0,0.0,0.0,0.0,0.0,0.0,0.0,0.0,487.827428895235,0.0,0.0,0.0,0.0,0.0,0.0,0.0,0.0,0.0,0.0,0.0,0.0,0.0,0.0,0.0,0.0,0.0,0.0,0.0,0.0
0.0,0.0,0.0,0.0,0.0,0.0,0.0,0.0,0.0,0.0,0.0,0.0,0.0,0.0,0.0,0.0,0.0,0.0,0.0,0.0,0.0,0.0,0.0,0.0,0.0,0.0,0.0,0.0,0.0,0.0,0.0,0.0,0.0,0.0,0.0,0.0,0.0
0.0,0.0,0.0,0.0,0.0,0.0,0.0,0.0,0.0,0.0,0.0,0.0,0.0,0.0,0.0,0.0,0.0,0.0,0.0,0.0,0.0,0.0,0.0,0.0,0.0,0.0,0.0,0.0,0.0,0.0,0.0,0.0,0.0,0.0,0.0,0.0,0.0
0.0,0.0,0.0,0.0,0.0,0.0,0.0,0.0,0.0,0.0,0.0,0.0,0.0,0.0,0.0,0.0,0.0,0.0,0.0,0.0,0.0,0.0,0.0,0.0,0.0,0.0,0.0,0.0,0.0,0.0,0.0,0.0,0.0,0.0,0.0,0.0,0.0
0.0,0.0,0.0,0.0,0.0,0.0,0.0,0.0,0.0,0.0,0.0,0.0,0.0,0.0,0.0,0.0,0.0,0.0,0.0,0.0,0.0,0.0,0.0,0.0,0.0,0.0,0.0,0.0,0.0,0.0,0.0,0.0,0.0,0.0,0.0,0.0,0.0
0.0,0.0,0.0,0.0,0.0,0.0,0.0,0.0,0.0,0.0,0.0,0.0,0.0,0.0,0.0,0.0,0.0,0.0,0.0,0.0,0.0,0.0,0.0,0.0,0.0,0.0,0.0,0.0,0.0,0.0,0.0,0.0,0.0,0.0,0.0,0.0,0.0
0.0,0.0,0.0,0.0,0.0,0.0,0.0,0.0,0.0,0.0,0.0,0.0,0.0,0.0,0.0,0.0,0.0,0.0,0.0,0.0,0.0,0.0,0.0,0.0,0.0,0.0,0.0,0.0,0.0,0.0,0.0,0.0,0.0,0.0,0.0,0.0,0.0
0.0,0.0,0.0,0.0,0.0,0.0,0.0,0.0,0.0,0.0,0.0,0.0,0.0,0.0,0.0,0.0,0.0,0.0,0.0,0.0,0.0,0.0,0.0,0.0,0.0,0.0,0.0,0.0,0.0,0.0,0.0,0.0,0.0,0.0,0.0,0.0,0.0
0.0,0.0,0.0,0.0,0.0,0.0,0.0,0.0,0.0,0.0,0.0,0.0,0.0,0.0,0.0,0.0,0.0,0.0,0.0,0.0,0.0,0.0,0.0,0.0,0.0,0.0,0.0,0.0,0.0,0.0,0.0,0.0,0.0,0.0,0.0,0.0,0.0
0.0,0.0,0.0,0.0,0.0,0.0,0.0,0.0,0.0,0.0,0.0,0.0,0.0,0.0,0.0,0.0,0.0,0.0,0.0,0.0,0.0,0.0,0.0,0.0,0.0,0.0,0.0,0.0,0.0,0.0,0.0,0.0,0.0,0.0,0.0,0.0,0.0
0.0,0.0,0.0,0.0,0.0,0.0,8.831068817153488,0.0,0.0,0.0,0.0,0.0,0.0,0.0,0.0,0.0,0.0,0.0,0.0,0.0,0.0,28.43314619064324,0.0,0.0,0.0,0.0,0.0,0.0,0.0,0.0,0.0,0.0,0.0,0.0,0.0,0.0,0.0
0.0,0.0,0.0,0.0,2.0004161074757025,0.0,6.907675459608392,0.0,0.0,0.0,0.0,0.0,0.0,3.635294167324755,0.0,0.0,0.0,0.0,0.0,0.0,0.0,27.94645290374727,0.0,0.0,0.0,0.9119283439591284,1.2409218084067049,0.0,0.0,0.4677477143704813,0.0,0.0,0.2606324087828153,0.0,0.0,0.0,0.0
0.0,0.0,0.0,0.0,2.892183631658399,0.0,6.998062424361562,0.0,0.0,0.0,0.0,0.0,0.0,2.5534958485513912,0.0,0.0,5.419660246372101,0.0,0.0,0.0,0.0,10.611188507079827,0.0,0.0,0.0,0.0,0.0,0.0,0.0,0.5411703839898095,0.0,0.5511115789413304,0.0,0.0,0.0,0.0,0.0
0.0,0.0,0.0,0.074851704761385,4.678211588412405,0.0,0.7560523092745481,0.0,0.0,0.0,0.0,0.0,0.0,11.179182962514362,0.0,0.0,0.0,0.0,0.0,0.0,0.0,42.991289854049576,0.0,0.0,0.0,0.0,0.0274929169565382,0.0,0.0,0.3931593731045483,0.0,1.0976616591214663,0.9938512882217608,0.0,0.0,0.0,0.0
0.0,0.0,0.0,0.0614865683019104,21.084291968494487,0.0,0.5024180203675811,0.0,0.0,0.0,0.0,0.0,0.0,23.52144564501933,0.0,0.0223141144961111,4.419726097583723,0.0,0.0,0.0,0.0,321.8776748657226,0.0,0.0,0.0,2.45243084412065,1.183153795264655,0.0,0.0,0.6561149805783928,0.0,0.0,2.845480490475884,0.0,0.0,0.0,0.0
0.0,0.0,0.0,0.3163766730576706,113.23216354846936,0.0,10.52105743028218,0.0,0.0,0.0,0.0,0.0,0.0,52.12747995741656,0.0,0.2806103117763985,16.083949363231614,0.0,0.0,0.0,0.0,1065.55975189209,0.0,0.0,0.0,35.5206505030393,5.416510887444013,0.0,6.415055464207914,1.6019989453256114,0.0,0.0,11.179364982992396,0.0,0.0,0.0,0.0
0.0,0.0,0.0,1.6034174934029546,302.0136480331419,0.0,0.0,0.0,0.0,0.0,0.0,0.0,0.0,131.0765590518712,0.0,0.7739878408610816,101.84288856983176,0.0,0.0,0.0,0.0,2042.756964111328,0.0,0.0,0.0,159.70371185541146,15.073634701967231,0.0,20.2495295822618,4.2804780833422855,0.0,0.0,40.62285205721853,0.0,0.0,0.0,0.0
0.0,0.0,0.0,3.66543626785278,614.9502155780792,0.0,0.0,0.0,0.0,0.0,0.0,0.0,0.0,333.40529121458525,0.0,1.2170395925641055,262.5349905848502,0.0,0.0,0.0,0.0,2703.269073486328,0.0,0.0,0.0,454.626975774765,33.28244709968567,0.0,38.831181265413534,5.798771260678731,0.0,0.0,1.0566289434209346,0.0,0.0,0.0,0.0
0.0,0.0,0.0,6.090217307209969,998.0044094324112,0.0,0.0,0.0,0.0,0.0,0.0,0.0,0.0,451.8099637329578,0.0,2.1682447344064704,560.6138527154923,0.0,0.0,0.0,0.0,3015.802536010742,0.0,0.0,0.0,554.9612067222595,49.44592856168747,0.0,0.0,72.32825038433073,0.0,0.0,3.3015414988622056,0.0,0.0,0.0,0.0
0.0,0.0,0.0,8.598817557096478,1254.4874367713928,0.0,870.9553059995175,0.0,0.0,0.0,0.0,0.0,0.0,558.2495860755444,0.0,2.894259274005889,795.3984643936158,0.0,0.0,0.0,0.0,3147.2532653808594,0.0,0.0,0.0,601.739441204071,58.904778230190274,0.0,0.0,158.14096694588662,0.0,429.6052724123001,13.25024553760886,0.0,0.0,0.0,0.0
0.0,0.0,0.0,10.979135870933533,1367.786004304886,0.0,0.0,0.0,0.0,0.0,0.0,0.0,0.0,0.0,0.0,3.391717314720154,926.3898991703988,0.0,0.0,0.0,0.0,3115.891683959961,0.0,0.0,0.0,615.1076735019684,62.00722496509552,0.0,0.0,205.5940655589104,0.0,433.9241371154785,0.0,0.0,0.0,0.0,0.0
0.0,0.0,0.0,0.0,0.0,0.0,0.0,0.0,0.0,0.0,0.0,0.0,0.0,0.0,0.0,3.4337600767612457,959.0252223730088,0.0,0.0,0.0,0.0,2959.287210083008,0.0,0.0,0.0,0.0,0.0,0.0,0.0,222.66059970259667,0.0,0.0,0.0,0.0,0.0,0.0,0.0
0.0,0.0,0.0,0.0,0.0,0.0,0.0,0.0,0.0,0.0,0.0,0.0,0.0,0.0,0.0,2.5167693793773647,922.5802701830864,0.0,0.0,0.0,0.0,2483.166815185547,0.0,0.0,0.0,542.1156037807465,0.0,0.0,0.0,225.0132648289204,0.0,0.0,0.0,0.0,0.0,0.0,0.0
0.0,0.0,0.0,0.0,0.0,0.0,0.0,0.0,0.0,0.0,0.0,0.0,0.0,0.0,0.0,0.0,799.2008004069327,0.0,0.0,0.0,0.0,0.0,0.0,0.0,0.0,0.0,0.0,0.0,0.0,0.0,0.0,0.0,0.0,0.0,0.0,0.0,0.0
0.0,0.0,0.0,0.0,0.0,0.0,0.0,0.0,0.0,0.0,0.0,0.0,0.0,0.0,0.0,0.0,0.0,0.0,0.0,0.0,0.0,0.0,0.0,0.0,0.0,0.0,0.0,0.0,0.0,0.0,0.0,0.0,0.0,0.0,0.0,0.0,0.0
0.0,0.0,0.0,0.0,0.0,0.0,0.0,0.0,0.0,0.0,0.0,0.0,0.0,0.0,0.0,0.0,0.0,0.0,0.0,0.0,0.0,0.0,0.0,0.0,0.0,0.0,0.0,0.0,0.0,0.0,0.0,0.0,0.0,0.0,0.0,0.0,0.0
0.0,0.0,0.0,0.0,0.0,0.0,0.0,0.0,0.0,0.0,0.0,0.0,0.0,0.0,0.0,0.0,0.0,0.0,0.0,0.0,0.0,0.0,0.0,0.0,0.0,0.0,0.0,0.0,0.0,0.0,0.0,0.0,0.0,0.0,0.0,0.0,0.0
0.0,0.0,0.0,0.0,0.0,0.0,0.0,0.0,0.0,0.0,0.0,0.0,0.0,0.0,0.0,0.0,0.0,0.0,0.0,0.0,0.0,0.0,0.0,0.0,0.0,0.0,0.0,0.0,0.0,0.0,0.0,0.0,0.0,0.0,0.0,0.0,0.0
0.0,0.0,0.0,0.0,0.0,0.0,0.0,0.0,0.0,0.0,0.0,0.0,0.0,0.0,0.0,0.0,0.0,0.0,0.0,0.0,0.0,0.0,0.0,0.0,0.0,0.0,0.0,0.0,0.0,0.0,0.0,0.0,0.0,0.0,0.0,0.0,0.0
0.0,0.0,0.0,0.0,0.0,0.0,0.0,0.0,0.0,0.0,0.0,0.0,0.0,0.0,0.0,0.0,0.0,0.0,0.0,0.0,0.0,0.0,0.0,0.0,0.0,0.0,0.0,0.0,0.0,0.0,0.0,0.0,0.0,0.0,0.0,0.0,0.0
0.0,0.0,0.0,0.0,0.0,0.0,0.0,0.0,0.0,0.0,0.0,0.0,0.0,0.0,0.0,0.0,0.0,0.0,0.0,0.0,0.0,0.0,0.0,0.0,0.0,0.0,0.0,0.0,0.0,0.0,0.0,0.0,0.0,0.0,0.0,0.0,0.0
0.0,0.0,0.0,0.0,0.0,0.0,0.0,0.0,0.0,0.0,0.0,0.0,0.0,0.0,0.0,0.0,0.0,0.0,0.0,0.0,0.0,0.0,0.0,0.0,0.0,0.0,0.0,0.0,0.0,0.0,0.0,0.0,0.0,0.0,0.0,0.0,0.0
0.0,0.0,0.0,0.0,0.0,0.0,0.0,0.0,0.0,0.0,0.0,0.0,0.0,0.0,0.0,0.0,0.0,0.0,0.0,0.0,0.0,0.0,0.0,0.0,0.0,0.0,0.0,0.0,0.0,0.0,0.0,0.0,0.0,0.0,0.0,0.0,0.0
0.0,0.0,0.0,0.0,0.0,0.0,0.0,0.0,0.0,0.0,0.0,0.0,0.0,0.0,0.0,0.0,0.0,0.0,0.0,0.0,0.0,0.0,0.0,0.0,0.0,0.0,0.0,0.0,0.0,0.0,0.0,0.0,0.0,0.0,0.0,0.0,0.0
0.0,0.0,0.0,0.0,0.0,0.0,2.8633078601211257,0.0,0.0,0.0,2.0879403081256687,0.0,0.0,0.0,0.0,0.0,0.0,0.0,0.0,0.0,0.0,0.0,0.0,0.0,0.0,0.0,0.0,0.0,0.0,0.2892007924616142,0.0,0.0,0.0,0.0,0.0,0.0,0.0
0.0,0.0,0.0,0.0,0.0,0.0,0.0,0.0,0.0,0.0,0.0,0.0,0.0,2.0171006256713917,0.0,0.0,0.0,0.0,0.0,0.0,0.0,0.0,0.0,0.0,0.0,0.0,0.0,0.0,0.0,0.3165296420454799,0.0,0.0,0.0,0.0,0.0,0.0,0.0
0.0,0.0,0.0,0.0,0.0,0.0,0.0,0.0,0.0,0.0,1.871181766083425,0.0,0.0,1.160484906285962,0.0,0.0,4.2899847030638165,0.0,0.0,0.0,0.0,0.0,0.0,0.0,0.0,0.0,0.0,0.0,0.0,0.4475476205348825,0.0,0.5753408968448596,0.0,0.0,0.0,0.0,0.0
0.0,0.0,0.0,0.063037576153872,0.0,0.0,0.0,0.0,0.0,0.0,2.2473396631888547,0.0,0.0,14.173687600996212,0.0,0.0,0.0,0.0,0.0,0.0,0.0,77.39593715667722,0.0,0.0,0.0,0.0,0.0,0.0,0.0,0.34063971489667,0.0,0.0,0.0,0.0,0.0,0.0,0.0
0.0,0.0,0.0,0.0527032017707804,0.0,0.0,0.0,0.0,0.0,0.0,2.522311364626369,0.0,0.0,36.18535710964352,0.0,0.0,0.0,0.0,0.0,0.0,0.0,403.5948875427242,0.0,0.0,0.0,0.0,0.0,0.0,7.540214774012547,0.5825839444994901,0.0,0.0,0.0,0.0,0.0,0.0,0.0
0.0,0.0,0.0,0.3448240198194942,142.74887678027144,0.0,2.392922785132999,0.0,0.0,0.0,23.148022126592693,0.0,0.0,108.18207388743753,0.0,0.5842425487935543,9.317233920097312,0.0,0.0,0.0,0.0,1187.8982208251953,0.0,0.0,0.0,43.587213626503925,0.0,0.0,89.37987089827645,0.9957881838083212,0.0,0.0,0.0,0.0,0.0,0.0,0.0
0.0,0.0,0.0,1.976605191826815,362.576762497425,0.0,45.88678343221544,0.0,0.0,0.0,120.12712586373073,0.0,0.0,306.451709382236,0.0,1.1938346549868584,68.99496598243707,0.0,0.0,0.0,0.0,2111.5076171875,0.0,0.0,0.0,194.83429138660424,0.0,0.0,651.729390734434,1.6828110359609023,0.0,0.0,40.62285205721853,0.0,0.0,0.0,0.0
0.0,0.0,0.0,4.698868855834006,0.0,0.0,174.61993207633483,0.0,0.0,0.0,389.4404103085399,0.0,0.0,595.0937100499868,0.0,0.0,197.21586735248547,0.0,0.0,0.0,0.0,2724.385659790039,0.0,0.0,0.0,502.85789160728456,0.0,0.0,1469.3033720254898,1.9071032479405208,0.0,0.0,1.0566289434209346,0.0,0.0,0.0,0.0
0.0,0.0,0.0,8.25558248162269,0.0,0.0,455.9825459569692,0.0,0.0,0.0,511.410963834822,0.0,0.0,735.2536193281411,0.0,0.0,457.3585786104201,0.0,0.0,0.0,0.0,2997.9609802246096,0.0,0.0,0.0,609.3268264770508,0.0,0.0,1861.347886896133,62.37224885076285,0.0,0.0,3.3015414988622056,0.0,0.0,0.0,0.0
0.0,0.0,0.0,12.420572042465206,0.0,232.35260647535324,0.0,0.0,0.0,0.0,593.6681298255919,0.0,0.0,811.0692048072815,0.0,0.0,689.840571641922,0.0,0.0,0.0,0.0,3096.851528930664,0.0,0.0,0.0,635.7266075134278,0.0,0.0,2016.56084805727,142.6859650671482,0.0,0.0,13.25024553760886,0.0,0.0,0.0,0.0
0.0,0.0,0.0,15.727788031101229,0.0,237.4812091886997,0.0,0.0,0.0,0.0,612.5483199089764,0.0,0.0,0.0,0.0,0.0,829.2794765830039,0.0,0.0,0.0,0.0,3053.183187866211,0.0,0.0,0.0,630.7572141647339,0.0,0.0,2037.7342558979988,186.692682236433,0.0,460.8657751083374,0.0,0.0,0.0,0.0,0.0
0.0,0.0,0.0,0.0,0.0,230.24407416582108,0.0,0.0,0.0,0.0,0.0,0.0,0.0,0.0,0.0,5.153244614601135,876.7575340032578,0.0,0.0,0.0,0.0,2906.203359985352,0.0,0.0,0.0,0.0,0.0,0.0,1964.49614944458,205.9081759929657,0.0,444.1549195051193,0.0,0.0,0.0,0.0,0.0
0.0,0.0,0.0,0.0,0.0,0.0,742.8415214091539,0.0,0.0,0.0,0.0,0.0,0.0,0.0,0.0,0.0,845.4929834842682,0.0,0.0,0.0,0.0,0.0,0.0,0.0,0.0,0.0,0.0,0.0,0.0,0.0,0.0,0.0,0.0,0.0,0.0,0.0,0.0
0.0,0.0,0.0,0.0,0.0,0.0,0.0,0.0,0.0,0.0,0.0,0.0,0.0,0.0,0.0,0.0,0.0,0.0,0.0,0.0,0.0,0.0,0.0,0.0,0.0,0.0,0.0,0.0,0.0,0.0,0.0,0.0,0.0,0.0,0.0,0.0,0.0
0.0,0.0,0.0,0.0,0.0,0.0,0.0,0.0,0.0,0.0,0.0,0.0,0.0,0.0,0.0,0.0,0.0,0.0,0.0,0.0,0.0,0.0,0.0,0.0,0.0,0.0,0.0,0.0,0.0,0.0,0.0,0.0,0.0,0.0,0.0,0.0,0.0
0.0,0.0,0.0,0.0,0.0,0.0,0.0,0.0,0.0,0.0,0.0,0.0,0.0,0.0,0.0,0.0,0.0,0.0,0.0,0.0,0.0,0.0,0.0,0.0,0.0,0.0,0.0,0.0,0.0,0.0,0.0,0.0,0.0,0.0,0.0,0.0,0.0
0.0,0.0,0.0,0.0,0.0,0.0,0.0,0.0,0.0,0.0,0.0,0.0,0.0,0.0,0.0,0.0,0.0,0.0,0.0,0.0,0.0,0.0,0.0,0.0,0.0,0.0,0.0,0.0,0.0,0.0,0.0,0.0,0.0,0.0,0.0,0.0,0.0
0.0,0.0,0.0,0.0,0.0,0.0,0.0,0.0,0.0,0.0,0.0,0.0,0.0,0.0,0.0,0.0,0.0,0.0,0.0,0.0,0.0,0.0,0.0,0.0,0.0,0.0,0.0,0.0,0.0,0.0,0.0,0.0,0.0,0.0,0.0,0.0,0.0
0.0,0.0,0.0,0.0,0.0,0.0,0.0,0.0,0.0,0.0,0.0,0.0,0.0,0.0,0.0,0.0,0.0,0.0,0.0,0.0,0.0,0.0,0.0,0.0,0.0,0.0,0.0,0.0,0.0,0.0,0.0,0.0,0.0,0.0,0.0,0.0,0.0
0.0,0.0,0.0,0.0,0.0,0.0,0.0,0.0,0.0,0.0,0.0,0.0,0.0,0.0,0.0,0.0,0.0,0.0,0.0,0.0,0.0,0.0,0.0,0.0,0.0,0.0,0.0,0.0,0.0,0.0,0.0,0.0,0.0,0.0,0.0,0.0,0.0
0.0,0.0,0.0,0.0,0.0,0.0,0.0,0.0,0.0,0.0,0.0,0.0,0.0,0.0,0.0,0.0,0.0,0.0,0.0,0.0,0.0,0.0,0.0,0.0,0.0,0.0,0.0,0.0,0.0,0.0,0.0,0.0,0.0,0.0,0.0,0.0,0.0
0.0,0.0,0.0,0.0,0.0,0.0,0.0,0.0,0.0,0.0,0.0,0.0,0.0,0.0,0.0,0.0,0.0,0.0,0.0,0.0,0.0,0.0,0.0,0.0,0.0,0.0,0.0,0.0,0.0,0.0,0.0,0.0,0.0,0.0,0.0,0.0,0.0
0.0,0.0,0.0,0.0,0.0,0.0,0.0,0.0,0.0,0.0,0.0,0.0,0.0,0.0,0.0,0.0,0.0,0.0,0.0,0.0,0.0,0.0,0.0,0.0,0.0,0.0,0.0,0.0,0.0,0.0,0.0,0.0,0.0,0.0,0.0,0.0,0.0
0.0,0.0,0.0,0.0,0.0,0.0,0.0,0.0,0.0,0.0,0.0,0.0,0.0,0.0,0.0,0.0,0.0,0.0,0.0,0.0,0.0,0.0,0.0,0.0,0.0,0.0,0.0,0.0,0.0,0.0,0.0,0.0,0.0,0.0,0.0,0.0,0.0
0.0,0.0,0.0,0.0,0.0,0.0,0.0,0.0,0.0,0.0,0.0,0.0,0.0,4.117923825979168,0.0,0.0,0.0,0.0,0.0,0.0,0.0,0.0,0.0,0.0,0.0,0.0,0.0,0.0,0.0,0.0,0.0,0.0,0.5960834659635912,0.0,0.0,0.0,0.0
0.0,0.0,0.0,0.0,0.0,0.0,0.0,0.0,0.0,0.0,0.0,0.0,0.0,3.0934219527988693,0.0,0.0034255608916281,0.0,0.0,0.0,0.0,0.0,0.0,0.0,0.0,0.0,0.0,0.0,0.0,0.0,0.3760726183652849,0.0,0.0,0.1824104320257876,0.0,0.0,0.0,0.0
0.0,0.0,0.0,0.0343082752078768,0.0,0.0,0.0,0.0,0.0,0.0,1.7919307949019512,0.0,0.0,1.5510185947641482,0.001945935934782,0.0,6.302661669254151,0.0,0.0,0.0,0.0,15.874963855743085,0.0,0.0,0.0,0.0,1.5930144961923358,0.0,0.0,0.4744166448712287,0.0,0.4882911741733494,0.0,0.0,0.0,0.0,0.0
0.0,0.0,0.0,0.0933098010718778,5.723948229104258,0.1877871667966229,0.0,0.0,0.0,0.0,2.197542264219241,0.0,0.0,8.085743938572692,0.0002701453864574,0.0115159871056672,0.0,0.0,0.0,0.0,0.0,0.0,0.0,0.0,0.0,0.0,0.5133304046466894,0.0,3.549132169782924,0.3568917550146371,0.0,1.1049591600894488,0.7175349714234265,0.0,0.0,0.0,0.0
0.0,0.0,0.0,0.0869033262133546,15.210636215284325,0.6059151976369154,0.5813472431153012,0.0,0.0,0.0,2.359560750564343,0.0,0.0,15.446920292451884,0.1056247539818269,0.1760676987469192,0.0,0.0,0.0,0.0,0.0,34.24581270217874,0.0,0.0,0.0,0.0,0.0776350647210989,0.0,15.978703427314535,0.5835709579288686,0.0,2.1642674505710278,1.7427467079833128,0.0,0.0,0.0,0.0
0.0,0.0,0.0,0.3391666896641231,50.677725687622825,4.14870666386556,15.96993907093997,0.0,0.0,0.0,10.5723067164886,0.0,0.0,30.753063405863895,1.0224100649356835,0.5823980905115593,9.44850745201098,0.0,0.0,0.0,0.0,251.69699687957737,0.0,0.0,0.0,0.8149493707343745,0.0567401405423792,0.0,107.78632697314004,0.9081841520965,0.0,26.17353228479618,7.586932506412244,0.0,0.0,0.0,0.0
0.0,0.0,0.0,1.596936993300914,131.97183477878554,28.83314406871796,62.64346478804932,0.0,0.0,0.0,62.85336155481636,0.0,0.0,79.19708296656599,3.6257177308201776,0.0,64.02630569934841,0.0,0.0,0.0,0.0,735.9538551330565,0.0,0.0,0.0,23.985305279493264,0.4593750955536956,0.0,556.898859989643,1.7270919144153525,0.0,112.90567910671233,28.895362377166744,0.0,0.0,0.0,0.0
0.0,0.0,0.0,3.6006317287683487,245.6591304838656,129.91174332797527,155.5511214494704,0.0,0.0,0.0,200.0026623800396,0.0,0.0,225.04605300724504,8.82535007894039,1.9319731444120407,174.8480709671974,0.0,0.0,0.0,0.0,1433.112124633789,0.0,0.0,0.0,57.08174600005148,0.6236685361713105,0.0,1094.261500126123,1.7836387045681372,0.0,283.543642103672,1.0566289434209346,0.0,0.0,0.0,0.0
0.0,0.0,0.0,5.83789816498756,396.7812786102295,176.90346023440358,271.5767502292991,0.0,0.0,0.0,304.43358027935017,0.0,0.0,310.02984367310995,16.257315883040427,3.095334574580192,347.65864434242246,0.0,0.0,0.0,0.0,1871.388235473633,0.0,0.0,0.0,109.12844697237009,0.4585521755740031,0.0,1458.1414335250854,42.312111762166,0.0,365.0664788484573,3.3015414988622056,0.0,0.0,0.0,0.0
0.0,0.0,0.0,8.486852586269373,582.360363125801,196.0013556331396,436.9721686810255,0.0,0.0,0.0,395.0431813567876,0.0,0.0,404.0221901983023,0.0,4.149742692708969,498.3256036758422,0.0,0.0,0.0,0.0,2192.103842163086,0.0,0.0,0.0,156.005872285366,0.0558266792446345,0.0,1700.651347374916,112.71284500062464,0.0,401.1737062931061,13.25024553760886,0.0,0.0,0.0,0.0
0.0,0.0,0.0,11.321671575307844,774.1766295433044,0.0,671.854066503048,0.0,0.0,0.0,0.0,0.0,0.0,0.0,0.0,0.0,598.6073055267334,0.0,0.0,0.0,0.0,0.0,0.0,0.0,0.0,234.5584023475647,0.0,0.0,0.0,153.54158980250355,0.0,423.0382571220398,0.0,0.0,0.0,0.0,0.0
0.0,0.0,0.0,0.0,0.0,0.0,0.0,0.0,0.0,0.0,0.0,0.0,0.0,401.7250972241163,0.0,0.0,654.6843921422957,0.0,0.0,0.0,0.0,0.0,0.0,0.0,0.0,0.0,0.0,0.0,0.0,168.70954357385637,0.0,0.0,0.0,0.0,0.0,0.0,0.0
0.0,0.0,0.0,0.0,0.0,0.0,0.0,0.0,0.0,0.0,0.0,0.0,0.0,0.0,0.0,0.0,607.9718518495558,0.0,0.0,0.0,0.0,0.0,0.0,0.0,0.0,0.0,0.0,0.0,0.0,163.13308756947518,0.0,0.0,0.0,0.0,0.0,0.0,0.0
0.0,0.0,0.0,0.0,0.0,0.0,0.0,0.0,0.0,0.0,0.0,0.0,0.0,0.0,0.0,0.0,0.0,0.0,0.0,0.0,0.0,0.0,0.0,0.0,0.0,0.0,0.0,0.0,0.0,0.0,0.0,0.0,0.0,0.0,0.0,0.0,0.0
0.0,0.0,0.0,0.0,0.0,0.0,0.0,0.0,0.0,0.0,0.0,0.0,0.0,0.0,0.0,0.0,0.0,0.0,0.0,0.0,0.0,0.0,0.0,0.0,0.0,0.0,0.0,0.0,0.0,0.0,0.0,0.0,0.0,0.0,0.0,0.0,0.0
0.0,0.0,0.0,0.0,0.0,0.0,0.0,0.0,0.0,0.0,0.0,0.0,0.0,0.0,0.0,0.0,0.0,0.0,0.0,0.0,0.0,0.0,0.0,0.0,0.0,0.0,0.0,0.0,0.0,0.0,0.0,0.0,0.0,0.0,0.0,0.0,0.0
0.0,0.0,0.0,0.0,0.0,0.0,0.0,0.0,0.0,0.0,0.0,0.0,0.0,0.0,0.0,0.0,0.0,0.0,0.0,0.0,0.0,0.0,0.0,0.0,0.0,0.0,0.0,0.0,0.0,0.0,0.0,0.0,0.0,0.0,0.0,0.0,0.0
0.0,0.0,0.0,0.0,0.0,0.0,0.0,0.0,0.0,0.0,0.0,0.0,0.0,0.0,0.0,0.0,0.0,0.0,0.0,0.0,0.0,0.0,0.0,0.0,0.0,0.0,0.0,0.0,0.0,0.0,0.0,0.0,0.0,0.0,0.0,0.0,0.0
0.0,0.0,0.0,0.0,0.0,0.0,0.0,0.0,0.0,0.0,0.0,0.0,0.0,0.0,0.0,0.0,0.0,0.0,0.0,0.0,0.0,0.0,0.0,0.0,0.0,0.0,0.0,0.0,0.0,0.0,0.0,0.0,0.0,0.0,0.0,0.0,0.0
0.0,0.0,0.0,0.0,0.0,0.0,0.0,0.0,0.0,0.0,0.0,0.0,0.0,0.0,0.0,0.0,0.0,0.0,0.0,0.0,0.0,0.0,0.0,0.0,0.0,0.0,0.0,0.0,0.0,0.0,0.0,0.0,0.0,0.0,0.0,0.0,0.0
0.0,0.0,0.0,0.0,0.0,0.0,0.0,0.0,0.0,0.0,0.0,0.0,0.0,0.0,0.0,0.0,0.0,0.0,0.0,0.0,0.0,0.0,0.0,0.0,0.0,0.0,0.0,0.0,0.0,0.0,0.0,0.0,0.0,0.0,0.0,0.0,0.0
0.0,0.0,0.0,0.0,0.0,0.0,0.0,0.0,0.0,0.0,0.0,0.0,0.0,0.0,0.0,0.0,0.0,0.0,0.0,0.0,0.0,0.0,0.0,0.0,0.0,0.0,0.0,0.0,0.0,0.0,0.0,0.0,0.0,0.0,0.0,0.0,0.0
0.0,0.0,0.0,0.0,0.0,0.0,0.0,0.0,0.0,0.0,0.0,0.0,0.0,0.0,0.0,0.0,0.0,0.0,0.0,0.0,0.0,0.0,0.0,0.0,0.0,0.0,0.0,0.0,0.0,0.0,0.0,0.0,0.0,0.0,0.0,0.0,0.0
0.0,0.0,0.0,0.0,0.0,0.0,0.0,0.0,0.0,0.0,0.0,0.0,0.0,2.1188787790014945,0.0,0.0,0.0,0.0,0.0,0.0,0.0,0.0,0.0,0.0,0.0,0.0,0.0,0.0,0.0,0.0,0.0,0.0,0.6853245096280995,0.0,0.0,0.0,0.0
0.0,0.0,0.0,0.0598606690764384,0.0,0.0,0.0,0.0,0.0,0.0,0.0,0.0,0.0,4.044654481112886,0.0,0.0,0.0,0.0,0.0,0.0,0.0,16.4609208106991,0.0,0.0,0.0,0.0,0.0,0.0,0.0,0.3230023413896374,0.0,0.0,0.6704494105651914,0.0,0.0,0.0,0.0
0.0,0.0,0.0,0.0,0.0,0.0,0.0,0.0,0.0,0.0,0.0,0.0,0.0,3.726405701599988,0.0,0.0306460065767167,0.0,0.0,0.0,0.0,0.0,20.935670948028392,0.0,0.0,0.0,0.0,0.0,0.0,0.0,0.3329574115574,0.0,0.0,0.2461185995489255,0.0,0.0,0.0,0.0
0.0,0.0,0.0,0.0387023258954228,0.0,0.0,0.0,0.0,0.0,0.0,1.819778136117168,0.0,0.0,2.217054921202225,0.0,0.0,0.8931748151777705,0.0,0.0,0.0,0.0,3.655661487579244,0.0,0.0,0.0,0.0,0.0,0.0,0.0,0.4154418602585567,0.0,0.336936429142943,0.0,0.0,0.0,0.0,0.0
0.0,0.0,0.0,0.0651976466178876,0.0,0.0,0.0,0.0,0.0,0.0,2.278709905501388,0.0,0.0,22.302073831669844,0.0,0.0,0.0,0.0,0.0,0.0,0.0,0.0,0.0,0.0,0.0,0.0,0.7264743616804431,0.0,0.0,0.3090670004486708,0.0,0.9941421002149126,0.801826562732453,0.0,0.0,0.0,0.0
0.0,0.0,0.0,0.0660671256482546,0.0,0.4327142937108781,0.0,0.0,0.0,0.0,2.3787645347415296,0.0,0.0,67.09487184882158,0.0,0.0399926388636229,0.0,0.0,0.0,0.0,0.0,130.96491031646684,0.0,0.0,0.0,0.0,2.127415694668885,0.0,1.119543625414356,0.5441138513386203,0.0,3.246150001883474,1.7624662015586812,0.0,0.0,0.0,0.0
0.0,0.0,0.0,0.6536316405981751,0.0,3.9013622850179552,0.0,0.0,0.0,0.0,16.338767112744804,0.0,0.0,198.92353992909196,0.0,0.2660809047520156,8.112667500972611,0.0,0.0,0.0,0.0,547.0613502502439,0.0,0.0,0.0,19.130982379615244,6.666346900165072,0.0,25.236002062260887,0.8403936095535651,0.0,33.84340539574619,7.583604492247083,0.0,0.0,0.0,0.0
0.0,0.0,0.0,2.8029715046286543,373.14086085557926,30.31460637971759,0.0,0.0,0.0,0.0,92.65319309346376,0.0,0.0,447.1125770360231,9.311782282590864,0.6624263972043991,52.3550346016883,0.0,0.0,0.0,0.0,1252.5226287841797,0.0,0.0,0.0,112.56551021337508,16.53658339381218,0.0,170.8846083909272,1.2793919950723482,0.0,151.49477452039716,25.213781908154477,0.0,0.0,0.0,0.0
0.0,0.0,0.0,6.520776763558383,748.409676194191,142.78341650962827,0.0,0.0,0.0,0.0,308.95018317550404,0.0,0.0,755.3213622421026,0.0,1.0609241127967832,146.0115292191505,0.0,0.0,0.0,0.0,2020.327975463867,0.0,0.0,0.0,350.1019389390945,35.5136193037033,0.0,786.7041322231291,1.2373926699161315,0.0,343.2048703432083,1.0566289434209346,0.0,0.0,0.0,0.0
0.0,0.0,0.0,11.4955498278141,1146.7616329193115,184.454235047102,0.0,0.0,0.0,0.0,431.4148625180125,0.0,0.0,864.9813304841518,24.54686279296875,2.1985470056533813,310.6871271729469,0.0,0.0,0.0,0.0,2244.0339080810545,0.0,0.0,0.0,501.26663918495177,50.79484567642212,0.0,1241.3215871274472,33.78690188303587,0.0,416.3962843418121,3.3015414988622056,0.0,0.0,0.0,0.0
0.0,0.0,0.0,17.330624639987946,1383.6698627471924,202.21131701767445,1092.102737081051,0.0,0.0,0.0,510.4410545974968,0.0,0.0,918.7637154757977,0.0,2.985686019062995,460.7180349886417,0.0,0.0,0.0,0.0,2298.0480102539063,0.0,0.0,0.0,565.7685659408569,59.661570489406586,0.0,1540.4359502673149,98.97039635777472,0.0,452.2922385931015,13.25024553760886,0.0,0.0,0.0,0.0
0.0,0.0,0.0,20.85824692249298,1479.3623564243317,209.3320713192224,1193.583470702171,0.0,0.0,0.0,544.013503177464,0.0,0.0,931.8354764580728,28.34042580127716,3.3604040443897247,565.0278792619705,0.0,0.0,0.0,0.0,2268.1153503417963,0.0,0.0,0.0,582.8062937259674,0.0,0.0,1654.3209301233292,139.70060383081437,0.0,461.36912775039673,0.0,0.0,0.0,0.0,0.0
0.0,0.0,0.0,21.42432361841201,1469.363038778305,203.2500542104244,0.0,0.0,0.0,0.0,541.2819102972744,0.0,0.0,904.191332757473,0.0,3.425147891044616,615.0130650281906,0.0,0.0,0.0,0.0,2184.9646667480465,0.0,0.0,0.0,0.0,0.0,0.0,1611.6868113160133,157.81992105841636,0.0,449.98642563819885,0.0,0.0,0.0,0.0,0.0
0.0,0.0,0.0,0.0,0.0,0.0,0.0,0.0,0.0,0.0,0.0,0.0,0.0,0.0,0.0,0.0,547.7309673666954,0.0,0.0,0.0,0.0,1561.4966888427734,0.0,0.0,0.0,0.0,0.0,0.0,0.0,157.6402318954468,0.0,0.0,0.0,0.0,0.0,0.0,0.0
0.0,0.0,0.0,0.0,0.0,0.0,0.0,0.0,0.0,0.0,0.0,0.0,0.0,0.0,0.0,0.0,425.4290804624557,0.0,0.0,0.0,0.0,806.4511413574219,0.0,0.0,0.0,0.0,0.0,0.0,0.0,154.85625654458997,0.0,0.0,0.0,0.0,0.0,0.0,0.0
0.0,0.0,0.0,0.0,0.0,0.0,0.0,0.0,0.0,0.0,0.0,0.0,0.0,0.0,0.0,0.0,300.411510670185,0.0,0.0,0.0,0.0,0.0,0.0,0.0,0.0,0.0,0.0,0.0,0.0,0.0,0.0,0.0,0.0,0.0,0.0,0.0,0.0
0.0,0.0,0.0,0.0,0.0,0.0,0.0,0.0,0.0,0.0,0.0,0.0,0.0,0.0,0.0,0.0,0.0,0.0,0.0,0.0,0.0,0.0,0.0,0.0,0.0,0.0,0.0,0.0,0.0,0.0,0.0,0.0,0.0,0.0,0.0,0.0,0.0
0.0,0.0,0.0,0.0,0.0,0.0,0.0,0.0,0.0,0.0,0.0,0.0,0.0,0.0,0.0,0.0,0.0,0.0,0.0,0.0,0.0,0.0,0.0,0.0,0.0,0.0,0.0,0.0,0.0,0.0,0.0,0.0,0.0,0.0,0.0,0.0,0.0
0.0,0.0,0.0,0.0,0.0,0.0,0.0,0.0,0.0,0.0,0.0,0.0,0.0,0.0,0.0,0.0,0.0,0.0,0.0,0.0,0.0,0.0,0.0,0.0,0.0,0.0,0.0,0.0,0.0,0.0,0.0,0.0,0.0,0.0,0.0,0.0,0.0
0.0,0.0,0.0,0.0,0.0,0.0,0.0,0.0,0.0,0.0,0.0,0.0,0.0,0.0,0.0,0.0,0.0,0.0,0.0,0.0,0.0,0.0,0.0,0.0,0.0,0.0,0.0,0.0,0.0,0.0,0.0,0.0,0.0,0.0,0.0,0.0,0.0
0.0,0.0,0.0,0.0,0.0,0.0,0.0,0.0,0.0,0.0,0.0,0.0,0.0,0.0,0.0,0.0,0.0,0.0,0.0,0.0,0.0,0.0,0.0,0.0,0.0,0.0,0.0,0.0,0.0,0.0,0.0,0.0,0.0,0.0,0.0,0.0,0.0
0.0,0.0,0.0,0.0,0.0,0.0,0.0,0.0,0.0,0.0,0.0,0.0,0.0,0.0,0.0,0.0,0.0,0.0,0.0,0.0,0.0,0.0,0.0,0.0,0.0,0.0,0.0,0.0,0.0,0.0,0.0,0.0,0.0,0.0,0.0,0.0,0.0
0.0,0.0,0.0,0.0,0.0,0.0,0.0,0.0,0.0,0.0,0.0,0.0,0.0,0.0,0.0,0.0,0.0,0.0,0.0,0.0,0.0,0.0,0.0,0.0,0.0,0.0,0.0,0.0,0.0,0.0,0.0,0.0,0.0,0.0,0.0,0.0,0.0
0.0,0.0,0.0,0.0,0.0,0.0,0.0,0.0,0.0,0.0,0.0,0.0,0.0,0.0,0.0,0.0,0.0,0.0,0.0,0.0,0.0,0.0,0.0,0.0,0.0,0.0,0.0,0.0,0.0,0.0,0.0,0.0,0.0,0.0,0.0,0.0,0.0
0.0,0.0,0.0,0.0,0.0,0.0,0.0,0.0,0.0,0.0,0.0,0.0,0.0,0.0,0.0,0.0,0.0,0.0,0.0,0.0,0.0,0.0,0.0,0.0,0.0,0.0,0.0,0.0,0.0,0.0,0.0,0.0,0.0,0.0,0.0,0.0,0.0
0.0,0.0,0.0,0.0,1.6331348307430418,0.9874039599671954,8.516728895157458,0.0,0.0,0.0,2.071113025350297,0.0,0.0,0.0,0.0,0.0,0.0,0.0,0.0,0.0,0.0,22.957458400726093,0.0,0.0,0.0,5.4126448050140565,0.2596576843410698,0.0,0.0,0.2673400558531245,0.0,0.4611419588327231,0.0,0.0,0.0,0.0,0.0
0.0,0.0,0.0,0.0,1.803972955793076,0.8258714010007255,3.756445082649472,0.0,0.0,0.0,2.065946810087018,0.0,0.0,5.847443980164811,0.0,0.0,0.0,0.0,0.0,0.0,0.0,29.054216766357005,0.0,0.0,0.0,0.0,0.0,0.0,0.0,0.3049432173371255,0.0,0.5124666690826242,0.284410409629337,0.0,0.0,0.0,0.0
0.0,0.0,0.0,0.0,2.236217651516112,0.3080143667757152,0.0,0.0,0.0,0.0,1.807288524648149,0.0,0.0,2.0887254504485755,0.0,0.0,2.4061911344526274,0.0,0.0,0.0,0.0,6.059896278381199,0.0,0.0,0.0,0.0,0.0,0.0,0.0,0.4032579556107308,0.0,0.5983457416295828,0.0,0.0,0.0,0.0,0.0
0.0,0.0,0.0,0.1039072480052693,4.872157890349599,0.2109596016816565,0.0,0.0,0.0,0.0,2.25855467314815,0.0,0.0,9.424723291303945,0.0,0.0,0.0,0.0,0.0,0.0,0.0,0.0,0.0,0.0,0.0,0.0,0.0,0.0,0.0,0.3455835685133815,0.0,1.1221825182437533,1.0750075168907445,0.0,0.0,0.0,0.0
0.0,0.0,0.0,0.0709134694188808,16.58474998176085,0.4894400816410705,0.0,0.0,0.0,0.0,4.157130306260585,0.0,0.0,19.420445011928624,0.0,0.0855147056281557,0.0,0.0,0.0,0.0,0.0,22.494997501373057,0.0,0.0,0.0,0.0,0.0,0.0,0.0,0.6139487124979246,0.0,2.335846185684157,4.559315552934988,0.0,0.0,0.0,0.0
0.0,0.0,0.0,0.4126224238425464,96.68554225563986,3.1418357794172915,0.0,0.0,0.0,0.0,21.61587482644245,0.0,0.0,39.21550202649077,0.0,0.2978850733488786,11.195634365081624,0.0,0.0,0.0,0.0,182.66134376525852,0.0,0.0,0.0,25.26563078463077,2.1732085667550503,0.0,11.088797156512562,1.1057625673711275,0.0,33.0038563907146,15.99028833955526,0.0,0.0,0.0,0.0
0.0,0.0,0.0,1.9945417046546912,253.4898819029331,0.0,14.026236837357258,0.0,0.0,0.0,102.92868082411584,0.0,0.0,79.37647791579354,0.0,0.5901155546307554,90.19331253767014,0.0,0.0,0.0,0.0,475.5502250671385,0.0,0.0,0.0,138.33487093448633,7.23232561796903,0.0,61.41111187562325,3.195425225049252,0.0,0.0,47.6977451890707,0.0,0.0,0.0,0.0
0.0,0.0,0.0,4.555751383304592,509.2987637519836,0.0,34.673756583034844,0.0,0.0,0.0,346.9075491383672,0.0,0.0,161.4059252291917,0.0,0.8272885978221891,242.42875156402587,0.0,0.0,0.0,0.0,891.621150970459,0.0,0.0,0.0,397.26326267719264,16.73716295957565,0.0,340.336274769902,4.843424268066882,0.0,0.0,1.0566289434209346,0.0,0.0,0.0,0.0
0.0,0.0,0.0,7.396887809038157,815.083502292633,0.0,43.04416977278874,0.0,0.0,0.0,466.56272280216206,0.0,0.0,211.7822758108377,0.0,1.5392344817519177,505.878183031082,0.0,0.0,0.0,0.0,1149.728280639648,0.0,0.0,0.0,512.1709550857544,31.03325881958008,0.0,756.8964721858501,55.49483885467052,0.0,0.0,3.3015414988622056,0.0,0.0,0.0,0.0
0.0,0.0,0.0,10.477695107460018,1055.6336722373962,0.0,28.972932115383387,0.0,0.0,0.0,558.540612308681,0.0,0.0,276.3273334875703,0.0,2.138463750481605,731.709351491928,0.0,0.0,0.0,0.0,1311.800463867187,0.0,0.0,0.0,543.3667810440063,43.94910551309585,0.0,0.0,133.21787619590756,0.0,0.0,13.25024553760886,0.0,0.0,0.0,0.0
0.0,0.0,0.0,12.66260063648224,1180.4273812770844,0.0,12.169980634748836,0.0,0.0,0.0,590.2261336088179,0.0,0.0,325.0610076636075,0.0,2.544799953699111,858.8198209643363,0.0,0.0,0.0,0.0,1371.5593139648438,0.0,0.0,0.0,539.3006299018859,50.59669225215912,0.0,0.0,176.75544274449348,0.0,453.59845089912415,0.0,0.0,0.0,0.0,0.0
0.0,0.0,0.0,0.0,1196.6423137187958,0.0,12.805998646840408,0.0,0.0,0.0,0.0,0.0,0.0,0.0,0.0,2.7210981249809265,886.1025915384292,0.0,0.0,0.0,0.0,1269.2394622802733,0.0,0.0,0.0,523.59413189888,0.0,0.0,0.0,192.6884754359722,0.0,0.0,0.0,0.0,0.0,0.0,0.0
0.0,0.0,0.0,0.0,926.4533272981644,0.0,7.202182494848831,0.0,0.0,0.0,0.0,0.0,0.0,0.0,0.0,0.0,848.3060490250588,0.0,0.0,0.0,0.0,570.3109298706052,0.0,0.0,0.0,0.0,0.0,0.0,0.0,191.8763244688511,0.0,0.0,0.0,0.0,0.0,0.0,0.0
0.0,0.0,0.0,0.0,0.0,0.0,0.0,0.0,0.0,0.0,0.0,0.0,0.0,0.0,0.0,0.0,725.8368527173996,0.0,0.0,0.0,0.0,0.0,0.0,0.0,0.0,0.0,0.0,0.0,0.0,186.0242779135704,0.0,0.0,0.0,0.0,0.0,0.0,0.0
0.0,0.0,0.0,0.0,0.0,0.0,0.0,0.0,0.0,0.0,0.0,0.0,0.0,0.0,0.0,0.0,590.9703973293304,0.0,0.0,0.0,0.0,0.0,0.0,0.0,0.0,0.0,0.0,0.0,0.0,0.0,0.0,0.0,0.0,0.0,0.0,0.0,0.0
0.0,0.0,0.0,0.0,0.0,0.0,0.0,0.0,0.0,0.0,0.0,0.0,0.0,0.0,0.0,0.0,0.0,0.0,0.0,0.0,0.0,0.0,0.0,0.0,0.0,0.0,0.0,0.0,0.0,0.0,0.0,0.0,0.0,0.0,0.0,0.0,0.0
0.0,0.0,0.0,0.0,0.0,0.0,0.0,0.0,0.0,0.0,0.0,0.0,0.0,0.0,0.0,0.0,0.0,0.0,0.0,0.0,0.0,0.0,0.0,0.0,0.0,0.0,0.0,0.0,0.0,0.0,0.0,0.0,0.0,0.0,0.0,0.0,0.0
0.0,0.0,0.0,0.0,0.0,0.0,0.0,0.0,0.0,0.0,0.0,0.0,0.0,0.0,0.0,0.0,0.0,0.0,0.0,0.0,0.0,0.0,0.0,0.0,0.0,0.0,0.0,0.0,0.0,0.0,0.0,0.0,0.0,0.0,0.0,0.0,0.0
0.0,0.0,0.0,0.0,0.0,0.0,0.0,0.0,0.0,0.0,0.0,0.0,0.0,0.0,0.0,0.0,0.0,0.0,0.0,0.0,0.0,0.0,0.0,0.0,0.0,0.0,0.0,0.0,0.0,0.0,0.0,0.0,0.0,0.0,0.0,0.0,0.0
0.0,0.0,0.0,0.0,0.0,0.0,0.0,0.0,0.0,0.0,0.0,0.0,0.0,0.0,0.0,0.0,0.0,0.0,0.0,0.0,0.0,0.0,0.0,0.0,0.0,0.0,0.0,0.0,0.0,0.0,0.0,0.0,0.0,0.0,0.0,0.0,0.0
0.0,0.0,0.0,0.0,0.0,0.0,0.0,0.0,0.0,0.0,0.0,0.0,0.0,0.0,0.0,0.0,0.0,0.0,0.0,0.0,0.0,0.0,0.0,0.0,0.0,0.0,0.0,0.0,0.0,0.0,0.0,0.0,0.0,0.0,0.0,0.0,0.0
0.0,0.0,0.0,0.0,0.0,0.0,0.0,0.0,0.0,0.0,0.0,0.0,0.0,0.0,0.0,0.0,0.0,0.0,0.0,0.0,0.0,0.0,0.0,0.0,0.0,0.0,0.0,0.0,0.0,0.0,0.0,0.0,0.0,0.0,0.0,0.0,0.0
0.0,0.0,0.0,0.0,0.0,0.0,0.0,0.0,0.0,0.0,0.0,0.0,0.0,0.0,0.0,0.0,0.0,0.0,0.0,0.0,0.0,0.0,0.0,0.0,0.0,0.0,0.0,0.0,0.0,0.0,0.0,0.0,0.0,0.0,0.0,0.0,0.0
0.0,0.0,0.0,0.0,0.0,0.0,0.0,0.0,0.0,0.0,0.0,0.0,0.0,0.0,0.0,0.0,0.0,0.0,0.0,0.0,0.0,0.0,0.0,0.0,0.0,0.0,0.0,0.0,0.0,0.0,0.0,0.0,0.0,0.0,0.0,0.0,0.0
0.0,0.0,0.0,0.1634627506136861,0.0,0.0,0.0,0.0,0.0,0.0,2.0723484246523904,0.0,0.0,0.0,0.0,0.0,0.0,0.0,0.0,0.0,0.0,0.0,0.0,0.0,0.0,0.0,0.0,0.0,0.0,0.0,0.0,0.0,0.0,0.0,0.0,0.0,0.0
0.0,0.0,0.0,0.0,0.0,0.0,3.701649649813696,0.0,0.0,0.0,2.1082353970033894,0.0,0.0,4.263506531715252,0.0,0.0,0.0,0.0,0.0,0.0,0.0,8.063893508910873,0.0,0.0,0.0,0.0,0.0,0.0,0.0,0.3834678970277153,0.0,0.5616653710603193,0.0,0.0,0.0,0.0,0.0
0.0,0.0,0.0,0.0714426171034564,2.0040736868977285,0.1494151116348752,0.0,0.0,0.0,0.0,1.8654359938575744,0.0,0.0,2.729357071220773,0.0,0.0,3.5239772915838747,0.0,0.0,0.0,0.0,5.423615741729583,0.0,0.0,0.0,0.0,0.0,0.0,0.0,0.4448062419891296,0.0,0.6341290622949072,0.0,0.0,0.0,0.0,0.0
0.0,0.0,0.0,0.0808546785265152,3.923800360411389,0.2771161235868699,0.0,0.0,0.0,0.0,2.1300063960252182,0.0,0.0,11.78362660575645,0.0,0.0,0.0,0.0,0.0,0.0,0.0,46.88452210426321,0.0,0.0,0.0,0.0,0.3856460198759963,0.0,0.0,0.4121645070612039,0.0,1.2850284725427183,0.6792505290358984,0.0,0.0,0.0,0.0
0.0,0.0,0.0,0.0705198999494276,29.562340352684195,0.7541393563151134,0.0,0.0,0.0,0.0,2.293282531574232,0.0,0.0,28.25722534209476,0.0,0.1770349303260434,3.600584161281406,0.0,0.0,0.0,0.0,211.15123023986783,0.0,0.0,0.0,0.0,1.7573129668831755,0.0,3.4790342912076464,0.6835141219198317,0.0,0.0,2.0952812619507126,0.0,0.0,0.0,0.0
0.0,0.0,0.0,0.3935403674840868,137.5745843052863,6.056399560999083,1.4078063003717716,0.0,0.0,0.0,17.477247962215895,0.0,0.0,56.57441591843951,0.0,0.4916610196232787,20.34120761156069,0.0,0.0,0.0,0.0,634.7889419555662,0.0,0.0,0.0,26.762656964361646,5.842960129678242,0.0,24.2141831263898,2.1451726444065558,0.0,0.0,8.620706047862752,0.0,0.0,0.0,0.0
0.0,0.0,0.0,2.000609926879404,339.6130915284156,40.20964234694839,42.44361012894653,0.0,0.0,0.0,96.19725066870448,0.0,0.0,108.21539675816888,0.0,0.8197426199913016,128.01185654401775,0.0,0.0,0.0,0.0,1309.4461791992185,0.0,0.0,0.0,126.17200238704682,15.0728620827198,0.0,153.38232659101476,6.835234941542115,0.0,0.0,30.35826091468332,0.0,0.0,0.0,0.0
0.0,0.0,0.0,4.603451356291769,671.8993577957153,158.28183956444263,157.56630140691996,0.0,0.0,0.0,319.36025526374567,0.0,0.0,193.99598870426416,0.0,1.1456515118479718,320.22547916173926,0.0,0.0,0.0,0.0,2062.6782104492186,0.0,0.0,0.0,371.5820970058441,33.74532212018966,0.0,764.563570010662,13.41162927225231,0.0,360.3161690235138,1.0566289434209346,0.0,0.0,0.0,0.0
0.0,0.0,0.0,7.301510035991667,1007.1928164958952,191.55377840995783,352.8527134686708,0.0,0.0,0.0,436.4948244482277,0.0,0.0,258.13677895814175,0.0,1.897861272096634,610.1941864967345,0.0,0.0,0.0,0.0,2264.296835327148,0.0,0.0,0.0,511.1065849781036,49.72038398981094,0.0,1207.9429801464078,84.98565202653407,0.0,419.8120709657669,3.3015414988622056,0.0,0.0,0.0,0.0
0.0,0.0,0.0,10.02338659763336,1247.7096898555756,207.90906217694285,558.156727963686,0.0,0.0,0.0,518.8820824354885,0.0,0.0,319.4299205020069,0.0,2.4657091796398154,836.2610589742659,0.0,0.0,0.0,0.0,2332.3999786376958,0.0,0.0,0.0,560.1073939323426,59.28040580749512,0.0,1492.439363384247,164.14161027669903,0.0,449.6297585964203,13.25024553760886,0.0,0.0,0.0,0.0
0.0,0.0,0.0,11.875610440969467,1356.5864961147308,213.16707290709016,696.2005102932453,0.0,0.0,0.0,543.6872730001808,0.0,0.0,0.0,0.0,2.882811099290848,962.5722430109978,0.0,0.0,0.0,0.0,2328.2514617919924,0.0,0.0,0.0,559.1029420852661,62.04570959806442,0.0,0.0,206.2302059650421,0.0,455.21942007541656,0.0,0.0,0.0,0.0,0.0
0.0,0.0,0.0,0.0,1369.9998488426208,0.0,711.8125054240226,0.0,0.0,0.0,529.6642237365245,0.0,0.0,0.0,0.0,3.0503548979759207,989.2722498059272,0.0,0.0,0.0,0.0,2266.590280151366,0.0,0.0,0.0,537.8415421962738,59.62961214780808,0.0,0.0,220.7188601911068,0.0,0.0,0.0,0.0,0.0,0.0,0.0
0.0,0.0,0.0,0.0,0.0,0.0,0.0,0.0,0.0,0.0,0.0,0.0,0.0,0.0,0.0,0.0,0.0,0.0,0.0,0.0,0.0,1620.8712158203125,0.0,0.0,0.0,0.0,0.0,0.0,0.0,223.4782334268093,0.0,0.0,0.0,0.0,0.0,0.0,0.0
0.0,0.0,0.0,0.0,0.0,0.0,0.0,0.0,0.0,0.0,0.0,0.0,0.0,0.0,0.0,0.0,0.0,0.0,0.0,0.0,0.0,0.0,0.0,0.0,0.0,0.0,0.0,0.0,0.0,221.2428618133068,0.0,0.0,0.0,0.0,0.0,0.0,0.0
0.0,0.0,0.0,0.0,0.0,0.0,0.0,0.0,0.0,0.0,0.0,0.0,0.0,0.0,0.0,0.0,736.032001364231,0.0,0.0,0.0,0.0,0.0,0.0,0.0,0.0,0.0,0.0,0.0,0.0,0.0,0.0,0.0,0.0,0.0,0.0,0.0,0.0
0.0,0.0,0.0,0.0,0.0,0.0,0.0,0.0,0.0,0.0,0.0,0.0,0.0,0.0,0.0,0.0,0.0,0.0,0.0,0.0,0.0,0.0,0.0,0.0,0.0,0.0,0.0,0.0,0.0,0.0,0.0,0.0,0.0,0.0,0.0,0.0,0.0
0.0,0.0,0.0,0.0,0.0,0.0,0.0,0.0,0.0,0.0,0.0,0.0,0.0,0.0,0.0,0.0,0.0,0.0,0.0,0.0,0.0,0.0,0.0,0.0,0.0,0.0,0.0,0.0,0.0,0.0,0.0,0.0,0.0,0.0,0.0,0.0,0.0
0.0,0.0,0.0,0.0,0.0,0.0,0.0,0.0,0.0,0.0,0.0,0.0,0.0,0.0,0.0,0.0,0.0,0.0,0.0,0.0,0.0,0.0,0.0,0.0,0.0,0.0,0.0,0.0,0.0,0.0,0.0,0.0,0.0,0.0,0.0,0.0,0.0
0.0,0.0,0.0,0.0,0.0,0.0,0.0,0.0,0.0,0.0,0.0,0.0,0.0,0.0,0.0,0.0,0.0,0.0,0.0,0.0,0.0,0.0,0.0,0.0,0.0,0.0,0.0,0.0,0.0,0.0,0.0,0.0,0.0,0.0,0.0,0.0,0.0
0.0,0.0,0.0,0.0,0.0,0.0,0.0,0.0,0.0,0.0,0.0,0.0,0.0,0.0,0.0,0.0,0.0,0.0,0.0,0.0,0.0,0.0,0.0,0.0,0.0,0.0,0.0,0.0,0.0,0.0,0.0,0.0,0.0,0.0,0.0,0.0,0.0
0.0,0.0,0.0,0.0,0.0,0.0,0.0,0.0,0.0,0.0,0.0,0.0,0.0,0.0,0.0,0.0,0.0,0.0,0.0,0.0,0.0,0.0,0.0,0.0,0.0,0.0,0.0,0.0,0.0,0.0,0.0,0.0,0.0,0.0,0.0,0.0,0.0
0.0,0.0,0.0,0.0,0.0,0.0,0.0,0.0,0.0,0.0,0.0,0.0,0.0,0.0,0.0,0.0,0.0,0.0,0.0,0.0,0.0,0.0,0.0,0.0,0.0,0.0,0.0,0.0,0.0,0.0,0.0,0.0,0.0,0.0,0.0,0.0,0.0
0.0,0.0,0.0,0.0,0.0,0.0,0.0,0.0,0.0,0.0,0.0,0.0,0.0,0.0,0.0,0.0,0.0,0.0,0.0,0.0,0.0,0.0,0.0,0.0,0.0,0.0,0.0,0.0,0.0,0.0,0.0,0.0,0.0,0.0,0.0,0.0,0.0
0.0,0.0,0.0,0.0,0.0,0.0,0.0,0.0,0.0,0.0,0.0,0.0,0.0,0.0,0.0,0.0,0.0,0.0,0.0,0.0,0.0,0.0,0.0,0.0,0.0,0.0,0.0,0.0,0.2937434911725784,0.0,0.0,0.0,0.0,0.0,0.0,0.0,0.0
0.0,0.0,0.0,0.0,1.4655187651512978,0.6440884834155155,0.0,0.0,0.0,0.0,0.0,0.0,0.0,0.0,0.0,0.0,0.0,0.0,0.0,0.0,0.0,33.078002595901104,0.0,0.0,0.0,1.9793338155373248,0.0,0.0,0.0,0.0,0.0,0.0,0.704718460328868,0.0,0.0,0.0,0.0
0.0,0.0,0.0,0.0,1.6495032869277868,0.5967389550059597,0.0,0.0,0.0,0.0,0.0,0.0,0.0,12.221748949959856,0.0,0.0,0.0,0.0,0.0,0.0,0.0,31.086113071441478,0.0,0.0,0.0,0.3309341587125387,1.1565983925014642,0.0,0.0,0.3640820160508152,0.0,0.3836233913897896,0.125263877212976,0.0,0.0,0.0,0.0
0.0,0.0,0.0,0.0364754479378416,2.059745356440333,0.1783963530324119,0.0,0.0,0.0,0.0,1.7334771246648926,0.0,0.0,6.09355011023575,0.0246776372194283,0.0,4.021247804164829,0.0,0.0,0.0,0.0,0.0,0.0,0.0,0.0,0.0,0.0,0.0,0.0,0.4326047644019005,0.0,0.516673833131764,0.0,0.0,0.0,0.0,0.0
0.0,0.0,0.0,0.0553567931055984,4.575391434132856,0.222126448992606,0.0,0.0,0.0,0.0,2.201451889797991,0.0,0.0,27.852642103098333,0.1335967004299157,0.0,0.0,0.0,0.0,0.0,0.0,0.0,0.0,0.0,0.0,0.0,0.0,0.0,0.0,0.4320014268159612,0.0,1.1004963368177212,0.7517630895599463,0.0,0.0,0.0,0.0
0.0,0.0,0.0,0.0480643827468126,23.4340246468782,0.5273048174567172,0.0,0.0,0.0,0.0,2.3667591235133285,0.0,0.0,66.73328797332931,0.5618639610707737,0.0341372732073061,0.7861090540884531,0.0,0.0,0.0,0.0,71.15246887207029,0.0,0.0,0.0,0.0,0.5641339613124725,0.0,1.4931829899547655,0.6912169270217386,0.0,2.6375375241040784,1.8249327763915,0.0,0.0,0.0,0.0
0.0,0.0,0.0,0.842803439125413,118.38315472006794,4.851734427735201,1.261853253468732,0.0,0.0,0.0,17.166240955749426,0.0,0.0,171.45015317946667,0.0,0.2485939525067804,12.282348775863456,0.0,0.0,0.0,0.0,412.0294898986814,0.0,0.0,0.0,31.775681829452434,4.691383579373358,0.0,28.93063150942309,1.4528134763240437,0.0,38.23422247171398,7.363788556307548,0.0,0.0,0.0,0.0
0.0,0.0,0.0,3.451716959476467,314.1682889461516,34.83482840657231,33.56743566077197,0.0,0.0,0.0,93.64801374450305,0.0,0.0,384.5609053224325,0.0,0.5921508707106109,98.01524164676655,0.0,0.0,0.0,0.0,1122.3625053405765,0.0,0.0,0.0,165.94055407047267,13.642457050085069,0.0,211.6449343264103,3.9123923659324342,0.0,163.85463309288022,25.99166183173656,0.0,0.0,0.0,0.0
0.0,0.0,0.0,8.043593585491175,632.3423840999603,151.26531693339345,114.66833400875326,0.0,0.0,0.0,305.0102299213409,0.0,0.0,646.4120690524577,0.0,0.8462538868188847,254.05405853986736,0.0,0.0,0.0,0.0,1905.764920043945,0.0,0.0,0.0,473.9265236854553,30.88718695640564,0.0,1005.227376705408,5.823235721141061,0.0,346.95708656311035,1.0566289434209346,0.0,0.0,0.0,0.0
0.0,0.0,0.0,13.979557067155838,997.65057015419,188.02086636424065,283.78227139711373,0.0,0.0,0.0,417.2553810954092,0.0,0.0,748.0079936236143,0.0,1.5961320921778674,482.8587992548943,0.0,0.0,0.0,0.0,2254.862857055664,0.0,0.0,0.0,569.6354202270508,47.265822392702106,0.0,1570.8000735759736,61.43812411129474,0.0,413.3998864889145,3.3015414988622056,0.0,0.0,0.0,0.0
0.0,0.0,0.0,20.616988837718964,1249.6203336715698,203.19589579105372,506.9804909676313,0.0,0.0,0.0,499.09863958209735,0.0,0.0,794.5589970052242,0.0,2.2853980064392085,666.2022656440733,0.0,0.0,0.0,0.0,2433.114093017578,0.0,0.0,0.0,590.983655834198,57.05512775182724,0.0,0.0,144.1392002940178,0.0,448.1542191505432,13.25024553760886,0.0,0.0,0.0,0.0
0.0,0.0,0.0,25.14998710155487,1367.66454744339,206.9263862669468,680.333656901121,0.0,0.0,0.0,515.055709631741,0.0,0.0,804.7514252364635,0.0,2.8112961351871486,780.2622339367866,0.0,0.0,0.0,0.0,2464.02698059082,0.0,0.0,0.0,591.9207063674927,60.68394476175308,0.0,0.0,185.2171410918236,0.0,460.0530837774277,0.0,0.0,0.0,0.0,0.0
0.0,0.0,0.0,0.0,1371.9522395133972,196.7830465883017,705.8164004385471,0.0,0.0,0.0,0.0,0.0,0.0,777.9776822030544,0.0,2.9266482442617408,809.4655080914496,0.0,0.0,0.0,0.0,2372.261755371094,0.0,0.0,0.0,0.0,59.4040365934372,0.0,0.0,197.0168075621128,0.0,0.0,0.0,0.0,0.0,0.0,0.0
0.0,0.0,0.0,0.0,0.0,0.0,0.0,0.0,0.0,0.0,0.0,0.0,0.0,0.0,0.0,2.119765788316726,762.6542981505393,0.0,0.0,0.0,0.0,0.0,0.0,0.0,0.0,0.0,0.0,0.0,0.0,197.9796171963215,0.0,0.0,0.0,0.0,0.0,0.0,0.0
0.0,0.0,0.0,0.0,0.0,0.0,0.0,0.0,0.0,0.0,0.0,0.0,0.0,0.0,0.0,0.0,639.4706355333328,0.0,0.0,0.0,0.0,0.0,0.0,0.0,0.0,0.0,0.0,0.0,0.0,193.051462072134,0.0,0.0,0.0,0.0,0.0,0.0,0.0
0.0,0.0,0.0,0.0,0.0,0.0,0.0,0.0,0.0,0.0,0.0,0.0,0.0,0.0,0.0,0.0,516.0480207681655,0.0,0.0,0.0,0.0,0.0,0.0,0.0,0.0,0.0,0.0,0.0,0.0,0.0,0.0,0.0,0.0,0.0,0.0,0.0,0.0
0.0,0.0,0.0,0.0,0.0,0.0,0.0,0.0,0.0,0.0,0.0,0.0,0.0,0.0,0.0,0.0,0.0,0.0,0.0,0.0,0.0,0.0,0.0,0.0,0.0,0.0,0.0,0.0,0.0,0.0,0.0,0.0,0.0,0.0,0.0,0.0,0.0
0.0,0.0,0.0,0.0,0.0,0.0,0.0,0.0,0.0,0.0,0.0,0.0,0.0,0.0,0.0,0.0,0.0,0.0,0.0,0.0,0.0,0.0,0.0,0.0,0.0,0.0,0.0,0.0,0.0,0.0,0.0,0.0,0.0,0.0,0.0,0.0,0.0
0.0,0.0,0.0,0.0,0.0,0.0,0.0,0.0,0.0,0.0,0.0,0.0,0.0,0.0,0.0,0.0,0.0,0.0,0.0,0.0,0.0,0.0,0.0,0.0,0.0,0.0,0.0,0.0,0.0,0.0,0.0,0.0,0.0,0.0,0.0,0.0,0.0
0.0,0.0,0.0,0.0,0.0,0.0,0.0,0.0,0.0,0.0,0.0,0.0,0.0,0.0,0.0,0.0,0.0,0.0,0.0,0.0,0.0,0.0,0.0,0.0,0.0,0.0,0.0,0.0,0.0,0.0,0.0,0.0,0.0,0.0,0.0,0.0,0.0
0.0,0.0,0.0,0.0,0.0,0.0,0.0,0.0,0.0,0.0,0.0,0.0,0.0,0.0,0.0,0.0,0.0,0.0,0.0,0.0,0.0,0.0,0.0,0.0,0.0,0.0,0.0,0.0,0.0,0.0,0.0,0.0,0.0,0.0,0.0,0.0,0.0
0.0,0.0,0.0,0.0,0.0,0.0,0.0,0.0,0.0,0.0,0.0,0.0,0.0,0.0,0.0,0.0,0.0,0.0,0.0,0.0,0.0,0.0,0.0,0.0,0.0,0.0,0.0,0.0,0.0,0.0,0.0,0.0,0.0,0.0,0.0,0.0,0.0
0.0,0.0,0.0,0.0,0.0,0.0,0.0,0.0,0.0,0.0,0.0,0.0,0.0,0.0,0.0,0.0,0.0,0.0,0.0,0.0,0.0,0.0,0.0,0.0,0.0,0.0,0.0,0.0,0.0,0.0,0.0,0.0,0.0,0.0,0.0,0.0,0.0
0.0,0.0,0.0,0.0,0.0,0.0,0.0,0.0,0.0,0.0,0.0,0.0,0.0,0.0,0.0,0.0,0.0,0.0,0.0,0.0,0.0,0.0,0.0,0.0,0.0,0.0,0.0,0.0,0.0,0.0,0.0,0.0,0.0,0.0,0.0,0.0,0.0
0.0,0.0,0.0,0.0,0.0,0.0,0.0,0.0,0.0,0.0,0.0,0.0,0.0,0.0,0.0,0.0,0.0,0.0,0.0,0.0,0.0,0.0,0.0,0.0,0.0,0.0,0.0,0.0,0.0,0.0,0.0,0.0,0.0,0.0,0.0,0.0,0.0
0.0,0.0,0.0,0.0,0.0,0.0,0.0,0.0,0.0,0.0,0.0,0.0,0.0,0.0,0.0,0.0,0.0,0.0,0.0,0.0,0.0,11.895649337768216,0.0,0.0,0.0,0.0,0.0,0.0,0.0,0.2898714929818929,0.0,0.0,0.6806020913645437,0.0,0.0,0.0,0.0
0.0,0.0,0.0,0.0,0.0,0.0,0.0,0.0,0.0,0.0,0.0,0.0,0.0,0.0,0.0,0.0,0.0,0.0,0.0,0.0,0.0,12.99170866012567,0.0,0.0,0.0,0.0,0.0,0.0,0.0,0.3413894936442236,0.0,0.0,0.1813871413469312,0.0,0.0,0.0,0.0
0.0,0.0,0.0,0.0,0.0,0.0690640439279325,0.0,0.0,0.0,0.0,1.7095764921977443,0.0,0.0,0.0,0.015393056720494,0.0,0.0,0.0,0.0,0.0,0.0,5.864093494415176,0.0,0.0,0.0,0.0,0.0,0.0,0.0,0.4344469942152122,0.0,0.5465321391820515,0.0,0.0,0.0,0.0,0.0
0.0,0.0,0.0,0.0604632068425366,5.36192078143353,0.207318545784793,0.0,0.0,0.0,0.0,2.367503965459669,0.0,0.0,0.0,0.1098565958440278,0.0,0.0,0.0,0.0,0.0,0.0,22.550362777709577,0.0,0.0,0.0,0.0,5.078807501494882,0.0,0.0,0.4022357963025461,0.0,1.181661412119825,0.7211533272638706,0.0,0.0,0.0,0.0
0.0,0.0,0.0,0.0560719855129688,23.608902662992268,0.8544825487769968,0.0,0.0,0.0,0.0,3.979746673535422,0.0,0.0,0.0,0.5444184008985731,0.0127073470503082,0.0,0.0,0.0,0.0,0.0,194.7180557250975,0.0,0.0,0.0,0.0,10.181549371778964,0.0,0.0,0.6824011690914366,0.0,2.080209389328953,1.3172550760209536,0.0,0.0,0.0,0.0
0.0,0.0,0.0,0.8787671774625765,101.92797291278823,3.8909077639691456,17.85563294403241,0.0,0.0,0.0,18.32219857322047,0.0,0.0,0.0,0.0,0.193421701900661,10.04365090131745,0.0,0.0,0.0,0.0,616.5580383300778,0.0,0.0,0.0,24.350694625079637,21.384754538536072,0.0,15.301267318427518,1.355939719080908,0.0,22.908891841769208,5.681073537096368,0.0,0.0,0.0,0.0
0.0,0.0,0.0,3.4598338678479186,251.07720378041253,24.48001141101121,75.49487507902072,0.0,0.0,0.0,89.8893823556601,0.0,0.0,0.0,0.0,0.4107298068702218,74.59051560163482,0.0,0.0,0.0,0.0,1371.7097839355467,0.0,0.0,0.0,109.35925744175906,40.72785978913306,0.0,111.60411858931168,4.860613531619291,0.0,101.3957035541534,19.77023787796496,0.0,0.0,0.0,0.0
0.0,0.0,0.0,7.954711556434628,471.8679788112639,103.7988023459911,235.2586093395948,0.0,0.0,0.0,274.3935006596147,0.0,0.0,0.0,0.0,0.6028733402490605,212.68058806657783,0.0,0.0,0.0,0.0,2116.850659179687,0.0,0.0,0.0,269.52369523048395,57.1551234126091,0.0,677.3519914329052,6.795555244386172,0.0,290.2142666578293,51.996129259467125,0.0,0.0,0.0,0.0
0.0,0.0,0.0,14.190463185310364,681.3206517696381,146.15030039846897,425.486955294013,0.0,0.0,0.0,370.8509183689951,0.0,0.0,0.0,0.0,1.1679193526506415,441.380898296833,0.0,0.0,0.0,0.0,2315.426477050781,0.0,0.0,0.0,354.88382527828213,66.50661997795105,0.0,1198.17545927763,63.531225207448,0.0,368.6270852088928,3.3015414988622056,0.0,0.0,0.0,0.0
0.0,0.0,0.0,21.34779560565948,909.8996903896332,170.6794868558645,657.5416581094264,0.0,0.0,0.0,439.15776048898687,0.0,0.0,0.0,0.0,1.5749780163168896,628.8416468620301,0.0,0.0,0.0,0.0,2410.175842285156,0.0,0.0,0.0,418.5562098264694,71.77869862318039,0.0,1613.0829568505287,128.52681517004967,0.0,409.1063903570175,13.25024553760886,0.0,0.0,0.0,0.0
0.0,0.0,0.0,26.301552891731266,1077.5095286369324,181.96256186068052,824.563667935133,0.0,0.0,0.0,453.459946423769,0.0,0.0,0.0,0.0,1.7504099905490875,739.7647783398628,0.0,0.0,0.0,0.0,2396.6558166503905,0.0,0.0,0.0,472.4288363456726,72.53114782571792,0.0,1802.2806262016295,165.56295647621155,0.0,427.2589486837387,0.0,0.0,0.0,0.0,0.0
0.0,0.0,0.0,0.0,0.0,0.0,0.0,0.0,0.0,0.0,0.0,0.0,0.0,0.0,0.0,1.8810301423072808,766.2596012949944,0.0,0.0,0.0,0.0,2342.047982788086,0.0,0.0,0.0,0.0,0.0,0.0,1808.762775349617,178.48131626844406,0.0,0.0,0.0,0.0,0.0,0.0,0.0
0.0,0.0,0.0,0.0,0.0,0.0,0.0,0.0,0.0,0.0,0.0,0.0,0.0,0.0,0.0,0.0,705.4048200011254,0.0,0.0,0.0,0.0,1700.8614868164063,0.0,0.0,0.0,0.0,0.0,0.0,0.0,177.18354297876357,0.0,0.0,0.0,0.0,0.0,0.0,0.0
0.0,0.0,0.0,0.0,0.0,0.0,0.0,0.0,0.0,0.0,0.0,0.0,0.0,0.0,0.0,0.0,559.3929230690002,0.0,0.0,0.0,0.0,0.0,0.0,0.0,0.0,0.0,0.0,0.0,0.0,0.0,0.0,0.0,0.0,0.0,0.0,0.0,0.0
0.0,0.0,0.0,0.0,0.0,0.0,0.0,0.0,0.0,0.0,0.0,0.0,0.0,0.0,0.0,0.0,0.0,0.0,0.0,0.0,0.0,0.0,0.0,0.0,0.0,0.0,0.0,0.0,0.0,0.0,0.0,0.0,0.0,0.0,0.0,0.0,0.0
0.0,0.0,0.0,0.0,0.0,0.0,0.0,0.0,0.0,0.0,0.0,0.0,0.0,0.0,0.0,0.0,0.0,0.0,0.0,0.0,0.0,0.0,0.0,0.0,0.0,0.0,0.0,0.0,0.0,0.0,0.0,0.0,0.0,0.0,0.0,0.0,0.0
0.0,0.0,0.0,0.0,0.0,0.0,0.0,0.0,0.0,0.0,0.0,0.0,0.0,0.0,0.0,0.0,0.0,0.0,0.0,0.0,0.0,0.0,0.0,0.0,0.0,0.0,0.0,0.0,0.0,0.0,0.0,0.0,0.0,0.0,0.0,0.0,0.0
0.0,0.0,0.0,0.0,0.0,0.0,0.0,0.0,0.0,0.0,0.0,0.0,0.0,0.0,0.0,0.0,0.0,0.0,0.0,0.0,0.0,0.0,0.0,0.0,0.0,0.0,0.0,0.0,0.0,0.0,0.0,0.0,0.0,0.0,0.0,0.0,0.0
0.0,0.0,0.0,0.0,0.0,0.0,0.0,0.0,0.0,0.0,0.0,0.0,0.0,0.0,0.0,0.0,0.0,0.0,0.0,0.0,0.0,0.0,0.0,0.0,0.0,0.0,0.0,0.0,0.0,0.0,0.0,0.0,0.0,0.0,0.0,0.0,0.0
0.0,0.0,0.0,0.0,0.0,0.0,0.0,0.0,0.0,0.0,0.0,0.0,0.0,0.0,0.0,0.0,0.0,0.0,0.0,0.0,0.0,0.0,0.0,0.0,0.0,0.0,0.0,0.0,0.0,0.0,0.0,0.0,0.0,0.0,0.0,0.0,0.0
0.0,0.0,0.0,0.0,0.0,0.0,0.0,0.0,0.0,0.0,0.0,0.0,0.0,0.0,0.0,0.0,0.0,0.0,0.0,0.0,0.0,0.0,0.0,0.0,0.0,0.0,0.0,0.0,0.0,0.0,0.0,0.0,0.0,0.0,0.0,0.0,0.0
0.0,0.0,0.0,0.0,0.0,0.0,0.0,0.0,0.0,0.0,0.0,0.0,0.0,0.0,0.0,0.0,0.0,0.0,0.0,0.0,0.0,0.0,0.0,0.0,0.0,0.0,0.0,0.0,0.0,0.0,0.0,0.0,0.0,0.0,0.0,0.0,0.0
0.0,0.0,0.0,0.0,0.0,0.0,0.0,0.0,0.0,0.0,0.0,0.0,0.0,0.0,0.0,0.0,0.0,0.0,0.0,0.0,0.0,0.0,0.0,0.0,0.0,0.0,0.0,0.0,0.0,0.0,0.0,0.0,0.0,0.0,0.0,0.0,0.0
0.0,0.0,0.0,0.0,0.0,0.0,0.0,0.0,0.0,0.0,0.0,0.0,0.0,0.0,0.0,0.0,0.0,0.0,0.0,0.0,0.0,0.0,0.0,0.0,0.0,0.0,0.0,0.0,0.0,0.0,0.0,0.0,0.0,0.0,0.0,0.0,0.0
0.0,0.0,0.0,0.0,1.5694523528217923,0.6535167223773805,2.7659283861517365,0.0,0.0,0.0,2.0856644610407056,0.0,0.0,3.9417638583108654,0.0,0.0,0.0,0.0,0.0,0.0,0.0,29.10697631835932,0.0,0.0,0.0,2.0574198879300885,0.0,0.0,0.0,0.2511817380785622,0.0,0.526855349540674,0.0,0.0,0.0,0.0,0.0
0.0,0.0,0.0,0.0,1.724207770079173,0.0,0.0,0.0,0.0,0.0,0.0,0.0,0.0,3.037898060865671,0.0,0.0112111642956729,0.0,0.0,0.0,0.0,0.0,30.940548992156856,0.0,0.0,0.0,0.0,0.0,0.0,0.0,0.3049607902764893,0.0,0.0,0.1142423544078869,0.0,0.0,0.0,0.0
0.0,0.0,0.0,0.0,2.071088582277115,0.0,0.0,0.0,0.0,0.0,1.827890874072886,0.0,0.0,1.4594489848240184,0.0,0.0,1.2369251608847451,0.0,0.0,0.0,0.0,9.589320182800096,0.0,0.0,0.0,0.0,0.5127545069903136,0.0,0.0,0.4404569394886165,0.0,0.6003102809190256,0.0,0.0,0.0,0.0,0.0
0.0,0.0,0.0,0.06782704405486,4.539931043982374,0.0,0.0,0.0,0.0,0.0,2.2688330681993496,0.0,0.0,8.034086660481883,0.0,0.0,0.0,0.0,0.0,0.0,0.0,6.067424869537351,0.0,0.0,0.0,0.0,1.394893447309728,0.0,0.0,0.3621899962424885,0.0,1.324965134262989,1.121311829425367,0.0,0.0,0.0,0.0
0.0,0.0,0.0,0.060269886627789,27.353956565260763,0.0,0.0,0.0,0.0,0.0,0.0,0.0,0.0,15.156294044572794,0.0,0.0724529507569959,0.0,0.0,0.0,0.0,0.0,200.30622253417965,0.0,0.0,0.0,0.0,4.095892415940758,0.0,6.359801842272184,0.6313049189746246,0.0,0.0,5.171111306175575,0.0,0.0,0.0,0.0
0.0,0.0,0.0,0.2649659682065226,128.83487710356698,0.0,13.746156810596528,0.0,0.0,0.0,0.0,0.0,0.0,29.124063830822568,0.0,0.4074399434030055,9.544848251342732,0.0,0.0,0.0,0.0,691.7774063110352,0.0,0.0,0.0,32.63446312546729,10.817480860650532,0.0,71.20814454033965,1.1833646677434442,0.0,0.0,21.11184126883744,0.0,0.0,0.0,0.0
0.0,0.0,0.0,1.5985560789704305,324.5276259183883,0.0,78.6256265837699,0.0,0.0,0.0,0.0,0.0,0.0,67.11949981749045,0.0,0.0,73.65640207529063,0.0,0.0,0.0,0.0,1541.5528991699218,0.0,0.0,0.0,155.8344484567642,23.203649502992626,0.0,504.3540007263421,3.872539868205773,0.0,0.0,19.77023787796496,0.0,0.0,0.0,0.0
0.0,0.0,0.0,3.6539991945028296,639.2309304475784,0.0,254.32386137992145,0.0,0.0,0.0,0.0,0.0,0.0,139.13712020963428,0.0,0.0,203.5627771496771,0.0,0.0,0.0,0.0,2259.5450805664063,0.0,0.0,0.0,427.9490028142929,40.36462338566779,0.0,1221.6212950408456,5.574268173426353,0.0,0.0,51.996129259467125,0.0,0.0,0.0,0.0
0.0,0.0,0.0,5.876451805233954,975.6805626153946,0.0,462.3449813604355,0.0,0.0,0.0,0.0,0.0,0.0,191.10516138374797,0.0,3.142654135823249,401.4568910837173,0.0,0.0,0.0,0.0,2514.6172119140624,0.0,0.0,0.0,549.0563240528106,52.67413663864136,0.0,1594.36552734375,60.85305066704748,0.0,0.0,3.3015414988622056,0.0,0.0,0.0,0.0
0.0,0.0,0.0,8.196822375059122,1204.1756660938263,0.0,671.4598567128181,0.0,0.0,0.0,0.0,0.0,0.0,260.203843973577,0.0,4.272494137287139,563.5271200418472,0.0,0.0,0.0,0.0,2634.0368621826174,0.0,0.0,0.0,571.3038180828095,60.97654503583908,0.0,1761.7897353053093,132.81351114511486,0.0,0.0,13.25024553760886,0.0,0.0,0.0,0.0
0.0,0.0,0.0,10.389567881822584,1316.2360799312592,0.0,798.6967783808708,0.0,0.0,0.0,0.0,0.0,0.0,312.19029922038305,0.0,4.934909105300903,651.0713670253753,0.0,0.0,0.0,0.0,2639.556719970703,0.0,0.0,0.0,559.0443158626556,63.34736231565476,0.0,1747.2758222818377,171.29635054469105,0.0,468.7326874732971,0.0,0.0,0.0,0.0,0.0
0.0,0.0,0.0,0.0,1327.1868727207184,0.0,817.9268360435963,0.0,0.0,0.0,0.0,0.0,0.0,0.0,0.0,4.972720354795456,660.6805650472639,0.0,0.0,0.0,0.0,2543.952880859375,0.0,0.0,0.0,526.1975883960724,61.22158825397492,0.0,0.0,186.77750095725057,0.0,0.0,0.0,0.0,0.0,0.0,0.0
0.0,0.0,0.0,0.0,0.0,0.0,569.6021395802496,0.0,0.0,0.0,0.0,0.0,0.0,0.0,0.0,3.9308078289031982,589.7580476522445,0.0,0.0,0.0,0.0,2029.2461730957032,0.0,0.0,0.0,0.0,0.0,0.0,0.0,187.2619048893452,0.0,0.0,0.0,0.0,0.0,0.0,0.0
0.0,0.0,0.0,0.0,0.0,0.0,0.0,0.0,0.0,0.0,0.0,0.0,0.0,0.0,0.0,0.0,453.8908920466898,0.0,0.0,0.0,0.0,0.0,0.0,0.0,0.0,0.0,0.0,0.0,0.0,182.6320679843425,0.0,0.0,0.0,0.0,0.0,0.0,0.0
0.0,0.0,0.0,0.0,0.0,0.0,0.0,0.0,0.0,0.0,0.0,0.0,0.0,0.0,0.0,0.0,314.7669639110565,0.0,0.0,0.0,0.0,0.0,0.0,0.0,0.0,0.0,0.0,0.0,0.0,0.0,0.0,0.0,0.0,0.0,0.0,0.0,0.0
0.0,0.0,0.0,0.0,0.0,0.0,0.0,0.0,0.0,0.0,0.0,0.0,0.0,0.0,0.0,0.0,0.0,0.0,0.0,0.0,0.0,0.0,0.0,0.0,0.0,0.0,0.0,0.0,0.0,0.0,0.0,0.0,0.0,0.0,0.0,0.0,0.0
0.0,0.0,0.0,0.0,0.0,0.0,0.0,0.0,0.0,0.0,0.0,0.0,0.0,0.0,0.0,0.0,0.0,0.0,0.0,0.0,0.0,0.0,0.0,0.0,0.0,0.0,0.0,0.0,0.0,0.0,0.0,0.0,0.0,0.0,0.0,0.0,0.0
0.0,0.0,0.0,0.0,0.0,0.0,0.0,0.0,0.0,0.0,0.0,0.0,0.0,0.0,0.0,0.0,0.0,0.0,0.0,0.0,0.0,0.0,0.0,0.0,0.0,0.0,0.0,0.0,0.0,0.0,0.0,0.0,0.0,0.0,0.0,0.0,0.0
0.0,0.0,0.0,0.0,0.0,0.0,0.0,0.0,0.0,0.0,0.0,0.0,0.0,0.0,0.0,0.0,0.0,0.0,0.0,0.0,0.0,0.0,0.0,0.0,0.0,0.0,0.0,0.0,0.0,0.0,0.0,0.0,0.0,0.0,0.0,0.0,0.0
0.0,0.0,0.0,0.0,0.0,0.0,0.0,0.0,0.0,0.0,0.0,0.0,0.0,0.0,0.0,0.0,0.0,0.0,0.0,0.0,0.0,0.0,0.0,0.0,0.0,0.0,0.0,0.0,0.0,0.0,0.0,0.0,0.0,0.0,0.0,0.0,0.0
0.0,0.0,0.0,0.0,0.0,0.0,0.0,0.0,0.0,0.0,0.0,0.0,0.0,0.0,0.0,0.0,0.0,0.0,0.0,0.0,0.0,0.0,0.0,0.0,0.0,0.0,0.0,0.0,0.0,0.0,0.0,0.0,0.0,0.0,0.0,0.0,0.0
0.0,0.0,0.0,0.0,0.0,0.0,0.0,0.0,0.0,0.0,0.0,0.0,0.0,0.0,0.0,0.0,0.0,0.0,0.0,0.0,0.0,0.0,0.0,0.0,0.0,0.0,0.0,0.0,0.0,0.0,0.0,0.0,0.0,0.0,0.0,0.0,0.0
0.0,0.0,0.0,0.0,0.0,0.0,0.0,0.0,0.0,0.0,0.0,0.0,0.0,0.0,0.0,0.0,0.0,0.0,0.0,0.0,0.0,0.0,0.0,0.0,0.0,0.0,0.0,0.0,0.0,0.0,0.0,0.0,0.0,0.0,0.0,0.0,0.0
0.0,0.0,0.0,0.0,0.0,0.0,0.0,0.0,0.0,0.0,0.0,0.0,0.0,0.0,0.0,0.0,0.0,0.0,0.0,0.0,0.0,0.0,0.0,0.0,0.0,0.0,0.0,0.0,0.0,0.0,0.0,0.0,0.0,0.0,0.0,0.0,0.0
0.0,0.0,0.0,0.0,0.0,0.8056530617177416,0.0,0.0,0.0,0.0,1.900055781332713,0.0,0.0,9.671880719251806,0.0,0.0,0.0,0.0,0.0,0.0,0.0,0.0,0.0,0.0,0.0,0.0,0.0,0.0,0.1056376993656158,0.0,0.0,0.4112435579299614,0.5821025865152438,0.0,0.0,0.0,0.0
0.0,0.0,0.0,0.0430178474634882,0.0,0.6399430190212926,0.0,0.0,0.0,0.0,1.9341034284791432,0.0,0.0,5.524469339288758,0.0229077011346803,0.0,0.0,0.0,0.0,0.0,0.0,32.672281980514086,0.0,0.0,0.0,0.0,0.0,0.0,0.0,0.0,0.0,0.4480360597371945,0.1349690388887944,0.0,0.0,0.0,0.0
0.0,0.0,0.0,0.0380609855055784,2.3770265765486744,0.1651066653430343,0.0,0.0,0.0,0.0,1.7404678318647846,0.0,0.0,1.6237843409179145,0.0145494081079939,0.0,0.0,0.0,0.0,0.0,0.0,6.845025634765194,0.0,0.0,0.0,0.0,1.1368908399715996,0.0,0.0,0.5908051513135152,0.0,0.5479270517826028,0.0,0.0,0.0,0.0,0.0
0.0,0.0,0.0,0.0641222018748512,5.186483092605949,0.2889549611136074,0.0,0.0,0.0,0.0,2.198796734865686,0.0,0.0,0.0,0.1413230415433632,0.0,0.0,0.0,0.0,0.0,0.0,0.0,0.0,0.0,0.0,0.0,1.299767994880667,0.0,0.0,0.4688694536685779,0.0,1.1289956122636269,0.9124822150915748,0.0,0.0,0.0,0.0
0.0,0.0,0.0,0.0598652306944092,35.169435225427065,0.8403686750680145,0.0,0.0,0.0,0.0,2.3591030383015124,0.0,0.0,0.0,0.7111217714846112,0.0,0.0028804183006286,0.0,0.0,0.0,0.0,81.6390664100647,0.0,0.0,0.0,0.0,3.3403600528836224,0.0,2.635798045992691,0.8445554673671506,0.0,2.86679208278654,3.157901231199477,0.0,0.0,0.0,0.0
0.0,0.0,0.0,0.5960126891732171,153.78297409415234,4.314796780236032,17.328180154040364,0.0,0.0,0.0,18.72930608354492,0.0,0.0,0.0,3.379619729518888,0.0,11.742668700218102,0.0,0.0,0.0,0.0,345.1131309509276,0.0,0.0,0.0,24.71495175510637,9.429256010055536,0.0,35.72297849655142,2.583277738839365,0.0,38.09963807463642,12.021077506244165,0.0,0.0,0.0,0.0
0.0,0.0,0.0,2.684154637157917,384.0649154782295,29.19947188347575,123.797921770811,0.0,0.0,0.0,96.76861119121308,0.0,0.0,0.0,9.06980105638504,0.0,84.69618742465953,0.0,0.0,0.0,0.0,804.9109291076658,0.0,0.0,0.0,142.65023735761633,22.995248630642884,0.0,245.46731782108523,8.185606967657774,0.0,153.43075174093244,41.25524678826331,0.0,0.0,0.0,0.0
0.0,0.0,0.0,6.115873232483861,772.2385538816451,118.20752340555188,447.4625644683838,0.0,0.0,0.0,300.1481390282512,0.0,0.0,0.0,17.007891172170634,0.0,222.4583824872969,0.0,0.0,0.0,0.0,1475.4501373291014,0.0,0.0,0.0,442.14866154193874,45.73375061750412,0.0,873.2459128081798,15.384190255030976,0.0,315.939289689064,51.996129259467125,0.0,0.0,0.0,0.0
0.0,0.0,0.0,9.875222474336624,1154.2574005126953,158.56871950626373,802.364071804285,0.0,0.0,0.0,420.3058807566761,0.0,0.0,0.0,22.3296977519989,0.0,404.7060029268264,0.0,0.0,0.0,0.0,1840.912905883789,0.0,0.0,0.0,561.9488710403442,60.00634597539901,0.0,1290.805584233999,81.45367865264416,0.0,373.1660500764847,3.3015414988622056,0.0,0.0,0.0,0.0
0.0,0.0,0.0,13.430724442005156,1383.1112620830536,178.45680886507034,1046.3046803176403,0.0,0.0,0.0,524.0198178246616,0.0,0.0,0.0,24.80118336081505,0.0,567.5467131376265,0.0,0.0,0.0,0.0,1972.2229431152343,0.0,0.0,0.0,603.0384777069091,67.71418874263763,0.0,1535.6809185981751,155.4187311887741,0.0,395.7969685792923,13.25024553760886,0.0,0.0,0.0,0.0
0.0,0.0,0.0,14.928607344627377,1471.151342868805,183.89155967533588,1155.45264929533,0.0,0.0,0.0,538.1434281677008,0.0,0.0,0.0,25.263843816518783,0.0,686.942503118515,0.0,0.0,0.0,0.0,1962.99348449707,0.0,0.0,0.0,594.7723418235779,69.88393186330795,0.0,1620.7322258591653,195.71406698822972,0.0,396.6106646060944,0.0,0.0,0.0,0.0,0.0
0.0,0.0,0.0,15.2567620575428,1449.035221338272,174.5749409496784,0.0,0.0,0.0,0.0,499.1682796552777,0.0,0.0,0.0,24.740679162740708,0.0,759.3812849640847,0.0,0.0,0.0,0.0,1818.3130767822263,0.0,0.0,0.0,558.9297013282776,0.0,0.0,1596.0207012295723,213.91267331838608,0.0,388.3684983253479,0.0,0.0,0.0,0.0,0.0
0.0,0.0,0.0,12.702671736478802,1230.2100641727448,154.99813608825204,0.0,0.0,0.0,0.0,419.92353844642633,0.0,0.0,0.0,0.0,0.0,0.0,0.0,0.0,0.0,0.0,1198.2385498046874,0.0,0.0,0.0,0.0,0.0,0.0,0.0,0.0,0.0,336.39855802059174,0.0,0.0,0.0,0.0,0.0
0.0,0.0,0.0,0.0,0.0,0.0,0.0,0.0,0.0,0.0,0.0,0.0,0.0,0.0,0.0,0.0,0.0,0.0,0.0,0.0,0.0,0.0,0.0,0.0,0.0,0.0,0.0,0.0,0.0,0.0,0.0,0.0,0.0,0.0,0.0,0.0,0.0
0.0,0.0,0.0,0.0,0.0,0.0,0.0,0.0,0.0,0.0,0.0,0.0,0.0,0.0,0.0,0.0,0.0,0.0,0.0,0.0,0.0,0.0,0.0,0.0,0.0,0.0,0.0,0.0,0.0,0.0,0.0,0.0,0.0,0.0,0.0,0.0,0.0
0.0,0.0,0.0,0.0,0.0,0.0,0.0,0.0,0.0,0.0,0.0,0.0,0.0,0.0,0.0,0.0,0.0,0.0,0.0,0.0,0.0,0.0,0.0,0.0,0.0,0.0,0.0,0.0,0.0,0.0,0.0,0.0,0.0,0.0,0.0,0.0,0.0
0.0,0.0,0.0,0.0,0.0,0.0,0.0,0.0,0.0,0.0,0.0,0.0,0.0,0.0,0.0,0.0,0.0,0.0,0.0,0.0,0.0,0.0,0.0,0.0,0.0,0.0,0.0,0.0,0.0,0.0,0.0,0.0,0.0,0.0,0.0,0.0,0.0
0.0,0.0,0.0,0.0,0.0,0.0,0.0,0.0,0.0,0.0,0.0,0.0,0.0,0.0,0.0,0.0,0.0,0.0,0.0,0.0,0.0,0.0,0.0,0.0,0.0,0.0,0.0,0.0,0.0,0.0,0.0,0.0,0.0,0.0,0.0,0.0,0.0
0.0,0.0,0.0,0.0,0.0,0.0,0.0,0.0,0.0,0.0,0.0,0.0,0.0,0.0,0.0,0.0,0.0,0.0,0.0,0.0,0.0,0.0,0.0,0.0,0.0,0.0,0.0,0.0,0.0,0.0,0.0,0.0,0.0,0.0,0.0,0.0,0.0
0.0,0.0,0.0,0.0,0.0,0.0,0.0,0.0,0.0,0.0,0.0,0.0,0.0,0.0,0.0,0.0,0.0,0.0,0.0,0.0,0.0,0.0,0.0,0.0,0.0,0.0,0.0,0.0,0.0,0.0,0.0,0.0,0.0,0.0,0.0,0.0,0.0
0.0,0.0,0.0,0.0,0.0,0.0,0.0,0.0,0.0,0.0,0.0,0.0,0.0,0.0,0.0,0.0,0.0,0.0,0.0,0.0,0.0,0.0,0.0,0.0,0.0,0.0,0.0,0.0,0.0,0.0,0.0,0.0,0.0,0.0,0.0,0.0,0.0
0.0,0.0,0.0,0.0,0.0,0.0,0.0,0.0,0.0,0.0,0.0,0.0,0.0,0.0,0.0,0.0,0.0,0.0,0.0,0.0,0.0,0.0,0.0,0.0,0.0,0.0,0.0,0.0,0.0,0.0,0.0,0.0,0.0,0.0,0.0,0.0,0.0
0.0,0.0,0.0,0.0,0.0,0.0,0.0,0.0,0.0,0.0,0.0,0.0,0.0,0.0,0.0,0.0,0.0,0.0,0.0,0.0,0.0,0.0,0.0,0.0,0.0,0.0,0.0,0.0,0.0,0.0,0.0,0.0,0.0,0.0,0.0,0.0,0.0
0.0,0.0,0.0,0.0,0.0,0.0,0.0,0.0,0.0,0.0,0.0,0.0,0.0,0.0,0.0,0.0,0.0,0.0,0.0,0.0,0.0,0.0,0.0,0.0,0.0,0.0,0.0,0.0,0.0,0.0,0.0,0.0,0.0,0.0,0.0,0.0,0.0
0.0,0.0,0.0,0.0,0.0,0.0,0.0,0.0,0.0,0.0,1.96355276261438,0.0,0.0,0.0,0.0,0.0,0.0,0.0,0.0,0.0,0.0,0.0,0.0,0.0,0.0,0.0,0.0,0.0,0.0,0.4063449352979613,0.0,0.251165002584433,0.0,0.0,0.0,0.0,0.0
0.0,0.0,0.0,0.0,0.0,0.4083330249413553,0.0,0.0,0.0,0.0,1.977057393407438,0.0,0.0,3.3083590213208405,0.0,0.0,1.4991045117377926,0.0,0.0,0.0,0.0,20.054562664031657,0.0,0.0,0.0,0.0,0.0,0.0,0.0,0.4647075958549925,0.0,0.291424602270109,0.1181477773934416,0.0,0.0,0.0,0.0
0.0,0.0,0.0,0.049386328086251,2.0531416125594237,0.0,0.0,0.0,0.0,0.0,1.7382576749658936,0.0,0.0,1.8864238727837688,0.0,0.0,5.7181206107138856,0.0,0.0,0.0,0.0,5.160157489776589,0.0,0.0,0.0,0.0,0.0,0.0,0.0,0.5517258629202777,0.0,0.3746259808539948,0.0,0.0,0.0,0.0,0.0
0.0,0.0,0.0,0.0669540427625128,4.94403050839898,0.1689568865112553,0.0,0.0,0.0,0.0,2.342301183985426,0.0,0.0,14.486419556196692,0.1178906098008132,0.0,0.0,0.0,0.0,0.0,0.0,0.0,0.0,0.0,0.0,0.0,0.0803269769996385,0.0,0.0,0.4654046557843367,0.0,1.0810034424066528,0.9852709276601542,0.0,0.0,0.0,0.0
0.0,0.0,0.0,0.0,20.304648172110205,0.5533444383181187,0.0,0.0,0.0,0.0,4.111890958575379,0.0,0.0,36.34207304567085,0.7566726509481649,0.129939303733408,0.7035574913024035,0.0,0.0,0.0,0.0,122.50002384185755,0.0,0.0,0.0,0.0,0.824543595872817,0.0,6.2990699827669685,0.7979080997407242,0.0,7.801952496170942,3.814624357037246,0.0,0.0,0.0,0.0
0.0,0.0,0.0,0.0,106.98263731598854,7.0005337549373134,27.02309585325414,0.0,0.0,0.0,40.88789415433988,0.0,0.0,79.40877651795739,3.5078558877110466,0.3999255411326877,13.74529484510408,0.0,0.0,0.0,0.0,497.26400604248033,0.0,0.0,0.0,22.150919239222937,3.688317471742624,0.0,84.98817989975196,4.392590507864945,0.0,70.6267393529415,15.482050694525215,0.0,0.0,0.0,0.0
0.0,0.0,0.0,0.0,280.51177912950504,44.69628482311963,145.15492620766153,0.0,0.0,0.0,180.08087175711978,0.0,0.0,165.05611112341282,9.435231140255928,0.7477547973394383,110.27466964721673,0.0,0.0,0.0,0.0,1242.5864501953124,0.0,0.0,0.0,128.87954869270322,8.882535704970357,0.0,633.2409083604812,13.787482228875133,0.0,250.86339646577835,52.88826408982276,0.0,0.0,0.0,0.0
0.0,0.0,0.0,0.0,570.1282824277878,162.16103282570836,422.9328421384096,0.0,0.0,0.0,497.1541761755943,0.0,0.0,311.95396631956095,18.787641406059265,1.079143114387988,288.6502111792564,0.0,0.0,0.0,0.0,2054.6897216796874,0.0,0.0,0.0,349.8747017621993,19.63188486397266,0.0,1575.863771533966,31.644707851856925,0.0,407.9926849603653,51.996129259467125,0.0,0.0,0.0,0.0
0.0,0.0,0.0,0.0,935.8491443395612,194.026263281703,742.3914622098207,0.0,0.0,0.0,651.9142868846654,0.0,0.0,359.96771626174444,0.0,2.031214743852615,575.5669008255005,0.0,0.0,0.0,0.0,2324.5293670654296,0.0,0.0,0.0,450.4373811721801,36.67289936542511,0.0,0.0,142.77303312420844,0.0,458.9031375646591,3.3015414988622056,0.0,0.0,0.0,0.0
0.0,0.0,0.0,0.0,1213.047440290451,210.07896515727043,981.5289762079716,0.0,0.0,0.0,524.0198178246616,0.0,0.0,391.0598210990429,0.0,2.915054202079773,816.0339036703109,0.0,0.0,0.0,0.0,2479.293435668945,0.0,0.0,0.0,516.8685897827148,47.03959420919418,0.0,0.0,216.72178968787196,0.0,487.51594364643097,0.0,0.0,0.0,0.0,0.0
0.0,0.0,0.0,0.0,1366.7555758953094,216.8935314416885,1109.7793470561503,0.0,0.0,0.0,538.1434281677008,0.0,0.0,435.476112216711,0.0,3.663011819124221,958.2185826778413,0.0,0.0,0.0,0.0,2534.813595581055,0.0,0.0,0.0,542.9888599395751,52.63763037919998,0.0,0.0,254.10592205524443,0.0,490.8938747644424,0.0,0.0,0.0,0.0,0.0
0.0,0.0,0.0,0.0,0.0,212.2909041196108,0.0,0.0,0.0,0.0,499.1682796552777,0.0,0.0,0.0,0.0,0.0,1006.7296071290968,0.0,0.0,0.0,0.0,2492.211309814453,0.0,0.0,0.0,0.0,0.0,0.0,0.0,260.0400693833828,0.0,475.7044516801834,0.0,0.0,0.0,0.0,0.0
0.0,0.0,0.0,0.0,0.0,0.0,0.0,0.0,0.0,0.0,0.0,0.0,0.0,0.0,0.0,0.0,998.803676533699,0.0,0.0,0.0,0.0,0.0,0.0,0.0,0.0,0.0,0.0,0.0,0.0,261.3477538108826,0.0,0.0,0.0,0.0,0.0,0.0,0.0
0.0,0.0,0.0,0.0,0.0,0.0,0.0,0.0,0.0,0.0,0.0,0.0,0.0,0.0,0.0,0.0,0.0,0.0,0.0,0.0,0.0,0.0,0.0,0.0,0.0,0.0,0.0,0.0,0.0,257.29646493196486,0.0,0.0,0.0,0.0,0.0,0.0,0.0
0.0,0.0,0.0,0.0,0.0,0.0,0.0,0.0,0.0,0.0,0.0,0.0,0.0,0.0,0.0,0.0,0.0,0.0,0.0,0.0,0.0,0.0,0.0,0.0,0.0,0.0,0.0,0.0,0.0,0.0,0.0,0.0,0.0,0.0,0.0,0.0,0.0
0.0,0.0,0.0,0.0,0.0,0.0,0.0,0.0,0.0,0.0,0.0,0.0,0.0,0.0,0.0,0.0,0.0,0.0,0.0,0.0,0.0,0.0,0.0,0.0,0.0,0.0,0.0,0.0,0.0,0.0,0.0,0.0,0.0,0.0,0.0,0.0,0.0
0.0,0.0,0.0,0.0,0.0,0.0,0.0,0.0,0.0,0.0,0.0,0.0,0.0,0.0,0.0,0.0,0.0,0.0,0.0,0.0,0.0,0.0,0.0,0.0,0.0,0.0,0.0,0.0,0.0,0.0,0.0,0.0,0.0,0.0,0.0,0.0,0.0
0.0,0.0,0.0,0.0,0.0,0.0,0.0,0.0,0.0,0.0,0.0,0.0,0.0,0.0,0.0,0.0,0.0,0.0,0.0,0.0,0.0,0.0,0.0,0.0,0.0,0.0,0.0,0.0,0.0,0.0,0.0,0.0,0.0,0.0,0.0,0.0,0.0
0.0,0.0,0.0,0.0,0.0,0.0,0.0,0.0,0.0,0.0,0.0,0.0,0.0,0.0,0.0,0.0,0.0,0.0,0.0,0.0,0.0,0.0,0.0,0.0,0.0,0.0,0.0,0.0,0.0,0.0,0.0,0.0,0.0,0.0,0.0,0.0,0.0
0.0,0.0,0.0,0.0,0.0,0.0,0.0,0.0,0.0,0.0,0.0,0.0,0.0,0.0,0.0,0.0,0.0,0.0,0.0,0.0,0.0,0.0,0.0,0.0,0.0,0.0,0.0,0.0,0.0,0.0,0.0,0.0,0.0,0.0,0.0,0.0,0.0
0.0,0.0,0.0,0.0,0.0,0.0,0.0,0.0,0.0,0.0,0.0,0.0,0.0,0.0,0.0,0.0,0.0,0.0,0.0,0.0,0.0,0.0,0.0,0.0,0.0,0.0,0.0,0.0,0.0,0.0,0.0,0.0,0.0,0.0,0.0,0.0,0.0
0.0,0.0,0.0,0.0,0.0,0.0,0.0,0.0,0.0,0.0,0.0,0.0,0.0,0.0,0.0,0.0,0.0,0.0,0.0,0.0,0.0,0.0,0.0,0.0,0.0,0.0,0.0,0.0,0.0,0.0,0.0,0.0,0.0,0.0,0.0,0.0,0.0
0.0,0.0,0.0,0.0,0.0,0.0,0.0,0.0,0.0,0.0,0.0,0.0,0.0,0.0,0.0,0.0,0.0,0.0,0.0,0.0,0.0,0.0,0.0,0.0,0.0,0.0,0.0,0.0,0.0,0.0,0.0,0.0,0.0,0.0,0.0,0.0,0.0
0.0,0.0,0.0,0.0,0.0,0.0,0.0,0.0,0.0,0.0,0.0,0.0,0.0,7.754865358583564,0.0,0.0,0.0,0.0,0.0,0.0,0.0,0.0,0.0,0.0,0.0,0.0,0.0,0.0,0.0,0.0,0.0,0.0,0.0,0.0,0.0,0.0,0.0
0.0,0.0,0.0,0.0,0.0,0.0,0.0,0.0,0.0,0.0,2.0734323127195142,0.0,0.0,7.334898174740285,0.0,0.0,0.0,0.0,0.0,0.0,0.0,0.0,0.0,0.0,0.0,0.0,0.0,0.0,0.0,0.0,0.0,0.0,0.0,0.0,0.0,0.0,0.0
0.0,0.0,0.0,0.0589232277125066,0.0,0.0,0.0,0.0,0.0,0.0,2.04849017295034,0.0,0.0,4.341214373707636,0.0,0.0,0.0,0.0,0.0,0.0,0.0,0.0,0.0,0.0,0.0,0.0,0.0,0.0,0.0,0.0,0.0,0.4063860327004884,0.1941610835492609,0.0,0.0,0.0,0.0
0.0,0.0,0.0,0.0544165801256834,0.0,0.0,0.0,0.0,0.0,0.0,1.7642508577088143,0.0,0.0,1.4521709876134468,0.0054750859737362,0.0,6.531317853927479,0.0,0.0,0.0,0.0,0.0,0.0,0.0,0.0,0.0,0.0,0.0,0.0,0.4656946092843709,0.0,0.5233075171708496,0.0,0.0,0.0,0.0,0.0
0.0,0.0,0.0,0.0901647675782386,5.165448069572426,0.2010431718080806,0.0,0.0,0.0,0.0,2.255241556838011,0.0,0.0,9.780396283604128,0.0922228753566709,0.0468909302726384,0.0,0.0,0.0,0.0,0.0,0.0,0.0,0.0,0.0,0.0,0.0,0.0,0.0,0.3997873000800218,0.0,1.1789254099130366,1.1704783542081534,0.0,0.0,0.0,0.0
0.0,0.0,0.0,0.1121618710458259,50.265838101506105,0.7569017517380323,0.0,0.0,0.0,0.0,2.88656026674428,0.0,0.0,28.177198669873064,1.0462800119072184,0.3288802392780775,0.0,0.0,0.0,0.0,0.0,149.99954833984364,0.0,0.0,0.0,0.0,0.0,0.0,4.942489497363352,0.6773577354848132,0.0,7.859193250536896,5.947332680225372,0.0,0.0,0.0,0.0
0.0,0.0,0.0,0.0,192.56446212530125,11.491063461638984,0.0,0.0,0.0,0.0,51.304314881190656,0.0,0.0,84.3679434992373,0.0,0.9090847969055164,11.88288991451244,0.0,0.0,0.0,0.0,571.4639671325683,0.0,0.0,0.0,53.18162510097021,0.0,0.0,61.72049485146996,1.810282209515555,0.0,0.0,19.61923619359731,0.0,0.0,0.0,0.0
0.0,0.0,0.0,5.663642048835748,461.17845070362085,69.95992331951855,177.63532417863607,0.0,0.0,0.0,226.7495700776576,0.0,0.0,239.98348504304877,0.0,1.5465211719274512,90.30350385904296,0.0,0.0,0.0,0.0,1231.2024734497068,0.0,0.0,0.0,228.1780227899551,0.0,0.0,434.64882735311977,5.7101274967193225,0.0,244.7765361070633,44.70866672694682,0.0,0.0,0.0,0.0
0.0,0.0,0.0,12.168642312288284,888.5074542760849,195.6206498891115,536.7708468437194,0.0,0.0,0.0,598.1691705048084,0.0,0.0,489.1803796589375,22.63288612961769,2.2034030556678763,238.42435727119425,0.0,0.0,0.0,0.0,1959.9039611816409,0.0,0.0,0.0,482.2089177131653,49.17809892892838,0.0,1207.626773917675,10.6211299676448,0.0,388.22242271900177,51.996129259467125,0.0,0.0,0.0,0.0
0.0,0.0,0.0,20.267874240875244,1189.8824763298037,221.79484178125855,857.0319395124912,0.0,0.0,0.0,797.8674033731222,0.0,0.0,624.4790192693471,27.93444514274597,3.16320614516735,431.0263460755348,0.0,0.0,0.0,0.0,2245.249890136719,0.0,0.0,0.0,546.6404822349548,62.53650426864624,0.0,1661.7055158257483,74.72413322627544,0.0,430.1039245128632,3.3015414988622056,0.0,0.0,0.0,0.0
0.0,0.0,0.0,29.08941239118576,1388.506065607071,238.03133630752563,1074.0044459342955,0.0,0.0,0.0,524.0198178246616,0.0,0.0,715.3768000751733,0.0,3.9615209698677054,598.5863458871842,0.0,0.0,0.0,0.0,2319.84931640625,0.0,0.0,0.0,569.4539965629577,70.02775025367737,0.0,1909.2962495803836,165.73369515538212,0.0,448.8159190416336,0.0,0.0,0.0,0.0,0.0
0.0,0.0,0.0,0.0,1467.9199345111847,243.5492941439152,1174.3651994407178,0.0,0.0,0.0,538.1434281677008,0.0,0.0,744.4883336871861,30.65160248279572,4.458367645740508,708.763755452633,0.0,0.0,0.0,0.0,2341.898056030273,0.0,0.0,0.0,565.2754381179809,71.99626117944717,0.0,2013.4232905745507,214.31331290602685,0.0,457.511741399765,0.0,0.0,0.0,0.0,0.0
0.0,0.0,0.0,0.0,1468.852617263794,0.0,0.0,0.0,0.0,0.0,499.1682796552777,0.0,0.0,715.8499211072922,0.0,4.590153574943542,755.5155797481536,0.0,0.0,0.0,0.0,2310.223040771484,0.0,0.0,0.0,0.0,0.0,0.0,0.0,234.36825426220892,0.0,445.3300907611847,0.0,0.0,0.0,0.0,0.0
0.0,0.0,0.0,0.0,0.0,0.0,0.0,0.0,0.0,0.0,0.0,0.0,0.0,0.0,0.0,0.0,731.4024950146674,0.0,0.0,0.0,0.0,0.0,0.0,0.0,0.0,0.0,0.0,0.0,0.0,0.0,0.0,0.0,0.0,0.0,0.0,0.0,0.0
0.0,0.0,0.0,0.0,0.0,0.0,0.0,0.0,0.0,0.0,0.0,0.0,0.0,0.0,0.0,0.0,0.0,0.0,0.0,0.0,0.0,0.0,0.0,0.0,0.0,0.0,0.0,0.0,0.0,0.0,0.0,0.0,0.0,0.0,0.0,0.0,0.0
0.0,0.0,0.0,0.0,0.0,0.0,0.0,0.0,0.0,0.0,0.0,0.0,0.0,0.0,0.0,0.0,0.0,0.0,0.0,0.0,0.0,0.0,0.0,0.0,0.0,0.0,0.0,0.0,0.0,0.0,0.0,0.0,0.0,0.0,0.0,0.0,0.0
0.0,0.0,0.0,0.0,0.0,0.0,0.0,0.0,0.0,0.0,0.0,0.0,0.0,0.0,0.0,0.0,0.0,0.0,0.0,0.0,0.0,0.0,0.0,0.0,0.0,0.0,0.0,0.0,0.0,0.0,0.0,0.0,0.0,0.0,0.0,0.0,0.0
0.0,0.0,0.0,0.0,0.0,0.0,0.0,0.0,0.0,0.0,0.0,0.0,0.0,0.0,0.0,0.0,0.0,0.0,0.0,0.0,0.0,0.0,0.0,0.0,0.0,0.0,0.0,0.0,0.0,0.0,0.0,0.0,0.0,0.0,0.0,0.0,0.0
0.0,0.0,0.0,0.0,0.0,0.0,0.0,0.0,0.0,0.0,0.0,0.0,0.0,0.0,0.0,0.0,0.0,0.0,0.0,0.0,0.0,0.0,0.0,0.0,0.0,0.0,0.0,0.0,0.0,0.0,0.0,0.0,0.0,0.0,0.0,0.0,0.0
0.0,0.0,0.0,0.0,0.0,0.0,0.0,0.0,0.0,0.0,0.0,0.0,0.0,0.0,0.0,0.0,0.0,0.0,0.0,0.0,0.0,0.0,0.0,0.0,0.0,0.0,0.0,0.0,0.0,0.0,0.0,0.0,0.0,0.0,0.0,0.0,0.0
0.0,0.0,0.0,0.0,0.0,0.0,0.0,0.0,0.0,0.0,0.0,0.0,0.0,0.0,0.0,0.0,0.0,0.0,0.0,0.0,0.0,0.0,0.0,0.0,0.0,0.0,0.0,0.0,0.0,0.0,0.0,0.0,0.0,0.0,0.0,0.0,0.0
0.0,0.0,0.0,0.0,0.0,0.0,0.0,0.0,0.0,0.0,0.0,0.0,0.0,0.0,0.0,0.0,0.0,0.0,0.0,0.0,0.0,0.0,0.0,0.0,0.0,0.0,0.0,0.0,0.0,0.0,0.0,0.0,0.0,0.0,0.0,0.0,0.0
0.0,0.0,0.0,0.0,0.0,0.0,0.0,0.0,0.0,0.0,0.0,0.0,0.0,0.0,0.0,0.0,0.0,0.0,0.0,0.0,0.0,0.0,0.0,0.0,0.0,0.0,0.0,0.0,0.0,0.0,0.0,0.0,0.0,0.0,0.0,0.0,0.0
0.0,0.0,0.0,0.0,0.0,0.0,0.0,0.0,0.0,0.0,0.0,0.0,0.0,0.0,0.0,0.0,0.0,0.0,0.0,0.0,0.0,0.0,0.0,0.0,0.0,0.0,0.0,0.0,0.0,0.0,0.0,0.0,0.0,0.0,0.0,0.0,0.0
0.0,0.0,0.0,0.0,0.0,0.0,0.0,0.0,0.0,0.0,0.0,0.0,0.0,6.615781974978696,0.0,0.0,0.0,0.0,0.0,0.0,0.0,0.0,0.0,0.0,0.0,0.0,0.0,0.0,0.0,0.0,0.0,0.0,0.0,0.0,0.0,0.0,0.0
0.0,0.0,0.0,0.0,0.0,0.0,0.0,0.0,0.0,0.0,0.0,0.0,0.0,11.975701146293366,0.0,0.0,0.0,0.0,0.0,0.0,0.0,0.0,0.0,0.0,0.0,0.0,0.0,0.0,0.0,0.0,0.0,0.0,0.0,0.0,0.0,0.0,0.0
0.0,0.0,0.0,0.0,0.0,0.5297428611665745,0.0,0.0,0.0,0.0,2.0896810980512424,0.0,0.0,7.467034510336751,0.0,0.0,0.0,0.0,0.0,0.0,0.0,0.0,0.0,0.0,0.0,0.0,0.0,0.0,0.0,0.0,0.0,0.0,0.0851214118301715,0.0,0.0,0.0,0.0
0.0,0.0,0.0,0.0,0.0,0.0048744240775704,0.0,0.0,0.0,0.0,1.8239897246471557,0.0,0.0,2.688710680231371,0.0096423335373374,0.0,5.649909853935178,0.0,0.0,0.0,0.0,5.273417377471728,0.0,0.0,0.0,0.0,0.0,0.0,0.0,0.6451904699206156,0.0,0.6077288836240202,0.0,0.0,0.0,0.0,0.0
0.0,0.0,0.0,0.0672225430607768,4.463299237191539,0.3356245984323214,0.0,0.0,0.0,0.0,2.139573853742156,0.0,0.0,9.344932769890754,0.0647504232823831,0.024613161571323,0.0,0.0,0.0,0.0,0.0,15.789993476867584,0.0,0.0,0.0,0.0,0.766339429654172,0.0,0.0,0.5700075775384843,0.0,0.0,0.8507431317120682,0.0,0.0,0.0,0.0
0.0,0.0,0.0,0.1106428522616612,42.51951055228703,1.1461050948127878,0.0,0.0,0.0,0.0,2.338234749575928,0.0,0.0,19.29766508517772,0.5361169874668114,0.1656898725777854,0.0399581432342529,0.0,0.0,0.0,0.0,134.91928796768164,0.0,0.0,0.0,7.111387047171506,3.0008564494550174,0.0,7.818701668083463,1.0426522843539354,0.0,0.0,1.5147406263276788,0.0,0.0,0.0,0.0
0.0,0.0,0.0,1.005355771630997,162.58470249176014,13.92378447670486,15.194671527668737,0.0,0.0,0.0,37.90405096039172,0.0,0.0,46.59873998723916,3.4203659176826453,0.4666258618235578,12.458115577697749,0.0,0.0,0.0,0.0,458.6387516021727,0.0,0.0,0.0,78.20631099343298,9.316024123132223,0.0,84.29821649491771,4.850526664406044,0.0,68.81769917905328,3.38063641078768,0.0,0.0,0.0,0.0
0.0,0.0,0.0,3.684989787638185,365.9601811170577,83.17835675925016,111.779317060858,0.0,0.0,0.0,179.0991637147963,0.0,0.0,108.68382891640066,9.525585749745368,0.8155722245573994,103.30381221771236,0.0,0.0,0.0,0.0,987.3942008972168,0.0,0.0,0.0,247.42693896293636,23.225928154587745,0.0,515.1588523864743,14.689382590726018,0.0,246.52903074026105,8.383612599223838,0.0,0.0,0.0,0.0
0.0,0.0,0.0,8.051993429660795,642.6749198436737,198.15687403082848,335.4863578408956,0.0,0.0,0.0,498.3327343955635,0.0,0.0,249.2452173307537,17.90070886015892,1.1002638712525354,268.07703796625134,0.0,0.0,0.0,0.0,1600.9173767089844,0.0,0.0,0.0,423.684712266922,45.5911584675312,0.0,1073.555254393816,37.281904721260055,0.0,393.3354995250702,24.882753103971478,0.0,0.0,0.0,0.0
0.0,0.0,0.0,12.913723826408386,862.850102186203,222.69160939753053,543.2895427286624,0.0,0.0,0.0,660.554402604699,0.0,0.0,319.68334730714554,23.285751950740813,1.897983118891716,470.81583162546144,0.0,0.0,0.0,0.0,1925.6416229248048,0.0,0.0,0.0,455.7704832077026,59.274775052070616,0.0,1421.4216121435163,148.2666385769844,0.0,442.1571534872055,42.345276758074746,0.0,0.0,0.0,0.0
0.0,0.0,0.0,17.33396166563034,1025.0752267837524,237.15402314066887,730.9586076438427,0.0,0.0,0.0,800.9815419912338,0.0,0.0,352.2310288250446,26.08047684431076,2.6630781292915344,661.4270223855972,0.0,0.0,0.0,0.0,2043.7757598876951,0.0,0.0,0.0,454.9448171138764,66.84872641563416,0.0,1654.6925863265992,226.08333968520165,0.0,460.2611275911331,62.20397497713565,0.0,0.0,0.0,0.0
0.0,0.0,0.0,18.956816732883453,1093.94038438797,240.06955581903455,810.9337828397751,0.0,0.0,0.0,853.3329753875732,0.0,0.0,352.93185614049435,26.60773996710777,3.352937489748,790.1686053276062,0.0,0.0,0.0,0.0,2049.7453979492184,0.0,0.0,0.0,453.8408783435822,67.73109856843948,0.0,1842.4105424761767,267.6782997906208,0.0,464.2392927408218,0.0,0.0,0.0,0.0,0.0
0.0,0.0,0.0,19.61721152067184,1127.5991959571838,232.6343100965023,793.1034056603909,0.0,0.0,0.0,811.4683063119649,0.0,0.0,309.93058066815126,25.81776686310768,0.0,855.4537151098251,0.0,0.0,0.0,0.0,2073.0065887451174,0.0,0.0,0.0,445.2771699666976,64.43230704069137,0.0,0.0,0.0,0.0,448.4342781305313,0.0,0.0,0.0,0.0,0.0
0.0,0.0,0.0,0.0,0.0,208.1430079191923,549.4323430776597,0.0,0.0,0.0,0.0,0.0,0.0,0.0,0.0,0.0,0.0,0.0,0.0,0.0,0.0,0.0,0.0,0.0,0.0,0.0,55.02886353731155,0.0,0.0,0.0,0.0,0.0,0.0,0.0,0.0,0.0,0.0
0.0,0.0,0.0,0.0,0.0,0.0,0.0,0.0,0.0,0.0,0.0,0.0,0.0,0.0,0.0,0.0,0.0,0.0,0.0,0.0,0.0,0.0,0.0,0.0,0.0,0.0,0.0,0.0,0.0,0.0,0.0,0.0,0.0,0.0,0.0,0.0,0.0
0.0,0.0,0.0,0.0,0.0,0.0,0.0,0.0,0.0,0.0,0.0,0.0,0.0,0.0,0.0,0.0,0.0,0.0,0.0,0.0,0.0,0.0,0.0,0.0,0.0,0.0,0.0,0.0,0.0,0.0,0.0,0.0,0.0,0.0,0.0,0.0,0.0
0.0,0.0,0.0,0.0,0.0,0.0,0.0,0.0,0.0,0.0,0.0,0.0,0.0,0.0,0.0,0.0,0.0,0.0,0.0,0.0,0.0,0.0,0.0,0.0,0.0,0.0,0.0,0.0,0.0,0.0,0.0,0.0,0.0,0.0,0.0,0.0,0.0
0.0,0.0,0.0,0.0,0.0,0.0,0.0,0.0,0.0,0.0,0.0,0.0,0.0,0.0,0.0,0.0,0.0,0.0,0.0,0.0,0.0,0.0,0.0,0.0,0.0,0.0,0.0,0.0,0.0,0.0,0.0,0.0,0.0,0.0,0.0,0.0,0.0
0.0,0.0,0.0,0.0,0.0,0.0,0.0,0.0,0.0,0.0,0.0,0.0,0.0,0.0,0.0,0.0,0.0,0.0,0.0,0.0,0.0,0.0,0.0,0.0,0.0,0.0,0.0,0.0,0.0,0.0,0.0,0.0,0.0,0.0,0.0,0.0,0.0
0.0,0.0,0.0,0.0,0.0,0.0,0.0,0.0,0.0,0.0,0.0,0.0,0.0,0.0,0.0,0.0,0.0,0.0,0.0,0.0,0.0,0.0,0.0,0.0,0.0,0.0,0.0,0.0,0.0,0.0,0.0,0.0,0.0,0.0,0.0,0.0,0.0
0.0,0.0,0.0,0.0,0.0,0.0,0.0,0.0,0.0,0.0,0.0,0.0,0.0,0.0,0.0,0.0,0.0,0.0,0.0,0.0,0.0,0.0,0.0,0.0,0.0,0.0,0.0,0.0,0.0,0.0,0.0,0.0,0.0,0.0,0.0,0.0,0.0
0.0,0.0,0.0,0.0,0.0,0.0,0.0,0.0,0.0,0.0,0.0,0.0,0.0,0.0,0.0,0.0,0.0,0.0,0.0,0.0,0.0,0.0,0.0,0.0,0.0,0.0,0.0,0.0,0.0,0.0,0.0,0.0,0.0,0.0,0.0,0.0,0.0
0.0,0.0,0.0,0.0,0.0,0.0,0.0,0.0,0.0,0.0,0.0,0.0,0.0,0.0,0.0,0.0,0.0,0.0,0.0,0.0,0.0,0.0,0.0,0.0,0.0,0.0,0.0,0.0,0.0,0.0,0.0,0.0,0.0,0.0,0.0,0.0,0.0
0.0,0.0,0.0,0.0,0.0,0.0,0.0,0.0,0.0,0.0,0.0,0.0,0.0,0.0,0.0,0.0,0.0,0.0,0.0,0.0,0.0,0.0,0.0,0.0,0.0,0.0,0.0,0.0,0.0,0.0,0.0,0.0,0.0,0.0,0.0,0.0,0.0
0.0,0.0,0.0,0.0,0.0,0.0,0.0,0.0,0.0,0.0,0.0,0.0,0.0,0.0,0.0,0.0,0.0,0.0,0.0,0.0,0.0,0.0,0.0,0.0,0.0,0.0,0.0,0.0,0.0,0.0,0.0,0.0,0.0,0.0,0.0,0.0,0.0
0.0,0.0,0.0,0.0,0.0,0.0,0.0,0.0,0.0,0.0,1.96266488558609,0.0,0.0,0.0,0.0,0.0,0.0,0.0,0.0,0.0,0.0,0.0,0.0,0.0,0.0,0.0,0.0,0.0,0.0,0.5038454607129073,0.0,0.3927598446607416,0.0,0.0,0.0,0.0,0.0
0.0,0.0,0.0,0.0,0.0,0.5321031436323823,0.0,0.0,0.0,0.0,1.9649651016107288,0.0,0.0,11.751894196495394,0.0,0.0,0.0,0.0,0.0,0.0,0.0,0.0,0.0,0.0,0.0,0.0,0.0,0.0,0.0,0.5462958246469418,0.0,0.4328400343656298,0.0,0.0,0.0,0.0,0.0
0.0,0.0,0.0,0.0522875748574701,2.328583355992887,0.1311012990772406,0.0,0.0,0.0,0.0,1.6758986172264807,0.0,0.0,3.642953420057855,0.0,0.0,7.555643630027762,0.0,0.0,0.0,0.0,0.0,0.0,0.0,0.0,0.0,0.0,0.0,0.0,0.5766208603977884,0.0,0.5597187727689613,0.0,0.0,0.0,0.0,0.0
0.0,0.0,0.0,0.0852110236883129,6.128672398626772,0.2369152237661181,0.0,0.0,0.0,0.0,2.2828346134628683,0.0,0.0,22.228401892352725,0.0,0.0,0.0,0.0,0.0,0.0,0.0,0.0,0.0,0.0,0.0,0.0,0.0,0.0,0.0,0.578878983110151,0.0,1.170044615864733,0.0,0.0,0.0,0.0,0.0
0.0,0.0,0.0,0.0872455630451422,42.18902775645252,0.8507204847409909,0.0,0.0,0.0,0.0,3.9442909254690393,0.0,0.0,59.761393424123455,0.1413515467196703,0.0,5.181811237335177,0.0,0.0,0.0,0.0,0.0,0.0,0.0,0.0,3.558141329884457,0.0,0.0,2.509680770337531,1.0989764839410647,0.0,5.16214992105956,0.0,0.0,0.0,0.0,0.0
0.0,0.0,0.0,1.201608702540396,174.22523277997962,8.653502440080029,27.74751187488436,0.0,0.0,0.0,46.83374597206704,0.0,0.0,148.91440100967873,2.010598488897082,0.0,41.75000855922682,0.0,0.0,0.0,0.0,1930.6380950927733,0.0,0.0,0.0,46.31893180906766,1.0706549271941102,0.0,31.274394331872266,5.606233350187534,0.0,56.286625176668124,0.0,0.0,0.0,0.0,0.0
0.0,0.0,0.0,4.353074654936787,437.94585305452347,51.41331937909126,156.88339278399934,0.0,0.0,0.0,204.8427322275936,0.0,0.0,327.71591179072846,6.75595796406269,0.0,187.89844957590103,0.0,0.0,0.0,0.0,0.0,0.0,0.0,0.0,146.77105785608288,4.300100950896735,0.0,230.563507437706,17.976377474144087,0.0,214.58144164085385,0.0,0.0,0.0,0.0,0.0
0.0,0.0,0.0,9.539844006299967,895.7899471521376,161.48513042926783,506.2229426920413,0.0,0.0,0.0,519.4356769412756,0.0,0.0,560.2483209967612,14.498083099722862,0.0,445.9771266221998,0.0,0.0,0.0,0.0,0.0,0.0,0.0,0.0,403.39228701591486,11.912275749444955,0.0,837.717873173952,50.55039361566305,0.0,375.2171008586884,0.0,0.0,0.0,0.0,0.0
0.0,0.0,0.0,15.414066970348356,0.0,192.90764574706552,0.0,0.0,0.0,0.0,704.6047664016484,0.0,0.0,661.7516061663626,21.17542954087257,0.0,763.3153235077858,0.0,0.0,0.0,0.0,0.0,0.0,0.0,0.0,536.9289865493774,23.99965657889843,0.0,1279.9795657634736,170.36095469594002,0.0,419.2796539068222,0.0,0.0,0.0,0.0,0.0
0.0,0.0,0.0,22.342975735664364,0.0,207.5977909862995,0.0,0.0,0.0,0.0,863.0617682009936,0.0,0.0,724.7888722270726,25.47511476874352,0.0,982.6270022153856,0.0,0.0,0.0,0.0,0.0,0.0,0.0,0.0,0.0,38.86608738303184,0.0,1654.6658823728562,245.39056418538087,0.0,442.645005106926,0.0,0.0,0.0,0.0,0.0
0.0,0.0,0.0,28.103461742401123,0.0,211.0946683883667,0.0,0.0,0.0,0.0,916.405182737112,0.0,0.0,0.0,0.0,0.0,1100.735183930397,0.0,0.0,0.0,0.0,0.0,0.0,0.0,0.0,0.0,0.0,0.0,0.0,283.38007259964945,0.0,449.4611849784851,0.0,0.0,0.0,0.0,0.0
0.0,0.0,0.0,0.0,0.0,202.30508959293363,0.0,0.0,0.0,0.0,863.0862473309039,0.0,0.0,0.0,0.0,0.0,1125.5276183843612,0.0,0.0,0.0,0.0,0.0,0.0,0.0,0.0,0.0,0.0,0.0,0.0,288.97457015514374,0.0,436.5764625072479,0.0,0.0,0.0,0.0,0.0
0.0,0.0,0.0,0.0,0.0,0.0,0.0,0.0,0.0,0.0,665.2219827383756,0.0,0.0,0.0,0.0,0.0,0.0,0.0,0.0,0.0,0.0,0.0,0.0,0.0,0.0,0.0,0.0,0.0,0.0,286.5192087709904,0.0,0.0,0.0,0.0,0.0,0.0,0.0
0.0,0.0,0.0,0.0,0.0,0.0,0.0,0.0,0.0,0.0,0.0,0.0,0.0,0.0,0.0,0.0,0.0,0.0,0.0,0.0,0.0,0.0,0.0,0.0,0.0,0.0,0.0,0.0,0.0,0.0,0.0,0.0,0.0,0.0,0.0,0.0,0.0
0.0,0.0,0.0,0.0,0.0,0.0,0.0,0.0,0.0,0.0,0.0,0.0,0.0,0.0,0.0,0.0,0.0,0.0,0.0,0.0,0.0,0.0,0.0,0.0,0.0,0.0,0.0,0.0,0.0,0.0,0.0,0.0,0.0,0.0,0.0,0.0,0.0
0.0,0.0,0.0,0.0,0.0,0.0,0.0,0.0,0.0,0.0,0.0,0.0,0.0,0.0,0.0,0.0,0.0,0.0,0.0,0.0,0.0,0.0,0.0,0.0,0.0,0.0,0.0,0.0,0.0,0.0,0.0,0.0,0.0,0.0,0.0,0.0,0.0
0.0,0.0,0.0,0.0,0.0,0.0,0.0,0.0,0.0,0.0,0.0,0.0,0.0,0.0,0.0,0.0,0.0,0.0,0.0,0.0,0.0,0.0,0.0,0.0,0.0,0.0,0.0,0.0,0.0,0.0,0.0,0.0,0.0,0.0,0.0,0.0,0.0
0.0,0.0,0.0,0.0,0.0,0.0,0.0,0.0,0.0,0.0,0.0,0.0,0.0,0.0,0.0,0.0,0.0,0.0,0.0,0.0,0.0,0.0,0.0,0.0,0.0,0.0,0.0,0.0,0.0,0.0,0.0,0.0,0.0,0.0,0.0,0.0,0.0
0.0,0.0,0.0,0.0,0.0,0.0,0.0,0.0,0.0,0.0,0.0,0.0,0.0,0.0,0.0,0.0,0.0,0.0,0.0,0.0,0.0,0.0,0.0,0.0,0.0,0.0,0.0,0.0,0.0,0.0,0.0,0.0,0.0,0.0,0.0,0.0,0.0
0.0,0.0,0.0,0.0,0.0,0.0,0.0,0.0,0.0,0.0,0.0,0.0,0.0,0.0,0.0,0.0,0.0,0.0,0.0,0.0,0.0,0.0,0.0,0.0,0.0,0.0,0.0,0.0,0.0,0.0,0.0,0.0,0.0,0.0,0.0,0.0,0.0
0.0,0.0,0.0,0.0,0.0,0.0,0.0,0.0,0.0,0.0,0.0,0.0,0.0,0.0,0.0,0.0,0.0,0.0,0.0,0.0,0.0,0.0,0.0,0.0,0.0,0.0,0.0,0.0,0.0,0.0,0.0,0.0,0.0,0.0,0.0,0.0,0.0
0.0,0.0,0.0,0.0,0.0,0.0,0.0,0.0,0.0,0.0,0.0,0.0,0.0,0.0,0.0,0.0,0.0,0.0,0.0,0.0,0.0,0.0,0.0,0.0,0.0,0.0,0.0,0.0,0.0,0.0,0.0,0.0,0.0,0.0,0.0,0.0,0.0
0.0,0.0,0.0,0.0,0.0,0.0,0.0,0.0,0.0,0.0,0.0,0.0,0.0,0.0,0.0,0.0,0.0,0.0,0.0,0.0,0.0,0.0,0.0,0.0,0.0,0.0,0.0,0.0,0.0,0.0,0.0,0.0,0.0,0.0,0.0,0.0,0.0
0.0,0.0,0.0,0.0,0.0,0.0,0.0,0.0,0.0,0.0,0.0,0.0,0.0,0.0,0.0,0.0,0.0,0.0,0.0,0.0,0.0,33.44703936576799,0.0,0.0,0.0,0.0,0.0,0.0,0.0,0.0,0.0,0.0,0.0,0.0,0.0,0.0,0.0
0.0,0.0,0.0,0.0,0.0,0.0,0.0,0.0,0.0,0.0,0.0,0.0,0.0,0.0,0.0,0.0,0.0,0.0,0.0,0.0,0.0,0.0,0.0,0.0,0.0,0.0,0.0,0.0,0.0,0.0,0.0,0.0,0.658110980875788,0.0,0.0,0.0,0.0
0.0,0.0,0.0,0.0,0.0,0.0,0.0,0.0,0.0,0.0,1.9766452404669457,0.0,0.0,0.0,0.0,0.0,0.7308908224104718,0.0,0.0,0.0,0.0,25.79574575424157,0.0,0.0,0.0,0.0,0.0,0.0,0.0,0.0,0.0,0.0,0.0994747690856378,0.0,0.0,0.0,0.0
0.0,0.0,0.0,0.033337228000158,2.4202376455067323,0.0,0.0,0.0,0.0,0.0,1.7246216638011456,0.0,0.0,0.0,0.0,0.0,6.028102648258006,0.0,0.0,0.0,0.0,3.2174075126646526,0.0,0.0,0.0,0.0,3.4235139310359943,0.0,0.0,0.6233531638979573,0.0,0.4863311201333675,0.0,0.0,0.0,0.0,0.0
0.0,0.0,0.0,0.0596379004418848,6.879772886633853,0.2016461333259544,0.0,0.0,0.0,0.0,2.198875139280946,0.0,0.0,0.0,0.0,0.0018795328214753,0.0,0.0,0.0,0.0,0.0,99.74514989852877,0.0,0.0,0.0,0.0,6.646266847848891,0.0,0.0,0.508077610284066,0.0,1.3055260628461745,0.9065842404961294,0.0,0.0,0.0,0.0
0.0,0.0,0.0,0.0813365355133976,73.97009795904148,0.7739406125619606,0.0,0.0,0.0,0.0,2.8428307338150343,0.0,0.0,0.0,0.0,0.2298639304935922,4.282630443572898,0.0,0.0,0.0,0.0,599.4607521057128,0.0,0.0,0.0,17.988593703508343,16.476683452725407,0.0,18.687780264019796,0.7801242850720773,0.0,5.484020397067052,3.5394423920660936,0.0,0.0,0.0,0.0
0.0,0.0,0.0,1.464300848543639,258.12529626488674,12.106953306123591,0.0,0.0,0.0,0.0,42.501507880166045,0.0,0.0,0.0,0.0,0.0,26.40939097404477,0.0,0.0,0.0,0.0,1610.933135986328,0.0,0.0,0.0,128.6039677619934,37.97996041774749,0.0,203.04166657030572,3.132256365567422,0.0,59.56818173825739,14.634446199983335,0.0,0.0,0.0,0.0
0.0,0.0,0.0,5.1270553469657845,604.7284162044524,71.60667193681002,0.0,0.0,0.0,0.0,192.2629175379872,0.0,0.0,0.0,0.0,0.0,151.95855115652083,0.0,0.0,0.0,0.0,2446.398635864258,0.0,0.0,0.0,452.69220275878905,60.64724534749985,0.0,989.409446787834,9.379781921952954,0.0,225.06689649820328,51.66556325554848,0.0,0.0,0.0,0.0
0.0,0.0,0.0,11.490145176649092,1127.0827205181122,198.72874435782435,0.0,0.0,0.0,0.0,521.3204004213214,0.0,0.0,0.0,0.0,0.0,368.5273362159728,0.0,0.0,0.0,0.0,3054.9236419677736,0.0,0.0,0.0,679.4696294784546,77.4517725110054,0.0,1733.5080491423607,23.61023694947361,0.0,385.0212104320526,0.0,0.0,0.0,0.0,0.0
0.0,0.0,0.0,20.24664181470871,1466.177413225174,224.096388310194,0.0,0.0,0.0,0.0,692.4650844335556,0.0,0.0,0.0,0.0,0.0,642.2335082530975,0.0,0.0,0.0,0.0,0.0,0.0,0.0,0.0,746.2528645992279,86.13216146230698,0.0,2066.824443531036,106.38413832187652,0.0,428.1085984706879,0.0,0.0,0.0,0.0,0.0
0.0,0.0,0.0,29.632747054100037,1656.4000470638275,240.78205174207687,0.0,0.0,0.0,0.0,837.7165788799523,0.0,0.0,0.0,31.02916583418846,0.0,839.5551543712614,0.0,0.0,0.0,0.0,0.0,0.0,0.0,0.0,0.0,89.14164805412292,0.0,2213.024820303917,192.3645007252693,0.0,449.2604252099991,0.0,0.0,0.0,0.0,0.0
0.0,0.0,0.0,28.103461742401123,1711.268657207489,246.8715605437756,0.0,0.0,0.0,0.0,881.5963346689939,0.0,0.0,0.0,0.0,0.0,944.356232535839,0.0,0.0,0.0,0.0,0.0,0.0,0.0,0.0,0.0,87.35047080516816,0.0,2251.2647249817846,240.23121947050092,0.0,452.2210487127304,0.0,0.0,0.0,0.0,0.0
0.0,0.0,0.0,0.0,0.0,242.2690795958042,0.0,0.0,0.0,0.0,828.6778805404902,0.0,0.0,0.0,29.403908425569533,0.0,966.3896552562712,0.0,0.0,0.0,0.0,3178.251437377929,0.0,0.0,0.0,0.0,0.0,0.0,0.0,0.0,0.0,438.47795712947845,0.0,0.0,0.0,0.0,0.0
0.0,0.0,0.0,0.0,0.0,0.0,0.0,0.0,0.0,0.0,0.0,0.0,0.0,0.0,0.0,0.0,949.1426910400388,0.0,0.0,0.0,0.0,0.0,0.0,0.0,0.0,0.0,0.0,0.0,2041.277242231369,0.0,0.0,0.0,0.0,0.0,0.0,0.0,0.0
0.0,0.0,0.0,0.0,0.0,0.0,0.0,0.0,0.0,0.0,0.0,0.0,0.0,0.0,0.0,0.0,831.738311958313,0.0,0.0,0.0,0.0,2186.554107666015,0.0,0.0,0.0,0.0,0.0,0.0,0.0,0.0,0.0,0.0,0.0,0.0,0.0,0.0,0.0
0.0,0.0,0.0,0.0,0.0,0.0,0.0,0.0,0.0,0.0,0.0,0.0,0.0,0.0,0.0,0.0,0.0,0.0,0.0,0.0,0.0,0.0,0.0,0.0,0.0,0.0,0.0,0.0,0.0,0.0,0.0,0.0,0.0,0.0,0.0,0.0,0.0
0.0,0.0,0.0,0.0,0.0,0.0,0.0,0.0,0.0,0.0,0.0,0.0,0.0,0.0,0.0,0.0,0.0,0.0,0.0,0.0,0.0,0.0,0.0,0.0,0.0,0.0,0.0,0.0,0.0,0.0,0.0,0.0,0.0,0.0,0.0,0.0,0.0
0.0,0.0,0.0,0.0,0.0,0.0,0.0,0.0,0.0,0.0,0.0,0.0,0.0,0.0,0.0,0.0,0.0,0.0,0.0,0.0,0.0,0.0,0.0,0.0,0.0,0.0,0.0,0.0,0.0,0.0,0.0,0.0,0.0,0.0,0.0,0.0,0.0
0.0,0.0,0.0,0.0,0.0,0.0,0.0,0.0,0.0,0.0,0.0,0.0,0.0,0.0,0.0,0.0,0.0,0.0,0.0,0.0,0.0,0.0,0.0,0.0,0.0,0.0,0.0,0.0,0.0,0.0,0.0,0.0,0.0,0.0,0.0,0.0,0.0
0.0,0.0,0.0,0.0,0.0,0.0,0.0,0.0,0.0,0.0,0.0,0.0,0.0,0.0,0.0,0.0,0.0,0.0,0.0,0.0,0.0,0.0,0.0,0.0,0.0,0.0,0.0,0.0,0.0,0.0,0.0,0.0,0.0,0.0,0.0,0.0,0.0
0.0,0.0,0.0,0.0,0.0,0.0,0.0,0.0,0.0,0.0,0.0,0.0,0.0,0.0,0.0,0.0,0.0,0.0,0.0,0.0,0.0,0.0,0.0,0.0,0.0,0.0,0.0,0.0,0.0,0.0,0.0,0.0,0.0,0.0,0.0,0.0,0.0
0.0,0.0,0.0,0.0,0.0,0.0,0.0,0.0,0.0,0.0,0.0,0.0,0.0,0.0,0.0,0.0,0.0,0.0,0.0,0.0,0.0,0.0,0.0,0.0,0.0,0.0,0.0,0.0,0.0,0.0,0.0,0.0,0.0,0.0,0.0,0.0,0.0
0.0,0.0,0.0,0.0,0.0,0.0,0.0,0.0,0.0,0.0,0.0,0.0,0.0,0.0,0.0,0.0,0.0,0.0,0.0,0.0,0.0,0.0,0.0,0.0,0.0,0.0,0.0,0.0,0.0,0.0,0.0,0.0,0.0,0.0,0.0,0.0,0.0
0.0,0.0,0.0,0.0,0.0,0.0,0.0,0.0,0.0,0.0,0.0,0.0,0.0,0.0,0.0,0.0,0.0,0.0,0.0,0.0,0.0,0.0,0.0,0.0,0.0,0.0,0.0,0.0,0.0,0.0,0.0,0.0,0.0,0.0,0.0,0.0,0.0
0.0,0.0,0.0,0.0,0.0,0.0,0.0,0.0,0.0,0.0,0.0,0.0,0.0,0.0,0.0,0.0,0.0,0.0,0.0,0.0,0.0,0.0,0.0,0.0,0.0,0.0,0.0,0.0,0.0,0.0,0.0,0.0,0.8058078456669877,0.0,0.0,0.0,0.0
0.0,0.0,0.0,0.0459682904183844,0.0,0.5751063590869078,0.0,0.0,0.0,0.0,2.076582263083969,0.0,0.0,0.0,0.0,0.0035522021353234,0.0,0.0,0.0,0.0,0.0,0.0,0.0,0.0,0.0,0.0,0.0,0.0,0.0,0.0,0.0,0.0,0.6739572510123245,0.0,0.0,0.0,0.0
0.0,0.0,0.0,0.0769727993756508,0.0,0.531179988756767,0.0,0.0,0.0,0.0,2.027147219655886,0.0,0.0,0.0,0.0,0.0,0.0,0.0,0.0,0.0,0.0,0.0,0.0,0.0,0.0,1.711444653477469,1.406366221234197,0.0,0.0,0.5041031971573691,0.0,0.6062352955341228,0.0,0.0,0.0,0.0,0.0
0.0,0.0,0.0,0.060615818947548,2.8099570684134063,0.0301414225250482,0.0,0.0,0.0,0.0,1.8172119807916816,0.0,0.0,0.0,0.0,0.0,5.589727497100802,0.0,0.0,0.0,0.0,4.4794947624203,0.0,0.0,0.0,0.0,0.2694668758660465,0.0,0.0,0.4670770138502025,0.0,0.6703788489103161,0.0,0.0,0.0,0.0,0.0
0.0,0.0,0.0,0.094876918941734,7.766716189682278,0.2122199991717885,0.0,0.0,0.0,0.0,3.2743951241484592,0.0,0.0,0.0,0.0,0.0,0.0,0.0,0.0,0.0,0.0,0.0,0.0,0.0,0.0,0.0,1.1069231269881057,0.0,0.0,0.3951070405542791,0.0,1.3541192561387485,1.1565465927123824,0.0,0.0,0.0,0.0
0.0,0.0,0.0,0.063471334055063,24.077662061899776,0.9037902466952497,0.0,0.0,0.0,0.0,7.9702135615979905,0.0,0.0,0.0,0.2407256908714745,0.1471334071829907,0.5820896387099601,0.0,0.0,0.0,0.0,90.81130943298302,0.0,0.0,0.0,0.0,4.014724959433079,0.0,8.642145571112444,0.7738214574754051,0.0,3.2751112580298822,7.074687927961349,0.0,0.0,0.0,0.0
0.0,0.0,0.0,0.8732251003384572,100.70244732499124,10.637524443678526,35.01180530451232,0.0,0.0,0.0,62.45612664371709,0.0,0.0,0.0,2.870481714606282,0.569422423839568,12.349701535701607,0.0,0.0,0.0,0.0,384.2115577697752,0.0,0.0,0.0,37.27414790093891,10.869571201503271,0.0,115.34783618673669,2.401743417233219,0.0,47.98754556477069,27.803559795022007,0.0,0.0,0.0,0.0
0.0,0.0,0.0,3.241712540388104,264.3142044246196,67.07847584784031,143.8385665148496,0.0,0.0,0.0,257.76800118312235,0.0,0.0,0.0,8.803199726343156,1.118991084396839,92.60832878351208,0.0,0.0,0.0,0.0,929.0005126953124,0.0,0.0,0.0,139.63797197341913,25.922555166482923,0.0,663.1710924208163,7.330100630223742,0.0,199.7872228622436,51.66556325554848,0.0,0.0,0.0,0.0
0.0,0.0,0.0,6.854089915752408,573.7147282361984,189.3947071135044,372.5140627533197,0.0,0.0,0.0,606.8608890444041,0.0,0.0,0.0,17.759894335269927,1.6427152454853051,238.9160508036612,0.0,0.0,0.0,0.0,1757.914321899414,0.0,0.0,0.0,417.35768311023713,48.37694252133369,0.0,1315.6014619410037,14.353644261509167,0.0,347.8855332136154,0.0,0.0,0.0,0.0,0.0
0.0,0.0,0.0,11.229379534721373,918.074191212654,216.51852098107335,591.1489504098892,0.0,0.0,0.0,796.9175317615269,0.0,0.0,964.5614489912988,24.038343000411988,2.79122570157051,418.9810495972632,0.0,0.0,0.0,0.0,2089.980361938477,0.0,0.0,0.0,560.5018423557282,61.55842683315277,0.0,1671.640800356865,74.00718658715485,0.0,389.5598164796829,0.0,0.0,0.0,0.0,0.0
0.0,0.0,0.0,16.44907522201538,1186.087170124054,232.62526151537892,851.2451791465282,0.0,0.0,0.0,964.8400231570004,0.0,0.0,0.0,27.23207132220268,3.642239749431609,573.0233688950537,0.0,0.0,0.0,0.0,2193.9431610107417,0.0,0.0,0.0,597.8282807826996,68.7512661933899,0.0,1876.3333603262904,149.45756839513777,0.0,402.64781045913696,0.0,0.0,0.0,0.0,0.0
0.0,0.0,0.0,19.753929793834686,1354.8113088607788,237.9225138127804,1019.3792812645436,0.0,0.0,0.0,1015.738643926382,0.0,0.0,0.0,28.169729483127597,4.176898449659347,683.9049488067626,0.0,0.0,0.0,0.0,2207.937139892578,0.0,0.0,0.0,609.0259969711303,70.56909880638122,0.0,1941.3695830106733,205.616746366024,0.0,396.2561146020889,0.0,0.0,0.0,0.0,0.0
0.0,0.0,0.0,21.01112002134323,0.0,232.18102940917012,0.0,0.0,0.0,0.0,956.6805392175912,0.0,0.0,987.7456086874008,27.206388419866563,4.230597436428069,747.7442111730575,0.0,0.0,0.0,0.0,2177.123117065429,0.0,0.0,0.0,589.8204448223114,0.0,0.0,0.0,0.0,0.0,382.3938230276108,0.0,0.0,0.0,0.0,0.0
0.0,0.0,0.0,0.0,0.0,0.0,0.0,0.0,0.0,0.0,0.0,0.0,0.0,840.0645636022091,0.0,3.1779358536005016,739.200338923931,0.0,0.0,0.0,0.0,0.0,0.0,0.0,0.0,0.0,0.0,0.0,0.0,0.0,0.0,0.0,0.0,0.0,0.0,0.0,0.0
0.0,0.0,0.0,0.0,0.0,0.0,0.0,0.0,0.0,0.0,0.0,0.0,0.0,0.0,0.0,0.0,0.0,0.0,0.0,0.0,0.0,0.0,0.0,0.0,0.0,0.0,0.0,0.0,0.0,0.0,0.0,0.0,0.0,0.0,0.0,0.0,0.0
0.0,0.0,0.0,0.0,0.0,0.0,0.0,0.0,0.0,0.0,0.0,0.0,0.0,0.0,0.0,0.0,0.0,0.0,0.0,0.0,0.0,0.0,0.0,0.0,0.0,0.0,0.0,0.0,0.0,0.0,0.0,0.0,0.0,0.0,0.0,0.0,0.0
0.0,0.0,0.0,0.0,0.0,0.0,0.0,0.0,0.0,0.0,0.0,0.0,0.0,0.0,0.0,0.0,0.0,0.0,0.0,0.0,0.0,0.0,0.0,0.0,0.0,0.0,0.0,0.0,0.0,0.0,0.0,0.0,0.0,0.0,0.0,0.0,0.0
0.0,0.0,0.0,0.0,0.0,0.0,0.0,0.0,0.0,0.0,0.0,0.0,0.0,0.0,0.0,0.0,0.0,0.0,0.0,0.0,0.0,0.0,0.0,0.0,0.0,0.0,0.0,0.0,0.0,0.0,0.0,0.0,0.0,0.0,0.0,0.0,0.0
0.0,0.0,0.0,0.0,0.0,0.0,0.0,0.0,0.0,0.0,0.0,0.0,0.0,0.0,0.0,0.0,0.0,0.0,0.0,0.0,0.0,0.0,0.0,0.0,0.0,0.0,0.0,0.0,0.0,0.0,0.0,0.0,0.0,0.0,0.0,0.0,0.0
0.0,0.0,0.0,0.0,0.0,0.0,0.0,0.0,0.0,0.0,0.0,0.0,0.0,0.0,0.0,0.0,0.0,0.0,0.0,0.0,0.0,0.0,0.0,0.0,0.0,0.0,0.0,0.0,0.0,0.0,0.0,0.0,0.0,0.0,0.0,0.0,0.0
0.0,0.0,0.0,0.0,0.0,0.0,0.0,0.0,0.0,0.0,0.0,0.0,0.0,0.0,0.0,0.0,0.0,0.0,0.0,0.0,0.0,0.0,0.0,0.0,0.0,0.0,0.0,0.0,0.0,0.0,0.0,0.0,0.0,0.0,0.0,0.0,0.0
0.0,0.0,0.0,0.0,0.0,0.0,0.0,0.0,0.0,0.0,0.0,0.0,0.0,0.0,0.0,0.0,0.0,0.0,0.0,0.0,0.0,0.0,0.0,0.0,0.0,0.0,0.0,0.0,0.0,0.0,0.0,0.0,0.0,0.0,0.0,0.0,0.0
0.0,0.0,0.0,0.0,0.0,0.0,0.0,0.0,0.0,0.0,0.0,0.0,0.0,0.0,0.0,0.0,0.0,0.0,0.0,0.0,0.0,0.0,0.0,0.0,0.0,0.0,0.0,0.0,0.0,0.0,0.0,0.0,0.0,0.0,0.0,0.0,0.0
0.0,0.0,0.0,0.0,0.0,0.0,0.0,0.0,0.0,0.0,0.0,0.0,0.0,0.0,0.0,0.0,0.0,0.0,0.0,0.0,0.0,0.0,0.0,0.0,0.0,0.0,0.0,0.0,0.0,0.0,0.0,0.0,0.0,0.0,0.0,0.0,0.0
0.0,0.0,0.0,0.0,0.0,0.0,0.0,0.0,0.0,0.0,0.0,0.0,0.0,0.0,0.0,0.0,0.0,0.0,0.0,0.0,0.0,0.0,0.0,0.0,0.0,0.0,0.0,0.0,0.0,0.3915719509124645,0.0,0.0,0.597604212351123,0.0,0.0,0.0,0.0
0.0,0.0,0.0,0.0,0.0,0.0,0.0,0.0,0.0,0.0,0.0,0.0,0.0,0.0,0.0,0.0,0.0,0.0,0.0,0.0,0.0,0.0,0.0,0.0,0.0,0.0,0.0,0.0,0.0,0.0,0.0,0.0,0.5126508930697802,0.0,0.0,0.0,0.0
0.0,0.0,0.0,0.0,1.9745470099150104,0.0,2.2567728508263256,0.0,0.0,0.0,0.0,0.0,0.0,2.4588705040513283,0.0,0.0044065099209547,0.0,0.0,0.0,0.0,0.0,28.80555257797208,0.0,0.0,0.0,0.0,0.0,0.0,0.0,0.4763701699673879,0.0,0.0,0.0091561321169137,0.0,0.0,0.0,0.0
0.0,0.0,0.0,0.0361418146640034,2.8730030171572296,0.0,0.0,0.0,0.0,0.0,1.7036368279715988,0.0,0.0,1.4469870505853943,0.0,0.0,2.8662613511085056,0.0,0.0,0.0,0.0,0.0,0.0,0.0,0.0,0.0,0.0,0.0,0.0,0.5958720155060095,0.0,0.498118355870205,0.0,0.0,0.0,0.0,0.0
0.0,0.0,0.0,0.0692265946418032,6.284533366560823,0.2246484914794481,0.0,0.0,0.0,0.0,2.2143695469943854,0.0,0.0,9.030550604220394,0.0540201857686019,0.028359926305711,0.0,0.0,0.0,0.0,0.0,0.0,0.0,0.0,0.0,0.0,1.1411883516237131,0.0,0.0,0.5662381820380396,0.0,1.2284963876008712,0.9817595398053256,0.0,0.0,0.0,0.0
0.0,0.0,0.0,0.1004367806017392,47.73204207420337,1.001402231398933,2.47435661815095,0.0,0.0,0.0,3.518899293569685,0.0,0.0,29.86193268094197,0.3105752717703565,0.1941310381516804,2.9249728560446986,0.0,0.0,0.0,0.0,148.44701194763184,0.0,0.0,0.0,0.0,3.555811075866215,0.0,4.067797565460165,1.515490293502782,0.0,3.393055379390716,4.852842254564156,0.0,0.0,0.0,0.0
0.0,0.0,0.0,0.6335261650383468,197.33224302530277,10.655397886410311,57.87359319142983,0.0,0.0,0.0,31.46892592404018,0.0,0.0,75.50122607499355,2.5550175435841065,0.5311921685934058,29.50553421974165,0.0,0.0,0.0,0.0,724.7345397949216,0.0,0.0,0.0,32.10404452979557,11.265604414045804,0.0,49.89921413436532,9.095932089537362,0.0,36.41447824984788,20.259989708662022,0.0,0.0,0.0,0.0
0.0,0.0,0.0,2.6881076544523195,487.9129914641379,55.94052411615847,299.34261035770174,0.0,0.0,0.0,141.2565902922302,0.0,0.0,170.49823211506003,7.636705148220061,0.9704241007566444,160.37991369962674,0.0,0.0,0.0,0.0,1723.863836669922,0.0,0.0,0.0,178.81542974710464,27.609279561042783,0.0,349.64303462505336,34.08690417557952,0.0,132.77739769220352,68.86493256688117,0.0,0.0,0.0,0.0
0.0,0.0,0.0,5.766700431704521,970.0518001317978,153.35672347247598,709.0236615538596,0.0,0.0,0.0,379.8217057704925,0.0,0.0,309.884989336133,14.874480092525484,1.6607722043991078,387.8584362864494,0.0,0.0,0.0,0.0,2468.595672607422,0.0,0.0,0.0,470.8975560188293,51.00676577091217,0.0,1060.5699070990083,86.71830870509147,0.0,280.8138833642006,0.0,0.0,0.0,0.0,0.0
0.0,0.0,0.0,8.79543414711952,1351.8403453826904,185.16188731789583,1026.5111420094968,0.0,0.0,0.0,525.7060298010705,0.0,0.0,343.3097634091973,20.98446264266968,3.0215585678815837,660.3458236694336,0.0,0.0,0.0,0.0,2884.2784729003906,0.0,0.0,0.0,577.9257279872894,0.0,0.0,1520.693403100967,196.61841731071476,0.0,340.77939093112946,0.0,0.0,0.0,0.0,0.0
0.0,0.0,0.0,11.890756398439404,0.0,203.1362017691135,0.0,0.0,0.0,0.0,629.1168257325887,0.0,0.0,372.670171521604,24.83132039308548,0.0,856.8442830085754,0.0,0.0,0.0,0.0,3112.076971435547,0.0,0.0,0.0,617.9807352542878,0.0,0.0,1824.7832626104357,260.54103873968126,0.0,366.20121109485626,0.0,0.0,0.0,0.0,0.0
0.0,0.0,0.0,14.017900526523588,0.0,207.75800409913063,0.0,0.0,0.0,0.0,647.52330057621,0.0,0.0,402.8750094026327,26.46420568227768,0.0,959.6666976571084,0.0,0.0,0.0,0.0,3148.5890258789063,0.0,0.0,0.0,0.0,0.0,0.0,0.0,289.7568002641201,0.0,371.9167824983597,0.0,0.0,0.0,0.0,0.0
0.0,0.0,0.0,0.0,0.0,0.0,0.0,0.0,0.0,0.0,636.1407085955142,0.0,0.0,0.0,0.0,0.0,966.7738540291788,0.0,0.0,0.0,0.0,0.0,0.0,0.0,0.0,0.0,0.0,0.0,0.0,293.16754378676416,0.0,372.2870488166809,0.0,0.0,0.0,0.0,0.0
0.0,0.0,0.0,0.0,0.0,0.0,0.0,0.0,0.0,0.0,0.0,0.0,0.0,0.0,0.0,0.0,949.6014742612838,0.0,0.0,0.0,0.0,0.0,0.0,0.0,0.0,0.0,0.0,0.0,0.0,290.0829540193081,0.0,0.0,0.0,0.0,0.0,0.0,0.0
0.0,0.0,0.0,0.0,0.0,0.0,0.0,0.0,0.0,0.0,0.0,0.0,0.0,0.0,0.0,0.0,826.1583901405335,0.0,0.0,0.0,0.0,0.0,0.0,0.0,0.0,0.0,0.0,0.0,0.0,279.55767711400983,0.0,0.0,0.0,0.0,0.0,0.0,0.0
0.0,0.0,0.0,0.0,0.0,0.0,0.0,0.0,0.0,0.0,0.0,0.0,0.0,0.0,0.0,0.0,681.4687277793885,0.0,0.0,0.0,0.0,0.0,0.0,0.0,0.0,0.0,0.0,0.0,0.0,0.0,0.0,0.0,0.0,0.0,0.0,0.0,0.0
0.0,0.0,0.0,0.0,0.0,0.0,0.0,0.0,0.0,0.0,0.0,0.0,0.0,0.0,0.0,0.0,0.0,0.0,0.0,0.0,0.0,0.0,0.0,0.0,0.0,0.0,0.0,0.0,0.0,0.0,0.0,0.0,0.0,0.0,0.0,0.0,0.0
0.0,0.0,0.0,0.0,0.0,0.0,0.0,0.0,0.0,0.0,0.0,0.0,0.0,0.0,0.0,0.0,0.0,0.0,0.0,0.0,0.0,0.0,0.0,0.0,0.0,0.0,0.0,0.0,0.0,0.0,0.0,0.0,0.0,0.0,0.0,0.0,0.0
0.0,0.0,0.0,0.0,0.0,0.0,0.0,0.0,0.0,0.0,0.0,0.0,0.0,0.0,0.0,0.0,0.0,0.0,0.0,0.0,0.0,0.0,0.0,0.0,0.0,0.0,0.0,0.0,0.0,0.0,0.0,0.0,0.0,0.0,0.0,0.0,0.0
0.0,0.0,0.0,0.0,0.0,0.0,0.0,0.0,0.0,0.0,0.0,0.0,0.0,0.0,0.0,0.0,0.0,0.0,0.0,0.0,0.0,0.0,0.0,0.0,0.0,0.0,0.0,0.0,0.0,0.0,0.0,0.0,0.0,0.0,0.0,0.0,0.0
0.0,0.0,0.0,0.0,0.0,0.0,0.0,0.0,0.0,0.0,0.0,0.0,0.0,0.0,0.0,0.0,0.0,0.0,0.0,0.0,0.0,0.0,0.0,0.0,0.0,0.0,0.0,0.0,0.0,0.0,0.0,0.0,0.0,0.0,0.0,0.0,0.0
0.0,0.0,0.0,0.0,0.0,0.0,0.0,0.0,0.0,0.0,0.0,0.0,0.0,0.0,0.0,0.0,0.0,0.0,0.0,0.0,0.0,0.0,0.0,0.0,0.0,0.0,0.0,0.0,0.0,0.0,0.0,0.0,0.0,0.0,0.0,0.0,0.0
0.0,0.0,0.0,0.0,0.0,0.0,0.0,0.0,0.0,0.0,0.0,0.0,0.0,0.0,0.0,0.0,0.0,0.0,0.0,0.0,0.0,0.0,0.0,0.0,0.0,0.0,0.0,0.0,0.0,0.0,0.0,0.0,0.0,0.0,0.0,0.0,0.0
0.0,0.0,0.0,0.0,0.0,0.0,0.0,0.0,0.0,0.0,0.0,0.0,0.0,0.0,0.0,0.0,0.0,0.0,0.0,0.0,0.0,0.0,0.0,0.0,0.0,0.0,0.0,0.0,0.0,0.0,0.0,0.0,0.0,0.0,0.0,0.0,0.0
0.0,0.0,0.0,0.0,0.0,0.0,0.0,0.0,0.0,0.0,0.0,0.0,0.0,0.0,0.0,0.0,0.0,0.0,0.0,0.0,0.0,0.0,0.0,0.0,0.0,0.0,0.0,0.0,0.0,0.0,0.0,0.0,0.7239342220127353,0.0,0.0,0.0,0.0
0.0,0.0,0.0,0.0,0.0,0.0,0.0,0.0,0.0,0.0,0.0,0.0,0.0,0.0,0.0,0.0198248513042917,0.0,0.0,0.0,0.0,0.0,0.0,0.0,0.0,0.0,0.0,0.0,0.0,0.0,0.2956032000481984,0.0,0.0,0.68167777452615,0.0,0.0,0.0,0.0
0.0,0.0,0.0,0.0,1.7897525392472615,0.0,5.899535826593529,0.0,0.0,0.0,0.0,0.0,0.0,2.7781919203697623,0.0,0.0,0.0,0.0,0.0,0.0,0.0,24.631207656860138,0.0,0.0,0.0,0.0,0.0,0.0,0.0,0.3567687444388543,0.0,0.0,0.1096885744482032,0.0,0.0,0.0,0.0
0.0,0.0,0.0,0.0361770950257756,2.3506155423818544,0.0,0.0,0.0,0.0,0.0,0.0,0.0,0.0,1.172372112050633,0.0563508108258228,0.0,1.3085066199300974,0.0,0.0,0.0,0.0,0.0,0.0,0.0,0.0,0.0,0.0,0.0,0.0,0.4410163447260478,0.0,0.3803267329930921,0.0,0.0,0.0,0.0,0.0
0.0,0.0,0.0,0.0684495028108328,5.035196069627999,0.0,0.0,0.0,0.0,0.0,0.0,0.0,0.0,26.91748490091403,0.0,0.0,0.0,0.0,0.0,0.0,0.0,13.244311141967426,0.0,0.0,0.0,0.0,0.1986033871769824,0.0,0.0,0.425467222183932,0.0,0.0,2.26257209666071,0.0,0.0,0.0,0.0
0.0,0.0,0.0,0.1378249563276748,49.16542695462688,0.0,0.0,0.0,0.0,0.0,0.0,0.0,0.0,0.0,0.0,0.1850429307669397,0.576267516612803,0.0,0.0,0.0,0.0,168.37696666717522,0.0,0.0,0.0,0.0,1.675625675171612,0.0,9.279996995627767,0.6920369975268658,0.0,0.0,9.634067259728882,0.0,0.0,0.0,0.0
0.0,0.0,0.0,1.731980055570601,190.6723584532737,0.0,64.07716150544577,0.0,0.0,0.0,0.0,0.0,0.0,0.0,0.0,0.6700101010501379,14.58901226520524,0.0,0.0,0.0,0.0,671.5301643371581,0.0,0.0,0.0,59.399540978670046,6.625139077007767,0.0,129.86408580616103,2.155754482746089,0.0,0.0,32.69710500538348,0.0,0.0,0.0,0.0
0.0,0.0,0.0,5.854408219456672,460.56574308872206,0.0,321.7811304420232,0.0,0.0,0.0,0.0,0.0,0.0,0.0,0.0,1.3594504073262204,117.51653153896324,0.0,0.0,0.0,0.0,1687.482424926758,0.0,0.0,0.0,250.69910585880277,17.498001226782794,0.0,742.2676536202431,6.7741045430302265,0.0,0.0,84.7764422595501,0.0,0.0,0.0,0.0
0.0,0.0,0.0,13.313200533390042,915.9760018587112,0.0,754.263904210925,0.0,0.0,0.0,0.0,0.0,0.0,0.0,0.0,0.0,300.9529067397117,0.0,0.0,0.0,0.0,2455.5892547607423,0.0,0.0,0.0,501.8916087150574,38.492344528436654,0.0,1441.7643699407577,12.533048200979824,0.0,0.0,0.0,0.0,0.0,0.0,0.0
0.0,0.0,0.0,23.70929741859436,1268.3466358184814,0.0,1053.776533406973,0.0,0.0,0.0,0.0,0.0,0.0,0.0,0.0,3.7510328590869904,516.0991328716278,0.0,0.0,0.0,0.0,2789.050265502929,0.0,0.0,0.0,585.2099150180817,52.303531086444856,0.0,1799.9947677612304,66.57718379646538,0.0,0.0,0.0,0.0,0.0,0.0,0.0
0.0,0.0,0.0,34.64250946044922,1461.8791267871857,0.0,1226.4728794634343,0.0,0.0,0.0,0.0,0.0,0.0,0.0,0.0,4.907606512308121,698.5282809495925,0.0,0.0,0.0,0.0,2927.4815521240234,0.0,0.0,0.0,617.4419554233551,61.38941051959991,0.0,1957.9777143359183,138.3512129604816,0.0,0.0,0.0,0.0,0.0,0.0,0.0
0.0,0.0,0.0,14.017900526523588,1516.169587135315,0.0,1284.128690558672,0.0,0.0,0.0,0.0,0.0,0.0,0.0,0.0,5.587191224098206,800.6243399024008,0.0,0.0,0.0,0.0,2894.481097412109,0.0,0.0,0.0,595.2713376522064,64.26989896297455,0.0,1982.4200002789496,176.5395064651966,0.0,497.0420753955841,0.0,0.0,0.0,0.0,0.0
0.0,0.0,0.0,0.0,1473.646947145462,0.0,1246.0046689987182,0.0,0.0,0.0,0.0,0.0,0.0,0.0,0.0,5.620487749576569,817.5448975682259,0.0,0.0,0.0,0.0,2754.5584197998046,0.0,0.0,0.0,563.3615530490875,62.65427017211914,0.0,0.0,193.83048219084736,0.0,0.0,0.0,0.0,0.0,0.0,0.0
0.0,0.0,0.0,0.0,1264.4165036678314,0.0,1089.6206116378307,0.0,0.0,0.0,0.0,0.0,0.0,0.0,0.0,4.511003911495209,782.3284744262695,0.0,0.0,0.0,0.0,2346.550131225586,0.0,0.0,0.0,509.67323036193847,52.94421974420548,0.0,1738.836901652813,201.6027824103832,0.0,0.0,0.0,0.0,0.0,0.0,0.0
0.0,0.0,0.0,0.0,0.0,0.0,0.0,0.0,0.0,0.0,0.0,0.0,0.0,0.0,0.0,0.0,650.1051398992537,0.0,0.0,0.0,0.0,1785.8705017089844,0.0,0.0,0.0,0.0,0.0,0.0,0.0,0.0,0.0,0.0,0.0,0.0,0.0,0.0,0.0
0.0,0.0,0.0,0.0,0.0,0.0,0.0,0.0,0.0,0.0,0.0,0.0,0.0,0.0,0.0,0.0,502.3722236752509,0.0,0.0,0.0,0.0,0.0,0.0,0.0,0.0,0.0,0.0,0.0,0.0,0.0,0.0,0.0,0.0,0.0,0.0,0.0,0.0
0.0,0.0,0.0,0.0,0.0,0.0,0.0,0.0,0.0,0.0,0.0,0.0,0.0,0.0,0.0,0.0,0.0,0.0,0.0,0.0,0.0,0.0,0.0,0.0,0.0,0.0,0.0,0.0,0.0,0.0,0.0,0.0,0.0,0.0,0.0,0.0,0.0
0.0,0.0,0.0,0.0,0.0,0.0,0.0,0.0,0.0,0.0,0.0,0.0,0.0,0.0,0.0,0.0,0.0,0.0,0.0,0.0,0.0,0.0,0.0,0.0,0.0,0.0,0.0,0.0,0.0,0.0,0.0,0.0,0.0,0.0,0.0,0.0,0.0
0.0,0.0,0.0,0.0,0.0,0.0,0.0,0.0,0.0,0.0,0.0,0.0,0.0,0.0,0.0,0.0,0.0,0.0,0.0,0.0,0.0,0.0,0.0,0.0,0.0,0.0,0.0,0.0,0.0,0.0,0.0,0.0,0.0,0.0,0.0,0.0,0.0
0.0,0.0,0.0,0.0,0.0,0.0,0.0,0.0,0.0,0.0,0.0,0.0,0.0,0.0,0.0,0.0,0.0,0.0,0.0,0.0,0.0,0.0,0.0,0.0,0.0,0.0,0.0,0.0,0.0,0.0,0.0,0.0,0.0,0.0,0.0,0.0,0.0
0.0,0.0,0.0,0.0,0.0,0.0,0.0,0.0,0.0,0.0,0.0,0.0,0.0,0.0,0.0,0.0,0.0,0.0,0.0,0.0,0.0,0.0,0.0,0.0,0.0,0.0,0.0,0.0,0.0,0.0,0.0,0.0,0.0,0.0,0.0,0.0,0.0
0.0,0.0,0.0,0.0,0.0,0.0,0.0,0.0,0.0,0.0,0.0,0.0,0.0,0.0,0.0,0.0,0.0,0.0,0.0,0.0,0.0,0.0,0.0,0.0,0.0,0.0,0.0,0.0,0.0,0.0,0.0,0.0,0.0,0.0,0.0,0.0,0.0
0.0,0.0,0.0,0.0,0.0,0.0,0.0,0.0,0.0,0.0,0.0,0.0,0.0,0.0,0.0,0.0,0.0,0.0,0.0,0.0,0.0,0.0,0.0,0.0,0.0,0.0,0.0,0.0,0.0,0.0,0.0,0.0,0.0,0.0,0.0,0.0,0.0
0.0,0.0,0.0,0.0,0.0,0.0,0.0,0.0,0.0,0.0,0.0,0.0,0.0,0.0,0.0,0.0,0.0,0.0,0.0,0.0,0.0,0.0,0.0,0.0,0.0,0.0,0.0,0.0,0.0,0.0,0.0,0.0,0.0,0.0,0.0,0.0,0.0
0.0,0.0,0.0,0.0,0.0,0.0,0.0,0.0,0.0,0.0,0.0,0.0,0.0,0.0,0.0,0.0,0.0,0.0,0.0,0.0,0.0,0.0,0.0,0.0,0.0,0.0,0.0,0.0,0.0,0.0,0.0,0.0,0.9249030537903058,0.0,0.0,0.0,0.0
0.0,0.0,0.0,0.1084778737276738,1.6095773391424295,0.0,6.722781956195808,0.0,0.0,0.0,0.0,0.0,0.0,0.0,0.0,0.0,0.0,0.0,0.0,0.0,0.0,34.21485381126391,0.0,0.0,0.0,3.4425091894343214,0.0,0.0,0.0,0.2549101300537329,0.0,0.3925669789313901,0.6887581273913247,0.0,0.0,0.0,0.0
0.0,0.0,0.0,0.1314096469432098,2.013335876166809,0.3917253855615528,0.0,0.0,0.0,0.0,2.040050043584553,0.0,0.0,0.0,0.0,0.0,0.0,0.0,0.0,0.0,0.0,14.73759489059437,0.0,0.0,0.0,0.6383594932033866,0.1732885833829575,0.0,0.0,0.3261830434203122,0.0,0.4316559284925146,0.0,0.0,0.0,0.0,0.0
0.0,0.0,0.0,0.0813320893794291,3.249300148338043,0.0,0.0,0.0,0.0,0.0,1.7400228338315973,0.0,0.0,0.0,0.0,0.0,0.0,0.0,0.0,0.0,0.0,0.0,0.0,0.0,0.0,0.0,0.0,0.0,0.0,0.4122582294046875,0.0,0.5543095618486216,0.0,0.0,0.0,0.0,0.0
0.0,0.0,0.0,0.1025338545441568,7.69999689608809,0.1654168786480622,0.0,0.0,0.0,0.0,2.300436404719808,0.0,0.0,18.18558540428052,0.0,0.0,0.0,0.0,0.0,0.0,0.0,0.0,0.0,0.0,0.0,0.0,0.0,0.0,0.0,0.4787981644272751,0.0,1.1947538554667898,1.3832736974582065,0.0,0.0,0.0,0.0
0.0,0.0,0.0,0.130439350381488,34.234608374535945,0.75773550197481,0.0,0.0,0.0,0.0,5.028966215112997,0.0,0.0,65.92799095436925,0.2241355475038282,0.2441144846379746,0.0,0.0,0.0,0.0,0.0,97.83660535812336,0.0,0.0,0.0,11.489688168466088,0.0133097566664179,0.0,12.98493495434521,0.91687689945098,0.0,3.473466932773559,5.409426700323795,0.0,0.0,0.0,0.0
0.0,0.0,0.0,1.382070004940028,144.08684140443785,8.320296756923174,34.70309225581581,0.0,0.0,0.0,53.91603376734995,0.0,0.0,0.0,2.7003774672746657,0.737328954041004,19.513301849365057,0.0,0.0,0.0,0.0,416.9616252899167,0.0,0.0,0.0,56.92762336730951,1.0298409130424224,0.0,135.56205175369956,4.553637710958692,0.0,48.322939068079,20.156798347830765,0.0,0.0,0.0,0.0
0.0,0.0,0.0,4.6514104753732655,365.4997360110283,52.56158765032888,192.3220414772629,0.0,0.0,0.0,230.67245235964637,0.0,0.0,0.0,8.389929065108298,1.2198886573314662,123.89837406873698,0.0,0.0,0.0,0.0,991.9634361267088,0.0,0.0,0.0,190.309278345108,5.82647319585084,0.0,587.3031177699564,14.92133806869385,0.0,200.28235852718356,51.62622959911823,0.0,0.0,0.0,0.0
0.0,0.0,0.0,10.70755353569984,714.566850543022,177.57083301246163,516.3588851273059,0.0,0.0,0.0,609.1807782202959,0.0,0.0,0.0,16.806088122725484,1.5033136978745456,308.0905220031737,0.0,0.0,0.0,0.0,1739.9138763427734,0.0,0.0,0.0,406.7233493089676,12.391067019104955,0.0,1134.9943759679795,42.09398179426786,0.0,371.6492104530335,90.81800282001495,0.0,0.0,0.0,0.0
0.0,0.0,0.0,0.0,1034.2114187479017,207.81252180039883,816.2703933417797,0.0,0.0,0.0,835.8401620298624,0.0,0.0,0.0,22.820769238471986,2.3067089915275574,508.64899222254746,0.0,0.0,0.0,0.0,2102.1208984375,0.0,0.0,0.0,485.33500356674193,23.36932072639465,0.0,1453.6067880153655,140.9663943707943,0.0,432.7359048128128,0.0,0.0,0.0,0.0,0.0
0.0,0.0,0.0,27.84505474567413,1217.202198266983,225.36122027039528,1002.8907405376434,0.0,0.0,0.0,1043.162525013089,0.0,0.0,0.0,26.033828777074813,2.9782128781080246,669.3095628499983,0.0,0.0,0.0,0.0,2212.5438568115237,0.0,0.0,0.0,513.1108050346375,37.57485039234162,0.0,1615.5023350596427,215.25391034483908,0.0,463.9103266000748,0.0,0.0,0.0,0.0,0.0
0.0,0.0,0.0,33.559258460998535,1323.546319961548,232.31287255883217,1106.05475358963,0.0,0.0,0.0,1184.565303516388,0.0,0.0,0.0,27.28200193047524,3.334111481904982,756.3640161514282,0.0,0.0,0.0,0.0,2208.7774902343745,0.0,0.0,0.0,504.69899187088015,46.5788526713848,0.0,1587.0612105846403,253.9995237648487,0.0,470.8517705202103,0.0,0.0,0.0,0.0,0.0
0.0,0.0,0.0,0.0,1341.3370385169983,0.0,1124.1017285585403,0.0,0.0,0.0,1184.4771515250206,0.0,0.0,0.0,0.0,3.329372823238372,751.6651346206665,0.0,0.0,0.0,0.0,2131.583950805664,0.0,0.0,0.0,505.592005443573,48.53307014107704,0.0,1415.9845300793647,263.34797606468203,0.0,457.0436607599258,0.0,0.0,0.0,0.0,0.0
0.0,0.0,0.0,0.0,1112.1997776031494,0.0,0.0,0.0,0.0,0.0,0.0,0.0,0.0,0.0,0.0,2.3654515445232387,693.4371722459794,0.0,0.0,0.0,0.0,1777.329293823242,0.0,0.0,0.0,429.5348717451095,0.0,0.0,0.0,268.0230574309826,0.0,0.0,0.0,0.0,0.0,0.0,0.0
0.0,0.0,0.0,0.0,0.0,0.0,0.0,0.0,0.0,0.0,0.0,0.0,0.0,0.0,0.0,0.0,526.826055765152,0.0,0.0,0.0,0.0,0.0,0.0,0.0,0.0,0.0,0.0,0.0,0.0,264.4062184751034,0.0,0.0,0.0,0.0,0.0,0.0,0.0
0.0,0.0,0.0,0.0,0.0,0.0,0.0,0.0,0.0,0.0,0.0,0.0,0.0,0.0,0.0,0.0,354.78957948684695,0.0,0.0,0.0,0.0,0.0,0.0,0.0,0.0,0.0,0.0,0.0,0.0,0.0,0.0,0.0,0.0,0.0,0.0,0.0,0.0
0.0,0.0,0.0,0.0,0.0,0.0,0.0,0.0,0.0,0.0,0.0,0.0,0.0,0.0,0.0,0.0,0.0,0.0,0.0,0.0,0.0,0.0,0.0,0.0,0.0,0.0,0.0,0.0,0.0,0.0,0.0,0.0,0.0,0.0,0.0,0.0,0.0
0.0,0.0,0.0,0.0,0.0,0.0,0.0,0.0,0.0,0.0,0.0,0.0,0.0,0.0,0.0,0.0,0.0,0.0,0.0,0.0,0.0,0.0,0.0,0.0,0.0,0.0,0.0,0.0,0.0,0.0,0.0,0.0,0.0,0.0,0.0,0.0,0.0
0.0,0.0,0.0,0.0,0.0,0.0,0.0,0.0,0.0,0.0,0.0,0.0,0.0,0.0,0.0,0.0,0.0,0.0,0.0,0.0,0.0,0.0,0.0,0.0,0.0,0.0,0.0,0.0,0.0,0.0,0.0,0.0,0.0,0.0,0.0,0.0,0.0
0.0,0.0,0.0,0.0,0.0,0.0,0.0,0.0,0.0,0.0,0.0,0.0,0.0,0.0,0.0,0.0,0.0,0.0,0.0,0.0,0.0,0.0,0.0,0.0,0.0,0.0,0.0,0.0,0.0,0.0,0.0,0.0,0.0,0.0,0.0,0.0,0.0
0.0,0.0,0.0,0.0,0.0,0.0,0.0,0.0,0.0,0.0,0.0,0.0,0.0,0.0,0.0,0.0,0.0,0.0,0.0,0.0,0.0,0.0,0.0,0.0,0.0,0.0,0.0,0.0,0.0,0.0,0.0,0.0,0.0,0.0,0.0,0.0,0.0
0.0,0.0,0.0,0.0,0.0,0.0,0.0,0.0,0.0,0.0,0.0,0.0,0.0,0.0,0.0,0.0,0.0,0.0,0.0,0.0,0.0,0.0,0.0,0.0,0.0,0.0,0.0,0.0,0.0,0.0,0.0,0.0,0.0,0.0,0.0,0.0,0.0
0.0,0.0,0.0,0.0,0.0,0.0,0.0,0.0,0.0,0.0,0.0,0.0,0.0,0.0,0.0,0.0,0.0,0.0,0.0,0.0,0.0,0.0,0.0,0.0,0.0,0.0,0.0,0.0,0.0,0.0,0.0,0.0,0.0,0.0,0.0,0.0,0.0
0.0,0.0,0.0,0.0,0.0,0.0,0.0,0.0,0.0,0.0,0.0,0.0,0.0,0.0,0.0,0.0,0.0,0.0,0.0,0.0,0.0,0.0,0.0,0.0,0.0,0.0,0.0,0.0,0.0,0.0,0.0,0.0,0.0,0.0,0.0,0.0,0.0
0.0,0.0,0.0,0.0,0.0,0.0,0.0,0.0,0.0,0.0,0.0,0.0,0.0,0.0,0.0,0.0,0.0,0.0,0.0,0.0,0.0,0.0,0.0,0.0,0.0,0.0,0.0,0.0,0.0,0.0,0.0,0.0,0.733601453714049,0.0,0.0,0.0,0.0
0.0,0.0,0.0,0.0,1.8865916840731876,0.0,7.098450830578734,0.0,0.0,0.0,0.0,0.0,0.0,0.0,0.0,0.0,0.0,0.0,0.0,0.0,0.0,2.8879913330076823,0.0,0.0,0.0,2.304311645589752,0.3543604277074327,0.0,0.0,0.0,0.0,0.0,0.5036044577136554,0.0,0.0,0.0,0.0
0.0,0.0,0.0,0.0,2.646359216421708,0.0,1.6665688071399347,0.0,0.0,0.0,0.0,0.0,0.0,1.9358306052163192,0.0,0.0,0.0,0.0,0.0,0.0,0.0,0.0,0.0,0.0,0.0,1.5511599207296585,0.0,0.0,0.0,0.6112336933612764,0.0,0.0,0.0,0.0,0.0,0.0,0.0
0.0,0.0,0.0,0.0677427984774094,4.071100700646604,0.0,1.3764646727590506,0.0,0.0,0.0,1.8068244552703836,0.0,0.0,1.0007132356985464,0.0,0.0,0.8917652487753702,0.0,0.0,0.0,0.0,0.0,0.0,0.0,0.0,0.0,0.0,0.0,0.0,0.5461347393691188,0.0,0.6321959197521128,0.0,0.0,0.0,0.0,0.0
0.0,0.0,0.0,0.0878780111670436,7.4184972867368755,0.3092889026738361,0.0,0.0,0.0,0.0,2.15114592164743,0.0,0.0,7.522956728935125,0.0,0.0327838342636818,0.0,0.0,0.0,0.0,0.0,0.0,0.0,0.0,0.0,0.0,0.0,0.0,0.0,0.5527802392840347,0.0,0.0,1.031338928267344,0.0,0.0,0.0,0.0
0.0,0.0,0.0,0.162635423243042,58.99434790760259,1.1904531223699262,6.609711835533371,0.0,0.0,0.0,2.3669244084970966,0.0,0.0,19.59849560866127,0.0,0.2582932673394671,0.5738160967824968,0.0,0.0,0.0,0.0,95.1344098091124,0.0,0.0,0.0,8.988635773956771,0.0,0.0,13.142311564087734,1.0627674423157911,0.0,13.723302662372538,5.427774438634491,0.0,0.0,0.0,0.0
0.0,0.0,0.0,1.4982924088835703,219.59618121385571,18.125622030347586,79.14040899239468,0.0,0.0,0.0,46.23982616830605,0.0,0.0,56.51998742483544,0.0,0.7309180498123167,22.60840324163424,0.0,0.0,0.0,0.0,453.1434741973876,0.0,0.0,0.0,97.12155836224552,2.589721859619021,0.0,141.44369574189182,5.838333804905399,0.0,94.46561628580092,19.978506729006742,0.0,0.0,0.0,0.0
0.0,0.0,0.0,4.9211441427469245,518.2509101033208,104.03456445783374,310.19854324758046,0.0,0.0,0.0,211.0429194927214,0.0,0.0,158.80832323804486,14.23437099158764,1.215389139950275,130.448322713375,0.0,0.0,0.0,0.0,1033.852415466309,0.0,0.0,0.0,341.6464118242264,9.856722973287104,0.0,594.601072704792,21.857311349734644,0.0,298.5891783833503,56.060646384954445,0.0,0.0,0.0,0.0
0.0,0.0,0.0,10.645387113094328,940.744625210762,218.242754727602,623.7454217672348,0.0,0.0,0.0,567.131973196566,0.0,0.0,386.05028286576265,22.316873037815093,1.830573946237564,323.7069856047629,0.0,0.0,0.0,0.0,1724.8584594726562,0.0,0.0,0.0,568.8088927745819,24.189005362987512,0.0,1088.7433637082574,67.17664362043142,0.0,431.80720698833466,96.52738630771636,0.0,0.0,0.0,0.0
0.0,0.0,0.0,17.14539015293121,1268.4726331233978,241.0696901679039,909.5863241434096,0.0,0.0,0.0,761.1881734758615,0.0,0.0,518.7501937896013,25.802699393033983,2.894184306263923,526.7381723642349,0.0,0.0,0.0,0.0,2105.2405700683594,0.0,0.0,0.0,634.3786889076233,42.24488597512244,0.0,1378.867133951187,156.00700290799142,0.0,467.4812310934067,112.25856107473372,0.0,0.0,0.0,0.0
0.0,0.0,0.0,22.93168359994888,1415.8244001865387,254.83681359887123,1073.4794070899486,0.0,0.0,0.0,944.7371649533508,0.0,0.0,658.6478903144597,27.633367717266083,3.5036129653453827,686.1099396586417,0.0,0.0,0.0,0.0,2219.011077880859,0.0,0.0,0.0,639.3278941631318,52.48647795915603,0.0,1526.8811804294587,222.3591183543205,0.0,466.1661559343338,0.0,0.0,0.0,0.0,0.0
0.0,0.0,0.0,25.32344961166381,1476.5798213481903,257.6857859790325,1139.4824382305146,0.0,0.0,0.0,1025.817671382427,0.0,0.0,0.0,27.606096893548965,3.9372713267803183,775.8822821259497,0.0,0.0,0.0,0.0,2176.5918548583986,0.0,0.0,0.0,616.1250457286835,57.71215847730637,0.0,1449.7633036613463,259.05476638674736,0.0,454.4624534845352,0.0,0.0,0.0,0.0,0.0
0.0,0.0,0.0,22.22547030448913,1440.4848096370697,249.46733233332637,1116.6038547217845,0.0,0.0,0.0,1012.2841708123684,0.0,0.0,0.0,26.03333294391632,3.9760662615299225,782.7816806674002,0.0,0.0,0.0,0.0,2072.9123413085936,0.0,0.0,0.0,581.2789433479309,56.96602485179901,0.0,1235.923147255182,271.1379429459572,0.0,436.6592781543732,0.0,0.0,0.0,0.0,0.0
0.0,0.0,0.0,15.279367357492443,1227.171246290207,0.0,931.8053225040436,0.0,0.0,0.0,0.0,0.0,0.0,0.0,0.0,0.0,750.0650316119193,0.0,0.0,0.0,0.0,1716.78332824707,0.0,0.0,0.0,536.3169373989106,47.84348697662353,0.0,884.275588196516,0.0,0.0,380.6203553676605,0.0,0.0,0.0,0.0,0.0
0.0,0.0,0.0,0.0,0.0,0.0,0.0,0.0,0.0,0.0,0.0,0.0,0.0,0.0,0.0,0.0,623.7185471296309,0.0,0.0,0.0,0.0,1265.4282806396482,0.0,0.0,0.0,0.0,0.0,0.0,0.0,0.0,0.0,0.0,0.0,0.0,0.0,0.0,0.0
0.0,0.0,0.0,0.0,0.0,0.0,0.0,0.0,0.0,0.0,0.0,0.0,0.0,0.0,0.0,0.0,488.78945796489705,0.0,0.0,0.0,0.0,0.0,0.0,0.0,0.0,0.0,0.0,0.0,0.0,0.0,0.0,0.0,0.0,0.0,0.0,0.0,0.0
0.0,0.0,0.0,0.0,0.0,0.0,0.0,0.0,0.0,0.0,0.0,0.0,0.0,0.0,0.0,0.0,0.0,0.0,0.0,0.0,0.0,0.0,0.0,0.0,0.0,0.0,0.0,0.0,0.0,0.0,0.0,0.0,0.0,0.0,0.0,0.0,0.0
0.0,0.0,0.0,0.0,0.0,0.0,0.0,0.0,0.0,0.0,0.0,0.0,0.0,0.0,0.0,0.0,0.0,0.0,0.0,0.0,0.0,0.0,0.0,0.0,0.0,0.0,0.0,0.0,0.0,0.0,0.0,0.0,0.0,0.0,0.0,0.0,0.0
0.0,0.0,0.0,0.0,0.0,0.0,0.0,0.0,0.0,0.0,0.0,0.0,0.0,0.0,0.0,0.0,0.0,0.0,0.0,0.0,0.0,0.0,0.0,0.0,0.0,0.0,0.0,0.0,0.0,0.0,0.0,0.0,0.0,0.0,0.0,0.0,0.0
0.0,0.0,0.0,0.0,0.0,0.0,0.0,0.0,0.0,0.0,0.0,0.0,0.0,0.0,0.0,0.0,0.0,0.0,0.0,0.0,0.0,0.0,0.0,0.0,0.0,0.0,0.0,0.0,0.0,0.0,0.0,0.0,0.0,0.0,0.0,0.0,0.0
0.0,0.0,0.0,0.0,0.0,0.0,0.0,0.0,0.0,0.0,0.0,0.0,0.0,0.0,0.0,0.0,0.0,0.0,0.0,0.0,0.0,0.0,0.0,0.0,0.0,0.0,0.0,0.0,0.0,0.0,0.0,0.0,0.0,0.0,0.0,0.0,0.0
0.0,0.0,0.0,0.0,0.0,0.0,0.0,0.0,0.0,0.0,0.0,0.0,0.0,0.0,0.0,0.0,0.0,0.0,0.0,0.0,0.0,0.0,0.0,0.0,0.0,0.0,0.0,0.0,0.0,0.0,0.0,0.0,0.0,0.0,0.0,0.0,0.0
0.0,0.0,0.0,0.0,0.0,0.0,0.0,0.0,0.0,0.0,0.0,0.0,0.0,0.0,0.0,0.0,0.0,0.0,0.0,0.0,0.0,0.0,0.0,0.0,0.0,0.0,0.0,0.0,0.0,0.0,0.0,0.0,0.0,0.0,0.0,0.0,0.0
0.0,0.0,0.0,0.0,0.0,0.0,0.0,0.0,0.0,0.0,0.0,0.0,0.0,0.0,0.0,0.0,0.0,0.0,0.0,0.0,0.0,0.0,0.0,0.0,0.0,0.0,0.0,0.0,0.0,0.0,0.0,0.0,0.0,0.0,0.0,0.0,0.0
0.0,0.0,0.0,0.0,0.0,0.0,0.0,0.0,0.0,0.0,0.0,0.0,0.0,0.0,0.0,0.0,0.0,0.0,0.0,0.0,0.0,0.0,0.0,0.0,0.0,0.0,0.0,0.0,0.0,0.0,0.0,0.0,0.7535149632021727,0.0,0.0,0.0,0.0
0.0,0.0,0.0,0.2384856026619656,0.0,0.0,0.0,0.0,0.0,0.0,0.0,0.0,0.0,0.0,0.0,0.0039794286712999,0.0,0.0,0.0,0.0,0.0,0.0,0.0,0.0,0.0,0.0,0.1829483360052105,0.0,0.0,0.0,0.0,0.0,0.0,0.0,0.0,0.0,0.0
0.0,0.0,0.0,0.2646099887788276,0.0,0.0,0.0377108175307512,0.0,0.0,0.0,0.0,0.0,0.0,9.872661542612928,0.0,0.0,0.0,0.0,0.0,0.0,0.0,0.0,0.0,0.0,0.0,0.0,0.0,0.0,0.0,0.0,0.0,0.0,0.0,0.0,0.0,0.0,0.0
0.0,0.0,0.0,0.1088406089693294,2.904857065528577,0.0179171054624021,0.0,0.0,0.0,0.0,1.6550705902276823,0.0,0.0,3.0285373842342938,0.0,0.0,1.8514961123465192,0.0,0.0,0.0,0.0,0.0,0.0,0.0,0.0,0.0,0.0,0.0,0.0,0.5457422770559782,0.0,0.4684977680444208,0.0,0.0,0.0,0.0,0.0
0.0,0.0,0.0,0.1415064129978361,6.621546991169359,0.2550627021118576,0.0,0.0,0.0,0.0,2.300284893484611,0.0,0.0,20.194543094839787,0.0047070153057563,0.0,0.0,0.0,0.0,0.0,0.0,50.47543940544124,0.0,0.0,0.0,0.0,0.0,0.0,0.0,0.6162361234426259,0.0,0.0,0.9068729449063412,0.0,0.0,0.0,0.0
0.0,0.0,0.0,0.1574185490608214,50.766366809606346,1.0360779245383958,0.0,0.0,0.0,0.0,4.943625127989791,0.0,0.0,57.32747524045404,0.4310087263584137,0.2618572376668443,3.000537872314325,0.0,0.0,0.0,0.0,411.5714935302733,0.0,0.0,0.0,0.637191317602915,0.0,0.0,9.647824323177293,1.3828643910586584,0.0,15.142673328518857,4.372364711947734,0.0,0.0,0.0,0.0
0.0,0.0,0.0,1.6500702574849075,193.39790150523177,12.896916061639754,48.47618212662628,0.0,0.0,0.0,59.39679483100764,0.0,0.0,136.6397827304899,3.0923301793634885,0.8305150195956225,31.52973285913453,0.0,0.0,0.0,0.0,1164.8097717285157,0.0,0.0,0.0,86.59470596909519,1.4909481829032245,0.0,58.67035354673844,7.092452984303225,0.0,86.86451774835582,18.6451289579272,0.0,0.0,0.0,0.0
0.0,0.0,0.0,5.265046253800389,456.111284315586,73.61174436658621,233.9038078457116,0.0,0.0,0.0,243.8062684103846,0.0,0.0,295.1732605695724,8.694527533650398,1.5788084417581554,159.7528405070303,0.0,0.0,0.0,0.0,2056.115927124023,0.0,0.0,0.0,317.7883655548095,6.872972065210339,0.0,287.2854737594723,26.077679729461646,0.0,265.74129205942154,61.63029038906096,0.0,0.0,0.0,0.0
0.0,0.0,0.0,11.37539196014404,847.2737957239151,192.46816414594647,553.3729903459549,0.0,0.0,0.0,568.225091794133,0.0,0.0,513.2291585952044,16.320860981941223,2.4273638576269145,378.91522774696347,0.0,0.0,0.0,0.0,2656.465850830078,0.0,0.0,0.0,516.5162402629852,17.819841042160988,0.0,663.6992809176445,80.08014256358145,0.0,403.5951669216156,111.9278684556484,0.0,0.0,0.0,0.0
0.0,0.0,0.0,18.07510840892792,1138.9870064258575,217.23087053000924,824.2476110517979,0.0,0.0,0.0,782.2604323476553,0.0,0.0,601.6464340686798,21.51440577507019,3.7625286877155295,599.5151888608931,0.0,0.0,0.0,0.0,2875.3602752685547,0.0,0.0,0.0,571.3282591342926,35.15527322888374,0.0,939.072336900234,197.36763372421265,0.0,451.6724488735199,126.80257457494734,0.0,0.0,0.0,0.0
0.0,0.0,0.0,24.142295897006985,1318.9447066783905,229.41211035847664,1012.4662849247457,0.0,0.0,0.0,967.826070150733,0.0,0.0,673.324976041913,24.38393871188164,4.969025820493697,770.7228400945662,0.0,0.0,0.0,0.0,2969.659860229492,0.0,0.0,0.0,580.6474597930908,46.37721368074417,0.0,1128.2352911114692,265.3981757581234,0.0,472.29594910144806,136.3575139045715,0.0,0.0,0.0,0.0
0.0,0.0,0.0,26.62211430072784,1372.4042658805847,230.53386828303337,1077.3193259596824,0.0,0.0,0.0,1031.5792855381965,0.0,0.0,0.0,25.46447213888168,5.738261878490448,859.1874113678931,0.0,0.0,0.0,0.0,2930.852731323242,0.0,0.0,0.0,558.7466626167297,52.46890087127686,0.0,1112.503756338358,297.3335019528866,0.0,472.242161989212,138.63311153650284,0.0,0.0,0.0,0.0
0.0,0.0,0.0,23.392710506916043,1341.6383473873138,219.87325581908223,1048.520251762867,0.0,0.0,0.0,965.0194463640452,0.0,0.0,0.0,24.629392862319943,5.877527147531509,864.962833917141,0.0,0.0,0.0,0.0,2778.1517852783204,0.0,0.0,0.0,524.7610575199127,53.04397542476654,0.0,888.518139576912,303.5691071987152,0.0,457.305419921875,0.0,0.0,0.0,0.0,0.0
0.0,0.0,0.0,16.14742362499237,1088.3785934448242,0.0,821.0761624634266,0.0,0.0,0.0,699.3421603262425,0.0,0.0,0.0,20.462906831502917,0.0,837.604314470291,0.0,0.0,0.0,0.0,2451.1343658447267,0.0,0.0,0.0,485.9818300724029,46.05857555270195,0.0,523.8491043448448,0.0,0.0,402.5629854202271,0.0,0.0,0.0,0.0,0.0
0.0,0.0,0.0,0.0,0.0,0.0,0.0,0.0,0.0,0.0,0.0,0.0,0.0,0.0,0.0,0.0,703.6061519861221,0.0,0.0,0.0,0.0,1957.9771850585932,0.0,0.0,0.0,0.0,0.0,0.0,0.0,0.0,0.0,0.0,0.0,0.0,0.0,0.0,0.0
0.0,0.0,0.0,0.0,0.0,0.0,0.0,0.0,0.0,0.0,0.0,0.0,0.0,0.0,0.0,0.0,548.2460106730462,0.0,0.0,0.0,0.0,0.0,0.0,0.0,0.0,0.0,0.0,0.0,0.0,0.0,0.0,0.0,0.0,0.0,0.0,0.0,0.0
0.0,0.0,0.0,0.0,0.0,0.0,0.0,0.0,0.0,0.0,0.0,0.0,0.0,0.0,0.0,0.0,0.0,0.0,0.0,0.0,0.0,0.0,0.0,0.0,0.0,0.0,0.0,0.0,0.0,0.0,0.0,0.0,0.0,0.0,0.0,0.0,0.0
0.0,0.0,0.0,0.0,0.0,0.0,0.0,0.0,0.0,0.0,0.0,0.0,0.0,0.0,0.0,0.0,0.0,0.0,0.0,0.0,0.0,0.0,0.0,0.0,0.0,0.0,0.0,0.0,0.0,0.0,0.0,0.0,0.0,0.0,0.0,0.0,0.0
0.0,0.0,0.0,0.0,0.0,0.0,0.0,0.0,0.0,0.0,0.0,0.0,0.0,0.0,0.0,0.0,0.0,0.0,0.0,0.0,0.0,0.0,0.0,0.0,0.0,0.0,0.0,0.0,0.0,0.0,0.0,0.0,0.0,0.0,0.0,0.0,0.0
0.0,0.0,0.0,0.0,0.0,0.0,0.0,0.0,0.0,0.0,0.0,0.0,0.0,0.0,0.0,0.0,0.0,0.0,0.0,0.0,0.0,0.0,0.0,0.0,0.0,0.0,0.0,0.0,0.0,0.0,0.0,0.0,0.0,0.0,0.0,0.0,0.0
0.0,0.0,0.0,0.0,0.0,0.0,0.0,0.0,0.0,0.0,0.0,0.0,0.0,0.0,0.0,0.0,0.0,0.0,0.0,0.0,0.0,0.0,0.0,0.0,0.0,0.0,0.0,0.0,0.0,0.0,0.0,0.0,0.0,0.0,0.0,0.0,0.0
0.0,0.0,0.0,0.0,0.0,0.0,0.0,0.0,0.0,0.0,0.0,0.0,0.0,0.0,0.0,0.0,0.0,0.0,0.0,0.0,0.0,0.0,0.0,0.0,0.0,0.0,0.0,0.0,0.0,0.0,0.0,0.0,0.0,0.0,0.0,0.0,0.0
0.0,0.0,0.0,0.0,0.0,0.0,0.0,0.0,0.0,0.0,0.0,0.0,0.0,0.0,0.0,0.0,0.0,0.0,0.0,0.0,0.0,0.0,0.0,0.0,0.0,0.0,0.0,0.0,0.0,0.0,0.0,0.0,0.0,0.0,0.0,0.0,0.0
0.0,0.0,0.0,0.0,0.0,0.0,0.0,0.0,0.0,0.0,0.0,0.0,0.0,0.0,0.0,0.0,0.0,0.0,0.0,0.0,0.0,0.0,0.0,0.0,0.0,0.0,0.0,0.0,0.0,0.0,0.0,0.0,0.0,0.0,0.0,0.0,0.0
0.0,0.0,0.0,0.0,0.0,0.0,0.0,0.0,0.0,0.0,0.0,0.0,0.0,0.0,0.0,0.0,0.0,0.0,0.0,0.0,0.0,32.762816047668146,0.0,0.0,0.0,0.0,0.0,0.0,0.0,0.0,0.0,0.0,0.7310530506074291,0.0,0.0,0.0,0.0
0.0,0.0,0.0,0.0724069662392096,0.0,0.0,0.0,0.0,0.0,0.0,0.0,0.0,0.0,0.0,0.0,0.0,0.0,0.0,0.0,0.0,0.0,0.0,0.0,0.0,0.0,0.0,0.0,0.0,0.0,0.0,0.0,0.0,0.5138575574383052,0.0,0.0,0.0,0.0
0.0,0.0,0.0,0.0956506039947266,2.265458580106315,0.4490054822526731,3.021885956078676,0.0,0.0,0.0,0.0,0.0,0.0,2.3330931691452483,0.0,0.0,0.0,0.0,0.0,0.0,0.0,20.428454399108688,0.0,0.0,0.0,0.178860407136318,1.044557535462073,0.0,0.0,0.4722844615578435,0.0,0.0,0.0408934243023174,0.0,0.0,0.0,0.0
0.0,0.0,0.0,0.0686364136636208,2.973261289298528,0.0,0.0,0.0,0.0,0.0,1.6948597715235674,0.0,0.0,0.3357836883514523,0.0,0.0,5.101343381404732,0.0,0.0,0.0,0.0,3.1001329421996746,0.0,0.0,0.0,0.0,0.5924569318070938,0.0,0.0,0.4665556833147719,0.0,0.5217556208371766,0.0,0.0,0.0,0.0,0.0
0.0,0.0,0.0,0.0671504810452446,7.950949016958316,0.220518412999792,0.0,0.0,0.0,0.0,2.2234400902408624,0.0,0.0,10.351006344426285,0.0384239315986624,0.0,0.0,0.0,0.0,0.0,0.0,138.58196029663063,0.0,0.0,0.0,0.0,1.1274889014661282,0.0,0.0,0.5197753302752677,0.0,1.3359181135892435,0.9546060441061692,0.0,0.0,0.0,0.0
0.0,0.0,0.0,0.1165276858955602,76.74965336918831,0.9734767964109422,10.757289777696109,0.0,0.0,0.0,4.271681276196395,0.0,0.0,42.140710628591336,0.7318054150789953,0.0,3.5178487420080065,0.0,0.0,0.0,0.0,717.4450981140136,0.0,0.0,0.0,4.237047977372918,4.296537098288533,0.0,9.787057952582828,0.9577427700161646,0.0,6.270670369267457,4.825013659894466,0.0,0.0,0.0,0.0
0.0,0.0,0.0,1.6469616591930336,260.3940044939516,8.153634035028508,0.0,0.0,0.0,0.0,50.279365744255394,0.0,0.0,131.9085382670163,3.974936737865209,0.0,37.51162624359121,0.0,0.0,0.0,0.0,1767.9811431884766,0.0,0.0,0.0,70.04283829331393,12.766662403941153,0.0,108.93930944651352,4.893205476552241,0.0,48.190000757574985,19.62855114042759,0.0,0.0,0.0,0.0
0.0,0.0,0.0,5.522261455655093,599.3430088758469,46.46451064199207,446.5818482995033,0.0,0.0,0.0,216.4140372790396,0.0,0.0,328.2681291177869,11.06826810836792,0.0,176.41440566778178,0.0,0.0,0.0,0.0,2525.8690521240237,0.0,0.0,0.0,279.6642821073532,31.343992233276367,0.0,556.4759950280189,17.449813131615482,0.0,192.53136295080185,55.95566931366919,0.0,0.0,0.0,0.0
0.0,0.0,0.0,12.031153529882433,1049.3907517194746,155.6672387421131,855.076394212246,0.0,0.0,0.0,534.8488152995704,0.0,0.0,601.3856780529022,20.02692094445229,0.0,408.0798920392989,0.0,0.0,0.0,0.0,3037.463150024414,0.0,0.0,0.0,498.3415190696716,53.89106463193893,0.0,1126.485239648819,52.59691470712421,0.0,348.9583331346512,105.70209592580797,0.0,0.0,0.0,0.0
0.0,0.0,0.0,20.2053262591362,1344.15993309021,186.2013031542301,1110.4136367738247,0.0,0.0,0.0,735.1446169555187,0.0,0.0,738.1226183474064,24.88211714029312,0.0,661.8761224985122,0.0,0.0,0.0,0.0,3268.6977416992186,0.0,0.0,0.0,571.5037071228028,66.91988347768783,0.0,1444.4522014260292,159.4507601261139,0.0,394.3711974620819,122.50375390052794,0.0,0.0,0.0,0.0
0.0,0.0,0.0,28.815534234046936,1495.0730473995209,204.8053057044744,1243.238400620222,0.0,0.0,0.0,901.302373293042,0.0,0.0,825.020015835762,27.394351029396056,0.0,859.6069718718529,0.0,0.0,0.0,0.0,3336.177276611328,0.0,0.0,0.0,597.1471076011658,73.43177018165588,0.0,1629.4281327724457,235.9215615212917,0.0,413.4888379573822,133.54599356651303,0.0,0.0,0.0,0.0
0.0,0.0,0.0,33.197784304618835,1532.0490312576294,211.12514081597328,1272.6306027948856,0.0,0.0,0.0,950.1790586173532,0.0,0.0,867.0663771033287,27.81132579445839,0.0,972.7723557829856,0.0,0.0,0.0,0.0,3270.0022674560546,0.0,0.0,0.0,599.8031069755555,73.88635710477828,0.0,1605.890482532978,273.7995872080326,0.0,418.4370011091232,137.0475229024887,0.0,0.0,0.0,0.0
0.0,0.0,0.0,32.503575801849365,1472.5250792503357,206.1451876610517,1206.8122554957868,0.0,0.0,0.0,897.8310834914445,0.0,0.0,0.0,26.563545960187916,6.638713955879211,991.852982032299,0.0,0.0,0.0,0.0,3097.7600524902346,0.0,0.0,0.0,585.7928394794465,69.63605570793152,0.0,1441.5590636610984,284.7238869905472,0.0,409.9284827709198,133.63271185755727,0.0,0.0,0.0,0.0
0.0,0.0,0.0,0.0,1251.6694610118866,187.18242217600343,1023.7587453186512,0.0,0.0,0.0,696.6714262247084,0.0,0.0,0.0,0.0,0.0,988.344448685646,0.0,0.0,0.0,0.0,2745.211898803711,0.0,0.0,0.0,545.582787656784,60.56969661712647,0.0,1108.9239342570302,0.0,0.0,356.5513941049576,120.80848160386084,0.0,0.0,0.0,0.0
0.0,0.0,0.0,0.0,0.0,0.0,0.0,0.0,0.0,0.0,0.0,0.0,0.0,0.0,0.0,0.0,871.7299783587456,0.0,0.0,0.0,0.0,2221.0277557373047,0.0,0.0,0.0,0.0,0.0,0.0,0.0,0.0,0.0,0.0,0.0,0.0,0.0,0.0,0.0
0.0,0.0,0.0,0.0,0.0,0.0,0.0,0.0,0.0,0.0,0.0,0.0,0.0,0.0,0.0,0.0,0.0,0.0,0.0,0.0,0.0,0.0,0.0,0.0,0.0,0.0,0.0,0.0,0.0,0.0,0.0,0.0,0.0,0.0,0.0,0.0,0.0
0.0,0.0,0.0,0.0,0.0,0.0,0.0,0.0,0.0,0.0,0.0,0.0,0.0,0.0,0.0,0.0,0.0,0.0,0.0,0.0,0.0,0.0,0.0,0.0,0.0,0.0,0.0,0.0,0.0,0.0,0.0,0.0,0.0,0.0,0.0,0.0,0.0
0.0,0.0,0.0,0.0,0.0,0.0,0.0,0.0,0.0,0.0,0.0,0.0,0.0,0.0,0.0,0.0,0.0,0.0,0.0,0.0,0.0,0.0,0.0,0.0,0.0,0.0,0.0,0.0,0.0,0.0,0.0,0.0,0.0,0.0,0.0,0.0,0.0
0.0,0.0,0.0,0.0,0.0,0.0,0.0,0.0,0.0,0.0,0.0,0.0,0.0,0.0,0.0,0.0,0.0,0.0,0.0,0.0,0.0,0.0,0.0,0.0,0.0,0.0,0.0,0.0,0.0,0.0,0.0,0.0,0.0,0.0,0.0,0.0,0.0
0.0,0.0,0.0,0.0,0.0,0.0,0.0,0.0,0.0,0.0,0.0,0.0,0.0,0.0,0.0,0.0,0.0,0.0,0.0,0.0,0.0,0.0,0.0,0.0,0.0,0.0,0.0,0.0,0.0,0.0,0.0,0.0,0.0,0.0,0.0,0.0,0.0
0.0,0.0,0.0,0.0,0.0,0.0,0.0,0.0,0.0,0.0,0.0,0.0,0.0,0.0,0.0,0.0,0.0,0.0,0.0,0.0,0.0,0.0,0.0,0.0,0.0,0.0,0.0,0.0,0.0,0.0,0.0,0.0,0.0,0.0,0.0,0.0,0.0
0.0,0.0,0.0,0.0,0.0,0.0,0.0,0.0,0.0,0.0,0.0,0.0,0.0,0.0,0.0,0.0,0.0,0.0,0.0,0.0,0.0,0.0,0.0,0.0,0.0,0.0,0.0,0.0,0.0,0.0,0.0,0.0,0.0,0.0,0.0,0.0,0.0
0.0,0.0,0.0,0.0,0.0,0.0,0.0,0.0,0.0,0.0,0.0,0.0,0.0,0.0,0.0,0.0,0.0,0.0,0.0,0.0,0.0,0.0,0.0,0.0,0.0,0.0,0.0,0.0,0.0,0.0,0.0,0.0,0.0,0.0,0.0,0.0,0.0
0.0,0.0,0.0,0.0,0.0,0.0,0.0,0.0,0.0,0.0,0.0,0.0,0.0,0.0,0.0,0.0,0.0,0.0,0.0,0.0,0.0,0.0,0.0,0.0,0.0,0.0,0.0,0.0,0.0,0.0,0.0,0.0,0.0,0.0,0.0,0.0,0.0
0.0,0.0,0.0,0.0,0.0,0.0,4.399160943925346,0.0,0.0,0.0,0.0,0.0,0.0,2.143162479624133,0.0,0.0,0.0,0.0,0.0,0.0,0.0,35.15852069854736,0.0,0.0,0.0,0.0,0.0,0.0,0.0,0.2688278980552964,0.0,0.0,0.0,0.0,0.0,0.0,0.0
0.0,0.0,0.0,0.6388696096837506,1.820361118763614,0.5702215391211019,5.016536042466689,0.0,0.0,0.0,0.0,0.0,0.0,2.223354172892736,0.0,0.0,0.0,0.0,0.0,0.0,0.0,0.0,0.0,0.0,0.0,2.641195613890873,1.4216141108423426,0.0,0.0,0.269109065085629,0.0,0.0,0.0,0.0,0.0,0.0,0.0
0.0,0.0,0.0,0.6099693924188596,2.127922952174936,0.6942365849390214,0.4977431256322591,0.0,0.0,0.0,2.040594636415891,0.0,0.0,1.2076894612982616,0.0,0.0,0.0,0.0,0.0,0.0,0.0,27.38807249069211,0.0,0.0,0.0,0.0901886239647865,0.7704812834039255,0.0,0.0,0.3450095191597808,0.0,0.5532644987106035,0.0,0.0,0.0,0.0,0.0
0.0,0.0,0.0,0.3370777573436453,2.8558857031165905,0.4252433925866727,0.0,0.0,0.0,0.0,1.8359792430884736,0.0,0.0,0.0,0.0,0.0,5.187633359432128,0.0,0.0,0.0,0.0,0.7642156600949556,0.0,0.0,0.0,0.0,0.0,0.0,0.0,0.4860821478068581,0.0,0.7584781199693655,0.0,0.0,0.0,0.0,0.0
0.0,0.0,0.0,0.3609518799930787,7.159934405237397,0.6976780397817449,0.0,0.0,0.0,0.0,4.118903915677089,0.0,0.0,0.0,0.0,0.0138507867231954,0.0,0.0,0.0,0.0,0.0,85.6787794113158,0.0,0.0,0.0,0.0,0.0,0.0,0.0,0.5202205114066573,0.0,1.414710491895656,1.189920058473918,0.0,0.0,0.0,0.0
0.0,0.0,0.0,0.3248655553907095,71.52302755415434,1.1630761744454243,8.950513794273085,0.0,0.0,0.0,14.226676125638024,0.0,0.0,0.0,0.1189366713166214,0.2386019583791493,5.788476359844187,0.0,0.0,0.0,0.0,568.3556690216062,0.0,0.0,0.0,1.286551849544019,0.9777214892208556,0.0,20.8842197299002,1.020604103058557,0.0,2.675110459327639,7.11902997829018,0.0,0.0,0.0,0.0
0.0,0.0,0.0,0.7248936984688019,250.1676646769046,3.076600333210079,100.90697387382389,0.0,0.0,0.0,75.24894705861807,0.0,0.0,313.7539476156234,1.8664718717336648,0.732118260115385,62.4084298968314,0.0,0.0,0.0,0.0,1570.458071899414,0.0,0.0,0.0,83.5520709633827,5.194363099336618,0.0,227.49157099425776,5.562292215228053,0.0,20.515854239463767,29.657166540622704,0.0,0.0,0.0,0.0
0.0,0.0,0.0,2.6109497919678635,586.1245799064636,15.13348912075161,382.8927597224712,0.0,0.0,0.0,254.9965195268392,0.0,0.0,617.4477114528418,6.2237699836492535,0.0,235.0576998472213,0.0,0.0,0.0,0.0,2427.8943603515627,0.0,0.0,0.0,313.8704757690429,15.454742315411568,0.0,887.7239325761795,20.532956060394632,0.0,71.50198197364804,84.08280071616173,0.0,0.0,0.0,0.0
0.0,0.0,0.0,5.607788905501364,1092.1146216392517,65.06828032433985,785.6913005590438,0.0,0.0,0.0,556.1768505647777,0.0,0.0,938.2455767691137,13.83990224003792,2.4291063249111167,521.0810308218003,0.0,0.0,0.0,0.0,3032.4329986572266,0.0,0.0,0.0,588.9755058288574,36.5545130252838,0.0,1513.696181809902,57.940810431540015,0.0,183.1005517244339,140.1092784702778,0.0,0.0,0.0,0.0
0.0,0.0,0.0,8.57176288962364,1420.1305062770844,116.63903170824048,1063.0564204514026,0.0,0.0,0.0,751.4702301383019,0.0,0.0,1036.774932295084,20.08750464320183,3.805947601795196,778.0906436800957,0.0,0.0,0.0,0.0,3283.2528594970704,0.0,0.0,0.0,657.2460381507874,53.257341253757474,0.0,1820.668497502804,168.52666785120965,0.0,259.278783082962,159.16181355714798,0.0,0.0,0.0,0.0
0.0,0.0,0.0,10.534090101718904,1602.580783843994,151.195802539587,1216.8180035293103,0.0,0.0,0.0,914.2499343574046,0.0,0.0,1070.2412916719911,0.0,0.0,958.1311282753944,0.0,0.0,0.0,0.0,3357.076577758789,0.0,0.0,0.0,661.1027176380157,62.889883923530576,0.0,1939.4954367041587,241.51167755723,0.0,320.5570514202118,168.3807948231697,0.0,0.0,0.0,0.0
0.0,0.0,0.0,10.631102204322811,1652.3304224014282,163.28531903028488,1266.8706791579723,0.0,0.0,0.0,959.7249021440743,0.0,0.0,1079.9184900522232,0.0,5.7843157052993766,1043.2139658927915,0.0,0.0,0.0,0.0,3287.2272766113283,0.0,0.0,0.0,638.8574308395386,66.11304656267166,0.0,1906.4093950986864,279.823871999979,0.0,341.49236619472504,169.22148460149765,0.0,0.0,0.0,0.0
0.0,0.0,0.0,0.0,0.0,159.62872086465356,1216.8438429474832,0.0,0.0,0.0,920.3797526001928,0.0,0.0,0.0,0.0,5.78766193985939,1034.1772969722747,0.0,0.0,0.0,0.0,3095.947894287109,0.0,0.0,0.0,0.0,0.0,0.0,0.0,289.40634899139405,0.0,349.6205712556839,162.33889371156693,0.0,0.0,0.0,0.0
0.0,0.0,0.0,0.0,0.0,137.4957051426172,0.0,0.0,0.0,0.0,0.0,0.0,0.0,903.963808566332,0.0,0.0,1033.2982178211212,0.0,0.0,0.0,0.0,2773.983984375,0.0,0.0,0.0,0.0,0.0,0.0,0.0,0.0,0.0,0.0,149.72082787752151,0.0,0.0,0.0,0.0
0.0,0.0,0.0,0.0,0.0,0.0,0.0,0.0,0.0,0.0,0.0,0.0,0.0,0.0,0.0,0.0,920.975938475132,0.0,0.0,0.0,0.0,2304.7686401367187,0.0,0.0,0.0,0.0,0.0,0.0,0.0,282.2285295963287,0.0,0.0,0.0,0.0,0.0,0.0,0.0
0.0,0.0,0.0,0.0,0.0,0.0,0.0,0.0,0.0,0.0,0.0,0.0,0.0,0.0,0.0,0.0,780.367767560482,0.0,0.0,0.0,0.0,0.0,0.0,0.0,0.0,0.0,0.0,0.0,0.0,0.0,0.0,0.0,0.0,0.0,0.0,0.0,0.0
0.0,0.0,0.0,0.0,0.0,0.0,0.0,0.0,0.0,0.0,0.0,0.0,0.0,0.0,0.0,0.0,0.0,0.0,0.0,0.0,0.0,0.0,0.0,0.0,0.0,0.0,0.0,0.0,0.0,0.0,0.0,0.0,0.0,0.0,0.0,0.0,0.0
0.0,0.0,0.0,0.0,0.0,0.0,0.0,0.0,0.0,0.0,0.0,0.0,0.0,0.0,0.0,0.0,0.0,0.0,0.0,0.0,0.0,0.0,0.0,0.0,0.0,0.0,0.0,0.0,0.0,0.0,0.0,0.0,0.0,0.0,0.0,0.0,0.0
0.0,0.0,0.0,0.0,0.0,0.0,0.0,0.0,0.0,0.0,0.0,0.0,0.0,0.0,0.0,0.0,0.0,0.0,0.0,0.0,0.0,0.0,0.0,0.0,0.0,0.0,0.0,0.0,0.0,0.0,0.0,0.0,0.0,0.0,0.0,0.0,0.0
0.0,0.0,0.0,0.0,0.0,0.0,0.0,0.0,0.0,0.0,0.0,0.0,0.0,0.0,0.0,0.0,0.0,0.0,0.0,0.0,0.0,0.0,0.0,0.0,0.0,0.0,0.0,0.0,0.0,0.0,0.0,0.0,0.0,0.0,0.0,0.0,0.0
0.0,0.0,0.0,0.0,0.0,0.0,0.0,0.0,0.0,0.0,0.0,0.0,0.0,0.0,0.0,0.0,0.0,0.0,0.0,0.0,0.0,0.0,0.0,0.0,0.0,0.0,0.0,0.0,0.0,0.0,0.0,0.0,0.0,0.0,0.0,0.0,0.0
0.0,0.0,0.0,0.0,0.0,0.0,0.0,0.0,0.0,0.0,0.0,0.0,0.0,0.0,0.0,0.0,0.0,0.0,0.0,0.0,0.0,0.0,0.0,0.0,0.0,0.0,0.0,0.0,0.0,0.0,0.0,0.0,0.0,0.0,0.0,0.0,0.0
0.0,0.0,0.0,0.0,0.0,0.0,0.0,0.0,0.0,0.0,0.0,0.0,0.0,0.0,0.0,0.0,0.0,0.0,0.0,0.0,0.0,0.0,0.0,0.0,0.0,0.0,0.0,0.0,0.0,0.0,0.0,0.0,0.0,0.0,0.0,0.0,0.0
0.0,0.0,0.0,0.0,0.0,0.0,0.0,0.0,0.0,0.0,0.0,0.0,0.0,0.0,0.0,0.0,0.0,0.0,0.0,0.0,0.0,0.0,0.0,0.0,0.0,0.0,0.0,0.0,0.0,0.0,0.0,0.0,0.0,0.0,0.0,0.0,0.0
0.0,0.0,0.0,0.0,0.0,0.0,0.0,0.0,0.0,0.0,0.0,0.0,0.0,4.549781060777508,0.0,0.0,0.0,0.0,0.0,0.0,0.0,0.0,0.0,0.0,0.0,0.0,0.0,0.0,0.2834153443572308,0.0,0.0,0.0,0.592076532542681,0.0,0.0,0.0,0.0
0.0,0.0,0.0,0.0,0.0,0.0,0.0,0.0,0.0,0.0,0.0,0.0,0.0,5.066316854208561,0.0,0.0128931319341058,1.0494528293607674,0.0,0.0,0.0,0.0,14.264303684234584,0.0,0.0,0.0,0.0,0.0,0.0,0.0,0.3748952314257449,0.0,0.0,0.4053071551024717,0.0,0.0,0.0,0.0
0.0,0.0,0.0,0.0392354577779758,1.9444724842905117,0.490138685330717,0.0,0.0,0.0,0.0,0.0,0.0,0.0,2.5273343222215434,0.0,0.0,2.532010257244045,0.0,0.0,0.0,0.0,26.145167446136377,0.0,0.0,0.0,0.0,1.4841232880949895,0.0,0.0,0.4821809552609682,0.0,0.0,0.0,0.0,0.0,0.0,0.0
0.0,0.0,0.0,0.0576230511069254,4.67321788892133,0.1562368934973724,1.222408474981636,0.0,0.0,0.0,1.6478616220875928,0.0,0.0,0.711166737601047,0.0,0.0,8.171562862396152,0.0,0.0,0.0,0.0,0.0,0.0,0.0,0.0,0.0,0.0,0.0,0.0,0.5452092312276122,0.0,0.627620965242355,0.0,0.0,0.0,0.0,0.0
0.0,0.0,0.0,0.0763708967715472,14.54388274066131,0.4461470288224409,1.4791026949882162,0.0,0.0,0.0,2.34004546776397,0.0,0.0,7.770178173668677,0.0,0.0641174325719473,0.0,0.0,0.0,0.0,0.0,9.650805091857585,0.0,0.0,0.0,0.0,0.0,0.0,3.181363748013738,0.6261619053780891,0.0,1.3195290118455816,1.164011157117762,0.0,0.0,0.0,0.0
0.0,0.0,0.0,0.130325945094225,32.896553099155255,1.5034017935395196,21.314256066083896,0.0,0.0,0.0,10.055912986770158,0.0,0.0,24.57831155974413,0.6453311707824451,0.2537417132407417,5.735954689979439,0.0,0.0,0.0,0.0,94.96704931259112,0.0,0.0,0.0,0.0,0.0,0.0,61.90183629617094,2.8014779984950704,0.0,2.770094588398901,6.160909544676531,0.0,0.0,0.0,0.0
0.0,0.0,0.0,1.7751550190150704,115.05461555719356,15.626532001420852,72.83520563356575,0.0,0.0,0.0,81.32691667340676,0.0,0.0,73.71028110384938,3.9063624367117855,0.5336988903582089,65.55206940174085,0.0,0.0,0.0,0.0,318.4967178344724,0.0,0.0,0.0,37.61483543217177,0.0,0.0,438.0587651640176,16.384304310753937,0.0,24.69615164399144,23.01147699356079,0.0,0.0,0.0,0.0
0.0,0.0,0.0,5.606398940086359,264.3870722353458,86.19838058948517,173.16612481176838,0.0,0.0,0.0,285.2035963132976,0.0,0.0,177.18374686315644,10.564939919114112,0.837047576904296,248.7446509003639,0.0,0.0,0.0,0.0,689.2542503356932,0.0,0.0,0.0,139.97548997402183,0.6197921788319856,0.0,1128.8068342626095,60.853191250562666,0.0,101.10859376192091,64.99173532426356,0.0,0.0,0.0,0.0
0.0,0.0,0.0,12.079769521951672,499.4534428119658,207.58383221924305,319.2826627001166,0.0,0.0,0.0,652.1166974186896,0.0,0.0,351.13738313317293,19.27833840250969,1.071931198239326,548.4768731355666,0.0,0.0,0.0,0.0,1182.478042602539,0.0,0.0,0.0,288.2689857721328,4.732007548213003,0.0,1750.4312871217728,160.84909749031067,0.0,288.04197061061853,117.52807474136353,0.0,0.0,0.0,0.0
0.0,0.0,0.0,19.74406838417053,733.7786648273468,232.3551879823208,447.1659551471472,0.0,0.0,0.0,904.1704322367908,0.0,0.0,404.5681025832891,25.1898245036602,1.7540892213582986,827.5311852455139,0.0,0.0,0.0,0.0,1515.0299865722654,0.0,0.0,0.0,399.447587442398,9.745477508008475,0.0,2058.142202758789,253.50401373505596,0.0,381.0163131952286,138.4218039214611,0.0,0.0,0.0,0.0
0.0,0.0,0.0,27.640879034996036,957.050114274025,247.07355681061745,591.3748866558075,0.0,0.0,0.0,1121.5232712715865,0.0,0.0,431.1638960242272,28.135337072610856,2.3530249148607254,1027.614846086502,0.0,0.0,0.0,0.0,1761.3452545166012,0.0,0.0,0.0,474.9363590240479,17.603427171707153,0.0,2225.6868926763536,297.15172746777534,0.0,429.8101944923401,150.30589473247528,0.0,0.0,0.0,0.0
0.0,0.0,0.0,34.0874582529068,1136.365026473999,249.94810473918915,758.2140712648629,0.0,0.0,0.0,1234.5000161647797,0.0,0.0,440.81432685256,28.74361138343811,2.782624170184135,1138.2420299053192,0.0,0.0,0.0,0.0,1839.5421081542968,0.0,0.0,0.0,503.6821041584015,27.49089029431343,0.0,2284.124725472927,313.9166396796703,0.0,0.0,0.0,0.0,0.0,0.0,0.0
0.0,0.0,0.0,0.0,0.0,241.7381141781807,0.0,0.0,0.0,0.0,0.0,0.0,0.0,400.4742604494095,27.941943311691283,2.956397458910941,1153.9115054607391,0.0,0.0,0.0,0.0,1840.837942504883,0.0,0.0,0.0,0.0,31.37964685559273,0.0,0.0,312.80659224390985,0.0,0.0,0.0,0.0,0.0,0.0,0.0
0.0,0.0,0.0,0.0,0.0,0.0,0.0,0.0,0.0,0.0,0.0,0.0,0.0,0.0,0.0,2.157152608036994,1170.443758225441,0.0,0.0,0.0,0.0,0.0,0.0,0.0,0.0,0.0,0.0,0.0,0.0,310.4523806989193,0.0,0.0,0.0,0.0,0.0,0.0,0.0
0.0,0.0,0.0,0.0,0.0,0.0,0.0,0.0,0.0,0.0,0.0,0.0,0.0,0.0,0.0,0.0,0.0,0.0,0.0,0.0,0.0,0.0,0.0,0.0,0.0,0.0,0.0,0.0,0.0,0.0,0.0,0.0,0.0,0.0,0.0,0.0,0.0
0.0,0.0,0.0,0.0,0.0,0.0,0.0,0.0,0.0,0.0,0.0,0.0,0.0,0.0,0.0,0.0,933.545409798622,0.0,0.0,0.0,0.0,0.0,0.0,0.0,0.0,0.0,0.0,0.0,0.0,0.0,0.0,0.0,0.0,0.0,0.0,0.0,0.0
0.0,0.0,0.0,0.0,0.0,0.0,0.0,0.0,0.0,0.0,0.0,0.0,0.0,0.0,0.0,0.0,0.0,0.0,0.0,0.0,0.0,0.0,0.0,0.0,0.0,0.0,0.0,0.0,0.0,0.0,0.0,0.0,0.0,0.0,0.0,0.0,0.0
0.0,0.0,0.0,0.0,0.0,0.0,0.0,0.0,0.0,0.0,0.0,0.0,0.0,0.0,0.0,0.0,0.0,0.0,0.0,0.0,0.0,0.0,0.0,0.0,0.0,0.0,0.0,0.0,0.0,0.0,0.0,0.0,0.0,0.0,0.0,0.0,0.0
0.0,0.0,0.0,0.0,0.0,0.0,0.0,0.0,0.0,0.0,0.0,0.0,0.0,0.0,0.0,0.0,0.0,0.0,0.0,0.0,0.0,0.0,0.0,0.0,0.0,0.0,0.0,0.0,0.0,0.0,0.0,0.0,0.0,0.0,0.0,0.0,0.0
0.0,0.0,0.0,0.0,0.0,0.0,0.0,0.0,0.0,0.0,0.0,0.0,0.0,0.0,0.0,0.0,0.0,0.0,0.0,0.0,0.0,0.0,0.0,0.0,0.0,0.0,0.0,0.0,0.0,0.0,0.0,0.0,0.0,0.0,0.0,0.0,0.0
0.0,0.0,0.0,0.0,0.0,0.0,0.0,0.0,0.0,0.0,0.0,0.0,0.0,0.0,0.0,0.0,0.0,0.0,0.0,0.0,0.0,0.0,0.0,0.0,0.0,0.0,0.0,0.0,0.0,0.0,0.0,0.0,0.0,0.0,0.0,0.0,0.0
0.0,0.0,0.0,0.0,0.0,0.0,0.0,0.0,0.0,0.0,0.0,0.0,0.0,0.0,0.0,0.0,0.0,0.0,0.0,0.0,0.0,0.0,0.0,0.0,0.0,0.0,0.0,0.0,0.0,0.0,0.0,0.0,0.0,0.0,0.0,0.0,0.0
0.0,0.0,0.0,0.0,0.0,0.0,0.0,0.0,0.0,0.0,0.0,0.0,0.0,0.0,0.0,0.0,0.0,0.0,0.0,0.0,0.0,0.0,0.0,0.0,0.0,0.0,0.0,0.0,0.0,0.0,0.0,0.0,0.0,0.0,0.0,0.0,0.0
0.0,0.0,0.0,0.0,0.0,0.0,0.0,0.0,0.0,0.0,0.0,0.0,0.0,0.0,0.0,0.0,0.0,0.0,0.0,0.0,0.0,0.0,0.0,0.0,0.0,0.0,0.0,0.0,0.0,0.0,0.0,0.0,0.0,0.0,0.0,0.0,0.0
0.0,0.0,0.0,0.0,1.2495461888610009,0.0,8.599165705591437,0.0,0.0,0.0,0.0,0.0,0.0,0.0,0.0,0.0,0.0,0.0,0.0,0.0,0.0,0.0,0.0,0.0,0.0,0.0,0.0,0.0,0.0,0.0,0.0,0.0,0.0,0.0,0.0,0.0,0.0
0.0,0.0,0.0,0.0,1.5368080623447664,0.0,11.26926158294074,0.0,0.0,0.0,0.0,0.0,0.0,3.074299427680549,0.0,0.0,0.0,0.0,0.0,0.0,0.0,0.0,0.0,0.0,0.0,0.4304185584186656,1.3199301745742489,0.0,0.0,0.0,0.0,0.0,0.0,0.0,0.0,0.0,0.0
0.0,0.0,0.0,0.0481466073542832,2.766883946955052,0.2666524541564274,8.353419239073983,0.0,0.0,0.0,1.959065699111597,0.0,0.0,2.474740976467594,0.0222620196640479,0.0,0.0,0.0,0.0,0.0,0.0,16.107034587859907,0.0,0.0,0.0,0.0,0.0,0.0,0.0,0.3932091630995241,0.0,0.2842885702848296,0.0,0.0,0.0,0.0,0.0
0.0,0.0,0.0,0.0,4.10313408076744,0.0,4.4525624081492,0.0,0.0,0.0,1.6866103556006076,0.0,0.0,0.6457159761338422,0.0312066301703445,0.0,9.614591145515408,0.0,0.0,0.0,0.0,3.440175724029328,0.0,0.0,0.0,0.0,0.0,0.0,0.0,0.4051353313028488,0.0,0.4252016544341566,0.0,0.0,0.0,0.0,0.0
0.0,0.0,0.0,0.067551095038652,9.592723302543153,0.2577934940345164,1.331716013699727,0.0,0.0,0.0,3.867407979536588,0.0,0.0,15.662581461947342,0.0,0.0194462835788715,0.0,0.0,0.0,0.0,0.0,125.89525718688944,0.0,0.0,0.0,0.0,0.0,0.0,0.0,0.515874137729378,0.0,1.1561044603585624,1.0043090460821935,0.0,0.0,0.0,0.0
0.0,0.0,0.0,0.3439116962254023,68.63366593420504,1.0879854261874955,35.80223367307329,0.0,0.0,0.0,11.138330441154348,0.0,0.0,51.45814321003842,0.0,0.2695635389536609,7.147788655757715,0.0,0.0,0.0,0.0,618.042367553711,0.0,0.0,0.0,1.3941538604907369,0.0,0.0,37.02937125712615,1.0347913227975178,0.0,6.872837543487536,5.203010141849503,0.0,0.0,0.0,0.0
0.0,0.0,0.0,2.3398261591792053,246.09838685393325,7.358924101106785,215.29722814410923,0.0,0.0,0.0,90.06161778494696,0.0,0.0,156.16672322154045,7.18813304901123,0.7839953564107418,75.90239292383177,0.0,0.0,0.0,0.0,1588.5956787109376,0.0,0.0,0.0,90.37451592683792,1.9919761259108693,0.0,369.0057965904472,4.349768183380328,0.0,55.085843145847306,22.27634933590889,0.0,0.0,0.0,0.0
0.0,0.0,0.0,6.949856176972389,579.101207613945,38.75581147521732,598.0719198584557,0.0,0.0,0.0,336.531483376026,0.0,0.0,374.9263847991823,15.29498217701912,1.4601628854870785,265.0618528604508,0.0,0.0,0.0,0.0,2432.313668823242,0.0,0.0,0.0,351.41222693920133,9.118908174335957,0.0,1135.173449540138,14.760863450542086,0.0,216.55844992399213,66.13638009130953,0.0,0.0,0.0,0.0
0.0,0.0,0.0,15.360456526279446,1056.3591341972349,131.3441337198019,1004.5955981492996,0.0,0.0,0.0,760.0091744959353,0.0,0.0,635.9826478362083,22.77913180589676,2.230027258396148,567.3807520151138,0.0,0.0,0.0,0.0,2964.4702758789062,0.0,0.0,0.0,552.2572404384613,22.703848257660862,0.0,1736.4726592540742,44.2608950935304,0.0,383.1161276102066,111.11463233828545,0.0,0.0,0.0,0.0
0.0,0.0,0.0,24.6890230178833,1362.3944799900055,169.97763632237908,1235.8195863366127,0.0,0.0,0.0,1064.5583016932007,0.0,0.0,778.7024091184139,26.109392076730728,3.3337635695934296,828.8168323755264,0.0,0.0,0.0,0.0,3058.71852722168,0.0,0.0,0.0,624.9666768550873,41.0487455368042,0.0,1984.4286088466645,134.56679845452305,0.0,430.9773999452591,126.31904435157776,0.0,0.0,0.0,0.0
0.0,0.0,0.0,31.11215436458588,1541.1538815498352,188.60706804692745,1340.480200356245,0.0,0.0,0.0,1341.379830288887,0.0,0.0,854.246995896101,27.99755194187164,4.242950648069381,1021.0120693445205,0.0,0.0,0.0,0.0,3046.361248779297,0.0,0.0,0.0,666.5636775970459,0.0,0.0,2085.578158998489,207.2563016116619,0.0,463.5633118152618,135.95513090491292,0.0,0.0,0.0,0.0
0.0,0.0,0.0,34.32926881313324,1594.4743266105652,196.3996661901474,1341.5592907249927,0.0,0.0,0.0,1462.4492670357226,0.0,0.0,891.2526811659336,28.431677931547163,4.660515546798706,1124.5154271364213,0.0,0.0,0.0,0.0,2931.4518951416017,0.0,0.0,0.0,663.9638818740844,0.0,0.0,2078.790642285347,251.2652212560177,0.0,0.0,139.3996659517288,0.0,0.0,0.0,0.0
0.0,0.0,0.0,35.155731439590454,1552.3707947731018,195.67208042740825,1282.9068034052848,0.0,0.0,0.0,0.0,0.0,0.0,0.0,27.59866776466369,4.643152475357056,1142.2765766620637,0.0,0.0,0.0,0.0,2765.352331542969,0.0,0.0,0.0,644.901153755188,0.0,0.0,2028.478508448601,265.98452616930007,0.0,0.0,0.0,0.0,0.0,0.0,0.0
0.0,0.0,0.0,0.0,1364.1141729354858,0.0,1148.5727455437184,0.0,0.0,0.0,0.0,0.0,0.0,0.0,0.0,3.62785717844963,1168.432000541687,0.0,0.0,0.0,0.0,2326.504217529297,0.0,0.0,0.0,0.0,0.0,0.0,0.0,0.0,0.0,0.0,0.0,0.0,0.0,0.0,0.0
0.0,0.0,0.0,0.0,0.0,0.0,0.0,0.0,0.0,0.0,0.0,0.0,0.0,0.0,0.0,0.0,0.0,0.0,0.0,0.0,0.0,0.0,0.0,0.0,0.0,0.0,0.0,0.0,0.0,0.0,0.0,0.0,0.0,0.0,0.0,0.0,0.0
0.0,0.0,0.0,0.0,0.0,0.0,0.0,0.0,0.0,0.0,0.0,0.0,0.0,0.0,0.0,0.0,0.0,0.0,0.0,0.0,0.0,0.0,0.0,0.0,0.0,0.0,0.0,0.0,0.0,0.0,0.0,0.0,0.0,0.0,0.0,0.0,0.0
0.0,0.0,0.0,0.0,0.0,0.0,0.0,0.0,0.0,0.0,0.0,0.0,0.0,0.0,0.0,0.0,0.0,0.0,0.0,0.0,0.0,0.0,0.0,0.0,0.0,0.0,0.0,0.0,0.0,0.0,0.0,0.0,0.0,0.0,0.0,0.0,0.0
0.0,0.0,0.0,0.0,0.0,0.0,0.0,0.0,0.0,0.0,0.0,0.0,0.0,0.0,0.0,0.0,0.0,0.0,0.0,0.0,0.0,0.0,0.0,0.0,0.0,0.0,0.0,0.0,0.0,0.0,0.0,0.0,0.0,0.0,0.0,0.0,0.0
0.0,0.0,0.0,0.0,0.0,0.0,0.0,0.0,0.0,0.0,0.0,0.0,0.0,0.0,0.0,0.0,0.0,0.0,0.0,0.0,0.0,0.0,0.0,0.0,0.0,0.0,0.0,0.0,0.0,0.0,0.0,0.0,0.0,0.0,0.0,0.0,0.0
0.0,0.0,0.0,0.0,0.0,0.0,0.0,0.0,0.0,0.0,0.0,0.0,0.0,0.0,0.0,0.0,0.0,0.0,0.0,0.0,0.0,0.0,0.0,0.0,0.0,0.0,0.0,0.0,0.0,0.0,0.0,0.0,0.0,0.0,0.0,0.0,0.0
0.0,0.0,0.0,0.0,0.0,0.0,0.0,0.0,0.0,0.0,0.0,0.0,0.0,0.0,0.0,0.0,0.0,0.0,0.0,0.0,0.0,0.0,0.0,0.0,0.0,0.0,0.0,0.0,0.0,0.0,0.0,0.0,0.0,0.0,0.0,0.0,0.0
0.0,0.0,0.0,0.0,0.0,0.0,0.0,0.0,0.0,0.0,0.0,0.0,0.0,0.0,0.0,0.0,0.0,0.0,0.0,0.0,0.0,0.0,0.0,0.0,0.0,0.0,0.0,0.0,0.0,0.0,0.0,0.0,0.0,0.0,0.0,0.0,0.0
0.0,0.0,0.0,0.0,0.0,0.0,0.0,0.0,0.0,0.0,0.0,0.0,0.0,0.0,0.0,0.0,0.0,0.0,0.0,0.0,0.0,0.0,0.0,0.0,0.0,0.0,0.0,0.0,0.0,0.0,0.0,0.0,0.0,0.0,0.0,0.0,0.0
0.0,0.0,0.0,0.0,0.0,0.0,0.0,0.0,0.0,0.0,0.0,0.0,0.0,0.0,0.0,0.0,0.0,0.0,0.0,0.0,0.0,0.0,0.0,0.0,0.0,0.0,0.0,0.0,0.0,0.0,0.0,0.0,0.0,0.0,0.0,0.0,0.0
0.0,0.0,0.0,0.0,0.0,0.0,0.0,0.0,0.0,0.0,0.0,0.0,0.0,6.885045110247951,0.0,0.0,0.0,0.0,0.0,0.0,0.0,0.0,0.0,0.0,0.0,0.0,0.0,0.0,0.0,0.0,0.0,0.0,0.0,0.0,0.0,0.0,0.0
0.0,0.0,0.0,0.0,0.0,0.8813683949410905,0.0,0.0,0.0,0.0,2.043796503217847,0.0,0.0,5.989845762960582,0.0,0.0,0.0,0.0,0.0,0.0,0.0,0.0,0.0,0.0,0.0,0.0,0.0,0.0,0.0,0.4092942602932397,0.0,0.0,0.0,0.0,0.0,0.0,0.0
0.0,0.0,0.0,0.0,0.0,0.5754768685437588,0.0,0.0,0.0,0.0,1.9518863975069625,0.0,0.0,2.201389302499556,0.0,0.0,0.0,0.0,0.0,0.0,0.0,0.0,0.0,0.0,0.0,0.0,0.0,0.0,0.0,0.4772107422351519,0.0,0.5439217239617966,0.0,0.0,0.0,0.0,0.0
0.0,0.0,0.0,0.046292800456281,0.0,0.1415562359615921,0.0,0.0,0.0,0.0,1.7006511030717564,0.0,0.0,0.4062448302283215,0.0,0.0,9.563601613044629,0.0,0.0,0.0,0.0,6.902682590484527,0.0,0.0,0.0,0.0,0.0,0.0,0.0,0.5348763428628389,0.0,0.6205432415008512,0.0,0.0,0.0,0.0,0.0
0.0,0.0,0.0,0.0771049708127954,10.623922247439578,0.4226606381125559,0.0,0.0,0.0,0.0,2.493709645792636,0.0,0.0,12.98112601740281,0.0,0.0168021451681849,1.9500431895254453,0.0,0.0,0.0,0.0,73.67596435546847,0.0,0.0,0.0,0.0,0.0,0.0,1.2184464305638971,0.6239125691353888,0.0,1.2560537606477462,1.090787204913778,0.0,0.0,0.0,0.0
0.0,0.0,0.0,0.229456370696422,95.50275674462304,1.3184660109691122,0.0,0.0,0.0,0.0,8.442148809227957,0.0,0.0,46.78985427599393,0.0,0.2688966505229472,12.663667130470207,0.0,0.0,0.0,0.0,421.6536945343016,0.0,0.0,0.0,0.0,4.667840641736984,0.0,79.95739063769575,1.2331224456429326,0.0,0.0,5.734758913516985,0.0,0.0,0.0,0.0
0.0,0.0,0.0,2.305244937539096,286.09791189432127,12.92053468804803,65.11889804862427,0.0,0.0,0.0,68.8689890641719,0.0,0.0,138.43662293627847,0.0,0.8659210056066506,94.64558123350125,0.0,0.0,0.0,0.0,1117.4862869262697,0.0,0.0,0.0,98.90708753466603,14.660593622922898,0.0,654.5070731699467,6.892508079856622,0.0,0.0,24.06454843282697,0.0,0.0,0.0,0.0
0.0,0.0,0.0,7.164350613951682,605.2684767246246,72.8155024945736,279.2657224297523,0.0,0.0,0.0,264.35500616729246,0.0,0.0,325.2886456623673,0.0,1.749718040227889,299.6763298630714,0.0,0.0,0.0,0.0,2049.142431640625,0.0,0.0,0.0,296.900230050087,33.65897899270057,0.0,1473.1019309043884,27.88781842663882,0.0,0.0,68.6005339026451,0.0,0.0,0.0,0.0
0.0,0.0,0.0,15.666627705097198,1008.6509294509888,195.19625812768936,629.3065178811551,0.0,0.0,0.0,631.2591903597115,0.0,0.0,577.6436789333819,0.0,2.7416032552719107,627.4939788103103,0.0,0.0,0.0,0.0,2688.03005065918,0.0,0.0,0.0,515.0320116519928,53.63587200641632,0.0,2070.268153989315,87.39724507629872,0.0,0.0,118.95192778110504,0.0,0.0,0.0,0.0
0.0,0.0,0.0,26.724497795104977,1305.5863437652588,222.46798968315125,903.9241369724274,0.0,0.0,0.0,863.2730617433785,0.0,0.0,700.5317343026398,0.0,4.201770693063736,894.4473472118377,0.0,0.0,0.0,0.0,2881.4548522949217,0.0,0.0,0.0,587.5279926300049,65.75842603445054,0.0,2324.4417265057564,199.12631006836887,0.0,0.0,134.81813544034955,0.0,0.0,0.0,0.0
0.0,0.0,0.0,37.56016743183136,1475.1814908981323,239.4557426571846,1072.169575250149,0.0,0.0,0.0,1081.574551823735,0.0,0.0,780.3085532784462,0.0,5.537828743457794,1083.1612003087998,0.0,0.0,0.0,0.0,2981.2292083740235,0.0,0.0,0.0,602.4942067146301,72.41149719953538,0.0,2468.5192960381505,265.0049870967865,0.0,0.0,146.04471805691716,0.0,0.0,0.0,0.0
0.0,0.0,0.0,34.32926881313324,1536.7249312400818,244.6162815392017,1146.2129266798495,0.0,0.0,0.0,1180.458505666256,0.0,0.0,804.6563731133938,0.0,0.0,1179.906729054451,0.0,0.0,0.0,0.0,2990.7585205078126,0.0,0.0,0.0,595.2704762935639,73.7117334485054,0.0,2500.723793005944,297.61628569364547,0.0,505.6364234685898,150.52585583925247,0.0,0.0,0.0,0.0
0.0,0.0,0.0,0.0,1539.770812034607,238.64767774939537,1154.64228887558,0.0,0.0,0.0,1128.250556588173,0.0,0.0,801.7815016210079,0.0,0.0,1184.9593504667282,0.0,0.0,0.0,0.0,2880.475439453125,0.0,0.0,0.0,0.0,71.25040850639343,0.0,0.0,306.9227738142014,0.0,0.0,0.0,0.0,0.0,0.0,0.0
0.0,0.0,0.0,0.0,0.0,0.0,983.4130777835846,0.0,0.0,0.0,0.0,0.0,0.0,0.0,0.0,0.0,1197.2124047756197,0.0,0.0,0.0,0.0,0.0,0.0,0.0,0.0,0.0,0.0,0.0,2315.961179125309,308.9653819978237,0.0,0.0,0.0,0.0,0.0,0.0,0.0
0.0,0.0,0.0,0.0,0.0,0.0,0.0,0.0,0.0,0.0,0.0,0.0,0.0,0.0,0.0,0.0,1101.911130023003,0.0,0.0,0.0,0.0,0.0,0.0,0.0,0.0,0.0,0.0,0.0,0.0,299.4820632457733,0.0,0.0,0.0,0.0,0.0,0.0,0.0
0.0,0.0,0.0,0.0,0.0,0.0,0.0,0.0,0.0,0.0,0.0,0.0,0.0,0.0,0.0,0.0,970.2682304263112,0.0,0.0,0.0,0.0,0.0,0.0,0.0,0.0,0.0,0.0,0.0,0.0,0.0,0.0,0.0,0.0,0.0,0.0,0.0,0.0
0.0,0.0,0.0,0.0,0.0,0.0,0.0,0.0,0.0,0.0,0.0,0.0,0.0,0.0,0.0,0.0,0.0,0.0,0.0,0.0,0.0,0.0,0.0,0.0,0.0,0.0,0.0,0.0,0.0,0.0,0.0,0.0,0.0,0.0,0.0,0.0,0.0
0.0,0.0,0.0,0.0,0.0,0.0,0.0,0.0,0.0,0.0,0.0,0.0,0.0,0.0,0.0,0.0,0.0,0.0,0.0,0.0,0.0,0.0,0.0,0.0,0.0,0.0,0.0,0.0,0.0,0.0,0.0,0.0,0.0,0.0,0.0,0.0,0.0
0.0,0.0,0.0,0.0,0.0,0.0,0.0,0.0,0.0,0.0,0.0,0.0,0.0,0.0,0.0,0.0,0.0,0.0,0.0,0.0,0.0,0.0,0.0,0.0,0.0,0.0,0.0,0.0,0.0,0.0,0.0,0.0,0.0,0.0,0.0,0.0,0.0
0.0,0.0,0.0,0.0,0.0,0.0,0.0,0.0,0.0,0.0,0.0,0.0,0.0,0.0,0.0,0.0,0.0,0.0,0.0,0.0,0.0,0.0,0.0,0.0,0.0,0.0,0.0,0.0,0.0,0.0,0.0,0.0,0.0,0.0,0.0,0.0,0.0
0.0,0.0,0.0,0.0,0.0,0.0,0.0,0.0,0.0,0.0,0.0,0.0,0.0,0.0,0.0,0.0,0.0,0.0,0.0,0.0,0.0,0.0,0.0,0.0,0.0,0.0,0.0,0.0,0.0,0.0,0.0,0.0,0.0,0.0,0.0,0.0,0.0
0.0,0.0,0.0,0.0,0.0,0.0,0.0,0.0,0.0,0.0,0.0,0.0,0.0,0.0,0.0,0.0,0.0,0.0,0.0,0.0,0.0,0.0,0.0,0.0,0.0,0.0,0.0,0.0,0.0,0.0,0.0,0.0,0.0,0.0,0.0,0.0,0.0
0.0,0.0,0.0,0.0,0.0,0.0,0.0,0.0,0.0,0.0,0.0,0.0,0.0,0.0,0.0,0.0,0.0,0.0,0.0,0.0,0.0,0.0,0.0,0.0,0.0,0.0,0.0,0.0,0.0,0.0,0.0,0.0,0.0,0.0,0.0,0.0,0.0
0.0,0.0,0.0,0.0,0.0,0.0,0.0,0.0,0.0,0.0,0.0,0.0,0.0,0.0,0.0,0.0,0.0,0.0,0.0,0.0,0.0,0.0,0.0,0.0,0.0,0.0,0.0,0.0,0.0,0.0,0.0,0.0,0.0,0.0,0.0,0.0,0.0
0.0,0.0,0.0,0.0,0.0,0.0,0.0,0.0,0.0,0.0,0.0,0.0,0.0,8.378733117133281,0.0,0.0,0.0,0.0,0.0,0.0,0.0,0.0,0.0,0.0,0.0,0.0,0.0,0.0,0.0,0.0,0.0,0.0,0.0,0.0,0.0,0.0,0.0
0.0,0.0,0.0,0.0,0.0,0.0,0.0,0.0,0.0,0.0,2.0857343893031737,0.0,0.0,6.525945086032054,0.0,0.0,0.0,0.0,0.0,0.0,0.0,0.0,0.0,0.0,0.0,0.0,0.0,0.0,0.0,0.0,0.0,0.5415624827146087,0.4331854134797807,0.0,0.0,0.0,0.0
0.0,0.0,0.0,0.0,2.103892497718259,0.0,0.0,0.0,0.0,0.0,2.0613516756332926,0.0,0.0,2.516112891025757,0.0,0.0,0.0,0.0,0.0,0.0,0.0,10.714254665374456,0.0,0.0,0.0,0.0,0.0,0.0,0.0,0.0,0.0,0.5731610655784595,0.0,0.0,0.0,0.0,0.0
0.0,0.0,0.0,0.0381211526691858,2.987367406487463,0.0,0.0,0.0,0.0,0.0,1.7519784476606095,0.0,0.0,0.418766513466821,0.0,0.0,8.026622664928349,0.0,0.0,0.0,0.0,0.0,0.0,0.0,0.0,0.0,0.0,0.0,0.0,0.719688017666338,0.0,0.657492727041206,0.0,0.0,0.0,0.0,0.0
0.0,0.0,0.0,0.065679907798766,7.407520607113764,0.3674114821478697,0.0,0.0,0.0,0.0,2.170493800425723,0.0,0.0,8.160142824053692,0.0,0.1078999862074849,0.0,0.0,0.0,0.0,0.0,30.463913631439148,0.0,0.0,0.0,0.0,0.6548321262001902,0.0,0.0,0.6816572479903505,0.0,1.6949623376130911,1.0782828656956325,0.0,0.0,0.0,0.0
0.0,0.0,0.0,0.1806815881282083,70.87828458845608,1.6068579307757007,0.0,0.0,0.0,0.0,3.24921353305688,0.0,0.0,30.27319927234198,0.0,0.3336179777979841,3.518584167957201,0.0,0.0,0.0,0.0,222.7713687896728,0.0,0.0,0.0,9.979756750166384,3.5768605604767725,0.0,20.53424085378624,2.137308754026865,0.0,0.0,2.954055178910484,0.0,0.0,0.0,0.0
0.0,0.0,0.0,2.1578418537974318,247.97552913427336,23.3418728932738,70.81192819178105,0.0,0.0,0.0,69.1274354457855,0.0,0.0,94.86444292590016,0.0,0.7557027339935294,46.2515507936476,0.0,0.0,0.0,0.0,645.5171249389648,0.0,0.0,0.0,110.27167850136752,11.631379632651798,0.0,209.8847707048057,10.65508820861576,0.0,0.0,8.366985626518703,0.0,0.0,0.0,0.0
0.0,0.0,0.0,6.855657264590263,587.3736432790755,0.0,350.9851355209946,0.0,0.0,0.0,301.0099603623151,0.0,0.0,266.1176292598247,0.0,1.2142594903707502,200.25127667188636,0.0,0.0,0.0,0.0,1279.2986785888672,0.0,0.0,0.0,382.6424264907836,29.35752668976784,0.0,912.1202720105648,44.158277913928025,0.0,0.0,23.827551037073125,0.0,0.0,0.0,0.0
0.0,0.0,0.0,15.094882130622864,1059.1566779613495,0.0,782.1503936231136,0.0,0.0,0.0,762.8452274858952,0.0,0.0,515.1036155968903,0.0,1.5150212571024897,453.9703180491924,0.0,0.0,0.0,0.0,2038.1700744628904,0.0,0.0,0.0,624.416645526886,53.15924787521362,0.0,1590.5206292510034,133.540913683176,0.0,0.0,51.39248053729533,0.0,0.0,0.0,0.0
0.0,0.0,0.0,26.18963503837585,1381.1600065231323,0.0,1088.7271117568016,0.0,0.0,0.0,1083.8898977816102,0.0,0.0,652.1671382337809,0.0,2.2285515367984763,690.9921261072159,0.0,0.0,0.0,0.0,2387.620013427734,0.0,0.0,0.0,682.6712995529175,67.39230502843857,0.0,1896.6622949004168,237.7117520034313,0.0,0.0,70.08258189260958,0.0,0.0,0.0,0.0
0.0,0.0,0.0,37.47612464427948,1566.7498745918274,0.0,1261.2844689428807,0.0,0.0,0.0,1397.4714848697186,0.0,0.0,740.5330637097358,0.0,2.7372204512357703,879.3146713137627,0.0,0.0,0.0,0.0,2458.0899353027344,0.0,0.0,0.0,702.5354680538178,74.6915492773056,0.0,2029.899944198132,290.7352380990982,0.0,0.0,83.5577407181263,0.0,0.0,0.0,0.0
0.0,0.0,0.0,44.37784016132355,1621.8231830596924,0.0,1313.4494490087031,0.0,0.0,0.0,1536.1713198900222,0.0,0.0,761.7381999641657,0.0,3.164145663380623,992.139491724968,0.0,0.0,0.0,0.0,2384.4726379394533,0.0,0.0,0.0,693.2747859477997,75.9046844124794,0.0,2056.102020692825,319.3792464673519,0.0,514.9584225416183,91.9838316142559,0.0,0.0,0.0,0.0
0.0,0.0,0.0,0.0,1569.1762371063232,0.0,1272.4161809563636,0.0,0.0,0.0,1515.415323239565,0.0,0.0,734.904548600316,0.0,3.443032830953598,1031.9201521635057,0.0,0.0,0.0,0.0,2259.8147857666013,0.0,0.0,0.0,0.0,0.0,0.0,1985.2765379190448,0.0,0.0,0.0,96.92448639869689,0.0,0.0,0.0,0.0
0.0,0.0,0.0,0.0,1370.9406034946442,0.0,1132.032163321972,0.0,0.0,0.0,0.0,0.0,0.0,0.0,0.0,0.0,0.0,0.0,0.0,0.0,0.0,1778.847573852539,0.0,0.0,0.0,0.0,0.0,0.0,1751.0750094890595,0.0,0.0,0.0,0.0,0.0,0.0,0.0,0.0
0.0,0.0,0.0,0.0,0.0,0.0,0.0,0.0,0.0,0.0,0.0,0.0,0.0,0.0,0.0,0.0,0.0,0.0,0.0,0.0,0.0,1109.046116638183,0.0,0.0,0.0,0.0,0.0,0.0,0.0,0.0,0.0,0.0,0.0,0.0,0.0,0.0,0.0
0.0,0.0,0.0,0.0,0.0,0.0,0.0,0.0,0.0,0.0,0.0,0.0,0.0,0.0,0.0,0.0,0.0,0.0,0.0,0.0,0.0,0.0,0.0,0.0,0.0,0.0,0.0,0.0,0.0,0.0,0.0,0.0,0.0,0.0,0.0,0.0,0.0
0.0,0.0,0.0,0.0,0.0,0.0,0.0,0.0,0.0,0.0,0.0,0.0,0.0,0.0,0.0,0.0,0.0,0.0,0.0,0.0,0.0,0.0,0.0,0.0,0.0,0.0,0.0,0.0,0.0,0.0,0.0,0.0,0.0,0.0,0.0,0.0,0.0
0.0,0.0,0.0,0.0,0.0,0.0,0.0,0.0,0.0,0.0,0.0,0.0,0.0,0.0,0.0,0.0,0.0,0.0,0.0,0.0,0.0,0.0,0.0,0.0,0.0,0.0,0.0,0.0,0.0,0.0,0.0,0.0,0.0,0.0,0.0,0.0,0.0
0.0,0.0,0.0,0.0,0.0,0.0,0.0,0.0,0.0,0.0,0.0,0.0,0.0,0.0,0.0,0.0,0.0,0.0,0.0,0.0,0.0,0.0,0.0,0.0,0.0,0.0,0.0,0.0,0.0,0.0,0.0,0.0,0.0,0.0,0.0,0.0,0.0
0.0,0.0,0.0,0.0,0.0,0.0,0.0,0.0,0.0,0.0,0.0,0.0,0.0,0.0,0.0,0.0,0.0,0.0,0.0,0.0,0.0,0.0,0.0,0.0,0.0,0.0,0.0,0.0,0.0,0.0,0.0,0.0,0.0,0.0,0.0,0.0,0.0
0.0,0.0,0.0,0.0,0.0,0.0,0.0,0.0,0.0,0.0,0.0,0.0,0.0,0.0,0.0,0.0,0.0,0.0,0.0,0.0,0.0,0.0,0.0,0.0,0.0,0.0,0.0,0.0,0.0,0.0,0.0,0.0,0.0,0.0,0.0,0.0,0.0
0.0,0.0,0.0,0.0,0.0,0.0,0.0,0.0,0.0,0.0,0.0,0.0,0.0,0.0,0.0,0.0,0.0,0.0,0.0,0.0,0.0,0.0,0.0,0.0,0.0,0.0,0.0,0.0,0.0,0.0,0.0,0.0,0.0,0.0,0.0,0.0,0.0
0.0,0.0,0.0,0.0,0.0,0.0,0.0,0.0,0.0,0.0,0.0,0.0,0.0,0.0,0.0,0.0,0.0,0.0,0.0,0.0,0.0,0.0,0.0,0.0,0.0,0.0,0.0,0.0,0.0,0.0,0.0,0.0,0.0,0.0,0.0,0.0,0.0
0.0,0.0,0.0,0.0,0.0,0.0,0.0,0.0,0.0,0.0,0.0,0.0,0.0,0.0,0.0,0.0,0.0,0.0,0.0,0.0,0.0,0.0,0.0,0.0,0.0,0.0,0.0,0.0,0.0,0.0,0.0,0.0,0.0,0.0,0.0,0.0,0.0
0.0,0.0,0.0,0.0,0.0,0.0,0.0,0.0,0.0,0.0,0.0,0.0,0.0,3.77950833644708,0.0,0.0,0.0,0.0,0.0,0.0,0.0,0.0,0.0,0.0,0.0,0.0,0.0,0.0,0.0,0.0,0.0,0.0,0.0,0.0,0.0,0.0,0.0
0.0,0.0,0.0,0.0,0.0,0.0,0.0,0.0,0.0,0.0,1.8831077133769825,0.0,0.0,10.56683822534974,0.0,0.0,0.0,0.0,0.0,0.0,0.0,0.0,0.0,0.0,0.0,0.0,0.0,0.0,0.0,0.0,0.0,0.4994011372327264,0.0,0.0,0.0,0.0,0.0
0.0,0.0,0.0,0.0,1.7741802372036364,0.0,0.0,0.0,0.0,0.0,1.8431119258513875,0.0,0.0,5.92578345444048,0.0,0.0,0.0,0.0,0.0,0.0,0.0,0.0,0.0,0.0,0.0,0.0,0.0,0.0,0.0,0.0,0.0,0.5377500206231538,0.0,0.0,0.0,0.0,0.0
0.0,0.0,0.0,0.0490810461342332,2.815853338688417,0.0,0.0,0.0,0.0,0.0,1.6420660524627804,0.0,0.0,1.2973101157694404,0.0,0.0,10.40541918277733,0.0,0.0,0.0,0.0,0.0,0.0,0.0,0.0,0.0,0.0,0.0,0.0,0.5795994736254054,0.0,0.6085182875394504,0.0,0.0,0.0,0.0,0.0
0.0,0.0,0.0,0.0604506768286172,8.511185344308592,0.3455372857861185,0.0,0.0,0.0,0.0,2.3203405310399257,0.0,0.0,18.49006915232153,0.0,0.0,0.0,0.0,0.0,0.0,0.0,63.07000427246079,0.0,0.0,0.0,0.0,0.0774499580264027,0.0,0.0,0.6439427912235023,0.0,1.3609233796596398,1.058256112039068,0.0,0.0,0.0,0.0
0.0,0.0,0.0,0.112717868760228,89.97646954655633,1.334734744392324,4.527802713960402,0.0,0.0,0.0,5.734045468084405,0.0,0.0,58.60045328736299,0.0,0.2086510863155121,5.210370278358295,0.0,0.0,0.0,0.0,308.3914642333982,0.0,0.0,0.0,28.290247917175225,3.2803035393357245,0.0,22.98788259178377,1.253911232948301,0.0,0.0,3.418250938877443,0.0,0.0,0.0,0.0
0.0,0.0,0.0,1.759725894778967,296.85933035612106,15.818732846528258,104.91949552372084,0.0,0.0,0.0,72.11906822435546,0.0,0.0,178.97206287831065,0.0,0.6657309345901006,56.0278130769729,0.0,0.0,0.0,0.0,782.6165214538572,0.0,0.0,0.0,195.7034022569656,12.016708849370472,0.0,249.857585263252,7.882998022437092,0.0,0.0,11.359508894383906,0.0,0.0,0.0,0.0
0.0,0.0,0.0,5.708201780915257,686.0375418663025,0.0,415.32254416644565,0.0,0.0,0.0,294.13963148742914,0.0,0.0,411.10225319862366,0.0,1.1814586818218222,221.7519445776939,0.0,0.0,0.0,0.0,1507.792218017578,0.0,0.0,0.0,528.1103429317475,30.69153869152069,0.0,946.7146157562732,37.200621090084304,0.0,0.0,35.504626050591455,0.0,0.0,0.0,0.0
0.0,0.0,0.0,12.346572667360304,1181.1156368255615,0.0,825.1802780508995,0.0,0.0,0.0,690.8021988302468,0.0,0.0,684.8036124557257,0.0,1.525241568684578,492.6898814141749,0.0,0.0,0.0,0.0,2263.0270751953126,0.0,0.0,0.0,731.373970746994,54.51330993175507,0.0,1608.1375416994094,121.9205614864826,0.0,0.0,70.61222623288629,0.0,0.0,0.0,0.0
0.0,0.0,0.0,20.42457216978073,1496.9024677276611,0.0,1110.3222468316555,0.0,0.0,0.0,959.192667543888,0.0,0.0,818.7165305018425,0.0,2.4051123857498165,734.7068250894546,0.0,0.0,0.0,0.0,2465.636520385742,0.0,0.0,0.0,771.4377531051636,68.66108045578002,0.0,1881.0352982521056,225.46650608181957,0.0,0.0,87.89510479569434,0.0,0.0,0.0,0.0
0.0,0.0,0.0,28.43637347221374,1675.9519531726835,0.0,1263.639754575491,0.0,0.0,0.0,1200.9916812062263,0.0,0.0,876.4859150350094,0.0,3.1756544709205627,925.4169919252396,0.0,0.0,0.0,0.0,2554.541458129883,0.0,0.0,0.0,780.1046899318695,75.85019134283066,0.0,1994.0255385756493,280.79596014618875,0.0,0.0,96.79498964548112,0.0,0.0,0.0,0.0
0.0,0.0,0.0,32.931291580200195,1725.224971294403,0.0,1306.2513124227523,0.0,0.0,0.0,1277.286687260866,0.0,0.0,882.1221235394478,0.0,3.92237851023674,1040.8207672834396,0.0,0.0,0.0,0.0,2554.038442993164,0.0,0.0,0.0,760.6701240539551,77.38458390235901,0.0,1998.2890604138372,311.0900206625462,0.0,503.484723687172,105.00711837410928,0.0,0.0,0.0,0.0
0.0,0.0,0.0,0.0,1667.790380001068,0.0,1256.7627520918843,0.0,0.0,0.0,1189.3952189326287,0.0,0.0,853.8284569978714,0.0,0.0,1082.2886174201965,0.0,0.0,0.0,0.0,2510.2956817626955,0.0,0.0,0.0,0.0,0.0,0.0,1903.864822471142,316.72894260883334,0.0,0.0,0.0,0.0,0.0,0.0,0.0
0.0,0.0,0.0,0.0,1475.6217877864838,0.0,1086.409451943636,0.0,0.0,0.0,0.0,0.0,0.0,0.0,0.0,0.0,0.0,0.0,0.0,0.0,0.0,0.0,0.0,0.0,0.0,0.0,0.0,0.0,1643.0556316137313,0.0,0.0,0.0,0.0,0.0,0.0,0.0,0.0
0.0,0.0,0.0,0.0,0.0,0.0,0.0,0.0,0.0,0.0,0.0,0.0,0.0,0.0,0.0,0.0,0.0,0.0,0.0,0.0,0.0,0.0,0.0,0.0,0.0,0.0,0.0,0.0,0.0,0.0,0.0,0.0,0.0,0.0,0.0,0.0,0.0
0.0,0.0,0.0,0.0,0.0,0.0,0.0,0.0,0.0,0.0,0.0,0.0,0.0,0.0,0.0,0.0,0.0,0.0,0.0,0.0,0.0,0.0,0.0,0.0,0.0,0.0,0.0,0.0,0.0,0.0,0.0,0.0,0.0,0.0,0.0,0.0,0.0
0.0,0.0,0.0,0.0,0.0,0.0,0.0,0.0,0.0,0.0,0.0,0.0,0.0,0.0,0.0,0.0,0.0,0.0,0.0,0.0,0.0,0.0,0.0,0.0,0.0,0.0,0.0,0.0,0.0,0.0,0.0,0.0,0.0,0.0,0.0,0.0,0.0
0.0,0.0,0.0,0.0,0.0,0.0,0.0,0.0,0.0,0.0,0.0,0.0,0.0,0.0,0.0,0.0,0.0,0.0,0.0,0.0,0.0,0.0,0.0,0.0,0.0,0.0,0.0,0.0,0.0,0.0,0.0,0.0,0.0,0.0,0.0,0.0,0.0
0.0,0.0,0.0,0.0,0.0,0.0,0.0,0.0,0.0,0.0,0.0,0.0,0.0,0.0,0.0,0.0,0.0,0.0,0.0,0.0,0.0,0.0,0.0,0.0,0.0,0.0,0.0,0.0,0.0,0.0,0.0,0.0,0.0,0.0,0.0,0.0,0.0
0.0,0.0,0.0,0.0,0.0,0.0,0.0,0.0,0.0,0.0,0.0,0.0,0.0,0.0,0.0,0.0,0.0,0.0,0.0,0.0,0.0,0.0,0.0,0.0,0.0,0.0,0.0,0.0,0.0,0.0,0.0,0.0,0.0,0.0,0.0,0.0,0.0
0.0,0.0,0.0,0.0,0.0,0.0,0.0,0.0,0.0,0.0,0.0,0.0,0.0,0.0,0.0,0.0,0.0,0.0,0.0,0.0,0.0,0.0,0.0,0.0,0.0,0.0,0.0,0.0,0.0,0.0,0.0,0.0,0.0,0.0,0.0,0.0,0.0
0.0,0.0,0.0,0.0,0.0,0.0,0.0,0.0,0.0,0.0,0.0,0.0,0.0,0.0,0.0,0.0,0.0,0.0,0.0,0.0,0.0,0.0,0.0,0.0,0.0,0.0,0.0,0.0,0.0,0.0,0.0,0.0,0.0,0.0,0.0,0.0,0.0
0.0,0.0,0.0,0.0,0.0,0.0,0.0,0.0,0.0,0.0,0.0,0.0,0.0,0.0,0.0,0.0,0.0,0.0,0.0,0.0,0.0,0.0,0.0,0.0,0.0,0.0,0.0,0.0,0.0,0.0,0.0,0.0,0.0,0.0,0.0,0.0,0.0
0.0,0.0,0.0,0.0,0.0,0.0,0.0,0.0,0.0,0.0,0.0,0.0,0.0,0.0,0.0,0.0,0.0,0.0,0.0,0.0,0.0,0.0,0.0,0.0,0.0,0.0,0.0,0.0,0.0,0.0,0.0,0.0,0.0,0.0,0.0,0.0,0.0
0.0,0.0,0.0,0.0,0.0,0.0,0.0,0.0,0.0,0.0,0.0,0.0,0.0,0.0,0.0,0.0,0.0,0.0,0.0,0.0,0.0,0.0,0.0,0.0,0.0,0.0,0.0,0.0,0.0,0.0,0.0,0.0,0.0,0.0,0.0,0.0,0.0
0.0,0.0,0.0,0.0,1.7553484328089684,0.0,0.0,0.0,0.0,0.0,0.0,0.0,0.0,3.064053896814433,0.0,0.0,0.0,0.0,0.0,0.0,0.0,0.0,0.0,0.0,0.0,0.0,0.0,0.0,0.0,0.4131808087229602,0.0,0.4153251349925678,0.0,0.0,0.0,0.0,0.0
0.0,0.0,0.0,0.0,2.1591247059403083,0.4574411218054232,1.7125017728655458,0.0,0.0,0.0,1.922564205666792,0.0,0.0,2.196737416088533,0.0,0.0,0.0,0.0,0.0,0.0,0.0,13.33046979904166,0.0,0.0,0.0,0.0,2.68236922360956,0.0,0.0,0.5254338167607661,0.0,0.4647884666919536,0.0,0.0,0.0,0.0,0.0
0.0,0.0,0.0,0.0,3.3338146694002915,0.0,0.8962651520967118,0.0,0.0,0.0,1.6643477397038693,0.0,0.0,0.6366398185491273,0.0,0.0,0.0,0.0,0.0,0.0,0.0,0.246092414855957,0.0,0.0,0.0,0.0,3.0377010956406547,0.0,0.0,0.5960272431373255,0.0,0.5660205483435986,0.0,0.0,0.0,0.0,0.0
0.0,0.0,0.0,0.0603730138391236,10.349798887967994,0.289120047818835,1.118144156038611,0.0,0.0,0.0,2.24963246257963,0.0,0.0,11.243268032558197,0.2380012236535541,0.0351981176063413,2.6000984430311846,0.0,0.0,0.0,0.0,161.10122413635233,0.0,0.0,0.0,0.0,6.406139566004275,0.0,0.0,0.7424947641789714,0.0,1.477454647421777,1.8840216733515092,0.0,0.0,0.0,0.0
0.0,0.0,0.0,0.4361516535282114,77.8745166957378,0.0,16.218705802783358,0.0,0.0,0.0,4.54863639743981,0.0,0.0,40.2533791400491,2.1412616405636067,0.2575775384902954,10.108061957359237,0.0,0.0,0.0,0.0,752.0364875793456,0.0,0.0,0.0,12.88357001543038,15.719253197312351,0.0,37.25439133793112,4.73722513765095,0.0,22.23911401629443,10.679059341549856,0.0,0.0,0.0,0.0
0.0,0.0,0.0,3.282749317586417,259.4839136004447,0.0,87.63885196596381,0.0,0.0,0.0,76.20847300849836,0.0,0.0,119.86276434734464,0.0,0.658216532319784,89.17664744853968,0.0,0.0,0.0,0.0,1861.6902557373048,0.0,0.0,0.0,95.9930439531803,34.927871483564374,0.0,374.3469407737253,21.850667314231384,0.0,129.61396914720532,42.260780781507485,0.0,0.0,0.0,0.0
0.0,0.0,0.0,9.68211659789085,613.5899113416672,159.41063675284386,300.2613150045275,0.0,0.0,0.0,328.60617859214545,0.0,0.0,294.5175921171903,18.264537423849102,1.1647598594427109,290.3451228499412,0.0,0.0,0.0,0.0,2640.4497619628905,0.0,0.0,0.0,337.1955025434493,57.38145987987518,0.0,1187.5351903676983,86.28281026333569,0.0,0.0,101.92527902126312,0.0,0.0,0.0,0.0
0.0,0.0,0.0,20.15831410884857,1131.8466546535492,258.0077025592327,605.4282662153242,0.0,0.0,0.0,806.4762590408325,0.0,0.0,572.9172940552235,26.58795685172081,1.618525072932243,616.4237345695495,0.0,0.0,0.0,0.0,3244.925115966797,0.0,0.0,0.0,592.5036308288575,74.16865578889846,0.0,1839.1397793889048,208.58455809354783,0.0,0.0,157.0371237397194,0.0,0.0,0.0,0.0
0.0,0.0,0.0,32.386953592300415,1474.2355651855469,0.0,889.5930516660213,0.0,0.0,0.0,1149.3455993592738,0.0,0.0,749.7403276711701,30.605521380901337,2.6684087812900543,881.2391584515572,0.0,0.0,0.0,0.0,3517.5183074951174,0.0,0.0,0.0,660.3908585548401,82.87781895399094,0.0,2135.609430074692,283.79936293363573,0.0,0.0,175.92215132713318,0.0,0.0,0.0,0.0
0.0,0.0,0.0,41.43544828891754,1669.1961517333984,295.4655283391476,1093.341034531593,0.0,0.0,0.0,1459.8348145902155,0.0,0.0,866.4318768680096,32.16399613022804,3.596681833267211,1072.5487587213515,0.0,0.0,0.0,0.0,3626.9289886474608,0.0,0.0,0.0,699.1024155139924,86.58485195636749,0.0,2294.5812083482742,315.3828788816929,0.0,524.7362306118011,184.38343250751493,0.0,0.0,0.0,0.0
0.0,0.0,0.0,48.00650632381439,1725.243637561798,297.7741939723492,1201.3887882828712,0.0,0.0,0.0,1584.4620657086373,0.0,0.0,0.0,31.81831254959106,4.311718344688416,1180.2882925510407,0.0,0.0,0.0,0.0,3592.8019104003906,0.0,0.0,0.0,703.2486191749573,84.49405647516251,0.0,2355.2331130743028,327.54037725925446,0.0,520.5077167749405,184.8377102613449,0.0,0.0,0.0,0.0
0.0,0.0,0.0,49.36546289920807,1676.287567615509,289.42067694664,0.0,0.0,0.0,0.0,1550.5268038749696,0.0,0.0,0.0,29.908668673038484,0.0,1197.8547993421555,0.0,0.0,0.0,0.0,3451.1963592529296,0.0,0.0,0.0,0.0,79.64598776102066,0.0,0.0,325.0668337404728,0.0,498.1842710971832,0.0,0.0,0.0,0.0,0.0
0.0,0.0,0.0,0.0,0.0,0.0,0.0,0.0,0.0,0.0,0.0,0.0,0.0,0.0,0.0,0.0,0.0,0.0,0.0,0.0,0.0,0.0,0.0,0.0,0.0,0.0,0.0,0.0,2170.714761829376,325.9150209486485,0.0,0.0,0.0,0.0,0.0,0.0,0.0
0.0,0.0,0.0,0.0,0.0,0.0,0.0,0.0,0.0,0.0,0.0,0.0,0.0,0.0,0.0,0.0,0.0,0.0,0.0,0.0,0.0,0.0,0.0,0.0,0.0,0.0,0.0,0.0,0.0,0.0,0.0,0.0,0.0,0.0,0.0,0.0,0.0
0.0,0.0,0.0,0.0,0.0,0.0,0.0,0.0,0.0,0.0,0.0,0.0,0.0,0.0,0.0,0.0,0.0,0.0,0.0,0.0,0.0,0.0,0.0,0.0,0.0,0.0,0.0,0.0,0.0,0.0,0.0,0.0,0.0,0.0,0.0,0.0,0.0
0.0,0.0,0.0,0.0,0.0,0.0,0.0,0.0,0.0,0.0,0.0,0.0,0.0,0.0,0.0,0.0,0.0,0.0,0.0,0.0,0.0,0.0,0.0,0.0,0.0,0.0,0.0,0.0,0.0,0.0,0.0,0.0,0.0,0.0,0.0,0.0,0.0
0.0,0.0,0.0,0.0,0.0,0.0,0.0,0.0,0.0,0.0,0.0,0.0,0.0,0.0,0.0,0.0,0.0,0.0,0.0,0.0,0.0,0.0,0.0,0.0,0.0,0.0,0.0,0.0,0.0,0.0,0.0,0.0,0.0,0.0,0.0,0.0,0.0
0.0,0.0,0.0,0.0,0.0,0.0,0.0,0.0,0.0,0.0,0.0,0.0,0.0,0.0,0.0,0.0,0.0,0.0,0.0,0.0,0.0,0.0,0.0,0.0,0.0,0.0,0.0,0.0,0.0,0.0,0.0,0.0,0.0,0.0,0.0,0.0,0.0
0.0,0.0,0.0,0.0,0.0,0.0,0.0,0.0,0.0,0.0,0.0,0.0,0.0,0.0,0.0,0.0,0.0,0.0,0.0,0.0,0.0,0.0,0.0,0.0,0.0,0.0,0.0,0.0,0.0,0.0,0.0,0.0,0.0,0.0,0.0,0.0,0.0
0.0,0.0,0.0,0.0,0.0,0.0,0.0,0.0,0.0,0.0,0.0,0.0,0.0,0.0,0.0,0.0,0.0,0.0,0.0,0.0,0.0,0.0,0.0,0.0,0.0,0.0,0.0,0.0,0.0,0.0,0.0,0.0,0.0,0.0,0.0,0.0,0.0
0.0,0.0,0.0,0.0,0.0,0.0,0.0,0.0,0.0,0.0,0.0,0.0,0.0,0.0,0.0,0.0,0.0,0.0,0.0,0.0,0.0,0.0,0.0,0.0,0.0,0.0,0.0,0.0,0.0,0.0,0.0,0.0,0.0,0.0,0.0,0.0,0.0
0.0,0.0,0.0,0.0,0.0,0.0,0.0,0.0,0.0,0.0,0.0,0.0,0.0,0.0,0.0,0.0,0.0,0.0,0.0,0.0,0.0,0.0,0.0,0.0,0.0,0.0,0.0,0.0,0.0,0.0,0.0,0.0,0.0,0.0,0.0,0.0,0.0
0.0,0.0,0.0,0.0,0.0,0.0,0.0,0.0,0.0,0.0,0.0,0.0,0.0,0.0,0.0,0.0,0.0,0.0,0.0,0.0,0.0,0.0,0.0,0.0,0.0,0.0,0.0,0.0,0.0,0.0,0.0,0.0,0.0,0.0,0.0,0.0,0.0
0.0,0.0,0.0,0.0,0.0,0.0,0.0,0.0,0.0,0.0,0.0,0.0,0.0,0.0,0.0,0.0,0.0,0.0,0.0,0.0,0.0,0.0,0.0,0.0,0.0,0.0,0.0,0.0,0.0,0.2681454822420822,0.0,0.0,0.6899093976244187,0.0,0.0,0.0,0.0
0.0,0.0,0.0,0.0,1.4222781360147625,0.0,0.0,0.0,0.0,0.0,0.0,0.0,0.0,1.894544046372156,0.0,0.0,0.0,0.0,0.0,0.0,0.0,22.65851306915244,0.0,0.0,0.0,0.0,0.0,0.0,0.0,0.2900179341435073,0.0,0.0,0.3864368563517685,0.0,0.0,0.0,0.0
0.0,0.0,0.0,0.037539632990954,2.633547835051826,0.0,0.0,0.0,0.0,0.0,0.0,0.0,0.0,0.9672367246821372,0.0,0.0,2.1052793502807425,0.0,0.0,0.0,0.0,23.39470233917199,0.0,0.0,0.0,0.0,1.0517420347779936,0.0,0.0,0.4270897902548221,0.0,0.0,0.0,0.0,0.0,0.0,0.0
0.0,0.0,0.0,0.0564812030643194,4.324699442833484,0.0,2.1812265519052088,0.0,0.0,0.0,1.7306248991748243,0.0,0.0,0.0,0.0,0.0,9.253251862525808,0.0,0.0,0.0,0.0,0.0,0.0,0.0,0.0,0.0,0.0,0.0,0.0,0.5644310981034948,0.0,0.584768891334509,0.0,0.0,0.0,0.0,0.0
0.0,0.0,0.0,0.1591748874634454,11.073441911488752,0.4686545426957032,5.103630748018613,0.0,0.0,0.0,3.452220576349569,0.0,0.0,10.664132358506276,0.0,0.0,0.2316591739652725,0.0,0.0,0.0,0.0,91.19154996871912,0.0,0.0,0.0,0.0,0.0,0.0,4.167878486215972,0.6267916023730938,0.0,1.7952031791209726,1.459612273611104,0.0,0.0,0.0,0.0
0.0,0.0,0.0,0.2480919659137676,77.60005635023103,1.4007403180002984,46.40795486364499,0.0,0.0,0.0,16.118506859987907,0.0,0.0,46.10534412786362,0.1741277921944836,0.3930029869079587,8.672571790218248,0.0,0.0,0.0,0.0,548.0505069732665,0.0,0.0,0.0,3.3412057584151387,0.0,0.0,72.61081879883984,1.6964329928159636,0.0,9.922995597124045,8.818857692182055,0.0,0.0,0.0,0.0
0.0,0.0,0.0,1.20294739305973,252.39230853319157,4.990519535727783,180.0175372049211,0.0,0.0,0.0,102.40182010494166,0.0,0.0,147.99491511657834,1.4607822798192498,0.809830218553542,86.64335019588461,0.0,0.0,0.0,0.0,1391.8252288818358,0.0,0.0,0.0,48.54562801718712,0.4978894516825627,0.0,455.765332210064,10.711580815538756,0.0,64.60804581642151,36.05718773603439,0.0,0.0,0.0,0.0
0.0,0.0,0.0,4.020109340548511,568.745780467987,19.673744440078707,442.676832228899,0.0,0.0,0.0,327.2765414208172,0.0,0.0,369.553117416799,4.59800000488758,1.2274018973112104,292.1857714295386,0.0,0.0,0.0,0.0,2279.6806243896485,0.0,0.0,0.0,161.6442855834961,2.4930308654904287,0.0,1044.85007494092,46.378071116656045,0.0,215.8473405241966,83.83910581469536,0.0,0.0,0.0,0.0
0.0,0.0,0.0,8.26592430472374,1068.778634309769,82.69874203950167,805.2527374267578,0.0,0.0,0.0,676.2976023614407,0.0,0.0,640.499034896493,9.934144949913025,1.6086276844143856,632.5515030622482,0.0,0.0,0.0,0.0,2851.6517486572266,0.0,0.0,0.0,465.25522623062136,8.255419830977916,0.0,1587.3262080550194,135.1729242801666,0.0,335.01763939857483,130.18395921587944,0.0,0.0,0.0,0.0
0.0,0.0,0.0,13.05530813336372,1410.3062479496002,127.41838018596172,1081.3436566770076,0.0,0.0,0.0,922.4083333492276,0.0,0.0,782.118640691042,14.71436573266983,2.364423304796219,905.4355914592744,0.0,0.0,0.0,0.0,2985.411404418945,0.0,0.0,0.0,597.1710103034973,16.35243954658508,0.0,1871.5759724259376,239.75878856778144,0.0,369.1996901035309,145.0489552617073,0.0,0.0,0.0,0.0
0.0,0.0,0.0,17.327272832393643,1603.3198671340942,158.56543274223802,1239.8770096421242,0.0,0.0,0.0,1139.408428800106,0.0,0.0,854.8436209559441,17.707333928346635,2.9525810778141013,1098.283151245117,0.0,0.0,0.0,0.0,3023.1060333251958,0.0,0.0,0.0,629.0546849727631,29.90001368522644,0.0,2017.1448792338367,292.57095420956614,0.0,380.38019716739655,152.7422325015068,0.0,0.0,0.0,0.0
0.0,0.0,0.0,19.00337433815002,1673.8571691513062,171.95536340773103,1318.586234676838,0.0,0.0,0.0,1244.703270119429,0.0,0.0,878.3354254066944,19.853515326976776,3.4268301129341125,1200.8392804145813,0.0,0.0,0.0,0.0,2982.194226074219,0.0,0.0,0.0,635.422332572937,0.0,0.0,2115.526171875,316.8342396616936,0.0,389.2491501569748,155.31110578775406,0.0,0.0,0.0,0.0
0.0,0.0,0.0,0.0,1648.203411579132,173.42193880677223,0.0,0.0,0.0,0.0,0.0,0.0,0.0,0.0,0.0,3.6394641995429993,1214.2239101171494,0.0,0.0,0.0,0.0,2867.982357788086,0.0,0.0,0.0,0.0,0.0,0.0,0.0,319.76908455491065,0.0,395.0433390140533,151.79670536518097,0.0,0.0,0.0,0.0
0.0,0.0,0.0,0.0,0.0,0.0,0.0,0.0,0.0,0.0,0.0,0.0,0.0,0.0,0.0,0.0,0.0,0.0,0.0,0.0,0.0,2422.5703308105467,0.0,0.0,0.0,0.0,0.0,0.0,0.0,321.4842268705368,0.0,0.0,138.70948231220245,0.0,0.0,0.0,0.0
0.0,0.0,0.0,0.0,0.0,0.0,0.0,0.0,0.0,0.0,0.0,0.0,0.0,0.0,0.0,0.0,0.0,0.0,0.0,0.0,0.0,0.0,0.0,0.0,0.0,0.0,0.0,0.0,0.0,309.5181329488754,0.0,0.0,0.0,0.0,0.0,0.0,0.0
0.0,0.0,0.0,0.0,0.0,0.0,0.0,0.0,0.0,0.0,0.0,0.0,0.0,0.0,0.0,0.0,0.0,0.0,0.0,0.0,0.0,0.0,0.0,0.0,0.0,0.0,0.0,0.0,0.0,0.0,0.0,0.0,0.0,0.0,0.0,0.0,0.0
0.0,0.0,0.0,0.0,0.0,0.0,0.0,0.0,0.0,0.0,0.0,0.0,0.0,0.0,0.0,0.0,0.0,0.0,0.0,0.0,0.0,0.0,0.0,0.0,0.0,0.0,0.0,0.0,0.0,0.0,0.0,0.0,0.0,0.0,0.0,0.0,0.0
0.0,0.0,0.0,0.0,0.0,0.0,0.0,0.0,0.0,0.0,0.0,0.0,0.0,0.0,0.0,0.0,0.0,0.0,0.0,0.0,0.0,0.0,0.0,0.0,0.0,0.0,0.0,0.0,0.0,0.0,0.0,0.0,0.0,0.0,0.0,0.0,0.0
0.0,0.0,0.0,0.0,0.0,0.0,0.0,0.0,0.0,0.0,0.0,0.0,0.0,0.0,0.0,0.0,0.0,0.0,0.0,0.0,0.0,0.0,0.0,0.0,0.0,0.0,0.0,0.0,0.0,0.0,0.0,0.0,0.0,0.0,0.0,0.0,0.0
0.0,0.0,0.0,0.0,0.0,0.0,0.0,0.0,0.0,0.0,0.0,0.0,0.0,0.0,0.0,0.0,0.0,0.0,0.0,0.0,0.0,0.0,0.0,0.0,0.0,0.0,0.0,0.0,0.0,0.0,0.0,0.0,0.0,0.0,0.0,0.0,0.0
0.0,0.0,0.0,0.0,0.0,0.0,0.0,0.0,0.0,0.0,0.0,0.0,0.0,0.0,0.0,0.0,0.0,0.0,0.0,0.0,0.0,0.0,0.0,0.0,0.0,0.0,0.0,0.0,0.0,0.0,0.0,0.0,0.0,0.0,0.0,0.0,0.0
0.0,0.0,0.0,0.0,0.0,0.0,0.0,0.0,0.0,0.0,0.0,0.0,0.0,0.0,0.0,0.0,0.0,0.0,0.0,0.0,0.0,0.0,0.0,0.0,0.0,0.0,0.0,0.0,0.0,0.0,0.0,0.0,0.0,0.0,0.0,0.0,0.0
0.0,0.0,0.0,0.0,0.0,0.0,0.0,0.0,0.0,0.0,0.0,0.0,0.0,0.0,0.0,0.0,0.0,0.0,0.0,0.0,0.0,0.0,0.0,0.0,0.0,0.0,0.0,0.0,0.0,0.0,0.0,0.0,0.0,0.0,0.0,0.0,0.0
0.0,0.0,0.0,0.0,0.0,0.0,0.0,0.0,0.0,0.0,0.0,0.0,0.0,0.0,0.0,0.0,0.0,0.0,0.0,0.0,0.0,0.0,0.0,0.0,0.0,0.0,0.0,0.0,0.0,0.0,0.0,0.0,0.0,0.0,0.0,0.0,0.0
0.0,0.0,0.0,0.0,0.0,0.0,0.0,0.0,0.0,0.0,0.0,0.0,0.0,3.345989510416842,0.0,0.0,0.0,0.0,0.0,0.0,0.0,0.0,0.0,0.0,0.0,0.0,0.0,0.0,0.0,0.0,0.0,0.0,0.0,0.0,0.0,0.0,0.0
0.0,0.0,0.0,0.0,0.0,0.6255260012112542,6.017898494750195,0.0,0.0,0.0,1.9077256402931009,0.0,0.0,4.215559381991546,0.0,0.0,0.0,0.0,0.0,0.0,0.0,0.0,0.0,0.0,0.0,0.0,0.0,0.0,0.0,0.0,0.0,0.0,0.3680678335949581,0.0,0.0,0.0,0.0
0.0,0.0,0.0,0.0,0.0,0.4148096633143713,0.0,0.0,0.0,0.0,1.8871317670213836,0.0,0.0,1.8559547280891304,0.0,0.0,0.0,0.0,0.0,0.0,0.0,22.11828784942612,0.0,0.0,0.0,0.0,0.0,0.0,0.0,0.610946668684476,0.0,0.456239581108038,0.0,0.0,0.0,0.0,0.0
0.0,0.0,0.0,0.0,3.048781633377038,0.0,0.0,0.0,0.0,0.0,1.6124397786332882,0.0,0.0,0.3458812693133037,0.0,0.0,12.27033681869506,0.0,0.0,0.0,0.0,0.0,0.0,0.0,0.0,0.0,0.0,0.0,0.0,0.6637884974479611,0.0,0.5746053159236839,0.0,0.0,0.0,0.0,0.0
0.0,0.0,0.0,0.0653981268405855,10.309407860040636,0.3418816756456808,0.0,0.0,0.0,0.0,2.2477666493970743,0.0,0.0,8.607369777746477,0.1249384492635704,0.092052099760621,0.0,0.0,0.0,0.0,0.0,17.909525299071916,0.0,0.0,0.0,0.0,2.453770137950778,0.0,0.0,0.820378031581621,0.0,1.547859609127037,1.2320029558613852,0.0,0.0,0.0,0.0
0.0,0.0,0.0,0.3636091090738731,97.23953941464406,2.563673029188042,6.709675251319894,0.0,0.0,0.0,5.021250796830271,0.0,0.0,36.78203053772439,1.5011155351996397,0.3111764714121817,6.576362693309741,0.0,0.0,0.0,0.0,128.94544000625598,0.0,0.0,0.0,25.306838047504364,7.741758264601223,0.0,24.61755027472953,6.039500028640011,0.0,20.55989938974377,5.391800450161079,0.0,0.0,0.0,0.0
0.0,0.0,0.0,3.164772942662238,306.6625260710716,30.00945961475369,106.1297209396957,0.0,0.0,0.0,75.10333522595461,0.0,0.0,122.49378025531765,6.097731077671049,0.6243999786674975,70.41029322147355,0.0,0.0,0.0,0.0,377.5772647857664,0.0,0.0,0.0,182.21335500478745,20.28675284087658,0.0,265.2589727729558,31.10114754810927,0.0,0.0,16.666942711919543,0.0,0.0,0.0,0.0
0.0,0.0,0.0,8.5949687063694,692.4174954891204,147.03200478851795,422.7108951359987,0.0,0.0,0.0,304.61313910484296,0.0,0.0,312.2009288519621,14.556747275590896,0.9884040579199788,247.3812937617301,0.0,0.0,0.0,0.0,783.0326904296872,0.0,0.0,0.0,521.0298672199249,45.264012748003005,0.0,827.0330714941025,111.55669788718224,0.0,330.076006770134,42.4133171290159,0.0,0.0,0.0,0.0
0.0,0.0,0.0,17.68922370672226,1130.330398797989,246.7451997697353,811.8472289383411,0.0,0.0,0.0,715.6108137607574,0.0,0.0,577.4809795618056,22.855174201726918,1.3018915504217143,525.1016044855116,0.0,0.0,0.0,0.0,1305.6292938232425,0.0,0.0,0.0,734.480460691452,65.87997894287109,0.0,1381.978615808487,230.28774744272232,0.0,450.16142213344574,72.28735361993313,0.0,0.0,0.0,0.0
0.0,0.0,0.0,28.170331597328182,1387.0281512737274,269.05503541231155,1073.7563875198364,0.0,0.0,0.0,990.548941156268,0.0,0.0,700.8323685079812,27.269656312465667,2.059283092617988,751.3742736577988,0.0,0.0,0.0,0.0,1603.4153411865232,0.0,0.0,0.0,765.8481276988983,77.36929540634155,0.0,1687.926599252224,298.5242677569389,0.0,485.9559020996094,92.17001703381538,0.0,0.0,0.0,0.0
0.0,0.0,0.0,36.8575553894043,1511.9883432388306,281.33278900384903,1205.8572849988936,0.0,0.0,0.0,1257.735253667831,0.0,0.0,771.2847927212715,29.19537397027016,2.733324646949767,928.0677734732628,0.0,0.0,0.0,0.0,1808.914678955078,0.0,0.0,0.0,742.7961246967316,0.0,0.0,1820.6235720276832,332.72926794290544,0.0,504.9741494655609,103.68187671899794,0.0,0.0,0.0,0.0
0.0,0.0,0.0,41.72814202308655,1522.0833885669708,282.749051630497,1225.7308801710606,0.0,0.0,0.0,1406.103056627512,0.0,0.0,804.2892752587795,29.153253257274628,3.210621982812881,1037.2928064346313,0.0,0.0,0.0,0.0,1868.267477416992,0.0,0.0,0.0,686.2205816745758,82.20574556589126,0.0,1849.758213889599,344.2490794956684,0.0,506.7908908128738,110.2736369371414,0.0,0.0,0.0,0.0
0.0,0.0,0.0,42.23078751564026,1488.149501800537,273.0048475265503,1192.3571409821511,0.0,0.0,0.0,1401.7134943127633,0.0,0.0,0.0,27.811823719739916,3.519554942846298,1088.693319439888,0.0,0.0,0.0,0.0,1818.9980682373048,0.0,0.0,0.0,632.7631031036377,78.17246823310852,0.0,0.0,0.0,0.0,0.0,0.0,0.0,0.0,0.0,0.0
0.0,0.0,0.0,0.0,0.0,0.0,0.0,0.0,0.0,0.0,0.0,0.0,0.0,0.0,0.0,0.0,0.0,0.0,0.0,0.0,0.0,1185.9972473144528,0.0,0.0,0.0,572.0881927967072,0.0,0.0,0.0,0.0,0.0,0.0,0.0,0.0,0.0,0.0,0.0
0.0,0.0,0.0,0.0,0.0,0.0,0.0,0.0,0.0,0.0,0.0,0.0,0.0,0.0,0.0,0.0,0.0,0.0,0.0,0.0,0.0,0.0,0.0,0.0,0.0,0.0,0.0,0.0,0.0,0.0,0.0,0.0,0.0,0.0,0.0,0.0,0.0
0.0,0.0,0.0,0.0,0.0,0.0,0.0,0.0,0.0,0.0,0.0,0.0,0.0,0.0,0.0,0.0,0.0,0.0,0.0,0.0,0.0,0.0,0.0,0.0,0.0,0.0,0.0,0.0,0.0,0.0,0.0,0.0,0.0,0.0,0.0,0.0,0.0
0.0,0.0,0.0,0.0,0.0,0.0,0.0,0.0,0.0,0.0,0.0,0.0,0.0,0.0,0.0,0.0,0.0,0.0,0.0,0.0,0.0,0.0,0.0,0.0,0.0,0.0,0.0,0.0,0.0,0.0,0.0,0.0,0.0,0.0,0.0,0.0,0.0
0.0,0.0,0.0,0.0,0.0,0.0,0.0,0.0,0.0,0.0,0.0,0.0,0.0,0.0,0.0,0.0,0.0,0.0,0.0,0.0,0.0,0.0,0.0,0.0,0.0,0.0,0.0,0.0,0.0,0.0,0.0,0.0,0.0,0.0,0.0,0.0,0.0
0.0,0.0,0.0,0.0,0.0,0.0,0.0,0.0,0.0,0.0,0.0,0.0,0.0,0.0,0.0,0.0,0.0,0.0,0.0,0.0,0.0,0.0,0.0,0.0,0.0,0.0,0.0,0.0,0.0,0.0,0.0,0.0,0.0,0.0,0.0,0.0,0.0
0.0,0.0,0.0,0.0,0.0,0.0,0.0,0.0,0.0,0.0,0.0,0.0,0.0,0.0,0.0,0.0,0.0,0.0,0.0,0.0,0.0,0.0,0.0,0.0,0.0,0.0,0.0,0.0,0.0,0.0,0.0,0.0,0.0,0.0,0.0,0.0,0.0
0.0,0.0,0.0,0.0,0.0,0.0,0.0,0.0,0.0,0.0,0.0,0.0,0.0,0.0,0.0,0.0,0.0,0.0,0.0,0.0,0.0,0.0,0.0,0.0,0.0,0.0,0.0,0.0,0.0,0.0,0.0,0.0,0.0,0.0,0.0,0.0,0.0
0.0,0.0,0.0,0.0,0.0,0.0,0.0,0.0,0.0,0.0,0.0,0.0,0.0,0.0,0.0,0.0,0.0,0.0,0.0,0.0,0.0,0.0,0.0,0.0,0.0,0.0,0.0,0.0,0.0,0.0,0.0,0.0,0.0,0.0,0.0,0.0,0.0
0.0,0.0,0.0,0.0,0.0,0.0,0.0,0.0,0.0,0.0,0.0,0.0,0.0,0.0,0.0,0.0,0.0,0.0,0.0,0.0,0.0,0.0,0.0,0.0,0.0,0.0,0.0,0.0,0.0,0.0,0.0,0.0,0.0,0.0,0.0,0.0,0.0
0.0,0.0,0.0,0.0,0.0,0.0,0.0,0.0,0.0,0.0,0.0,0.0,0.0,0.0,0.0,0.0,0.0,0.0,0.0,0.0,0.0,0.0,0.0,0.0,0.0,0.0,0.0,0.0,0.0,0.0,0.0,0.0,0.0,0.0,0.0,0.0,0.0
0.0,0.0,0.0,0.0,0.0,0.0,0.0,0.0,0.0,0.0,0.0,0.0,0.0,0.0,0.0,0.0,0.0,0.0,0.0,0.0,0.0,0.0,0.0,0.0,0.0,0.0,0.0,0.0,0.0,0.3889272235333896,0.0,0.0,0.0,0.0,0.0,0.0,0.0
0.0,0.0,0.0,0.0,0.0,0.0,0.0,0.0,0.0,0.0,0.0,0.0,0.0,3.846555249765375,0.0,0.0,0.0,0.0,0.0,0.0,0.0,0.0,0.0,0.0,0.0,0.0,0.0,0.0,0.0,0.4167481154203079,0.0,0.0,0.0,0.0,0.0,0.0,0.0
0.0,0.0,0.0,0.0,0.0,0.0,2.9060505643486945,0.0,0.0,0.0,0.0,0.0,0.0,2.2468355298040925,0.0,0.0,0.0,0.0,0.0,0.0,0.0,0.0,0.0,0.0,0.0,0.0,0.0,0.0,0.0,0.5310044385492483,0.0,0.0,0.0,0.0,0.0,0.0,0.0
0.0,0.0,0.0,0.0592573806643432,3.0969548709688604,0.0,0.0,0.0,0.0,0.0,1.6749556452034495,0.0,0.0,0.7521004928275021,0.0,0.0,12.715024375915482,0.0,0.0,0.0,0.0,0.0,0.0,0.0,0.0,0.0,0.0,0.0,0.0,0.573243927210563,0.0,0.3552497029304174,0.0,0.0,0.0,0.0,0.0
0.0,0.0,0.0,0.0818576570600234,10.031264316290594,0.4657532582059191,0.0,0.0,0.0,0.0,4.9298725697210815,0.0,0.0,17.3852162552065,0.0,0.0343518247827885,1.4571239471434647,0.0,0.0,0.0,0.0,60.52849788665766,0.0,0.0,0.0,0.0,0.0,0.0,0.0,0.6806116580962951,0.0,1.1973373591899776,1.3734790319576693,0.0,0.0,0.0,0.0
0.0,0.0,0.0,0.2941437512636179,53.304789990186485,1.4228161945938942,17.012429263815186,0.0,0.0,0.0,34.19001685064282,0.0,0.0,61.38340805657205,0.2391020726412509,0.2889984175562848,8.754816925525587,0.0,0.0,0.0,0.0,307.6568367004394,0.0,0.0,0.0,2.485169412195671,0.0,0.0,29.15783110409957,4.065569821000064,0.0,3.160755336284624,8.803201071917984,0.0,0.0,0.0,0.0
0.0,0.0,0.0,2.203232146799564,170.8471428751944,4.836366809904562,106.88176133930676,0.0,0.0,0.0,145.76447122693057,0.0,0.0,175.99755281582475,2.1867955215275283,0.7603921405971046,93.1586725354194,0.0,0.0,0.0,0.0,819.3883674621582,0.0,0.0,0.0,47.38523324429985,0.0,0.0,290.5822535663843,20.29343836084008,0.0,25.99503056704997,30.957936540246,0.0,0.0,0.0,0.0
0.0,0.0,0.0,6.626915335655209,392.2670058012008,23.38388226181268,301.8354568928479,0.0,0.0,0.0,381.8954135581851,0.0,0.0,374.9469384551048,6.5785898655653,1.3138104528188703,299.9928694486616,0.0,0.0,0.0,0.0,1553.5584472656249,0.0,0.0,0.0,153.52541511058806,0.0,0.0,977.159871959686,79.64296883493662,0.0,94.86625671386716,74.2128865122795,0.0,0.0,0.0,0.0
0.0,0.0,0.0,14.121558040380474,710.4439387321472,68.14573603123426,581.9289926826953,0.0,0.0,0.0,749.1571218848227,0.0,0.0,616.190273836255,12.935601934790611,1.930032700300216,621.9158955574036,0.0,0.0,0.0,0.0,2367.3527404785154,0.0,0.0,0.0,362.71691310405726,0.6385505108162739,0.0,1595.1672742843627,200.8140151679516,0.0,235.35399568080905,128.53777867555618,0.0,0.0,0.0,0.0
0.0,0.0,0.0,23.00136017799377,1003.6804682016372,96.6599242687225,810.4623267889023,0.0,0.0,0.0,1023.536094418168,0.0,0.0,704.883054792881,17.088268446922303,2.9120485186576834,879.4243723511695,0.0,0.0,0.0,0.0,2577.1423736572265,0.0,0.0,0.0,429.8688635587693,1.2014943568035907,0.0,1879.9175021648407,282.3260711252689,0.0,313.7409074306488,148.9576964378357,0.0,0.0,0.0,0.0
0.0,0.0,0.0,30.517984569072723,1244.9454426765442,122.26943147182462,1000.5383561730384,0.0,0.0,0.0,1254.4966851234435,0.0,0.0,741.66981972754,19.717866253852844,3.925172656774521,1075.2982712030412,0.0,0.0,0.0,0.0,2657.0259033203124,0.0,0.0,0.0,464.1829423904419,0.7227797271683777,0.0,2026.7542184472084,322.1520688593388,0.0,351.74955773353577,161.33253890275955,0.0,0.0,0.0,0.0
0.0,0.0,0.0,35.221049189567566,1387.8953759670258,137.77707609534264,1099.8140354454515,0.0,0.0,0.0,1330.4165705502032,0.0,0.0,728.1273959577082,21.501453441381454,4.805140137672423,1197.9749189138413,0.0,0.0,0.0,0.0,2692.708200073242,0.0,0.0,0.0,473.15684590339663,1.0584880031645256,0.0,2115.925474524498,337.6681074142456,0.0,372.3801625967026,0.0,0.0,0.0,0.0,0.0
0.0,0.0,0.0,37.81484568119049,0.0,0.0,0.0,0.0,0.0,0.0,0.0,0.0,0.0,657.9239828139544,22.478991651535036,0.0,0.0,0.0,0.0,0.0,0.0,0.0,0.0,0.0,0.0,500.6643879890442,0.0,0.0,0.0,333.92083038687707,0.0,0.0,0.0,0.0,0.0,0.0,0.0
0.0,0.0,0.0,0.0,0.0,0.0,0.0,0.0,0.0,0.0,0.0,0.0,0.0,477.3749788105487,0.0,0.0,0.0,0.0,0.0,0.0,0.0,0.0,0.0,0.0,0.0,0.0,0.0,0.0,0.0,0.0,0.0,0.0,0.0,0.0,0.0,0.0,0.0
0.0,0.0,0.0,0.0,0.0,0.0,0.0,0.0,0.0,0.0,0.0,0.0,0.0,0.0,0.0,0.0,0.0,0.0,0.0,0.0,0.0,0.0,0.0,0.0,0.0,0.0,0.0,0.0,0.0,0.0,0.0,0.0,0.0,0.0,0.0,0.0,0.0
0.0,0.0,0.0,0.0,0.0,0.0,0.0,0.0,0.0,0.0,0.0,0.0,0.0,0.0,0.0,0.0,0.0,0.0,0.0,0.0,0.0,0.0,0.0,0.0,0.0,0.0,0.0,0.0,0.0,0.0,0.0,0.0,0.0,0.0,0.0,0.0,0.0
0.0,0.0,0.0,0.0,0.0,0.0,0.0,0.0,0.0,0.0,0.0,0.0,0.0,0.0,0.0,0.0,0.0,0.0,0.0,0.0,0.0,0.0,0.0,0.0,0.0,0.0,0.0,0.0,0.0,0.0,0.0,0.0,0.0,0.0,0.0,0.0,0.0
0.0,0.0,0.0,0.0,0.0,0.0,0.0,0.0,0.0,0.0,0.0,0.0,0.0,0.0,0.0,0.0,0.0,0.0,0.0,0.0,0.0,0.0,0.0,0.0,0.0,0.0,0.0,0.0,0.0,0.0,0.0,0.0,0.0,0.0,0.0,0.0,0.0
0.0,0.0,0.0,0.0,0.0,0.0,0.0,0.0,0.0,0.0,0.0,0.0,0.0,0.0,0.0,0.0,0.0,0.0,0.0,0.0,0.0,0.0,0.0,0.0,0.0,0.0,0.0,0.0,0.0,0.0,0.0,0.0,0.0,0.0,0.0,0.0,0.0
0.0,0.0,0.0,0.0,0.0,0.0,0.0,0.0,0.0,0.0,0.0,0.0,0.0,0.0,0.0,0.0,0.0,0.0,0.0,0.0,0.0,0.0,0.0,0.0,0.0,0.0,0.0,0.0,0.0,0.0,0.0,0.0,0.0,0.0,0.0,0.0,0.0
0.0,0.0,0.0,0.0,0.0,0.0,0.0,0.0,0.0,0.0,0.0,0.0,0.0,0.0,0.0,0.0,0.0,0.0,0.0,0.0,0.0,0.0,0.0,0.0,0.0,0.0,0.0,0.0,0.0,0.0,0.0,0.0,0.0,0.0,0.0,0.0,0.0
0.0,0.0,0.0,0.0,0.0,0.0,0.0,0.0,0.0,0.0,0.0,0.0,0.0,0.0,0.0,0.0,0.0,0.0,0.0,0.0,0.0,0.0,0.0,0.0,0.0,0.0,0.0,0.0,0.0,0.0,0.0,0.0,0.0,0.0,0.0,0.0,0.0
0.0,0.0,0.0,0.0,0.0,0.0,0.0,0.0,0.0,0.0,0.0,0.0,0.0,0.0,0.0,0.0,0.0,0.0,0.0,0.0,0.0,0.0,0.0,0.0,0.0,0.0,0.0,0.0,0.0,0.0,0.0,0.0,0.0,0.0,0.0,0.0,0.0
0.0,0.0,0.0,0.0,0.0,0.0,0.0,0.0,0.0,0.0,0.0,0.0,0.0,0.0,0.0,0.0,0.0,0.0,0.0,0.0,0.0,0.0,0.0,0.0,0.0,0.0,0.0,0.0,0.0,0.0,0.0,0.0,0.0,0.0,0.0,0.0,0.0
0.0,0.0,0.0,0.0,0.0,0.0,0.0,0.0,0.0,0.0,0.0,0.0,0.0,0.6245079264043263,0.0,0.0,0.0,0.0,0.0,0.0,0.0,0.0,0.0,0.0,0.0,0.0,0.0,0.0,0.0,0.0,0.0,0.0,0.0,0.0,0.0,0.0,0.0
0.0,0.0,0.0,0.0,0.0,0.0,0.0,0.0,0.0,0.0,0.0,0.0,0.0,2.642484870739132,0.0,0.0,0.0,0.0,0.0,0.0,0.0,0.0,0.0,0.0,0.0,0.0,0.0,0.0,0.0,0.0,0.0,0.0,0.0,0.0,0.0,0.0,0.0
0.0,0.0,0.0,0.0,0.0,0.0,0.0,0.0,0.0,0.0,0.0,0.0,0.0,1.4477182645349354,0.0,0.0,0.0,0.0,0.0,0.0,0.0,0.0,0.0,0.0,0.0,0.0,0.0,0.0,0.0,0.5221096023917107,0.0,0.0,0.0,0.0,0.0,0.0,0.0
0.0,0.0,0.0,0.0,0.0,0.0,0.0,0.0,0.0,0.0,1.7083728784694174,0.0,0.0,0.4957232251763219,0.0,0.0,9.615939426422026,0.0,0.0,0.0,0.0,0.0,0.0,0.0,0.0,0.0,0.0,0.0,0.0,0.4941539846360349,0.0,0.5031238943338174,0.0,0.0,0.0,0.0,0.0
0.0,0.0,0.0,0.0,0.0,0.2633486408739913,0.0,0.0,0.0,0.0,2.288371660420469,0.0,0.0,18.32194969290855,0.0,0.0,0.0,0.0,0.0,0.0,0.0,316.8489494323728,0.0,0.0,0.0,0.0,0.0,0.0,0.0,0.6436850547790405,0.0,0.0,0.0,0.0,0.0,0.0,0.0
0.0,0.0,0.0,0.5047558471560429,0.0,1.8872396107762703,0.0,0.0,0.0,0.0,24.38724841177445,0.0,0.0,62.58735040202737,2.442161366343496,0.0,8.365163743495794,0.0,0.0,0.0,0.0,1196.473651123047,0.0,0.0,0.0,0.0,0.0,0.0,0.0,2.743027473241063,0.0,0.0,8.972749695181825,0.0,0.0,0.0,0.0
0.0,0.0,0.0,0.0,0.0,27.05194418132302,0.0,0.0,0.0,0.0,153.9589108213781,0.0,0.0,178.64153141155833,0.0,1.739359125494956,97.36549282073976,0.0,0.0,0.0,0.0,2308.2302642822265,0.0,0.0,0.0,0.0,0.0,0.0,0.0,16.048606985062325,0.0,165.12729573249817,35.68072155117988,0.0,0.0,0.0,0.0
0.0,0.0,0.0,0.0,0.0,143.89444920420644,0.0,0.0,0.0,0.0,488.1367360278964,0.0,0.0,385.4927621036768,0.0,2.927707865834236,317.2135421872137,0.0,0.0,0.0,0.0,3072.968630981445,0.0,0.0,0.0,0.0,0.0,0.0,1829.2850779652597,66.95135267972945,0.0,354.4590431451797,88.28940188884734,0.0,0.0,0.0,0.0
0.0,0.0,0.0,21.404693186283108,0.0,254.2207915186882,0.0,0.0,0.0,0.0,1070.3232385009526,0.0,0.0,632.2027781605719,26.994537949562076,4.16673731803894,667.730296909809,0.0,0.0,0.0,0.0,3608.963851928711,0.0,0.0,0.0,0.0,0.0,0.0,2336.527150559425,184.63690606355664,0.0,0.0,144.956630975008,0.0,0.0,0.0,0.0
0.0,0.0,0.0,0.0,1753.5621309280396,278.0415006875992,0.0,0.0,0.0,0.0,1514.6101565122603,0.0,0.0,742.1386615931987,31.249163031578064,5.875358313322066,942.1027648568154,0.0,0.0,0.0,0.0,3819.2565002441406,0.0,0.0,0.0,0.0,0.0,0.0,2581.1719669699664,274.2140977025032,0.0,505.6860482692719,164.7704463005066,0.0,0.0,0.0,0.0
0.0,0.0,0.0,0.0,1893.3881130218504,292.5444866716862,0.0,0.0,0.0,0.0,1814.335471123457,0.0,0.0,798.3175618946552,32.647506684064865,7.126607120037079,1133.190143918991,0.0,0.0,0.0,0.0,3865.618362426758,0.0,0.0,0.0,786.7155636787414,0.0,0.0,2635.4,318.6494774401188,0.0,517.718609213829,174.63022255897522,0.0,0.0,0.0,0.0
0.0,0.0,0.0,0.0,1906.610514879227,295.7534595131874,0.0,0.0,0.0,0.0,1944.081911808252,0.0,0.0,789.7994713485241,32.482726889848706,4.805140137672423,1227.2999060630798,0.0,0.0,0.0,0.0,3750.2638458251954,0.0,0.0,0.0,768.5014891624451,82.90030100345612,0.0,0.0,338.21767180562017,0.0,512.8713821172714,176.9934378862381,0.0,0.0,0.0,0.0
0.0,0.0,0.0,0.0,1830.9019000530243,0.0,0.0,0.0,0.0,0.0,0.0,0.0,0.0,723.6855301260947,0.0,0.0,1224.296426486969,0.0,0.0,0.0,0.0,3540.2588287353515,0.0,0.0,0.0,731.9345537185669,0.0,0.0,0.0,337.3397980451584,0.0,0.0,0.0,0.0,0.0,0.0,0.0
0.0,0.0,0.0,0.0,0.0,0.0,0.0,0.0,0.0,0.0,0.0,0.0,0.0,0.0,0.0,6.628343999385834,1233.387026643753,0.0,0.0,0.0,0.0,0.0,0.0,0.0,0.0,0.0,0.0,0.0,0.0,0.0,0.0,0.0,0.0,0.0,0.0,0.0,0.0
0.0,0.0,0.0,0.0,0.0,0.0,0.0,0.0,0.0,0.0,0.0,0.0,0.0,0.0,0.0,0.0,1148.1129169940948,0.0,0.0,0.0,0.0,0.0,0.0,0.0,0.0,0.0,0.0,0.0,0.0,0.0,0.0,0.0,0.0,0.0,0.0,0.0,0.0
0.0,0.0,0.0,0.0,0.0,0.0,0.0,0.0,0.0,0.0,0.0,0.0,0.0,0.0,0.0,0.0,1017.527253484726,0.0,0.0,0.0,0.0,0.0,0.0,0.0,0.0,0.0,0.0,0.0,0.0,0.0,0.0,0.0,0.0,0.0,0.0,0.0,0.0
0.0,0.0,0.0,0.0,0.0,0.0,0.0,0.0,0.0,0.0,0.0,0.0,0.0,0.0,0.0,0.0,0.0,0.0,0.0,0.0,0.0,0.0,0.0,0.0,0.0,0.0,0.0,0.0,0.0,0.0,0.0,0.0,0.0,0.0,0.0,0.0,0.0
0.0,0.0,0.0,0.0,0.0,0.0,0.0,0.0,0.0,0.0,0.0,0.0,0.0,0.0,0.0,0.0,0.0,0.0,0.0,0.0,0.0,0.0,0.0,0.0,0.0,0.0,0.0,0.0,0.0,0.0,0.0,0.0,0.0,0.0,0.0,0.0,0.0
0.0,0.0,0.0,0.0,0.0,0.0,0.0,0.0,0.0,0.0,0.0,0.0,0.0,0.0,0.0,0.0,0.0,0.0,0.0,0.0,0.0,0.0,0.0,0.0,0.0,0.0,0.0,0.0,0.0,0.0,0.0,0.0,0.0,0.0,0.0,0.0,0.0
0.0,0.0,0.0,0.0,0.0,0.0,0.0,0.0,0.0,0.0,0.0,0.0,0.0,0.0,0.0,0.0,0.0,0.0,0.0,0.0,0.0,0.0,0.0,0.0,0.0,0.0,0.0,0.0,0.0,0.0,0.0,0.0,0.0,0.0,0.0,0.0,0.0
0.0,0.0,0.0,0.0,0.0,0.0,0.0,0.0,0.0,0.0,0.0,0.0,0.0,0.0,0.0,0.0,0.0,0.0,0.0,0.0,0.0,0.0,0.0,0.0,0.0,0.0,0.0,0.0,0.0,0.0,0.0,0.0,0.0,0.0,0.0,0.0,0.0
0.0,0.0,0.0,0.0,0.0,0.0,0.0,0.0,0.0,0.0,0.0,0.0,0.0,0.0,0.0,0.0,0.0,0.0,0.0,0.0,0.0,0.0,0.0,0.0,0.0,0.0,0.0,0.0,0.0,0.0,0.0,0.0,0.0,0.0,0.0,0.0,0.0
0.0,0.0,0.0,0.0,0.0,0.0,0.0,0.0,0.0,0.0,0.0,0.0,0.0,0.0,0.0,0.0,0.0,0.0,0.0,0.0,0.0,0.0,0.0,0.0,0.0,0.0,0.0,0.0,0.0,0.0,0.0,0.0,0.0,0.0,0.0,0.0,0.0
0.0,0.0,0.0,0.0,0.0,0.0,0.0,0.0,0.0,0.0,0.0,0.0,0.0,0.0,0.0,0.0,0.0,0.0,0.0,0.0,0.0,0.0,0.0,0.0,0.0,0.0,0.0,0.0,0.0,0.0,0.0,0.0,0.0,0.0,0.0,0.0,0.0
0.0,0.0,0.0,0.0,0.0,0.0,0.0,0.0,0.0,0.0,0.0,0.0,0.0,5.601986553519954,0.0,0.0,0.0,0.0,0.0,0.0,0.0,0.0,0.0,0.0,0.0,0.0,0.0,0.0,0.0,0.0,0.0,0.0,0.0,0.0,0.0,0.0,0.0
0.0,0.0,0.0,0.0,0.0,0.0,0.0,0.0,0.0,0.0,0.0,0.0,0.0,2.3432476539164324,0.0,0.0,0.0,0.0,0.0,0.0,0.0,0.0,0.0,0.0,0.0,0.0,0.0,0.0,0.0,0.0,0.0,0.0,0.0,0.0,0.0,0.0,0.0
0.0,0.0,0.0,0.0,0.0,0.0,0.0,0.0,0.0,0.0,0.0,0.0,0.0,1.3517699064685789,0.0,0.0,0.0,0.0,0.0,0.0,0.0,0.0,0.0,0.0,0.0,0.0,0.0,0.0,0.0,0.0,0.0,0.0,0.0,0.0,0.0,0.0,0.0
0.0,0.0,0.0,0.0,3.488016325980237,0.0,0.0,0.0,0.0,0.0,1.6970720474607703,0.0,0.0,0.0,0.0025225773453712,0.0096196252852674,7.280594325065556,0.0,0.0,0.0,0.0,20.949531364440777,0.0,0.0,0.0,0.0,0.0,0.0,0.0,0.585129091888653,0.0,0.6746263802051465,0.0,0.0,0.0,0.0,0.0
0.0,0.0,0.0,0.0632699877023656,12.790143366902866,0.415084530599405,0.0,0.0,0.0,0.0,2.249589022295376,0.0,0.0,19.743224757257828,0.0623110078275188,0.101699577644466,0.0,0.0,0.0,0.0,0.0,181.93116378784177,0.0,0.0,0.0,0.0,0.0,0.0,6.354932297766209,0.6843956977128698,0.0,1.851013138890208,1.3749929564073613,0.0,0.0,0.0,0.0
0.0,0.0,0.0,0.2217318769544304,57.668865561485134,1.7447830908931432,10.482258637249366,0.0,0.0,0.0,7.106472378875874,0.0,0.0,89.59393244236702,1.079276845604181,0.4539195559918877,5.872560060024204,0.0,0.0,0.0,0.0,685.3407409667968,0.0,0.0,0.0,18.711115464568092,0.0,0.0,75.72172141596674,3.9025866657495207,0.0,25.91361880302426,9.4684939160943,0.0,0.0,0.0,0.0
0.0,0.0,0.0,2.164682663977145,171.80344223976118,22.265989944338788,80.52414950132356,0.0,0.0,0.0,87.70519638955574,0.0,0.0,290.250216126442,4.606575617194175,1.1239727586507795,77.64902955293655,0.0,0.0,0.0,0.0,1575.713656616211,0.0,0.0,0.0,65.09217276573179,1.604722494632003,0.0,320.343927824497,22.84903725571929,0.0,0.0,39.79238317906856,0.0,0.0,0.0,0.0
0.0,0.0,0.0,6.650947093963621,375.897887468338,117.96631218492983,247.2464220762252,0.0,0.0,0.0,327.3705589100718,0.0,0.0,586.817210316658,12.23188078701496,1.9059397727251048,268.7222516655922,0.0,0.0,0.0,0.0,2428.9799713134767,0.0,0.0,0.0,152.30574473142616,4.654439795017238,0.0,728.1782549202441,92.5294923186302,0.0,350.1955802440644,74.9431765973568,0.0,0.0,0.0,0.0
0.0,0.0,0.0,14.004290044307709,703.7967926263809,215.9585335701704,482.65000415146346,0.0,0.0,0.0,780.7172300249337,0.0,0.0,915.4207760095596,19.62976904511452,0.0,549.583444046974,0.0,0.0,0.0,0.0,2958.311328125,0.0,0.0,0.0,281.0656049489975,9.129181230068204,0.0,1245.379252898693,215.66985010504723,0.0,444.9122807979584,117.70714351534842,0.0,0.0,0.0,0.0
0.0,0.0,0.0,22.82294756174087,1000.7360537052156,241.3393911123276,730.2152030497788,0.0,0.0,0.0,1105.4313286751508,0.0,0.0,1053.6505080759523,24.469381016492843,4.60529202222824,776.3029457688332,0.0,0.0,0.0,0.0,3100.7490814208986,0.0,0.0,0.0,348.8572487831115,17.301262807846065,0.0,1571.0759097099303,284.47528847455976,0.0,469.78639817237854,131.65009298920629,0.0,0.0,0.0,0.0
0.0,0.0,0.0,31.131019830703732,1246.488562822342,255.759555965662,1001.1835256457327,0.0,0.0,0.0,1400.9378924071789,0.0,0.0,798.3175618946552,27.145984643697737,5.7911596596241,945.5334656238556,0.0,0.0,0.0,0.0,3117.651693725586,0.0,0.0,0.0,406.981245470047,31.48145700097084,0.0,1827.75179977417,320.04080905914304,0.0,485.1029870510101,140.89957541227338,0.0,0.0,0.0,0.0
0.0,0.0,0.0,36.48019802570343,1405.111980676651,259.4173118174076,0.0,0.0,0.0,0.0,1545.756560575962,0.0,0.0,789.7994713485241,27.98012246489525,6.442636311054229,1043.3069972753524,0.0,0.0,0.0,0.0,3056.8471588134767,0.0,0.0,0.0,452.6137652873993,41.37889393568039,0.0,0.0,338.0420829951763,0.0,483.0874953269959,146.46658232808113,0.0,0.0,0.0,0.0
0.0,0.0,0.0,0.0,0.0,0.0,0.0,0.0,0.0,0.0,0.0,0.0,0.0,0.0,0.0,6.516281366348267,1068.0114257574082,0.0,0.0,0.0,0.0,2954.948568725586,0.0,0.0,0.0,0.0,0.0,0.0,0.0,0.0,0.0,0.0,0.0,0.0,0.0,0.0,0.0
0.0,0.0,0.0,0.0,0.0,0.0,0.0,0.0,0.0,0.0,0.0,0.0,0.0,0.0,0.0,0.0,0.0,0.0,0.0,0.0,0.0,0.0,0.0,0.0,0.0,0.0,0.0,0.0,0.0,0.0,0.0,0.0,0.0,0.0,0.0,0.0,0.0
0.0,0.0,0.0,0.0,0.0,0.0,0.0,0.0,0.0,0.0,0.0,0.0,0.0,0.0,0.0,0.0,0.0,0.0,0.0,0.0,0.0,0.0,0.0,0.0,0.0,0.0,0.0,0.0,0.0,0.0,0.0,0.0,0.0,0.0,0.0,0.0,0.0
0.0,0.0,0.0,0.0,0.0,0.0,0.0,0.0,0.0,0.0,0.0,0.0,0.0,0.0,0.0,0.0,0.0,0.0,0.0,0.0,0.0,0.0,0.0,0.0,0.0,0.0,0.0,0.0,0.0,0.0,0.0,0.0,0.0,0.0,0.0,0.0,0.0
0.0,0.0,0.0,0.0,0.0,0.0,0.0,0.0,0.0,0.0,0.0,0.0,0.0,0.0,0.0,0.0,0.0,0.0,0.0,0.0,0.0,0.0,0.0,0.0,0.0,0.0,0.0,0.0,0.0,0.0,0.0,0.0,0.0,0.0,0.0,0.0,0.0
0.0,0.0,0.0,0.0,0.0,0.0,0.0,0.0,0.0,0.0,0.0,0.0,0.0,0.0,0.0,0.0,0.0,0.0,0.0,0.0,0.0,0.0,0.0,0.0,0.0,0.0,0.0,0.0,0.0,0.0,0.0,0.0,0.0,0.0,0.0,0.0,0.0
0.0,0.0,0.0,0.0,0.0,0.0,0.0,0.0,0.0,0.0,0.0,0.0,0.0,0.0,0.0,0.0,0.0,0.0,0.0,0.0,0.0,0.0,0.0,0.0,0.0,0.0,0.0,0.0,0.0,0.0,0.0,0.0,0.0,0.0,0.0,0.0,0.0
0.0,0.0,0.0,0.0,0.0,0.0,0.0,0.0,0.0,0.0,0.0,0.0,0.0,0.0,0.0,0.0,0.0,0.0,0.0,0.0,0.0,0.0,0.0,0.0,0.0,0.0,0.0,0.0,0.0,0.0,0.0,0.0,0.0,0.0,0.0,0.0,0.0
0.0,0.0,0.0,0.0,0.0,0.0,0.0,0.0,0.0,0.0,0.0,0.0,0.0,0.0,0.0,0.0,0.0,0.0,0.0,0.0,0.0,0.0,0.0,0.0,0.0,0.0,0.0,0.0,0.0,0.0,0.0,0.0,0.0,0.0,0.0,0.0,0.0
0.0,0.0,0.0,0.0,0.0,0.0,0.0,0.0,0.0,0.0,0.0,0.0,0.0,0.0,0.0,0.0,0.0,0.0,0.0,0.0,0.0,0.0,0.0,0.0,0.0,0.0,0.0,0.0,0.0,0.0,0.0,0.0,0.0,0.0,0.0,0.0,0.0
0.0,0.0,0.0,0.0,0.0,0.0,0.0,0.0,0.0,0.0,0.0,0.0,0.0,0.0,0.0,0.0,0.0,0.0,0.0,0.0,0.0,0.0,0.0,0.0,0.0,0.0,0.0,0.0,0.0,0.0,0.0,0.0,0.0,0.0,0.0,0.0,0.0
0.0,0.0,0.0,0.0,0.0,0.0,0.0,0.0,0.0,0.0,0.0,0.0,0.0,0.0,0.0,0.0,0.0,0.0,0.0,0.0,0.0,0.0,0.0,0.0,0.0,0.0,0.0,0.0,0.0,0.0,0.0,0.0,0.0,0.0,0.0,0.0,0.0
0.0,0.0,0.0,0.0,1.4382130429148168,0.0,3.68221908733245,0.0,0.0,0.0,0.0,0.0,0.0,6.323965014889747,0.0,0.0,0.0,0.0,0.0,0.0,0.0,33.220867586135675,0.0,0.0,0.0,2.4506881490349093,0.7890163715928724,0.0,0.0,0.0,0.0,0.0,0.0,0.0,0.0,0.0,0.0
0.0,0.0,0.0,0.0,1.5438926517962277,0.7151231719180592,2.8210978105663327,0.0,0.0,0.0,1.976453467504963,0.0,0.0,9.907535042148067,0.0,0.0,0.0,0.0,0.0,0.0,0.0,32.40344676971422,0.0,0.0,0.0,0.0,0.0,0.0,0.0,0.0,0.0,0.0,0.4229762470349393,0.0,0.0,0.0,0.0
0.0,0.0,0.0,0.0,1.8489911369978376,0.4780478514730703,0.0,0.0,0.0,0.0,1.882398895081032,0.0,0.0,4.65396624524146,0.0,0.0,0.0,0.0,0.0,0.0,0.0,6.800558567046784,0.0,0.0,0.0,0.0,0.5289146689698021,0.0,0.0,0.5160205788910316,0.0,0.3960161358117482,0.0,0.0,0.0,0.0,0.0
0.0,0.0,0.0,0.0359550192952115,3.243510294705424,0.0,0.0,0.0,0.0,0.0,1.594400405976797,0.0,0.0,0.0,0.0,0.0,5.515817189216504,0.0,0.0,0.0,0.0,0.0,0.0,0.0,0.0,0.0,0.0,0.0,0.0,0.5092842854559053,0.0,0.4745663106441362,0.0,0.0,0.0,0.0,0.0
0.0,0.0,0.0,0.049501176923513,13.685818746685973,0.3043454498983706,0.0,0.0,0.0,0.0,2.293127841781794,0.0,0.0,15.00365384388711,0.0,0.0094010783359402,0.0,0.0,0.0,0.0,0.0,77.78329887390133,0.0,0.0,0.0,0.0,0.3009024556726196,0.0,0.0,0.6598697319626681,0.0,2.194655016064636,1.1127737648784966,0.0,0.0,0.0,0.0
0.0,0.0,0.0,0.3947648443281594,119.20620468258852,2.2255675559863106,14.165684697404403,0.0,0.0,0.0,7.321382060041602,0.0,0.0,43.53583554737263,0.0,0.2687030322849743,10.21402457952486,0.0,0.0,0.0,0.0,563.7574398040769,0.0,0.0,0.0,36.38261478841302,4.07208059802651,0.0,60.689476796239504,2.1663568228482992,0.0,34.16438330709932,6.820557098835705,0.0,0.0,0.0,0.0
0.0,0.0,0.0,3.294673964381214,365.7379831671715,0.0,154.5247072279452,0.0,0.0,0.0,94.1880379293114,0.0,0.0,94.48776246979824,0.0,0.7277109511196603,116.7113014101982,0.0,0.0,0.0,0.0,1532.0662292480467,0.0,0.0,0.0,222.61454769372932,13.932840433716771,0.0,535.6348943293092,13.147724726051086,0.0,0.0,29.19719110429284,0.0,0.0,0.0,0.0
0.0,0.0,0.0,9.580438941717144,815.7220021486282,0.0,523.9231254696846,0.0,0.0,0.0,382.38160569518806,0.0,0.0,187.25361566990608,0.0,1.28182615339756,362.48121563196185,0.0,0.0,0.0,0.0,2420.987680053711,0.0,0.0,0.0,547.65117893219,34.67967925667763,0.0,1369.136056125164,59.613303223252274,0.0,0.0,84.75055164098738,0.0,0.0,0.0,0.0
0.0,0.0,0.0,20.37097465991974,1330.5457918643951,262.40818724036217,959.6611219406128,0.0,0.0,0.0,880.1493536353111,0.0,0.0,340.9398790821433,0.0,1.766560599207877,732.2999598145485,0.0,0.0,0.0,0.0,3055.045050048828,0.0,0.0,0.0,743.9152987480163,57.82573935985565,0.0,1998.5370930194852,179.90903558731077,0.0,0.0,143.237668544054,0.0,0.0,0.0,0.0
0.0,0.0,0.0,33.829638838768005,1643.478197336197,0.0,1244.7072582125663,0.0,0.0,0.0,1242.1650352418424,0.0,0.0,405.5780313909053,0.0,2.944934368133545,998.4778215527534,0.0,0.0,0.0,0.0,3355.179406738281,0.0,0.0,0.0,783.4985506534576,71.38872491121292,0.0,2259.1194573521616,275.9242493033409,0.0,0.0,163.0153505206108,0.0,0.0,0.0,0.0
0.0,0.0,0.0,45.94034790992737,1813.0580835342407,0.0,0.0,0.0,0.0,0.0,1558.865032929182,0.0,0.0,457.7046521008014,0.0,4.003132522106171,1182.6954642534256,0.0,0.0,0.0,0.0,3489.123483276367,0.0,0.0,0.0,790.982572889328,78.22747638225556,0.0,0.0,319.8584488093853,0.0,0.0,173.3215805888176,0.0,0.0,0.0,0.0
0.0,0.0,0.0,53.05133891105652,1852.6816504001615,0.0,0.0,0.0,0.0,0.0,1697.433318054676,0.0,0.0,502.71014802157873,0.0,4.835106700658798,1271.865370297432,0.0,0.0,0.0,0.0,3460.1476928710936,0.0,0.0,0.0,771.445236158371,79.55017712116242,0.0,0.0,337.28705579638483,0.0,0.0,173.9867730140686,0.0,0.0,0.0,0.0
0.0,0.0,0.0,54.60088658332825,0.0,0.0,0.0,0.0,0.0,0.0,0.0,0.0,0.0,521.1364664137363,0.0,5.145265102386474,1258.6702353477478,0.0,0.0,0.0,0.0,3298.4413635253904,0.0,0.0,0.0,730.852741098404,76.35824702978134,0.0,0.0,335.04903652668,0.0,512.8629857301712,0.0,0.0,0.0,0.0,0.0
0.0,0.0,0.0,0.0,0.0,0.0,0.0,0.0,0.0,0.0,0.0,0.0,0.0,0.0,0.0,0.0,1247.0797998189926,0.0,0.0,0.0,0.0,0.0,0.0,0.0,0.0,0.0,0.0,0.0,0.0,0.0,0.0,0.0,0.0,0.0,0.0,0.0,0.0
0.0,0.0,0.0,0.0,1390.792052745819,229.14554980397224,0.0,0.0,0.0,0.0,0.0,0.0,0.0,0.0,0.0,0.0,1146.4150636196136,0.0,0.0,0.0,0.0,0.0,0.0,0.0,0.0,0.0,0.0,0.0,0.0,0.0,0.0,0.0,0.0,0.0,0.0,0.0,0.0
0.0,0.0,0.0,0.0,0.0,0.0,0.0,0.0,0.0,0.0,0.0,0.0,0.0,0.0,0.0,0.0,999.0032221078872,0.0,0.0,0.0,0.0,0.0,0.0,0.0,0.0,0.0,0.0,0.0,0.0,0.0,0.0,0.0,0.0,0.0,0.0,0.0,0.0
0.0,0.0,0.0,0.0,0.0,0.0,0.0,0.0,0.0,0.0,0.0,0.0,0.0,0.0,0.0,0.0,0.0,0.0,0.0,0.0,0.0,0.0,0.0,0.0,0.0,0.0,0.0,0.0,0.0,0.0,0.0,0.0,0.0,0.0,0.0,0.0,0.0
0.0,0.0,0.0,0.0,0.0,0.0,0.0,0.0,0.0,0.0,0.0,0.0,0.0,0.0,0.0,0.0,0.0,0.0,0.0,0.0,0.0,0.0,0.0,0.0,0.0,0.0,0.0,0.0,0.0,0.0,0.0,0.0,0.0,0.0,0.0,0.0,0.0
0.0,0.0,0.0,0.0,0.0,0.0,0.0,0.0,0.0,0.0,0.0,0.0,0.0,0.0,0.0,0.0,0.0,0.0,0.0,0.0,0.0,0.0,0.0,0.0,0.0,0.0,0.0,0.0,0.0,0.0,0.0,0.0,0.0,0.0,0.0,0.0,0.0
0.0,0.0,0.0,0.0,0.0,0.0,0.0,0.0,0.0,0.0,0.0,0.0,0.0,0.0,0.0,0.0,0.0,0.0,0.0,0.0,0.0,0.0,0.0,0.0,0.0,0.0,0.0,0.0,0.0,0.0,0.0,0.0,0.0,0.0,0.0,0.0,0.0
0.0,0.0,0.0,0.0,0.0,0.0,0.0,0.0,0.0,0.0,0.0,0.0,0.0,0.0,0.0,0.0,0.0,0.0,0.0,0.0,0.0,0.0,0.0,0.0,0.0,0.0,0.0,0.0,0.0,0.0,0.0,0.0,0.0,0.0,0.0,0.0,0.0
0.0,0.0,0.0,0.0,0.0,0.0,0.0,0.0,0.0,0.0,0.0,0.0,0.0,0.0,0.0,0.0,0.0,0.0,0.0,0.0,0.0,0.0,0.0,0.0,0.0,0.0,0.0,0.0,0.0,0.0,0.0,0.0,0.0,0.0,0.0,0.0,0.0
0.0,0.0,0.0,0.0,0.0,0.0,0.0,0.0,0.0,0.0,0.0,0.0,0.0,0.0,0.0,0.0,0.0,0.0,0.0,0.0,0.0,0.0,0.0,0.0,0.0,0.0,0.0,0.0,0.0,0.0,0.0,0.0,0.0,0.0,0.0,0.0,0.0
0.0,0.0,0.0,0.0,0.0,0.0,0.0,0.0,0.0,0.0,0.0,0.0,0.0,0.0,0.0,0.0,0.0,0.0,0.0,0.0,0.0,0.0,0.0,0.0,0.0,0.0,0.0,0.0,0.0,0.0,0.0,0.0,0.0,0.0,0.0,0.0,0.0
0.0,0.0,0.0,0.0,0.0,0.0,0.0,0.0,0.0,0.0,0.0,0.0,0.0,0.0,0.0,0.0,0.0,0.0,0.0,0.0,0.0,11.07925128936747,0.0,0.0,0.0,0.0,0.0,0.0,0.0,0.0,0.0,0.0,0.6318252356722812,0.0,0.0,0.0,0.0
0.0,0.0,0.0,0.0,0.0,0.0,0.0,0.0,0.0,0.0,0.0,0.0,0.0,0.0,0.0,0.0,0.0,0.0,0.0,0.0,0.0,17.80858106613126,0.0,0.0,0.0,0.0,0.0,0.0,0.0,0.0,0.0,0.0,0.3417125046252968,0.0,0.0,0.0,0.0
0.0,0.0,0.0,0.0,0.0,0.3347238986752895,0.0,0.0,0.0,0.0,1.907339975330823,0.0,0.0,0.6609178287908333,0.0355472624301888,0.0,0.0,0.0,0.0,0.0,0.0,7.398712348937866,0.0,0.0,0.0,0.0,0.0,0.0,0.0,0.4717572733759846,0.0,0.4391911476850002,0.0,0.0,0.0,0.0,0.0
0.0,0.0,0.0,0.0460705514997196,4.188159007578928,0.0,1.9011578582226272,0.0,0.0,0.0,1.6197186750358463,0.0,0.0,0.0,0.0,0.0,2.4411238670347486,0.0,0.0,0.0,0.0,0.0,0.0,0.0,0.0,0.0,0.0,0.0,0.0,0.4658527657389601,0.0,0.6135776489972569,0.0,0.0,0.0,0.0,0.0
0.0,0.0,0.0,0.0734985210001468,14.522662473842436,0.4455191171727828,4.154882111027795,0.0,0.0,0.0,2.339655564725296,0.0,0.0,9.036132867913622,0.0,0.0548772588372228,0.0,0.0,0.0,0.0,0.0,10.558861827850132,0.0,0.0,0.0,0.0,6.498245145380491,0.0,1.4389504015443977,0.6546857148408586,0.0,1.5945959091186166,1.2859240984543914,0.0,0.0,0.0,0.0
0.0,0.0,0.0,0.415541628375649,62.57658828794942,1.472965127788482,39.547320178151054,0.0,0.0,0.0,7.582260038051537,0.0,0.0,50.56357549503434,0.9267941582947956,0.2387766893953076,6.479960608482204,0.0,0.0,0.0,0.0,150.54116554260227,0.0,0.0,0.0,26.206890535354585,14.50031756460666,0.0,56.17658715471611,3.348921921849214,0.0,27.093638613820048,6.023458411917066,0.0,0.0,0.0,0.0
0.0,0.0,0.0,2.897136695682997,188.21914741396895,17.67284034565087,138.1394335091114,0.0,0.0,0.0,86.10435622632488,0.0,0.0,167.68806025385854,4.743804766237735,0.5706892721354955,71.08081783056251,0.0,0.0,0.0,0.0,462.1055023193358,0.0,0.0,0.0,109.79079812169076,34.236181175708765,0.0,363.01755277514457,20.106465214490857,0.0,141.34684365987775,19.646766260266293,0.0,0.0,0.0,0.0
0.0,0.0,0.0,8.58657625317573,405.0143952965736,96.22662364691494,306.5296631932258,0.0,0.0,0.0,340.06366586089126,0.0,0.0,382.3308677971363,12.871834024786947,0.9288970082998268,236.7944082260131,0.0,0.0,0.0,0.0,966.3874794006344,0.0,0.0,0.0,281.4665135622024,55.94735563993454,0.0,834.5540829837322,84.1782047495246,0.0,341.1702176332474,62.65658926963805,0.0,0.0,0.0,0.0
0.0,0.0,0.0,19.11402463912964,691.792427778244,217.2555678337812,537.4244481265544,0.0,0.0,0.0,811.3287549287081,0.0,0.0,653.7805205583572,22.179236447811128,1.341007180511951,509.0087380826473,0.0,0.0,0.0,0.0,1578.6456481933592,0.0,0.0,0.0,441.3992795228958,73.77113733291625,0.0,1387.642838561535,209.2730424284935,0.0,456.7528371810913,115.5522057712078,0.0,0.0,0.0,0.0
0.0,0.0,0.0,31.692039251327515,937.8964428901672,243.00188159942627,737.5229078352452,0.0,0.0,0.0,1140.758510452509,0.0,0.0,791.7815448343754,27.24692121148109,1.8728600144386287,733.8005351781845,0.0,0.0,0.0,0.0,1965.6916229248047,0.0,0.0,0.0,488.6304002285004,80.8312910437584,0.0,1717.2176948666572,284.4784984648228,0.0,488.0689210891724,137.10035198926926,0.0,0.0,0.0,0.0
0.0,0.0,0.0,42.80349576473236,1134.542669057846,260.00906240940094,916.710115736723,0.0,0.0,0.0,1419.165147471428,0.0,0.0,883.6803774535656,29.73866066336632,2.213853403925895,904.3351490974424,0.0,0.0,0.0,0.0,2173.035168457031,0.0,0.0,0.0,526.4536810874939,83.5612884759903,0.0,1909.294835841656,320.76837561130526,0.0,500.7102200984955,150.9784744977951,0.0,0.0,0.0,0.0
0.0,0.0,0.0,50.12511479854584,1269.182455778122,265.4664479792118,1037.7490222990514,0.0,0.0,0.0,1522.2385586082935,0.0,0.0,924.0900030732156,30.17969693541527,2.498161494731903,998.4020113945006,0.0,0.0,0.0,0.0,2234.947857666016,0.0,0.0,0.0,544.2366994380951,82.23359497785569,0.0,2023.5301087379453,338.1540109038353,0.0,494.9636825323105,156.2455431818962,0.0,0.0,0.0,0.0
0.0,0.0,0.0,0.0,0.0,262.1859381198883,0.0,0.0,0.0,0.0,1503.20613681674,0.0,0.0,0.0,0.0,2.670753702521324,1011.3351508498192,0.0,0.0,0.0,0.0,2224.185723876953,0.0,0.0,0.0,0.0,0.0,0.0,0.0,0.0,0.0,478.93067371845245,153.25950348377228,0.0,0.0,0.0,0.0
0.0,0.0,0.0,0.0,0.0,0.0,0.0,0.0,0.0,0.0,0.0,0.0,0.0,0.0,0.0,0.0,1034.7590188980105,0.0,0.0,0.0,0.0,1678.715512084961,0.0,0.0,0.0,0.0,0.0,0.0,0.0,0.0,0.0,0.0,138.81324562430382,0.0,0.0,0.0,0.0
0.0,0.0,0.0,0.0,0.0,0.0,0.0,0.0,0.0,0.0,0.0,0.0,0.0,0.0,0.0,0.0,933.2023335933684,0.0,0.0,0.0,0.0,964.8093780517576,0.0,0.0,0.0,0.0,0.0,0.0,0.0,0.0,0.0,0.0,0.0,0.0,0.0,0.0,0.0
0.0,0.0,0.0,0.0,0.0,0.0,0.0,0.0,0.0,0.0,0.0,0.0,0.0,0.0,0.0,0.0,0.0,0.0,0.0,0.0,0.0,0.0,0.0,0.0,0.0,0.0,0.0,0.0,0.0,0.0,0.0,0.0,0.0,0.0,0.0,0.0,0.0
0.0,0.0,0.0,0.0,0.0,0.0,0.0,0.0,0.0,0.0,0.0,0.0,0.0,0.0,0.0,0.0,0.0,0.0,0.0,0.0,0.0,0.0,0.0,0.0,0.0,0.0,0.0,0.0,0.0,0.0,0.0,0.0,0.0,0.0,0.0,0.0,0.0
0.0,0.0,0.0,0.0,0.0,0.0,0.0,0.0,0.0,0.0,0.0,0.0,0.0,0.0,0.0,0.0,0.0,0.0,0.0,0.0,0.0,0.0,0.0,0.0,0.0,0.0,0.0,0.0,0.0,0.0,0.0,0.0,0.0,0.0,0.0,0.0,0.0
0.0,0.0,0.0,0.0,0.0,0.0,0.0,0.0,0.0,0.0,0.0,0.0,0.0,0.0,0.0,0.0,0.0,0.0,0.0,0.0,0.0,0.0,0.0,0.0,0.0,0.0,0.0,0.0,0.0,0.0,0.0,0.0,0.0,0.0,0.0,0.0,0.0
0.0,0.0,0.0,0.0,0.0,0.0,0.0,0.0,0.0,0.0,0.0,0.0,0.0,0.0,0.0,0.0,0.0,0.0,0.0,0.0,0.0,0.0,0.0,0.0,0.0,0.0,0.0,0.0,0.0,0.0,0.0,0.0,0.0,0.0,0.0,0.0,0.0
0.0,0.0,0.0,0.0,0.0,0.0,0.0,0.0,0.0,0.0,0.0,0.0,0.0,0.0,0.0,0.0,0.0,0.0,0.0,0.0,0.0,0.0,0.0,0.0,0.0,0.0,0.0,0.0,0.0,0.0,0.0,0.0,0.0,0.0,0.0,0.0,0.0
0.0,0.0,0.0,0.0,0.0,0.0,0.0,0.0,0.0,0.0,0.0,0.0,0.0,0.0,0.0,0.0,0.0,0.0,0.0,0.0,0.0,0.0,0.0,0.0,0.0,0.0,0.0,0.0,0.0,0.0,0.0,0.0,0.0,0.0,0.0,0.0,0.0
0.0,0.0,0.0,0.0,0.0,0.0,0.0,0.0,0.0,0.0,0.0,0.0,0.0,0.0,0.0,0.0,0.0,0.0,0.0,0.0,0.0,0.0,0.0,0.0,0.0,0.0,0.0,0.0,0.0,0.0,0.0,0.0,0.0,0.0,0.0,0.0,0.0
0.0,0.0,0.0,0.0,0.0,0.0,0.0,0.0,0.0,0.0,0.0,0.0,0.0,0.0,0.0,0.0,0.0,0.0,0.0,0.0,0.0,0.0,0.0,0.0,0.0,0.0,0.0,0.0,0.0,0.0,0.0,0.0,0.0,0.0,0.0,0.0,0.0
0.0,0.0,0.0,0.0,0.0,0.0,0.0,0.0,0.0,0.0,0.0,0.0,0.0,0.0,0.0,0.0,0.0,0.0,0.0,0.0,0.0,0.0,0.0,0.0,0.0,0.0,0.0,0.0,0.0,0.0,0.0,0.0,0.0,0.0,0.0,0.0,0.0
0.0,0.0,0.0,0.0,0.0,0.7365511767566142,0.0,0.0,0.0,0.0,2.097165541164355,0.0,0.0,3.966346303932272,0.0,0.0,0.0,0.0,0.0,0.0,0.0,0.0,0.0,0.0,0.0,0.0,0.0,0.0,0.0,0.0,0.0,0.0,0.3125620912760474,0.0,0.0,0.0,0.0
0.0,0.0,0.0,0.0,2.2184322774409475,0.5179426963440692,0.0,0.0,0.0,0.0,1.9801723796406585,0.0,0.0,1.8291530339046735,0.0,0.0,0.9739490985869252,0.0,0.0,0.0,0.0,0.0,0.0,0.0,0.0,0.0,0.9028796698898038,0.0,0.0,0.5660829544067235,0.0,0.0,0.0,0.0,0.0,0.0,0.0
0.0,0.0,0.0,0.0358446743339253,3.35578379407506,0.0,0.0,0.0,0.0,0.0,1.713856949470817,0.0,0.0,0.440483852289481,0.0,0.0,5.284648299217087,0.0,0.0,0.0,0.0,0.0,0.0,0.0,0.0,0.0,0.0282543785870069,0.0,0.0,0.5107194088399071,0.0,0.0,0.0,0.0,0.0,0.0,0.0
0.0,0.0,0.0,0.0547643024474362,12.80373316630712,0.3572401450946876,0.0,0.0,0.0,0.0,2.3599019157234378,0.0,0.0,11.100247420836125,0.0,0.0,0.0,0.0,0.0,0.0,0.0,22.933327865600194,0.0,0.0,0.0,0.0,1.4795023884624183,0.0,3.145765021443192,0.630432129651288,0.0,0.0,1.8463034518063048,0.0,0.0,0.0,0.0
0.0,0.0,0.0,0.2525144834071364,117.85977402329436,1.4445801945402983,23.537361175008066,0.0,0.0,0.0,18.27366835912672,0.0,0.0,44.28682926110915,0.0,0.0,7.386802089214317,0.0,0.0,0.0,0.0,283.2187582015988,0.0,0.0,0.0,48.7737568348646,5.905832752585408,0.0,94.93268318548796,2.510224100947346,0.0,0.0,11.340716365724775,0.0,0.0,0.0,0.0
0.0,0.0,0.0,2.749918617308136,356.0155695080756,18.637874849140637,182.06553775668144,0.0,0.0,0.0,137.0676924239843,0.0,0.0,0.0,0.0,1.3241612315177909,86.4347343683242,0.0,0.0,0.0,0.0,839.8839935302732,0.0,0.0,0.0,223.0590222120284,17.15022598803043,0.0,637.0724544763565,15.36104522943495,0.0,173.359809756279,44.57197473943233,0.0,0.0,0.0,0.0
0.0,0.0,0.0,8.309610515832896,770.4513849020004,99.1389360949397,518.9771435052156,0.0,0.0,0.0,436.25118590593337,0.0,0.0,414.8640502244234,0.0,2.142230734229087,282.43488134145736,0.0,0.0,0.0,0.0,1697.9982116699218,0.0,0.0,0.0,475.22308378219606,39.28897350430488,0.0,1230.4382336974145,67.07592138946056,0.0,354.4717812538147,96.35369649529456,0.0,0.0,0.0,0.0
0.0,0.0,0.0,18.13620960712433,1233.8898413181305,200.374441742897,910.3451870560646,0.0,0.0,0.0,920.7841668128966,0.0,0.0,698.8246200233697,26.600584906339645,2.99031077325344,554.5541267514228,0.0,0.0,0.0,0.0,2458.260232543945,0.0,0.0,0.0,639.3840439796447,59.51484892368317,0.0,1748.6168320059776,177.5933204948902,0.0,446.6481441259384,148.7311862707138,0.0,0.0,0.0,0.0
0.0,0.0,0.0,30.98572063446045,1498.972153186798,227.9730133712292,1158.1557244300843,0.0,0.0,0.0,1279.823023480177,0.0,0.0,845.1966498792171,29.949916970729827,4.104989081621169,769.12402408123,0.0,0.0,0.0,0.0,2654.769396972656,0.0,0.0,0.0,681.9009757518768,70.87610960006714,0.0,1993.2376148581504,253.70910165309903,0.0,475.1864233016968,163.24961477518082,0.0,0.0,0.0,0.0
0.0,0.0,0.0,42.52074658870697,1635.5843842029572,244.89061322808263,1286.7432770192622,0.0,0.0,0.0,1538.2479095697404,0.0,0.0,912.0922218263148,31.213046711683276,5.041602343320846,929.4400170087814,0.0,0.0,0.0,0.0,2661.0359008789064,0.0,0.0,0.0,691.5524993419647,77.14100983142853,0.0,2106.06276191473,294.26833614110944,0.0,490.9342420101166,170.80330097675323,0.0,0.0,0.0,0.0
0.0,0.0,0.0,49.23405134677887,1660.9417517185211,250.4003475010395,1318.9585942924025,0.0,0.0,0.0,1631.1089803159236,0.0,0.0,904.3744264543056,30.49694019556045,5.517008632421493,1006.9196534514429,0.0,0.0,0.0,0.0,2563.4968658447265,0.0,0.0,0.0,653.8630520820618,77.98365062475204,0.0,2103.781144690513,315.0282101035118,0.0,490.5010386705399,170.3946396112442,0.0,0.0,0.0,0.0
0.0,0.0,0.0,50.244357109069824,1587.8196761608124,244.92550349235532,1260.7118311703205,0.0,0.0,0.0,1574.935005337,0.0,0.0,850.4770502448082,28.153921401500703,5.467210680246352,1001.3294356703758,0.0,0.0,0.0,0.0,2377.443734741211,0.0,0.0,0.0,608.3771785736084,74.63350332975388,0.0,2043.007972598076,321.09277207255366,0.0,478.1302181482315,163.9936928153038,0.0,0.0,0.0,0.0
0.0,0.0,0.0,43.213284730911255,1383.3066272735596,0.0,1114.1221826016904,0.0,0.0,0.0,1408.0472827017306,0.0,0.0,688.1513318419456,24.397604459524157,4.275103867053985,1021.0891052126884,0.0,0.0,0.0,0.0,2049.7980895996093,0.0,0.0,0.0,543.6415544509888,0.0,0.0,1840.2283582091327,0.0,0.0,0.0,151.3745442032814,0.0,0.0,0.0,0.0
0.0,0.0,0.0,0.0,0.0,0.0,0.0,0.0,0.0,0.0,0.0,0.0,0.0,0.0,0.0,0.0,925.0738544344902,0.0,0.0,0.0,0.0,1608.849914550781,0.0,0.0,0.0,0.0,0.0,0.0,0.0,0.0,0.0,0.0,0.0,0.0,0.0,0.0,0.0
0.0,0.0,0.0,0.0,0.0,0.0,0.0,0.0,0.0,0.0,0.0,0.0,0.0,0.0,0.0,0.0,790.0715903878212,0.0,0.0,0.0,0.0,0.0,0.0,0.0,0.0,0.0,0.0,0.0,0.0,0.0,0.0,0.0,0.0,0.0,0.0,0.0,0.0
0.0,0.0,0.0,0.0,0.0,0.0,0.0,0.0,0.0,0.0,0.0,0.0,0.0,0.0,0.0,0.0,0.0,0.0,0.0,0.0,0.0,0.0,0.0,0.0,0.0,0.0,0.0,0.0,0.0,0.0,0.0,0.0,0.0,0.0,0.0,0.0,0.0
0.0,0.0,0.0,0.0,0.0,0.0,0.0,0.0,0.0,0.0,0.0,0.0,0.0,0.0,0.0,0.0,0.0,0.0,0.0,0.0,0.0,0.0,0.0,0.0,0.0,0.0,0.0,0.0,0.0,0.0,0.0,0.0,0.0,0.0,0.0,0.0,0.0
0.0,0.0,0.0,0.0,0.0,0.0,0.0,0.0,0.0,0.0,0.0,0.0,0.0,0.0,0.0,0.0,0.0,0.0,0.0,0.0,0.0,0.0,0.0,0.0,0.0,0.0,0.0,0.0,0.0,0.0,0.0,0.0,0.0,0.0,0.0,0.0,0.0
0.0,0.0,0.0,0.0,0.0,0.0,0.0,0.0,0.0,0.0,0.0,0.0,0.0,0.0,0.0,0.0,0.0,0.0,0.0,0.0,0.0,0.0,0.0,0.0,0.0,0.0,0.0,0.0,0.0,0.0,0.0,0.0,0.0,0.0,0.0,0.0,0.0
0.0,0.0,0.0,0.0,0.0,0.0,0.0,0.0,0.0,0.0,0.0,0.0,0.0,0.0,0.0,0.0,0.0,0.0,0.0,0.0,0.0,0.0,0.0,0.0,0.0,0.0,0.0,0.0,0.0,0.0,0.0,0.0,0.0,0.0,0.0,0.0,0.0
0.0,0.0,0.0,0.0,0.0,0.0,0.0,0.0,0.0,0.0,0.0,0.0,0.0,0.0,0.0,0.0,0.0,0.0,0.0,0.0,0.0,0.0,0.0,0.0,0.0,0.0,0.0,0.0,0.0,0.0,0.0,0.0,0.0,0.0,0.0,0.0,0.0
0.0,0.0,0.0,0.0,0.0,0.0,0.0,0.0,0.0,0.0,0.0,0.0,0.0,0.0,0.0,0.0,0.0,0.0,0.0,0.0,0.0,0.0,0.0,0.0,0.0,0.0,0.0,0.0,0.0,0.0,0.0,0.0,0.0,0.0,0.0,0.0,0.0
0.0,0.0,0.0,0.0,0.0,0.0,0.0,0.0,0.0,0.0,0.0,0.0,0.0,0.0,0.0,0.0,0.0,0.0,0.0,0.0,0.0,0.0,0.0,0.0,0.0,0.0,0.0,0.0,0.0,0.0,0.0,0.0,0.0,0.0,0.0,0.0,0.0
0.0,0.0,0.0,0.0,0.0,0.0,0.0,0.0,0.0,0.0,0.0,0.0,0.0,0.0,0.0,0.0,0.0,0.0,0.0,0.0,0.0,13.286172485351182,0.0,0.0,0.0,0.0,0.0,0.0,0.2507030010223389,0.0,0.0,0.0,0.5879489872604462,0.0,0.0,0.0,0.0
0.0,0.0,0.0,0.0,0.0,0.0,0.0,0.0,0.0,0.0,0.0,0.0,0.0,0.0,0.0,0.0,0.0,0.0,0.0,0.0,0.0,20.87639284133908,0.0,0.0,0.0,0.0,0.0,0.0,0.0,0.0,0.0,0.0,0.2846423555165382,0.0,0.0,0.0,0.0
0.0,0.0,0.0,0.0378911085426794,2.539272543042774,0.4349839240312254,0.0,0.0,0.0,0.0,1.8642927727195409,0.0,0.0,0.0,0.0,0.0,0.0,0.0,0.0,0.0,0.0,16.774142456054463,0.0,0.0,0.0,0.0,0.0,0.0,0.0,0.0,0.0,0.0,0.0,0.0,0.0,0.0,0.0
0.0,0.0,0.0,0.0361681450158314,5.716731604188536,0.069017054513061,2.3865989275275163,0.0,0.0,0.0,1.5973416310734574,0.0,0.0,0.0,0.0,0.0,7.981516540050303,0.0,0.0,0.0,0.0,0.0,0.0,0.0,0.0,0.0,0.0,0.0,0.0,0.7863451056182015,0.0,0.6280694901942944,0.0,0.0,0.0,0.0,0.0
0.0,0.0,0.0,0.0635683983564328,17.245948113500866,0.4730782010592424,10.76848119236517,0.0,0.0,0.0,2.332395739667089,0.0,0.0,0.0,0.08893981128931,0.1683749454095956,0.0,0.0,0.0,0.0,0.0,39.444996643066325,0.0,0.0,0.0,0.0,0.0,0.0,3.2946788340805986,1.2008058100938477,0.0,1.5109504908323126,1.2226331606507177,0.0,0.0,0.0,0.0
0.0,0.0,0.0,0.4089655652642204,66.75850221514683,5.075980806257538,40.865391165763015,0.0,0.0,0.0,12.895738924341227,0.0,0.0,0.0,1.6506417911499731,0.6579979248344892,10.775277149677118,0.0,0.0,0.0,0.0,203.48663215637183,0.0,0.0,0.0,8.440835230052455,0.0,0.0,83.04578142911176,11.15433102361854,0.0,4.391341850161532,8.7555828541517,0.0,0.0,0.0,0.0
0.0,0.0,0.0,3.3406088799238165,198.7002565562724,43.44908761605621,110.00542967021453,0.0,0.0,0.0,108.02834133394056,0.0,0.0,324.0783016383648,6.5464600861072535,1.3727650269865987,129.47045134305938,0.0,0.0,0.0,0.0,557.2858051300046,0.0,0.0,0.0,53.83256324827671,1.6444209299981578,0.0,576.6990562796592,49.71703211069107,0.0,71.75190904736516,35.53698277473448,0.0,0.0,0.0,0.0
0.0,0.0,0.0,9.66748800873756,433.3362309336661,175.61036476492882,242.59759342074395,0.0,0.0,0.0,384.7969702586532,0.0,0.0,602.6463933289051,15.30210376381874,2.1526940613985053,390.51295624971374,0.0,0.0,0.0,0.0,1078.59380569458,0.0,0.0,0.0,144.93052285909653,4.668994814902539,0.0,1269.5673800349234,168.0730048477649,0.0,256.2416771054268,79.53919363021849,0.0,0.0,0.0,0.0
0.0,0.0,0.0,20.865756154060364,745.2544463872908,261.21286967396736,416.72213398516175,0.0,0.0,0.0,861.2280711621045,0.0,0.0,888.1759604811668,24.472033828496933,2.4575171619653693,766.3565549492836,0.0,0.0,0.0,0.0,1718.5628936767578,0.0,0.0,0.0,354.4365917205811,8.96385095417499,0.0,1850.3741327285768,263.4888407468796,0.0,392.7228503227234,129.4649597108364,0.0,0.0,0.0,0.0
0.0,0.0,0.0,35.0868364572525,1023.2989674806596,283.42742908000946,568.7139889121055,0.0,0.0,0.0,1213.1445859730245,0.0,0.0,988.1280933320522,29.49481326341629,3.1405428349971767,1020.5763907551764,0.0,0.0,0.0,0.0,2118.2535064697263,0.0,0.0,0.0,501.6721776008606,15.26485357582569,0.0,2099.6211399436,316.8871927857399,0.0,444.3457758426666,146.8107048869133,0.0,0.0,0.0,0.0
0.0,0.0,0.0,48.10125124454498,1246.988011598587,295.31763726472855,784.7767664849758,0.0,0.0,0.0,1520.7341431617738,0.0,0.0,1016.7678260803224,0.0,3.8756648898124686,1192.1227669239045,0.0,0.0,0.0,0.0,2256.848571777344,0.0,0.0,0.0,566.5084191799164,27.25886453986168,0.0,2245.825915014744,343.21023761034013,0.0,0.0,158.07185781002045,0.0,0.0,0.0,0.0
0.0,0.0,0.0,55.27266347408295,1382.1271209716797,296.7563616633415,980.7404659628868,0.0,0.0,0.0,0.0,0.0,0.0,984.8411472141744,0.0,4.377207607030868,1266.2750299453735,0.0,0.0,0.0,0.0,2291.861630249024,0.0,0.0,0.0,586.6678183555603,38.29388088583946,0.0,2300.5501703381537,348.9754035532475,0.0,0.0,161.00316482782364,0.0,0.0,0.0,0.0
0.0,0.0,0.0,57.390440464019775,0.0,0.0,0.0,0.0,0.0,0.0,0.0,0.0,0.0,901.0425946116447,0.0,4.467261880636214,1245.8614441633224,0.0,0.0,0.0,0.0,2257.866009521485,0.0,0.0,0.0,0.0,0.0,0.0,0.0,340.55815302729604,0.0,0.0,0.0,0.0,0.0,0.0,0.0
0.0,0.0,0.0,0.0,0.0,0.0,0.0,0.0,0.0,0.0,0.0,0.0,0.0,713.0868542194365,0.0,3.501048952341079,1237.7677138805388,0.0,0.0,0.0,0.0,1689.1256439208985,0.0,0.0,0.0,0.0,0.0,0.0,0.0,0.0,0.0,0.0,143.11724442243573,0.0,0.0,0.0,0.0
0.0,0.0,0.0,0.0,0.0,0.0,0.0,0.0,0.0,0.0,0.0,0.0,0.0,0.0,0.0,0.0,1143.1191296577454,0.0,0.0,0.0,0.0,0.0,0.0,0.0,0.0,0.0,0.0,0.0,0.0,0.0,0.0,0.0,0.0,0.0,0.0,0.0,0.0
0.0,0.0,0.0,0.0,0.0,0.0,0.0,0.0,0.0,0.0,0.0,0.0,0.0,0.0,0.0,0.0,1001.0496673822402,0.0,0.0,0.0,0.0,0.0,0.0,0.0,0.0,0.0,0.0,0.0,0.0,0.0,0.0,0.0,0.0,0.0,0.0,0.0,0.0
0.0,0.0,0.0,0.0,0.0,0.0,0.0,0.0,0.0,0.0,0.0,0.0,0.0,0.0,0.0,0.0,0.0,0.0,0.0,0.0,0.0,0.0,0.0,0.0,0.0,0.0,0.0,0.0,0.0,0.0,0.0,0.0,0.0,0.0,0.0,0.0,0.0
0.0,0.0,0.0,0.0,0.0,0.0,0.0,0.0,0.0,0.0,0.0,0.0,0.0,0.0,0.0,0.0,0.0,0.0,0.0,0.0,0.0,0.0,0.0,0.0,0.0,0.0,0.0,0.0,0.0,0.0,0.0,0.0,0.0,0.0,0.0,0.0,0.0
0.0,0.0,0.0,0.0,0.0,0.0,0.0,0.0,0.0,0.0,0.0,0.0,0.0,0.0,0.0,0.0,0.0,0.0,0.0,0.0,0.0,0.0,0.0,0.0,0.0,0.0,0.0,0.0,0.0,0.0,0.0,0.0,0.0,0.0,0.0,0.0,0.0
0.0,0.0,0.0,0.0,0.0,0.0,0.0,0.0,0.0,0.0,0.0,0.0,0.0,0.0,0.0,0.0,0.0,0.0,0.0,0.0,0.0,0.0,0.0,0.0,0.0,0.0,0.0,0.0,0.0,0.0,0.0,0.0,0.0,0.0,0.0,0.0,0.0
0.0,0.0,0.0,0.0,0.0,0.0,0.0,0.0,0.0,0.0,0.0,0.0,0.0,0.0,0.0,0.0,0.0,0.0,0.0,0.0,0.0,0.0,0.0,0.0,0.0,0.0,0.0,0.0,0.0,0.0,0.0,0.0,0.0,0.0,0.0,0.0,0.0
0.0,0.0,0.0,0.0,0.0,0.0,0.0,0.0,0.0,0.0,0.0,0.0,0.0,0.0,0.0,0.0,0.0,0.0,0.0,0.0,0.0,0.0,0.0,0.0,0.0,0.0,0.0,0.0,0.0,0.0,0.0,0.0,0.0,0.0,0.0,0.0,0.0
0.0,0.0,0.0,0.0,0.0,0.0,0.0,0.0,0.0,0.0,0.0,0.0,0.0,0.0,0.0,0.0,0.0,0.0,0.0,0.0,0.0,0.0,0.0,0.0,0.0,0.0,0.0,0.0,0.0,0.0,0.0,0.0,0.0,0.0,0.0,0.0,0.0
0.0,0.0,0.0,0.0,0.0,0.0,0.0,0.0,0.0,0.0,0.0,0.0,0.0,0.0,0.0,0.0,0.0,0.0,0.0,0.0,0.0,0.0,0.0,0.0,0.0,0.0,0.0,0.0,0.0,0.0,0.0,0.0,0.0,0.0,0.0,0.0,0.0
0.0,0.0,0.0,0.0,0.0,0.0,8.82271633855995,0.0,0.0,0.0,0.0,0.0,0.0,0.0,0.0,0.0,0.0,0.0,0.0,0.0,0.0,33.76484436988807,0.0,0.0,0.0,0.0,0.0,0.0,0.074672894179821,0.0,0.0,0.0,0.0,0.0,0.0,0.0,0.0
0.0,0.0,0.0,0.0,1.4715726897120165,0.9830064992420184,10.618102578446122,0.0,0.0,0.0,1.9827819752506264,0.0,0.0,2.9895525844766366,0.0,0.0,0.0,0.0,0.0,0.0,0.0,32.864821243286016,0.0,0.0,0.0,0.1296252228319465,1.114276088029138,0.0,0.0,0.0,0.0,0.0,0.0,0.0,0.0,0.0,0.0
0.0,0.0,0.0,0.0434957779943881,2.610896855592604,0.5588197447359287,6.465719411149483,0.0,0.0,0.0,1.8584029058923568,0.0,0.0,1.5747986966742715,0.0,0.0,0.0,0.0,0.0,0.0,0.0,7.182963466644172,0.0,0.0,0.0,0.0,0.0,0.0,0.0,0.5078930944204115,0.0,0.3241938352584512,0.0,0.0,0.0,0.0,0.0
0.0,0.0,0.0,0.0,4.403676357120119,0.255155433434978,3.165527055039893,0.0,0.0,0.0,1.6634217199868775,0.0,0.0,0.0,0.0,0.0,5.256640827655607,0.0,0.0,0.0,0.0,0.0,0.0,0.0,0.0,0.0,0.0,0.0,0.0,0.4684477031230593,0.0,0.4700810611247422,0.0,0.0,0.0,0.0,0.0
0.0,0.0,0.0,0.0654050558805436,12.43374811857926,0.8416344784199996,4.071096664294494,0.0,0.0,0.0,5.673187748947933,0.0,0.0,19.145750408060795,0.0345064312219617,0.0503009092062711,0.0,0.0,0.0,0.0,0.0,111.00333890914916,0.0,0.0,0.0,0.0,0.0,0.0,1.5832695633171516,0.6530660755932023,0.0,1.3312041163444497,1.137375037185845,0.0,0.0,0.0,0.0
0.0,0.0,0.0,0.8036884889006556,101.48901608586306,1.5043852445669132,67.30263487733895,0.0,0.0,0.0,35.929895589873084,0.0,0.0,76.08707355335342,1.4016461994498963,0.4148263968527315,8.773202574252986,0.0,0.0,0.0,0.0,578.9687927246092,0.0,0.0,0.0,14.939989751577349,0.0,0.0,89.17762771919364,2.437518993020038,0.0,17.38500654697416,7.812807960435736,0.0,0.0,0.0,0.0
0.0,0.0,0.0,3.756422877311704,329.3642702102661,8.390245283022491,337.4197129741311,0.0,0.0,0.0,175.16829689666628,0.0,0.0,237.67933599650848,5.254559469223023,1.0275470986962312,113.72657519578918,0.0,0.0,0.0,0.0,1467.529550170898,0.0,0.0,0.0,145.51834629774086,2.5797443892806724,0.0,671.1479561090468,15.837853258475644,0.0,87.77712249755855,32.70385926961898,0.0,0.0,0.0,0.0
0.0,0.0,0.0,10.071083337068558,741.5834348201751,39.9423831887543,770.22164888978,0.0,0.0,0.0,475.0457923591137,0.0,0.0,491.417882964015,12.164562544226646,1.7934370189905156,353.39545702934265,0.0,0.0,0.0,0.0,2367.8818298339843,0.0,0.0,0.0,452.6313154697418,10.713187505304807,0.0,1396.4915863394738,67.94452835321427,0.0,272.9816509485244,81.72234472632408,0.0,0.0,0.0,0.0
0.0,0.0,0.0,21.27766263484955,1237.1869599819183,115.06275556981564,1151.375461101532,0.0,0.0,0.0,1003.9755743891,0.0,0.0,772.0545874536037,19.38333578109741,2.561270385980605,689.6244176983834,0.0,0.0,0.0,0.0,2930.521099853516,0.0,0.0,0.0,631.4012412548066,26.52587714791298,0.0,1917.868375813961,186.63855758309364,0.0,416.1387951374054,129.18892118334767,0.0,0.0,0.0,0.0
0.0,0.0,0.0,33.073660254478455,1528.0381801128387,150.69645392894745,1349.8226459920406,0.0,0.0,0.0,1407.6173722207543,0.0,0.0,908.4410002827644,23.170063823461533,3.56861251592636,928.3066643357276,0.0,0.0,0.0,0.0,3019.091690063477,0.0,0.0,0.0,704.7622416496276,44.79312765598297,0.0,2141.9764380574225,270.0827699422836,0.0,453.1581788063049,143.87222883105278,0.0,0.0,0.0,0.0
0.0,0.0,0.0,39.4150584936142,1696.2667798995972,168.7171290516853,1433.2178721785542,0.0,0.0,0.0,1659.205596715212,0.0,0.0,974.2282681167126,24.76746461391449,4.322402894496917,1094.6060214996337,0.0,0.0,0.0,0.0,2992.1333923339844,0.0,0.0,0.0,739.6702541828156,56.963186061382295,0.0,2233.456957805157,310.6685278534889,0.0,479.1793359518051,152.72806906700134,0.0,0.0,0.0,0.0
0.0,0.0,0.0,42.92148900032044,1742.888935804367,170.74924077093598,1421.5933979272845,0.0,0.0,0.0,1729.8048991799355,0.0,0.0,1004.74564447999,24.843186914920807,4.569136649370193,1174.206074810028,0.0,0.0,0.0,0.0,2880.236697387695,0.0,0.0,0.0,737.6463305473328,0.0,0.0,2220.806980752945,331.338475227356,0.0,0.0,155.03351294994354,0.0,0.0,0.0,0.0
0.0,0.0,0.0,44.37463986873627,1696.6396007537842,157.41849847137925,1355.7574616909028,0.0,0.0,0.0,1672.5956129670144,0.0,0.0,0.0,23.759331196546555,4.41675841808319,1165.3349992990493,0.0,0.0,0.0,0.0,2688.7250915527343,0.0,0.0,0.0,713.5872916221618,0.0,0.0,2161.6058861255647,0.0,0.0,0.0,152.22808760404587,0.0,0.0,0.0,0.0
0.0,0.0,0.0,0.0,0.0,144.6139444708824,1251.3232372403145,0.0,0.0,0.0,1516.7618788123132,0.0,0.0,0.0,19.547713887691497,3.324732184410095,1174.7761524915695,0.0,0.0,0.0,0.0,2436.8432495117186,0.0,0.0,0.0,0.0,0.0,0.0,1982.7008630394932,0.0,0.0,0.0,0.0,0.0,0.0,0.0,0.0
0.0,0.0,0.0,0.0,0.0,0.0,0.0,0.0,0.0,0.0,0.0,0.0,0.0,0.0,0.0,0.0,1078.5373322248458,0.0,0.0,0.0,0.0,1953.2846405029293,0.0,0.0,0.0,0.0,0.0,0.0,0.0,0.0,0.0,0.0,0.0,0.0,0.0,0.0,0.0
0.0,0.0,0.0,0.0,0.0,0.0,0.0,0.0,0.0,0.0,0.0,0.0,0.0,0.0,0.0,0.0,0.0,0.0,0.0,0.0,0.0,0.0,0.0,0.0,0.0,0.0,0.0,0.0,0.0,0.0,0.0,0.0,0.0,0.0,0.0,0.0,0.0
0.0,0.0,0.0,0.0,0.0,0.0,0.0,0.0,0.0,0.0,0.0,0.0,0.0,0.0,0.0,0.0,0.0,0.0,0.0,0.0,0.0,0.0,0.0,0.0,0.0,0.0,0.0,0.0,0.0,0.0,0.0,0.0,0.0,0.0,0.0,0.0,0.0
0.0,0.0,0.0,0.0,0.0,0.0,0.0,0.0,0.0,0.0,0.0,0.0,0.0,0.0,0.0,0.0,0.0,0.0,0.0,0.0,0.0,0.0,0.0,0.0,0.0,0.0,0.0,0.0,0.0,0.0,0.0,0.0,0.0,0.0,0.0,0.0,0.0
0.0,0.0,0.0,0.0,0.0,0.0,0.0,0.0,0.0,0.0,0.0,0.0,0.0,0.0,0.0,0.0,0.0,0.0,0.0,0.0,0.0,0.0,0.0,0.0,0.0,0.0,0.0,0.0,0.0,0.0,0.0,0.0,0.0,0.0,0.0,0.0,0.0
0.0,0.0,0.0,0.0,0.0,0.0,0.0,0.0,0.0,0.0,0.0,0.0,0.0,0.0,0.0,0.0,0.0,0.0,0.0,0.0,0.0,0.0,0.0,0.0,0.0,0.0,0.0,0.0,0.0,0.0,0.0,0.0,0.0,0.0,0.0,0.0,0.0
0.0,0.0,0.0,0.0,0.0,0.0,0.0,0.0,0.0,0.0,0.0,0.0,0.0,0.0,0.0,0.0,0.0,0.0,0.0,0.0,0.0,0.0,0.0,0.0,0.0,0.0,0.0,0.0,0.0,0.0,0.0,0.0,0.0,0.0,0.0,0.0,0.0
0.0,0.0,0.0,0.0,0.0,0.0,0.0,0.0,0.0,0.0,0.0,0.0,0.0,0.0,0.0,0.0,0.0,0.0,0.0,0.0,0.0,0.0,0.0,0.0,0.0,0.0,0.0,0.0,0.0,0.0,0.0,0.0,0.0,0.0,0.0,0.0,0.0
0.0,0.0,0.0,0.0,0.0,0.0,0.0,0.0,0.0,0.0,0.0,0.0,0.0,0.0,0.0,0.0,0.0,0.0,0.0,0.0,0.0,0.0,0.0,0.0,0.0,0.0,0.0,0.0,0.0,0.0,0.0,0.0,0.0,0.0,0.0,0.0,0.0
0.0,0.0,0.0,0.0,0.0,0.0,0.0,0.0,0.0,0.0,0.0,0.0,0.0,0.0,0.0,0.0,0.0,0.0,0.0,0.0,0.0,0.0,0.0,0.0,0.0,0.0,0.0,0.0,0.0,0.0,0.0,0.0,0.0,0.0,0.0,0.0,0.0
0.0,0.0,0.0,0.0,0.0,0.0,0.0,0.0,0.0,0.0,0.0,0.0,0.0,0.0,0.0,0.0,0.0,0.0,0.0,0.0,0.0,0.0,0.0,0.0,0.0,2.8889102466403744,0.6352364242076795,0.0,0.0,0.3771387100219383,0.0,0.0,0.0,0.0,0.0,0.0,0.0
0.0,0.0,0.0,0.0,0.0,0.6929358514025383,0.0,0.0,0.0,0.0,2.062209886126128,0.0,0.0,0.0,0.0,0.0,0.0,0.0,0.0,0.0,0.0,0.0,0.0,0.0,0.0,2.567363971844246,0.0,0.0,0.0,0.4266680397093035,0.0,0.4177695959805984,0.3981626760214319,0.0,0.0,0.0,0.0
0.0,0.0,0.0,0.0,1.968475349247332,0.3690403099171483,0.0,0.0,0.0,0.0,1.887434789491777,0.0,0.0,1.36725912336247,0.0,0.0142354201525445,0.0,0.0,0.0,0.0,0.0,8.774916744231797,0.0,0.0,0.0,0.0,0.0,0.0,0.0,0.5423360556363748,0.0,0.50940772891043,0.0,0.0,0.0,0.0,0.0
0.0,0.0,0.0,0.0376189127564378,3.7829303443430384,0.0,0.0,0.0,0.0,0.0,1.6833470366894303,0.0,0.0,0.2385606849565062,0.0,0.0,5.139095246791653,0.0,0.0,0.0,0.0,0.0,0.0,0.0,0.0,0.0,0.0,0.0,0.0,0.6211594752967005,0.0,0.5830241292714846,0.0,0.0,0.0,0.0,0.0
0.0,0.0,0.0,0.072785118594764,14.131829617544817,0.3108994336798508,0.0,0.0,0.0,0.0,2.5412121263331624,0.0,0.0,18.170414848718732,0.0,0.0579448100179429,0.0,0.0,0.0,0.0,0.0,31.770968723296725,0.0,0.0,0.0,0.0,0.2617516580969067,0.0,0.0,0.9423869498074048,0.0,1.9804350137710365,1.3098358092829323,0.0,0.0,0.0,0.0
0.0,0.0,0.0,0.6481585651636114,101.92409461736672,2.965536484960442,19.76214001514017,0.0,0.0,0.0,25.45580735597753,0.0,0.0,66.68418567627661,0.0,0.3974856026470654,8.628691375255457,0.0,0.0,0.0,0.0,269.7008035659786,0.0,0.0,0.0,33.72051524519915,4.96329799741506,0.0,69.86627086475478,6.200567733496395,0.0,36.829628460109234,7.909238507971151,0.0,0.0,0.0,0.0
0.0,0.0,0.0,3.7827437594532927,320.610169172287,34.45933557674285,168.19137949496508,0.0,0.0,0.0,159.59289106503127,0.0,0.0,187.82923184335223,0.0,0.8653941005468369,105.62218123674384,0.0,0.0,0.0,0.0,769.0240447998045,0.0,0.0,0.0,198.8334988117218,16.21783112883567,0.0,605.0450675547123,33.71895318403838,0.0,183.2974362373352,32.09774373471736,0.0,0.0,0.0,0.0
0.0,0.0,0.0,10.506879299879074,684.1146010160445,161.44580902159214,457.4101511448621,0.0,0.0,0.0,495.3200722813606,0.0,0.0,395.0826928019524,0.0,1.4790383875370026,332.41755440235124,0.0,0.0,0.0,0.0,1497.0458374023435,0.0,0.0,0.0,486.44997849464414,38.82209783792496,0.0,1444.446389389038,129.81437272429466,0.0,0.0,75.90305054187775,0.0,0.0,0.0,0.0
0.0,0.0,0.0,22.061778664588928,1140.3332479000092,263.8077366054058,837.0518134057522,0.0,0.0,0.0,1058.1899984091517,0.0,0.0,647.8065310418605,0.0,1.918327271938324,673.2253996014593,0.0,0.0,0.0,0.0,2278.093627929687,0.0,0.0,0.0,677.8472066402435,61.57198864221573,0.0,2056.7226519942283,246.6131018638611,0.0,0.0,125.19154939055444,0.0,0.0,0.0,0.0
0.0,0.0,0.0,36.13496553897858,1424.9595201015472,0.0,1094.1477683663368,0.0,0.0,0.0,1497.917695426941,0.0,0.0,777.7240277826786,0.0,2.8931210041046143,935.4185396909712,0.0,0.0,0.0,0.0,2526.236535644531,0.0,0.0,0.0,729.9029316902161,74.58295530080795,0.0,2321.7504392147066,310.9891754209995,0.0,0.0,141.43533220887184,0.0,0.0,0.0,0.0
0.0,0.0,0.0,48.28313946723938,1591.3063583374023,0.0,1229.4709772884846,0.0,0.0,0.0,0.0,0.0,0.0,861.2806709110737,0.0,4.061031252145766,1123.4196424722672,0.0,0.0,0.0,0.0,2614.252233886719,0.0,0.0,0.0,753.5667685031891,80.7796484708786,0.0,2464.1773902416235,341.1423946857452,0.0,0.0,152.17429798841476,0.0,0.0,0.0,0.0
0.0,0.0,0.0,55.407803773880005,1672.433866262436,0.0,1295.3388274729252,0.0,0.0,0.0,0.0,0.0,0.0,0.0,0.0,4.926889300346375,1213.4283018112185,0.0,0.0,0.0,0.0,2631.191784667969,0.0,0.0,0.0,749.6047340869903,81.72024801969528,0.0,0.0,349.643315833807,0.0,0.0,157.37772727012634,0.0,0.0,0.0,0.0
0.0,0.0,0.0,57.05726635456085,0.0,0.0,1305.1981521368027,0.0,0.0,0.0,0.0,0.0,0.0,0.0,0.0,0.0,1204.207040977478,0.0,0.0,0.0,0.0,2579.4455963134765,0.0,0.0,0.0,0.0,78.40938138961792,0.0,0.0,343.926534050703,0.0,507.3395265340805,0.0,0.0,0.0,0.0,0.0
0.0,0.0,0.0,0.0,0.0,0.0,0.0,0.0,0.0,0.0,0.0,0.0,0.0,0.0,0.0,0.0,1205.0692053318023,0.0,0.0,0.0,0.0,0.0,0.0,0.0,0.0,0.0,0.0,0.0,0.0,344.60128806233405,0.0,0.0,0.0,0.0,0.0,0.0,0.0
0.0,0.0,0.0,42.8274610042572,0.0,248.80537539720532,0.0,0.0,0.0,0.0,0.0,0.0,0.0,0.0,0.0,0.0,1111.15236992836,0.0,0.0,0.0,0.0,0.0,0.0,0.0,0.0,0.0,0.0,0.0,0.0,331.80279914736747,0.0,0.0,0.0,0.0,0.0,0.0,0.0
0.0,0.0,0.0,0.0,0.0,0.0,0.0,0.0,0.0,0.0,0.0,0.0,0.0,0.0,0.0,0.0,966.8444549202918,0.0,0.0,0.0,0.0,0.0,0.0,0.0,0.0,0.0,0.0,0.0,0.0,0.0,0.0,0.0,0.0,0.0,0.0,0.0,0.0
0.0,0.0,0.0,0.0,0.0,0.0,0.0,0.0,0.0,0.0,0.0,0.0,0.0,0.0,0.0,0.0,0.0,0.0,0.0,0.0,0.0,0.0,0.0,0.0,0.0,0.0,0.0,0.0,0.0,0.0,0.0,0.0,0.0,0.0,0.0,0.0,0.0
0.0,0.0,0.0,0.0,0.0,0.0,0.0,0.0,0.0,0.0,0.0,0.0,0.0,0.0,0.0,0.0,0.0,0.0,0.0,0.0,0.0,0.0,0.0,0.0,0.0,0.0,0.0,0.0,0.0,0.0,0.0,0.0,0.0,0.0,0.0,0.0,0.0
0.0,0.0,0.0,0.0,0.0,0.0,0.0,0.0,0.0,0.0,0.0,0.0,0.0,0.0,0.0,0.0,0.0,0.0,0.0,0.0,0.0,0.0,0.0,0.0,0.0,0.0,0.0,0.0,0.0,0.0,0.0,0.0,0.0,0.0,0.0,0.0,0.0
0.0,0.0,0.0,0.0,0.0,0.0,0.0,0.0,0.0,0.0,0.0,0.0,0.0,0.0,0.0,0.0,0.0,0.0,0.0,0.0,0.0,0.0,0.0,0.0,0.0,0.0,0.0,0.0,0.0,0.0,0.0,0.0,0.0,0.0,0.0,0.0,0.0
0.0,0.0,0.0,0.0,0.0,0.0,0.0,0.0,0.0,0.0,0.0,0.0,0.0,0.0,0.0,0.0,0.0,0.0,0.0,0.0,0.0,0.0,0.0,0.0,0.0,0.0,0.0,0.0,0.0,0.0,0.0,0.0,0.0,0.0,0.0,0.0,0.0
0.0,0.0,0.0,0.0,0.0,0.0,0.0,0.0,0.0,0.0,0.0,0.0,0.0,0.0,0.0,0.0,0.0,0.0,0.0,0.0,0.0,0.0,0.0,0.0,0.0,0.0,0.0,0.0,0.0,0.0,0.0,0.0,0.0,0.0,0.0,0.0,0.0
0.0,0.0,0.0,0.0,0.0,0.0,0.0,0.0,0.0,0.0,0.0,0.0,0.0,0.0,0.0,0.0,0.0,0.0,0.0,0.0,0.0,0.0,0.0,0.0,0.0,0.0,0.0,0.0,0.0,0.0,0.0,0.0,0.0,0.0,0.0,0.0,0.0
0.0,0.0,0.0,0.0,0.0,0.0,0.0,0.0,0.0,0.0,0.0,0.0,0.0,0.0,0.0,0.0,0.0,0.0,0.0,0.0,0.0,0.0,0.0,0.0,0.0,0.0,0.0,0.0,0.0,0.0,0.0,0.0,0.0,0.0,0.0,0.0,0.0
0.0,0.0,0.0,0.0,0.0,0.0,0.0,0.0,0.0,0.0,0.0,0.0,0.0,0.0,0.0,0.0,0.0,0.0,0.0,0.0,0.0,0.0,0.0,0.0,0.0,0.0,0.0,0.0,0.0,0.0,0.0,0.0,0.7833511177450414,0.0,0.0,0.0,0.0
0.0,0.0,0.0,0.0,0.0,0.8060605805367057,0.0,0.0,0.0,0.0,2.103626488801092,0.0,0.0,0.0,0.0,0.0131486905738708,0.0,0.0,0.0,0.0,0.0,0.0,0.0,0.0,0.0,0.0,0.0,0.0,0.0,0.0,0.0,0.0,0.3832974005490448,0.0,0.0,0.0,0.0
0.0,0.0,0.0,0.0,2.470074135810114,0.4865026194602104,0.0,0.0,0.0,0.0,1.9759989337993729,0.0,0.0,0.7146606314926878,0.0,0.0289148837327948,0.0,0.0,0.0,0.0,0.0,0.0,0.0,0.0,0.0,0.0,0.0,0.0,0.0,0.6225038051604918,0.0,0.5707300603389323,0.0,0.0,0.0,0.0,0.0
0.0,0.0,0.0,0.0342502444982518,6.5925346612929125,0.0,1.7559924602507544,0.0,0.0,0.0,1.6664583018048371,0.0,0.0,0.0,0.0,0.051182361319661,1.383336210250734,0.0,0.0,0.0,0.0,0.0,0.0,0.0,0.0,0.0,0.0,0.0,0.0,0.6036041088402159,0.0,0.676326289772959,0.0,0.0,0.0,0.0,0.0
0.0,0.0,0.0,0.0646631866693442,21.09869171679,0.5369388950057017,8.940937343239733,0.0,0.0,0.0,2.330553235905053,0.0,0.0,22.499464610591392,0.0,0.1831536395475267,0.0,0.0,0.0,0.0,0.0,7.775269222259257,0.0,0.0,0.0,5.922633050382086,0.0,0.0,5.1878713428973136,0.9011022575199356,0.0,2.0106431692838567,1.3370209587737685,0.0,0.0,0.0,0.0
0.0,0.0,0.0,0.3112099189311214,51.590969666838646,2.28243514383211,37.02282035574304,0.0,0.0,0.0,7.775051197921632,0.0,0.0,104.4628181494772,0.3911250159144385,0.4501936398446552,6.98145982027036,0.0,0.0,0.0,0.0,218.63537979125948,0.0,0.0,0.0,29.20583850741383,0.3572262890636861,0.0,88.79728291332718,6.826000361889568,0.0,23.80628262460229,9.279632113873948,0.0,0.0,0.0,0.0
0.0,0.0,0.0,2.5608482137322404,136.81335058808307,20.448396131396272,95.75372124314298,0.0,0.0,0.0,76.75598163641983,0.0,0.0,325.9954592585564,2.7427450507879243,0.8711756244301785,86.6719705224037,0.0,0.0,0.0,0.0,589.8299270629882,0.0,0.0,0.0,79.4477575957775,2.6474118608981327,0.0,409.4226625561714,38.61408289745448,0.0,135.81624394655225,37.29693795740603,0.0,0.0,0.0,0.0
0.0,0.0,0.0,7.48349942266941,275.33311963081354,98.25666616857048,189.27054218798872,0.0,0.0,0.0,298.31603550612914,0.0,0.0,634.9176361411809,8.172740542888642,1.3015609756112094,284.7637914657592,0.0,0.0,0.0,0.0,1090.0039924621583,0.0,0.0,0.0,168.3645384192466,6.644242380559442,0.0,840.6319813966751,149.66352324485777,0.0,329.02111196517944,88.2617037296295,0.0,0.0,0.0,0.0
0.0,0.0,0.0,15.655474722385405,467.4112182855606,182.06599512696263,333.5468375131487,0.0,0.0,0.0,686.8420045226812,0.0,0.0,964.3000556528568,15.36385591328144,1.6059122830629344,575.2303821682929,0.0,0.0,0.0,0.0,1675.2384063720704,0.0,0.0,0.0,270.82232797145844,12.894879153370852,0.0,1310.686363631487,257.3776284813881,0.0,431.28010046482086,142.47641450166702,0.0,0.0,0.0,0.0
0.0,0.0,0.0,25.345870137214657,633.6809320449829,208.688996642828,472.8383690804242,0.0,0.0,0.0,956.869591334462,0.0,0.0,1098.9635121822355,20.628012996912,2.1451659053564063,790.3545455217361,0.0,0.0,0.0,0.0,1957.0472045898437,0.0,0.0,0.0,324.9881394386291,22.67371318042278,0.0,1610.31721265316,313.2295846104622,0.0,466.892945766449,158.04967832565308,0.0,0.0,0.0,0.0
0.0,0.0,0.0,33.63215935230255,839.2366433143616,224.29375383257863,611.0739977568388,0.0,0.0,0.0,1211.506043881178,0.0,0.0,1162.3239463567734,23.12138848900795,2.3315959572792053,949.2211977601052,0.0,0.0,0.0,0.0,2091.077923583984,0.0,0.0,0.0,383.4475276470184,36.05099647641181,0.0,1764.8751415371894,340.68711497187616,0.0,483.1940289735794,166.81546461582184,0.0,0.0,0.0,0.0
0.0,0.0,0.0,38.44870686531067,1011.926228761673,227.29990538954732,788.6724440991878,0.0,0.0,0.0,1322.501471054554,0.0,0.0,1176.246806234121,24.20696184039116,2.120310127735137,1018.5889021277428,0.0,0.0,0.0,0.0,2024.230960083008,0.0,0.0,0.0,433.1040458679199,45.613868790864935,0.0,1870.3970714092252,349.52625662684443,0.0,483.8421295881272,168.67925733327866,0.0,0.0,0.0,0.0
0.0,0.0,0.0,40.956331968307495,0.0,220.22273065149784,0.0,0.0,0.0,0.0,1302.0203729987145,0.0,0.0,0.0,23.60931133031845,1.6438978761434555,1000.9224386930466,0.0,0.0,0.0,0.0,1786.8526306152344,0.0,0.0,0.0,0.0,0.0,0.0,0.0,344.4645237326622,0.0,0.0,0.0,0.0,0.0,0.0,0.0
0.0,0.0,0.0,0.0,0.0,203.84703435003755,0.0,0.0,0.0,0.0,1094.7728035897017,0.0,0.0,0.0,19.50643420815468,0.7690669931471346,1007.3641571521758,0.0,0.0,0.0,0.0,1414.0260681152345,0.0,0.0,0.0,0.0,0.0,0.0,0.0,0.0,0.0,0.0,153.67766535282135,0.0,0.0,0.0,0.0
0.0,0.0,0.0,0.0,0.0,175.84095720946786,0.0,0.0,0.0,0.0,0.0,0.0,0.0,0.0,0.0,0.0,899.7286248087881,0.0,0.0,0.0,0.0,951.4265136718748,0.0,0.0,0.0,0.0,0.0,0.0,0.0,0.0,0.0,0.0,0.0,0.0,0.0,0.0,0.0
0.0,0.0,0.0,0.0,0.0,0.0,0.0,0.0,0.0,0.0,0.0,0.0,0.0,0.0,0.0,0.0,0.0,0.0,0.0,0.0,0.0,0.0,0.0,0.0,0.0,0.0,0.0,0.0,0.0,0.0,0.0,0.0,0.0,0.0,0.0,0.0,0.0
0.0,0.0,0.0,0.0,0.0,0.0,0.0,0.0,0.0,0.0,0.0,0.0,0.0,0.0,0.0,0.0,0.0,0.0,0.0,0.0,0.0,0.0,0.0,0.0,0.0,0.0,0.0,0.0,0.0,0.0,0.0,0.0,0.0,0.0,0.0,0.0,0.0
0.0,0.0,0.0,0.0,0.0,0.0,0.0,0.0,0.0,0.0,0.0,0.0,0.0,0.0,0.0,0.0,0.0,0.0,0.0,0.0,0.0,0.0,0.0,0.0,0.0,0.0,0.0,0.0,0.0,0.0,0.0,0.0,0.0,0.0,0.0,0.0,0.0
0.0,0.0,0.0,0.0,0.0,0.0,0.0,0.0,0.0,0.0,0.0,0.0,0.0,0.0,0.0,0.0,0.0,0.0,0.0,0.0,0.0,0.0,0.0,0.0,0.0,0.0,0.0,0.0,0.0,0.0,0.0,0.0,0.0,0.0,0.0,0.0,0.0
0.0,0.0,0.0,0.0,0.0,0.0,0.0,0.0,0.0,0.0,0.0,0.0,0.0,0.0,0.0,0.0,0.0,0.0,0.0,0.0,0.0,0.0,0.0,0.0,0.0,0.0,0.0,0.0,0.0,0.0,0.0,0.0,0.0,0.0,0.0,0.0,0.0
0.0,0.0,0.0,0.0,0.0,0.0,0.0,0.0,0.0,0.0,0.0,0.0,0.0,0.0,0.0,0.0,0.0,0.0,0.0,0.0,0.0,0.0,0.0,0.0,0.0,0.0,0.0,0.0,0.0,0.0,0.0,0.0,0.0,0.0,0.0,0.0,0.0
0.0,0.0,0.0,0.0,0.0,0.0,0.0,0.0,0.0,0.0,0.0,0.0,0.0,0.0,0.0,0.0,0.0,0.0,0.0,0.0,0.0,0.0,0.0,0.0,0.0,0.0,0.0,0.0,0.0,0.0,0.0,0.0,0.0,0.0,0.0,0.0,0.0
0.0,0.0,0.0,0.0,0.0,0.0,0.0,0.0,0.0,0.0,0.0,0.0,0.0,0.0,0.0,0.0,0.0,0.0,0.0,0.0,0.0,0.0,0.0,0.0,0.0,0.0,0.0,0.0,0.0,0.0,0.0,0.0,0.0,0.0,0.0,0.0,0.0
0.0,0.0,0.0,0.0,0.0,0.0,0.0,0.0,0.0,0.0,0.0,0.0,0.0,0.0,0.0,0.0,0.0,0.0,0.0,0.0,0.0,0.0,0.0,0.0,0.0,0.0,0.0,0.0,0.0,0.0,0.0,0.0,0.0,0.0,0.0,0.0,0.0
0.0,0.0,0.0,0.0,0.0,0.0,8.435334727913034,0.0,0.0,0.0,0.0,0.0,0.0,2.34574573114506,0.0,0.0,0.0,0.0,0.0,0.0,0.0,0.0,0.0,0.0,0.0,0.0,0.0,0.0,0.1604789808392524,0.0,0.0,0.0,0.0,0.0,0.0,0.0,0.0
0.0,0.0,0.0,0.0,0.0,0.87267368985337,0.0,0.0,0.0,0.0,1.9525581326333663,0.0,0.0,7.591540045104785,0.0115401506423931,0.0,0.0,0.0,0.0,0.0,0.0,0.0,0.0,0.0,0.0,0.713089295104087,0.0,0.0,0.0,0.0,0.0,0.0,0.3344425018876571,0.0,0.0,0.0,0.0
0.0,0.0,0.0,0.0560125689953521,2.942968018352955,0.5980875096283514,2.3478794660419102,0.0,0.0,0.0,1.8072260130195443,0.0,0.0,3.0293681798502425,0.0,0.0,0.0,0.0,0.0,0.0,0.0,0.0,0.0,0.0,0.0,0.0,0.0,0.0,0.0,0.4944117210805359,0.0,0.3979178816079544,0.0,0.0,0.0,0.0,0.0
0.0,0.0,0.0,0.0380872003734102,4.743100121617276,0.2229335857555251,0.0,0.0,0.0,0.0,1.64607951091585,0.0,0.0,0.7671344792468857,0.0,0.0,12.52166863679877,0.0,0.0,0.0,0.0,0.0,0.0,0.0,0.0,0.0,0.0,0.0,0.0,0.5787149690091334,0.0,0.4751000553369182,0.0,0.0,0.0,0.0,0.0
0.0,0.0,0.0,0.0619459059089386,12.939087253063848,0.7424261011182898,0.0,0.0,0.0,0.0,2.3998977032488056,0.0,0.0,25.37132020108396,0.1258731052279447,0.0395327834412446,3.215833818912432,0.0,0.0,0.0,0.0,0.0,0.0,0.0,0.0,0.0,0.0,0.0,1.25327938199029,0.9393702618777476,0.0,2.158781990408887,1.363284600898595,0.0,0.0,0.0,0.0
0.0,0.0,0.0,0.4460096275433852,100.81488636136042,2.225089345127313,24.75328146275119,0.0,0.0,0.0,9.230358992423678,0.0,0.0,90.99092096090313,1.8014927532523848,0.3534041345119467,14.229695403575873,0.0,0.0,0.0,0.0,201.8098527908322,0.0,0.0,0.0,40.37492461502548,0.0,0.0,90.89617440700508,5.551561006903632,0.0,23.54865886270997,8.55160800367593,0.0,0.0,0.0,0.0
0.0,0.0,0.0,3.628737069666383,314.60751378536213,19.327606271952373,170.31787294596433,0.0,0.0,0.0,86.63320036530493,0.0,0.0,243.9359781146049,6.566817489266394,0.8496919423341751,134.18183511495582,0.0,0.0,0.0,0.0,663.7076950073242,0.0,0.0,0.0,215.74966735839837,4.5054647564888,0.0,692.6558702409268,30.342714127898198,0.0,126.3014150261879,34.45670653879642,0.0,0.0,0.0,0.0
0.0,0.0,0.0,10.515262514352791,698.9885261058807,94.21125180274248,470.2666669875383,0.0,0.0,0.0,329.8852978914976,0.0,0.0,458.9635919779539,14.411926335096355,1.3746598511934276,388.9604720711706,0.0,0.0,0.0,0.0,1361.450936889648,0.0,0.0,0.0,513.374919128418,14.97932979166507,0.0,1403.0690843105317,120.32029933333396,0.0,322.6273708343506,88.64286777377127,0.0,0.0,0.0,0.0
0.0,0.0,0.0,22.024493038654327,1187.1801557540894,179.223290219903,835.3447798430919,0.0,0.0,0.0,725.7671437323094,0.0,0.0,694.0153831988573,21.95803000330925,1.7270987033843983,739.8266766905784,0.0,0.0,0.0,0.0,2087.048370361328,0.0,0.0,0.0,702.1604001998901,36.42490321993828,0.0,1945.6995505690572,242.0745739519596,0.0,438.5803643465042,144.69230216741562,0.0,0.0,0.0,0.0
0.0,0.0,0.0,36.66942918300629,1484.133731842041,204.0899222195148,1092.264845430851,0.0,0.0,0.0,1016.8899089336394,0.0,0.0,794.6649746596813,25.498040252923964,2.425503805279732,975.0558533549308,0.0,0.0,0.0,0.0,2395.6128479003905,0.0,0.0,0.0,738.3366556644439,53.9527512550354,0.0,2191.795177078247,305.6811636388302,0.0,476.81162655353546,161.11711847782135,0.0,0.0,0.0,0.0
0.0,0.0,0.0,48.93035614490509,1642.3201320171356,213.6847315877676,1229.201703351736,0.0,0.0,0.0,1273.458449703455,0.0,0.0,850.7958026230335,27.525349313020705,2.7446277290582657,1139.631494665146,0.0,0.0,0.0,0.0,2473.3716003417967,0.0,0.0,0.0,741.1263271331787,64.50184862613678,0.0,2332.5301970124247,334.4420203387737,0.0,501.5753709077835,168.69537675380707,0.0,0.0,0.0,0.0
0.0,0.0,0.0,52.79200065135956,1674.2953219413755,211.4034246057272,1258.1909012675285,0.0,0.0,0.0,1347.6798496842384,0.0,0.0,839.1079422831535,26.97654359936714,2.7038495391607285,1219.0446272134782,0.0,0.0,0.0,0.0,2427.383740234375,0.0,0.0,0.0,717.9543261051178,68.51541246175766,0.0,2373.28906993866,342.5603668808937,0.0,506.19751024246216,169.01046514511108,0.0,0.0,0.0,0.0
0.0,0.0,0.0,53.86259460449219,0.0,200.3201768696308,0.0,0.0,0.0,0.0,1270.0182165265082,0.0,0.0,783.9059665799141,25.765580946207045,2.312644809484481,1215.6647321224214,0.0,0.0,0.0,0.0,2292.900796508789,0.0,0.0,0.0,0.0,67.59290508031845,0.0,0.0,336.52106308341024,0.0,491.3441579341888,162.47418856620789,0.0,0.0,0.0,0.0
0.0,0.0,0.0,0.0,0.0,184.1884329766035,0.0,0.0,0.0,0.0,1045.5230319142345,0.0,0.0,606.7088700830935,22.81507866382599,1.209813147783279,1230.9341359615323,0.0,0.0,0.0,0.0,1934.2292755126955,0.0,0.0,0.0,0.0,0.0,0.0,2180.7306294679643,337.3948833525181,0.0,0.0,147.93436646461487,0.0,0.0,0.0,0.0
0.0,0.0,0.0,0.0,0.0,157.69135311245918,0.0,0.0,0.0,0.0,0.0,0.0,0.0,0.0,0.0,0.0,1150.884247112274,0.0,0.0,0.0,0.0,1428.272640991211,0.0,0.0,0.0,0.0,0.0,0.0,0.0,324.78554955720904,0.0,0.0,0.0,0.0,0.0,0.0,0.0
0.0,0.0,0.0,0.0,0.0,0.0,0.0,0.0,0.0,0.0,0.0,0.0,0.0,0.0,0.0,0.0,0.0,0.0,0.0,0.0,0.0,0.0,0.0,0.0,0.0,0.0,0.0,0.0,0.0,0.0,0.0,0.0,0.0,0.0,0.0,0.0,0.0
0.0,0.0,0.0,0.0,0.0,0.0,0.0,0.0,0.0,0.0,0.0,0.0,0.0,0.0,0.0,0.0,0.0,0.0,0.0,0.0,0.0,0.0,0.0,0.0,0.0,0.0,0.0,0.0,0.0,0.0,0.0,0.0,0.0,0.0,0.0,0.0,0.0
0.0,0.0,0.0,0.0,0.0,0.0,0.0,0.0,0.0,0.0,0.0,0.0,0.0,0.0,0.0,0.0,0.0,0.0,0.0,0.0,0.0,0.0,0.0,0.0,0.0,0.0,0.0,0.0,0.0,0.0,0.0,0.0,0.0,0.0,0.0,0.0,0.0
0.0,0.0,0.0,0.0,0.0,0.0,0.0,0.0,0.0,0.0,0.0,0.0,0.0,0.0,0.0,0.0,0.0,0.0,0.0,0.0,0.0,0.0,0.0,0.0,0.0,0.0,0.0,0.0,0.0,0.0,0.0,0.0,0.0,0.0,0.0,0.0,0.0
0.0,0.0,0.0,0.0,0.0,0.0,0.0,0.0,0.0,0.0,0.0,0.0,0.0,0.0,0.0,0.0,0.0,0.0,0.0,0.0,0.0,0.0,0.0,0.0,0.0,0.0,0.0,0.0,0.0,0.0,0.0,0.0,0.0,0.0,0.0,0.0,0.0
0.0,0.0,0.0,0.0,0.0,0.0,0.0,0.0,0.0,0.0,0.0,0.0,0.0,0.0,0.0,0.0,0.0,0.0,0.0,0.0,0.0,0.0,0.0,0.0,0.0,0.0,0.0,0.0,0.0,0.0,0.0,0.0,0.0,0.0,0.0,0.0,0.0
0.0,0.0,0.0,0.0,0.0,0.0,0.0,0.0,0.0,0.0,0.0,0.0,0.0,0.0,0.0,0.0,0.0,0.0,0.0,0.0,0.0,0.0,0.0,0.0,0.0,0.0,0.0,0.0,0.0,0.0,0.0,0.0,0.0,0.0,0.0,0.0,0.0
0.0,0.0,0.0,0.0,0.0,0.0,0.0,0.0,0.0,0.0,0.0,0.0,0.0,0.0,0.0,0.0,0.0,0.0,0.0,0.0,0.0,0.0,0.0,0.0,0.0,0.0,0.0,0.0,0.0,0.0,0.0,0.0,0.0,0.0,0.0,0.0,0.0
0.0,0.0,0.0,0.0,0.0,0.0,0.0,0.0,0.0,0.0,0.0,0.0,0.0,0.0,0.0,0.0,0.0,0.0,0.0,0.0,0.0,0.0,0.0,0.0,0.0,0.0,0.0,0.0,0.0,0.0,0.0,0.0,0.0,0.0,0.0,0.0,0.0
0.0,0.0,0.0,0.0,0.0,0.0,7.281519708409823,0.0,0.0,0.0,0.0,0.0,0.0,1.9043371919541547,0.0,0.0,0.0,0.0,0.0,0.0,0.0,0.0,0.0,0.0,0.0,0.0,0.0,0.0,0.0,0.4155238673090655,0.0,0.0,0.0,0.0,0.0,0.0,0.0
0.0,0.0,0.0,0.0,0.0,1.0736719514243285,0.0,0.0,0.0,0.0,0.0,0.0,0.0,3.309642202220754,0.0,0.0,0.0,0.0,0.0,0.0,0.0,0.0,0.0,0.0,0.0,0.0,0.0,0.0,0.0,0.0,0.0,0.0,0.0,0.0,0.0,0.0,0.0
0.0,0.0,0.0,0.0399034749716492,2.030265975743476,0.8133048512972824,0.0,0.0,0.0,0.0,1.843519840715256,0.0,0.0,0.4488629382102547,0.0,0.0,0.0,0.0,0.0,0.0,0.0,0.0,0.0,0.0,0.0,0.0,2.642644448950878,0.0,0.0,0.5818722404539374,0.0,0.4735033065080332,0.0,0.0,0.0,0.0,0.0
0.0,0.0,0.0,0.035786874592299,3.277183279394994,0.3945256220176665,0.0,0.0,0.0,0.0,1.6184006332418688,0.0,0.0,0.0,0.0,0.0,14.509770119190057,0.0,0.0,0.0,0.0,47.43369760513289,0.0,0.0,0.0,0.0,2.7840683415532084,0.0,0.0,0.663984728604551,0.0,0.5745828896760778,0.0,0.0,0.0,0.0,0.0
0.0,0.0,0.0,0.0556348785758012,25.64732724800699,0.8711134749464647,0.0,0.0,0.0,0.0,2.3741301980799463,0.0,0.0,10.56435152888298,0.0,0.1126249274238933,2.337735235690993,0.0,0.0,0.0,0.0,397.0819007873535,0.0,0.0,0.0,1.700103150960044,6.395115840435022,0.0,6.878133438527499,1.0768052920699038,0.0,1.891667440533629,1.221009266562758,0.0,0.0,0.0,0.0
0.0,0.0,0.0,0.7602747045457332,147.7522720098494,3.4826404410414216,42.75869236756112,0.0,0.0,0.0,11.389377141185038,0.0,0.0,65.87899677455412,0.0,0.4722143486142146,11.550170958041944,0.0,0.0,0.0,0.0,1178.5326873779295,0.0,0.0,0.0,55.08387509882442,17.273360717296597,0.0,140.2391903460025,6.992284300923334,0.0,26.227532446384394,8.106737975031136,0.0,0.0,0.0,0.0
0.0,0.0,0.0,4.300783962011333,420.0936177968978,27.01813508942722,256.21986268758764,0.0,0.0,0.0,98.22697569839634,0.0,0.0,216.67468324303616,0.0,1.1385107859969128,118.79752097129813,0.0,0.0,0.0,0.0,2213.16637878418,0.0,0.0,0.0,266.81663343906405,40.55297859311104,0.0,884.9575600504875,41.48932623788712,0.0,146.90659749507904,33.498858436942086,0.0,0.0,0.0,0.0
0.0,0.0,0.0,11.783180743455883,900.4377846717833,113.99712546169758,648.586849078536,0.0,0.0,0.0,352.517168918252,0.0,0.0,465.997722223401,0.0,1.98072600364685,355.0103911280631,0.0,0.0,0.0,0.0,2911.617562866211,0.0,0.0,0.0,588.6369918823242,63.93062546253204,0.0,1690.7785815119744,159.52405099868776,0.0,0.0,90.87340787053108,0.0,0.0,0.0,0.0
0.0,0.0,0.0,24.560750782489777,1371.3062353134155,194.9552598148584,1043.1874491751194,0.0,0.0,0.0,825.8264348566532,0.0,0.0,756.6592390835285,0.0,2.909592017531394,694.3448717236517,0.0,0.0,0.0,0.0,3465.99782409668,0.0,0.0,0.0,757.3689670562744,81.19603171348572,0.0,2245.414674127102,264.3018352150917,0.0,0.0,151.47195929288864,0.0,0.0,0.0,0.0
0.0,0.0,0.0,39.680959939956665,1649.794206380844,219.38213077187535,1266.86940985322,0.0,0.0,0.0,1165.373530048132,0.0,0.0,898.2159775495529,0.0,4.350302904844283,936.7728265762328,0.0,0.0,0.0,0.0,3725.45830078125,0.0,0.0,0.0,810.6003389835357,89.87125231027603,0.0,2489.618875300884,321.4373188376427,0.0,0.0,172.62166941165924,0.0,0.0,0.0,0.0
0.0,0.0,0.0,51.84466230869293,1800.0512266159058,233.35835626721385,1374.8161632120612,0.0,0.0,0.0,1437.0125352621078,0.0,0.0,971.9496574997902,0.0,5.5808265209198,1109.9414911031722,0.0,0.0,0.0,0.0,3816.048828125,0.0,0.0,0.0,829.4443896770476,92.91215875148774,0.0,2618.318737447262,346.94296424388887,0.0,0.0,0.0,0.0,0.0,0.0,0.0
0.0,0.0,0.0,58.943140387535095,1836.901591539383,234.54914954304692,1400.137523716688,0.0,0.0,0.0,1528.7623484432695,0.0,0.0,980.6576701998712,0.0,6.412249773740768,1204.9591365814208,0.0,0.0,0.0,0.0,3757.753121948242,0.0,0.0,0.0,818.0000557422638,91.14478051662444,0.0,2635.4,353.56971969008447,0.0,0.0,0.0,0.0,0.0,0.0,0.0
0.0,0.0,0.0,0.0,1776.9947288036346,223.41617453098297,1356.4964690506458,0.0,0.0,0.0,1461.6705459058285,0.0,0.0,953.256892710924,0.0,0.0,1214.0816051959991,0.0,0.0,0.0,0.0,3607.923599243164,0.0,0.0,0.0,786.4481118202209,0.0,0.0,2569.2089098572737,346.77562299966814,0.0,0.0,0.0,0.0,0.0,0.0,0.0
0.0,0.0,0.0,54.89397573471069,0.0,204.2299490123987,0.0,0.0,0.0,0.0,0.0,0.0,0.0,808.2977616786957,0.0,0.0,1245.2695488452912,0.0,0.0,0.0,0.0,0.0,0.0,0.0,0.0,0.0,0.0,0.0,2431.6932871699337,346.0223765254021,0.0,0.0,0.0,0.0,0.0,0.0,0.0
0.0,0.0,0.0,0.0,0.0,0.0,0.0,0.0,0.0,0.0,0.0,0.0,0.0,0.0,0.0,0.0,0.0,0.0,0.0,0.0,0.0,0.0,0.0,0.0,0.0,0.0,0.0,0.0,0.0,332.1071155965328,0.0,0.0,0.0,0.0,0.0,0.0,0.0
0.0,0.0,0.0,0.0,0.0,0.0,0.0,0.0,0.0,0.0,0.0,0.0,0.0,0.0,0.0,0.0,0.0,0.0,0.0,0.0,0.0,0.0,0.0,0.0,0.0,0.0,0.0,0.0,0.0,0.0,0.0,0.0,0.0,0.0,0.0,0.0,0.0
0.0,0.0,0.0,0.0,0.0,0.0,0.0,0.0,0.0,0.0,0.0,0.0,0.0,0.0,0.0,0.0,0.0,0.0,0.0,0.0,0.0,0.0,0.0,0.0,0.0,0.0,0.0,0.0,0.0,0.0,0.0,0.0,0.0,0.0,0.0,0.0,0.0
0.0,0.0,0.0,0.0,0.0,0.0,0.0,0.0,0.0,0.0,0.0,0.0,0.0,0.0,0.0,0.0,0.0,0.0,0.0,0.0,0.0,0.0,0.0,0.0,0.0,0.0,0.0,0.0,0.0,0.0,0.0,0.0,0.0,0.0,0.0,0.0,0.0
0.0,0.0,0.0,0.0,0.0,0.0,0.0,0.0,0.0,0.0,0.0,0.0,0.0,0.0,0.0,0.0,0.0,0.0,0.0,0.0,0.0,0.0,0.0,0.0,0.0,0.0,0.0,0.0,0.0,0.0,0.0,0.0,0.0,0.0,0.0,0.0,0.0
0.0,0.0,0.0,0.0,0.0,0.0,0.0,0.0,0.0,0.0,0.0,0.0,0.0,0.0,0.0,0.0,0.0,0.0,0.0,0.0,0.0,0.0,0.0,0.0,0.0,0.0,0.0,0.0,0.0,0.0,0.0,0.0,0.0,0.0,0.0,0.0,0.0
0.0,0.0,0.0,0.0,0.0,0.0,0.0,0.0,0.0,0.0,0.0,0.0,0.0,0.0,0.0,0.0,0.0,0.0,0.0,0.0,0.0,0.0,0.0,0.0,0.0,0.0,0.0,0.0,0.0,0.0,0.0,0.0,0.0,0.0,0.0,0.0,0.0
0.0,0.0,0.0,0.0,0.0,0.0,0.0,0.0,0.0,0.0,0.0,0.0,0.0,0.0,0.0,0.0,0.0,0.0,0.0,0.0,0.0,0.0,0.0,0.0,0.0,0.0,0.0,0.0,0.0,0.0,0.0,0.0,0.0,0.0,0.0,0.0,0.0
0.0,0.0,0.0,0.0,0.0,0.0,0.0,0.0,0.0,0.0,0.0,0.0,0.0,0.0,0.0,0.0,0.0,0.0,0.0,0.0,0.0,0.0,0.0,0.0,0.0,0.0,0.0,0.0,0.0,0.0,0.0,0.0,0.0,0.0,0.0,0.0,0.0
0.0,0.0,0.0,0.0,0.0,0.0,0.0,0.0,0.0,0.0,0.0,0.0,0.0,0.0,0.0,0.0,0.0,0.0,0.0,0.0,0.0,0.0,0.0,0.0,0.0,0.0,0.0,0.0,0.0,0.0,0.0,0.0,0.0,0.0,0.0,0.0,0.0
0.0,0.0,0.0,0.0,0.0,0.0,0.0,0.0,0.0,0.0,0.0,0.0,0.0,0.0,0.0,0.0,0.0,0.0,0.0,0.0,0.0,0.0,0.0,0.0,0.0,0.0,0.0,0.0,0.0,0.0,0.0,0.0,0.0,0.0,0.0,0.0,0.0
0.0,0.0,0.0,0.0,0.0,0.0,0.0,0.0,0.0,0.0,0.0,0.0,0.0,2.3374178586526857,0.0,0.0,0.0,0.0,0.0,0.0,0.0,0.0,0.0,0.0,0.0,0.0,0.0,0.0,0.0,0.0,0.0,0.0,0.0,0.0,0.0,0.0,0.0
0.0,0.0,0.0,0.0366203803569042,0.0,0.291800523642429,0.0,0.0,0.0,0.0,1.940943683963222,0.0,0.0,0.5617800122126887,0.0,0.0,4.0635960817336505,0.0,0.0,0.0,0.0,0.0,0.0,0.0,0.0,0.0,0.0,0.0,0.0,0.0,0.0,0.0,0.0,0.0,0.0,0.0,0.0
0.0,0.0,0.0,0.0449363831430624,3.9457675144075366,0.2683170437812411,0.0,0.0,0.0,0.0,1.8128584166986728,0.0,0.0,0.0,0.0,0.0025444841012357,11.153040945529874,0.0,0.0,0.0,0.0,0.0,0.0,0.0,0.0,0.0,0.1326208986341951,0.0,0.0,0.6609358236193608,0.0,0.6836551874875898,0.0,0.0,0.0,0.0,0.0
0.0,0.0,0.0,0.0853903703391546,13.614363912492944,0.9362923675216338,0.0,0.0,0.0,0.0,7.055079344101176,0.0,0.0,10.205048073548758,0.0,0.0786401019431638,0.8489879727362698,0.0,0.0,0.0,0.0,63.12946486473052,0.0,0.0,0.0,0.0,1.1858363790437496,0.0,6.947720800340096,0.6970950752496585,0.0,1.6849153786897573,2.1927858553826614,0.0,0.0,0.0,0.0
0.0,0.0,0.0,0.2596012167632526,72.05196556448932,1.648493047337948,26.878451776877046,0.0,0.0,0.0,51.75885706283148,0.0,0.0,52.93927539139981,0.317713857069609,0.4244141317903994,10.926774895191068,0.0,0.0,0.0,0.0,310.98632431030256,0.0,0.0,0.0,11.232486814260454,4.15605062842369,0.0,74.22487645000218,4.571075924485901,0.0,9.193563953041988,11.725849140435434,0.0,0.0,0.0,0.0
0.0,0.0,0.0,2.110273301601407,204.41282805800415,6.197621465194944,142.56835511624809,0.0,0.0,0.0,191.9017317056655,0.0,0.0,180.6694921292365,2.399201188981533,0.8752424791455267,124.67731271982188,0.0,0.0,0.0,0.0,810.8552398681638,0.0,0.0,0.0,63.36759817600243,8.49826225489378,0.0,411.7899680554866,27.27034633979198,0.0,45.49464836716648,42.29025591909883,0.0,0.0,0.0,0.0
0.0,0.0,0.0,6.2425055950880015,419.9479137063026,28.909730993211237,344.01157521158456,0.0,0.0,0.0,451.6917191907762,0.0,0.0,417.3024922609329,6.702595227956771,1.3830272778868675,372.166039955616,0.0,0.0,0.0,0.0,1507.3739440917966,0.0,0.0,0.0,138.831484568119,16.02553673386573,0.0,981.970746308565,106.53402377963064,0.0,134.42375338077542,88.36512649059294,0.0,0.0,0.0,0.0
0.0,0.0,0.0,14.645271509885788,713.1869341135025,87.41278001666066,585.0759618222712,0.0,0.0,0.0,907.2223897963762,0.0,0.0,704.4533627480267,15.62601880431175,1.788109466433524,705.9518543362616,0.0,0.0,0.0,0.0,2239.586624145508,0.0,0.0,0.0,296.7752253770828,29.05271961688995,0.0,1550.164043533802,224.9001888215542,0.0,277.5753358602524,135.81676235795018,0.0,0.0,0.0,0.0
0.0,0.0,0.0,25.84443950653076,956.7640663385392,121.27555128932,770.7684472441673,0.0,0.0,0.0,1237.746314960718,0.0,0.0,864.7482524812222,22.934911286830904,2.6700679510831837,941.4393493652344,0.0,0.0,0.0,0.0,2514.5381744384767,0.0,0.0,0.0,370.8480848550796,43.94737882614135,0.0,1862.500555205345,290.3101604104042,0.0,335.7473715543747,154.4692109823227,0.0,0.0,0.0,0.0
0.0,0.0,0.0,36.14347994327545,1165.0306115150452,149.7996463924646,930.450793004036,0.0,0.0,0.0,1461.087657815218,0.0,0.0,946.8872168660164,26.883670073747638,3.48921799659729,1106.9096976280211,0.0,0.0,0.0,0.0,2564.1449188232423,0.0,0.0,0.0,425.35060679912567,52.76595541238785,0.0,2035.6423938274384,323.65837436318395,0.0,368.2798910140991,164.17757296562195,0.0,0.0,0.0,0.0
0.0,0.0,0.0,41.38853406906128,1317.6572387218475,164.47508768737313,1056.1226619124411,0.0,0.0,0.0,1503.2606554329395,0.0,0.0,968.792269974947,28.08476627469063,4.408864527940749,1196.186117863655,0.0,0.0,0.0,0.0,2561.59208984375,0.0,0.0,0.0,446.2868976354599,58.22804571390152,0.0,0.0,339.7591700494289,0.0,387.8704562187195,168.65120989084244,0.0,0.0,0.0,0.0
0.0,0.0,0.0,43.63256001472473,0.0,166.11665998399258,0.0,0.0,0.0,0.0,1432.4229357361794,0.0,0.0,946.4019411802292,27.492189162969588,0.0,1203.5404999256134,0.0,0.0,0.0,0.0,2565.0895660400392,0.0,0.0,0.0,0.0,0.0,0.0,0.0,0.0,0.0,0.0,0.0,0.0,0.0,0.0,0.0
0.0,0.0,0.0,0.0,0.0,0.0,0.0,0.0,0.0,0.0,0.0,0.0,0.0,803.3599677681923,0.0,0.0,1228.4477833986282,0.0,0.0,0.0,0.0,0.0,0.0,0.0,0.0,0.0,0.0,0.0,0.0,0.0,0.0,0.0,0.0,0.0,0.0,0.0,0.0
0.0,0.0,0.0,0.0,0.0,0.0,0.0,0.0,0.0,0.0,0.0,0.0,0.0,0.0,0.0,0.0,0.0,0.0,0.0,0.0,0.0,0.0,0.0,0.0,0.0,0.0,0.0,0.0,0.0,0.0,0.0,0.0,0.0,0.0,0.0,0.0,0.0
0.0,0.0,0.0,0.0,0.0,0.0,0.0,0.0,0.0,0.0,0.0,0.0,0.0,0.0,0.0,0.0,0.0,0.0,0.0,0.0,0.0,0.0,0.0,0.0,0.0,0.0,0.0,0.0,0.0,0.0,0.0,0.0,0.0,0.0,0.0,0.0,0.0
0.0,0.0,0.0,0.0,0.0,0.0,0.0,0.0,0.0,0.0,0.0,0.0,0.0,0.0,0.0,0.0,0.0,0.0,0.0,0.0,0.0,0.0,0.0,0.0,0.0,0.0,0.0,0.0,0.0,0.0,0.0,0.0,0.0,0.0,0.0,0.0,0.0
0.0,0.0,0.0,0.0,0.0,0.0,0.0,0.0,0.0,0.0,0.0,0.0,0.0,0.0,0.0,0.0,0.0,0.0,0.0,0.0,0.0,0.0,0.0,0.0,0.0,0.0,0.0,0.0,0.0,0.0,0.0,0.0,0.0,0.0,0.0,0.0,0.0
0.0,0.0,0.0,0.0,0.0,0.0,0.0,0.0,0.0,0.0,0.0,0.0,0.0,0.0,0.0,0.0,0.0,0.0,0.0,0.0,0.0,0.0,0.0,0.0,0.0,0.0,0.0,0.0,0.0,0.0,0.0,0.0,0.0,0.0,0.0,0.0,0.0
0.0,0.0,0.0,0.0,0.0,0.0,0.0,0.0,0.0,0.0,0.0,0.0,0.0,0.0,0.0,0.0,0.0,0.0,0.0,0.0,0.0,0.0,0.0,0.0,0.0,0.0,0.0,0.0,0.0,0.0,0.0,0.0,0.0,0.0,0.0,0.0,0.0
0.0,0.0,0.0,0.0,0.0,0.0,0.0,0.0,0.0,0.0,0.0,0.0,0.0,0.0,0.0,0.0,0.0,0.0,0.0,0.0,0.0,0.0,0.0,0.0,0.0,0.0,0.0,0.0,0.0,0.0,0.0,0.0,0.0,0.0,0.0,0.0,0.0
0.0,0.0,0.0,0.0,0.0,0.0,0.0,0.0,0.0,0.0,0.0,0.0,0.0,0.0,0.0,0.0,0.0,0.0,0.0,0.0,0.0,0.0,0.0,0.0,0.0,0.0,0.0,0.0,0.0,0.0,0.0,0.0,0.0,0.0,0.0,0.0,0.0
0.0,0.0,0.0,0.0,0.0,0.0,0.0,0.0,0.0,0.0,0.0,0.0,0.0,0.0,0.0,0.0,0.0,0.0,0.0,0.0,0.0,0.0,0.0,0.0,0.0,0.0,0.0,0.0,0.0,0.0,0.0,0.0,0.0,0.0,0.0,0.0,0.0
0.0,0.0,0.0,0.0,0.0,0.0,0.0,0.0,0.0,0.0,0.0,0.0,0.0,1.8764173379166964,0.0,0.0,0.0,0.0,0.0,0.0,0.0,0.0,0.0,0.0,0.0,0.0,0.0,0.0,0.0864147797226905,0.0,0.0,0.0,0.3854001946747248,0.0,0.0,0.0,0.0
0.0,0.0,0.0,0.0,0.0,0.0,0.0,0.0,0.0,0.0,1.8934931198599687,0.0,0.0,10.077492494601724,0.0,0.0,0.0,0.0,0.0,0.0,0.0,0.0,0.0,0.0,0.0,0.0,0.0,0.0,0.159968464076519,0.0,0.0,0.3631482273339997,0.0,0.0,0.0,0.0,0.0
0.0,0.0,0.0,0.0,0.0,0.0,0.0,0.0,0.0,0.0,0.0,0.0,0.0,6.696229735389294,0.0,0.0,0.7134244561194116,0.0,0.0,0.0,0.0,29.374101257324178,0.0,0.0,0.0,0.0,0.0,0.0,0.0,0.0,0.0,0.0,0.1890910193323957,0.0,0.0,0.0,0.0
0.0,0.0,0.0,0.0379740260541396,2.3186767548321057,0.2091016485355483,0.0,0.0,0.0,0.0,1.8350309734696637,0.0,0.0,0.0,0.0056850828230371,0.0,3.6784167408941935,0.0,0.0,0.0,0.0,7.64869213104213,0.0,0.0,0.0,0.0,1.106571570597584,0.0,0.0,0.622858192771671,0.0,0.4734494835137787,0.0,0.0,0.0,0.0,0.0
0.0,0.0,0.0,0.0338814463466376,4.0065530948339605,0.0,0.0,0.0,0.0,0.0,1.5522209495305257,0.0,0.0,0.0,0.0488699018955213,0.0,11.13581972122174,0.0,0.0,0.0,0.0,0.0,0.0,0.0,0.0,0.0,0.0,0.0,0.0,0.6208021588623267,0.0,0.550295263528773,0.0,0.0,0.0,0.0,0.0
0.0,0.0,0.0,0.0596206355839909,23.750261407345445,0.0,0.0,0.0,0.0,0.0,2.2640196728054263,0.0,0.0,3.9949916815384894,0.2303337235003704,0.0,1.3949191689490594,0.0,0.0,0.0,0.0,101.8191876411436,0.0,0.0,0.0,0.0,0.2842424873262578,0.0,9.9357754126191,0.9446157842874288,0.0,2.35633480548857,1.3759955083951176,0.0,0.0,0.0,0.0
0.0,0.0,0.0,0.4945492558181225,149.051106840372,10.735978495329585,32.290557578951,0.0,0.0,0.0,20.334312275983216,0.0,0.0,25.010239924304056,1.8751722268760167,0.7159336060285565,11.935840582847463,0.0,0.0,0.0,0.0,512.1056346893306,0.0,0.0,0.0,41.20507583022112,4.189388856291767,0.0,186.6071109443901,5.99265350103376,0.0,0.0,10.144212864339345,0.0,0.0,0.0,0.0
0.0,0.0,0.0,3.495128318667407,426.0817059278487,74.63024866580963,0.0,0.0,0.0,0.0,142.27922967746844,0.0,0.0,84.05534811317906,6.752110549807549,1.3303012251853936,130.1661642909048,0.0,0.0,0.0,0.0,1250.2794311523437,0.0,0.0,0.0,241.11108055114747,13.629146927595134,0.0,993.2285048782824,34.00183650478719,0.0,0.0,41.503482371568666,0.0,0.0,0.0,0.0
0.0,0.0,0.0,10.08779525756836,919.6660580635072,209.47615666687489,670.0193318158388,0.0,0.0,0.0,461.36880747079846,0.0,0.0,218.52453503757712,16.58410550057888,2.0541941970586777,386.3775335669516,0.0,0.0,0.0,0.0,2208.700897216797,0.0,0.0,0.0,576.643972492218,34.64095464348793,0.0,1676.8160265922547,130.74436782300472,0.0,0.0,92.52585804462431,0.0,0.0,0.0,0.0
0.0,0.0,0.0,21.74706906080246,1400.9511687755585,290.47949400544167,1080.8905148804188,0.0,0.0,0.0,1014.3907321691512,0.0,0.0,419.6090540289878,25.410225480794907,2.6886766105890274,735.0401569008827,0.0,0.0,0.0,0.0,2824.780908203125,0.0,0.0,0.0,769.7391000270843,58.27717727422714,0.0,2131.716307783127,243.97877766489984,0.0,493.7255742549896,145.247837126255,0.0,0.0,0.0,0.0
0.0,0.0,0.0,35.97096347808838,1688.1634757518768,310.66328567266464,1320.0523723304273,0.0,0.0,0.0,1424.15604198575,0.0,0.0,526.6461663693188,30.12164052128792,3.67345654964447,974.6536366462708,0.0,0.0,0.0,0.0,3022.7524017333985,0.0,0.0,0.0,801.3383110046386,71.88386263847352,0.0,2340.860573923588,303.80179634690285,0.0,523.9309309720993,161.56098759174347,0.0,0.0,0.0,0.0
0.0,0.0,0.0,48.84114336967468,1831.007086992264,320.28067657351494,1443.1536271214486,0.0,0.0,0.0,1713.7590668559071,0.0,0.0,633.887586146593,32.318055886030194,4.321188300848007,1138.9850552558898,0.0,0.0,0.0,0.0,3091.2577941894533,0.0,0.0,0.0,791.0480361461639,78.88973984718322,0.0,2421.295552992821,331.74169217944143,0.0,528.8222929239273,170.49579203128815,0.0,0.0,0.0,0.0
0.0,0.0,0.0,53.8243795633316,1845.3222222328184,318.4408871233464,1468.3657367527485,0.0,0.0,0.0,1820.7298809587955,0.0,0.0,684.2363952845335,31.932080107927323,4.424641072750092,1208.2450197219848,0.0,0.0,0.0,0.0,3029.125375366211,0.0,0.0,0.0,744.2949964046478,79.7205513715744,0.0,2401.825229072571,343.8116773188114,0.0,524.4133285284042,170.88285022974014,0.0,0.0,0.0,0.0
0.0,0.0,0.0,52.60726320743561,1761.2438044548037,306.2023351788521,1412.3388969779014,0.0,0.0,0.0,1756.0889750182628,0.0,0.0,679.8533452302217,29.5432584643364,4.07563155889511,1188.118862915039,0.0,0.0,0.0,0.0,2836.1766998291014,0.0,0.0,0.0,685.9794550895691,76.09092662334442,0.0,2341.303231227398,340.31374858617784,0.0,0.0,163.34772843122482,0.0,0.0,0.0,0.0
0.0,0.0,0.0,46.04666340351105,1565.5732691287994,291.8294624686241,0.0,0.0,0.0,0.0,1601.0913285970687,0.0,0.0,496.24478273093695,26.165226656198502,2.799472734332084,1200.9597676992416,0.0,0.0,0.0,0.0,2545.267184448242,0.0,0.0,0.0,640.7359463691712,67.0913873910904,0.0,2191.9557149648667,0.0,0.0,0.0,149.9309566617012,0.0,0.0,0.0,0.0
0.0,0.0,0.0,0.0,1342.9202659130096,263.2130851447582,0.0,0.0,0.0,0.0,1350.7136343717575,0.0,0.0,0.0,22.514124673604964,0.0,1122.6979444742203,0.0,0.0,0.0,0.0,2034.891241455078,0.0,0.0,0.0,577.1814602851867,0.0,0.0,0.0,0.0,0.0,0.0,0.0,0.0,0.0,0.0,0.0
0.0,0.0,0.0,0.0,0.0,0.0,0.0,0.0,0.0,0.0,0.0,0.0,0.0,0.0,0.0,0.0,989.3034441232682,0.0,0.0,0.0,0.0,0.0,0.0,0.0,0.0,0.0,0.0,0.0,0.0,0.0,0.0,0.0,0.0,0.0,0.0,0.0,0.0
0.0,0.0,0.0,0.0,0.0,0.0,0.0,0.0,0.0,0.0,0.0,0.0,0.0,0.0,0.0,0.0,0.0,0.0,0.0,0.0,0.0,0.0,0.0,0.0,0.0,0.0,0.0,0.0,0.0,0.0,0.0,0.0,0.0,0.0,0.0,0.0,0.0
0.0,0.0,0.0,0.0,0.0,0.0,0.0,0.0,0.0,0.0,0.0,0.0,0.0,0.0,0.0,0.0,0.0,0.0,0.0,0.0,0.0,0.0,0.0,0.0,0.0,0.0,0.0,0.0,0.0,0.0,0.0,0.0,0.0,0.0,0.0,0.0,0.0
0.0,0.0,0.0,0.0,0.0,0.0,0.0,0.0,0.0,0.0,0.0,0.0,0.0,0.0,0.0,0.0,0.0,0.0,0.0,0.0,0.0,0.0,0.0,0.0,0.0,0.0,0.0,0.0,0.0,0.0,0.0,0.0,0.0,0.0,0.0,0.0,0.0
0.0,0.0,0.0,0.0,0.0,0.0,0.0,0.0,0.0,0.0,0.0,0.0,0.0,0.0,0.0,0.0,0.0,0.0,0.0,0.0,0.0,0.0,0.0,0.0,0.0,0.0,0.0,0.0,0.0,0.0,0.0,0.0,0.0,0.0,0.0,0.0,0.0
0.0,0.0,0.0,0.0,0.0,0.0,0.0,0.0,0.0,0.0,0.0,0.0,0.0,0.0,0.0,0.0,0.0,0.0,0.0,0.0,0.0,0.0,0.0,0.0,0.0,0.0,0.0,0.0,0.0,0.0,0.0,0.0,0.0,0.0,0.0,0.0,0.0
0.0,0.0,0.0,0.0,0.0,0.0,0.0,0.0,0.0,0.0,0.0,0.0,0.0,0.0,0.0,0.0,0.0,0.0,0.0,0.0,0.0,0.0,0.0,0.0,0.0,0.0,0.0,0.0,0.0,0.0,0.0,0.0,0.0,0.0,0.0,0.0,0.0
0.0,0.0,0.0,0.0,0.0,0.0,0.0,0.0,0.0,0.0,0.0,0.0,0.0,0.0,0.0,0.0,0.0,0.0,0.0,0.0,0.0,0.0,0.0,0.0,0.0,0.0,0.0,0.0,0.0,0.0,0.0,0.0,0.0,0.0,0.0,0.0,0.0
0.0,0.0,0.0,0.0,0.0,0.0,0.0,0.0,0.0,0.0,0.0,0.0,0.0,0.0,0.0,0.0,0.0,0.0,0.0,0.0,0.0,0.0,0.0,0.0,0.0,0.0,0.0,0.0,0.0,0.0,0.0,0.0,0.0,0.0,0.0,0.0,0.0
0.0,0.0,0.0,0.0,0.0,0.0,0.0,0.0,0.0,0.0,0.0,0.0,0.0,0.0,0.0,0.0,0.0,0.0,0.0,0.0,0.0,26.92778444290156,0.0,0.0,0.0,0.0,0.0,0.0,0.0,0.3487466976046531,0.0,0.0,0.0,0.0,0.0,0.0,0.0
0.0,0.0,0.0,0.0,0.0,0.0,0.0,0.0,0.0,0.0,0.0,0.0,0.0,2.78263895306734,0.0,0.0,0.0,0.0,0.0,0.0,0.0,18.74136247634862,0.0,0.0,0.0,0.0,0.0,0.0,0.0,0.0,0.0,0.0,0.0,0.0,0.0,0.0,0.0
0.0,0.0,0.0,0.0416525378823266,2.0660002902149537,0.0,1.247040920332056,0.0,0.0,0.0,0.0,0.0,0.0,1.675669234245903,0.043810625374315,0.0,0.6198415040968812,0.0,0.0,0.0,0.0,0.0,0.0,0.0,0.0,0.0,0.1066755980253133,0.0,0.0,0.5435895919799559,0.0,0.0,0.0,0.0,0.0,0.0,0.0
0.0,0.0,0.0,0.0471036136150345,4.375028602778724,0.0,0.0114974077790975,0.0,0.0,0.0,1.6081614403985272,0.0,0.0,0.2920957887543735,0.0,0.0,9.9734790086745,0.0,0.0,0.0,0.0,0.0,0.0,0.0,0.0,0.0,0.0,0.0,0.0,0.6533267408609372,0.0,0.0,0.0,0.0,0.0,0.0,0.0
0.0,0.0,0.0,0.092200115323066,16.601713582873238,0.4552633911371143,3.8078122593461954,0.0,0.0,0.0,4.424822051776385,0.0,0.0,21.36022189632055,0.0384359613060922,0.0967121827416121,3.1845782160758738,0.0,0.0,0.0,0.0,49.01868247985805,0.0,0.0,0.0,0.3999339068307584,0.0,0.0,5.761986713111153,1.1202748864888892,0.0,2.066053941845886,1.2358527118339868,0.0,0.0,0.0,0.0
0.0,0.0,0.0,0.6779940295964444,98.16717723011952,1.6264658235013425,45.93427469618616,0.0,0.0,0.0,43.08542582336801,0.0,0.0,85.92673230916252,1.393432132154702,0.4701806791126718,20.420082044601383,0.0,0.0,0.0,0.0,350.21600494384734,0.0,0.0,0.0,39.74443700611586,0.0,0.0,151.5214340850709,9.646360483765587,0.0,46.594557136297226,8.284298282116652,0.0,0.0,0.0,0.0
0.0,0.0,0.0,0.0,293.6468405127525,10.485149830579749,185.2411795839667,0.0,0.0,0.0,212.5872745722532,0.0,0.0,233.10920897871247,6.102646520733831,1.0846791043877595,175.35937585830678,0.0,0.0,0.0,0.0,958.8950119018552,0.0,0.0,0.0,161.43497543334956,0.0,0.0,875.7430466473103,47.86950112730261,0.0,0.0,34.00732311606406,0.0,0.0,0.0,0.0
0.0,0.0,0.0,0.0,654.3565979003905,49.72127462923525,403.16174332499503,0.0,0.0,0.0,529.341519638896,0.0,0.0,434.9086674302816,15.71125294268131,1.832685828208923,490.5876663386821,0.0,0.0,0.0,0.0,1864.3221221923825,0.0,0.0,0.0,471.4209390640259,0.7058744741603671,0.0,1580.011838042736,0.0,0.0,394.0589164495468,89.38539150357245,0.0,0.0,0.0,0.0
0.0,0.0,0.0,0.0,1177.53688454628,131.41312915086746,773.4342592179776,0.0,0.0,0.0,1090.4086019247768,0.0,0.0,648.6129263043402,23.773570185899736,2.56457458436489,909.4071980118752,0.0,0.0,0.0,0.0,2590.3601013183597,0.0,0.0,0.0,624.2293538570405,6.209207260608673,0.0,2131.606507408619,0.0,0.0,452.5048394203186,147.22619473934174,0.0,0.0,0.0,0.0
0.0,0.0,0.0,0.0,1528.5921142101288,171.32365268468857,1058.1054972648622,0.0,0.0,0.0,1498.518892008066,0.0,0.0,736.3676138222216,29.142079228162764,0.0,1183.9168841838837,0.0,0.0,0.0,0.0,2779.0967041015624,0.0,0.0,0.0,688.0070394992829,12.561090078949922,0.0,2406.035971331597,325.0139977693558,0.0,453.94453275203705,167.18270099163055,0.0,0.0,0.0,0.0
0.0,0.0,0.0,0.0,1735.2936568260193,194.6659181267023,1261.1547278642654,0.0,0.0,0.0,1754.7360453784463,0.0,0.0,816.6776442527771,0.0,5.191794693470001,1374.3717356443406,0.0,0.0,0.0,0.0,2834.48024597168,0.0,0.0,0.0,0.0,22.61402249038219,0.0,0.0,350.38695576786995,0.0,456.8411068916321,177.11463916301727,0.0,0.0,0.0,0.0
0.0,0.0,0.0,0.0,0.0,206.16147510707376,0.0,0.0,0.0,0.0,1837.489201939106,0.0,0.0,854.5230476558208,0.0,5.279099762439728,1465.3744457244873,0.0,0.0,0.0,0.0,2789.1075744628906,0.0,0.0,0.0,0.0,0.0,0.0,0.0,356.1367746770382,0.0,458.3546453714371,178.4999138712883,0.0,0.0,0.0,0.0
0.0,0.0,0.0,0.0,0.0,0.0,0.0,0.0,0.0,0.0,0.0,0.0,0.0,0.0,0.0,5.014219164848327,1456.3671938419343,0.0,0.0,0.0,0.0,2634.927459716797,0.0,0.0,0.0,0.0,0.0,0.0,0.0,346.60685248970987,0.0,455.2271347045898,171.85876500606537,0.0,0.0,0.0,0.0
0.0,0.0,0.0,0.0,0.0,0.0,0.0,0.0,0.0,0.0,0.0,0.0,0.0,0.0,0.0,3.777755081653594,1439.1494015216826,0.0,0.0,0.0,0.0,2409.981643676758,0.0,0.0,0.0,0.0,0.0,0.0,0.0,0.0,0.0,0.0,158.29747730493546,0.0,0.0,0.0,0.0
0.0,0.0,0.0,0.0,0.0,0.0,0.0,0.0,0.0,0.0,0.0,0.0,0.0,0.0,0.0,0.0,0.0,0.0,0.0,0.0,0.0,0.0,0.0,0.0,0.0,0.0,0.0,0.0,0.0,0.0,0.0,0.0,0.0,0.0,0.0,0.0,0.0
0.0,0.0,0.0,0.0,0.0,0.0,0.0,0.0,0.0,0.0,0.0,0.0,0.0,0.0,0.0,0.0,0.0,0.0,0.0,0.0,0.0,0.0,0.0,0.0,0.0,0.0,0.0,0.0,0.0,0.0,0.0,0.0,0.0,0.0,0.0,0.0,0.0
0.0,0.0,0.0,0.0,0.0,0.0,0.0,0.0,0.0,0.0,0.0,0.0,0.0,0.0,0.0,0.0,0.0,0.0,0.0,0.0,0.0,0.0,0.0,0.0,0.0,0.0,0.0,0.0,0.0,0.0,0.0,0.0,0.0,0.0,0.0,0.0,0.0
0.0,0.0,0.0,0.0,0.0,0.0,0.0,0.0,0.0,0.0,0.0,0.0,0.0,0.0,0.0,0.0,0.0,0.0,0.0,0.0,0.0,0.0,0.0,0.0,0.0,0.0,0.0,0.0,0.0,0.0,0.0,0.0,0.0,0.0,0.0,0.0,0.0
0.0,0.0,0.0,0.0,0.0,0.0,0.0,0.0,0.0,0.0,0.0,0.0,0.0,0.0,0.0,0.0,0.0,0.0,0.0,0.0,0.0,0.0,0.0,0.0,0.0,0.0,0.0,0.0,0.0,0.0,0.0,0.0,0.0,0.0,0.0,0.0,0.0
0.0,0.0,0.0,0.0,0.0,0.0,0.0,0.0,0.0,0.0,0.0,0.0,0.0,0.0,0.0,0.0,0.0,0.0,0.0,0.0,0.0,0.0,0.0,0.0,0.0,0.0,0.0,0.0,0.0,0.0,0.0,0.0,0.0,0.0,0.0,0.0,0.0
0.0,0.0,0.0,0.0,0.0,0.0,0.0,0.0,0.0,0.0,0.0,0.0,0.0,0.0,0.0,0.0,0.0,0.0,0.0,0.0,0.0,0.0,0.0,0.0,0.0,0.0,0.0,0.0,0.0,0.0,0.0,0.0,0.0,0.0,0.0,0.0,0.0
0.0,0.0,0.0,0.0,0.0,0.0,0.0,0.0,0.0,0.0,0.0,0.0,0.0,0.0,0.0,0.0,0.0,0.0,0.0,0.0,0.0,0.0,0.0,0.0,0.0,0.0,0.0,0.0,0.0,0.0,0.0,0.0,0.0,0.0,0.0,0.0,0.0
0.0,0.0,0.0,0.0,0.0,0.0,0.0,0.0,0.0,0.0,0.0,0.0,0.0,0.0,0.0,0.0,0.0,0.0,0.0,0.0,0.0,0.0,0.0,0.0,0.0,0.0,0.0,0.0,0.0,0.0,0.0,0.0,0.0,0.0,0.0,0.0,0.0
0.0,0.0,0.0,0.0,0.0,0.0,0.0,0.0,0.0,0.0,0.0,0.0,0.0,0.785099011845824,0.0,0.0,0.0,0.0,0.0,0.0,0.0,0.0,0.0,0.0,0.0,0.0,0.0,0.0,0.0,0.0,0.0,0.0,0.0,0.0,0.0,0.0,0.0
0.0,0.0,0.0,0.0,0.0,0.0,0.0,0.0,0.0,0.0,0.0,0.0,0.0,0.0,0.0,0.0,0.0,0.0,0.0,0.0,0.0,0.0,0.0,0.0,0.0,0.0,0.0,0.0,0.0,0.4334336213767291,0.0,0.0,0.0,0.0,0.0,0.0,0.0
0.0,0.0,0.0,0.0,0.0,0.0,0.0,0.0,0.0,0.0,0.0,0.0,0.0,3.083705627359393,0.0,0.0,0.0,0.0,0.0,0.0,0.0,0.0,0.0,0.0,0.0,0.0,0.0,0.0,0.0,0.4952112898230258,0.0,0.0,0.0,0.0,0.0,0.0,0.0
0.0,0.0,0.0,0.0,0.0,0.1787502290680734,0.0,0.0,0.0,0.0,1.9109264475759,0.0,0.0,1.115627633407635,0.0158371098339554,0.0,4.144676792621517,0.0,0.0,0.0,0.0,0.0,0.0,0.0,0.0,0.0,0.0,0.0,0.0,0.5954121902584901,0.0,0.4582624286413166,0.0,0.0,0.0,0.0,0.0
0.0,0.0,0.0,0.0,0.0,0.0,0.0,0.0,0.0,0.0,1.65575503958373,0.0,0.0,0.0,0.0,0.0,10.935661292075954,0.0,0.0,0.0,0.0,56.53545451164232,0.0,0.0,0.0,0.0,0.0,0.0,0.0,0.6692214645445307,0.0,0.544186353683427,0.0,0.0,0.0,0.0,0.0
0.0,0.0,0.0,0.0669960211962444,0.0,0.4142778096720268,0.0,0.0,0.0,0.0,3.0571746317667614,0.0,0.0,15.852883448824237,0.0423422165215003,0.2408037967979904,1.3148190259933157,0.0,0.0,0.0,0.0,447.0264896392818,0.0,0.0,0.0,0.0,0.0,0.0,0.0,1.2691469714045516,0.0,2.0831651687621604,0.0,0.0,0.0,0.0,0.0
0.0,0.0,0.0,0.5154814235866068,0.0,2.2513768039643494,0.0,0.0,0.0,0.0,25.30084208846092,0.0,0.0,68.05180044844734,0.9134281072765568,0.7329819388687601,12.488022899627484,0.0,0.0,0.0,0.0,1425.7005279541015,0.0,0.0,0.0,0.0,0.0,0.0,0.0,8.968386230990284,0.0,33.850671499967525,10.553769268095492,0.0,0.0,0.0,0.0
0.0,0.0,0.0,3.672510586678979,0.0,21.704345844686,0.0,0.0,0.0,0.0,152.61125334873796,0.0,0.0,219.39270507544268,4.690078523755074,1.367245309054851,133.7551654934883,0.0,0.0,0.0,0.0,2417.8454650878907,0.0,0.0,0.0,0.0,0.0,0.0,0.0,47.32702155932781,0.0,162.65708941221234,41.63706573843955,0.0,0.0,0.0,0.0
0.0,0.0,0.0,9.977085828781124,0.0,104.19080550968644,0.0,0.0,0.0,0.0,438.6903176024556,0.0,0.0,468.90200160443777,12.233025178313255,2.46778193116188,394.94469430446605,0.0,0.0,0.0,0.0,3092.888247680664,0.0,0.0,0.0,0.0,0.0,0.0,1889.0687900304797,173.66836933493613,0.0,358.5261597633362,91.67765867710114,0.0,0.0,0.0,0.0
0.0,0.0,0.0,20.36636823415756,0.0,216.53458221256733,0.0,0.0,0.0,0.0,952.0349292725324,0.0,0.0,751.9723226875066,20.499190521240237,3.424183964729308,747.8653113126754,0.0,0.0,0.0,0.0,3551.2162475585938,0.0,0.0,0.0,0.0,0.0,0.0,2347.628612458706,269.24203366041183,0.0,471.4239089488983,145.66073355078694,0.0,0.0,0.0,0.0
0.0,0.0,0.0,32.8035089969635,0.0,243.171569108963,0.0,0.0,0.0,0.0,1348.1633294522762,0.0,0.0,902.394355982542,25.63109718561173,4.606330335140228,993.0408175110816,0.0,0.0,0.0,0.0,3728.4408111572266,0.0,0.0,0.0,0.0,0.0,0.0,2588.303650522232,313.5072839140892,0.0,0.0,162.3681636452675,0.0,0.0,0.0,0.0
0.0,0.0,0.0,40.99620258808136,0.0,259.89212280511856,0.0,0.0,0.0,0.0,1639.5330558478831,0.0,0.0,972.5798785686492,27.78784589767456,5.47466716170311,1157.20523314476,0.0,0.0,0.0,0.0,3763.2640167236327,0.0,0.0,0.0,0.0,88.99383194446564,0.0,2635.4,336.47675584554673,0.0,529.545494556427,170.6418273448944,0.0,0.0,0.0,0.0
0.0,0.0,0.0,45.94363689422608,2053.1109488010406,266.50618317723274,0.0,0.0,0.0,0.0,1778.6862633407115,0.0,0.0,979.9900291860104,27.726885616779327,6.060572803020477,1241.5302756071092,0.0,0.0,0.0,0.0,3660.908584594727,0.0,0.0,0.0,840.2225165367128,88.35262235403061,0.0,2635.4,344.2546559751034,0.0,525.6131507158279,173.08302015066147,0.0,0.0,0.0,0.0
0.0,0.0,0.0,47.59986221790314,0.0,0.0,0.0,0.0,0.0,0.0,0.0,0.0,0.0,939.8951499164104,27.301586294174196,0.0,1246.3876414299011,0.0,0.0,0.0,0.0,3481.0746978759767,0.0,0.0,0.0,0.0,0.0,0.0,0.0,341.3349941015244,0.0,0.0,0.0,0.0,0.0,0.0,0.0
0.0,0.0,0.0,0.0,0.0,0.0,0.0,0.0,0.0,0.0,0.0,0.0,0.0,797.766824066639,0.0,0.0,1267.2363542318344,0.0,0.0,0.0,0.0,0.0,0.0,0.0,0.0,0.0,0.0,0.0,0.0,345.10652178525925,0.0,0.0,0.0,0.0,0.0,0.0,0.0
0.0,0.0,0.0,0.0,0.0,0.0,0.0,0.0,0.0,0.0,0.0,0.0,0.0,0.0,0.0,0.0,0.0,0.0,0.0,0.0,0.0,0.0,0.0,0.0,0.0,0.0,0.0,0.0,0.0,0.0,0.0,0.0,0.0,0.0,0.0,0.0,0.0
0.0,0.0,0.0,0.0,0.0,0.0,0.0,0.0,0.0,0.0,0.0,0.0,0.0,0.0,0.0,0.0,0.0,0.0,0.0,0.0,0.0,0.0,0.0,0.0,0.0,0.0,0.0,0.0,0.0,0.0,0.0,0.0,0.0,0.0,0.0,0.0,0.0
0.0,0.0,0.0,0.0,0.0,0.0,0.0,0.0,0.0,0.0,0.0,0.0,0.0,0.0,0.0,0.0,0.0,0.0,0.0,0.0,0.0,0.0,0.0,0.0,0.0,0.0,0.0,0.0,0.0,0.0,0.0,0.0,0.0,0.0,0.0,0.0,0.0
0.0,0.0,0.0,0.0,0.0,0.0,0.0,0.0,0.0,0.0,0.0,0.0,0.0,0.0,0.0,0.0,0.0,0.0,0.0,0.0,0.0,0.0,0.0,0.0,0.0,0.0,0.0,0.0,0.0,0.0,0.0,0.0,0.0,0.0,0.0,0.0,0.0
0.0,0.0,0.0,0.0,0.0,0.0,0.0,0.0,0.0,0.0,0.0,0.0,0.0,0.0,0.0,0.0,0.0,0.0,0.0,0.0,0.0,0.0,0.0,0.0,0.0,0.0,0.0,0.0,0.0,0.0,0.0,0.0,0.0,0.0,0.0,0.0,0.0
0.0,0.0,0.0,0.0,0.0,0.0,0.0,0.0,0.0,0.0,0.0,0.0,0.0,0.0,0.0,0.0,0.0,0.0,0.0,0.0,0.0,0.0,0.0,0.0,0.0,0.0,0.0,0.0,0.0,0.0,0.0,0.0,0.0,0.0,0.0,0.0,0.0
0.0,0.0,0.0,0.0,0.0,0.0,0.0,0.0,0.0,0.0,0.0,0.0,0.0,0.0,0.0,0.0,0.0,0.0,0.0,0.0,0.0,0.0,0.0,0.0,0.0,0.0,0.0,0.0,0.0,0.0,0.0,0.0,0.0,0.0,0.0,0.0,0.0
0.0,0.0,0.0,0.0,0.0,0.0,0.0,0.0,0.0,0.0,0.0,0.0,0.0,0.0,0.0,0.0,0.0,0.0,0.0,0.0,0.0,0.0,0.0,0.0,0.0,0.0,0.0,0.0,0.0,0.0,0.0,0.0,0.0,0.0,0.0,0.0,0.0
0.0,0.0,0.0,0.0,0.0,0.0,0.0,0.0,0.0,0.0,0.0,0.0,0.0,0.0,0.0,0.0,0.0,0.0,0.0,0.0,0.0,0.0,0.0,0.0,0.0,0.0,0.0,0.0,0.0,0.0,0.0,0.0,0.0,0.0,0.0,0.0,0.0
0.0,0.0,0.0,0.0,0.0,0.0,0.0,0.0,0.0,0.0,0.0,0.0,0.0,0.0,0.0,0.0,0.0,0.0,0.0,0.0,0.0,0.0,0.0,0.0,0.0,0.0,0.0,0.0,0.0,0.0,0.0,0.0,0.0,0.0,0.0,0.0,0.0
0.0,0.0,0.0,0.0,0.0,0.6618862440809579,0.0,0.0,0.0,0.0,0.0,0.0,0.0,0.0,0.0,0.0,0.0,0.0,0.0,0.0,0.0,0.0,0.0,0.0,0.0,0.0,0.0,0.0,0.0,0.0,0.0,0.0,0.0,0.0,0.0,0.0,0.0
0.0,0.0,0.0,0.0,0.0,0.7193488925695326,0.0,0.0,0.0,0.0,0.0,0.0,0.0,2.681717202067309,0.0,0.0,0.0,0.0,0.0,0.0,0.0,0.0,0.0,0.0,0.0,0.0,0.0,0.0,0.0,0.0,0.0,0.0,0.0,0.0,0.0,0.0,0.0
0.0,0.0,0.0,0.0,0.0,0.4071574578992897,0.0,0.0,0.0,0.0,1.966882831230558,0.0,0.0,1.748531716875687,0.0,0.0,0.1227548480033874,0.0,0.0,0.0,0.0,1.8057075500484143,0.0,0.0,0.0,0.0,0.0,0.0,0.0,0.5443276554345742,0.0,0.6078455001115713,0.0,0.0,0.0,0.0,0.0
0.0,0.0,0.0,0.0,0.0,0.0,0.0,0.0,0.0,0.0,1.6304155801422455,0.0,0.0,0.3631202783434817,0.0,0.0057343179360025,9.122039616107925,0.0,0.0,0.0,0.0,59.6500844478606,0.0,0.0,0.0,0.0,0.0,0.0,0.0,0.6405922174453422,0.0,0.7466550022363585,0.0,0.0,0.0,0.0,0.0
0.0,0.0,0.0,0.0,42.71113145351401,0.5122307795099614,0.0,0.0,0.0,0.0,2.359753583045481,0.0,0.0,23.42056372668583,0.0,0.1298917103558776,2.2454392790792963,0.0,0.0,0.0,0.0,407.5489681243896,0.0,0.0,0.0,0.0,1.6193250715732546,0.0,0.0,1.107118612527815,0.0,1.8725288808345544,1.408001312054691,0.0,0.0,0.0,0.0
0.0,0.0,0.0,0.0,194.7768720090388,5.320960744284059,29.08723470829418,0.0,0.0,0.0,10.49878032715054,0.0,0.0,64.40476702526202,0.0,0.5458063744008539,15.606903064250943,0.0,0.0,0.0,0.0,1295.0160003662108,0.0,0.0,0.0,0.0,7.009179863333696,0.0,0.0,8.527632015943508,0.0,30.508568555116625,10.636336546391233,0.0,0.0,0.0,0.0
0.0,0.0,0.0,6.724417552351947,0.0,46.52914146333929,222.27806428968907,0.0,0.0,0.0,98.53688928112376,0.0,0.0,143.8501440733671,0.0,1.2403910756111134,153.67497403621658,0.0,0.0,0.0,0.0,2356.9499420166017,0.0,0.0,0.0,0.0,20.206583350896828,0.0,0.0,47.58329066336155,0.0,155.7557077407837,44.75548814237117,0.0,0.0,0.0,0.0
0.0,0.0,0.0,17.202537178993225,0.0,174.02410857379436,654.4410185933114,0.0,0.0,0.0,347.7400090783833,0.0,0.0,287.0548168569803,0.0,2.055025428533554,438.9656981945038,0.0,0.0,0.0,0.0,3089.834576416016,0.0,0.0,0.0,0.0,45.975173646211616,0.0,2012.6909739136693,176.8373795032501,0.0,346.0017284154892,106.7067305147648,0.0,0.0,0.0,0.0
0.0,0.0,0.0,34.528459310531616,0.0,260.50351414084435,1083.851802867651,0.0,0.0,0.0,822.2590593844651,0.0,0.0,481.5380614995957,0.0,2.679333537817001,830.2037231445313,0.0,0.0,0.0,0.0,3644.363134765625,0.0,0.0,0.0,0.0,67.74934877157212,0.0,0.0,273.9756914913654,0.0,456.4398744106293,164.78020876646042,0.0,0.0,0.0,0.0
0.0,0.0,0.0,0.0,0.0,282.6534560322761,1353.9006501674653,0.0,0.0,0.0,1168.2211106061936,0.0,0.0,578.2744918018578,0.0,3.781050950288772,1093.4187988758088,0.0,0.0,0.0,0.0,3896.238458251953,0.0,0.0,0.0,0.0,79.94587523937226,0.0,0.0,326.8072576582432,0.0,499.54477286338806,185.3775798678398,0.0,0.0,0.0,0.0
0.0,0.0,0.0,0.0,0.0,296.7643723189831,1501.236196607351,0.0,0.0,0.0,1502.2717257082463,0.0,0.0,670.8841212838887,0.0,4.686953395605087,1278.3227778434753,0.0,0.0,0.0,0.0,3980.6369018554688,0.0,0.0,0.0,0.0,0.0,0.0,0.0,350.2908200740814,0.0,0.0,195.88464778661728,0.0,0.0,0.0,0.0
0.0,0.0,0.0,0.0,0.0,299.93419674038887,0.0,0.0,0.0,0.0,0.0,0.0,0.0,748.7919005006552,0.0,5.375792652368545,1372.306659579277,0.0,0.0,0.0,0.0,3914.524633789063,0.0,0.0,0.0,0.0,0.0,0.0,0.0,354.81594569087025,0.0,0.0,0.0,0.0,0.0,0.0,0.0
0.0,0.0,0.0,0.0,0.0,292.246761739254,0.0,0.0,0.0,0.0,0.0,0.0,0.0,0.0,0.0,5.680090010166167,1365.63230137825,0.0,0.0,0.0,0.0,3719.419403076172,0.0,0.0,0.0,0.0,0.0,0.0,0.0,346.9350212752819,0.0,0.0,0.0,0.0,0.0,0.0,0.0
0.0,0.0,0.0,0.0,0.0,0.0,0.0,0.0,0.0,0.0,0.0,0.0,0.0,0.0,0.0,0.0,1356.811479973793,0.0,0.0,0.0,0.0,0.0,0.0,0.0,0.0,0.0,0.0,0.0,0.0,346.75174723267554,0.0,0.0,0.0,0.0,0.0,0.0,0.0
0.0,0.0,0.0,0.0,0.0,245.3903610408306,0.0,0.0,0.0,0.0,0.0,0.0,0.0,0.0,0.0,0.0,1268.2383720874786,0.0,0.0,0.0,0.0,0.0,0.0,0.0,0.0,0.0,0.0,0.0,0.0,0.0,0.0,0.0,0.0,0.0,0.0,0.0,0.0
0.0,0.0,0.0,0.0,0.0,0.0,0.0,0.0,0.0,0.0,0.0,0.0,0.0,0.0,0.0,0.0,1141.800265789032,0.0,0.0,0.0,0.0,0.0,0.0,0.0,0.0,0.0,0.0,0.0,0.0,0.0,0.0,0.0,0.0,0.0,0.0,0.0,0.0
0.0,0.0,0.0,0.0,0.0,0.0,0.0,0.0,0.0,0.0,0.0,0.0,0.0,0.0,0.0,0.0,0.0,0.0,0.0,0.0,0.0,0.0,0.0,0.0,0.0,0.0,0.0,0.0,0.0,0.0,0.0,0.0,0.0,0.0,0.0,0.0,0.0
0.0,0.0,0.0,0.0,0.0,0.0,0.0,0.0,0.0,0.0,0.0,0.0,0.0,0.0,0.0,0.0,0.0,0.0,0.0,0.0,0.0,0.0,0.0,0.0,0.0,0.0,0.0,0.0,0.0,0.0,0.0,0.0,0.0,0.0,0.0,0.0,0.0
0.0,0.0,0.0,0.0,0.0,0.0,0.0,0.0,0.0,0.0,0.0,0.0,0.0,0.0,0.0,0.0,0.0,0.0,0.0,0.0,0.0,0.0,0.0,0.0,0.0,0.0,0.0,0.0,0.0,0.0,0.0,0.0,0.0,0.0,0.0,0.0,0.0
0.0,0.0,0.0,0.0,0.0,0.0,0.0,0.0,0.0,0.0,0.0,0.0,0.0,0.0,0.0,0.0,0.0,0.0,0.0,0.0,0.0,0.0,0.0,0.0,0.0,0.0,0.0,0.0,0.0,0.0,0.0,0.0,0.0,0.0,0.0,0.0,0.0
0.0,0.0,0.0,0.0,0.0,0.0,0.0,0.0,0.0,0.0,0.0,0.0,0.0,0.0,0.0,0.0,0.0,0.0,0.0,0.0,0.0,0.0,0.0,0.0,0.0,0.0,0.0,0.0,0.0,0.0,0.0,0.0,0.0,0.0,0.0,0.0,0.0
0.0,0.0,0.0,0.0,0.0,0.0,0.0,0.0,0.0,0.0,0.0,0.0,0.0,0.0,0.0,0.0,0.0,0.0,0.0,0.0,0.0,0.0,0.0,0.0,0.0,0.0,0.0,0.0,0.0,0.0,0.0,0.0,0.0,0.0,0.0,0.0,0.0
0.0,0.0,0.0,0.0,0.0,0.0,0.0,0.0,0.0,0.0,0.0,0.0,0.0,0.0,0.0,0.0,0.0,0.0,0.0,0.0,0.0,0.0,0.0,0.0,0.0,0.0,0.0,0.0,0.0,0.0,0.0,0.0,0.0,0.0,0.0,0.0,0.0
0.0,0.0,0.0,0.0,0.0,0.0,0.0,0.0,0.0,0.0,0.0,0.0,0.0,0.0,0.0,0.0,0.0,0.0,0.0,0.0,0.0,0.0,0.0,0.0,0.0,0.0,0.0,0.0,0.0,0.0,0.0,0.0,0.0,0.0,0.0,0.0,0.0
0.0,0.0,0.0,0.0,0.0,0.69252459006384,0.0,0.0,0.0,0.0,1.965650610485932,0.0,0.0,0.0,0.0,0.0,0.0,0.0,0.0,0.0,0.0,0.0,0.0,0.0,0.0,0.0,0.0,0.0,0.0,0.0,0.0,0.289365872740721,0.0,0.0,0.0,0.0,0.0
0.0,0.0,0.0,0.0,0.0,0.0,0.0,0.0,0.0,0.0,0.0,0.0,0.0,9.18244963278979,0.0,0.0,0.0,0.0,0.0,0.0,0.0,0.0,0.0,0.0,0.0,0.0,0.0,0.0,0.0,0.464227268844836,0.0,0.0,0.0,0.0,0.0,0.0,0.0
0.0,0.0,0.0,0.037121754139659,1.888288438320044,0.0,0.0,0.0,0.0,0.0,1.856851769890454,0.0,0.0,3.0029306700452083,0.0,0.0,2.0390910148618584,0.0,0.0,0.0,0.0,0.0,0.0,0.0,0.0,0.0,0.5014514751732277,0.0,0.0,0.4205790162086244,0.0,0.4006493985652816,0.0,0.0,0.0,0.0,0.0
0.0,0.0,0.0,0.0322784706950158,3.3901583403348763,0.0,0.0,0.0,0.0,0.0,1.5581606137564437,0.0,0.0,0.7818441139533797,0.0,0.0,10.047144174575664,0.0,0.0,0.0,0.0,39.71437931060788,0.0,0.0,0.0,0.0,0.3684971284121252,0.0,0.0,0.4578629359602921,0.0,0.0,0.0,0.0,0.0,0.0,0.0
0.0,0.0,0.0,0.0452513657510275,41.37552770227194,0.0,0.0,0.0,0.0,0.0,2.25982185802401,0.0,0.0,30.64407838508481,0.0,0.0,1.9087980508803124,0.0,0.0,0.0,0.0,461.6580986022946,0.0,0.0,0.0,0.0,2.302323412895203,0.0,19.8894581824541,0.8144969545304673,0.0,0.0,2.911885779350979,0.0,0.0,0.0,0.0
0.0,0.0,0.0,1.3400714769959414,194.40692046284664,0.0,0.0,0.0,0.0,0.0,21.736789268255155,0.0,0.0,94.32311698794356,0.0,0.0,14.85499131679521,0.0,0.0,0.0,0.0,1479.5035919189454,0.0,0.0,0.0,63.99182074666021,9.504920749366278,0.0,262.3817984744905,6.407729258388281,0.0,0.0,16.82665682956575,0.0,0.0,0.0,0.0
0.0,0.0,0.0,6.0295725017786,519.5074462890625,0.0,0.0,0.0,0.0,0.0,151.048844063282,0.0,0.0,234.9462232738733,0.0,0.0,152.83248232603069,0.0,0.0,0.0,0.0,2454.9759674072266,0.0,0.0,0.0,318.9091546535492,26.14934818148613,0.0,1131.4980430126188,39.52862259596586,0.0,0.0,62.533388346433625,0.0,0.0,0.0,0.0
0.0,0.0,0.0,15.696917772293087,1070.723709821701,0.0,0.0,0.0,0.0,0.0,498.7289436921476,0.0,0.0,454.17188152670855,0.0,0.0,433.5472023725509,0.0,0.0,0.0,0.0,3168.971731567383,0.0,0.0,0.0,625.2261073112488,52.195311713218686,0.0,1930.8530947804447,154.29846801757813,0.0,0.0,122.64039349555968,0.0,0.0,0.0,0.0
0.0,0.0,0.0,31.91153645515442,1544.5119178295135,0.0,0.0,0.0,0.0,0.0,0.0,0.0,0.0,718.66269916296,0.0,0.0,816.8939230322837,0.0,0.0,0.0,0.0,3708.305810546875,0.0,0.0,0.0,797.9862261772156,72.42567944526672,0.0,2451.422639441489,260.6526854813099,0.0,0.0,174.90383356809616,0.0,0.0,0.0,0.0
0.0,0.0,0.0,48.73514199256897,1823.303467988968,0.0,0.0,0.0,0.0,0.0,0.0,0.0,0.0,861.4620347321033,0.0,5.7539322674274445,1066.6003885030746,0.0,0.0,0.0,0.0,3919.472216796875,0.0,0.0,0.0,837.1598482131959,83.37626957893372,0.0,2635.4,311.8957047879696,0.0,0.0,190.6877850294113,0.0,0.0,0.0,0.0
0.0,0.0,0.0,61.912487149238586,1964.6148056983943,323.0128424167633,0.0,0.0,0.0,0.0,1877.468978011608,0.0,0.0,935.3250911831856,0.0,6.323377549648285,1235.0780160427094,0.0,0.0,0.0,0.0,3965.503533935547,0.0,0.0,0.0,845.094199514389,88.30682710409164,0.0,0.0,334.74797692894936,0.0,0.0,198.1661832332611,0.0,0.0,0.0,0.0
0.0,0.0,0.0,62.0,1983.013565301895,0.0,0.0,0.0,0.0,0.0,2011.715510046482,0.0,0.0,978.3398187160492,0.0,6.91290682554245,1316.0531933069228,0.0,0.0,0.0,0.0,3875.297872924805,0.0,0.0,0.0,826.6001834392548,88.1968868970871,0.0,0.0,341.2630153417587,0.0,539.1283198595047,195.27823972702024,0.0,0.0,0.0,0.0
0.0,0.0,0.0,62.0,0.0,0.0,0.0,0.0,0.0,0.0,1978.8588217318056,0.0,0.0,0.0,0.0,6.931966066360474,1302.4825008392334,0.0,0.0,0.0,0.0,3678.1382110595705,0.0,0.0,0.0,787.4469110012054,83.95297716856003,0.0,0.0,337.8744137227535,0.0,516.8822357654572,186.59706729650495,0.0,0.0,0.0,0.0
0.0,0.0,0.0,0.0,0.0,0.0,0.0,0.0,0.0,0.0,0.0,0.0,0.0,0.0,0.0,5.942776978015899,1299.7077387332915,0.0,0.0,0.0,0.0,3339.939297485352,0.0,0.0,0.0,0.0,0.0,0.0,0.0,341.53007715940475,0.0,0.0,0.0,0.0,0.0,0.0,0.0
0.0,0.0,0.0,0.0,1497.3778269290924,260.1131477057934,1317.6576475858687,0.0,0.0,0.0,0.0,0.0,0.0,0.0,24.92684045433998,0.0,1221.5174969673158,0.0,0.0,0.0,0.0,0.0,0.0,0.0,0.0,703.3411075592041,0.0,0.0,0.0,0.0,0.0,0.0,0.0,0.0,0.0,0.0,0.0
0.0,0.0,0.0,0.0,0.0,0.0,0.0,0.0,0.0,0.0,0.0,0.0,0.0,0.0,0.0,0.0,1090.3081922531128,0.0,0.0,0.0,0.0,0.0,0.0,0.0,0.0,0.0,0.0,0.0,0.0,0.0,0.0,0.0,0.0,0.0,0.0,0.0,0.0
0.0,0.0,0.0,0.0,0.0,0.0,0.0,0.0,0.0,0.0,0.0,0.0,0.0,0.0,0.0,0.0,0.0,0.0,0.0,0.0,0.0,0.0,0.0,0.0,0.0,0.0,0.0,0.0,0.0,0.0,0.0,0.0,0.0,0.0,0.0,0.0,0.0
0.0,0.0,0.0,0.0,0.0,0.0,0.0,0.0,0.0,0.0,0.0,0.0,0.0,0.0,0.0,0.0,0.0,0.0,0.0,0.0,0.0,0.0,0.0,0.0,0.0,0.0,0.0,0.0,0.0,0.0,0.0,0.0,0.0,0.0,0.0,0.0,0.0
0.0,0.0,0.0,0.0,0.0,0.0,0.0,0.0,0.0,0.0,0.0,0.0,0.0,0.0,0.0,0.0,0.0,0.0,0.0,0.0,0.0,0.0,0.0,0.0,0.0,0.0,0.0,0.0,0.0,0.0,0.0,0.0,0.0,0.0,0.0,0.0,0.0
0.0,0.0,0.0,0.0,0.0,0.0,0.0,0.0,0.0,0.0,0.0,0.0,0.0,0.0,0.0,0.0,0.0,0.0,0.0,0.0,0.0,0.0,0.0,0.0,0.0,0.0,0.0,0.0,0.0,0.0,0.0,0.0,0.0,0.0,0.0,0.0,0.0
0.0,0.0,0.0,0.0,0.0,0.0,0.0,0.0,0.0,0.0,0.0,0.0,0.0,0.0,0.0,0.0,0.0,0.0,0.0,0.0,0.0,0.0,0.0,0.0,0.0,0.0,0.0,0.0,0.0,0.0,0.0,0.0,0.0,0.0,0.0,0.0,0.0
0.0,0.0,0.0,0.0,0.0,0.0,0.0,0.0,0.0,0.0,0.0,0.0,0.0,0.0,0.0,0.0,0.0,0.0,0.0,0.0,0.0,0.0,0.0,0.0,0.0,0.0,0.0,0.0,0.0,0.0,0.0,0.0,0.0,0.0,0.0,0.0,0.0
0.0,0.0,0.0,0.0,0.0,0.0,0.0,0.0,0.0,0.0,0.0,0.0,0.0,0.0,0.0,0.0,0.0,0.0,0.0,0.0,0.0,0.0,0.0,0.0,0.0,0.0,0.0,0.0,0.0,0.0,0.0,0.0,0.0,0.0,0.0,0.0,0.0
0.0,0.0,0.0,0.0,0.0,0.0,0.0,0.0,0.0,0.0,0.0,0.0,0.0,0.0,0.0,0.0,0.0,0.0,0.0,0.0,0.0,0.0,0.0,0.0,0.0,0.0,0.0,0.0,0.0,0.0,0.0,0.0,0.0,0.0,0.0,0.0,0.0
0.0,0.0,0.0,0.0,1.5731237269937464,0.0,0.0,0.0,0.0,0.0,0.0,0.0,0.0,0.001257574185729,0.0,0.0,0.0,0.0,0.0,0.0,0.0,0.0,0.0,0.0,0.0,0.0,1.432381119765336,0.0,0.0,0.0,0.0,0.0,0.6011922787874678,0.0,0.0,0.0,0.0
0.0,0.0,0.0,0.0,0.0,0.0,0.0,0.0,0.0,0.0,0.0,0.0,0.0,2.652522702701261,0.0,0.0,0.0,0.0,0.0,0.0,0.0,13.977088356017696,0.0,0.0,0.0,0.0,0.0,0.0,0.0,0.0,0.0,0.0,0.226553827524169,0.0,0.0,0.0,0.0
0.0,0.0,0.0,0.0,2.028472658246699,0.2187477853149065,0.0,0.0,0.0,0.0,1.8743868114426208,0.0,0.0,1.4285843586549014,0.0,0.0,0.0,0.0,0.0,0.0,0.0,9.102822113037004,0.0,0.0,0.0,0.0,3.178723862767218,0.0,0.0,0.0,0.0,0.0,0.0,0.0,0.0,0.0,0.0
0.0,0.0,0.0,0.0324904415756426,4.161799211055,0.0,0.0,0.0,0.0,0.0,1.6174407089127985,0.0,0.0,0.0,0.0,0.0,6.691272997856038,0.0,0.0,0.0,0.0,44.76896677017176,0.0,0.0,0.0,0.0,3.8970775827765434,0.0,0.0,1.0158974841236703,0.0,0.0,0.0,0.0,0.0,0.0,0.0
0.0,0.0,0.0,0.0520130693912488,42.64191333949555,0.3739218031987164,0.0,0.0,0.0,0.0,2.272114398935721,0.0,0.0,24.647267595864683,0.1412444561719873,0.1079829446971405,0.6783078670501468,0.0,0.0,0.0,0.0,467.4003002166744,0.0,0.0,0.0,0.0,9.912993213534351,0.0,4.988161112368037,4.308181822299928,0.0,0.0,1.403708130121206,0.0,0.0,0.0,0.0
0.0,0.0,0.0,1.2615504413843124,202.6254068315028,4.159752918872952,68.73506228998298,0.0,0.0,0.0,17.270649149082576,0.0,0.0,110.20522054284812,0.0,0.4495371878147124,14.212964463233805,0.0,0.0,0.0,0.0,1449.8642669677731,0.0,0.0,0.0,0.0,25.890687549114222,0.0,121.31293984800573,26.551838637888416,0.0,39.97156593203543,9.516022630035868,0.0,0.0,0.0,0.0
0.0,0.0,0.0,5.668907657265661,539.8758124113083,32.183258142322266,369.6591470375657,0.0,0.0,0.0,127.53337646536518,0.0,0.0,312.7723796665668,0.0,0.9082770049571984,152.7171430230139,0.0,0.0,0.0,0.0,2403.901190185547,0.0,0.0,0.0,438.53318939208987,52.20039812326432,0.0,719.4089121341706,114.8937639325857,0.0,173.2713965177536,39.004994019865975,0.0,0.0,0.0,0.0
0.0,0.0,0.0,13.80740275979042,1081.0564978122711,141.93355514109135,802.97714599967,0.0,0.0,0.0,411.6082289099693,0.0,0.0,601.4826876670121,19.19857202768326,1.3209267705678926,433.320200896263,0.0,0.0,0.0,0.0,3081.692630004882,0.0,0.0,0.0,653.0210740089417,72.99518762826919,0.0,1375.583018887043,246.21480533480644,0.0,347.85417234897614,93.764145642519,0.0,0.0,0.0,0.0
0.0,0.0,0.0,27.350506067276,1525.4898562431335,239.57513070106504,1183.488236683607,0.0,0.0,0.0,917.3930275142192,0.0,0.0,908.2691963016988,25.579766947031025,1.8883965462446213,808.3895799279212,0.0,0.0,0.0,0.0,3620.5943115234377,0.0,0.0,0.0,793.328967666626,88.4153215765953,0.0,1886.912838470936,312.5310251235962,0.0,446.6972665786743,151.89522069692612,0.0,0.0,0.0,0.0
0.0,0.0,0.0,41.166542410850525,1760.0268394947052,263.04930582642555,1382.4739694476125,0.0,0.0,0.0,1288.8103224277495,0.0,0.0,1044.1534899175167,29.37835105061531,3.157999083399772,1048.0413018226625,0.0,0.0,0.0,0.0,3814.333905029297,0.0,0.0,0.0,827.6076500415801,96.1453712940216,0.0,2123.9225232601166,345.9861294090748,0.0,466.8022001981735,169.240642786026,0.0,0.0,0.0,0.0
0.0,0.0,0.0,51.57080078125,1875.3165175914764,276.5997955799103,1468.9664805591106,0.0,0.0,0.0,1542.759664106369,0.0,0.0,1096.172129958868,30.57113106250763,4.33356475830078,1213.547195672989,0.0,0.0,0.0,0.0,3862.0668365478514,0.0,0.0,0.0,833.5154397964478,98.18197221755982,0.0,2241.2579681038856,356.05542368292816,0.0,472.0917446613312,178.68953973054886,0.0,0.0,0.0,0.0
0.0,0.0,0.0,58.21189939975738,1891.0814416408537,280.4636461734772,1468.870013397932,0.0,0.0,0.0,1619.4030739545822,0.0,0.0,1084.7901844978333,30.25354887843132,5.158879011869431,1285.8517009973525,0.0,0.0,0.0,0.0,3772.855526733399,0.0,0.0,0.0,813.676519870758,95.6879163146019,0.0,2286.3348703503607,353.4849946916103,0.0,472.1688550710678,180.30941051244736,0.0,0.0,0.0,0.0
0.0,0.0,0.0,59.88044548034668,1821.633719921112,274.87079802155495,1404.4757353663442,0.0,0.0,0.0,1577.3655591666698,0.0,0.0,1027.0079624652865,28.5795491874218,5.519805490970611,1264.9333678722385,0.0,0.0,0.0,0.0,3577.2842193603515,0.0,0.0,0.0,784.0002920627594,89.59501751661301,0.0,2259.747628593445,345.20753104090693,0.0,466.1033983230591,174.84036880731583,0.0,0.0,0.0,0.0
0.0,0.0,0.0,54.4600293636322,1636.8032410144806,0.0,1307.8756598472596,0.0,0.0,0.0,0.0,0.0,0.0,875.3470194339752,25.26026419401169,0.0,1258.592893052101,0.0,0.0,0.0,0.0,3267.3549194335938,0.0,0.0,0.0,0.0,79.35073014497758,0.0,0.0,346.6521203815937,0.0,0.0,159.52856093645096,0.0,0.0,0.0,0.0
0.0,0.0,0.0,0.0,0.0,0.0,0.0,0.0,0.0,0.0,0.0,0.0,0.0,0.0,0.0,0.0,1166.651289176941,0.0,0.0,0.0,0.0,2748.771844482422,0.0,0.0,0.0,0.0,0.0,0.0,0.0,0.0,0.0,0.0,0.0,0.0,0.0,0.0,0.0
0.0,0.0,0.0,0.0,0.0,0.0,0.0,0.0,0.0,0.0,0.0,0.0,0.0,0.0,0.0,0.0,1017.9164776682852,0.0,0.0,0.0,0.0,0.0,0.0,0.0,0.0,0.0,0.0,0.0,0.0,0.0,0.0,0.0,0.0,0.0,0.0,0.0,0.0
0.0,0.0,0.0,0.0,0.0,0.0,0.0,0.0,0.0,0.0,0.0,0.0,0.0,0.0,0.0,0.0,0.0,0.0,0.0,0.0,0.0,0.0,0.0,0.0,0.0,0.0,0.0,0.0,0.0,0.0,0.0,0.0,0.0,0.0,0.0,0.0,0.0
0.0,0.0,0.0,0.0,0.0,0.0,0.0,0.0,0.0,0.0,0.0,0.0,0.0,0.0,0.0,0.0,0.0,0.0,0.0,0.0,0.0,0.0,0.0,0.0,0.0,0.0,0.0,0.0,0.0,0.0,0.0,0.0,0.0,0.0,0.0,0.0,0.0
0.0,0.0,0.0,0.0,0.0,0.0,0.0,0.0,0.0,0.0,0.0,0.0,0.0,0.0,0.0,0.0,0.0,0.0,0.0,0.0,0.0,0.0,0.0,0.0,0.0,0.0,0.0,0.0,0.0,0.0,0.0,0.0,0.0,0.0,0.0,0.0,0.0
0.0,0.0,0.0,0.0,0.0,0.0,0.0,0.0,0.0,0.0,0.0,0.0,0.0,0.0,0.0,0.0,0.0,0.0,0.0,0.0,0.0,0.0,0.0,0.0,0.0,0.0,0.0,0.0,0.0,0.0,0.0,0.0,0.0,0.0,0.0,0.0,0.0
0.0,0.0,0.0,0.0,0.0,0.0,0.0,0.0,0.0,0.0,0.0,0.0,0.0,0.0,0.0,0.0,0.0,0.0,0.0,0.0,0.0,0.0,0.0,0.0,0.0,0.0,0.0,0.0,0.0,0.0,0.0,0.0,0.0,0.0,0.0,0.0,0.0
0.0,0.0,0.0,0.0,0.0,0.0,0.0,0.0,0.0,0.0,0.0,0.0,0.0,0.0,0.0,0.0,0.0,0.0,0.0,0.0,0.0,0.0,0.0,0.0,0.0,0.0,0.0,0.0,0.0,0.0,0.0,0.0,0.0,0.0,0.0,0.0,0.0
0.0,0.0,0.0,0.0,0.0,0.0,0.0,0.0,0.0,0.0,0.0,0.0,0.0,0.0,0.0,0.0,0.0,0.0,0.0,0.0,0.0,0.0,0.0,0.0,0.0,0.0,0.0,0.0,0.0,0.0,0.0,0.0,0.0,0.0,0.0,0.0,0.0
0.0,0.0,0.0,0.0,0.0,0.0,0.0,0.0,0.0,0.0,0.0,0.0,0.0,0.1236548228189349,0.0,0.0,0.0,0.0,0.0,0.0,0.0,0.0,0.0,0.0,0.0,0.0,0.0,0.0,0.0,0.0,0.0,0.0,0.4099474372342219,0.0,0.0,0.0,0.0
0.0,0.0,0.0,0.0,0.0,0.0,0.0,0.0,0.0,0.0,0.0,0.0,0.0,4.525369326583948,0.0,0.0270142965018745,0.0,0.0,0.0,0.0,0.0,0.0,0.0,0.0,0.0,0.0,0.0,0.0,0.0,0.0,0.0,0.0,0.6708827400580019,0.0,0.0,0.0,0.0
0.0,0.0,0.0,0.0,0.0,0.0,0.0,0.0,0.0,0.0,0.0,0.0,0.0,3.506981767713905,0.0,0.0189834861084817,0.0,0.0,0.0,0.0,0.0,27.316707897185957,0.0,0.0,0.0,0.0,0.0,0.0,0.0,0.0,0.0,0.0,0.1922029145061794,0.0,0.0,0.0,0.0
0.0,0.0,0.0,0.0619408823549706,2.089534133672529,0.0,0.0,0.0,0.0,0.0,0.0,0.0,0.0,1.2983599910512431,0.0,0.0,0.0282526135444641,0.0,0.0,0.0,0.0,11.648088550567378,0.0,0.0,0.0,0.0,0.6809566803276487,0.0,0.0,0.0,0.0,0.0,0.0,0.0,0.0,0.0,0.0
0.0,0.0,0.0,0.050618311390275,4.886141825467169,0.0,0.0,0.0,0.0,0.0,1.6813403074627822,0.0,0.0,0.0,0.0,0.0,6.676748335361345,0.0,0.0,0.0,0.0,0.0,0.0,0.0,0.0,0.0,0.0,0.0,0.0,0.855983735620955,0.0,0.0,0.0,0.0,0.0,0.0,0.0
0.0,0.0,0.0,0.1593993883579915,17.129102639853755,0.4289688630960617,0.0,0.0,0.0,0.0,3.203478330420141,0.0,0.0,27.27114207576949,0.0,0.0877522178925561,0.0,0.0,0.0,0.0,0.0,88.13155536651573,0.0,0.0,0.0,0.0,0.2220263347029684,0.0,6.781527958810152,0.9707526028156244,0.0,2.3602324873208675,1.900559687986969,0.0,0.0,0.0,0.0
0.0,0.0,0.0,0.4262169692665328,100.22756108641612,1.5841242023743505,30.21088674031188,0.0,0.0,0.0,21.753389813937087,0.0,0.0,103.7895436584949,0.3367053654044839,0.5114762336015696,11.158495354652333,0.0,0.0,0.0,0.0,458.72770271301226,0.0,0.0,0.0,19.503509898483685,3.6341404736041976,0.0,125.49473973363618,6.672125846892596,0.0,32.77389540523286,12.475884642451978,0.0,0.0,0.0,0.0
0.0,0.0,0.0,2.665619917213915,291.74767392873764,11.408808698877683,155.98564299866553,0.0,0.0,0.0,148.09748148769123,0.0,0.0,271.3725139573216,2.872311799228189,1.1580560579895969,129.91759032011032,0.0,0.0,0.0,0.0,1178.4707611083984,0.0,0.0,0.0,86.5980168163776,8.083426445722575,0.0,732.432744538784,40.82961759120224,0.0,153.6903938651085,48.5175521969795,0.0,0.0,0.0,0.0
0.0,0.0,0.0,7.549686074256893,638.8335785865784,57.97809159755703,412.8333468824625,0.0,0.0,0.0,437.3460336387157,0.0,0.0,506.5093649923801,8.48559348285198,2.0708137899637213,383.1699120044706,0.0,0.0,0.0,0.0,1988.859652709961,0.0,0.0,0.0,287.05979974269866,15.841748467087744,0.0,1400.2315536022186,152.77702635526657,0.0,338.8138110637665,88.38900873064995,0.0,0.0,0.0,0.0
0.0,0.0,0.0,0.0,1119.8880095481873,141.59372769296166,784.4653334975243,0.0,0.0,0.0,913.5776059001684,0.0,0.0,753.1362104415892,16.223970580101014,2.9946261644363403,719.415726184845,0.0,0.0,0.0,0.0,2667.3070220947266,0.0,0.0,0.0,545.2653231620789,38.43241093158722,0.0,1925.7501263022425,255.8368800163269,0.0,441.953271985054,128.03324779868123,0.0,0.0,0.0,0.0
0.0,0.0,0.0,0.0,1428.3986537456512,174.06408201158047,1067.373144584894,0.0,0.0,0.0,1270.2928438842296,0.0,0.0,871.3519167900085,23.031931400299072,4.157898485660552,947.8778196930886,0.0,0.0,0.0,0.0,2820.348291015625,0.0,0.0,0.0,654.1240437507629,52.13248957395554,0.0,2183.5769567728044,303.61716333031654,0.0,476.0821455717087,142.70371928811073,0.0,0.0,0.0,0.0
0.0,0.0,0.0,0.0,1634.8802371025083,187.5937334150076,1240.2691341459752,0.0,0.0,0.0,1519.6483818650245,0.0,0.0,943.1215503811836,27.18224741220474,5.081275969743729,1103.120047712326,0.0,0.0,0.0,0.0,2856.764468383789,0.0,0.0,0.0,0.0,61.27275671958923,0.0,2369.0597919940947,329.44579936265944,0.0,489.50333976745605,152.0946963429451,0.0,0.0,0.0,0.0
0.0,0.0,0.0,0.0,1732.177525281906,193.38483864068985,1326.9708992123603,0.0,0.0,0.0,1594.1218965411183,0.0,0.0,956.2167102098464,28.651384323835373,5.646493613719939,1178.3082807540893,0.0,0.0,0.0,0.0,2816.330145263672,0.0,0.0,0.0,0.0,65.72890261411666,0.0,0.0,339.5056745409965,0.0,489.2656574249268,154.87549722194672,0.0,0.0,0.0,0.0
0.0,0.0,0.0,0.0,0.0,193.87822583317757,0.0,0.0,0.0,0.0,1583.5816307425498,0.0,0.0,939.1266298294069,0.0,5.749581038951874,1170.1998419523238,0.0,0.0,0.0,0.0,2733.800897216797,0.0,0.0,0.0,0.0,0.0,0.0,0.0,339.2056458890438,0.0,473.1116186380386,152.37641072273254,0.0,0.0,0.0,0.0
0.0,0.0,0.0,0.0,0.0,0.0,0.0,0.0,0.0,0.0,0.0,0.0,0.0,799.0807102620602,0.0,4.787729024887085,1185.651263713837,0.0,0.0,0.0,0.0,2415.7940216064453,0.0,0.0,0.0,0.0,0.0,0.0,0.0,0.0,0.0,0.0,139.9861735999584,0.0,0.0,0.0,0.0
0.0,0.0,0.0,0.0,0.0,0.0,0.0,0.0,0.0,0.0,0.0,0.0,0.0,0.0,0.0,3.7474359571933737,1108.9904627799988,0.0,0.0,0.0,0.0,0.0,0.0,0.0,0.0,0.0,0.0,0.0,0.0,0.0,0.0,0.0,0.0,0.0,0.0,0.0,0.0
0.0,0.0,0.0,0.0,0.0,0.0,0.0,0.0,0.0,0.0,0.0,0.0,0.0,0.0,0.0,0.0,975.8886006712912,0.0,0.0,0.0,0.0,0.0,0.0,0.0,0.0,0.0,0.0,0.0,0.0,0.0,0.0,0.0,0.0,0.0,0.0,0.0,0.0
0.0,0.0,0.0,0.0,0.0,0.0,0.0,0.0,0.0,0.0,0.0,0.0,0.0,0.0,0.0,0.0,0.0,0.0,0.0,0.0,0.0,0.0,0.0,0.0,0.0,0.0,0.0,0.0,0.0,0.0,0.0,0.0,0.0,0.0,0.0,0.0,0.0
0.0,0.0,0.0,0.0,0.0,0.0,0.0,0.0,0.0,0.0,0.0,0.0,0.0,0.0,0.0,0.0,0.0,0.0,0.0,0.0,0.0,0.0,0.0,0.0,0.0,0.0,0.0,0.0,0.0,0.0,0.0,0.0,0.0,0.0,0.0,0.0,0.0
0.0,0.0,0.0,0.0,0.0,0.0,0.0,0.0,0.0,0.0,0.0,0.0,0.0,0.0,0.0,0.0,0.0,0.0,0.0,0.0,0.0,0.0,0.0,0.0,0.0,0.0,0.0,0.0,0.0,0.0,0.0,0.0,0.0,0.0,0.0,0.0,0.0
0.0,0.0,0.0,0.0,0.0,0.0,0.0,0.0,0.0,0.0,0.0,0.0,0.0,0.0,0.0,0.0,0.0,0.0,0.0,0.0,0.0,0.0,0.0,0.0,0.0,0.0,0.0,0.0,0.0,0.0,0.0,0.0,0.0,0.0,0.0,0.0,0.0
0.0,0.0,0.0,0.0,0.0,0.0,0.0,0.0,0.0,0.0,0.0,0.0,0.0,0.0,0.0,0.0,0.0,0.0,0.0,0.0,0.0,0.0,0.0,0.0,0.0,0.0,0.0,0.0,0.0,0.0,0.0,0.0,0.0,0.0,0.0,0.0,0.0
0.0,0.0,0.0,0.0,0.0,0.0,0.0,0.0,0.0,0.0,0.0,0.0,0.0,0.0,0.0,0.0,0.0,0.0,0.0,0.0,0.0,0.0,0.0,0.0,0.0,0.0,0.0,0.0,0.0,0.0,0.0,0.0,0.0,0.0,0.0,0.0,0.0
0.0,0.0,0.0,0.0,0.0,0.0,0.0,0.0,0.0,0.0,0.0,0.0,0.0,0.0,0.0,0.0,0.0,0.0,0.0,0.0,0.0,0.0,0.0,0.0,0.0,0.0,0.0,0.0,0.0,0.0,0.0,0.0,0.0,0.0,0.0,0.0,0.0
0.0,0.0,0.0,0.0,0.0,0.0,0.0,0.0,0.0,0.0,0.0,0.0,0.0,0.0,0.0,0.0,0.0,0.0,0.0,0.0,0.0,0.0,0.0,0.0,0.0,0.0,0.0,0.0,0.0,0.0496728420257457,0.0,0.0,0.0,0.0,0.0,0.0,0.0
0.0,0.0,0.0,0.0,0.0,0.0,0.0,0.0,0.0,0.0,0.0,0.0,0.0,3.403485119342724,0.0,0.0,0.3259162664412143,0.0,0.0,0.0,0.0,0.0,0.0,0.0,0.0,0.0,0.0,0.0,0.0,0.0,0.0,0.0,0.0,0.0,0.0,0.0,0.0
0.0,0.0,0.0,0.0,0.0,0.0,0.0,0.0,0.0,0.0,0.0,0.0,0.0,2.814018558710687,0.0,0.0,1.061955070495432,0.0,0.0,0.0,0.0,0.0,0.0,0.0,0.0,0.0,1.690045340359202,0.0,0.0,0.0,0.0,0.0,0.0,0.0,0.0,0.0,0.0
0.0,0.0,0.0,0.0,2.241321709006823,0.0,0.0,0.0,0.0,0.0,1.8358372675254524,0.0,0.0,1.1812092736363042,0.0,0.0,4.218219387531115,0.0,0.0,0.0,0.0,7.387678337097047,0.0,0.0,0.0,0.0,0.0,0.0,0.0,0.589358312636578,0.0,0.4958847016096106,0.0,0.0,0.0,0.0,0.0
0.0,0.0,0.0,0.0,5.699576847255144,0.0,2.009173426032,0.0,0.0,0.0,1.5520259980110749,0.0,0.0,0.0,0.0,0.0167359672486773,12.024581980705165,0.0,0.0,0.0,0.0,0.0,0.0,0.0,0.0,0.0,0.0,0.0,0.0,0.6762242808937811,0.0,0.5607414096593736,0.0,0.0,0.0,0.0,0.0
0.0,0.0,0.0,0.0589150283485594,17.662691451608964,0.4632482649758074,9.22826487347477,0.0,0.0,0.0,2.2584985186344806,0.0,0.0,28.84974763728673,0.0,0.1476793931797145,3.1880714893340856,0.0,0.0,0.0,0.0,37.9779356479644,0.0,0.0,0.0,0.0,0.0,0.0,3.495743897557161,0.0,0.0,2.022825106978379,1.3262234684079823,0.0,0.0,0.0,0.0
0.0,0.0,0.0,0.4430244816467164,115.1665185689925,3.78737843967973,67.87387301474797,0.0,0.0,0.0,14.486701190750903,0.0,0.0,88.20470560342068,2.7143167600035656,0.4312102869153014,14.94244571924208,0.0,0.0,0.0,0.0,210.95815200805632,0.0,0.0,0.0,27.691714695095943,2.638316939771172,0.0,97.10623775571564,0.0,0.0,0.0,4.271124698221682,0.0,0.0,0.0,0.0
0.0,0.0,0.0,2.4400660395622213,317.82586836814863,37.63987524807451,223.44337671697127,0.0,0.0,0.0,118.64229033067816,0.0,0.0,187.4941025488078,8.27577760219574,0.8182240873575211,148.75436158180233,0.0,0.0,0.0,0.0,534.62578125,0.0,0.0,0.0,180.46974977254865,10.979314595460888,0.0,606.9554998219013,0.0,0.0,0.0,12.050869181752178,0.0,0.0,0.0,0.0
0.0,0.0,0.0,7.367885619401931,655.1132754087448,154.18317829072475,452.3187431216239,0.0,0.0,0.0,415.8348117545246,0.0,0.0,359.57391913980246,17.209515345096587,1.200838811695575,424.7516305923461,0.0,0.0,0.0,0.0,1014.6369384765622,0.0,0.0,0.0,473.76469593048097,29.4228920340538,0.0,1241.4912357747555,0.0,0.0,0.0,30.427632927894585,0.0,0.0,0.0,0.0
0.0,0.0,0.0,15.610110759735104,1064.86288022995,244.1759350001812,733.6127238810061,0.0,0.0,0.0,888.5619015991688,0.0,0.0,550.9819681197405,24.11084343194961,2.015230730175971,797.3203162550926,0.0,0.0,0.0,0.0,1612.309909057617,0.0,0.0,0.0,641.4678320407868,0.0,0.0,1789.8631306290629,317.33115552663804,0.0,472.8461277484894,57.74191242456436,0.0,0.0,0.0,0.0
0.0,0.0,0.0,25.585832953453064,1346.1420888900757,266.7751921713352,992.7523501574992,0.0,0.0,0.0,1248.775485265255,0.0,0.0,651.9730279594659,27.220102286338808,2.793407127261161,1044.6513559103012,0.0,0.0,0.0,0.0,2004.8048522949216,0.0,0.0,0.0,690.2113101005555,0.0,0.0,2041.253208673,351.8314279556274,0.0,509.341383099556,78.07344406843185,0.0,0.0,0.0,0.0
0.0,0.0,0.0,36.80468034744263,1499.3102900981903,279.9256015717983,1169.9196408748626,0.0,0.0,0.0,1500.7062819600103,0.0,0.0,716.8550699949265,29.0969521343708,3.314783364534378,1218.7102535486222,0.0,0.0,0.0,0.0,2183.7250549316404,0.0,0.0,0.0,684.3751746177674,0.0,0.0,2171.535672783852,364.912513166666,0.0,523.1277842521667,91.71212419867514,0.0,0.0,0.0,0.0
0.0,0.0,0.0,43.22763800621033,1567.9392185211182,282.54689568281174,1284.2545330584048,0.0,0.0,0.0,1575.4721900105476,0.0,0.0,733.8718582689761,29.187687510252,3.511690109968185,1311.4463625907897,0.0,0.0,0.0,0.0,2254.7072265625,0.0,0.0,0.0,646.3549656391144,0.0,0.0,2242.9026174902915,363.9357389032841,0.0,519.1309604644775,0.0,0.0,0.0,0.0,0.0
0.0,0.0,0.0,46.62872493267059,1577.796268939972,0.0,0.0,0.0,0.0,0.0,1578.083658850193,0.0,0.0,722.7133399248122,28.64752435684204,3.605303317308425,1316.9973576545715,0.0,0.0,0.0,0.0,2263.995895385742,0.0,0.0,0.0,608.2464673995971,76.85542166233063,0.0,0.0,352.9120231449604,0.0,0.0,0.0,0.0,0.0,0.0,0.0
0.0,0.0,0.0,0.0,0.0,0.0,0.0,0.0,0.0,0.0,0.0,0.0,0.0,0.0,0.0,2.788522213697433,1331.869508910179,0.0,0.0,0.0,0.0,0.0,0.0,0.0,0.0,0.0,0.0,0.0,0.0,350.3202957510948,0.0,0.0,0.0,0.0,0.0,0.0,0.0
0.0,0.0,0.0,0.0,0.0,0.0,0.0,0.0,0.0,0.0,0.0,0.0,0.0,0.0,0.0,0.0,1259.8308600664138,0.0,0.0,0.0,0.0,0.0,0.0,0.0,0.0,0.0,0.0,0.0,0.0,0.0,0.0,0.0,0.0,0.0,0.0,0.0,0.0
0.0,0.0,0.0,0.0,0.0,0.0,0.0,0.0,0.0,0.0,0.0,0.0,0.0,0.0,0.0,0.0,0.0,0.0,0.0,0.0,0.0,0.0,0.0,0.0,0.0,0.0,0.0,0.0,0.0,0.0,0.0,0.0,0.0,0.0,0.0,0.0,0.0
0.0,0.0,0.0,0.0,0.0,0.0,0.0,0.0,0.0,0.0,0.0,0.0,0.0,0.0,0.0,0.0,0.0,0.0,0.0,0.0,0.0,0.0,0.0,0.0,0.0,0.0,0.0,0.0,0.0,0.0,0.0,0.0,0.0,0.0,0.0,0.0,0.0
0.0,0.0,0.0,0.0,0.0,0.0,0.0,0.0,0.0,0.0,0.0,0.0,0.0,0.0,0.0,0.0,0.0,0.0,0.0,0.0,0.0,0.0,0.0,0.0,0.0,0.0,0.0,0.0,0.0,0.0,0.0,0.0,0.0,0.0,0.0,0.0,0.0
0.0,0.0,0.0,0.0,0.0,0.0,0.0,0.0,0.0,0.0,0.0,0.0,0.0,0.0,0.0,0.0,0.0,0.0,0.0,0.0,0.0,0.0,0.0,0.0,0.0,0.0,0.0,0.0,0.0,0.0,0.0,0.0,0.0,0.0,0.0,0.0,0.0
0.0,0.0,0.0,0.0,0.0,0.0,0.0,0.0,0.0,0.0,0.0,0.0,0.0,0.0,0.0,0.0,0.0,0.0,0.0,0.0,0.0,0.0,0.0,0.0,0.0,0.0,0.0,0.0,0.0,0.0,0.0,0.0,0.0,0.0,0.0,0.0,0.0
0.0,0.0,0.0,0.0,0.0,0.0,0.0,0.0,0.0,0.0,0.0,0.0,0.0,0.0,0.0,0.0,0.0,0.0,0.0,0.0,0.0,0.0,0.0,0.0,0.0,0.0,0.0,0.0,0.0,0.0,0.0,0.0,0.0,0.0,0.0,0.0,0.0
0.0,0.0,0.0,0.0,0.0,0.0,0.0,0.0,0.0,0.0,0.0,0.0,0.0,0.0,0.0,0.0,0.0,0.0,0.0,0.0,0.0,0.0,0.0,0.0,0.0,0.0,0.0,0.0,0.0,0.0,0.0,0.0,0.0,0.0,0.0,0.0,0.0
0.0,0.0,0.0,0.0,0.0,0.0,0.0,0.0,0.0,0.0,0.0,0.0,0.0,0.0,0.0,0.0,0.0,0.0,0.0,0.0,0.0,0.0,0.0,0.0,0.0,0.0,0.0,0.0,0.0,0.0,0.0,0.0,0.0,0.0,0.0,0.0,0.0
0.0,0.0,0.0,0.0,0.0,0.0,0.0,0.0,0.0,0.0,0.0,0.0,0.0,0.0,0.0,0.0,0.0,0.0,0.0,0.0,0.0,0.0,0.0,0.0,0.0,0.0,0.0,0.0,0.0,0.0,0.0,0.0,0.0,0.0,0.0,0.0,0.0
0.0,0.0,0.0,0.0,0.0,0.0,0.0,0.0,0.0,0.0,0.0,0.0,0.0,0.8183792047201128,0.0,0.0,0.0,0.0,0.0,0.0,0.0,0.0,0.0,0.0,0.0,0.0,0.0,0.0,0.0,0.3851519703864771,0.0,0.0,0.0,0.0,0.0,0.0,0.0
0.0,0.0,0.0,0.0,0.0,0.0,0.0,0.0,0.0,0.0,0.0,0.0,0.0,0.0,0.0,0.0,0.0,0.0,0.0,0.0,0.0,0.0,0.0,0.0,0.0,0.0,0.0,0.0,0.0,0.4807604759931358,0.0,0.0,0.0,0.0,0.0,0.0,0.0
0.0,0.0,0.0,0.0363064371049358,0.0,0.0,0.0,0.0,0.0,0.0,0.0,0.0,0.0,0.0,0.0,0.0,4.446936857700226,0.0,0.0,0.0,0.0,0.0,0.0,0.0,0.0,0.0,0.0,0.0,0.0,0.590122735500301,0.0,0.3373714983463188,0.0,0.0,0.0,0.0,0.0
0.0,0.0,0.0,0.0452921316027588,3.386416021734449,0.0,0.0,0.0,0.0,0.0,0.0,0.0,0.0,0.0,0.0,0.0403949972242115,14.070169258117591,0.0,0.0,0.0,0.0,58.38670282363882,0.0,0.0,0.0,0.0,0.0,0.0,0.0,0.7669357940554306,0.0,0.421021401882144,0.0,0.0,0.0,0.0,0.0
0.0,0.0,0.0,0.0739781260490382,24.33306200429792,0.0,0.0,0.0,0.0,0.0,2.3638973623513126,0.0,0.0,6.108177234418636,0.118082562088966,0.2025817865505811,6.334223699569627,0.0,0.0,0.0,0.0,454.3707958221434,0.0,0.0,0.0,0.0,0.0,0.0,0.0,2.6423316016793126,0.0,2.297398626804323,0.0,0.0,0.0,0.0,0.0
0.0,0.0,0.0,0.691686967387791,153.07600498199463,5.52963491389526,38.466206854954365,0.0,0.0,0.0,27.690367099456388,0.0,0.0,24.835465564392464,1.752398209646342,0.7312150634825219,35.834548652171954,0.0,0.0,0.0,0.0,1446.3157287597653,0.0,0.0,0.0,47.214452069997776,1.7230910923331977,0.0,287.0608267486095,16.675571388006176,0.0,40.74523110687732,0.0,0.0,0.0,0.0,0.0
0.0,0.0,0.0,4.371116027235984,424.48287075757975,34.35719971731304,202.79013376682988,0.0,0.0,0.0,162.94426025375708,0.0,0.0,62.330668698996185,7.048383414745328,1.5881025046110149,206.8032477378844,0.0,0.0,0.0,0.0,2451.7443939208983,0.0,0.0,0.0,237.19502115249628,0.0,0.0,0.0,77.3941422075033,0.0,196.06019580364227,0.0,0.0,0.0,0.0,0.0
0.0,0.0,0.0,12.083307027816772,881.6600241661072,141.63316886126992,477.9132761418819,0.0,0.0,0.0,484.5792946070432,0.0,0.0,141.81870084255934,16.367815545201303,2.7243988364934912,538.5404105663298,0.0,0.0,0.0,0.0,3144.029568481445,0.0,0.0,0.0,509.0878294944763,24.880165958404536,0.0,0.0,218.44129009246825,0.0,387.1141355037689,0.0,0.0,0.0,0.0,0.0
0.0,0.0,0.0,0.0,1311.4634432792664,254.20532909035683,831.4768456041813,0.0,0.0,0.0,1051.7589715927838,0.0,0.0,302.10434939712275,24.43882765173912,4.007606565952301,952.4814635634424,0.0,0.0,0.0,0.0,3593.3309997558595,0.0,0.0,0.0,679.478458404541,48.02109867930413,0.0,0.0,295.1478734731674,0.0,0.0,0.0,0.0,0.0,0.0,0.0
0.0,0.0,0.0,0.0,1554.9505233764648,276.5784781873226,1059.747070968151,0.0,0.0,0.0,1499.99265768528,0.0,0.0,391.6978266090154,28.680902087688445,5.756707817316055,1214.132717299461,0.0,0.0,0.0,0.0,3751.758767700195,0.0,0.0,0.0,743.4447277545929,62.257266795635225,0.0,0.0,335.4342119276524,0.0,0.0,0.0,0.0,0.0,0.0,0.0
0.0,0.0,0.0,0.0,1713.1114466190338,290.2195868194103,1199.0499129474165,0.0,0.0,0.0,1809.6178477823732,0.0,0.0,451.75783984363073,31.136958289146424,7.15183037519455,1389.7308614492415,0.0,0.0,0.0,0.0,3761.035214233399,0.0,0.0,0.0,0.0,70.95161557197571,0.0,0.0,346.8292556107044,0.0,547.2616560459137,199.99139761924744,0.0,0.0,0.0,0.0
0.0,0.0,0.0,0.0,1775.6435685157776,292.21924340724945,1274.3233113467693,0.0,0.0,0.0,1924.862879031897,0.0,0.0,480.2346456050873,31.62020732760429,7.939841687679291,1475.9795330524444,0.0,0.0,0.0,0.0,3653.151776123047,0.0,0.0,0.0,786.0888175964355,73.90836504697799,0.0,0.0,345.84903705120087,0.0,0.0,200.35168325901031,0.0,0.0,0.0,0.0
0.0,0.0,0.0,0.0,0.0,285.9878049492836,0.0,0.0,0.0,0.0,1901.3220931649207,0.0,0.0,478.353860899806,0.0,8.034436643123627,1472.7461102962493,0.0,0.0,0.0,0.0,3474.8418731689453,0.0,0.0,0.0,0.0,0.0,0.0,0.0,339.81463024616244,0.0,0.0,0.0,0.0,0.0,0.0,0.0
0.0,0.0,0.0,0.0,0.0,0.0,0.0,0.0,0.0,0.0,0.0,0.0,0.0,0.0,0.0,6.990179002285004,1466.1061945438385,0.0,0.0,0.0,0.0,0.0,0.0,0.0,0.0,0.0,0.0,0.0,0.0,343.75656858086586,0.0,0.0,0.0,0.0,0.0,0.0,0.0
0.0,0.0,0.0,0.0,0.0,0.0,0.0,0.0,0.0,0.0,0.0,0.0,0.0,0.0,0.0,0.0,1373.8840256690978,0.0,0.0,0.0,0.0,0.0,0.0,0.0,0.0,0.0,0.0,0.0,0.0,0.0,0.0,0.0,0.0,0.0,0.0,0.0,0.0
0.0,0.0,0.0,0.0,0.0,0.0,0.0,0.0,0.0,0.0,0.0,0.0,0.0,0.0,0.0,0.0,0.0,0.0,0.0,0.0,0.0,0.0,0.0,0.0,0.0,0.0,0.0,0.0,0.0,0.0,0.0,0.0,0.0,0.0,0.0,0.0,0.0
0.0,0.0,0.0,0.0,0.0,0.0,0.0,0.0,0.0,0.0,0.0,0.0,0.0,0.0,0.0,0.0,0.0,0.0,0.0,0.0,0.0,0.0,0.0,0.0,0.0,0.0,0.0,0.0,0.0,0.0,0.0,0.0,0.0,0.0,0.0,0.0,0.0
0.0,0.0,0.0,0.0,0.0,0.0,0.0,0.0,0.0,0.0,0.0,0.0,0.0,0.0,0.0,0.0,0.0,0.0,0.0,0.0,0.0,0.0,0.0,0.0,0.0,0.0,0.0,0.0,0.0,0.0,0.0,0.0,0.0,0.0,0.0,0.0,0.0
0.0,0.0,0.0,0.0,0.0,0.0,0.0,0.0,0.0,0.0,0.0,0.0,0.0,0.0,0.0,0.0,0.0,0.0,0.0,0.0,0.0,0.0,0.0,0.0,0.0,0.0,0.0,0.0,0.0,0.0,0.0,0.0,0.0,0.0,0.0,0.0,0.0
0.0,0.0,0.0,0.0,0.0,0.0,0.0,0.0,0.0,0.0,0.0,0.0,0.0,0.0,0.0,0.0,0.0,0.0,0.0,0.0,0.0,0.0,0.0,0.0,0.0,0.0,0.0,0.0,0.0,0.0,0.0,0.0,0.0,0.0,0.0,0.0,0.0
0.0,0.0,0.0,0.0,0.0,0.0,0.0,0.0,0.0,0.0,0.0,0.0,0.0,0.0,0.0,0.0,0.0,0.0,0.0,0.0,0.0,0.0,0.0,0.0,0.0,0.0,0.0,0.0,0.0,0.0,0.0,0.0,0.0,0.0,0.0,0.0,0.0
0.0,0.0,0.0,0.0,0.0,0.0,0.0,0.0,0.0,0.0,0.0,0.0,0.0,0.0,0.0,0.0,0.0,0.0,0.0,0.0,0.0,0.0,0.0,0.0,0.0,0.0,0.0,0.0,0.0,0.0,0.0,0.0,0.0,0.0,0.0,0.0,0.0
0.0,0.0,0.0,0.0,0.0,0.0,0.0,0.0,0.0,0.0,0.0,0.0,0.0,0.0,0.0,0.0,0.0,0.0,0.0,0.0,0.0,0.0,0.0,0.0,0.0,0.0,0.0,0.0,0.0,0.0,0.0,0.0,0.0,0.0,0.0,0.0,0.0
0.0,0.0,0.0,0.0,0.0,0.0,0.0,0.0,0.0,0.0,0.0,0.0,0.0,3.644592249765867,0.0,0.0,0.0,0.0,0.0,0.0,0.0,0.0,0.0,0.0,0.0,0.0,0.0,0.0,0.0,0.0,0.0,0.0,0.0,0.0,0.0,0.0,0.0
0.0,0.0,0.0,0.0,0.0,0.0,0.0,0.0,0.0,0.0,0.0,0.0,0.0,4.603916499763605,0.0,0.0188556099310514,0.0,0.0,0.0,0.0,0.0,0.0,0.0,0.0,0.0,0.0,0.0,0.0,0.0,0.0,0.0,0.0,0.7699582893401167,0.0,0.0,0.0,0.0
0.0,0.0,0.0,0.0,0.0,0.0,0.0,0.0,0.0,0.0,0.0,0.0,0.0,2.348864059895259,0.0,0.0,0.3083273291585873,0.0,0.0,0.0,0.0,0.0,0.0,0.0,0.0,0.0,0.0,0.0,0.0,0.3995032042264554,0.0,0.0,0.304824376478788,0.0,0.0,0.0,0.0
0.0,0.0,0.0,0.0,2.0926340110598782,0.0,0.0,0.0,0.0,0.0,0.0,0.0,0.0,0.9120087325571624,0.0,0.0,2.8760670304297307,0.0,0.0,0.0,0.0,0.0,0.0,0.0,0.0,0.0,0.0,0.0,0.0,0.3817808948457194,0.0,0.0,0.0,0.0,0.0,0.0,0.0
0.0,0.0,0.0,0.039615515619514,4.421869661658953,0.0,0.0,0.0,0.0,0.0,0.0,0.0,0.0,0.0,0.0,0.0,10.64608732461926,0.0,0.0,0.0,0.0,2.1713152885436364,0.0,0.0,0.0,0.0,0.0,0.0,0.0,0.5146703913807724,0.0,0.0,0.0,0.0,0.0,0.0,0.0
0.0,0.0,0.0,0.1272077616304122,30.358518142252997,0.3884024438448157,0.0,0.0,0.0,0.0,2.355630994122313,0.0,0.0,23.5765911266207,0.0721411094069476,0.1852450119331474,2.299002802371949,0.0,0.0,0.0,0.0,143.59073963165278,0.0,0.0,0.0,0.0,1.8730253200978024,0.0,6.290567915141361,1.1540559336542753,0.0,0.0,1.472107607871294,0.0,0.0,0.0,0.0
0.0,0.0,0.0,0.5050557591021042,158.99710580706582,6.757688716519595,42.434028011374096,0.0,0.0,0.0,40.8380119938403,0.0,0.0,100.14909969642754,1.2343452662229517,0.8358185514807699,14.917502522468537,0.0,0.0,0.0,0.0,649.8400131225586,0.0,0.0,0.0,71.21224704980843,8.58722394704818,0.0,123.70898155048476,8.205452673882233,0.0,0.0,9.821027651429166,0.0,0.0,0.0,0.0
0.0,0.0,0.0,2.685678564012047,429.1967654228209,53.49032137542962,244.91103732883923,0.0,0.0,0.0,219.23673185184597,0.0,0.0,294.5013859122991,4.967423428595065,0.0,150.7634839892387,0.0,0.0,0.0,0.0,1549.9558593749998,0.0,0.0,0.0,313.40278494358057,22.873972284793847,0.0,685.5038445591925,47.64723858982323,0.0,231.3267080783844,39.85667748749256,0.0,0.0,0.0,0.0
0.0,0.0,0.0,7.4274171590805,858.0185658931731,183.7621250450611,575.6961170285939,0.0,0.0,0.0,597.6945737451315,0.0,0.0,573.6548129469156,11.835995668172837,2.924057498574256,428.7628275752068,0.0,0.0,0.0,0.0,2448.9213165283204,0.0,0.0,0.0,571.2945046424866,48.35338056087494,0.0,1316.1993163406848,179.09395579695698,0.0,407.34555315971375,94.3692788183689,0.0,0.0,0.0,0.0
0.0,0.0,0.0,15.906015872955322,1299.0013134479525,278.30779510736465,941.7788845956326,0.0,0.0,0.0,1217.4656609714032,0.0,0.0,885.9924930334091,20.438763731718065,4.1350486278533936,767.0655668497085,0.0,0.0,0.0,0.0,3009.119387817382,0.0,0.0,0.0,720.5038400173187,69.92039129734039,0.0,1824.4818220973016,273.11025937199594,0.0,493.7110420465469,147.71695512533188,0.0,0.0,0.0,0.0
0.0,0.0,0.0,25.82417899370193,1541.589890241623,301.2155822813511,1181.2320474863052,0.0,0.0,0.0,1676.0328625380994,0.0,0.0,1043.5792621970177,24.878799033164977,5.829768240451813,992.4245918512344,0.0,0.0,0.0,0.0,3150.6937042236327,0.0,0.0,0.0,756.6819258689881,81.11162306070328,0.0,2074.424231684208,315.87035222053527,0.0,516.4625599384308,161.44794207811356,0.0,0.0,0.0,0.0
0.0,0.0,0.0,36.08745634555817,1703.085012435913,314.2627314031124,1328.2144552111629,0.0,0.0,0.0,1984.3093271672728,0.0,0.0,1124.0646474063396,27.902490055561067,7.131916463375092,1148.9754490613936,0.0,0.0,0.0,0.0,3220.5229064941404,0.0,0.0,0.0,758.5093520641327,86.48473923206329,0.0,2211.364462709427,333.5984255254269,0.0,525.2657053470612,170.61404186487198,0.0,0.0,0.0,0.0
0.0,0.0,0.0,0.0,1769.0790963172913,316.8595145046711,1415.5565845251083,0.0,0.0,0.0,2121.425003093481,0.0,0.0,1144.5469231903553,0.0,7.880601286888123,1230.5351673841476,0.0,0.0,0.0,0.0,3209.9487243652343,0.0,0.0,0.0,738.0460547924042,86.47976403236389,0.0,2299.0472089886666,341.40741804242134,0.0,516.5948927402496,173.16194069385529,0.0,0.0,0.0,0.0
0.0,0.0,0.0,0.0,0.0,0.0,0.0,0.0,0.0,0.0,0.0,0.0,0.0,1120.4210737347605,0.0,8.024957776069641,1229.807585978508,0.0,0.0,0.0,0.0,3100.1504608154296,0.0,0.0,0.0,710.558377790451,0.0,0.0,0.0,340.2252746939659,0.0,498.2277241945267,168.9293790459633,0.0,0.0,0.0,0.0
0.0,0.0,0.0,0.0,0.0,0.0,0.0,0.0,0.0,0.0,0.0,0.0,0.0,1002.077811807394,0.0,6.936999559402466,1251.312421298027,0.0,0.0,0.0,0.0,0.0,0.0,0.0,0.0,0.0,0.0,0.0,0.0,346.2621885716915,0.0,0.0,0.0,0.0,0.0,0.0,0.0
0.0,0.0,0.0,0.0,0.0,0.0,0.0,0.0,0.0,0.0,0.0,0.0,0.0,0.0,0.0,5.710918217897414,1191.1294516086575,0.0,0.0,0.0,0.0,0.0,0.0,0.0,0.0,0.0,0.0,0.0,0.0,0.0,0.0,0.0,0.0,0.0,0.0,0.0,0.0
0.0,0.0,0.0,0.0,0.0,0.0,0.0,0.0,0.0,0.0,0.0,0.0,0.0,0.0,0.0,0.0,0.0,0.0,0.0,0.0,0.0,0.0,0.0,0.0,0.0,0.0,0.0,0.0,0.0,0.0,0.0,0.0,0.0,0.0,0.0,0.0,0.0
0.0,0.0,0.0,0.0,0.0,0.0,0.0,0.0,0.0,0.0,0.0,0.0,0.0,0.0,0.0,0.0,0.0,0.0,0.0,0.0,0.0,0.0,0.0,0.0,0.0,0.0,0.0,0.0,0.0,0.0,0.0,0.0,0.0,0.0,0.0,0.0,0.0
0.0,0.0,0.0,0.0,0.0,0.0,0.0,0.0,0.0,0.0,0.0,0.0,0.0,0.0,0.0,0.0,0.0,0.0,0.0,0.0,0.0,0.0,0.0,0.0,0.0,0.0,0.0,0.0,0.0,0.0,0.0,0.0,0.0,0.0,0.0,0.0,0.0
0.0,0.0,0.0,0.0,0.0,0.0,0.0,0.0,0.0,0.0,0.0,0.0,0.0,0.0,0.0,0.0,0.0,0.0,0.0,0.0,0.0,0.0,0.0,0.0,0.0,0.0,0.0,0.0,0.0,0.0,0.0,0.0,0.0,0.0,0.0,0.0,0.0
0.0,0.0,0.0,0.0,0.0,0.0,0.0,0.0,0.0,0.0,0.0,0.0,0.0,0.0,0.0,0.0,0.0,0.0,0.0,0.0,0.0,0.0,0.0,0.0,0.0,0.0,0.0,0.0,0.0,0.0,0.0,0.0,0.0,0.0,0.0,0.0,0.0
0.0,0.0,0.0,0.0,0.0,0.0,0.0,0.0,0.0,0.0,0.0,0.0,0.0,0.0,0.0,0.0,0.0,0.0,0.0,0.0,0.0,0.0,0.0,0.0,0.0,0.0,0.0,0.0,0.0,0.0,0.0,0.0,0.0,0.0,0.0,0.0,0.0
0.0,0.0,0.0,0.0,0.0,0.0,0.0,0.0,0.0,0.0,0.0,0.0,0.0,0.0,0.0,0.0,0.0,0.0,0.0,0.0,0.0,0.0,0.0,0.0,0.0,0.0,0.0,0.0,0.0,0.0,0.0,0.0,0.0,0.0,0.0,0.0,0.0
0.0,0.0,0.0,0.0,0.0,0.0,0.0,0.0,0.0,0.0,0.0,0.0,0.0,0.0,0.0,0.0,0.0,0.0,0.0,0.0,0.0,0.0,0.0,0.0,0.0,0.0,0.0,0.0,0.0,0.0,0.0,0.0,0.0,0.0,0.0,0.0,0.0
0.0,0.0,0.0,0.0,0.0,0.0,0.0,0.0,0.0,0.0,0.0,0.0,0.0,0.0,0.0,0.0,0.0,0.0,0.0,0.0,0.0,0.0,0.0,0.0,0.0,0.0,0.0,0.0,0.0152762323617935,0.0,0.0,0.0,0.0,0.0,0.0,0.0,0.0
0.0,0.0,0.0,0.0,0.0,0.0,0.0,0.0,0.0,0.0,0.0,0.0,0.0,0.0,0.0,0.0,0.0,0.0,0.0,0.0,0.0,0.0,0.0,0.0,0.0,0.3488506708293986,0.0,0.0,0.0,0.3682585179805698,0.0,0.0,0.0,0.0,0.0,0.0,0.0
0.0,0.0,0.0,0.0,0.0,0.6468758289702186,0.0,0.0,0.0,0.0,2.114214263437165,0.0,0.0,1.8809867138042629,0.0,0.0,0.0,0.0,0.0,0.0,0.0,0.0,0.0,0.0,0.0,0.0,0.0,0.0,0.0,0.4273621708154532,0.0,0.0,0.2088195178657492,0.0,0.0,0.0,0.0
0.0,0.0,0.0,0.0,2.091130383312648,0.2780979112721894,0.0,0.0,0.0,0.0,1.9258317626545924,0.0,0.0,0.253082537092203,0.0,0.0,1.0403825759887375,0.0,0.0,0.0,0.0,0.0,0.0,0.0,0.0,0.0,0.0,0.0,0.0,0.5054445981979266,0.0,0.5962959825992372,0.0,0.0,0.0,0.0,0.0
0.0,0.0,0.0,0.0,3.653222251683361,0.0,0.0,0.0,0.0,0.0,1.616355761326746,0.0,0.0,0.0,0.0,0.0027001341804852,7.963988888263665,0.0,0.0,0.0,0.0,0.0,0.0,0.0,0.0,0.0,0.0569609150290478,0.0,0.0,0.6043861046433421,0.0,0.6835430562495598,0.0,0.0,0.0,0.0,0.0
0.0,0.0,0.0,0.0,40.66239430755367,0.5692093954421449,0.0,0.0,0.0,0.0,2.2968064921907043,0.0,0.0,21.55885886866587,0.0,0.1655895160511124,0.0,0.0,0.0,0.0,0.0,222.8940160751343,0.0,0.0,0.0,0.0,1.7852734062820617,0.0,10.06725311428307,1.283026664704075,0.0,2.62833827733989,1.4917474212124944,0.0,0.0,0.0,0.0
0.0,0.0,0.0,1.558663517236704,193.65661218762384,6.956970824860007,43.122988498024576,0.0,0.0,0.0,25.22375147677938,0.0,0.0,125.8112268149852,3.053069137036799,0.6459314115345468,11.474544656276535,0.0,0.0,0.0,0.0,898.6188194274899,0.0,0.0,0.0,65.39551905393594,7.758708330988883,0.0,166.59624794870592,10.843415935710052,0.0,46.131024539470666,11.223938979208455,0.0,0.0,0.0,0.0
0.0,0.0,0.0,5.941595405340194,516.0322728753088,53.01834472268818,288.1795283839106,0.0,0.0,0.0,157.53794948011637,0.0,0.0,0.0,9.674204939603804,1.418643251061439,128.43779073953627,0.0,0.0,0.0,0.0,2038.7238800048829,0.0,0.0,0.0,294.9421465158463,22.20559956729412,0.0,805.3036716282367,61.94718287736176,0.0,0.0,46.40161192417144,0.0,0.0,0.0,0.0
0.0,0.0,0.0,14.59871298074722,1048.195795297623,170.14079022407532,740.4006937026977,0.0,0.0,0.0,494.8467638969421,0.0,0.0,0.0,20.09827698469162,2.4505935907363883,375.7174118638037,0.0,0.0,0.0,0.0,2827.4991455078125,0.0,0.0,0.0,605.6781112670899,48.552002239227285,0.0,1480.4202279686929,206.393306273222,0.0,0.0,105.20440226793288,0.0,0.0,0.0,0.0
0.0,0.0,0.0,28.54837447404861,1509.8096871376038,257.6835504472256,1153.967744064331,0.0,0.0,0.0,1088.0658610403536,0.0,0.0,1046.2608428299427,27.607829171419144,0.0,708.169470000267,0.0,0.0,0.0,0.0,3307.146350097656,0.0,0.0,0.0,779.8497816085816,69.93371897935867,0.0,1976.2311233758928,289.51270042061805,0.0,0.0,159.61052024364471,0.0,0.0,0.0,0.0
0.0,0.0,0.0,42.92970776557922,1774.2620124816897,279.359027326107,1390.8134829998014,0.0,0.0,0.0,0.0,0.0,0.0,1181.0382890701294,31.267556977272037,0.0,943.493761754036,0.0,0.0,0.0,0.0,3427.9693908691406,0.0,0.0,0.0,814.7390057563783,81.66141774654389,0.0,2205.2976385831835,334.686588793993,0.0,0.0,176.93798917531967,0.0,0.0,0.0,0.0
0.0,0.0,0.0,53.913466691970825,1900.8590342998505,292.01594308018684,1503.4802367448806,0.0,0.0,0.0,0.0,0.0,0.0,0.0,32.68726329803467,0.0,1107.6804240226743,0.0,0.0,0.0,0.0,3403.0543884277345,0.0,0.0,0.0,821.4410220146179,86.88625540733338,0.0,2323.533477914333,353.6893562614917,0.0,0.0,185.4706813097,0.0,0.0,0.0,0.0
0.0,0.0,0.0,61.4365748167038,1906.8613743782043,294.85363134741783,1517.4155709624288,0.0,0.0,0.0,2020.682330608368,0.0,0.0,0.0,32.158721888065344,0.0,1190.825720691681,0.0,0.0,0.0,0.0,3263.613269042969,0.0,0.0,0.0,801.7570389747619,86.45044547319412,0.0,2354.713171386719,357.1915259301662,0.0,0.0,184.91610687971115,0.0,0.0,0.0,0.0
0.0,0.0,0.0,62.0,1823.1053280830383,287.150387942791,1453.7022749304772,0.0,0.0,0.0,1994.3544500112532,0.0,0.0,0.0,30.1738954782486,7.6484182476997375,1190.9509882450104,0.0,0.0,0.0,0.0,3042.5142150878905,0.0,0.0,0.0,755.1332030296326,81.95415849685669,0.0,2323.8743460297583,349.70657841563224,0.0,0.0,177.59734857082367,0.0,0.0,0.0,0.0
0.0,0.0,0.0,0.0,1628.8168532848358,273.3283875286579,1372.0730143129829,0.0,0.0,0.0,0.0,0.0,0.0,0.0,0.0,6.416625410318374,1214.8761103630063,0.0,0.0,0.0,0.0,2756.3637878417967,0.0,0.0,0.0,704.3608485221863,0.0,0.0,2180.989657819271,350.6115613639355,0.0,0.0,165.72564858198166,0.0,0.0,0.0,0.0
0.0,0.0,0.0,0.0,1420.8596258163452,242.86213424801824,0.0,0.0,0.0,0.0,0.0,0.0,0.0,0.0,0.0,5.020702034235,1147.756970834732,0.0,0.0,0.0,0.0,2335.054116821289,0.0,0.0,0.0,0.0,0.0,0.0,0.0,0.0,0.0,0.0,0.0,0.0,0.0,0.0,0.0
0.0,0.0,0.0,0.0,0.0,0.0,0.0,0.0,0.0,0.0,0.0,0.0,0.0,0.0,0.0,0.0,0.0,0.0,0.0,0.0,0.0,0.0,0.0,0.0,0.0,0.0,0.0,0.0,0.0,0.0,0.0,0.0,0.0,0.0,0.0,0.0,0.0
0.0,0.0,0.0,0.0,0.0,0.0,0.0,0.0,0.0,0.0,0.0,0.0,0.0,0.0,0.0,0.0,0.0,0.0,0.0,0.0,0.0,0.0,0.0,0.0,0.0,0.0,0.0,0.0,0.0,0.0,0.0,0.0,0.0,0.0,0.0,0.0,0.0
0.0,0.0,0.0,0.0,0.0,0.0,0.0,0.0,0.0,0.0,0.0,0.0,0.0,0.0,0.0,0.0,0.0,0.0,0.0,0.0,0.0,0.0,0.0,0.0,0.0,0.0,0.0,0.0,0.0,0.0,0.0,0.0,0.0,0.0,0.0,0.0,0.0
0.0,0.0,0.0,0.0,0.0,0.0,0.0,0.0,0.0,0.0,0.0,0.0,0.0,0.0,0.0,0.0,0.0,0.0,0.0,0.0,0.0,0.0,0.0,0.0,0.0,0.0,0.0,0.0,0.0,0.0,0.0,0.0,0.0,0.0,0.0,0.0,0.0
0.0,0.0,0.0,0.0,0.0,0.0,0.0,0.0,0.0,0.0,0.0,0.0,0.0,0.0,0.0,0.0,0.0,0.0,0.0,0.0,0.0,0.0,0.0,0.0,0.0,0.0,0.0,0.0,0.0,0.0,0.0,0.0,0.0,0.0,0.0,0.0,0.0
0.0,0.0,0.0,0.0,0.0,0.0,0.0,0.0,0.0,0.0,0.0,0.0,0.0,0.0,0.0,0.0,0.0,0.0,0.0,0.0,0.0,0.0,0.0,0.0,0.0,0.0,0.0,0.0,0.0,0.0,0.0,0.0,0.0,0.0,0.0,0.0,0.0
0.0,0.0,0.0,0.0,0.0,0.0,0.0,0.0,0.0,0.0,0.0,0.0,0.0,0.0,0.0,0.0,0.0,0.0,0.0,0.0,0.0,0.0,0.0,0.0,0.0,0.0,0.0,0.0,0.0,0.0,0.0,0.0,0.0,0.0,0.0,0.0,0.0
0.0,0.0,0.0,0.0,0.0,0.0,0.0,0.0,0.0,0.0,0.0,0.0,0.0,0.0,0.0,0.0,0.0,0.0,0.0,0.0,0.0,0.0,0.0,0.0,0.0,0.0,0.0,0.0,0.0,0.0,0.0,0.0,0.0,0.0,0.0,0.0,0.0
0.0,0.0,0.0,0.0,0.0,0.0,0.0,0.0,0.0,0.0,0.0,0.0,0.0,0.0,0.0,0.0,0.0,0.0,0.0,0.0,0.0,0.0,0.0,0.0,0.0,0.0,0.0,0.0,0.0,0.0,0.0,0.0,0.2827524058520608,0.0,0.0,0.0,0.0
0.0,0.0,0.0,0.0,1.569237548857751,0.6633296092040405,3.5478541128335936,0.0,0.0,0.0,1.9599790045989456,0.0,0.0,10.474211627151757,0.0068642556667308,0.0,0.0,0.0,0.0,0.0,0.0,33.04465441703771,0.0,0.0,0.0,0.0,0.0,0.0,0.0,0.0,0.0,0.0,0.0,0.0,0.0,0.0,0.0
0.0,0.0,0.0,0.0,1.783862181007692,0.0,0.8898392967878735,0.0,0.0,0.0,0.0,0.0,0.0,7.57712346501643,0.0143668703734873,0.0,0.0,0.0,0.0,0.0,0.0,26.375574588775432,0.0,0.0,0.0,0.0,0.0,0.0,0.0,0.0,0.0,0.0,0.2201313823461518,0.0,0.0,0.0,0.0
0.0,0.0,0.0,0.0421448461711348,2.336789261549568,0.2393141789361579,0.0,0.0,0.0,0.0,1.812433549528765,0.0,0.0,1.4916167082263914,0.0,0.0,6.73362127542486,0.0,0.0,0.0,0.0,0.0,0.0,0.0,0.0,0.0,0.0,0.0,0.0,0.0,0.0,0.0,0.0,0.0,0.0,0.0,0.0
0.0,0.0,0.0,0.033313957974313,4.629003744572386,0.0,0.0,0.0,0.0,0.0,1.5510046215727833,0.0,0.0,0.0,0.0,0.0,9.501458120346008,0.0,0.0,0.0,0.0,0.0,0.0,0.0,0.0,0.0,0.0,0.0,0.0,0.7000854037701716,0.0,0.0,0.0,0.0,0.0,0.0,0.0
0.0,0.0,0.0,0.0505606848746522,20.1594190150498,0.3882664656266474,0.0,0.0,0.0,0.0,2.2868946907574315,0.0,0.0,21.72726711491117,0.1449792880564918,0.0,0.8850238442420795,0.0,0.0,0.0,0.0,46.510647344589024,0.0,0.0,0.0,0.0,0.0,0.0,4.472617723047485,1.1699330843985052,0.0,0.0,1.48576540034262,0.0,0.0,0.0,0.0
0.0,0.0,0.0,0.833048852160573,138.92601260542855,7.566324566490948,49.70185452811408,0.0,0.0,0.0,22.55902908677234,0.0,0.0,102.86492504179472,2.1100673016160707,0.7639046311378469,12.118961644172469,0.0,0.0,0.0,0.0,349.2073265075681,0.0,0.0,0.0,55.7027915656566,11.661301068961611,0.0,117.90957984924312,9.395057199522824,0.0,0.0,8.993714874610282,0.0,0.0,0.0,0.0
0.0,0.0,0.0,4.202608242630955,406.36391597986216,55.79259312152862,274.6340067222714,0.0,0.0,0.0,147.25069684907788,0.0,0.0,306.7608336359262,7.198070633411406,1.638275682926177,120.6795372605322,0.0,0.0,0.0,0.0,960.36664352417,0.0,0.0,0.0,283.4982701778412,30.515399062633517,0.0,751.8345806717873,57.84629144817588,0.0,193.39694434404373,36.33591574430464,0.0,0.0,0.0,0.0
0.0,0.0,0.0,11.018670201301571,881.5485941171645,187.9487970769405,683.9255626887083,0.0,0.0,0.0,470.64361752867694,0.0,0.0,593.2175686955452,16.33382377624512,2.741198390722275,349.62027049064625,0.0,0.0,0.0,0.0,1773.3660125732422,0.0,0.0,0.0,583.1076615810395,55.73519556522369,0.0,1433.6809260606765,201.53115510940552,0.0,374.84640395641327,79.74070385098457,0.0,0.0,0.0,0.0
0.0,0.0,0.0,22.82726204395294,1360.754370927811,272.0302621126175,1051.2629473388197,0.0,0.0,0.0,1012.9202213346958,0.0,0.0,899.8467952013016,24.66401540637016,3.852756917476654,657.59073420763,0.0,0.0,0.0,0.0,2430.069384765625,0.0,0.0,0.0,754.431734085083,74.24711176156998,0.0,1973.0341888666155,286.9230114877224,0.0,469.57157266139984,124.98260816931725,0.0,0.0,0.0,0.0
0.0,0.0,0.0,36.38388991355896,1625.350224733353,291.8842329978943,1267.4860199689865,0.0,0.0,0.0,1417.8122178316116,0.0,0.0,1036.5629769861698,28.970033490657805,5.3493947088718405,881.3340896844863,0.0,0.0,0.0,0.0,2621.294445800781,0.0,0.0,0.0,782.8896777629852,84.0854813694954,0.0,2216.3708257079124,323.01522821187973,0.0,502.7925958633423,134.9087220430374,0.0,0.0,0.0,0.0
0.0,0.0,0.0,46.90254580974579,1774.720975637436,300.8362604379654,1393.6517390906808,0.0,0.0,0.0,1682.55163449049,0.0,0.0,1095.1352059841156,30.760934740304947,6.472134083509445,1042.4545160293578,0.0,0.0,0.0,0.0,2646.4492767333986,0.0,0.0,0.0,783.7528667926788,88.01584815979004,0.0,2367.82245644331,339.4344924211502,0.0,505.5617530345917,139.25462609529495,0.0,0.0,0.0,0.0
0.0,0.0,0.0,54.90295207500458,1807.796718597412,299.3551407754421,1438.1397826850412,0.0,0.0,0.0,1772.280868411064,0.0,0.0,1099.8372815549374,30.78930183649063,7.059800207614899,1126.0069935321808,0.0,0.0,0.0,0.0,2580.058068847656,0.0,0.0,0.0,759.0563686370849,88.08774857521057,0.0,2419.9707227230074,342.55575105547905,0.0,502.127200126648,139.9328555166721,0.0,0.0,0.0,0.0
0.0,0.0,0.0,57.94337415695191,1741.6406922340393,287.29545798897743,1410.2733754873277,0.0,0.0,0.0,1718.8184486865998,0.0,0.0,1066.2074944376943,29.435323745012283,7.108647406101227,1136.4067744493484,0.0,0.0,0.0,0.0,2442.9055053710936,0.0,0.0,0.0,716.2000077247619,0.0,0.0,2397.7202030539515,339.85556347966195,0.0,482.9440749883652,137.43156853318212,0.0,0.0,0.0,0.0
0.0,0.0,0.0,0.0,1555.9528262615204,0.0,0.0,0.0,0.0,0.0,1588.3027801632882,0.0,0.0,0.0,26.43525069952011,6.076857268810272,1178.906182050705,0.0,0.0,0.0,0.0,2190.470129394531,0.0,0.0,0.0,0.0,0.0,0.0,0.0,0.0,0.0,0.0,124.57730865478514,0.0,0.0,0.0,0.0
0.0,0.0,0.0,0.0,1331.2567496299744,0.0,0.0,0.0,0.0,0.0,1349.3517539143563,0.0,0.0,0.0,22.896336722373963,4.885018944740295,0.0,0.0,0.0,0.0,0.0,1645.058856201172,0.0,0.0,0.0,636.2089145183563,0.0,0.0,0.0,0.0,0.0,0.0,0.0,0.0,0.0,0.0,0.0
0.0,0.0,0.0,0.0,0.0,0.0,0.0,0.0,0.0,0.0,0.0,0.0,0.0,0.0,0.0,0.0,0.0,0.0,0.0,0.0,0.0,0.0,0.0,0.0,0.0,0.0,0.0,0.0,0.0,0.0,0.0,0.0,0.0,0.0,0.0,0.0,0.0
0.0,0.0,0.0,0.0,0.0,0.0,0.0,0.0,0.0,0.0,0.0,0.0,0.0,0.0,0.0,0.0,0.0,0.0,0.0,0.0,0.0,0.0,0.0,0.0,0.0,0.0,0.0,0.0,0.0,0.0,0.0,0.0,0.0,0.0,0.0,0.0,0.0
0.0,0.0,0.0,0.0,0.0,0.0,0.0,0.0,0.0,0.0,0.0,0.0,0.0,0.0,0.0,0.0,0.0,0.0,0.0,0.0,0.0,0.0,0.0,0.0,0.0,0.0,0.0,0.0,0.0,0.0,0.0,0.0,0.0,0.0,0.0,0.0,0.0
0.0,0.0,0.0,0.0,0.0,0.0,0.0,0.0,0.0,0.0,0.0,0.0,0.0,0.0,0.0,0.0,0.0,0.0,0.0,0.0,0.0,0.0,0.0,0.0,0.0,0.0,0.0,0.0,0.0,0.0,0.0,0.0,0.0,0.0,0.0,0.0,0.0
0.0,0.0,0.0,0.0,0.0,0.0,0.0,0.0,0.0,0.0,0.0,0.0,0.0,0.0,0.0,0.0,0.0,0.0,0.0,0.0,0.0,0.0,0.0,0.0,0.0,0.0,0.0,0.0,0.0,0.0,0.0,0.0,0.0,0.0,0.0,0.0,0.0
0.0,0.0,0.0,0.0,0.0,0.0,0.0,0.0,0.0,0.0,0.0,0.0,0.0,0.0,0.0,0.0,0.0,0.0,0.0,0.0,0.0,0.0,0.0,0.0,0.0,0.0,0.0,0.0,0.0,0.0,0.0,0.0,0.0,0.0,0.0,0.0,0.0
0.0,0.0,0.0,0.0,0.0,0.0,0.0,0.0,0.0,0.0,0.0,0.0,0.0,0.0,0.0,0.0,0.0,0.0,0.0,0.0,0.0,0.0,0.0,0.0,0.0,0.0,0.0,0.0,0.0,0.0,0.0,0.0,0.0,0.0,0.0,0.0,0.0
0.0,0.0,0.0,0.0,0.0,0.0,0.0,0.0,0.0,0.0,0.0,0.0,0.0,0.0,0.0,0.0,0.0,0.0,0.0,0.0,0.0,0.0,0.0,0.0,0.0,0.0,0.0,0.0,0.0,0.0,0.0,0.0,0.0,0.0,0.0,0.0,0.0
0.0,0.0,0.0,0.0,0.0,0.0,0.0,0.0,0.0,0.0,0.0,0.0,0.0,0.0,0.0,0.0,0.0,0.0,0.0,0.0,0.0,0.0,0.0,0.0,0.0,0.0,0.0,0.0,0.0536631658673286,0.0,0.0,0.0,0.0,0.0,0.0,0.0,0.0
0.0,0.0,0.0,0.0,1.6744993738828091,0.6487691281363208,0.0,0.0,0.0,0.0,1.975571947591153,0.0,0.0,0.0,0.0,0.0,0.0,0.0,0.0,0.0,0.0,0.0,0.0,0.0,0.0,0.0,0.0,0.0,0.206013149023056,0.4103837825357639,0.0,0.0,0.0,0.0,0.0,0.0,0.0
0.0,0.0,0.0,0.0,1.8992158509788837,0.0,4.967424148321036,0.0,0.0,0.0,0.0,0.0,0.0,0.0,0.0,0.0,0.0,0.0,0.0,0.0,0.0,25.280007553100308,0.0,0.0,0.0,0.2945289282127589,0.0,0.0,0.0,0.4972146049141606,0.0,0.0,0.1721316818147625,0.0,0.0,0.0,0.0
0.0,0.0,0.0,0.0,2.377826672047249,0.1178427990525821,0.0,0.0,0.0,0.0,0.0,0.0,0.0,0.0,0.0202308297157278,0.0,6.387664651870713,0.0,0.0,0.0,0.0,7.131867504119624,0.0,0.0,0.0,0.0,3.124851961433886,0.0,0.0,0.5589278392493517,0.0,0.0,0.0,0.0,0.0,0.0,0.0
0.0,0.0,0.0,0.0,4.738232545554597,0.0,0.0,0.0,0.0,0.0,1.6003591415470664,0.0,0.0,0.0,0.0,0.0,11.716315937042156,0.0,0.0,0.0,0.0,60.00716204643217,0.0,0.0,0.0,0.0,3.676479423046109,0.0,0.0,0.6878370650112402,0.0,0.0,0.0,0.0,0.0,0.0,0.0
0.0,0.0,0.0,0.0,50.14700618386259,0.3837929069995843,0.0,0.0,0.0,0.0,2.2874467002226333,0.0,0.0,0.0,0.0,0.0,2.0686306238173047,0.0,0.0,0.0,0.0,516.3142105102537,0.0,0.0,0.0,0.0,8.304794298112391,0.0,10.02144405245759,2.354281836748094,0.0,0.0,1.367863758467132,0.0,0.0,0.0,0.0
0.0,0.0,0.0,0.0,222.714551448822,9.197822831571097,67.39371315985915,0.0,0.0,0.0,25.73632564004505,0.0,0.0,177.0511154644191,0.0,0.0,13.93062218427646,0.0,0.0,0.0,0.0,1435.0752960205075,0.0,0.0,0.0,48.41947935223573,22.439483705163,0.0,168.7162473469971,16.69913962855934,0.0,0.0,10.453485690057272,0.0,0.0,0.0,0.0
0.0,0.0,0.0,6.8984851986169815,579.5661616325377,65.44347707927223,379.55888545811166,0.0,0.0,0.0,162.70433426648376,0.0,0.0,422.8576697409152,0.0,1.626317456364631,146.73475935459135,0.0,0.0,0.0,0.0,2387.0083557128905,0.0,0.0,0.0,247.431649518013,48.06066907644272,0.0,943.5794145047664,84.63927767574786,0.0,0.0,42.54061776399613,0.0,0.0,0.0,0.0
0.0,0.0,0.0,17.5032205581665,1142.6981883049011,200.3544284105301,841.1095087051392,0.0,0.0,0.0,507.52891965806486,0.0,0.0,727.8057301044464,0.0,2.3897691816091533,414.26384370326986,0.0,0.0,0.0,0.0,3045.449465942382,0.0,0.0,0.0,588.2006060600281,70.27587809562684,0.0,1718.7065188288689,228.5553133547306,0.0,387.8505775928497,86.26908662915228,0.0,0.0,0.0,0.0
0.0,0.0,0.0,35.036943674087524,1578.0014717578888,285.4953492283821,1224.5479788064956,0.0,0.0,0.0,1092.0856596559286,0.0,0.0,1030.628865659237,0.0,3.238571971654891,752.7316861033438,0.0,0.0,0.0,0.0,3449.035186767578,0.0,0.0,0.0,749.3946702480316,86.54449430704116,0.0,2265.9311647057534,304.27851504683497,0.0,479.9572217464447,127.93975341320038,0.0,0.0,0.0,0.0
0.0,0.0,0.0,0.0,1824.4248313903809,306.7923825085163,1431.6831920683387,0.0,0.0,0.0,1532.5631910741329,0.0,0.0,1148.6836935579777,33.41829501986503,4.299707621335982,973.8088773727416,0.0,0.0,0.0,0.0,3516.242300415039,0.0,0.0,0.0,804.569859457016,94.81671202182768,0.0,2534.0716904401784,344.37016876339914,0.0,514.6035854816437,141.1512601673603,0.0,0.0,0.0,0.0
0.0,0.0,0.0,0.0,1936.05806517601,318.32392090559006,1521.1,0.0,0.0,0.0,1820.250740981102,0.0,0.0,1182.9436106979847,34.59316018223763,4.948357969522475,1126.944906759262,0.0,0.0,0.0,0.0,3482.3303344726564,0.0,0.0,0.0,825.0616353988648,97.66591523885728,0.0,2635.4,362.0515449106693,0.0,523.0403757095337,146.9723356962204,0.0,0.0,0.0,0.0
0.0,0.0,0.0,0.0,1928.2660336494444,320.3269041776657,1521.1,0.0,0.0,0.0,1929.3462893128396,0.0,0.0,1157.9312454164028,33.876348620653154,5.162226021289825,1203.783803343773,0.0,0.0,0.0,0.0,3357.1977142333985,0.0,0.0,0.0,818.9444816589355,0.0,0.0,2635.4,363.6202694952488,0.0,516.8462820053101,147.7113316655159,0.0,0.0,0.0,0.0
0.0,0.0,0.0,0.0,1842.0151398181915,312.5168875157833,1477.091300278902,0.0,0.0,0.0,1879.9202814638616,0.0,0.0,1090.1325872540474,0.0,5.117899745702743,1209.8743559122086,0.0,0.0,0.0,0.0,3139.3231719970704,0.0,0.0,0.0,794.2994496822357,0.0,0.0,2635.4,355.16372587680814,0.0,494.9374886751175,145.8702510893345,0.0,0.0,0.0,0.0
0.0,0.0,0.0,0.0,1651.3755419254303,0.0,1397.8757133126262,0.0,0.0,0.0,0.0,0.0,0.0,0.0,0.0,4.045664995908737,1244.0052290678025,0.0,0.0,0.0,0.0,2873.203991699219,0.0,0.0,0.0,0.0,0.0,0.0,2544.1840064764024,354.59548730850213,0.0,0.0,132.48871326446533,0.0,0.0,0.0,0.0
0.0,0.0,0.0,0.0,1439.8771469593048,271.0713786482811,1275.6871793031692,0.0,0.0,0.0,0.0,0.0,0.0,0.0,25.02118055820465,2.904197633266449,0.0,0.0,0.0,0.0,0.0,2379.733377075195,0.0,0.0,0.0,0.0,0.0,0.0,0.0,0.0,0.0,0.0,0.0,0.0,0.0,0.0,0.0
0.0,0.0,0.0,0.0,0.0,0.0,0.0,0.0,0.0,0.0,0.0,0.0,0.0,0.0,0.0,0.0,0.0,0.0,0.0,0.0,0.0,0.0,0.0,0.0,0.0,0.0,0.0,0.0,0.0,0.0,0.0,0.0,0.0,0.0,0.0,0.0,0.0
0.0,0.0,0.0,0.0,0.0,0.0,0.0,0.0,0.0,0.0,0.0,0.0,0.0,0.0,0.0,0.0,0.0,0.0,0.0,0.0,0.0,0.0,0.0,0.0,0.0,0.0,0.0,0.0,0.0,0.0,0.0,0.0,0.0,0.0,0.0,0.0,0.0
0.0,0.0,0.0,0.0,0.0,0.0,0.0,0.0,0.0,0.0,0.0,0.0,0.0,0.0,0.0,0.0,0.0,0.0,0.0,0.0,0.0,0.0,0.0,0.0,0.0,0.0,0.0,0.0,0.0,0.0,0.0,0.0,0.0,0.0,0.0,0.0,0.0
0.0,0.0,0.0,0.0,0.0,0.0,0.0,0.0,0.0,0.0,0.0,0.0,0.0,0.0,0.0,0.0,0.0,0.0,0.0,0.0,0.0,0.0,0.0,0.0,0.0,0.0,0.0,0.0,0.0,0.0,0.0,0.0,0.0,0.0,0.0,0.0,0.0
0.0,0.0,0.0,0.0,0.0,0.0,0.0,0.0,0.0,0.0,0.0,0.0,0.0,0.0,0.0,0.0,0.0,0.0,0.0,0.0,0.0,0.0,0.0,0.0,0.0,0.0,0.0,0.0,0.0,0.0,0.0,0.0,0.0,0.0,0.0,0.0,0.0
0.0,0.0,0.0,0.0,0.0,0.0,0.0,0.0,0.0,0.0,0.0,0.0,0.0,0.0,0.0,0.0,0.0,0.0,0.0,0.0,0.0,0.0,0.0,0.0,0.0,0.0,0.0,0.0,0.0,0.0,0.0,0.0,0.0,0.0,0.0,0.0,0.0
0.0,0.0,0.0,0.0,0.0,0.0,0.0,0.0,0.0,0.0,0.0,0.0,0.0,0.0,0.0,0.0,0.0,0.0,0.0,0.0,0.0,0.0,0.0,0.0,0.0,0.0,0.0,0.0,0.0,0.0,0.0,0.0,0.0,0.0,0.0,0.0,0.0
0.0,0.0,0.0,0.0,0.0,0.0,0.0,0.0,0.0,0.0,0.0,0.0,0.0,0.0,0.0,0.0,0.0,0.0,0.0,0.0,0.0,0.0,0.0,0.0,0.0,0.0,0.0,0.0,0.0,0.0,0.0,0.0,0.0,0.0,0.0,0.0,0.0
0.0,0.0,0.0,0.0,0.0,0.0,0.0,0.0,0.0,0.0,0.0,0.0,0.0,0.0,0.0,0.0,0.0,0.0,0.0,0.0,0.0,0.0,0.0,0.0,0.0,0.0,0.0,0.0,0.0,0.0,0.0,0.0,0.0,0.0,0.0,0.0,0.0
0.0,0.0,0.0,0.0,0.0,0.5596202281303274,0.0,0.0,0.0,0.0,2.0805713525971354,0.0,0.0,0.0,0.0,0.0,0.0,0.0,0.0,0.0,0.0,0.0,0.0,0.0,0.0,0.0,0.0,0.0,0.0,0.0,0.0,0.0,0.0,0.0,0.0,0.0,0.0
0.0,0.0,0.0,0.0,0.0,0.0,0.0,0.0,0.0,0.0,0.0,0.0,0.0,0.0,0.0,0.0,0.0,0.0,0.0,0.0,0.0,0.0,0.0,0.0,0.0,0.0,0.0,0.0,0.0,0.5100926406681362,0.0,0.0,0.0,0.0,0.0,0.0,0.0
0.0,0.0,0.0,0.0,2.138779420405513,0.1425791913643445,0.0,0.0,0.0,0.0,1.9242308292537285,0.0,0.0,0.0551483267918229,0.0,0.0,0.0,0.0,0.0,0.0,0.0,7.152866077422859,0.0,0.0,0.0,0.0,0.3630112390965136,0.0,0.0,0.6234878897666756,0.0,0.0,0.0,0.0,0.0,0.0,0.0
0.0,0.0,0.0,0.0334464181214511,4.545821402221732,0.0,0.0,0.0,0.0,0.0,1.634859203360775,0.0,0.0,0.0,0.0493448138236977,0.0,12.376115584373336,0.0,0.0,0.0,0.0,0.0,0.0,0.0,0.0,0.0,0.0,0.0,0.0,0.7800364203751009,0.0,0.0,0.0,0.0,0.0,0.0,0.0
0.0,0.0,0.0,0.0606019608676381,23.813908413052356,0.4669691612943803,0.0,0.0,0.0,0.0,2.344115080730937,0.0,0.0,32.69069217145436,0.444039122387766,0.1354837324470278,1.876439309120065,0.0,0.0,0.0,0.0,102.92366676330556,0.0,0.0,0.0,0.0,0.0,0.0,8.853715498745371,1.7451422519981628,0.0,0.0,3.0582872945815307,0.0,0.0,0.0,0.0
0.0,0.0,0.0,0.8281172234564993,142.07550379633898,10.295770845375914,65.24420222714532,0.0,0.0,0.0,43.05148730669168,0.0,0.0,119.15275275707243,0.0,0.5957551822066299,14.09400931596745,0.0,0.0,0.0,0.0,470.73644218444826,0.0,0.0,0.0,65.09879446029663,0.42527970448136,0.0,150.52182262837863,10.792026803269971,0.0,49.424498409032815,16.56398602575061,0.0,0.0,0.0,0.0
0.0,0.0,0.0,4.170683845877644,390.5893119573592,68.66410662233825,298.0447235822677,0.0,0.0,0.0,233.38532989397643,0.0,0.0,295.5003209039569,11.050395101308824,1.2644289880990978,144.48821693658817,0.0,0.0,0.0,0.0,1091.5249206542965,0.0,0.0,0.0,295.68259193897245,5.311512956023215,0.0,665.7237547755242,60.66444616615772,0.0,217.83568751811976,52.77375158667564,0.0,0.0,0.0,0.0
0.0,0.0,0.0,10.873743325471874,798.5519369840621,193.46694120764727,632.2759203523398,0.0,0.0,0.0,610.7565967798233,0.0,0.0,537.2843107581139,21.04351699948311,2.078724145889282,405.5345215439796,0.0,0.0,0.0,0.0,1869.9020050048828,0.0,0.0,0.0,580.8648990154267,17.092080536484715,0.0,1278.461838698387,193.27452124953268,0.0,392.79414784908295,93.69264736771582,0.0,0.0,0.0,0.0
0.0,0.0,0.0,21.9675178527832,1201.9820013046265,277.02462646365166,958.2450311601162,0.0,0.0,0.0,1195.2908241152763,0.0,0.0,798.2767732441425,27.81469202041626,2.7702573984861374,744.3241740822792,0.0,0.0,0.0,0.0,2611.591033935547,0.0,0.0,0.0,742.6571229457855,41.129891043901445,0.0,1752.2482555508614,278.8450124144554,0.0,476.944820523262,139.51496434211728,0.0,0.0,0.0,0.0
0.0,0.0,0.0,34.91640055179596,1437.9817640781405,298.1848132610321,1174.3291149199008,0.0,0.0,0.0,1613.167473322153,0.0,0.0,925.6771185994148,30.743220734596253,3.6896367967128745,972.5849447369576,0.0,0.0,0.0,0.0,2793.193893432617,0.0,0.0,0.0,769.4310566425323,0.0,0.0,1999.79673422575,322.87708147764204,0.0,509.16735541820526,153.08201521635056,0.0,0.0,0.0,0.0
0.0,0.0,0.0,44.35655415058136,1565.768129825592,309.88103583455086,1287.0303212225438,0.0,0.0,0.0,1874.219695609808,0.0,0.0,1004.1836169362068,31.242972439527517,4.415529489517211,1135.1951601982116,0.0,0.0,0.0,0.0,2812.791928100586,0.0,0.0,0.0,755.7149431228638,68.65385763645172,0.0,2128.77164709568,342.29979533553126,0.0,526.5188481807709,162.39654290676117,0.0,0.0,0.0,0.0
0.0,0.0,0.0,52.71027863025665,1607.2114055156708,311.68087846040726,1306.3733470082284,0.0,0.0,0.0,1977.6279486954213,0.0,0.0,1047.0301823318005,31.317177951335907,5.018328636884689,1233.4674332141876,0.0,0.0,0.0,0.0,2750.732843017578,0.0,0.0,0.0,716.0707500934601,0.0,0.0,2192.5667642593385,350.7644927978516,0.0,519.8101348876953,165.83638882637024,0.0,0.0,0.0,0.0
0.0,0.0,0.0,0.0,1590.6245350837708,303.95048931241035,1276.3977179706096,0.0,0.0,0.0,1943.9178134858607,0.0,0.0,0.0,30.15681329369545,5.258209139108657,1251.4450431108476,0.0,0.0,0.0,0.0,2656.8860260009765,0.0,0.0,0.0,666.4989680290222,0.0,0.0,0.0,347.51602951288226,0.0,501.8606327772141,0.0,0.0,0.0,0.0,0.0
0.0,0.0,0.0,0.0,0.0,290.30294021964073,1201.3581436395646,0.0,0.0,0.0,0.0,0.0,0.0,0.0,0.0,4.441064238548279,0.0,0.0,0.0,0.0,0.0,2348.568167114258,0.0,0.0,0.0,0.0,0.0,0.0,0.0,351.5709032714367,0.0,0.0,0.0,0.0,0.0,0.0,0.0
0.0,0.0,0.0,0.0,0.0,258.07995814085007,0.0,0.0,0.0,0.0,0.0,0.0,0.0,0.0,0.0,0.0,0.0,0.0,0.0,0.0,0.0,0.0,0.0,0.0,0.0,0.0,0.0,0.0,0.0,0.0,0.0,0.0,0.0,0.0,0.0,0.0,0.0
0.0,0.0,0.0,0.0,0.0,0.0,0.0,0.0,0.0,0.0,0.0,0.0,0.0,0.0,0.0,0.0,0.0,0.0,0.0,0.0,0.0,0.0,0.0,0.0,0.0,0.0,0.0,0.0,0.0,0.0,0.0,0.0,0.0,0.0,0.0,0.0,0.0
0.0,0.0,0.0,0.0,0.0,0.0,0.0,0.0,0.0,0.0,0.0,0.0,0.0,0.0,0.0,0.0,0.0,0.0,0.0,0.0,0.0,0.0,0.0,0.0,0.0,0.0,0.0,0.0,0.0,0.0,0.0,0.0,0.0,0.0,0.0,0.0,0.0
0.0,0.0,0.0,0.0,0.0,0.0,0.0,0.0,0.0,0.0,0.0,0.0,0.0,0.0,0.0,0.0,0.0,0.0,0.0,0.0,0.0,0.0,0.0,0.0,0.0,0.0,0.0,0.0,0.0,0.0,0.0,0.0,0.0,0.0,0.0,0.0,0.0
0.0,0.0,0.0,0.0,0.0,0.0,0.0,0.0,0.0,0.0,0.0,0.0,0.0,0.0,0.0,0.0,0.0,0.0,0.0,0.0,0.0,0.0,0.0,0.0,0.0,0.0,0.0,0.0,0.0,0.0,0.0,0.0,0.0,0.0,0.0,0.0,0.0
0.0,0.0,0.0,0.0,0.0,0.0,0.0,0.0,0.0,0.0,0.0,0.0,0.0,0.0,0.0,0.0,0.0,0.0,0.0,0.0,0.0,0.0,0.0,0.0,0.0,0.0,0.0,0.0,0.0,0.0,0.0,0.0,0.0,0.0,0.0,0.0,0.0
0.0,0.0,0.0,0.0,0.0,0.0,0.0,0.0,0.0,0.0,0.0,0.0,0.0,0.0,0.0,0.0,0.0,0.0,0.0,0.0,0.0,0.0,0.0,0.0,0.0,0.0,0.0,0.0,0.0,0.0,0.0,0.0,0.0,0.0,0.0,0.0,0.0
0.0,0.0,0.0,0.0,0.0,0.0,0.0,0.0,0.0,0.0,0.0,0.0,0.0,0.0,0.0,0.0,0.0,0.0,0.0,0.0,0.0,0.0,0.0,0.0,0.0,0.0,0.0,0.0,0.0,0.0,0.0,0.0,0.0,0.0,0.0,0.0,0.0
0.0,0.0,0.0,0.0,0.0,0.0,0.0,0.0,0.0,0.0,0.0,0.0,0.0,0.0,0.0,0.0,0.0,0.0,0.0,0.0,0.0,0.0,0.0,0.0,0.0,0.0,0.0,0.0,0.0,0.0,0.0,0.0,0.0,0.0,0.0,0.0,0.0
0.0,0.0,0.0,0.0,0.0,0.0,0.0,0.0,0.0,0.0,0.0,0.0,0.0,0.0,0.0,0.0,0.0,0.0,0.0,0.0,0.0,0.0,0.0,0.0,0.0,0.0,0.0,0.0,0.0,0.0,0.0,0.0,0.1945207361131777,0.0,0.0,0.0,0.0
0.0,0.0,0.0,0.0,0.0,0.0,0.0,0.0,0.0,0.0,0.0,0.0,0.0,0.0,0.0,0.0147230857983221,0.0,0.0,0.0,0.0,0.0,19.959186363219928,0.0,0.0,0.0,0.0,0.0,0.0,0.0,0.0,0.0,0.0,0.5314993616193254,0.0,0.0,0.0,0.0
0.0,0.0,0.0,0.0,1.823695506900373,0.0,3.1186874430625338,0.0,0.0,0.0,0.0,0.0,0.0,1.6553033608942025,0.0128809399902791,0.0,0.3123721718786441,0.0,0.0,0.0,0.0,31.069825172424025,0.0,0.0,0.0,0.0,0.0,0.0,0.0,0.0,0.0,0.0,0.0730351209640258,0.0,0.0,0.0,0.0
0.0,0.0,0.0,0.0569038745015838,3.312261357903465,0.2382596200331901,1.163640798255726,0.0,0.0,0.0,1.816918493993464,0.0,0.0,0.0,0.0,0.0,4.431983196735255,0.0,0.0,0.0,0.0,0.0,0.0,0.0,0.0,0.0,0.0,0.0,0.0,0.0,0.0,0.0,0.0,0.0,0.0,0.0,0.0
0.0,0.0,0.0,0.0377315096557087,6.3725813142953225,0.031486234627664,0.0,0.0,0.0,0.0,1.556740858126231,0.0,0.0,0.0,0.0,0.0180610874667756,13.36158635616301,0.0,0.0,0.0,0.0,0.0,0.0,0.0,0.0,0.0,0.0,0.0,0.0,0.9633485376834534,0.0,0.0,0.0,0.0,0.0,0.0,0.0
0.0,0.0,0.0,0.0799079984426456,24.947645705193267,0.8588334359228431,4.646125716343389,0.0,0.0,0.0,2.410327609535202,0.0,0.0,27.40369665436432,0.0819416597485531,0.1727829929441213,7.476462769508357,0.0,0.0,0.0,0.0,73.70027313232396,0.0,0.0,0.0,0.0,3.0224660098552705,0.0,7.388120049238112,3.648098286241267,0.0,2.2088418602942914,2.2955992808565457,0.0,0.0,0.0,0.0
0.0,0.0,0.0,1.0375185273587704,136.15854927897442,6.165772621985498,78.09275658242397,0.0,0.0,0.0,21.746000727545272,0.0,0.0,126.80560950189816,2.071211215853691,0.4806684143841254,56.06997749805437,0.0,0.0,0.0,0.0,525.6544166564938,0.0,0.0,0.0,23.315144702792143,6.364769317209715,0.0,159.1528939127922,18.820155338943,0.0,37.91497138142584,14.318185526877633,0.0,0.0,0.0,0.0
0.0,0.0,0.0,4.898999392986292,365.88551604747767,41.80406554788349,287.686811478436,0.0,0.0,0.0,136.40160241536793,0.0,0.0,315.5781016498803,8.240130963921548,0.966080233454704,258.1175320506095,0.0,0.0,0.0,0.0,1357.4447418212887,0.0,0.0,0.0,161.2768488287925,12.628454282879828,0.0,879.5731004834174,85.73158815801142,0.0,175.17777109146115,54.51471012830733,0.0,0.0,0.0,0.0
0.0,0.0,0.0,13.470474958419798,736.5692718029022,160.46793684363365,555.3851557046175,0.0,0.0,0.0,414.2104417905211,0.0,0.0,539.3887046724558,19.09823589920997,1.647468626499176,638.1411079883575,0.0,0.0,0.0,0.0,2322.350268554688,0.0,0.0,0.0,476.7326148033142,24.165853124856945,0.0,1668.4755964279177,220.6374389052391,0.0,337.93161630630493,117.19274538755415,0.0,0.0,0.0,0.0
0.0,0.0,0.0,28.46931135654449,1235.562742471695,261.3685318827629,923.466534268856,0.0,0.0,0.0,888.0525187075137,0.0,0.0,753.2536599040031,27.117956471443176,2.721140936017036,1054.5226107120511,0.0,0.0,0.0,0.0,2960.9450958251955,0.0,0.0,0.0,720.5029786586762,49.80645494461059,0.0,2238.376768577099,292.2805320978165,0.0,441.9389191865921,172.52668184041977,0.0,0.0,0.0,0.0
0.0,0.0,0.0,0.0,1546.395192861557,284.8533257842064,1172.062136632204,0.0,0.0,0.0,1246.6180669903756,0.0,0.0,833.5229927301407,31.560092264413832,4.221541255712509,1315.7897882461548,0.0,0.0,0.0,0.0,3240.353436279297,0.0,0.0,0.0,775.8014498233795,64.90967452526093,0.0,0.0,323.35590893030167,0.0,475.1418219804764,191.91373419761655,0.0,0.0,0.0,0.0
0.0,0.0,0.0,0.0,1741.3207170963287,299.0131842494011,1308.79427382946,0.0,0.0,0.0,1542.0151188254356,0.0,0.0,897.9640530049801,33.63664571642876,5.46132019162178,1495.0358902454377,0.0,0.0,0.0,0.0,3384.3062103271486,0.0,0.0,0.0,0.0,74.18212980031967,0.0,0.0,335.44780166745187,0.0,500.2266743183136,200.38795632123947,0.0,0.0,0.0,0.0
0.0,0.0,0.0,0.0,1825.2365617752075,301.9190828502178,1376.9560296952725,0.0,0.0,0.0,1666.8110792934897,0.0,0.0,909.0425418317318,0.0,6.253475069999694,1580.0220806360244,0.0,0.0,0.0,0.0,3393.5780395507813,0.0,0.0,0.0,0.0,77.32906067371368,0.0,0.0,336.4096037864685,0.0,502.79467701911926,199.8375208973885,0.0,0.0,0.0,0.0
0.0,0.0,0.0,0.0,0.0,0.0,0.0,0.0,0.0,0.0,1664.4769501805306,0.0,0.0,898.5283567011356,0.0,6.504425227642059,1566.4849726200105,0.0,0.0,0.0,0.0,3269.4025604248045,0.0,0.0,0.0,0.0,0.0,0.0,0.0,331.99535170197487,0.0,0.0,0.0,0.0,0.0,0.0,0.0
0.0,0.0,0.0,0.0,0.0,0.0,0.0,0.0,0.0,0.0,0.0,0.0,0.0,0.0,0.0,5.560732841491699,1548.3182356834411,0.0,0.0,0.0,0.0,2988.8021392822266,0.0,0.0,0.0,0.0,0.0,0.0,0.0,338.41200508475305,0.0,0.0,0.0,0.0,0.0,0.0,0.0
0.0,0.0,0.0,0.0,0.0,0.0,0.0,0.0,0.0,0.0,0.0,0.0,0.0,0.0,0.0,4.409082651138306,1443.883828639984,0.0,0.0,0.0,0.0,0.0,0.0,0.0,0.0,0.0,0.0,0.0,0.0,0.0,0.0,0.0,0.0,0.0,0.0,0.0,0.0
0.0,0.0,0.0,0.0,0.0,0.0,0.0,0.0,0.0,0.0,0.0,0.0,0.0,0.0,0.0,0.0,1315.4660782575606,0.0,0.0,0.0,0.0,0.0,0.0,0.0,0.0,0.0,0.0,0.0,0.0,0.0,0.0,0.0,0.0,0.0,0.0,0.0,0.0
0.0,0.0,0.0,0.0,0.0,0.0,0.0,0.0,0.0,0.0,0.0,0.0,0.0,0.0,0.0,0.0,0.0,0.0,0.0,0.0,0.0,0.0,0.0,0.0,0.0,0.0,0.0,0.0,0.0,0.0,0.0,0.0,0.0,0.0,0.0,0.0,0.0
0.0,0.0,0.0,0.0,0.0,0.0,0.0,0.0,0.0,0.0,0.0,0.0,0.0,0.0,0.0,0.0,0.0,0.0,0.0,0.0,0.0,0.0,0.0,0.0,0.0,0.0,0.0,0.0,0.0,0.0,0.0,0.0,0.0,0.0,0.0,0.0,0.0
0.0,0.0,0.0,0.0,0.0,0.0,0.0,0.0,0.0,0.0,0.0,0.0,0.0,0.0,0.0,0.0,0.0,0.0,0.0,0.0,0.0,0.0,0.0,0.0,0.0,0.0,0.0,0.0,0.0,0.0,0.0,0.0,0.0,0.0,0.0,0.0,0.0
0.0,0.0,0.0,0.0,0.0,0.0,0.0,0.0,0.0,0.0,0.0,0.0,0.0,0.0,0.0,0.0,0.0,0.0,0.0,0.0,0.0,0.0,0.0,0.0,0.0,0.0,0.0,0.0,0.0,0.0,0.0,0.0,0.0,0.0,0.0,0.0,0.0
0.0,0.0,0.0,0.0,0.0,0.0,0.0,0.0,0.0,0.0,0.0,0.0,0.0,0.0,0.0,0.0,0.0,0.0,0.0,0.0,0.0,0.0,0.0,0.0,0.0,0.0,0.0,0.0,0.0,0.0,0.0,0.0,0.0,0.0,0.0,0.0,0.0
0.0,0.0,0.0,0.0,0.0,0.0,0.0,0.0,0.0,0.0,0.0,0.0,0.0,0.0,0.0,0.0,0.0,0.0,0.0,0.0,0.0,0.0,0.0,0.0,0.0,0.0,0.0,0.0,0.0,0.0,0.0,0.0,0.0,0.0,0.0,0.0,0.0
0.0,0.0,0.0,0.0,0.0,0.0,0.0,0.0,0.0,0.0,0.0,0.0,0.0,0.0,0.0,0.0,0.0,0.0,0.0,0.0,0.0,0.0,0.0,0.0,0.0,0.0,0.0,0.0,0.0,0.0,0.0,0.0,0.0,0.0,0.0,0.0,0.0
0.0,0.0,0.0,0.0,0.0,0.0,0.0,0.0,0.0,0.0,0.0,0.0,0.0,0.0,0.0,0.0,0.0,0.0,0.0,0.0,0.0,0.0,0.0,0.0,0.0,0.0,0.0,0.0,0.0,0.0,0.0,0.0,0.0,0.0,0.0,0.0,0.0
0.0,0.0,0.0,0.0,0.0,0.0,0.0,0.0,0.0,0.0,0.0,0.0,0.0,2.608814886770992,0.0,0.0,0.0,0.0,0.0,0.0,0.0,0.0,0.0,0.0,0.0,0.0,0.0,0.0,0.0,0.0,0.0,0.0,0.5614323876797961,0.0,0.0,0.0,0.0
0.0,0.0,0.0,0.0,0.0,0.0,0.0,0.0,0.0,0.0,0.0,0.0,0.0,2.383122998289761,0.0,0.0,0.0,0.0,0.0,0.0,0.0,27.50769815444916,0.0,0.0,0.0,0.0,0.0,0.0,0.0,0.445345145463924,0.0,0.0,0.1150216925889052,0.0,0.0,0.0,0.0
0.0,0.0,0.0,0.0,1.9505303502082616,0.0,0.0,0.0,0.0,0.0,1.7978895304724476,0.0,0.0,0.7343322783708373,0.0,0.0,4.869071352481832,0.0,0.0,0.0,0.0,6.321359920501289,0.0,0.0,0.0,0.0,0.0,0.0,0.0,0.4799901954829451,0.0,0.335133358836143,0.0,0.0,0.0,0.0,0.0
0.0,0.0,0.0,0.0309124104678572,3.878313157707383,0.0,0.0,0.0,0.0,0.0,1.6192673198877237,0.0,0.0,0.0,0.0,0.0,14.770723760127844,0.0,0.0,0.0,0.0,37.983949184417504,0.0,0.0,0.0,0.0,0.0,0.0,0.0,0.5728133901953428,0.0,0.0,0.0,0.0,0.0,0.0,0.0
0.0,0.0,0.0,0.1083787884563178,50.72792281210423,0.0,0.0,0.0,0.0,0.0,3.284839863702583,0.0,0.0,26.61355311982323,0.0,0.1417173389345402,8.331701862811856,0.0,0.0,0.0,0.0,400.1736309051511,0.0,0.0,0.0,0.0,0.4983888922259187,0.0,17.076137749850606,1.027636207640146,0.0,0.0,1.467414114624258,0.0,0.0,0.0,0.0
0.0,0.0,0.0,1.9024258926510769,219.47868147492403,0.0,88.78904040046034,0.0,0.0,0.0,32.90594747792924,0.0,0.0,113.55267817154512,0.0,0.5958628877997393,57.4596873998641,0.0,0.0,0.0,0.0,1330.3919250488282,0.0,0.0,0.0,69.92514843940731,5.391840481758109,0.0,236.27872296124687,8.999289709329581,0.0,0.0,10.718397364020342,0.0,0.0,0.0,0.0
0.0,0.0,0.0,7.434214085340499,567.6698845624924,78.27759864926338,430.9837248563766,0.0,0.0,0.0,182.286163344234,0.0,0.0,313.885827884078,0.0,1.317375488579272,255.7478057861327,0.0,0.0,0.0,0.0,2382.320428466797,0.0,0.0,0.0,321.21856484413144,17.281926840543743,0.0,1079.9493590354916,55.25573558360336,0.0,0.0,44.24178858101368,0.0,0.0,0.0,0.0
0.0,0.0,0.0,18.55039805173874,1124.3640038967133,212.4675377458334,887.5634333670139,0.0,0.0,0.0,519.9249883025884,0.0,0.0,585.479834228754,0.0,2.3536969125270835,629.8829487204551,0.0,0.0,0.0,0.0,3111.754846191406,0.0,0.0,0.0,605.1310946941376,41.42488819360733,0.0,1878.926785480976,194.70116276144975,0.0,414.2352552413941,104.27998930215834,0.0,0.0,0.0,0.0
0.0,0.0,0.0,36.553834319114685,1566.3387122154236,296.4696813225746,1268.364560186863,0.0,0.0,0.0,1087.498433452845,0.0,0.0,855.3470148146152,0.0,0.0,1049.6034691095351,0.0,0.0,0.0,0.0,3637.558306884765,0.0,0.0,0.0,780.6784086227417,63.7238210439682,0.0,2404.955560779572,282.78334243893624,0.0,508.10926711559296,161.56032395362854,0.0,0.0,0.0,0.0
0.0,0.0,0.0,53.92956054210663,1816.7126359939573,317.0784901678562,1463.111359065771,0.0,0.0,0.0,1527.8872025966643,0.0,0.0,990.0955994427204,0.0,0.0,1314.860209846497,0.0,0.0,0.0,0.0,3849.186987304688,0.0,0.0,0.0,837.4645538330078,76.36893492937088,0.0,2635.4,330.75317919254303,0.0,540.3086222410202,181.475195646286,0.0,0.0,0.0,0.0
0.0,0.0,0.0,62.0,1947.1235041618347,328.2828425168991,1521.1,0.0,0.0,0.0,1810.407147151232,0.0,0.0,1053.294882029295,0.0,6.656291663646698,1497.4936837673188,0.0,0.0,0.0,0.0,3889.6636810302734,0.0,0.0,0.0,859.6183751106263,82.8302677512169,0.0,0.0,352.7936986863613,0.0,550.4998985528945,191.3118144273758,0.0,0.0,0.0,0.0
0.0,0.0,0.0,62.0,1963.5773143768308,328.57556411623955,1521.1,0.0,0.0,0.0,1896.8112879574296,0.0,0.0,1070.8438347280023,0.0,7.24333131313324,1586.2564089775085,0.0,0.0,0.0,0.0,3775.590060424805,0.0,0.0,0.0,845.1293537139893,83.8451499581337,0.0,0.0,357.4803079009056,0.0,543.2418677806854,193.00716531276703,0.0,0.0,0.0,0.0
0.0,0.0,0.0,0.0,1889.854386806488,0.0,1500.7323732852935,0.0,0.0,0.0,1826.490545785427,0.0,0.0,1061.558407694101,0.0,7.3665565848350525,1575.5770436286923,0.0,0.0,0.0,0.0,3563.232388305664,0.0,0.0,0.0,808.4741290092468,80.50798500776291,0.0,0.0,350.2458567798138,0.0,519.7128229141235,0.0,0.0,0.0,0.0,0.0
0.0,0.0,0.0,0.0,0.0,0.0,0.0,0.0,0.0,0.0,0.0,0.0,0.0,948.7178806960584,0.0,0.0,1556.5414009332658,0.0,0.0,0.0,0.0,0.0,0.0,0.0,0.0,0.0,0.0,0.0,0.0,351.18511867523193,0.0,0.0,0.0,0.0,0.0,0.0,0.0
0.0,0.0,0.0,0.0,1501.2605366706848,0.0,0.0,0.0,0.0,0.0,0.0,0.0,0.0,0.0,0.0,5.137429714202881,0.0,0.0,0.0,0.0,0.0,0.0,0.0,0.0,0.0,0.0,0.0,0.0,0.0,340.22035427093505,0.0,0.0,0.0,0.0,0.0,0.0,0.0
0.0,0.0,0.0,0.0,0.0,0.0,0.0,0.0,0.0,0.0,0.0,0.0,0.0,0.0,0.0,0.0,0.0,0.0,0.0,0.0,0.0,0.0,0.0,0.0,0.0,0.0,0.0,0.0,0.0,0.0,0.0,0.0,0.0,0.0,0.0,0.0,0.0
0.0,0.0,0.0,0.0,0.0,0.0,0.0,0.0,0.0,0.0,0.0,0.0,0.0,0.0,0.0,0.0,0.0,0.0,0.0,0.0,0.0,0.0,0.0,0.0,0.0,0.0,0.0,0.0,0.0,0.0,0.0,0.0,0.0,0.0,0.0,0.0,0.0
0.0,0.0,0.0,0.0,0.0,0.0,0.0,0.0,0.0,0.0,0.0,0.0,0.0,0.0,0.0,0.0,0.0,0.0,0.0,0.0,0.0,0.0,0.0,0.0,0.0,0.0,0.0,0.0,0.0,0.0,0.0,0.0,0.0,0.0,0.0,0.0,0.0
0.0,0.0,0.0,0.0,0.0,0.0,0.0,0.0,0.0,0.0,0.0,0.0,0.0,0.0,0.0,0.0,0.0,0.0,0.0,0.0,0.0,0.0,0.0,0.0,0.0,0.0,0.0,0.0,0.0,0.0,0.0,0.0,0.0,0.0,0.0,0.0,0.0
0.0,0.0,0.0,0.0,0.0,0.0,0.0,0.0,0.0,0.0,0.0,0.0,0.0,0.0,0.0,0.0,0.0,0.0,0.0,0.0,0.0,0.0,0.0,0.0,0.0,0.0,0.0,0.0,0.0,0.0,0.0,0.0,0.0,0.0,0.0,0.0,0.0
0.0,0.0,0.0,0.0,0.0,0.0,0.0,0.0,0.0,0.0,0.0,0.0,0.0,0.0,0.0,0.0,0.0,0.0,0.0,0.0,0.0,0.0,0.0,0.0,0.0,0.0,0.0,0.0,0.0,0.0,0.0,0.0,0.0,0.0,0.0,0.0,0.0
0.0,0.0,0.0,0.0,0.0,0.0,0.0,0.0,0.0,0.0,0.0,0.0,0.0,0.0,0.0,0.0,0.0,0.0,0.0,0.0,0.0,0.0,0.0,0.0,0.0,0.0,0.0,0.0,0.0,0.0,0.0,0.0,0.0,0.0,0.0,0.0,0.0
0.0,0.0,0.0,0.0,0.0,0.0,0.0,0.0,0.0,0.0,0.0,0.0,0.0,0.0,0.0,0.0,0.0,0.0,0.0,0.0,0.0,0.0,0.0,0.0,0.0,0.0,0.0,0.0,0.0,0.0,0.0,0.0,0.0,0.0,0.0,0.0,0.0
0.0,0.0,0.0,0.0,0.0,0.0,0.0,0.0,0.0,0.0,0.0,0.0,0.0,0.0,0.0,0.0,0.0,0.0,0.0,0.0,0.0,0.0,0.0,0.0,0.0,0.0,0.0,0.0,0.0,0.0,0.0,0.0,0.5612094467505799,0.0,0.0,0.0,0.0
0.0,0.0,0.0,0.0877724010497318,0.0,0.7107997299171979,0.0,0.0,0.0,0.0,2.0728908984454164,0.0,0.0,3.918672292493208,0.0,0.0,0.0,0.0,0.0,0.0,0.0,0.0,0.0,0.0,0.0,0.0,0.0,0.0,0.0588665097951889,0.0,0.0,0.344825983047483,0.833901404403137,0.0,0.0,0.0,0.0
0.0,0.0,0.0,0.118235925212499,1.7130300812421615,0.6271357005461871,1.8555082194506305,0.0,0.0,0.0,2.0837371957487005,0.0,0.0,2.079265192150942,0.0,0.0,0.0,0.0,0.0,0.0,0.0,22.850946235656508,0.0,0.0,0.0,1.6224984384141494,0.3023666642606243,0.0,0.0,0.5237556010484324,0.0,0.4264081865548778,0.2127631437033304,0.0,0.0,0.0,0.0
0.0,0.0,0.0,0.1247480101883402,2.305349055677542,0.2558091268874574,0.0,0.0,0.0,0.0,1.849163899104872,0.0,0.0,0.767569793388203,0.0,0.0,0.0,0.0,0.0,0.0,0.0,0.0,0.0,0.0,0.0,0.0,0.0,0.0,0.0,0.4274031743406878,0.0,0.503253966569872,0.0,0.0,0.0,0.0,0.0
0.0,0.0,0.0,0.0465352591127106,4.223641075193823,0.0,0.0,0.0,0.0,0.0,1.639593134820282,0.0,0.0,0.0,0.0,0.0,7.724791598319918,0.0,0.0,0.0,0.0,0.0,0.0,0.0,0.0,0.0,0.0,0.0,0.0,0.53081699386236,0.0,0.6015616655349588,0.0,0.0,0.0,0.0,0.0
0.0,0.0,0.0,0.0787373371422282,34.91232473403213,0.4342919737100548,0.0,0.0,0.0,0.0,3.3196895668281785,0.0,0.0,23.25460092164564,0.0,0.1332398457452646,1.6608369350432468,0.0,0.0,0.0,0.0,169.97650794982872,0.0,0.0,0.0,5.022207503393244,0.0,0.0,6.303860986232754,1.219289613515112,0.0,1.9600899219512409,1.4239499112590894,0.0,0.0,0.0,0.0
0.0,0.0,0.0,0.6803240925073614,186.06882178783417,3.74163569975641,45.16977924369271,0.0,0.0,0.0,34.00283160647364,0.0,0.0,98.43038842082012,1.1312514580786217,0.6696490161120889,16.34196130037304,0.0,0.0,0.0,0.0,674.4986869812009,0.0,0.0,0.0,92.74376362562175,0.0,0.0,136.0310399413109,10.423186913877716,0.0,29.806339949369395,10.187229275703428,0.0,0.0,0.0,0.0
0.0,0.0,0.0,3.968129530549048,503.4808161258697,36.1037056148052,277.2851536929607,0.0,0.0,0.0,187.6487541206179,0.0,0.0,282.6832841336727,5.2754974365234375,1.451667219400406,159.93473585844026,0.0,0.0,0.0,0.0,1577.205047607422,0.0,0.0,0.0,0.0,0.0,0.0,758.0108124673367,56.90570572465656,0.0,157.6264335513115,38.74142053723333,0.0,0.0,0.0,0.0
0.0,0.0,0.0,10.85212841629982,1005.987896323204,152.9795307070017,651.843205088377,0.0,0.0,0.0,511.09154848456376,0.0,0.0,552.1116225421428,13.60080814361572,2.246115878224373,444.6469862222671,0.0,0.0,0.0,0.0,2452.9524993896484,0.0,0.0,0.0,0.0,6.511379672586914,0.0,1514.5200773239137,194.47463585734369,0.0,341.2628290653229,86.32067576050757,0.0,0.0,0.0,0.0
0.0,0.0,0.0,22.185492515563965,1410.3194909095764,250.95683524012568,1019.145638525486,0.0,0.0,0.0,1070.5188003033395,0.0,0.0,835.619693249464,22.44565576314926,2.9427701830863944,791.6847472071647,0.0,0.0,0.0,0.0,2995.0232849121094,0.0,0.0,0.0,790.094189119339,17.127754181623455,0.0,2079.589561748505,281.81804916262627,0.0,451.7340223789215,134.41193652153015,0.0,0.0,0.0,0.0
0.0,0.0,0.0,35.219582080841064,1661.063586950302,274.56942704319954,1259.0117787837985,0.0,0.0,0.0,1506.0472076892852,0.0,0.0,969.2343898117542,27.501714599132537,4.286407530307769,1024.0371214151382,0.0,0.0,0.0,0.0,3140.063842773437,0.0,0.0,0.0,824.7084245204926,34.32179850935936,0.0,2362.477581560612,319.8808250188828,0.0,491.4229547977448,147.7620126605034,0.0,0.0,0.0,0.0
0.0,0.0,0.0,44.68012738227844,1839.918211698532,288.8871300220489,1396.6083125174046,0.0,0.0,0.0,1815.3077197790144,0.0,0.0,1027.5800961256027,29.78026462197304,5.553243815898894,1183.4067437171936,0.0,0.0,0.0,0.0,3185.644564819336,0.0,0.0,0.0,0.0,49.45431616306305,0.0,2532.282054293156,334.7504371404648,0.0,509.60906279087067,153.67955148220062,0.0,0.0,0.0,0.0
0.0,0.0,0.0,51.80407106876373,1903.5646340847013,292.4903282523155,1464.402332663536,0.0,0.0,0.0,1941.7325934290889,0.0,0.0,1020.1674872636796,30.00167191028595,6.385612398386002,1259.576034975052,0.0,0.0,0.0,0.0,3160.7909454345704,0.0,0.0,0.0,0.0,57.82207527160645,0.0,0.0,340.22126806378367,0.0,506.03087425231934,156.59863358736038,0.0,0.0,0.0,0.0
0.0,0.0,0.0,53.47841906547546,0.0,285.9676053225994,0.0,0.0,0.0,0.0,1917.331579744816,0.0,0.0,969.5616094768048,28.860987854003906,6.652912497520447,1251.1251328229905,0.0,0.0,0.0,0.0,3042.9580200195314,0.0,0.0,0.0,0.0,0.0,0.0,0.0,338.35286628603933,0.0,488.1604201793671,153.79294627904892,0.0,0.0,0.0,0.0
0.0,0.0,0.0,47.89774441719055,0.0,0.0,0.0,0.0,0.0,0.0,0.0,0.0,0.0,835.6491921842098,25.96718419790268,0.0,1260.4997299671172,0.0,0.0,0.0,0.0,2798.321008300781,0.0,0.0,0.0,0.0,0.0,0.0,0.0,346.27582517266273,0.0,0.0,142.0477304756641,0.0,0.0,0.0,0.0
0.0,0.0,0.0,38.96069824695587,0.0,0.0,0.0,0.0,0.0,0.0,0.0,0.0,0.0,0.0,22.161668890714644,0.0,1190.7443335533142,0.0,0.0,0.0,0.0,0.0,0.0,0.0,0.0,0.0,0.0,0.0,0.0,0.0,0.0,0.0,0.0,0.0,0.0,0.0,0.0
0.0,0.0,0.0,0.0,0.0,0.0,0.0,0.0,0.0,0.0,0.0,0.0,0.0,0.0,0.0,0.0,1060.0406341791154,0.0,0.0,0.0,0.0,0.0,0.0,0.0,0.0,0.0,0.0,0.0,0.0,0.0,0.0,0.0,0.0,0.0,0.0,0.0,0.0
0.0,0.0,0.0,0.0,0.0,0.0,0.0,0.0,0.0,0.0,0.0,0.0,0.0,0.0,0.0,0.0,0.0,0.0,0.0,0.0,0.0,0.0,0.0,0.0,0.0,0.0,0.0,0.0,0.0,0.0,0.0,0.0,0.0,0.0,0.0,0.0,0.0
0.0,0.0,0.0,0.0,0.0,0.0,0.0,0.0,0.0,0.0,0.0,0.0,0.0,0.0,0.0,0.0,0.0,0.0,0.0,0.0,0.0,0.0,0.0,0.0,0.0,0.0,0.0,0.0,0.0,0.0,0.0,0.0,0.0,0.0,0.0,0.0,0.0
0.0,0.0,0.0,0.0,0.0,0.0,0.0,0.0,0.0,0.0,0.0,0.0,0.0,0.0,0.0,0.0,0.0,0.0,0.0,0.0,0.0,0.0,0.0,0.0,0.0,0.0,0.0,0.0,0.0,0.0,0.0,0.0,0.0,0.0,0.0,0.0,0.0
0.0,0.0,0.0,0.0,0.0,0.0,0.0,0.0,0.0,0.0,0.0,0.0,0.0,0.0,0.0,0.0,0.0,0.0,0.0,0.0,0.0,0.0,0.0,0.0,0.0,0.0,0.0,0.0,0.0,0.0,0.0,0.0,0.0,0.0,0.0,0.0,0.0
0.0,0.0,0.0,0.0,0.0,0.0,0.0,0.0,0.0,0.0,0.0,0.0,0.0,0.0,0.0,0.0,0.0,0.0,0.0,0.0,0.0,0.0,0.0,0.0,0.0,0.0,0.0,0.0,0.0,0.0,0.0,0.0,0.0,0.0,0.0,0.0,0.0
0.0,0.0,0.0,0.0,0.0,0.0,0.0,0.0,0.0,0.0,0.0,0.0,0.0,0.0,0.0,0.0,0.0,0.0,0.0,0.0,0.0,0.0,0.0,0.0,0.0,0.0,0.0,0.0,0.0,0.0,0.0,0.0,0.0,0.0,0.0,0.0,0.0
0.0,0.0,0.0,0.0,0.0,0.0,0.0,0.0,0.0,0.0,0.0,0.0,0.0,0.0,0.0,0.0,0.0,0.0,0.0,0.0,0.0,0.0,0.0,0.0,0.0,0.0,0.0,0.0,0.0,0.0,0.0,0.0,0.0,0.0,0.0,0.0,0.0
0.0,0.0,0.0,0.0,0.0,0.0,0.0,0.0,0.0,0.0,0.0,0.0,0.0,0.0,0.0,0.0,0.0,0.0,0.0,0.0,0.0,0.0,0.0,0.0,0.0,0.0,0.0,0.0,0.0,0.0,0.0,0.0,0.0,0.0,0.0,0.0,0.0
0.0,0.0,0.0,0.0,0.0,0.0,0.0,0.0,0.0,0.0,0.0,0.0,0.0,0.434838994406141,0.0,0.0,0.0,0.0,0.0,0.0,0.0,29.92694768905609,0.0,0.0,0.0,0.0,0.0,0.0,0.0,0.0,0.0,0.0,0.0,0.0,0.0,0.0,0.0
0.0,0.0,0.0,0.0472529921680656,0.0,0.0,0.0,0.0,0.0,0.0,0.0,0.0,0.0,1.585570587776484,0.0,0.0026476494967936,0.0,0.0,0.0,0.0,0.0,19.83065710067722,0.0,0.0,0.0,0.0,0.0,0.0,0.0,0.0,0.0,0.0,0.1358553450554576,0.0,0.0,0.0,0.0
0.0,0.0,0.0,0.063879165798422,0.0,0.2139873001724362,0.0,0.0,0.0,0.0,1.943658171966665,0.0,0.0,1.3178495457395285,0.0,0.0,0.0,0.0,0.0,0.0,0.0,0.0,0.0,0.0,0.0,0.0,0.0,0.0,0.0,0.6129763431846761,0.0,0.0,0.0,0.0,0.0,0.0,0.0
0.0,0.0,0.0,0.043211687356228,3.626862455159221,0.0,0.0,0.0,0.0,0.0,1.6069747789762396,0.0,0.0,0.1522660581395029,0.0,0.0046515716239798,5.280664741992813,0.0,0.0,0.0,0.0,0.0,0.0,0.0,0.0,0.0,0.0,0.0,0.0,0.5919151753187158,0.0,0.7462064772844191,0.0,0.0,0.0,0.0,0.0
0.0,0.0,0.0,0.1165588665753588,40.02914828062045,0.9456594786606384,0.0,0.0,0.0,0.0,2.367711631208535,0.0,0.0,21.29124167608083,0.0098047345876669,0.0,0.6406785726545868,0.0,0.0,0.0,0.0,172.39285469055153,0.0,0.0,0.0,2.0272279636934005,0.0,0.0,7.433536405861325,1.659638186544154,0.0,2.118827387690532,1.826938153244534,0.0,0.0,0.0,0.0
0.0,0.0,0.0,0.958114443346858,178.61327180266372,5.30705021414904,50.87972400598218,0.0,0.0,0.0,12.844898958550658,0.0,0.0,84.03473755344739,1.470144007354972,0.0,13.851134896278346,0.0,0.0,0.0,0.0,757.1594604492185,0.0,0.0,0.0,71.14698567390441,0.5215916140004924,0.0,126.45561082214104,13.941245448589298,0.0,30.97354764491317,12.203890159726123,0.0,0.0,0.0,0.0
0.0,0.0,0.0,4.57737553119659,467.83962804079056,36.54310404881833,247.65724615901703,0.0,0.0,0.0,101.97362180687482,0.0,0.0,239.41007673740376,5.834612086415291,0.0,149.09872478246672,0.0,0.0,0.0,0.0,1740.747164916992,0.0,0.0,0.0,273.853825879097,6.567019964754581,0.0,616.9962649703025,73.34119561463594,0.0,141.07767486572263,48.99177402257919,0.0,0.0,0.0,0.0
0.0,0.0,0.0,11.766856849193571,847.4772958755493,144.46792964637277,503.96063363254063,0.0,0.0,0.0,349.2899923235178,0.0,0.0,475.72877436876297,13.731417292356491,0.0,425.0698861718176,0.0,0.0,0.0,0.0,2583.1073944091795,0.0,0.0,0.0,491.978985786438,14.84962340891361,0.0,1197.0071613013745,215.84464227557183,0.0,328.1811144351959,105.38583743572234,0.0,0.0,0.0,0.0
0.0,0.0,0.0,23.724299252033237,1172.9303524494171,239.62652131915087,789.2848836421966,0.0,0.0,0.0,811.1310232311486,0.0,0.0,746.49835832417,22.244579726457594,0.0,779.9648154258728,0.0,0.0,0.0,0.0,3102.5283752441405,0.0,0.0,0.0,628.3285058021545,28.20560699701309,0.0,1724.632440328598,293.5488297104836,0.0,425.3836838006973,159.6127032637596,0.0,0.0,0.0,0.0
0.0,0.0,0.0,37.302554965019226,1337.8728063106537,262.895373493433,953.1886650145054,0.0,0.0,0.0,1151.2502248466014,0.0,0.0,881.9802737236023,27.31868103146553,0.0,1007.2338029026984,0.0,0.0,0.0,0.0,3175.521520996094,0.0,0.0,0.0,634.8764465332031,42.78705104589461,0.0,1980.8959899306296,326.97354452610017,0.0,460.2855632305145,176.8938747048378,0.0,0.0,0.0,0.0
0.0,0.0,0.0,48.38507950305939,1445.6829867362976,278.683497518301,1083.5807156383992,0.0,0.0,0.0,1469.3241730332377,0.0,0.0,956.4434149861336,30.190527856349945,0.0,1155.8412631511687,0.0,0.0,0.0,0.0,3170.136923217773,0.0,0.0,0.0,646.9842957973481,51.65837645530701,0.0,2141.447699773312,341.04410337805746,0.0,480.4846512079239,184.93573659658432,0.0,0.0,0.0,0.0
0.0,0.0,0.0,55.64115166664124,1499.284939289093,284.28004494309425,1155.035048031807,0.0,0.0,0.0,1639.2212690353394,0.0,0.0,954.8928999900818,31.03672258257866,0.0,1219.2944268941878,0.0,0.0,0.0,0.0,3067.0734130859373,0.0,0.0,0.0,627.8788765907287,57.90472211837768,0.0,2245.262932837009,346.28184683322905,0.0,486.1770428419113,184.81425589323044,0.0,0.0,0.0,0.0
0.0,0.0,0.0,58.39403891563416,1521.4774916172028,0.0,1201.0023756504058,0.0,0.0,0.0,0.0,0.0,0.0,893.784764111042,0.0,0.0,1199.608545088768,0.0,0.0,0.0,0.0,2894.5259124755858,0.0,0.0,0.0,617.6963792324066,59.33089530467987,0.0,0.0,345.5561781585217,0.0,0.0,0.0,0.0,0.0,0.0,0.0
0.0,0.0,0.0,0.0,0.0,0.0,0.0,0.0,0.0,0.0,0.0,0.0,0.0,718.6252336949109,0.0,0.0,1205.2051365613938,0.0,0.0,0.0,0.0,2655.208312988281,0.0,0.0,0.0,0.0,0.0,0.0,0.0,0.0,0.0,0.0,0.0,0.0,0.0,0.0,0.0
0.0,0.0,0.0,0.0,0.0,0.0,0.0,0.0,0.0,0.0,0.0,0.0,0.0,0.0,0.0,6.117380142211914,1123.7049877405166,0.0,0.0,0.0,0.0,0.0,0.0,0.0,0.0,0.0,0.0,0.0,0.0,0.0,0.0,0.0,0.0,0.0,0.0,0.0,0.0
0.0,0.0,0.0,0.0,0.0,0.0,0.0,0.0,0.0,0.0,0.0,0.0,0.0,0.0,0.0,0.0,977.9547185897826,0.0,0.0,0.0,0.0,0.0,0.0,0.0,0.0,0.0,0.0,0.0,0.0,0.0,0.0,0.0,0.0,0.0,0.0,0.0,0.0
0.0,0.0,0.0,0.0,0.0,0.0,0.0,0.0,0.0,0.0,0.0,0.0,0.0,0.0,0.0,0.0,0.0,0.0,0.0,0.0,0.0,0.0,0.0,0.0,0.0,0.0,0.0,0.0,0.0,0.0,0.0,0.0,0.0,0.0,0.0,0.0,0.0
0.0,0.0,0.0,0.0,0.0,0.0,0.0,0.0,0.0,0.0,0.0,0.0,0.0,0.0,0.0,0.0,0.0,0.0,0.0,0.0,0.0,0.0,0.0,0.0,0.0,0.0,0.0,0.0,0.0,0.0,0.0,0.0,0.0,0.0,0.0,0.0,0.0
0.0,0.0,0.0,0.0,0.0,0.0,0.0,0.0,0.0,0.0,0.0,0.0,0.0,0.0,0.0,0.0,0.0,0.0,0.0,0.0,0.0,0.0,0.0,0.0,0.0,0.0,0.0,0.0,0.0,0.0,0.0,0.0,0.0,0.0,0.0,0.0,0.0
0.0,0.0,0.0,0.0,0.0,0.0,0.0,0.0,0.0,0.0,0.0,0.0,0.0,0.0,0.0,0.0,0.0,0.0,0.0,0.0,0.0,0.0,0.0,0.0,0.0,0.0,0.0,0.0,0.0,0.0,0.0,0.0,0.0,0.0,0.0,0.0,0.0
0.0,0.0,0.0,0.0,0.0,0.0,0.0,0.0,0.0,0.0,0.0,0.0,0.0,0.0,0.0,0.0,0.0,0.0,0.0,0.0,0.0,0.0,0.0,0.0,0.0,0.0,0.0,0.0,0.0,0.0,0.0,0.0,0.0,0.0,0.0,0.0,0.0
0.0,0.0,0.0,0.0,0.0,0.0,0.0,0.0,0.0,0.0,0.0,0.0,0.0,0.0,0.0,0.0,0.0,0.0,0.0,0.0,0.0,0.0,0.0,0.0,0.0,0.0,0.0,0.0,0.0,0.0,0.0,0.0,0.0,0.0,0.0,0.0,0.0
0.0,0.0,0.0,0.0,0.0,0.0,0.0,0.0,0.0,0.0,0.0,0.0,0.0,0.0,0.0,0.0,0.0,0.0,0.0,0.0,0.0,0.0,0.0,0.0,0.0,0.0,0.0,0.0,0.0,0.0,0.0,0.0,0.0,0.0,0.0,0.0,0.0
0.0,0.0,0.0,0.0,0.0,0.0,0.0,0.0,0.0,0.0,0.0,0.0,0.0,0.1158277038484811,0.0,0.0,0.0,0.0,0.0,0.0,0.0,0.0,0.0,0.0,0.0,0.0,0.0,0.0,0.0,0.0,0.0,0.0,0.0,0.0,0.0,0.0,0.0
0.0,0.0,0.0,0.0785948298871478,0.0,0.0,0.0,0.0,0.0,0.0,1.96120592774802,0.0,0.0,9.164630204904729,0.0,0.0,0.0,0.0,0.0,0.0,0.0,0.0,0.0,0.0,0.0,0.0,0.0,0.0,0.0,0.4250630445778165,0.0,0.0,0.658592063933595,0.0,0.0,0.0,0.0
0.0,0.0,0.0,0.0,0.0,0.0,0.0,0.0,0.0,0.0,0.0,0.0,0.0,6.084141065366517,0.0,0.0,0.0,0.0,0.0,0.0,0.0,24.7625718116756,0.0,0.0,0.0,0.0,0.0,0.0,0.0,0.4902615785598466,0.0,0.0,0.0620125066488788,0.0,0.0,0.0,0.0
0.0,0.0,0.0,0.0500149652361848,0.0,0.0,0.0,0.0,0.0,0.0,1.8059217449741385,0.0,0.0,1.7176443291826844,0.0,0.0,0.0,0.0,0.0,0.0,0.0,0.0,0.0,0.0,0.0,0.0,0.0,0.0,0.0,0.5257677026092688,0.0,0.4463854879140551,0.0,0.0,0.0,0.0,0.0
0.0,0.0,0.0,0.0342513993382448,3.701086092740267,0.0,0.0,0.0,0.0,0.0,1.5394791725090031,0.0,0.0,0.0,0.0,0.0,3.3531133294104016,0.0,0.0,0.0,0.0,0.0,0.0,0.0,0.0,0.0,0.0,0.0,0.0,0.661694388836616,0.0,0.0,0.0,0.0,0.0,0.0,0.0
0.0,0.0,0.0,0.0532009378075587,30.127335868775717,0.0,0.0,0.0,0.0,0.0,2.289237287547396,0.0,0.0,27.591721066273717,0.0,0.0629967302083964,0.0263527631759643,0.0,0.0,0.0,0.0,32.771745109557834,0.0,0.0,0.0,0.0,0.0,0.0,4.951835881173565,3.165841181576219,0.0,0.0,1.0873729614540733,0.0,0.0,0.0,0.0
0.0,0.0,0.0,0.961795033887026,166.55956116318688,0.0,43.5314949663355,0.0,0.0,0.0,22.68547209938985,0.0,0.0,115.28904100880018,0.0,0.3842896819114678,14.280010795593242,0.0,0.0,0.0,0.0,262.8497516632078,0.0,0.0,0.0,64.31784499287605,2.1720540277659883,0.0,130.56524130925536,21.331187795102583,0.0,0.0,3.360385078936797,0.0,0.0,0.0,0.0
0.0,0.0,0.0,4.716963812708854,448.877380490303,0.0,288.2825233981013,0.0,0.0,0.0,148.05732147470104,0.0,0.0,325.71615260094404,0.0,0.8093132413923738,137.20075863599774,0.0,0.0,0.0,0.0,692.359526824951,0.0,0.0,0.0,318.00906178951266,9.660803267359729,0.0,706.2192010521887,101.39956234693526,0.0,0.0,9.05753383040428,0.0,0.0,0.0,0.0
0.0,0.0,0.0,12.52113643288612,898.5294741392136,0.0,723.9449735701085,0.0,0.0,0.0,475.824649107456,0.0,0.0,617.6943098008632,0.0,1.2239247113466256,390.4979413032532,0.0,0.0,0.0,0.0,1284.2707061767578,0.0,0.0,0.0,614.3887620449066,26.04508555531502,0.0,1321.419075345993,242.5763165175915,0.0,0.0,20.99085174500941,0.0,0.0,0.0,0.0
0.0,0.0,0.0,24.565336883068085,1219.043978691101,0.0,979.0769514203072,0.0,0.0,0.0,1039.608372339606,0.0,0.0,922.446985244751,28.874567824602128,1.540980048477649,719.1467441439628,0.0,0.0,0.0,0.0,1844.0458862304688,0.0,0.0,0.0,760.1421112060547,49.00933430194855,0.0,1818.877290534973,313.82083201408386,0.0,0.0,42.720188632607446,0.0,0.0,0.0,0.0
0.0,0.0,0.0,35.66447448730469,1416.4538822174072,315.16753628849983,1150.669999653101,0.0,0.0,0.0,1465.6003616809844,0.0,0.0,1049.3393844366074,30.685957235097884,2.287110641598701,953.0897833943366,0.0,0.0,0.0,0.0,2124.895098876953,0.0,0.0,0.0,786.9467308044434,62.83591763973236,0.0,2051.978773152828,352.2916749536991,0.0,0.0,58.73106066882609,0.0,0.0,0.0,0.0
0.0,0.0,0.0,45.8216894865036,1465.163633108139,323.09316188097,1233.2754462897778,0.0,0.0,0.0,0.0,0.0,0.0,1095.2816991508007,32.11884602308273,2.8324145674705505,1122.1001657485965,0.0,0.0,0.0,0.0,2301.876303100586,0.0,0.0,0.0,760.1647218704223,70.69872324466705,0.0,2140.0647491335867,366.7174180567265,0.0,0.0,71.81466864049432,0.0,0.0,0.0,0.0
0.0,0.0,0.0,49.93857765197754,1454.385251045227,320.6207967698574,1192.1106238663197,0.0,0.0,0.0,1930.153625935316,0.0,0.0,1092.3051291704178,31.527978175878523,3.266634702682495,1212.7383496999742,0.0,0.0,0.0,0.0,2276.776608276368,0.0,0.0,0.0,705.5450551509857,72.7995920419693,0.0,2139.842163825035,365.753718060255,0.0,0.0,78.94720223546027,0.0,0.0,0.0,0.0
0.0,0.0,0.0,48.36118817329407,1429.6672031879425,307.4495490193367,1136.5075505495072,0.0,0.0,0.0,1899.1791860640049,0.0,0.0,1057.7941979467869,29.43793680667877,3.690715402364731,1222.264199447632,0.0,0.0,0.0,0.0,2218.737026977539,0.0,0.0,0.0,657.8356381416321,69.07285139560699,0.0,2131.723062312603,354.92243770360955,0.0,516.9097572565079,0.0,0.0,0.0,0.0,0.0
0.0,0.0,0.0,41.28305006027222,0.0,0.0,1023.0806645870208,0.0,0.0,0.0,0.0,0.0,0.0,951.7346930503844,26.14801894426346,0.0,1249.0670433044434,0.0,0.0,0.0,0.0,1854.4397216796872,0.0,0.0,0.0,624.9096656799317,61.47432839870453,0.0,0.0,353.58916707634927,0.0,0.0,0.0,0.0,0.0,0.0,0.0
0.0,0.0,0.0,31.85876488685608,0.0,0.0,0.0,0.0,0.0,0.0,1583.0631614148615,0.0,0.0,0.0,21.97593020796776,0.0,1186.3782322645188,0.0,0.0,0.0,0.0,0.0,0.0,0.0,0.0,0.0,52.88075960874558,0.0,0.0,341.10209407806394,0.0,408.85051584243774,0.0,0.0,0.0,0.0,0.0
0.0,0.0,0.0,0.0,0.0,0.0,0.0,0.0,0.0,0.0,0.0,0.0,0.0,0.0,0.0,0.0,0.0,0.0,0.0,0.0,0.0,0.0,0.0,0.0,0.0,0.0,0.0,0.0,0.0,0.0,0.0,0.0,0.0,0.0,0.0,0.0,0.0
0.0,0.0,0.0,0.0,0.0,0.0,0.0,0.0,0.0,0.0,0.0,0.0,0.0,0.0,0.0,0.0,0.0,0.0,0.0,0.0,0.0,0.0,0.0,0.0,0.0,0.0,0.0,0.0,0.0,0.0,0.0,0.0,0.0,0.0,0.0,0.0,0.0
0.0,0.0,0.0,0.0,0.0,0.0,0.0,0.0,0.0,0.0,0.0,0.0,0.0,0.0,0.0,0.0,0.0,0.0,0.0,0.0,0.0,0.0,0.0,0.0,0.0,0.0,0.0,0.0,0.0,0.0,0.0,0.0,0.0,0.0,0.0,0.0,0.0
0.0,0.0,0.0,0.0,0.0,0.0,0.0,0.0,0.0,0.0,0.0,0.0,0.0,0.0,0.0,0.0,0.0,0.0,0.0,0.0,0.0,0.0,0.0,0.0,0.0,0.0,0.0,0.0,0.0,0.0,0.0,0.0,0.0,0.0,0.0,0.0,0.0
0.0,0.0,0.0,0.0,0.0,0.0,0.0,0.0,0.0,0.0,0.0,0.0,0.0,0.0,0.0,0.0,0.0,0.0,0.0,0.0,0.0,0.0,0.0,0.0,0.0,0.0,0.0,0.0,0.0,0.0,0.0,0.0,0.0,0.0,0.0,0.0,0.0
0.0,0.0,0.0,0.0,0.0,0.0,0.0,0.0,0.0,0.0,0.0,0.0,0.0,0.0,0.0,0.0,0.0,0.0,0.0,0.0,0.0,0.0,0.0,0.0,0.0,0.0,0.0,0.0,0.0,0.0,0.0,0.0,0.0,0.0,0.0,0.0,0.0
0.0,0.0,0.0,0.0,0.0,0.0,0.0,0.0,0.0,0.0,0.0,0.0,0.0,0.0,0.0,0.0,0.0,0.0,0.0,0.0,0.0,0.0,0.0,0.0,0.0,0.0,0.0,0.0,0.0,0.0,0.0,0.0,0.0,0.0,0.0,0.0,0.0
0.0,0.0,0.0,0.0,0.0,0.0,0.0,0.0,0.0,0.0,0.0,0.0,0.0,0.0,0.0,0.0,0.0,0.0,0.0,0.0,0.0,0.0,0.0,0.0,0.0,0.0,0.0,0.0,0.0,0.0,0.0,0.0,0.0,0.0,0.0,0.0,0.0
0.0,0.0,0.0,0.0,0.0,0.0,0.0,0.0,0.0,0.0,0.0,0.0,0.0,0.0,0.0,0.0,0.0,0.0,0.0,0.0,0.0,0.0,0.0,0.0,0.0,0.0,0.0,0.0,0.0,0.0,0.0,0.0,0.2052732016890971,0.0,0.0,0.0,0.0
0.0,0.0,0.0,0.0,0.0,0.6061418280005442,0.0,0.0,0.0,0.0,1.9752826988695589,0.0,0.0,0.0,0.0,0.0,0.0,0.0,0.0,0.0,0.0,11.86328573226903,0.0,0.0,0.0,0.0,0.0,0.0,0.0,0.4150493979453767,0.0,0.0,0.5226436676457235,0.0,0.0,0.0,0.0
0.0,0.0,0.0,0.0535948537290068,1.8525068275629173,0.5326445614918998,0.0,0.0,0.0,0.0,1.9891020068432697,0.0,0.0,1.5985190495848245,0.0416960120201098,0.0,0.0,0.0,0.0,0.0,0.0,20.02266588211032,0.0,0.0,0.0,0.7856665415689285,0.0,0.0,0.0,0.5363290391862046,0.0,0.0,0.1560995820909491,0.0,0.0,0.0,0.0
0.0,0.0,0.0,0.0967710874974714,3.1161138080060384,0.1431572027504341,1.8572025146333933,0.0,0.0,0.0,1.788389881979667,0.0,0.0,0.0393774360418319,0.0,0.0,1.330385541915709,0.0,0.0,0.0,0.0,0.0,0.0,0.0,0.0,0.0,1.3831658773124167,0.0,0.0,0.6216075852513238,0.0,0.480625882744749,0.0,0.0,0.0,0.0,0.0
0.0,0.0,0.0,0.0434435792267293,5.756880238652209,0.0,2.9540234841405124,0.0,0.0,0.0,1.583750119712119,0.0,0.0,0.0,0.0,0.0,8.740782546996954,0.0,0.0,0.0,0.0,0.0,0.0,0.0,0.0,0.0,0.4810909276828118,0.0,0.0,0.9712446451186773,0.0,0.5837776511907452,0.0,0.0,0.0,0.0,0.0
0.0,0.0,0.0,0.1063697710633246,26.490131292491974,0.5228803274221407,10.665661840885743,0.0,0.0,0.0,2.5318756437858383,0.0,0.0,23.11426190193733,0.0770369388163081,0.0444648787379264,2.670270335674137,0.0,0.0,0.0,0.0,53.15068650245637,0.0,0.0,0.0,0.0,1.6094447273761012,0.0,7.351716277003187,7.0844865851103895,0.0,2.5875494182109526,1.5316339274868238,0.0,0.0,0.0,0.0
0.0,0.0,0.0,1.1673922948539237,145.9424008131027,3.925872878637127,63.02422221451991,0.0,0.0,0.0,30.53043778594564,0.0,0.0,83.65460872650145,1.9685868278145768,0.3261317126452918,18.704517161846013,0.0,0.0,0.0,0.0,292.4354003906246,0.0,0.0,0.0,49.31416853666299,4.891722067445516,0.0,152.0812746211884,0.0,0.0,40.59068286418914,8.374579261988378,0.0,0.0,0.0,0.0
0.0,0.0,0.0,5.18256019055843,410.3782670497894,33.07867845147845,222.21094980090857,0.0,0.0,0.0,180.6718460977077,0.0,0.0,231.5915160998702,7.376637518405912,0.7382474057376379,169.97673205137238,0.0,0.0,0.0,0.0,765.4255989074703,0.0,0.0,0.0,231.01148896217347,12.796692124009123,0.0,750.4799048066138,169.93796232938766,0.0,192.06661933660507,30.790603682398785,0.0,0.0,0.0,0.0
0.0,0.0,0.0,13.323072105646132,884.7845429182051,139.35324577987194,484.8412774771451,0.0,0.0,0.0,516.3077052414417,0.0,0.0,458.0472585558891,16.039371058344837,1.1616796925663944,472.0528487145899,0.0,0.0,0.0,0.0,1502.7150787353517,0.0,0.0,0.0,554.920615196228,32.30976336598396,0.0,1427.8329172730446,279.9807163417339,0.0,373.7124969959259,79.00094819068907,0.0,0.0,0.0,0.0
0.0,0.0,0.0,26.7832505106926,1356.8804898262024,235.9391446709633,865.6172448635101,0.0,0.0,0.0,1092.4470828205344,0.0,0.0,737.2800322622061,24.70127820968628,1.696745291352272,867.5973748087882,0.0,0.0,0.0,0.0,2372.0591369628905,0.0,0.0,0.0,734.3556713581086,53.44099636077881,0.0,1967.3610124349595,334.4517440319061,0.0,470.8954030275345,134.21814545989037,0.0,0.0,0.0,0.0
0.0,0.0,0.0,42.80729842185974,1627.3341462612152,260.43237632513046,1116.2436441659927,0.0,0.0,0.0,1529.8188161551952,0.0,0.0,884.5242837071419,29.304143446683884,2.883525520563125,1131.6652382135392,0.0,0.0,0.0,0.0,2670.8468688964845,0.0,0.0,0.0,787.1925410270691,67.59099109172821,0.0,2247.189858722687,366.9315033197403,0.0,506.9500992298126,155.83214902877808,0.0,0.0,0.0,0.0
0.0,0.0,0.0,55.0209231376648,1802.1086781024933,272.1436887383461,1289.5248677194118,0.0,0.0,0.0,1788.1657216370106,0.0,0.0,983.6300520598888,31.11108081936836,4.042985528707504,1320.9988102436066,0.0,0.0,0.0,0.0,2840.6598358154297,0.0,0.0,0.0,817.782939529419,75.10883390903473,0.0,2433.7798084497454,378.0585948228836,0.0,519.1603478193283,168.0358601808548,0.0,0.0,0.0,0.0
0.0,0.0,0.0,62.0,1861.8932011127472,274.2023207843304,0.0,0.0,0.0,0.0,1849.931109619141,0.0,0.0,1031.3018783926964,31.211209827661516,5.034936994314193,1417.88112821579,0.0,0.0,0.0,0.0,2872.162924194336,0.0,0.0,0.0,821.829602432251,77.65062831640243,0.0,0.0,375.343622547388,0.0,506.339351773262,172.16215240955353,0.0,0.0,0.0,0.0
0.0,0.0,0.0,62.0,1831.3548092842104,268.3346086740494,0.0,0.0,0.0,0.0,1763.396097010374,0.0,0.0,0.0,30.27334873080253,0.0,1415.36119120121,0.0,0.0,0.0,0.0,2823.005416870117,0.0,0.0,0.0,0.0,0.0,0.0,0.0,363.0750866234303,0.0,480.4105907678604,168.798258125782,0.0,0.0,0.0,0.0
0.0,0.0,0.0,0.0,0.0,258.3794927895069,0.0,0.0,0.0,0.0,1644.8583854556084,0.0,0.0,0.0,0.0,0.0,1419.4002730846405,0.0,0.0,0.0,0.0,2543.168209838868,0.0,0.0,0.0,0.0,0.0,0.0,0.0,360.8316080272198,0.0,431.71466732025146,154.65508204698563,0.0,0.0,0.0,0.0
0.0,0.0,0.0,52.2794771194458,0.0,229.04649445414543,0.0,0.0,0.0,0.0,0.0,0.0,0.0,0.0,0.0,0.0,1339.6010419130323,0.0,0.0,0.0,0.0,1889.7018432617188,0.0,0.0,0.0,0.0,0.0,0.0,0.0,0.0,0.0,0.0,0.0,0.0,0.0,0.0,0.0
0.0,0.0,0.0,0.0,0.0,0.0,0.0,0.0,0.0,0.0,0.0,0.0,0.0,0.0,0.0,0.0,1217.8129113197326,0.0,0.0,0.0,0.0,0.0,0.0,0.0,0.0,0.0,0.0,0.0,0.0,0.0,0.0,0.0,0.0,0.0,0.0,0.0,0.0
0.0,0.0,0.0,0.0,0.0,0.0,0.0,0.0,0.0,0.0,0.0,0.0,0.0,0.0,0.0,0.0,0.0,0.0,0.0,0.0,0.0,0.0,0.0,0.0,0.0,0.0,0.0,0.0,0.0,0.0,0.0,0.0,0.0,0.0,0.0,0.0,0.0
0.0,0.0,0.0,0.0,0.0,0.0,0.0,0.0,0.0,0.0,0.0,0.0,0.0,0.0,0.0,0.0,0.0,0.0,0.0,0.0,0.0,0.0,0.0,0.0,0.0,0.0,0.0,0.0,0.0,0.0,0.0,0.0,0.0,0.0,0.0,0.0,0.0
0.0,0.0,0.0,0.0,0.0,0.0,0.0,0.0,0.0,0.0,0.0,0.0,0.0,0.0,0.0,0.0,0.0,0.0,0.0,0.0,0.0,0.0,0.0,0.0,0.0,0.0,0.0,0.0,0.0,0.0,0.0,0.0,0.0,0.0,0.0,0.0,0.0
0.0,0.0,0.0,0.0,0.0,0.0,0.0,0.0,0.0,0.0,0.0,0.0,0.0,0.0,0.0,0.0,0.0,0.0,0.0,0.0,0.0,0.0,0.0,0.0,0.0,0.0,0.0,0.0,0.0,0.0,0.0,0.0,0.0,0.0,0.0,0.0,0.0
0.0,0.0,0.0,0.0,0.0,0.0,0.0,0.0,0.0,0.0,0.0,0.0,0.0,0.0,0.0,0.0,0.0,0.0,0.0,0.0,0.0,0.0,0.0,0.0,0.0,0.0,0.0,0.0,0.0,0.0,0.0,0.0,0.0,0.0,0.0,0.0,0.0
0.0,0.0,0.0,0.0,0.0,0.0,0.0,0.0,0.0,0.0,0.0,0.0,0.0,0.0,0.0,0.0,0.0,0.0,0.0,0.0,0.0,0.0,0.0,0.0,0.0,0.0,0.0,0.0,0.0,0.0,0.0,0.0,0.0,0.0,0.0,0.0,0.0
0.0,0.0,0.0,0.0,0.0,0.0,0.0,0.0,0.0,0.0,0.0,0.0,0.0,0.0,0.0,0.0,0.0,0.0,0.0,0.0,0.0,0.0,0.0,0.0,0.0,0.0,0.0,0.0,0.0,0.0,0.0,0.0,0.0,0.0,0.0,0.0,0.0
0.0,0.0,0.0,0.0,0.0,0.0,0.0,0.0,0.0,0.0,0.0,0.0,0.0,0.0,0.0,0.0,0.0,0.0,0.0,0.0,0.0,0.0,0.0,0.0,0.0,0.0,0.0,0.0,0.0,0.0,0.0,0.0,0.3199344230815493,0.0,0.0,0.0,0.0
0.0,0.0,0.0,0.0,1.3782216459511027,0.0,0.0,0.0,0.0,0.0,0.0,0.0,0.0,0.0,0.0,0.0,0.0,0.0,0.0,0.0,0.0,34.95208706855737,0.0,0.0,0.0,0.0,0.0,0.0,0.0,0.0,0.0,0.0,0.0,0.0,0.0,0.0,0.0
0.0,0.0,0.0,0.0,1.7052596956490045,0.0,0.0,0.0,0.0,0.0,0.0,0.0,0.0,1.27564968075596,0.0,0.0,0.0,0.0,0.0,0.0,0.0,24.54830827713009,0.0,0.0,0.0,0.0,1.2079856205731594,0.0,0.0,0.0,0.0,0.0,0.0081006418913602,0.0,0.0,0.0,0.0
0.0,0.0,0.0,0.0,2.3934935666619603,0.0,0.0,0.0,0.0,0.0,1.9148328945971829,0.0,0.0,0.0,0.0,0.0,0.0,0.0,0.0,0.0,0.0,0.0,0.0,0.0,0.0,0.0,0.3067644115537331,0.0,0.0,0.0,0.0,0.0,0.0,0.0,0.0,0.0,0.0
0.0,0.0,0.0,0.0,5.097873501479528,0.0,0.0,0.0,0.0,0.0,1.6933933970516335,0.0,0.0,0.0,0.0496588937938189,0.0,19.876602268218903,0.0,0.0,0.0,0.0,0.0,0.0,0.0,0.0,0.0,0.0,0.0,0.0,0.0,0.0,0.694536402821506,0.0,0.0,0.0,0.0,0.0
0.0,0.0,0.0,0.0,42.54889336973418,0.5126287341117528,0.0,0.0,0.0,0.0,7.080197364045223,0.0,0.0,21.521490137092645,0.3446308504790049,0.0,7.96503074169157,0.0,0.0,0.0,0.0,121.27960271835327,0.0,0.0,0.0,0.0,0.4337502563372211,0.0,23.81436996012925,0.0,0.0,1.976120203733388,3.261758413165796,0.0,0.0,0.0,0.0
0.0,0.0,0.0,0.0,196.36828166246403,1.7180407079867752,77.8223210051655,0.0,0.0,0.0,57.21387181170274,0.0,0.0,99.8683476820588,3.2164608076214765,0.7847362197935572,43.05808618068685,0.0,0.0,0.0,0.0,597.6235382080075,0.0,0.0,0.0,82.16432797908783,5.206024089455601,0.0,307.01476712524885,0.0,0.0,9.320792540907854,18.016845945268862,0.0,0.0,0.0,0.0
0.0,0.0,0.0,6.409631267189978,516.5433250069617,11.17836761847138,332.53721891343594,0.0,0.0,0.0,221.98661627024407,0.0,0.0,289.38106734305615,9.463511413335798,1.395725980401038,212.8676313996313,0.0,0.0,0.0,0.0,1436.8567626953125,0.0,0.0,0.0,344.0299526929855,17.079395240545267,0.0,1106.2803999185562,136.6633672773838,0.0,50.91827487945556,61.65841642022132,0.0,0.0,0.0,0.0
0.0,0.0,0.0,15.690988361835476,974.2770611047744,49.11063845083114,646.0131070315838,0.0,0.0,0.0,523.2075311288237,0.0,0.0,554.8744162917137,18.700330835580825,2.1740447580814357,516.6499669075013,0.0,0.0,0.0,0.0,2382.2392181396485,0.0,0.0,0.0,582.7888512134552,41.61595634818077,0.0,1732.5812648653985,257.1186033546925,0.0,155.95888954401013,112.6800935268402,0.0,0.0,0.0,0.0
0.0,0.0,0.0,29.91745114326477,1377.745593070984,110.53141909092663,932.0876521468164,0.0,0.0,0.0,993.8936311364174,0.0,0.0,842.8158855438232,24.65993367433548,3.145944580435752,882.9856725096703,0.0,0.0,0.0,0.0,2977.9987213134764,0.0,0.0,0.0,753.1715663909912,63.03159517049789,0.0,2158.457175815105,315.5608107507229,0.0,300.1633394956589,162.47605723142624,0.0,0.0,0.0,0.0
0.0,0.0,0.0,40.91425514221192,1588.0948774814606,144.29040446877477,1114.1347849845886,0.0,0.0,0.0,1323.8183261871338,0.0,0.0,991.1209605634212,27.028463816642763,4.660076200962067,1112.8291410923005,0.0,0.0,0.0,0.0,3107.7250213623047,0.0,0.0,0.0,783.4387400627136,73.18668013811111,0.0,2394.961370468139,355.8771872162819,0.0,347.27173578739166,176.25213664770126,0.0,0.0,0.0,0.0
0.0,0.0,0.0,50.01240241527557,1700.508436918259,165.9332931488752,1220.1503818273543,0.0,0.0,0.0,1525.3329647421838,0.0,0.0,1056.0404680669308,28.382772463560105,0.0,1271.2617081642152,0.0,0.0,0.0,0.0,3106.988153076172,0.0,0.0,0.0,768.3854210853576,78.44693536758423,0.0,2516.283715605736,371.9006385385991,0.0,367.98418748378754,181.18584942817688,0.0,0.0,0.0,0.0
0.0,0.0,0.0,54.82852125167847,1724.2022364139557,175.7232990413904,1258.968985080719,0.0,0.0,0.0,1576.0504670739174,0.0,0.0,1067.0947386324406,28.650702291727065,6.841618895530701,1343.2415229320527,0.0,0.0,0.0,0.0,3012.609259033203,0.0,0.0,0.0,730.7105630874634,79.11409794092178,0.0,2529.481123709679,372.4782259106636,0.0,383.3316348791122,179.22141075134277,0.0,0.0,0.0,0.0
0.0,0.0,0.0,56.471993446350105,1678.7280559539795,179.89764903485772,1253.455034571886,0.0,0.0,0.0,1564.978305721283,0.0,0.0,1049.7607457637787,28.046752399206163,6.991882920265198,1339.414734005928,0.0,0.0,0.0,0.0,2852.4486419677733,0.0,0.0,0.0,684.5473386764527,75.41514817476272,0.0,2495.905143094062,0.0,0.0,0.0,171.20977932214737,0.0,0.0,0.0,0.0
0.0,0.0,0.0,0.0,1527.026165723801,0.0,1183.0178686082363,0.0,0.0,0.0,0.0,0.0,0.0,0.0,0.0,5.927642792463303,1362.6979518413543,0.0,0.0,0.0,0.0,2614.177813720703,0.0,0.0,0.0,636.9845141410827,66.56865779161453,0.0,0.0,0.0,0.0,0.0,159.24653220176697,0.0,0.0,0.0,0.0
0.0,0.0,0.0,0.0,1315.9833285808563,0.0,0.0,0.0,0.0,0.0,0.0,0.0,0.0,0.0,0.0,4.641586482524871,0.0,0.0,0.0,0.0,0.0,2196.905844116211,0.0,0.0,0.0,0.0,0.0,0.0,0.0,0.0,0.0,0.0,0.0,0.0,0.0,0.0,0.0
0.0,0.0,0.0,0.0,0.0,0.0,0.0,0.0,0.0,0.0,0.0,0.0,0.0,0.0,0.0,0.0,0.0,0.0,0.0,0.0,0.0,0.0,0.0,0.0,0.0,0.0,0.0,0.0,0.0,0.0,0.0,0.0,0.0,0.0,0.0,0.0,0.0
0.0,0.0,0.0,0.0,0.0,0.0,0.0,0.0,0.0,0.0,0.0,0.0,0.0,0.0,0.0,0.0,0.0,0.0,0.0,0.0,0.0,0.0,0.0,0.0,0.0,0.0,0.0,0.0,0.0,0.0,0.0,0.0,0.0,0.0,0.0,0.0,0.0
0.0,0.0,0.0,0.0,0.0,0.0,0.0,0.0,0.0,0.0,0.0,0.0,0.0,0.0,0.0,0.0,0.0,0.0,0.0,0.0,0.0,0.0,0.0,0.0,0.0,0.0,0.0,0.0,0.0,0.0,0.0,0.0,0.0,0.0,0.0,0.0,0.0
0.0,0.0,0.0,0.0,0.0,0.0,0.0,0.0,0.0,0.0,0.0,0.0,0.0,0.0,0.0,0.0,0.0,0.0,0.0,0.0,0.0,0.0,0.0,0.0,0.0,0.0,0.0,0.0,0.0,0.0,0.0,0.0,0.0,0.0,0.0,0.0,0.0
0.0,0.0,0.0,0.0,0.0,0.0,0.0,0.0,0.0,0.0,0.0,0.0,0.0,0.0,0.0,0.0,0.0,0.0,0.0,0.0,0.0,0.0,0.0,0.0,0.0,0.0,0.0,0.0,0.0,0.0,0.0,0.0,0.0,0.0,0.0,0.0,0.0
0.0,0.0,0.0,0.0,0.0,0.0,0.0,0.0,0.0,0.0,0.0,0.0,0.0,0.0,0.0,0.0,0.0,0.0,0.0,0.0,0.0,0.0,0.0,0.0,0.0,0.0,0.0,0.0,0.0,0.0,0.0,0.0,0.0,0.0,0.0,0.0,0.0
0.0,0.0,0.0,0.0,0.0,0.0,0.0,0.0,0.0,0.0,0.0,0.0,0.0,0.0,0.0,0.0,0.0,0.0,0.0,0.0,0.0,0.0,0.0,0.0,0.0,0.0,0.0,0.0,0.0,0.0,0.0,0.0,0.0,0.0,0.0,0.0,0.0
0.0,0.0,0.0,0.0,0.0,0.0,0.0,0.0,0.0,0.0,0.0,0.0,0.0,0.0,0.0,0.0,0.0,0.0,0.0,0.0,0.0,0.0,0.0,0.0,0.0,0.0,0.0,0.0,0.0,0.0,0.0,0.0,0.0,0.0,0.0,0.0,0.0
0.0,0.0,0.0,0.0,0.0,0.0,0.0,0.0,0.0,0.0,0.0,0.0,0.0,0.8052998641504602,0.0,0.0,0.0,0.0,0.0,0.0,0.0,0.0,0.0,0.0,0.0,0.0,0.0,0.0,0.0,0.0,0.0,0.0,0.0,0.0,0.0,0.0,0.0
0.0,0.0,0.0,0.0,1.607614543288851,0.0,0.0,0.0,0.0,0.0,0.0,0.0,0.0,4.139257064089063,0.0,0.0,0.0,0.0,0.0,0.0,0.0,0.0,0.0,0.0,0.0,0.0,1.2223539790138551,0.0,0.0,0.0,0.0,0.0,0.0,0.0,0.0,0.0,0.0
0.0,0.0,0.0,0.0,0.0,0.0,2.9173496432601875,0.0,0.0,0.0,0.0,0.0,0.0,1.5943764522670982,0.0,0.0,0.0,0.0,0.0,0.0,0.0,11.745391559600655,0.0,0.0,0.0,0.0,1.090874724090092,0.0,0.0,0.0,0.0,0.0,0.0,0.0,0.0,0.0,0.0
0.0,0.0,0.0,0.0357339829206444,2.1653165780007297,0.0301667884923517,0.0,0.0,0.0,0.0,1.812015039473565,0.0,0.0,0.0,0.0335045658051936,0.0,0.0,0.0,0.0,0.0,0.0,10.46997013092018,0.0,0.0,0.0,0.0,0.0,0.0,0.0,0.0,0.0,0.4964229315519138,0.0,0.0,0.0,0.0,0.0
0.0,0.0,0.0,0.0319300554692734,4.253471236675804,0.0,0.0,0.0,0.0,0.0,1.5159218242390349,0.0,0.0,0.0,0.0568761952221368,0.0,0.0,0.0,0.0,0.0,0.0,91.3471465110775,0.0,0.0,0.0,0.0,0.0,0.0,0.0,1.0607934154569951,0.0,0.6201978772878393,0.0,0.0,0.0,0.0,0.0
0.0,0.0,0.0,0.0665553919970965,50.36005230247958,0.8543070661835147,0.0,0.0,0.0,0.0,2.3691345653962155,0.0,0.0,29.677976891398323,0.0,0.0,10.234248793125143,0.0,0.0,0.0,0.0,571.3204231262206,0.0,0.0,0.0,0.0,0.0,0.0,0.0,6.051153816282744,0.0,1.9331246018409236,1.8600302822887709,0.0,0.0,0.0,0.0
0.0,0.0,0.0,1.6896639466285697,214.2885762751102,8.197695967741279,60.37049130201331,0.0,0.0,0.0,32.272948370687466,0.0,0.0,108.368559051305,4.442714264988898,0.0,46.60915166139586,0.0,0.0,0.0,0.0,1604.1106536865232,0.0,0.0,0.0,0.0,3.592841926217071,0.0,368.859670984745,36.192736866325134,0.0,22.458868816494903,0.0,0.0,0.0,0.0,0.0
0.0,0.0,0.0,6.860418900847429,554.7720613479614,50.05598563700913,339.7592002958059,0.0,0.0,0.0,165.69238163232802,0.0,0.0,296.46943829953665,12.779052552580833,0.0,223.91599671840663,0.0,0.0,0.0,0.0,2543.940658569336,0.0,0.0,0.0,0.0,12.718095675110815,0.0,1245.0896720826624,146.13869619965553,0.0,108.8522155880928,0.0,0.0,0.0,0.0,0.0
0.0,0.0,0.0,17.278370440006256,1117.1226272583008,142.90413522720337,777.1761696279049,0.0,0.0,0.0,438.4095874145626,0.0,0.0,565.407766625285,23.42643885612488,0.0,554.0231492161749,0.0,0.0,0.0,0.0,3283.1061920166017,0.0,0.0,0.0,0.0,32.79007207155227,0.0,1891.29888433218,264.1862521350384,0.0,298.45506942272186,0.0,0.0,0.0,0.0,0.0
0.0,0.0,0.0,34.225510597229004,1559.322339773178,224.2621104121208,1165.5032763183117,0.0,0.0,0.0,955.112179672718,0.0,0.0,852.0693553984165,30.512576723098757,0.0,929.9472770571708,0.0,0.0,0.0,0.0,3842.5855926513673,0.0,0.0,0.0,842.4412687301635,56.8274918794632,0.0,2272.5380370259286,322.20310067534444,0.0,436.0426460504532,0.0,0.0,0.0,0.0,0.0
0.0,0.0,0.0,51.03134453296661,1802.05406665802,251.32351568341252,1375.430325382948,0.0,0.0,0.0,1350.325223135948,0.0,0.0,976.05847671628,33.966355937719335,0.0,1172.4877520799637,0.0,0.0,0.0,0.0,4078.4695434570312,0.0,0.0,0.0,863.3134421825409,70.77956146001816,0.0,2489.960057580472,358.3053691208363,0.0,481.72681415081024,0.0,0.0,0.0,0.0,0.0
0.0,0.0,0.0,62.0,1913.172716856003,269.0007971525192,1469.9379520177845,0.0,0.0,0.0,1634.8508289217948,0.0,0.0,1037.1479481458664,34.9482792377472,0.0,1342.646440768242,0.0,0.0,0.0,0.0,4143.886499023438,0.0,0.0,0.0,847.6150732517242,77.63172841072083,0.0,2602.3425473332404,371.4789582848549,0.0,493.9570848941803,0.0,0.0,0.0,0.0,0.0
0.0,0.0,0.0,62.0,1915.436380147934,0.0,1474.6187852859496,0.0,0.0,0.0,1783.9378165125847,0.0,0.0,1023.1528887152672,33.9922668814659,0.0,1435.4666335105896,0.0,0.0,0.0,0.0,4060.557098388672,0.0,0.0,0.0,799.0614171028137,78.42236958742141,0.0,2631.6441674470902,370.8323444068432,0.0,492.5594811439514,0.0,0.0,0.0,0.0,0.0
0.0,0.0,0.0,62.0,1851.8550374507904,0.0,1417.9702581763268,0.0,0.0,0.0,0.0,0.0,0.0,966.617633998394,31.958539187908173,0.0,1445.4778643846512,0.0,0.0,0.0,0.0,3869.210900878906,0.0,0.0,0.0,742.4179344177246,75.40021672248841,0.0,0.0,359.82995048165327,0.0,0.0,0.0,0.0,0.0,0.0,0.0
0.0,0.0,0.0,62.0,0.0,0.0,0.0,0.0,0.0,0.0,0.0,0.0,0.0,817.8030650317669,28.71078388094902,0.0,0.0,0.0,0.0,0.0,0.0,0.0,0.0,0.0,0.0,701.6791698932648,67.22637919187545,0.0,0.0,0.0,0.0,0.0,0.0,0.0,0.0,0.0,0.0
0.0,0.0,0.0,58.01921296119689,0.0,0.0,0.0,0.0,0.0,0.0,0.0,0.0,0.0,0.0,24.971814823150638,0.0,0.0,0.0,0.0,0.0,0.0,0.0,0.0,0.0,0.0,0.0,0.0,0.0,0.0,0.0,0.0,0.0,0.0,0.0,0.0,0.0,0.0
0.0,0.0,0.0,0.0,0.0,0.0,0.0,0.0,0.0,0.0,0.0,0.0,0.0,0.0,0.0,0.0,0.0,0.0,0.0,0.0,0.0,0.0,0.0,0.0,0.0,0.0,0.0,0.0,0.0,0.0,0.0,0.0,0.0,0.0,0.0,0.0,0.0
0.0,0.0,0.0,0.0,0.0,0.0,0.0,0.0,0.0,0.0,0.0,0.0,0.0,0.0,0.0,0.0,0.0,0.0,0.0,0.0,0.0,0.0,0.0,0.0,0.0,0.0,0.0,0.0,0.0,0.0,0.0,0.0,0.0,0.0,0.0,0.0,0.0
0.0,0.0,0.0,0.0,0.0,0.0,0.0,0.0,0.0,0.0,0.0,0.0,0.0,0.0,0.0,0.0,0.0,0.0,0.0,0.0,0.0,0.0,0.0,0.0,0.0,0.0,0.0,0.0,0.0,0.0,0.0,0.0,0.0,0.0,0.0,0.0,0.0
0.0,0.0,0.0,0.0,0.0,0.0,0.0,0.0,0.0,0.0,0.0,0.0,0.0,0.0,0.0,0.0,0.0,0.0,0.0,0.0,0.0,0.0,0.0,0.0,0.0,0.0,0.0,0.0,0.0,0.0,0.0,0.0,0.0,0.0,0.0,0.0,0.0
0.0,0.0,0.0,0.0,0.0,0.0,0.0,0.0,0.0,0.0,0.0,0.0,0.0,0.0,0.0,0.0,0.0,0.0,0.0,0.0,0.0,0.0,0.0,0.0,0.0,0.0,0.0,0.0,0.0,0.0,0.0,0.0,0.0,0.0,0.0,0.0,0.0
0.0,0.0,0.0,0.0,0.0,0.0,0.0,0.0,0.0,0.0,0.0,0.0,0.0,0.0,0.0,0.0,0.0,0.0,0.0,0.0,0.0,0.0,0.0,0.0,0.0,0.0,0.0,0.0,0.0,0.0,0.0,0.0,0.0,0.0,0.0,0.0,0.0
0.0,0.0,0.0,0.0,0.0,0.0,0.0,0.0,0.0,0.0,0.0,0.0,0.0,0.0,0.0,0.0,0.0,0.0,0.0,0.0,0.0,0.0,0.0,0.0,0.0,0.0,0.0,0.0,0.0,0.0,0.0,0.0,0.0,0.0,0.0,0.0,0.0
0.0,0.0,0.0,0.0,0.0,0.0,0.0,0.0,0.0,0.0,0.0,0.0,0.0,0.0,0.0,0.0,0.0,0.0,0.0,0.0,0.0,0.0,0.0,0.0,0.0,0.0,0.0,0.0,0.0,0.0,0.0,0.0,0.0,0.0,0.0,0.0,0.0
0.0,0.0,0.0,0.0,0.0,0.0,0.0,0.0,0.0,0.0,0.0,0.0,0.0,0.0,0.0,0.0,0.0,0.0,0.0,0.0,0.0,0.0,0.0,0.0,0.0,0.0,0.0,0.0,0.0,0.0,0.0,0.0,0.0,0.0,0.0,0.0,0.0
0.0,0.0,0.0,0.0,0.0,0.0,0.0,0.0,0.0,0.0,0.0,0.0,0.0,0.0,0.0,0.0,0.0,0.0,0.0,0.0,0.0,0.0,0.0,0.0,0.0,0.0,0.0,0.0,0.0,0.0,0.0,0.0,0.0,0.0,0.0,0.0,0.0
0.0,0.0,0.0,0.0,0.0,0.0,0.0,0.0,0.0,0.0,0.0,0.0,0.0,0.0,0.0,0.0,0.0,0.0,0.0,0.0,0.0,0.0,0.0,0.0,0.0,0.0,0.0,0.0,0.0,0.0,0.0,0.0,0.0,0.0,0.0,0.0,0.0
0.0,0.0,0.0,0.0,1.971380129456432,0.0,0.0,0.0,0.0,0.0,0.0,0.0,0.0,0.0,0.0,0.0,6.973063707351535,0.0,0.0,0.0,0.0,0.0,0.0,0.0,0.0,0.0,0.0,0.0,0.0,0.6423758707940553,0.0,0.0,0.0,0.0,0.0,0.0,0.0
0.0,0.0,0.0,0.0,5.24292332679024,0.0,0.0,0.0,0.0,0.0,0.0,0.0,0.0,0.0,0.0,0.0,13.135933160781834,0.0,0.0,0.0,0.0,48.52715969085688,0.0,0.0,0.0,0.0,0.0,0.0,0.0,0.6656365849077406,0.0,0.3945763707160449,0.0,0.0,0.0,0.0,0.0
0.0,0.0,0.0,0.0,21.48938071355205,0.0,2.542802743613569,0.0,0.0,0.0,0.0,0.0,0.0,31.94400892127302,0.0,0.0,3.636007177829588,0.0,0.0,0.0,0.0,296.55125656127905,0.0,0.0,0.0,0.0,0.0,0.0,10.456109805404914,1.1733627364039398,0.0,3.3740603476762603,2.1690858975052647,0.0,0.0,0.0,0.0
0.0,0.0,0.0,1.3310910947620862,115.4530552327632,10.959556626155956,47.003697949275306,0.0,0.0,0.0,43.55601760074495,0.0,0.0,132.54365306347606,0.0,0.9761407300829884,25.86695305109019,0.0,0.0,0.0,0.0,841.1820007324218,0.0,0.0,0.0,38.12277458608145,0.0,0.0,154.20455310791723,10.244149414077372,0.0,59.83774971961971,12.378817744553071,0.0,0.0,0.0,0.0
0.0,0.0,0.0,5.500734776258466,300.8075296878814,65.46878649294372,189.57796326577653,0.0,0.0,0.0,228.1048899926245,0.0,0.0,342.7818553894758,12.8250070810318,1.7608678936958306,180.74667736291883,0.0,0.0,0.0,0.0,1637.889532470703,0.0,0.0,0.0,147.76009945869444,0.2347363237291561,0.0,657.4540115475654,58.47313576936722,0.0,243.80515664815903,37.66785053908823,0.0,0.0,0.0,0.0
0.0,0.0,0.0,13.026641309261318,619.0221735239028,154.9745698571205,424.7978134781122,0.0,0.0,0.0,575.6772577166557,0.0,0.0,618.9492436498402,21.608260506391524,2.438424795866012,484.6820427536964,0.0,0.0,0.0,0.0,2550.3152618408203,0.0,0.0,0.0,378.617297554016,3.7872416354715774,0.0,1192.8330191671848,200.2449096679688,0.0,395.8887188434601,71.5499381572008,0.0,0.0,0.0,0.0
0.0,0.0,0.0,24.04931741952896,929.9935488700868,219.3820775449276,667.329176390171,0.0,0.0,0.0,1160.40908113122,0.0,0.0,880.963926166296,26.190160578489305,2.954883769154548,871.2232698798178,0.0,0.0,0.0,0.0,3058.414599609375,0.0,0.0,0.0,531.9313837051392,9.14042371809482,0.0,1690.098101937771,285.81399499773977,0.0,490.0506837368012,109.00256910920145,0.0,0.0,0.0,0.0
0.0,0.0,0.0,34.8116888999939,1184.909429550171,237.24863404035568,831.049996548891,0.0,0.0,0.0,1567.83402338624,0.0,0.0,1015.4434695839882,27.927534860372543,3.757367730140686,1117.01285674572,0.0,0.0,0.0,0.0,3147.954281616211,0.0,0.0,0.0,583.6378816604614,18.572519981861117,0.0,1942.2849002957344,328.17733773589134,0.0,513.850709438324,125.05890908837318,0.0,0.0,0.0,0.0
0.0,0.0,0.0,41.88215148448944,1377.7154495716095,250.4075863659382,1004.7461920917034,0.0,0.0,0.0,1805.827854627371,0.0,0.0,1086.56494602561,28.541943275928496,4.390590608119965,1297.9609795331955,0.0,0.0,0.0,0.0,3158.8182678222656,0.0,0.0,0.0,595.5991922855377,34.57976846694945,0.0,2104.735104167461,346.2132889389992,0.0,521.8485552072525,137.29615142941475,0.0,0.0,0.0,0.0
0.0,0.0,0.0,46.525994062423706,1500.9710834026337,254.3871789574623,1144.8579438567162,0.0,0.0,0.0,1868.8544941782952,0.0,0.0,1126.536457836628,28.667451828718185,5.064047336578369,1397.094068622589,0.0,0.0,0.0,0.0,3152.3575653076173,0.0,0.0,0.0,595.7761476516723,44.14564638733864,0.0,0.0,355.6034008204937,0.0,509.7191846370697,145.4105681777,0.0,0.0,0.0,0.0
0.0,0.0,0.0,49.70638275146485,0.0,252.61924588680267,0.0,0.0,0.0,0.0,1841.5551786363128,0.0,0.0,0.0,28.236020493507382,5.487533330917358,1409.359625172615,0.0,0.0,0.0,0.0,0.0,0.0,0.0,0.0,0.0,48.32836701273918,0.0,0.0,0.0,0.0,493.6880775690079,0.0,0.0,0.0,0.0,0.0
0.0,0.0,0.0,0.0,0.0,0.0,0.0,0.0,0.0,0.0,0.0,0.0,0.0,0.0,0.0,0.0,1430.3907236099244,0.0,0.0,0.0,0.0,0.0,0.0,0.0,0.0,0.0,0.0,0.0,0.0,0.0,0.0,0.0,0.0,0.0,0.0,0.0,0.0
0.0,0.0,0.0,0.0,0.0,0.0,0.0,0.0,0.0,0.0,0.0,0.0,0.0,0.0,0.0,0.0,0.0,0.0,0.0,0.0,0.0,0.0,0.0,0.0,0.0,0.0,0.0,0.0,0.0,0.0,0.0,0.0,0.0,0.0,0.0,0.0,0.0
0.0,0.0,0.0,0.0,0.0,0.0,0.0,0.0,0.0,0.0,0.0,0.0,0.0,0.0,0.0,0.0,0.0,0.0,0.0,0.0,0.0,0.0,0.0,0.0,0.0,0.0,0.0,0.0,0.0,0.0,0.0,0.0,0.0,0.0,0.0,0.0,0.0
0.0,0.0,0.0,0.0,0.0,0.0,0.0,0.0,0.0,0.0,0.0,0.0,0.0,0.0,0.0,0.0,0.0,0.0,0.0,0.0,0.0,0.0,0.0,0.0,0.0,0.0,0.0,0.0,0.0,0.0,0.0,0.0,0.0,0.0,0.0,0.0,0.0
0.0,0.0,0.0,0.0,0.0,0.0,0.0,0.0,0.0,0.0,0.0,0.0,0.0,0.0,0.0,0.0,0.0,0.0,0.0,0.0,0.0,0.0,0.0,0.0,0.0,0.0,0.0,0.0,0.0,0.0,0.0,0.0,0.0,0.0,0.0,0.0,0.0
0.0,0.0,0.0,0.0,0.0,0.0,0.0,0.0,0.0,0.0,0.0,0.0,0.0,0.0,0.0,0.0,0.0,0.0,0.0,0.0,0.0,0.0,0.0,0.0,0.0,0.0,0.0,0.0,0.0,0.0,0.0,0.0,0.0,0.0,0.0,0.0,0.0
0.0,0.0,0.0,0.0,0.0,0.0,0.0,0.0,0.0,0.0,0.0,0.0,0.0,0.0,0.0,0.0,0.0,0.0,0.0,0.0,0.0,0.0,0.0,0.0,0.0,0.0,0.0,0.0,0.0,0.0,0.0,0.0,0.0,0.0,0.0,0.0,0.0
0.0,0.0,0.0,0.0,0.0,0.0,0.0,0.0,0.0,0.0,0.0,0.0,0.0,0.0,0.0,0.0,0.0,0.0,0.0,0.0,0.0,0.0,0.0,0.0,0.0,0.0,0.0,0.0,0.0,0.0,0.0,0.0,0.0,0.0,0.0,0.0,0.0
0.0,0.0,0.0,0.0,0.0,0.0,0.0,0.0,0.0,0.0,0.0,0.0,0.0,0.0,0.0,0.0,0.0,0.0,0.0,0.0,0.0,0.0,0.0,0.0,0.0,0.0,0.0,0.0,0.0,0.0,0.0,0.0,0.0,0.0,0.0,0.0,0.0
0.0,0.0,0.0,0.0,0.0,0.0,0.0,0.0,0.0,0.0,0.0,0.0,0.0,0.0,0.0,0.0,0.0,0.0,0.0,0.0,0.0,0.0,0.0,0.0,0.0,0.0,0.0,0.0,0.0,0.0,0.0,0.0,0.0,0.0,0.0,0.0,0.0
0.0,0.0,0.0,0.0,0.0,0.0,0.0,0.0,0.0,0.0,0.0,0.0,0.0,0.0,0.0,0.0,0.0,0.0,0.0,0.0,0.0,0.0,0.0,0.0,0.0,0.0,0.0,0.0,0.0,0.0,0.0,0.0,0.0,0.0,0.0,0.0,0.0
0.0,0.0,0.0,0.0,0.0,1.16259713191539,0.0,0.0,0.0,0.0,2.056275519495762,0.0,0.0,0.0,0.0,0.0,0.0,0.0,0.0,0.0,0.0,0.0,0.0,0.0,0.0,3.1987665640190226,0.0,0.0,0.0,0.0,0.0,0.0,0.0,0.0,0.0,0.0,0.0
0.0,0.0,0.0,0.0726198609918307,0.0,0.0,0.0,0.0,0.0,0.0,0.0,0.0,0.0,0.0,0.0,0.0,0.0,0.0,0.0,0.0,0.0,0.0,0.0,0.0,0.0,0.0,0.0,0.0,0.0,0.0,0.0,0.0,0.0,0.0,0.0,0.0,0.0
0.0,0.0,0.0,0.0651256423443503,2.353407993912486,0.2882218430750039,0.0,0.0,0.0,0.0,1.814438159717101,0.0,0.0,0.0226619420573115,0.0,0.0034475354477758,0.0,0.0,0.0,0.0,0.0,0.0,0.0,0.0,0.0,0.0,0.0,0.0,0.0,0.5628583200275803,0.0,0.4509963244199224,0.0,0.0,0.0,0.0,0.0
0.0,0.0,0.0,0.0407622717320918,5.114975050091619,0.0,0.0,0.0,0.0,0.0,1.643939282279427,0.0,0.0,0.0,0.0,0.0028578303754324,16.25983873605727,0.0,0.0,0.0,0.0,0.0,0.0,0.0,0.0,0.0,0.0,0.0,0.0,0.5829002574085899,0.0,0.5408224165439116,0.0,0.0,0.0,0.0,0.0
0.0,0.0,0.0,0.0875679366290564,23.066926643252263,0.5302389529533394,9.256903561949622,0.0,0.0,0.0,4.446942692110103,0.0,0.0,28.40844721533356,0.0164045982062804,0.2017058432102194,5.199767887592298,0.0,0.0,0.0,0.0,75.88903913497884,0.0,0.0,0.0,0.0,0.0,0.0,17.246139831840935,1.492100711166846,0.0,2.923064023256278,1.761385333724307,0.0,0.0,0.0,0.0
0.0,0.0,0.0,0.8715585507452439,125.41686913371068,6.019278754945836,54.11985104791808,0.0,0.0,0.0,46.3634127173571,0.0,0.0,119.57715274766088,1.467528199777005,0.7063851468265046,29.97044599056236,0.0,0.0,0.0,0.0,375.8703201293945,0.0,0.0,0.0,71.74154520630833,0.0,0.0,254.44772001802903,12.655985556170306,0.0,52.377819925546646,10.519613735377778,0.0,0.0,0.0,0.0
0.0,0.0,0.0,4.496885493397708,354.3116735219955,42.75932957977056,169.60159974098204,0.0,0.0,0.0,229.16817253157484,0.0,0.0,312.4485287070273,6.372296597063541,1.5565574541687963,192.4363953948021,0.0,0.0,0.0,0.0,911.9473625183105,0.0,0.0,0.0,311.83139760494225,0.0,0.0,1051.156841945648,68.52128393948077,0.0,223.3484359383583,38.77665884792804,0.0,0.0,0.0,0.0
0.0,0.0,0.0,11.884006589651108,697.7468409538269,155.32417775690553,346.5926157608628,0.0,0.0,0.0,581.5596401005982,0.0,0.0,581.2192866951227,15.006305810809131,0.0,508.5944481313227,0.0,0.0,0.0,0.0,1609.549572753906,0.0,0.0,0.0,552.0251042842865,0.8292659200727848,0.0,1755.9011993408203,212.7164247572422,0.0,389.9589678049088,76.9562616944313,0.0,0.0,0.0,0.0
0.0,0.0,0.0,24.23647540807724,1087.3158774375916,242.74109616875648,582.0458593845367,0.0,0.0,0.0,1172.5119426906108,0.0,0.0,858.8747778534889,24.250513565540317,3.73987990617752,889.7642160534857,0.0,0.0,0.0,0.0,2412.4236572265627,0.0,0.0,0.0,705.8388861179352,1.4900289598852396,0.0,2240.07466878891,293.3113372921944,0.0,475.7898149490357,124.10777595639227,0.0,0.0,0.0,0.0
0.0,0.0,0.0,37.576822996139526,1366.548733472824,265.7976260483265,790.0368560433387,0.0,0.0,0.0,1599.4613304674626,0.0,0.0,997.9633477330208,28.72381362318993,4.950913846492767,1140.4519848823547,0.0,0.0,0.0,0.0,2645.6366302490237,0.0,0.0,0.0,747.0424074649811,2.331117564067236,0.0,2492.378964543342,336.0042077898979,0.0,507.55266559123993,140.43594560027122,0.0,0.0,0.0,0.0
0.0,0.0,0.0,47.545860052108765,1532.1057868003843,278.1553265154362,979.0083182990552,0.0,0.0,0.0,1860.346199589968,0.0,0.0,1068.774903267622,30.593765741586687,6.165441244840622,1306.9408980846406,0.0,0.0,0.0,0.0,2795.5574127197265,0.0,0.0,0.0,753.1272064208985,1.9458265759050772,0.0,2635.4,356.25306067466744,0.0,515.2107447385788,153.71236664056778,0.0,0.0,0.0,0.0
0.0,0.0,0.0,51.803719997406006,1612.018221616745,280.46822369098663,1112.9854295313355,0.0,0.0,0.0,1932.690640246868,0.0,0.0,1093.7291811406612,30.103614789247512,7.057563960552216,1392.787904548645,0.0,0.0,0.0,0.0,2889.5546997070314,0.0,0.0,0.0,723.8846188545227,0.897594068944453,0.0,2635.4,360.3702597916126,0.0,506.9655643701553,160.82625287771225,0.0,0.0,0.0,0.0
0.0,0.0,0.0,53.66845214366913,1621.57572889328,273.2860454916954,0.0,0.0,0.0,0.0,1868.012846088409,0.0,0.0,0.0,29.03908191919327,0.0,1391.4895100355147,0.0,0.0,0.0,0.0,2860.278240966797,0.0,0.0,0.0,684.730215883255,0.3536649972200361,0.0,2622.951873421669,355.27893406748774,0.0,490.93266320228577,0.0,0.0,0.0,0.0,0.0
0.0,0.0,0.0,47.53176546096802,0.0,258.3969246149063,0.0,0.0,0.0,0.0,1728.829666918516,0.0,0.0,0.0,26.19215018749237,0.0,1406.94436378479,0.0,0.0,0.0,0.0,0.0,0.0,0.0,0.0,651.5623631477356,0.914343846961852,0.0,2496.945654797554,0.0,0.0,0.0,0.0,0.0,0.0,0.0,0.0
0.0,0.0,0.0,38.65286040306091,0.0,226.77708369493484,0.0,0.0,0.0,0.0,1480.67977694273,0.0,0.0,0.0,22.449206095933917,0.0,0.0,0.0,0.0,0.0,0.0,0.0,0.0,0.0,0.0,576.5728565692901,0.0,0.0,0.0,0.0,0.0,0.0,0.0,0.0,0.0,0.0,0.0
0.0,0.0,0.0,0.0,0.0,0.0,0.0,0.0,0.0,0.0,0.0,0.0,0.0,0.0,0.0,0.0,0.0,0.0,0.0,0.0,0.0,0.0,0.0,0.0,0.0,0.0,0.0,0.0,0.0,0.0,0.0,0.0,0.0,0.0,0.0,0.0,0.0
0.0,0.0,0.0,0.0,0.0,0.0,0.0,0.0,0.0,0.0,0.0,0.0,0.0,0.0,0.0,0.0,0.0,0.0,0.0,0.0,0.0,0.0,0.0,0.0,0.0,0.0,0.0,0.0,0.0,0.0,0.0,0.0,0.0,0.0,0.0,0.0,0.0
0.0,0.0,0.0,0.0,0.0,0.0,0.0,0.0,0.0,0.0,0.0,0.0,0.0,0.0,0.0,0.0,0.0,0.0,0.0,0.0,0.0,0.0,0.0,0.0,0.0,0.0,0.0,0.0,0.0,0.0,0.0,0.0,0.0,0.0,0.0,0.0,0.0
0.0,0.0,0.0,0.0,0.0,0.0,0.0,0.0,0.0,0.0,0.0,0.0,0.0,0.0,0.0,0.0,0.0,0.0,0.0,0.0,0.0,0.0,0.0,0.0,0.0,0.0,0.0,0.0,0.0,0.0,0.0,0.0,0.0,0.0,0.0,0.0,0.0
0.0,0.0,0.0,0.0,0.0,0.0,0.0,0.0,0.0,0.0,0.0,0.0,0.0,0.0,0.0,0.0,0.0,0.0,0.0,0.0,0.0,0.0,0.0,0.0,0.0,0.0,0.0,0.0,0.0,0.0,0.0,0.0,0.0,0.0,0.0,0.0,0.0
0.0,0.0,0.0,0.0,0.0,0.0,0.0,0.0,0.0,0.0,0.0,0.0,0.0,0.0,0.0,0.0,0.0,0.0,0.0,0.0,0.0,0.0,0.0,0.0,0.0,0.0,0.0,0.0,0.0,0.0,0.0,0.0,0.0,0.0,0.0,0.0,0.0
0.0,0.0,0.0,0.0,0.0,0.0,0.0,0.0,0.0,0.0,0.0,0.0,0.0,0.0,0.0,0.0,0.0,0.0,0.0,0.0,0.0,0.0,0.0,0.0,0.0,0.0,0.0,0.0,0.0,0.0,0.0,0.0,0.0,0.0,0.0,0.0,0.0
0.0,0.0,0.0,0.0,0.0,0.0,0.0,0.0,0.0,0.0,0.0,0.0,0.0,0.0,0.0,0.0,0.0,0.0,0.0,0.0,0.0,0.0,0.0,0.0,0.0,0.0,0.0,0.0,0.0,0.0,0.0,0.0,0.0,0.0,0.0,0.0,0.0
0.0,0.0,0.0,0.0,0.0,0.0,0.0,0.0,0.0,0.0,0.0,0.0,0.0,0.0,0.0,0.0,0.0,0.0,0.0,0.0,0.0,0.0,0.0,0.0,0.0,0.0,0.0,0.0,0.0,0.0,0.0,0.0,0.0,0.0,0.0,0.0,0.0
0.0,0.0,0.0,0.0,0.0,0.8022752297110792,0.0,0.0,0.0,0.0,2.076057801116138,0.0,0.0,0.0,0.0,0.0,0.0,0.0,0.0,0.0,0.0,0.0,0.0,0.0,0.0,0.0,0.0,0.0,0.0,0.0,0.0,0.5371086299419232,0.0,0.0,0.0,0.0,0.0
0.0,0.0,0.0,0.0,0.0,0.8679102938622028,0.0,0.0,0.0,0.0,2.0815408125983814,0.0,0.0,0.0,0.0,0.0,0.0,0.0,0.0,0.0,0.0,0.0,0.0,0.0,0.0,0.0,0.0,0.0,0.0,0.0,0.0,0.6409780383109502,0.1613131798803549,0.0,0.0,0.0,0.0
0.0,0.0,0.0,0.0,0.0,0.5116752232424554,0.0,0.0,0.0,0.0,1.8472398123703344,0.0,0.0,0.0863230787217616,0.0,0.0,1.650234544277044,0.0,0.0,0.0,0.0,6.557708454131727,0.0,0.0,0.0,0.0,0.0,0.0,0.0,0.0,0.0,0.745322883129104,0.0,0.0,0.0,0.0,0.0
0.0,0.0,0.0,0.0,4.472549602389314,0.2362220259383247,0.0,0.0,0.0,0.0,1.6296421311793787,0.0,0.0,0.0,0.0,0.0155974794179191,8.194299781322322,0.0,0.0,0.0,0.0,5.243345451354901,0.0,0.0,0.0,0.0,0.0,0.0,0.0,0.7481678947805996,0.0,0.8488020747899673,0.0,0.0,0.0,0.0,0.0
0.0,0.0,0.0,0.0595697648823225,27.353791028261,1.0644898870959787,0.0,0.0,0.0,0.0,2.4660858631133964,0.0,0.0,26.979968128725844,0.4324694205075496,0.1637958474457252,1.073047745227696,0.0,0.0,0.0,0.0,152.46677036285362,0.0,0.0,0.0,0.0,1.6578215938061454,0.0,8.2086775690315,0.0,0.0,1.8995749354361933,1.2387547641992491,0.0,0.0,0.0,0.0
0.0,0.0,0.0,1.1152680143713891,132.88687601685518,5.893373320810465,54.512026550620746,0.0,0.0,0.0,14.359904298744878,0.0,0.0,96.76034128293382,3.633813200891017,0.5153432711958882,13.49567902088148,0.0,0.0,0.0,0.0,549.6304756164548,0.0,0.0,0.0,49.33253970146172,6.473014298081394,0.0,129.40028132721778,36.25977470129728,0.0,23.133472770452443,3.7876427741721055,0.0,0.0,0.0,0.0
0.0,0.0,0.0,4.858994349837298,349.97381585836405,38.49311652779576,260.7319690883159,0.0,0.0,0.0,115.54388345256432,0.0,0.0,259.60171062499273,11.045120859146117,0.9984066337347024,141.68477321863168,0.0,0.0,0.0,0.0,1254.9453582763672,0.0,0.0,0.0,158.84410284757612,18.38105966448784,0.0,608.3293397009371,0.0,0.0,119.27328917384143,10.96255288273094,0.0,0.0,0.0,0.0
0.0,0.0,0.0,12.140496551990504,676.8222705125809,143.50055648386478,541.1515348702669,0.0,0.0,0.0,382.16865082681176,0.0,0.0,493.3295322954655,21.13518337011337,1.4874336123466485,411.5698558807372,0.0,0.0,0.0,0.0,2107.9403381347656,0.0,0.0,0.0,315.3219458341598,43.13212504386902,0.0,1130.619482934475,265.13994727134707,0.0,303.118580698967,28.82321356236932,0.0,0.0,0.0,0.0
0.0,0.0,0.0,23.73867839574813,1106.889476776123,230.138658195734,873.325279301405,0.0,0.0,0.0,872.8016139179468,0.0,0.0,758.5011926293372,26.90857052206993,1.8977556973695748,769.6877893567085,0.0,0.0,0.0,0.0,2801.1869995117186,0.0,0.0,0.0,468.0584102630616,64.249500644207,0.0,1645.9515968561172,324.4975876569748,0.0,418.858399271965,59.147209793329225,0.0,0.0,0.0,0.0
0.0,0.0,0.0,35.270262002944946,1376.0028195381165,254.79431188106537,1116.1091885268688,0.0,0.0,0.0,1241.352951973677,0.0,0.0,911.135964691639,28.909500002861023,2.8028265237808223,1022.4638001680374,0.0,0.0,0.0,0.0,2933.916180419922,0.0,0.0,0.0,562.5565057277679,76.32692083120347,0.0,1901.9614588975903,0.0,0.0,453.74660766124725,80.04250201582907,0.0,0.0,0.0,0.0
0.0,0.0,0.0,42.39770901203156,1547.5152950286863,266.25263661146164,1266.4617816984653,0.0,0.0,0.0,1497.4353006064891,0.0,0.0,1004.9613326787947,29.02037833929062,3.64504474401474,1203.9482936143877,0.0,0.0,0.0,0.0,2931.2973510742186,0.0,0.0,0.0,607.1289622306824,81.61748380661011,0.0,2043.8376801490783,375.51328341960914,0.0,467.8705507516861,94.8318258523941,0.0,0.0,0.0,0.0
0.0,0.0,0.0,46.34233570098877,1644.0229244232178,265.9061824083328,1346.3180049061775,0.0,0.0,0.0,1565.0127528071405,0.0,0.0,0.0,28.30430738925934,4.498958319425583,1298.8226536035538,0.0,0.0,0.0,0.0,2898.14479675293,0.0,0.0,0.0,620.3736972332001,81.80050677061081,0.0,2139.26410176754,373.5395845890045,0.0,466.0298761129379,106.41986420750617,0.0,0.0,0.0,0.0
0.0,0.0,0.0,47.40815877914429,0.0,254.7378380894661,0.0,0.0,0.0,0.0,1507.7214174330234,0.0,0.0,0.0,26.92759838104248,0.0,1309.244619870186,0.0,0.0,0.0,0.0,2882.683599853516,0.0,0.0,0.0,0.0,78.67254604101181,0.0,0.0,361.86081994175913,0.0,447.0720540285111,0.0,0.0,0.0,0.0,0.0
0.0,0.0,0.0,0.0,0.0,237.2775894999504,0.0,0.0,0.0,0.0,1363.584638822079,0.0,0.0,0.0,24.508472335338592,0.0,1334.7922142028808,0.0,0.0,0.0,0.0,0.0,0.0,0.0,0.0,0.0,0.0,0.0,0.0,360.64032072424897,0.0,393.8858217000961,0.0,0.0,0.0,0.0,0.0
0.0,0.0,0.0,0.0,0.0,207.1412634551525,0.0,0.0,0.0,0.0,1067.3864210039376,0.0,0.0,0.0,0.0,0.0,1275.394679427147,0.0,0.0,0.0,0.0,0.0,0.0,0.0,0.0,0.0,0.0,0.0,0.0,0.0,0.0,331.2938417196274,0.0,0.0,0.0,0.0,0.0
0.0,0.0,0.0,0.0,0.0,0.0,0.0,0.0,0.0,0.0,0.0,0.0,0.0,0.0,0.0,0.0,0.0,0.0,0.0,0.0,0.0,0.0,0.0,0.0,0.0,0.0,0.0,0.0,0.0,332.85131786465644,0.0,0.0,0.0,0.0,0.0,0.0,0.0
0.0,0.0,0.0,0.0,0.0,0.0,0.0,0.0,0.0,0.0,0.0,0.0,0.0,0.0,0.0,0.0,0.0,0.0,0.0,0.0,0.0,0.0,0.0,0.0,0.0,0.0,0.0,0.0,0.0,0.0,0.0,0.0,0.0,0.0,0.0,0.0,0.0
0.0,0.0,0.0,0.0,0.0,0.0,0.0,0.0,0.0,0.0,0.0,0.0,0.0,0.0,0.0,0.0,0.0,0.0,0.0,0.0,0.0,0.0,0.0,0.0,0.0,0.0,0.0,0.0,0.0,0.0,0.0,0.0,0.0,0.0,0.0,0.0,0.0
0.0,0.0,0.0,0.0,0.0,0.0,0.0,0.0,0.0,0.0,0.0,0.0,0.0,0.0,0.0,0.0,0.0,0.0,0.0,0.0,0.0,0.0,0.0,0.0,0.0,0.0,0.0,0.0,0.0,0.0,0.0,0.0,0.0,0.0,0.0,0.0,0.0
0.0,0.0,0.0,0.0,0.0,0.0,0.0,0.0,0.0,0.0,0.0,0.0,0.0,0.0,0.0,0.0,0.0,0.0,0.0,0.0,0.0,0.0,0.0,0.0,0.0,0.0,0.0,0.0,0.0,0.0,0.0,0.0,0.0,0.0,0.0,0.0,0.0
0.0,0.0,0.0,0.0,0.0,0.0,0.0,0.0,0.0,0.0,0.0,0.0,0.0,0.0,0.0,0.0,0.0,0.0,0.0,0.0,0.0,0.0,0.0,0.0,0.0,0.0,0.0,0.0,0.0,0.0,0.0,0.0,0.0,0.0,0.0,0.0,0.0
0.0,0.0,0.0,0.0,0.0,0.0,0.0,0.0,0.0,0.0,0.0,0.0,0.0,0.0,0.0,0.0,0.0,0.0,0.0,0.0,0.0,0.0,0.0,0.0,0.0,0.0,0.0,0.0,0.0,0.0,0.0,0.0,0.0,0.0,0.0,0.0,0.0
0.0,0.0,0.0,0.0,0.0,0.0,0.0,0.0,0.0,0.0,0.0,0.0,0.0,0.0,0.0,0.0,0.0,0.0,0.0,0.0,0.0,0.0,0.0,0.0,0.0,0.0,0.0,0.0,0.0,0.0,0.0,0.0,0.0,0.0,0.0,0.0,0.0
0.0,0.0,0.0,0.0,0.0,0.0,0.0,0.0,0.0,0.0,0.0,0.0,0.0,0.0,0.0,0.0,0.0,0.0,0.0,0.0,0.0,0.0,0.0,0.0,0.0,0.0,0.0,0.0,0.0,0.1284230411052641,0.0,0.0,0.2940986528992433,0.0,0.0,0.0,0.0
0.0,0.0,0.0,0.0,0.0,0.6532114990986647,0.0,0.0,0.0,0.0,1.956177449971366,0.0,0.0,0.0,0.0,0.0,0.0,0.0,0.0,0.0,0.0,0.0,0.0,0.0,0.0,0.0,0.0,0.0,0.0,0.4827550046145689,0.0,0.3144070208072262,0.5746994195505697,0.0,0.0,0.0,0.0
0.0,0.0,0.0,0.0454528853297224,0.0,0.7457897947169635,0.0,0.0,0.0,0.0,1.9331191352101695,0.0,0.0,0.0,0.0,0.0,0.5613751411436156,0.0,0.0,0.0,0.0,11.31137294769281,0.0,0.0,0.0,0.0,0.0,0.0,0.0,0.5332244865596102,0.0,0.4188595116138286,0.0065627042204141,0.0,0.0,0.0,0.0
0.0,0.0,0.0,0.0630949717015024,2.272182535379969,0.4755603233352298,0.0,0.0,0.0,0.0,1.7396668354047746,0.0,0.0,0.8779830997809235,0.0,0.0,3.850261270999789,0.0,0.0,0.0,0.0,0.0,0.0,0.0,0.0,0.0,0.0,0.0,0.0,0.5852491736412021,0.0,0.5391808152198748,0.0,0.0,0.0,0.0,0.0
0.0,0.0,0.0,0.0363893546164022,6.236618287861236,0.1773983477614438,0.0,0.0,0.0,0.0,1.7020411921662868,0.0,0.0,0.0,0.0,0.0,10.484109759330671,0.0,0.0,0.0,0.0,0.0,0.0,0.0,0.0,0.0,0.0,0.0,0.0,0.6962545029818945,0.0,0.7618420571088208,0.0,0.0,0.0,0.0,0.0
0.0,0.0,0.0,0.1045538429170804,20.157105438411094,0.9489886579103548,0.0,0.0,0.0,0.0,3.914216475048893,0.0,0.0,32.31515832711011,0.0432486288249467,0.0959757808595885,2.930733692645867,0.0,0.0,0.0,0.0,27.630430316924837,0.0,0.0,0.0,3.1793159671127573,0.0,0.0,5.161167389154376,4.0104347236454485,0.0,1.9973040372132864,1.4391134418546878,0.0,0.0,0.0,0.0
0.0,0.0,0.0,0.9939997680485246,96.45904034376127,4.189053521957238,25.152293644845432,0.0,0.0,0.0,31.11396582610894,0.0,0.0,145.08777916431416,1.4331200983375278,0.5237713307142251,16.94727814197523,0.0,0.0,0.0,0.0,237.1455287933349,0.0,0.0,0.0,61.94739273786545,1.8016174860298544,0.0,128.5703283354639,22.900547934323537,0.0,4.014275893568968,7.718924451619361,0.0,0.0,0.0,0.0
0.0,0.0,0.0,4.760150671005248,267.2058205008506,29.403530694544283,133.18703702241177,0.0,0.0,0.0,141.1677008755504,0.0,0.0,387.7539373934269,5.591409060358998,1.169636249542236,155.75776160955428,0.0,0.0,0.0,0.0,638.8551620483397,0.0,0.0,0.0,225.3597246050834,5.649946525692931,0.0,717.5115962207316,105.68065841197966,0.0,48.60534831881522,26.4079026430845,0.0,0.0,0.0,0.0
0.0,0.0,0.0,12.125676721334454,561.3887486457824,124.65968070924282,328.508876286447,0.0,0.0,0.0,382.1158613458276,0.0,0.0,0.0,13.44371376335621,2.134716913104057,437.1252334713935,0.0,0.0,0.0,0.0,1223.6222091674804,0.0,0.0,0.0,455.7283843040466,11.325831401348111,0.0,1335.9317317128182,242.17710619568825,0.0,198.88920414447784,66.27293236553668,0.0,0.0,0.0,0.0
0.0,0.0,0.0,24.570335030555725,926.573207616806,219.30881065130237,563.4966930568219,0.0,0.0,0.0,834.1777510911227,0.0,0.0,1043.497866988182,22.024879610538484,3.2350661158561707,787.5515920877456,0.0,0.0,0.0,0.0,1881.4553283691405,0.0,0.0,0.0,601.2288170337677,19.41338579952717,0.0,1862.3772457718849,310.06380786299707,0.0,358.5800186395645,111.55837047100069,0.0,0.0,0.0,0.0
0.0,0.0,0.0,38.37574315071106,1227.1359317302704,242.42213368415835,758.7323102623225,0.0,0.0,0.0,1179.048345041275,0.0,0.0,1168.2454933226109,27.3895893573761,4.605034381151199,1024.880409836769,0.0,0.0,0.0,0.0,2259.8729095458984,0.0,0.0,0.0,656.4375992298126,37.62437411546707,0.0,2116.575637257099,346.41422964334487,0.0,409.212672829628,125.67372614145278,0.0,0.0,0.0,0.0
0.0,0.0,0.0,49.713696122169495,1431.6623497009275,254.76080551743507,938.4071578502655,0.0,0.0,0.0,1455.8272894442082,0.0,0.0,1204.574615061283,30.06682480573654,6.032913774251937,1193.1729551792146,0.0,0.0,0.0,0.0,2359.681759643555,0.0,0.0,0.0,667.7028244018554,49.19598623514175,0.0,2287.8427012443544,359.84386824965475,0.0,428.458663225174,136.4807846844196,0.0,0.0,0.0,0.0
0.0,0.0,0.0,57.08537423610687,1554.5292711257937,257.275805413723,1075.3451944112778,0.0,0.0,0.0,1562.6744195222857,0.0,0.0,1207.4742510914805,30.79943817257881,6.897863686084747,1283.7071989297867,0.0,0.0,0.0,0.0,2430.9485748291017,0.0,0.0,0.0,651.9002310752869,56.828715193271634,0.0,2364.3707347989084,360.5702398419381,0.0,435.4667400121689,142.20348459482193,0.0,0.0,0.0,0.0
0.0,0.0,0.0,59.34225678443909,0.0,250.24463206529617,0.0,0.0,0.0,0.0,1537.4956340372562,0.0,0.0,1172.3986519873142,29.93144980072975,7.153986811637878,1281.8024457216263,0.0,0.0,0.0,0.0,2453.9047515869142,0.0,0.0,0.0,0.0,0.0,0.0,0.0,354.05738047361376,0.0,428.7829288244248,141.40596622228622,0.0,0.0,0.0,0.0
0.0,0.0,0.0,0.0,0.0,239.47477129101756,0.0,0.0,0.0,0.0,1414.555883270502,0.0,0.0,0.0,0.0,6.280336380004882,1303.6077025413513,0.0,0.0,0.0,0.0,0.0,0.0,0.0,0.0,0.0,0.0,0.0,0.0,355.69271821379664,0.0,381.0936388969421,129.2629692256451,0.0,0.0,0.0,0.0
0.0,0.0,0.0,0.0,0.0,0.0,0.0,0.0,0.0,0.0,1140.9434940159322,0.0,0.0,961.6371394693851,0.0,0.0,1251.0897098064422,0.0,0.0,0.0,0.0,0.0,0.0,0.0,0.0,0.0,0.0,0.0,0.0,0.0,0.0,323.68588972091675,0.0,0.0,0.0,0.0,0.0
0.0,0.0,0.0,0.0,0.0,0.0,0.0,0.0,0.0,0.0,0.0,0.0,0.0,0.0,0.0,0.0,1128.7361592292789,0.0,0.0,0.0,0.0,0.0,0.0,0.0,0.0,0.0,0.0,0.0,0.0,0.0,0.0,0.0,0.0,0.0,0.0,0.0,0.0
0.0,0.0,0.0,0.0,0.0,0.0,0.0,0.0,0.0,0.0,0.0,0.0,0.0,0.0,0.0,0.0,0.0,0.0,0.0,0.0,0.0,0.0,0.0,0.0,0.0,0.0,0.0,0.0,0.0,0.0,0.0,0.0,0.0,0.0,0.0,0.0,0.0
0.0,0.0,0.0,0.0,0.0,0.0,0.0,0.0,0.0,0.0,0.0,0.0,0.0,0.0,0.0,0.0,0.0,0.0,0.0,0.0,0.0,0.0,0.0,0.0,0.0,0.0,0.0,0.0,0.0,0.0,0.0,0.0,0.0,0.0,0.0,0.0,0.0
0.0,0.0,0.0,0.0,0.0,0.0,0.0,0.0,0.0,0.0,0.0,0.0,0.0,0.0,0.0,0.0,0.0,0.0,0.0,0.0,0.0,0.0,0.0,0.0,0.0,0.0,0.0,0.0,0.0,0.0,0.0,0.0,0.0,0.0,0.0,0.0,0.0
0.0,0.0,0.0,0.0,0.0,0.0,0.0,0.0,0.0,0.0,0.0,0.0,0.0,0.0,0.0,0.0,0.0,0.0,0.0,0.0,0.0,0.0,0.0,0.0,0.0,0.0,0.0,0.0,0.0,0.0,0.0,0.0,0.0,0.0,0.0,0.0,0.0
0.0,0.0,0.0,0.0,0.0,0.0,0.0,0.0,0.0,0.0,0.0,0.0,0.0,0.0,0.0,0.0,0.0,0.0,0.0,0.0,0.0,0.0,0.0,0.0,0.0,0.0,0.0,0.0,0.0,0.0,0.0,0.0,0.0,0.0,0.0,0.0,0.0
0.0,0.0,0.0,0.0,0.0,0.0,0.0,0.0,0.0,0.0,0.0,0.0,0.0,0.0,0.0,0.0,0.0,0.0,0.0,0.0,0.0,0.0,0.0,0.0,0.0,0.0,0.0,0.0,0.0,0.0,0.0,0.0,0.0,0.0,0.0,0.0,0.0
0.0,0.0,0.0,0.0,0.0,0.0,0.0,0.0,0.0,0.0,0.0,0.0,0.0,0.0,0.0,0.0,0.0,0.0,0.0,0.0,0.0,0.0,0.0,0.0,0.0,0.0,0.0,0.0,0.0,0.0,0.0,0.0,0.0,0.0,0.0,0.0,0.0
0.0,0.0,0.0,0.0,0.0,0.0,0.0,0.0,0.0,0.0,0.0,0.0,0.0,0.0,0.0,0.0,0.0,0.0,0.0,0.0,0.0,0.0,0.0,0.0,0.0,0.0,0.0,0.0,0.0,0.0,0.0,0.0,0.2226560451090197,0.0,0.0,0.0,0.0
0.0,0.0,0.0,0.0,0.0,0.0,0.0,0.0,0.0,0.0,0.0,0.0,0.0,0.0,0.0,0.0,0.0,0.0,0.0,0.0,0.0,0.0,0.0,0.0,0.0,0.0,0.0,0.0,0.0,0.0,0.0,0.0,0.4840915324166346,0.0,0.0,0.0,0.0
0.0,0.0,0.0,0.0,1.903190709650312,0.0,0.0,0.0,0.0,0.0,0.0,0.0,0.0,0.0,0.0,0.0,1.4461538434027672,0.0,0.0,0.0,0.0,23.73567028045614,0.0,0.0,0.0,0.0,0.0,0.0,0.0,0.0,0.0,0.0,0.1145894546061526,0.0,0.0,0.0,0.0
0.0,0.0,0.0,0.0457348395138939,2.4012245386837434,0.0,0.0,0.0,0.0,0.0,1.7959177653770335,0.0,0.0,0.0,0.0559886120259757,0.0,6.07382162809368,0.0,0.0,0.0,0.0,0.0,0.0,0.0,0.0,0.0,1.5692591980099648,0.0,0.0,0.5717970885336258,0.0,0.4595182985067108,0.0,0.0,0.0,0.0,0.0
0.0,0.0,0.0,0.035531077533958,5.216498497873492,0.0,0.0,0.0,0.0,0.0,1.56761364340773,0.0,0.0,0.0,0.0662332154810426,0.0038779461756347,12.598643219470796,0.0,0.0,0.0,0.0,21.22546653747545,0.0,0.0,0.0,0.0,0.7518009632825762,0.0,0.0,0.5894286043941906,0.0,0.5667740702628593,0.0,0.0,0.0,0.0,0.0
0.0,0.0,0.0,0.067132119089359,43.72407206147899,0.5073476228862743,2.606998964771515,0.0,0.0,0.0,2.809123192308316,0.0,0.0,31.86625555623317,0.4086774051189394,0.2155379243195047,3.733389830589247,0.0,0.0,0.0,0.0,414.1355602264403,0.0,0.0,0.0,2.3522364964708133,1.90874396152794,0.0,14.517643722891588,1.99929381683468,0.0,2.269195377826636,1.467993706464739,0.0,0.0,0.0,0.0
0.0,0.0,0.0,1.0660847648978222,193.89608904719347,5.76540534244849,82.96136762239033,0.0,0.0,0.0,21.32944866372255,0.0,0.0,143.65158392116416,3.0868872597813595,0.6892914362251749,23.84857653379427,0.0,0.0,0.0,0.0,1357.8000030517576,0.0,0.0,0.0,52.98026233017444,6.269592283666131,0.0,201.4110760301349,19.45236819311973,0.0,28.655510142445536,9.975793953984962,0.0,0.0,0.0,0.0
0.0,0.0,0.0,4.71539138257503,501.99445152282703,38.55509930849073,366.5386519685388,0.0,0.0,0.0,126.07033312171691,0.0,0.0,382.7438073605298,8.909752598404884,1.3996391221880913,171.80929094552988,0.0,0.0,0.0,0.0,2390.401806640625,0.0,0.0,0.0,206.91690553426736,16.890008410811422,0.0,855.1810808062552,95.9271791473031,0.0,142.5161302685737,41.10510303080081,0.0,0.0,0.0,0.0
0.0,0.0,0.0,11.995285123586653,993.0954964160918,129.46399824321267,771.8604119896888,0.0,0.0,0.0,378.3087124571203,0.0,0.0,707.0442159473895,17.1707985162735,2.432103872299193,465.67339631915087,0.0,0.0,0.0,0.0,3100.313153076172,0.0,0.0,0.0,446.2529816389084,39.9345817565918,0.0,1424.451411318779,236.47049328684807,0.0,319.0562869310379,98.5211036503315,0.0,0.0,0.0,0.0
0.0,0.0,0.0,23.933733642101288,1399.9575684070587,210.4182603359222,1135.2626345813271,0.0,0.0,0.0,853.0607891619204,0.0,0.0,1052.891274690628,24.097093999385837,3.6469958424568176,833.6703372120858,0.0,0.0,0.0,0.0,3634.9079711914064,0.0,0.0,0.0,628.7396430492402,60.926248693466185,0.0,1865.2050373911857,306.8288874566555,0.0,431.0767930746079,152.5981706380844,0.0,0.0,0.0,0.0
0.0,0.0,0.0,36.62400424480438,1634.9055879116058,232.801043510437,1327.342896169424,0.0,0.0,0.0,1202.193667513132,0.0,0.0,0.0,27.02348037958145,5.349856525659561,1063.2405950546265,0.0,0.0,0.0,0.0,3815.043341064453,0.0,0.0,0.0,686.9481605529785,72.09331854581833,0.0,2101.168712604046,344.3824463903904,0.0,455.1067864894867,170.94703102111816,0.0,0.0,0.0,0.0
0.0,0.0,0.0,43.52139234542847,1760.7721028327942,246.5607417821884,1404.4142647504807,0.0,0.0,0.0,1459.3315345287324,0.0,0.0,0.0,27.72123479247093,0.0,1222.407484936714,0.0,0.0,0.0,0.0,3843.7817474365233,0.0,0.0,0.0,707.81672706604,78.09689787626266,0.0,2220.696866214276,359.8002639293671,0.0,457.1254717111588,178.06895077228546,0.0,0.0,0.0,0.0
0.0,0.0,0.0,47.36497700214386,1783.8115739822388,251.27079439163208,1398.0270325720307,0.0,0.0,0.0,1541.9972171902657,0.0,0.0,0.0,27.71764680147171,0.0,1299.5521961450577,0.0,0.0,0.0,0.0,3724.8911865234377,0.0,0.0,0.0,705.9341200828552,79.14725618362426,0.0,2265.9141998410223,362.801323658228,0.0,452.9691883325577,180.0810142159462,0.0,0.0,0.0,0.0
0.0,0.0,0.0,47.228846311569214,1739.6193120479584,249.1875182688236,1333.4701022028923,0.0,0.0,0.0,1500.5432685852052,0.0,0.0,0.0,27.21673606038093,7.900342404842377,1296.2170394659042,0.0,0.0,0.0,0.0,3518.4083618164063,0.0,0.0,0.0,696.7624270915985,75.70619735717773,0.0,2268.7851890325546,357.1666895091534,0.0,444.2353669404984,176.1908374428749,0.0,0.0,0.0,0.0
0.0,0.0,0.0,40.31765925884247,1579.948565244675,0.0,0.0,0.0,0.0,0.0,1403.8749811410903,0.0,0.0,0.0,24.89221163392067,0.0,1316.4276476860043,0.0,0.0,0.0,0.0,3221.69162902832,0.0,0.0,0.0,661.6751981258392,0.0,0.0,0.0,0.0,0.0,0.0,162.30635797977448,0.0,0.0,0.0,0.0
0.0,0.0,0.0,29.867563903331757,1365.1012148857117,0.0,0.0,0.0,0.0,0.0,0.0,0.0,0.0,0.0,0.0,0.0,1264.8915711641312,0.0,0.0,0.0,0.0,2832.0675659179688,0.0,0.0,0.0,0.0,0.0,0.0,0.0,0.0,0.0,0.0,0.0,0.0,0.0,0.0,0.0
0.0,0.0,0.0,0.0,0.0,0.0,0.0,0.0,0.0,0.0,0.0,0.0,0.0,0.0,0.0,0.0,1138.9949835062027,0.0,0.0,0.0,0.0,0.0,0.0,0.0,0.0,0.0,0.0,0.0,0.0,0.0,0.0,0.0,0.0,0.0,0.0,0.0,0.0
0.0,0.0,0.0,0.0,0.0,0.0,0.0,0.0,0.0,0.0,0.0,0.0,0.0,0.0,0.0,0.0,0.0,0.0,0.0,0.0,0.0,0.0,0.0,0.0,0.0,0.0,0.0,0.0,0.0,0.0,0.0,0.0,0.0,0.0,0.0,0.0,0.0
0.0,0.0,0.0,0.0,0.0,0.0,0.0,0.0,0.0,0.0,0.0,0.0,0.0,0.0,0.0,0.0,0.0,0.0,0.0,0.0,0.0,0.0,0.0,0.0,0.0,0.0,0.0,0.0,0.0,0.0,0.0,0.0,0.0,0.0,0.0,0.0,0.0
0.0,0.0,0.0,0.0,0.0,0.0,0.0,0.0,0.0,0.0,0.0,0.0,0.0,0.0,0.0,0.0,0.0,0.0,0.0,0.0,0.0,0.0,0.0,0.0,0.0,0.0,0.0,0.0,0.0,0.0,0.0,0.0,0.0,0.0,0.0,0.0,0.0
0.0,0.0,0.0,0.0,0.0,0.0,0.0,0.0,0.0,0.0,0.0,0.0,0.0,0.0,0.0,0.0,0.0,0.0,0.0,0.0,0.0,0.0,0.0,0.0,0.0,0.0,0.0,0.0,0.0,0.0,0.0,0.0,0.0,0.0,0.0,0.0,0.0
0.0,0.0,0.0,0.0,0.0,0.0,0.0,0.0,0.0,0.0,0.0,0.0,0.0,0.0,0.0,0.0,0.0,0.0,0.0,0.0,0.0,0.0,0.0,0.0,0.0,0.0,0.0,0.0,0.0,0.0,0.0,0.0,0.0,0.0,0.0,0.0,0.0
0.0,0.0,0.0,0.0,0.0,0.0,0.0,0.0,0.0,0.0,0.0,0.0,0.0,0.0,0.0,0.0,0.0,0.0,0.0,0.0,0.0,0.0,0.0,0.0,0.0,0.0,0.0,0.0,0.0,0.0,0.0,0.0,0.0,0.0,0.0,0.0,0.0
0.0,0.0,0.0,0.0,0.0,0.0,0.0,0.0,0.0,0.0,0.0,0.0,0.0,0.0,0.0,0.0,0.0,0.0,0.0,0.0,0.0,0.0,0.0,0.0,0.0,0.0,0.0,0.0,0.0,0.0,0.0,0.0,0.0,0.0,0.0,0.0,0.0
0.0,0.0,0.0,0.0,0.0,0.0,0.0,0.0,0.0,0.0,0.0,0.0,0.0,0.0,0.0,0.0,0.0,0.0,0.0,0.0,0.0,0.0,0.0,0.0,0.0,0.0,0.0,0.0,0.0,0.0,0.0,0.0,0.0,0.0,0.0,0.0,0.0
0.0,0.0,0.0,0.0573009084910098,1.4675465933976963,0.5929956035688477,0.0,0.0,0.0,0.0,2.0883545801042454,0.0,0.0,0.0,0.0,0.0,0.0,0.0,0.0,0.0,0.0,0.0,0.0,0.0,0.0,1.7574831794015855,0.0,0.0,0.0,0.0,0.0,0.4446317553519884,0.0,0.0,0.0,0.0,0.0
0.0,0.0,0.0,0.061864836141461,1.848102360963619,0.0,0.0,0.0,0.0,0.0,0.0,0.0,0.0,0.0,0.0,0.0,0.0,0.0,0.0,0.0,0.0,17.729874610900634,0.0,0.0,0.0,2.4780388094483925,0.0,0.0,0.0,0.0,0.0,0.0,0.0,0.0,0.0,0.0,0.0
0.0,0.0,0.0,0.0771951638162084,2.4466486796735523,0.1380777717567556,0.0,0.0,0.0,0.0,1.884065518667741,0.0,0.0,0.0,0.0,0.0,7.536277413368035,0.0,0.0,0.0,0.0,4.101944828033054,0.0,0.0,0.0,0.0,0.0,0.0,0.0,0.6999770373105975,0.0,0.5597636252641132,0.0,0.0,0.0,0.0,0.0
0.0,0.0,0.0,0.0383089296519732,4.795484699308769,0.0,0.0,0.0,0.0,0.0,1.6488194273783512,0.0,0.0,0.0,0.0,0.0,10.83919792175284,0.0,0.0,0.0,0.0,0.0,0.0,0.0,0.0,0.0,0.0,0.0,0.0,0.9103514812886524,0.0,0.0,0.0,0.0,0.0,0.0,0.0
0.0,0.0,0.0,0.0655195582658046,27.18081077560768,0.5296634365804059,1.229729643464072,0.0,0.0,0.0,2.3753052047917462,0.0,0.0,0.0,0.229059228301048,0.1056832801550617,2.556830883026024,0.0,0.0,0.0,0.0,78.55180931091273,0.0,0.0,0.0,0.0,0.0,0.0,21.26249301582549,3.3981349386274795,0.0,2.8691692650318124,1.418422231450677,0.0,0.0,0.0,0.0
0.0,0.0,0.0,0.92364524118602,141.9066718220709,6.557455176487544,76.13478033691644,0.0,0.0,0.0,36.75470156371576,0.0,0.0,189.36944724991912,2.7781691394746284,0.4021852277219283,19.932372069358728,0.0,0.0,0.0,0.0,403.0279430389402,0.0,0.0,0.0,44.59381887018674,0.0,0.0,280.1213331222534,23.9635789707303,0.0,0.0,6.824045019224273,0.0,0.0,0.0,0.0
0.0,0.0,0.0,4.526232287287709,394.3750327825546,49.77470117807387,331.44244356453413,0.0,0.0,0.0,206.80750449672337,0.0,0.0,437.46815524995327,9.300725412368772,0.8005938827991481,152.6231923580169,0.0,0.0,0.0,0.0,981.4217788696286,0.0,0.0,0.0,225.39800122976297,0.0,0.0,1054.9028568685055,111.34002354443074,0.0,0.0,20.85636024177073,0.0,0.0,0.0,0.0
0.0,0.0,0.0,11.886156439781184,821.934653043747,167.62508507072923,699.4820257365702,0.0,0.0,0.0,581.055342900753,0.0,0.0,733.8054856657982,19.48605065345764,1.2200204804539674,400.15267444849,0.0,0.0,0.0,0.0,1723.1508697509769,0.0,0.0,0.0,502.2194633483887,0.9056287420913572,0.0,1616.2010361552238,243.7205960392952,0.0,403.9500398635864,51.98100966215134,0.0,0.0,0.0,0.0
0.0,0.0,0.0,24.401857733726494,1247.6211512088776,255.82534447312355,1027.4870560348031,0.0,0.0,0.0,1151.363737487793,0.0,0.0,1020.6413821876048,27.15316062569618,1.6023788228631015,706.0836794376373,0.0,0.0,0.0,0.0,2417.5613647460937,0.0,0.0,0.0,706.8009160518646,3.3510655120015125,0.0,2036.1907673716544,308.1792624115944,0.0,485.5150558948517,87.2791089117527,0.0,0.0,0.0,0.0
0.0,0.0,0.0,38.29091322422028,1503.0107514858246,278.5413815677166,1214.9437843978403,0.0,0.0,0.0,1580.7603601634503,0.0,0.0,1143.9905405044556,30.942156529426576,2.465811654925346,909.6953624129294,0.0,0.0,0.0,0.0,2721.63157043457,0.0,0.0,0.0,742.0704300403595,6.637439526617524,0.0,2264.0453943252564,345.8148283958435,0.0,504.6230082511902,107.4437355697155,0.0,0.0,0.0,0.0
0.0,0.0,0.0,49.203330755233765,1646.184049367905,292.32889091968536,1309.0884805381295,0.0,0.0,0.0,1872.3431431412696,0.0,0.0,1199.6634976565838,32.425902736186984,3.206016212701797,1059.5111274957658,0.0,0.0,0.0,0.0,2753.1859924316404,0.0,0.0,0.0,735.3561932563782,10.883504687249651,0.0,2378.091540396213,356.96909937858584,0.0,517.9295235872269,121.35766834020612,0.0,0.0,0.0,0.0
0.0,0.0,0.0,55.38092648983002,1688.485847234726,296.3932474255562,1331.190430867672,0.0,0.0,0.0,1998.2384267508985,0.0,0.0,1229.211961477995,32.12474790215493,3.975103884935379,1135.3782812595368,0.0,0.0,0.0,0.0,2686.2703125,0.0,0.0,0.0,709.04954662323,15.862338477373122,0.0,2424.5763693332674,359.058662456274,0.0,514.6427327394485,131.13701340556142,0.0,0.0,0.0,0.0
0.0,0.0,0.0,57.63445353507996,1661.9081094264984,290.28369867801666,1290.087713712454,0.0,0.0,0.0,1957.2341889202596,0.0,0.0,0.0,30.4394193649292,0.0,1143.8133717536923,0.0,0.0,0.0,0.0,2615.0602630615235,0.0,0.0,0.0,668.7233190536499,19.839734074473377,0.0,2401.9516801476475,352.6273180961609,0.0,493.5872850418091,0.0,0.0,0.0,0.0,0.0
0.0,0.0,0.0,0.0,1520.936422109604,278.70859402418137,1183.2661083519458,0.0,0.0,0.0,0.0,0.0,0.0,0.0,0.0,0.0,1194.1250866413116,0.0,0.0,0.0,0.0,2374.8129547119142,0.0,0.0,0.0,626.5584676265717,0.0,0.0,0.0,0.0,0.0,448.3082605600357,0.0,0.0,0.0,0.0,0.0
0.0,0.0,0.0,45.454620361328125,1307.491816520691,246.2874214053154,983.113068538904,0.0,0.0,0.0,0.0,0.0,0.0,0.0,0.0,0.0,0.0,0.0,0.0,0.0,0.0,0.0,0.0,0.0,0.0,545.5624918937683,0.0,0.0,0.0,0.0,0.0,391.53296744823456,0.0,0.0,0.0,0.0,0.0
0.0,0.0,0.0,0.0,0.0,0.0,0.0,0.0,0.0,0.0,0.0,0.0,0.0,0.0,0.0,0.0,0.0,0.0,0.0,0.0,0.0,0.0,0.0,0.0,0.0,0.0,0.0,0.0,0.0,0.0,0.0,0.0,0.0,0.0,0.0,0.0,0.0
0.0,0.0,0.0,0.0,0.0,0.0,0.0,0.0,0.0,0.0,0.0,0.0,0.0,0.0,0.0,0.0,0.0,0.0,0.0,0.0,0.0,0.0,0.0,0.0,0.0,0.0,0.0,0.0,0.0,0.0,0.0,0.0,0.0,0.0,0.0,0.0,0.0
0.0,0.0,0.0,0.0,0.0,0.0,0.0,0.0,0.0,0.0,0.0,0.0,0.0,0.0,0.0,0.0,0.0,0.0,0.0,0.0,0.0,0.0,0.0,0.0,0.0,0.0,0.0,0.0,0.0,0.0,0.0,0.0,0.0,0.0,0.0,0.0,0.0
0.0,0.0,0.0,0.0,0.0,0.0,0.0,0.0,0.0,0.0,0.0,0.0,0.0,0.0,0.0,0.0,0.0,0.0,0.0,0.0,0.0,0.0,0.0,0.0,0.0,0.0,0.0,0.0,0.0,0.0,0.0,0.0,0.0,0.0,0.0,0.0,0.0
0.0,0.0,0.0,0.0,0.0,0.0,0.0,0.0,0.0,0.0,0.0,0.0,0.0,0.0,0.0,0.0,0.0,0.0,0.0,0.0,0.0,0.0,0.0,0.0,0.0,0.0,0.0,0.0,0.0,0.0,0.0,0.0,0.0,0.0,0.0,0.0,0.0
0.0,0.0,0.0,0.0,0.0,0.0,0.0,0.0,0.0,0.0,0.0,0.0,0.0,0.0,0.0,0.0,0.0,0.0,0.0,0.0,0.0,0.0,0.0,0.0,0.0,0.0,0.0,0.0,0.0,0.0,0.0,0.0,0.0,0.0,0.0,0.0,0.0
0.0,0.0,0.0,0.0,0.0,0.0,0.0,0.0,0.0,0.0,0.0,0.0,0.0,0.0,0.0,0.0,0.0,0.0,0.0,0.0,0.0,0.0,0.0,0.0,0.0,0.0,0.0,0.0,0.0,0.0,0.0,0.0,0.0,0.0,0.0,0.0,0.0
0.0,0.0,0.0,0.0,0.0,0.0,0.0,0.0,0.0,0.0,0.0,0.0,0.0,0.0,0.0,0.0,0.0,0.0,0.0,0.0,0.0,0.0,0.0,0.0,0.0,0.0,0.0,0.0,0.0,0.0,0.0,0.0,0.0,0.0,0.0,0.0,0.0
0.0,0.0,0.0,0.0,0.0,0.0,0.0,0.0,0.0,0.0,0.0,0.0,0.0,0.0,0.0,0.0,0.0,0.0,0.0,0.0,0.0,0.0,0.0,0.0,0.0,0.0,0.0,0.0,0.0,0.0,0.0,0.0,0.1921134106814609,0.0,0.0,0.0,0.0
0.0,0.0,0.0,0.1229683440178576,0.0,0.9659297973848504,0.0,0.0,0.0,0.0,1.8675560916307172,0.0,0.0,0.0,0.0,0.0,0.0,0.0,0.0,0.0,0.0,0.0,0.0,0.0,0.0,0.0,0.0,0.0,0.0,0.0,0.0,0.430552557110781,0.0,0.0,0.0,0.0,0.0
0.0,0.0,0.0,0.0,0.0,0.0,0.0,0.0,0.0,0.0,0.0,0.0,0.0,0.0,0.0,0.0,0.0,0.0,0.0,0.0,0.0,0.0,0.0,0.0,0.0,0.0,0.0,0.0,0.0,0.5754259005188845,0.0,0.0,0.0295329876243822,0.0,0.0,0.0,0.0
0.0,0.0,0.0,0.059237575158471,2.6324698738752232,0.0,0.0,0.0,0.0,0.0,1.7355135204269956,0.0,0.0,0.0,0.0,0.0,0.0,0.0,0.0,0.0,0.0,10.113223552703747,0.0,0.0,0.0,0.0,0.0,0.0,0.0,0.5018187150359017,0.0,0.5453794300555846,0.0,0.0,0.0,0.0,0.0
0.0,0.0,0.0,0.0361634101718632,5.291530113667177,0.0,0.0,0.0,0.0,0.0,1.5291848846709204,0.0,0.0,0.0,0.0,0.0,20.10550359487516,0.0,0.0,0.0,0.0,93.74847002029416,0.0,0.0,0.0,0.0,0.0,0.0,0.0,0.5427197314798533,0.0,0.0,0.0,0.0,0.0,0.0,0.0
0.0,0.0,0.0,0.0636937562376218,56.628441870212384,0.0,0.0,0.0,0.0,0.0,2.3650638929100927,0.0,0.0,35.9858039859681,0.0,0.0,11.67439665794361,0.0,0.0,0.0,0.0,601.9301300048825,0.0,0.0,0.0,0.0,0.0,0.0,29.25724442601179,1.897616789489979,0.0,0.0,2.185612178407609,0.0,0.0,0.0,0.0
0.0,0.0,0.0,1.465768765658137,233.27409359812728,0.0,0.0,0.0,0.0,0.0,0.0,0.0,0.0,149.7500903531908,0.0,0.0,81.90561366081222,0.0,0.0,0.0,0.0,1699.1256500244135,0.0,0.0,0.0,71.93965769410127,2.1102843627333625,0.0,355.5651076138019,15.098416185751525,0.0,0.0,14.215799700468777,0.0,0.0,0.0,0.0
0.0,0.0,0.0,6.064565077424048,595.5253157615662,0.0,0.0,0.0,0.0,0.0,0.0,0.0,0.0,363.9655730500817,0.0,0.0,308.7904636502265,0.0,0.0,0.0,0.0,2612.2868896484374,0.0,0.0,0.0,342.49824168682096,10.138393172621722,0.0,1237.1153217077251,77.87415290474891,0.0,0.0,55.822714656591415,0.0,0.0,0.0,0.0
0.0,0.0,0.0,15.203212589025496,1156.2027282714844,0.0,0.0,0.0,0.0,0.0,0.0,0.0,0.0,644.0191045403479,0.0,0.0,706.7840500831603,0.0,0.0,0.0,0.0,3359.8991119384764,0.0,0.0,0.0,652.9608327388763,28.057117772102355,0.0,1946.8650996088984,219.4894807815552,0.0,0.0,119.45447647571564,0.0,0.0,0.0,0.0
0.0,0.0,0.0,30.393333911895752,1602.4405345916748,315.59364461898804,0.0,0.0,0.0,0.0,0.0,0.0,0.0,926.679718196392,0.0,0.0,1119.888617348671,0.0,0.0,0.0,0.0,3915.938616943359,0.0,0.0,0.0,826.5559311389923,52.96763830184936,0.0,2416.7219511270523,295.1023478448391,0.0,0.0,175.45336085557938,0.0,0.0,0.0,0.0
0.0,0.0,0.0,45.80927634239197,1859.7285447120669,334.2291176021099,1476.362991344929,0.0,0.0,0.0,0.0,0.0,0.0,1057.688129246235,0.0,0.0,1375.8992153406143,0.0,0.0,0.0,0.0,4117.637365722657,0.0,0.0,0.0,861.132805109024,67.63971292972565,0.0,2635.4,335.50909608006475,0.0,0.0,194.91033971309665,0.0,0.0,0.0,0.0
0.0,0.0,0.0,57.44808268547058,1985.432864904404,0.0,1521.1,0.0,0.0,0.0,0.0,0.0,0.0,1121.7556273937223,0.0,0.0,1553.3872816085816,0.0,0.0,0.0,0.0,4154.116284179688,0.0,0.0,0.0,856.6410889625548,75.91485723257065,0.0,0.0,352.3638177275658,0.0,0.0,203.68555665016171,0.0,0.0,0.0,0.0
0.0,0.0,0.0,62.0,1991.1867418289185,0.0,1521.1,0.0,0.0,0.0,0.0,0.0,0.0,1144.013575166464,0.0,8.753860414028168,1639.2792716264726,0.0,0.0,0.0,0.0,4053.686813354492,0.0,0.0,0.0,829.1370999813079,78.11762982606888,0.0,0.0,357.8688338756561,0.0,0.0,203.38213431835172,0.0,0.0,0.0,0.0
0.0,0.0,0.0,62.0,1907.71737408638,0.0,1481.7425768792627,0.0,0.0,0.0,0.0,0.0,0.0,0.0,0.0,0.0,1627.4181993484497,0.0,0.0,0.0,0.0,3843.7896240234377,0.0,0.0,0.0,779.291998052597,75.57261031866074,0.0,0.0,354.06776022315023,0.0,512.8666815757751,0.0,0.0,0.0,0.0,0.0
0.0,0.0,0.0,0.0,0.0,0.0,0.0,0.0,0.0,0.0,0.0,0.0,0.0,0.0,0.0,0.0,1607.0991158008576,0.0,0.0,0.0,0.0,3488.5256774902346,0.0,0.0,0.0,0.0,0.0,0.0,0.0,0.0,0.0,0.0,0.0,0.0,0.0,0.0,0.0
0.0,0.0,0.0,0.0,0.0,0.0,1265.6030970335007,0.0,0.0,0.0,1835.8389966607092,0.0,0.0,0.0,25.59940779805184,0.0,0.0,0.0,0.0,0.0,0.0,3034.8372589111327,0.0,0.0,0.0,681.1962767124176,0.0,0.0,0.0,0.0,0.0,0.0,0.0,0.0,0.0,0.0,0.0
0.0,0.0,0.0,0.0,0.0,0.0,0.0,0.0,0.0,0.0,0.0,0.0,0.0,0.0,0.0,0.0,0.0,0.0,0.0,0.0,0.0,0.0,0.0,0.0,0.0,0.0,0.0,0.0,0.0,0.0,0.0,0.0,0.0,0.0,0.0,0.0,0.0
0.0,0.0,0.0,0.0,0.0,0.0,0.0,0.0,0.0,0.0,0.0,0.0,0.0,0.0,0.0,0.0,0.0,0.0,0.0,0.0,0.0,0.0,0.0,0.0,0.0,0.0,0.0,0.0,0.0,0.0,0.0,0.0,0.0,0.0,0.0,0.0,0.0
0.0,0.0,0.0,0.0,0.0,0.0,0.0,0.0,0.0,0.0,0.0,0.0,0.0,0.0,0.0,0.0,0.0,0.0,0.0,0.0,0.0,0.0,0.0,0.0,0.0,0.0,0.0,0.0,0.0,0.0,0.0,0.0,0.0,0.0,0.0,0.0,0.0
0.0,0.0,0.0,0.0,0.0,0.0,0.0,0.0,0.0,0.0,0.0,0.0,0.0,0.0,0.0,0.0,0.0,0.0,0.0,0.0,0.0,0.0,0.0,0.0,0.0,0.0,0.0,0.0,0.0,0.0,0.0,0.0,0.0,0.0,0.0,0.0,0.0
0.0,0.0,0.0,0.0,0.0,0.0,0.0,0.0,0.0,0.0,0.0,0.0,0.0,0.0,0.0,0.0,0.0,0.0,0.0,0.0,0.0,0.0,0.0,0.0,0.0,0.0,0.0,0.0,0.0,0.0,0.0,0.0,0.0,0.0,0.0,0.0,0.0
0.0,0.0,0.0,0.0,0.0,0.0,0.0,0.0,0.0,0.0,0.0,0.0,0.0,0.0,0.0,0.0,0.0,0.0,0.0,0.0,0.0,0.0,0.0,0.0,0.0,0.0,0.0,0.0,0.0,0.0,0.0,0.0,0.0,0.0,0.0,0.0,0.0
0.0,0.0,0.0,0.0,0.0,0.0,0.0,0.0,0.0,0.0,0.0,0.0,0.0,0.0,0.0,0.0,0.0,0.0,0.0,0.0,0.0,0.0,0.0,0.0,0.0,0.0,0.0,0.0,0.0,0.0,0.0,0.0,0.0,0.0,0.0,0.0,0.0
0.0,0.0,0.0,0.0,0.0,0.0,0.0,0.0,0.0,0.0,0.0,0.0,0.0,0.0,0.0,0.0,0.0,0.0,0.0,0.0,0.0,0.0,0.0,0.0,0.0,0.0,0.0,0.0,0.0,0.0,0.0,0.0,0.0,0.0,0.0,0.0,0.0
0.0,0.0,0.0,0.0,0.0,0.0,0.0,0.0,0.0,0.0,0.0,0.0,0.0,0.0,0.0,0.0,0.0,0.0,0.0,0.0,0.0,24.446905708312784,0.0,0.0,0.0,0.0,0.0,0.0,0.0,0.0,0.0,0.0,0.1561661642044517,0.0,0.0,0.0,0.0
0.0,0.0,0.0,0.0,0.0,0.0,0.0,0.0,0.0,0.0,1.9514795421622493,0.0,0.0,0.0,0.0,0.0,0.0,0.0,0.0,0.0,0.0,0.0,0.0,0.0,0.0,0.0,0.2005583480000434,0.0,0.0,0.413459046930059,0.0,0.0,0.4286212641745617,0.0,0.0,0.0,0.0
0.0,0.0,0.0,0.0,1.5785785652695803,0.0,6.00791405290357,0.0,0.0,0.0,1.9621700901537136,0.0,0.0,0.0,0.0,0.0,0.2653661966323427,0.0,0.0,0.0,0.0,19.04676694869957,0.0,0.0,0.0,0.0,0.0,0.0,0.0,0.4676686361432063,0.0,0.0,0.0820630006491956,0.0,0.0,0.0,0.0
0.0,0.0,0.0,0.0617013107985204,2.076754283159959,0.0,0.0,0.0,0.0,0.0,1.7493709710891812,0.0,0.0,0.0,0.0,0.0,6.240702033042879,0.0,0.0,0.0,0.0,0.0,0.0,0.0,0.0,0.0,0.0,0.0,0.0,0.5090792678296531,0.0,0.0,0.0,0.0,0.0,0.0,0.0
0.0,0.0,0.0,0.0368669964373086,4.418470241129373,0.0,0.0,0.0,0.0,0.0,1.6264211930333,0.0,0.0,0.0,0.0,0.0,16.06544114351265,0.0,0.0,0.0,0.0,67.2696764945981,0.0,0.0,0.0,0.0,0.0,0.0,0.0,0.5708510786294821,0.0,0.0,0.0,0.0,0.0,0.0,0.0
0.0,0.0,0.0,0.067242752760645,44.60972259938698,0.4330764864571344,0.0,0.0,0.0,0.0,4.96153206075521,0.0,0.0,31.52545295190058,0.0,0.0,8.214646565913965,0.0,0.0,0.0,0.0,452.4315937042235,0.0,0.0,0.0,0.0,0.0,0.0,14.684621974825795,1.5490926824509812,0.0,2.8897161930799418,1.2150163305923338,0.0,0.0,0.0,0.0
0.0,0.0,0.0,1.1895189136266688,202.16360589861856,11.844749876297984,90.66151990443458,0.0,0.0,0.0,47.71369779743242,0.0,0.0,131.02382060140368,0.0,0.0,58.04478002786621,0.0,0.0,0.0,0.0,1323.280725097656,0.0,0.0,0.0,66.76168769598003,0.0,0.0,217.3963769048451,15.32853968478736,0.0,50.83458460867404,9.16650582849978,0.0,0.0,0.0,0.0
0.0,0.0,0.0,5.326785847544669,530.886049747467,79.78941030055282,428.90755027234553,0.0,0.0,0.0,228.1695799924432,0.0,0.0,336.1095650866628,0.0,0.0,256.3070972204207,0.0,0.0,0.0,0.0,2302.4026763916017,0.0,0.0,0.0,307.2742720365524,4.081198017299174,0.0,1018.121852016449,81.38040535300969,0.0,220.53189659118647,37.20622473955152,0.0,0.0,0.0,0.0
0.0,0.0,0.0,13.718654692173002,1079.3103189468384,210.6190723031759,882.871629679203,0.0,0.0,0.0,587.2678883969783,0.0,0.0,608.5532818734646,0.0,0.0,626.8510939598083,0.0,0.0,0.0,0.0,2989.003128051758,0.0,0.0,0.0,588.9882647037506,13.554044824838636,0.0,1758.7644915103913,226.29526933431623,0.0,396.55806159973145,88.33728861808775,0.0,0.0,0.0,0.0
0.0,0.0,0.0,27.67845660448074,1525.4193532466888,291.26381969451904,1267.0047721385956,0.0,0.0,0.0,1192.248495465517,0.0,0.0,878.9508970081806,0.0,0.0,1037.666525387764,0.0,0.0,0.0,0.0,3441.88840637207,0.0,0.0,0.0,754.3133511066437,33.026151150465004,0.0,2241.229536247253,301.08000577092173,0.0,492.6342951059341,134.5902543365955,0.0,0.0,0.0,0.0
0.0,0.0,0.0,42.589017033576965,1764.37872838974,311.3379372358322,1456.2135943830017,0.0,0.0,0.0,1634.6722194254398,0.0,0.0,1015.4584011435508,0.0,6.158334612846375,1289.0722537994384,0.0,0.0,0.0,0.0,3538.6346221923827,0.0,0.0,0.0,801.212444972992,50.53799074888229,0.0,2486.579965364933,344.5445391833782,0.0,520.4307140111923,150.5473716855049,0.0,0.0,0.0,0.0
0.0,0.0,0.0,53.933555364608765,1881.729137182236,320.5404506921768,1521.1,0.0,0.0,0.0,1903.8652103066445,0.0,0.0,1086.4316545426846,0.0,7.461976766586304,1463.948454809189,0.0,0.0,0.0,0.0,3580.219741821289,0.0,0.0,0.0,814.3281376838682,60.91302636861801,0.0,2635.4,362.4228494048118,0.0,524.0297499895096,161.41392189264295,0.0,0.0,0.0,0.0
0.0,0.0,0.0,60.39619517326355,1893.5230650901797,319.0099630355835,1521.1,0.0,0.0,0.0,1976.9433467686176,0.0,0.0,1128.4029027819631,0.0,8.205422759056091,1547.6615003108975,0.0,0.0,0.0,0.0,3507.8067474365234,0.0,0.0,0.0,799.8828840732574,64.46051349639893,0.0,2635.4,364.48050002455705,0.0,511.6801357269287,166.2182252407074,0.0,0.0,0.0,0.0
0.0,0.0,0.0,61.528666377067566,1832.483740091324,308.4249062240124,1484.5267061889172,0.0,0.0,0.0,1893.6393080711364,0.0,0.0,0.0,0.0,8.390631437301636,1531.7322968244553,0.0,0.0,0.0,0.0,3358.6385864257813,0.0,0.0,0.0,768.924416255951,63.646916162967685,0.0,2628.4687531828886,355.84553249478347,0.0,484.21741938591,164.6078200340271,0.0,0.0,0.0,0.0
0.0,0.0,0.0,0.0,1669.2222592830658,295.60466358065605,1409.744619393349,0.0,0.0,0.0,1748.4619291067124,0.0,0.0,0.0,0.0,7.391549706459045,1519.3494398355483,0.0,0.0,0.0,0.0,3094.1376373291014,0.0,0.0,0.0,732.2449658393859,56.396809327602384,0.0,0.0,357.22233715057376,0.0,435.81174540519714,152.77433162927628,0.0,0.0,0.0,0.0
0.0,0.0,0.0,0.0,0.0,266.3229760229588,1290.0820018410682,0.0,0.0,0.0,1499.581869405508,0.0,0.0,0.0,0.0,0.0,1431.126149559021,0.0,0.0,0.0,0.0,2624.301400756836,0.0,0.0,0.0,663.8050688743591,47.07438256144523,0.0,0.0,346.32413904070853,0.0,377.61071705818176,0.0,0.0,0.0,0.0,0.0
0.0,0.0,0.0,0.0,0.0,0.0,0.0,0.0,0.0,0.0,0.0,0.0,0.0,0.0,0.0,0.0,1310.3016721010208,0.0,0.0,0.0,0.0,2036.6689056396483,0.0,0.0,0.0,0.0,0.0,0.0,0.0,331.7651696264744,0.0,0.0,0.0,0.0,0.0,0.0,0.0
0.0,0.0,0.0,0.0,0.0,0.0,0.0,0.0,0.0,0.0,0.0,0.0,0.0,0.0,0.0,0.0,1180.5778052330018,0.0,0.0,0.0,0.0,0.0,0.0,0.0,0.0,0.0,0.0,0.0,0.0,0.0,0.0,0.0,0.0,0.0,0.0,0.0,0.0
0.0,0.0,0.0,0.0,0.0,0.0,0.0,0.0,0.0,0.0,0.0,0.0,0.0,0.0,0.0,0.0,0.0,0.0,0.0,0.0,0.0,0.0,0.0,0.0,0.0,0.0,0.0,0.0,0.0,0.0,0.0,0.0,0.0,0.0,0.0,0.0,0.0
0.0,0.0,0.0,0.0,0.0,0.0,0.0,0.0,0.0,0.0,0.0,0.0,0.0,0.0,0.0,0.0,0.0,0.0,0.0,0.0,0.0,0.0,0.0,0.0,0.0,0.0,0.0,0.0,0.0,0.0,0.0,0.0,0.0,0.0,0.0,0.0,0.0
0.0,0.0,0.0,0.0,0.0,0.0,0.0,0.0,0.0,0.0,0.0,0.0,0.0,0.0,0.0,0.0,0.0,0.0,0.0,0.0,0.0,0.0,0.0,0.0,0.0,0.0,0.0,0.0,0.0,0.0,0.0,0.0,0.0,0.0,0.0,0.0,0.0
0.0,0.0,0.0,0.0,0.0,0.0,0.0,0.0,0.0,0.0,0.0,0.0,0.0,0.0,0.0,0.0,0.0,0.0,0.0,0.0,0.0,0.0,0.0,0.0,0.0,0.0,0.0,0.0,0.0,0.0,0.0,0.0,0.0,0.0,0.0,0.0,0.0
0.0,0.0,0.0,0.0,0.0,0.0,0.0,0.0,0.0,0.0,0.0,0.0,0.0,0.0,0.0,0.0,0.0,0.0,0.0,0.0,0.0,0.0,0.0,0.0,0.0,0.0,0.0,0.0,0.0,0.0,0.0,0.0,0.0,0.0,0.0,0.0,0.0
0.0,0.0,0.0,0.0,0.0,0.0,0.0,0.0,0.0,0.0,0.0,0.0,0.0,0.0,0.0,0.0,0.0,0.0,0.0,0.0,0.0,0.0,0.0,0.0,0.0,0.0,0.0,0.0,0.0,0.0,0.0,0.0,0.0,0.0,0.0,0.0,0.0
0.0,0.0,0.0,0.0,0.0,0.0,0.0,0.0,0.0,0.0,0.0,0.0,0.0,0.0,0.0,0.0,0.0,0.0,0.0,0.0,0.0,39.49274420738213,0.0,0.0,0.0,0.0,0.0,0.0,0.0,0.0,0.0,0.0,0.0,0.0,0.0,0.0,0.0
0.0,0.0,0.0,0.0,0.0,0.0,0.0,0.0,0.0,0.0,0.0,0.0,0.0,4.641288076527371,0.0,0.0,0.0,0.0,0.0,0.0,0.0,0.0,0.0,0.0,0.0,0.0,0.0,0.0,0.0,0.0,0.0,0.0,0.0,0.0,0.0,0.0,0.0
0.0,0.0,0.0,0.0562207866460064,0.0,0.0,0.0,0.0,0.0,0.0,0.0,0.0,0.0,1.636169455014169,0.0,0.0,0.0,0.0,0.0,0.0,0.0,0.0,0.0,0.0,0.0,1.3784615084528755,0.0,0.0,0.0,0.0,0.0,0.0,0.1454458981752258,0.0,0.0,0.0,0.0
0.0,0.0,0.0,0.0633451677858819,2.621250800788216,0.0482622873969166,0.0,0.0,0.0,0.0,1.8529781679620945,0.0,0.0,0.0328363431617617,0.0014427803456783,0.0,3.829301631450517,0.0,0.0,0.0,0.0,0.0,0.0,0.0,0.0,0.0,0.0,0.0,0.0,0.0,0.0,0.0,0.0,0.0,0.0,0.0,0.0
0.0,0.0,0.0,0.0456793494522536,4.7275455556808215,0.0,0.0,0.0,0.0,0.0,1.6331470204515004,0.0,0.0,0.0,0.0,0.0,13.682170784473334,0.0,0.0,0.0,0.0,59.45713777542099,0.0,0.0,0.0,0.0,0.0,0.0,0.0,0.8008427806198334,0.0,0.5899493545293278,0.0,0.0,0.0,0.0,0.0
0.0,0.0,0.0,0.1330292522907246,49.69477486610394,0.4540844974107662,0.0,0.0,0.0,0.0,2.4476989681831025,0.0,0.0,49.49797200039029,0.014424665272235,0.3812973648309695,7.041274464130241,0.0,0.0,0.0,0.0,443.9294971466064,0.0,0.0,0.0,0.0,0.0,0.0,7.0372968569395375,3.1169942677020672,0.0,2.522185876965476,1.5758196189999414,0.0,0.0,0.0,0.0
0.0,0.0,0.0,0.5729076899588057,214.0819072723388,5.940768591128269,0.0,0.0,0.0,0.0,38.89016660228354,0.0,0.0,189.62901966646305,1.142965124174951,1.029096044600009,53.79640817642203,0.0,0.0,0.0,0.0,1413.741696166992,0.0,0.0,0.0,63.41481812596321,2.6123762119561387,0.0,136.74761894121758,24.015679807215893,0.0,0.0,10.387279056012629,0.0,0.0,0.0,0.0
0.0,0.0,0.0,3.195937685668464,554.187668442726,43.44791662320491,348.1741241499781,0.0,0.0,0.0,203.86397388651952,0.0,0.0,440.7194112986326,5.464165614545345,1.9597487896680823,247.03398885726912,0.0,0.0,0.0,0.0,2442.208834838867,0.0,0.0,0.0,291.9219001054764,10.432961577177045,0.0,768.1082842469216,111.45538403391838,0.0,218.13370543718335,41.65371781587599,0.0,0.0,0.0,0.0
0.0,0.0,0.0,8.759489983320236,1101.3298299312592,165.002260684967,784.5711391150951,0.0,0.0,0.0,569.8729237496851,0.0,0.0,746.7158219218253,14.270800083875656,3.0469507426023483,602.0396610021592,0.0,0.0,0.0,0.0,3143.2807495117186,0.0,0.0,0.0,578.7367509841919,26.362980329990386,0.0,1444.736991238594,245.8213823676109,0.0,396.2153526544571,88.55895248055458,0.0,0.0,0.0,0.0
0.0,0.0,0.0,18.63088208436966,1530.2076292037964,252.9584346115589,1177.203999519348,0.0,0.0,0.0,1146.5780336856842,0.0,0.0,1082.6811927556992,23.38545416593552,4.26311445236206,992.7256874918936,0.0,0.0,0.0,0.0,3614.258004760742,0.0,0.0,0.0,749.1672177314758,50.96185435056687,0.0,1996.8176725625992,312.0614293217659,0.0,463.4278213977814,136.81942349672315,0.0,0.0,0.0,0.0
0.0,0.0,0.0,30.61976939439773,1782.910169839859,276.0051175057888,1392.7708415925504,0.0,0.0,0.0,1542.411124694347,0.0,0.0,1211.560764014721,27.846165919303893,6.000723749399185,1232.670966911316,0.0,0.0,0.0,0.0,3786.54096069336,0.0,0.0,0.0,799.0046751022339,65.74669626951217,0.0,2250.43266119957,347.90019739866256,0.0,463.8698875904083,153.31851488351822,0.0,0.0,0.0,0.0
0.0,0.0,0.0,41.90111303329468,1910.7323546409605,289.27571335434914,1503.5711733639243,0.0,0.0,0.0,1795.1043683052062,0.0,0.0,1273.730861544609,30.162229800224303,7.347981631755829,1401.319703555107,0.0,0.0,0.0,0.0,3828.0885986328126,0.0,0.0,0.0,814.6775801181793,74.2741709947586,0.0,2399.207927441597,361.3483461678029,0.0,467.5510215759277,164.32994776964188,0.0,0.0,0.0,0.0
0.0,0.0,0.0,49.58168590068817,1926.1654479503632,292.7333624958992,1521.1,0.0,0.0,0.0,1882.0421677052973,0.0,0.0,1284.5275627076626,30.44093615412712,8.149923384189606,1480.4286149024963,0.0,0.0,0.0,0.0,3746.235379028321,0.0,0.0,0.0,799.7660623073577,76.885120677948,0.0,2471.1691136598583,360.6791920661927,0.0,465.6321600675583,168.7785061597824,0.0,0.0,0.0,0.0
0.0,0.0,0.0,52.29117703437805,1852.7700629234316,286.880766838789,0.0,0.0,0.0,0.0,1845.7756247460843,0.0,0.0,1254.002629518509,29.425549346208573,8.389908492565155,1465.7338238716125,0.0,0.0,0.0,0.0,3555.5141479492186,0.0,0.0,0.0,758.4830267906189,74.87285140752792,0.0,0.0,353.36184353232386,0.0,456.1078941822052,166.8620240688324,0.0,0.0,0.0,0.0
0.0,0.0,0.0,0.0,0.0,0.0,0.0,0.0,0.0,0.0,0.0,0.0,0.0,0.0,0.0,0.0,1458.076078605652,0.0,0.0,0.0,0.0,3236.593859863281,0.0,0.0,0.0,0.0,0.0,0.0,0.0,357.03001890182503,0.0,0.0,0.0,0.0,0.0,0.0,0.0
0.0,0.0,0.0,0.0,0.0,0.0,0.0,0.0,0.0,0.0,0.0,0.0,0.0,1022.9868206381798,0.0,0.0,1368.793039536476,0.0,0.0,0.0,0.0,0.0,0.0,0.0,0.0,0.0,59.01524522304535,0.0,0.0,0.0,0.0,0.0,0.0,0.0,0.0,0.0,0.0
0.0,0.0,0.0,0.0,0.0,0.0,0.0,0.0,0.0,0.0,0.0,0.0,0.0,0.0,0.0,0.0,1251.7020744800568,0.0,0.0,0.0,0.0,0.0,0.0,0.0,0.0,0.0,0.0,0.0,0.0,0.0,0.0,0.0,0.0,0.0,0.0,0.0,0.0
0.0,0.0,0.0,0.0,0.0,0.0,0.0,0.0,0.0,0.0,0.0,0.0,0.0,0.0,0.0,0.0,0.0,0.0,0.0,0.0,0.0,0.0,0.0,0.0,0.0,0.0,0.0,0.0,0.0,0.0,0.0,0.0,0.0,0.0,0.0,0.0,0.0
0.0,0.0,0.0,0.0,0.0,0.0,0.0,0.0,0.0,0.0,0.0,0.0,0.0,0.0,0.0,0.0,0.0,0.0,0.0,0.0,0.0,0.0,0.0,0.0,0.0,0.0,0.0,0.0,0.0,0.0,0.0,0.0,0.0,0.0,0.0,0.0,0.0
0.0,0.0,0.0,0.0,0.0,0.0,0.0,0.0,0.0,0.0,0.0,0.0,0.0,0.0,0.0,0.0,0.0,0.0,0.0,0.0,0.0,0.0,0.0,0.0,0.0,0.0,0.0,0.0,0.0,0.0,0.0,0.0,0.0,0.0,0.0,0.0,0.0
0.0,0.0,0.0,0.0,0.0,0.0,0.0,0.0,0.0,0.0,0.0,0.0,0.0,0.0,0.0,0.0,0.0,0.0,0.0,0.0,0.0,0.0,0.0,0.0,0.0,0.0,0.0,0.0,0.0,0.0,0.0,0.0,0.0,0.0,0.0,0.0,0.0
0.0,0.0,0.0,0.0,0.0,0.0,0.0,0.0,0.0,0.0,0.0,0.0,0.0,0.0,0.0,0.0,0.0,0.0,0.0,0.0,0.0,0.0,0.0,0.0,0.0,0.0,0.0,0.0,0.0,0.0,0.0,0.0,0.0,0.0,0.0,0.0,0.0
0.0,0.0,0.0,0.0,0.0,0.0,0.0,0.0,0.0,0.0,0.0,0.0,0.0,0.0,0.0,0.0,0.0,0.0,0.0,0.0,0.0,0.0,0.0,0.0,0.0,0.0,0.0,0.0,0.0,0.0,0.0,0.0,0.0,0.0,0.0,0.0,0.0
0.0,0.0,0.0,0.0,0.0,0.0,0.0,0.0,0.0,0.0,0.0,0.0,0.0,19.31362802628419,0.0,0.0,0.0,0.0,0.0,0.0,0.0,0.0,0.0,0.0,0.0,0.0,0.0,0.0,0.0,0.0,0.0,0.0,0.0,0.0,0.0,0.0,0.0
0.0,0.0,0.0,0.0,0.0,0.0,0.0,0.0,0.0,0.0,0.0,0.0,0.0,5.9341027913613775,0.0,0.0,0.0,0.0,0.0,0.0,0.0,0.0,0.0,0.0,0.0,0.0,0.0,0.0,0.0,0.0,0.0,0.0,0.0,0.0,0.0,0.0,0.0
0.0,0.0,0.0,0.0,0.0,0.0,0.0,0.0,0.0,0.0,2.076436049444552,0.0,0.0,6.670247456058768,0.0,0.0,0.0,0.0,0.0,0.0,0.0,0.0,0.0,0.0,0.0,0.0,0.0,0.0,0.0,0.0,0.0,0.4893362373113074,0.0,0.0,0.0,0.0,0.0
0.0,0.0,0.0,0.0,0.0,0.5217567398212588,0.0,0.0,0.0,0.0,2.0979580614715734,0.0,0.0,2.6737051457166534,0.0,0.0,0.0,0.0,0.0,0.0,0.0,0.0,0.0,0.0,0.0,0.0,0.0,0.0,0.0,0.0,0.0,0.5637420415877922,0.0,0.0,0.0,0.0,0.0
0.0,0.0,0.0,0.0375875011086406,2.0995451807975054,0.1516431584022934,0.0,0.0,0.0,0.0,1.8708300057332257,0.0,0.0,0.4988728510215775,0.0,0.0,0.0,0.0,0.0,0.0,0.0,0.0,0.0,0.0,0.0,0.0,0.0,0.0,0.0,0.7066547542810073,0.0,0.6375243961810712,0.0,0.0,0.0,0.0,0.0
0.0,0.0,0.0,0.035502091050143,4.38154169544558,0.0,0.0,0.0,0.0,0.0,1.632468928210388,0.0,0.0,0.0,0.0,0.0,13.89495402574535,0.0,0.0,0.0,0.0,62.500258827209215,0.0,0.0,0.0,0.0,0.0,0.0,0.0,1.01500712186097,0.0,0.770565867424003,0.0,0.0,0.0,0.0,0.0
0.0,0.0,0.0,0.0990460645407378,31.390534918755165,0.7843398274853496,0.4739266619085343,0.0,0.0,0.0,2.36403509983771,0.0,0.0,23.0746084824204,0.1107193350791923,0.0,4.340790379047247,0.0,0.0,0.0,0.0,349.0609985351562,0.0,0.0,0.0,7.450192879885396,0.0,0.0,11.343564656376705,6.484089537709913,0.0,2.288948416709874,2.794927202165107,0.0,0.0,0.0,0.0
0.0,0.0,0.0,0.9912915527820532,156.0404100418089,9.329645189456617,45.20758922565726,0.0,0.0,0.0,32.19217487052061,0.0,0.0,74.85455980524416,1.7542272482067331,0.9614152833819378,30.24813057184201,0.0,0.0,0.0,0.0,1051.9043304443355,0.0,0.0,0.0,47.67943432629102,0.3489043530076644,0.0,163.4709625035524,37.8780754767358,0.0,46.79976178705688,13.84258949011564,0.0,0.0,0.0,0.0
0.0,0.0,0.0,4.421877712011333,408.8995013833044,63.376175694167614,205.8062738522886,0.0,0.0,0.0,184.572317431122,0.0,0.0,175.00670954585073,6.30066282749176,1.6286389380693431,192.19658524990072,0.0,0.0,0.0,0.0,2106.7577636718747,0.0,0.0,0.0,154.44387913942327,5.402807138860219,0.0,643.1838113725184,158.52110477089883,0.0,213.81247252225876,42.544612690806375,0.0,0.0,0.0,0.0
0.0,0.0,0.0,10.890913486480711,831.6183468103409,186.84065194427967,491.6217674672604,0.0,0.0,0.0,533.416752295196,0.0,0.0,374.7915910556912,14.130461516976355,2.0866505801677704,488.512110453844,0.0,0.0,0.0,0.0,2835.0087921142576,0.0,0.0,0.0,380.0410695552826,12.446534642577172,0.0,1307.92658855319,270.2094356894493,0.0,394.4716670513153,99.32792168855666,0.0,0.0,0.0,0.0
0.0,0.0,0.0,21.485121786594387,1276.1849546432495,270.35121804475784,857.46613240242,0.0,0.0,0.0,1112.5247838020323,0.0,0.0,643.0482345074415,22.187222081422806,3.013140872120857,867.4575213074684,0.0,0.0,0.0,0.0,3297.239505004882,0.0,0.0,0.0,557.3410329818726,25.12689489126205,0.0,1787.565019786358,324.43195858597755,0.0,486.67992901802063,155.6239413022995,0.0,0.0,0.0,0.0
0.0,0.0,0.0,33.109476923942566,1538.017948627472,292.50738748908043,1098.5489012658595,0.0,0.0,0.0,1547.2566362321377,0.0,0.0,795.5427500605583,25.813593077659608,4.274286001920699,1117.8180255889893,0.0,0.0,0.0,0.0,3451.4353729248046,0.0,0.0,0.0,641.3548325538635,41.108916187286376,0.0,2032.8361224532127,349.76752136945726,0.0,513.804349899292,174.89993906021118,0.0,0.0,0.0,0.0
0.0,0.0,0.0,42.15300488471985,1690.6322157382965,306.2387956380844,1224.961953485012,0.0,0.0,0.0,1840.278059709072,0.0,0.0,905.4694378376008,27.56041747927666,5.163566917181015,1294.963996219635,0.0,0.0,0.0,0.0,3485.242770385742,0.0,0.0,0.0,676.2427646636963,50.51169242858887,0.0,2165.312551987171,357.3736050128937,0.0,526.272231221199,187.4261958003044,0.0,0.0,0.0,0.0
0.0,0.0,0.0,47.60907137393952,1760.1780614852903,309.1892718076706,1287.4535436928272,0.0,0.0,0.0,1949.8934335529805,0.0,0.0,938.1750160455704,29.01410197019577,5.896735161542892,1388.7969930648803,0.0,0.0,0.0,0.0,3471.550003051758,0.0,0.0,0.0,685.9488768577576,56.458630573749545,0.0,2237.3035838007927,357.44017130732544,0.0,516.6401040554047,190.84146964550015,0.0,0.0,0.0,0.0
0.0,0.0,0.0,50.04578375816345,0.0,302.12608245015144,1323.4026115596291,0.0,0.0,0.0,1903.5859719216824,0.0,0.0,924.6476604044436,28.69664531350136,0.0,1398.9386394739151,0.0,0.0,0.0,0.0,3372.720294189453,0.0,0.0,0.0,0.0,58.80372314453125,0.0,0.0,353.7504866600037,0.0,490.533296585083,0.0,0.0,0.0,0.0,0.0
0.0,0.0,0.0,0.0,0.0,0.0,0.0,0.0,0.0,0.0,1794.6044787049293,0.0,0.0,815.6543771922588,0.0,0.0,1430.4854709863662,0.0,0.0,0.0,0.0,0.0,0.0,0.0,0.0,0.0,0.0,0.0,0.0,358.5994698345661,0.0,441.9327833652496,0.0,0.0,0.0,0.0,0.0
0.0,0.0,0.0,0.0,0.0,0.0,0.0,0.0,0.0,0.0,1576.0200885415077,0.0,0.0,652.9505898803473,0.0,0.0,0.0,0.0,0.0,0.0,0.0,0.0,0.0,0.0,0.0,0.0,0.0,0.0,0.0,0.0,0.0,381.6877012252808,0.0,0.0,0.0,0.0,0.0
0.0,0.0,0.0,0.0,0.0,0.0,0.0,0.0,0.0,0.0,0.0,0.0,0.0,0.0,0.0,0.0,0.0,0.0,0.0,0.0,0.0,0.0,0.0,0.0,0.0,0.0,0.0,0.0,0.0,0.0,0.0,0.0,0.0,0.0,0.0,0.0,0.0
0.0,0.0,0.0,0.0,0.0,0.0,0.0,0.0,0.0,0.0,0.0,0.0,0.0,0.0,0.0,0.0,0.0,0.0,0.0,0.0,0.0,0.0,0.0,0.0,0.0,0.0,0.0,0.0,0.0,0.0,0.0,0.0,0.0,0.0,0.0,0.0,0.0
0.0,0.0,0.0,0.0,0.0,0.0,0.0,0.0,0.0,0.0,0.0,0.0,0.0,0.0,0.0,0.0,0.0,0.0,0.0,0.0,0.0,0.0,0.0,0.0,0.0,0.0,0.0,0.0,0.0,0.0,0.0,0.0,0.0,0.0,0.0,0.0,0.0
0.0,0.0,0.0,0.0,0.0,0.0,0.0,0.0,0.0,0.0,0.0,0.0,0.0,0.0,0.0,0.0,0.0,0.0,0.0,0.0,0.0,0.0,0.0,0.0,0.0,0.0,0.0,0.0,0.0,0.0,0.0,0.0,0.0,0.0,0.0,0.0,0.0
0.0,0.0,0.0,0.0,0.0,0.0,0.0,0.0,0.0,0.0,0.0,0.0,0.0,0.0,0.0,0.0,0.0,0.0,0.0,0.0,0.0,0.0,0.0,0.0,0.0,0.0,0.0,0.0,0.0,0.0,0.0,0.0,0.0,0.0,0.0,0.0,0.0
0.0,0.0,0.0,0.0,0.0,0.0,0.0,0.0,0.0,0.0,0.0,0.0,0.0,0.0,0.0,0.0,0.0,0.0,0.0,0.0,0.0,0.0,0.0,0.0,0.0,0.0,0.0,0.0,0.0,0.0,0.0,0.0,0.0,0.0,0.0,0.0,0.0
0.0,0.0,0.0,0.0,0.0,0.0,0.0,0.0,0.0,0.0,0.0,0.0,0.0,0.0,0.0,0.0,0.0,0.0,0.0,0.0,0.0,0.0,0.0,0.0,0.0,0.0,0.0,0.0,0.0,0.0,0.0,0.0,0.0,0.0,0.0,0.0,0.0
0.0,0.0,0.0,0.0,0.0,0.0,0.0,0.0,0.0,0.0,0.0,0.0,0.0,0.0,0.0,0.0,0.0,0.0,0.0,0.0,0.0,0.0,0.0,0.0,0.0,0.0,0.0,0.0,0.0,0.0,0.0,0.0,0.0,0.0,0.0,0.0,0.0
0.0,0.0,0.0,0.0,0.0,0.0,0.0,0.0,0.0,0.0,0.0,0.0,0.0,0.0,0.0,0.0,0.0,0.0,0.0,0.0,0.0,0.0,0.0,0.0,0.0,0.0,0.0,0.0,0.0,0.0,0.0,0.0,0.0,0.0,0.0,0.0,0.0
0.0,0.0,0.0,0.0,0.0,0.0,0.0,0.0,0.0,0.0,0.0,0.0,0.0,7.915302803739864,0.0,0.0,0.0,0.0,0.0,0.0,0.0,0.0,0.0,0.0,0.0,0.0,0.0,0.0,0.0,0.0,0.0,0.0,0.0,0.0,0.0,0.0,0.0
0.0,0.0,0.0,0.0,0.0,0.0,0.0,0.0,0.0,0.0,1.9991356529760569,0.0,0.0,3.709436985664063,0.0,0.0,0.0,0.0,0.0,0.0,0.0,0.0,0.0,0.0,0.0,0.0,0.0,0.0,0.0,0.5515149876475183,0.0,0.3534017801284656,0.0,0.0,0.0,0.0,0.0
0.0,0.0,0.0,0.0453290864825224,2.276407670229569,0.2385665066539801,0.0,0.0,0.0,0.0,1.718794308602794,0.0,0.0,0.773755237460049,0.0,0.0,6.971592855453351,0.0,0.0,0.0,0.0,0.0,0.0,0.0,0.0,0.0,0.0,0.0,0.0,0.4896523833274789,0.0,0.4648647159337538,0.0,0.0,0.0,0.0,0.0
0.0,0.0,0.0,0.0352697372436506,6.026102520525394,0.0,0.0,0.0,0.0,0.0,1.6097062192857217,0.0,0.0,0.0,0.0,0.0,13.594593811035104,0.0,0.0,0.0,0.0,0.0,0.0,0.0,0.0,0.0,0.0,0.0,0.0,0.6210511088371262,0.0,0.5979330986738131,0.0,0.0,0.0,0.0,0.0
0.0,0.0,0.0,0.0913962889462654,20.71091144159429,0.7990250592119904,10.759556393325328,0.0,0.0,0.0,3.738479335047159,0.0,0.0,35.82793290261178,0.0400586642324891,0.1270057670772072,4.84682471752152,0.0,0.0,0.0,0.0,72.86102619171143,0.0,0.0,0.0,3.3436541955917267,0.0,0.0,4.069839632510887,2.1192554876208205,0.0,2.675289869308427,1.4116382235660898,0.0,0.0,0.0,0.0
0.0,0.0,0.0,0.7652713507413849,105.8772915899752,8.660129195079202,76.50102009028181,0.0,0.0,0.0,45.6745388094334,0.0,0.0,160.25836886838073,1.4795278329402206,0.542894884943961,36.75162481069557,0.0,0.0,0.0,0.0,397.72862968444826,0.0,0.0,0.0,51.011472377180965,0.0,0.0,84.3786523379384,21.252838844805943,0.0,39.75388331711291,8.582206305116413,0.0,0.0,0.0,0.0
0.0,0.0,0.0,4.110352233052253,278.5966579318046,58.85717456042767,236.80731980055563,0.0,0.0,0.0,232.40607993602757,0.0,0.0,415.0018940120935,6.099223807454109,1.1567006334662429,202.05331538915627,0.0,0.0,0.0,0.0,1009.1998527526856,0.0,0.0,0.0,165.2812109470367,0.4536678830161689,0.0,551.9479469656942,101.38831566572188,0.0,192.34617596864695,34.98560428619384,0.0,0.0,0.0,0.0
0.0,0.0,0.0,11.048405945301054,564.4626919031142,188.94861206412315,473.4943729758263,0.0,0.0,0.0,598.7633149266243,0.0,0.0,736.9963781535625,14.83511470556259,1.9435228258371355,524.3979244232178,0.0,0.0,0.0,0.0,1886.3703186035157,0.0,0.0,0.0,371.8097917795181,2.797027639299627,0.0,1254.3783282279967,241.61219477057455,0.0,380.7948136329651,88.58388257026672,0.0,0.0,0.0,0.0
0.0,0.0,0.0,22.233088552951813,931.6620987653732,277.99585857987404,732.3442804425954,0.0,0.0,0.0,1220.372235554457,0.0,0.0,1073.8160344958303,22.929128658771518,2.8892968744039527,919.7772554636,0.0,0.0,0.0,0.0,2574.445864868164,0.0,0.0,0.0,573.226101398468,7.095936371386051,0.0,1816.898056316376,311.0468849539757,0.0,482.0841988325119,141.69852584600446,0.0,0.0,0.0,0.0
0.0,0.0,0.0,35.90234196186066,1222.6271452903748,298.55580508708954,948.3730134487153,0.0,0.0,0.0,1673.3843698620797,0.0,0.0,1215.4200258851051,27.49551773071289,3.964341849088669,1159.5844586610797,0.0,0.0,0.0,0.0,2734.52038269043,0.0,0.0,0.0,630.3037088394165,14.771370834112163,0.0,2076.548923909664,341.4685250103474,0.0,522.5943624973297,159.94857400655746,0.0,0.0,0.0,0.0
0.0,0.0,0.0,48.088438987731934,1436.7996091842651,308.9952329695225,1124.3640213191509,0.0,0.0,0.0,1968.7579597055912,0.0,0.0,1281.8660122156143,30.18230999708176,5.102173566818237,1333.5017868041991,0.0,0.0,0.0,0.0,2837.420385742188,0.0,0.0,0.0,643.2474528312683,28.00952559709549,0.0,2262.852355921269,356.29699302315714,0.0,535.5450719594955,170.96482700109482,0.0,0.0,0.0,0.0
0.0,0.0,0.0,0.0,1557.878604888916,309.27137437462807,1240.016270506382,0.0,0.0,0.0,2087.961557841301,0.0,0.0,0.0,0.0,5.964559465646743,1425.634478855133,0.0,0.0,0.0,0.0,2905.927407836914,0.0,0.0,0.0,631.236344909668,38.6750192284584,0.0,2360.7847079753874,358.48487083911897,0.0,524.0318670272827,174.18247640132904,0.0,0.0,0.0,0.0
0.0,0.0,0.0,0.0,1597.426371574402,299.06257885694504,0.0,0.0,0.0,0.0,2070.527806317806,0.0,0.0,1268.584025800228,0.0,6.424456924200057,1430.9334679603576,0.0,0.0,0.0,0.0,2906.1938537597657,0.0,0.0,0.0,0.0,44.53703949451446,0.0,0.0,351.1503711163997,0.0,504.48877370357513,0.0,0.0,0.0,0.0,0.0
0.0,0.0,0.0,0.0,0.0,0.0,0.0,0.0,0.0,0.0,0.0,0.0,0.0,0.0,0.0,0.0,1449.403690671921,0.0,0.0,0.0,0.0,0.0,0.0,0.0,0.0,0.0,0.0,0.0,0.0,354.32837862968444,0.0,0.0,0.0,0.0,0.0,0.0,0.0
0.0,0.0,0.0,0.0,0.0,0.0,0.0,0.0,0.0,0.0,0.0,0.0,0.0,0.0,0.0,0.0,1380.632049036026,0.0,0.0,0.0,0.0,0.0,0.0,0.0,0.0,0.0,0.0,0.0,0.0,0.0,0.0,0.0,0.0,0.0,0.0,0.0,0.0
0.0,0.0,0.0,0.0,0.0,0.0,0.0,0.0,0.0,0.0,0.0,0.0,0.0,0.0,0.0,0.0,0.0,0.0,0.0,0.0,0.0,0.0,0.0,0.0,0.0,0.0,0.0,0.0,0.0,0.0,0.0,0.0,0.0,0.0,0.0,0.0,0.0
0.0,0.0,0.0,0.0,0.0,0.0,0.0,0.0,0.0,0.0,0.0,0.0,0.0,0.0,0.0,0.0,0.0,0.0,0.0,0.0,0.0,0.0,0.0,0.0,0.0,0.0,0.0,0.0,0.0,0.0,0.0,0.0,0.0,0.0,0.0,0.0,0.0
0.0,0.0,0.0,0.0,0.0,0.0,0.0,0.0,0.0,0.0,0.0,0.0,0.0,0.0,0.0,0.0,0.0,0.0,0.0,0.0,0.0,0.0,0.0,0.0,0.0,0.0,0.0,0.0,0.0,0.0,0.0,0.0,0.0,0.0,0.0,0.0,0.0
0.0,0.0,0.0,0.0,0.0,0.0,0.0,0.0,0.0,0.0,0.0,0.0,0.0,0.0,0.0,0.0,0.0,0.0,0.0,0.0,0.0,0.0,0.0,0.0,0.0,0.0,0.0,0.0,0.0,0.0,0.0,0.0,0.0,0.0,0.0,0.0,0.0
0.0,0.0,0.0,0.0,0.0,0.0,0.0,0.0,0.0,0.0,0.0,0.0,0.0,0.0,0.0,0.0,0.0,0.0,0.0,0.0,0.0,0.0,0.0,0.0,0.0,0.0,0.0,0.0,0.0,0.0,0.0,0.0,0.0,0.0,0.0,0.0,0.0
0.0,0.0,0.0,0.0,0.0,0.0,0.0,0.0,0.0,0.0,0.0,0.0,0.0,0.0,0.0,0.0,0.0,0.0,0.0,0.0,0.0,0.0,0.0,0.0,0.0,0.0,0.0,0.0,0.0,0.0,0.0,0.0,0.0,0.0,0.0,0.0,0.0
0.0,0.0,0.0,0.0,0.0,0.0,0.0,0.0,0.0,0.0,0.0,0.0,0.0,0.0,0.0,0.0,0.0,0.0,0.0,0.0,0.0,0.0,0.0,0.0,0.0,0.0,0.0,0.0,0.0,0.0,0.0,0.0,0.0,0.0,0.0,0.0,0.0
0.0,0.0,0.0,0.0,0.0,0.0,0.0,0.0,0.0,0.0,0.0,0.0,0.0,0.0,0.0,0.0,0.0,0.0,0.0,0.0,0.0,0.0,0.0,0.0,0.0,0.0,0.0,0.0,0.0,0.0,0.0,0.0,0.0,0.0,0.0,0.0,0.0
0.0,0.0,0.0,0.0,0.0,0.0,0.0,0.0,0.0,0.0,0.0,0.0,0.0,0.0,0.0,0.0,0.0,0.0,0.0,0.0,0.0,19.298656463623,0.0,0.0,0.0,0.0,0.0,0.0,0.0,0.0,0.0,0.0,0.0,0.0,0.0,0.0,0.0
0.0,0.0,0.0,0.0597596205770912,1.6856987401842347,0.0,0.0,0.0,0.0,0.0,1.9768974060192213,0.0,0.0,0.0,0.0,0.0,0.0,0.0,0.0,0.0,0.0,21.748079776763788,0.0,0.0,0.0,0.0043728251010179,0.0,0.0,0.0,0.0,0.0,0.0,0.0,0.0,0.0,0.0,0.0
0.0,0.0,0.0,0.0,2.0183295756576736,0.0,3.5544442977756163,0.0,0.0,0.0,0.0,0.0,0.0,0.9649321204050872,0.0,0.0,0.0,0.0,0.0,0.0,0.0,22.69039287567094,0.0,0.0,0.0,0.0,2.403716336563225,0.0,0.0,0.5827918909489763,0.0,0.0,0.0887326728552539,0.0,0.0,0.0,0.0
0.0,0.0,0.0,0.0425950605422214,2.6722086071966067,0.0072051822207868,4.390933129191314,0.0,0.0,0.0,1.785243110172225,0.0,0.0,0.0,0.0,0.0,7.968953013420061,0.0,0.0,0.0,0.0,0.0,0.0,0.0,0.0,0.0,2.7987850554287386,0.0,0.0,0.5077905856072658,0.0,0.0,0.0,0.0,0.0,0.0,0.0
0.0,0.0,0.0,0.0343159548938256,5.449472118168928,0.0,3.6814824372529618,0.0,0.0,0.0,1.5658951033837476,0.0,0.0,0.0,0.0103667311370352,0.0,14.269530975818604,0.0,0.0,0.0,0.0,0.0,0.0,0.0,0.0,0.0,3.3828072860836924,0.0,0.0,0.6053789757191881,0.0,0.0,0.0,0.0,0.0,0.0,0.0
0.0,0.0,0.0,0.0664157141000006,47.96375051885823,0.4578644423745396,11.597342862188668,0.0,0.0,0.0,2.335760772414501,0.0,0.0,31.27906230278313,0.4300604715943317,0.1480543408542861,4.847866570949426,0.0,0.0,0.0,0.0,75.71579666137679,0.0,0.0,0.0,7.764688883721826,8.843955226242537,0.0,15.937940627336316,1.872721792012429,0.0,0.0,1.564598076976823,0.0,0.0,0.0,0.0
0.0,0.0,0.0,1.4989250302314756,206.932222366333,12.120927043259131,88.93306682407852,0.0,0.0,0.0,37.22626809868949,0.0,0.0,107.2450616210699,3.7281412750482543,0.5438318364322181,28.11196333169921,0.0,0.0,0.0,0.0,434.5552383422848,0.0,0.0,0.0,95.0675544679164,23.58216562271118,0.0,223.8490142568945,19.40286375842985,0.0,0.0,11.596473544836018,0.0,0.0,0.0,0.0
0.0,0.0,0.0,6.1832720041275016,537.1830141544342,77.61401829123496,324.6774345591664,0.0,0.0,0.0,203.2750338226556,0.0,0.0,278.3364021405577,11.346116691827774,1.429929770529269,184.3413781166075,0.0,0.0,0.0,0.0,1128.2327354431152,0.0,0.0,0.0,383.44074444770814,49.66164736747741,0.0,965.9328229367732,96.4482988074422,0.0,215.307513833046,46.62421011924742,0.0,0.0,0.0,0.0
0.0,0.0,0.0,15.661019802093506,1050.8771793842316,207.13197535276413,642.7358528256415,0.0,0.0,0.0,573.0912173360585,0.0,0.0,524.4378888607024,22.188759791851044,2.594197496771812,493.8331623375416,0.0,0.0,0.0,0.0,2201.478610229492,0.0,0.0,0.0,620.1079142570495,71.29939373731614,0.0,1633.4026235818862,238.02384740710255,0.0,384.8471109867096,93.3180847764015,0.0,0.0,0.0,0.0
0.0,0.0,0.0,30.914942800998688,1455.3451764583588,291.1652433872223,938.566818255186,0.0,0.0,0.0,1180.0459543466568,0.0,0.0,784.9037407338619,29.397878926992416,3.483229488134384,879.7779283761977,0.0,0.0,0.0,0.0,2865.25244140625,0.0,0.0,0.0,762.9163858890533,86.78246103525161,0.0,2089.313413798809,310.1474316239357,0.0,471.9341868162155,147.50897443294525,0.0,0.0,0.0,0.0
0.0,0.0,0.0,45.61838221549988,1686.3095874786377,313.4355314075947,1159.6964790701866,0.0,0.0,0.0,1615.227110695839,0.0,0.0,927.8884461522102,32.55448670983314,4.98652720451355,1131.2677404880524,0.0,0.0,0.0,0.0,3082.399349975586,0.0,0.0,0.0,796.4741649150849,93.78144320249558,0.0,2310.130763530731,349.97148461937905,0.0,494.3431392908096,164.8147878050804,0.0,0.0,0.0,0.0
0.0,0.0,0.0,54.95083820819855,1791.5011932849884,325.6837972700596,1281.188074105978,0.0,0.0,0.0,1888.413386785984,0.0,0.0,1027.5645272433758,33.76095129847527,5.803528368473052,1318.5210376501084,0.0,0.0,0.0,0.0,3199.187677001953,0.0,0.0,0.0,807.5923130989074,94.94290064573288,0.0,2429.7094975709915,366.8527296900749,0.0,496.64873695373535,173.7595118880272,0.0,0.0,0.0,0.0
0.0,0.0,0.0,58.73376512527466,1799.773502826691,327.4556957483292,1327.423859679699,0.0,0.0,0.0,1990.8530529141424,0.0,0.0,1073.700861185789,33.04536781311035,6.600703954696655,1427.459560918808,0.0,0.0,0.0,0.0,3206.106579589844,0.0,0.0,0.0,783.8870772361755,91.70325546264648,0.0,2470.165673327446,369.3793434858322,0.0,496.4299285411835,175.3009336590767,0.0,0.0,0.0,0.0
0.0,0.0,0.0,59.02815508842468,1737.2807314395905,319.5439890027046,1335.8981008648873,0.0,0.0,0.0,1941.1145801603795,0.0,0.0,0.0,31.016793018579484,6.855859279632568,1450.0497623682022,0.0,0.0,0.0,0.0,3107.274969482422,0.0,0.0,0.0,754.1963140010834,86.12722138166427,0.0,2456.356744682789,361.9542845487595,0.0,480.5309748649597,171.14334565401077,0.0,0.0,0.0,0.0
0.0,0.0,0.0,53.809006333351135,1581.6212141513824,310.546159774065,0.0,0.0,0.0,0.0,1836.199063640833,0.0,0.0,0.0,27.96501315236092,5.987451553344727,1477.2445882558825,0.0,0.0,0.0,0.0,2904.6970306396483,0.0,0.0,0.0,724.899730014801,77.13220080137253,0.0,0.0,0.0,0.0,0.0,158.62011021375656,0.0,0.0,0.0,0.0
0.0,0.0,0.0,44.69817614555359,1371.171283245087,0.0,0.0,0.0,0.0,0.0,1639.6906444847584,0.0,0.0,0.0,24.270102113485336,4.829527705907822,0.0,0.0,0.0,0.0,0.0,2378.237368774414,0.0,0.0,0.0,0.0,67.10374344587326,0.0,0.0,0.0,0.0,0.0,0.0,0.0,0.0,0.0,0.0
0.0,0.0,0.0,0.0,0.0,0.0,0.0,0.0,0.0,0.0,0.0,0.0,0.0,0.0,0.0,0.0,0.0,0.0,0.0,0.0,0.0,0.0,0.0,0.0,0.0,0.0,0.0,0.0,0.0,0.0,0.0,0.0,0.0,0.0,0.0,0.0,0.0
0.0,0.0,0.0,0.0,0.0,0.0,0.0,0.0,0.0,0.0,0.0,0.0,0.0,0.0,0.0,0.0,0.0,0.0,0.0,0.0,0.0,0.0,0.0,0.0,0.0,0.0,0.0,0.0,0.0,0.0,0.0,0.0,0.0,0.0,0.0,0.0,0.0
0.0,0.0,0.0,0.0,0.0,0.0,0.0,0.0,0.0,0.0,0.0,0.0,0.0,0.0,0.0,0.0,0.0,0.0,0.0,0.0,0.0,0.0,0.0,0.0,0.0,0.0,0.0,0.0,0.0,0.0,0.0,0.0,0.0,0.0,0.0,0.0,0.0
0.0,0.0,0.0,0.0,0.0,0.0,0.0,0.0,0.0,0.0,0.0,0.0,0.0,0.0,0.0,0.0,0.0,0.0,0.0,0.0,0.0,0.0,0.0,0.0,0.0,0.0,0.0,0.0,0.0,0.0,0.0,0.0,0.0,0.0,0.0,0.0,0.0
0.0,0.0,0.0,0.0,0.0,0.0,0.0,0.0,0.0,0.0,0.0,0.0,0.0,0.0,0.0,0.0,0.0,0.0,0.0,0.0,0.0,0.0,0.0,0.0,0.0,0.0,0.0,0.0,0.0,0.0,0.0,0.0,0.0,0.0,0.0,0.0,0.0
0.0,0.0,0.0,0.0,0.0,0.0,0.0,0.0,0.0,0.0,0.0,0.0,0.0,0.0,0.0,0.0,0.0,0.0,0.0,0.0,0.0,0.0,0.0,0.0,0.0,0.0,0.0,0.0,0.0,0.0,0.0,0.0,0.0,0.0,0.0,0.0,0.0
0.0,0.0,0.0,0.0,0.0,0.0,0.0,0.0,0.0,0.0,0.0,0.0,0.0,0.0,0.0,0.0,0.0,0.0,0.0,0.0,0.0,0.0,0.0,0.0,0.0,0.0,0.0,0.0,0.0,0.0,0.0,0.0,0.0,0.0,0.0,0.0,0.0
0.0,0.0,0.0,0.0,0.0,0.0,0.0,0.0,0.0,0.0,0.0,0.0,0.0,0.0,0.0,0.0,0.0,0.0,0.0,0.0,0.0,0.0,0.0,0.0,0.0,0.0,0.0,0.0,0.0,0.0,0.0,0.0,0.0,0.0,0.0,0.0,0.0
0.0,0.0,0.0,0.0,0.0,0.0,0.0,0.0,0.0,0.0,0.0,0.0,0.0,0.0,0.0,0.0,0.0,0.0,0.0,0.0,0.0,0.0,0.0,0.0,0.0,0.0,0.0,0.0,0.0,0.0,0.0,0.0,0.0,0.0,0.0,0.0,0.0
0.0,0.0,0.0,0.0463499072939116,0.0,0.5636650603264207,0.0,0.0,0.0,0.0,0.0,0.0,0.0,2.820895384065694,0.0,0.0,0.0,0.0,0.0,0.0,0.0,0.0,0.0,0.0,0.0,0.0,0.0,0.0,0.0,0.0,0.0,0.0,0.0,0.0,0.0,0.0,0.0
0.0,0.0,0.0,0.046668123453851,1.7018307149409475,0.5204713921993872,0.0,0.0,0.0,0.0,2.0729046721942157,0.0,0.0,2.1383740240707128,0.0,0.0054057529196138,0.0,0.0,0.0,0.0,0.0,26.48734912872284,0.0,0.0,0.0,0.7743698313831696,1.167110788263374,0.0,0.0,0.0,0.0,0.524657577276189,0.0,0.0,0.0,0.0,0.0
0.0,0.0,0.0,0.0598739497363548,2.5524622946976345,0.1051211426965803,0.0,0.0,0.0,0.0,1.8510180575771675,0.0,0.0,0.5816991906612056,0.02128316760063,0.0,8.769280302524496,0.0,0.0,0.0,0.0,0.0,0.0,0.0,0.0,0.0,0.1049244008958289,0.0,0.0,0.6248790808021695,0.0,0.585069403052309,0.0,0.0,0.0,0.0,0.0
0.0,0.0,0.0,0.0374891087412804,5.663292713463263,0.0,0.0,0.0,0.0,0.0,1.6703848796896263,0.0,0.0,0.0,0.0,0.0,20.40666052103038,0.0,0.0,0.0,0.0,0.0,0.0,0.0,0.0,0.0,0.0,0.0,0.0,0.766924078762495,0.0,0.680376470088917,0.0,0.0,0.0,0.0,0.0
0.0,0.0,0.0,0.0626418702304301,31.52424743026475,0.492552610579872,0.0,0.0,0.0,0.0,3.405908995307954,0.0,0.0,30.409358707256573,0.0825907409191098,0.1241691727191201,9.597737634181977,0.0,0.0,0.0,0.0,67.87580871581989,0.0,0.0,0.0,0.1713884994387592,0.0,0.0,24.264449392258875,2.678256547451019,0.0,2.704901486635169,1.4120821952819578,0.0,0.0,0.0,0.0
0.0,0.0,0.0,0.6647273432463374,154.14411276578883,8.088035148568418,66.55984793603412,0.0,0.0,0.0,42.22493100725104,0.0,0.0,89.20906921848645,1.523707587271928,0.5008468441665169,59.777504849433726,0.0,0.0,0.0,0.0,367.76809616088855,0.0,0.0,0.0,90.56159225702278,0.8700979510322171,0.0,308.6631079405544,20.02805475890635,0.0,46.86441665887831,8.210879495367406,0.0,0.0,0.0,0.0
0.0,0.0,0.0,3.778312176465984,414.1776407361031,56.84041216224432,273.51529591232537,0.0,0.0,0.0,218.60088475719093,0.0,0.0,194.903422370553,6.017810931801794,1.0647649019956584,250.9476806163788,0.0,0.0,0.0,0.0,916.2732383728026,0.0,0.0,0.0,314.51644091606136,7.9847609192132865,0.0,1102.9471967041493,95.29952647089956,0.0,211.05698639154437,31.74440009891986,0.0,0.0,0.0,0.0
0.0,0.0,0.0,10.413719743490214,847.1988153457642,188.59715452790255,569.1692159950732,0.0,0.0,0.0,593.1139928460121,0.0,0.0,351.2471164390445,15.165550893545149,1.6409619301557534,596.0009559631347,0.0,0.0,0.0,0.0,1699.6498504638669,0.0,0.0,0.0,539.1554371356964,22.69913352429866,0.0,1708.7115431070329,231.80462014079092,0.0,0.0,74.17884886264801,0.0,0.0,0.0,0.0
0.0,0.0,0.0,21.045434474945065,1311.3238246440887,274.29230093955994,933.4063691198826,0.0,0.0,0.0,1173.567732310295,0.0,0.0,518.5864473879337,23.01287425160408,2.50653851032257,992.4875933408736,0.0,0.0,0.0,0.0,2514.3969390869142,0.0,0.0,0.0,723.5880961418152,46.46825105547904,0.0,2140.8905296325684,301.88986054062843,0.0,489.0316350460053,121.93859618902204,0.0,0.0,0.0,0.0
0.0,0.0,0.0,35.6390495300293,1554.0274260044098,295.9185428917408,1179.1914587676524,0.0,0.0,0.0,1604.318505191803,0.0,0.0,597.4635943770409,27.79869564771652,3.859469145536423,1240.4219887018205,0.0,0.0,0.0,0.0,2758.6023681640627,0.0,0.0,0.0,764.8117517471313,59.20803713798523,0.0,2367.9239314675333,342.4381060838699,0.0,524.2719534635544,139.14127495884892,0.0,0.0,0.0,0.0
0.0,0.0,0.0,47.61465895175934,1655.0032300949097,309.08204612135887,1298.073000574112,0.0,0.0,0.0,1891.902849459648,0.0,0.0,659.6501712501048,30.027656078338623,5.066103041172028,1416.3499713897704,0.0,0.0,0.0,0.0,2806.70712890625,0.0,0.0,0.0,757.4561796188354,67.1386810541153,0.0,2500.0426851034163,358.7060555696488,0.0,536.6472951173782,151.23781728744507,0.0,0.0,0.0,0.0
0.0,0.0,0.0,53.05608022212982,1697.80952167511,312.1978185772896,1329.7545751988887,0.0,0.0,0.0,2006.7950015068052,0.0,0.0,720.0556133687496,30.578219175338745,5.857776343822478,1513.1386451244357,0.0,0.0,0.0,0.0,2781.246197509766,0.0,0.0,0.0,723.0766644477844,70.27505279779434,0.0,2553.2305205941207,359.9892081737518,0.0,530.4853157997131,157.85928404331207,0.0,0.0,0.0,0.0
0.0,0.0,0.0,54.6241866350174,1675.734768629074,305.34375789761543,1302.8959959745407,0.0,0.0,0.0,1963.957744729519,0.0,0.0,741.0672311484813,29.82240625619888,6.265891045331954,1527.291917514801,0.0,0.0,0.0,0.0,2732.2263946533203,0.0,0.0,0.0,684.4234107017517,69.18308426141739,0.0,0.0,352.8440275847912,0.0,507.2007349729538,0.0,0.0,0.0,0.0,0.0
0.0,0.0,0.0,50.46203243732453,1549.4752531051636,295.19630643725395,1252.0411197423934,0.0,0.0,0.0,0.0,0.0,0.0,0.0,0.0,0.0,0.0,0.0,0.0,0.0,0.0,2556.3028259277344,0.0,0.0,0.0,646.5871017932892,62.03558945655823,0.0,0.0,357.44464654922484,0.0,462.8339743614197,0.0,0.0,0.0,0.0,0.0
0.0,0.0,0.0,0.0,0.0,0.0,0.0,0.0,0.0,0.0,0.0,0.0,0.0,0.0,0.0,0.0,0.0,0.0,0.0,0.0,0.0,0.0,0.0,0.0,0.0,0.0,52.70405807495117,0.0,0.0,0.0,0.0,405.8657078742981,0.0,0.0,0.0,0.0,0.0
0.0,0.0,0.0,0.0,0.0,0.0,0.0,0.0,0.0,0.0,0.0,0.0,0.0,0.0,0.0,0.0,0.0,0.0,0.0,0.0,0.0,0.0,0.0,0.0,0.0,0.0,0.0,0.0,0.0,0.0,0.0,0.0,0.0,0.0,0.0,0.0,0.0
0.0,0.0,0.0,0.0,0.0,0.0,0.0,0.0,0.0,0.0,0.0,0.0,0.0,0.0,0.0,0.0,0.0,0.0,0.0,0.0,0.0,0.0,0.0,0.0,0.0,0.0,0.0,0.0,0.0,0.0,0.0,0.0,0.0,0.0,0.0,0.0,0.0
0.0,0.0,0.0,0.0,0.0,0.0,0.0,0.0,0.0,0.0,0.0,0.0,0.0,0.0,0.0,0.0,0.0,0.0,0.0,0.0,0.0,0.0,0.0,0.0,0.0,0.0,0.0,0.0,0.0,0.0,0.0,0.0,0.0,0.0,0.0,0.0,0.0
0.0,0.0,0.0,0.0,0.0,0.0,0.0,0.0,0.0,0.0,0.0,0.0,0.0,0.0,0.0,0.0,0.0,0.0,0.0,0.0,0.0,0.0,0.0,0.0,0.0,0.0,0.0,0.0,0.0,0.0,0.0,0.0,0.0,0.0,0.0,0.0,0.0
0.0,0.0,0.0,0.0,0.0,0.0,0.0,0.0,0.0,0.0,0.0,0.0,0.0,0.0,0.0,0.0,0.0,0.0,0.0,0.0,0.0,0.0,0.0,0.0,0.0,0.0,0.0,0.0,0.0,0.0,0.0,0.0,0.0,0.0,0.0,0.0,0.0
0.0,0.0,0.0,0.0,0.0,0.0,0.0,0.0,0.0,0.0,0.0,0.0,0.0,0.0,0.0,0.0,0.0,0.0,0.0,0.0,0.0,0.0,0.0,0.0,0.0,0.0,0.0,0.0,0.0,0.0,0.0,0.0,0.0,0.0,0.0,0.0,0.0
0.0,0.0,0.0,0.0,0.0,0.0,0.0,0.0,0.0,0.0,0.0,0.0,0.0,0.0,0.0,0.0,0.0,0.0,0.0,0.0,0.0,0.0,0.0,0.0,0.0,0.0,0.0,0.0,0.0,0.0,0.0,0.0,0.0,0.0,0.0,0.0,0.0
0.0,0.0,0.0,0.0,0.0,0.0,0.0,0.0,0.0,0.0,0.0,0.0,0.0,1.1682921089231728,0.0,0.0,0.0,0.0,0.0,0.0,0.0,0.0,0.0,0.0,0.0,0.0,0.0,0.0,0.0,0.0,0.0,0.0,0.0,0.0,0.0,0.0,0.0
0.0,0.0,0.0,0.0,0.0,0.0,0.0,0.0,0.0,0.0,0.0,0.0,0.0,0.0,0.0,0.0,0.0,0.0,0.0,0.0,0.0,0.0,0.0,0.0,0.0,0.0,0.0,0.0,0.0,0.0,0.0,0.0,0.0,0.0,0.0,0.0,0.0
0.0,0.0,0.0,0.0,0.0,0.0,0.0,0.0,0.0,0.0,0.0,0.0,0.0,4.206070671789246,0.0,0.0,0.0,0.0,0.0,0.0,0.0,0.0,0.0,0.0,0.0,0.0,0.0,0.0,0.0,0.0,0.0,0.0,0.0,0.0,0.0,0.0,0.0
0.0,0.0,0.0,0.0,0.0,0.0,1.9568259380757007,0.0,0.0,0.0,0.0,0.0,0.0,1.6050089290365228,0.0,0.0,0.0,0.0,0.0,0.0,0.0,0.0,0.0,0.0,0.0,0.0,0.0,0.0,0.0,0.599661912769052,0.0,0.0,0.0,0.0,0.0,0.0,0.0
0.0,0.0,0.0,0.0,2.610142085701057,0.0,0.0,0.0,0.0,0.0,1.7500246943903903,0.0,0.0,0.0,0.0197394423186776,0.0,0.0,0.0,0.0,0.0,0.0,13.205615711212012,0.0,0.0,0.0,0.0,0.2166686665266676,0.0,0.0,0.5093252889811793,0.0,0.5170416235923218,0.0,0.0,0.0,0.0,0.0
0.0,0.0,0.0,0.0403358470648486,5.732737455516852,0.0,0.0,0.0,0.0,0.0,1.6523221976121611,0.0,0.0,0.0,0.0,0.0,0.0,0.0,0.0,0.0,0.0,135.75715990066513,0.0,0.0,0.0,0.0,0.0,0.0,0.0,0.6587802097201046,0.0,0.7606444954872023,0.0,0.0,0.0,0.0,0.0
0.0,0.0,0.0,0.1158956419676486,27.80939614772777,0.699837057851249,0.0,0.0,0.0,0.0,4.38881111568756,0.0,0.0,31.326554222032325,0.0643421977758389,0.0,21.972933936118977,0.0,0.0,0.0,0.0,718.1933738708495,0.0,0.0,0.0,0.0,0.0,0.0,9.90496768951408,4.114076991379243,0.0,1.8681064248084571,0.0,0.0,0.0,0.0,0.0
0.0,0.0,0.0,1.0429842695593805,143.5619945228098,7.878402478061607,56.82772007472801,0.0,0.0,0.0,44.25012129507947,0.0,0.0,140.72408778592933,1.5868376612663255,0.0,102.5272024154662,0.0,0.0,0.0,0.0,1903.275375366211,0.0,0.0,0.0,16.068213115632496,0.0,0.0,159.55007595419863,29.356503196060636,0.0,4.872079864144311,0.0,0.0,0.0,0.0,0.0
0.0,0.0,0.0,4.577461451292038,374.8972241878509,46.961424119770506,275.4905381023883,0.0,0.0,0.0,187.45187003836037,0.0,0.0,383.27296726405615,6.3153390705585455,0.0,335.9949726462364,0.0,0.0,0.0,0.0,2788.076284790039,0.0,0.0,0.0,77.13517114520069,0.2003084905445562,0.0,591.6366196751593,132.13608604669568,0.0,29.051376022398443,0.0,0.0,0.0,0.0,0.0
0.0,0.0,0.0,11.63076958060264,764.0808274745941,133.10160769522187,620.4160354018211,0.0,0.0,0.0,447.6054675355553,0.0,0.0,700.9719876945018,14.323752763867375,0.0,710.0188211202621,0.0,0.0,0.0,0.0,3510.0040435791016,0.0,0.0,0.0,223.21297661066052,5.428013110160828,0.0,1088.439566963911,253.6093576490879,0.0,99.43007883429529,0.0,0.0,0.0,0.0,0.0
0.0,0.0,0.0,23.428246319293976,1191.5452876091003,213.24238903820515,1009.489221292734,0.0,0.0,0.0,926.6579374253748,0.0,0.0,1024.5133905112743,22.654004019498824,5.111191779375076,1079.492282819748,0.0,0.0,0.0,0.0,4058.568124389648,0.0,0.0,0.0,473.8823790550232,16.143959656357758,0.0,1636.5049946784973,312.681472915411,0.0,259.8652922511101,0.0,0.0,0.0,0.0,0.0
0.0,0.0,0.0,38.25606846809387,1442.7136628627777,237.1289266347885,1240.8948107242584,0.0,0.0,0.0,1286.8258176743984,0.0,0.0,1157.6683042943478,26.61054550409317,6.87615829706192,1300.3817566156388,0.0,0.0,0.0,0.0,4269.800259399413,0.0,0.0,0.0,551.6268874168396,34.48541234135628,0.0,1937.173606467247,337.8901825070381,0.0,357.3186588287353,202.25443851947784,0.0,0.0,0.0,0.0
0.0,0.0,0.0,48.964362025260925,1599.9485878944397,253.2878828048706,1374.9118143916132,0.0,0.0,0.0,1542.6388280689716,0.0,0.0,1214.26046282053,28.588415604829787,8.099304854869843,1456.8640966415403,0.0,0.0,0.0,0.0,4313.050326538086,0.0,0.0,0.0,588.6074903488159,49.68594975471497,0.0,2106.3222615122795,346.92075204849243,0.0,403.1605641841888,209.83989202976227,0.0,0.0,0.0,0.0
0.0,0.0,0.0,54.544548869133,1693.5905668735504,257.97478169202805,1443.973235332966,0.0,0.0,0.0,1646.8721837937833,0.0,0.0,1213.955185264349,28.98584366440773,8.78455263376236,1540.3245233297348,0.0,0.0,0.0,0.0,4201.732153320313,0.0,0.0,0.0,593.2761618614197,0.0,0.0,0.0,346.9978621065617,0.0,416.9865072965622,209.2590165734291,0.0,0.0,0.0,0.0
0.0,0.0,0.0,57.26880717277527,1705.648597240448,254.33315360546112,0.0,0.0,0.0,0.0,1635.6645396113397,0.0,0.0,0.0,28.364753007888797,0.0,1548.0661071538923,0.0,0.0,0.0,0.0,3998.12048034668,0.0,0.0,0.0,0.0,0.0,0.0,0.0,342.3268576622009,0.0,417.01797580718994,0.0,0.0,0.0,0.0,0.0
0.0,0.0,0.0,0.0,0.0,0.0,0.0,0.0,0.0,0.0,0.0,0.0,0.0,0.0,0.0,0.0,0.0,0.0,0.0,0.0,0.0,0.0,0.0,0.0,0.0,0.0,0.0,0.0,0.0,349.8593224048615,0.0,0.0,0.0,0.0,0.0,0.0,0.0
0.0,0.0,0.0,0.0,0.0,0.0,0.0,0.0,0.0,0.0,0.0,0.0,0.0,957.1101455390452,0.0,0.0,0.0,0.0,0.0,0.0,0.0,0.0,0.0,0.0,0.0,0.0,0.0,0.0,0.0,0.0,0.0,0.0,0.0,0.0,0.0,0.0,0.0
0.0,0.0,0.0,0.0,0.0,0.0,0.0,0.0,0.0,0.0,0.0,0.0,0.0,0.0,0.0,0.0,0.0,0.0,0.0,0.0,0.0,0.0,0.0,0.0,0.0,0.0,0.0,0.0,0.0,0.0,0.0,0.0,0.0,0.0,0.0,0.0,0.0
0.0,0.0,0.0,0.0,0.0,0.0,0.0,0.0,0.0,0.0,0.0,0.0,0.0,0.0,0.0,0.0,0.0,0.0,0.0,0.0,0.0,0.0,0.0,0.0,0.0,0.0,0.0,0.0,0.0,0.0,0.0,0.0,0.0,0.0,0.0,0.0,0.0
0.0,0.0,0.0,0.0,0.0,0.0,0.0,0.0,0.0,0.0,0.0,0.0,0.0,0.0,0.0,0.0,0.0,0.0,0.0,0.0,0.0,0.0,0.0,0.0,0.0,0.0,0.0,0.0,0.0,0.0,0.0,0.0,0.0,0.0,0.0,0.0,0.0
0.0,0.0,0.0,0.0,0.0,0.0,0.0,0.0,0.0,0.0,0.0,0.0,0.0,0.0,0.0,0.0,0.0,0.0,0.0,0.0,0.0,0.0,0.0,0.0,0.0,0.0,0.0,0.0,0.0,0.0,0.0,0.0,0.0,0.0,0.0,0.0,0.0
0.0,0.0,0.0,0.0,0.0,0.0,0.0,0.0,0.0,0.0,0.0,0.0,0.0,0.0,0.0,0.0,0.0,0.0,0.0,0.0,0.0,0.0,0.0,0.0,0.0,0.0,0.0,0.0,0.0,0.0,0.0,0.0,0.0,0.0,0.0,0.0,0.0
0.0,0.0,0.0,0.0,0.0,0.0,0.0,0.0,0.0,0.0,0.0,0.0,0.0,0.0,0.0,0.0,0.0,0.0,0.0,0.0,0.0,0.0,0.0,0.0,0.0,0.0,0.0,0.0,0.0,0.0,0.0,0.0,0.0,0.0,0.0,0.0,0.0
0.0,0.0,0.0,0.0,0.0,0.0,0.0,0.0,0.0,0.0,0.0,0.0,0.0,0.0,0.0,0.0,0.0,0.0,0.0,0.0,0.0,0.0,0.0,0.0,0.0,0.0,0.0,0.0,0.0,0.0,0.0,0.0,0.0,0.0,0.0,0.0,0.0
0.0,0.0,0.0,0.0,0.0,0.0,0.0,0.0,0.0,0.0,0.0,0.0,0.0,0.0,0.0,0.0,0.0,0.0,0.0,0.0,0.0,0.0,0.0,0.0,0.0,0.0,0.0,0.0,0.0,0.0,0.0,0.0,0.0,0.0,0.0,0.0,0.0
0.0,0.0,0.0,0.0,0.0,0.0,0.0,0.0,0.0,0.0,0.0,0.0,0.0,0.0,0.0,0.0,0.0,0.0,0.0,0.0,0.0,0.0,0.0,0.0,0.0,0.0,0.0,0.0,0.0,0.0,0.0,0.0,0.0,0.0,0.0,0.0,0.0
0.0,0.0,0.0,0.0,0.0,0.0,0.0,0.0,0.0,0.0,0.0,0.0,0.0,2.0962538244202102,0.0,0.0,0.0,0.0,0.0,0.0,0.0,0.0,0.0,0.0,0.0,0.0,0.0,0.0,0.0,0.0,0.0,0.0,0.0,0.0,0.0,0.0,0.0
0.0,0.0,0.0,0.0,0.0,0.0,0.0,0.0,0.0,0.0,1.994196174805768,0.0,0.0,1.8307662568985628,0.0,0.0,0.0,0.0,0.0,0.0,0.0,0.0,0.0,0.0,0.0,0.0,0.0,0.0,0.0,0.0,0.0,0.0,0.0,0.0,0.0,0.0,0.0
0.0,0.0,0.0,0.0400412473827552,0.0,0.0,0.0,0.0,0.0,0.0,1.8118275045882053,0.0,0.0,0.6662753224372732,0.0367240816354744,0.0,9.35100222825996,0.0,0.0,0.0,0.0,0.0,0.0,0.0,0.0,0.0,0.0,0.0,0.0,0.4987112335860341,0.0,0.3257816135882938,0.0,0.0,0.0,0.0,0.0
0.0,0.0,0.0,0.0306446608155964,4.3582068905232845,0.0,0.0,0.0,0.0,0.0,1.5915926802901388,0.0,0.0,0.0,0.0677874013781538,0.0,29.43297219276418,0.0,0.0,0.0,0.0,52.11206769943217,0.0,0.0,0.0,0.0,0.0,0.0,0.0,0.5934615939855254,0.0,0.402533203363403,0.0,0.0,0.0,0.0,0.0
0.0,0.0,0.0,0.0,55.93362002074707,0.3830327596515367,0.0,0.0,0.0,0.0,4.2123693954665,0.0,0.0,36.818915586918585,0.4366213694214793,0.0,16.988155567645865,0.0,0.0,0.0,0.0,408.8721328735351,0.0,0.0,0.0,0.0,0.0,0.0,0.0,1.412170196324554,0.0,3.0154377371072245,1.4242582628503435,0.0,0.0,0.0,0.0
0.0,0.0,0.0,1.4103095382451998,225.47988644242275,7.143688462674591,71.90127499625083,0.0,0.0,0.0,41.39308982640484,0.0,0.0,146.99294146150348,3.031812644004819,0.0,90.44495078325257,0.0,0.0,0.0,0.0,1220.422413635254,0.0,0.0,0.0,64.78512532711021,1.433376982808109,0.0,279.7166307762265,12.983965432643885,0.0,54.62290260195731,10.68811669200656,0.0,0.0,0.0,0.0
0.0,0.0,0.0,5.29109066724777,566.0778915882111,52.164401512593,356.3372270077467,0.0,0.0,0.0,202.38044368103127,0.0,0.0,373.664963915944,9.354069319367408,1.7496760040521615,310.65299115180954,0.0,0.0,0.0,0.0,2221.036175537109,0.0,0.0,0.0,288.80092856884005,7.675760777294629,0.0,1070.6565402150152,69.19877932965754,0.0,230.8914415240288,42.96194937825201,0.0,0.0,0.0,0.0
0.0,0.0,0.0,13.3651821911335,1120.5085368156433,180.27705071866512,790.6130297362804,0.0,0.0,0.0,543.7035133093594,0.0,0.0,659.1648500412703,20.053712671995164,0.0,710.6744533538817,0.0,0.0,0.0,0.0,2930.401321411133,0.0,0.0,0.0,554.6030430316926,21.7136137753725,0.0,1744.29738894701,213.54204831123351,0.0,408.2324125766754,97.81435525417328,0.0,0.0,0.0,0.0
0.0,0.0,0.0,26.31879788637161,1522.3565719127655,275.3992617726326,1168.499742180109,0.0,0.0,0.0,1117.9263987869022,0.0,0.0,949.1457062959672,27.54610526561737,3.8096444606781,1124.1417081832883,0.0,0.0,0.0,0.0,3391.610794067383,0.0,0.0,0.0,701.7393034934997,45.91336410641669,0.0,2280.169398677349,291.4350628376007,0.0,505.57104647159576,155.70864248275757,0.0,0.0,0.0,0.0
0.0,0.0,0.0,40.53856074810028,1763.3401019573212,296.8642526865005,1383.0136052966118,0.0,0.0,0.0,1560.6321413099763,0.0,0.0,1083.655750155449,31.56539579629898,5.225604176521301,1387.4800903320313,0.0,0.0,0.0,0.0,3626.75869140625,0.0,0.0,0.0,759.6642724990845,60.68023384809494,0.0,2553.5137395858765,326.7833818912506,0.0,540.4264945983887,176.22075355052948,0.0,0.0,0.0,0.0
0.0,0.0,0.0,52.54095506668091,1900.17103099823,309.1044014394284,1491.4544808626174,0.0,0.0,0.0,1861.8811291873456,0.0,0.0,1148.420388251543,33.16261666417122,6.6158493757247925,1575.9762573480607,0.0,0.0,0.0,0.0,3704.88112487793,0.0,0.0,0.0,792.6486020088196,69.81044523715973,0.0,2635.4,344.1476719200611,0.0,551.5738466978073,186.09179419279096,0.0,0.0,0.0,0.0
0.0,0.0,0.0,59.515164971351616,1917.931606054306,311.5335196554661,1503.5889436304572,0.0,0.0,0.0,1981.9307152032848,0.0,0.0,1187.4671448767183,33.13919116258622,7.481539666652679,1673.1567905426025,0.0,0.0,0.0,0.0,3655.40094909668,0.0,0.0,0.0,782.0391937732696,73.22849522829056,0.0,2635.4,352.8989957392216,0.0,542.8547728061677,189.7199386954308,0.0,0.0,0.0,0.0
0.0,0.0,0.0,62.0,1885.1894595623016,304.7602574825287,0.0,0.0,0.0,0.0,1952.6397071301935,0.0,0.0,0.0,31.546052026748654,0.0,1674.8323359966278,0.0,0.0,0.0,0.0,3540.6708557128904,0.0,0.0,0.0,0.0,72.24096491336823,0.0,0.0,352.2039274096489,0.0,519.8163065910339,0.0,0.0,0.0,0.0,0.0
0.0,0.0,0.0,0.0,0.0,0.0,0.0,0.0,0.0,0.0,1862.687245243788,0.0,0.0,0.0,0.0,0.0,1667.9610062122345,0.0,0.0,0.0,0.0,0.0,0.0,0.0,0.0,0.0,0.0,0.0,0.0,0.0,0.0,476.800395488739,0.0,0.0,0.0,0.0,0.0
0.0,0.0,0.0,0.0,0.0,0.0,0.0,0.0,0.0,0.0,0.0,0.0,0.0,0.0,0.0,0.0,0.0,0.0,0.0,0.0,0.0,0.0,0.0,0.0,0.0,0.0,0.0,0.0,0.0,0.0,0.0,421.3246406316757,0.0,0.0,0.0,0.0,0.0
0.0,0.0,0.0,0.0,0.0,0.0,0.0,0.0,0.0,0.0,0.0,0.0,0.0,0.0,0.0,0.0,0.0,0.0,0.0,0.0,0.0,0.0,0.0,0.0,0.0,0.0,0.0,0.0,0.0,0.0,0.0,0.0,0.0,0.0,0.0,0.0,0.0
0.0,0.0,0.0,0.0,0.0,0.0,0.0,0.0,0.0,0.0,0.0,0.0,0.0,0.0,0.0,0.0,1289.957584071159,0.0,0.0,0.0,0.0,0.0,0.0,0.0,0.0,0.0,0.0,0.0,0.0,0.0,0.0,0.0,0.0,0.0,0.0,0.0,0.0
0.0,0.0,0.0,0.0,0.0,0.0,0.0,0.0,0.0,0.0,0.0,0.0,0.0,0.0,0.0,0.0,0.0,0.0,0.0,0.0,0.0,0.0,0.0,0.0,0.0,0.0,0.0,0.0,0.0,0.0,0.0,0.0,0.0,0.0,0.0,0.0,0.0
0.0,0.0,0.0,0.0,0.0,0.0,0.0,0.0,0.0,0.0,0.0,0.0,0.0,0.0,0.0,0.0,0.0,0.0,0.0,0.0,0.0,0.0,0.0,0.0,0.0,0.0,0.0,0.0,0.0,0.0,0.0,0.0,0.0,0.0,0.0,0.0,0.0
0.0,0.0,0.0,0.0,0.0,0.0,0.0,0.0,0.0,0.0,0.0,0.0,0.0,0.0,0.0,0.0,0.0,0.0,0.0,0.0,0.0,0.0,0.0,0.0,0.0,0.0,0.0,0.0,0.0,0.0,0.0,0.0,0.0,0.0,0.0,0.0,0.0
0.0,0.0,0.0,0.0,0.0,0.0,0.0,0.0,0.0,0.0,0.0,0.0,0.0,0.0,0.0,0.0,0.0,0.0,0.0,0.0,0.0,0.0,0.0,0.0,0.0,0.0,0.0,0.0,0.0,0.0,0.0,0.0,0.0,0.0,0.0,0.0,0.0
0.0,0.0,0.0,0.0,0.0,0.0,0.0,0.0,0.0,0.0,0.0,0.0,0.0,0.0,0.0,0.0,0.0,0.0,0.0,0.0,0.0,0.0,0.0,0.0,0.0,0.0,0.0,0.0,0.0,0.0,0.0,0.0,0.0,0.0,0.0,0.0,0.0
0.0,0.0,0.0,0.0,0.0,0.0,0.0,0.0,0.0,0.0,0.0,0.0,0.0,0.0,0.0,0.0,0.0,0.0,0.0,0.0,0.0,0.0,0.0,0.0,0.0,0.0,0.0,0.0,0.0,0.0,0.0,0.0,0.0,0.0,0.0,0.0,0.0
0.0,0.0,0.0,0.0,0.0,0.0,0.0,0.0,0.0,0.0,0.0,0.0,0.0,0.0,0.0,0.0,0.0,0.0,0.0,0.0,0.0,0.0,0.0,0.0,0.0,0.0,0.0,0.0,0.0,0.0,0.0,0.0,0.0,0.0,0.0,0.0,0.0
0.0,0.0,0.0,0.073052117601034,0.0,0.0,0.0,0.0,0.0,0.0,0.0,0.0,0.0,4.487215322442239,0.0,0.0,0.0,0.0,0.0,0.0,0.0,0.0,0.0,0.0,0.0,0.0,0.0,0.0,0.0,0.0,0.0,0.0,0.0,0.0,0.0,0.0,0.0
0.0,0.0,0.0,0.0,0.0,0.0,0.0,0.0,0.0,0.0,0.0,0.0,0.0,1.7566205933688654,0.0,0.0279296487569801,1.8944572448729695,0.0,0.0,0.0,0.0,15.387235069274844,0.0,0.0,0.0,0.0,0.0,0.0,0.0,0.5311889544129029,0.0,0.0,0.1176800653338219,0.0,0.0,0.0,0.0
0.0,0.0,0.0,0.0447662752121648,2.2445575632154644,0.1069254530593411,0.0,0.0,0.0,0.0,1.809392729634409,0.0,0.0,0.4580557486041777,0.0,0.0063968114554877,7.660503113269701,0.0,0.0,0.0,0.0,0.0,0.0,0.0,0.0,0.0,0.0,0.0,0.0,0.5188176050781886,0.0,0.4931486994027622,0.0,0.0,0.0,0.0,0.0
0.0,0.0,0.0,0.0347440540790539,4.620147515088139,0.0,0.0,0.0,0.0,0.0,1.6321425963192475,0.0,0.0,0.0,0.0,0.0539405737072228,16.408517348766214,0.0,0.0,0.0,0.0,69.01982355117757,0.0,0.0,0.0,0.0,0.0,0.0,0.0,0.6110140316188155,0.0,0.0,0.0,0.0,0.0,0.0,0.0
0.0,0.0,0.0,0.0781933497637472,42.11408679187289,0.4013698589987919,0.0,0.0,0.0,0.0,0.0,0.0,0.0,39.2249281425028,0.0,0.3323654402047394,6.698014402389328,0.0,0.0,0.0,0.0,471.96356010437006,0.0,0.0,0.0,0.0,0.0,0.0,22.189669997990027,2.481884807348231,0.0,0.0,1.534408273175341,0.0,0.0,0.0,0.0
0.0,0.0,0.0,1.1153925061225851,190.5140577852725,6.177243029233044,65.26979798413811,0.0,0.0,0.0,0.0,0.0,0.0,124.22201722860336,3.43617844507098,0.966259807348251,39.69222546815865,0.0,0.0,0.0,0.0,1496.6604278564453,0.0,0.0,0.0,61.2124586641788,0.0,0.0,283.3316196084021,20.75022202543913,0.0,0.0,10.951159700751298,0.0,0.0,0.0,0.0
0.0,0.0,0.0,5.013314694166183,513.0795342326163,48.51132297888395,360.7509396240114,0.0,0.0,0.0,224.71586973220096,0.0,0.0,276.4690922573208,10.376253435015675,1.655853003263473,207.25522826910017,0.0,0.0,0.0,0.0,2506.060250854492,0.0,0.0,0.0,281.53827550411216,0.0,0.0,1116.5475203454494,99.64530266821384,0.0,0.0,43.57396343350409,0.0,0.0,0.0,0.0
0.0,0.0,0.0,12.874831587076187,1057.5593247413635,178.5039546340704,825.087074816227,0.0,0.0,0.0,597.593198955059,0.0,0.0,482.2004673629999,21.04130771756172,2.6270614564418784,520.7298649311066,0.0,0.0,0.0,0.0,3220.5207336425783,0.0,0.0,0.0,552.9058434963226,2.5843259628862056,0.0,1825.9893388271328,238.5909144461155,0.0,398.9751087427139,94.936226606369,0.0,0.0,0.0,0.0
0.0,0.0,0.0,25.61084771156311,1503.4301118850708,264.9963475763798,1225.8646104931831,0.0,0.0,0.0,1185.7773255884647,0.0,0.0,706.7369809001684,28.02717849612236,3.7265600562095633,895.4755339741706,0.0,0.0,0.0,0.0,3727.786511230469,0.0,0.0,0.0,714.8430986881256,7.558156567811963,0.0,2273.0468258857727,309.9107827067375,0.0,480.3172616958618,148.06304240226746,0.0,0.0,0.0,0.0
0.0,0.0,0.0,40.62379348278046,1751.8793921470642,287.5968821942806,1442.0299297571182,0.0,0.0,0.0,1603.8230910003183,0.0,0.0,815.1478877663612,31.93019719719887,5.227074086666107,1131.912954187393,0.0,0.0,0.0,0.0,3936.733349609375,0.0,0.0,0.0,752.7615058422089,14.2837573647499,0.0,2519.559976565838,354.4438914179801,0.0,505.95537853240967,163.6832498908043,0.0,0.0,0.0,0.0
0.0,0.0,0.0,52.910263657569885,1886.1937804222107,300.1612895131111,1521.1,0.0,0.0,0.0,1864.868261128664,0.0,0.0,906.434890627861,33.283744311332704,6.502495050430298,1301.9892751693726,0.0,0.0,0.0,0.0,3976.893893432617,0.0,0.0,0.0,758.4221933364868,25.67268015146255,0.0,2635.4,371.756985616684,0.0,515.6872576475143,173.2049898505211,0.0,0.0,0.0,0.0
0.0,0.0,0.0,59.407888650894165,1930.480382680893,302.6606140732765,1521.1,0.0,0.0,0.0,1947.630639743805,0.0,0.0,939.4416493177414,32.97126690745354,7.381644666194916,1397.682531952858,0.0,0.0,0.0,0.0,3883.624240112305,0.0,0.0,0.0,757.9619048118591,38.28629224300384,0.0,2635.4,373.3955333471298,0.0,508.1626595258713,175.5068011879921,0.0,0.0,0.0,0.0
0.0,0.0,0.0,60.64504933357239,1891.924072265625,295.57602748274803,1521.1,0.0,0.0,0.0,1883.287009441853,0.0,0.0,955.0788161158562,31.00013135075569,7.698249518871307,1406.6576702356338,0.0,0.0,0.0,0.0,3697.464096069336,0.0,0.0,0.0,0.0,0.0,0.0,2635.4,364.4628333628178,0.0,486.6605886220932,171.68784326314926,0.0,0.0,0.0,0.0
0.0,0.0,0.0,55.65707921981812,0.0,0.0,0.0,0.0,0.0,0.0,0.0,0.0,0.0,0.0,28.00176338553429,6.830103695392609,1424.8544370651246,0.0,0.0,0.0,0.0,3394.940417480469,0.0,0.0,0.0,0.0,0.0,0.0,0.0,0.0,0.0,0.0,160.36923325061798,0.0,0.0,0.0,0.0
0.0,0.0,0.0,47.73372387886048,0.0,0.0,0.0,0.0,0.0,0.0,1556.5159857869148,0.0,0.0,0.0,24.311689335107804,0.0,1364.0412073373795,0.0,0.0,0.0,0.0,2997.1005310058595,0.0,0.0,0.0,0.0,0.0,0.0,0.0,0.0,0.0,384.0939837694168,0.0,0.0,0.0,0.0,0.0
0.0,0.0,0.0,0.0,0.0,0.0,0.0,0.0,0.0,0.0,0.0,0.0,0.0,0.0,0.0,0.0,1254.7575241565703,0.0,0.0,0.0,0.0,0.0,0.0,0.0,0.0,0.0,0.0,0.0,0.0,0.0,0.0,0.0,0.0,0.0,0.0,0.0,0.0
0.0,0.0,0.0,0.0,0.0,0.0,0.0,0.0,0.0,0.0,0.0,0.0,0.0,0.0,0.0,0.0,0.0,0.0,0.0,0.0,0.0,0.0,0.0,0.0,0.0,0.0,0.0,0.0,0.0,0.0,0.0,0.0,0.0,0.0,0.0,0.0,0.0
0.0,0.0,0.0,0.0,0.0,0.0,0.0,0.0,0.0,0.0,0.0,0.0,0.0,0.0,0.0,0.0,0.0,0.0,0.0,0.0,0.0,0.0,0.0,0.0,0.0,0.0,0.0,0.0,0.0,0.0,0.0,0.0,0.0,0.0,0.0,0.0,0.0
0.0,0.0,0.0,0.0,0.0,0.0,0.0,0.0,0.0,0.0,0.0,0.0,0.0,0.0,0.0,0.0,0.0,0.0,0.0,0.0,0.0,0.0,0.0,0.0,0.0,0.0,0.0,0.0,0.0,0.0,0.0,0.0,0.0,0.0,0.0,0.0,0.0
0.0,0.0,0.0,0.0,0.0,0.0,0.0,0.0,0.0,0.0,0.0,0.0,0.0,0.0,0.0,0.0,0.0,0.0,0.0,0.0,0.0,0.0,0.0,0.0,0.0,0.0,0.0,0.0,0.0,0.0,0.0,0.0,0.0,0.0,0.0,0.0,0.0
0.0,0.0,0.0,0.0,0.0,0.0,0.0,0.0,0.0,0.0,0.0,0.0,0.0,0.0,0.0,0.0,0.0,0.0,0.0,0.0,0.0,0.0,0.0,0.0,0.0,0.0,0.0,0.0,0.0,0.0,0.0,0.0,0.0,0.0,0.0,0.0,0.0
0.0,0.0,0.0,0.0,0.0,0.0,0.0,0.0,0.0,0.0,0.0,0.0,0.0,0.0,0.0,0.0,0.0,0.0,0.0,0.0,0.0,0.0,0.0,0.0,0.0,0.0,0.0,0.0,0.0,0.0,0.0,0.0,0.0,0.0,0.0,0.0,0.0
0.0,0.0,0.0,0.0,0.0,0.0,0.0,0.0,0.0,0.0,0.0,0.0,0.0,0.1247872086241841,0.0,0.0,0.0,0.0,0.0,0.0,0.0,0.0,0.0,0.0,0.0,0.0,0.0,0.0,0.0,0.0,0.0,0.0,0.0,0.0,0.0,0.0,0.0
0.0,0.0,0.0,0.0,0.0,0.0,0.0,0.0,0.0,0.0,0.0,0.0,0.0,0.454607377760003,0.0,0.0,0.0,0.0,0.0,0.0,0.0,0.0,0.0,0.0,0.0,0.0,0.0,0.0,0.0,0.0,0.0,0.0,0.4177228091284348,0.0,0.0,0.0,0.0
0.0,0.0,0.0,0.0,0.0,0.0,0.0,0.0,0.0,0.0,0.0,0.0,0.0,4.772804160602267,0.0,0.024960081093012,0.0,0.0,0.0,0.0,0.0,0.0,0.0,0.0,0.0,0.0,0.0,0.0,0.0,0.0,0.0,0.0,0.5291305119171568,0.0,0.0,0.0,0.0
0.0,0.0,0.0,0.0,0.0,0.0,0.0,0.0,0.0,0.0,0.0,0.0,0.0,2.509364099241672,0.0,0.0099026551470158,0.0,0.0,0.0,0.0,0.0,1.8972643852231836,0.0,0.0,0.0,0.0,0.0,0.0,0.0,0.0,0.0,0.0,0.0432685501873409,0.0,0.0,0.0,0.0
0.0,0.0,0.0,0.0,0.0,0.0378219047561287,0.0,0.0,0.0,0.0,1.9139725650660355,0.0,0.0,1.0017858725040825,0.0,0.0,6.045936727523768,0.0,0.0,0.0,0.0,10.18103179931627,0.0,0.0,0.0,0.0,0.0,0.0,0.0,0.6387822046875636,0.0,0.0,0.0,0.0,0.0,0.0,0.0
0.0,0.0,0.0,0.0323337297886576,0.0,0.0,0.0,0.0,0.0,0.0,1.6079007986932317,0.0,0.0,0.0,0.0,0.0232239700853823,11.25783914327603,0.0,0.0,0.0,0.0,153.05992488861062,0.0,0.0,0.0,0.0,0.0,0.0,0.0,0.6574329510330793,0.0,0.0,0.0,0.0,0.0,0.0,0.0
0.0,0.0,0.0,0.1022352706640922,0.0,0.664427415002101,0.0,0.0,0.0,0.0,2.245421933568798,0.0,0.0,28.696571118198204,0.0,0.3070195391774173,3.147990775108219,0.0,0.0,0.0,0.0,740.5761215209961,0.0,0.0,0.0,0.1015709232538652,2.2114504758268576,0.0,9.01662925183772,3.431696324050405,0.0,0.0,1.7084599211811882,0.0,0.0,0.0,0.0
0.0,0.0,0.0,1.066965676844117,254.301155090332,8.853145909495616,0.0,0.0,0.0,0.0,20.85295324577009,0.0,0.0,118.159223627299,3.279699148982763,0.967108279466628,21.195037138461995,0.0,0.0,0.0,0.0,1945.943389892578,0.0,0.0,0.0,80.77926328182217,8.135018534958359,0.0,133.72741159051657,26.76962300464511,0.0,45.821968421339946,12.25473706424236,0.0,0.0,0.0,0.0
0.0,0.0,0.0,4.527222678065296,630.4167315959929,62.088529333472216,381.26954560577866,0.0,0.0,0.0,135.84670258201655,0.0,0.0,304.6242549270391,9.732664087414742,0.0,171.58633431196213,0.0,0.0,0.0,0.0,2834.353405761719,0.0,0.0,0.0,341.5341121912002,22.89015339016914,0.0,696.1075133442879,120.4763470351696,0.0,200.27787327766416,49.913715809583664,0.0,0.0,0.0,0.0
0.0,0.0,0.0,11.57178220152855,1183.709112882614,187.5049109458923,829.8359972178936,0.0,0.0,0.0,432.7824389502405,0.0,0.0,562.3436103016138,19.466531145572663,3.3046547770500183,464.3662073373793,0.0,0.0,0.0,0.0,3490.505416870117,0.0,0.0,0.0,620.5537211894989,48.86238738894462,0.0,1379.43545691967,248.57222687006,0.0,377.8494040966034,105.11275908350945,0.0,0.0,0.0,0.0
0.0,0.0,0.0,23.32657605409622,1527.365437746048,270.14916855096817,1170.1648886859416,0.0,0.0,0.0,948.599103695154,0.0,0.0,853.9156791567802,26.36075229048729,0.0,829.4535886764527,0.0,0.0,0.0,0.0,3813.077182006836,0.0,0.0,0.0,764.7564632892609,68.41380717754365,0.0,1906.6167434453964,312.1800115168095,0.0,454.2978986501694,155.8065989613533,0.0,0.0,0.0,0.0
0.0,0.0,0.0,36.60785126686096,1714.954740524292,290.93985387682915,1345.9829991161823,0.0,0.0,0.0,1338.173810172081,0.0,0.0,1006.9407658278942,29.75169668197632,0.0,1080.4407371520997,0.0,0.0,0.0,0.0,3875.0561431884767,0.0,0.0,0.0,799.2669049739837,80.10389928817749,0.0,2161.178151619434,340.7765495181084,0.0,475.9726696014404,171.07041531801224,0.0,0.0,0.0,0.0
0.0,0.0,0.0,48.01821732521057,1831.840636730194,303.01459988951683,1453.642889600992,0.0,0.0,0.0,1615.8142029583455,0.0,0.0,1082.3006200790403,31.01002081632614,7.741318583488464,1259.9398256778718,0.0,0.0,0.0,0.0,3838.226037597656,0.0,0.0,0.0,811.1866550445557,86.00376619100571,0.0,2343.294717848301,349.7215505599976,0.0,492.34422504901886,179.6523563861847,0.0,0.0,0.0,0.0
0.0,0.0,0.0,56.7775400876999,1893.767744541168,306.2405255138874,1513.7139156460762,0.0,0.0,0.0,1715.7197027623654,0.0,0.0,1090.142693370581,31.426598078012468,8.461386263370514,1361.9540684938431,0.0,0.0,0.0,0.0,3764.885778808594,0.0,0.0,0.0,804.5203851699829,86.8143081665039,0.0,2433.1249332547186,351.4874669551849,0.0,489.4956969022751,181.54985493421557,0.0,0.0,0.0,0.0
0.0,0.0,0.0,60.105807423591614,0.0,300.13797610998154,0.0,0.0,0.0,0.0,1686.949740767479,0.0,0.0,1056.044565141201,30.29643321633339,8.623855113983154,1373.96908993721,0.0,0.0,0.0,0.0,3587.228546142578,0.0,0.0,0.0,0.0,0.0,0.0,0.0,349.78896035552026,0.0,477.525750041008,178.11187767982483,0.0,0.0,0.0,0.0
0.0,0.0,0.0,0.0,0.0,0.0,0.0,0.0,0.0,0.0,1611.490686827898,0.0,0.0,942.2599811851978,0.0,7.623511910438538,1402.5823073387146,0.0,0.0,0.0,0.0,3310.76930847168,0.0,0.0,0.0,0.0,0.0,0.0,0.0,0.0,0.0,0.0,168.20138549804688,0.0,0.0,0.0,0.0
0.0,0.0,0.0,0.0,0.0,0.0,0.0,0.0,0.0,0.0,0.0,0.0,0.0,785.5919581651688,0.0,0.0,0.0,0.0,0.0,0.0,0.0,0.0,0.0,0.0,0.0,0.0,0.0,0.0,0.0,0.0,0.0,0.0,0.0,0.0,0.0,0.0,0.0
0.0,0.0,0.0,0.0,0.0,0.0,0.0,0.0,0.0,0.0,0.0,0.0,0.0,0.0,0.0,0.0,0.0,0.0,0.0,0.0,0.0,0.0,0.0,0.0,0.0,0.0,0.0,0.0,0.0,0.0,0.0,0.0,0.0,0.0,0.0,0.0,0.0
0.0,0.0,0.0,0.0,0.0,0.0,0.0,0.0,0.0,0.0,0.0,0.0,0.0,0.0,0.0,0.0,0.0,0.0,0.0,0.0,0.0,0.0,0.0,0.0,0.0,0.0,0.0,0.0,0.0,0.0,0.0,0.0,0.0,0.0,0.0,0.0,0.0
0.0,0.0,0.0,0.0,0.0,0.0,0.0,0.0,0.0,0.0,0.0,0.0,0.0,0.0,0.0,0.0,0.0,0.0,0.0,0.0,0.0,0.0,0.0,0.0,0.0,0.0,0.0,0.0,0.0,0.0,0.0,0.0,0.0,0.0,0.0,0.0,0.0
0.0,0.0,0.0,0.0,0.0,0.0,0.0,0.0,0.0,0.0,0.0,0.0,0.0,0.0,0.0,0.0,0.0,0.0,0.0,0.0,0.0,0.0,0.0,0.0,0.0,0.0,0.0,0.0,0.0,0.0,0.0,0.0,0.0,0.0,0.0,0.0,0.0
0.0,0.0,0.0,0.0,0.0,0.0,0.0,0.0,0.0,0.0,0.0,0.0,0.0,0.0,0.0,0.0,0.0,0.0,0.0,0.0,0.0,0.0,0.0,0.0,0.0,0.0,0.0,0.0,0.0,0.0,0.0,0.0,0.0,0.0,0.0,0.0,0.0
0.0,0.0,0.0,0.0,0.0,0.0,0.0,0.0,0.0,0.0,0.0,0.0,0.0,0.0,0.0,0.0,0.0,0.0,0.0,0.0,0.0,0.0,0.0,0.0,0.0,0.0,0.0,0.0,0.0,0.0,0.0,0.0,0.0,0.0,0.0,0.0,0.0
0.0,0.0,0.0,0.0,0.0,0.0,0.0,0.0,0.0,0.0,0.0,0.0,0.0,0.0,0.0,0.0,0.0,0.0,0.0,0.0,0.0,0.0,0.0,0.0,0.0,0.0,0.0,0.0,0.0,0.0,0.0,0.0,0.0,0.0,0.0,0.0,0.0
0.0,0.0,0.0,0.0,0.0,0.0,0.0,0.0,0.0,0.0,0.0,0.0,0.0,0.0,0.0,0.0,0.0,0.0,0.0,0.0,0.0,0.0,0.0,0.0,0.0,0.0,0.0,0.0,0.0,0.0,0.0,0.0,0.0,0.0,0.0,0.0,0.0
0.0,0.0,0.0,0.0,0.0,0.0,1.3422217771409777,0.0,0.0,0.0,0.0,0.0,0.0,0.0,0.0,0.0,0.0,0.0,0.0,0.0,0.0,28.584142398834075,0.0,0.0,0.0,0.0,0.0,0.0,0.0,0.0600877374410278,0.0,0.0,0.0,0.0,0.0,0.0,0.0
0.0,0.0,0.0,0.0,0.0,0.0,0.0,0.0,0.0,0.0,0.0,0.0,0.0,0.0,0.0,0.0,0.0,0.0,0.0,0.0,0.0,0.0,0.0,0.0,0.0,0.0,0.0,0.0,0.1950174033641815,0.3532424412667413,0.0,0.0,0.5453186975791913,0.0,0.0,0.0,0.0
0.0,0.0,0.0,0.0,1.6789905503391307,0.0,0.0,0.0,0.0,0.0,0.0,0.0,0.0,2.7212881110607854,0.0,0.0,0.0,0.0,0.0,0.0,0.0,20.901847457885506,0.0,0.0,0.0,0.0,0.6851985868066482,0.0,0.0,0.4042625419795124,0.0,0.0,0.0184672586619853,0.0,0.0,0.0,0.0
0.0,0.0,0.0,0.0629450157284717,2.1044324636457654,0.1965159703977149,0.0,0.0,0.0,0.0,1.7675300694068747,0.0,0.0,0.7412005681543679,0.0,0.0,2.3819220781324937,0.0,0.0,0.0,0.0,0.0,0.0,0.0,0.0,0.0,0.0,0.0,0.0,0.4870925918221466,0.0,0.4565580338239228,0.0,0.0,0.0,0.0,0.0
0.0,0.0,0.0,0.0386567674577221,4.283084623515545,0.0534415189176428,0.0,0.0,0.0,0.0,1.5603728896936464,0.0,0.0,0.0,0.0,0.0,12.032855522632424,0.0,0.0,0.0,0.0,32.312021493911345,0.0,0.0,0.0,0.0,0.0,0.0,0.0,0.6512853510677623,0.0,0.5561216026544038,0.0,0.0,0.0,0.0,0.0
0.0,0.0,0.0,0.0951226111501439,48.95778837800007,0.9648523675277584,0.0,0.0,0.0,0.0,2.801226596254711,0.0,0.0,33.364396286196865,0.0270501047372813,0.1724258307367557,5.288080286979516,0.0,0.0,0.0,0.0,458.6624153137207,0.0,0.0,0.0,0.0,0.0,0.0,8.728108739852892,3.476457529515012,0.0,2.376191005110736,2.1377939414232947,0.0,0.0,0.0,0.0
0.0,0.0,0.0,0.6675836667418444,206.55795109272,8.696684464812273,70.25972395911799,0.0,0.0,0.0,16.801768495095764,0.0,0.0,140.0992725789546,1.0317096825689065,0.620830487459897,39.97321946620937,0.0,0.0,0.0,0.0,1430.8806060791014,0.0,0.0,0.0,60.70286408662796,3.1487537719309304,0.0,158.00609654635173,26.149793215095997,0.0,32.99946981668467,13.733132861554608,0.0,0.0,0.0,0.0
0.0,0.0,0.0,3.010598108172416,533.7176468372345,52.24281478673217,375.0027613818645,0.0,0.0,0.0,116.6594469033181,0.0,0.0,344.5752358436584,4.182116543501616,1.467302449047565,217.6788492441177,0.0,0.0,0.0,0.0,2416.876916503906,0.0,0.0,0.0,294.66325473785395,12.172989383339882,0.0,874.4423284769058,121.5909165740013,0.0,153.2216673493385,53.51239827275275,0.0,0.0,0.0,0.0
0.0,0.0,0.0,7.821457803249357,1056.9597339630127,148.39941838383672,801.4804543673993,0.0,0.0,0.0,352.3600210413336,0.0,0.0,615.2207239717244,9.999265417456629,2.5546536594629283,554.9161401748657,0.0,0.0,0.0,0.0,3117.465643310547,0.0,0.0,0.0,595.8482326030731,31.419902074337003,0.0,1606.6443194389344,254.7571986198425,0.0,324.6095281839371,111.89225029945374,0.0,0.0,0.0,0.0
0.0,0.0,0.0,16.946559965610504,1486.7664322853088,218.69415916502476,1147.1650865733625,0.0,0.0,0.0,751.8756614893674,0.0,0.0,896.1475013196468,16.65875454246998,3.806193619966507,949.1113741517066,0.0,0.0,0.0,0.0,3622.233999633789,0.0,0.0,0.0,771.9812165737152,55.29117362499237,0.0,2106.2828339099883,319.9297012209892,0.0,437.2037515640259,164.51669204235077,0.0,0.0,0.0,0.0
0.0,0.0,0.0,28.757720172405243,1690.9297409057615,238.47649988532064,1305.78828818202,0.0,0.0,0.0,1051.82854385674,0.0,0.0,1036.2198242545128,21.850019967556,5.512138247489928,1189.4916580200197,0.0,0.0,0.0,0.0,3792.822946166992,0.0,0.0,0.0,801.8998630046844,68.26643590927124,0.0,2350.059928905964,355.7507089138032,0.0,457.68924963474274,181.455094397068,0.0,0.0,0.0,0.0
0.0,0.0,0.0,39.48677313327789,1817.785189628601,250.14562994241717,1396.5465699076656,0.0,0.0,0.0,1331.5607833981514,0.0,0.0,1107.6537708938122,25.77344314455986,6.994365572929382,1358.7772735357285,0.0,0.0,0.0,0.0,3837.204254150391,0.0,0.0,0.0,803.2889653205872,76.06105786561966,0.0,2509.9584914565085,368.33162140846247,0.0,475.1507924795151,191.72594207525253,0.0,0.0,0.0,0.0
0.0,0.0,0.0,46.87417185306549,1846.1826362609863,253.1752545833588,1390.6634330451488,0.0,0.0,0.0,1442.860538369417,0.0,0.0,0.0,27.83055658936501,0.0,1436.860265684128,0.0,0.0,0.0,0.0,3780.966781616211,0.0,0.0,0.0,785.4382764816285,77.95269317626953,0.0,2577.7302985787387,368.3158057630063,0.0,478.5235207080841,193.3338499069214,0.0,0.0,0.0,0.0
0.0,0.0,0.0,0.0,1788.8180434703827,0.0,1352.5438540518285,0.0,0.0,0.0,1444.9689983844758,0.0,0.0,0.0,0.0,0.0,1413.5901629447935,0.0,0.0,0.0,0.0,3629.20966796875,0.0,0.0,0.0,746.3561738014221,76.20033419132233,0.0,0.0,358.58473199605936,0.0,472.5468360185623,187.6781163215637,0.0,0.0,0.0,0.0
0.0,0.0,0.0,0.0,1626.9077229499817,0.0,1296.2951579391956,0.0,0.0,0.0,0.0,0.0,0.0,0.0,0.0,0.0,1403.265640616417,0.0,0.0,0.0,0.0,3343.7515655517577,0.0,0.0,0.0,721.8704931735992,68.52978200912476,0.0,0.0,358.9625501930713,0.0,0.0,0.0,0.0,0.0,0.0,0.0
0.0,0.0,0.0,0.0,1417.2895760536194,0.0,1139.6742845773697,0.0,0.0,0.0,0.0,0.0,0.0,0.0,0.0,0.0,1319.3539075374604,0.0,0.0,0.0,0.0,0.0,0.0,0.0,0.0,667.3951040267945,59.468667364120485,0.0,0.0,346.71346165537835,0.0,0.0,0.0,0.0,0.0,0.0,0.0
0.0,0.0,0.0,0.0,0.0,0.0,0.0,0.0,0.0,0.0,0.0,0.0,0.0,0.0,0.0,0.0,1198.0485840797423,0.0,0.0,0.0,0.0,0.0,0.0,0.0,0.0,0.0,0.0,0.0,0.0,332.4779514789581,0.0,0.0,0.0,0.0,0.0,0.0,0.0
0.0,0.0,0.0,0.0,0.0,0.0,0.0,0.0,0.0,0.0,0.0,0.0,0.0,0.0,0.0,0.0,1056.436434173584,0.0,0.0,0.0,0.0,0.0,0.0,0.0,0.0,0.0,0.0,0.0,0.0,0.0,0.0,0.0,0.0,0.0,0.0,0.0,0.0
0.0,0.0,0.0,0.0,0.0,0.0,0.0,0.0,0.0,0.0,0.0,0.0,0.0,0.0,0.0,0.0,0.0,0.0,0.0,0.0,0.0,0.0,0.0,0.0,0.0,0.0,0.0,0.0,0.0,0.0,0.0,0.0,0.0,0.0,0.0,0.0,0.0
0.0,0.0,0.0,0.0,0.0,0.0,0.0,0.0,0.0,0.0,0.0,0.0,0.0,0.0,0.0,0.0,0.0,0.0,0.0,0.0,0.0,0.0,0.0,0.0,0.0,0.0,0.0,0.0,0.0,0.0,0.0,0.0,0.0,0.0,0.0,0.0,0.0
0.0,0.0,0.0,0.0,0.0,0.0,0.0,0.0,0.0,0.0,0.0,0.0,0.0,0.0,0.0,0.0,0.0,0.0,0.0,0.0,0.0,0.0,0.0,0.0,0.0,0.0,0.0,0.0,0.0,0.0,0.0,0.0,0.0,0.0,0.0,0.0,0.0
0.0,0.0,0.0,0.0,0.0,0.0,0.0,0.0,0.0,0.0,0.0,0.0,0.0,0.0,0.0,0.0,0.0,0.0,0.0,0.0,0.0,0.0,0.0,0.0,0.0,0.0,0.0,0.0,0.0,0.0,0.0,0.0,0.0,0.0,0.0,0.0,0.0
0.0,0.0,0.0,0.0,0.0,0.0,0.0,0.0,0.0,0.0,0.0,0.0,0.0,0.0,0.0,0.0,0.0,0.0,0.0,0.0,0.0,0.0,0.0,0.0,0.0,0.0,0.0,0.0,0.0,0.0,0.0,0.0,0.0,0.0,0.0,0.0,0.0
0.0,0.0,0.0,0.0,0.0,0.0,0.0,0.0,0.0,0.0,0.0,0.0,0.0,0.0,0.0,0.0,0.0,0.0,0.0,0.0,0.0,0.0,0.0,0.0,0.0,0.0,0.0,0.0,0.0,0.0,0.0,0.0,0.0,0.0,0.0,0.0,0.0
0.0,0.0,0.0,0.0,0.0,0.0,0.0,0.0,0.0,0.0,0.0,0.0,0.0,0.1869233231990377,0.0,0.0,0.0,0.0,0.0,0.0,0.0,0.0,0.0,0.0,0.0,0.0,0.0,0.0,0.0,0.0,0.0,0.0,0.0,0.0,0.0,0.0,0.0
0.0,0.0,0.0,0.0,1.564496096223469,0.0,6.446062187105377,0.0,0.0,0.0,0.0,0.0,0.0,3.5818131221458303,0.0085661977529512,0.0,0.0,0.0,0.0,0.0,0.0,0.0,0.0,0.0,0.0,0.0,0.0,0.0,0.0,0.0,0.0,0.0,0.0,0.0,0.0,0.0,0.0
0.0,0.0,0.0,0.0506490301340764,1.99866417422871,0.4795244834385765,3.198228652030085,0.0,0.0,0.0,1.9905302386265016,0.0,0.0,2.944083595648367,0.0,0.0,1.351529037952331,0.0,0.0,0.0,0.0,15.593613529205031,0.0,0.0,0.0,0.2677166169509283,2.537476958334445,0.0,0.0,0.0,0.0,0.4203665554522896,0.0371544566005192,0.0,0.0,0.0,0.0
0.0,0.0,0.0,0.092587852850553,3.038451336324039,0.1147464876994292,2.820440492033899,0.0,0.0,0.0,1.7493073999414206,0.0,0.0,0.0865649199113249,0.0,0.0,5.760162460803791,0.0,0.0,0.0,0.0,0.0,0.0,0.0,0.0,0.0,2.496077992394565,0.0,0.0,0.6827409125864465,0.0,0.545805528759918,0.0,0.0,0.0,0.0,0.0
0.0,0.0,0.0,0.0467012096196396,6.671101674437469,0.0,2.5893023632465613,0.0,0.0,0.0,1.6325197851285056,0.0,0.0,0.0,0.0,0.0,12.39848479032501,0.0,0.0,0.0,0.0,0.0,0.0,0.0,0.0,0.0,3.0040215544402558,0.0,0.0,1.0958338566124302,0.0,0.6808339655398988,0.0,0.0,0.0,0.0,0.0
0.0,0.0,0.0,0.1695570722222285,44.51800327748053,0.7142806891351905,17.080937721207633,0.0,0.0,0.0,3.2387507816775605,0.0,0.0,31.153475595638085,0.1140711776912178,0.1956899724900718,4.881757450103642,0.0,0.0,0.0,0.0,209.86201629638637,0.0,0.0,0.0,7.733146670460635,7.175064727663993,0.0,11.566699752211322,8.604578059911717,0.0,1.814395561814301,1.5782223055139053,0.0,0.0,0.0,0.0
0.0,0.0,0.0,1.5593405999243242,188.08796328306195,5.954783911816738,110.16906798556435,0.0,0.0,0.0,16.41828296370797,0.0,0.0,139.96279448270792,2.2704935185611226,0.6638271510601041,39.25814030170422,0.0,0.0,0.0,0.0,792.4909095764157,0.0,0.0,0.0,83.97903567552562,18.96677382886409,0.0,173.35272131562215,48.39004673808811,0.0,19.812176898121788,9.266642052680242,0.0,0.0,0.0,0.0
0.0,0.0,0.0,5.9671432375907845,479.3153780698776,38.22588065639135,376.0218317687511,0.0,0.0,0.0,109.78905869536096,0.0,0.0,357.3368483036756,7.6337385177612305,1.4749269783496846,212.10340126752848,0.0,0.0,0.0,0.0,1711.192852783203,0.0,0.0,0.0,313.1425200462341,44.31177123188972,0.0,711.764669752121,186.04049187898636,0.0,112.0232062637806,34.08489018678664,0.0,0.0,0.0,0.0
0.0,0.0,0.0,14.722154289484024,935.0113694667816,136.57872459292412,760.0084148615599,0.0,0.0,0.0,362.11112308949214,0.0,0.0,651.6198146343231,16.510101878643034,2.1248327940702434,528.0913561105727,0.0,0.0,0.0,0.0,2609.647961425781,0.0,0.0,0.0,535.8588561058044,66.65834600925446,0.0,1393.8420828819276,287.7764940083027,0.0,309.6998770236969,88.96288105845451,0.0,0.0,0.0,0.0
0.0,0.0,0.0,28.50368309020996,1319.312987089157,227.07068353891373,1109.9419993937015,0.0,0.0,0.0,791.9785113036633,0.0,0.0,957.9370261728764,23.81940650939941,0.0,922.5041535973548,0.0,0.0,0.0,0.0,3179.363665771484,0.0,0.0,0.0,684.7375912666321,82.28274409770965,0.0,1870.3661262393,336.8822221338749,0.0,407.4368728399277,141.1341452896595,0.0,0.0,0.0,0.0
0.0,0.0,0.0,41.815189242362976,1504.5349531173706,252.26291808485985,1281.3121033132077,0.0,0.0,0.0,1108.37675794363,0.0,0.0,1092.198058962822,27.74622310996056,4.790866047143936,1162.4790951967238,0.0,0.0,0.0,0.0,3344.0095916748046,0.0,0.0,0.0,720.1147212505341,88.91743628978728,0.0,2144.7715566039087,364.5998319983482,0.0,422.5480372905731,159.52234369516373,0.0,0.0,0.0,0.0
0.0,0.0,0.0,51.08888697624207,1637.6885013580322,267.99744257330894,1374.337000668049,0.0,0.0,0.0,1369.965215575695,0.0,0.0,1160.7068766653538,29.85177338719368,5.954625368118285,1334.926674580574,0.0,0.0,0.0,0.0,3460.8956970214845,0.0,0.0,0.0,740.402409029007,92.1481787919998,0.0,2299.8239798784257,374.7074118494988,0.0,431.5430437326431,170.96947246789932,0.0,0.0,0.0,0.0
0.0,0.0,0.0,59.38269281387329,1679.2875394821167,273.8504906594753,1384.6497391223909,0.0,0.0,0.0,1468.3855577528475,0.0,0.0,1167.0983125269413,30.33616472482681,6.635882616043091,1417.491229891777,0.0,0.0,0.0,0.0,3441.656997680664,0.0,0.0,0.0,735.3832183837891,92.18484308719636,0.0,2386.086704146862,372.1604368746281,0.0,438.6586229801178,176.39216428995132,0.0,0.0,0.0,0.0
0.0,0.0,0.0,62.0,1650.367815732956,271.42962262034416,1343.9247307956218,0.0,0.0,0.0,1458.7173185765744,0.0,0.0,1138.5913249850273,29.0846504509449,6.951418936252594,1415.94328083992,0.0,0.0,0.0,0.0,3337.2446899414062,0.0,0.0,0.0,715.8086817264557,87.5143714427948,0.0,0.0,362.1402531087398,0.0,437.25574457645416,0.0,0.0,0.0,0.0,0.0
0.0,0.0,0.0,58.36179947853089,1523.158716917038,266.4695364236832,1299.9988985419272,0.0,0.0,0.0,0.0,0.0,0.0,1044.2510002851486,26.550302821397786,0.0,1433.775276398659,0.0,0.0,0.0,0.0,3124.633609008789,0.0,0.0,0.0,692.6916999816895,0.0,0.0,0.0,363.0939248144626,0.0,396.0201545953751,0.0,0.0,0.0,0.0,0.0
0.0,0.0,0.0,0.0,0.0,0.0,0.0,0.0,0.0,0.0,0.0,0.0,0.0,902.0741468667984,23.197303265333176,0.0,1373.9858821630478,0.0,0.0,0.0,0.0,0.0,0.0,0.0,0.0,0.0,0.0,0.0,0.0,351.3183684170246,0.0,0.0,0.0,0.0,0.0,0.0,0.0
0.0,0.0,0.0,0.0,0.0,0.0,0.0,0.0,0.0,0.0,0.0,0.0,0.0,0.0,0.0,0.0,1260.0212128162384,0.0,0.0,0.0,0.0,0.0,0.0,0.0,0.0,0.0,0.0,0.0,0.0,0.0,0.0,0.0,0.0,0.0,0.0,0.0,0.0
0.0,0.0,0.0,0.0,0.0,0.0,0.0,0.0,0.0,0.0,0.0,0.0,0.0,0.0,0.0,0.0,1124.513956284523,0.0,0.0,0.0,0.0,0.0,0.0,0.0,0.0,0.0,0.0,0.0,0.0,0.0,0.0,0.0,0.0,0.0,0.0,0.0,0.0
0.0,0.0,0.0,0.0,0.0,0.0,0.0,0.0,0.0,0.0,0.0,0.0,0.0,0.0,0.0,0.0,0.0,0.0,0.0,0.0,0.0,0.0,0.0,0.0,0.0,0.0,0.0,0.0,0.0,0.0,0.0,0.0,0.0,0.0,0.0,0.0,0.0
0.0,0.0,0.0,0.0,0.0,0.0,0.0,0.0,0.0,0.0,0.0,0.0,0.0,0.0,0.0,0.0,0.0,0.0,0.0,0.0,0.0,0.0,0.0,0.0,0.0,0.0,0.0,0.0,0.0,0.0,0.0,0.0,0.0,0.0,0.0,0.0,0.0
0.0,0.0,0.0,0.0,0.0,0.0,0.0,0.0,0.0,0.0,0.0,0.0,0.0,0.0,0.0,0.0,0.0,0.0,0.0,0.0,0.0,0.0,0.0,0.0,0.0,0.0,0.0,0.0,0.0,0.0,0.0,0.0,0.0,0.0,0.0,0.0,0.0
0.0,0.0,0.0,0.0,0.0,0.0,0.0,0.0,0.0,0.0,0.0,0.0,0.0,0.0,0.0,0.0,0.0,0.0,0.0,0.0,0.0,0.0,0.0,0.0,0.0,0.0,0.0,0.0,0.0,0.0,0.0,0.0,0.0,0.0,0.0,0.0,0.0
0.0,0.0,0.0,0.0,0.0,0.0,0.0,0.0,0.0,0.0,0.0,0.0,0.0,0.0,0.0,0.0,0.0,0.0,0.0,0.0,0.0,0.0,0.0,0.0,0.0,0.0,0.0,0.0,0.0,0.0,0.0,0.0,0.0,0.0,0.0,0.0,0.0
0.0,0.0,0.0,0.0,0.0,0.0,0.0,0.0,0.0,0.0,0.0,0.0,0.0,0.0,0.0,0.0,0.0,0.0,0.0,0.0,0.0,0.0,0.0,0.0,0.0,0.0,0.0,0.0,0.0,0.0,0.0,0.0,0.0,0.0,0.0,0.0,0.0
0.0,0.0,0.0,0.0,0.0,0.0,0.0,0.0,0.0,0.0,0.0,0.0,0.0,0.0,0.0,0.0,0.0,0.0,0.0,0.0,0.0,33.3285510540007,0.0,0.0,0.0,0.0,0.0,0.0,0.0,0.0,0.0,0.0,0.0,0.0,0.0,0.0,0.0
0.0,0.0,0.0,0.1919754035770876,0.0,1.0331533532589463,0.0,0.0,0.0,0.0,2.0906484390141764,0.0,0.0,0.0,0.0,0.0,0.0,0.0,0.0,0.0,0.0,0.0,0.0,0.0,0.0,0.0,0.0,0.0,0.0,0.0,0.0,0.6142818331717844,0.0,0.0,0.0,0.0,0.0
0.0,0.0,0.0,0.1974763683974684,2.063950784504352,1.012137441430216,0.0,0.0,0.0,0.0,2.0612298309335504,0.0,0.0,0.7725403411313349,0.0,0.0,0.0,0.0,0.0,0.0,0.0,24.58536558151222,0.0,0.0,0.0,0.5801391353830387,0.0,0.0,0.0,0.0,0.0,0.7107909470796526,0.0435960032045644,0.0,0.0,0.0,0.0
0.0,0.0,0.0,0.0972636267542782,2.6685707345603737,0.4915242493152219,0.0,0.0,0.0,0.0,1.8430706046054453,0.0,0.0,0.0,0.0,0.0,0.0,0.0,0.0,0.0,0.0,1.3516749382015436,0.0,0.0,0.0,0.0,0.0,0.0,0.0,0.7747528232633795,0.0,0.8315876871347051,0.0,0.0,0.0,0.0,0.0
0.0,0.0,0.0,0.0419068336486798,5.424442529678185,0.1469300785101908,0.0,0.0,0.0,0.0,1.7170672924255646,0.0,0.0,0.0,0.0,0.0406043305993078,19.40966807603817,0.0,0.0,0.0,0.0,49.39658465385409,0.0,0.0,0.0,0.0,0.0,0.0,0.0,0.6752899862825729,0.0,0.8949911743402014,0.0,0.0,0.0,0.0,0.0
0.0,0.0,0.0,0.0970683433115456,45.991593942046045,0.8089269348419919,0.0,0.0,0.0,0.0,5.594715524325105,0.0,0.0,37.31742709875098,0.1700549516826845,0.0,7.043909740447898,0.0,0.0,0.0,0.0,494.87719650268514,0.0,0.0,0.0,0.0,0.0,0.0,10.336118730902449,2.082938079535934,0.0,2.166223019361488,1.482570550404465,0.0,0.0,0.0,0.0
0.0,0.0,0.0,0.5699523966759389,194.45923015475265,2.5498805963434235,71.96773216649878,0.0,0.0,0.0,51.8510352268813,0.0,0.0,142.61679952964175,2.1247876100242107,0.89795809239149,33.972879147529504,0.0,0.0,0.0,0.0,1504.5682495117187,0.0,0.0,0.0,63.13727895021432,0.0,0.0,169.40685871541484,19.475316987559168,0.0,30.72682752460238,11.311831735074492,0.0,0.0,0.0,0.0
0.0,0.0,0.0,3.4139790982007936,505.1400644183157,18.45620462298392,340.1915345609187,0.0,0.0,0.0,229.5746549256146,0.0,0.0,343.66743799299,7.559057047963139,1.7081272155046463,184.84569646120065,0.0,0.0,0.0,0.0,2420.010168457032,0.0,0.0,0.0,279.5816185951233,1.0537729954346973,0.0,783.3339361786841,94.64150189757348,0.0,139.26041322946543,45.81130582094191,0.0,0.0,0.0,0.0
0.0,0.0,0.0,9.204772263765332,1008.4895545244216,84.41154529899354,709.7957161694765,0.0,0.0,0.0,555.5955220863221,0.0,0.0,617.2261963039635,16.582786417007448,2.662806734442711,472.4279465913771,0.0,0.0,0.0,0.0,3077.216827392578,0.0,0.0,0.0,547.3736061096191,4.016527006030081,0.0,1445.216562831402,230.7400983333588,0.0,304.1695284843445,96.559450507164,0.0,0.0,0.0,0.0
0.0,0.0,0.0,18.81574702262878,1447.6689262390137,177.98205110430715,1059.2631031990052,0.0,0.0,0.0,1109.757353746891,0.0,0.0,890.2706579864025,24.36223084330559,3.585728794336318,836.4832801818848,0.0,0.0,0.0,0.0,3503.3073150634764,0.0,0.0,0.0,728.6505162239075,8.408051641285413,0.0,1912.345684015751,300.3917323112488,0.0,403.3216025829315,149.5454353094101,0.0,0.0,0.0,0.0
0.0,0.0,0.0,30.14290177822113,1675.539403438568,206.77763025462625,1242.3229598999023,0.0,0.0,0.0,1523.1962960898877,0.0,0.0,1034.7516149282455,27.86623983979225,4.91083225607872,1071.0392969608306,0.0,0.0,0.0,0.0,3629.538854980469,0.0,0.0,0.0,763.2556535243988,14.42622220814228,0.0,2151.2048532247545,336.48083276748656,0.0,421.5557565689087,169.23140424489975,0.0,0.0,0.0,0.0
0.0,0.0,0.0,38.96505522727966,1798.426630735397,223.36542263627047,1350.49211358428,0.0,0.0,0.0,1768.2586964726447,0.0,0.0,1101.633712053299,29.03292270898819,6.2362096309661865,1240.3697734594346,0.0,0.0,0.0,0.0,3656.1622619628906,0.0,0.0,0.0,751.3253518104553,20.751265287399285,0.0,2269.131869184971,353.0263409733772,0.0,413.722465634346,179.7967151403427,0.0,0.0,0.0,0.0
0.0,0.0,0.0,42.99799299240112,1820.235011100769,226.7310689985752,1372.190425002575,0.0,0.0,0.0,1828.5332308530808,0.0,0.0,1121.5505915880203,29.01381116509437,7.04688173532486,1324.7665199518203,0.0,0.0,0.0,0.0,3586.7491607666016,0.0,0.0,0.0,720.4272329330445,26.08635044693947,0.0,2311.1414296388625,358.3550185322762,0.0,396.3947985172272,183.3252266049385,0.0,0.0,0.0,0.0
0.0,0.0,0.0,42.04916167259216,1757.6345303058624,216.79359784722328,1332.45057849288,0.0,0.0,0.0,1753.2504808962344,0.0,0.0,1120.5804954469204,27.884016609191896,7.32041597366333,1334.6448838710785,0.0,0.0,0.0,0.0,3435.5822479248045,0.0,0.0,0.0,674.9002833843231,28.30849997997284,0.0,2297.013624370098,356.72277362942697,0.0,375.2489640712738,179.93962436914444,0.0,0.0,0.0,0.0
0.0,0.0,0.0,34.208075284957886,1582.695281267166,201.96156287193293,1240.4022298157215,0.0,0.0,0.0,1628.329751455784,0.0,0.0,0.0,25.377420991659164,6.444658696651459,1373.0675802946091,0.0,0.0,0.0,0.0,3163.243008422852,0.0,0.0,0.0,630.9952183246612,0.0,0.0,0.0,0.0,0.0,323.2558081150055,0.0,0.0,0.0,0.0,0.0
0.0,0.0,0.0,23.56161093711853,1361.8338613510132,170.00003156065938,1058.5686121702197,0.0,0.0,0.0,1390.4851005077362,0.0,0.0,0.0,0.0,5.308194994926452,0.0,0.0,0.0,0.0,0.0,2745.948767089844,0.0,0.0,0.0,0.0,0.0,0.0,0.0,0.0,0.0,241.4374293088913,0.0,0.0,0.0,0.0,0.0
0.0,0.0,0.0,0.0,0.0,0.0,0.0,0.0,0.0,0.0,0.0,0.0,0.0,0.0,0.0,0.0,0.0,0.0,0.0,0.0,0.0,2206.154586791992,0.0,0.0,0.0,0.0,0.0,0.0,0.0,0.0,0.0,0.0,0.0,0.0,0.0,0.0,0.0
0.0,0.0,0.0,0.0,0.0,0.0,0.0,0.0,0.0,0.0,0.0,0.0,0.0,0.0,0.0,0.0,0.0,0.0,0.0,0.0,0.0,0.0,0.0,0.0,0.0,0.0,0.0,0.0,0.0,0.0,0.0,0.0,0.0,0.0,0.0,0.0,0.0
0.0,0.0,0.0,0.0,0.0,0.0,0.0,0.0,0.0,0.0,0.0,0.0,0.0,0.0,0.0,0.0,0.0,0.0,0.0,0.0,0.0,0.0,0.0,0.0,0.0,0.0,0.0,0.0,0.0,0.0,0.0,0.0,0.0,0.0,0.0,0.0,0.0
0.0,0.0,0.0,0.0,0.0,0.0,0.0,0.0,0.0,0.0,0.0,0.0,0.0,0.0,0.0,0.0,0.0,0.0,0.0,0.0,0.0,0.0,0.0,0.0,0.0,0.0,0.0,0.0,0.0,0.0,0.0,0.0,0.0,0.0,0.0,0.0,0.0
0.0,0.0,0.0,0.0,0.0,0.0,0.0,0.0,0.0,0.0,0.0,0.0,0.0,0.0,0.0,0.0,0.0,0.0,0.0,0.0,0.0,0.0,0.0,0.0,0.0,0.0,0.0,0.0,0.0,0.0,0.0,0.0,0.0,0.0,0.0,0.0,0.0
0.0,0.0,0.0,0.0,0.0,0.0,0.0,0.0,0.0,0.0,0.0,0.0,0.0,0.0,0.0,0.0,0.0,0.0,0.0,0.0,0.0,0.0,0.0,0.0,0.0,0.0,0.0,0.0,0.0,0.0,0.0,0.0,0.0,0.0,0.0,0.0,0.0
0.0,0.0,0.0,0.0,0.0,0.0,0.0,0.0,0.0,0.0,0.0,0.0,0.0,0.0,0.0,0.0,0.0,0.0,0.0,0.0,0.0,0.0,0.0,0.0,0.0,0.0,0.0,0.0,0.0,0.0,0.0,0.0,0.0,0.0,0.0,0.0,0.0
0.0,0.0,0.0,0.0,0.0,0.0,0.0,0.0,0.0,0.0,0.0,0.0,0.0,8.694936204701516,0.0,0.0,0.0,0.0,0.0,0.0,0.0,0.0,0.0,0.0,0.0,0.0,0.0,0.0,0.0,0.0,0.0,0.0,0.0,0.0,0.0,0.0,0.0
0.0,0.0,0.0,0.0,0.0,0.0,0.0,0.0,0.0,0.0,0.0,0.0,0.0,0.0,0.0,0.0,0.0,0.0,0.0,0.0,0.0,0.0,0.0,0.0,0.0,0.0,0.0,0.0,0.0,0.0,0.0,0.0,0.0,0.0,0.0,0.0,0.0
0.0,0.0,0.0,0.0,0.0,0.0,0.0,0.0,0.0,0.0,0.0,0.0,0.0,0.0,0.0,0.0,0.0,0.0,0.0,0.0,0.0,0.0,0.0,0.0,0.0,0.0,0.0,0.0,0.0229339838027954,0.0,0.0,0.0,0.0,0.0,0.0,0.0,0.0
0.0,0.0,0.0,0.0,0.0,0.2084500342607288,0.0,0.0,0.0,0.0,1.8900899444240824,0.0,0.0,1.2321979319675351,0.0,0.0,0.0,0.0,0.0,0.0,0.0,0.0,0.0,0.0,0.0,0.0,0.0,0.0,0.0,0.0,0.0,0.0,0.0441226568072814,0.0,0.0,0.0,0.0
0.0,0.0,0.0,0.0730000343173714,0.0,0.167351345531642,0.0,0.0,0.0,0.0,1.7213858923873393,0.0,0.0,0.0,0.0,0.0,10.650193452834896,0.0,0.0,0.0,0.0,8.86660089492763,0.0,0.0,0.0,0.0,0.5234565822407575,0.0,0.0,0.0,0.0,0.7054400444030283,0.0,0.0,0.0,0.0,0.0
0.0,0.0,0.0,0.0378786940127561,4.794430386274991,0.2646414735354206,0.0,0.0,0.0,0.0,1.5495551994068884,0.0,0.0,0.0,0.0,0.0644527897238719,17.31186555623991,0.0,0.0,0.0,0.0,19.927773380279277,0.0,0.0,0.0,0.0,0.0,0.0,0.0,1.156220334023233,0.0,0.792687118053411,0.0,0.0,0.0,0.0,0.0
0.0,0.0,0.0,0.0696269199252108,51.4461169093846,1.4261753140017073,0.0,0.0,0.0,0.0,2.363479911815268,0.0,0.0,28.56450591236348,0.1545494433492403,0.2765739187598218,6.386009943485179,0.0,0.0,0.0,0.0,290.77425537109326,0.0,0.0,0.0,0.0,0.0,0.0,14.35639896690834,9.151286848634475,0.0,1.9376816153525964,1.5789391547441307,0.0,0.0,0.0,0.0
0.0,0.0,0.0,0.8139969948679163,204.55865827202788,9.9669888205826,55.220695260167005,0.0,0.0,0.0,20.181360094807964,0.0,0.0,133.08382954448462,1.9876039646565888,0.5632509514689434,39.29846615791303,0.0,0.0,0.0,0.0,1041.4747787475585,0.0,0.0,0.0,58.45793466567992,2.9728241257369503,0.0,221.2961162790654,48.771771985292425,0.0,22.87977360188956,10.924893602728831,0.0,0.0,0.0,0.0
0.0,0.0,0.0,4.126933425664902,512.432584106922,51.079716157168114,267.4402900367975,0.0,0.0,0.0,128.42228758446862,0.0,0.0,342.138432636857,0.0,0.9597712233662604,209.33721913099288,0.0,0.0,0.0,0.0,2057.693688964844,0.0,0.0,0.0,276.7838180541992,12.001703500747675,0.0,1001.9002211511136,180.60541602969167,0.0,116.0294939279556,42.545044928789125,0.0,0.0,0.0,0.0
0.0,0.0,0.0,10.867570936679837,947.2920707464218,136.80581736564636,563.2028490066527,0.0,0.0,0.0,404.7892994269727,0.0,0.0,603.3549595624208,0.0,1.3633685857057565,537.7612880587577,0.0,0.0,0.0,0.0,2775.2344604492187,0.0,0.0,0.0,537.6106980800629,28.118880486488344,0.0,1663.7263767957688,282.360162627697,0.0,305.7042373418808,87.11592379212378,0.0,0.0,0.0,0.0
0.0,0.0,0.0,22.056159675121304,1295.6343224048617,206.8981626778841,870.9368104159832,0.0,0.0,0.0,889.579243388772,0.0,0.0,868.7978917360306,0.0,2.04439240694046,932.7430600881576,0.0,0.0,0.0,0.0,3230.8072845458983,0.0,0.0,0.0,650.9486989498139,48.78142918348313,0.0,2108.0272304177283,330.880313551426,0.0,410.1994636058808,139.4921386837959,0.0,0.0,0.0,0.0
0.0,0.0,0.0,34.74766457080841,1506.5541892051697,223.80212312936783,1080.716620129347,0.0,0.0,0.0,1247.9525525212289,0.0,0.0,1000.7550030946732,30.698407459259037,3.2503134310245505,1184.3239424467088,0.0,0.0,0.0,0.0,3368.8599517822267,0.0,0.0,0.0,695.3040930747986,59.43632856607437,0.0,2336.8105266332627,357.97773923873893,0.0,427.937082529068,161.1863289475441,0.0,0.0,0.0,0.0
0.0,0.0,0.0,44.76702308654785,1641.453537940979,228.6396010518074,1220.1556403756142,0.0,0.0,0.0,1520.4580240011214,0.0,0.0,1063.816897124052,31.550091916322707,4.237201184034347,1363.1176349163056,0.0,0.0,0.0,0.0,3466.4978515625,0.0,0.0,0.0,695.5734291553497,67.87511011362076,0.0,2486.515247547627,365.8216433286668,0.0,434.3483340740204,175.81439745426178,0.0,0.0,0.0,0.0
0.0,0.0,0.0,49.86611652374268,1699.5018458366394,222.41734424233437,1286.0174160301683,0.0,0.0,0.0,1608.504911071062,0.0,0.0,1063.040000796318,30.741783446073534,5.054550260305404,1462.5388884067536,0.0,0.0,0.0,0.0,3455.320703125,0.0,0.0,0.0,673.6625110149383,71.26247190237045,0.0,2556.697479200363,360.6574016213417,0.0,421.7086497545242,180.21159374713895,0.0,0.0,0.0,0.0
0.0,0.0,0.0,49.77105379104614,1690.168838262558,203.75271619856355,1308.7186595320702,0.0,0.0,0.0,1543.4709828674793,0.0,0.0,1026.5181344747543,28.47304548025131,5.524990856647491,1473.8862656593324,0.0,0.0,0.0,0.0,3343.9631469726564,0.0,0.0,0.0,0.0,70.98951488733292,0.0,2533.8143899917604,350.6880622267724,0.0,399.72694420814514,0.0,0.0,0.0,0.0,0.0
0.0,0.0,0.0,42.53049898147583,0.0,177.5717644840479,0.0,0.0,0.0,0.0,1394.1697181284428,0.0,0.0,925.1976698637008,25.17008113861084,0.0,1497.8438690900805,0.0,0.0,0.0,0.0,0.0,0.0,0.0,0.0,0.0,0.0,0.0,2421.617100012302,354.38426057696347,0.0,345.4915223121643,0.0,0.0,0.0,0.0,0.0
0.0,0.0,0.0,31.890387177467343,0.0,0.0,0.0,0.0,0.0,0.0,0.0,0.0,0.0,767.1591299772263,0.0,0.0,0.0,0.0,0.0,0.0,0.0,0.0,0.0,0.0,0.0,0.0,0.0,0.0,0.0,0.0,0.0,0.0,0.0,0.0,0.0,0.0,0.0
0.0,0.0,0.0,0.0,0.0,0.0,0.0,0.0,0.0,0.0,0.0,0.0,0.0,0.0,0.0,0.0,0.0,0.0,0.0,0.0,0.0,0.0,0.0,0.0,0.0,0.0,0.0,0.0,0.0,0.0,0.0,0.0,0.0,0.0,0.0,0.0,0.0
0.0,0.0,0.0,0.0,0.0,0.0,0.0,0.0,0.0,0.0,0.0,0.0,0.0,0.0,0.0,0.0,0.0,0.0,0.0,0.0,0.0,0.0,0.0,0.0,0.0,0.0,0.0,0.0,0.0,0.0,0.0,0.0,0.0,0.0,0.0,0.0,0.0
0.0,0.0,0.0,0.0,0.0,0.0,0.0,0.0,0.0,0.0,0.0,0.0,0.0,0.0,0.0,0.0,0.0,0.0,0.0,0.0,0.0,0.0,0.0,0.0,0.0,0.0,0.0,0.0,0.0,0.0,0.0,0.0,0.0,0.0,0.0,0.0,0.0
0.0,0.0,0.0,0.0,0.0,0.0,0.0,0.0,0.0,0.0,0.0,0.0,0.0,0.0,0.0,0.0,0.0,0.0,0.0,0.0,0.0,0.0,0.0,0.0,0.0,0.0,0.0,0.0,0.0,0.0,0.0,0.0,0.0,0.0,0.0,0.0,0.0
0.0,0.0,0.0,0.0,0.0,0.0,0.0,0.0,0.0,0.0,0.0,0.0,0.0,0.0,0.0,0.0,0.0,0.0,0.0,0.0,0.0,0.0,0.0,0.0,0.0,0.0,0.0,0.0,0.0,0.0,0.0,0.0,0.0,0.0,0.0,0.0,0.0
0.0,0.0,0.0,0.0,0.0,0.0,0.0,0.0,0.0,0.0,0.0,0.0,0.0,0.0,0.0,0.0,0.0,0.0,0.0,0.0,0.0,0.0,0.0,0.0,0.0,0.0,0.0,0.0,0.0,0.0,0.0,0.0,0.0,0.0,0.0,0.0,0.0
0.0,0.0,0.0,0.0,0.0,0.0,0.0,0.0,0.0,0.0,0.0,0.0,0.0,0.0,0.0,0.0,0.0,0.0,0.0,0.0,0.0,0.0,0.0,0.0,0.0,0.0,0.0,0.0,0.0,0.0,0.0,0.0,0.0,0.0,0.0,0.0,0.0
0.0,0.0,0.0,0.0,0.0,0.0,0.0,0.0,0.0,0.0,0.0,0.0,0.0,0.0,0.0,0.0,0.0,0.0,0.0,0.0,0.0,0.0,0.0,0.0,0.0,0.0,0.0,0.0,0.0,0.0,0.0,0.0,0.0,0.0,0.0,0.0,0.0
0.0,0.0,0.0,0.0,0.0,0.0,0.0,0.0,0.0,0.0,0.0,0.0,0.0,0.0,0.0,0.0,0.0,0.0,0.0,0.0,0.0,0.0,0.0,0.0,0.0,0.0,0.0,0.0,0.0,0.0,0.0,0.0,0.0,0.0,0.0,0.0,0.0
0.0,0.0,0.0,0.0,0.0,0.0,0.0,0.0,0.0,0.0,0.0,0.0,0.0,2.391908946447033,0.0,0.0,0.0,0.0,0.0,0.0,0.0,0.0,0.0,0.0,0.0,0.0,0.0,0.0,0.0,0.0,0.0,0.0,0.382841695100062,0.0,0.0,0.0,0.0
0.0,0.0,0.0,0.0,0.0,0.0,0.0,0.0,0.0,0.0,0.0,0.0,0.0,1.8386019114404404,0.0,0.0,0.0,0.0,0.0,0.0,0.0,9.970002079010008,0.0,0.0,0.0,0.0,0.0,0.0,0.0,0.0,0.0,0.0,0.0651718825101664,0.0,0.0,0.0,0.0
0.0,0.0,0.0,0.0386455655097932,2.2361802086233595,0.0,0.0,0.0,0.0,0.0,1.8029105916152373,0.0,0.0,0.2426862111314322,0.0,0.0,9.229289233684383,0.0,0.0,0.0,0.0,0.0,0.0,0.0,0.0,0.0,0.0,0.0,0.0,0.0,0.0,0.340152353048319,0.0,0.0,0.0,0.0,0.0
0.0,0.0,0.0,0.0323200449347452,4.697266079485389,0.0,0.0,0.0,0.0,0.0,1.6152453852816349,0.0,0.0,0.0,0.0,0.0,14.89789116382588,0.0,0.0,0.0,0.0,45.933496379852,0.0,0.0,0.0,0.0,0.0,0.0,0.0,0.6169712580740102,0.0,0.414472937583901,0.0,0.0,0.0,0.0,0.0
0.0,0.0,0.0,0.0625616088509508,31.28871981054533,0.3722563819028209,0.0,0.0,0.0,0.0,3.3137276527004422,0.0,0.0,54.48651272803541,0.3989155590534208,0.1799304140731682,5.212208843231179,0.0,0.0,0.0,0.0,367.7146236419675,0.0,0.0,0.0,0.0,0.0,0.0,11.995828361809084,1.6165727697312449,0.0,0.0,1.3515590541064535,0.0,0.0,0.0,0.0
0.0,0.0,0.0,1.1218860559165436,152.0066832602023,4.337473955005383,60.81513895653179,0.0,0.0,0.0,26.457737380359223,0.0,0.0,0.0,2.9623774342238893,0.5073587223887441,40.69062747955306,0.0,0.0,0.0,0.0,1144.3260284423825,0.0,0.0,0.0,45.08918420672414,2.007170422375197,0.0,182.22369620800015,14.212148417904956,0.0,0.0,8.900997644290317,0.0,0.0,0.0,0.0
0.0,0.0,0.0,5.032636553049085,415.59066456556303,37.97480914369224,333.51460623890154,0.0,0.0,0.0,150.20923025012002,0.0,0.0,0.0,9.107434165477752,0.9627890139818184,210.25870784521084,0.0,0.0,0.0,0.0,2163.213879394531,0.0,0.0,0.0,216.6024124145507,8.211346146464345,0.0,905.592097812891,74.18356617987153,0.0,206.88008880615237,36.5369107723236,0.0,0.0,0.0,0.0
0.0,0.0,0.0,12.660193026065825,843.6273782253265,156.92626896500587,744.2094692736863,0.0,0.0,0.0,455.52093998193743,0.0,0.0,867.602456510067,18.619461911916733,1.6240537986159318,527.0058674097061,0.0,0.0,0.0,0.0,2869.830368041992,0.0,0.0,0.0,470.7293219089508,21.35849280059337,0.0,1616.371941459179,219.1234715998173,0.0,388.2747745513916,94.86142760515212,0.0,0.0,0.0,0.0
0.0,0.0,0.0,24.797960460186,1272.5465459823608,252.42156100273127,1076.2891038239002,0.0,0.0,0.0,966.4216733098028,0.0,0.0,1144.998056590557,25.267097067832943,2.74394391477108,907.7809260964392,0.0,0.0,0.0,0.0,3348.310208129883,0.0,0.0,0.0,626.8998348236084,45.20568877458572,0.0,2127.8154884696005,295.9209656536579,0.0,466.6591386795044,153.77403259277344,0.0,0.0,0.0,0.0
0.0,0.0,0.0,37.69455754756928,1552.8499376773834,274.43891456723213,1268.5537772595883,0.0,0.0,0.0,1352.387979733944,0.0,0.0,1236.359990388155,28.855542057752608,0.0,1155.2040165662766,0.0,0.0,0.0,0.0,3570.2411926269533,0.0,0.0,0.0,700.1587103843689,58.65872826576233,0.0,2384.313404536248,333.76265050172805,0.0,484.2884298563004,176.04672318696976,0.0,0.0,0.0,0.0
0.0,0.0,0.0,48.54081106185913,1746.8207075595856,287.6308409869671,1385.0557353138922,0.0,0.0,0.0,1607.5431050360205,0.0,0.0,1263.249270915985,30.210790067911148,5.935139179229735,1339.7976457834243,0.0,0.0,0.0,0.0,3680.491409301758,0.0,0.0,0.0,735.077489900589,68.41704983711243,0.0,2538.708125138284,348.33375695943835,0.0,494.5214010477066,188.63255017995837,0.0,0.0,0.0,0.0
0.0,0.0,0.0,53.96903944015503,1824.8597049713132,291.31337398290634,1429.377681314945,0.0,0.0,0.0,1692.9885590314866,0.0,0.0,1255.8850985765455,30.286073023080824,6.914088487625122,1444.9531379699706,0.0,0.0,0.0,0.0,3644.8623474121096,0.0,0.0,0.0,732.6620249271393,72.22549496889114,0.0,2602.2021159529686,350.3980150043964,0.0,487.3124568462372,192.8183777332306,0.0,0.0,0.0,0.0
0.0,0.0,0.0,56.42036378383636,1817.2766599655151,285.829933822155,1430.590683335066,0.0,0.0,0.0,1653.9963564991951,0.0,0.0,1235.5220931768415,28.968700808286663,0.0,1464.318741774559,0.0,0.0,0.0,0.0,3528.4817016601564,0.0,0.0,0.0,710.5766816616058,71.66188093423844,0.0,0.0,348.0125001966953,0.0,475.14343667030334,188.99639850854876,0.0,0.0,0.0,0.0
0.0,0.0,0.0,0.0,0.0,0.0,0.0,0.0,0.0,0.0,0.0,0.0,0.0,0.0,26.44207102060318,0.0,1496.745387864113,0.0,0.0,0.0,0.0,0.0,0.0,0.0,0.0,0.0,64.48842729330063,0.0,0.0,0.0,0.0,0.0,0.0,0.0,0.0,0.0,0.0
0.0,0.0,0.0,0.0,0.0,0.0,0.0,0.0,0.0,0.0,0.0,0.0,0.0,0.0,0.0,0.0,0.0,0.0,0.0,0.0,0.0,0.0,0.0,0.0,0.0,0.0,0.0,0.0,0.0,0.0,0.0,379.7769490480423,0.0,0.0,0.0,0.0,0.0
0.0,0.0,0.0,0.0,0.0,0.0,0.0,0.0,0.0,0.0,0.0,0.0,0.0,0.0,0.0,0.0,0.0,0.0,0.0,0.0,0.0,0.0,0.0,0.0,0.0,0.0,0.0,0.0,0.0,0.0,0.0,0.0,0.0,0.0,0.0,0.0,0.0
0.0,0.0,0.0,0.0,0.0,0.0,0.0,0.0,0.0,0.0,0.0,0.0,0.0,0.0,0.0,0.0,0.0,0.0,0.0,0.0,0.0,0.0,0.0,0.0,0.0,0.0,0.0,0.0,0.0,0.0,0.0,0.0,0.0,0.0,0.0,0.0,0.0
0.0,0.0,0.0,0.0,0.0,0.0,0.0,0.0,0.0,0.0,0.0,0.0,0.0,0.0,0.0,0.0,0.0,0.0,0.0,0.0,0.0,0.0,0.0,0.0,0.0,0.0,0.0,0.0,0.0,0.0,0.0,0.0,0.0,0.0,0.0,0.0,0.0
0.0,0.0,0.0,0.0,0.0,0.0,0.0,0.0,0.0,0.0,0.0,0.0,0.0,0.0,0.0,0.0,0.0,0.0,0.0,0.0,0.0,0.0,0.0,0.0,0.0,0.0,0.0,0.0,0.0,0.0,0.0,0.0,0.0,0.0,0.0,0.0,0.0
0.0,0.0,0.0,0.0,0.0,0.0,0.0,0.0,0.0,0.0,0.0,0.0,0.0,0.0,0.0,0.0,0.0,0.0,0.0,0.0,0.0,0.0,0.0,0.0,0.0,0.0,0.0,0.0,0.0,0.0,0.0,0.0,0.0,0.0,0.0,0.0,0.0
0.0,0.0,0.0,0.0,0.0,0.0,0.0,0.0,0.0,0.0,0.0,0.0,0.0,0.0,0.0,0.0,0.0,0.0,0.0,0.0,0.0,0.0,0.0,0.0,0.0,0.0,0.0,0.0,0.0,0.0,0.0,0.0,0.0,0.0,0.0,0.0,0.0
0.0,0.0,0.0,0.0,0.0,0.0,0.0,0.0,0.0,0.0,0.0,0.0,0.0,0.0,0.0,0.0,0.0,0.0,0.0,0.0,0.0,0.0,0.0,0.0,0.0,0.0,0.0,0.0,0.0,0.0,0.0,0.0,0.0,0.0,0.0,0.0,0.0
0.0,0.0,0.0,0.0,0.0,0.0,0.0,0.0,0.0,0.0,0.0,0.0,0.0,0.0,0.0,0.0,0.0,0.0,0.0,0.0,0.0,0.0,0.0,0.0,0.0,0.0,0.0,0.0,0.0,0.0,0.0,0.0,0.0,0.0,0.0,0.0,0.0
0.0,0.0,0.0,0.0,0.0,0.0,0.0,0.0,0.0,0.0,0.0,0.0,0.0,7.340010982006748,0.0,0.0,0.0,0.0,0.0,0.0,0.0,0.0,0.0,0.0,0.0,0.0,0.0,0.0,0.0,0.0,0.0,0.0,0.0,0.0,0.0,0.0,0.0
0.0,0.0,0.0,0.1632244493812314,0.0,0.6440510582178613,0.0,0.0,0.0,0.0,2.0715929875149457,0.0,0.0,4.832672658376245,0.0,0.0,0.0,0.0,0.0,0.0,0.0,0.0,0.0,0.0,0.0,0.0,0.0,0.0,0.0,0.0,0.0,0.0,0.0,0.0,0.0,0.0,0.0
0.0,0.0,0.0,0.1615154594182956,1.7329299934207474,0.5034936591982745,0.0,0.0,0.0,0.0,2.0577938104047417,0.0,0.0,1.7699417751281046,0.0,0.0,0.0,0.0,0.0,0.0,0.0,0.0,0.0,0.0,0.0,0.0,0.0,0.0,0.0,0.0,0.0,0.0,0.0588989742100229,0.0,0.0,0.0,0.0
0.0,0.0,0.0,0.1024217773228842,2.25734529644231,0.0457564624957677,0.0,0.0,0.0,0.0,1.8359898382795772,0.0,0.0,0.3652826230972003,0.0,0.0175121109932652,0.0,0.0,0.0,0.0,0.0,0.0,0.0,0.0,0.0,0.0,0.0,0.0,0.0,0.4666435480117485,0.0,0.4740235954522516,0.0,0.0,0.0,0.0,0.0
0.0,0.0,0.0,0.0388406757265284,4.508516456931793,0.0,0.0,0.0,0.0,0.0,1.6372240500523303,0.0,0.0,0.0,0.0,0.0883901701308782,29.14719792604441,0.0,0.0,0.0,0.0,120.40522518157924,0.0,0.0,0.0,0.0,0.0,0.0,0.0,0.5801618076860707,0.0,0.5494385808705851,0.0,0.0,0.0,0.0,0.0
0.0,0.0,0.0,0.0692929401993716,68.58440685272214,0.4087426229379792,0.0,0.0,0.0,0.0,2.379050604905884,0.0,0.0,33.22562781162552,0.2963688410818558,0.0,12.190359246730676,0.0,0.0,0.0,0.0,633.1017906188965,0.0,0.0,0.0,0.0,0.0,0.0,8.743404607474782,2.2511872589587947,0.0,2.581857636570898,1.6712563466280632,0.0,0.0,0.0,0.0
0.0,0.0,0.0,0.5334347970783682,255.7050980329512,6.214088552165763,61.99157480001443,0.0,0.0,0.0,32.22554548494509,0.0,0.0,131.65298325940958,2.352925258129834,1.1141172125935552,62.14747625589361,0.0,0.0,0.0,0.0,1774.0355224609375,0.0,0.0,0.0,49.80506221055978,0.0,0.0,140.1196705177425,17.040466152504077,0.0,42.459323033690445,10.747843030840151,0.0,0.0,0.0,0.0
0.0,0.0,0.0,3.266764022409914,628.6593277454375,47.90464888140557,362.3071299165486,0.0,0.0,0.0,178.43926129788153,0.0,0.0,333.16533923149103,7.62215234041214,2.101475790143012,256.67462633848174,0.0,0.0,0.0,0.0,2695.7903900146484,0.0,0.0,0.0,248.7188961744308,24.019879302382467,0.0,815.4843969106673,83.40315025746821,0.0,193.56702500581736,43.29883740842341,0.0,0.0,0.0,0.0
0.0,0.0,0.0,8.887507230043411,1186.8854053020475,171.99560298025605,811.2053233921528,0.0,0.0,0.0,502.8479811072349,0.0,0.0,616.6465968638657,16.485017323493953,3.1782659441232672,604.8868625640868,0.0,0.0,0.0,0.0,3358.6698211669923,0.0,0.0,0.0,555.4477128505707,49.85367836952209,0.0,1528.5431088447572,225.3237435221672,0.0,377.4101008176804,97.9989077746868,0.0,0.0,0.0,0.0
0.0,0.0,0.0,18.222674787044525,1590.9307627677915,264.492847263813,1195.4660309791566,0.0,0.0,0.0,1044.2743928611278,0.0,0.0,907.9305958747864,23.89360574483872,4.341223865747452,984.9033293843268,0.0,0.0,0.0,0.0,3806.752011108399,0.0,0.0,0.0,712.7676012039185,68.53385581970215,0.0,2032.795281112194,300.1771081447601,0.0,473.4677474498749,154.58590650558472,0.0,0.0,0.0,0.0
0.0,0.0,0.0,29.330171585083008,1826.4863188266756,287.2446794807911,1413.2560603260995,0.0,0.0,0.0,1456.8446990430357,0.0,0.0,1056.0398307442665,27.705280262231827,6.101794600486755,1235.887965154648,0.0,0.0,0.0,0.0,3998.594705200195,0.0,0.0,0.0,766.8257159233093,79.94419537782669,0.0,2267.1205902218817,329.52766582965853,0.0,500.5190049409866,175.65662622451782,0.0,0.0,0.0,0.0
0.0,0.0,0.0,38.5487585067749,1945.9939427375796,300.9285825788975,1521.1,0.0,0.0,0.0,1740.7045538663865,0.0,0.0,1128.2224494218826,29.20684508085251,7.407151520252228,1417.3562792301177,0.0,0.0,0.0,0.0,4061.626412963867,0.0,0.0,0.0,770.6836874485016,85.60610140562058,0.0,2405.7266767144206,342.01560575962066,0.0,502.7820824384689,187.7978680729866,0.0,0.0,0.0,0.0
0.0,0.0,0.0,43.63138854503632,1968.798193693161,304.1591123342514,1521.1,0.0,0.0,0.0,1847.09668405056,0.0,0.0,1151.8604739010334,28.9813351392746,8.228412091732025,1514.9890993833542,0.0,0.0,0.0,0.0,3976.6939910888673,0.0,0.0,0.0,746.594339466095,86.59628320932389,0.0,2453.603724133968,345.99817273020744,0.0,496.6843318939209,191.89979779720304,0.0,0.0,0.0,0.0
0.0,0.0,0.0,43.84788131713867,1912.110631465912,297.67064094543457,1521.1,0.0,0.0,0.0,1817.5938399612903,0.0,0.0,1143.252976089716,27.943056321144105,8.495501041412354,1532.7654477119445,0.0,0.0,0.0,0.0,3810.0843505859375,0.0,0.0,0.0,707.8917729377747,83.82982048988342,0.0,2433.4233892083166,345.2471053004265,0.0,479.4477691650391,0.0,0.0,0.0,0.0,0.0
0.0,0.0,0.0,37.02687156200409,1734.5114393234253,289.15305185317993,0.0,0.0,0.0,0.0,1719.7055289566515,0.0,0.0,0.0,25.354836523532867,7.616502523422241,1551.2182653427124,0.0,0.0,0.0,0.0,0.0,0.0,0.0,0.0,678.4844505310059,0.0,0.0,0.0,356.10212084054945,0.0,434.9474198818207,0.0,0.0,0.0,0.0,0.0
0.0,0.0,0.0,26.946402609348294,1534.50856423378,0.0,0.0,0.0,0.0,0.0,1492.99284709692,0.0,0.0,0.0,21.262032973766328,0.0,0.0,0.0,0.0,0.0,0.0,0.0,0.0,0.0,0.0,608.2155661582947,0.0,0.0,0.0,0.0,0.0,377.56773042678833,0.0,0.0,0.0,0.0,0.0
0.0,0.0,0.0,0.0,0.0,0.0,0.0,0.0,0.0,0.0,0.0,0.0,0.0,0.0,0.0,0.0,0.0,0.0,0.0,0.0,0.0,0.0,0.0,0.0,0.0,0.0,0.0,0.0,0.0,0.0,0.0,0.0,0.0,0.0,0.0,0.0,0.0
0.0,0.0,0.0,0.0,0.0,0.0,0.0,0.0,0.0,0.0,0.0,0.0,0.0,0.0,0.0,0.0,0.0,0.0,0.0,0.0,0.0,0.0,0.0,0.0,0.0,0.0,0.0,0.0,0.0,0.0,0.0,0.0,0.0,0.0,0.0,0.0,0.0
0.0,0.0,0.0,0.0,0.0,0.0,0.0,0.0,0.0,0.0,0.0,0.0,0.0,0.0,0.0,0.0,0.0,0.0,0.0,0.0,0.0,0.0,0.0,0.0,0.0,0.0,0.0,0.0,0.0,0.0,0.0,0.0,0.0,0.0,0.0,0.0,0.0
0.0,0.0,0.0,0.0,0.0,0.0,0.0,0.0,0.0,0.0,0.0,0.0,0.0,0.0,0.0,0.0,0.0,0.0,0.0,0.0,0.0,0.0,0.0,0.0,0.0,0.0,0.0,0.0,0.0,0.0,0.0,0.0,0.0,0.0,0.0,0.0,0.0
0.0,0.0,0.0,0.0,0.0,0.0,0.0,0.0,0.0,0.0,0.0,0.0,0.0,0.0,0.0,0.0,0.0,0.0,0.0,0.0,0.0,0.0,0.0,0.0,0.0,0.0,0.0,0.0,0.0,0.0,0.0,0.0,0.0,0.0,0.0,0.0,0.0
0.0,0.0,0.0,0.0,0.0,0.0,0.0,0.0,0.0,0.0,0.0,0.0,0.0,0.0,0.0,0.0,0.0,0.0,0.0,0.0,0.0,0.0,0.0,0.0,0.0,0.0,0.0,0.0,0.0,0.0,0.0,0.0,0.0,0.0,0.0,0.0,0.0
0.0,0.0,0.0,0.0,0.0,0.0,0.0,0.0,0.0,0.0,0.0,0.0,0.0,0.0,0.0,0.0,0.0,0.0,0.0,0.0,0.0,0.0,0.0,0.0,0.0,0.0,0.0,0.0,0.0,0.0,0.0,0.0,0.0,0.0,0.0,0.0,0.0
0.0,0.0,0.0,0.0,0.0,0.0,0.0,0.0,0.0,0.0,0.0,0.0,0.0,0.0,0.0,0.0,0.0,0.0,0.0,0.0,0.0,0.0,0.0,0.0,0.0,0.0,0.0,0.0,0.0,0.0,0.0,0.0,0.0,0.0,0.0,0.0,0.0
0.0,0.0,0.0,0.0,0.0,0.0,0.0,0.0,0.0,0.0,0.0,0.0,0.0,0.0,0.0,0.0,0.0,0.0,0.0,0.0,0.0,0.0,0.0,0.0,0.0,0.0,0.0,0.0,0.0,0.0,0.0,0.0,0.0,0.0,0.0,0.0,0.0
0.0,0.0,0.0,0.0,0.0,0.0,0.0,0.0,0.0,0.0,0.0,0.0,0.0,0.0,0.0,0.0,0.0,0.0,0.0,0.0,0.0,0.0,0.0,0.0,0.0,0.0,0.0,0.0,0.0,0.5292617887258486,0.0,0.0,0.0,0.0,0.0,0.0,0.0
0.0,0.0,0.0,0.0,0.0,0.0,0.0,0.0,0.0,0.0,0.0,0.0,0.0,1.8869957560673312,0.0,0.0,0.0,0.0,0.0,0.0,0.0,0.0,0.0,0.0,0.0,0.0,0.0,0.0,0.0,0.4685970731079468,0.0,0.0,0.0,0.0,0.0,0.0,0.0
0.0,0.0,0.0,0.0,2.065304640680361,0.0,0.0,0.0,0.0,0.0,1.9199800385161103,0.0,0.0,1.0899981576948166,0.0,0.0,0.0,0.0,0.0,0.0,0.0,0.0,0.0,0.0,0.0,0.0,0.0,0.0,0.0,0.4768563546240121,0.0,0.5824455320834906,0.0,0.0,0.0,0.0,0.0
0.0,0.0,0.0,0.0318363979458752,3.7312157973646896,0.0,0.0,0.0,0.0,0.0,1.6179047782903366,0.0,0.0,0.0,0.0554585203528387,0.0,20.83320757150633,0.0,0.0,0.0,0.0,0.0,0.0,0.0,0.0,0.0,0.0,0.0,0.0,0.6317793883383133,0.0,0.6821705698966746,0.0,0.0,0.0,0.0,0.0
0.0,0.0,0.0,0.0652377195656292,46.78615577518936,0.5033580968156025,0.0,0.0,0.0,0.0,2.24672726113336,0.0,0.0,25.46660562977182,0.3310184519737933,0.0,10.915988647937722,0.0,0.0,0.0,0.0,773.668447113037,0.0,0.0,0.0,0.0,0.6934736974537348,0.0,7.867809453606384,3.86432744786141,0.0,2.2407768368720515,2.044319476000964,0.0,0.0,0.0,0.0
0.0,0.0,0.0,0.7236216999590377,205.81658181548104,5.539785875007474,34.271752468310204,0.0,0.0,0.0,15.114211988914658,0.0,0.0,79.43339879624533,2.26937658637762,1.004697531461715,65.64369121789913,0.0,0.0,0.0,0.0,1970.0538940429683,0.0,0.0,0.0,0.0,4.723305338621139,0.0,141.29792357087118,30.58353368937969,0.0,37.34217586368318,13.867792457342148,0.0,0.0,0.0,0.0
0.0,0.0,0.0,3.7236857041716553,525.9656910300254,45.31665820628402,238.63940254747857,0.0,0.0,0.0,113.63465541414914,0.0,0.0,193.8580083474517,7.663406914472579,1.932040363550185,263.9622072100639,0.0,0.0,0.0,0.0,2822.395932006836,0.0,0.0,0.0,334.0449218034744,15.06912190318107,0.0,721.7541476011277,136.71765594482423,0.0,173.06964999437332,54.52737601101398,0.0,0.0,0.0,0.0
0.0,0.0,0.0,9.530070364475243,1050.4945839643476,169.99470886588094,672.4021794945,0.0,0.0,0.0,404.4896504655479,0.0,0.0,391.7650186270475,16.394324836134906,3.085953339934348,617.2319676876068,0.0,0.0,0.0,0.0,3435.530642700195,0.0,0.0,0.0,628.0418887138367,37.20692852139473,0.0,1383.5822667717937,260.1194287776947,0.0,357.07146775722504,116.6794475018978,0.0,0.0,0.0,0.0
0.0,0.0,0.0,19.567797303199768,1488.0368735790253,254.5925817489624,1079.5453238368034,0.0,0.0,0.0,908.8757142990828,0.0,0.0,637.3397354036568,24.582560688257217,0.0,997.5296736478806,0.0,0.0,0.0,0.0,3883.951797485352,0.0,0.0,0.0,770.2906925678253,0.0,0.0,1898.802381169796,320.1563921391964,0.0,461.22215509414673,167.73713570833206,0.0,0.0,0.0,0.0
0.0,0.0,0.0,29.695234060287472,1717.367607831955,276.16136521101,1302.4576325118542,0.0,0.0,0.0,1280.7598757207393,0.0,0.0,775.2954642474651,27.384566169977187,6.068881243467331,1234.908622932434,0.0,0.0,0.0,0.0,4002.385787963867,0.0,0.0,0.0,801.0268221855164,72.85466457605362,0.0,2141.065519070625,351.2634705543518,0.0,492.1231201887131,184.77366918325424,0.0,0.0,0.0,0.0
0.0,0.0,0.0,39.379637241363525,1851.281806468964,289.11683091521263,1439.5570521056654,0.0,0.0,0.0,1562.1582557082177,0.0,0.0,899.6227307617664,28.79578056335449,7.334967851638794,1410.6680705070496,0.0,0.0,0.0,0.0,4041.859167480469,0.0,0.0,0.0,802.7551383018493,78.77203832864761,0.0,2282.2334572196005,365.0505193173885,0.0,505.1571835279465,196.09542274475095,0.0,0.0,0.0,0.0
0.0,0.0,0.0,47.11070156097412,1888.0860102176664,292.66901111602783,1475.8200009047982,0.0,0.0,0.0,1666.089724767208,0.0,0.0,953.8172814249992,29.36217893958092,8.072782933712006,1508.6893181324006,0.0,0.0,0.0,0.0,3970.7371185302736,0.0,0.0,0.0,786.7577702522278,79.95725966691971,0.0,2368.985806334019,369.3894889295101,0.0,501.0318304300308,198.99361771345136,0.0,0.0,0.0,0.0
0.0,0.0,0.0,0.0,1850.642739057541,0.0,1444.4466860055925,0.0,0.0,0.0,1661.833746623993,0.0,0.0,0.0,0.0,8.344120442867279,1523.1091824293137,0.0,0.0,0.0,0.0,0.0,0.0,0.0,0.0,756.02605509758,0.0,0.0,0.0,362.9306370615959,0.0,484.248242020607,0.0,0.0,0.0,0.0,0.0
0.0,0.0,0.0,0.0,0.0,0.0,0.0,0.0,0.0,0.0,0.0,0.0,0.0,0.0,0.0,0.0,1540.4001496315002,0.0,0.0,0.0,0.0,0.0,0.0,0.0,0.0,0.0,0.0,0.0,0.0,365.5970845937729,0.0,439.8735514879226,0.0,0.0,0.0,0.0,0.0
0.0,0.0,0.0,0.0,0.0,0.0,0.0,0.0,0.0,0.0,0.0,0.0,0.0,0.0,0.0,0.0,0.0,0.0,0.0,0.0,0.0,0.0,0.0,0.0,0.0,0.0,0.0,0.0,0.0,0.0,0.0,381.95093154907227,0.0,0.0,0.0,0.0,0.0
0.0,0.0,0.0,0.0,0.0,0.0,0.0,0.0,0.0,0.0,0.0,0.0,0.0,0.0,0.0,0.0,0.0,0.0,0.0,0.0,0.0,0.0,0.0,0.0,0.0,0.0,0.0,0.0,0.0,0.0,0.0,0.0,0.0,0.0,0.0,0.0,0.0
0.0,0.0,0.0,0.0,0.0,0.0,0.0,0.0,0.0,0.0,0.0,0.0,0.0,0.0,0.0,0.0,0.0,0.0,0.0,0.0,0.0,0.0,0.0,0.0,0.0,0.0,0.0,0.0,0.0,0.0,0.0,0.0,0.0,0.0,0.0,0.0,0.0
0.0,0.0,0.0,0.0,0.0,0.0,0.0,0.0,0.0,0.0,0.0,0.0,0.0,0.0,0.0,0.0,0.0,0.0,0.0,0.0,0.0,0.0,0.0,0.0,0.0,0.0,0.0,0.0,0.0,0.0,0.0,0.0,0.0,0.0,0.0,0.0,0.0
0.0,0.0,0.0,0.0,0.0,0.0,0.0,0.0,0.0,0.0,0.0,0.0,0.0,0.0,0.0,0.0,0.0,0.0,0.0,0.0,0.0,0.0,0.0,0.0,0.0,0.0,0.0,0.0,0.0,0.0,0.0,0.0,0.0,0.0,0.0,0.0,0.0
0.0,0.0,0.0,0.0,0.0,0.0,0.0,0.0,0.0,0.0,0.0,0.0,0.0,0.0,0.0,0.0,0.0,0.0,0.0,0.0,0.0,0.0,0.0,0.0,0.0,0.0,0.0,0.0,0.0,0.0,0.0,0.0,0.0,0.0,0.0,0.0,0.0
0.0,0.0,0.0,0.0,0.0,0.0,0.0,0.0,0.0,0.0,0.0,0.0,0.0,0.0,0.0,0.0,0.0,0.0,0.0,0.0,0.0,0.0,0.0,0.0,0.0,0.0,0.0,0.0,0.0,0.0,0.0,0.0,0.0,0.0,0.0,0.0,0.0
0.0,0.0,0.0,0.0,0.0,0.0,0.0,0.0,0.0,0.0,0.0,0.0,0.0,0.0,0.0,0.0,0.0,0.0,0.0,0.0,0.0,0.0,0.0,0.0,0.0,0.0,0.0,0.0,0.0,0.0,0.0,0.0,0.0,0.0,0.0,0.0,0.0
0.0,0.0,0.0,0.0,0.0,0.0,0.0,0.0,0.0,0.0,0.0,0.0,0.0,0.141878267750144,0.0,0.0,0.0,0.0,0.0,0.0,0.0,0.0,0.0,0.0,0.0,0.0,0.0,0.0,0.0,0.0,0.0,0.0,0.0,0.0,0.0,0.0,0.0
0.0,0.0,0.0,0.0,0.0,0.0,0.0,0.0,0.0,0.0,0.0,0.0,0.0,0.0,0.0,0.0,0.0,0.0,0.0,0.0,0.0,0.0,0.0,0.0,0.0,0.0,0.0,0.0,0.0,0.1150178171693902,0.0,0.0,0.0,0.0,0.0,0.0,0.0
0.0,0.0,0.0,0.0,0.0,0.0,0.0,0.0,0.0,0.0,0.0,0.0,0.0,7.457887222990295,0.0,0.0,0.0,0.0,0.0,0.0,0.0,0.0,0.0,0.0,0.0,0.0,0.0348840150982061,0.0,0.0,0.4645406529307017,0.0,0.0,0.0,0.0,0.0,0.0,0.0
0.0,0.0,0.0,0.0,0.0,0.0,0.0,0.0,0.0,0.0,0.0,0.0,0.0,2.902859630994469,0.0,0.0,0.0,0.0,0.0,0.0,0.0,0.0,0.0,0.0,0.0,0.0,0.0,0.0,0.0,0.4863398842513198,0.0,0.0,0.0,0.0,0.0,0.0,0.0
0.0,0.0,0.0,0.0,1.99853016808625,0.0534377763979086,0.0,0.0,0.0,0.0,1.787883431836803,0.0,0.0,0.4815627122296574,0.0,0.0,8.41057629585255,0.0,0.0,0.0,0.0,0.0,0.0,0.0,0.0,0.0,0.0,0.0,0.0,0.5171276740729589,0.0,0.0,0.0,0.0,0.0,0.0,0.0
0.0,0.0,0.0,0.0,3.991493169218197,0.0,0.0,0.0,0.0,0.0,1.5408501902594098,0.0,0.0,0.0,0.0941110163927048,0.0,15.54273715019209,0.0,0.0,0.0,0.0,76.58549747467023,0.0,0.0,0.0,0.0,0.0,0.0,0.0,0.6210598953067884,0.0,0.5153865665197214,0.0,0.0,0.0,0.0,0.0
0.0,0.0,0.0,0.0452983099967198,48.33995699882499,0.4217196023091283,0.0,0.0,0.0,0.0,2.297490941546752,0.0,0.0,28.50728059653185,0.4982149098068453,0.0,5.29543454647064,0.0,0.0,0.0,0.0,580.0359344482421,0.0,0.0,0.0,0.0,0.0,0.0,6.420199902355473,2.5931625172495547,0.0,2.7818952798843024,1.4860939448699306,0.0,0.0,0.0,0.0
0.0,0.0,0.0,0.975766923278569,190.5788852274416,5.083933660760519,29.294057717919312,0.0,0.0,0.0,14.703949230629744,0.0,0.0,129.27502997219565,3.164971567690371,0.0,30.20774343013744,0.0,0.0,0.0,0.0,1576.5165252685547,0.0,0.0,0.0,52.78124810755246,0.0,0.0,128.005775336921,25.19179270863533,0.0,32.21357112377877,8.773889115080223,0.0,0.0,0.0,0.0
0.0,0.0,0.0,4.598779797554014,471.34090900421137,39.24082207679746,199.50612504631272,0.0,0.0,0.0,107.08291122652568,0.0,0.0,358.08208335191006,9.81358636021614,1.760881066322326,178.57147126197808,0.0,0.0,0.0,0.0,2419.903698730469,0.0,0.0,0.0,239.971287727356,3.4150114610791147,0.0,785.7316370606422,118.30522208809852,0.0,148.69095534086225,37.12449683248996,0.0,0.0,0.0,0.0
0.0,0.0,0.0,11.654526948928828,942.1128752231596,152.18312250077722,562.7707414031029,0.0,0.0,0.0,361.3228408589959,0.0,0.0,659.8901687562466,19.681498879194255,2.8648854792118064,458.3501779317855,0.0,0.0,0.0,0.0,3068.4550750732424,0.0,0.0,0.0,494.3748010158539,11.953360655903817,0.0,1450.4217917442322,253.6260167956352,0.0,315.7294158935547,86.53081327676772,0.0,0.0,0.0,0.0
0.0,0.0,0.0,22.92148959636688,1371.6106972694397,250.4390168786049,933.7068316876888,0.0,0.0,0.0,817.2158839583396,0.0,0.0,980.1194056868552,26.839013707637783,4.05944898724556,823.4750047087668,0.0,0.0,0.0,0.0,3525.014373779297,0.0,0.0,0.0,684.3350676059723,30.04434130191803,0.0,1947.4397058606148,318.75116618275644,0.0,425.3072910308838,143.07720783352852,0.0,0.0,0.0,0.0
0.0,0.0,0.0,36.02813637256622,1633.166345834732,271.0167411863804,1183.8217011749744,0.0,0.0,0.0,1151.0084171533586,0.0,0.0,1126.187205016613,30.67905322909355,5.737319648265838,1061.1138657808303,0.0,0.0,0.0,0.0,3692.061572265625,0.0,0.0,0.0,723.5811514377594,47.42307382225989,0.0,2192.0461942434317,347.45011927485467,0.0,442.8939543962479,160.9111985564232,0.0,0.0,0.0,0.0
0.0,0.0,0.0,47.95584487915039,1787.8586225509644,282.21774023771286,1319.1055616497993,0.0,0.0,0.0,1446.462428736687,0.0,0.0,1195.7062701880932,32.3898931145668,7.1016581654548645,1233.4301716327668,0.0,0.0,0.0,0.0,3763.6985870361327,0.0,0.0,0.0,739.0393628120422,58.340046238899234,0.0,2349.840956485272,352.4268225729465,0.0,462.738312959671,171.77692794799805,0.0,0.0,0.0,0.0
0.0,0.0,0.0,55.48660635948181,1829.437985420227,283.7501440644264,1357.3495325088502,0.0,0.0,0.0,1561.9576760232449,0.0,0.0,1209.4698904454708,32.00572283864021,7.980816304683685,1325.0230610370636,0.0,0.0,0.0,0.0,3727.833227539063,0.0,0.0,0.0,731.9101126670837,62.954175209999086,0.0,2418.2926148533816,350.5612324655056,0.0,462.9688547849655,176.04688036441803,0.0,0.0,0.0,0.0
0.0,0.0,0.0,58.56125605106354,1791.9008784294128,275.5592087507248,1341.7979200184343,0.0,0.0,0.0,1558.614274418354,0.0,0.0,1183.471131771803,30.525717347860336,0.0,1319.7107116937636,0.0,0.0,0.0,0.0,3596.3982513427736,0.0,0.0,0.0,707.1542346000672,63.48536264896393,0.0,2421.7625580191607,345.2721057355404,0.0,455.3254154920578,0.0,0.0,0.0,0.0,0.0
0.0,0.0,0.0,55.10478484630585,1644.1085622310638,0.0,1301.1963969111443,0.0,0.0,0.0,0.0,0.0,0.0,1102.6693613827229,27.930323660373688,0.0,1349.2183296203614,0.0,0.0,0.0,0.0,3339.072329711914,0.0,0.0,0.0,0.0,57.18601062297821,0.0,0.0,352.3437377154827,0.0,413.9758642911911,0.0,0.0,0.0,0.0,0.0
0.0,0.0,0.0,0.0,0.0,0.0,1152.8818538486958,0.0,0.0,0.0,0.0,0.0,0.0,987.7937720716,0.0,0.0,1305.6912868261338,0.0,0.0,0.0,0.0,0.0,0.0,0.0,0.0,0.0,49.25250450372696,0.0,0.0,344.38924126029013,0.0,0.0,0.0,0.0,0.0,0.0,0.0
0.0,0.0,0.0,0.0,0.0,0.0,0.0,0.0,0.0,0.0,0.0,0.0,0.0,0.0,0.0,0.0,0.0,0.0,0.0,0.0,0.0,0.0,0.0,0.0,0.0,0.0,0.0,0.0,0.0,329.2043237447739,0.0,0.0,0.0,0.0,0.0,0.0,0.0
0.0,0.0,0.0,0.0,0.0,0.0,0.0,0.0,0.0,0.0,0.0,0.0,0.0,0.0,0.0,0.0,0.0,0.0,0.0,0.0,0.0,0.0,0.0,0.0,0.0,0.0,0.0,0.0,0.0,0.0,0.0,0.0,0.0,0.0,0.0,0.0,0.0
0.0,0.0,0.0,0.0,0.0,0.0,0.0,0.0,0.0,0.0,0.0,0.0,0.0,0.0,0.0,0.0,0.0,0.0,0.0,0.0,0.0,0.0,0.0,0.0,0.0,0.0,0.0,0.0,0.0,0.0,0.0,0.0,0.0,0.0,0.0,0.0,0.0
0.0,0.0,0.0,0.0,0.0,0.0,0.0,0.0,0.0,0.0,0.0,0.0,0.0,0.0,0.0,0.0,0.0,0.0,0.0,0.0,0.0,0.0,0.0,0.0,0.0,0.0,0.0,0.0,0.0,0.0,0.0,0.0,0.0,0.0,0.0,0.0,0.0
0.0,0.0,0.0,0.0,0.0,0.0,0.0,0.0,0.0,0.0,0.0,0.0,0.0,0.0,0.0,0.0,0.0,0.0,0.0,0.0,0.0,0.0,0.0,0.0,0.0,0.0,0.0,0.0,0.0,0.0,0.0,0.0,0.0,0.0,0.0,0.0,0.0
0.0,0.0,0.0,0.0,0.0,0.0,0.0,0.0,0.0,0.0,0.0,0.0,0.0,0.0,0.0,0.0,0.0,0.0,0.0,0.0,0.0,0.0,0.0,0.0,0.0,0.0,0.0,0.0,0.0,0.0,0.0,0.0,0.0,0.0,0.0,0.0,0.0
0.0,0.0,0.0,0.0,0.0,0.0,0.0,0.0,0.0,0.0,0.0,0.0,0.0,0.0,0.0,0.0,0.0,0.0,0.0,0.0,0.0,0.0,0.0,0.0,0.0,0.0,0.0,0.0,0.0,0.0,0.0,0.0,0.0,0.0,0.0,0.0,0.0
0.0,0.0,0.0,0.0,0.0,0.0,0.0,0.0,0.0,0.0,0.0,0.0,0.0,0.0,0.0,0.0,0.0,0.0,0.0,0.0,0.0,0.0,0.0,0.0,0.0,0.0,0.0,0.0,0.0,0.0,0.0,0.0,0.0,0.0,0.0,0.0,0.0
0.0,0.0,0.0,0.0,0.0,0.0,0.0,0.0,0.0,0.0,0.0,0.0,0.0,0.0,0.0,0.0,0.0,0.0,0.0,0.0,0.0,0.0,0.0,0.0,0.0,0.0,0.0,0.0,0.1376628085970878,0.1029452078044117,0.0,0.0,0.0,0.0,0.0,0.0,0.0
0.0,0.0,0.0,0.0,0.0,0.0,0.0,0.0,0.0,0.0,0.0,0.0,0.0,1.0382185364141694,0.0,0.0,0.0,0.0,0.0,0.0,0.0,1.954412078857344,0.0,0.0,0.0,0.0,0.0,0.0,0.1638758808374404,0.3530257083475536,0.0,0.0,0.0,0.0,0.0,0.0,0.0
0.0,0.0,0.0,0.283157296478744,0.0,0.0,0.0,0.0,0.0,0.0,0.0,0.0,0.0,2.042024494148639,0.0,0.0,1.665310776233581,0.0,0.0,0.0,0.0,8.975404739379576,0.0,0.0,0.0,0.0,0.0,0.0,0.0,0.3334055215120233,0.0,0.0,0.0,0.0,0.0,0.0,0.0
0.0,0.0,0.0,0.2548091504722788,3.981862463057034,0.114825496450057,0.0,0.0,0.0,0.0,1.7943857007192543,0.0,0.0,0.4845956852658578,0.0961228542029851,0.0,7.182843959331401,0.0,0.0,0.0,0.0,2.77027540206889,0.0,0.0,0.0,0.0,0.7523180548101598,0.0,0.0,0.3621899962424885,0.0,0.0,0.0,0.0,0.0,0.0,0.0
0.0,0.0,0.0,0.0872053168714032,7.095574013888726,0.0,0.0,0.0,0.0,0.0,1.5923067961818689,0.0,0.0,0.0,0.0588417448103409,0.0,16.08333650827399,0.0,0.0,0.0,0.0,5.278739166259718,0.0,0.0,0.0,0.0,0.0,0.0,0.0,0.4671297326683727,0.0,1.3340387940406435,0.0,0.0,0.0,0.0,0.0
0.0,0.0,0.0,0.210879845544692,38.872091948986,0.5889403754844997,9.92958408184337,0.0,0.0,0.0,3.444276301935315,0.0,0.0,40.67920457106079,0.3199198700487605,0.0,8.270538938045359,0.0,0.0,0.0,0.0,372.03764762878376,0.0,0.0,0.0,4.55100394971664,0.0,0.0,0.0,1.4323351442813856,0.0,10.418055012822112,1.7004318647086445,0.0,0.0,0.0,0.0
0.0,0.0,0.0,1.3730027787387369,165.72183358669275,14.598115846514668,99.21312068104731,0.0,0.0,0.0,26.218974745087223,0.0,0.0,167.72334061563004,2.465495860576627,0.0,65.22143415212616,0.0,0.0,0.0,0.0,1239.8999908447263,0.0,0.0,0.0,67.88323048353189,3.9106620728969546,0.0,54.3720576629041,23.77700707316396,0.0,0.0,11.536115221679196,0.0,0.0,0.0,0.0
0.0,0.0,0.0,5.422422304749486,432.3464457988737,92.47425024211404,336.1830474868417,0.0,0.0,0.0,152.74714303389183,0.0,0.0,398.0355907976627,8.082208102941513,0.0,262.8979845762252,0.0,0.0,0.0,0.0,2252.3192626953123,0.0,0.0,0.0,258.88815014362336,12.790720421075816,0.0,495.07457315325735,115.4042461067438,0.0,281.5605697631836,46.36051002144812,0.0,0.0,0.0,0.0
0.0,0.0,0.0,13.27542895078659,874.1239601373671,222.5676039159298,663.7246682196856,0.0,0.0,0.0,417.9953153491021,0.0,0.0,682.6182785630225,16.26464877426624,0.0,621.100859749317,0.0,0.0,0.0,0.0,2995.6944244384767,0.0,0.0,0.0,507.51681900024414,30.018335640430447,0.0,1181.903562146425,252.3143960297108,0.0,423.39811766147614,103.96159145236015,0.0,0.0,0.0,0.0
0.0,0.0,0.0,26.095098912715912,1323.1279685497284,308.62700894474983,1013.5043948829174,0.0,0.0,0.0,896.5174153923988,0.0,0.0,981.4759014546872,23.49462323784828,0.0,1012.3143705010413,0.0,0.0,0.0,0.0,3526.604086303711,0.0,0.0,0.0,684.8803076267243,50.87529172897339,0.0,1778.1773233890533,318.99409449696543,0.0,484.6072772741318,160.035982131958,0.0,0.0,0.0,0.0
0.0,0.0,0.0,38.61439037322998,1617.7213969230652,334.66635036468506,1230.7106347084043,0.0,0.0,0.0,1243.319690710306,0.0,0.0,1118.81310865283,27.22923649549484,5.970931142568588,1247.9040897369384,0.0,0.0,0.0,0.0,3758.7871276855462,0.0,0.0,0.0,741.0538115024567,65.15036298036576,0.0,2012.022275495529,351.30210759043695,0.0,503.45081520080566,178.76568347215652,0.0,0.0,0.0,0.0
0.0,0.0,0.0,45.19010841846466,1775.9248237609863,349.525637537241,1359.1620090305803,0.0,0.0,0.0,1494.2473177433014,0.0,0.0,1174.6377485990524,28.67378886938095,0.0,1417.661726140976,0.0,0.0,0.0,0.0,3859.303784179688,0.0,0.0,0.0,761.1192687511444,72.82926764488221,0.0,2141.864281451702,361.6733752548694,0.0,510.1946569681168,189.7291423082352,0.0,0.0,0.0,0.0
0.0,0.0,0.0,49.80055487155914,1827.9194593429563,353.36798444390297,1391.3043412804604,0.0,0.0,0.0,1560.8142768859864,0.0,0.0,1165.4855220019815,28.611175811290742,0.0,1507.7467472076416,0.0,0.0,0.0,0.0,3800.9279541015626,0.0,0.0,0.0,751.3717575073242,75.04193795919419,0.0,2159.999721848965,359.5406061768532,0.0,499.6752039194107,191.40084671974185,0.0,0.0,0.0,0.0
0.0,0.0,0.0,49.2046537399292,1804.5001044273376,345.051460146904,1372.2122751772404,0.0,0.0,0.0,1487.2929393351078,0.0,0.0,1109.5564521849155,26.8879819393158,0.0,1505.901073217392,0.0,0.0,0.0,0.0,3637.6799865722655,0.0,0.0,0.0,729.2500218391418,72.33647118806839,0.0,2101.9222353458404,349.23274167776106,0.0,477.28182423114777,185.9988848567009,0.0,0.0,0.0,0.0
0.0,0.0,0.0,42.653968930244446,0.0,326.4909839332104,0.0,0.0,0.0,0.0,1360.122299838066,0.0,0.0,0.0,24.22433692216873,0.0,1512.7456825256347,0.0,0.0,0.0,0.0,3364.1638763427736,0.0,0.0,0.0,0.0,0.0,0.0,1925.4334488272664,351.78594918847085,0.0,429.83775186538696,175.73977309465408,0.0,0.0,0.0,0.0
0.0,0.0,0.0,32.25563442707062,0.0,0.0,0.0,0.0,0.0,0.0,1106.5047486931082,0.0,0.0,888.859625607729,19.92967278957367,0.0,1437.7876378059386,0.0,0.0,0.0,0.0,0.0,0.0,0.0,0.0,0.0,0.0,0.0,0.0,341.291506934166,0.0,368.6122300624848,0.0,0.0,0.0,0.0,0.0
0.0,0.0,0.0,0.0,0.0,0.0,0.0,0.0,0.0,0.0,0.0,0.0,0.0,0.0,0.0,0.0,1328.4902266740798,0.0,0.0,0.0,0.0,0.0,0.0,0.0,0.0,0.0,0.0,0.0,0.0,326.3464951872826,0.0,0.0,0.0,0.0,0.0,0.0,0.0
0.0,0.0,0.0,0.0,0.0,0.0,0.0,0.0,0.0,0.0,0.0,0.0,0.0,0.0,0.0,0.0,1201.9745329380034,0.0,0.0,0.0,0.0,0.0,0.0,0.0,0.0,0.0,0.0,0.0,0.0,0.0,0.0,0.0,0.0,0.0,0.0,0.0,0.0
0.0,0.0,0.0,0.0,0.0,0.0,0.0,0.0,0.0,0.0,0.0,0.0,0.0,0.0,0.0,0.0,0.0,0.0,0.0,0.0,0.0,0.0,0.0,0.0,0.0,0.0,0.0,0.0,0.0,0.0,0.0,0.0,0.0,0.0,0.0,0.0,0.0
0.0,0.0,0.0,0.0,0.0,0.0,0.0,0.0,0.0,0.0,0.0,0.0,0.0,0.0,0.0,0.0,0.0,0.0,0.0,0.0,0.0,0.0,0.0,0.0,0.0,0.0,0.0,0.0,0.0,0.0,0.0,0.0,0.0,0.0,0.0,0.0,0.0
0.0,0.0,0.0,0.0,0.0,0.0,0.0,0.0,0.0,0.0,0.0,0.0,0.0,0.0,0.0,0.0,0.0,0.0,0.0,0.0,0.0,0.0,0.0,0.0,0.0,0.0,0.0,0.0,0.0,0.0,0.0,0.0,0.0,0.0,0.0,0.0,0.0
0.0,0.0,0.0,0.0,0.0,0.0,0.0,0.0,0.0,0.0,0.0,0.0,0.0,0.0,0.0,0.0,0.0,0.0,0.0,0.0,0.0,0.0,0.0,0.0,0.0,0.0,0.0,0.0,0.0,0.0,0.0,0.0,0.0,0.0,0.0,0.0,0.0
0.0,0.0,0.0,0.0,0.0,0.0,0.0,0.0,0.0,0.0,0.0,0.0,0.0,0.0,0.0,0.0,0.0,0.0,0.0,0.0,0.0,0.0,0.0,0.0,0.0,0.0,0.0,0.0,0.0,0.0,0.0,0.0,0.0,0.0,0.0,0.0,0.0
0.0,0.0,0.0,0.0,0.0,0.0,0.0,0.0,0.0,0.0,0.0,0.0,0.0,0.0,0.0,0.0,0.0,0.0,0.0,0.0,0.0,0.0,0.0,0.0,0.0,0.0,0.0,0.0,0.0,0.0,0.0,0.0,0.0,0.0,0.0,0.0,0.0
0.0,0.0,0.0,0.0,0.0,0.0,0.0,0.0,0.0,0.0,0.0,0.0,0.0,0.0,0.0,0.0,0.0,0.0,0.0,0.0,0.0,16.03380270004236,0.0,0.0,0.0,0.0,0.0,0.0,0.0,0.0,0.0,0.0,0.0,0.0,0.0,0.0,0.0
0.0,0.0,0.0,0.0,0.0,0.0,0.3710619781165075,0.0,0.0,0.0,2.127215622644827,0.0,0.0,2.5340034486725624,0.0,0.0,0.0,0.0,0.0,0.0,0.0,17.651541614532462,0.0,0.0,0.0,0.0,1.0593852767720726,0.0,0.0,0.0,0.0,0.0,0.4155878154560907,0.0,0.0,0.0,0.0
0.0,0.0,0.0,0.2618045937269901,3.349134724587123,0.0,0.0,0.0,0.0,0.0,2.0842108007984144,0.0,0.0,2.7593283075838286,0.0939875811338412,0.0188462268561112,0.0,0.0,0.0,0.0,0.0,22.683246231078897,0.0,0.0,0.0,0.0,1.0055052358657066,0.0,0.0,0.0,0.0,0.0,0.0,0.0,0.0,0.0,0.0
0.0,0.0,0.0,0.2232336886227088,4.2876191549002725,0.0,0.0,0.0,0.0,0.0,1.9162876143584024,0.0,0.0,1.1318565998225427,0.0726379886269545,0.0,5.964304447174056,0.0,0.0,0.0,0.0,0.0,0.0,0.0,0.0,0.0,0.0513180874288047,0.0,0.0,0.596082890778769,0.0,1.3224444240331577,0.0,0.0,0.0,0.0,0.0
0.0,0.0,0.0,0.0677721314132192,7.099213857203581,0.0,0.0,0.0,0.0,0.0,1.7322332492097796,0.0,0.0,0.0,0.0753302894532645,0.0,15.582879149913738,0.0,0.0,0.0,0.0,0.0,0.0,0.0,0.0,0.0,0.0,0.0,0.0,0.631820391863548,0.0,0.0,0.0,0.0,0.0,0.0,0.0
0.0,0.0,0.0,0.154822122305629,30.45291758701203,0.0,2.650024995952699,0.0,0.0,0.0,4.936651373095712,0.0,0.0,28.6226985929533,0.304294849187135,0.0139570757746693,8.332437288761051,0.0,0.0,0.0,0.0,186.39934444427465,0.0,0.0,0.0,2.119051402620943,0.0,0.0,4.516149094700617,1.468406531214707,0.0,0.0,1.7729144087061148,0.0,0.0,0.0,0.0
0.0,0.0,0.0,1.1162354238331318,156.39664566516862,19.226152382791017,103.6558119781314,0.0,0.0,0.0,38.23898614682248,0.0,0.0,96.00907443091263,2.2840483836829653,0.2695806585252274,63.9987272262572,0.0,0.0,0.0,0.0,795.8170700073242,0.0,0.0,0.0,76.4202905774116,2.7979573797434485,0.0,149.08366745486856,16.366858775168648,0.0,0.0,12.610798560082891,0.0,0.0,0.0,0.0
0.0,0.0,0.0,4.6605290919542295,427.8622849583625,116.45714192092416,417.6222070515156,0.0,0.0,0.0,196.365968928486,0.0,0.0,224.5367866754531,7.501073858141898,0.6653210818767539,268.66979128122324,0.0,0.0,0.0,0.0,1823.9532562255856,0.0,0.0,0.0,321.4145508527755,10.743540613353249,0.0,774.8204015612603,86.0084673911333,0.0,0.0,48.30092674493789,0.0,0.0,0.0,0.0
0.0,0.0,0.0,11.96833300590515,837.4268351793288,235.5990244746208,801.325327193737,0.0,0.0,0.0,493.4628115370869,0.0,0.0,408.4742076694965,16.089315265417095,1.0963560566306114,639.9541780948638,0.0,0.0,0.0,0.0,2635.104818725586,0.0,0.0,0.0,604.7349235534668,27.47261667847633,0.0,1405.4074081659317,233.43037477135655,0.0,0.0,97.0426139831543,0.0,0.0,0.0,0.0
0.0,0.0,0.0,23.649400949478142,1233.734205007553,320.2931316792965,1136.23093277812,0.0,0.0,0.0,990.7746102541684,0.0,0.0,622.0384376496075,23.61460440158844,1.501865096390247,1036.521834897995,0.0,0.0,0.0,0.0,3147.046301269532,0.0,0.0,0.0,740.7817836761475,49.253470277786256,0.0,1873.8015113472936,305.52110930681226,0.0,500.1691195964813,146.78045696020126,0.0,0.0,0.0,0.0
0.0,0.0,0.0,35.53070151805878,1455.4976596832275,344.57763385772705,1304.6772838652134,0.0,0.0,0.0,1354.5662832498551,0.0,0.0,750.2919759601353,27.54723710417748,2.7678287923336025,1283.5215038776398,0.0,0.0,0.0,0.0,3325.1943267822267,0.0,0.0,0.0,760.1414651870728,61.08390399217605,0.0,2091.1453050255777,344.530223095417,0.0,0.0,163.64509069919586,0.0,0.0,0.0,0.0
0.0,0.0,0.0,41.30360805988312,1549.3216347694397,357.81834277510643,1369.627245384455,0.0,0.0,0.0,1589.7707142472268,0.0,0.0,846.8512305617332,28.352756774425508,3.6844615042209625,1459.172598695755,0.0,0.0,0.0,0.0,3409.255163574219,0.0,0.0,0.0,745.6734394073486,67.95348999500274,0.0,2193.440768957138,360.4524308562278,0.0,530.7479720115662,174.3641909956932,0.0,0.0,0.0,0.0
0.0,0.0,0.0,44.50463604927063,1556.1059401035309,361.4639628827572,1360.418076747656,0.0,0.0,0.0,1643.39899533391,0.0,0.0,883.7566740810871,27.988221073150637,4.280002921819686,1550.0206241846086,0.0,0.0,0.0,0.0,3383.5326751708985,0.0,0.0,0.0,699.3770274162292,68.4459879398346,0.0,2193.967465174198,361.2990247845649,0.0,0.0,178.0185666680336,0.0,0.0,0.0,0.0
0.0,0.0,0.0,45.44328629970551,1507.894502878189,354.5928961932659,1311.3802102684974,0.0,0.0,0.0,1573.887217205763,0.0,0.0,881.8781200051308,26.85446822047233,4.636456906795501,1547.751344847679,0.0,0.0,0.0,0.0,3246.8491760253905,0.0,0.0,0.0,653.2466961383819,65.78436731100082,0.0,2113.8603164076803,350.00590415000914,0.0,495.9017096757889,175.33455216884613,0.0,0.0,0.0,0.0
0.0,0.0,0.0,39.74380171298981,1355.0596458911896,337.80165711045265,1255.7313513159752,0.0,0.0,0.0,0.0,0.0,0.0,0.0,24.26984687447548,4.008377939462662,1542.3044125556946,0.0,0.0,0.0,0.0,2999.515112304688,0.0,0.0,0.0,613.7408588409423,58.36463543176651,0.0,1939.224470114708,353.78888939023017,0.0,0.0,0.0,0.0,0.0,0.0,0.0
0.0,0.0,0.0,30.26879596710205,1119.7109322547913,0.0,1135.3478593289851,0.0,0.0,0.0,1242.581519496441,0.0,0.0,0.0,19.915364760160447,0.0,1453.194811439514,0.0,0.0,0.0,0.0,2514.903756713867,0.0,0.0,0.0,543.4078570842743,49.96977026462555,0.0,0.0,342.9297500669956,0.0,387.6576042175293,0.0,0.0,0.0,0.0,0.0
0.0,0.0,0.0,0.0,0.0,0.0,0.0,0.0,0.0,0.0,0.0,0.0,0.0,0.0,0.0,0.0,0.0,0.0,0.0,0.0,0.0,0.0,0.0,0.0,0.0,0.0,0.0,0.0,0.0,0.0,0.0,0.0,0.0,0.0,0.0,0.0,0.0
0.0,0.0,0.0,0.0,0.0,0.0,0.0,0.0,0.0,0.0,0.0,0.0,0.0,0.0,0.0,0.0,1207.1215340137485,0.0,0.0,0.0,0.0,0.0,0.0,0.0,0.0,0.0,0.0,0.0,0.0,0.0,0.0,0.0,0.0,0.0,0.0,0.0,0.0
0.0,0.0,0.0,0.0,0.0,0.0,0.0,0.0,0.0,0.0,0.0,0.0,0.0,0.0,0.0,0.0,0.0,0.0,0.0,0.0,0.0,0.0,0.0,0.0,0.0,0.0,0.0,0.0,0.0,0.0,0.0,0.0,0.0,0.0,0.0,0.0,0.0
0.0,0.0,0.0,0.0,0.0,0.0,0.0,0.0,0.0,0.0,0.0,0.0,0.0,0.0,0.0,0.0,0.0,0.0,0.0,0.0,0.0,0.0,0.0,0.0,0.0,0.0,0.0,0.0,0.0,0.0,0.0,0.0,0.0,0.0,0.0,0.0,0.0
0.0,0.0,0.0,0.0,0.0,0.0,0.0,0.0,0.0,0.0,0.0,0.0,0.0,0.0,0.0,0.0,0.0,0.0,0.0,0.0,0.0,0.0,0.0,0.0,0.0,0.0,0.0,0.0,0.0,0.0,0.0,0.0,0.0,0.0,0.0,0.0,0.0
0.0,0.0,0.0,0.0,0.0,0.0,0.0,0.0,0.0,0.0,0.0,0.0,0.0,0.0,0.0,0.0,0.0,0.0,0.0,0.0,0.0,0.0,0.0,0.0,0.0,0.0,0.0,0.0,0.0,0.0,0.0,0.0,0.0,0.0,0.0,0.0,0.0
0.0,0.0,0.0,0.0,0.0,0.0,0.0,0.0,0.0,0.0,0.0,0.0,0.0,0.0,0.0,0.0,0.0,0.0,0.0,0.0,0.0,0.0,0.0,0.0,0.0,0.0,0.0,0.0,0.0,0.0,0.0,0.0,0.0,0.0,0.0,0.0,0.0
0.0,0.0,0.0,0.0,0.0,0.0,0.0,0.0,0.0,0.0,0.0,0.0,0.0,0.0,0.0,0.0,0.0,0.0,0.0,0.0,0.0,0.0,0.0,0.0,0.0,0.0,0.0,0.0,0.0,0.0,0.0,0.0,0.0,0.0,0.0,0.0,0.0
0.0,0.0,0.0,0.0,0.0,0.0,0.0,0.0,0.0,0.0,0.0,0.0,0.0,0.0,0.0,0.0,0.0,0.0,0.0,0.0,0.0,14.083642959594604,0.0,0.0,0.0,0.0,0.0,0.0,0.0,0.0,0.0,0.0,0.0,0.0,0.0,0.0,0.0
0.0,0.0,0.0,0.0,0.0,0.0,0.0,0.0,0.0,0.0,1.9015952626241284,0.0,0.0,2.2527933586387614,0.0664460889995097,0.0,2.515953457355385,0.0,0.0,0.0,0.0,0.0,0.0,0.0,0.0,0.0,0.0,0.0,0.0,0.0,0.0,0.0,0.0,0.0,0.0,0.0,0.0
0.0,0.0,0.0,0.0,4.541763775050524,0.0,1.8095639206468688,0.0,0.0,0.0,1.8912723677697465,0.0,0.0,2.8835607040672184,0.0717428214848007,0.0,5.025410652160613,0.0,0.0,0.0,0.0,11.695415973663028,0.0,0.0,0.0,0.0,0.0,0.0,0.0,0.4850277714431009,0.0,0.0,0.0,0.0,0.0,0.0,0.0
0.0,0.0,0.0,0.210620988160368,5.679188206791732,0.1174053400754769,0.0,0.0,0.0,0.0,1.770149200689018,0.0,0.0,2.075745691545178,0.0567802190780639,0.0,11.294426584243684,0.0,0.0,0.0,0.0,9.359040355682112,0.0,0.0,0.0,0.0,0.0,0.0,0.0,0.4818294964730623,0.0,0.0,0.0,0.0,0.0,0.0,0.0
0.0,0.0,0.0,0.0704085156321508,8.060317736118852,0.0,0.0,0.0,0.0,0.0,1.644704255089047,0.0,0.0,1.443791901692673,0.0617869310081002,0.0,30.53978824615473,0.0,0.0,0.0,0.0,36.52630105018596,0.0,0.0,0.0,0.0,0.0,0.0,0.0,0.4630118072032558,0.0,0.0,0.0,0.0,0.0,0.0,0.0
0.0,0.0,0.0,0.2154727019369569,29.25127268210048,1.0183541825972244,7.112033524736672,0.0,0.0,0.0,4.015526634454634,0.0,0.0,45.31286184675988,0.0,0.0,14.655629599094198,0.0,0.0,0.0,0.0,339.5574550628662,0.0,0.0,0.0,0.5991691470146145,0.0,0.0,5.503115443885193,1.5738060928881108,0.0,7.4413115233182685,1.6754894955083632,0.0,0.0,0.0,0.0
0.0,0.0,0.0,1.5018772631883597,150.80654001235956,21.113852739334103,113.49632373228664,0.0,0.0,0.0,35.267068900167885,0.0,0.0,152.44133325293652,0.0,0.0,90.75474896430951,0.0,0.0,0.0,0.0,1085.0491439819334,0.0,0.0,0.0,89.62939359545706,0.0,0.0,138.8597740530967,21.665984507650137,0.0,65.62933713197705,11.766748022288068,0.0,0.0,0.0,0.0
0.0,0.0,0.0,5.7221813499927485,411.9030362367629,126.09683491289611,409.8769547849893,0.0,0.0,0.0,182.70993709042648,0.0,0.0,344.47690606117243,0.0,0.0,326.83046218156807,0.0,0.0,0.0,0.0,2082.0087127685547,0.0,0.0,0.0,346.26641657352445,2.450232624635093,0.0,821.4611344635487,107.65991029143332,0.0,249.53915345668796,47.4439647346735,0.0,0.0,0.0,0.0
0.0,0.0,0.0,14.055797755718226,837.2145694494246,246.0674344301224,793.958010417223,0.0,0.0,0.0,466.2604970902205,0.0,0.0,574.4353055953978,0.0,0.0,743.9294342041014,0.0,0.0,0.0,0.0,2826.326077270508,0.0,0.0,0.0,610.2236084938049,7.765634833276263,0.0,1552.61216776371,246.60785341262817,0.0,404.8943463563919,102.14121463894844,0.0,0.0,0.0,0.0
0.0,0.0,0.0,27.94745302200317,1259.0261144638062,329.3524114191532,1143.155262196064,0.0,0.0,0.0,962.6532434880734,0.0,0.0,832.6343828439713,0.0,0.0,1150.2201574802398,0.0,0.0,0.0,0.0,3375.8755462646486,0.0,0.0,0.0,778.3288375854493,17.557560220360752,0.0,2054.740590298176,313.7018983602524,0.0,488.852153301239,151.703988134861,0.0,0.0,0.0,0.0
0.0,0.0,0.0,42.240403175354,1482.871614694595,351.6921339929104,1316.1064665138722,0.0,0.0,0.0,1324.5620577573775,0.0,0.0,962.057135105133,0.0,5.833274871110916,1399.5296767950058,0.0,0.0,0.0,0.0,3553.448309326172,0.0,0.0,0.0,813.3419358730316,33.11287473440169,0.0,2277.533404278756,348.0332362651825,0.0,508.792675614357,168.6172246336937,0.0,0.0,0.0,0.0
0.0,0.0,0.0,53.01759910583496,1590.7510368824005,362.63519525527954,1390.4825571179392,0.0,0.0,0.0,1549.3222408175468,0.0,0.0,1036.4003686606884,0.0,7.03848534822464,1575.1036744594574,0.0,0.0,0.0,0.0,3642.229666137696,0.0,0.0,0.0,800.3950156211853,43.25901604890824,0.0,2406.1423159003257,360.8497433006763,0.0,507.56099021434784,179.05909883975983,0.0,0.0,0.0,0.0
0.0,0.0,0.0,59.2601134777069,1598.296497106552,361.79963862895966,1378.4627851009368,0.0,0.0,0.0,1586.1011502742767,0.0,0.0,1044.8220413923264,0.0,7.748423278331757,1662.5128482103348,0.0,0.0,0.0,0.0,3582.990127563477,0.0,0.0,0.0,757.947154045105,46.94335043430328,0.0,2432.776525199413,360.5121319890022,0.0,492.6800446510315,182.52756851911545,0.0,0.0,0.0,0.0
0.0,0.0,0.0,60.54395925998688,1537.137733221054,352.1574971973896,1306.2000869095325,0.0,0.0,0.0,1481.3047067523005,0.0,0.0,1029.1885164380074,0.0,7.915902376174927,1650.2019403934478,0.0,0.0,0.0,0.0,3428.9509765625,0.0,0.0,0.0,702.3328334331512,46.64330492019653,0.0,2364.2548082232474,351.23788435459136,0.0,464.494557261467,178.9935383796692,0.0,0.0,0.0,0.0
0.0,0.0,0.0,0.0,1368.6417517662048,337.0267259776592,1210.6588835477828,0.0,0.0,0.0,1306.43353292346,0.0,0.0,0.0,0.0,6.937970459461212,1637.018449687958,0.0,0.0,0.0,0.0,3147.695440673828,0.0,0.0,0.0,658.1424433231354,41.41655619740485,0.0,0.0,353.199586725235,0.0,416.1508873701096,0.0,0.0,0.0,0.0,0.0
0.0,0.0,0.0,0.0,1118.694881916046,301.8532677292824,1061.0270741462707,0.0,0.0,0.0,999.118603092432,0.0,0.0,0.0,0.0,0.0,1547.0121191978455,0.0,0.0,0.0,0.0,2697.491189575195,0.0,0.0,0.0,604.6509949207306,35.87361597418784,0.0,0.0,0.0,0.0,355.0029065608978,0.0,0.0,0.0,0.0,0.0
0.0,0.0,0.0,0.0,0.0,0.0,0.0,0.0,0.0,0.0,0.0,0.0,0.0,0.0,0.0,0.0,1413.8437623262405,0.0,0.0,0.0,0.0,2076.1436431884767,0.0,0.0,0.0,0.0,0.0,0.0,0.0,0.0,0.0,0.0,0.0,0.0,0.0,0.0,0.0
0.0,0.0,0.0,0.0,0.0,0.0,0.0,0.0,0.0,0.0,0.0,0.0,0.0,0.0,0.0,0.0,1287.8178622722626,0.0,0.0,0.0,0.0,0.0,0.0,0.0,0.0,0.0,0.0,0.0,0.0,0.0,0.0,0.0,0.0,0.0,0.0,0.0,0.0
0.0,0.0,0.0,0.0,0.0,0.0,0.0,0.0,0.0,0.0,0.0,0.0,0.0,0.0,0.0,0.0,0.0,0.0,0.0,0.0,0.0,0.0,0.0,0.0,0.0,0.0,0.0,0.0,0.0,0.0,0.0,0.0,0.0,0.0,0.0,0.0,0.0
0.0,0.0,0.0,0.0,0.0,0.0,0.0,0.0,0.0,0.0,0.0,0.0,0.0,0.0,0.0,0.0,0.0,0.0,0.0,0.0,0.0,0.0,0.0,0.0,0.0,0.0,0.0,0.0,0.0,0.0,0.0,0.0,0.0,0.0,0.0,0.0,0.0
0.0,0.0,0.0,0.0,0.0,0.0,0.0,0.0,0.0,0.0,0.0,0.0,0.0,0.0,0.0,0.0,0.0,0.0,0.0,0.0,0.0,0.0,0.0,0.0,0.0,0.0,0.0,0.0,0.0,0.0,0.0,0.0,0.0,0.0,0.0,0.0,0.0
0.0,0.0,0.0,0.0,0.0,0.0,0.0,0.0,0.0,0.0,0.0,0.0,0.0,0.0,0.0,0.0,0.0,0.0,0.0,0.0,0.0,0.0,0.0,0.0,0.0,0.0,0.0,0.0,0.0,0.0,0.0,0.0,0.0,0.0,0.0,0.0,0.0
0.0,0.0,0.0,0.0,0.0,0.0,0.0,0.0,0.0,0.0,0.0,0.0,0.0,0.0,0.0,0.0,0.0,0.0,0.0,0.0,0.0,0.0,0.0,0.0,0.0,0.0,0.0,0.0,0.0,0.0,0.0,0.0,0.0,0.0,0.0,0.0,0.0
0.0,0.0,0.0,0.0,0.0,0.0,0.0,0.0,0.0,0.0,0.0,0.0,0.0,0.0,0.0,0.0,0.0,0.0,0.0,0.0,0.0,0.0,0.0,0.0,0.0,0.0,0.0,0.0,0.0,0.0,0.0,0.0,0.0,0.0,0.0,0.0,0.0
0.0,0.0,0.0,0.0,0.0,0.0,4.544734332710491,0.0,0.0,0.0,0.0,0.0,0.0,0.0,0.0,0.0,0.0,0.0,0.0,0.0,0.0,19.73948221206656,0.0,0.0,0.0,0.0,0.0,0.0,0.0,0.0,0.0,0.0,0.0,0.0,0.0,0.0,0.0
0.0,0.0,0.0,0.0,0.0,0.0,0.0,0.0,0.0,0.0,1.951361935539131,0.0,0.0,7.163367331959274,0.0,0.0,0.0,0.0,0.0,0.0,0.0,0.0,0.0,0.0,0.0,0.0,0.0,0.0,0.1113711953163147,0.0,0.0,0.8212985247373467,0.0,0.0,0.0,0.0,0.0
0.0,0.0,0.0,0.220595687627787,3.4578472077846523,0.0,0.3615988578646613,0.0,0.0,0.0,1.942252190085024,0.0,0.0,6.867899992503095,0.0,0.0,0.0,0.0,0.0,0.0,0.0,0.0,0.0,0.0,0.0,3.2772309528663444,0.543969312310218,0.0,0.0,0.0,0.0,0.9025891870259838,0.0,0.0,0.0,0.0,0.0
0.0,0.0,0.0,0.1551031526178062,4.229767914861426,0.0048985425382852,0.0,0.0,0.0,0.0,1.8034784938673225,0.0,0.0,2.792050843126964,0.0,0.0,12.62597655057907,0.0,0.0,0.0,0.0,0.0,0.0,0.0,0.0,0.0,0.0,0.0,0.0,0.0,0.0,0.9948014318942882,0.0,0.0,0.0,0.0,0.0
0.0,0.0,0.0,0.0571454670280202,6.12942913919673,0.0,0.0,0.0,0.0,0.0,1.737704605981536,0.0,0.0,0.4546614363789453,0.1616185963153839,0.0,41.08389650583264,0.0,0.0,0.0,0.0,41.29652929306028,0.0,0.0,0.0,0.0,0.0,0.0,0.0,0.5606968484818564,0.0,1.142370626330367,0.0,0.0,0.0,0.0,0.0
0.0,0.0,0.0,0.174529293552036,33.18688923120493,0.6983246640302077,1.0810566578059393,0.0,0.0,0.0,7.932800881704149,0.0,0.0,24.915247550234177,0.7361779522150742,0.0,24.041380703449136,0.0,0.0,0.0,0.0,522.762419128418,0.0,0.0,0.0,0.0,0.0,0.0,1.5371463373301255,1.369374231249081,0.0,3.2205526828765807,0.0,0.0,0.0,0.0,0.0
0.0,0.0,0.0,1.6075174063444104,166.32454591989512,12.468787602148945,84.84528786875295,0.0,0.0,0.0,48.77171664535984,0.0,0.0,107.08421731367694,3.3171133697032924,0.9095444828271854,106.38978207111352,0.0,0.0,0.0,0.0,1646.46985168457,0.0,0.0,0.0,56.88516107797616,0.711977416276929,0.0,105.90868559032668,14.263224166259132,0.0,48.10972376167772,12.8424672037363,0.0,0.0,0.0,0.0
0.0,0.0,0.0,6.201651051640509,452.76299107074726,77.12828247249122,372.3610435321927,0.0,0.0,0.0,193.04087581411,0.0,0.0,277.1557163819669,9.629661548137666,1.657108470797538,348.2840015411376,0.0,0.0,0.0,0.0,2579.139224243164,0.0,0.0,0.0,264.77023372650143,5.673308014869684,0.0,711.5017928898334,77.07485361397265,0.0,210.10622113943097,51.2394464612007,0.0,0.0,0.0,0.0
0.0,0.0,0.0,15.057336896657942,919.239760875702,204.4183191806078,774.1703653097153,0.0,0.0,0.0,450.83138965964304,0.0,0.0,514.0139304101467,17.49073224663734,2.4893184006214133,763.9900768160819,0.0,0.0,0.0,0.0,3251.8994262695314,0.0,0.0,0.0,527.6088706970215,16.127316150069234,0.0,1440.3862888455392,228.3479058086872,0.0,380.4944095611572,108.89638701081276,0.0,0.0,0.0,0.0
0.0,0.0,0.0,29.508763432502747,1380.6825032234192,289.80332547426224,1109.3590258538725,0.0,0.0,0.0,874.6378877073527,0.0,0.0,773.3400672674179,23.757647037506104,3.076469048857689,1172.7931989908218,0.0,0.0,0.0,0.0,3694.4441040039055,0.0,0.0,0.0,695.3992732048034,36.94029293656349,0.0,1988.9849316835405,304.1115955531597,0.0,477.3439718484879,163.4673928618431,0.0,0.0,0.0,0.0
0.0,0.0,0.0,41.73957216739655,1652.9776878356934,311.8460416793823,1304.683086401224,0.0,0.0,0.0,1165.9912720799446,0.0,0.0,929.402815848589,26.07606246471405,4.159962326288223,1421.3386107444762,0.0,0.0,0.0,0.0,3833.916729736328,0.0,0.0,0.0,756.4395610809327,51.36165554523468,0.0,2219.895590519905,342.6423505008221,0.0,500.8298147916794,180.91136521101,0.0,0.0,0.0,0.0
0.0,0.0,0.0,50.70988881587982,1802.0289680957796,325.4073365032673,1411.7422330796717,0.0,0.0,0.0,1355.6197673559188,0.0,0.0,1012.272334098816,26.9654302418232,5.076641142368317,1600.3830834627151,0.0,0.0,0.0,0.0,3833.730407714844,0.0,0.0,0.0,777.3452198505402,60.80028249025345,0.0,2347.6427498459816,357.3061483561993,0.0,503.6184200048447,190.7301705479622,0.0,0.0,0.0,0.0
0.0,0.0,0.0,55.705087304115295,0.0,327.85753259062767,1439.4293963134287,0.0,0.0,0.0,1364.6301214396954,0.0,0.0,1045.2245561778543,27.136180955171582,5.844719171524047,1691.040020775795,0.0,0.0,0.0,0.0,3729.54326171875,0.0,0.0,0.0,760.4026721954345,64.24848804473876,0.0,2372.663097846508,357.67257928848267,0.0,490.1615232229233,192.98451429605484,0.0,0.0,0.0,0.0
0.0,0.0,0.0,57.05994188785552,0.0,320.5019409954548,1398.2931332468986,0.0,0.0,0.0,1254.1847626924514,0.0,0.0,0.0,26.602421790361404,6.263312697410583,1686.4594202518465,0.0,0.0,0.0,0.0,3535.206677246094,0.0,0.0,0.0,717.1202079296112,63.44530936479568,0.0,2305.393796300888,348.94133548140525,0.0,473.3958040475845,188.47532033920288,0.0,0.0,0.0,0.0
0.0,0.0,0.0,51.59341716766357,0.0,301.6829414963722,0.0,0.0,0.0,0.0,1077.4062510073184,0.0,0.0,0.0,0.0,0.0,1683.0564818143844,0.0,0.0,0.0,0.0,3246.195690917969,0.0,0.0,0.0,0.0,0.0,0.0,0.0,351.8407533288002,0.0,426.2491934299469,0.0,0.0,0.0,0.0,0.0
0.0,0.0,0.0,0.0,0.0,0.0,0.0,0.0,0.0,0.0,761.4677509069443,0.0,0.0,0.0,0.0,0.0,1589.344339966774,0.0,0.0,0.0,0.0,2835.2518798828123,0.0,0.0,0.0,0.0,0.0,0.0,0.0,0.0,0.0,365.4222129583359,0.0,0.0,0.0,0.0,0.0
0.0,0.0,0.0,0.0,0.0,0.0,0.0,0.0,0.0,0.0,0.0,0.0,0.0,0.0,0.0,0.0,0.0,0.0,0.0,0.0,0.0,2243.178076171874,0.0,0.0,0.0,0.0,0.0,0.0,0.0,0.0,0.0,0.0,0.0,0.0,0.0,0.0,0.0
0.0,0.0,0.0,0.0,0.0,0.0,0.0,0.0,0.0,0.0,0.0,0.0,0.0,0.0,0.0,0.0,0.0,0.0,0.0,0.0,0.0,0.0,0.0,0.0,0.0,0.0,0.0,0.0,0.0,0.0,0.0,0.0,0.0,0.0,0.0,0.0,0.0
0.0,0.0,0.0,0.0,0.0,0.0,0.0,0.0,0.0,0.0,0.0,0.0,0.0,0.0,0.0,0.0,0.0,0.0,0.0,0.0,0.0,0.0,0.0,0.0,0.0,0.0,0.0,0.0,0.0,0.0,0.0,0.0,0.0,0.0,0.0,0.0,0.0
0.0,0.0,0.0,0.0,0.0,0.0,0.0,0.0,0.0,0.0,0.0,0.0,0.0,0.0,0.0,0.0,0.0,0.0,0.0,0.0,0.0,0.0,0.0,0.0,0.0,0.0,0.0,0.0,0.0,0.0,0.0,0.0,0.0,0.0,0.0,0.0,0.0
0.0,0.0,0.0,0.0,0.0,0.0,0.0,0.0,0.0,0.0,0.0,0.0,0.0,0.0,0.0,0.0,0.0,0.0,0.0,0.0,0.0,0.0,0.0,0.0,0.0,0.0,0.0,0.0,0.0,0.0,0.0,0.0,0.0,0.0,0.0,0.0,0.0
0.0,0.0,0.0,0.0,0.0,0.0,0.0,0.0,0.0,0.0,0.0,0.0,0.0,0.0,0.0,0.0,0.0,0.0,0.0,0.0,0.0,0.0,0.0,0.0,0.0,0.0,0.0,0.0,0.0,0.0,0.0,0.0,0.0,0.0,0.0,0.0,0.0
0.0,0.0,0.0,0.0,0.0,0.0,0.0,0.0,0.0,0.0,0.0,0.0,0.0,0.0,0.0,0.0,0.0,0.0,0.0,0.0,0.0,0.0,0.0,0.0,0.0,0.0,0.0,0.0,0.0,0.0,0.0,0.0,0.0,0.0,0.0,0.0,0.0
0.0,0.0,0.0,0.0,0.0,0.0,0.0,0.0,0.0,0.0,0.0,0.0,0.0,4.912130292504916,0.0,0.0,0.0,0.0,0.0,0.0,0.0,0.0,0.0,0.0,0.0,0.0,0.0,0.0,0.0,0.0,0.0,0.0,0.0,0.0,0.0,0.0,0.0
0.0,0.0,0.0,0.0,0.0,0.0,0.0,0.0,0.0,0.0,0.0,0.0,0.0,0.0,0.0,0.0,0.0,0.0,0.0,0.0,0.0,0.0,0.0,0.0,0.0,0.0,0.0,0.0,0.0,0.0,0.0,0.0,0.0,0.0,0.0,0.0,0.0
0.0,0.0,0.0,0.0,0.0,0.0,0.0,0.0,0.0,0.0,0.0,0.0,0.0,11.14096778677766,0.0,0.0,0.0,0.0,0.0,0.0,0.0,0.0,0.0,0.0,0.0,0.0,0.0,0.0,0.2363496258854866,0.0,0.0,0.0,0.0,0.0,0.0,0.0,0.0
0.0,0.0,0.0,0.0,2.7229062840341403,0.6997692766599128,0.0,0.0,0.0,0.0,1.967482519056637,0.0,0.0,10.619616508483793,0.0,0.0,0.0,0.0,0.0,0.0,0.0,0.0,0.0,0.0,0.0,0.0,0.0,0.0,0.0,0.0,0.0,0.0,0.000267419964075,0.0,0.0,0.0,0.0
0.0,0.0,0.0,0.3185790684074125,3.8273533806203694,0.2171189575455833,0.0,0.0,0.0,0.0,1.8068488242102865,0.0,0.0,6.212177481502181,0.0,0.0,0.0,0.0,0.0,0.0,0.0,0.0,0.0,0.0,0.0,0.0,0.1938641436398021,0.0,0.0,0.0,0.0,1.1002496480941757,0.0,0.0,0.0,0.0,0.0
0.0,0.0,0.0,0.1121093835681674,7.351977031677756,0.0,0.0,0.0,0.0,0.0,1.725768063496647,0.0,0.0,2.1808441821485345,0.0,0.0074715912342071,35.95086852312086,0.0,0.0,0.0,0.0,47.931628608703285,0.0,0.0,0.0,0.0,0.0,0.0,0.0,0.0,0.0,1.289711073040925,0.0,0.0,0.0,0.0,0.0
0.0,0.0,0.0,0.2445129435509387,26.92638040706513,0.5679527404717916,2.6067779697477294,0.0,0.0,0.0,8.145787535654268,0.0,0.0,32.70631226710972,0.3877296309918134,0.2887175306677818,15.576995742321005,0.0,0.0,0.0,0.0,463.6278903961178,0.0,0.0,0.0,0.0,0.0,0.0,0.7830541729926477,0.0,0.0,7.317271947860712,1.492492376826703,0.0,0.0,0.0,0.0
0.0,0.0,0.0,1.5937944427132584,122.20981836318958,13.664734743535488,65.0198752783238,0.0,0.0,0.0,59.0652840103952,0.0,0.0,132.3913443274795,2.7940321393311005,0.7978414334356778,87.9918149590492,0.0,0.0,0.0,0.0,1384.7574859619135,0.0,0.0,0.0,47.39888712465763,0.0,0.0,90.2323160804806,13.315235842019291,0.0,56.15844123065467,12.021330736577507,0.0,0.0,0.0,0.0
0.0,0.0,0.0,5.87065728008747,317.823030591011,88.31230212748048,244.37874531447883,0.0,0.0,0.0,240.3433360956609,0.0,0.0,347.1746246144175,8.815198051929473,1.532495521008968,313.4558220148086,0.0,0.0,0.0,0.0,2295.725231933594,0.0,0.0,0.0,178.82470281124108,0.9555084114894182,0.0,586.195139312744,76.79907561838624,0.0,228.22849506139752,47.41364695131778,0.0,0.0,0.0,0.0
0.0,0.0,0.0,14.14996525645256,658.1688677072525,213.5449443161488,485.0487181395292,0.0,0.0,0.0,542.7580492973326,0.0,0.0,628.6955004930495,17.53875274658203,2.575704097747802,701.7922238826752,0.0,0.0,0.0,0.0,2972.2583190917967,0.0,0.0,0.0,453.9202310085296,3.092586328089229,0.0,1199.7664651334285,229.9873439013958,0.0,372.9879318475723,96.03192806243896,0.0,0.0,0.0,0.0
0.0,0.0,0.0,27.18227636814117,1014.7016378641129,300.06792944669724,733.3788544803857,0.0,0.0,0.0,1078.8147842109202,0.0,0.0,947.2262725234032,24.185881608724596,3.6340483129024506,1086.7462792396543,0.0,0.0,0.0,0.0,3384.1418884277346,0.0,0.0,0.0,589.5611220359802,8.182554373145097,0.0,1696.5837068915366,306.5519613623619,0.0,463.9487203359604,150.5054053068161,0.0,0.0,0.0,0.0
0.0,0.0,0.0,38.65526616573334,1254.3479442596436,325.7592730820179,924.7296738266944,0.0,0.0,0.0,1432.888920724392,0.0,0.0,1097.0968851447103,27.448202276229857,5.231902241706848,1314.751979660988,0.0,0.0,0.0,0.0,3539.216946411133,0.0,0.0,0.0,634.18213763237,15.334758058190346,0.0,1947.101508140564,339.9274016559124,0.0,482.2924938201904,169.5221650600433,0.0,0.0,0.0,0.0
0.0,0.0,0.0,47.08772671222687,1410.3650214672089,339.482005238533,1071.8420946240426,0.0,0.0,0.0,1613.1582512676716,0.0,0.0,1164.4330291450024,28.91330139040947,6.460642904043197,1471.6765558242798,0.0,0.0,0.0,0.0,3622.030294799805,0.0,0.0,0.0,652.5733290195465,26.51964351534843,0.0,2049.950058078766,351.25346569418906,0.0,481.0665854215622,180.94503611326215,0.0,0.0,0.0,0.0
0.0,0.0,0.0,51.02931201457977,1497.5992996692655,342.79918846488,1160.4887065649032,0.0,0.0,0.0,1611.3313351511956,0.0,0.0,1171.991949081421,28.27946552038193,7.26810747385025,1553.5787374973297,0.0,0.0,0.0,0.0,3578.883981323242,0.0,0.0,0.0,635.8802523612976,37.25502992272376,0.0,2044.9188761115076,352.65794187188146,0.0,465.5112377405167,184.9172420501709,0.0,0.0,0.0,0.0
0.0,0.0,0.0,50.317875146865845,1532.9817140102386,335.9677758514881,1215.7368278741835,0.0,0.0,0.0,1482.345035868883,0.0,0.0,1136.218663752079,26.47680026292801,7.538670122623444,1555.0209077835084,0.0,0.0,0.0,0.0,3438.896389770508,0.0,0.0,0.0,604.9974225997925,42.76771215200424,0.0,1961.474832701683,346.77100717425344,0.0,445.44537961483,181.48184949159625,0.0,0.0,0.0,0.0
0.0,0.0,0.0,43.43941533565521,0.0,318.02523788809776,0.0,0.0,0.0,0.0,1302.493274527788,0.0,0.0,1061.3373477756977,23.58164091110229,6.604472875595093,1564.320368909836,0.0,0.0,0.0,0.0,0.0,0.0,0.0,0.0,586.0954993724823,0.0,0.0,1797.4853815197944,351.7812162101269,0.0,396.8497104644776,171.50160545110705,0.0,0.0,0.0,0.0
0.0,0.0,0.0,33.35625422000885,0.0,275.62499725818634,0.0,0.0,0.0,0.0,1003.72691796422,0.0,0.0,0.0,18.683708918094634,5.3954551219940186,1494.829603266716,0.0,0.0,0.0,0.0,0.0,0.0,0.0,0.0,0.0,0.0,0.0,1602.3284892678262,0.0,0.0,334.3835686445236,158.93856918811798,0.0,0.0,0.0,0.0
0.0,0.0,0.0,0.0,0.0,0.0,0.0,0.0,0.0,0.0,0.0,0.0,0.0,0.0,0.0,0.0,0.0,0.0,0.0,0.0,0.0,0.0,0.0,0.0,0.0,0.0,0.0,0.0,0.0,0.0,0.0,0.0,0.0,0.0,0.0,0.0,0.0
0.0,0.0,0.0,0.0,0.0,0.0,0.0,0.0,0.0,0.0,0.0,0.0,0.0,0.0,0.0,0.0,0.0,0.0,0.0,0.0,0.0,0.0,0.0,0.0,0.0,0.0,0.0,0.0,0.0,0.0,0.0,0.0,0.0,0.0,0.0,0.0,0.0
0.0,0.0,0.0,0.0,0.0,0.0,0.0,0.0,0.0,0.0,0.0,0.0,0.0,0.0,0.0,0.0,0.0,0.0,0.0,0.0,0.0,0.0,0.0,0.0,0.0,0.0,0.0,0.0,0.0,0.0,0.0,0.0,0.0,0.0,0.0,0.0,0.0
0.0,0.0,0.0,0.0,0.0,0.0,0.0,0.0,0.0,0.0,0.0,0.0,0.0,0.0,0.0,0.0,0.0,0.0,0.0,0.0,0.0,0.0,0.0,0.0,0.0,0.0,0.0,0.0,0.0,0.0,0.0,0.0,0.0,0.0,0.0,0.0,0.0
0.0,0.0,0.0,0.0,0.0,0.0,0.0,0.0,0.0,0.0,0.0,0.0,0.0,0.0,0.0,0.0,0.0,0.0,0.0,0.0,0.0,0.0,0.0,0.0,0.0,0.0,0.0,0.0,0.0,0.0,0.0,0.0,0.0,0.0,0.0,0.0,0.0
0.0,0.0,0.0,0.0,0.0,0.0,0.0,0.0,0.0,0.0,0.0,0.0,0.0,0.0,0.0,0.0,0.0,0.0,0.0,0.0,0.0,0.0,0.0,0.0,0.0,0.0,0.0,0.0,0.0,0.0,0.0,0.0,0.0,0.0,0.0,0.0,0.0
0.0,0.0,0.0,0.0,0.0,0.0,0.0,0.0,0.0,0.0,0.0,0.0,0.0,0.0,0.0,0.0,0.0,0.0,0.0,0.0,0.0,0.0,0.0,0.0,0.0,0.0,0.0,0.0,0.0,0.0,0.0,0.0,0.0,0.0,0.0,0.0,0.0
0.0,0.0,0.0,0.0,0.0,0.0,0.0,0.0,0.0,0.0,0.0,0.0,0.0,3.2410731120035026,0.0,0.0,0.0,0.0,0.0,0.0,0.0,0.0,0.0,0.0,0.0,0.0,0.0,0.0,0.0,0.0,0.0,0.0,0.0,0.0,0.0,0.0,0.0
0.0,0.0,0.0,0.0,0.0,0.0,0.0,0.0,0.0,0.0,0.0,0.0,0.0,2.758665378205334,0.0,0.0,0.0,0.0,0.0,0.0,0.0,10.889415359496862,0.0,0.0,0.0,0.0,0.0,0.0,0.0,0.1915567547082877,0.0,0.0,0.0,0.0,0.0,0.0,0.0
0.0,0.0,0.0,0.3316629435867052,3.51679020375003,0.0,0.9506525941192168,0.0,0.0,0.0,2.284581760503149,0.0,0.0,3.15792242065068,0.0781418412923803,0.0,0.0,0.0,0.0,0.0,0.0,14.61704406738237,0.0,0.0,0.0,5.824364142119814,0.09919011741876,0.0,0.0,0.0,0.0,0.0,0.3274516528472301,0.0,0.0,0.0,0.0
0.0,0.0,0.0,0.446994099766011,5.083775267004867,0.4365744949318128,3.754240798950081,0.0,0.0,0.0,2.096916554169547,0.0,0.0,2.2651073429732738,0.061398319154975,0.0225947592407459,1.9995005846022589,0.0,0.0,0.0,0.0,20.283161926269493,0.0,0.0,0.0,0.3693556750192547,0.0,0.0,0.0,0.5538990497588976,0.0,0.0,0.0,0.0,0.0,0.0,0.0
0.0,0.0,0.0,0.4056290592998223,5.660033211112009,0.2635586378164307,5.461217696219615,0.0,0.0,0.0,1.8549329807514692,0.0,0.0,1.8804262112825667,0.0120859332382666,0.0,8.563973891734962,0.0,0.0,0.0,0.0,4.62023782730091,0.0,0.0,0.0,0.0,0.0,0.0,0.0,0.5425147138535618,0.0,1.4590023308992053,0.0,0.0,0.0,0.0,0.0
0.0,0.0,0.0,0.1282247137278264,7.416162032633971,0.0,2.7313228320329945,0.0,0.0,0.0,1.7912484645842153,0.0,0.0,1.308781923726137,0.0003737054765224,0.0,22.40475153923024,0.0,0.0,0.0,0.0,7.875797557830584,0.0,0.0,0.0,0.0,0.0,0.0,0.0,0.5921465523540727,0.0,1.724228590726821,0.0,0.0,0.0,0.0,0.0
0.0,0.0,0.0,0.3810612820088834,26.144218083471,0.7065461482852431,17.7082745954393,0.0,0.0,0.0,6.489815294649269,0.0,0.0,26.375433439388825,0.1963593453168851,0.0,13.27646080255488,0.0,0.0,0.0,0.0,346.06083374023416,0.0,0.0,0.0,9.7282097443938,0.0,0.0,0.0,1.7927063412964337,0.0,5.709982782602276,1.4803253142163024,0.0,0.0,0.0,0.0
0.0,0.0,0.0,1.804023709148168,142.31884318590153,8.365198677405699,109.03831011354924,0.0,0.0,0.0,47.48558332938679,0.0,0.0,66.29722839221353,2.1749237693846206,0.0,91.33021976947776,0.0,0.0,0.0,0.0,1168.8433990478516,0.0,0.0,0.0,55.10069178044795,1.10452186148613,0.0,93.0650459676981,16.51243886277079,0.0,30.82697641849514,12.018772237002846,0.0,0.0,0.0,0.0
0.0,0.0,0.0,6.240934550762175,396.34246367216105,56.2943569049239,348.73719680458305,0.0,0.0,0.0,206.67661574184876,0.0,0.0,142.81985508278012,7.700618460774422,2.073993042111397,327.84044715166084,0.0,0.0,0.0,0.0,2243.307360839843,0.0,0.0,0.0,217.6462310433388,4.794275464862583,0.0,653.8108853876589,85.1917533174157,0.0,140.14764940738672,49.37113489210604,0.0,0.0,0.0,0.0
0.0,0.0,0.0,15.078301399946213,801.1549353599547,185.5518146306276,721.7142611324787,0.0,0.0,0.0,501.2464967563748,0.0,0.0,279.6269350126385,15.9464159399271,3.2370114028453822,734.9999536156654,0.0,0.0,0.0,0.0,2986.048864746094,0.0,0.0,0.0,472.123592376709,12.459948658943176,0.0,1311.3307928681372,235.4892203509808,0.0,311.1640418767929,109.14539101719856,0.0,0.0,0.0,0.0
0.0,0.0,0.0,29.17621755599976,1246.8071506023407,273.09078243374825,1103.384136390686,0.0,0.0,0.0,1030.0120109409092,0.0,0.0,451.35555267333984,23.29849507212639,4.472160935401916,1136.02288210392,0.0,0.0,0.0,0.0,3546.1029846191404,0.0,0.0,0.0,657.3380958557129,30.53223865032196,0.0,1870.958639848232,309.7281178593636,0.0,397.1202607154846,165.91328352689743,0.0,0.0,0.0,0.0
0.0,0.0,0.0,42.37935721874237,1488.8217396736145,299.2240960299969,1327.2707271277905,0.0,0.0,0.0,1394.899480998516,0.0,0.0,568.2418039441108,27.25088996887207,6.107427060604096,1382.5914689064025,0.0,0.0,0.0,0.0,3805.0922241210938,0.0,0.0,0.0,708.9664255142212,46.58745684027671,0.0,2111.285584020615,348.1085655987263,0.0,420.0070178508759,187.00861024856567,0.0,0.0,0.0,0.0
0.0,0.0,0.0,50.582146883010864,1625.94704079628,314.34525978565216,1443.7683332800866,0.0,0.0,0.0,1594.060868239403,0.0,0.0,659.6519466489552,28.53015625476837,7.375812292098999,1561.598557472229,0.0,0.0,0.0,0.0,3902.3946899414063,0.0,0.0,0.0,714.0974312782288,56.36424810886383,0.0,2227.580988407135,363.5207832276821,0.0,438.04902374744415,199.2385351061821,0.0,0.0,0.0,0.0
0.0,0.0,0.0,55.242918491363525,1664.9657196998596,318.9986256957054,1478.5778374731542,0.0,0.0,0.0,1630.1231698155402,0.0,0.0,707.096886113286,28.33603234291077,8.132514595985413,1655.375171661377,0.0,0.0,0.0,0.0,3853.859161376953,0.0,0.0,0.0,682.0001396656037,60.16788192987442,0.0,2239.2537578344345,364.460748040676,0.0,450.42623126506805,201.91907423734665,0.0,0.0,0.0,0.0
0.0,0.0,0.0,56.37996470928193,1615.67290019989,315.10086953639984,1447.8918510973456,0.0,0.0,0.0,1551.4359899520873,0.0,0.0,693.2382137328385,26.958635026216506,8.33884596824646,1654.71328830719,0.0,0.0,0.0,0.0,3677.470330810547,0.0,0.0,0.0,631.8565231323242,59.24757534265518,0.0,2146.155920982361,355.5903031229973,0.0,0.0,0.0,0.0,0.0,0.0,0.0
0.0,0.0,0.0,50.941832423210144,1450.5281443595886,0.0,0.0,0.0,0.0,0.0,1437.3106246113778,0.0,0.0,600.5058996379375,24.427410936355592,7.402276873588562,1649.851632499695,0.0,0.0,0.0,0.0,3370.92307434082,0.0,0.0,0.0,586.0822021484375,0.0,0.0,0.0,356.8865299940109,0.0,0.0,0.0,0.0,0.0,0.0,0.0
0.0,0.0,0.0,0.0,0.0,0.0,0.0,0.0,0.0,0.0,1195.828958117962,0.0,0.0,424.62888047099113,0.0,0.0,1559.4015950202945,0.0,0.0,0.0,0.0,0.0,0.0,0.0,0.0,0.0,0.0,0.0,0.0,344.93135472536085,0.0,0.0,0.0,0.0,0.0,0.0,0.0
0.0,0.0,0.0,0.0,0.0,0.0,0.0,0.0,0.0,0.0,0.0,0.0,0.0,0.0,0.0,0.0,1431.4031599998475,0.0,0.0,0.0,0.0,0.0,0.0,0.0,0.0,0.0,0.0,0.0,0.0,0.0,0.0,0.0,0.0,0.0,0.0,0.0,0.0
0.0,0.0,0.0,0.0,0.0,0.0,0.0,0.0,0.0,0.0,0.0,0.0,0.0,0.0,0.0,0.0,1312.4705657958984,0.0,0.0,0.0,0.0,0.0,0.0,0.0,0.0,0.0,0.0,0.0,0.0,0.0,0.0,0.0,0.0,0.0,0.0,0.0,0.0
0.0,0.0,0.0,0.0,0.0,0.0,0.0,0.0,0.0,0.0,0.0,0.0,0.0,0.0,0.0,0.0,0.0,0.0,0.0,0.0,0.0,0.0,0.0,0.0,0.0,0.0,0.0,0.0,0.0,0.0,0.0,0.0,0.0,0.0,0.0,0.0,0.0
0.0,0.0,0.0,0.0,0.0,0.0,0.0,0.0,0.0,0.0,0.0,0.0,0.0,0.0,0.0,0.0,0.0,0.0,0.0,0.0,0.0,0.0,0.0,0.0,0.0,0.0,0.0,0.0,0.0,0.0,0.0,0.0,0.0,0.0,0.0,0.0,0.0
0.0,0.0,0.0,0.0,0.0,0.0,0.0,0.0,0.0,0.0,0.0,0.0,0.0,0.0,0.0,0.0,0.0,0.0,0.0,0.0,0.0,0.0,0.0,0.0,0.0,0.0,0.0,0.0,0.0,0.0,0.0,0.0,0.0,0.0,0.0,0.0,0.0
0.0,0.0,0.0,0.0,0.0,0.0,0.0,0.0,0.0,0.0,0.0,0.0,0.0,0.0,0.0,0.0,0.0,0.0,0.0,0.0,0.0,0.0,0.0,0.0,0.0,0.0,0.0,0.0,0.0,0.0,0.0,0.0,0.0,0.0,0.0,0.0,0.0
0.0,0.0,0.0,0.0,0.0,0.0,0.0,0.0,0.0,0.0,0.0,0.0,0.0,0.0,0.0,0.0,0.0,0.0,0.0,0.0,0.0,0.0,0.0,0.0,0.0,0.0,0.0,0.0,0.0,0.0,0.0,0.0,0.0,0.0,0.0,0.0,0.0
0.0,0.0,0.0,0.0,0.0,0.0,0.0,0.0,0.0,0.0,0.0,0.0,0.0,0.0,0.0,0.0,0.0,0.0,0.0,0.0,0.0,0.0,0.0,0.0,0.0,0.0,0.0,0.0,0.0,0.0,0.0,0.0,0.0,0.0,0.0,0.0,0.0
0.0,0.0,0.0,0.0,0.0,0.0,0.8397754240780197,0.0,0.0,0.0,0.0,0.0,0.0,0.0,0.0,0.0,0.0,0.0,0.0,0.0,0.0,0.0,0.0,0.0,0.0,0.0,0.0,0.0,0.0,0.0,0.0,0.0,0.0,0.0,0.0,0.0,0.0
0.0,0.0,0.0,0.0,2.4688582271335964,0.0,2.296670952439297,0.0,0.0,0.0,2.0546163125429167,0.0,0.0,9.614486114587605,0.1245786041021312,0.0,0.0,0.0,0.0,0.0,0.0,0.0,0.0,0.0,0.0,1.4597037578932073,0.0186555355787214,0.0,0.2839651316404016,0.0,0.0,0.0,0.0,0.0,0.0,0.0,0.0
0.0,0.0,0.0,0.2390214484184944,3.035846099257381,0.4797768956050267,3.464612653851373,0.0,0.0,0.0,2.007306664483529,0.0,0.0,7.581852171569976,0.1005113437771762,0.0,0.0,0.0,0.0,0.0,0.0,0.0,0.0,0.0,0.0,0.3505506765097231,0.0,0.0,0.0,0.0,0.0,0.0,0.0,0.0,0.0,0.0,0.0
0.0,0.0,0.0,0.253179440274833,3.4266218058764557,0.1344521017745036,0.0,0.0,0.0,0.0,1.7863534862173365,0.0,0.0,0.0,0.027281284332272,0.0,11.815537154674496,0.0,0.0,0.0,0.0,0.0,0.0,0.0,0.0,0.0,0.0,0.0,0.0,0.4654515169560785,0.0,0.0,0.0,0.0,0.0,0.0,0.0
0.0,0.0,0.0,0.1215550508350132,5.53570704162107,0.0,0.0,0.0,0.0,0.0,1.5931713637894118,0.0,0.0,0.0,0.0257569111883631,0.0362422056496136,28.88428314924237,0.0,0.0,0.0,0.0,84.11523447036724,0.0,0.0,0.0,0.0,0.0,0.0,0.0,0.4379000768065181,0.0,0.0,0.0,0.0,0.0,0.0,0.0
0.0,0.0,0.0,0.4350661905482396,39.266606032848266,0.8308763974345923,5.587553184851923,0.0,0.0,0.0,2.765361873805303,0.0,0.0,7.163674612529515,0.1944868952035877,0.0,12.617335295677112,0.0,0.0,0.0,0.0,616.5161430358884,0.0,0.0,0.0,7.866460426151678,0.0,0.0,4.875690342485782,1.3492912903427976,0.0,0.0,1.9241529507562425,0.0,0.0,0.0,0.0
0.0,0.0,0.0,1.7029316723346672,179.02191171050072,17.647204916924238,100.1326866418122,0.0,0.0,0.0,38.88940374851224,0.0,0.0,27.27591915056104,1.2787118732929204,0.0,81.56842086315139,0.0,0.0,0.0,0.0,1825.488375854492,0.0,0.0,0.0,98.69359844923017,0.0,0.0,121.84761779829846,20.963141616806386,0.0,73.1303562968969,12.231391847133636,0.0,0.0,0.0,0.0
0.0,0.0,0.0,5.864993944764136,473.48116052150726,107.67446932196616,380.9684030532837,0.0,0.0,0.0,202.8485816121101,0.0,0.0,62.61714523658149,5.287503084540364,2.2021313160657874,303.6163743853568,0.0,0.0,0.0,0.0,2744.9802185058597,0.0,0.0,0.0,370.46052730083466,1.8805881723761493,0.0,589.6505523860452,103.54030953943727,0.0,257.59127074480057,48.57663345336913,0.0,0.0,0.0,0.0
0.0,0.0,0.0,13.734149873256682,955.4455089569092,229.59526428580284,765.7011106789112,0.0,0.0,0.0,516.1068543195723,0.0,0.0,120.60640608891843,12.927737644314766,3.2672460675239554,692.4025505065916,0.0,0.0,0.0,0.0,3435.184616088867,0.0,0.0,0.0,614.6114232540131,7.401938223838803,0.0,1223.2404971301553,246.32734243869783,0.0,394.4153681993485,106.16744595766066,0.0,0.0,0.0,0.0
0.0,0.0,0.0,26.711776077747345,1397.1469078063965,312.9932154715061,1127.345164859295,0.0,0.0,0.0,1056.9116589158773,0.0,0.0,215.78001879155624,20.904809242486955,4.122134804725647,1095.4375431060791,0.0,0.0,0.0,0.0,3927.3509765625,0.0,0.0,0.0,761.5033808708191,19.231167647242543,0.0,1737.720990550518,316.2560196638107,0.0,474.46634340286255,161.3471564054489,0.0,0.0,0.0,0.0
0.0,0.0,0.0,41.15358603000641,1643.2497878074646,335.41205990314484,1314.8426923036577,0.0,0.0,0.0,1460.3300931632518,0.0,0.0,271.64808772504324,25.85633724331856,5.479587912559508,1347.9981353998185,0.0,0.0,0.0,0.0,4074.690139770508,0.0,0.0,0.0,803.279221200943,37.01167827248573,0.0,1966.8164088606836,343.0443022012711,0.0,499.9132091999054,180.85153299570084,0.0,0.0,0.0,0.0
0.0,0.0,0.0,48.75526762008667,1771.0079019069672,347.6990483701229,1399.66860627532,0.0,0.0,0.0,1735.1291438400744,0.0,0.0,328.7875243276357,28.201213842630388,0.0,1527.1580699920655,0.0,0.0,0.0,0.0,4097.713674926757,0.0,0.0,0.0,813.3516799926758,49.38681733608246,0.0,2069.064748167992,353.0920871973038,0.0,505.78967547416687,190.25013315677643,0.0,0.0,0.0,0.0
0.0,0.0,0.0,51.2610856294632,1787.1349263191223,348.638743519783,1409.165181773901,0.0,0.0,0.0,1834.934828466177,0.0,0.0,379.9933503568173,28.58110154271126,7.6342034339904785,1619.5227889299392,0.0,0.0,0.0,0.0,4001.8227478027343,0.0,0.0,0.0,797.2099805355072,55.85076067447663,0.0,2086.473998105526,354.79856019616125,0.0,493.98324286937714,192.14389437437055,0.0,0.0,0.0,0.0
0.0,0.0,0.0,51.68980658054352,1726.839477300644,340.2166967988014,1362.576620143652,0.0,0.0,0.0,1795.3479390382768,0.0,0.0,429.5024413615465,27.28808164000511,7.861205756664276,1617.301679992676,0.0,0.0,0.0,0.0,3800.21716003418,0.0,0.0,0.0,747.1710729122162,57.00172337293625,0.0,2049.1886812329294,348.7680428683758,0.0,476.595006942749,187.27771550416944,0.0,0.0,0.0,0.0
0.0,0.0,0.0,0.0,1555.1453840732574,323.8798827826977,1292.3855179727077,0.0,0.0,0.0,1678.4566354453564,0.0,0.0,0.0,24.946937388181688,0.0,1615.9852675437928,0.0,0.0,0.0,0.0,3493.251086425781,0.0,0.0,0.0,706.8184662342071,51.17109369039535,0.0,0.0,0.0,0.0,430.4844889640808,0.0,0.0,0.0,0.0,0.0
0.0,0.0,0.0,0.0,1345.2477476596832,0.0,1169.4858106434344,0.0,0.0,0.0,0.0,0.0,0.0,0.0,0.0,0.0,1537.105563950539,0.0,0.0,0.0,0.0,0.0,0.0,0.0,0.0,652.8223155021667,42.34957880973816,0.0,0.0,0.0,0.0,0.0,0.0,0.0,0.0,0.0,0.0
0.0,0.0,0.0,0.0,0.0,0.0,0.0,0.0,0.0,0.0,0.0,0.0,0.0,0.0,0.0,0.0,0.0,0.0,0.0,0.0,0.0,0.0,0.0,0.0,0.0,0.0,0.0,0.0,0.0,0.0,0.0,0.0,0.0,0.0,0.0,0.0,0.0
0.0,0.0,0.0,0.0,0.0,0.0,0.0,0.0,0.0,0.0,0.0,0.0,0.0,0.0,0.0,0.0,0.0,0.0,0.0,0.0,0.0,0.0,0.0,0.0,0.0,0.0,0.0,0.0,0.0,0.0,0.0,0.0,0.0,0.0,0.0,0.0,0.0
0.0,0.0,0.0,0.0,0.0,0.0,0.0,0.0,0.0,0.0,0.0,0.0,0.0,0.0,0.0,0.0,0.0,0.0,0.0,0.0,0.0,0.0,0.0,0.0,0.0,0.0,0.0,0.0,0.0,0.0,0.0,0.0,0.0,0.0,0.0,0.0,0.0
0.0,0.0,0.0,0.0,0.0,0.0,0.0,0.0,0.0,0.0,0.0,0.0,0.0,0.0,0.0,0.0,0.0,0.0,0.0,0.0,0.0,0.0,0.0,0.0,0.0,0.0,0.0,0.0,0.0,0.0,0.0,0.0,0.0,0.0,0.0,0.0,0.0
0.0,0.0,0.0,0.0,0.0,0.0,0.0,0.0,0.0,0.0,0.0,0.0,0.0,0.0,0.0,0.0,0.0,0.0,0.0,0.0,0.0,0.0,0.0,0.0,0.0,0.0,0.0,0.0,0.0,0.0,0.0,0.0,0.0,0.0,0.0,0.0,0.0
0.0,0.0,0.0,0.0,0.0,0.0,0.0,0.0,0.0,0.0,0.0,0.0,0.0,0.0,0.0,0.0,0.0,0.0,0.0,0.0,0.0,0.0,0.0,0.0,0.0,0.0,0.0,0.0,0.0,0.0,0.0,0.0,0.0,0.0,0.0,0.0,0.0
0.0,0.0,0.0,0.0,0.0,0.0,0.0,0.0,0.0,0.0,0.0,0.0,0.0,0.0,0.0,0.0,0.0,0.0,0.0,0.0,0.0,0.0,0.0,0.0,0.0,0.0,0.0,0.0,0.0,0.0,0.0,0.0,0.0,0.0,0.0,0.0,0.0
0.0,0.0,0.0,0.0,0.0,0.0,0.0,0.0,0.0,0.0,0.0,0.0,0.0,0.4749817866831798,0.0,0.0,0.0,0.0,0.0,0.0,0.0,0.0,0.0,0.0,0.0,0.0,0.0,0.0,0.0,0.0,0.0,0.0,0.0,0.0,0.0,0.0,0.0
0.0,0.0,0.0,0.0,0.0,0.0,0.0,0.0,0.0,0.0,0.0,0.0,0.0,0.0,0.0,0.0,0.0,0.0,0.0,0.0,0.0,0.0,0.0,0.0,0.0,0.0,0.0,0.0,0.0,0.1537954367696975,0.0,0.0,0.0,0.0,0.0,0.0,0.0
0.0,0.0,0.0,0.0,0.0,0.0,0.0,0.0,0.0,0.0,0.0,0.0,0.0,0.0,0.0,0.0,0.0,0.0,0.0,0.0,0.0,0.0,0.0,0.0,0.0,0.0,0.0,0.0,0.3294992998240302,0.434277122467727,0.0,0.0,0.0,0.0,0.0,0.0,0.0
0.0,0.0,0.0,0.0,0.0,0.0,0.0,0.0,0.0,0.0,0.0,0.0,0.0,0.0,0.0,0.0,2.134022247791211,0.0,0.0,0.0,0.0,0.0,0.0,0.0,0.0,0.0,1.0692641576752058,0.0,0.0,0.4212936490774111,0.0,1.040245980024304,0.0,0.0,0.0,0.0,0.0
0.0,0.0,0.0,0.1238303743302805,0.0,0.0,0.0,0.0,0.0,0.0,1.8335932060144835,0.0,0.0,0.0,0.0,0.0,8.918694341182636,0.0,0.0,0.0,0.0,0.0,0.0,0.0,0.0,0.0,0.2154477305710255,0.0,0.0,0.4032198809086906,0.0,1.137279868125912,0.0,0.0,0.0,0.0,0.0
0.0,0.0,0.0,0.0596237536519752,7.060046620666802,0.0,0.0,0.0,0.0,0.0,1.5526511142959851,0.0,0.0,0.0,0.1376414280384764,0.0,24.45487394332878,0.0,0.0,0.0,0.0,103.35774478912312,0.0,0.0,0.0,0.0,0.0,0.0,0.0,0.4956828303634808,0.0,1.2997490614652163,0.0,0.0,0.0,0.0,0.0
0.0,0.0,0.0,0.1815583426505282,50.62892380356786,0.4444308755918951,0.0,0.0,0.0,0.0,2.359612667001616,0.0,0.0,24.082909841090306,0.5313776750117515,0.0,12.02121127843852,0.0,0.0,0.0,0.0,621.0365570068359,0.0,0.0,0.0,5.34935849756001,0.0,0.0,0.0,1.445500204712122,0.0,7.708336368203163,2.097396062687029,0.0,0.0,0.0,0.0
0.0,0.0,0.0,1.5623922646045652,201.4010636508464,9.340357944369313,84.33168976679431,0.0,0.0,0.0,23.985218117106687,0.0,0.0,116.11874407157302,3.3683539085090133,0.913074940443038,81.99447762966149,0.0,0.0,0.0,0.0,1698.134829711914,0.0,0.0,0.0,70.1037255823612,1.4630255147814666,0.0,87.58361766859876,23.328343570977445,0.0,56.73246794939041,13.678780026733865,0.0,0.0,0.0,0.0
0.0,0.0,0.0,6.068577453494072,477.5855006575583,64.28990940004583,341.38823961466545,0.0,0.0,0.0,148.10309270098793,0.0,0.0,336.4337119460106,10.333246707916258,1.7296073138713837,304.41878538131704,0.0,0.0,0.0,0.0,2560.2872924804688,0.0,0.0,0.0,235.85442409515372,5.6696951419115,0.0,602.0218658268451,114.02494609355928,0.0,224.05696183443067,53.70762139558791,0.0,0.0,0.0,0.0
0.0,0.0,0.0,14.80394837260246,871.5852216482162,200.1060315519571,651.5774670720099,0.0,0.0,0.0,427.6329725652932,0.0,0.0,631.3018315285444,19.85980006456375,2.682630568742752,700.7202179908751,0.0,0.0,0.0,0.0,3183.6496154785154,0.0,0.0,0.0,444.3413576364517,13.945417445898054,0.0,1288.138173419237,250.41171530485155,0.0,387.6717417240143,107.69158694148064,0.0,0.0,0.0,0.0
0.0,0.0,0.0,28.762324750423428,1198.0661211013794,290.88864955306053,940.576762330532,0.0,0.0,0.0,918.3302866101264,0.0,0.0,956.5149772167206,25.890261018276213,3.3072373867034903,1099.330397796631,0.0,0.0,0.0,0.0,3601.6236877441406,0.0,0.0,0.0,604.9171547412873,30.28763149380684,0.0,1844.1387595295903,318.4252935945988,0.0,475.2151647806168,162.58189004659653,0.0,0.0,0.0,0.0
0.0,0.0,0.0,40.29830598831177,1387.588139295578,317.4135271906853,1137.3989651441575,0.0,0.0,0.0,1276.055542987585,0.0,0.0,1119.634890705347,28.74186864495277,4.64874967932701,1343.972413754463,0.0,0.0,0.0,0.0,3767.788980102539,0.0,0.0,0.0,648.7522344112397,46.03255818486214,0.0,2089.8633581638337,350.98797372579577,0.0,498.0766251087189,180.0312413573265,0.0,0.0,0.0,0.0
0.0,0.0,0.0,50.73927164077759,1512.276787519455,333.86783969402313,1248.4195212900638,0.0,0.0,0.0,1540.635065495968,0.0,0.0,1203.4959009289742,30.17263392806053,5.747156888246536,1521.929191493988,0.0,0.0,0.0,0.0,3843.776315307617,0.0,0.0,0.0,669.5964137077332,55.82776354551315,0.0,2214.589357829094,361.0427410364151,0.0,511.6991173028946,192.42164438962936,0.0,0.0,0.0,0.0
0.0,0.0,0.0,54.9330518245697,1570.6858084201813,339.79157316684723,1289.6579633891583,0.0,0.0,0.0,1644.424135184288,0.0,0.0,1221.637017428875,29.58657587170601,6.524718821048737,1616.140197277069,0.0,0.0,0.0,0.0,3801.662921142578,0.0,0.0,0.0,660.1216839790344,61.39723036289215,0.0,2259.804963552952,359.8473828375339,0.0,503.0966240167618,196.02979242801663,0.0,0.0,0.0,0.0
0.0,0.0,0.0,55.35212016105652,1583.4830482006073,333.6509664952755,1285.7813253462314,0.0,0.0,0.0,1627.977414727211,0.0,0.0,1191.6559936106205,27.95844179391861,6.891271948814392,1624.9021846055984,0.0,0.0,0.0,0.0,3663.042596435547,0.0,0.0,0.0,643.7185621738433,0.0,0.0,2237.53088157177,351.4972375094891,0.0,483.5874750614166,0.0,0.0,0.0,0.0,0.0
0.0,0.0,0.0,49.652339935302734,0.0,0.0,0.0,0.0,0.0,0.0,1538.1822702407835,0.0,0.0,1116.3227248191831,25.36441217064857,0.0,1628.2862471103667,0.0,0.0,0.0,0.0,0.0,0.0,0.0,0.0,0.0,0.0,0.0,0.0,354.1996275603771,0.0,437.08505392074585,0.0,0.0,0.0,0.0,0.0
0.0,0.0,0.0,40.25798451900482,0.0,0.0,0.0,0.0,0.0,0.0,0.0,0.0,0.0,981.5564772486688,21.59170135259628,0.0,1545.7856738567352,0.0,0.0,0.0,0.0,0.0,0.0,0.0,0.0,0.0,0.0,0.0,0.0,343.63034801483155,0.0,0.0,0.0,0.0,0.0,0.0,0.0
0.0,0.0,0.0,0.0,0.0,0.0,0.0,0.0,0.0,0.0,0.0,0.0,0.0,0.0,0.0,0.0,0.0,0.0,0.0,0.0,0.0,0.0,0.0,0.0,0.0,0.0,0.0,0.0,0.0,326.89870723485944,0.0,0.0,0.0,0.0,0.0,0.0,0.0
0.0,0.0,0.0,0.0,0.0,0.0,0.0,0.0,0.0,0.0,0.0,0.0,0.0,0.0,0.0,0.0,1294.4827825069428,0.0,0.0,0.0,0.0,0.0,0.0,0.0,0.0,0.0,0.0,0.0,0.0,0.0,0.0,0.0,0.0,0.0,0.0,0.0,0.0
0.0,0.0,0.0,0.0,0.0,0.0,0.0,0.0,0.0,0.0,0.0,0.0,0.0,0.0,0.0,0.0,0.0,0.0,0.0,0.0,0.0,0.0,0.0,0.0,0.0,0.0,0.0,0.0,0.0,0.0,0.0,0.0,0.0,0.0,0.0,0.0,0.0
0.0,0.0,0.0,0.0,0.0,0.0,0.0,0.0,0.0,0.0,0.0,0.0,0.0,0.0,0.0,0.0,0.0,0.0,0.0,0.0,0.0,0.0,0.0,0.0,0.0,0.0,0.0,0.0,0.0,0.0,0.0,0.0,0.0,0.0,0.0,0.0,0.0
0.0,0.0,0.0,0.0,0.0,0.0,0.0,0.0,0.0,0.0,0.0,0.0,0.0,0.0,0.0,0.0,0.0,0.0,0.0,0.0,0.0,0.0,0.0,0.0,0.0,0.0,0.0,0.0,0.0,0.0,0.0,0.0,0.0,0.0,0.0,0.0,0.0
0.0,0.0,0.0,0.0,0.0,0.0,0.0,0.0,0.0,0.0,0.0,0.0,0.0,0.0,0.0,0.0,0.0,0.0,0.0,0.0,0.0,0.0,0.0,0.0,0.0,0.0,0.0,0.0,0.0,0.0,0.0,0.0,0.0,0.0,0.0,0.0,0.0
0.0,0.0,0.0,0.0,0.0,0.0,0.0,0.0,0.0,0.0,0.0,0.0,0.0,0.0,0.0,0.0,0.0,0.0,0.0,0.0,0.0,0.0,0.0,0.0,0.0,0.0,0.0,0.0,0.0,0.0,0.0,0.0,0.0,0.0,0.0,0.0,0.0
0.0,0.0,0.0,0.0,0.0,0.0,0.0,0.0,0.0,0.0,0.0,0.0,0.0,1.6470409277826368,0.0,0.0,0.0,0.0,0.0,0.0,0.0,0.0,0.0,0.0,0.0,0.0,0.0,0.0,0.0,0.0,0.0,0.0,0.0,0.0,0.0,0.0,0.0
0.0,0.0,0.0,0.0,0.0,0.0,0.0,0.0,0.0,0.0,0.0,0.0,0.0,0.0,0.0,0.0,0.0,0.0,0.0,0.0,0.0,23.577595329284616,0.0,0.0,0.0,0.0,0.0,0.0,0.0,0.0,0.0,0.0,0.651621680706717,0.0,0.0,0.0,0.0
0.0,0.0,0.0,0.0,0.0,0.0,0.0,0.0,0.0,0.0,0.0,0.0,0.0,0.0,0.0,0.0,0.0,0.0,0.0,0.0,0.0,25.06672010421736,0.0,0.0,0.0,0.0,0.0,0.0,0.1655645132064819,0.4754124447703088,0.0,0.0,0.4152871044352418,0.0,0.0,0.0,0.0
0.0,0.0,0.0,0.0,3.172201290726586,0.0,0.0,0.0,0.0,0.0,0.0,0.0,0.0,2.089581852778648,0.0,0.0051696626469488,2.2101388335226813,0.0,0.0,0.0,0.0,24.28277902603119,0.0,0.0,0.0,0.7445762014016368,0.0,0.0,0.0,0.4559152685105613,0.0,0.0,0.0,0.0,0.0,0.0,0.0
0.0,0.0,0.0,0.0,3.761343531310492,0.0,0.0,0.0,0.0,0.0,0.0,0.0,0.0,0.875260252505509,0.1428101487457737,0.0,8.110277366638087,0.0,0.0,0.0,0.0,0.0,0.0,0.0,0.0,0.0,0.2121035549789597,0.0,0.0,0.4815746888517951,0.0,0.0,0.0,0.0,0.0,0.0,0.0
0.0,0.0,0.0,0.0,6.689564961939843,0.0,0.0,0.0,0.0,0.0,1.6645405721850082,0.0,0.0,0.0,0.0,0.0,18.52801493406293,0.0,0.0,0.0,0.0,18.393621349334424,0.0,0.0,0.0,0.0,0.0,0.0,0.0,0.5218987271189515,0.0,1.4799977838992735,0.0,0.0,0.0,0.0,0.0
0.0,0.0,0.0,0.1480169966816895,49.11299508064974,0.8863388770259554,1.5767258301376923,0.0,0.0,0.0,5.823169038491294,0.0,0.0,20.615426430013013,0.3682200606912348,0.0868403585627669,9.46174511909484,0.0,0.0,0.0,0.0,488.8426784515378,0.0,0.0,0.0,2.5138314574956344,0.2619899921119137,0.0,6.6554695889353335,1.1389578498899775,0.0,4.23703581094738,1.8361938856541955,0.0,0.0,0.0,0.0
0.0,0.0,0.0,0.94680913724005,206.16720494627936,6.417890792712568,93.84962245114146,0.0,0.0,0.0,40.83134126141661,0.0,0.0,96.04210140183564,2.479847563058136,0.515696123242378,71.33092393875117,0.0,0.0,0.0,0.0,1569.2855468749997,0.0,0.0,0.0,79.02465553879735,4.316337661445132,0.0,171.72120791822655,14.07367658428845,0.0,42.486624747514725,12.782947160303566,0.0,0.0,0.0,0.0
0.0,0.0,0.0,4.42486689984798,524.0172101855277,46.671237453818286,403.2962442964316,0.0,0.0,0.0,200.15341923758368,0.0,0.0,286.508608572185,8.265831649303433,0.0,278.0886978387832,0.0,0.0,0.0,0.0,2534.1310485839845,0.0,0.0,0.0,312.30315296649934,13.697712495923035,0.0,812.4888416290282,75.31841489076614,0.0,202.18379932641983,51.533879116177545,0.0,0.0,0.0,0.0
0.0,0.0,0.0,11.39846473932266,994.258606672287,154.62091670930383,740.9794060051441,0.0,0.0,0.0,488.7919087514281,0.0,0.0,550.901210233569,16.92779424190521,2.441851034760475,642.793657684326,0.0,0.0,0.0,0.0,3229.647525024414,0.0,0.0,0.0,520.2725714683532,33.56936101317405,0.0,1429.533330798149,225.1411489665508,0.0,373.9512199163437,105.65296924114227,0.0,0.0,0.0,0.0
0.0,0.0,0.0,22.914484798908237,1310.024374961853,246.6896308362484,1020.8820474267006,0.0,0.0,0.0,985.9289630979298,0.0,0.0,852.418972402811,24.198980391025543,3.4823012053966518,1026.0582557797431,0.0,0.0,0.0,0.0,3718.862881469727,0.0,0.0,0.0,653.7101609230042,52.6585379242897,0.0,1913.8096890091897,301.1392617225647,0.0,453.4269349575043,159.51928746700287,0.0,0.0,0.0,0.0
0.0,0.0,0.0,35.54557585716248,1513.117904663086,273.85107615590096,1204.5891588866712,0.0,0.0,0.0,1347.5360941290855,0.0,0.0,1015.7715086638927,27.82721546888352,5.06237518787384,1255.6717811822891,0.0,0.0,0.0,0.0,3893.349108886719,0.0,0.0,0.0,702.2964410305024,64.56317820549012,0.0,2132.759804046154,339.98705592751503,0.0,467.6021534204483,178.35978144407272,0.0,0.0,0.0,0.0
0.0,0.0,0.0,43.4056533575058,1628.372772693634,291.5107661187649,1301.4627695798874,0.0,0.0,0.0,1572.384022325277,0.0,0.0,1093.627664744854,28.88984659910202,6.349077731370925,1413.778309416771,0.0,0.0,0.0,0.0,3938.644915771484,0.0,0.0,0.0,707.3403419017792,71.08615667819977,0.0,2234.196971487999,358.1793828606606,0.0,479.5797431468964,188.47977370023727,0.0,0.0,0.0,0.0
0.0,0.0,0.0,48.02026832103729,1665.2184710502625,299.1710021495819,1325.695882588625,0.0,0.0,0.0,1624.596582430601,0.0,0.0,1106.7505025863647,28.77358732223511,7.174290478229523,1493.919513654709,0.0,0.0,0.0,0.0,3851.231640625,0.0,0.0,0.0,685.2629662036895,72.73295948505401,0.0,2248.484372150898,360.97497978210447,0.0,474.80187594890594,191.601789355278,0.0,0.0,0.0,0.0
0.0,0.0,0.0,49.13149416446686,1630.6802008152008,299.6109228730202,1300.980161780119,0.0,0.0,0.0,1594.0943659961224,0.0,0.0,1076.089273393154,27.94011270403862,7.462398290634155,1496.5256180763245,0.0,0.0,0.0,0.0,3684.0190338134767,0.0,0.0,0.0,656.4277474403382,70.23428542613983,0.0,2189.255473995209,352.9869775891304,0.0,459.2599481344223,187.44689083099365,0.0,0.0,0.0,0.0
0.0,0.0,0.0,44.2162549495697,1485.7966692447662,0.0,1258.7311717689038,0.0,0.0,0.0,0.0,0.0,0.0,1001.9223961234092,0.0,6.574211478233337,1496.8251815795898,0.0,0.0,0.0,0.0,3379.179638671875,0.0,0.0,0.0,0.0,0.0,0.0,2052.0068908452986,355.74126638770105,0.0,0.0,0.0,0.0,0.0,0.0,0.0
0.0,0.0,0.0,0.0,0.0,0.0,0.0,0.0,0.0,0.0,0.0,0.0,0.0,862.0062172412872,0.0,0.0,1417.6737380981444,0.0,0.0,0.0,0.0,0.0,0.0,0.0,0.0,0.0,0.0,0.0,0.0,344.73713859915733,0.0,0.0,0.0,0.0,0.0,0.0,0.0
0.0,0.0,0.0,0.0,0.0,0.0,0.0,0.0,0.0,0.0,0.0,0.0,0.0,0.0,0.0,0.0,1306.0306859016418,0.0,0.0,0.0,0.0,0.0,0.0,0.0,0.0,0.0,0.0,0.0,0.0,0.0,0.0,0.0,0.0,0.0,0.0,0.0,0.0
0.0,0.0,0.0,0.0,0.0,0.0,0.0,0.0,0.0,0.0,0.0,0.0,0.0,0.0,0.0,0.0,1183.5465972185134,0.0,0.0,0.0,0.0,0.0,0.0,0.0,0.0,0.0,0.0,0.0,0.0,0.0,0.0,0.0,0.0,0.0,0.0,0.0,0.0
0.0,0.0,0.0,0.0,0.0,0.0,0.0,0.0,0.0,0.0,0.0,0.0,0.0,0.0,0.0,0.0,0.0,0.0,0.0,0.0,0.0,0.0,0.0,0.0,0.0,0.0,0.0,0.0,0.0,0.0,0.0,0.0,0.0,0.0,0.0,0.0,0.0
0.0,0.0,0.0,0.0,0.0,0.0,0.0,0.0,0.0,0.0,0.0,0.0,0.0,0.0,0.0,0.0,0.0,0.0,0.0,0.0,0.0,0.0,0.0,0.0,0.0,0.0,0.0,0.0,0.0,0.0,0.0,0.0,0.0,0.0,0.0,0.0,0.0
0.0,0.0,0.0,0.0,0.0,0.0,0.0,0.0,0.0,0.0,0.0,0.0,0.0,0.0,0.0,0.0,0.0,0.0,0.0,0.0,0.0,0.0,0.0,0.0,0.0,0.0,0.0,0.0,0.0,0.0,0.0,0.0,0.0,0.0,0.0,0.0,0.0
0.0,0.0,0.0,0.0,0.0,0.0,0.0,0.0,0.0,0.0,0.0,0.0,0.0,0.0,0.0,0.0,0.0,0.0,0.0,0.0,0.0,0.0,0.0,0.0,0.0,0.0,0.0,0.0,0.0,0.0,0.0,0.0,0.0,0.0,0.0,0.0,0.0
0.0,0.0,0.0,0.0,0.0,0.0,0.0,0.0,0.0,0.0,0.0,0.0,0.0,0.0,0.0,0.0,0.0,0.0,0.0,0.0,0.0,0.0,0.0,0.0,0.0,0.0,0.0,0.0,0.0,0.0,0.0,0.0,0.0,0.0,0.0,0.0,0.0
0.0,0.0,0.0,0.0,0.0,0.0,0.0,0.0,0.0,0.0,0.0,0.0,0.0,0.0,0.0,0.0,0.0,0.0,0.0,0.0,0.0,0.0,0.0,0.0,0.0,0.0,0.0,0.0,0.0,0.0,0.0,0.0,0.0,0.0,0.0,0.0,0.0
0.0,0.0,0.0,0.0,0.0,0.0,0.0,0.0,0.0,0.0,0.0,0.0,0.0,0.0,0.0,0.0,0.0,0.0,0.0,0.0,0.0,0.0,0.0,0.0,0.0,0.0,0.0,0.0,0.0,0.0,0.0,0.0,0.0,0.0,0.0,0.0,0.0
0.0,0.0,0.0,0.0,3.048620037734299,0.0,0.0,0.0,0.0,0.0,0.0,0.0,0.0,2.539278431795394,0.0,0.0,3.2043121457098898,0.0,0.0,0.0,0.0,0.0,0.0,0.0,0.0,0.0,1.6905488964170194,0.0,0.0,0.0,0.0,0.0,0.3304017316549813,0.0,0.0,0.0,0.0
0.0,0.0,0.0,0.0,3.750987615436258,0.0,0.0,0.0,0.0,0.0,0.0,0.0,0.0,3.63563559018075,0.0,0.0,5.528564572334096,0.0,0.0,0.0,0.0,12.09417667388877,0.0,0.0,0.0,0.0,1.239013124257323,0.0,0.0,0.0,0.0,0.0,0.0,0.0,0.0,0.0,0.0
0.0,0.0,0.0,0.0,4.846992325037562,0.0,0.0,0.0,0.0,0.0,0.0,0.0,0.0,2.763414001092221,0.0,0.0,10.436123216152044,0.0,0.0,0.0,0.0,11.422672176360724,0.0,0.0,0.0,0.0,0.5340611655265076,0.0,0.0,0.0,0.0,0.0,0.0,0.0,0.0,0.0,0.0
0.0,0.0,0.0,0.1081209126859894,7.283667400479315,0.0,0.0,0.0,0.0,0.0,1.632458333019057,0.0,0.0,1.4791803807018906,0.0551771298050859,0.0,19.1033631682394,0.0,0.0,0.0,0.0,7.317400169372129,0.0,0.0,0.0,0.0,0.0,0.0,0.0,0.0,0.0,1.3522489070891903,0.0,0.0,0.0,0.0,0.0
0.0,0.0,0.0,0.382403379306195,24.980755075812297,1.0712879663333144,0.0,0.0,0.0,0.0,4.092754983622576,0.0,0.0,47.49522251542644,0.2005111634731288,0.0368493208661669,8.465549385547604,0.0,0.0,0.0,0.0,144.53375720977752,0.0,0.0,0.0,0.0,0.0,0.0,4.860649733245365,0.0,0.0,3.589661806821787,1.3090414628386255,0.0,0.0,0.0,0.0
0.0,0.0,0.0,1.6726304031908452,134.91465696692453,1.8247478473931271,79.29225523993362,0.0,0.0,0.0,30.90293080639073,0.0,0.0,184.35038331896052,1.142398681864142,0.3902540728449818,68.24936664104456,0.0,0.0,0.0,0.0,550.6090396881102,0.0,0.0,0.0,77.64301608800886,0.019033065438263,0.0,115.94057560116028,22.61618848666545,0.0,28.90841093659401,7.440063279122103,0.0,0.0,0.0,0.0
0.0,0.0,0.0,5.164886057376858,379.8943920731545,7.007731867954101,366.89775188267225,0.0,0.0,0.0,137.71851688101876,0.0,0.0,412.9799423366785,4.657037624716757,1.003716558218002,278.0844691395758,0.0,0.0,0.0,0.0,1364.925598144531,0.0,0.0,0.0,308.91728672981264,3.448404196649784,0.0,582.2183708131312,106.67987917661668,0.0,129.71761429309842,29.93266367912292,0.0,0.0,0.0,0.0
0.0,0.0,0.0,12.005690693855282,761.2558518648148,29.513727109879223,730.7330340564251,0.0,0.0,0.0,358.5107923343777,0.0,0.0,697.3068360984325,11.066866385936736,1.841893881559372,646.4205333232878,0.0,0.0,0.0,0.0,2281.092706298828,0.0,0.0,0.0,528.8920258998871,11.36586493104696,0.0,1082.3185495197772,245.0474935472012,0.0,282.44204688072205,71.79965819418429,0.0,0.0,0.0,0.0
0.0,0.0,0.0,22.189862430095676,1101.3076322078705,96.90058325976132,1065.791953521967,0.0,0.0,0.0,675.452835047245,0.0,0.0,1008.844812810421,17.32461977005005,2.6542540192604056,1023.2640661716462,0.0,0.0,0.0,0.0,2899.182876586914,0.0,0.0,0.0,682.9490338802337,21.077636924386017,0.0,1579.0545798420906,311.6466142296792,0.0,376.73071110248566,118.61783838272092,0.0,0.0,0.0,0.0
0.0,0.0,0.0,32.226672887802124,1288.1603741645813,125.99353471398354,1210.6616034865378,0.0,0.0,0.0,937.1332419872284,0.0,0.0,1143.2958588004112,21.812811559438707,4.038738131523131,1251.200759124756,0.0,0.0,0.0,0.0,3167.8945404052733,0.0,0.0,0.0,738.9110742092132,35.139642322063445,0.0,1870.572375011444,341.15502377152444,0.0,392.57781529426575,136.9223747253418,0.0,0.0,0.0,0.0
0.0,0.0,0.0,38.992209672927856,1402.5188829898834,146.89215098321438,1264.4031507194045,0.0,0.0,0.0,1122.3354901582002,0.0,0.0,1188.63854393363,23.7093608379364,5.319063961505889,1413.6831943273544,0.0,0.0,0.0,0.0,3316.726724243164,0.0,0.0,0.0,747.467057275772,46.637644898891445,0.0,1993.4488902568817,350.7703738749027,0.0,398.20640873909,152.21469259262085,0.0,0.0,0.0,0.0
0.0,0.0,0.0,41.84957206249237,1445.4147222042084,158.17583809792995,1268.999303227663,0.0,0.0,0.0,1178.142142570019,0.0,0.0,1186.091529428959,23.982910108566283,6.076732516288756,1499.572487783432,0.0,0.0,0.0,0.0,3322.6998931884764,0.0,0.0,0.0,712.3034904003143,52.1806319475174,0.0,1989.524194467068,351.6026751458645,0.0,403.7743616104126,159.66953164339066,0.0,0.0,0.0,0.0
0.0,0.0,0.0,41.07466149330139,1416.1093130111694,164.6955403983593,1234.8874633252622,0.0,0.0,0.0,1173.8240511775016,0.0,0.0,1159.8242758214474,23.70346941947937,6.338533431291579,1503.0986100673676,0.0,0.0,0.0,0.0,3217.858990478516,0.0,0.0,0.0,651.7902463436127,52.627223432064056,0.0,1891.0857239484787,344.9533560454845,0.0,405.2180378437042,0.0,0.0,0.0,0.0,0.0
0.0,0.0,0.0,35.94159173965454,1264.4726285934448,0.0,1201.0351055800916,0.0,0.0,0.0,0.0,0.0,0.0,0.0,21.830295431613923,5.518813669681548,1518.6442889213563,0.0,0.0,0.0,0.0,2984.5797454833983,0.0,0.0,0.0,618.0790916442871,47.16751244664192,0.0,1691.3120322585105,349.8191389501095,0.0,0.0,0.0,0.0,0.0,0.0,0.0
0.0,0.0,0.0,0.0,1017.7062132358552,0.0,0.0,0.0,0.0,0.0,0.0,0.0,0.0,0.0,0.0,0.0,1454.5316932439805,0.0,0.0,0.0,0.0,0.0,0.0,0.0,0.0,559.2316075325012,36.532952851057054,0.0,1453.1858080387117,0.0,0.0,0.0,0.0,0.0,0.0,0.0,0.0
0.0,0.0,0.0,0.0,0.0,0.0,0.0,0.0,0.0,0.0,0.0,0.0,0.0,0.0,0.0,0.0,1339.6553408622742,0.0,0.0,0.0,0.0,0.0,0.0,0.0,0.0,0.0,0.0,0.0,0.0,0.0,0.0,0.0,0.0,0.0,0.0,0.0,0.0
0.0,0.0,0.0,0.0,0.0,0.0,0.0,0.0,0.0,0.0,0.0,0.0,0.0,0.0,0.0,0.0,1214.3279728889463,0.0,0.0,0.0,0.0,0.0,0.0,0.0,0.0,0.0,0.0,0.0,0.0,0.0,0.0,0.0,0.0,0.0,0.0,0.0,0.0
0.0,0.0,0.0,0.0,0.0,0.0,0.0,0.0,0.0,0.0,0.0,0.0,0.0,0.0,0.0,0.0,0.0,0.0,0.0,0.0,0.0,0.0,0.0,0.0,0.0,0.0,0.0,0.0,0.0,0.0,0.0,0.0,0.0,0.0,0.0,0.0,0.0
0.0,0.0,0.0,0.0,0.0,0.0,0.0,0.0,0.0,0.0,0.0,0.0,0.0,0.0,0.0,0.0,0.0,0.0,0.0,0.0,0.0,0.0,0.0,0.0,0.0,0.0,0.0,0.0,0.0,0.0,0.0,0.0,0.0,0.0,0.0,0.0,0.0
0.0,0.0,0.0,0.0,0.0,0.0,0.0,0.0,0.0,0.0,0.0,0.0,0.0,0.0,0.0,0.0,0.0,0.0,0.0,0.0,0.0,0.0,0.0,0.0,0.0,0.0,0.0,0.0,0.0,0.0,0.0,0.0,0.0,0.0,0.0,0.0,0.0
0.0,0.0,0.0,0.0,0.0,0.0,0.0,0.0,0.0,0.0,0.0,0.0,0.0,0.0,0.0,0.0,0.0,0.0,0.0,0.0,0.0,0.0,0.0,0.0,0.0,0.0,0.0,0.0,0.0,0.0,0.0,0.0,0.0,0.0,0.0,0.0,0.0
0.0,0.0,0.0,0.0,0.0,0.0,0.0,0.0,0.0,0.0,0.0,0.0,0.0,0.0,0.0,0.0,0.0,0.0,0.0,0.0,0.0,0.0,0.0,0.0,0.0,0.0,0.0,0.0,0.0,0.0,0.0,0.0,0.0,0.0,0.0,0.0,0.0
0.0,0.0,0.0,0.0,0.0,0.0,0.0,0.0,0.0,0.0,0.0,0.0,0.0,0.0,0.0,0.0,0.0,0.0,0.0,0.0,0.0,0.0,0.0,0.0,0.0,0.0,0.0,0.0,0.0,0.0,0.0,0.0,0.0,0.0,0.0,0.0,0.0
0.0,0.0,0.0,0.0,0.0,0.0,0.0,0.0,0.0,0.0,0.0,0.0,0.0,5.308820973150282,0.0,0.0,0.0,0.0,0.0,0.0,0.0,0.0,0.0,0.0,0.0,0.0,0.0,0.0,0.0,0.1769946455955502,0.0,0.0,0.2963711768388534,0.0,0.0,0.0,0.0
0.0,0.0,0.0,0.0,0.0,0.0,0.0,0.0,0.0,0.0,0.0,0.0,0.0,6.9195743417367055,0.0,0.03100689779967,2.533971393108289,0.0,0.0,0.0,0.0,0.0,0.0,0.0,0.0,0.0,0.0,0.0,0.0,0.5019915156066208,0.0,0.0,0.4853437673300403,0.0,0.0,0.0,0.0
0.0,0.0,0.0,0.0,2.6968381479381685,0.0,0.2214540135114015,0.0,0.0,0.0,0.0,0.0,0.0,6.570571898482661,0.0,0.0134623516350972,5.238316464423991,0.0,0.0,0.0,0.0,20.13304843902583,0.0,0.0,0.0,0.4291814068331606,0.0,0.0,0.0,0.4947953969240143,0.0,0.0,0.014904024079442,0.0,0.0,0.0,0.0
0.0,0.0,0.0,0.2729769200086553,3.3983248323201827,0.0,0.0,0.0,0.0,0.0,1.8109300918875124,0.0,0.0,3.274771547876156,0.0,0.0,11.720054352283295,0.0,0.0,0.0,0.0,0.0,0.0,0.0,0.0,0.0,0.0,0.0,0.0,0.4590578958391959,0.0,0.9564211517572124,0.0,0.0,0.0,0.0,0.0
0.0,0.0,0.0,0.0693566873669604,5.599848687648668,0.0,0.0,0.0,0.0,0.0,1.6049299070611167,0.0,0.0,0.2696586167438865,0.0,0.0034749945625655,36.89693272113787,0.0,0.0,0.0,0.0,0.0,0.0,0.0,0.0,0.0,0.0,0.0,0.0,0.5176314316689864,0.0,1.05597126483913,0.0,0.0,0.0,0.0,0.0
0.0,0.0,0.0,0.166182398796079,24.374797035008605,0.4457266191020214,0.2532772969453733,0.0,0.0,0.0,3.732813026755952,0.0,0.0,25.304526509716965,0.0,0.2722216006368391,22.178485488891432,0.0,0.0,0.0,0.0,350.47633972167927,0.0,0.0,0.0,0.0,0.0,0.0,0.0,1.1596763454377337,0.0,4.086694732308343,1.4652411909773797,0.0,0.0,0.0,0.0
0.0,0.0,0.0,1.2639207504689682,147.97163218259797,11.091157759539785,73.95113417282698,0.0,0.0,0.0,34.322867834940425,0.0,0.0,89.58416774868954,0.0,0.8758192658424377,106.7246460199356,0.0,0.0,0.0,0.0,1239.3717163085937,0.0,0.0,0.0,50.29585157930849,2.8064971636980696,0.0,53.115813356637766,12.559646309167114,0.0,48.10488417744633,9.81406163424252,0.0,0.0,0.0,0.0
0.0,0.0,0.0,5.190359055995939,417.9821854829787,74.59483943879601,358.03925134986633,0.0,0.0,0.0,176.95756194144485,0.0,0.0,224.11918099969623,0.0,1.8172560334205627,349.078016424179,0.0,0.0,0.0,0.0,2280.8115936279296,0.0,0.0,0.0,210.537922680378,10.208075965940946,0.0,476.230064243078,70.14043114483356,0.0,212.71984779834747,40.29628971219061,0.0,0.0,0.0,0.0
0.0,0.0,0.0,13.027795225381848,860.7486966848372,208.8018776923418,750.9789435118437,0.0,0.0,0.0,468.824635091424,0.0,0.0,424.9611531943083,0.0,2.925236254930496,779.0457168459892,0.0,0.0,0.0,0.0,3032.507418823242,0.0,0.0,0.0,506.0689827919006,25.38329619765281,0.0,1189.0130971252918,223.46239435076717,0.0,384.3232697248459,97.68866568803789,0.0,0.0,0.0,0.0
0.0,0.0,0.0,26.120152473449707,1337.668738603592,296.62230959534645,1114.1395902097224,0.0,0.0,0.0,967.797658085823,0.0,0.0,666.356717646122,0.0,4.118334889411926,1193.7843392848968,0.0,0.0,0.0,0.0,3568.3782440185546,0.0,0.0,0.0,689.6538495540619,48.01411876678466,0.0,1771.7353872537612,302.00164786577227,0.0,470.8990271091461,154.08863198757172,0.0,0.0,0.0,0.0
0.0,0.0,0.0,37.18881893157959,1612.3663222789764,321.7637922465801,1303.637179285288,0.0,0.0,0.0,1338.2284644067288,0.0,0.0,795.3969852626324,31.295039105415345,5.786099046468735,1450.3972511291504,0.0,0.0,0.0,0.0,3788.647268676758,0.0,0.0,0.0,756.4313781738281,61.762263691425325,0.0,2014.4667868375775,342.8911833226681,0.0,486.3268860578537,174.57307982444763,0.0,0.0,0.0,0.0
0.0,0.0,0.0,45.71123504638672,1775.8050065040588,337.3350962996483,1405.2301557123658,0.0,0.0,0.0,1590.1296962797642,0.0,0.0,889.0081217885017,32.15663394927979,0.0,1626.9858914613724,0.0,0.0,0.0,0.0,3855.3144287109376,0.0,0.0,0.0,783.1591215133667,69.08782382011414,0.0,2138.945539307594,358.9993362128735,0.0,497.4832445383072,186.5934871435165,0.0,0.0,0.0,0.0
0.0,0.0,0.0,49.61217737197876,1807.68257689476,341.68948644399643,1421.9749146699903,0.0,0.0,0.0,1681.0843784987926,0.0,0.0,926.4660330116748,31.152149194478987,0.0,1717.0379409313202,0.0,0.0,0.0,0.0,3776.338879394531,0.0,0.0,0.0,758.4125030517578,70.9004529595375,0.0,2146.823519825936,360.48680352568624,0.0,496.41525280475616,190.1186804175377,0.0,0.0,0.0,0.0
0.0,0.0,0.0,49.49715900421143,1763.4932157993317,334.4207878410816,1383.6846141874792,0.0,0.0,0.0,1626.730538713932,0.0,0.0,942.7568197250366,29.113289523124696,0.0,1710.2969041109086,0.0,0.0,0.0,0.0,3594.566809082032,0.0,0.0,0.0,718.968737411499,69.3982704281807,0.0,2084.338781380653,352.5127893924713,0.0,481.0831629037857,186.133725643158,0.0,0.0,0.0,0.0
0.0,0.0,0.0,43.316577315330505,1601.671433925629,0.0,0.0,0.0,0.0,0.0,1500.0226293623448,0.0,0.0,0.0,26.102406477928163,0.0,1702.6584024906158,0.0,0.0,0.0,0.0,3300.5270294189454,0.0,0.0,0.0,689.2061045646667,0.0,0.0,1942.2514418125152,354.73283740282056,0.0,0.0,0.0,0.0,0.0,0.0,0.0
0.0,0.0,0.0,33.19218564033508,1405.7019860744476,0.0,0.0,0.0,0.0,0.0,0.0,0.0,0.0,0.0,22.19377670288086,0.0,1609.2089302778245,0.0,0.0,0.0,0.0,2926.4133239746093,0.0,0.0,0.0,631.2457660198212,0.0,0.0,0.0,344.77043346166613,0.0,0.0,0.0,0.0,0.0,0.0,0.0
0.0,0.0,0.0,0.0,0.0,0.0,0.0,0.0,0.0,0.0,0.0,0.0,0.0,0.0,0.0,0.0,1469.3244184970856,0.0,0.0,0.0,0.0,0.0,0.0,0.0,0.0,0.0,0.0,0.0,0.0,0.0,0.0,0.0,0.0,0.0,0.0,0.0,0.0
0.0,0.0,0.0,0.0,0.0,0.0,0.0,0.0,0.0,0.0,0.0,0.0,0.0,0.0,0.0,0.0,1340.366007471085,0.0,0.0,0.0,0.0,0.0,0.0,0.0,0.0,0.0,0.0,0.0,0.0,0.0,0.0,0.0,0.0,0.0,0.0,0.0,0.0
0.0,0.0,0.0,0.0,0.0,0.0,0.0,0.0,0.0,0.0,0.0,0.0,0.0,0.0,0.0,0.0,0.0,0.0,0.0,0.0,0.0,0.0,0.0,0.0,0.0,0.0,0.0,0.0,0.0,0.0,0.0,0.0,0.0,0.0,0.0,0.0,0.0
0.0,0.0,0.0,0.0,0.0,0.0,0.0,0.0,0.0,0.0,0.0,0.0,0.0,0.0,0.0,0.0,0.0,0.0,0.0,0.0,0.0,0.0,0.0,0.0,0.0,0.0,0.0,0.0,0.0,0.0,0.0,0.0,0.0,0.0,0.0,0.0,0.0
0.0,0.0,0.0,0.0,0.0,0.0,0.0,0.0,0.0,0.0,0.0,0.0,0.0,0.0,0.0,0.0,0.0,0.0,0.0,0.0,0.0,0.0,0.0,0.0,0.0,0.0,0.0,0.0,0.0,0.0,0.0,0.0,0.0,0.0,0.0,0.0,0.0
0.0,0.0,0.0,0.0,0.0,0.0,0.0,0.0,0.0,0.0,0.0,0.0,0.0,0.0,0.0,0.0,0.0,0.0,0.0,0.0,0.0,0.0,0.0,0.0,0.0,0.0,0.0,0.0,0.0,0.0,0.0,0.0,0.0,0.0,0.0,0.0,0.0
0.0,0.0,0.0,0.0,0.0,0.0,0.0,0.0,0.0,0.0,0.0,0.0,0.0,0.0,0.0,0.0,0.0,0.0,0.0,0.0,0.0,0.0,0.0,0.0,0.0,0.0,0.0,0.0,0.0,0.0,0.0,0.0,0.0,0.0,0.0,0.0,0.0
0.0,0.0,0.0,0.0,0.0,0.0,0.0,0.0,0.0,0.0,0.0,0.0,0.0,4.552708761766519,0.0,0.0,0.0,0.0,0.0,0.0,0.0,0.0,0.0,0.0,0.0,0.0,0.0,0.0,0.0,0.0,0.0,0.0,0.0,0.0,0.0,0.0,0.0
0.0,0.0,0.0,0.0,0.0,0.0,0.0,0.0,0.0,0.0,0.0,0.0,0.0,6.716402135789265,0.0,0.0,0.0,0.0,0.0,0.0,0.0,0.0,0.0,0.0,0.0,0.0,0.0,0.0,0.0,0.1522900216281224,0.0,0.0,0.0,0.0,0.0,0.0,0.0
0.0,0.0,0.0,0.0,0.0,0.0,0.0,0.0,0.0,0.0,0.0,0.0,0.0,11.859597458969686,0.0,0.0,0.0,0.0,0.0,0.0,0.0,0.0,0.0,0.0,0.0,0.0,0.0,0.0,0.2904447674748718,0.4915502607822339,0.0,0.0,0.0,0.0,0.0,0.0,0.0
0.0,0.0,0.0,0.0,0.0,0.0,0.0,0.0,0.0,0.0,0.0,0.0,0.0,10.155187533236967,0.0,0.0,0.0,0.0,0.0,0.0,0.0,0.0,0.0,0.0,0.0,0.0,0.0,0.0,0.0,0.4910260014235696,0.0,0.0,0.0,0.0,0.0,0.0,0.0
0.0,0.0,0.0,0.2995701134204819,0.0,0.0,0.0,0.0,0.0,0.0,1.8868933752179065,0.0,0.0,5.993279907852347,0.112582370638847,0.0,9.258032131195058,0.0,0.0,0.0,0.0,0.0,0.0,0.0,0.0,0.0,0.2624551367014576,0.0,0.0,0.4736873678862728,0.0,0.0,0.0,0.0,0.0,0.0,0.0
0.0,0.0,0.0,0.1039066705852698,0.0,0.0,0.0,0.0,0.0,0.0,1.624757748003831,0.0,0.0,2.677574604749584,0.0774995595216722,0.0,15.995636963844191,0.0,0.0,0.0,0.0,43.19022035598744,0.0,0.0,0.0,0.0,0.7453823154792137,0.0,0.0,0.5461259528994173,0.0,0.0,0.0,0.0,0.0,0.0,0.0
0.0,0.0,0.0,0.2295008320361369,51.5817863047121,0.5225830050185235,0.0,0.0,0.0,0.0,3.0889527889433905,0.0,0.0,37.56232117768375,0.3273011416196788,0.0,5.92563329935059,0.0,0.0,0.0,0.0,426.44428901672336,0.0,0.0,0.0,0.0,2.1599525861442004,0.0,0.0,1.309292351454482,0.0,6.529298827052096,1.4315121658146366,0.0,0.0,0.0,0.0
0.0,0.0,0.0,0.9316452220082226,210.246966779232,9.506918370723684,37.96395883075888,0.0,0.0,0.0,29.198365839663836,0.0,0.0,146.20511960238207,1.6072995398193584,0.0,41.09995330572109,0.0,0.0,0.0,0.0,1358.7030944824216,0.0,0.0,0.0,63.28266686797142,7.60511586815118,0.0,38.33065885007382,14.572702666372043,0.0,53.07217243313784,9.488568969070906,0.0,0.0,0.0,0.0
0.0,0.0,0.0,3.934088543057441,525.606995999813,66.28996518999337,243.4668405145406,0.0,0.0,0.0,153.02597456350912,0.0,0.0,363.0838599056005,5.793698528409003,2.0595649480819698,212.53803800344457,0.0,0.0,0.0,0.0,2335.226858520508,0.0,0.0,0.0,241.91424365043636,19.54887073040009,0.0,361.1360236108301,78.87329751998186,0.0,216.88689577579495,38.49760338664053,0.0,0.0,0.0,0.0
0.0,0.0,0.0,10.03163862228393,973.1092842817308,195.93910671770573,559.9888333767652,0.0,0.0,0.0,409.8663794651628,0.0,0.0,639.4254193454981,13.326289173960683,3.2328250259160987,543.9189482450485,0.0,0.0,0.0,0.0,3020.1425354003904,0.0,0.0,0.0,476.6445408821106,43.48443356752395,0.0,1007.64636220932,233.05761758089065,0.0,376.5505475997925,78.53831383585928,0.0,0.0,0.0,0.0
0.0,0.0,0.0,20.006937682628628,1308.2259809970856,283.64685717225075,881.2097470998764,0.0,0.0,0.0,873.3288984447718,0.0,0.0,959.1020520031452,20.133882826566698,4.032742649316788,957.6358188986776,0.0,0.0,0.0,0.0,3464.18186340332,0.0,0.0,0.0,645.4057484149932,62.96874376535416,0.0,1578.9956740617752,308.6748661637306,0.0,465.6938771009445,129.4069961607456,0.0,0.0,0.0,0.0
0.0,0.0,0.0,31.3637136220932,1522.9076051712036,309.60800820589066,1116.603492063284,0.0,0.0,0.0,1212.4168573796749,0.0,0.0,1106.559852063656,24.066184973716737,5.380210906267166,1216.5696737527846,0.0,0.0,0.0,0.0,3666.724765014648,0.0,0.0,0.0,700.9551979541778,74.58982107639312,0.0,1848.0673823714253,346.86915789842607,0.0,464.3068944215775,145.4786871373653,0.0,0.0,0.0,0.0
0.0,0.0,0.0,39.26338458061218,1621.2311596870422,325.6546555161476,1240.5802951395513,0.0,0.0,0.0,1447.7232734501365,0.0,0.0,1167.9923851788044,26.007679331302644,6.250379115343094,1409.1257597208023,0.0,0.0,0.0,0.0,3735.859197998047,0.0,0.0,0.0,710.3703862667084,80.4948504805565,0.0,1981.1913042426108,361.3474323749542,0.0,469.2886790037155,159.014852643013,0.0,0.0,0.0,0.0
0.0,0.0,0.0,43.31904220581055,1659.870080947876,330.78573328256607,1296.40014757514,0.0,0.0,0.0,1512.8039900183678,0.0,0.0,1174.1641268134117,25.82754544615745,6.830801069736481,1517.9824055671693,0.0,0.0,0.0,0.0,3682.194381713867,0.0,0.0,0.0,688.4883774757385,81.45542106628417,0.0,2016.5168650746343,359.46916632056235,0.0,459.5610339641571,165.829525411129,0.0,0.0,0.0,0.0
0.0,0.0,0.0,42.96770107746124,1643.3781814575195,326.09574723243713,1294.2659022986888,0.0,0.0,0.0,1481.2815159976485,0.0,0.0,1146.0523703694344,24.947669631242757,7.054384708404541,1539.4823380470275,0.0,0.0,0.0,0.0,3520.4416076660154,0.0,0.0,0.0,655.7846893787384,78.26731895208358,0.0,1973.799492764473,352.4368508636952,0.0,443.1079905033112,0.0,0.0,0.0,0.0,0.0
0.0,0.0,0.0,36.72917413711548,1525.4689197540283,0.0,1256.687772446871,0.0,0.0,0.0,1411.4575442016126,0.0,0.0,1076.7549113929272,22.90574499964714,6.285268366336823,1563.4798996210095,0.0,0.0,0.0,0.0,3240.331979370117,0.0,0.0,0.0,633.2220995903015,0.0,0.0,1848.6715200543404,356.05525966882703,0.0,397.36163890361786,0.0,0.0,0.0,0.0,0.0
0.0,0.0,0.0,27.06488734483719,0.0,0.0,0.0,0.0,0.0,0.0,0.0,0.0,0.0,0.0,18.297961181402208,0.0,0.0,0.0,0.0,0.0,0.0,0.0,0.0,0.0,0.0,0.0,0.0,0.0,0.0,346.0336466372013,0.0,0.0,0.0,0.0,0.0,0.0,0.0
0.0,0.0,0.0,0.0,0.0,0.0,0.0,0.0,0.0,0.0,0.0,0.0,0.0,0.0,0.0,0.0,0.0,0.0,0.0,0.0,0.0,0.0,0.0,0.0,0.0,0.0,0.0,0.0,0.0,0.0,0.0,0.0,0.0,0.0,0.0,0.0,0.0
0.0,0.0,0.0,0.0,0.0,0.0,0.0,0.0,0.0,0.0,0.0,0.0,0.0,0.0,0.0,0.0,0.0,0.0,0.0,0.0,0.0,0.0,0.0,0.0,0.0,0.0,0.0,0.0,0.0,0.0,0.0,0.0,0.0,0.0,0.0,0.0,0.0
0.0,0.0,0.0,0.0,0.0,0.0,0.0,0.0,0.0,0.0,0.0,0.0,0.0,0.0,0.0,0.0,0.0,0.0,0.0,0.0,0.0,0.0,0.0,0.0,0.0,0.0,0.0,0.0,0.0,0.0,0.0,0.0,0.0,0.0,0.0,0.0,0.0
0.0,0.0,0.0,0.0,0.0,0.0,0.0,0.0,0.0,0.0,0.0,0.0,0.0,0.0,0.0,0.0,0.0,0.0,0.0,0.0,0.0,0.0,0.0,0.0,0.0,0.0,0.0,0.0,0.0,0.0,0.0,0.0,0.0,0.0,0.0,0.0,0.0
0.0,0.0,0.0,0.0,0.0,0.0,0.0,0.0,0.0,0.0,0.0,0.0,0.0,0.0,0.0,0.0,0.0,0.0,0.0,0.0,0.0,0.0,0.0,0.0,0.0,0.0,0.0,0.0,0.0,0.0,0.0,0.0,0.0,0.0,0.0,0.0,0.0
0.0,0.0,0.0,0.0,0.0,0.0,0.0,0.0,0.0,0.0,0.0,0.0,0.0,0.0,0.0,0.0,0.0,0.0,0.0,0.0,0.0,0.0,0.0,0.0,0.0,0.0,0.0,0.0,0.0,0.0,0.0,0.0,0.0,0.0,0.0,0.0,0.0
0.0,0.0,0.0,0.0,0.0,0.0,0.0,0.0,0.0,0.0,0.0,0.0,0.0,0.0,0.0,0.0,0.0,0.0,0.0,0.0,0.0,0.0,0.0,0.0,0.0,0.0,0.0,0.0,0.0,0.0,0.0,0.0,0.0,0.0,0.0,0.0,0.0
0.0,0.0,0.0,0.0,0.0,0.0,0.0,0.0,0.0,0.0,0.0,0.0,0.0,0.0,0.0,0.0,0.0,0.0,0.0,0.0,0.0,0.0,0.0,0.0,0.0,0.0,0.0,0.0,0.0,0.0,0.0,0.0,0.0,0.0,0.0,0.0,0.0
0.0,0.0,0.0,0.0,0.0,0.0,0.0,0.0,0.0,0.0,0.0,0.0,0.0,0.0,0.0,0.0,0.0,0.0,0.0,0.0,0.0,0.0,0.0,0.0,0.0,0.0,0.0,0.0,0.0,0.0,0.0,0.0,0.0,0.0,0.0,0.0,0.0
0.0,0.0,0.0,0.0,0.0,0.5801887009292833,0.0,0.0,0.0,0.0,2.266016866359672,0.0,0.0,4.170989473350272,0.0,0.0,0.0,0.0,0.0,0.0,0.0,0.0,0.0,0.0,0.0,0.0,0.8784782359376542,0.0,0.0,0.0,0.0,0.0,0.0,0.0,0.0,0.0,0.0
0.0,0.0,0.0,0.0,0.0,0.0,0.0,0.0,0.0,0.0,2.1650150270201025,0.0,0.0,2.299010632559524,0.1383319593966,0.0,3.961617016792296,0.0,0.0,0.0,0.0,2.916314792633001,0.0,0.0,0.0,0.0,0.6988238662481278,0.0,0.0,0.5716125726699712,0.0,0.0,0.0,0.0,0.0,0.0,0.0
0.0,0.0,0.0,0.0,3.221397310495299,0.0661099483258828,0.0,0.0,0.0,0.0,1.9425848790908724,0.0,0.0,1.8347722850738903,0.1150963179767118,0.0,9.252393865585251,0.0,0.0,0.0,0.0,3.690138530730752,0.0,0.0,0.0,0.0,0.1516707919538013,0.0,0.0,0.5122599698602885,0.0,1.3724863529204772,0.0,0.0,0.0,0.0,0.0
0.0,0.0,0.0,0.0665049832314191,4.982511948794062,0.0,0.0,0.0,0.0,0.0,1.641415507718811,0.0,0.0,1.2502819625660715,0.0563785314559927,0.0,19.860729324817587,0.0,0.0,0.0,0.0,74.21758155822715,0.0,0.0,0.0,0.0,0.0,0.0,0.0,0.5389122612774077,0.0,1.5975068360566715,0.0,0.0,0.0,0.0,0.0
0.0,0.0,0.0,0.1931706629693465,46.20125837624063,0.8740613330155347,0.0,0.0,0.0,0.0,2.301565852109269,0.0,0.0,32.37242347560812,0.2908417135477043,0.2907849550247187,9.174928998946958,0.0,0.0,0.0,0.0,525.3729984283444,0.0,0.0,0.0,0.0,0.515119738876819,0.0,0.0,2.056083699315757,0.0,8.484594017267222,1.569601013325142,0.0,0.0,0.0,0.0
0.0,0.0,0.0,1.164782471954819,198.76577767729748,13.527625452727056,71.90711153149599,0.0,0.0,0.0,16.45768648004158,0.0,0.0,135.8267980068921,2.0049938220530743,0.786422364413738,65.14899469614026,0.0,0.0,0.0,0.0,1546.9766082763672,0.0,0.0,0.0,73.28661400079723,4.730309029668563,0.0,39.29714562296845,17.402998821064806,0.0,57.00372686982151,12.851264774799342,0.0,0.0,0.0,0.0
0.0,0.0,0.0,4.745636180043216,494.3701956868171,87.34242064505816,327.38250431567417,0.0,0.0,0.0,110.75220396257924,0.0,0.0,344.00476377457375,6.832914617657662,1.6420004367828358,270.56774179935445,0.0,0.0,0.0,0.0,2458.2241088867186,0.0,0.0,0.0,288.71813046932215,14.686177855730056,0.0,379.1509035110472,86.93476631492375,0.0,229.28981274366376,52.37104986608026,0.0,0.0,0.0,0.0
0.0,0.0,0.0,11.930827498435974,920.2922608852386,217.3892606198788,660.0388338804244,0.0,0.0,0.0,368.29800279438496,0.0,0.0,603.0050694197416,15.156473171710966,2.743156850337982,639.0965488672256,0.0,0.0,0.0,0.0,3119.335925292969,0.0,0.0,0.0,507.88133521080016,35.92046186923981,0.0,1043.0829800724982,236.34403841495515,0.0,387.89324128627777,106.46783825755118,0.0,0.0,0.0,0.0
0.0,0.0,0.0,23.69270652532577,1289.260801076889,302.6567018926144,940.2372233092784,0.0,0.0,0.0,829.8345024764537,0.0,0.0,882.3239727318287,22.82085501551628,3.419150471687317,1033.3712701320649,0.0,0.0,0.0,0.0,3581.244512939453,0.0,0.0,0.0,669.6489565849304,51.255947184562686,0.0,1616.1768455147744,309.3758624315262,0.0,473.0512292385101,161.48987352848053,0.0,0.0,0.0,0.0
0.0,0.0,0.0,36.257086634635925,1530.9279201030731,327.29000025987625,1130.6740979015826,0.0,0.0,0.0,1155.6962044358254,0.0,0.0,1043.369491994381,26.70025155544281,4.906109482049941,1277.2469722509384,0.0,0.0,0.0,0.0,3768.483206176758,0.0,0.0,0.0,719.546063041687,63.66946845054626,0.0,1872.559149169922,343.6489284694195,0.0,494.07815074920654,181.70463979244232,0.0,0.0,0.0,0.0
0.0,0.0,0.0,44.45350897312164,1667.186627149582,340.3988128006458,1235.1509347259998,0.0,0.0,0.0,1401.7716746270655,0.0,0.0,1127.3507741093636,28.11978004574776,6.224687844514846,1439.0422744750977,0.0,0.0,0.0,0.0,3824.151663208008,0.0,0.0,0.0,729.6302578449249,70.7199819803238,0.0,2003.7586584687235,355.27204547524457,0.0,489.34018433094025,192.50671231746676,0.0,0.0,0.0,0.0
0.0,0.0,0.0,48.12433326244354,1715.4889993667605,343.33276200294495,1269.5910712361335,0.0,0.0,0.0,1499.79885892272,0.0,0.0,1149.361167550087,28.01622623205185,7.118619859218597,1514.292038154602,0.0,0.0,0.0,0.0,3729.698892211914,0.0,0.0,0.0,706.9096087455749,72.6559902191162,0.0,2053.05667039156,353.7258611142635,0.0,479.6669363975525,195.0088899731636,0.0,0.0,0.0,0.0
0.0,0.0,0.0,49.86321556568146,1683.1964828968048,336.80514219403267,1264.3696048080922,0.0,0.0,0.0,1497.4100755751133,0.0,0.0,1140.8008316159248,27.29684135913849,7.4514479637146,1516.1690903186798,0.0,0.0,0.0,0.0,3527.142138671875,0.0,0.0,0.0,685.5145905971527,70.46154669523239,0.0,2061.553868472576,347.30721613168714,0.0,463.7853496074677,191.3035189509392,0.0,0.0,0.0,0.0
0.0,0.0,0.0,45.01151657104492,1558.0397906303406,320.47032418847084,0.0,0.0,0.0,0.0,1426.940559965372,0.0,0.0,0.0,25.011841320991515,6.615372836589813,1529.8683597564698,0.0,0.0,0.0,0.0,3241.2127990722656,0.0,0.0,0.0,0.0,63.598334801197055,0.0,0.0,352.80133705735204,0.0,0.0,0.0,0.0,0.0,0.0,0.0
0.0,0.0,0.0,0.0,0.0,276.4515851438045,0.0,0.0,0.0,0.0,0.0,0.0,0.0,0.0,0.0,0.0,1467.414149594307,0.0,0.0,0.0,0.0,0.0,0.0,0.0,0.0,0.0,53.030273139476776,0.0,0.0,0.0,0.0,0.0,0.0,0.0,0.0,0.0,0.0
0.0,0.0,0.0,0.0,0.0,0.0,0.0,0.0,0.0,0.0,0.0,0.0,0.0,0.0,0.0,0.0,1357.6053722858428,0.0,0.0,0.0,0.0,0.0,0.0,0.0,0.0,0.0,0.0,0.0,0.0,0.0,0.0,0.0,0.0,0.0,0.0,0.0,0.0
0.0,0.0,0.0,0.0,0.0,0.0,0.0,0.0,0.0,0.0,0.0,0.0,0.0,0.0,0.0,0.0,0.0,0.0,0.0,0.0,0.0,0.0,0.0,0.0,0.0,0.0,0.0,0.0,0.0,0.0,0.0,0.0,0.0,0.0,0.0,0.0,0.0
0.0,0.0,0.0,0.0,0.0,0.0,0.0,0.0,0.0,0.0,0.0,0.0,0.0,0.0,0.0,0.0,0.0,0.0,0.0,0.0,0.0,0.0,0.0,0.0,0.0,0.0,0.0,0.0,0.0,0.0,0.0,0.0,0.0,0.0,0.0,0.0,0.0
0.0,0.0,0.0,0.0,0.0,0.0,0.0,0.0,0.0,0.0,0.0,0.0,0.0,0.0,0.0,0.0,0.0,0.0,0.0,0.0,0.0,0.0,0.0,0.0,0.0,0.0,0.0,0.0,0.0,0.0,0.0,0.0,0.0,0.0,0.0,0.0,0.0
0.0,0.0,0.0,0.0,0.0,0.0,0.0,0.0,0.0,0.0,0.0,0.0,0.0,0.0,0.0,0.0,0.0,0.0,0.0,0.0,0.0,0.0,0.0,0.0,0.0,0.0,0.0,0.0,0.0,0.0,0.0,0.0,0.0,0.0,0.0,0.0,0.0
0.0,0.0,0.0,0.0,0.0,0.0,0.0,0.0,0.0,0.0,0.0,0.0,0.0,0.0,0.0,0.0,0.0,0.0,0.0,0.0,0.0,0.0,0.0,0.0,0.0,0.0,0.0,0.0,0.0,0.0,0.0,0.0,0.0,0.0,0.0,0.0,0.0
0.0,0.0,0.0,0.0,0.0,0.0,0.0,0.0,0.0,0.0,0.0,0.0,0.0,0.0,0.0,0.0,0.0,0.0,0.0,0.0,0.0,0.0,0.0,0.0,0.0,0.0,0.0,0.0,0.0,0.0,0.0,0.0,0.0,0.0,0.0,0.0,0.0
0.0,0.0,0.0,0.0,0.0,0.0,0.0,0.0,0.0,0.0,0.0,0.0,0.0,5.088264653459094,0.0,0.0,0.0,0.0,0.0,0.0,0.0,0.0,0.0,0.0,0.0,0.0,0.0,0.0,0.0,0.0,0.0,0.0,0.0,0.0,0.0,0.0,0.0
0.0,0.0,0.0,0.0,0.0,0.0,0.0,0.0,0.0,0.0,0.0,0.0,0.0,0.0,0.0,0.0,0.0,0.0,0.0,0.0,0.0,0.0,0.0,0.0,0.0,0.0,0.0,0.0,0.2080159455537796,0.0,0.0,0.0,0.0,0.0,0.0,0.0,0.0
0.0,0.0,0.0,0.0,2.4576214179396296,0.0,0.0,0.0,0.0,0.0,0.0,0.0,0.0,10.29799617826924,0.0,0.0,0.0,0.0,0.0,0.0,0.0,0.0,0.0,0.0,0.0,0.0,0.0,0.0,0.2718305408954265,0.0,0.0,0.0,0.0,0.0,0.0,0.0,0.0
0.0,0.0,0.0,0.2438572254031862,2.998686984181209,0.0,0.0,0.0,0.0,0.0,0.0,0.0,0.0,8.699639304540936,0.1649040140211562,0.0,0.0,0.0,0.0,0.0,0.0,5.848866558074937,0.0,0.0,0.0,0.4266118410974092,0.0,0.0,0.0,0.0,0.0,0.0,0.0,0.0,0.0,0.0,0.0
0.0,0.0,0.0,0.2323546148836593,3.4533619433639844,0.1268418957478919,0.0,0.0,0.0,0.0,1.8278241243678848,0.0,0.0,3.602386694401365,0.1118514351546762,0.0,11.80426062345488,0.0,0.0,0.0,0.0,0.0,0.0,0.0,0.0,0.0,0.0,0.0,0.0,0.5332889206707158,0.0,0.0,0.0,0.0,0.0,0.0,0.0
0.0,0.0,0.0,0.1123419106006572,5.770477920770526,0.0,0.0,0.0,0.0,0.0,1.6098545519634508,0.0,0.0,1.3076125504448892,0.0217321895062899,0.0,33.33072972297653,0.0,0.0,0.0,0.0,0.0,0.0,0.0,0.0,0.0,0.0,0.0,0.0,0.574046424776287,0.0,1.248505085706697,0.0,0.0,0.0,0.0,0.0
0.0,0.0,0.0,0.2091365568339796,43.030909523367775,0.6516961944289265,0.0,0.0,0.0,0.0,2.6819183854384208,0.0,0.0,30.76374140568064,0.1990218333899963,0.1633460288867342,14.22822455167769,0.0,0.0,0.0,0.0,171.32330245971653,0.0,0.0,0.0,1.4637349626049228,0.0,0.0,0.0,1.7298098623752347,0.0,5.747322484850856,1.4965604348107977,0.0,0.0,0.0,0.0
0.0,0.0,0.0,1.1607767939567546,184.6665184497833,12.010426236316558,80.58819272592663,0.0,0.0,0.0,23.01761651244,0.0,0.0,130.69505315273986,1.8533843345940089,0.5525327920913684,80.68903528451912,0.0,0.0,0.0,0.0,682.8093009948727,0.0,0.0,0.0,88.43744146823876,0.0,0.0,70.84858365729437,16.069747231155603,0.0,53.13644605875015,11.218985706567755,0.0,0.0,0.0,0.0
0.0,0.0,0.0,4.79878930747509,470.76670056581486,76.33629210293292,358.8693313255906,0.0,0.0,0.0,139.36864587403832,0.0,0.0,347.0345957204699,6.660686865448952,1.2255384549498558,295.9597935438156,0.0,0.0,0.0,0.0,1628.6725677490235,0.0,0.0,0.0,357.9071671962738,3.454958290606737,0.0,591.3939278602599,83.20325807183981,0.0,219.43532484769815,42.40982866287232,0.0,0.0,0.0,0.0
0.0,0.0,0.0,11.919441699981688,918.4207153320312,210.7895449101925,732.2689834713935,0.0,0.0,0.0,418.7204671919345,0.0,0.0,624.9993477016687,14.51677726507187,2.040081664919853,684.387143087387,0.0,0.0,0.0,0.0,2460.701431274414,0.0,0.0,0.0,605.0162648200989,11.445566898584364,0.0,1278.845982927084,236.3651962339878,0.0,393.3237302303314,91.65689378976822,0.0,0.0,0.0,0.0
0.0,0.0,0.0,23.707907915115356,1345.8598246574402,295.389121055603,1080.2260338425635,0.0,0.0,0.0,880.0322471052408,0.0,0.0,939.053883999586,21.8965257704258,2.981415569782256,1094.7436687231063,0.0,0.0,0.0,0.0,3061.667086791992,0.0,0.0,0.0,755.4860370635986,28.56617142558098,0.0,1837.7943713665009,311.4585837781429,0.0,467.11699295043945,148.5895693898201,0.0,0.0,0.0,0.0
0.0,0.0,0.0,35.18565011024475,1598.9985001087189,318.36602342128754,1283.3176954865455,0.0,0.0,0.0,1218.597668159008,0.0,0.0,1088.9461655914783,25.24716750383377,4.484181731939316,1350.3999139785767,0.0,0.0,0.0,0.0,3384.3235931396484,0.0,0.0,0.0,799.9981984615326,45.56363976001739,0.0,2052.477037513256,347.6105719268322,0.0,479.7405662536621,168.94293123483658,0.0,0.0,0.0,0.0
0.0,0.0,0.0,43.286248445510864,1733.2045483589172,330.23909252882004,1379.4150356590749,0.0,0.0,0.0,1469.215407037735,0.0,0.0,1158.4850788116455,27.12116997241974,5.719050377607345,1533.264066505432,0.0,0.0,0.0,0.0,3537.611752319336,0.0,0.0,0.0,808.3423411369324,56.20617723464966,0.0,2157.597465586662,360.2532708764076,0.0,481.9722111225128,182.7466913461685,0.0,0.0,0.0,0.0
0.0,0.0,0.0,48.6302307844162,1757.2482142448423,331.0242166221142,1392.120866894722,0.0,0.0,0.0,1546.4766945362092,0.0,0.0,1165.437813848257,27.160334515571595,0.0,1625.1161935567857,0.0,0.0,0.0,0.0,3569.7848937988283,0.0,0.0,0.0,789.0252430438995,61.31400405168533,0.0,2161.3598955869675,358.11635458469385,0.0,474.9428563117981,0.0,0.0,0.0,0.0,0.0
0.0,0.0,0.0,50.45854389667511,1705.3686032295227,323.8965694308281,1354.5790935575965,0.0,0.0,0.0,1542.0176955759523,0.0,0.0,1130.5818179249763,26.49278826713562,0.0,1625.5355089187622,0.0,0.0,0.0,0.0,3485.631982421875,0.0,0.0,0.0,746.7599356651306,61.515312337875365,0.0,2107.4238781452177,350.7626652121544,0.0,461.70710027217865,0.0,0.0,0.0,0.0,0.0
0.0,0.0,0.0,46.01144540309906,1539.9185025691986,0.0,1309.7030960321426,0.0,0.0,0.0,0.0,0.0,0.0,0.0,0.0,0.0,1621.913781261444,0.0,0.0,0.0,0.0,0.0,0.0,0.0,0.0,709.9406759738922,55.69700359106064,0.0,1975.7649037599565,353.7192536890507,0.0,0.0,0.0,0.0,0.0,0.0,0.0
0.0,0.0,0.0,0.0,1330.759066581726,0.0,0.0,0.0,0.0,0.0,0.0,0.0,0.0,0.0,0.0,0.0,1542.527246618271,0.0,0.0,0.0,0.0,0.0,0.0,0.0,0.0,0.0,46.91167011857033,0.0,0.0,0.0,0.0,0.0,0.0,0.0,0.0,0.0,0.0
0.0,0.0,0.0,0.0,0.0,0.0,0.0,0.0,0.0,0.0,0.0,0.0,0.0,0.0,0.0,0.0,1416.026629114151,0.0,0.0,0.0,0.0,0.0,0.0,0.0,0.0,0.0,0.0,0.0,0.0,0.0,0.0,0.0,0.0,0.0,0.0,0.0,0.0
0.0,0.0,0.0,0.0,0.0,0.0,0.0,0.0,0.0,0.0,0.0,0.0,0.0,0.0,0.0,0.0,0.0,0.0,0.0,0.0,0.0,0.0,0.0,0.0,0.0,0.0,0.0,0.0,0.0,0.0,0.0,0.0,0.0,0.0,0.0,0.0,0.0
0.0,0.0,0.0,0.0,0.0,0.0,0.0,0.0,0.0,0.0,0.0,0.0,0.0,0.0,0.0,0.0,0.0,0.0,0.0,0.0,0.0,0.0,0.0,0.0,0.0,0.0,0.0,0.0,0.0,0.0,0.0,0.0,0.0,0.0,0.0,0.0,0.0
0.0,0.0,0.0,0.0,0.0,0.0,0.0,0.0,0.0,0.0,0.0,0.0,0.0,0.0,0.0,0.0,0.0,0.0,0.0,0.0,0.0,0.0,0.0,0.0,0.0,0.0,0.0,0.0,0.0,0.0,0.0,0.0,0.0,0.0,0.0,0.0,0.0
0.0,0.0,0.0,0.0,0.0,0.0,0.0,0.0,0.0,0.0,0.0,0.0,0.0,0.0,0.0,0.0,0.0,0.0,0.0,0.0,0.0,0.0,0.0,0.0,0.0,0.0,0.0,0.0,0.0,0.0,0.0,0.0,0.0,0.0,0.0,0.0,0.0
0.0,0.0,0.0,0.0,0.0,0.0,0.0,0.0,0.0,0.0,0.0,0.0,0.0,0.0,0.0,0.0,0.0,0.0,0.0,0.0,0.0,0.0,0.0,0.0,0.0,0.0,0.0,0.0,0.0,0.0,0.0,0.0,0.0,0.0,0.0,0.0,0.0
0.0,0.0,0.0,0.0,0.0,0.0,0.0,0.0,0.0,0.0,0.0,0.0,0.0,0.0,0.0,0.0,0.0,0.0,0.0,0.0,0.0,0.0,0.0,0.0,0.0,0.0,0.0,0.0,0.0,0.0,0.0,0.0,0.0,0.0,0.0,0.0,0.0
0.0,0.0,0.0,0.0,0.0,0.0,0.0,0.0,0.0,0.0,0.0,0.0,0.0,0.0,0.0,0.0,0.0,0.0,0.0,0.0,0.0,0.0,0.0,0.0,0.0,0.0,0.0,0.0,0.0,0.0,0.0,0.0,0.0,0.0,0.0,0.0,0.0
0.0,0.0,0.0,0.0,0.0,0.0,1.6029902387408952,0.0,0.0,0.0,0.0,0.0,0.0,0.0,0.0,0.0,0.0,0.0,0.0,0.0,0.0,0.0,0.0,0.0,0.0,0.0,0.0,0.0,0.0,0.0,0.0,0.0,0.0,0.0,0.0,0.0,0.0
0.0,0.0,0.0,0.0,0.0,0.0,0.0,0.0,0.0,0.0,2.0521285616326908,0.0,0.0,0.0,0.0,0.0,0.0,0.0,0.0,0.0,0.0,0.0,0.0,0.0,0.0,0.0,0.0,0.0,0.3372159570453711,0.0,0.0,0.0,0.0,0.0,0.0,0.0,0.0
0.0,0.0,0.0,0.0,2.9983677342533976,0.0,0.0,0.0,0.0,0.0,2.0167321466374446,0.0,0.0,2.1197778591884893,0.197673067823049,0.0,0.0,0.0,0.0,0.0,0.0,0.0,0.0,0.0,0.0,1.010115658678053,0.7194380208849848,0.0,0.0,0.0,0.0,1.043973222374856,0.0,0.0,0.0,0.0,0.0
0.0,0.0,0.0,0.2879287488758536,3.448027316480682,0.1113794674165177,0.0,0.0,0.0,0.0,1.7903891945722243,0.0,0.0,0.410245168022716,0.060925499349831,0.0,0.0,0.0,0.0,0.0,0.0,0.0,0.0,0.0,0.0,0.0,0.3402187883853846,0.0,0.0,0.0,0.0,1.141289681196179,0.0,0.0,0.0,0.0,0.0
0.0,0.0,0.0,0.0952322632074344,6.449727468192429,0.0,0.0,0.0,0.0,0.0,1.6315577417611238,0.0,0.0,0.0,0.0587313853204232,0.0209882315248242,37.9274483323096,0.0,0.0,0.0,0.0,77.13264017105097,0.0,0.0,0.0,0.0,0.0,0.0,0.0,0.6006518550217036,0.0,1.3564874678849788,0.0,0.0,0.0,0.0,0.0
0.0,0.0,0.0,0.2139134369790531,59.715391606092346,0.5248335069045251,0.0,0.0,0.0,0.0,3.87739288778957,0.0,0.0,19.33662001043544,0.2949274990707634,0.2239469755440944,15.690925478935178,0.0,0.0,0.0,0.0,586.0548011779782,0.0,0.0,0.0,8.506926000118204,0.8292888754978754,0.0,0.0,1.3053999453782936,0.0,4.410318940877903,1.3444634201004977,0.0,0.0,0.0,0.0
0.0,0.0,0.0,1.341619655489919,229.50062251091,9.021548487246031,79.42702253870652,0.0,0.0,0.0,23.81833537844932,0.0,0.0,70.0221972726284,2.263950403779744,0.6749967150390139,75.28763811588284,0.0,0.0,0.0,0.0,1676.1849548339842,0.0,0.0,0.0,93.40984957218164,5.475285555422301,0.0,52.31712951660156,20.57851683460173,0.0,41.67864292860029,9.989281743764865,0.0,0.0,0.0,0.0
0.0,0.0,0.0,5.198283568024632,568.9964507818221,62.33069198578594,371.025916261971,0.0,0.0,0.0,140.3450647968798,0.0,0.0,176.70881628990165,7.382446298003196,1.4533168002963064,275.51734229326246,0.0,0.0,0.0,0.0,2516.681964111328,0.0,0.0,0.0,375.6379925966263,16.62660524249077,0.0,482.1634078711271,103.84004530906677,0.0,186.26930874586105,41.759410917758935,0.0,0.0,0.0,0.0
0.0,0.0,0.0,12.639615625143048,1058.1748070716858,198.82917030155656,759.0111946493387,0.0,0.0,0.0,401.0378219112753,0.0,0.0,355.2902458980679,15.384065821766852,2.255978301167487,638.0775549292564,0.0,0.0,0.0,0.0,3141.806198120117,0.0,0.0,0.0,613.0940861701965,39.52196795940399,0.0,1163.6308320105074,246.95425119400025,0.0,360.9423098564148,91.71445566415788,0.0,0.0,0.0,0.0
0.0,0.0,0.0,24.953024983406063,1441.1435523033142,290.1977903842926,1103.623944324255,0.0,0.0,0.0,872.0268935322761,0.0,0.0,588.9848812669516,23.21697340607643,3.1791951954364768,1031.8122896909713,0.0,0.0,0.0,0.0,3575.4459869384764,0.0,0.0,0.0,755.5106934547424,58.25209641456604,0.0,1718.7850598692894,316.9063590049744,0.0,453.0234419107437,144.96832323074338,0.0,0.0,0.0,0.0
0.0,0.0,0.0,37.68565511703491,1651.937421798706,316.7870992422104,1280.022943007946,0.0,0.0,0.0,1211.8016920983791,0.0,0.0,743.1492732465267,27.040556287765504,4.239624172449112,1273.7003806114196,0.0,0.0,0.0,0.0,3749.61171875,0.0,0.0,0.0,803.1656833648682,69.14596341848373,0.0,1954.786591863632,349.44068812727926,0.0,478.0181586742401,164.10586512088776,0.0,0.0,0.0,0.0
0.0,0.0,0.0,48.482821464538574,1771.9972140789032,333.60835832357407,1361.4361498236656,0.0,0.0,0.0,1475.586354881525,0.0,0.0,867.1229167282581,29.452518904209136,5.4455482959747314,1453.4409339904785,0.0,0.0,0.0,0.0,3825.265249633789,0.0,0.0,0.0,805.6487111568451,74.0592950463295,0.0,2080.8306672692297,362.2393879175186,0.0,492.1744314432144,176.97497826814651,0.0,0.0,0.0,0.0
0.0,0.0,0.0,52.20006477832794,1796.892465353012,339.62401473522186,1369.2052015542984,0.0,0.0,0.0,1569.0822555840016,0.0,0.0,930.625473856926,29.842848390340805,6.370218247175216,1547.083455514908,0.0,0.0,0.0,0.0,3774.8320068359376,0.0,0.0,0.0,780.4338366031647,73.90115978717805,0.0,2114.67070286274,364.66508617997175,0.0,490.5386071205139,181.7525963783264,0.0,0.0,0.0,0.0
0.0,0.0,0.0,54.524005651474,1756.4890773296356,0.0,1329.7960995972155,0.0,0.0,0.0,1544.1395818173885,0.0,0.0,965.1866625249386,28.84645387530327,6.7665287256240845,1564.913612508774,0.0,0.0,0.0,0.0,3623.967935180664,0.0,0.0,0.0,741.7472590446472,71.03790309429169,0.0,2082.140417659283,356.0498472034931,0.0,477.4131164550781,179.76852798461914,0.0,0.0,0.0,0.0
0.0,0.0,0.0,0.0,1606.2582907676697,0.0,1283.8541580736637,0.0,0.0,0.0,0.0,0.0,0.0,0.0,0.0,0.0,1581.9705916881562,0.0,0.0,0.0,0.0,3365.4265747070312,0.0,0.0,0.0,716.7407794475555,64.01154562234879,0.0,0.0,0.0,0.0,0.0,0.0,0.0,0.0,0.0,0.0
0.0,0.0,0.0,0.0,1416.3137590885162,0.0,1178.9322486042977,0.0,0.0,0.0,0.0,0.0,0.0,0.0,0.0,0.0,1514.999640488625,0.0,0.0,0.0,0.0,0.0,0.0,0.0,0.0,649.3152399539947,54.81586645841598,0.0,0.0,0.0,0.0,0.0,0.0,0.0,0.0,0.0,0.0
0.0,0.0,0.0,0.0,0.0,0.0,0.0,0.0,0.0,0.0,0.0,0.0,0.0,0.0,0.0,0.0,0.0,0.0,0.0,0.0,0.0,0.0,0.0,0.0,0.0,0.0,0.0,0.0,0.0,0.0,0.0,0.0,0.0,0.0,0.0,0.0,0.0
0.0,0.0,0.0,0.0,0.0,0.0,0.0,0.0,0.0,0.0,0.0,0.0,0.0,0.0,0.0,0.0,0.0,0.0,0.0,0.0,0.0,0.0,0.0,0.0,0.0,0.0,0.0,0.0,0.0,0.0,0.0,0.0,0.0,0.0,0.0,0.0,0.0
0.0,0.0,0.0,0.0,0.0,0.0,0.0,0.0,0.0,0.0,0.0,0.0,0.0,0.0,0.0,0.0,0.0,0.0,0.0,0.0,0.0,0.0,0.0,0.0,0.0,0.0,0.0,0.0,0.0,0.0,0.0,0.0,0.0,0.0,0.0,0.0,0.0
0.0,0.0,0.0,0.0,0.0,0.0,0.0,0.0,0.0,0.0,0.0,0.0,0.0,0.0,0.0,0.0,0.0,0.0,0.0,0.0,0.0,0.0,0.0,0.0,0.0,0.0,0.0,0.0,0.0,0.0,0.0,0.0,0.0,0.0,0.0,0.0,0.0
0.0,0.0,0.0,0.0,0.0,0.0,0.0,0.0,0.0,0.0,0.0,0.0,0.0,0.0,0.0,0.0,0.0,0.0,0.0,0.0,0.0,0.0,0.0,0.0,0.0,0.0,0.0,0.0,0.0,0.0,0.0,0.0,0.0,0.0,0.0,0.0,0.0
0.0,0.0,0.0,0.0,0.0,0.0,0.0,0.0,0.0,0.0,0.0,0.0,0.0,0.0,0.0,0.0,0.0,0.0,0.0,0.0,0.0,0.0,0.0,0.0,0.0,0.0,0.0,0.0,0.0,0.0,0.0,0.0,0.0,0.0,0.0,0.0,0.0
0.0,0.0,0.0,0.0,0.0,0.0,0.0,0.0,0.0,0.0,0.0,0.0,0.0,0.0,0.0,0.0,0.0,0.0,0.0,0.0,0.0,0.0,0.0,0.0,0.0,0.0,0.0,0.0,0.0,0.0,0.0,0.0,0.0,0.0,0.0,0.0,0.0
0.0,0.0,0.0,0.0,0.0,0.0,0.0,0.0,0.0,0.0,0.0,0.0,0.0,0.0,0.0,0.0,0.0,0.0,0.0,0.0,0.0,0.0,0.0,0.0,0.0,0.0,0.0,0.0,0.0,0.0,0.0,0.0,0.0,0.0,0.0,0.0,0.0
0.0,0.0,0.0,0.0,0.0,0.0,0.0,0.0,0.0,0.0,0.0,0.0,0.0,0.0,0.0,0.0,0.0,0.0,0.0,0.0,0.0,0.0,0.0,0.0,0.0,0.0,0.0,0.0,0.0,0.0,0.0,0.0,0.0,0.0,0.0,0.0,0.0
0.0,0.0,0.0,0.3377277012914392,0.0,0.0,0.0,0.0,0.0,0.0,0.0,0.0,0.0,2.1646379772573594,0.0,0.0,0.0,0.0,0.0,0.0,0.0,0.0,0.0,0.0,0.0,0.0,0.0,0.0,0.0,0.0,0.0,0.0,0.0,0.0,0.0,0.0,0.0
0.0,0.0,0.0,0.0,2.8034735359250287,0.0,0.0,0.0,0.0,0.0,0.0,0.0,0.0,2.189442347735162,0.0,0.0,0.0,0.0,0.0,0.0,0.0,4.369638442992794,0.0,0.0,0.0,0.0,1.2171442864462678,0.0,0.0,0.0,0.0,0.0,0.0,0.0,0.0,0.0,0.0
0.0,0.0,0.0,0.2567279171198578,3.3157494589684773,0.0,0.0,0.0,0.0,0.0,1.914917656127151,0.0,0.0,0.4222774785011087,0.0647111959755417,0.0,8.96012333631512,0.0,0.0,0.0,0.0,0.0,0.0,0.0,0.0,0.0,0.3761507049202826,0.0,0.0,0.4835428580641628,0.0,1.3261268138884974,0.0,0.0,0.0,0.0,0.0
0.0,0.0,0.0,0.1080393232405134,6.01501745358106,0.0,0.0,0.0,0.0,0.0,1.828868810226924,0.0,0.0,0.0,0.0407155908644175,0.0,22.319871127605246,0.0,0.0,0.0,0.0,41.78029007911637,0.0,0.0,0.0,0.0,0.0,0.0,0.0,0.4873679012060115,0.0,1.646988108754142,0.0,0.0,0.0,0.0,0.0
0.0,0.0,0.0,0.1800892129540424,44.23443445563313,0.9040376688353428,0.0,0.0,0.0,0.0,8.863800338608954,0.0,0.0,20.58145485585541,0.2268227487802501,0.0,12.2556895852088,0.0,0.0,0.0,0.0,481.7045215606688,0.0,0.0,0.0,2.3910239219664637,0.1226769011467635,0.0,4.550864234566595,1.1386268928646692,0.0,4.487420380115485,1.6737264338880653,0.0,0.0,0.0,0.0
0.0,0.0,0.0,0.895987400785084,191.89758449792845,5.234922709874792,79.58123739957807,0.0,0.0,0.0,44.744772632792376,0.0,0.0,97.38169673830264,1.919989424943924,0.0,77.62500563859935,0.0,0.0,0.0,0.0,1462.8101165771482,0.0,0.0,0.0,79.15915534496303,3.646227282285688,0.0,142.71010129526252,16.420214612409435,0.0,18.26254113018508,12.519676025956848,0.0,0.0,0.0,0.0
0.0,0.0,0.0,4.121682599186893,499.78539967536926,28.28223517909645,354.8397647261619,0.0,0.0,0.0,168.20969736427068,0.0,0.0,294.0920654311776,6.592087720334529,1.606269977986812,288.501103568077,0.0,0.0,0.0,0.0,2418.5432220458983,0.0,0.0,0.0,319.1022874116897,12.302651867270468,0.0,765.9459708631038,84.75450343936681,0.0,82.38813108205791,50.18565899133682,0.0,0.0,0.0,0.0
0.0,0.0,0.0,10.811373651027674,983.7291922569276,114.65674041211602,728.2110615104435,0.0,0.0,0.0,395.702354824543,0.0,0.0,568.3426830172539,14.680956619977952,2.537917643785476,659.8312093615532,0.0,0.0,0.0,0.0,3119.555926513672,0.0,0.0,0.0,580.9098511695862,30.70397376418113,0.0,1423.071759402752,231.3076574146748,0.0,248.00051552057263,99.83637326955797,0.0,0.0,0.0,0.0
0.0,0.0,0.0,21.800269305706024,1377.332538843155,218.7954234331846,1080.4248613655568,0.0,0.0,0.0,798.4645992100238,0.0,0.0,876.82597219944,22.29215251207352,3.2286520153284077,1037.7642144680024,0.0,0.0,0.0,0.0,3564.070022583008,0.0,0.0,0.0,722.1651316642761,51.854428589344025,0.0,1906.9477153897285,304.24500930905344,0.0,401.1490553617477,151.85159522294998,0.0,0.0,0.0,0.0
0.0,0.0,0.0,34.58232843875885,1620.7617282867432,243.79339292645452,1278.1848083972932,0.0,0.0,0.0,1063.3667580068109,0.0,0.0,1043.3364422619345,26.28934185504913,4.444345384836197,1275.4510620832443,0.0,0.0,0.0,0.0,3751.29323425293,0.0,0.0,0.0,757.6141312599182,64.3546880722046,0.0,2127.390110194683,342.72227222919463,0.0,437.1258517503738,169.59261548519137,0.0,0.0,0.0,0.0
0.0,0.0,0.0,43.91337275505066,1755.0705671310425,261.9002690911293,1381.6518226265907,0.0,0.0,0.0,1260.8738714158535,0.0,0.0,1130.826185643673,28.011259531974797,5.687415927648543,1451.5673138141633,0.0,0.0,0.0,0.0,3804.0666381835936,0.0,0.0,0.0,748.6824343204498,70.69869397878647,0.0,2234.879021883011,359.62486256361,0.0,446.524243593216,180.7383826971054,0.0,0.0,0.0,0.0
0.0,0.0,0.0,48.87809824943543,1781.3725991249084,271.4971143901348,1388.7353591263293,0.0,0.0,0.0,1288.6474446713923,0.0,0.0,1153.462885171175,27.8872593998909,6.503272235393524,1542.1450702667237,0.0,0.0,0.0,0.0,3739.962356567383,0.0,0.0,0.0,712.395924949646,71.45546282529831,0.0,2235.078359043598,0.0,0.0,440.456418633461,184.5104318857193,0.0,0.0,0.0,0.0
0.0,0.0,0.0,49.74397695064545,1728.7579407691956,273.5613086521625,1353.2251080453395,0.0,0.0,0.0,1244.4719050467015,0.0,0.0,1130.5305589735508,26.659976094961166,6.887107074260712,1550.1112041473389,0.0,0.0,0.0,0.0,3582.7005950927733,0.0,0.0,0.0,656.7243239879608,68.66947976350784,0.0,2164.017096066475,0.0,0.0,433.72283911705017,0.0,0.0,0.0,0.0,0.0
0.0,0.0,0.0,43.72856140136719,1568.0846388339996,0.0,1295.9472777724266,0.0,0.0,0.0,0.0,0.0,0.0,1063.610859811306,23.917564737796784,0.0,1556.6976789474488,0.0,0.0,0.0,0.0,3311.826400756836,0.0,0.0,0.0,608.5166110038757,60.80416314601898,0.0,2007.7020470261573,0.0,0.0,0.0,0.0,0.0,0.0,0.0,0.0
0.0,0.0,0.0,0.0,1369.609875202179,0.0,1178.3751144826413,0.0,0.0,0.0,0.0,0.0,0.0,931.0624040663242,0.0,0.0,1478.463066482544,0.0,0.0,0.0,0.0,0.0,0.0,0.0,0.0,0.0,0.0,0.0,0.0,0.0,0.0,0.0,0.0,0.0,0.0,0.0,0.0
0.0,0.0,0.0,0.0,0.0,0.0,0.0,0.0,0.0,0.0,0.0,0.0,0.0,0.0,0.0,0.0,1359.2560358285905,0.0,0.0,0.0,0.0,0.0,0.0,0.0,0.0,0.0,0.0,0.0,0.0,0.0,0.0,0.0,0.0,0.0,0.0,0.0,0.0
0.0,0.0,0.0,0.0,0.0,0.0,0.0,0.0,0.0,0.0,0.0,0.0,0.0,0.0,0.0,0.0,1236.330691576004,0.0,0.0,0.0,0.0,0.0,0.0,0.0,0.0,0.0,0.0,0.0,0.0,0.0,0.0,0.0,0.0,0.0,0.0,0.0,0.0
0.0,0.0,0.0,0.0,0.0,0.0,0.0,0.0,0.0,0.0,0.0,0.0,0.0,0.0,0.0,0.0,0.0,0.0,0.0,0.0,0.0,0.0,0.0,0.0,0.0,0.0,0.0,0.0,0.0,0.0,0.0,0.0,0.0,0.0,0.0,0.0,0.0
0.0,0.0,0.0,0.0,0.0,0.0,0.0,0.0,0.0,0.0,0.0,0.0,0.0,0.0,0.0,0.0,0.0,0.0,0.0,0.0,0.0,0.0,0.0,0.0,0.0,0.0,0.0,0.0,0.0,0.0,0.0,0.0,0.0,0.0,0.0,0.0,0.0
0.0,0.0,0.0,0.0,0.0,0.0,0.0,0.0,0.0,0.0,0.0,0.0,0.0,0.0,0.0,0.0,0.0,0.0,0.0,0.0,0.0,0.0,0.0,0.0,0.0,0.0,0.0,0.0,0.0,0.0,0.0,0.0,0.0,0.0,0.0,0.0,0.0
0.0,0.0,0.0,0.0,0.0,0.0,0.0,0.0,0.0,0.0,0.0,0.0,0.0,0.0,0.0,0.0,0.0,0.0,0.0,0.0,0.0,0.0,0.0,0.0,0.0,0.0,0.0,0.0,0.0,0.0,0.0,0.0,0.0,0.0,0.0,0.0,0.0
0.0,0.0,0.0,0.0,0.0,0.0,0.0,0.0,0.0,0.0,0.0,0.0,0.0,0.0,0.0,0.0,0.0,0.0,0.0,0.0,0.0,0.0,0.0,0.0,0.0,0.0,0.0,0.0,0.0,0.0,0.0,0.0,0.0,0.0,0.0,0.0,0.0
0.0,0.0,0.0,0.0,0.0,0.0,0.0,0.0,0.0,0.0,0.0,0.0,0.0,2.2328201215713026,0.0,0.0,0.0,0.0,0.0,0.0,0.0,0.0,0.0,0.0,0.0,0.0,0.0,0.0,0.0,0.0,0.0,0.0,0.0,0.0,0.0,0.0,0.0
0.0,0.0,0.0,0.0,0.0,0.0,0.0,0.0,0.0,0.0,0.0,0.0,0.0,1.2841710261999126,0.0,0.0,0.0,0.0,0.0,0.0,0.0,0.0,0.0,0.0,0.0,0.0,0.0,0.0,0.0,0.165244206786139,0.0,0.0,0.0,0.0,0.0,0.0,0.0
0.0,0.0,0.0,0.0,0.0,0.0,0.0,0.0,0.0,0.0,1.9823952507691929,0.0,0.0,2.024259124882517,0.0,0.0,3.443632006644998,0.0,0.0,0.0,0.0,0.0,0.0,0.0,0.0,0.0,0.0,0.0,0.0,0.4759308464825054,0.0,0.0,0.0,0.0,0.0,0.0,0.0
0.0,0.0,0.0,0.0,0.0,0.0,0.0,0.0,0.0,0.0,1.9836200548799543,0.0,0.0,1.491275285370549,0.0,0.0,4.829113209247532,0.0,0.0,0.0,0.0,0.0,0.0,0.0,0.0,0.0,0.0,0.0,0.0,0.4972204625606284,0.0,0.0,0.0,0.0,0.0,0.0,0.0
0.0,0.0,0.0,0.1310741081833816,3.946810003370008,0.1081596529111109,0.0,0.0,0.0,0.0,1.7886770116629496,0.0,0.0,2.4027832644058917,0.0,0.0,7.581873822212142,0.0,0.0,0.0,0.0,8.88013877868607,0.0,0.0,0.0,0.0,0.9270235640928098,0.0,0.0,0.4881323240697345,0.0,1.122263252735135,0.0,0.0,0.0,0.0,0.0
0.0,0.0,0.0,0.057897614315148,7.032332967966654,0.0,0.0,0.0,0.0,0.0,1.620246315561145,0.0,0.0,1.2718968745320858,0.1901839211583105,0.0,12.800885355472394,0.0,0.0,0.0,0.0,7.016366863250641,0.0,0.0,0.0,0.0,0.5159224471077317,0.0,0.0,0.5195293091237414,0.0,1.3085222095250717,0.0,0.0,0.0,0.0,0.0
0.0,0.0,0.0,0.0,25.267185322940172,0.9199346452951253,0.814474327117167,0.0,0.0,0.0,2.481298438738877,0.0,0.0,38.415078818797966,0.0,0.0547136664390563,5.138298535346881,0.0,0.0,0.0,0.0,143.04048194885223,0.0,0.0,0.0,0.0,1.3631476491689667,0.0,1.7085425227879687,1.1683134451508488,0.0,8.8876385390758,1.8658835049718423,0.0,0.0,0.0,0.0
0.0,0.0,0.0,1.4987439513206475,135.08386731147755,18.42547936737536,79.43566401079292,0.0,0.0,0.0,28.18027814859508,0.0,0.0,160.3814176656305,3.978551141917705,0.31571233458817,32.69133814573278,0.0,0.0,0.0,0.0,512.0532485961913,0.0,0.0,0.0,70.89850389361382,6.052279950678349,0.0,120.27772966474294,16.30557900667187,0.0,68.51472954452036,11.373744368553147,0.0,0.0,0.0,0.0
0.0,0.0,0.0,5.568995982408519,376.0491094589232,111.99472768604755,325.8994350433349,0.0,0.0,0.0,163.7879426203666,0.0,0.0,393.48137408494944,10.948482558131218,0.7005695290863503,190.5829994320869,0.0,0.0,0.0,0.0,1142.3490051269532,0.0,0.0,0.0,297.42447445392605,18.10644912719726,0.0,733.2536554932594,85.88795803040264,0.0,256.15640354156494,40.85485906898974,0.0,0.0,0.0,0.0
0.0,0.0,0.0,13.632315158843989,769.9878813028336,235.93693575263023,689.9469631046056,0.0,0.0,0.0,441.8616872057319,0.0,0.0,681.9886492937802,19.47783907055855,1.1252796575427055,492.756468105316,0.0,0.0,0.0,0.0,1948.956591796875,0.0,0.0,0.0,547.5018947124481,39.5521644949913,0.0,1426.0374690890312,232.369297260046,0.0,409.62377285957336,83.23088148236275,0.0,0.0,0.0,0.0
0.0,0.0,0.0,26.902075231075287,1192.5424194335938,320.9034850895405,963.99987757802,0.0,0.0,0.0,925.7543117046356,0.0,0.0,993.7849693000315,25.41206654906273,1.519854158163071,884.8026036024094,0.0,0.0,0.0,0.0,2627.4248748779296,0.0,0.0,0.0,740.3327466487884,59.37687200307846,0.0,1943.7179601192477,305.800214445591,0.0,491.7553297281265,129.04786315560338,0.0,0.0,0.0,0.0
0.0,0.0,0.0,40.585859298706055,1478.9016275405884,346.6493863463402,1150.7281156778336,0.0,0.0,0.0,1288.1344000816346,0.0,0.0,1127.8802071511743,28.631622129678725,2.3157533556222907,1130.0611516475678,0.0,0.0,0.0,0.0,2843.7564208984377,0.0,0.0,0.0,794.4422737121582,71.30101506710052,0.0,2167.5200264692307,341.0747271537781,0.0,506.1231986284256,145.48527985811234,0.0,0.0,0.0,0.0
0.0,0.0,0.0,50.72527313232422,1646.6461656093595,361.5155664086342,1262.7655662596226,0.0,0.0,0.0,1549.8508815288544,0.0,0.0,1182.914111763239,30.154595643281937,3.2413190454244614,1312.3855015277863,0.0,0.0,0.0,0.0,2981.2232330322267,0.0,0.0,0.0,808.9664493083953,77.71167694330215,0.0,2274.8064593553545,356.7344420611859,0.0,506.7802338600159,159.65178805589676,0.0,0.0,0.0,0.0
0.0,0.0,0.0,58.112184047698975,1721.2953436374664,0.0,1307.3577835083008,0.0,0.0,0.0,1670.902009785175,0.0,0.0,1175.358014255762,30.426496320962904,4.0891331136226645,1416.4427576303483,0.0,0.0,0.0,0.0,3048.9458557128905,0.0,0.0,0.0,797.2666687011719,79.06956697702408,0.0,2280.596347773075,356.3896375596524,0.0,498.49709033966064,167.11581325531006,0.0,0.0,0.0,0.0
0.0,0.0,0.0,60.022647857666016,1709.1134600639343,357.80495619773865,1313.8411201894282,0.0,0.0,0.0,1631.2204586803914,0.0,0.0,1127.0312023162842,29.18774190545082,0.0,1441.2910844564435,0.0,0.0,0.0,0.0,3019.1587768554687,0.0,0.0,0.0,761.9119340419769,76.36656439304352,0.0,2251.08078186512,349.4703278183937,0.0,478.40428483486176,0.0,0.0,0.0,0.0,0.0
0.0,0.0,0.0,0.0,0.0,0.0,0.0,0.0,0.0,0.0,1534.951025092602,0.0,0.0,0.0,0.0,0.0,1474.9811923265456,0.0,0.0,0.0,0.0,0.0,0.0,0.0,0.0,0.0,0.0,0.0,0.0,353.24094170928004,0.0,436.18330347538,0.0,0.0,0.0,0.0,0.0
0.0,0.0,0.0,0.0,0.0,0.0,0.0,0.0,0.0,0.0,1299.9110992729663,0.0,0.0,916.0509060323238,0.0,0.0,1424.120727109909,0.0,0.0,0.0,0.0,0.0,0.0,0.0,0.0,0.0,0.0,0.0,0.0,342.8396828949452,0.0,0.0,0.0,0.0,0.0,0.0,0.0
0.0,0.0,0.0,0.0,0.0,0.0,0.0,0.0,0.0,0.0,0.0,0.0,0.0,0.0,0.0,0.0,0.0,0.0,0.0,0.0,0.0,0.0,0.0,0.0,0.0,0.0,0.0,0.0,0.0,0.0,0.0,0.0,0.0,0.0,0.0,0.0,0.0
0.0,0.0,0.0,0.0,0.0,0.0,0.0,0.0,0.0,0.0,0.0,0.0,0.0,0.0,0.0,0.0,1189.0491767406463,0.0,0.0,0.0,0.0,0.0,0.0,0.0,0.0,0.0,0.0,0.0,0.0,0.0,0.0,0.0,0.0,0.0,0.0,0.0,0.0
0.0,0.0,0.0,0.0,0.0,0.0,0.0,0.0,0.0,0.0,0.0,0.0,0.0,0.0,0.0,0.0,0.0,0.0,0.0,0.0,0.0,0.0,0.0,0.0,0.0,0.0,0.0,0.0,0.0,0.0,0.0,0.0,0.0,0.0,0.0,0.0,0.0
0.0,0.0,0.0,0.0,0.0,0.0,0.0,0.0,0.0,0.0,0.0,0.0,0.0,0.0,0.0,0.0,0.0,0.0,0.0,0.0,0.0,0.0,0.0,0.0,0.0,0.0,0.0,0.0,0.0,0.0,0.0,0.0,0.0,0.0,0.0,0.0,0.0
0.0,0.0,0.0,0.0,0.0,0.0,0.0,0.0,0.0,0.0,0.0,0.0,0.0,0.0,0.0,0.0,0.0,0.0,0.0,0.0,0.0,0.0,0.0,0.0,0.0,0.0,0.0,0.0,0.0,0.0,0.0,0.0,0.0,0.0,0.0,0.0,0.0
0.0,0.0,0.0,0.0,0.0,0.0,0.0,0.0,0.0,0.0,0.0,0.0,0.0,0.0,0.0,0.0,0.0,0.0,0.0,0.0,0.0,0.0,0.0,0.0,0.0,0.0,0.0,0.0,0.0,0.0,0.0,0.0,0.0,0.0,0.0,0.0,0.0
0.0,0.0,0.0,0.0,0.0,0.0,0.0,0.0,0.0,0.0,0.0,0.0,0.0,0.0,0.0,0.0,0.0,0.0,0.0,0.0,0.0,0.0,0.0,0.0,0.0,0.0,0.0,0.0,0.0,0.0,0.0,0.0,0.0,0.0,0.0,0.0,0.0
0.0,0.0,0.0,0.0,0.0,0.0,0.0,0.0,0.0,0.0,0.0,0.0,0.0,1.2986502004786862,0.0,0.0,0.0,0.0,0.0,0.0,0.0,0.0,0.0,0.0,0.0,0.0,0.0,0.0,0.0,0.0,0.0,0.0,0.0,0.0,0.0,0.0,0.0
0.0,0.0,0.0,0.0,0.0,0.0,0.0,0.0,0.0,0.0,0.0,0.0,0.0,0.0,0.0,0.0,0.0,0.0,0.0,0.0,0.0,22.440200901031417,0.0,0.0,0.0,0.0,0.0,0.0,0.0,0.0,0.0,0.0,0.0,0.0,0.0,0.0,0.0
0.0,0.0,0.0,0.0,0.0,0.0,0.0,0.0,0.0,0.0,0.0,0.0,0.0,0.0,0.0,0.0,0.0,0.0,0.0,0.0,0.0,0.0,0.0,0.0,0.0,0.0,0.6017920160666087,0.0,0.0,0.4643414929508779,0.0,0.0,0.0,0.0,0.0,0.0,0.0
0.0,0.0,0.0,0.2261159382760477,2.500450175255465,0.0,0.0,0.0,0.0,0.0,2.0176708805838524,0.0,0.0,6.193510186858368,0.1563165027648186,0.0,0.0,0.0,0.0,0.0,0.0,0.0,0.0,0.0,0.0,1.3338544445112317,0.4939903218299058,0.0,0.0,0.5107106223702055,0.0,0.0,0.0,0.0,0.0,0.0,0.0
0.0,0.0,0.0,0.1552385576069312,2.9726188480852374,0.0473274891264685,0.0,0.0,0.0,0.0,1.801586192706552,0.0,0.0,3.267166353761999,0.0,0.0,0.0,0.0,0.0,0.0,0.0,0.0,0.0,0.0,0.0,0.0,0.0,0.0,0.0,0.481932005286208,0.0,0.0,0.0,0.0,0.0,0.0,0.0
0.0,0.0,0.0,0.0561235491186329,5.302221044897984,0.0,0.0,0.0,0.0,0.0,1.6272285466080176,0.0,0.0,1.7838149238377163,0.0,0.0,20.10268446207036,0.0,0.0,0.0,0.0,22.766434192657208,0.0,0.0,0.0,0.0,0.0,0.0,0.0,0.528743387013652,0.0,1.0619231909512938,0.0,0.0,0.0,0.0,0.0
0.0,0.0,0.0,0.2071270775049892,52.03714311867933,0.6760188303887451,0.0,0.0,0.0,0.0,7.565257934620449,0.0,0.0,32.64401397667816,0.0,0.0,10.950308525562214,0.0,0.0,0.0,0.0,444.887690734863,0.0,0.0,0.0,0.2889324102550665,0.0,0.0,0.8638336330650473,1.1436205364763563,0.0,3.980699315667111,1.606846611015481,0.0,0.0,0.0,0.0
0.0,0.0,0.0,1.1709190607070863,211.1818882226944,9.549131498672065,0.0,0.0,0.0,0.0,55.81529808789484,0.0,0.0,133.3453935943544,3.712525668740271,0.0,69.65605262517929,0.0,0.0,0.0,0.0,1443.2014892578125,0.0,0.0,0.0,74.31805732846257,2.8226329069584573,0.0,80.21976680085059,12.686509751901015,0.0,50.39062115550041,11.02086789906025,0.0,0.0,0.0,0.0
0.0,0.0,0.0,4.948794245719904,512.1022668480873,64.68036232888697,368.04567936807865,0.0,0.0,0.0,244.23721298202867,0.0,0.0,352.1808396652341,10.39179372489452,0.0,276.9437622070312,0.0,0.0,0.0,0.0,2407.051281738281,0.0,0.0,0.0,312.1671659708023,9.873443302512166,0.0,644.9536551773546,70.41937812715767,0.0,218.915305018425,44.808736369013786,0.0,0.0,0.0,0.0
0.0,0.0,0.0,12.507977724075312,979.6107578277588,192.430266559124,764.2486633837223,0.0,0.0,0.0,570.75200253129,0.0,0.0,636.2744050472975,19.298305624723437,0.0,656.5204443097115,0.0,0.0,0.0,0.0,3101.5193572998046,0.0,0.0,0.0,545.3734236717224,25.49964270591736,0.0,1330.546329653263,0.0,0.0,376.4187889099121,102.39323994517326,0.0,0.0,0.0,0.0
0.0,0.0,0.0,25.2607889175415,1369.3460249900818,281.2533477842808,1101.1261339008809,0.0,0.0,0.0,1132.9361061662437,0.0,0.0,948.5044686496258,26.233189272880555,0.0,1044.545822286606,0.0,0.0,0.0,0.0,3590.4134033203127,0.0,0.0,0.0,698.196212387085,46.74173192977905,0.0,1874.8052658438685,303.0858513653278,0.0,464.8974403142929,158.9486809372902,0.0,0.0,0.0,0.0
0.0,0.0,0.0,38.57610142230988,1588.6353163719175,308.1752984523773,1300.344965416193,0.0,0.0,0.0,1519.917720103264,0.0,0.0,1094.3020431697369,29.84387562274933,0.0,1276.1326793670655,0.0,0.0,0.0,0.0,3791.201998901367,0.0,0.0,0.0,741.3174949169158,58.91691771745682,0.0,2094.527125144005,343.9766989350319,0.0,474.1284785270691,179.5568099617958,0.0,0.0,0.0,0.0
0.0,0.0,0.0,47.56158435344696,1724.3516926765442,325.6580620408058,1397.3141366243362,0.0,0.0,0.0,1732.958841812611,0.0,0.0,1159.001037031412,30.8021767616272,0.0,1433.8718623399734,0.0,0.0,0.0,0.0,3843.074755859375,0.0,0.0,0.0,746.8959764957428,66.26366049051285,0.0,2202.9806778907778,359.1017747342587,0.0,472.91710233688354,190.62849420309067,0.0,0.0,0.0,0.0
0.0,0.0,0.0,52.901124715805054,1761.0817358493805,331.61210826039314,1424.61597520113,0.0,0.0,0.0,1780.6744297921657,0.0,0.0,1158.9930249750614,30.377898395061493,0.0,1516.5110633850095,0.0,0.0,0.0,0.0,3764.7160247802735,0.0,0.0,0.0,723.2299324512481,69.11360120773315,0.0,2216.545343899727,358.4014579534531,0.0,461.87757563591,194.075413107872,0.0,0.0,0.0,0.0
0.0,0.0,0.0,53.766327142715454,1727.4163658618927,326.68795025348663,1394.6652789354323,0.0,0.0,0.0,1710.646080994606,0.0,0.0,1115.6852200627327,28.71075877547264,0.0,1516.5403578519822,0.0,0.0,0.0,0.0,3586.022885131836,0.0,0.0,0.0,685.2310420989991,67.56292511224747,0.0,2169.035554385185,349.4584953725338,0.0,451.9494578838349,190.06331902742383,0.0,0.0,0.0,0.0
0.0,0.0,0.0,48.96895921230316,1579.6581029891968,0.0,0.0,0.0,0.0,0.0,1615.0436189353466,0.0,0.0,1033.5109297931194,26.20300621390343,0.0,1520.397176671028,0.0,0.0,0.0,0.0,3305.974096679688,0.0,0.0,0.0,653.4249435424805,60.57093163728714,0.0,2030.2874656915665,353.06411107778547,0.0,0.0,0.0,0.0,0.0,0.0,0.0
0.0,0.0,0.0,40.09669494628906,1390.7732603549955,0.0,0.0,0.0,0.0,0.0,0.0,0.0,0.0,893.5105332732201,22.739707839488982,0.0,1443.457526731491,0.0,0.0,0.0,0.0,0.0,0.0,0.0,0.0,603.966214799881,49.94667363166809,0.0,0.0,344.2034835755825,0.0,0.0,167.4085300564766,0.0,0.0,0.0,0.0
0.0,0.0,0.0,0.0,0.0,0.0,0.0,0.0,0.0,0.0,0.0,0.0,0.0,0.0,0.0,0.0,1326.94203248024,0.0,0.0,0.0,0.0,2327.765829467773,0.0,0.0,0.0,0.0,0.0,0.0,0.0,327.9780371725559,0.0,0.0,0.0,0.0,0.0,0.0,0.0
0.0,0.0,0.0,0.0,0.0,0.0,0.0,0.0,0.0,0.0,0.0,0.0,0.0,0.0,0.0,0.0,1196.9436065912246,0.0,0.0,0.0,0.0,0.0,0.0,0.0,0.0,0.0,0.0,0.0,0.0,0.0,0.0,0.0,0.0,0.0,0.0,0.0,0.0
0.0,0.0,0.0,0.0,0.0,0.0,0.0,0.0,0.0,0.0,0.0,0.0,0.0,0.0,0.0,0.0,0.0,0.0,0.0,0.0,0.0,0.0,0.0,0.0,0.0,0.0,0.0,0.0,0.0,0.0,0.0,0.0,0.0,0.0,0.0,0.0,0.0
0.0,0.0,0.0,0.0,0.0,0.0,0.0,0.0,0.0,0.0,0.0,0.0,0.0,0.0,0.0,0.0,0.0,0.0,0.0,0.0,0.0,0.0,0.0,0.0,0.0,0.0,0.0,0.0,0.0,0.0,0.0,0.0,0.0,0.0,0.0,0.0,0.0
0.0,0.0,0.0,0.0,0.0,0.0,0.0,0.0,0.0,0.0,0.0,0.0,0.0,0.0,0.0,0.0,0.0,0.0,0.0,0.0,0.0,0.0,0.0,0.0,0.0,0.0,0.0,0.0,0.0,0.0,0.0,0.0,0.0,0.0,0.0,0.0,0.0
0.0,0.0,0.0,0.0,0.0,0.0,0.0,0.0,0.0,0.0,0.0,0.0,0.0,0.0,0.0,0.0,0.0,0.0,0.0,0.0,0.0,0.0,0.0,0.0,0.0,0.0,0.0,0.0,0.0,0.0,0.0,0.0,0.0,0.0,0.0,0.0,0.0
0.0,0.0,0.0,0.0,0.0,0.0,0.0,0.0,0.0,0.0,0.0,0.0,0.0,0.0,0.0,0.0,0.0,0.0,0.0,0.0,0.0,0.0,0.0,0.0,0.0,0.0,0.0,0.0,0.0,0.0,0.0,0.0,0.0,0.0,0.0,0.0,0.0
0.0,0.0,0.0,0.0,0.0,0.0,0.0,0.0,0.0,0.0,0.0,0.0,0.0,0.0,0.0,0.0,0.0,0.0,0.0,0.0,0.0,0.0,0.0,0.0,0.0,0.0,0.0,0.0,0.0,0.0,0.0,0.0,0.0,0.0,0.0,0.0,0.0
0.0,0.0,0.0,0.0,0.0,0.0,0.0,0.0,0.0,0.0,0.0,0.0,0.0,0.0,0.0,0.0,0.0,0.0,0.0,0.0,0.0,0.0,0.0,0.0,0.0,0.0,0.0,0.0,0.0,0.0,0.0,0.0,0.0,0.0,0.0,0.0,0.0
0.0,0.0,0.0,0.0,0.0,0.0,0.0,0.0,0.0,0.0,0.0,0.0,0.0,0.0,0.0,0.0,0.0,0.0,0.0,0.0,0.0,0.0,0.0,0.0,0.0,0.0,0.0,0.0,0.0,0.0,0.0,0.0,0.0,0.0,0.0,0.0,0.0
0.0,0.0,0.0,0.0,2.736797597259246,0.0,0.0,0.0,0.0,0.0,0.0,0.0,0.0,11.142485695890954,0.0,0.0,0.8446979880332854,0.0,0.0,0.0,0.0,0.0,0.0,0.0,0.0,2.511669018305777,0.4430140964686802,0.0,0.0,0.0,0.0,0.0,0.0,0.0,0.0,0.0,0.0
0.0,0.0,0.0,0.3382626809179748,4.464666888117688,0.0,0.0,0.0,0.0,0.0,1.8492857438046133,0.0,0.0,6.833521556109147,0.0984001301228988,0.0,5.704392659663965,0.0,0.0,0.0,0.0,0.0,0.0,0.0,0.0,0.0,0.0,0.0,0.0,0.5306119762360684,0.0,1.1039006412028671,0.0,0.0,0.0,0.0,0.0
0.0,0.0,0.0,0.2033147197216724,8.77752452343688,0.0,0.0,0.0,0.0,0.0,1.6596477128564409,0.0,0.0,2.575489170849237,0.0128466814756363,0.0,14.325607204437144,0.0,0.0,0.0,0.0,5.4716306686399845,0.0,0.0,0.0,0.0,0.0,0.0,0.0,0.5739790618419474,0.0,1.30697479844092,0.0,0.0,0.0,0.0,0.0
0.0,0.0,0.0,0.5132294856011868,30.554310970008263,0.5496979765593575,7.444387374445723,0.0,0.0,0.0,5.7806102741974525,0.0,0.0,35.36889840848739,0.1502038422971938,0.0998393921181553,7.067320799827477,0.0,0.0,0.0,0.0,278.8700164794917,0.0,0.0,0.0,0.0,0.0,0.0,2.226795578002831,1.215118969231825,0.0,3.9818699657916623,2.628012938424938,0.0,0.0,0.0,0.0
0.0,0.0,0.0,1.6929025799035995,127.34133923053724,10.692327408120017,105.59985420405864,0.0,0.0,0.0,44.94024967364961,0.0,0.0,134.97555116191495,1.1547657441347825,0.5829170532524586,56.61063814163205,0.0,0.0,0.0,0.0,1014.0135337829588,0.0,0.0,0.0,15.08187671750782,0.773894599638872,0.0,58.87623906657096,10.625981563329686,0.0,42.95637390017509,16.19613622128962,0.0,0.0,0.0,0.0
0.0,0.0,0.0,5.124296665191647,309.6092423200607,63.61972890049216,319.2072977304459,0.0,0.0,0.0,199.41053528264143,0.0,0.0,344.5419812574982,4.879109162092207,1.2600700110197056,248.7043250441551,0.0,0.0,0.0,0.0,2081.4119934082028,0.0,0.0,0.0,90.59568321704865,5.401231902837753,0.0,310.3991398274899,61.76180593967435,0.0,191.60232424736023,56.71007740497589,0.0,0.0,0.0,0.0
0.0,0.0,0.0,11.173949986696238,590.1325302124022,160.32647292315957,616.5453812241554,0.0,0.0,0.0,455.6807663232088,0.0,0.0,613.2513514161109,11.711615815758703,2.33151575922966,597.717807841301,0.0,0.0,0.0,0.0,2870.3100250244142,0.0,0.0,0.0,252.66545305252075,14.71510425209999,0.0,762.9753916323185,216.3640046417713,0.0,352.7633317708969,103.0696618258953,0.0,0.0,0.0,0.0
0.0,0.0,0.0,21.4832056760788,989.2893435955048,231.89049011468887,923.7154086649418,0.0,0.0,0.0,895.2329052597285,0.0,0.0,903.468699902296,19.12990018129349,3.2304762303829184,981.0175838112832,0.0,0.0,0.0,0.0,3359.829309082031,0.0,0.0,0.0,484.36446771621706,33.18972108364105,0.0,1281.0186637282372,299.5460521757603,0.0,445.23751521110535,150.03373324871063,0.0,0.0,0.0,0.0
0.0,0.0,0.0,30.93425726890564,1251.9406263828278,252.29299131035805,1151.2812605559825,0.0,0.0,0.0,1195.9877673208714,0.0,0.0,1061.387969404459,22.62736920118332,4.034290432929992,1208.2727207660676,0.0,0.0,0.0,0.0,3496.055151367188,0.0,0.0,0.0,565.1926400184632,46.74779289364814,0.0,1621.5440260529515,340.3652724444866,0.0,464.7266778945923,164.3870381116867,0.0,0.0,0.0,0.0
0.0,0.0,0.0,37.6806070804596,1409.060022354126,264.3991944491863,1294.6798769772054,0.0,0.0,0.0,1391.2860630631446,0.0,0.0,1161.7053791880608,24.431455010175704,4.643025785684585,1373.958181118965,0.0,0.0,0.0,0.0,3589.846560668945,0.0,0.0,0.0,617.0060002803802,57.38724867105484,0.0,1816.507550263405,357.2635515511036,0.0,464.216615319252,172.45893836021423,0.0,0.0,0.0,0.0
0.0,0.0,0.0,40.97171628475189,1486.1414906978607,269.7417162656784,1355.649570786953,0.0,0.0,0.0,1415.5171468317508,0.0,0.0,1192.3361989855766,24.96124541759491,5.274888008832931,1454.6173703670502,0.0,0.0,0.0,0.0,3567.0134216308597,0.0,0.0,0.0,620.4412062168121,62.73020927906036,0.0,1867.076670384407,359.9225481569767,0.0,454.8011795282364,176.49221646785736,0.0,0.0,0.0,0.0
0.0,0.0,0.0,40.80638015270233,1512.3899202346802,268.99667206406593,1368.5949379622937,0.0,0.0,0.0,1347.5381284058094,0.0,0.0,0.0,24.592395758628847,5.569365173578261,1457.3476392030716,0.0,0.0,0.0,0.0,3426.826470947265,0.0,0.0,0.0,603.2701293468475,63.46985173225403,0.0,1895.8869377493857,352.9630080997944,0.0,443.7625139951706,175.29869824647903,0.0,0.0,0.0,0.0
0.0,0.0,0.0,36.026883602142334,0.0,0.0,0.0,0.0,0.0,0.0,1290.755497831106,0.0,0.0,0.0,22.86974793076515,4.950085133314133,1471.8547740459442,0.0,0.0,0.0,0.0,3171.9884643554688,0.0,0.0,0.0,589.8523150920868,0.0,0.0,0.0,356.708738708496,0.0,0.0,0.0,0.0,0.0,0.0,0.0
0.0,0.0,0.0,0.0,0.0,0.0,0.0,0.0,0.0,0.0,0.0,0.0,0.0,0.0,0.0,0.0,1406.7847763538362,0.0,0.0,0.0,0.0,0.0,0.0,0.0,0.0,0.0,0.0,0.0,0.0,346.6585872232914,0.0,0.0,0.0,0.0,0.0,0.0,0.0
0.0,0.0,0.0,0.0,0.0,0.0,0.0,0.0,0.0,0.0,0.0,0.0,0.0,0.0,0.0,0.0,1303.4718938827514,0.0,0.0,0.0,0.0,0.0,0.0,0.0,0.0,0.0,0.0,0.0,0.0,0.0,0.0,0.0,0.0,0.0,0.0,0.0,0.0
0.0,0.0,0.0,0.0,0.0,0.0,0.0,0.0,0.0,0.0,0.0,0.0,0.0,0.0,0.0,0.0,1181.2659187793731,0.0,0.0,0.0,0.0,0.0,0.0,0.0,0.0,0.0,0.0,0.0,0.0,0.0,0.0,0.0,0.0,0.0,0.0,0.0,0.0
0.0,0.0,0.0,0.0,0.0,0.0,0.0,0.0,0.0,0.0,0.0,0.0,0.0,0.0,0.0,0.0,0.0,0.0,0.0,0.0,0.0,0.0,0.0,0.0,0.0,0.0,0.0,0.0,0.0,0.0,0.0,0.0,0.0,0.0,0.0,0.0,0.0
0.0,0.0,0.0,0.0,0.0,0.0,0.0,0.0,0.0,0.0,0.0,0.0,0.0,0.0,0.0,0.0,0.0,0.0,0.0,0.0,0.0,0.0,0.0,0.0,0.0,0.0,0.0,0.0,0.0,0.0,0.0,0.0,0.0,0.0,0.0,0.0,0.0
0.0,0.0,0.0,0.0,0.0,0.0,0.0,0.0,0.0,0.0,0.0,0.0,0.0,0.0,0.0,0.0,0.0,0.0,0.0,0.0,0.0,0.0,0.0,0.0,0.0,0.0,0.0,0.0,0.0,0.0,0.0,0.0,0.0,0.0,0.0,0.0,0.0
0.0,0.0,0.0,0.0,0.0,0.0,0.0,0.0,0.0,0.0,0.0,0.0,0.0,0.0,0.0,0.0,0.0,0.0,0.0,0.0,0.0,0.0,0.0,0.0,0.0,0.0,0.0,0.0,0.0,0.0,0.0,0.0,0.0,0.0,0.0,0.0,0.0
0.0,0.0,0.0,0.0,0.0,0.0,0.0,0.0,0.0,0.0,0.0,0.0,0.0,0.0,0.0,0.0,0.0,0.0,0.0,0.0,0.0,0.0,0.0,0.0,0.0,0.0,0.0,0.0,0.0,0.0,0.0,0.0,0.0,0.0,0.0,0.0,0.0
0.0,0.0,0.0,0.0,0.0,0.0,0.0,0.0,0.0,0.0,0.0,0.0,0.0,0.0,0.0,0.0,0.0,0.0,0.0,0.0,0.0,0.0,0.0,0.0,0.0,0.0,0.0,0.0,0.0,0.0,0.0,0.0,0.0,0.0,0.0,0.0,0.0
0.0,0.0,0.0,0.0,0.0,0.0,0.0,0.0,0.0,0.0,0.0,0.0,0.0,0.0,0.0,0.0,0.0,0.0,0.0,0.0,0.0,0.0,0.0,0.0,0.0,0.0,0.0,0.0,0.0,0.0,0.0,0.0,0.0,0.0,0.0,0.0,0.0
0.0,0.0,0.0,0.0,0.0,0.0,0.0,0.0,0.0,0.0,2.284393166098634,0.0,0.0,0.0,0.0,0.0,1.48580555915815,0.0,0.0,0.0,0.0,0.0,0.0,0.0,0.0,0.0,0.0,0.0,0.0235034063458442,0.0,0.0,0.0,0.3691088613122627,0.0,0.0,0.0,0.0
0.0,0.0,0.0,0.215878974646327,0.0,0.0,0.0,0.0,0.0,0.0,2.087841772846674,0.0,0.0,3.3649043366311746,0.0,0.0,4.081246304511856,0.0,0.0,0.0,0.0,0.0,0.0,0.0,0.0,2.930117088928771,0.693563507124772,0.0,0.0,0.0,0.0,0.0,0.0,0.0,0.0,0.0,0.0
0.0,0.0,0.0,0.2872694507241196,3.9192323274909415,0.0,0.0,0.0,0.0,0.0,1.859298199554738,0.0,0.0,0.5055647389961772,0.0855942450463748,0.0,9.89987512826912,0.0,0.0,0.0,0.0,2.5824425697323776,0.0,0.0,0.0,0.0,0.1403783690184319,0.0,0.0,0.548858544975508,0.0,1.3974063992500303,0.0,0.0,0.0,0.0,0.0
0.0,0.0,0.0,0.1670055110007472,5.820761755108737,0.0,0.0,0.0,0.0,0.0,1.8103070946409137,0.0,0.0,0.0,0.0207556910812836,0.0,24.22707575559601,0.0,0.0,0.0,0.0,55.28857722282407,0.0,0.0,0.0,0.0,0.0,0.0,0.0,0.5453029535710565,0.0,1.6483202278613966,0.0,0.0,0.0,0.0,0.0
0.0,0.0,0.0,0.5253997668623922,39.5202836021781,0.9698494630865712,0.0,0.0,0.0,0.0,5.3621500164268525,0.0,0.0,21.677120632957607,0.1794060878455614,0.0,11.630883955955316,0.0,0.0,0.0,0.0,532.6814186096188,0.0,0.0,0.0,1.0854197697713344,0.6077868573367506,0.0,0.0,1.7176845341920464,0.0,4.667839542031288,1.635189579799758,0.0,0.0,0.0,0.0
0.0,0.0,0.0,1.9437329024076404,159.77006900310508,5.309420892503102,56.77334396578365,0.0,0.0,0.0,35.95245910920191,0.0,0.0,105.11107772588728,1.4815520927309958,0.0,72.60388497114171,0.0,0.0,0.0,0.0,1546.967102050781,0.0,0.0,0.0,73.92351469397536,5.233454999327659,0.0,55.88926439359766,19.59241719804701,0.0,25.806717365980106,12.420458853244758,0.0,0.0,0.0,0.0
0.0,0.0,0.0,6.381400510668754,394.9237642884254,32.81978590413925,288.3884650126099,0.0,0.0,0.0,143.22545654326666,0.0,0.0,298.97778097540134,5.587161004543304,0.0,279.01527324914935,0.0,0.0,0.0,0.0,2495.62431640625,0.0,0.0,0.0,295.6008974552154,15.597315442562104,0.0,493.72669108808026,98.53843007683754,0.0,79.1011070013046,50.68970960378647,0.0,0.0,0.0,0.0
0.0,0.0,0.0,15.002994745969772,767.7833068370819,94.5918910130858,599.4632138639688,0.0,0.0,0.0,362.7024195238946,0.0,0.0,551.8132644891739,12.340992325544358,3.36465299129486,642.8596621632576,0.0,0.0,0.0,0.0,3187.965713500977,0.0,0.0,0.0,552.7029397010804,38.24456495046616,0.0,1152.8113324463368,242.2835513472557,0.0,213.526241838932,109.47425863146782,0.0,0.0,0.0,0.0
0.0,0.0,0.0,28.75505572557449,1162.4983053207395,171.50784453749654,917.3211046457292,0.0,0.0,0.0,738.5390789061785,0.0,0.0,841.4963544905186,19.82791610956192,4.372993528842926,1032.1846603631973,0.0,0.0,0.0,0.0,3675.007946777344,0.0,0.0,0.0,705.3531875133515,58.80985141992569,0.0,1720.883676469326,312.63547867536545,0.0,362.8252534866333,166.02835488319397,0.0,0.0,0.0,0.0
0.0,0.0,0.0,40.57203447818756,1392.6344637870789,195.13331726193428,1132.712782663107,0.0,0.0,0.0,1023.1455132871866,0.0,0.0,997.4435655772686,23.97827187180519,5.683118164539336,1273.256796193123,0.0,0.0,0.0,0.0,3847.59401550293,0.0,0.0,0.0,743.42706990242,69.77445405721664,0.0,1961.3037703156472,345.7719035625458,0.0,413.5345516204834,187.4026017189026,0.0,0.0,0.0,0.0
0.0,0.0,0.0,48.135268211364746,1523.941438913345,206.7691139429808,1258.443311583996,0.0,0.0,0.0,1220.6234009206296,0.0,0.0,1073.6937595903871,25.41290758252144,6.821606576442719,1447.7960495471957,0.0,0.0,0.0,0.0,3893.223626708984,0.0,0.0,0.0,741.4854598522186,75.91265058517456,0.0,2077.310929083824,358.69012277126313,0.0,428.5199855566025,199.06401574611664,0.0,0.0,0.0,0.0
0.0,0.0,0.0,50.93631875514984,1576.5873758792875,215.7684601396322,1315.5660146832463,0.0,0.0,0.0,1246.9712174296378,0.0,0.0,1079.3707567453384,25.45333367586136,7.603000581264496,1540.491097307205,0.0,0.0,0.0,0.0,3822.4329376220703,0.0,0.0,0.0,706.9577909946441,76.37991548776627,0.0,2097.8501965641976,359.887894320488,0.0,418.05335080623627,202.071571290493,0.0,0.0,0.0,0.0
0.0,0.0,0.0,50.4094899892807,1552.7398319244385,220.45350939035416,1315.3261160850525,0.0,0.0,0.0,1148.039729321003,0.0,0.0,1056.5436798334122,25.029779183864598,7.895793974399567,1556.896243953705,0.0,0.0,0.0,0.0,3631.249432373047,0.0,0.0,0.0,668.3338772773743,73.44105917215347,0.0,2063.0082914590835,353.09525032639505,0.0,406.25714457035065,197.52570259571075,0.0,0.0,0.0,0.0
0.0,0.0,0.0,45.91069161891937,1413.3026883602142,0.0,1275.5315988063812,0.0,0.0,0.0,1042.9439080744985,0.0,0.0,0.0,0.0,0.0,1577.599832701683,0.0,0.0,0.0,0.0,3330.765518188477,0.0,0.0,0.0,633.7181883335113,0.0,0.0,0.0,0.0,0.0,0.0,0.0,0.0,0.0,0.0,0.0
0.0,0.0,0.0,0.0,1198.8777253627777,0.0,0.0,0.0,0.0,0.0,770.053619247675,0.0,0.0,0.0,0.0,0.0,1514.1176196336746,0.0,0.0,0.0,0.0,0.0,0.0,0.0,0.0,0.0,0.0,0.0,0.0,0.0,0.0,0.0,0.0,0.0,0.0,0.0,0.0
0.0,0.0,0.0,0.0,0.0,0.0,0.0,0.0,0.0,0.0,0.0,0.0,0.0,0.0,0.0,0.0,0.0,0.0,0.0,0.0,0.0,0.0,0.0,0.0,0.0,0.0,0.0,0.0,0.0,0.0,0.0,0.0,0.0,0.0,0.0,0.0,0.0
0.0,0.0,0.0,0.0,0.0,0.0,0.0,0.0,0.0,0.0,0.0,0.0,0.0,0.0,0.0,0.0,0.0,0.0,0.0,0.0,0.0,0.0,0.0,0.0,0.0,0.0,0.0,0.0,0.0,0.0,0.0,0.0,0.0,0.0,0.0,0.0,0.0
0.0,0.0,0.0,0.0,0.0,0.0,0.0,0.0,0.0,0.0,0.0,0.0,0.0,0.0,0.0,0.0,0.0,0.0,0.0,0.0,0.0,0.0,0.0,0.0,0.0,0.0,0.0,0.0,0.0,0.0,0.0,0.0,0.0,0.0,0.0,0.0,0.0
0.0,0.0,0.0,0.0,0.0,0.0,0.0,0.0,0.0,0.0,0.0,0.0,0.0,0.0,0.0,0.0,0.0,0.0,0.0,0.0,0.0,0.0,0.0,0.0,0.0,0.0,0.0,0.0,0.0,0.0,0.0,0.0,0.0,0.0,0.0,0.0,0.0
0.0,0.0,0.0,0.0,0.0,0.0,0.0,0.0,0.0,0.0,0.0,0.0,0.0,0.0,0.0,0.0,0.0,0.0,0.0,0.0,0.0,0.0,0.0,0.0,0.0,0.0,0.0,0.0,0.0,0.0,0.0,0.0,0.0,0.0,0.0,0.0,0.0
0.0,0.0,0.0,0.0,0.0,0.0,0.0,0.0,0.0,0.0,0.0,0.0,0.0,0.0,0.0,0.0,0.0,0.0,0.0,0.0,0.0,0.0,0.0,0.0,0.0,0.0,0.0,0.0,0.0,0.0,0.0,0.0,0.0,0.0,0.0,0.0,0.0
0.0,0.0,0.0,0.0,0.0,0.0,0.0,0.0,0.0,0.0,0.0,0.0,0.0,0.0,0.0,0.0,0.0,0.0,0.0,0.0,0.0,0.0,0.0,0.0,0.0,0.0,0.0,0.0,0.0,0.0,0.0,0.0,0.0,0.0,0.0,0.0,0.0
0.0,0.0,0.0,0.0,0.0,0.0,0.0,0.0,0.0,0.0,0.0,0.0,0.0,0.0,0.0,0.0,0.0,0.0,0.0,0.0,0.0,0.0,0.0,0.0,0.0,0.0,0.0,0.0,0.0,0.0,0.0,0.0,0.0,0.0,0.0,0.0,0.0
0.0,0.0,0.0,0.0,0.0,0.0,0.0,0.0,0.0,0.0,0.0,0.0,0.0,4.399227807298292,0.0,0.0,0.0,0.0,0.0,0.0,0.0,0.0,0.0,0.0,0.0,0.0,0.0,0.0,0.0,0.198307692259544,0.0,0.0,0.0,0.0,0.0,0.0,0.0
0.0,0.0,0.0,0.0,0.0,0.6004037135280293,0.0,0.0,0.0,0.0,1.8694960711523647,0.0,0.0,11.799073144793418,0.0964369341731062,0.0,0.0,0.0,0.0,0.0,0.0,0.0,0.0,0.0,0.0,0.0,0.0,0.0,0.0,0.4844917967915403,0.0,0.0,0.0,0.0,0.0,0.0,0.0
0.0,0.0,0.0,0.0,0.0,0.5534388329833579,0.0,0.0,0.0,0.0,1.8774477622004837,0.0,0.0,9.727758837398138,0.1091797940433014,0.0,0.0,0.0,0.0,0.0,0.0,0.0,0.0,0.0,0.0,0.0,0.0,0.0,0.0,0.4563135884702091,0.0,0.0,0.0,0.0,0.0,0.0,0.0
0.0,0.0,0.0,0.1760557610541571,3.931972764432349,0.2813568143173693,0.0,0.0,0.0,0.0,1.789930422790238,0.0,0.0,4.276921604759966,0.0905959881842125,0.0,10.296576142310911,0.0,0.0,0.0,0.0,0.0,0.0,0.0,0.0,0.0,0.0,0.0,0.0,0.4201426215469758,0.0,1.0597388744353724,0.0,0.0,0.0,0.0,0.0
0.0,0.0,0.0,0.0679380241781469,7.902024950831978,0.0,1.2580736719071604,0.0,0.0,0.0,1.718942641280523,0.0,0.0,1.532772388309091,0.0369089730083926,0.0,13.98204071521752,0.0,0.0,0.0,0.0,0.0,0.0,0.0,0.0,0.0,0.0,0.0,0.0,0.4910875067114807,0.0,1.273514837026554,0.0,0.0,0.0,0.0,0.0
0.0,0.0,0.0,0.155535986647009,22.50625479593868,0.8067787284962387,3.408355253934769,0.0,0.0,0.0,4.85359566872919,0.0,0.0,31.23367297928777,0.2498835671693068,0.3416543938219541,5.74557651281352,0.0,0.0,0.0,0.0,98.40757303237888,0.0,0.0,0.0,5.593306789174641,0.0,0.0,2.884223356842886,1.0940121285617164,0.0,7.923834666609763,1.6967032663524109,0.0,0.0,0.0,0.0
0.0,0.0,0.0,1.2498344741761669,92.95611977577194,15.400292523205277,57.930269915238,0.0,0.0,0.0,40.833689155802126,0.0,0.0,129.77825311943874,1.924782348051666,0.6940497569739812,31.94059082269652,0.0,0.0,0.0,0.0,452.26051559448223,0.0,0.0,0.0,69.00317841172217,0.0,0.0,114.4568960770964,14.697255267575372,0.0,58.988225519657135,10.24820211902258,0.0,0.0,0.0,0.0
0.0,0.0,0.0,5.084994688630099,251.04004466533652,97.50628596544264,255.631426604092,0.0,0.0,0.0,201.67624488845456,0.0,0.0,345.3039460256696,6.6802293866872775,1.200907483696937,183.01705983877167,0.0,0.0,0.0,0.0,1122.4378082275389,0.0,0.0,0.0,236.47888219356537,0.7613061554729911,0.0,617.1143121540546,79.06642998158931,0.0,231.68301630020144,42.432885721325874,0.0,0.0,0.0,0.0
0.0,0.0,0.0,12.580504447221756,525.1966218948363,225.3974145948887,533.980416342616,0.0,0.0,0.0,491.7122825115919,0.0,0.0,606.6958960145711,14.90830344557762,1.7731230854988091,479.8727554023265,0.0,0.0,0.0,0.0,2046.030908203125,0.0,0.0,0.0,467.4398470878601,3.253775847703212,0.0,1216.0074170947073,233.37770281434055,0.0,395.1233917474746,86.71819499135017,0.0,0.0,0.0,0.0
0.0,0.0,0.0,24.742696285247803,952.425987958908,309.45942518115044,853.1154090344905,0.0,0.0,0.0,976.79553527236,0.0,0.0,893.4081064164639,23.046218508481974,2.8648143857717514,864.5517920970917,0.0,0.0,0.0,0.0,2725.727667236328,0.0,0.0,0.0,633.4648950576782,9.889559291303152,0.0,1742.4342383861542,309.8744418680668,0.0,466.0446236133576,139.81316488981244,0.0,0.0,0.0,0.0
0.0,0.0,0.0,35.75437092781067,1265.6457026004791,332.7659088075161,1082.6885757267476,0.0,0.0,0.0,1333.4884640216828,0.0,0.0,1040.4682171344757,26.77222267985344,4.216020375490188,1113.0454788923264,0.0,0.0,0.0,0.0,2983.3748992919923,0.0,0.0,0.0,699.5783161640168,21.04353924691677,0.0,1973.1721069335936,346.6265576124191,0.0,475.8297874927521,156.90158438682556,0.0,0.0,0.0,0.0
0.0,0.0,0.0,44.08347976207733,1460.1861720085144,345.4721393287182,1204.6617812514305,0.0,0.0,0.0,1533.1078347623347,0.0,0.0,1106.995143443346,28.68030164837837,5.422048717737197,1294.933108329773,0.0,0.0,0.0,0.0,3180.36399230957,0.0,0.0,0.0,719.1325032234192,0.0,0.0,2089.282939875126,359.479194611311,0.0,479.9352978467941,169.69111335277557,0.0,0.0,0.0,0.0
0.0,0.0,0.0,49.13909947872162,1561.7769539356232,346.5625731945038,1266.8950679421423,0.0,0.0,0.0,1555.543194657564,0.0,0.0,1104.30573284626,28.975144547224044,6.083104580640793,1400.8033119678498,0.0,0.0,0.0,0.0,3242.610485839844,0.0,0.0,0.0,707.2368711948395,0.0,0.0,2128.373444020748,360.6448896884919,0.0,470.63353621959686,0.0,0.0,0.0,0.0,0.0
0.0,0.0,0.0,50.022746086120605,1607.105714082718,338.4969075024128,0.0,0.0,0.0,0.0,1427.409664177895,0.0,0.0,1070.0132212042809,27.73030623793602,6.485286951065064,1438.6983402729034,0.0,0.0,0.0,0.0,3216.4898223876958,0.0,0.0,0.0,687.0706888198853,0.0,0.0,2122.8014284491537,352.04614584445955,0.0,453.0253795385361,0.0,0.0,0.0,0.0,0.0
0.0,0.0,0.0,44.96545231342316,0.0,323.85292333364487,0.0,0.0,0.0,0.0,1221.6375556766986,0.0,0.0,996.9667571783066,25.12822821736336,0.0,1486.0457983016968,0.0,0.0,0.0,0.0,0.0,0.0,0.0,0.0,0.0,0.0,0.0,0.0,354.24032648801807,0.0,406.5502287149429,0.0,0.0,0.0,0.0,0.0
0.0,0.0,0.0,0.0,0.0,0.0,0.0,0.0,0.0,0.0,889.0661309897899,0.0,0.0,866.1540041863918,21.11664506793022,0.0,0.0,0.0,0.0,0.0,0.0,0.0,0.0,0.0,0.0,0.0,0.0,0.0,0.0,343.512445306778,0.0,344.3773145675659,0.0,0.0,0.0,0.0,0.0
0.0,0.0,0.0,0.0,0.0,0.0,0.0,0.0,0.0,0.0,0.0,0.0,0.0,0.0,0.0,0.0,0.0,0.0,0.0,0.0,0.0,0.0,0.0,0.0,0.0,0.0,0.0,0.0,0.0,325.5962478280068,0.0,0.0,0.0,0.0,0.0,0.0,0.0
0.0,0.0,0.0,0.0,0.0,0.0,0.0,0.0,0.0,0.0,0.0,0.0,0.0,0.0,0.0,0.0,0.0,0.0,0.0,0.0,0.0,0.0,0.0,0.0,0.0,0.0,0.0,0.0,0.0,0.0,0.0,0.0,0.0,0.0,0.0,0.0,0.0
0.0,0.0,0.0,0.0,0.0,0.0,0.0,0.0,0.0,0.0,0.0,0.0,0.0,0.0,0.0,0.0,0.0,0.0,0.0,0.0,0.0,0.0,0.0,0.0,0.0,0.0,0.0,0.0,0.0,0.0,0.0,0.0,0.0,0.0,0.0,0.0,0.0
0.0,0.0,0.0,0.0,0.0,0.0,0.0,0.0,0.0,0.0,0.0,0.0,0.0,0.0,0.0,0.0,0.0,0.0,0.0,0.0,0.0,0.0,0.0,0.0,0.0,0.0,0.0,0.0,0.0,0.0,0.0,0.0,0.0,0.0,0.0,0.0,0.0
0.0,0.0,0.0,0.0,0.0,0.0,0.0,0.0,0.0,0.0,0.0,0.0,0.0,0.0,0.0,0.0,0.0,0.0,0.0,0.0,0.0,0.0,0.0,0.0,0.0,0.0,0.0,0.0,0.0,0.0,0.0,0.0,0.0,0.0,0.0,0.0,0.0
0.0,0.0,0.0,0.0,0.0,0.0,0.0,0.0,0.0,0.0,0.0,0.0,0.0,0.0,0.0,0.0,0.0,0.0,0.0,0.0,0.0,0.0,0.0,0.0,0.0,0.0,0.0,0.0,0.0,0.0,0.0,0.0,0.0,0.0,0.0,0.0,0.0
0.0,0.0,0.0,0.0,0.0,0.0,0.0,0.0,0.0,0.0,0.0,0.0,0.0,0.0,0.0,0.0,0.0,0.0,0.0,0.0,0.0,0.0,0.0,0.0,0.0,0.0,0.0,0.0,0.0,0.0,0.0,0.0,0.0,0.0,0.0,0.0,0.0
0.0,0.0,0.0,0.0,0.0,0.0,0.0,0.0,0.0,0.0,0.0,0.0,0.0,1.277009681798396,0.0,0.0,0.0,0.0,0.0,0.0,0.0,0.0,0.0,0.0,0.0,0.0,0.0,0.0,0.0,0.0,0.0,0.0,0.0,0.0,0.0,0.0,0.0
0.0,0.0,0.0,0.0,0.0,0.0,0.0,0.0,0.0,0.0,0.0,0.0,0.0,1.1325422907247702,0.0,0.0,0.0,0.0,0.0,0.0,0.0,9.747989273070989,0.0,0.0,0.0,0.0,0.0,0.0,0.0,0.0,0.0,0.0,0.0,0.0,0.0,0.0,0.0
0.0,0.0,0.0,0.0,0.0,0.0,0.0,0.0,0.0,0.0,0.0,0.0,0.0,5.6307997973634745,0.0,0.0,0.0,0.0,0.0,0.0,0.0,11.02545623779288,0.0,0.0,0.0,0.0,0.6951413953676782,0.0,0.3543575391171141,0.0,0.0,0.0,0.0,0.0,0.0,0.0,0.0
0.0,0.0,0.0,0.0,0.0,0.0,0.0,0.0,0.0,0.0,0.0,0.0,0.0,2.894233013503176,0.0,0.0,2.7330266833303867,0.0,0.0,0.0,0.0,11.850774860381671,0.0,0.0,0.0,1.14040519595138,0.8365755310282076,0.0,0.0,0.0,0.0,0.0,0.0,0.0,0.0,0.0,0.0
0.0,0.0,0.0,0.1494705360382792,0.0,0.093436580151275,0.0,0.0,0.0,0.0,1.830048055015348,0.0,0.0,0.0,0.1634119380265472,0.0,8.367492592334738,0.0,0.0,0.0,0.0,0.0,0.0,0.0,0.0,0.0,0.7969378223642617,0.0,0.0,0.0,0.0,1.148223876953125,0.0,0.0,0.0,0.0,0.0
0.0,0.0,0.0,0.0775204822421032,0.0,0.0,0.0,0.0,0.0,0.0,1.602954963408235,0.0,0.0,0.0,0.0644504651427241,0.0,18.25278177261338,0.0,0.0,0.0,0.0,62.38895535469048,0.0,0.0,0.0,0.0,0.4988079430535423,0.0,0.0,0.0,0.0,1.3664940595626824,0.0,0.0,0.0,0.0,0.0
0.0,0.0,0.0,0.309307204559442,69.6350780725479,0.6232825685292245,0.0,0.0,0.0,0.0,3.509848881186715,0.0,0.0,36.62390054203568,0.2547707665711619,0.0,9.506544816493967,0.0,0.0,0.0,0.0,517.4352661132808,0.0,0.0,0.0,6.890482622757496,1.9703608952462648,0.0,0.0,0.0,0.0,4.108439221978151,1.4612323474138755,0.0,0.0,0.0,0.0
0.0,0.0,0.0,1.4615915939211834,256.05136990547174,7.0992364762350855,0.0,0.0,0.0,0.0,24.39196539092792,0.0,0.0,140.0470690242945,2.391217647492885,0.0,61.45347930192929,0.0,0.0,0.0,0.0,1618.61796875,0.0,0.0,0.0,82.66198466420174,7.749135461449618,0.0,69.58522156923988,0.0,0.0,42.342262506484985,10.297962971031646,0.0,0.0,0.0,0.0
0.0,0.0,0.0,5.564936950802803,628.5403933525084,47.7673532962799,371.5472378566861,0.0,0.0,0.0,144.273448102176,0.0,0.0,313.5702393576503,7.825931400060651,0.0,255.5650524377822,0.0,0.0,0.0,0.0,2600.579022216797,0.0,0.0,0.0,347.69156136512754,20.34284968078136,0.0,590.5407365381717,0.0,0.0,193.1272732019424,41.82631611824035,0.0,0.0,0.0,0.0
0.0,0.0,0.0,13.58056908845901,1161.5938742160797,168.38266421854496,767.8397078573704,0.0,0.0,0.0,392.0053620204328,0.0,0.0,531.9311190396546,15.810318106412886,3.123437985777854,617.2789123773575,0.0,0.0,0.0,0.0,3319.965902709961,0.0,0.0,0.0,627.4165961742401,44.16710705757141,0.0,1271.175507837534,251.4887256145477,0.0,357.657026052475,99.5429666340351,0.0,0.0,0.0,0.0
0.0,0.0,0.0,26.868143260478973,1560.3981726169586,258.4212759435177,1119.720904535055,0.0,0.0,0.0,850.107833069563,0.0,0.0,778.2165871560574,23.062342500686647,0.0,1019.5388885974884,0.0,0.0,0.0,0.0,3837.936233520508,0.0,0.0,0.0,772.2459766864777,61.60423964262009,0.0,1807.328773033619,318.5804977953434,0.0,454.97007608413696,156.10476458072662,0.0,0.0,0.0,0.0
0.0,0.0,0.0,40.37416326999664,1771.368993282318,286.00909572839737,1295.2320245444776,0.0,0.0,0.0,1183.5468089699746,0.0,0.0,910.1914525032043,26.91715031862259,0.0,1261.7771648406983,0.0,0.0,0.0,0.0,4021.178237915039,0.0,0.0,0.0,826.6638163089754,72.8888237118721,0.0,2041.5700432300569,354.1799927294253,0.0,477.9598504304886,177.12560665607452,0.0,0.0,0.0,0.0
0.0,0.0,0.0,51.80173921585083,1862.2366352081297,303.3090247511864,1373.0852848529814,0.0,0.0,0.0,1439.3835525929928,0.0,0.0,994.4125500321388,29.78096757531166,0.0,1431.580152511597,0.0,0.0,0.0,0.0,4068.629513549805,0.0,0.0,0.0,838.9037226200105,77.53796638250351,0.0,2167.974464929104,365.6163913965226,0.0,472.10032045841217,188.79283624887464,0.0,0.0,0.0,0.0
0.0,0.0,0.0,59.72156167030335,1877.7354388237,310.97631335258484,1381.5534515082838,0.0,0.0,0.0,1521.4514291346072,0.0,0.0,1018.1520909070967,30.49392544627189,0.0,1520.8133051872253,0.0,0.0,0.0,0.0,3984.4497131347657,0.0,0.0,0.0,824.616043806076,77.83850356340409,0.0,2207.9807576060293,364.3349492251873,0.0,460.6603865623474,191.7460782527924,0.0,0.0,0.0,0.0
0.0,0.0,0.0,62.0,1816.7005281448364,308.642524600029,1344.029720431566,0.0,0.0,0.0,1510.822875726223,0.0,0.0,993.219026774168,0.0,8.198235929012299,1529.5945361614226,0.0,0.0,0.0,0.0,3806.990753173828,0.0,0.0,0.0,783.0899974822999,74.49541519880295,0.0,2180.143770813942,352.10230895876884,0.0,449.771564245224,187.29388731718063,0.0,0.0,0.0,0.0
0.0,0.0,0.0,0.0,1661.0943610668182,0.0,0.0,0.0,0.0,0.0,0.0,0.0,0.0,936.2049606442451,0.0,7.255092918872833,1538.53584485054,0.0,0.0,0.0,0.0,3506.587506103516,0.0,0.0,0.0,756.333129453659,67.25943793058396,0.0,2067.5479635953902,354.65980426669114,0.0,0.0,0.0,0.0,0.0,0.0,0.0
0.0,0.0,0.0,0.0,0.0,0.0,0.0,0.0,0.0,0.0,0.0,0.0,0.0,791.8565668165684,0.0,0.0,1467.4952915906906,0.0,0.0,0.0,0.0,3136.525082397461,0.0,0.0,0.0,0.0,57.086969029903415,0.0,0.0,344.98402668237685,0.0,0.0,0.0,0.0,0.0,0.0,0.0
0.0,0.0,0.0,0.0,0.0,0.0,0.0,0.0,0.0,0.0,0.0,0.0,0.0,0.0,0.0,0.0,1357.362191438675,0.0,0.0,0.0,0.0,2630.956573486328,0.0,0.0,0.0,0.0,0.0,0.0,0.0,0.0,0.0,0.0,0.0,0.0,0.0,0.0,0.0
0.0,0.0,0.0,0.0,0.0,0.0,0.0,0.0,0.0,0.0,0.0,0.0,0.0,0.0,0.0,0.0,1232.4711761951446,0.0,0.0,0.0,0.0,0.0,0.0,0.0,0.0,0.0,0.0,0.0,0.0,0.0,0.0,0.0,0.0,0.0,0.0,0.0,0.0
0.0,0.0,0.0,0.0,0.0,0.0,0.0,0.0,0.0,0.0,0.0,0.0,0.0,0.0,0.0,0.0,0.0,0.0,0.0,0.0,0.0,0.0,0.0,0.0,0.0,0.0,0.0,0.0,0.0,0.0,0.0,0.0,0.0,0.0,0.0,0.0,0.0
0.0,0.0,0.0,0.0,0.0,0.0,0.0,0.0,0.0,0.0,0.0,0.0,0.0,0.0,0.0,0.0,0.0,0.0,0.0,0.0,0.0,0.0,0.0,0.0,0.0,0.0,0.0,0.0,0.0,0.0,0.0,0.0,0.0,0.0,0.0,0.0,0.0
0.0,0.0,0.0,0.0,0.0,0.0,0.0,0.0,0.0,0.0,0.0,0.0,0.0,0.0,0.0,0.0,0.0,0.0,0.0,0.0,0.0,0.0,0.0,0.0,0.0,0.0,0.0,0.0,0.0,0.0,0.0,0.0,0.0,0.0,0.0,0.0,0.0
0.0,0.0,0.0,0.0,0.0,0.0,0.0,0.0,0.0,0.0,0.0,0.0,0.0,0.0,0.0,0.0,0.0,0.0,0.0,0.0,0.0,0.0,0.0,0.0,0.0,0.0,0.0,0.0,0.0,0.0,0.0,0.0,0.0,0.0,0.0,0.0,0.0
0.0,0.0,0.0,0.0,0.0,0.0,0.0,0.0,0.0,0.0,0.0,0.0,0.0,0.0,0.0,0.0,0.0,0.0,0.0,0.0,0.0,0.0,0.0,0.0,0.0,0.0,0.0,0.0,0.0,0.0,0.0,0.0,0.0,0.0,0.0,0.0,0.0
0.0,0.0,0.0,0.0,0.0,0.0,0.0,0.0,0.0,0.0,0.0,0.0,0.0,0.0,0.0,0.0,0.0,0.0,0.0,0.0,0.0,0.0,0.0,0.0,0.0,0.0,0.0,0.0,0.0,0.0,0.0,0.0,0.0,0.0,0.0,0.0,0.0
0.0,0.0,0.0,0.0,0.0,0.0,0.0,0.0,0.0,0.0,0.0,0.0,0.0,0.0,0.0,0.0,0.0,0.0,0.0,0.0,0.0,18.3612407684324,0.0,0.0,0.0,0.0,0.0,0.0,0.0,0.0,0.0,0.0,0.0,0.0,0.0,0.0,0.0
0.0,0.0,0.0,0.0,0.0,0.0,0.0,0.0,0.0,0.0,0.0,0.0,0.0,2.2089546639471807,0.0,0.0,0.0,0.0,0.0,0.0,0.0,18.861132431030025,0.0,0.0,0.0,0.0,0.0,0.0,0.0,0.0,0.0,0.0,0.0,0.0,0.0,0.0,0.0
0.0,0.0,0.0,0.4131165221333484,2.7312383130192184,0.3355984007939591,0.0,0.0,0.0,0.0,2.037828231975402,0.0,0.0,2.9939654748886158,0.0555918931961031,0.0,0.0,0.0,0.0,0.0,0.0,20.56011562347405,0.0,0.0,0.0,0.8817585004492863,0.0,0.0,0.0,0.0,0.0,1.2224009335040886,0.0,0.0,0.0,0.0,0.0
0.0,0.0,0.0,0.3228688947856383,3.3593999892473025,0.0653323358856086,0.0,0.0,0.0,0.0,1.9363453709520289,0.0,0.0,1.9584214175118515,0.0264216832816599,0.0,10.097827279567523,0.0,0.0,0.0,0.0,0.0,0.0,0.0,0.0,0.0,0.0,0.0,0.0,0.0,0.0,1.3147881031035995,0.0,0.0,0.0,0.0,0.0
0.0,0.0,0.0,0.1182136368006434,5.904078103601852,0.0,0.0,0.0,0.0,0.0,1.813704972481248,0.0,0.0,0.0,0.023300758749246,0.0,24.60502340793591,0.0,0.0,0.0,0.0,0.0,0.0,0.0,0.0,0.0,0.1765707518905335,0.0,0.0,0.0,0.0,1.5007779449224452,0.0,0.0,0.0,0.0,0.0
0.0,0.0,0.0,0.2440828811377254,20.689641907811147,0.7656987523660014,0.0,0.0,0.0,0.0,6.992091991519384,0.0,0.0,0.0,0.2317579362541416,0.0,12.42373441457747,0.0,0.0,0.0,0.0,322.15057144165,0.0,0.0,0.0,1.709537719842044,1.3445034541189669,0.0,2.6121768280862137,2.0775138989090656,0.0,6.262973681092208,1.4632038874551443,0.0,0.0,0.0,0.0
0.0,0.0,0.0,0.8935141954570981,113.66869249939916,12.769195505417873,53.12529977560037,0.0,0.0,0.0,40.437403573840825,0.0,0.0,0.0,1.8065695513039808,0.7491787485778323,69.33540691137298,0.0,0.0,0.0,0.0,1219.221234130859,0.0,0.0,0.0,51.51791088283054,3.753095669299364,0.0,125.51759517639876,13.607566082105023,0.0,58.16461260616775,10.59168941900132,0.0,0.0,0.0,0.0
0.0,0.0,0.0,4.091832756996152,329.19088202714914,80.2317528501153,271.8295005381107,0.0,0.0,0.0,190.52708616182187,0.0,0.0,0.0,6.454662957787513,1.5805896520614615,272.9250883936881,0.0,0.0,0.0,0.0,2265.6939788818354,0.0,0.0,0.0,212.99096442461007,8.472725579142564,0.0,703.5366318166255,75.99633203148842,0.0,234.44840586185447,43.45121657848357,0.0,0.0,0.0,0.0
0.0,0.0,0.0,10.654207319021223,702.8209756612778,204.72535882890224,614.873888194561,0.0,0.0,0.0,469.2349148020147,0.0,0.0,627.7628698199986,14.772298711538314,0.0,640.0945831656455,0.0,0.0,0.0,0.0,3049.261462402344,0.0,0.0,0.0,481.3169808387756,16.633437362313263,0.0,1325.320994234085,225.57358385920529,0.0,394.5229783058167,101.32381331920624,0.0,0.0,0.0,0.0
0.0,0.0,0.0,21.417342841625214,1185.239116191864,291.5112983882427,959.4601184666157,0.0,0.0,0.0,958.4144888877868,0.0,0.0,921.8507243692876,22.73601942658424,0.0,1032.09837038517,0.0,0.0,0.0,0.0,3642.842138671875,0.0,0.0,0.0,663.3992612838745,35.43123584985733,0.0,1836.2292055130008,302.3183356642723,0.0,476.6334365606308,157.76358044147491,0.0,0.0,0.0,0.0
0.0,0.0,0.0,33.932602524757385,1492.3848526477814,317.9250381588936,1183.5015643835068,0.0,0.0,0.0,1317.4593127667904,0.0,0.0,1066.869308501482,26.85128819346428,0.0,1271.56041367054,0.0,0.0,0.0,0.0,3865.545300292969,0.0,0.0,0.0,714.7861951828003,46.61657931804657,0.0,2066.3993794202806,333.2087280213833,0.0,497.7122075557709,179.3327273130417,0.0,0.0,0.0,0.0
0.0,0.0,0.0,41.07405543327332,1673.1328423023224,334.82398197054863,1315.4031810164452,0.0,0.0,0.0,1540.1854903399944,0.0,0.0,1130.7621802389622,27.73696546554565,0.0,1442.604187488556,0.0,0.0,0.0,0.0,3950.33567199707,0.0,0.0,0.0,718.9252388000489,56.91823366880417,0.0,2177.0032287716867,348.22876450419426,0.0,510.15149092674255,191.89185160398483,0.0,0.0,0.0,0.0
0.0,0.0,0.0,43.825992941856384,1750.3409385681152,341.72147583961487,1346.8054179310798,0.0,0.0,0.0,1589.390304499865,0.0,0.0,1133.293898999691,27.65376591682434,7.8737406730651855,1527.3490355968474,0.0,0.0,0.0,0.0,3892.401745605469,0.0,0.0,0.0,696.3000928401947,62.324900245666505,0.0,2179.092106282711,351.3589033305645,0.0,505.4072810411453,195.55188566446304,0.0,0.0,0.0,0.0
0.0,0.0,0.0,42.54587590694428,1729.8250710964203,338.209215849638,1324.235366141796,0.0,0.0,0.0,1502.081859880686,0.0,0.0,1091.8693825602531,26.39329735636711,0.0,1531.095540523529,0.0,0.0,0.0,0.0,3726.18376159668,0.0,0.0,0.0,666.3027935981751,0.0,0.0,2081.935425543785,346.0445887207985,0.0,484.878078699112,191.7388480901718,0.0,0.0,0.0,0.0
0.0,0.0,0.0,35.77084541320801,1583.0168960094452,324.53774124383926,0.0,0.0,0.0,0.0,1324.9761008799076,0.0,0.0,0.0,23.74620103240013,0.0,1537.6874084472656,0.0,0.0,0.0,0.0,3427.0673858642576,0.0,0.0,0.0,627.6749499320983,0.0,0.0,1868.393175303936,0.0,0.0,440.1059591770172,0.0,0.0,0.0,0.0,0.0
0.0,0.0,0.0,25.090968310832974,0.0,0.0,0.0,0.0,0.0,0.0,0.0,0.0,0.0,0.0,0.0,0.0,1461.402165031433,0.0,0.0,0.0,0.0,0.0,0.0,0.0,0.0,0.0,0.0,0.0,1606.8251209139823,0.0,0.0,0.0,168.2983290553093,0.0,0.0,0.0,0.0
0.0,0.0,0.0,0.0,0.0,0.0,0.0,0.0,0.0,0.0,0.0,0.0,0.0,0.0,0.0,0.0,1348.318658542633,0.0,0.0,0.0,0.0,0.0,0.0,0.0,0.0,0.0,0.0,0.0,0.0,0.0,0.0,0.0,0.0,0.0,0.0,0.0,0.0
0.0,0.0,0.0,0.0,0.0,0.0,0.0,0.0,0.0,0.0,0.0,0.0,0.0,0.0,0.0,0.0,1228.4806324243546,0.0,0.0,0.0,0.0,0.0,0.0,0.0,0.0,0.0,0.0,0.0,0.0,0.0,0.0,0.0,0.0,0.0,0.0,0.0,0.0
0.0,0.0,0.0,0.0,0.0,0.0,0.0,0.0,0.0,0.0,0.0,0.0,0.0,0.0,0.0,0.0,0.0,0.0,0.0,0.0,0.0,0.0,0.0,0.0,0.0,0.0,0.0,0.0,0.0,0.0,0.0,0.0,0.0,0.0,0.0,0.0,0.0
0.0,0.0,0.0,0.0,0.0,0.0,0.0,0.0,0.0,0.0,0.0,0.0,0.0,0.0,0.0,0.0,0.0,0.0,0.0,0.0,0.0,0.0,0.0,0.0,0.0,0.0,0.0,0.0,0.0,0.0,0.0,0.0,0.0,0.0,0.0,0.0,0.0
0.0,0.0,0.0,0.0,0.0,0.0,0.0,0.0,0.0,0.0,0.0,0.0,0.0,0.0,0.0,0.0,0.0,0.0,0.0,0.0,0.0,0.0,0.0,0.0,0.0,0.0,0.0,0.0,0.0,0.0,0.0,0.0,0.0,0.0,0.0,0.0,0.0
0.0,0.0,0.0,0.0,0.0,0.0,0.0,0.0,0.0,0.0,0.0,0.0,0.0,0.0,0.0,0.0,0.0,0.0,0.0,0.0,0.0,0.0,0.0,0.0,0.0,0.0,0.0,0.0,0.0,0.0,0.0,0.0,0.0,0.0,0.0,0.0,0.0
0.0,0.0,0.0,0.0,0.0,0.0,0.0,0.0,0.0,0.0,0.0,0.0,0.0,0.0,0.0,0.0,0.0,0.0,0.0,0.0,0.0,0.0,0.0,0.0,0.0,0.0,0.0,0.0,0.0,0.0,0.0,0.0,0.0,0.0,0.0,0.0,0.0
0.0,0.0,0.0,0.0,0.0,0.0,0.0,0.0,0.0,0.0,0.0,0.0,0.0,0.0,0.0,0.0,0.0,0.0,0.0,0.0,0.0,0.0,0.0,0.0,0.0,0.0,0.0,0.0,0.0,0.0,0.0,0.0,0.0,0.0,0.0,0.0,0.0
0.0,0.0,0.0,0.0,0.0,0.0,0.0,0.0,0.0,0.0,0.0,0.0,0.0,0.0,0.0,0.0,0.0,0.0,0.0,0.0,0.0,0.0,0.0,0.0,0.0,0.0,0.0,0.0,0.0,0.1600250437855625,0.0,0.0,0.0,0.0,0.0,0.0,0.0
0.0,0.0,0.0,0.0,0.0,0.0,0.0,0.0,0.0,0.0,0.0,0.0,0.0,0.0,0.0,0.0,0.0,0.0,0.0,0.0,0.0,0.0,0.0,0.0,0.0,0.0,0.0,0.0,0.0,0.4471170835196624,0.0,0.0,0.0,0.0,0.0,0.0,0.0
0.0,0.0,0.0,0.0,0.0,0.0,0.0,0.0,0.0,0.0,0.0,0.0,0.0,0.0,0.0,0.0,0.0,0.0,0.0,0.0,0.0,0.0,0.0,0.0,0.0,0.0,0.0,0.0,0.0,0.4204413615167116,0.0,0.0,0.0,0.0,0.0,0.0,0.0
0.0,0.0,0.0,0.1564494073390926,0.0,0.0,0.0,0.0,0.0,0.0,1.8384256727527573,0.0,0.0,0.0,0.1353989336639635,0.0,12.545815122127337,0.0,0.0,0.0,0.0,0.0,0.0,0.0,0.0,0.0,0.0,0.0,0.0,0.475371441245074,0.0,0.0,0.0,0.0,0.0,0.0,0.0
0.0,0.0,0.0,0.0651585552841415,0.0,0.0,0.0,0.0,0.0,0.0,1.5753629663027615,0.0,0.0,0.0,0.1351793915033339,0.0,28.92840870618809,0.0,0.0,0.0,0.0,0.0,0.0,0.0,0.0,0.0,0.0,0.0,0.0,0.5245991021394697,0.0,1.2833823859691604,0.0,0.0,0.0,0.0,0.0
0.0,0.0,0.0,0.1960952375084119,0.0,0.7671200782060413,0.0,0.0,0.0,0.0,2.331753671076139,0.0,0.0,30.582403191365216,0.607502578943967,0.0,11.75933835506439,0.0,0.0,0.0,0.0,594.856411743164,0.0,0.0,0.0,0.0,0.0,0.0,2.0756629809736817,1.4748557999729937,0.0,0.0,1.6404310110956255,0.0,0.0,0.0,0.0
0.0,0.0,0.0,1.033895678818221,220.75481408834452,16.778777323663224,61.67530258819448,0.0,0.0,0.0,17.43888065558853,0.0,0.0,133.8926033861935,2.802285041660068,0.0,67.87080613374702,0.0,0.0,0.0,0.0,1624.229086303711,0.0,0.0,0.0,72.3609562814235,0.0,0.0,101.28053697198624,18.39276387989521,0.0,0.0,11.18602865189312,0.0,0.0,0.0,0.0
0.0,0.0,0.0,4.549843683838843,562.8488795757293,104.0779976472258,341.4583233699202,0.0,0.0,0.0,117.38858253806823,0.0,0.0,327.87462789565313,8.945514303445814,1.779197216033935,271.22263860702503,0.0,0.0,0.0,0.0,2542.427267456055,0.0,0.0,0.0,0.0,0.0,0.0,724.2980133593081,94.19840023070574,0.0,247.87964701652524,45.40407215058804,0.0,0.0,0.0,0.0
0.0,0.0,0.0,11.775684446096417,1095.2228074073792,231.35201969742772,749.7886529803276,0.0,0.0,0.0,368.0666038170457,0.0,0.0,575.6110293418168,18.60241738557816,0.0,641.7266772031783,0.0,0.0,0.0,0.0,3275.362420654297,0.0,0.0,0.0,598.9301199913025,56.39433928728104,0.0,1380.2117565631866,239.8561895132065,0.0,389.29949259758,99.03180810809134,0.0,0.0,0.0,0.0
0.0,0.0,0.0,23.557678937911987,1521.7653052806854,316.1136985123157,1119.9506486952305,0.0,0.0,0.0,795.8281087666749,0.0,0.0,846.3443769514561,26.13085516691208,3.823605507612228,1027.3343423724175,0.0,0.0,0.0,0.0,3741.783477783203,0.0,0.0,0.0,775.880479478836,72.92009137868881,0.0,1926.445214509964,311.21692071557044,0.0,470.10556852817535,154.5773490667343,0.0,0.0,0.0,0.0
0.0,0.0,0.0,35.45511031150818,1782.0193600654602,341.46862122416496,1323.162712961435,0.0,0.0,0.0,1104.5746269375084,0.0,0.0,992.7016118168832,29.555903255939484,5.234024196863174,1259.9978017568587,0.0,0.0,0.0,0.0,3935.257711791992,0.0,0.0,0.0,818.8727197170258,82.14947898387909,0.0,2148.2774715662003,346.0285153388977,0.0,483.2166346311569,176.20704418420792,0.0,0.0,0.0,0.0
0.0,0.0,0.0,44.31761109828949,1905.8728189468384,356.19380310177803,1424.7992990732191,0.0,0.0,0.0,1360.637378704548,0.0,0.0,1064.94823589921,31.04478353261948,6.447776734828949,1424.960460972786,0.0,0.0,0.0,0.0,3992.799981689453,0.0,0.0,0.0,830.3240521907808,86.16805899143219,0.0,2264.0896914720533,357.59980388879774,0.0,482.8529706001282,187.131505548954,0.0,0.0,0.0,0.0
0.0,0.0,0.0,49.27164924144745,1937.44025182724,359.0210056602955,1446.5851018548012,0.0,0.0,0.0,1476.2309493660928,0.0,0.0,1078.4189608693123,30.92595303654671,7.31335312128067,1516.9936253786086,0.0,0.0,0.0,0.0,3935.964703369141,0.0,0.0,0.0,815.2603430747986,85.9006449341774,0.0,2277.803585457802,357.7646849215031,0.0,479.763494849205,189.5195723772049,0.0,0.0,0.0,0.0
0.0,0.0,0.0,48.36884891986847,1886.751119852066,352.0796793997288,1415.979988324642,0.0,0.0,0.0,1461.9594132006168,0.0,0.0,1075.4476715624332,29.039885294437408,7.46191942691803,1524.3420014619828,0.0,0.0,0.0,0.0,3767.7180908203127,0.0,0.0,0.0,783.7564737319947,0.0,0.0,2229.0541041612623,350.93120141625405,0.0,465.8309104442597,0.0,0.0,0.0,0.0,0.0
0.0,0.0,0.0,42.70441603660584,1724.5650935173037,0.0,0.0,0.0,0.0,0.0,1398.27298989892,0.0,0.0,0.0,26.315351128578182,6.603527545928955,1540.968879032135,0.0,0.0,0.0,0.0,0.0,0.0,0.0,0.0,0.0,0.0,0.0,2091.5948739409446,354.3654692471027,0.0,0.0,0.0,0.0,0.0,0.0,0.0
0.0,0.0,0.0,33.534398913383484,0.0,0.0,0.0,0.0,0.0,0.0,0.0,0.0,0.0,0.0,22.915496385097505,0.0,1479.4516015291215,0.0,0.0,0.0,0.0,0.0,0.0,0.0,0.0,0.0,0.0,0.0,1923.4012779474256,343.78737980127335,0.0,0.0,0.0,0.0,0.0,0.0,0.0
0.0,0.0,0.0,0.0,0.0,0.0,0.0,0.0,0.0,0.0,0.0,0.0,0.0,0.0,0.0,0.0,0.0,0.0,0.0,0.0,0.0,0.0,0.0,0.0,0.0,0.0,0.0,0.0,0.0,0.0,0.0,0.0,0.0,0.0,0.0,0.0,0.0
0.0,0.0,0.0,0.0,0.0,0.0,0.0,0.0,0.0,0.0,0.0,0.0,0.0,0.0,0.0,0.0,0.0,0.0,0.0,0.0,0.0,0.0,0.0,0.0,0.0,0.0,0.0,0.0,0.0,0.0,0.0,0.0,0.0,0.0,0.0,0.0,0.0
0.0,0.0,0.0,0.0,0.0,0.0,0.0,0.0,0.0,0.0,0.0,0.0,0.0,0.0,0.0,0.0,0.0,0.0,0.0,0.0,0.0,0.0,0.0,0.0,0.0,0.0,0.0,0.0,0.0,0.0,0.0,0.0,0.0,0.0,0.0,0.0,0.0
0.0,0.0,0.0,0.0,0.0,0.0,0.0,0.0,0.0,0.0,0.0,0.0,0.0,0.0,0.0,0.0,0.0,0.0,0.0,0.0,0.0,0.0,0.0,0.0,0.0,0.0,0.0,0.0,0.0,0.0,0.0,0.0,0.0,0.0,0.0,0.0,0.0
0.0,0.0,0.0,0.0,0.0,0.0,0.0,0.0,0.0,0.0,0.0,0.0,0.0,0.0,0.0,0.0,0.0,0.0,0.0,0.0,0.0,0.0,0.0,0.0,0.0,0.0,0.0,0.0,0.0,0.0,0.0,0.0,0.0,0.0,0.0,0.0,0.0
0.0,0.0,0.0,0.0,0.0,0.0,0.0,0.0,0.0,0.0,0.0,0.0,0.0,0.0,0.0,0.0,0.0,0.0,0.0,0.0,0.0,0.0,0.0,0.0,0.0,0.0,0.0,0.0,0.0,0.0,0.0,0.0,0.0,0.0,0.0,0.0,0.0
0.0,0.0,0.0,0.0,0.0,0.0,0.0,0.0,0.0,0.0,0.0,0.0,0.0,0.0,0.0,0.0,0.0,0.0,0.0,0.0,0.0,0.0,0.0,0.0,0.0,0.0,0.0,0.0,0.0,0.0,0.0,0.0,0.0,0.0,0.0,0.0,0.0
0.0,0.0,0.0,0.0,0.0,0.0,0.0,0.0,0.0,0.0,0.0,0.0,0.0,0.0,0.0,0.0,0.0,0.0,0.0,0.0,0.0,0.0,0.0,0.0,0.0,0.0,0.0,0.0,0.0,0.0,0.0,0.0,0.0,0.0,0.0,0.0,0.0
0.0,0.0,0.0,0.0,0.0,0.0,0.0,0.0,0.0,0.0,0.0,0.0,0.0,0.0,0.0,0.0,0.0,0.0,0.0,0.0,0.0,0.0,0.0,0.0,0.0,0.0,0.0,0.0,0.0,0.0,0.0,0.0,0.0,0.0,0.0,0.0,0.0
0.0,0.0,0.0,0.464740035124122,0.0,0.4723637956194436,0.0,0.0,0.0,0.0,2.026514686737112,0.0,0.0,6.56315733212969,0.0714496627449972,0.0,0.0,0.0,0.0,0.0,0.0,0.0,0.0,0.0,0.0,0.0,0.0,0.0,0.1660161241889,0.0,0.0,0.8029224574565754,0.4565906636416907,0.0,0.0,0.0,0.0
0.0,0.0,0.0,0.5120091661810827,2.4914520569144845,0.3492748155258364,0.3784624781458462,0.0,0.0,0.0,2.002306793723174,0.0,0.0,7.047889586537947,0.0763227403163901,0.0,1.113067173957779,0.0,0.0,0.0,0.0,13.559052085876198,0.0,0.0,0.0,0.931356439553171,0.0,0.0,0.0,0.0,0.0,0.0,0.0247358009219169,0.0,0.0,0.0,0.0
0.0,0.0,0.0,0.4225937165319876,3.4763341434298507,0.0410442142747342,0.0,0.0,0.0,0.0,1.805032808426692,0.0,0.0,3.2628075219689627,0.0543635554611672,0.0,6.558344757556836,0.0,0.0,0.0,0.0,0.0,0.0,0.0,0.0,0.0,0.0,0.0,0.0,0.0,0.0,0.9505723863839756,0.0,0.0,0.0,0.0,0.0
0.0,0.0,0.0,0.1681880671530956,5.2236067354677775,0.0,0.0,0.0,0.0,0.0,1.6784753677432984,0.0,0.0,1.7901938408612927,0.0316412687301633,0.0032353084534394,14.954947960376538,0.0,0.0,0.0,0.0,0.0,0.0,0.0,0.0,0.0,0.0,0.0,0.0,0.5706021286546826,0.0,1.0474492907524016,0.0,0.0,0.0,0.0,0.0
0.0,0.0,0.0,0.3164447508752316,37.34242759644965,0.4877160275354709,2.4715403482317284,0.0,0.0,0.0,6.899779268540411,0.0,0.0,35.48853297717869,0.2158449869602903,0.1188783533871167,7.631024789810038,0.0,0.0,0.0,0.0,219.3514192581173,0.0,0.0,0.0,1.3567512120119698,0.220950081944463,0.0,0.0,1.2554986551403853,0.0,3.992500007152512,1.7401710171252451,0.0,0.0,0.0,0.0
0.0,0.0,0.0,1.0600079968571607,183.4584924876689,9.781976940110306,80.34837912581847,0.0,0.0,0.0,38.185103242099245,0.0,0.0,143.25738847255704,1.6357887636870136,0.4905167445540427,56.68148417472821,0.0,0.0,0.0,0.0,929.8473815917966,0.0,0.0,0.0,70.39449468851089,3.4532129466533616,0.0,32.953523235022985,11.627577603608351,0.0,52.07957325875756,11.409766383469078,0.0,0.0,0.0,0.0
0.0,0.0,0.0,4.320409312844271,494.4430634975433,67.66095829755064,356.9041755750775,0.0,0.0,0.0,184.04579575806835,0.0,0.0,362.21753355115646,6.174674655497074,1.0769674032926548,250.9950543045996,0.0,0.0,0.0,0.0,1992.6246612548828,0.0,0.0,0.0,307.90847425460817,12.1140998467803,0.0,329.7206284761427,65.376887601614,0.0,219.4372265934944,46.394194021821,0.0,0.0,0.0,0.0
0.0,0.0,0.0,11.090443044900889,1010.2991104125977,202.60013987123963,772.5539963722229,0.0,0.0,0.0,459.6916141211985,0.0,0.0,634.8367416858673,14.199582123756407,1.698423445224762,616.9005357265471,0.0,0.0,0.0,0.0,2766.063940429688,0.0,0.0,0.0,574.7083381175995,30.40815131664276,0.0,1053.4035084068776,219.4927844941616,0.0,388.4075379371643,91.70574977993964,0.0,0.0,0.0,0.0
0.0,0.0,0.0,22.379208147525784,1378.7191398143768,291.64952877163887,1106.0976379573344,0.0,0.0,0.0,944.895770728588,0.0,0.0,950.3493356704712,22.564841920137404,2.3248781114816657,1026.0859568238257,0.0,0.0,0.0,0.0,3245.928973388672,0.0,0.0,0.0,719.483237695694,51.789031052589415,0.0,1707.902884554863,300.074154150486,0.0,477.9755667448044,147.01114106178284,0.0,0.0,0.0,0.0
0.0,0.0,0.0,34.84934592247009,1608.3559756278992,317.0222292840481,1288.7080701112748,0.0,0.0,0.0,1305.9656492769718,0.0,0.0,1097.3781265318394,26.666304767131805,3.7025091648101807,1290.7507409572602,0.0,0.0,0.0,0.0,3440.9915618896484,0.0,0.0,0.0,771.995159816742,63.52495938539505,0.0,2019.180348837376,339.3846087038517,0.0,503.3932245969772,168.38895058631897,0.0,0.0,0.0,0.0
0.0,0.0,0.0,44.1724671125412,1736.0799102783203,332.5541187822819,1376.3526566147805,0.0,0.0,0.0,1539.520553088188,0.0,0.0,1178.7712413072586,29.02850623726845,4.658589243888854,1482.9536998987198,0.0,0.0,0.0,0.0,3515.2987396240237,0.0,0.0,0.0,791.9041189670563,69.01774374246597,0.0,2157.379592740536,355.64470894336694,0.0,504.9832634925842,180.3167279958725,0.0,0.0,0.0,0.0
0.0,0.0,0.0,46.57030296325684,1769.7716400623322,337.6248904168606,1380.393125635385,0.0,0.0,0.0,1600.805309289694,0.0,0.0,1205.8708383142948,29.1509351849556,5.292396366596222,1586.5324388504027,0.0,0.0,0.0,0.0,3470.8424682617188,0.0,0.0,0.0,776.1463701248169,69.86407203674317,0.0,2194.225865197181,354.414392310381,0.0,488.0637540817261,185.59549766778943,0.0,0.0,0.0,0.0
0.0,0.0,0.0,45.696966767311096,1748.1407153606417,331.51944014430046,1348.203375786543,0.0,0.0,0.0,1538.5550853550435,0.0,0.0,0.0,27.683700013160703,5.695049077272414,1598.9480222940444,0.0,0.0,0.0,0.0,3346.68219909668,0.0,0.0,0.0,743.5865289211273,68.36276162862778,0.0,2136.806866776943,345.82361486554146,0.0,471.1103361845017,183.22800362110135,0.0,0.0,0.0,0.0
0.0,0.0,0.0,39.016958355903625,0.0,315.2743361592293,0.0,0.0,0.0,0.0,1431.5995961368085,0.0,0.0,0.0,25.063458180427556,0.0,1607.4562876701357,0.0,0.0,0.0,0.0,3112.534356689453,0.0,0.0,0.0,713.5245739459991,0.0,0.0,0.0,351.38931623101234,0.0,427.1584432125092,0.0,0.0,0.0,0.0,0.0
0.0,0.0,0.0,0.0,0.0,0.0,0.0,0.0,0.0,0.0,1178.6568145811557,0.0,0.0,0.0,0.0,0.0,1528.5562372922898,0.0,0.0,0.0,0.0,0.0,0.0,0.0,0.0,655.047204875946,0.0,0.0,1832.488767004013,0.0,0.0,367.9596800804138,0.0,0.0,0.0,0.0,0.0
0.0,0.0,0.0,0.0,0.0,0.0,0.0,0.0,0.0,0.0,0.0,0.0,0.0,0.0,0.0,0.0,1406.0356224536897,0.0,0.0,0.0,0.0,0.0,0.0,0.0,0.0,0.0,0.0,0.0,0.0,0.0,0.0,0.0,0.0,0.0,0.0,0.0,0.0
0.0,0.0,0.0,0.0,0.0,0.0,0.0,0.0,0.0,0.0,0.0,0.0,0.0,0.0,0.0,0.0,1282.546941924095,0.0,0.0,0.0,0.0,0.0,0.0,0.0,0.0,0.0,0.0,0.0,0.0,0.0,0.0,0.0,0.0,0.0,0.0,0.0,0.0
0.0,0.0,0.0,0.0,0.0,0.0,0.0,0.0,0.0,0.0,0.0,0.0,0.0,0.0,0.0,0.0,0.0,0.0,0.0,0.0,0.0,0.0,0.0,0.0,0.0,0.0,0.0,0.0,0.0,0.0,0.0,0.0,0.0,0.0,0.0,0.0,0.0
0.0,0.0,0.0,0.0,0.0,0.0,0.0,0.0,0.0,0.0,0.0,0.0,0.0,0.0,0.0,0.0,0.0,0.0,0.0,0.0,0.0,0.0,0.0,0.0,0.0,0.0,0.0,0.0,0.0,0.0,0.0,0.0,0.0,0.0,0.0,0.0,0.0
0.0,0.0,0.0,0.0,0.0,0.0,0.0,0.0,0.0,0.0,0.0,0.0,0.0,0.0,0.0,0.0,0.0,0.0,0.0,0.0,0.0,0.0,0.0,0.0,0.0,0.0,0.0,0.0,0.0,0.0,0.0,0.0,0.0,0.0,0.0,0.0,0.0
0.0,0.0,0.0,0.0,0.0,0.0,0.0,0.0,0.0,0.0,0.0,0.0,0.0,0.0,0.0,0.0,0.0,0.0,0.0,0.0,0.0,0.0,0.0,0.0,0.0,0.0,0.0,0.0,0.0,0.0,0.0,0.0,0.0,0.0,0.0,0.0,0.0
0.0,0.0,0.0,0.0,0.0,0.0,0.0,0.0,0.0,0.0,0.0,0.0,0.0,0.0,0.0,0.0,0.0,0.0,0.0,0.0,0.0,0.0,0.0,0.0,0.0,0.0,0.0,0.0,0.0,0.0,0.0,0.0,0.0,0.0,0.0,0.0,0.0
0.0,0.0,0.0,0.0,0.0,0.0,0.0,0.0,0.0,0.0,0.0,0.0,0.0,0.0,0.0,0.0,0.0,0.0,0.0,0.0,0.0,0.0,0.0,0.0,0.0,0.0,0.0,0.0,0.0,0.0,0.0,0.0,0.0,0.0,0.0,0.0,0.0
0.0,0.0,0.0,0.0,0.0,0.0,0.0,0.0,0.0,0.0,0.0,0.0,0.0,0.0,0.0,0.0,0.0,0.0,0.0,0.0,0.0,0.0,0.0,0.0,0.0,0.0,0.0,0.0,0.0,0.0,0.0,0.0,0.0,0.0,0.0,0.0,0.0
0.0,0.0,0.0,0.0,0.0,0.0,0.0,0.0,0.0,0.0,2.1660565343219016,0.0,0.0,10.88636165019123,0.0,0.0,1.9165200233459312,0.0,0.0,0.0,0.0,0.0,0.0,0.0,0.0,0.0,0.0,0.0,0.0,0.0,0.0,0.0,0.0,0.0,0.0,0.0,0.0
0.0,0.0,0.0,0.0,0.0,0.0,0.0,0.0,0.0,0.0,2.1095301293766195,0.0,0.0,4.005769263021636,0.0,0.0,4.4042821526526925,0.0,0.0,0.0,0.0,0.0,0.0,0.0,0.0,0.0,0.0,0.0,0.0,0.0,0.0,0.0,0.0168736539781093,0.0,0.0,0.0,0.0
0.0,0.0,0.0,0.0,0.0,0.1419941107742383,0.0,0.0,0.0,0.0,1.876136077521214,0.0,0.0,0.0,0.13660778850317,0.0,9.918934917449928,0.0,0.0,0.0,0.0,0.0,0.0,0.0,0.0,0.0,0.2312946561723865,0.0,0.0,0.5154933907091334,0.0,1.0866727977991018,0.0,0.0,0.0,0.0,0.0
0.0,0.0,0.0,0.1120685599744288,5.158361509442131,0.0,0.0,0.0,0.0,0.0,1.6522671026176476,0.0,0.0,0.0,0.0396642990410315,0.0,20.887935519218253,0.0,0.0,0.0,0.0,0.0,0.0,0.0,0.0,0.0,0.3381957843899654,0.0,0.0,0.5009634986519683,0.0,1.253640696406364,0.0,0.0,0.0,0.0,0.0
0.0,0.0,0.0,0.2748180236667346,44.14937208592889,0.4657553373835789,1.009737597033345,0.0,0.0,0.0,4.011689056176664,0.0,0.0,22.03320617787537,0.1676878452301022,0.0466400450095528,9.177380418777265,0.0,0.0,0.0,0.0,300.0721927642821,0.0,0.0,0.0,0.0,0.632504637166856,0.0,0.0,1.230603657662835,0.0,5.810017302632303,2.839227229356753,0.0,0.0,0.0,0.0
0.0,0.0,0.0,1.1063784025609469,190.61487770080552,10.373828995972843,67.45431679524471,0.0,0.0,0.0,25.71430247547094,0.0,0.0,84.98033091425884,1.2326791517436484,0.361227560788393,59.59426121711716,0.0,0.0,0.0,0.0,1075.6831352233885,0.0,0.0,0.0,63.39117786884308,3.2389867007732347,0.0,24.413991533219647,15.261323191598024,0.0,48.32110011577602,17.413735337555384,0.0,0.0,0.0,0.0
0.0,0.0,0.0,3.932847321033473,505.3710910081864,71.63754356652495,315.6668667837976,0.0,0.0,0.0,140.4102803181857,0.0,0.0,205.6319072470068,4.76593576669693,1.0941796675324436,251.68574184179303,0.0,0.0,0.0,0.0,2174.9839447021486,0.0,0.0,0.0,290.48824939727785,10.428929470479488,0.0,247.5201646298168,82.31683800518512,0.0,207.18682605028152,60.97707401216029,0.0,0.0,0.0,0.0
0.0,0.0,0.0,8.721152991056442,986.9510782957076,204.0185448825359,672.0754241853953,0.0,0.0,0.0,395.9766770407557,0.0,0.0,383.7565130740404,11.125196868181227,1.9790459126234052,602.1869300484657,0.0,0.0,0.0,0.0,2953.657894897461,0.0,0.0,0.0,583.4482212543487,25.02763087749481,0.0,885.5522728085517,233.7533888280392,0.0,381.7794873714447,116.97737735509872,0.0,0.0,0.0,0.0
0.0,0.0,0.0,18.06636488437653,1438.3489093780518,293.9506361782551,1056.7616661906245,0.0,0.0,0.0,850.8442412436009,0.0,0.0,604.3552830070257,18.27056273818016,0.0,996.054041481018,0.0,0.0,0.0,0.0,3504.030059814453,0.0,0.0,0.0,753.1678517818451,47.70356387495994,0.0,1477.874869930744,309.1065747082233,0.0,477.1220058202744,170.88148802518845,0.0,0.0,0.0,0.0
0.0,0.0,0.0,28.250630855560303,1687.1162729263306,319.39112120866776,1269.763152694702,0.0,0.0,0.0,1185.8224865317345,0.0,0.0,744.7892410308123,22.098633223772048,0.0,1231.3920611858368,0.0,0.0,0.0,0.0,3736.417620849609,0.0,0.0,0.0,804.6210026264191,61.27391564846039,0.0,1793.335744190216,343.7920659184456,0.0,494.7741179466248,189.6531732082367,0.0,0.0,0.0,0.0
0.0,0.0,0.0,36.60750019550324,1783.3287734985352,334.4407479465008,1368.9587751030922,0.0,0.0,0.0,1412.8039641559124,0.0,0.0,850.077995210886,23.85549144744873,0.0,1398.1295483589172,0.0,0.0,0.0,0.0,3818.156494140625,0.0,0.0,0.0,803.7507612228394,69.80789910554886,0.0,1976.9416056275368,359.83653447628024,0.0,494.3699790239334,200.54714214801788,0.0,0.0,0.0,0.0
0.0,0.0,0.0,42.4228789806366,1792.3665261268616,339.02473253011703,1393.3606149792674,0.0,0.0,0.0,1472.335987532139,0.0,0.0,893.7078301608562,25.286940854787822,0.0,1483.9334098339082,0.0,0.0,0.0,0.0,3760.314099121094,0.0,0.0,0.0,768.1442406654357,72.86731914281845,0.0,2048.9463035821914,361.9634927690029,0.0,483.2698117494583,203.68864780664444,0.0,0.0,0.0,0.0
0.0,0.0,0.0,0.0,1741.365869283676,333.6266151666641,1377.9981288969516,0.0,0.0,0.0,1435.080379229784,0.0,0.0,889.8587654531002,25.702723109722136,0.0,1488.33076672554,0.0,0.0,0.0,0.0,3601.2896118164062,0.0,0.0,0.0,718.6998320102691,71.1977474808693,0.0,0.0,354.191028535366,0.0,462.67107009887695,0.0,0.0,0.0,0.0,0.0
0.0,0.0,0.0,0.0,1613.9380724430084,317.54449209570885,0.0,0.0,0.0,0.0,1348.319019430876,0.0,0.0,852.3441325128078,0.0,0.0,1511.165007019043,0.0,0.0,0.0,0.0,0.0,0.0,0.0,0.0,684.8916129589081,64.35664303302765,0.0,0.0,0.0,0.0,416.4666130542755,0.0,0.0,0.0,0.0,0.0
0.0,0.0,0.0,0.0,0.0,0.0,0.0,0.0,0.0,0.0,1108.048968154192,0.0,0.0,0.0,0.0,0.0,1455.3807425022126,0.0,0.0,0.0,0.0,0.0,0.0,0.0,0.0,0.0,0.0,0.0,0.0,0.0,0.0,355.5071921348572,0.0,0.0,0.0,0.0,0.0
0.0,0.0,0.0,0.0,0.0,0.0,0.0,0.0,0.0,0.0,0.0,0.0,0.0,0.0,0.0,0.0,1347.313821554184,0.0,0.0,0.0,0.0,0.0,0.0,0.0,0.0,0.0,0.0,0.0,0.0,0.0,0.0,0.0,0.0,0.0,0.0,0.0,0.0
0.0,0.0,0.0,0.0,0.0,0.0,0.0,0.0,0.0,0.0,0.0,0.0,0.0,0.0,0.0,0.0,1226.0593650579451,0.0,0.0,0.0,0.0,0.0,0.0,0.0,0.0,0.0,0.0,0.0,0.0,0.0,0.0,0.0,0.0,0.0,0.0,0.0,0.0
0.0,0.0,0.0,0.0,0.0,0.0,0.0,0.0,0.0,0.0,0.0,0.0,0.0,0.0,0.0,0.0,0.0,0.0,0.0,0.0,0.0,0.0,0.0,0.0,0.0,0.0,0.0,0.0,0.0,0.0,0.0,0.0,0.0,0.0,0.0,0.0,0.0
0.0,0.0,0.0,0.0,0.0,0.0,0.0,0.0,0.0,0.0,0.0,0.0,0.0,0.0,0.0,0.0,0.0,0.0,0.0,0.0,0.0,0.0,0.0,0.0,0.0,0.0,0.0,0.0,0.0,0.0,0.0,0.0,0.0,0.0,0.0,0.0,0.0
0.0,0.0,0.0,0.0,0.0,0.0,0.0,0.0,0.0,0.0,0.0,0.0,0.0,0.0,0.0,0.0,0.0,0.0,0.0,0.0,0.0,0.0,0.0,0.0,0.0,0.0,0.0,0.0,0.0,0.0,0.0,0.0,0.0,0.0,0.0,0.0,0.0
0.0,0.0,0.0,0.0,0.0,0.0,0.0,0.0,0.0,0.0,0.0,0.0,0.0,0.0,0.0,0.0,0.0,0.0,0.0,0.0,0.0,0.0,0.0,0.0,0.0,0.0,0.0,0.0,0.0,0.0,0.0,0.0,0.0,0.0,0.0,0.0,0.0
0.0,0.0,0.0,0.0,0.0,0.0,0.0,0.0,0.0,0.0,0.0,0.0,0.0,0.0,0.0,0.0,0.0,0.0,0.0,0.0,0.0,0.0,0.0,0.0,0.0,0.0,0.0,0.0,0.0,0.0,0.0,0.0,0.0,0.0,0.0,0.0,0.0
0.0,0.0,0.0,0.0,0.0,0.0,0.0,0.0,0.0,0.0,0.0,0.0,0.0,0.0,0.0,0.0,0.0,0.0,0.0,0.0,0.0,0.0,0.0,0.0,0.0,0.0,0.0,0.0,0.0,0.0,0.0,0.0,0.0,0.0,0.0,0.0,0.0
0.0,0.0,0.0,0.0,0.0,0.0,0.0,0.0,0.0,0.0,0.0,0.0,0.0,0.0,0.0,0.0,0.0,0.0,0.0,0.0,0.0,0.0,0.0,0.0,0.0,0.0,0.0,0.0,0.0,0.0,0.0,0.0,0.0,0.0,0.0,0.0,0.0
0.0,0.0,0.0,0.0,0.0,0.0,0.0,0.0,0.0,0.0,0.0,0.0,0.0,0.0,0.0,0.0,0.0,0.0,0.0,0.0,0.0,0.0,0.0,0.0,0.0,0.0,0.0,0.0,0.0,0.0,0.0,0.0,0.0,0.0,0.0,0.0,0.0
0.0,0.0,0.0,0.0,2.864332031458547,0.0,0.0,0.0,0.0,0.0,0.0,0.0,0.0,0.0,0.0,0.0,0.0,0.0,0.0,0.0,0.0,4.478459262847576,0.0,0.0,0.0,0.0,0.6642357109114498,0.0,0.0,0.0,0.0,0.0,0.0,0.0,0.0,0.0,0.0
0.0,0.0,0.0,0.1412837021052776,3.286277960985895,0.1022489666938555,0.0,0.0,0.0,0.0,1.9449073450173295,0.0,0.0,0.0,0.1366182491183254,0.0,10.236455070972315,0.0,0.0,0.0,0.0,3.2941617965697025,0.0,0.0,0.0,0.0,0.1282913774251932,0.0,0.0,0.5445033848285664,0.0,0.0,0.0,0.0,0.0,0.0,0.0
0.0,0.0,0.0,0.0590723752975452,5.408196255564593,0.0,0.0,0.0,0.0,0.0,1.6970105953513217,0.0,0.0,0.0,0.0912351317703719,0.0,16.300287163257423,0.0,0.0,0.0,0.0,36.9643173694608,0.0,0.0,0.0,0.0,0.0,0.0,0.0,0.5372399032115812,0.0,0.0,0.0,0.0,0.0,0.0,0.0
0.0,0.0,0.0,0.229934647679323,53.937807418405946,0.6580917448736547,0.0,0.0,0.0,0.0,4.055794718395784,0.0,0.0,14.619766520336212,0.3372362416237581,0.0,6.61454355716694,0.0,0.0,0.0,0.0,419.6993503570556,0.0,0.0,0.0,1.3963357517495152,0.2491605617105944,0.0,2.633618532121175,1.612768228352033,0.0,7.571877136826461,1.4729128694161506,0.0,0.0,0.0,0.0
0.0,0.0,0.0,1.9013620540499656,222.37688750028607,9.425124353729156,60.84211734905833,0.0,0.0,0.0,25.63125100918104,0.0,0.0,81.85443395748722,2.38804729655385,0.9367415010929104,55.41477426290509,0.0,0.0,0.0,0.0,1365.5779968261718,0.0,0.0,0.0,82.95553972721099,4.56055082604289,0.0,121.14338937699772,18.09454377628862,0.0,53.0263017863035,13.448338240385038,0.0,0.0,0.0,0.0
0.0,0.0,0.0,6.809227153658861,554.8884102106094,57.14191620796919,314.36109218597414,0.0,0.0,0.0,133.78472579009812,0.0,0.0,258.10393407940865,7.775439056754112,1.5574327558279035,244.60536723136883,0.0,0.0,0.0,0.0,2349.173849487305,0.0,0.0,0.0,332.6493054628372,14.74929119050502,0.0,730.4088204681873,92.25916193425655,0.0,213.2982835173607,51.41898676753043,0.0,0.0,0.0,0.0
0.0,0.0,0.0,16.368356525897976,1035.151479721069,176.3958747535944,676.3096888422966,0.0,0.0,0.0,370.3694389730691,0.0,0.0,508.5638201236724,16.076667335629462,2.320642337203025,579.8076732754706,0.0,0.0,0.0,0.0,3041.654852294922,0.0,0.0,0.0,590.7427984237671,35.75421996116638,0.0,1415.3406506299973,238.8664581358433,0.0,372.0505864620209,98.69623425602911,0.0,0.0,0.0,0.0
0.0,0.0,0.0,31.849733114242557,1413.443442106247,265.3110519051552,1021.7020182967186,0.0,0.0,0.0,755.0043112814425,0.0,0.0,791.4790897071362,23.900166642665862,3.254807233810425,979.4878365516662,0.0,0.0,0.0,0.0,3472.8105285644533,0.0,0.0,0.0,754.453106546402,55.21116070747375,0.0,1930.0860629796985,310.6630450963974,0.0,438.1005144119263,152.02375692129135,0.0,0.0,0.0,0.0
0.0,0.0,0.0,43.1269211769104,1658.9536681175232,292.88689562678337,1235.5397953033448,0.0,0.0,0.0,1031.9483711451292,0.0,0.0,965.1982253789902,27.00369935631752,4.6530400812625885,1223.0669168710708,0.0,0.0,0.0,0.0,3634.130090332031,0.0,0.0,0.0,795.8352521419525,67.76963587999344,0.0,2151.72887904644,342.633751475811,0.0,444.54018449783325,173.34735769033432,0.0,0.0,0.0,0.0
0.0,0.0,0.0,50.508835792541504,1790.320425748825,312.3313117623329,1349.524631369114,0.0,0.0,0.0,1253.9175943493842,0.0,0.0,1056.7902326583862,28.14944216609001,5.51647475361824,1399.1998382568358,0.0,0.0,0.0,0.0,3693.408740234375,0.0,0.0,0.0,800.5968427181244,74.2433891415596,0.0,2258.128112339973,353.97310065627096,0.0,450.05230498313904,187.65045309066767,0.0,0.0,0.0,0.0
0.0,0.0,0.0,54.07229137420654,1812.0792396068573,320.10367035865784,1381.3601545274255,0.0,0.0,0.0,1323.4822636723518,0.0,0.0,1085.1285117864609,28.476026755571365,6.193123519420624,1497.0633370161056,0.0,0.0,0.0,0.0,3621.122314453125,0.0,0.0,0.0,778.2193912029267,75.19433710575103,0.0,2275.091563332081,356.8830388367176,0.0,440.03774750232697,192.37374019622803,0.0,0.0,0.0,0.0
0.0,0.0,0.0,55.10885357856751,1775.2129831314087,318.35809260606766,1360.6386637806893,0.0,0.0,0.0,1297.231549972296,0.0,0.0,1083.7260377407074,27.554574179649357,6.626244127750397,1511.2731146335602,0.0,0.0,0.0,0.0,3447.246929931641,0.0,0.0,0.0,743.8738458633422,72.19054565429687,0.0,2246.068763911724,352.18769001364706,0.0,427.8049291372299,0.0,0.0,0.0,0.0,0.0
0.0,0.0,0.0,0.0,1619.6239688396454,0.0,1305.3326077759266,0.0,0.0,0.0,0.0,0.0,0.0,0.0,25.476729887723923,0.0,1534.4583982467652,0.0,0.0,0.0,0.0,3183.861468505859,0.0,0.0,0.0,0.0,64.81217231750489,0.0,0.0,0.0,0.0,0.0,0.0,0.0,0.0,0.0,0.0
0.0,0.0,0.0,0.0,1436.4894716739657,0.0,1192.7171702086926,0.0,0.0,0.0,0.0,0.0,0.0,0.0,0.0,0.0,1482.7885967731477,0.0,0.0,0.0,0.0,0.0,0.0,0.0,0.0,0.0,55.473025953769685,0.0,0.0,0.0,0.0,0.0,0.0,0.0,0.0,0.0,0.0
0.0,0.0,0.0,0.0,0.0,0.0,0.0,0.0,0.0,0.0,0.0,0.0,0.0,0.0,0.0,0.0,0.0,0.0,0.0,0.0,0.0,0.0,0.0,0.0,0.0,0.0,0.0,0.0,0.0,0.0,0.0,0.0,0.0,0.0,0.0,0.0,0.0
0.0,0.0,0.0,0.0,0.0,0.0,0.0,0.0,0.0,0.0,0.0,0.0,0.0,0.0,0.0,0.0,0.0,0.0,0.0,0.0,0.0,0.0,0.0,0.0,0.0,0.0,0.0,0.0,0.0,0.0,0.0,0.0,0.0,0.0,0.0,0.0,0.0
0.0,0.0,0.0,0.0,0.0,0.0,0.0,0.0,0.0,0.0,0.0,0.0,0.0,0.0,0.0,0.0,0.0,0.0,0.0,0.0,0.0,0.0,0.0,0.0,0.0,0.0,0.0,0.0,0.0,0.0,0.0,0.0,0.0,0.0,0.0,0.0,0.0
0.0,0.0,0.0,0.0,0.0,0.0,0.0,0.0,0.0,0.0,0.0,0.0,0.0,0.0,0.0,0.0,0.0,0.0,0.0,0.0,0.0,0.0,0.0,0.0,0.0,0.0,0.0,0.0,0.0,0.0,0.0,0.0,0.0,0.0,0.0,0.0,0.0
0.0,0.0,0.0,0.0,0.0,0.0,0.0,0.0,0.0,0.0,0.0,0.0,0.0,0.0,0.0,0.0,0.0,0.0,0.0,0.0,0.0,0.0,0.0,0.0,0.0,0.0,0.0,0.0,0.0,0.0,0.0,0.0,0.0,0.0,0.0,0.0,0.0
0.0,0.0,0.0,0.0,0.0,0.0,0.0,0.0,0.0,0.0,0.0,0.0,0.0,0.0,0.0,0.0,0.0,0.0,0.0,0.0,0.0,0.0,0.0,0.0,0.0,0.0,0.0,0.0,0.0,0.0,0.0,0.0,0.0,0.0,0.0,0.0,0.0
0.0,0.0,0.0,0.0,0.0,0.0,0.0,0.0,0.0,0.0,0.0,0.0,0.0,0.0,0.0,0.0,0.0,0.0,0.0,0.0,0.0,0.0,0.0,0.0,0.0,0.0,0.0,0.0,0.0,0.0,0.0,0.0,0.0,0.0,0.0,0.0,0.0
0.0,0.0,0.0,0.0,0.0,0.0,0.0,0.0,0.0,0.0,0.0,0.0,0.0,6.490183887071785,0.0,0.0,0.0,0.0,0.0,0.0,0.0,0.0,0.0,0.0,0.0,0.0,0.0,0.0,0.0,0.0,0.0,0.0,0.0,0.0,0.0,0.0,0.0
0.0,0.0,0.0,0.0,0.0,0.0,0.0,0.0,0.0,0.0,0.0,0.0,0.0,4.478443600237224,0.0,0.0,0.0,0.0,0.0,0.0,0.0,0.0,0.0,0.0,0.0,0.0,0.0,0.0,0.0,0.0,0.0,0.0,0.0,0.0,0.0,0.0,0.0
0.0,0.0,0.0,0.0,0.0,0.0,0.0,0.0,0.0,0.0,1.933353288937251,0.0,0.0,9.352160976268353,0.0,0.0292906910181041,0.0,0.0,0.0,0.0,0.0,0.0,0.0,0.0,0.0,0.0,0.0,0.0,0.0,0.0,0.0,0.0,0.0,0.0,0.0,0.0,0.0
0.0,0.0,0.0,0.0,2.46701367199414,0.4914182112551946,0.0,0.0,0.0,0.0,1.945730591378931,0.0,0.0,8.694853694178061,0.0,0.0,5.38791435956948,0.0,0.0,0.0,0.0,0.0,0.0,0.0,0.0,0.0,0.0190381869673674,0.0,0.0,0.0,0.0,0.9798386394977052,0.0,0.0,0.0,0.0,0.0
0.0,0.0,0.0,0.186120942234989,3.1373577229677374,0.1553062535821994,0.0,0.0,0.0,0.0,1.7927974815480336,0.0,0.0,4.868257455527736,0.1101311869919285,0.0,10.668885529041212,0.0,0.0,0.0,0.0,0.0,0.0,0.0,0.0,0.0,0.0,0.0,0.0,0.4936677999794106,0.0,1.0470501035451352,0.0,0.0,0.0,0.0,0.0
0.0,0.0,0.0,0.0603459905832997,5.312094144523044,0.0,0.0,0.0,0.0,0.0,1.6567531066015022,0.0,0.0,1.874172482639522,0.1122748285531988,0.0,22.85759006738656,0.0,0.0,0.0,0.0,31.219709491729585,0.0,0.0,0.0,0.0,0.0,0.0,0.0,0.5001932181417776,0.0,1.2459260672330303,0.0,0.0,0.0,0.0,0.0
0.0,0.0,0.0,0.1187504064291666,42.22373928874711,0.7499431599862849,0.0,0.0,0.0,0.0,3.205297524761203,0.0,0.0,34.8135058488696,0.3809253931045523,0.1768608894199121,9.795505928993034,0.0,0.0,0.0,0.0,338.30921974182127,0.0,0.0,0.0,5.134886924922415,0.0,0.0,0.6578990250825097,1.0919150911271371,0.0,6.73136380314824,1.455201481468947,0.0,0.0,0.0,0.0
0.0,0.0,0.0,1.1883305832743618,188.8893200159072,15.955810533836472,79.73134968616057,0.0,0.0,0.0,26.909753668401343,0.0,0.0,141.31142614409325,2.5576363585889323,0.6421907730400552,61.30522968769063,0.0,0.0,0.0,0.0,1085.2424598693844,0.0,0.0,0.0,105.9170933425426,0.6017065048217718,0.0,107.34562337771052,17.520664294436546,0.0,53.66928473114964,10.637985818088044,0.0,0.0,0.0,0.0
0.0,0.0,0.0,5.1078328043222365,494.4051003456116,97.00248625129456,370.3551113665103,0.0,0.0,0.0,157.45111976861944,0.0,0.0,361.73892699182034,8.232113948464393,1.327891893684863,253.77312582731244,0.0,0.0,0.0,0.0,2093.578604125976,0.0,0.0,0.0,416.0144481420517,5.795740363001823,0.0,700.9046430110932,90.72945513278243,0.0,221.15172219276428,41.31350722908972,0.0,0.0,0.0,0.0
0.0,0.0,0.0,12.973220258951187,968.545949459076,212.5991147607565,760.6966953635216,0.0,0.0,0.0,424.698664009571,0.0,0.0,637.7894575893879,17.21874997615814,2.325666725635529,601.5307462453841,0.0,0.0,0.0,0.0,2833.4440673828126,0.0,0.0,0.0,666.1628766536712,17.049551358819006,0.0,1336.9771129608157,239.48790756464004,0.0,386.79500102996826,92.86242735385896,0.0,0.0,0.0,0.0
0.0,0.0,0.0,26.341179609298703,1377.702080488205,300.2817154824734,1103.9493396639823,0.0,0.0,0.0,897.7561542987822,0.0,0.0,948.9374838769436,25.106064265966417,3.3225699365139008,981.2533491134644,0.0,0.0,0.0,0.0,3357.3055419921875,0.0,0.0,0.0,806.8750705242157,39.57382417321205,0.0,1849.37556194067,313.0098994374275,0.0,483.58453273773193,144.77592056989667,0.0,0.0,0.0,0.0
0.0,0.0,0.0,40.12495803833008,1615.8726797103882,324.7337228655815,1305.153182482719,0.0,0.0,0.0,1254.4595256686212,0.0,0.0,1091.7872589826584,29.028192418813703,4.786259114742279,1209.2124725580215,0.0,0.0,0.0,0.0,3556.971044921875,0.0,0.0,0.0,839.5479650497437,55.46851900815964,0.0,2067.677713394165,346.3589334607124,0.0,498.8101966381073,162.70097815990448,0.0,0.0,0.0,0.0
0.0,0.0,0.0,50.568909645080566,1739.9505121707916,338.0703467428684,1405.841688609123,0.0,0.0,0.0,1507.8495768666266,0.0,0.0,1158.444199115038,30.949960148334505,5.981913626194,1373.9209195375445,0.0,0.0,0.0,0.0,3668.016796875,0.0,0.0,0.0,833.1427945137024,64.76229740381241,0.0,2178.667042171955,357.6807331323624,0.0,510.4094465970993,172.05233776569366,0.0,0.0,0.0,0.0
0.0,0.0,0.0,53.76022958755493,1778.3544654846191,338.9988376200199,1429.4819456338882,0.0,0.0,0.0,1574.7235761761665,0.0,0.0,1162.3739306628704,30.184119683504104,6.951077997684479,1461.8258929491044,0.0,0.0,0.0,0.0,3633.73381652832,0.0,0.0,0.0,811.765434217453,68.0565234541893,0.0,2212.10651845932,359.3463666200638,0.0,501.6838780641556,175.63626301288605,0.0,0.0,0.0,0.0
0.0,0.0,0.0,55.366092801094055,1731.9170804023745,331.6662666797638,1383.8867963016032,0.0,0.0,0.0,1497.4591694533824,0.0,0.0,1129.7574865818024,28.70037556886673,7.397874116897583,1470.0757786750794,0.0,0.0,0.0,0.0,3488.795654296875,0.0,0.0,0.0,764.4499811172485,67.35558220148087,0.0,2200.1799043893816,352.4573994874954,0.0,480.86051511764526,173.44330579042435,0.0,0.0,0.0,0.0
0.0,0.0,0.0,50.51797103881836,1580.9252650737762,318.14350816607475,1325.8344181358814,0.0,0.0,0.0,1334.6343042910098,0.0,0.0,1052.7215647697449,26.001543134450912,6.610986351966858,1490.3615229129791,0.0,0.0,0.0,0.0,3240.8537353515626,0.0,0.0,0.0,730.2621720790863,61.09267790317536,0.0,0.0,0.0,0.0,434.3298548460007,0.0,0.0,0.0,0.0,0.0
0.0,0.0,0.0,0.0,1388.2292246818542,0.0,0.0,0.0,0.0,0.0,0.0,0.0,0.0,924.8179166018964,0.0,0.0,1436.3728008508683,0.0,0.0,0.0,0.0,0.0,0.0,0.0,0.0,0.0,51.27223657369613,0.0,0.0,0.0,0.0,372.7102410793304,0.0,0.0,0.0,0.0,0.0
0.0,0.0,0.0,0.0,0.0,0.0,0.0,0.0,0.0,0.0,0.0,0.0,0.0,0.0,0.0,0.0,0.0,0.0,0.0,0.0,0.0,0.0,0.0,0.0,0.0,0.0,0.0,0.0,0.0,0.0,0.0,0.0,0.0,0.0,0.0,0.0,0.0
0.0,0.0,0.0,0.0,0.0,0.0,0.0,0.0,0.0,0.0,0.0,0.0,0.0,0.0,0.0,0.0,0.0,0.0,0.0,0.0,0.0,0.0,0.0,0.0,0.0,0.0,0.0,0.0,0.0,0.0,0.0,0.0,0.0,0.0,0.0,0.0,0.0
0.0,0.0,0.0,0.0,0.0,0.0,0.0,0.0,0.0,0.0,0.0,0.0,0.0,0.0,0.0,0.0,0.0,0.0,0.0,0.0,0.0,0.0,0.0,0.0,0.0,0.0,0.0,0.0,0.0,0.0,0.0,0.0,0.0,0.0,0.0,0.0,0.0
0.0,0.0,0.0,0.0,0.0,0.0,0.0,0.0,0.0,0.0,0.0,0.0,0.0,0.0,0.0,0.0,0.0,0.0,0.0,0.0,0.0,0.0,0.0,0.0,0.0,0.0,0.0,0.0,0.0,0.0,0.0,0.0,0.0,0.0,0.0,0.0,0.0
0.0,0.0,0.0,0.0,0.0,0.0,0.0,0.0,0.0,0.0,0.0,0.0,0.0,0.0,0.0,0.0,0.0,0.0,0.0,0.0,0.0,0.0,0.0,0.0,0.0,0.0,0.0,0.0,0.0,0.0,0.0,0.0,0.0,0.0,0.0,0.0,0.0
0.0,0.0,0.0,0.0,0.0,0.0,0.0,0.0,0.0,0.0,0.0,0.0,0.0,0.0,0.0,0.0,0.0,0.0,0.0,0.0,0.0,0.0,0.0,0.0,0.0,0.0,0.0,0.0,0.0,0.0,0.0,0.0,0.0,0.0,0.0,0.0,0.0
0.0,0.0,0.0,0.0,0.0,0.0,0.0,0.0,0.0,0.0,0.0,0.0,0.0,0.0,0.0,0.0,0.0,0.0,0.0,0.0,0.0,0.0,0.0,0.0,0.0,0.0,0.0,0.0,0.0,0.0,0.0,0.0,0.0,0.0,0.0,0.0,0.0
0.0,0.0,0.0,0.0,0.0,0.0,0.0,0.0,0.0,0.0,0.0,0.0,0.0,0.0,0.0,0.0,0.0,0.0,0.0,0.0,0.0,0.0,0.0,0.0,0.0,0.0,0.0,0.0,0.0,0.0,0.0,0.0,0.0,0.0,0.0,0.0,0.0
0.0,0.0,0.0,0.0,0.0,0.0,0.0,0.0,0.0,0.0,0.0,0.0,0.0,0.0,0.0,0.0,0.0,0.0,0.0,0.0,0.0,12.186658668518035,0.0,0.0,0.0,0.0,0.0,0.0,0.0,0.0,0.0,0.0,0.0,0.0,0.0,0.0,0.0
0.0,0.0,0.0,0.2523348480463012,0.0,0.0,0.0,0.0,0.0,0.0,0.0,0.0,0.0,4.058701186440885,0.0,0.0,0.0,0.0,0.0,0.0,0.0,0.0,0.0,0.0,0.0,0.0,0.0,0.0,0.258105494081974,0.0,0.0,0.0,0.0,0.0,0.0,0.0,0.0
0.0,0.0,0.0,0.3073579501360602,3.251022521406347,0.0,0.0,0.0,0.0,0.0,0.0,0.0,0.0,2.32023859862223,0.0,0.0,0.0,0.0,0.0,0.0,0.0,11.916401767730513,0.0,0.0,0.0,2.194489049538922,1.1561695558950285,0.0,0.0,0.5164891906082527,0.0,0.0,0.0,0.0,0.0,0.0,0.0
0.0,0.0,0.0,0.3478659261017988,3.734118606895169,0.0,0.0,0.0,0.0,0.0,1.8271301393396624,0.0,0.0,0.0,0.1092477880418289,0.0,7.42112196683881,0.0,0.0,0.0,0.0,0.3568314552307129,0.0,0.0,0.0,0.5439946677535429,1.0337143437936878,0.0,0.0,0.424737945198976,0.0,1.1374637633561608,0.0,0.0,0.0,0.0,0.0
0.0,0.0,0.0,0.195371268317101,6.171481449156815,0.0,0.0,0.0,0.0,0.0,1.599770048912546,0.0,0.0,0.0,0.0280208498239484,0.0,17.37204791307449,0.0,0.0,0.0,0.0,50.69068751335141,0.0,0.0,0.0,0.0,0.6682158706709648,0.0,0.0,0.4595499381422878,0.0,1.312626212835284,0.0,0.0,0.0,0.0,0.0
0.0,0.0,0.0,0.4194774385541648,39.6703823059796,0.6963565144687525,0.0,0.0,0.0,0.0,3.2478160273282577,0.0,0.0,32.725656717084284,0.1729040309786778,0.0,9.736549282073916,0.0,0.0,0.0,0.0,482.1321319580074,0.0,0.0,0.0,4.48655514456326,1.412829042226073,0.0,0.0,1.0434811413288032,0.0,6.661474645137738,1.4141435120254668,0.0,0.0,0.0,0.0
0.0,0.0,0.0,1.3085988536477062,180.7021595537661,8.966463586315493,62.93560320995748,0.0,0.0,0.0,25.49938961574797,0.0,0.0,145.08820025250304,1.234297670423984,0.0,64.20948804616918,0.0,0.0,0.0,0.0,1512.3755767822263,0.0,0.0,0.0,74.54589341878884,6.43589930832386,0.0,40.30840078890309,16.19663849771022,0.0,55.64926673471928,10.048724289983488,0.0,0.0,0.0,0.0
0.0,0.0,0.0,4.836745664477346,476.232448518276,58.54928993433714,308.18769252598275,0.0,0.0,0.0,151.723698414117,0.0,0.0,360.39333399385214,5.261118274927139,0.0,264.864452278614,0.0,0.0,0.0,0.0,2426.5795135498047,0.0,0.0,0.0,319.87858688831324,17.568549558520314,0.0,399.03757348656654,86.156232380867,0.0,228.71345818042752,41.23447753489017,0.0,0.0,0.0,0.0
0.0,0.0,0.0,12.001055628061293,947.8915984630584,172.8992634862661,694.6524118185043,0.0,0.0,0.0,410.37247360944735,0.0,0.0,640.9248574823141,12.678646337985992,0.0,638.6109838843346,0.0,0.0,0.0,0.0,3204.7330657958983,0.0,0.0,0.0,606.4521496772766,41.16729283928871,0.0,1084.3798591256138,236.274004393816,0.0,391.5400720834732,100.31726640462874,0.0,0.0,0.0,0.0
0.0,0.0,0.0,24.075699508190155,1364.373230457306,262.66322416067123,1030.84228181839,0.0,0.0,0.0,883.6997768014669,0.0,0.0,935.892945677042,20.26203373074532,4.558856964111328,1047.036955118179,0.0,0.0,0.0,0.0,3763.755624389648,0.0,0.0,0.0,747.9629845142365,60.45357545614242,0.0,1674.8848594903943,310.62848498225213,0.0,472.9234893321991,158.19606292247772,0.0,0.0,0.0,0.0
0.0,0.0,0.0,36.170305490493774,1605.4760732650757,287.02447959780693,1234.0321332514286,0.0,0.0,0.0,1234.2941473603248,0.0,0.0,1079.174643456936,24.29216773509979,0.0,1295.8897749185562,0.0,0.0,0.0,0.0,3996.518273925781,0.0,0.0,0.0,794.0108407020568,71.31753858327866,0.0,1930.1580065727237,348.8122095227242,0.0,484.4910554885864,180.41234427690503,0.0,0.0,0.0,0.0
0.0,0.0,0.0,45.31091392040253,1712.5213150978088,304.76044377684593,1322.6934328615666,0.0,0.0,0.0,1484.4967581689357,0.0,0.0,1151.5756817162037,26.63389150500297,7.588274359703064,1478.0996434926988,0.0,0.0,0.0,0.0,4077.277191162109,0.0,0.0,0.0,801.3757801055908,76.79373503923416,0.0,2064.315528535843,360.08325854539873,0.0,491.1922335624695,193.2480135560036,0.0,0.0,0.0,0.0
0.0,0.0,0.0,49.12652373313904,1747.9596021175385,311.7778047323227,1349.7548288524151,0.0,0.0,0.0,1566.2879730761051,0.0,0.0,1179.576999247074,27.29153573513031,0.0,1578.1197788476943,0.0,0.0,0.0,0.0,4024.069488525391,0.0,0.0,0.0,780.1819430351258,77.93310259580612,0.0,2085.797445583344,360.65847942829134,0.0,477.0847961902618,196.7222813367844,0.0,0.0,0.0,0.0
0.0,0.0,0.0,48.33779573440552,1698.1828470230105,309.6377620697021,1327.0363590717316,0.0,0.0,0.0,1533.913950818777,0.0,0.0,1171.5152317285538,26.51201069355011,8.682096719741821,1583.7782686710357,0.0,0.0,0.0,0.0,3859.321710205078,0.0,0.0,0.0,728.4271013259888,74.11595379114151,0.0,2031.484902393818,352.7230320394039,0.0,457.32393503189087,192.48872423172,0.0,0.0,0.0,0.0
0.0,0.0,0.0,42.22938692569733,1547.4952414035797,0.0,0.0,0.0,0.0,0.0,1469.4732177078724,0.0,0.0,0.0,24.65868676900864,0.0,1586.3081339359285,0.0,0.0,0.0,0.0,3560.419631958008,0.0,0.0,0.0,696.9804584980011,66.9744175195694,0.0,1867.534407567978,356.5506994068622,0.0,412.9058990478516,0.0,0.0,0.0,0.0,0.0
0.0,0.0,0.0,32.287378668785095,1348.8951110839844,0.0,0.0,0.0,0.0,0.0,0.0,0.0,0.0,0.0,0.0,0.0,1507.1423496484756,0.0,0.0,0.0,0.0,3185.1393768310545,0.0,0.0,0.0,636.5769299983979,0.0,0.0,1648.6344017148017,0.0,0.0,0.0,168.96119874715805,0.0,0.0,0.0,0.0
0.0,0.0,0.0,0.0,0.0,0.0,0.0,0.0,0.0,0.0,0.0,0.0,0.0,0.0,0.0,0.0,1387.2486763000488,0.0,0.0,0.0,0.0,2701.136962890625,0.0,0.0,0.0,0.0,0.0,0.0,0.0,0.0,0.0,0.0,0.0,0.0,0.0,0.0,0.0
0.0,0.0,0.0,0.0,0.0,0.0,0.0,0.0,0.0,0.0,0.0,0.0,0.0,0.0,0.0,0.0,1261.684010887146,0.0,0.0,0.0,0.0,0.0,0.0,0.0,0.0,0.0,0.0,0.0,0.0,0.0,0.0,0.0,0.0,0.0,0.0,0.0,0.0
0.0,0.0,0.0,0.0,0.0,0.0,0.0,0.0,0.0,0.0,0.0,0.0,0.0,0.0,0.0,0.0,0.0,0.0,0.0,0.0,0.0,0.0,0.0,0.0,0.0,0.0,0.0,0.0,0.0,0.0,0.0,0.0,0.0,0.0,0.0,0.0,0.0
0.0,0.0,0.0,0.0,0.0,0.0,0.0,0.0,0.0,0.0,0.0,0.0,0.0,0.0,0.0,0.0,0.0,0.0,0.0,0.0,0.0,0.0,0.0,0.0,0.0,0.0,0.0,0.0,0.0,0.0,0.0,0.0,0.0,0.0,0.0,0.0,0.0
0.0,0.0,0.0,0.0,0.0,0.0,0.0,0.0,0.0,0.0,0.0,0.0,0.0,0.0,0.0,0.0,0.0,0.0,0.0,0.0,0.0,0.0,0.0,0.0,0.0,0.0,0.0,0.0,0.0,0.0,0.0,0.0,0.0,0.0,0.0,0.0,0.0
0.0,0.0,0.0,0.0,0.0,0.0,0.0,0.0,0.0,0.0,0.0,0.0,0.0,0.0,0.0,0.0,0.0,0.0,0.0,0.0,0.0,0.0,0.0,0.0,0.0,0.0,0.0,0.0,0.0,0.0,0.0,0.0,0.0,0.0,0.0,0.0,0.0
0.0,0.0,0.0,0.0,0.0,0.0,0.0,0.0,0.0,0.0,0.0,0.0,0.0,0.0,0.0,0.0,0.0,0.0,0.0,0.0,0.0,0.0,0.0,0.0,0.0,0.0,0.0,0.0,0.0,0.0,0.0,0.0,0.0,0.0,0.0,0.0,0.0
0.0,0.0,0.0,0.0,0.0,0.0,0.0,0.0,0.0,0.0,0.0,0.0,0.0,2.2981769917531847,0.0,0.0,0.0,0.0,0.0,0.0,0.0,0.0,0.0,0.0,0.0,0.0,0.0,0.0,0.0,0.0,0.0,0.0,0.0,0.0,0.0,0.0,0.0
0.0,0.0,0.0,0.0,0.0,0.0,0.0,0.0,0.0,0.0,0.0,0.0,0.0,0.4949180362744962,0.0,0.0,0.0,0.0,0.0,0.0,0.0,0.0,0.0,0.0,0.0,0.0,0.0,0.0,0.0954666346311569,0.0,0.0,0.0,0.0,0.0,0.0,0.0,0.0
0.0,0.0,0.0,0.3234408870339388,0.0,0.0,0.0,0.0,0.0,0.0,2.2773357091935136,0.0,0.0,2.0331105124204454,0.0957943908870191,0.0,0.0,0.0,0.0,0.0,0.0,0.0,0.0,0.0,0.0,0.0,0.0,0.0,0.2062291368842125,0.0,0.0,0.0,0.0,0.0,0.0,0.0,0.0
0.0,0.0,0.0,0.0,2.5207915194332284,0.0,0.0,0.0,0.0,0.0,0.0,0.0,0.0,0.636050864122765,0.0,0.0,0.0,0.0,0.0,0.0,0.0,0.0,0.0,0.0,0.0,0.7016361271962119,1.1632957978174034,0.0,0.0,0.0,0.0,0.0,0.0,0.0,0.0,0.0,0.0
0.0,0.0,0.0,0.2705444227904058,3.0929031558333064,0.0507356771267683,0.0,0.0,0.0,0.0,1.922306742518964,0.0,0.0,0.0,0.088593826442954,0.0,10.787411677837284,0.0,0.0,0.0,0.0,0.0,0.0,0.0,0.0,0.0,0.383848546072833,0.0,0.0,0.0,0.0,1.2843960523605302,0.0,0.0,0.0,0.0,0.0
0.0,0.0,0.0,0.0976618733257046,6.175801176577713,0.0,0.8601409655063899,0.0,0.0,0.0,1.6943321309982686,0.0,0.0,0.0,0.050686910748479,0.0,19.205648660659676,0.0,0.0,0.0,0.0,38.86244750022877,0.0,0.0,0.0,0.0,0.0,0.0,0.0,0.5997907809913026,0.0,1.46322743594643,0.0,0.0,0.0,0.0,0.0
0.0,0.0,0.0,0.222413809970021,31.06423390284164,0.8031680285930572,1.7203215967863068,0.0,0.0,0.0,4.285679642902672,0.0,0.0,34.94485691189758,0.2742433324456211,0.142297031357884,6.706287944316792,0.0,0.0,0.0,0.0,402.7352870941159,0.0,0.0,0.0,2.016867476329164,0.3326413031667395,0.0,4.399888719618088,1.0794588059186805,0.0,4.49487486481665,2.178421310149123,0.0,0.0,0.0,0.0
0.0,0.0,0.0,0.7548438962548946,161.85533070564256,10.443398280069218,61.95251534618431,0.0,0.0,0.0,29.277870035916507,0.0,0.0,126.78587526082993,1.819334901496768,0.4976086057722559,36.68966517448409,0.0,0.0,0.0,0.0,1164.397473144531,0.0,0.0,0.0,86.90859717130655,4.09858268201351,0.0,146.08014025762665,12.876688495278325,0.0,45.14684417843819,14.026968460530014,0.0,0.0,0.0,0.0
0.0,0.0,0.0,3.692520037293429,447.3172967433929,72.85057239979503,287.33691402375695,0.0,0.0,0.0,164.15655356273035,0.0,0.0,317.557011283934,6.505853547155854,1.055274315178394,205.1711537003516,0.0,0.0,0.0,0.0,2184.5379730224604,0.0,0.0,0.0,360.5986706972122,13.117198878526686,0.0,770.2368249833584,71.55021435022354,0.0,206.4684146642685,55.08563537895678,0.0,0.0,0.0,0.0
0.0,0.0,0.0,9.78057086467743,934.6147743463516,201.56229422986505,619.9308436602354,0.0,0.0,0.0,432.2434573322534,0.0,0.0,562.8944846987724,14.725915297865866,1.768271684646606,528.8169150948524,0.0,0.0,0.0,0.0,2887.081723022461,0.0,0.0,0.0,635.0413428783417,32.13166584968567,0.0,1410.501894211769,219.80309917330743,0.0,375.188502907753,99.17478719353674,0.0,0.0,0.0,0.0
0.0,0.0,0.0,19.954596638679504,1398.2707936763763,289.3657467365265,967.6876612067224,0.0,0.0,0.0,902.4225816756484,0.0,0.0,835.0861631333828,23.13271733522415,2.62125252187252,909.3230530261992,0.0,0.0,0.0,0.0,3319.281182861328,0.0,0.0,0.0,780.6281268119812,53.605371105670926,0.0,1903.9362948179248,297.89752301573753,0.0,464.53926622867584,152.1917970776558,0.0,0.0,0.0,0.0
0.0,0.0,0.0,31.94774854183197,1666.1152086257937,315.94118997454643,1202.2098471283912,0.0,0.0,0.0,1240.612475246191,0.0,0.0,990.0625497102736,26.78794080018997,3.694812089204788,1144.147377705574,0.0,0.0,0.0,0.0,3454.994775390625,0.0,0.0,0.0,806.7188954353333,66.12194924354553,0.0,2131.6674552559853,328.9852243363857,0.0,478.5984064340592,172.99107134342194,0.0,0.0,0.0,0.0
0.0,0.0,0.0,40.95053374767304,1805.9855861663816,332.37618109583855,1350.7955680847167,0.0,0.0,0.0,1495.397090947628,0.0,0.0,1066.3014540076256,28.46170198917389,4.3469981253147125,1323.819536471367,0.0,0.0,0.0,0.0,3515.3231842041014,0.0,0.0,0.0,798.3907417297363,72.89638601541519,0.0,2247.885575258732,346.49368276000024,0.0,484.9231106042862,184.08510971069336,0.0,0.0,0.0,0.0
0.0,0.0,0.0,45.25137591362,1833.6830477714536,339.21573743224144,1400.8307454407216,0.0,0.0,0.0,1600.5358354330062,0.0,0.0,1078.6551344394684,28.892037051916123,5.06322094798088,1418.195400238037,0.0,0.0,0.0,0.0,3488.9436798095703,0.0,0.0,0.0,764.3046806812287,74.55558584928512,0.0,2272.393521511555,351.78379357457163,0.0,477.7732999324799,187.526125729084,0.0,0.0,0.0,0.0
0.0,0.0,0.0,45.11854898929596,1796.6350474357605,335.9183280169964,1388.3069687724114,0.0,0.0,0.0,1577.3578289151192,0.0,0.0,1052.6574683189392,27.525945568084715,5.606867641210555,1433.6702330589294,0.0,0.0,0.0,0.0,3372.978863525391,0.0,0.0,0.0,733.5324816703796,71.94735203981399,0.0,2212.6267743110657,348.49671668410303,0.0,462.3445439338684,0.0,0.0,0.0,0.0,0.0
0.0,0.0,0.0,39.578033208847046,1643.361533164978,322.0531073212624,0.0,0.0,0.0,0.0,1477.7578774750232,0.0,0.0,989.2312988638878,25.11244105696678,0.0,1459.8505388498306,0.0,0.0,0.0,0.0,0.0,0.0,0.0,0.0,695.1206236839295,64.71058459281922,0.0,2068.433749449253,0.0,0.0,419.4424864053726,0.0,0.0,0.0,0.0,0.0
0.0,0.0,0.0,29.975427806377407,0.0,0.0,0.0,0.0,0.0,0.0,1255.8580231070518,0.0,0.0,852.7597579360008,21.27511083483696,0.0,1409.8546894073486,0.0,0.0,0.0,0.0,0.0,0.0,0.0,0.0,634.416696357727,54.81772776842117,0.0,1895.4969029426572,0.0,0.0,360.49349784851074,0.0,0.0,0.0,0.0,0.0
0.0,0.0,0.0,0.0,0.0,0.0,0.0,0.0,0.0,0.0,0.0,0.0,0.0,0.0,0.0,0.0,0.0,0.0,0.0,0.0,0.0,0.0,0.0,0.0,0.0,0.0,0.0,0.0,0.0,0.0,0.0,0.0,0.0,0.0,0.0,0.0,0.0
0.0,0.0,0.0,0.0,0.0,0.0,0.0,0.0,0.0,0.0,0.0,0.0,0.0,0.0,0.0,0.0,0.0,0.0,0.0,0.0,0.0,0.0,0.0,0.0,0.0,0.0,0.0,0.0,0.0,0.0,0.0,0.0,0.0,0.0,0.0,0.0,0.0
0.0,0.0,0.0,0.0,0.0,0.0,0.0,0.0,0.0,0.0,0.0,0.0,0.0,0.0,0.0,0.0,0.0,0.0,0.0,0.0,0.0,0.0,0.0,0.0,0.0,0.0,0.0,0.0,0.0,0.0,0.0,0.0,0.0,0.0,0.0,0.0,0.0
0.0,0.0,0.0,0.0,0.0,0.0,0.0,0.0,0.0,0.0,0.0,0.0,0.0,0.0,0.0,0.0,0.0,0.0,0.0,0.0,0.0,0.0,0.0,0.0,0.0,0.0,0.0,0.0,0.0,0.0,0.0,0.0,0.0,0.0,0.0,0.0,0.0
0.0,0.0,0.0,0.0,0.0,0.0,0.0,0.0,0.0,0.0,0.0,0.0,0.0,0.0,0.0,0.0,0.0,0.0,0.0,0.0,0.0,0.0,0.0,0.0,0.0,0.0,0.0,0.0,0.0,0.0,0.0,0.0,0.0,0.0,0.0,0.0,0.0
0.0,0.0,0.0,0.0,0.0,0.0,0.0,0.0,0.0,0.0,0.0,0.0,0.0,0.0,0.0,0.0,0.0,0.0,0.0,0.0,0.0,0.0,0.0,0.0,0.0,0.0,0.0,0.0,0.0,0.0,0.0,0.0,0.0,0.0,0.0,0.0,0.0
0.0,0.0,0.0,0.0,0.0,0.0,0.0,0.0,0.0,0.0,0.0,0.0,0.0,0.0,0.0,0.0,0.0,0.0,0.0,0.0,0.0,0.0,0.0,0.0,0.0,0.0,0.0,0.0,0.0,0.0,0.0,0.0,0.0,0.0,0.0,0.0,0.0
0.0,0.0,0.0,0.0,0.0,0.0,0.0,0.0,0.0,0.0,0.0,0.0,0.0,0.0,0.0,0.0,0.0,0.0,0.0,0.0,0.0,0.0,0.0,0.0,0.0,0.0,0.0,0.0,0.0,0.0,0.0,0.0,0.0,0.0,0.0,0.0,0.0
0.0,0.0,0.0,0.0,0.0,0.0,0.0,0.0,0.0,0.0,0.0,0.0,0.0,0.0,0.0,0.0,0.0,0.0,0.0,0.0,0.0,0.0,0.0,0.0,0.0,0.0,0.0,0.0,0.0533686369657516,0.0,0.0,0.0,0.0,0.0,0.0,0.0,0.0
0.0,0.0,0.0,0.3337608836591222,0.0,0.0,0.0,0.0,0.0,0.0,0.0,0.0,0.0,2.082887119613505,0.0621109485626186,0.0,2.295754671096665,0.0,0.0,0.0,0.0,0.0,0.0,0.0,0.0,1.5199564889073036,0.0,0.0,0.0275089994072914,0.0,0.0,0.0,0.0,0.0,0.0,0.0,0.0
0.0,0.0,0.0,0.3704865276813496,0.0,0.0,0.0,0.0,0.0,0.0,0.0,0.0,0.0,1.0345311695709511,0.0,0.0,4.112195479869704,0.0,0.0,0.0,0.0,0.0,0.0,0.0,0.0,0.0,1.698829494416708,0.0,0.0,0.0,0.0,0.0,0.0,0.0,0.0,0.0,0.0
0.0,0.0,0.0,0.342076366767282,3.340469650924094,0.2176379202864724,0.0,0.0,0.0,0.0,1.7962811804374923,0.0,0.0,1.5706475637852222,0.0542871929705133,0.0,8.863598680496015,0.0,0.0,0.0,0.0,8.343868827819417,0.0,0.0,0.0,0.0,0.8229774139821495,0.0,0.0,0.5091114848851862,0.0,1.142671138048167,0.0,0.0,0.0,0.0,0.0
0.0,0.0,0.0,0.1264730524271694,5.812071062624263,0.0,0.181074256077332,0.0,0.0,0.0,1.6301761288193857,0.0,0.0,1.6653753351419307,0.0331460282206532,0.0,17.26528857946388,0.0,0.0,0.0,0.0,1.693262481689093,0.0,0.0,0.0,0.0,0.0,0.0,0.0,0.5570768229662992,0.0,1.3181610107421575,0.0,0.0,0.0,0.0,0.0
0.0,0.0,0.0,0.2715602777898282,30.528457637876123,0.7981310128233897,1.3831738550215031,0.0,0.0,0.0,2.465467103943194,0.0,0.0,37.61911971494554,0.1917439911514506,0.0413483902811993,6.788471794128348,0.0,0.0,0.0,0.0,117.88060083389249,0.0,0.0,0.0,0.0,0.0,0.0,0.7563109487294833,1.1179728314280186,0.0,4.577390000224092,1.2750070877373096,0.0,0.0,0.0,0.0
0.0,0.0,0.0,1.0997451171278916,156.67339199781404,13.56089395843442,69.58753642812366,0.0,0.0,0.0,19.15286792591211,0.0,0.0,131.9670240022241,1.4852269068360304,0.2928574159741399,46.75954626798613,0.0,0.0,0.0,0.0,462.0693447113037,0.0,0.0,0.0,76.41002156734463,2.180341942235826,0.0,118.45306421369295,13.323319394141404,0.0,46.69482488930224,7.244986418634644,0.0,0.0,0.0,0.0
0.0,0.0,0.0,4.519957348704336,417.8035001158714,86.5496584847569,296.2182167097926,0.0,0.0,0.0,124.5273172743618,0.0,0.0,298.27627081423987,5.925751242041586,0.6976668536663047,225.357186436653,0.0,0.0,0.0,0.0,1028.4662559509277,0.0,0.0,0.0,310.71157753467554,8.025858995318403,0.0,691.5488342761994,74.8712948784232,0.0,199.72762286663053,23.90133275091646,0.0,0.0,0.0,0.0
0.0,0.0,0.0,11.50942638516426,842.5207082033157,212.87940786778924,620.4008490771055,0.0,0.0,0.0,378.79195489287366,0.0,0.0,534.0502168983221,14.19110693335533,1.2108492329716678,559.2768483400343,0.0,0.0,0.0,0.0,1782.093814086914,0.0,0.0,0.0,566.3016392707825,22.32227385342121,0.0,1332.4079093933103,226.3215584516525,0.0,368.1897554397583,57.77971796691417,0.0,0.0,0.0,0.0
0.0,0.0,0.0,23.025099992752075,1225.599496126175,298.9558055996895,880.8596909821033,0.0,0.0,0.0,809.6992314636706,0.0,0.0,795.9021089971066,22.182299315929413,1.6427024602890004,944.9839798688888,0.0,0.0,0.0,0.0,2517.523129272461,0.0,0.0,0.0,731.9601253032685,41.45810789465904,0.0,1837.396953701973,302.8927833378315,0.0,462.3868129253388,103.51315546035768,0.0,0.0,0.0,0.0
0.0,0.0,0.0,35.465487241744995,1440.6724812984469,323.71463972330093,1037.4803830146789,0.0,0.0,0.0,1121.4038592278955,0.0,0.0,931.8249151110648,26.452071368694305,2.446096882224082,1174.5391001939774,0.0,0.0,0.0,0.0,2753.894613647461,0.0,0.0,0.0,776.8913376808166,52.411949467659,0.0,2079.162298488617,341.8662826359272,0.0,478.3042458295822,121.910836905241,0.0,0.0,0.0,0.0
0.0,0.0,0.0,44.50801742076874,1531.2244362831116,338.14276200532913,1115.2165046274663,0.0,0.0,0.0,1355.4072532474995,0.0,0.0,1006.96598559618,28.361736166477204,3.247899159789085,1339.6919895887374,0.0,0.0,0.0,0.0,2875.746499633789,0.0,0.0,0.0,760.630663061142,58.52315700054169,0.0,2185.5122080087663,357.24237030148504,0.0,471.4138261079788,134.40638291835782,0.0,0.0,0.0,0.0
0.0,0.0,0.0,48.93158304691315,1557.3236618041992,340.9036171734333,1156.2749774456024,0.0,0.0,0.0,1414.9185270011426,0.0,0.0,1005.0166887044908,28.538652366399766,3.952063024044036,1417.996835231781,0.0,0.0,0.0,0.0,2931.6268096923827,0.0,0.0,0.0,723.8077964305878,61.29355890750885,0.0,2180.843414402008,358.86793748736386,0.0,451.8751103878021,143.2914144992828,0.0,0.0,0.0,0.0
0.0,0.0,0.0,49.37316429615021,1541.2166910171509,334.1568620204925,1143.6643440663815,0.0,0.0,0.0,1338.9298830211162,0.0,0.0,957.483798712492,27.42315747141838,4.470047503709793,1421.2020666599274,0.0,0.0,0.0,0.0,2892.688766479492,0.0,0.0,0.0,663.643994808197,61.50136421918869,0.0,2118.1565113186834,351.3478909552097,0.0,427.6578847169876,0.0,0.0,0.0,0.0,0.0
0.0,0.0,0.0,43.67499899864197,1430.074581861496,322.0847507417202,1113.715823751688,0.0,0.0,0.0,1217.9688054144383,0.0,0.0,857.9808872938156,24.830159264802933,0.0,1445.4293262720107,0.0,0.0,0.0,0.0,0.0,0.0,0.0,0.0,628.3264062404633,55.70715299844742,0.0,1973.474332857132,354.39555411934845,0.0,380.8513277769089,0.0,0.0,0.0,0.0,0.0
0.0,0.0,0.0,33.980518221855164,0.0,0.0,0.0,0.0,0.0,0.0,926.5556133061648,0.0,0.0,683.7452471256255,20.5320891559124,0.0,1390.3527866601944,0.0,0.0,0.0,0.0,0.0,0.0,0.0,0.0,571.739019536972,0.0,0.0,0.0,343.59126579761505,0.0,320.03830540180206,0.0,0.0,0.0,0.0,0.0
0.0,0.0,0.0,0.0,0.0,0.0,0.0,0.0,0.0,0.0,0.0,0.0,0.0,0.0,0.0,0.0,1286.778705406189,0.0,0.0,0.0,0.0,0.0,0.0,0.0,0.0,0.0,0.0,0.0,0.0,325.3885825455189,0.0,0.0,0.0,0.0,0.0,0.0,0.0
0.0,0.0,0.0,0.0,0.0,0.0,0.0,0.0,0.0,0.0,0.0,0.0,0.0,0.0,0.0,0.0,1159.9369728326797,0.0,0.0,0.0,0.0,0.0,0.0,0.0,0.0,0.0,0.0,0.0,0.0,0.0,0.0,0.0,0.0,0.0,0.0,0.0,0.0
0.0,0.0,0.0,0.0,0.0,0.0,0.0,0.0,0.0,0.0,0.0,0.0,0.0,0.0,0.0,0.0,0.0,0.0,0.0,0.0,0.0,0.0,0.0,0.0,0.0,0.0,0.0,0.0,0.0,0.0,0.0,0.0,0.0,0.0,0.0,0.0,0.0
0.0,0.0,0.0,0.0,0.0,0.0,0.0,0.0,0.0,0.0,0.0,0.0,0.0,0.0,0.0,0.0,0.0,0.0,0.0,0.0,0.0,0.0,0.0,0.0,0.0,0.0,0.0,0.0,0.0,0.0,0.0,0.0,0.0,0.0,0.0,0.0,0.0
0.0,0.0,0.0,0.0,0.0,0.0,0.0,0.0,0.0,0.0,0.0,0.0,0.0,0.0,0.0,0.0,0.0,0.0,0.0,0.0,0.0,0.0,0.0,0.0,0.0,0.0,0.0,0.0,0.0,0.0,0.0,0.0,0.0,0.0,0.0,0.0,0.0
0.0,0.0,0.0,0.0,0.0,0.0,0.0,0.0,0.0,0.0,0.0,0.0,0.0,0.0,0.0,0.0,0.0,0.0,0.0,0.0,0.0,0.0,0.0,0.0,0.0,0.0,0.0,0.0,0.0,0.0,0.0,0.0,0.0,0.0,0.0,0.0,0.0
0.0,0.0,0.0,0.0,0.0,0.0,0.0,0.0,0.0,0.0,0.0,0.0,0.0,0.0,0.0,0.0,0.0,0.0,0.0,0.0,0.0,0.0,0.0,0.0,0.0,0.0,0.0,0.0,0.0,0.0,0.0,0.0,0.0,0.0,0.0,0.0,0.0
0.0,0.0,0.0,0.0,0.0,0.0,0.0,0.0,0.0,0.0,0.0,0.0,0.0,2.9278517840429163,0.0,0.0,0.0,0.0,0.0,0.0,0.0,0.0,0.0,0.0,0.0,0.0,0.0,0.0,0.0,0.0,0.0,0.0,0.0,0.0,0.0,0.0,0.0
0.0,0.0,0.0,0.0,0.0,0.0,0.0,0.0,0.0,0.0,0.0,0.0,0.0,3.1986342510207373,0.0,0.0,0.0,0.0,0.0,0.0,0.0,0.0,0.0,0.0,0.0,0.0,0.0,0.0,0.0336744710803031,0.0,0.0,0.0,0.0,0.0,0.0,0.0,0.0
0.0,0.0,0.0,0.443648095242676,0.0,0.0,0.0,0.0,0.0,0.0,0.0,0.0,0.0,6.773004354908932,0.079568669199942,0.0,0.8313377499578596,0.0,0.0,0.0,0.0,0.0,0.0,0.0,0.0,0.0,0.0,0.0,0.2110986813902854,0.0,0.0,0.0,0.0,0.0,0.0,0.0,0.0
0.0,0.0,0.0,0.4911643043160384,2.491264842450511,0.0,0.0,0.0,0.0,0.0,0.0,0.0,0.0,7.3125179065391315,0.0908713638782469,0.0,2.5714781165122838,0.0,0.0,0.0,0.0,0.0,0.0,0.0,0.0,1.537312045413989,0.0,0.0,0.0,0.0,0.0,0.0,0.0,0.0,0.0,0.0,0.0
0.0,0.0,0.0,0.3878806699067348,3.285755731165348,0.1235251915640898,0.0,0.0,0.0,0.0,1.8567447584586672,0.0,0.0,4.256109036505082,0.0,0.0023784097284076,6.794477772712648,0.0,0.0,0.0,0.0,0.0,0.0,0.0,0.0,0.0,0.0,0.0,0.0,0.4811236500739771,0.0,1.0068174153565863,0.0,0.0,0.0,0.0,0.0
0.0,0.0,0.0,0.1298267077654588,5.691327586770057,0.0,0.0,0.0,0.0,0.0,1.6304855084044867,0.0,0.0,2.047322238795356,0.0953226171433914,0.0,13.878529512882196,0.0,0.0,0.0,0.0,0.0,0.0,0.0,0.0,0.0,0.0,0.0,0.0,0.4236044906079438,0.0,1.2404271513223266,0.0,0.0,0.0,0.0,0.0
0.0,0.0,0.0,0.1965817138552664,28.659233544021745,0.7252109260297975,9.434351233020418,0.0,0.0,0.0,6.998544463002875,0.0,0.0,33.361647832207325,0.3095184881240104,0.0,5.110720062255679,0.0,0.0,0.0,0.0,254.12492084503145,0.0,0.0,0.0,0.0,0.0,0.0,0.0,1.0081595331430355,0.0,3.0726156979798844,1.4407670795917324,0.0,0.0,0.0,0.0
0.0,0.0,0.0,0.7556467410176935,139.37026661634428,6.059548267628959,113.64125113561748,0.0,0.0,0.0,33.60957624921559,0.0,0.0,122.25571747869252,2.1152132704854,1.077188141644,35.63279680013641,0.0,0.0,0.0,0.0,868.2086753845214,0.0,0.0,0.0,47.97717841863627,0.1964947804808569,0.0,67.44956305101496,12.92276181355115,0.0,22.21867473423481,9.83027819916606,0.0,0.0,0.0,0.0
0.0,0.0,0.0,3.7410367131233215,378.4556075334549,38.82956406474111,379.23682204335927,0.0,0.0,0.0,150.37102305889127,0.0,0.0,297.4289503321052,7.1945820182561855,0.0,206.28434344530092,0.0,0.0,0.0,0.0,1793.0835540771482,0.0,0.0,0.0,177.26079852581017,4.390577152371402,0.0,534.3224735438823,70.52240827083587,0.0,119.8185968399048,35.62801907956598,0.0,0.0,0.0,0.0
0.0,0.0,0.0,10.001138836145396,733.7005313634871,141.2327026128769,684.8698800921441,0.0,0.0,0.0,383.22186369597904,0.0,0.0,519.1551212966441,15.637052661180494,3.146001145243644,533.2834020256996,0.0,0.0,0.0,0.0,2605.450555419922,0.0,0.0,0.0,420.6896605968475,11.733579014241688,0.0,1175.7643231809136,220.6525516331196,0.0,295.70751321315765,82.17682331800461,0.0,0.0,0.0,0.0
0.0,0.0,0.0,20.49385702610016,1072.0569605827332,236.0286723971367,931.1082928657532,0.0,0.0,0.0,777.5857322454452,0.0,0.0,759.6945793181657,22.29510658979416,3.71334946155548,925.5043237566948,0.0,0.0,0.0,0.0,3104.0580627441404,0.0,0.0,0.0,598.6609454154968,25.46838674545288,0.0,1707.9041412115098,299.9838995337486,0.0,415.4275063276291,136.0974725484848,0.0,0.0,0.0,0.0
0.0,0.0,0.0,30.992496311664578,1315.8794028759005,260.91251000761986,1034.497698175907,0.0,0.0,0.0,1052.7294572085143,0.0,0.0,879.4134111702442,25.047842574119567,4.970397710800171,1167.208496904373,0.0,0.0,0.0,0.0,3228.322085571289,0.0,0.0,0.0,670.3407890796661,41.864321243762966,0.0,1943.073295259476,330.4016266822815,0.0,434.9402434825897,152.0217136144638,0.0,0.0,0.0,0.0
0.0,0.0,0.0,35.630889892578125,1476.8685178756714,279.3358469903469,1117.888119137287,0.0,0.0,0.0,1258.0736216962337,0.0,0.0,947.0692180097104,25.94289464950561,6.161746710538863,1339.072025513649,0.0,0.0,0.0,0.0,3286.2647033691405,0.0,0.0,0.0,688.0755175113678,52.29787106513977,0.0,2065.8745681881906,346.17357409596445,0.0,425.656925201416,162.12619769573212,0.0,0.0,0.0,0.0
0.0,0.0,0.0,37.4439480304718,1550.5338070392609,286.3264347910881,1164.0064033567903,0.0,0.0,0.0,1308.5737276554107,0.0,0.0,958.722025603056,26.089165431261065,6.941020309925079,1434.834534907341,0.0,0.0,0.0,0.0,3247.9518981933597,0.0,0.0,0.0,677.4366077423095,57.77143944501877,0.0,2092.37839936018,350.2899297118187,0.0,411.530865073204,167.15987533330917,0.0,0.0,0.0,0.0
0.0,0.0,0.0,37.30565917491913,1561.8885731697085,284.2890935242176,1171.1350908398629,0.0,0.0,0.0,1242.4224390566349,0.0,0.0,934.6141122281552,24.7406456887722,7.266697227954864,1453.3660431146625,0.0,0.0,0.0,0.0,3134.4616882324217,0.0,0.0,0.0,648.3409894943237,58.96761792898178,0.0,2039.301777982712,345.87736462950704,0.0,402.6778078079224,0.0,0.0,0.0,0.0,0.0
0.0,0.0,0.0,30.380503177642822,1462.6231288909912,267.3487125337124,0.0,0.0,0.0,0.0,0.0,0.0,0.0,874.3015371263027,22.33406819701195,6.478790134191513,1480.3370543718338,0.0,0.0,0.0,0.0,0.0,0.0,0.0,0.0,624.007715511322,0.0,0.0,1908.313072836399,0.0,0.0,0.0,0.0,0.0,0.0,0.0,0.0
0.0,0.0,0.0,20.35048687458038,0.0,0.0,0.0,0.0,0.0,0.0,0.0,0.0,0.0,722.630351409316,17.266352051496504,5.350107192993164,1423.0349932670592,0.0,0.0,0.0,0.0,0.0,0.0,0.0,0.0,575.7453600883484,0.0,0.0,1726.007222700119,0.0,0.0,0.0,0.0,0.0,0.0,0.0,0.0
0.0,0.0,0.0,0.0,0.0,0.0,0.0,0.0,0.0,0.0,0.0,0.0,0.0,0.0,0.0,0.0,1318.4395279407502,0.0,0.0,0.0,0.0,0.0,0.0,0.0,0.0,0.0,0.0,0.0,0.0,0.0,0.0,0.0,0.0,0.0,0.0,0.0,0.0
0.0,0.0,0.0,0.0,0.0,0.0,0.0,0.0,0.0,0.0,0.0,0.0,0.0,0.0,0.0,0.0,1191.8235711336135,0.0,0.0,0.0,0.0,0.0,0.0,0.0,0.0,0.0,0.0,0.0,0.0,0.0,0.0,0.0,0.0,0.0,0.0,0.0,0.0
0.0,0.0,0.0,0.0,0.0,0.0,0.0,0.0,0.0,0.0,0.0,0.0,0.0,0.0,0.0,0.0,0.0,0.0,0.0,0.0,0.0,0.0,0.0,0.0,0.0,0.0,0.0,0.0,0.0,0.0,0.0,0.0,0.0,0.0,0.0,0.0,0.0
0.0,0.0,0.0,0.0,0.0,0.0,0.0,0.0,0.0,0.0,0.0,0.0,0.0,0.0,0.0,0.0,0.0,0.0,0.0,0.0,0.0,0.0,0.0,0.0,0.0,0.0,0.0,0.0,0.0,0.0,0.0,0.0,0.0,0.0,0.0,0.0,0.0
0.0,0.0,0.0,0.0,0.0,0.0,0.0,0.0,0.0,0.0,0.0,0.0,0.0,0.0,0.0,0.0,0.0,0.0,0.0,0.0,0.0,0.0,0.0,0.0,0.0,0.0,0.0,0.0,0.0,0.0,0.0,0.0,0.0,0.0,0.0,0.0,0.0
0.0,0.0,0.0,0.0,0.0,0.0,0.0,0.0,0.0,0.0,0.0,0.0,0.0,0.0,0.0,0.0,0.0,0.0,0.0,0.0,0.0,0.0,0.0,0.0,0.0,0.0,0.0,0.0,0.0,0.0,0.0,0.0,0.0,0.0,0.0,0.0,0.0
0.0,0.0,0.0,0.0,0.0,0.0,0.0,0.0,0.0,0.0,0.0,0.0,0.0,0.0,0.0,0.0,0.0,0.0,0.0,0.0,0.0,0.0,0.0,0.0,0.0,0.0,0.0,0.0,0.0,0.0,0.0,0.0,0.0,0.0,0.0,0.0,0.0
0.0,0.0,0.0,0.0,0.0,0.0,0.0,0.0,0.0,0.0,0.0,0.0,0.0,3.763438700698303,0.0,0.0,0.0,0.0,0.0,0.0,0.0,0.0,0.0,0.0,0.0,0.0,0.0,0.0,0.0,0.0,0.0,0.0,0.0,0.0,0.0,0.0,0.0
0.0,0.0,0.0,0.0,0.0,0.0,0.0,0.0,0.0,0.0,0.0,0.0,0.0,0.0,0.0,0.0,0.0,0.0,0.0,0.0,0.0,0.0,0.0,0.0,0.0,0.0,0.0,0.0,0.0,0.0,0.0,0.0,0.615704996511329,0.0,0.0,0.0,0.0
0.0,0.0,0.0,0.0,2.24463244900097,0.0,0.0,0.0,0.0,0.0,0.0,0.0,0.0,0.0,0.0,0.0,0.0,0.0,0.0,0.0,0.0,0.0,0.0,0.0,0.0,12.38645336180919,0.0,0.0,0.0724344745278358,0.0,0.0,0.0,0.6385290175676269,0.0,0.0,0.0,0.0
0.0,0.0,0.0,0.880551578477021,3.1495089270173686,0.0,0.3131612818686668,0.0,0.0,0.0,2.064415804948623,0.0,0.0,12.351257752161349,0.0244433194398853,0.0,4.42891892194732,0.0,0.0,0.0,0.0,11.000298690795448,0.0,0.0,0.0,10.272319231927304,0.3864804632961688,0.0,0.0,0.0,0.0,0.0,0.0609706602990381,0.0,0.0,0.0,0.0
0.0,0.0,0.0,0.6605907641351175,4.774061452597373,0.2919656103476567,2.6661462996154723,0.0,0.0,0.0,1.8534093922469377,0.0,0.0,7.64502962585534,0.0,0.0,8.363509035110464,0.0,0.0,0.0,0.0,0.0,0.0,0.0,0.0,2.74331266712396,0.0,0.0,0.0,0.0,0.0,1.1173205077647592,0.0,0.0,0.0,0.0,0.0
0.0,0.0,0.0,0.3177364394068658,7.664660658687171,0.0,4.382659982144831,0.0,0.0,0.0,1.6611331586724984,0.0,0.0,2.839178577996741,0.0,0.0,13.81123803853983,0.0,0.0,0.0,0.0,4.43085174560531,0.0,0.0,0.0,0.0,0.0,0.0,0.0,0.5373131237923884,0.0,1.2757709175348144,0.0,0.0,0.0,0.0,0.0
0.0,0.0,0.0,0.5213684514164895,22.567000962793728,0.4634923604316628,8.071304924785967,0.0,0.0,0.0,3.1590420982332565,0.0,0.0,27.332561202347243,0.1184084102511378,0.0173996957018962,4.429409205913383,0.0,0.0,0.0,0.0,317.20339584350575,0.0,0.0,0.0,0.0,0.0,0.0,0.0,1.0875072121619862,0.0,0.0,1.464164689183208,0.0,0.0,0.0,0.0
0.0,0.0,0.0,1.4553926438093183,118.56190314888946,10.101822659373248,90.35467681363215,0.0,0.0,0.0,19.67688913382584,0.0,0.0,116.09186271205536,1.2329937547445278,0.2994979936629525,24.178844070434454,0.0,0.0,0.0,0.0,1088.251383972168,0.0,0.0,0.0,9.457485732436153,0.0,0.0,48.38107472881663,11.264260010421262,0.0,49.43111863732334,11.531404264271236,0.0,0.0,0.0,0.0
0.0,0.0,0.0,4.73994882404804,344.521689236164,71.6911896765232,316.58890335559846,0.0,0.0,0.0,122.78551868647315,0.0,0.0,303.0397114530205,5.055446889996528,0.9269815534353256,175.35490201711644,0.0,0.0,0.0,0.0,2138.0226531982416,0.0,0.0,0.0,116.93239665031426,1.3292189821600848,0.0,468.0272379815576,66.71512551307677,0.0,0.0,45.58506198227404,0.0,0.0,0.0,0.0
0.0,0.0,0.0,11.598178148269652,706.9875261783599,206.69719102978704,601.625338512659,0.0,0.0,0.0,384.1750918641685,0.0,0.0,561.9865275174379,12.67875408232212,1.6455671191215515,477.1201173603535,0.0,0.0,0.0,0.0,2890.176950073242,0.0,0.0,0.0,354.2783439874649,4.234257109463207,0.0,1151.045337152481,221.02148963809012,0.0,384.0941272974014,97.075743496418,0.0,0.0,0.0,0.0
0.0,0.0,0.0,22.346630573272705,1141.164401292801,295.127404153347,876.0561884760857,0.0,0.0,0.0,836.0250099748373,0.0,0.0,856.2790536880493,20.4392030775547,2.635687977075577,854.944310069084,0.0,0.0,0.0,0.0,3358.242584228516,0.0,0.0,0.0,578.5201192855835,12.859307938814164,0.0,1749.5941967129706,300.76767606139185,0.0,477.692888379097,150.49882131814957,0.0,0.0,0.0,0.0
0.0,0.0,0.0,33.487480998039246,1416.3508393764496,322.4251902997494,1046.7783123195172,0.0,0.0,0.0,1182.028967297077,0.0,0.0,1013.6562347412108,24.78586483597756,4.015531450510025,1098.4970376253127,0.0,0.0,0.0,0.0,3536.2702880859374,0.0,0.0,0.0,660.4788786411285,25.82262096405029,0.0,1990.5535533428192,334.93420322537423,0.0,503.4767578840256,168.80774116516113,0.0,0.0,0.0,0.0
0.0,0.0,0.0,40.63938105106354,1577.895780324936,338.8553111553192,1153.6677348196506,0.0,0.0,0.0,1470.302660137415,0.0,0.0,1084.9771021306517,26.64560111761093,5.292941868305205,1280.7526251792908,0.0,0.0,0.0,0.0,3617.156588745117,0.0,0.0,0.0,685.1102365493774,40.15423974990845,0.0,2108.880500280857,347.0994102656841,0.0,511.4625473022461,179.6937639117241,0.0,0.0,0.0,0.0
0.0,0.0,0.0,43.71421182155609,1630.8334407806396,343.9421307146549,1182.6679031550884,0.0,0.0,0.0,1582.5696458816528,0.0,0.0,1095.1809111237526,26.742920404672624,6.171523898839951,1380.5263928413392,0.0,0.0,0.0,0.0,3576.169274902344,0.0,0.0,0.0,665.9620724201202,47.93871522545814,0.0,2116.6281026721,351.5428099989891,0.0,502.66349244117737,183.0025936961174,0.0,0.0,0.0,0.0
0.0,0.0,0.0,41.68310141563416,1614.639318704605,338.2115046083927,1202.1045854985714,0.0,0.0,0.0,1550.1676862239838,0.0,0.0,1063.2601502537727,25.452760434150697,6.524078786373138,1402.9840950489045,0.0,0.0,0.0,0.0,3418.935760498047,0.0,0.0,0.0,615.4182471275329,51.85490854978561,0.0,2040.11012237072,349.08393402695657,0.0,477.2880676984787,179.7665719985962,0.0,0.0,0.0,0.0
0.0,0.0,0.0,33.11043405532837,1494.6762630939484,323.00443255901337,0.0,0.0,0.0,0.0,1439.839366197586,0.0,0.0,1000.30068308115,22.666973090171812,5.746336698532104,1440.1441876888275,0.0,0.0,0.0,0.0,3147.6411193847657,0.0,0.0,0.0,577.4092358112335,0.0,0.0,1855.5836028575895,0.0,0.0,429.6806246042252,170.67045110464096,0.0,0.0,0.0,0.0
0.0,0.0,0.0,21.884733378887177,1296.810801744461,0.0,0.0,0.0,0.0,0.0,0.0,0.0,0.0,867.1155419945717,17.0260664910078,0.0,1398.105279302597,0.0,0.0,0.0,0.0,2686.63073425293,0.0,0.0,0.0,532.961676311493,0.0,0.0,1618.9015912890434,0.0,0.0,0.0,158.6497294306755,0.0,0.0,0.0,0.0
0.0,0.0,0.0,0.0,0.0,0.0,0.0,0.0,0.0,0.0,0.0,0.0,0.0,0.0,0.0,0.0,0.0,0.0,0.0,0.0,0.0,0.0,0.0,0.0,0.0,0.0,0.0,0.0,0.0,0.0,0.0,0.0,0.0,0.0,0.0,0.0,0.0
0.0,0.0,0.0,0.0,0.0,0.0,0.0,0.0,0.0,0.0,0.0,0.0,0.0,0.0,0.0,0.0,0.0,0.0,0.0,0.0,0.0,0.0,0.0,0.0,0.0,0.0,0.0,0.0,0.0,0.0,0.0,0.0,0.0,0.0,0.0,0.0,0.0
0.0,0.0,0.0,0.0,0.0,0.0,0.0,0.0,0.0,0.0,0.0,0.0,0.0,0.0,0.0,0.0,0.0,0.0,0.0,0.0,0.0,0.0,0.0,0.0,0.0,0.0,0.0,0.0,0.0,0.0,0.0,0.0,0.0,0.0,0.0,0.0,0.0
0.0,0.0,0.0,0.0,0.0,0.0,0.0,0.0,0.0,0.0,0.0,0.0,0.0,0.0,0.0,0.0,0.0,0.0,0.0,0.0,0.0,0.0,0.0,0.0,0.0,0.0,0.0,0.0,0.0,0.0,0.0,0.0,0.0,0.0,0.0,0.0,0.0
0.0,0.0,0.0,0.0,0.0,0.0,0.0,0.0,0.0,0.0,0.0,0.0,0.0,0.0,0.0,0.0,0.0,0.0,0.0,0.0,0.0,0.0,0.0,0.0,0.0,0.0,0.0,0.0,0.0,0.0,0.0,0.0,0.0,0.0,0.0,0.0,0.0
0.0,0.0,0.0,0.0,0.0,0.0,0.0,0.0,0.0,0.0,0.0,0.0,0.0,0.0,0.0,0.0,0.0,0.0,0.0,0.0,0.0,0.0,0.0,0.0,0.0,0.0,0.0,0.0,0.0,0.0,0.0,0.0,0.0,0.0,0.0,0.0,0.0
0.0,0.0,0.0,0.0,0.0,0.0,0.0,0.0,0.0,0.0,0.0,0.0,0.0,0.0,0.0,0.0,0.0,0.0,0.0,0.0,0.0,0.0,0.0,0.0,0.0,0.0,0.0,0.0,0.0,0.0,0.0,0.0,0.0,0.0,0.0,0.0,0.0
0.0,0.0,0.0,0.0,0.0,0.0,0.0,0.0,0.0,0.0,0.0,0.0,0.0,0.0,0.0,0.0,0.0,0.0,0.0,0.0,0.0,0.0,0.0,0.0,0.0,0.0,0.0,0.0,0.0,0.0,0.0,0.0,0.0,0.0,0.0,0.0,0.0
0.0,0.0,0.0,0.0,0.0,0.0,0.0,0.0,0.0,0.0,0.0,0.0,0.0,2.7542183455079083,0.0,0.0,0.0,0.0,0.0,0.0,0.0,0.0,0.0,0.0,0.0,0.0,0.0,0.0,0.0,0.2069037884473459,0.0,0.0,0.3309684982523188,0.0,0.0,0.0,0.0
0.0,0.0,0.0,0.0,0.0,0.0,0.0,0.0,0.0,0.0,0.0,0.0,0.0,4.560581403784386,0.0,0.0,0.2358265876768959,0.0,0.0,0.0,0.0,8.405659294128005,0.0,0.0,0.0,0.0,0.0,0.0,0.0889084577560424,0.0,0.0,0.0,0.4073911206796748,0.0,0.0,0.0,0.0
0.0,0.0,0.0,0.0,2.76859646663067,0.0,0.3738385822623544,0.0,0.0,0.0,0.0,0.0,0.0,3.537840703502242,0.0,0.0,2.351647043228058,0.0,0.0,0.0,0.0,16.714643669128233,0.0,0.0,0.0,0.0,0.0,0.0,0.0,0.5841362208127677,0.0,1.2657284438610013,0.0,0.0,0.0,0.0,0.0
0.0,0.0,0.0,0.1724921558052272,4.041225213557385,0.1875014877877937,1.7661072324961118,0.0,0.0,0.0,1.9686988470143791,0.0,0.0,0.8349382132291493,0.0,0.0,7.714066636562149,0.0,0.0,0.0,0.0,8.721647930145219,0.0,0.0,0.0,0.0,0.2370836302637961,0.0,0.0,0.5696795493364097,0.0,1.3749980926513257,0.0,0.0,0.0,0.0,0.0
0.0,0.0,0.0,0.0671695359051198,6.996056716889047,0.0,1.383740508928884,0.0,0.0,0.0,1.660427518933788,0.0,0.0,0.0,0.1039620392024514,0.0,16.804544222354803,0.0,0.0,0.0,0.0,0.0,0.0,0.0,0.0,0.0,0.0,0.0,0.0,0.595549844950403,0.0,1.5554890185594072,0.0,0.0,0.0,0.0,0.0
0.0,0.0,0.0,0.4121377374976858,21.543446280062064,0.5844809552654254,12.20526050701724,0.0,0.0,0.0,2.666271406970856,0.0,0.0,16.589038071688222,0.1628530796617241,0.0,6.385213232040201,0.0,0.0,0.0,0.0,231.58890228271449,0.0,0.0,0.0,1.310928551480172,0.0,0.0,0.0,1.6552361652254708,0.0,6.1147720664739404,1.6934063602238865,0.0,0.0,0.0,0.0
0.0,0.0,0.0,1.3458753563463652,120.71546068787568,3.001357804983829,83.61338794082393,0.0,0.0,0.0,17.376684763794575,0.0,0.0,80.69433599710455,1.034847736358642,0.9392851740121838,47.11536985635749,0.0,0.0,0.0,0.0,873.1675300598143,0.0,0.0,0.0,50.98233759403227,1.669362959638238,0.0,60.35806305855496,11.897336867451664,0.0,46.3928106129169,13.882894590497012,0.0,0.0,0.0,0.0
0.0,0.0,0.0,5.445186510682103,335.6057087779044,25.274224005639542,301.846404646337,0.0,0.0,0.0,105.59945730641464,0.0,0.0,254.62447099387637,5.040152424573898,1.909071952104568,227.68695455789563,0.0,0.0,0.0,0.0,1953.1588867187495,0.0,0.0,0.0,214.91320736408227,6.417859087884422,0.0,525.467678105831,66.1785768121481,0.0,198.26345801353452,54.48749223351478,0.0,0.0,0.0,0.0
0.0,0.0,0.0,13.424762696027754,673.8413432836531,129.07723793387413,574.2930819541216,0.0,0.0,0.0,351.95686129927617,0.0,0.0,498.672390282154,12.998213946819304,3.0575318485498424,573.3965362787245,0.0,0.0,0.0,0.0,2734.6203338623045,0.0,0.0,0.0,452.9986310958863,17.619539502263066,0.0,1063.6195771574974,219.50189899206163,0.0,366.8869519233704,109.83356627821922,0.0,0.0,0.0,0.0
0.0,0.0,0.0,24.34887367486953,1040.147733211517,238.86098474264145,871.968392521143,0.0,0.0,0.0,796.741092160344,0.0,0.0,777.8275471925735,20.655189675092696,4.153039336204529,968.8222604393958,0.0,0.0,0.0,0.0,3276.9594665527343,0.0,0.0,0.0,638.4166843891144,36.109414100646966,0.0,1532.635882461071,300.78475695848465,0.0,457.8354687690735,164.97797292470932,0.0,0.0,0.0,0.0
0.0,0.0,0.0,32.48459208011627,1312.1146185398102,267.63350331783295,1103.3788778424264,0.0,0.0,0.0,1122.0666943937538,0.0,0.0,949.851040393114,24.1823417365551,5.7835493683815,1207.105354642868,0.0,0.0,0.0,0.0,3495.390802001953,0.0,0.0,0.0,690.4359632015228,47.16625108718871,0.0,1818.7663905858997,344.3635847687721,0.0,492.3636372089386,185.2182019352913,0.0,0.0,0.0,0.0
0.0,0.0,0.0,38.17002272605896,1459.7713520526886,287.1893766820431,1206.881069946289,0.0,0.0,0.0,1386.4058332026004,0.0,0.0,1034.6737705171108,25.33525006771088,0.0,1377.3472690343856,0.0,0.0,0.0,0.0,3605.696697998047,0.0,0.0,0.0,693.1623786449433,53.94865988492965,0.0,1952.2264681100849,362.3702711701392,0.0,499.2824754714966,196.60167384147644,0.0,0.0,0.0,0.0
0.0,0.0,0.0,41.58752501010895,1523.683768749237,295.03505539894104,1225.1911536574364,0.0,0.0,0.0,1461.341128695011,0.0,0.0,1054.41575050354,24.804660469293594,8.03901606798172,1468.3336771726608,0.0,0.0,0.0,0.0,3571.5886322021483,0.0,0.0,0.0,651.502714061737,57.654691994190216,0.0,1968.8815669775008,364.37637450099,0.0,486.8435509204865,198.8258919119835,0.0,0.0,0.0,0.0
0.0,0.0,0.0,42.25327455997467,1524.6237666606903,293.7827317714691,1204.0734584987165,0.0,0.0,0.0,1430.9765649855135,0.0,0.0,1040.680081397295,24.22071127295494,0.0,1478.7665522575378,0.0,0.0,0.0,0.0,3402.7662139892577,0.0,0.0,0.0,600.7602379322052,58.16822040081024,0.0,1921.283183169365,356.1655240058899,0.0,461.943634390831,195.06526428461075,0.0,0.0,0.0,0.0
0.0,0.0,0.0,37.5726729631424,1428.5314617156982,277.7722255587578,1189.2370992362498,0.0,0.0,0.0,0.0,0.0,0.0,987.9226933419704,22.57242168188095,0.0,1495.6239858627318,0.0,0.0,0.0,0.0,3146.5210144042967,0.0,0.0,0.0,577.3444724082947,52.3757826924324,0.0,0.0,358.33814851045616,0.0,416.4377639293671,0.0,0.0,0.0,0.0,0.0
0.0,0.0,0.0,0.0,0.0,0.0,0.0,0.0,0.0,0.0,0.0,0.0,0.0,840.8859814703465,0.0,0.0,1434.3219430208203,0.0,0.0,0.0,0.0,0.0,0.0,0.0,0.0,0.0,0.0,0.0,0.0,346.9491967797279,0.0,0.0,0.0,0.0,0.0,0.0,0.0
0.0,0.0,0.0,0.0,0.0,0.0,0.0,0.0,0.0,0.0,0.0,0.0,0.0,0.0,0.0,0.0,1332.2048631429673,0.0,0.0,0.0,0.0,0.0,0.0,0.0,0.0,0.0,0.0,0.0,0.0,327.66273177862166,0.0,0.0,0.0,0.0,0.0,0.0,0.0
0.0,0.0,0.0,0.0,0.0,0.0,0.0,0.0,0.0,0.0,0.0,0.0,0.0,0.0,0.0,0.0,1216.0902986049653,0.0,0.0,0.0,0.0,0.0,0.0,0.0,0.0,0.0,0.0,0.0,0.0,0.0,0.0,0.0,0.0,0.0,0.0,0.0,0.0
0.0,0.0,0.0,0.0,0.0,0.0,0.0,0.0,0.0,0.0,0.0,0.0,0.0,0.0,0.0,0.0,0.0,0.0,0.0,0.0,0.0,0.0,0.0,0.0,0.0,0.0,0.0,0.0,0.0,0.0,0.0,0.0,0.0,0.0,0.0,0.0,0.0
0.0,0.0,0.0,0.0,0.0,0.0,0.0,0.0,0.0,0.0,0.0,0.0,0.0,0.0,0.0,0.0,0.0,0.0,0.0,0.0,0.0,0.0,0.0,0.0,0.0,0.0,0.0,0.0,0.0,0.0,0.0,0.0,0.0,0.0,0.0,0.0,0.0
0.0,0.0,0.0,0.0,0.0,0.0,0.0,0.0,0.0,0.0,0.0,0.0,0.0,0.0,0.0,0.0,0.0,0.0,0.0,0.0,0.0,0.0,0.0,0.0,0.0,0.0,0.0,0.0,0.0,0.0,0.0,0.0,0.0,0.0,0.0,0.0,0.0
0.0,0.0,0.0,0.0,0.0,0.0,0.0,0.0,0.0,0.0,0.0,0.0,0.0,0.0,0.0,0.0,0.0,0.0,0.0,0.0,0.0,0.0,0.0,0.0,0.0,0.0,0.0,0.0,0.0,0.0,0.0,0.0,0.0,0.0,0.0,0.0,0.0
0.0,0.0,0.0,0.0,0.0,0.0,0.0,0.0,0.0,0.0,0.0,0.0,0.0,0.0,0.0,0.0,0.0,0.0,0.0,0.0,0.0,0.0,0.0,0.0,0.0,0.0,0.0,0.0,0.0,0.0,0.0,0.0,0.0,0.0,0.0,0.0,0.0
0.0,0.0,0.0,0.0,0.0,0.0,0.0,0.0,0.0,0.0,0.0,0.0,0.0,0.0,0.0,0.0,0.0,0.0,0.0,0.0,0.0,0.0,0.0,0.0,0.0,0.0,0.0,0.0,0.0,0.0,0.0,0.0,0.0,0.0,0.0,0.0,0.0
0.0,0.0,0.0,0.0,0.0,0.0,2.433517871051931,0.0,0.0,0.0,0.0,0.0,0.0,0.0,0.0,0.0,0.0,0.0,0.0,0.0,0.0,24.016986656188514,0.0,0.0,0.0,0.0,0.0,0.0,0.0,0.1669809989631104,0.0,0.0,0.6124621201306559,0.0,0.0,0.0,0.0
0.0,0.0,0.0,0.0,0.0,0.6561215161345846,4.099939348176059,0.0,0.0,0.0,0.0,0.0,0.0,0.0,0.1136174485087383,0.0112539390102022,0.0,0.0,0.0,0.0,0.0,24.83374118804888,0.0,0.0,0.0,0.0,0.0,0.0,0.0,0.0,0.0,0.0,0.6405919715762083,0.0,0.0,0.0,0.0
0.0,0.0,0.0,0.2932106982916533,3.2644743733106854,0.0,4.1778315942732975,0.0,0.0,0.0,2.048538910830373,0.0,0.0,0.0,0.1295089535415171,0.0,0.0,0.0,0.0,0.0,0.0,26.94439487457249,0.0,0.0,0.0,1.1891114942729015,0.0,0.0,0.0,0.4031378738581819,0.0,0.0,0.0,0.0,0.0,0.0,0.0
0.0,0.0,0.0,0.2478847876191102,3.968954518437233,0.2825369555502955,2.3197734322398342,0.0,0.0,0.0,1.8552593126426096,0.0,0.0,5.124142505228418,0.1133870534598812,0.0,5.963936734199357,0.0,0.0,0.0,0.0,0.0,0.0,0.0,0.0,0.0,0.0,0.0,0.0,0.3890912376344072,0.0,0.0,0.0,0.0,0.0,0.0,0.0
0.0,0.0,0.0,0.0821251180022906,5.950525026768339,0.0,2.4643041778355737,0.0,0.0,0.0,1.5829427661374016,0.0,0.0,0.0,0.0688483692705615,0.0,15.291895616054438,0.0,0.0,0.0,0.0,0.0,0.0,0.0,0.0,0.0,0.0,0.0,0.0,0.4508806213736394,0.0,0.0,0.0,0.0,0.0,0.0,0.0
0.0,0.0,0.0,0.142432248219843,21.313696689903544,0.6408445504493617,5.796019490808144,0.0,0.0,0.0,2.320652029663111,0.0,0.0,30.669098990037924,0.3289365280419566,0.1174061307683576,7.41058086156839,0.0,0.0,0.0,0.0,164.97100486755366,0.0,0.0,0.0,5.770379498600954,0.0,0.0,0.463608126342116,0.9758194670080796,0.0,0.0,1.4136558799072831,0.0,0.0,0.0,0.0
0.0,0.0,0.0,1.0797397084534148,127.84476089477528,10.532713930122512,78.75899424739181,0.0,0.0,0.0,23.131692817807163,0.0,0.0,125.85190165787928,2.0782674238085743,0.6473241746425623,51.60771926641447,0.0,0.0,0.0,0.0,677.7367111206052,0.0,0.0,0.0,77.07746684551235,0.0,0.0,92.13613126501434,11.455810907483082,0.0,57.70815773308276,9.795814860612134,0.0,0.0,0.0,0.0
0.0,0.0,0.0,4.7905640751123375,372.5355314612388,69.88356260955331,318.2897943899035,0.0,0.0,0.0,146.09626176059243,0.0,0.0,339.4708958640694,7.151196616888046,1.4551592245697975,239.08526005744932,0.0,0.0,0.0,0.0,1533.9308074951173,0.0,0.0,0.0,306.06583969593044,1.4767920020967666,0.0,600.3897830069066,67.36658952236175,0.0,227.0108395218849,36.031620204448686,0.0,0.0,0.0,0.0
0.0,0.0,0.0,12.14397862553596,772.0971064567565,200.78873369097707,635.7374050766228,0.0,0.0,0.0,438.4601730957626,0.0,0.0,615.3653506934642,15.142822068929672,2.538053825497627,592.9605825185774,0.0,0.0,0.0,0.0,2426.6148223876958,0.0,0.0,0.0,560.8249056816101,6.935298879444599,0.0,1211.4716720104216,223.4538421869278,0.0,394.30854749679565,84.21402642130852,0.0,0.0,0.0,0.0
0.0,0.0,0.0,24.14692634344101,1144.429736852646,286.20430555939674,944.89956099391,0.0,0.0,0.0,924.7422590345144,0.0,0.0,916.6208545863628,22.156965798139574,3.6189141273498535,978.3356692314148,0.0,0.0,0.0,0.0,3022.29284362793,0.0,0.0,0.0,711.3642864704132,17.352622964978217,0.0,1731.9348721027377,303.50640695095063,0.0,475.1083081960678,136.3410452008247,0.0,0.0,0.0,0.0
0.0,0.0,0.0,35.60872435569763,1392.8787648677826,310.1669443845749,1153.8225899994372,0.0,0.0,0.0,1303.5196349442006,0.0,0.0,1058.8534282147884,25.68491495847702,5.195121943950653,1221.4348841190338,0.0,0.0,0.0,0.0,3264.630163574219,0.0,0.0,0.0,755.8962591171264,35.50273824930191,0.0,1962.2186163544652,340.7418253898621,0.0,501.2147927284241,153.0687773823738,0.0,0.0,0.0,0.0
0.0,0.0,0.0,43.57189118862152,1516.4154016971588,323.8582992553711,1253.7058129251004,0.0,0.0,0.0,1592.085585540533,0.0,0.0,1121.5596961975098,27.3573832154274,6.553618788719177,1385.138494110107,0.0,0.0,0.0,0.0,3405.7574157714844,0.0,0.0,0.0,762.2079184055328,46.73312483429909,0.0,2068.7377032756804,353.5155013144016,0.0,511.5380071401596,163.50649511814115,0.0,0.0,0.0,0.0
0.0,0.0,0.0,47.29707980155945,1533.3082475662231,325.810104817152,1263.7620611548425,0.0,0.0,0.0,1713.500171238184,0.0,0.0,1132.1648363769054,27.5771021604538,7.470754384994507,1463.5364937067031,0.0,0.0,0.0,0.0,3403.7592071533204,0.0,0.0,0.0,727.218722820282,51.64699202775955,0.0,2061.926624250412,350.8778265416622,0.0,506.1778110265732,166.67594343423843,0.0,0.0,0.0,0.0
0.0,0.0,0.0,47.214452385902405,1476.5400924682615,318.4569616615772,1188.3569270551204,0.0,0.0,0.0,1696.673719125986,0.0,0.0,1111.8155789375303,26.553553980588912,7.8058419823646545,1460.287381863594,0.0,0.0,0.0,0.0,3262.924203491211,0.0,0.0,0.0,673.729212474823,51.969086456298825,0.0,1946.8936885476112,343.33861379027366,0.0,486.4313026666641,164.0804198384285,0.0,0.0,0.0,0.0
0.0,0.0,0.0,41.81928753852844,1330.2540683746338,304.3278683722019,1091.7131511867046,0.0,0.0,0.0,1622.2552655398845,0.0,0.0,1045.660393834114,24.375796169042587,0.0,1469.0633422851563,0.0,0.0,0.0,0.0,3014.93583984375,0.0,0.0,0.0,635.0971158504486,47.2654770553112,0.0,1700.3447231531145,348.39191167354585,0.0,0.0,156.11126124858856,0.0,0.0,0.0,0.0
0.0,0.0,0.0,32.809133529663086,1091.2335233688354,0.0,930.329211741686,0.0,0.0,0.0,1414.5820576310157,0.0,0.0,0.0,0.0,0.0,1398.880173110962,0.0,0.0,0.0,0.0,2650.3815948486326,0.0,0.0,0.0,586.9726316452027,40.3319451034069,0.0,1400.252916765213,339.8527986705303,0.0,0.0,143.9063887298107,0.0,0.0,0.0,0.0
0.0,0.0,0.0,0.0,0.0,0.0,0.0,0.0,0.0,0.0,0.0,0.0,0.0,0.0,0.0,0.0,1289.238582634926,0.0,0.0,0.0,0.0,0.0,0.0,0.0,0.0,0.0,0.0,0.0,0.0,323.4734367489815,0.0,0.0,0.0,0.0,0.0,0.0,0.0
0.0,0.0,0.0,0.0,0.0,0.0,0.0,0.0,0.0,0.0,0.0,0.0,0.0,0.0,0.0,0.0,1159.1120700597762,0.0,0.0,0.0,0.0,0.0,0.0,0.0,0.0,0.0,0.0,0.0,0.0,0.0,0.0,0.0,0.0,0.0,0.0,0.0,0.0
0.0,0.0,0.0,0.0,0.0,0.0,0.0,0.0,0.0,0.0,0.0,0.0,0.0,0.0,0.0,0.0,0.0,0.0,0.0,0.0,0.0,0.0,0.0,0.0,0.0,0.0,0.0,0.0,0.0,0.0,0.0,0.0,0.0,0.0,0.0,0.0,0.0
0.0,0.0,0.0,0.0,0.0,0.0,0.0,0.0,0.0,0.0,0.0,0.0,0.0,0.0,0.0,0.0,0.0,0.0,0.0,0.0,0.0,0.0,0.0,0.0,0.0,0.0,0.0,0.0,0.0,0.0,0.0,0.0,0.0,0.0,0.0,0.0,0.0
0.0,0.0,0.0,0.0,0.0,0.0,0.0,0.0,0.0,0.0,0.0,0.0,0.0,0.0,0.0,0.0,0.0,0.0,0.0,0.0,0.0,0.0,0.0,0.0,0.0,0.0,0.0,0.0,0.0,0.0,0.0,0.0,0.0,0.0,0.0,0.0,0.0
0.0,0.0,0.0,0.0,0.0,0.0,0.0,0.0,0.0,0.0,0.0,0.0,0.0,0.0,0.0,0.0,0.0,0.0,0.0,0.0,0.0,0.0,0.0,0.0,0.0,0.0,0.0,0.0,0.0,0.0,0.0,0.0,0.0,0.0,0.0,0.0,0.0
0.0,0.0,0.0,0.0,0.0,0.0,0.0,0.0,0.0,0.0,0.0,0.0,0.0,0.0,0.0,0.0,0.0,0.0,0.0,0.0,0.0,0.0,0.0,0.0,0.0,0.0,0.0,0.0,0.0,0.0,0.0,0.0,0.0,0.0,0.0,0.0,0.0
0.0,0.0,0.0,0.0,0.0,0.0,0.0,0.0,0.0,0.0,0.0,0.0,0.0,1.6112342057749018,0.0,0.0,0.0,0.0,0.0,0.0,0.0,0.0,0.0,0.0,0.0,0.0,0.0,0.0,0.0,0.0,0.0,0.0,0.0,0.0,0.0,0.0,0.0
0.0,0.0,0.0,0.0,0.0,0.0,0.0,0.0,0.0,0.0,0.0,0.0,0.0,0.0,0.0,0.0,0.0,0.0,0.0,0.0,0.0,24.27867946624716,0.0,0.0,0.0,0.0,0.0,0.0,0.0,0.1653467155992848,0.0,0.0,0.0,0.0,0.0,0.0,0.0
0.0,0.0,0.0,0.5525015518069253,0.0,1.0291305603459402,0.0,0.0,0.0,0.0,2.023498235782432,0.0,0.0,6.175178624689464,0.0750094100832913,0.0,0.0,0.0,0.0,0.0,0.0,0.0,0.0,0.0,0.0,0.0,0.0,0.0,0.0,0.4826144210994222,0.0,0.9866337925195544,0.6406869329511871,0.0,0.0,0.0,0.0
0.0,0.0,0.0,0.6208782996982299,3.630252022296116,1.0052823927253398,3.9489770807325577,0.0,0.0,0.0,1.995697513408936,0.0,0.0,3.2666570646687023,0.0774247661232926,0.0,0.0,0.0,0.0,0.0,0.0,24.240196228027006,0.0,0.0,0.0,3.9804472189395774,0.9521232636645364,0.0,0.0,0.4778931580483661,0.0,1.079581618308974,0.0808929018676249,0.0,0.0,0.0,0.0
0.0,0.0,0.0,0.4935984760522794,4.200121026485965,0.4603153769858078,0.3521470706909657,0.0,0.0,0.0,1.8053559617603647,0.0,0.0,0.0,0.0506835110485548,0.0,0.0,0.0,0.0,0.0,0.0,6.548431396484066,0.0,0.0,0.0,1.896976279094744,0.9359640162438116,0.0,0.0,0.4360637046396347,0.0,1.1628547608851991,0.0,0.0,0.0,0.0,0.0
0.0,0.0,0.0,0.2013452555984224,5.894723292440094,0.0,0.0,0.0,0.0,0.0,1.6709400677120685,0.0,0.0,0.0,0.0226579539477797,0.0,17.44350680112828,0.0,0.0,0.0,0.0,0.0,0.0,0.0,0.0,0.0,0.5671243855729621,0.0,0.0,0.4760597147047166,0.0,1.3403540253639046,0.0,0.0,0.0,0.0,0.0
0.0,0.0,0.0,0.3664603512734172,25.048467591404897,0.7271150369196953,1.5671663787215655,0.0,0.0,0.0,5.226782674202505,0.0,0.0,14.640490887686552,0.2106625366955994,0.0384067781269549,5.222688663005815,0.0,0.0,0.0,0.0,243.85468330383293,0.0,0.0,0.0,3.1284968586637896,0.993376448936758,0.0,0.0,0.9531913787126328,0.0,3.878637462854345,1.7329378528520232,0.0,0.0,0.0,0.0
0.0,0.0,0.0,1.3935260176658577,134.3692677319048,5.546453381888539,74.00600893720981,0.0,0.0,0.0,23.889977942779623,0.0,0.0,80.48607943579546,1.8538810830563293,0.3328375965356819,20.83853940963743,0.0,0.0,0.0,0.0,821.4144157409667,0.0,0.0,0.0,44.74028348624704,2.952220214158292,0.0,14.92519318163386,12.15719524435696,0.0,43.77525487542152,11.595464989542958,0.0,0.0,0.0,0.0
0.0,0.0,0.0,4.880629122257232,367.3825380802154,39.76692055538293,311.1379874274133,0.0,0.0,0.0,136.99257675595564,0.0,0.0,262.46460955590004,6.352924583852289,0.9009904116392128,153.3188440203665,0.0,0.0,0.0,0.0,1729.4119415283203,0.0,0.0,0.0,189.2371694684028,11.049326629936688,0.0,203.27226306498048,70.4441383987665,0.0,197.14203798770905,46.00486984848976,0.0,0.0,0.0,0.0
0.0,0.0,0.0,12.046153515577316,729.0375590324402,163.5243612527847,608.5729687392711,0.0,0.0,0.0,398.3594253674148,0.0,0.0,524.7931051999329,13.976269957423208,1.3634636029601093,421.2568864822387,0.0,0.0,0.0,0.0,2532.3034088134764,0.0,0.0,0.0,433.6655171155929,27.61243149638176,0.0,805.9728412926197,221.9018470406532,0.0,372.8590078353882,91.75687611103058,0.0,0.0,0.0,0.0
0.0,0.0,0.0,24.016531050205227,1146.693778514862,254.4961611330509,951.1768169820308,0.0,0.0,0.0,858.0643640011549,0.0,0.0,804.7229278087616,20.98464674949646,1.803447246551513,773.012527501583,0.0,0.0,0.0,0.0,3051.9033782958986,0.0,0.0,0.0,598.410451555252,48.07624730467796,0.0,1411.5266977071765,301.0646353065968,0.0,466.69559478759766,140.5693717896938,0.0,0.0,0.0,0.0
0.0,0.0,0.0,36.452489256858826,1390.400565624237,282.70918464660645,1156.190478014946,0.0,0.0,0.0,1198.3277280271054,0.0,0.0,970.8133111894132,25.53931574821472,2.6035386323928824,1001.3565238595008,0.0,0.0,0.0,0.0,3213.7436096191404,0.0,0.0,0.0,663.8102370262146,60.08335036039352,0.0,1708.7968386769294,331.6637854814529,0.0,481.1604527235031,154.69842809438703,0.0,0.0,0.0,0.0
0.0,0.0,0.0,44.774033427238464,1536.885234117508,300.29781663417816,1263.597595524788,0.0,0.0,0.0,1454.2086832642556,0.0,0.0,1061.8804377317429,27.259854716062545,3.0377072393894187,1164.5664791822433,0.0,0.0,0.0,0.0,3273.0385559082038,0.0,0.0,0.0,684.836109161377,65.76450748443604,0.0,1864.7182400226595,343.62556817531583,0.0,482.3834546804428,161.70677840709686,0.0,0.0,0.0,0.0
0.0,0.0,0.0,48.72908878326416,1576.6364378929138,306.4042516052723,1280.4833379745482,0.0,0.0,0.0,1528.5176927626133,0.0,0.0,1087.5783801078796,27.4587926030159,3.196151465177536,1258.81352083683,0.0,0.0,0.0,0.0,3225.6375274658203,0.0,0.0,0.0,672.527078819275,67.87386338710785,0.0,1884.9579519748688,343.7490473628044,0.0,471.8673745393753,161.4799189567566,0.0,0.0,0.0,0.0
0.0,0.0,0.0,47.4981586933136,1538.7838962078094,302.0083710551262,1239.8181683003902,0.0,0.0,0.0,1458.1295482218266,0.0,0.0,1068.811048567295,26.451343309879302,3.05600382387638,1278.0667270421982,0.0,0.0,0.0,0.0,3096.448193359375,0.0,0.0,0.0,630.8934703350067,66.46218851804733,0.0,1782.187471830845,335.7357401371002,0.0,444.6288489103317,155.91438776254654,0.0,0.0,0.0,0.0
0.0,0.0,0.0,39.27671790122986,1387.439565896988,284.27591985464096,1151.447811472416,0.0,0.0,0.0,1321.1173491716386,0.0,0.0,1008.7790775299072,23.92438715100288,2.249828815460205,1325.711174583435,0.0,0.0,0.0,0.0,2876.300033569336,0.0,0.0,0.0,601.1047275543212,60.3130699634552,0.0,1517.854458653927,343.87711894512177,0.0,395.024716258049,148.4433070421219,0.0,0.0,0.0,0.0
0.0,0.0,0.0,26.96552121639252,1157.5425374507904,244.35522997379303,1006.9207831263542,0.0,0.0,0.0,1064.6938523322342,0.0,0.0,872.1564911305904,19.40172763466835,1.388515420258044,1306.149702334404,0.0,0.0,0.0,0.0,2504.161993408203,0.0,0.0,0.0,553.238758611679,50.22405564785004,0.0,0.0,338.39410411715505,0.0,332.2046344280243,136.73278379440305,0.0,0.0,0.0,0.0
0.0,0.0,0.0,0.0,0.0,0.0,0.0,0.0,0.0,0.0,0.0,0.0,0.0,0.0,0.0,0.0,0.0,0.0,0.0,0.0,0.0,1952.680859375,0.0,0.0,0.0,0.0,0.0,0.0,0.0,322.2611616671085,0.0,0.0,0.0,0.0,0.0,0.0,0.0
0.0,0.0,0.0,0.0,0.0,0.0,0.0,0.0,0.0,0.0,0.0,0.0,0.0,0.0,0.0,0.0,0.0,0.0,0.0,0.0,0.0,0.0,0.0,0.0,0.0,0.0,0.0,0.0,0.0,0.0,0.0,0.0,0.0,0.0,0.0,0.0,0.0
0.0,0.0,0.0,0.0,0.0,0.0,0.0,0.0,0.0,0.0,0.0,0.0,0.0,0.0,0.0,0.0,0.0,0.0,0.0,0.0,0.0,0.0,0.0,0.0,0.0,0.0,0.0,0.0,0.0,0.0,0.0,0.0,0.0,0.0,0.0,0.0,0.0
0.0,0.0,0.0,0.0,0.0,0.0,0.0,0.0,0.0,0.0,0.0,0.0,0.0,0.0,0.0,0.0,0.0,0.0,0.0,0.0,0.0,0.0,0.0,0.0,0.0,0.0,0.0,0.0,0.0,0.0,0.0,0.0,0.0,0.0,0.0,0.0,0.0
0.0,0.0,0.0,0.0,0.0,0.0,0.0,0.0,0.0,0.0,0.0,0.0,0.0,0.0,0.0,0.0,0.0,0.0,0.0,0.0,0.0,0.0,0.0,0.0,0.0,0.0,0.0,0.0,0.0,0.0,0.0,0.0,0.0,0.0,0.0,0.0,0.0
0.0,0.0,0.0,0.0,0.0,0.0,0.0,0.0,0.0,0.0,0.0,0.0,0.0,0.0,0.0,0.0,0.0,0.0,0.0,0.0,0.0,0.0,0.0,0.0,0.0,0.0,0.0,0.0,0.0,0.0,0.0,0.0,0.0,0.0,0.0,0.0,0.0
0.0,0.0,0.0,0.0,0.0,0.0,0.0,0.0,0.0,0.0,0.0,0.0,0.0,0.0,0.0,0.0,0.0,0.0,0.0,0.0,0.0,0.0,0.0,0.0,0.0,0.0,0.0,0.0,0.0,0.0,0.0,0.0,0.0,0.0,0.0,0.0,0.0
0.0,0.0,0.0,0.0,0.0,0.0,0.0,0.0,0.0,0.0,0.0,0.0,0.0,0.0,0.0,0.0,0.0,0.0,0.0,0.0,0.0,0.0,0.0,0.0,0.0,0.0,0.0,0.0,0.0,0.0,0.0,0.0,0.0,0.0,0.0,0.0,0.0
0.0,0.0,0.0,0.0,0.0,0.0,0.0,0.0,0.0,0.0,0.0,0.0,0.0,0.0,0.0,0.0,0.0,0.0,0.0,0.0,0.0,0.0,0.0,0.0,0.0,0.0,0.0,0.0,0.0,0.1227850563824028,0.0,0.0,0.0,0.0,0.0,0.0,0.0
0.0,0.0,0.0,0.0,0.0,0.0,0.0,0.0,0.0,0.0,0.0,0.0,0.0,1.562917181290686,0.0,0.0,1.5339759588241295,0.0,0.0,0.0,0.0,0.0,0.0,0.0,0.0,0.0,0.0,0.0,0.0,0.0,0.0,0.0,0.4200984807684727,0.0,0.0,0.0,0.0
0.0,0.0,0.0,0.0,0.0,0.0,0.0,0.0,0.0,0.0,0.0,0.0,0.0,2.3205344984307588,0.0,0.0306704994291059,3.6345976114271874,0.0,0.0,0.0,0.0,0.0,0.0,0.0,0.0,0.0,0.0,0.0,0.0,0.5393222965299909,0.0,1.2169020175933252,0.0,0.0,0.0,0.0,0.0
0.0,0.0,0.0,0.0,2.987225517630517,0.204443874768912,0.0,0.0,0.0,0.0,1.9268838651477225,0.0,0.0,0.633763330988515,0.1262431494891637,0.0,8.792752647399857,0.0,0.0,0.0,0.0,0.0,0.0,0.0,0.0,0.0,0.0,0.0,0.0,0.5298358380794493,0.0,1.3096166104078233,0.0,0.0,0.0,0.0,0.0
0.0,0.0,0.0,0.1083535552024816,5.962136264890252,0.0272592664696276,0.0,0.0,0.0,0.0,1.738859481830057,0.0,0.0,0.0,0.020019263774156,0.0013502184301605,17.742396163940338,0.0,0.0,0.0,0.0,0.0,0.0,0.0,0.0,0.0,0.0,0.0,0.0,0.5792597301303956,0.0,1.504460334777785,0.0,0.0,0.0,0.0,0.0
0.0,0.0,0.0,0.2949262708425462,20.11003381013869,0.7766360584646251,3.418804351985419,0.0,0.0,0.0,5.967015712289059,0.0,0.0,24.00472400709983,0.1526103068143107,0.0,8.308106946945134,0.0,0.0,0.0,0.0,199.6505475997924,0.0,0.0,0.0,0.0,0.0,0.0,0.6232820615170988,1.0262948065995885,0.0,5.575263828039139,1.4943332085385752,0.0,0.0,0.0,0.0
0.0,0.0,0.0,0.9790699966251836,80.38137748837455,3.4700142189394665,49.76167051456862,0.0,0.0,0.0,32.90729518625867,0.0,0.0,103.2675422541797,0.5643913764506565,0.5823551341891283,40.33216861486424,0.0,0.0,0.0,0.0,800.3285888671874,0.0,0.0,0.0,20.67182849794625,0.4407961085438635,0.0,83.77113739028565,10.643185470998263,0.0,39.800485059618914,11.16414278373122,0.0,0.0,0.0,0.0
0.0,0.0,0.0,3.640365846455097,212.5653361082076,24.16996444016694,189.24891867488608,0.0,0.0,0.0,161.91862878650406,0.0,0.0,299.65655237436295,2.7223954930901524,1.1051358059048646,206.40378887653333,0.0,0.0,0.0,0.0,1752.104931640625,0.0,0.0,0.0,91.7536049485206,3.002341692894696,0.0,482.80394932627655,62.71367349028587,0.0,178.09079712629318,45.94732107222078,0.0,0.0,0.0,0.0
0.0,0.0,0.0,9.213869631290432,461.5702846646307,105.09183793514968,411.7032576620578,0.0,0.0,0.0,418.9895680978895,0.0,0.0,561.1718015372752,7.523760840296743,1.9027750492095945,527.7753680944443,0.0,0.0,0.0,0.0,2580.2878479003907,0.0,0.0,0.0,252.87363266944885,10.263684065639966,0.0,956.6583827197552,210.451296299696,0.0,355.3101282119751,97.10008853673936,0.0,0.0,0.0,0.0
0.0,0.0,0.0,17.971326172351837,785.9359996318817,197.10070501267907,680.6051521211863,0.0,0.0,0.0,875.0989226222039,0.0,0.0,843.6451333761215,13.804746204614638,2.8149811774492264,923.8991953372954,0.0,0.0,0.0,0.0,3107.992553710937,0.0,0.0,0.0,463.8386681079865,20.603551608324047,0.0,1442.7219423055649,292.7526584029198,0.0,444.6118767261505,149.11695212125778,0.0,0.0,0.0,0.0
0.0,0.0,0.0,25.913539588451385,1064.941202878952,222.16495536267757,864.9488652467728,0.0,0.0,0.0,1200.6695873916149,0.0,0.0,1000.3931859135628,17.858891505002976,4.043371021747588,1170.6219764471057,0.0,0.0,0.0,0.0,3229.110287475586,0.0,0.0,0.0,536.3500458717347,35.98038961291313,0.0,1747.2065490841865,335.3919665813446,0.0,475.0169885158539,162.51529920101166,0.0,0.0,0.0,0.0
0.0,0.0,0.0,32.568697690963745,1274.5115489959717,242.2278287112713,993.32797986269,0.0,0.0,0.0,1461.0258158028123,0.0,0.0,1081.187854707241,21.009697830677037,5.192197233438492,1347.24640750885,0.0,0.0,0.0,0.0,3264.101889038086,0.0,0.0,0.0,560.1979442596436,47.91004929542542,0.0,1893.5706053853037,352.49252193570135,0.0,482.5884485244751,170.46739530563354,0.0,0.0,0.0,0.0
0.0,0.0,0.0,35.89632201194763,1403.9404201507568,254.5729942321777,1079.7611056447029,0.0,0.0,0.0,1531.9718946397304,0.0,0.0,1112.6320803165436,22.80981488227844,5.933305859565734,1446.0138673305512,0.0,0.0,0.0,0.0,3253.70615234375,0.0,0.0,0.0,570.7889947891235,54.78869016170502,0.0,1951.522583305836,352.78770045638083,0.0,468.415526509285,174.00783479213715,0.0,0.0,0.0,0.0
0.0,0.0,0.0,36.814783811569214,1472.7335612773895,257.414568066597,1135.5834966897964,0.0,0.0,0.0,1491.4718861997128,0.0,0.0,0.0,23.154709732532503,6.325399547815322,1463.0311335086822,0.0,0.0,0.0,0.0,3154.640417480469,0.0,0.0,0.0,588.7906367301941,0.0,0.0,0.0,343.2074259400368,0.0,445.2503968477249,172.58127480745316,0.0,0.0,0.0,0.0
0.0,0.0,0.0,0.0,0.0,241.82003045082087,0.0,0.0,0.0,0.0,1423.5579646289348,0.0,0.0,0.0,0.0,5.594645380973815,1486.537920832634,0.0,0.0,0.0,0.0,2951.1865478515624,0.0,0.0,0.0,0.0,0.0,0.0,0.0,349.0796227991581,0.0,398.7265541553497,0.0,0.0,0.0,0.0,0.0
0.0,0.0,0.0,0.0,0.0,0.0,0.0,0.0,0.0,0.0,0.0,0.0,0.0,0.0,0.0,0.0,1427.688891243935,0.0,0.0,0.0,0.0,0.0,0.0,0.0,0.0,0.0,0.0,0.0,0.0,341.12650874853136,0.0,338.43385660648346,0.0,0.0,0.0,0.0,0.0
0.0,0.0,0.0,0.0,0.0,0.0,0.0,0.0,0.0,0.0,0.0,0.0,0.0,0.0,0.0,0.0,1320.3227086544036,0.0,0.0,0.0,0.0,0.0,0.0,0.0,0.0,0.0,0.0,0.0,0.0,322.6421664237976,0.0,0.0,0.0,0.0,0.0,0.0,0.0
0.0,0.0,0.0,0.0,0.0,0.0,0.0,0.0,0.0,0.0,0.0,0.0,0.0,0.0,0.0,0.0,1199.9029606103898,0.0,0.0,0.0,0.0,0.0,0.0,0.0,0.0,0.0,0.0,0.0,0.0,0.0,0.0,0.0,0.0,0.0,0.0,0.0,0.0
0.0,0.0,0.0,0.0,0.0,0.0,0.0,0.0,0.0,0.0,0.0,0.0,0.0,0.0,0.0,0.0,0.0,0.0,0.0,0.0,0.0,0.0,0.0,0.0,0.0,0.0,0.0,0.0,0.0,0.0,0.0,0.0,0.0,0.0,0.0,0.0,0.0
0.0,0.0,0.0,0.0,0.0,0.0,0.0,0.0,0.0,0.0,0.0,0.0,0.0,0.0,0.0,0.0,0.0,0.0,0.0,0.0,0.0,0.0,0.0,0.0,0.0,0.0,0.0,0.0,0.0,0.0,0.0,0.0,0.0,0.0,0.0,0.0,0.0
0.0,0.0,0.0,0.0,0.0,0.0,0.0,0.0,0.0,0.0,0.0,0.0,0.0,0.0,0.0,0.0,0.0,0.0,0.0,0.0,0.0,0.0,0.0,0.0,0.0,0.0,0.0,0.0,0.0,0.0,0.0,0.0,0.0,0.0,0.0,0.0,0.0
0.0,0.0,0.0,0.0,0.0,0.0,0.0,0.0,0.0,0.0,0.0,0.0,0.0,0.0,0.0,0.0,0.0,0.0,0.0,0.0,0.0,0.0,0.0,0.0,0.0,0.0,0.0,0.0,0.0,0.0,0.0,0.0,0.0,0.0,0.0,0.0,0.0
0.0,0.0,0.0,0.0,0.0,0.0,0.0,0.0,0.0,0.0,0.0,0.0,0.0,0.0,0.0,0.0,0.0,0.0,0.0,0.0,0.0,0.0,0.0,0.0,0.0,0.0,0.0,0.0,0.0,0.0,0.0,0.0,0.0,0.0,0.0,0.0,0.0
0.0,0.0,0.0,0.0,0.0,0.0,0.0,0.0,0.0,0.0,0.0,0.0,0.0,4.4027103204279125,0.0,0.0,0.0,0.0,0.0,0.0,0.0,0.0,0.0,0.0,0.0,0.0,0.0,0.0,0.0,0.0,0.0,0.0,0.0,0.0,0.0,0.0,0.0
0.0,0.0,0.0,0.0,0.0,0.0,0.0,0.0,0.0,0.0,0.0,0.0,0.0,2.3728262539952456,0.0,0.0,0.0,0.0,0.0,0.0,0.0,0.0,0.0,0.0,0.0,0.0,0.0,0.0,0.0605551421642303,0.1706449568271362,0.0,0.0,0.0,0.0,0.0,0.0,0.0
0.0,0.0,0.0,0.0,0.0,0.0,1.7773893117903783,0.0,0.0,0.0,0.0,0.0,0.0,3.753762207925207,0.0,0.0,0.0,0.0,0.0,0.0,0.0,0.0,0.0,0.0,0.0,0.0,1.5532291777431937,0.0,0.059337756037712,0.4827784352004398,0.0,0.0,0.0,0.0,0.0,0.0,0.0
0.0,0.0,0.0,0.4145224243402438,0.0,0.6217672638594862,1.4047123700380102,0.0,0.0,0.0,1.9214792580807396,0.0,0.0,3.150283084250923,0.0,0.0107592875137917,0.0,0.0,0.0,0.0,0.0,0.0,0.0,0.0,0.0,0.0,1.0388711748644617,0.0,0.0,0.4908473432063828,0.0,1.0814429968595498,0.0,0.0,0.0,0.0,0.0
0.0,0.0,0.0,0.3569743800908312,3.627617225050769,0.3036747071891607,4.044815256074066,0.0,0.0,0.0,1.7914169281254515,0.0,0.0,2.905525574460551,0.0216466739773724,0.0,0.0,0.0,0.0,0.0,0.0,8.513979339599262,0.0,0.0,0.0,0.0,0.1970334555953708,0.0,0.0,0.4678590096533286,0.0,1.185106083750722,0.0,0.0,0.0,0.0,0.0
0.0,0.0,0.0,0.1317292489111408,5.502654820680588,0.0,3.89800089523188,0.0,0.0,0.0,1.6429136677645118,0.0,0.0,1.6895793704315047,0.0012801177799701,0.0,23.642105698585468,0.0,0.0,0.0,0.0,0.0,0.0,0.0,0.0,0.0,0.0,0.0,0.0,0.4733446955680684,0.0,1.357411429285985,0.0,0.0,0.0,0.0,0.0
0.0,0.0,0.0,0.2592728957533821,23.099752236157617,0.8054451439529621,1.5718129407613586,0.0,0.0,0.0,2.897085529751976,0.0,0.0,28.76747895497825,0.1804173678159688,0.0710356766358005,8.96661959886548,0.0,0.0,0.0,0.0,117.47897129058832,0.0,0.0,0.0,0.0,0.0,0.0,0.0,0.9693584829568576,0.0,4.197448998689644,1.3305553989484784,0.0,0.0,0.0,0.0
0.0,0.0,0.0,1.0840670093893965,135.33944067358954,14.205244418233605,43.94221138488489,0.0,0.0,0.0,22.642165314592205,0.0,0.0,122.90102943778028,1.5015580192208269,0.4560484848916529,49.08526954650873,0.0,0.0,0.0,0.0,488.2236534118651,0.0,0.0,0.0,65.2163429975509,0.5203283339738839,0.0,92.27896796464908,10.55015579424796,0.0,50.07881109416481,8.926619205623842,0.0,0.0,0.0,0.0
0.0,0.0,0.0,4.496921986341475,382.2967911362648,88.2829873859882,225.2496653780341,0.0,0.0,0.0,140.23524775840332,0.0,0.0,330.57726293802256,5.828022944927215,1.1150037497282022,227.7262998461723,0.0,0.0,0.0,0.0,1113.0677253723145,0.0,0.0,0.0,282.4052060604095,5.5089069306850345,0.0,668.7928244709968,64.1777512207627,0.0,215.57551646232605,30.377676695585244,0.0,0.0,0.0,0.0
0.0,0.0,0.0,11.477731108665466,775.9642399549484,214.38813900947568,530.491460236907,0.0,0.0,0.0,399.3710372775792,0.0,0.0,601.0002344101667,13.817573010921476,1.9756159931421275,570.1344931960106,0.0,0.0,0.0,0.0,1910.1622283935544,0.0,0.0,0.0,548.7601781845093,16.655159962177272,0.0,1308.6365995585918,215.9677465736866,0.0,378.0724465847016,76.71982315182684,0.0,0.0,0.0,0.0
0.0,0.0,0.0,23.026528298854824,1144.7662341594696,300.54590743780136,828.1403873980046,0.0,0.0,0.0,848.7348318994044,0.0,0.0,892.9796434938908,21.707142609357835,0.0,948.4665894508362,0.0,0.0,0.0,0.0,2605.3296905517577,0.0,0.0,0.0,727.6694825649262,39.85549364089965,0.0,1857.9728213071824,297.3507937252522,0.0,463.8014965057373,126.83092764019966,0.0,0.0,0.0,0.0
0.0,0.0,0.0,35.76266360282898,1378.4796314239502,326.4455015063286,1046.5337898254395,0.0,0.0,0.0,1181.1418870270252,0.0,0.0,1037.3185685276983,25.305156970024107,4.702798515558243,1182.9471024990082,0.0,0.0,0.0,0.0,2900.2350799560545,0.0,0.0,0.0,777.3138879299164,56.16020638942719,0.0,2090.412831282616,337.2803077876568,0.0,474.1765604019165,143.64559641480443,0.0,0.0,0.0,0.0
0.0,0.0,0.0,44.48767006397247,1503.4634084701538,341.5751017332077,1132.8382625043391,0.0,0.0,0.0,1433.636313992739,0.0,0.0,1103.271995484829,26.938410472869872,0.0,1350.9139767169952,0.0,0.0,0.0,0.0,3081.683395385742,0.0,0.0,0.0,778.9068092346191,65.27018920183181,0.0,2197.7870730519294,352.228388941288,0.0,480.2983160018921,156.6534361243248,0.0,0.0,0.0,0.0
0.0,0.0,0.0,49.05944323539734,1535.715187072754,344.6061102747917,1141.4321809947492,0.0,0.0,0.0,1498.8481736004353,0.0,0.0,1107.8601723909378,26.594888055324557,0.0,1449.5370479106905,0.0,0.0,0.0,0.0,3128.8111877441406,0.0,0.0,0.0,739.8051644802093,67.69166572093964,0.0,2198.9560778975488,353.5172117471695,0.0,470.5562822818756,0.0,0.0,0.0,0.0,0.0
0.0,0.0,0.0,49.03503823280335,1511.7661137580872,337.644291639328,1094.0629062771798,0.0,0.0,0.0,1422.4357219696044,0.0,0.0,1070.5880862474442,25.30751060843468,0.0,1474.1513867139815,0.0,0.0,0.0,0.0,3073.364633178711,0.0,0.0,0.0,686.8570718765259,65.1058144569397,0.0,2134.329368197918,345.6649663686752,0.0,447.01521694660187,0.0,0.0,0.0,0.0,0.0
0.0,0.0,0.0,42.6267923116684,1399.0776052474976,325.03461480140686,1023.7983657598496,0.0,0.0,0.0,1273.009145784378,0.0,0.0,990.132199972868,22.586290365457536,0.0,1505.4741584539413,0.0,0.0,0.0,0.0,0.0,0.0,0.0,0.0,657.3567227363586,59.18031064271927,0.0,1987.8281792402267,349.5860046207905,0.0,399.6882634162903,0.0,0.0,0.0,0.0,0.0
0.0,0.0,0.0,0.0,0.0,0.0,854.9384026527405,0.0,0.0,0.0,0.0,0.0,0.0,841.7807824909687,0.0,0.0,0.0,0.0,0.0,0.0,0.0,0.0,0.0,0.0,0.0,0.0,49.24752930402756,0.0,1807.619531965256,340.4397582769394,0.0,337.7673485279083,0.0,0.0,0.0,0.0,0.0
0.0,0.0,0.0,0.0,0.0,0.0,0.0,0.0,0.0,0.0,0.0,0.0,0.0,0.0,0.0,0.0,0.0,0.0,0.0,0.0,0.0,0.0,0.0,0.0,0.0,0.0,0.0,0.0,0.0,321.6934151411057,0.0,0.0,0.0,0.0,0.0,0.0,0.0
0.0,0.0,0.0,0.0,0.0,0.0,0.0,0.0,0.0,0.0,0.0,0.0,0.0,0.0,0.0,0.0,0.0,0.0,0.0,0.0,0.0,0.0,0.0,0.0,0.0,0.0,0.0,0.0,0.0,0.0,0.0,0.0,0.0,0.0,0.0,0.0,0.0
0.0,0.0,0.0,0.0,0.0,0.0,0.0,0.0,0.0,0.0,0.0,0.0,0.0,0.0,0.0,0.0,0.0,0.0,0.0,0.0,0.0,0.0,0.0,0.0,0.0,0.0,0.0,0.0,0.0,0.0,0.0,0.0,0.0,0.0,0.0,0.0,0.0
0.0,0.0,0.0,0.0,0.0,0.0,0.0,0.0,0.0,0.0,0.0,0.0,0.0,0.0,0.0,0.0,0.0,0.0,0.0,0.0,0.0,0.0,0.0,0.0,0.0,0.0,0.0,0.0,0.0,0.0,0.0,0.0,0.0,0.0,0.0,0.0,0.0
0.0,0.0,0.0,0.0,0.0,0.0,0.0,0.0,0.0,0.0,0.0,0.0,0.0,0.0,0.0,0.0,0.0,0.0,0.0,0.0,0.0,0.0,0.0,0.0,0.0,0.0,0.0,0.0,0.0,0.0,0.0,0.0,0.0,0.0,0.0,0.0,0.0
0.0,0.0,0.0,0.0,0.0,0.0,0.0,0.0,0.0,0.0,0.0,0.0,0.0,0.0,0.0,0.0,0.0,0.0,0.0,0.0,0.0,0.0,0.0,0.0,0.0,0.0,0.0,0.0,0.0,0.0,0.0,0.0,0.0,0.0,0.0,0.0,0.0
0.0,0.0,0.0,0.0,0.0,0.0,0.0,0.0,0.0,0.0,0.0,0.0,0.0,0.0,0.0,0.0,0.0,0.0,0.0,0.0,0.0,0.0,0.0,0.0,0.0,0.0,0.0,0.0,0.0,0.0,0.0,0.0,0.0,0.0,0.0,0.0,0.0
0.0,0.0,0.0,0.0,0.0,0.0,0.0,0.0,0.0,0.0,0.0,0.0,0.0,4.475345187820367,0.0,0.0,0.0,0.0,0.0,0.0,0.0,0.0,0.0,0.0,0.0,0.0,0.0,0.0,0.0,0.0,0.0,0.0,0.0,0.0,0.0,0.0,0.0
0.0,0.0,0.0,0.0,0.0,0.0,2.0970274478195616,0.0,0.0,0.0,0.0,0.0,0.0,3.604201925918308,0.0,0.0,0.0,0.0,0.0,0.0,0.0,0.0,0.0,0.0,0.0,0.0,0.0,0.0,0.0429226785898208,0.1561297088861404,0.0,0.0,0.0,0.0,0.0,0.0,0.0
0.0,0.0,0.0,0.0,0.0,0.7221811483614026,5.454780507832625,0.0,0.0,0.0,2.022248003212611,0.0,0.0,6.650191708467854,0.0936996527016154,0.0,2.6052464246749305,0.0,0.0,0.0,0.0,0.0,0.0,0.0,0.0,0.6690685270353636,0.0,0.0,0.2309891998767853,0.4414146646856955,0.0,0.7916151434182656,0.0,0.0,0.0,0.0,0.0
0.0,0.0,0.0,0.2824952844530342,2.549500364810201,0.6475182948633615,3.540595276281138,0.0,0.0,0.0,2.0070862845050192,0.0,0.0,7.655531223863298,0.0992296569049332,0.0,4.566566145419991,0.0,0.0,0.0,0.0,0.0,0.0,0.0,0.0,2.013159596547445,0.494883937202388,0.0,0.0,0.4306688122451052,0.0,0.8763325363397151,0.0,0.0,0.0,0.0,0.0
0.0,0.0,0.0,0.2430366538464964,3.642399284988504,0.2594418660737261,4.992940573766751,0.0,0.0,0.0,1.8163527107796904,0.0,0.0,3.841248969547333,0.0791123248636718,0.0,9.594979786872752,0.0,0.0,0.0,0.0,0.0,0.0,0.0,0.0,0.0,0.0,0.0,0.0,0.430162125825844,0.0,0.9542144089936848,0.0,0.0,0.0,0.0,0.0
0.0,0.0,0.0,0.0741026755422352,6.614673264324483,0.0,5.197989956661916,0.0,0.0,0.0,1.6236939908004413,0.0,0.0,1.894970824941844,0.0857867203652858,0.0,20.87310442924485,0.0,0.0,0.0,0.0,0.0,0.0,0.0,0.0,0.0,0.0,0.0,0.0,0.4105800136923539,0.0,1.0639729499816395,0.0,0.0,0.0,0.0,0.0
0.0,0.0,0.0,0.1884999126195894,20.987387791275957,0.689252380281664,8.487784213572688,0.0,0.0,0.0,5.367377683799581,0.0,0.0,27.31536771636453,0.2674168657511469,0.0830891444347796,9.968331027030752,0.0,0.0,0.0,0.0,151.1719715118408,0.0,0.0,0.0,0.0,0.0,0.0,0.0,0.8888099864124961,0.0,3.1123864054679298,1.4498301604762476,0.0,0.0,0.0,0.0
0.0,0.0,0.0,0.9858508706092822,99.60922521352764,8.947199589572842,59.43082612715661,0.0,0.0,0.0,36.533622302673656,0.0,0.0,113.67370119318352,2.15842437185347,0.4067564681172369,51.23743230104441,0.0,0.0,0.0,0.0,612.0497787475583,0.0,0.0,0.0,36.43586088418961,0.3068306256085539,0.0,33.234248548746024,7.997892829030738,0.0,29.083326697349527,9.814148955047123,0.0,0.0,0.0,0.0
0.0,0.0,0.0,4.431874468922615,280.6020519733428,59.01213816553354,210.33084663897745,0.0,0.0,0.0,183.33993563950048,0.0,0.0,315.7690935954451,7.433930307626723,0.905852951109409,235.4600391268729,0.0,0.0,0.0,0.0,1415.9411651611329,0.0,0.0,0.0,201.3143059134483,4.000308952480554,0.0,344.17594988346093,50.162435832619664,0.0,145.64412534236905,41.08460447192192,0.0,0.0,0.0,0.0
0.0,0.0,0.0,11.438121944665903,554.9763813018798,183.27488556504247,430.50361033380034,0.0,0.0,0.0,462.9559162661432,0.0,0.0,584.529267475009,15.59078849852085,1.42755540460348,583.0770706176758,0.0,0.0,0.0,0.0,2347.06618347168,0.0,0.0,0.0,461.00958948135377,12.7139106541872,0.0,1050.7036601424215,191.5697821140289,0.0,331.2544432878494,95.5313353538513,0.0,0.0,0.0,0.0
0.0,0.0,0.0,22.86512970924377,912.5004816055296,268.5894060730934,673.9630163490771,0.0,0.0,0.0,941.659100842476,0.0,0.0,879.3208172917366,22.930139154195786,2.367746487259864,987.111813509464,0.0,0.0,0.0,0.0,2924.847784423828,0.0,0.0,0.0,629.5616483688354,29.80175349116325,0.0,1614.809288918972,283.95817544460294,0.0,432.56205654144287,149.45736354589462,0.0,0.0,0.0,0.0
0.0,0.0,0.0,35.31101214885712,1202.0216040611267,295.3684423863888,865.7735506772995,0.0,0.0,0.0,1304.4756093859671,0.0,0.0,1027.5276535749435,26.88288761973381,3.840309947729111,1241.830942249298,0.0,0.0,0.0,0.0,3090.9943359375,0.0,0.0,0.0,687.1062198638916,46.4856818139553,0.0,1870.397542655468,329.2484669685364,0.0,454.6288741827011,166.91038233041763,0.0,0.0,0.0,0.0
0.0,0.0,0.0,44.36894881725311,1411.0774927139282,312.73650190234184,1020.42255910635,0.0,0.0,0.0,1552.514156615734,0.0,0.0,1094.0800727903843,28.91244780421257,4.910591274499892,1431.1771390914917,0.0,0.0,0.0,0.0,3181.1845153808595,0.0,0.0,0.0,697.5659670352936,54.7393186211586,0.0,2006.1037368535997,347.7133150458336,0.0,462.6377716064453,176.55433648824692,0.0,0.0,0.0,0.0
0.0,0.0,0.0,50.09609413146973,1522.6800785064695,318.57446014881134,1103.967109930515,0.0,0.0,0.0,1631.075346940756,0.0,0.0,1096.0338309407234,29.431495159864426,5.473824888467788,1539.374107861519,0.0,0.0,0.0,0.0,3176.506909179688,0.0,0.0,0.0,685.3293446540832,59.20933068990708,0.0,2045.4917544603347,353.0847065627575,0.0,455.8460632562637,179.03229135274887,0.0,0.0,0.0,0.0
0.0,0.0,0.0,50.03277933597565,1532.5236337184906,313.568785071373,1113.0965843617917,0.0,0.0,0.0,1577.1180554986,0.0,0.0,1065.416485965252,27.99892019033432,5.840203285217285,1561.0515231370923,0.0,0.0,0.0,0.0,3066.663558959961,0.0,0.0,0.0,646.6499271392822,59.66173437833786,0.0,1994.162199985981,347.047605240345,0.0,442.041362285614,177.22412198781967,0.0,0.0,0.0,0.0
0.0,0.0,0.0,44.4086457490921,1439.405949831009,296.0497739315033,1078.1197132706643,0.0,0.0,0.0,1466.6923614263535,0.0,0.0,1002.5696428120136,25.380919021368022,5.187765032052993,1578.648304963112,0.0,0.0,0.0,0.0,0.0,0.0,0.0,0.0,619.4313708782196,53.01537095308304,0.0,1856.133075976372,351.05158776640894,0.0,398.64050912857056,0.0,0.0,0.0,0.0,0.0
0.0,0.0,0.0,34.96396517753601,0.0,254.246766269207,932.5651827275752,0.0,0.0,0.0,1214.103679639101,0.0,0.0,864.1543588042259,21.41071597337723,0.0,1512.5742057085038,0.0,0.0,0.0,0.0,0.0,0.0,0.0,0.0,566.012168931961,0.0,0.0,1675.2320108890533,342.742984867096,0.0,340.57012712955475,0.0,0.0,0.0,0.0,0.0
0.0,0.0,0.0,0.0,0.0,0.0,0.0,0.0,0.0,0.0,0.0,0.0,0.0,0.0,0.0,0.0,1391.517088508606,0.0,0.0,0.0,0.0,0.0,0.0,0.0,0.0,0.0,0.0,0.0,0.0,326.393520373106,0.0,0.0,0.0,0.0,0.0,0.0,0.0
0.0,0.0,0.0,0.0,0.0,0.0,0.0,0.0,0.0,0.0,0.0,0.0,0.0,0.0,0.0,0.0,1266.3490628242494,0.0,0.0,0.0,0.0,0.0,0.0,0.0,0.0,0.0,0.0,0.0,0.0,0.0,0.0,0.0,0.0,0.0,0.0,0.0,0.0
0.0,0.0,0.0,0.0,0.0,0.0,0.0,0.0,0.0,0.0,0.0,0.0,0.0,0.0,0.0,0.0,0.0,0.0,0.0,0.0,0.0,0.0,0.0,0.0,0.0,0.0,0.0,0.0,0.0,0.0,0.0,0.0,0.0,0.0,0.0,0.0,0.0
0.0,0.0,0.0,0.0,0.0,0.0,0.0,0.0,0.0,0.0,0.0,0.0,0.0,0.0,0.0,0.0,0.0,0.0,0.0,0.0,0.0,0.0,0.0,0.0,0.0,0.0,0.0,0.0,0.0,0.0,0.0,0.0,0.0,0.0,0.0,0.0,0.0
0.0,0.0,0.0,0.0,0.0,0.0,0.0,0.0,0.0,0.0,0.0,0.0,0.0,0.0,0.0,0.0,0.0,0.0,0.0,0.0,0.0,0.0,0.0,0.0,0.0,0.0,0.0,0.0,0.0,0.0,0.0,0.0,0.0,0.0,0.0,0.0,0.0
0.0,0.0,0.0,0.0,0.0,0.0,0.0,0.0,0.0,0.0,0.0,0.0,0.0,0.0,0.0,0.0,0.0,0.0,0.0,0.0,0.0,0.0,0.0,0.0,0.0,0.0,0.0,0.0,0.0,0.0,0.0,0.0,0.0,0.0,0.0,0.0,0.0
0.0,0.0,0.0,0.0,0.0,0.0,0.0,0.0,0.0,0.0,0.0,0.0,0.0,0.0,0.0,0.0,0.0,0.0,0.0,0.0,0.0,0.0,0.0,0.0,0.0,0.0,0.0,0.0,0.0,0.0,0.0,0.0,0.0,0.0,0.0,0.0,0.0
0.0,0.0,0.0,0.0,0.0,0.0,0.0,0.0,0.0,0.0,0.0,0.0,0.0,0.0,0.0,0.0,0.0,0.0,0.0,0.0,0.0,0.0,0.0,0.0,0.0,0.0,0.0,0.0,0.0,0.0,0.0,0.0,0.0,0.0,0.0,0.0,0.0
0.0,0.0,0.0,0.0,0.0,0.0,0.0,0.0,0.0,0.0,0.0,0.0,0.0,0.0,0.0,0.0,0.0,0.0,0.0,0.0,0.0,0.0,0.0,0.0,0.0,0.0,0.0,0.0,0.0,0.0,0.0,0.0,0.0,0.0,0.0,0.0,0.0
0.0,0.0,0.0,0.0,2.109075382351718,0.8977227904833611,4.019185499846843,0.0,0.0,0.0,2.1489601336884414,0.0,0.0,0.0,0.0,0.0,0.132070243358612,0.0,0.0,0.0,0.0,0.0,0.0,0.0,0.0,3.179372115246879,0.6856854978948811,0.0,0.3535524934529983,0.0,0.0,0.9443109780549688,0.5526178982108726,0.0,0.0,0.0,0.0
0.0,0.0,0.0,0.0,2.873207967728375,0.7652388382702678,4.289133754744993,0.0,0.0,0.0,2.094209482800195,0.0,0.0,13.758049374446186,0.0,0.0,2.1076694846152653,0.0,0.0,0.0,0.0,15.46852178573564,0.0,0.0,0.0,5.437992217764203,0.2538019474595733,0.0,0.0,0.525805777311309,0.0,1.0187212675809751,0.0523624662309696,0.0,0.0,0.0,0.0
0.0,0.0,0.0,0.3198174610733962,3.8313814476131,0.3344781398773152,6.290306027606124,0.0,0.0,0.0,1.84326449660574,0.0,0.0,8.667110241949533,0.1022899098694297,0.0,7.500547969341142,0.0,0.0,0.0,0.0,0.0,0.0,0.0,0.0,0.0,0.0,0.0,0.0,0.4750463418662335,0.0,1.12006548047065,0.0,0.0,0.0,0.0,0.0
0.0,0.0,0.0,0.1372272688895409,6.398483913391735,0.0,4.668032556399639,0.0,0.0,0.0,1.667941628582583,0.0,0.0,3.182704029604749,0.0702874884009355,0.0,16.753677260875588,0.0,0.0,0.0,0.0,7.748948860168033,0.0,0.0,0.0,0.0,0.0,0.0,0.0,0.53575206100937,0.0,1.2658091783523229,0.0,0.0,0.0,0.0,0.0
0.0,0.0,0.0,0.276046657934782,22.187330029904786,0.7128439773805391,14.8997395019978,0.0,0.0,0.0,4.5822189156895465,0.0,0.0,31.577795920893465,0.1637648530304412,0.0,8.063700389861859,0.0,0.0,0.0,0.0,310.4968894958492,0.0,0.0,0.0,0.0,0.0,0.0,0.0,1.016632618755094,0.0,3.8714745193719375,1.2759883552789515,0.0,0.0,0.0,0.0
0.0,0.0,0.0,0.9144438803195928,110.0674429535864,11.638415613211668,99.16761837229129,0.0,0.0,0.0,24.78564455583672,0.0,0.0,125.45638604089608,1.35243462771177,0.0,42.59243898391716,0.0,0.0,0.0,0.0,1132.007453918457,0.0,0.0,0.0,4.1265232142060375,0.0,0.0,29.05784835964433,7.867727138102035,0.0,43.81584638357159,8.063868917524811,0.0,0.0,0.0,0.0
0.0,0.0,0.0,3.900829613208765,291.30769234895695,78.96499141305681,289.70996992290014,0.0,0.0,0.0,142.8922420158982,0.0,0.0,329.8760714381933,5.319930991530417,0.0,212.07600665092465,0.0,0.0,0.0,0.0,2152.098114013672,0.0,0.0,0.0,52.945219165086726,0.0178245674818746,0.0,308.2711881488559,49.512524099648,0.0,191.80448341369623,33.79310335218906,0.0,0.0,0.0,0.0
0.0,0.0,0.0,10.223157286643982,578.2032088041306,209.27439992129803,523.1300819933415,0.0,0.0,0.0,403.4852602377534,0.0,0.0,605.0437280535697,13.188171395659444,0.0,539.8319411039352,0.0,0.0,0.0,0.0,2855.7130798339845,0.0,0.0,0.0,180.00398354530327,1.704391475021832,0.0,796.6602301299571,189.61602271199223,0.0,361.2897552251816,81.0915043056011,0.0,0.0,0.0,0.0
0.0,0.0,0.0,20.68768721818924,962.4613769054412,296.4233472645283,781.6161976516247,0.0,0.0,0.0,868.9261133313178,0.0,0.0,904.872448593378,21.23652371764183,4.067259192466735,932.213492119312,0.0,0.0,0.0,0.0,3329.7833892822264,0.0,0.0,0.0,395.4002785205841,4.471675102412694,0.0,1274.454596275091,284.5148393034935,0.0,459.7049925327301,132.36383578181267,0.0,0.0,0.0,0.0
0.0,0.0,0.0,32.24126636981964,1242.761489391327,323.31985545158386,984.7108512282372,0.0,0.0,0.0,1220.1762668967249,0.0,0.0,1061.2079712748528,25.52587804198265,5.317521989345551,1171.2181617498395,0.0,0.0,0.0,0.0,3501.957974243164,0.0,0.0,0.0,508.90759019851686,7.588102148473262,0.0,1563.6611642479895,329.7329177618027,0.0,482.4060962200165,147.99224269390106,0.0,0.0,0.0,0.0
0.0,0.0,0.0,37.60845637321472,1396.624756813049,339.6980268061161,1118.2595721065998,0.0,0.0,0.0,1499.1999678552152,0.0,0.0,0.0,26.783327668905255,6.375612825155258,1339.289098739624,0.0,0.0,0.0,0.0,3572.761428833008,0.0,0.0,0.0,553.9597696304321,10.020674094557762,0.0,1745.270041191578,348.45943862199783,0.0,484.4465618133545,159.69583266973495,0.0,0.0,0.0,0.0
0.0,0.0,0.0,41.46769142150879,1454.7728283405304,344.0071208178997,1146.0303281247616,0.0,0.0,0.0,1610.9335662424564,0.0,0.0,1186.8275460600853,26.701345735788344,6.999361097812653,1432.8774438858031,0.0,0.0,0.0,0.0,3520.640423583985,0.0,0.0,0.0,553.5915926456452,12.046740032732483,0.0,1796.8729184865952,353.53089520931246,0.0,478.46363365650177,164.6411416530609,0.0,0.0,0.0,0.0
0.0,0.0,0.0,42.089468359947205,1445.1245121955872,338.4693625569344,1099.786564064026,0.0,0.0,0.0,1585.0322056651116,0.0,0.0,0.0,26.184072500467305,7.208655536174774,1447.7167461156846,0.0,0.0,0.0,0.0,3352.226773071289,0.0,0.0,0.0,523.342884349823,15.155481126904482,0.0,1795.256229710579,348.54271092414854,0.0,458.2729779481888,163.8286041021347,0.0,0.0,0.0,0.0
0.0,0.0,0.0,37.30834579467773,1333.6722655296326,323.12544402480125,1017.0993379354476,0.0,0.0,0.0,1486.044571518898,0.0,0.0,0.0,24.273962080478668,6.40180543065071,1475.200962114334,0.0,0.0,0.0,0.0,3075.1879272460938,0.0,0.0,0.0,510.3251711845398,15.253690105676643,0.0,0.0,353.56742349267006,0.0,412.5302504301071,156.14673095941544,0.0,0.0,0.0,0.0
0.0,0.0,0.0,0.0,1118.27627825737,0.0,848.4592365443707,0.0,0.0,0.0,1255.622047007084,0.0,0.0,0.0,0.0,0.0,1417.4919653177262,0.0,0.0,0.0,0.0,2662.5305511474608,0.0,0.0,0.0,431.11519567966457,11.860508796572685,0.0,0.0,0.0,0.0,351.14810371398926,0.0,0.0,0.0,0.0,0.0
0.0,0.0,0.0,0.0,0.0,0.0,0.0,0.0,0.0,0.0,0.0,0.0,0.0,0.0,0.0,0.0,1315.8035161972043,0.0,0.0,0.0,0.0,0.0,0.0,0.0,0.0,0.0,0.0,0.0,0.0,0.0,0.0,0.0,0.0,0.0,0.0,0.0,0.0
0.0,0.0,0.0,0.0,0.0,0.0,0.0,0.0,0.0,0.0,0.0,0.0,0.0,0.0,0.0,0.0,1195.035911679268,0.0,0.0,0.0,0.0,0.0,0.0,0.0,0.0,0.0,0.0,0.0,0.0,0.0,0.0,0.0,0.0,0.0,0.0,0.0,0.0
0.0,0.0,0.0,0.0,0.0,0.0,0.0,0.0,0.0,0.0,0.0,0.0,0.0,0.0,0.0,0.0,0.0,0.0,0.0,0.0,0.0,0.0,0.0,0.0,0.0,0.0,0.0,0.0,0.0,0.0,0.0,0.0,0.0,0.0,0.0,0.0,0.0
0.0,0.0,0.0,0.0,0.0,0.0,0.0,0.0,0.0,0.0,0.0,0.0,0.0,0.0,0.0,0.0,0.0,0.0,0.0,0.0,0.0,0.0,0.0,0.0,0.0,0.0,0.0,0.0,0.0,0.0,0.0,0.0,0.0,0.0,0.0,0.0,0.0
0.0,0.0,0.0,0.0,0.0,0.0,0.0,0.0,0.0,0.0,0.0,0.0,0.0,0.0,0.0,0.0,0.0,0.0,0.0,0.0,0.0,0.0,0.0,0.0,0.0,0.0,0.0,0.0,0.0,0.0,0.0,0.0,0.0,0.0,0.0,0.0,0.0
0.0,0.0,0.0,0.0,0.0,0.0,0.0,0.0,0.0,0.0,0.0,0.0,0.0,0.0,0.0,0.0,0.0,0.0,0.0,0.0,0.0,0.0,0.0,0.0,0.0,0.0,0.0,0.0,0.0,0.0,0.0,0.0,0.0,0.0,0.0,0.0,0.0
0.0,0.0,0.0,0.0,0.0,0.0,0.0,0.0,0.0,0.0,0.0,0.0,0.0,0.0,0.0,0.0,0.0,0.0,0.0,0.0,0.0,0.0,0.0,0.0,0.0,0.0,0.0,0.0,0.0,0.0,0.0,0.0,0.0,0.0,0.0,0.0,0.0
0.0,0.0,0.0,0.0,0.0,0.0,0.0,0.0,0.0,0.0,0.0,0.0,0.0,0.0,0.0,0.0,0.0,0.0,0.0,0.0,0.0,0.0,0.0,0.0,0.0,0.0,0.0,0.0,0.0,0.0,0.0,0.0,0.0,0.0,0.0,0.0,0.0
0.0,0.0,0.0,0.0,0.0,0.0,0.0,0.0,0.0,0.0,0.0,0.0,0.0,0.0,0.0,0.0,0.0,0.0,0.0,0.0,0.0,0.0,0.0,0.0,0.0,0.0,0.0,0.0,0.0,0.0,0.0,0.0,0.0,0.0,0.0,0.0,0.0
0.0,0.0,0.0,0.25782143510878,2.580505050718703,1.058068970683925,10.401221461966536,0.0,0.0,0.0,2.159236409701329,0.0,0.0,0.0,0.1108966425061213,0.0,0.0,0.0,0.0,0.0,0.0,0.0,0.0,0.0,0.0,0.0,0.4982309479266342,0.0,0.0,0.0,0.0,1.155283659696544,0.0,0.0,0.0,0.0,0.0
0.0,0.0,0.0,0.3004452511668178,3.764134012162501,1.0153156723826935,11.93806052356956,0.0,0.0,0.0,2.113009590189682,0.0,0.0,0.0,0.1223506238311527,0.0,0.0,0.0,0.0,0.0,0.0,9.286088562011637,0.0,0.0,0.0,4.691786879301017,0.2790049921721134,0.0,0.0,0.5807739317417117,0.0,1.3037185072898532,0.0,0.0,0.0,0.0,0.0
0.0,0.0,0.0,0.347075900062913,6.058705426752425,0.4901241310871873,6.468887006491376,0.0,0.0,0.0,1.8733061019329644,0.0,0.0,0.0,0.0826974391937241,0.0,9.096054565906472,0.0,0.0,0.0,0.0,8.542998790740526,0.0,0.0,0.0,0.0,0.0,0.0,0.0,0.4907155461608983,0.0,1.4119834601879104,0.0,0.0,0.0,0.0,0.0
0.0,0.0,0.0,0.1907036360353218,11.31210291013102,0.1572719081304537,1.7137880772351897,0.0,0.0,0.0,1.723263360280382,0.0,0.0,0.0,0.0386116996407503,0.0,14.192433822154808,0.0,0.0,0.0,0.0,0.0,0.0,0.0,0.0,0.0,0.0,0.0,0.0,0.4738835990428627,0.0,1.6175424456596246,0.0,0.0,0.0,0.0,0.0
0.0,0.0,0.0,0.3020473029464452,23.35951723158347,0.6406615828163664,1.7493399433790553,0.0,0.0,0.0,2.8255245483943967,0.0,0.0,0.0,0.2176831785589449,0.0835762107744811,3.869627487659311,0.0,0.0,0.0,0.0,104.25927448272702,0.0,0.0,0.0,8.467167232930587,0.5567888654768457,0.0,0.4718156650660243,1.1143908806145018,0.0,4.622699990868533,1.232296572066843,0.0,0.0,0.0,0.0
0.0,0.0,0.0,1.0265500880777811,80.93896128237232,3.213894254993625,21.970724617689815,0.0,0.0,0.0,18.865767909027497,0.0,0.0,84.2849891260266,1.531267212331295,0.4222701899707317,15.066119849681696,0.0,0.0,0.0,0.0,499.015256500244,0.0,0.0,0.0,48.04427354633801,3.0324807941913514,0.0,17.173724992573085,13.426355395466064,0.0,37.44711948931217,9.93163691461084,0.0,0.0,0.0,0.0
0.0,0.0,0.0,4.221378087997432,243.38851463794708,28.39187936484812,86.4150268562138,0.0,0.0,0.0,111.96955753490316,0.0,0.0,261.2604566663504,5.85780222415924,1.0701559931039808,141.4840019345283,0.0,0.0,0.0,0.0,1269.4828216552737,0.0,0.0,0.0,128.8780816912651,7.6353936165571135,0.0,163.7705769374965,74.54764233827588,0.0,171.22199630737305,38.10508763790129,0.0,0.0,0.0,0.0
0.0,0.0,0.0,10.927821248769758,505.0977500081062,132.8239094018936,249.3644383847713,0.0,0.0,0.0,351.7190882548689,0.0,0.0,507.55689583718777,13.828351628780364,1.7378580272197717,402.8130165338516,0.0,0.0,0.0,0.0,2231.151614379882,0.0,0.0,0.0,266.67913906574245,15.918921130895614,0.0,656.8989620149134,226.34564509391785,0.0,348.26247358322144,79.90351349115372,0.0,0.0,0.0,0.0
0.0,0.0,0.0,22.326421797275543,865.2767169475554,227.8782960176468,457.8408081144095,0.0,0.0,0.0,790.2515459835528,0.0,0.0,782.071205675602,21.9336421251297,2.3026341944932938,767.486414349079,0.0,0.0,0.0,0.0,2838.919381713867,0.0,0.0,0.0,384.042457294464,30.07363352179527,0.0,1129.6195769488809,303.4180736422539,0.0,445.0852679014206,127.13348549604414,0.0,0.0,0.0,0.0
0.0,0.0,0.0,34.753902554512024,1160.2998478412628,254.7106125056744,630.0590796023606,0.0,0.0,0.0,1107.444855776429,0.0,0.0,956.1802917718888,25.814909023046493,3.570636063814163,1022.1076088666916,0.0,0.0,0.0,0.0,2995.624621582031,0.0,0.0,0.0,472.51303415298463,44.07263679504395,0.0,1471.4247655272484,344.66724516153334,0.0,469.35046780109406,142.7945765852928,0.0,0.0,0.0,0.0
0.0,0.0,0.0,42.85082018375397,1332.3419156074524,274.1428396701813,749.3135250121354,0.0,0.0,0.0,1363.9103943347932,0.0,0.0,1054.3034906685352,27.067626267671585,4.48290205001831,1215.1082598209382,0.0,0.0,0.0,0.0,3023.250799560547,0.0,0.0,0.0,518.1334949493408,54.06380356550217,0.0,1686.7984357476234,359.6855009198189,0.0,474.2882969379425,154.83302438259125,0.0,0.0,0.0,0.0
0.0,0.0,0.0,46.84855842590332,1410.5171263217926,282.0454712212086,792.3022023677826,0.0,0.0,0.0,1441.711036401987,0.0,0.0,1092.9891584813597,26.893705987930296,5.146054685115813,1341.844949054718,0.0,0.0,0.0,0.0,2971.243054199219,0.0,0.0,0.0,537.1546086788178,59.397568833827975,0.0,1758.714225244522,360.20254365801804,0.0,463.3654226064682,161.7250109910965,0.0,0.0,0.0,0.0
0.0,0.0,0.0,46.92675125598908,1402.421389579773,279.68488270044327,745.5141785621643,0.0,0.0,0.0,1386.5147348165513,0.0,0.0,0.0,25.917203378677367,5.599697470664978,1386.1031278133391,0.0,0.0,0.0,0.0,2832.777001953125,0.0,0.0,0.0,517.7414690971375,59.18571897745132,0.0,1809.805643284321,353.2441282689571,0.0,442.6721677780152,0.0,0.0,0.0,0.0,0.0
0.0,0.0,0.0,41.572192430496216,1283.8040709495544,264.1502520143986,624.9246058821678,0.0,0.0,0.0,1276.1462717294694,0.0,0.0,0.0,23.740332627296446,4.887742578983307,1439.5673686027526,0.0,0.0,0.0,0.0,2641.434606933594,0.0,0.0,0.0,502.1877007484436,53.71483135223389,0.0,0.0,356.40573437213897,0.0,392.8454949855805,0.0,0.0,0.0,0.0,0.0
0.0,0.0,0.0,32.50569701194763,1068.0239117145538,221.5202971845865,463.5912572979927,0.0,0.0,0.0,1009.9821832716464,0.0,0.0,0.0,19.48810721039772,0.0,0.0,0.0,0.0,0.0,0.0,0.0,0.0,0.0,0.0,435.25674262046806,44.51055094599724,0.0,0.0,0.0,0.0,328.5009665489197,0.0,0.0,0.0,0.0,0.0
0.0,0.0,0.0,0.0,0.0,0.0,0.0,0.0,0.0,0.0,0.0,0.0,0.0,0.0,0.0,0.0,0.0,0.0,0.0,0.0,0.0,0.0,0.0,0.0,0.0,0.0,0.0,0.0,0.0,0.0,0.0,0.0,0.0,0.0,0.0,0.0,0.0
0.0,0.0,0.0,0.0,0.0,0.0,0.0,0.0,0.0,0.0,0.0,0.0,0.0,0.0,0.0,0.0,0.0,0.0,0.0,0.0,0.0,0.0,0.0,0.0,0.0,0.0,0.0,0.0,0.0,0.0,0.0,0.0,0.0,0.0,0.0,0.0,0.0
0.0,0.0,0.0,0.0,0.0,0.0,0.0,0.0,0.0,0.0,0.0,0.0,0.0,0.0,0.0,0.0,0.0,0.0,0.0,0.0,0.0,0.0,0.0,0.0,0.0,0.0,0.0,0.0,0.0,0.0,0.0,0.0,0.0,0.0,0.0,0.0,0.0
0.0,0.0,0.0,0.0,0.0,0.0,0.0,0.0,0.0,0.0,0.0,0.0,0.0,0.0,0.0,0.0,0.0,0.0,0.0,0.0,0.0,0.0,0.0,0.0,0.0,0.0,0.0,0.0,0.0,0.0,0.0,0.0,0.0,0.0,0.0,0.0,0.0
0.0,0.0,0.0,0.0,0.0,0.0,0.0,0.0,0.0,0.0,0.0,0.0,0.0,0.0,0.0,0.0,0.0,0.0,0.0,0.0,0.0,0.0,0.0,0.0,0.0,0.0,0.0,0.0,0.0,0.0,0.0,0.0,0.0,0.0,0.0,0.0,0.0
0.0,0.0,0.0,0.0,0.0,0.0,0.0,0.0,0.0,0.0,0.0,0.0,0.0,0.0,0.0,0.0,0.0,0.0,0.0,0.0,0.0,0.0,0.0,0.0,0.0,0.0,0.0,0.0,0.0,0.0,0.0,0.0,0.0,0.0,0.0,0.0,0.0
0.0,0.0,0.0,0.0,0.0,0.0,0.0,0.0,0.0,0.0,0.0,0.0,0.0,0.0,0.0,0.0,0.0,0.0,0.0,0.0,0.0,0.0,0.0,0.0,0.0,0.0,0.0,0.0,0.0,0.0,0.0,0.0,0.0,0.0,0.0,0.0,0.0
0.0,0.0,0.0,0.0,0.0,0.0,0.0,0.0,0.0,0.0,0.0,0.0,0.0,0.0,0.0,0.0,0.0,0.0,0.0,0.0,0.0,0.0,0.0,0.0,0.0,0.0,0.0,0.0,0.0,0.0,0.0,0.0,0.0,0.0,0.0,0.0,0.0
0.0,0.0,0.0,0.0,0.0,0.0,0.0,0.0,0.0,0.0,0.0,0.0,0.0,0.0,0.0,0.0,0.0,0.0,0.0,0.0,0.0,0.0,0.0,0.0,0.0,0.0,0.0,0.0,0.0,0.0,0.0,0.0,0.3515055328607322,0.0,0.0,0.0,0.0
0.0,0.0,0.0,0.0,0.0,0.0,0.0,0.0,0.0,0.0,2.0533395919948814,0.0,0.0,0.0,0.0,0.0,0.0,0.0,0.0,0.0,0.0,0.0,0.0,0.0,0.0,0.0,0.0002046782523393,0.0,0.0,0.3677284009754377,0.0,0.0,0.0,0.0,0.0,0.0,0.0
0.0,0.0,0.0,0.0,2.378721360117122,0.0,1.7147627219556898,0.0,0.0,0.0,2.0234272480010347,0.0,0.0,9.89838775480161,0.0,0.0,0.0,0.0,0.0,0.0,0.0,4.635507202148019,0.0,0.0,0.0,0.4633001254870973,0.0,0.0,0.0,0.3539541453122941,0.0,0.9632970392703826,0.0145918522030115,0.0,0.0,0.0,0.0
0.0,0.0,0.0,0.0,3.5692910514770246,0.2184641854837371,4.35600458234543,0.0,0.0,0.0,1.816048628790141,0.0,0.0,5.953854103572592,0.1550135023891892,0.0,10.650806307792523,0.0,0.0,0.0,0.0,0.3337533950805664,0.0,0.0,0.0,0.0,0.0,0.0,0.0,0.3688325673341706,0.0,1.0469110608100385,0.0,0.0,0.0,0.0,0.0
0.0,0.0,0.0,0.0981949474662502,6.014735646545788,0.0,3.9546096205710017,0.0,0.0,0.0,1.6455984892322724,0.0,0.0,2.1894565736874188,0.1014052033424348,0.0,24.01968563795087,0.0,0.0,0.0,0.0,0.0,0.0,0.0,0.0,0.0,0.0,0.0,0.0,0.4217944778501653,0.0,1.237422034144387,0.0,0.0,0.0,0.0,0.0
0.0,0.0,0.0,0.2012425903230849,15.933958018198435,0.6784485573880078,6.879835753142705,0.0,0.0,0.0,3.355156969604822,0.0,0.0,35.116549930535115,0.1681461509317153,0.0,11.221435558795724,0.0,0.0,0.0,0.0,121.31361293792692,0.0,0.0,0.0,2.784403638169136,0.0,0.0,0.1293374583125114,0.9725626155734032,0.0,3.432045653462374,1.409032516181445,0.0,0.0,0.0,0.0
0.0,0.0,0.0,0.6871427297592158,94.08955949544904,7.971660248935206,53.849574133753705,0.0,0.0,0.0,19.064277293626077,0.0,0.0,123.69784209877253,0.8979415588080872,0.8688742890954009,54.40037673711759,0.0,0.0,0.0,0.0,551.6244064331054,0.0,0.0,0.0,58.511749392747866,0.0,0.0,57.62996947243794,12.483860079199047,0.0,27.043053969740843,9.321956507861614,0.0,0.0,0.0,0.0
0.0,0.0,0.0,3.4151949137449216,281.1229732632637,50.37313840538261,199.29587378054853,0.0,0.0,0.0,118.68386586122196,0.0,0.0,309.97048161923885,4.066826181113719,1.6632782965898514,240.7725723266601,0.0,0.0,0.0,0.0,1367.5574645996094,0.0,0.0,0.0,252.03609597682956,0.2432459272444164,0.0,441.8197028845549,71.06009921282526,0.0,130.07191312313077,38.06083345413207,0.0,0.0,0.0,0.0
0.0,0.0,0.0,8.911782890558241,565.7550156116486,167.10959538817406,418.0526373595,0.0,0.0,0.0,367.736983178556,0.0,0.0,561.6117817908525,9.81296290755272,2.6481752395629883,592.7425287246703,0.0,0.0,0.0,0.0,2245.739324951172,0.0,0.0,0.0,519.7800896644592,3.929909510910511,0.0,940.2286966383456,226.64438506364823,0.0,316.7189695835113,84.17131781578064,0.0,0.0,0.0,0.0
0.0,0.0,0.0,18.531214773654938,933.1642287969588,254.31484353542328,664.0386851489543,0.0,0.0,0.0,792.2378137767315,0.0,0.0,818.5379891097546,18.267807412147523,3.543738335371017,997.0849248051644,0.0,0.0,0.0,0.0,2836.612628173828,0.0,0.0,0.0,703.162321805954,9.86682628691196,0.0,1474.517554616928,305.8742316663265,0.0,432.7286925315857,135.50429359078404,0.0,0.0,0.0,0.0
0.0,0.0,0.0,30.41546803712845,1206.9505076408386,276.9885918200016,852.6098630845547,0.0,0.0,0.0,1098.5059048056603,0.0,0.0,957.287958562374,23.89433589577675,4.9375517666339865,1241.482472920418,0.0,0.0,0.0,0.0,3025.983703613281,0.0,0.0,0.0,751.4908941745758,18.606380605697627,0.0,1757.972483658791,342.0625840842724,0.0,454.8360209465027,154.56646889448166,0.0,0.0,0.0,0.0
0.0,0.0,0.0,38.98951196670532,1406.2936310768127,291.05564910173416,981.5402186214924,0.0,0.0,0.0,1347.3410748004912,0.0,0.0,1032.3048421740532,26.3218304336071,6.139231592416763,1409.5168837547303,0.0,0.0,0.0,0.0,3152.031094360352,0.0,0.0,0.0,760.2203333377838,32.45002887845039,0.0,1886.7004634976388,354.9063643217087,0.0,449.1201983690262,164.4069647192955,0.0,0.0,0.0,0.0
0.0,0.0,0.0,44.82784712314606,1510.2530109882357,293.81296467781067,1052.447299337387,0.0,0.0,0.0,1426.5708640754224,0.0,0.0,1056.5683533251286,27.573060178756712,6.999523043632507,1499.5034803152084,0.0,0.0,0.0,0.0,3179.116232299805,0.0,0.0,0.0,731.3942126750946,39.4541384279728,0.0,1917.9684370994569,355.19263921976085,0.0,434.7115675210953,168.99977707862854,0.0,0.0,0.0,0.0
0.0,0.0,0.0,47.80581545829773,1519.2415754795074,288.03286412358284,1039.820346325636,0.0,0.0,0.0,1370.309279578924,0.0,0.0,0.0,27.13784628510475,7.289603650569916,1513.9657541751862,0.0,0.0,0.0,0.0,3091.858316040039,0.0,0.0,0.0,686.6121230125427,42.93185276985168,0.0,1952.671167480945,345.77548844218256,0.0,418.4785883426666,166.95964872837067,0.0,0.0,0.0,0.0
0.0,0.0,0.0,0.0,1419.946744441986,272.5657252073288,1001.7227988362312,0.0,0.0,0.0,1278.0517109274865,0.0,0.0,0.0,0.0,0.0,1537.6916984319687,0.0,0.0,0.0,0.0,2899.24860534668,0.0,0.0,0.0,656.9835929393769,39.40915384292602,0.0,0.0,349.04691370129586,0.0,374.183340549469,157.51342380046844,0.0,0.0,0.0,0.0
0.0,0.0,0.0,0.0,0.0,0.0,836.0741767525673,0.0,0.0,0.0,1020.5010213553904,0.0,0.0,0.0,0.0,0.0,1479.0275058984755,0.0,0.0,0.0,0.0,0.0,0.0,0.0,0.0,597.1170677185058,32.309154635667795,0.0,0.0,339.6071289777756,0.0,0.0,0.0,0.0,0.0,0.0,0.0
0.0,0.0,0.0,0.0,0.0,0.0,0.0,0.0,0.0,0.0,0.0,0.0,0.0,0.0,0.0,0.0,0.0,0.0,0.0,0.0,0.0,0.0,0.0,0.0,0.0,0.0,0.0,0.0,0.0,324.59756596684457,0.0,0.0,0.0,0.0,0.0,0.0,0.0
0.0,0.0,0.0,0.0,0.0,0.0,0.0,0.0,0.0,0.0,0.0,0.0,0.0,0.0,0.0,0.0,0.0,0.0,0.0,0.0,0.0,0.0,0.0,0.0,0.0,0.0,0.0,0.0,0.0,0.0,0.0,0.0,0.0,0.0,0.0,0.0,0.0
0.0,0.0,0.0,0.0,0.0,0.0,0.0,0.0,0.0,0.0,0.0,0.0,0.0,0.0,0.0,0.0,0.0,0.0,0.0,0.0,0.0,0.0,0.0,0.0,0.0,0.0,0.0,0.0,0.0,0.0,0.0,0.0,0.0,0.0,0.0,0.0,0.0
0.0,0.0,0.0,0.0,0.0,0.0,0.0,0.0,0.0,0.0,0.0,0.0,0.0,0.0,0.0,0.0,0.0,0.0,0.0,0.0,0.0,0.0,0.0,0.0,0.0,0.0,0.0,0.0,0.0,0.0,0.0,0.0,0.0,0.0,0.0,0.0,0.0
0.0,0.0,0.0,0.0,0.0,0.0,0.0,0.0,0.0,0.0,0.0,0.0,0.0,0.0,0.0,0.0,0.0,0.0,0.0,0.0,0.0,0.0,0.0,0.0,0.0,0.0,0.0,0.0,0.0,0.0,0.0,0.0,0.0,0.0,0.0,0.0,0.0
0.0,0.0,0.0,0.0,0.0,0.0,0.0,0.0,0.0,0.0,0.0,0.0,0.0,0.0,0.0,0.0,0.0,0.0,0.0,0.0,0.0,0.0,0.0,0.0,0.0,0.0,0.0,0.0,0.0,0.0,0.0,0.0,0.0,0.0,0.0,0.0,0.0
0.0,0.0,0.0,0.0,0.0,0.0,0.0,0.0,0.0,0.0,0.0,0.0,0.0,0.0,0.0,0.0,0.0,0.0,0.0,0.0,0.0,0.0,0.0,0.0,0.0,0.0,0.0,0.0,0.0,0.0,0.0,0.0,0.0,0.0,0.0,0.0,0.0
0.0,0.0,0.0,0.0,0.0,0.0,0.0,0.0,0.0,0.0,0.0,0.0,0.0,0.0,0.0,0.0,0.0,0.0,0.0,0.0,0.0,0.0,0.0,0.0,0.0,0.0,0.0,0.0,0.0,0.0,0.0,0.0,0.0,0.0,0.0,0.0,0.0
0.0,0.0,0.0,0.0,0.0,0.0,0.0,0.0,0.0,0.0,0.0,0.0,0.0,0.0,0.0,0.0,0.0,0.0,0.0,0.0,0.0,0.0,0.0,0.0,0.0,0.0,0.0,0.0,0.2227423906326294,0.1214963741600155,0.0,0.0,0.0,0.0,0.0,0.0,0.0
0.0,0.0,0.0,0.0,0.0,0.0,3.231887894123703,0.0,0.0,0.0,0.0,0.0,0.0,0.0,0.0,0.0,1.5074393391608334,0.0,0.0,0.0,0.0,3.7866521835326976,0.0,0.0,0.0,0.0,0.6931997871026344,0.0,0.400402224063687,0.0,0.0,0.0,0.404679263941921,0.0,0.0,0.0,0.0
0.0,0.0,0.0,0.0,2.9627063348888023,0.0,3.913583877682649,0.0,0.0,0.0,0.0,0.0,0.0,0.0,0.0,0.0,3.4102926969526277,0.0,0.0,0.0,0.0,9.358938503265076,0.0,0.0,0.0,0.0,0.3502666797488857,0.0,0.0,0.4505408778786296,0.0,0.0,0.0517719592898802,0.0,0.0,0.0,0.0
0.0,0.0,0.0,0.0,4.2258423231540565,0.2236209618858798,6.680305579304628,0.0,0.0,0.0,1.8529294300822887,0.0,0.0,0.0,0.0,0.0,8.164147317409451,0.0,0.0,0.0,0.0,4.985556983947412,0.0,0.0,0.0,1.6675841283984374,0.0705907672643656,0.0,0.0,0.457997661828971,0.0,1.1257931441068143,0.0,0.0,0.0,0.0,0.0
0.0,0.0,0.0,0.107273029163476,6.350091930478628,0.0,6.182687117531873,0.0,0.0,0.0,1.6562360612675346,0.0,0.0,0.0,0.1076690196990965,0.0,15.947282707691068,0.0,0.0,0.0,0.0,0.0,0.0,0.0,0.0,1.2117097513749846,0.0,0.0,0.0,0.5306441932916408,0.0,1.3277145922183404,0.0,0.0,0.0,0.0,0.0
0.0,0.0,0.0,0.2811188306659448,18.422728966921447,0.9873860790393832,4.387725868076046,0.0,0.0,0.0,5.271419155504392,0.0,0.0,22.114860299043208,0.1966679334640496,0.0,7.532109999656616,0.0,0.0,0.0,0.0,269.8512056350705,0.0,0.0,0.0,4.653757558762942,0.3990891192108392,0.0,0.0,1.0867047145962625,0.0,3.28246258199212,1.3940853774547448,0.0,0.0,0.0,0.0
0.0,0.0,0.0,0.8336295634508127,107.48000505566586,10.279915868304649,42.67402294073253,0.0,0.0,0.0,23.472006123326693,0.0,0.0,107.08442216739054,0.8909179095178825,0.929427981376648,42.17906831502907,0.0,0.0,0.0,0.0,1001.4821556091306,0.0,0.0,0.0,53.88971910476678,1.889271724969143,0.0,10.54896495044221,11.45005430541929,0.0,21.56786502897736,9.10682642459868,0.0,0.0,0.0,0.0
0.0,0.0,0.0,3.672905772924423,308.20838940143574,57.229201748967135,174.0619366407394,0.0,0.0,0.0,122.51926576793193,0.0,0.0,305.057179108262,3.978058969974518,1.777818158268928,217.7903275609016,0.0,0.0,0.0,0.0,2076.354138183594,0.0,0.0,0.0,187.4579793572425,5.903904862701889,0.0,162.61881185024973,66.40430707633496,0.0,100.8607568144798,37.62689708173275,0.0,0.0,0.0,0.0
0.0,0.0,0.0,9.61824008822441,638.5991151332854,153.49428851902482,412.0304662942887,0.0,0.0,0.0,355.0345863640308,0.0,0.0,572.3307751119137,10.22341234087944,2.858045980334281,556.3656647205352,0.0,0.0,0.0,0.0,2814.9289276123045,0.0,0.0,0.0,415.7503340482711,13.574081709980955,0.0,728.623268455267,220.6348615407944,0.0,270.32283091545105,89.25825241208076,0.0,0.0,0.0,0.0
0.0,0.0,0.0,19.57389485836029,1066.9944922924042,232.8950423002243,726.6557551980019,0.0,0.0,0.0,722.4261832594871,0.0,0.0,866.0335502028465,18.140556120872496,3.671102523803711,972.3787190437316,0.0,0.0,0.0,0.0,3287.56325378418,0.0,0.0,0.0,611.3332537651062,28.7612577855587,0.0,1302.404289460182,301.324058753252,0.0,362.8983451128006,146.98628956079483,0.0,0.0,0.0,0.0
0.0,0.0,0.0,31.43513262271881,1295.1701881885529,258.3758467435837,932.752405178547,0.0,0.0,0.0,989.083922868967,0.0,0.0,1022.7643950283529,23.652787739038462,5.02484405040741,1236.8185241222382,0.0,0.0,0.0,0.0,3472.419143676758,0.0,0.0,0.0,646.6987554073334,43.94195878505707,0.0,1640.2645972013474,343.62812210917474,0.0,382.2553544044495,166.5088114142418,0.0,0.0,0.0,0.0
0.0,0.0,0.0,38.15524077415466,1438.5924537181854,274.6611903011799,1076.120376956463,0.0,0.0,0.0,1221.1090505838397,0.0,0.0,1109.552901387215,26.07389920949936,6.250116825103759,1433.613850402832,0.0,0.0,0.0,0.0,3573.431753540039,0.0,0.0,0.0,664.6383795261384,53.556104922294615,0.0,1835.5623920798305,359.0449789941312,0.0,381.6415210962296,178.76542150974274,0.0,0.0,0.0,0.0
0.0,0.0,0.0,40.882303953170776,1496.3785510063171,283.3476951122284,1139.115699821711,0.0,0.0,0.0,1292.8533796072006,0.0,0.0,1153.6152963340282,25.680686777830125,7.153141438961029,1549.0208126068114,0.0,0.0,0.0,0.0,3570.887072753906,0.0,0.0,0.0,652.0119923591614,57.82311713695526,0.0,1907.8067972898484,358.3559088945388,0.0,381.8693717718125,183.7065390944481,0.0,0.0,0.0,0.0
0.0,0.0,0.0,42.19085776805878,1499.174076795578,282.62782725691795,1128.4820085942745,0.0,0.0,0.0,1239.7317690432071,0.0,0.0,0.0,25.06041414141655,7.403643727302551,1571.1630170822143,0.0,0.0,0.0,0.0,3450.9171478271483,0.0,0.0,0.0,628.6400484561921,58.347795844078064,0.0,1889.5087769389152,350.2986927509308,0.0,382.4486148357392,181.86176484823227,0.0,0.0,0.0,0.0
0.0,0.0,0.0,0.0,1399.8772277832031,266.3605010211468,1085.5164053857327,0.0,0.0,0.0,1182.880651152134,0.0,0.0,0.0,0.0,6.566923916339874,1588.762495470047,0.0,0.0,0.0,0.0,3218.696081542969,0.0,0.0,0.0,0.0,52.56624504327774,0.0,1750.2820591449738,353.5178678035736,0.0,0.0,0.0,0.0,0.0,0.0,0.0
0.0,0.0,0.0,0.0,0.0,0.0,938.6728958666324,0.0,0.0,0.0,0.0,0.0,0.0,0.0,0.0,0.0,1521.2320076942444,0.0,0.0,0.0,0.0,0.0,0.0,0.0,0.0,0.0,42.266712468862536,0.0,0.0,343.38362394571305,0.0,0.0,0.0,0.0,0.0,0.0,0.0
0.0,0.0,0.0,0.0,0.0,0.0,0.0,0.0,0.0,0.0,0.0,0.0,0.0,0.0,0.0,0.0,1400.2867978096008,0.0,0.0,0.0,0.0,0.0,0.0,0.0,0.0,0.0,0.0,0.0,0.0,327.8295341193676,0.0,0.0,0.0,0.0,0.0,0.0,0.0
0.0,0.0,0.0,0.0,0.0,0.0,0.0,0.0,0.0,0.0,0.0,0.0,0.0,0.0,0.0,0.0,1275.250045657158,0.0,0.0,0.0,0.0,0.0,0.0,0.0,0.0,0.0,0.0,0.0,0.0,0.0,0.0,0.0,0.0,0.0,0.0,0.0,0.0
0.0,0.0,0.0,0.0,0.0,0.0,0.0,0.0,0.0,0.0,0.0,0.0,0.0,0.0,0.0,0.0,0.0,0.0,0.0,0.0,0.0,0.0,0.0,0.0,0.0,0.0,0.0,0.0,0.0,0.0,0.0,0.0,0.0,0.0,0.0,0.0,0.0
0.0,0.0,0.0,0.0,0.0,0.0,0.0,0.0,0.0,0.0,0.0,0.0,0.0,0.0,0.0,0.0,0.0,0.0,0.0,0.0,0.0,0.0,0.0,0.0,0.0,0.0,0.0,0.0,0.0,0.0,0.0,0.0,0.0,0.0,0.0,0.0,0.0
0.0,0.0,0.0,0.0,0.0,0.0,0.0,0.0,0.0,0.0,0.0,0.0,0.0,0.0,0.0,0.0,0.0,0.0,0.0,0.0,0.0,0.0,0.0,0.0,0.0,0.0,0.0,0.0,0.0,0.0,0.0,0.0,0.0,0.0,0.0,0.0,0.0
0.0,0.0,0.0,0.0,0.0,0.0,0.0,0.0,0.0,0.0,0.0,0.0,0.0,0.0,0.0,0.0,0.0,0.0,0.0,0.0,0.0,0.0,0.0,0.0,0.0,0.0,0.0,0.0,0.0,0.0,0.0,0.0,0.0,0.0,0.0,0.0,0.0
0.0,0.0,0.0,0.0,0.0,0.0,0.0,0.0,0.0,0.0,0.0,0.0,0.0,0.0,0.0,0.0,0.0,0.0,0.0,0.0,0.0,0.0,0.0,0.0,0.0,0.0,0.0,0.0,0.0,0.0,0.0,0.0,0.0,0.0,0.0,0.0,0.0
0.0,0.0,0.0,0.0,0.0,0.0,0.0,0.0,0.0,0.0,0.0,0.0,0.0,0.0,0.0,0.0,0.0,0.0,0.0,0.0,0.0,0.0,0.0,0.0,0.0,0.0,0.0,0.0,0.0,0.0,0.0,0.0,0.0,0.0,0.0,0.0,0.0
0.0,0.0,0.0,0.0,0.0,0.0,0.0,0.0,0.0,0.0,0.0,0.0,0.0,0.0,0.0,0.0,0.0,0.0,0.0,0.0,0.0,0.0,0.0,0.0,0.0,0.0,0.0,0.0,0.0,0.0040652066469192,0.0,0.0,0.0,0.0,0.0,0.0,0.0
0.0,0.0,0.0,0.0,0.0,0.0,0.0,0.0,0.0,0.0,2.324887987133002,0.0,0.0,0.0,0.0,0.0,0.0,0.0,0.0,0.0,0.0,0.0,0.0,0.0,0.0,0.0,0.0,0.0,0.2736566200851672,0.2939894184470097,0.0,0.0,0.0,0.0,0.0,0.0,0.0
0.0,0.0,0.0,0.0,0.0,0.0,0.0,0.0,0.0,0.0,2.1700985997914968,0.0,0.0,2.401864267885553,0.0,0.0,1.206833982467454,0.0,0.0,0.0,0.0,0.0,0.0,0.0,0.0,0.0,1.1185333590954507,0.0,0.0,0.3345126166939507,0.0,1.213058158755282,0.0,0.0,0.0,0.0,0.0
0.0,0.0,0.0,0.0,2.704996757209201,0.1539348280057279,0.0,0.0,0.0,0.0,1.9423051660414528,0.0,0.0,0.6337690213694483,0.0,0.0,6.576178836822392,0.0,0.0,0.0,0.0,0.0,0.0,0.0,0.0,0.0,0.4848504958674267,0.0,0.0,0.3839365087449363,0.0,1.3043688684701864,0.0,0.0,0.0,0.0,0.0
0.0,0.0,0.0,0.0,4.623832684010233,0.0,0.0,0.0,0.0,0.0,1.7318179177118198,0.0,0.0,0.0,0.0,0.0,14.768517482280672,0.0,0.0,0.0,0.0,0.0,0.0,0.0,0.0,0.0,0.0,0.0,0.0,0.4483940504491143,0.0,1.495431527495342,0.0,0.0,0.0,0.0,0.0
0.0,0.0,0.0,0.1396922748535858,15.873930163681491,0.654019467532621,0.0,0.0,0.0,0.0,4.237453510798469,0.0,0.0,16.28254419658326,0.0,0.0145748816430567,6.527947151660833,0.0,0.0,0.0,0.0,145.99119739532466,0.0,0.0,0.0,0.0,0.2123464617878149,0.0,0.0,0.9487629979848844,0.0,4.187424466013855,1.6012266986071906,0.0,0.0,0.0,0.0
0.0,0.0,0.0,0.6693600993603466,108.42295110225665,6.807777353562404,52.55241267532104,0.0,0.0,0.0,22.289023351482875,0.0,0.0,84.95818395167579,0.0,0.241243723779916,32.233719348907414,0.0,0.0,0.0,0.0,649.4551467895504,0.0,0.0,0.0,44.10219169557093,3.3096586808562267,0.0,47.61361095234731,8.642705480754344,0.0,37.614609919488416,11.02590412646532,0.0,0.0,0.0,0.0
0.0,0.0,0.0,3.1483155488967887,321.91879433393467,46.80542258918285,291.1419043466448,0.0,0.0,0.0,133.38466832004474,0.0,0.0,244.8357411473989,7.762581914663313,0.6337257139384743,190.5940308213234,0.0,0.0,0.0,0.0,1500.439016723633,0.0,0.0,0.0,203.4385239958763,11.192175588011734,0.0,451.8848550260066,54.07289517521858,0.0,169.71604686975476,45.418488815426805,0.0,0.0,0.0,0.0
0.0,0.0,0.0,8.80643746256828,711.1825805902481,172.6949784606695,654.2527081668377,0.0,0.0,0.0,393.4489864975214,0.0,0.0,462.15462103486055,0.0,1.0918281599879265,501.5610794961452,0.0,0.0,0.0,0.0,2400.351837158203,0.0,0.0,0.0,499.99457397460935,27.67033111453056,0.0,1161.4119690775872,199.09360097050663,0.0,351.786695599556,100.26990360021593,0.0,0.0,0.0,0.0
0.0,0.0,0.0,17.999483942985535,1205.6804447174072,263.22192081809044,1041.8987421929835,0.0,0.0,0.0,839.0773065805436,0.0,0.0,700.6594264507294,24.1996854364872,1.820509091019629,903.422117781639,0.0,0.0,0.0,0.0,3027.3648223876958,0.0,0.0,0.0,672.2085914611816,48.93364395499229,0.0,1775.4007405281068,286.5648046910763,0.0,446.87850654125214,154.81019872426987,0.0,0.0,0.0,0.0
0.0,0.0,0.0,29.45461899042129,1532.420969247818,290.73681968450546,1268.8412747859954,0.0,0.0,0.0,1155.466873639822,0.0,0.0,825.2372518181801,27.873614573478697,3.301769971847534,1155.622841644287,0.0,0.0,0.0,0.0,3311.549090576172,0.0,0.0,0.0,717.786684179306,61.6642171382904,0.0,2014.6351788282395,324.3860580682755,0.0,470.09358394145966,174.41663587093353,0.0,0.0,0.0,0.0
0.0,0.0,0.0,37.55147933959961,1723.0350902080536,308.02791303396225,1379.0576357066632,0.0,0.0,0.0,1413.744071239233,0.0,0.0,916.4785495400428,28.79834132194519,0.0,1335.6243486642838,0.0,0.0,0.0,0.0,3463.241290283203,0.0,0.0,0.0,723.8876336097717,68.8158325791359,0.0,2147.443679881096,339.65129563212395,0.0,475.01343619823456,185.5853160619736,0.0,0.0,0.0,0.0
0.0,0.0,0.0,41.537550926208496,1787.7572193145752,314.83398962020874,1393.2037651777266,0.0,0.0,0.0,1500.3411970973016,0.0,0.0,944.0684297680856,28.81694029569626,0.0,1428.1839554786682,0.0,0.0,0.0,0.0,3468.1416137695314,0.0,0.0,0.0,707.0368206501007,70.7845483660698,0.0,2199.269142484665,343.1325183570385,0.0,464.7108898162842,189.58904480934143,0.0,0.0,0.0,0.0
0.0,0.0,0.0,43.34074950218201,1780.6862354278564,312.4742793440819,1363.394505727291,0.0,0.0,0.0,1470.8477106809617,0.0,0.0,935.5525243282318,27.9403825879097,0.0,1438.321066761017,0.0,0.0,0.0,0.0,3375.383395385742,0.0,0.0,0.0,693.0844795227051,68.91346355676652,0.0,2172.538484787941,338.17432522177694,0.0,445.0242685079575,0.0,0.0,0.0,0.0,0.0
0.0,0.0,0.0,0.0,0.0,298.0922249853611,0.0,0.0,0.0,0.0,1392.00633264184,0.0,0.0,876.844909787178,0.0,0.0,1455.765125131607,0.0,0.0,0.0,0.0,0.0,0.0,0.0,0.0,666.9516658306122,61.944560861587526,0.0,0.0,343.483906853199,0.0,400.0976769924164,0.0,0.0,0.0,0.0,0.0
0.0,0.0,0.0,0.0,0.0,0.0,0.0,0.0,0.0,0.0,1172.372391307354,0.0,0.0,0.0,0.0,0.0,1391.480317211151,0.0,0.0,0.0,0.0,0.0,0.0,0.0,0.0,0.0,0.0,0.0,0.0,335.0885873556137,0.0,339.86088359355927,0.0,0.0,0.0,0.0,0.0
0.0,0.0,0.0,0.0,0.0,0.0,0.0,0.0,0.0,0.0,0.0,0.0,0.0,0.0,0.0,0.0,1286.132511138916,0.0,0.0,0.0,0.0,0.0,0.0,0.0,0.0,0.0,0.0,0.0,0.0,320.2637042224407,0.0,0.0,0.0,0.0,0.0,0.0,0.0
0.0,0.0,0.0,0.0,0.0,0.0,0.0,0.0,0.0,0.0,0.0,0.0,0.0,0.0,0.0,0.0,1162.9202281951905,0.0,0.0,0.0,0.0,0.0,0.0,0.0,0.0,0.0,0.0,0.0,0.0,0.0,0.0,0.0,0.0,0.0,0.0,0.0,0.0
0.0,0.0,0.0,0.0,0.0,0.0,0.0,0.0,0.0,0.0,0.0,0.0,0.0,0.0,0.0,0.0,0.0,0.0,0.0,0.0,0.0,0.0,0.0,0.0,0.0,0.0,0.0,0.0,0.0,0.0,0.0,0.0,0.0,0.0,0.0,0.0,0.0
0.0,0.0,0.0,0.0,0.0,0.0,0.0,0.0,0.0,0.0,0.0,0.0,0.0,0.0,0.0,0.0,0.0,0.0,0.0,0.0,0.0,0.0,0.0,0.0,0.0,0.0,0.0,0.0,0.0,0.0,0.0,0.0,0.0,0.0,0.0,0.0,0.0
0.0,0.0,0.0,0.0,0.0,0.0,0.0,0.0,0.0,0.0,0.0,0.0,0.0,0.0,0.0,0.0,0.0,0.0,0.0,0.0,0.0,0.0,0.0,0.0,0.0,0.0,0.0,0.0,0.0,0.0,0.0,0.0,0.0,0.0,0.0,0.0,0.0
0.0,0.0,0.0,0.0,0.0,0.0,0.0,0.0,0.0,0.0,0.0,0.0,0.0,0.0,0.0,0.0,0.0,0.0,0.0,0.0,0.0,0.0,0.0,0.0,0.0,0.0,0.0,0.0,0.0,0.0,0.0,0.0,0.0,0.0,0.0,0.0,0.0
0.0,0.0,0.0,0.0,0.0,0.0,0.0,0.0,0.0,0.0,0.0,0.0,0.0,0.0,0.0,0.0,0.0,0.0,0.0,0.0,0.0,0.0,0.0,0.0,0.0,0.0,0.0,0.0,0.0,0.0,0.0,0.0,0.0,0.0,0.0,0.0,0.0
0.0,0.0,0.0,0.0,0.0,0.0,0.0,0.0,0.0,0.0,0.0,0.0,0.0,0.0,0.0,0.0,0.0,0.0,0.0,0.0,0.0,0.0,0.0,0.0,0.0,0.0,0.0,0.0,0.0,0.0,0.0,0.0,0.0,0.0,0.0,0.0,0.0
0.0,0.0,0.0,0.0,0.0,0.0,0.0,0.0,0.0,0.0,0.0,0.0,0.0,2.3271524114533797,0.0,0.0,0.0,0.0,0.0,0.0,0.0,5.145236110686996,0.0,0.0,0.0,0.0,0.0,0.0,0.0799155086278915,0.1376049019396021,0.0,0.0,0.0,0.0,0.0,0.0,0.0
0.0,0.0,0.0,0.0,0.0,0.0,2.2424421735107485,0.0,0.0,0.0,1.9903501203747789,0.0,0.0,5.204055369831598,0.0,0.0,2.4103585481642518,0.0,0.0,0.0,0.0,4.683980464935075,0.0,0.0,0.0,0.0,1.8272763468325128,0.0,0.0934834733605384,0.0,0.0,0.0,0.0,0.0,0.0,0.0,0.0
0.0,0.0,0.0,0.2205527853220672,3.103038355708057,0.4628902305848708,0.6667249873280088,0.0,0.0,0.0,2.0024540668817474,0.0,0.0,5.549802915193047,0.0,0.0107897371053692,4.379032528400229,0.0,0.0,0.0,0.0,5.46817617416338,0.0,0.0,0.0,0.0,1.7672900713980175,0.0,0.0,0.4696719512343018,0.0,0.0,0.0,0.0,0.0,0.0,0.0
0.0,0.0,0.0,0.195621637627478,3.695308063179167,0.1746417740359637,0.0,0.0,0.0,0.0,1.850579416658688,0.0,0.0,2.6688540959729674,0.1460091356188054,0.0,9.96937288045866,0.0,0.0,0.0,0.0,9.608646678924371,0.0,0.0,0.0,0.0,0.9968360418453734,0.0,0.0,0.473057670891268,0.0,1.1059190034866246,0.0,0.0,0.0,0.0,0.0
0.0,0.0,0.0,0.1138165257871144,5.241342842578884,0.0,0.0,0.0,0.0,0.0,1.6374550252219435,0.0,0.0,1.1908288625999155,0.074445059895515,0.0,21.50869630575168,0.0,0.0,0.0,0.0,21.6633131027219,0.0,0.0,0.0,0.0,0.0,0.0,0.0,0.4965321891009464,0.0,1.2848400920629484,0.0,0.0,0.0,0.0,0.0
0.0,0.0,0.0,0.226859308779235,16.733752988278784,0.6720563336275174,0.0,0.0,0.0,0.0,2.33535921466534,0.0,0.0,18.108634382951948,0.2247161116450992,0.124280280433595,9.871745085716071,0.0,0.0,0.0,0.0,245.0217931747433,0.0,0.0,0.0,0.0,0.0,0.0,0.0,0.9594239145517318,0.0,4.714553415775262,1.3441048590466091,0.0,0.0,0.0,0.0
0.0,0.0,0.0,0.7303890045732202,109.17915564775464,11.316865799948555,48.12929360419509,0.0,0.0,0.0,13.756700988393211,0.0,0.0,82.70397368818512,1.3718966022133807,0.5190044380724423,47.30063591003408,0.0,0.0,0.0,0.0,892.4261924743649,0.0,0.0,0.0,43.30955668687816,0.0,0.0,61.42059570625425,9.851287316530904,0.0,47.54484246671196,11.093136779963952,0.0,0.0,0.0,0.0
0.0,0.0,0.0,3.259907506406302,321.0776456594467,75.42227230221032,269.27604470103967,0.0,0.0,0.0,104.34430856779208,0.0,0.0,264.00825057178724,4.996942761540413,1.226293943822384,227.1953223109245,0.0,0.0,0.0,0.0,1914.979168701172,0.0,0.0,0.0,190.27304744720456,3.749490478634829,0.0,548.0922102093696,60.20523011386393,0.0,211.05251908302304,44.62776836752892,0.0,0.0,0.0,0.0
0.0,0.0,0.0,8.97115921974182,662.4059842824935,206.03138844668865,566.9045949876307,0.0,0.0,0.0,352.77355559468253,0.0,0.0,493.5574661940336,13.389561250805857,2.1689746528863907,572.8584496259689,0.0,0.0,0.0,0.0,2670.410125732422,0.0,0.0,0.0,489.9386425018311,11.25055662989616,0.0,1169.2800534248352,212.33546686172485,0.0,381.5605713129044,92.69526040554048,0.0,0.0,0.0,0.0
0.0,0.0,0.0,18.858697831630707,1058.4399185180664,292.1032352745533,866.7375876367092,0.0,0.0,0.0,772.6164010643957,0.0,0.0,751.1118460446595,21.769571560621262,2.9419116377830505,968.1304697632788,0.0,0.0,0.0,0.0,3227.719119262695,0.0,0.0,0.0,653.7426233768463,22.74049499332904,0.0,1740.0337100267411,295.3831399857998,0.0,473.6024125814438,145.673805475235,0.0,0.0,0.0,0.0
0.0,0.0,0.0,31.05136728286743,1334.352953672409,317.93400689959526,1095.9862656354903,0.0,0.0,0.0,1080.585350862145,0.0,0.0,874.9429568648338,26.530088728666307,4.368030160665511,1200.038401556015,0.0,0.0,0.0,0.0,3459.322280883789,0.0,0.0,0.0,715.6149298667908,37.469109839200975,0.0,1984.8030925273893,336.8658441543579,0.0,495.9276523590088,161.28037345409393,0.0,0.0,0.0,0.0
0.0,0.0,0.0,42.44175183773041,1512.9753851890564,333.53455916047096,1226.0414971768855,0.0,0.0,0.0,1375.864618074894,0.0,0.0,945.181923508644,28.98909691572189,5.588237673044204,1374.138973331451,0.0,0.0,0.0,0.0,3548.558306884765,0.0,0.0,0.0,730.139805316925,50.4030574798584,0.0,2115.1590710520745,352.8257282972336,0.0,509.7384173870087,171.13770473003387,0.0,0.0,0.0,0.0
0.0,0.0,0.0,48.27071154117584,1593.915599822998,337.54736536741257,1260.407016700506,0.0,0.0,0.0,1494.1942909300328,0.0,0.0,947.3539191484452,29.21348547935486,6.326748579740524,1465.25015873909,0.0,0.0,0.0,0.0,3509.771276855469,0.0,0.0,0.0,710.3597807884216,56.66674610376358,0.0,2142.9610285401345,354.860229498148,0.0,502.09013402462006,176.12628990411758,0.0,0.0,0.0,0.0
0.0,0.0,0.0,50.87659966945648,1598.8812053203585,332.3029674291611,1239.830045366287,0.0,0.0,0.0,1480.2939424574374,0.0,0.0,901.886500865221,28.133755427598956,6.6531713008880615,1475.4871653795242,0.0,0.0,0.0,0.0,3375.6167053222657,0.0,0.0,0.0,682.523791885376,58.044893980026245,0.0,2091.12896848917,347.83018680810926,0.0,481.7941646575928,173.45778357982635,0.0,0.0,0.0,0.0
0.0,0.0,0.0,45.75503396987915,1474.1223063468933,320.4147818684578,1189.682806533575,0.0,0.0,0.0,1398.7349063336849,0.0,0.0,816.8014669418335,25.757116216421128,5.8293006122112265,1495.9271039247512,0.0,0.0,0.0,0.0,3116.982455444336,0.0,0.0,0.0,653.6602559566497,51.82335993051529,0.0,1958.6545810222624,351.16963105797765,0.0,439.1503857374191,0.0,0.0,0.0,0.0,0.0
0.0,0.0,0.0,0.0,1271.201691865921,0.0,1064.323821246624,0.0,0.0,0.0,1148.3033715844151,0.0,0.0,651.3786790519953,0.0,4.683521538972855,1431.857162952423,0.0,0.0,0.0,0.0,2645.165664672852,0.0,0.0,0.0,0.0,40.89982025027275,0.0,1784.5934980630875,340.80398673415186,0.0,380.5359967947006,0.0,0.0,0.0,0.0,0.0
0.0,0.0,0.0,0.0,0.0,0.0,0.0,0.0,0.0,0.0,0.0,0.0,0.0,0.0,0.0,0.0,1321.771252632141,0.0,0.0,0.0,0.0,1958.9919067382807,0.0,0.0,0.0,0.0,0.0,0.0,0.0,0.0,0.0,0.0,0.0,0.0,0.0,0.0,0.0
0.0,0.0,0.0,0.0,0.0,0.0,0.0,0.0,0.0,0.0,0.0,0.0,0.0,0.0,0.0,0.0,1196.451116347313,0.0,0.0,0.0,0.0,0.0,0.0,0.0,0.0,0.0,0.0,0.0,0.0,0.0,0.0,0.0,0.0,0.0,0.0,0.0,0.0
0.0,0.0,0.0,0.0,0.0,0.0,0.0,0.0,0.0,0.0,0.0,0.0,0.0,0.0,0.0,0.0,0.0,0.0,0.0,0.0,0.0,0.0,0.0,0.0,0.0,0.0,0.0,0.0,0.0,0.0,0.0,0.0,0.0,0.0,0.0,0.0,0.0
0.0,0.0,0.0,0.0,0.0,0.0,0.0,0.0,0.0,0.0,0.0,0.0,0.0,0.0,0.0,0.0,0.0,0.0,0.0,0.0,0.0,0.0,0.0,0.0,0.0,0.0,0.0,0.0,0.0,0.0,0.0,0.0,0.0,0.0,0.0,0.0,0.0
0.0,0.0,0.0,0.0,0.0,0.0,0.0,0.0,0.0,0.0,0.0,0.0,0.0,0.0,0.0,0.0,0.0,0.0,0.0,0.0,0.0,0.0,0.0,0.0,0.0,0.0,0.0,0.0,0.0,0.0,0.0,0.0,0.0,0.0,0.0,0.0,0.0
0.0,0.0,0.0,0.0,0.0,0.0,0.0,0.0,0.0,0.0,0.0,0.0,0.0,0.0,0.0,0.0,0.0,0.0,0.0,0.0,0.0,0.0,0.0,0.0,0.0,0.0,0.0,0.0,0.0,0.0,0.0,0.0,0.0,0.0,0.0,0.0,0.0
0.0,0.0,0.0,0.0,0.0,0.0,0.0,0.0,0.0,0.0,0.0,0.0,0.0,0.0,0.0,0.0,0.0,0.0,0.0,0.0,0.0,0.0,0.0,0.0,0.0,0.0,0.0,0.0,0.0,0.0,0.0,0.0,0.0,0.0,0.0,0.0,0.0
0.0,0.0,0.0,0.0,0.0,0.0,0.0,0.0,0.0,0.0,0.0,0.0,0.0,1.3607663987203813,0.0,0.0,0.0,0.0,0.0,0.0,0.0,0.0,0.0,0.0,0.0,0.0,0.0,0.0,0.0,0.0,0.0,0.0,0.0,0.0,0.0,0.0,0.0
0.0,0.0,0.0,0.0,0.0,0.0,0.0,0.0,0.0,0.0,0.0,0.0,0.0,2.0177976973353324,0.0,0.0,0.0,0.0,0.0,0.0,0.0,0.0,0.0,0.0,0.0,0.0,0.0,0.0,0.0,0.0,0.0,0.0,0.0,0.0,0.0,0.0,0.0
0.0,0.0,0.0,0.0,1.926460482179999,0.0,0.0,0.0,0.0,0.0,0.0,0.0,0.0,4.525912757962843,0.0,0.0,0.0,0.0,0.0,0.0,0.0,0.0,0.0,0.0,0.0,0.0,0.0,0.0,0.2585374698042869,0.0,0.0,0.0,0.0,0.0,0.0,0.0,0.0
0.0,0.0,0.0,0.0,2.379210088401947,0.0,2.499992040917248,0.0,0.0,0.0,2.032680028537091,0.0,0.0,6.47954571992158,0.0,0.0,4.856691682338528,0.0,0.0,0.0,0.0,0.0,0.0,0.0,0.0,1.0472077049314357,0.5184870528057146,0.0,0.0,0.4104013554751671,0.0,0.8626839220523622,0.0,0.0,0.0,0.0,0.0
0.0,0.0,0.0,0.0,2.993669636547521,0.0,0.0,0.0,0.0,0.0,1.874911273410452,0.0,0.0,4.029944846406544,0.0,0.0,10.048553740978065,0.0,0.0,0.0,0.0,0.0,0.0,0.0,0.0,0.0,0.0,0.0,0.0,0.4162648595869175,0.0,0.9409066736697628,0.0,0.0,0.0,0.0,0.0
0.0,0.0,0.0,0.0688185319304456,4.439424466341526,0.0,0.0,0.0,0.0,0.0,1.613289512973104,0.0,0.0,2.448152671568058,0.1755462516099189,0.0,22.888232815265493,0.0,0.0,0.0,0.0,4.148160362243431,0.0,0.0,0.0,0.0,0.0,0.0,0.0,0.4314830251038039,0.0,1.0284991115331574,0.0,0.0,0.0,0.0,0.0
0.0,0.0,0.0,0.1561734005808772,19.138713933527303,0.4297922174445848,0.0,0.0,0.0,0.0,3.0801492445169174,0.0,0.0,31.15919442847371,0.4919359255582087,0.0,11.317592501640126,0.0,0.0,0.0,0.0,306.95480194091783,0.0,0.0,0.0,0.0,0.0,0.0,0.0,0.8790687203407266,0.0,3.444492220878587,0.0,0.0,0.0,0.0,0.0
0.0,0.0,0.0,0.5077203214168526,126.01299151778204,7.431193821132181,48.83050514832125,0.0,0.0,0.0,22.75392763018593,0.0,0.0,121.48231504485004,2.11585241407156,0.0,51.685980844497536,0.0,0.0,0.0,0.0,1185.0679458618165,0.0,0.0,0.0,39.49943094253535,1.7547624453902153,0.0,14.341574345528905,7.067795221507541,0.0,41.40572895109653,10.321247063577156,0.0,0.0,0.0,0.0
0.0,0.0,0.0,3.075597815215584,368.3170180916785,50.6874568387866,278.03844073116767,0.0,0.0,0.0,137.49533129595213,0.0,0.0,315.756256096065,6.7102555364370335,1.9358664304018012,231.10447894334783,0.0,0.0,0.0,0.0,2168.5009704589843,0.0,0.0,0.0,145.58553227186195,7.697647266089913,0.0,199.57195902764795,46.79833089113233,0.0,188.44246596097943,42.139649361372,0.0,0.0,0.0,0.0
0.0,0.0,0.0,8.541381359100338,754.1307610273361,168.43020918965337,610.850282794237,0.0,0.0,0.0,393.6560758680105,0.0,0.0,572.9876271635293,14.202515280246732,3.0264093875885,567.325227355957,0.0,0.0,0.0,0.0,2849.6510955810545,0.0,0.0,0.0,361.6971452236176,20.085586494207384,0.0,831.7627344071865,183.12689852714536,0.0,356.23391020298004,96.55583542585372,0.0,0.0,0.0,0.0
0.0,0.0,0.0,17.334504902362823,1204.071614265442,257.02308386564255,963.4076562464236,0.0,0.0,0.0,830.3622616678475,0.0,0.0,841.5852154791355,21.174986010789876,0.0,969.8008672356606,0.0,0.0,0.0,0.0,3328.525036621094,0.0,0.0,0.0,547.7902883529663,41.89307204484939,0.0,1445.2556762695312,280.4432126760483,0.0,452.85102891922,151.4674535393715,0.0,0.0,0.0,0.0
0.0,0.0,0.0,25.85142213106155,1455.5783786773682,282.5903554856777,1153.3003617584704,0.0,0.0,0.0,1149.4155784785748,0.0,0.0,989.2975804209708,24.259503418207167,5.944589763879776,1210.0669149398805,0.0,0.0,0.0,0.0,3510.569799804688,0.0,0.0,0.0,622.8745982170105,55.620005059242246,0.0,1786.1968348622322,327.04294592142105,0.0,471.4945247173309,172.926873087883,0.0,0.0,0.0,0.0
0.0,0.0,0.0,32.562042117118835,1586.1996207237244,299.54127541184425,1253.9285759091376,0.0,0.0,0.0,1400.7573842525485,0.0,0.0,1061.597557514906,25.61746072769165,7.288494825363159,1382.9050055027008,0.0,0.0,0.0,0.0,3588.979049682617,0.0,0.0,0.0,647.209810256958,62.64381639957428,0.0,1930.59061062336,345.0145801663399,0.0,478.0103005170822,184.9190408587456,0.0,0.0,0.0,0.0
0.0,0.0,0.0,35.28151106834412,1652.165326833725,304.8845157921314,1281.4565320611,0.0,0.0,0.0,1472.5460605084895,0.0,0.0,1075.5144083499908,25.402459520101548,0.0,1478.449215960503,0.0,0.0,0.0,0.0,3538.0922241210938,0.0,0.0,0.0,647.0330163955689,66.32164205312729,0.0,1955.5324175834653,347.42814138531685,0.0,477.0668193101883,189.9045348763466,0.0,0.0,0.0,0.0
0.0,0.0,0.0,34.680476903915405,1635.095529794693,301.4540656208992,1242.7671258985995,0.0,0.0,0.0,1419.382815080881,0.0,0.0,1052.7079989016056,25.16136744618416,0.0,1490.722862195969,0.0,0.0,0.0,0.0,3391.5801025390624,0.0,0.0,0.0,622.6755705356597,65.18989533185959,0.0,1905.9117590665817,338.8212905585766,0.0,462.535472035408,0.0,0.0,0.0,0.0,0.0
0.0,0.0,0.0,28.72640645503997,1515.9067459106443,283.7898779809475,1169.88029242754,0.0,0.0,0.0,1324.2779371082784,0.0,0.0,981.7590548098088,23.31583040356636,0.0,1506.9556740283963,0.0,0.0,0.0,0.0,3138.7210205078127,0.0,0.0,0.0,603.0619497299194,58.01105091571808,0.0,1783.0102677702905,344.47488005161284,0.0,418.4120272397995,0.0,0.0,0.0,0.0,0.0
0.0,0.0,0.0,0.0,1329.7165303230286,0.0,1038.9015510141849,0.0,0.0,0.0,0.0,0.0,0.0,841.7041216790676,0.0,0.0,1447.5288447856904,0.0,0.0,0.0,0.0,0.0,0.0,0.0,0.0,546.8378948688508,0.0,0.0,0.0,337.2058922469616,0.0,0.0,0.0,0.0,0.0,0.0,0.0
0.0,0.0,0.0,0.0,0.0,0.0,0.0,0.0,0.0,0.0,0.0,0.0,0.0,0.0,0.0,0.0,1336.7962499141693,0.0,0.0,0.0,0.0,0.0,0.0,0.0,0.0,0.0,0.0,0.0,0.0,323.520953977108,0.0,0.0,0.0,0.0,0.0,0.0,0.0
0.0,0.0,0.0,0.0,0.0,0.0,0.0,0.0,0.0,0.0,0.0,0.0,0.0,0.0,0.0,0.0,0.0,0.0,0.0,0.0,0.0,0.0,0.0,0.0,0.0,0.0,0.0,0.0,0.0,0.0,0.0,0.0,0.0,0.0,0.0,0.0,0.0
0.0,0.0,0.0,0.0,0.0,0.0,0.0,0.0,0.0,0.0,0.0,0.0,0.0,0.0,0.0,0.0,0.0,0.0,0.0,0.0,0.0,0.0,0.0,0.0,0.0,0.0,0.0,0.0,0.0,0.0,0.0,0.0,0.0,0.0,0.0,0.0,0.0
0.0,0.0,0.0,0.0,0.0,0.0,0.0,0.0,0.0,0.0,0.0,0.0,0.0,0.0,0.0,0.0,0.0,0.0,0.0,0.0,0.0,0.0,0.0,0.0,0.0,0.0,0.0,0.0,0.0,0.0,0.0,0.0,0.0,0.0,0.0,0.0,0.0
0.0,0.0,0.0,0.0,0.0,0.0,0.0,0.0,0.0,0.0,0.0,0.0,0.0,0.0,0.0,0.0,0.0,0.0,0.0,0.0,0.0,0.0,0.0,0.0,0.0,0.0,0.0,0.0,0.0,0.0,0.0,0.0,0.0,0.0,0.0,0.0,0.0
0.0,0.0,0.0,0.0,0.0,0.0,0.0,0.0,0.0,0.0,0.0,0.0,0.0,0.0,0.0,0.0,0.0,0.0,0.0,0.0,0.0,0.0,0.0,0.0,0.0,0.0,0.0,0.0,0.0,0.0,0.0,0.0,0.0,0.0,0.0,0.0,0.0
0.0,0.0,0.0,0.0,0.0,0.0,0.0,0.0,0.0,0.0,0.0,0.0,0.0,0.0,0.0,0.0,0.0,0.0,0.0,0.0,0.0,0.0,0.0,0.0,0.0,0.0,0.0,0.0,0.0,0.0,0.0,0.0,0.0,0.0,0.0,0.0,0.0
0.0,0.0,0.0,0.0,0.0,0.0,0.0,0.0,0.0,0.0,0.0,0.0,0.0,0.0,0.0,0.0,0.0,0.0,0.0,0.0,0.0,0.0,0.0,0.0,0.0,0.0,0.0,0.0,0.0,0.0,0.0,0.0,0.0,0.0,0.0,0.0,0.0
0.0,0.0,0.0,0.0,0.0,0.0,0.0,0.0,0.0,0.0,0.0,0.0,0.0,3.326704809442154,0.0,0.0,0.0,0.0,0.0,0.0,0.0,0.0,0.0,0.0,0.0,0.0,0.0,0.0,0.062577573955059,0.0,0.0,0.0,0.5429763169959048,0.0,0.0,0.0,0.0
0.0,0.0,0.0,0.4062489196658094,0.0,0.0,0.0,0.0,0.0,0.0,2.139287783578029,0.0,0.0,12.58407968794919,0.077674251794814,0.0073803393170234,0.1206711411476135,0.0,0.0,0.0,0.0,12.050167942047011,0.0,0.0,0.0,0.0,0.0,0.0,0.3165792986750526,0.4087729297578092,0.0,0.9689036011695348,0.6543684657662944,0.0,0.0,0.0,0.0
0.0,0.0,0.0,0.0,2.7823971286415103,0.0,1.2835730977354975,0.0,0.0,0.0,0.0,0.0,0.0,12.941784146241782,0.0,0.0,1.8522928237914973,0.0,0.0,0.0,0.0,12.099337196350012,0.0,0.0,0.0,4.919078732281894,0.4458116402849473,0.0,0.0,0.4151724085211595,0.0,0.0,0.0953919757157476,0.0,0.0,0.0,0.0
0.0,0.0,0.0,0.3385915216058436,3.1920814961193797,0.3117968067526447,0.0,0.0,0.0,0.0,1.8926115999463864,0.0,0.0,8.440900528803377,0.0773829236626605,0.0,6.482350742816727,0.0,0.0,0.0,0.0,0.0,0.0,0.0,0.0,0.0,0.0,0.0,0.0,0.3783541716635185,0.0,1.1139206886291344,0.0,0.0,0.0,0.0,0.0
0.0,0.0,0.0,0.146741071715949,4.343003105372165,0.0,0.0,0.0,0.0,0.0,1.6890578447840472,0.0,0.0,3.135581985115905,0.0313949212431905,0.0,14.772255897521813,0.0,0.0,0.0,0.0,7.7865663528438525,0.0,0.0,0.0,0.0,0.0,0.0,0.0,0.4319984979927274,0.0,1.314083918929072,0.0,0.0,0.0,0.0,0.0
0.0,0.0,0.0,0.2447421215474582,31.71738181263206,0.4506858736276392,0.0,0.0,0.0,0.0,3.657634847098912,0.0,0.0,27.53112135455004,0.2219730768352726,0.140321984887123,7.25031929016112,0.0,0.0,0.0,0.0,303.6837776184082,0.0,0.0,0.0,0.0,0.6239401601254865,0.0,0.0,0.9981107406317894,0.0,3.3608064353465923,1.4042661646380807,0.0,0.0,0.0,0.0
0.0,0.0,0.0,0.9946119487285566,162.7058282792568,7.452441353350853,31.17250975407652,0.0,0.0,0.0,20.936040735710375,0.0,0.0,105.14359256252642,1.628209001943466,0.577904287725687,35.95172652006141,0.0,0.0,0.0,0.0,1117.3267181396482,0.0,0.0,0.0,60.16416500806803,4.209499637782566,0.0,74.55261839404686,10.291818941012025,0.0,36.05077609419818,9.275437440723168,0.0,0.0,0.0,0.0
0.0,0.0,0.0,4.309934914112088,440.57738685607904,55.10966809466481,214.96052239239216,0.0,0.0,0.0,122.19534110426882,0.0,0.0,294.61353193968534,6.141676121950148,1.4036367237567895,198.9325966596603,0.0,0.0,0.0,0.0,2201.822192382812,0.0,0.0,0.0,268.4886382341385,13.137567931413644,0.0,598.9999207556247,61.204064273834206,0.0,170.93732649087906,38.60407800972462,0.0,0.0,0.0,0.0
0.0,0.0,0.0,11.078746825456616,901.3801158666612,185.85965268313885,549.9232920229434,0.0,0.0,0.0,359.8285628914832,0.0,0.0,550.9778255224228,14.263561338186262,2.3888854533433905,512.8348528683185,0.0,0.0,0.0,0.0,2932.419900512695,0.0,0.0,0.0,550.5676854610443,31.177744472026824,0.0,1292.2017297685147,212.19806990623476,0.0,351.8421332836151,86.29578059911728,0.0,0.0,0.0,0.0
0.0,0.0,0.0,22.82457172870636,1322.5322875976562,276.0185573101044,907.5363063037396,0.0,0.0,0.0,779.9218956351281,0.0,0.0,851.7354893684387,22.629812800884245,3.4187421202659607,912.5158434987068,0.0,0.0,0.0,0.0,3449.994500732422,0.0,0.0,0.0,716.2396302223206,51.19128714799881,0.0,1829.7396735072136,296.1986883878708,0.0,453.1050734519959,140.3031219244003,0.0,0.0,0.0,0.0
0.0,0.0,0.0,36.245593667030334,1566.709136724472,303.00387465953827,1134.9709664821626,0.0,0.0,0.0,1084.6930302321912,0.0,0.0,1006.3889354467392,26.96561434864998,4.856242954730988,1150.627460885048,0.0,0.0,0.0,0.0,3678.4304595947274,0.0,0.0,0.0,755.6828575134277,62.2406086564064,0.0,2067.616608464718,328.0235393702984,0.0,478.053358912468,160.12740701436996,0.0,0.0,0.0,0.0
0.0,0.0,0.0,47.03482949733734,1704.8093719482422,320.186837464571,1255.3657008826733,0.0,0.0,0.0,1356.2685660123825,0.0,0.0,1085.6668673455715,29.22759057283401,5.822113394737244,1326.3795542001724,0.0,0.0,0.0,0.0,3763.5913024902334,0.0,0.0,0.0,758.2440536022186,69.28406910896301,0.0,2183.5390999913216,339.7953937351704,0.0,487.9819431304932,172.08352875709534,0.0,0.0,0.0,0.0
0.0,0.0,0.0,51.56903064250946,1721.2353088855743,325.5717279314995,1284.816472405195,0.0,0.0,0.0,1438.8012069761753,0.0,0.0,1111.108970195055,29.065252286195754,6.363276660442352,1419.149860548973,0.0,0.0,0.0,0.0,3698.195260620117,0.0,0.0,0.0,722.5937114238739,71.35483502149582,0.0,2182.55450950861,341.6131620168686,0.0,469.7622137069702,176.35741060972214,0.0,0.0,0.0,0.0
0.0,0.0,0.0,51.17908275127411,1676.5808045864103,321.14247408509254,1240.3418471753598,0.0,0.0,0.0,1366.5255248725414,0.0,0.0,1095.2140519022942,27.49391098022461,6.617500603199005,1432.0196920871736,0.0,0.0,0.0,0.0,3514.985848999024,0.0,0.0,0.0,673.920972442627,69.72467864751816,0.0,2109.599150800705,337.32370123267174,0.0,442.84737956523895,173.897216796875,0.0,0.0,0.0,0.0
0.0,0.0,0.0,45.5348641872406,1530.3770129680634,305.07743686437607,1157.891981035471,0.0,0.0,0.0,1260.7854481875895,0.0,0.0,0.0,24.85601790547371,5.781342566013336,1452.9070147514344,0.0,0.0,0.0,0.0,3215.8007568359376,0.0,0.0,0.0,639.9404816627502,62.94850933551788,0.0,1958.6745304465292,344.7150435566902,0.0,394.9353342056274,165.3010249733925,0.0,0.0,0.0,0.0
0.0,0.0,0.0,36.34448862075806,1329.3878526687622,0.0,1014.2191947877408,0.0,0.0,0.0,1001.749465370178,0.0,0.0,0.0,20.6287870824337,4.645638614892959,1393.7746010303497,0.0,0.0,0.0,0.0,2794.8430877685546,0.0,0.0,0.0,577.5503371238708,0.0,0.0,0.0,338.4246810317039,0.0,332.0759257078171,0.0,0.0,0.0,0.0,0.0
0.0,0.0,0.0,0.0,0.0,0.0,0.0,0.0,0.0,0.0,0.0,0.0,0.0,0.0,0.0,0.0,1293.6355718135833,0.0,0.0,0.0,0.0,2176.4234588623044,0.0,0.0,0.0,0.0,0.0,0.0,0.0,323.62697737812994,0.0,0.0,0.0,0.0,0.0,0.0,0.0
0.0,0.0,0.0,0.0,0.0,0.0,0.0,0.0,0.0,0.0,0.0,0.0,0.0,0.0,0.0,0.0,1171.527898645401,0.0,0.0,0.0,0.0,0.0,0.0,0.0,0.0,0.0,0.0,0.0,0.0,0.0,0.0,0.0,0.0,0.0,0.0,0.0,0.0
0.0,0.0,0.0,0.0,0.0,0.0,0.0,0.0,0.0,0.0,0.0,0.0,0.0,0.0,0.0,0.0,0.0,0.0,0.0,0.0,0.0,0.0,0.0,0.0,0.0,0.0,0.0,0.0,0.0,0.0,0.0,0.0,0.0,0.0,0.0,0.0,0.0
0.0,0.0,0.0,0.0,0.0,0.0,0.0,0.0,0.0,0.0,0.0,0.0,0.0,0.0,0.0,0.0,0.0,0.0,0.0,0.0,0.0,0.0,0.0,0.0,0.0,0.0,0.0,0.0,0.0,0.0,0.0,0.0,0.0,0.0,0.0,0.0,0.0
0.0,0.0,0.0,0.0,0.0,0.0,0.0,0.0,0.0,0.0,0.0,0.0,0.0,0.0,0.0,0.0,0.0,0.0,0.0,0.0,0.0,0.0,0.0,0.0,0.0,0.0,0.0,0.0,0.0,0.0,0.0,0.0,0.0,0.0,0.0,0.0,0.0
0.0,0.0,0.0,0.0,0.0,0.0,0.0,0.0,0.0,0.0,0.0,0.0,0.0,0.0,0.0,0.0,0.0,0.0,0.0,0.0,0.0,0.0,0.0,0.0,0.0,0.0,0.0,0.0,0.0,0.0,0.0,0.0,0.0,0.0,0.0,0.0,0.0
0.0,0.0,0.0,0.0,0.0,0.0,0.0,0.0,0.0,0.0,0.0,0.0,0.0,0.0,0.0,0.0,0.0,0.0,0.0,0.0,0.0,0.0,0.0,0.0,0.0,0.0,0.0,0.0,0.0,0.0,0.0,0.0,0.0,0.0,0.0,0.0,0.0
0.0,0.0,0.0,0.0,0.0,0.0,0.0,0.0,0.0,0.0,0.0,0.0,0.0,0.0,0.0,0.0,0.0,0.0,0.0,0.0,0.0,0.0,0.0,0.0,0.0,0.0,0.0,0.0,0.0,0.0,0.0,0.0,0.0,0.0,0.0,0.0,0.0
0.0,0.0,0.0,0.0,0.0,0.0,0.0,0.0,0.0,0.0,0.0,0.0,0.0,0.0,0.0,0.0,0.0,0.0,0.0,0.0,0.0,0.0,0.0,0.0,0.0,0.0,0.0,0.0,0.0913432300090789,0.1577200599014582,0.0,0.0,0.5036055492237133,0.0,0.0,0.0,0.0
0.0,0.0,0.0,0.2750988230109193,0.0,0.6552266380749466,9.503738003969085,0.0,0.0,0.0,2.2797503532840304,0.0,0.0,3.1127009633927774,0.0873092629015413,0.0,0.0,0.0,0.0,0.0,0.0,33.22500958442658,0.0,0.0,0.0,0.0,0.0,0.0,0.1522321715950965,0.4370302163064154,0.0,1.1310498565434937,0.5432423725723934,0.0,0.0,0.0,0.0
0.0,0.0,0.0,0.0,0.0,0.5406331778503716,11.751467058434988,0.0,0.0,0.0,2.1747562458738274,0.0,0.0,5.311162564903475,0.0945990040898307,0.0,0.0,0.0,0.0,0.0,0.0,27.556459999084023,0.0,0.0,0.0,0.0,0.0,0.0,0.0,0.3958304598927281,0.0,0.0,0.0329597834497675,0.0,0.0,0.0,0.0
0.0,0.0,0.0,0.1852109283208832,4.517957977950573,0.2422562153078341,9.179827297478774,0.0,0.0,0.0,1.965529825305346,0.0,0.0,1.6362661914898813,0.0,0.0,0.0,0.0,0.0,0.0,0.0,6.557691478728889,0.0,0.0,0.0,0.0,0.3126091737300157,0.0,0.0,0.387937281280738,0.0,1.3615782260894336,0.0,0.0,0.0,0.0,0.0
0.0,0.0,0.0,0.0685000270605064,6.173422567546191,0.0,4.131564302742395,0.0,0.0,0.0,1.6670071327125713,0.0,0.0,0.0,0.05547107309103,0.0,20.113102996349213,0.0,0.0,0.0,0.0,0.0,0.0,0.0,0.0,0.0,0.0,0.0,0.0,0.4568437054753018,0.0,1.5630556344985411,0.0,0.0,0.0,0.0,0.0
0.0,0.0,0.0,0.1765595600008942,17.330131560564,0.5465272306464374,3.041577179357386,0.0,0.0,0.0,2.3512541206087847,0.0,0.0,14.059446090832212,0.238874685019253,0.0250573502853505,7.189524078369115,0.0,0.0,0.0,0.0,136.64200277328462,0.0,0.0,0.0,0.0,0.0,0.0,0.0,1.0710999444127032,0.0,6.657778799533834,1.4699245877563731,0.0,0.0,0.0,0.0
0.0,0.0,0.0,0.8478695489466173,106.49799227714524,7.656497669406227,49.85305479019876,0.0,0.0,0.0,13.171032719593486,0.0,0.0,71.37750375084569,1.8600906349718536,0.3246350213885298,35.608098745346005,0.0,0.0,0.0,0.0,658.7804145812986,0.0,0.0,0.0,40.89686757624145,2.544559484347693,0.0,16.879608431458358,12.63778584860265,0.0,52.06111645698547,11.432327896356584,0.0,0.0,0.0,0.0
0.0,0.0,0.0,3.8723581880330986,318.34814548492415,56.810219176113605,232.40389761924743,0.0,0.0,0.0,98.6327037148176,0.0,0.0,223.5374419763683,6.558688545227051,0.8713744729757302,194.20619794130317,0.0,0.0,0.0,0.0,1659.7489624023435,0.0,0.0,0.0,209.00619821548463,9.476392368972302,0.0,214.11715102046705,72.20657535195349,0.0,215.51631116867063,46.969681784510605,0.0,0.0,0.0,0.0
0.0,0.0,0.0,10.357502132654188,653.7287554740905,190.1193254739046,503.8852459967137,0.0,0.0,0.0,349.0389286711811,0.0,0.0,457.8224657475948,15.00753493309021,1.4509322643280025,505.75533625483513,0.0,0.0,0.0,0.0,2514.317086791992,0.0,0.0,0.0,468.00446767807006,24.70035638809204,0.0,647.354968947172,224.74231353402135,0.0,381.6489486694336,90.52398493885994,0.0,0.0,0.0,0.0
0.0,0.0,0.0,21.1490226984024,1066.7556145191193,277.8886062800884,794.502542155981,0.0,0.0,0.0,783.7002256035804,0.0,0.0,731.5020194649696,22.917831194400787,2.283172607421875,913.4419286251068,0.0,0.0,0.0,0.0,3047.346908569336,0.0,0.0,0.0,599.7534173488617,44.976853001117696,0.0,1125.8240811705589,302.38548772335054,0.0,471.704326748848,138.89665445685384,0.0,0.0,0.0,0.0
0.0,0.0,0.0,34.253721952438354,1339.489708662033,304.2915143668652,989.3769968271256,0.0,0.0,0.0,1097.262554872036,0.0,0.0,906.868634223938,27.13695294857025,3.555541008710861,1156.8979476690292,0.0,0.0,0.0,0.0,3141.254565429688,0.0,0.0,0.0,652.2890268325806,57.90564692020416,0.0,1482.990719139576,339.6921820044517,0.0,490.8445370197296,153.460114300251,0.0,0.0,0.0,0.0
0.0,0.0,0.0,43.539381980896,1489.7445847988129,321.50337940454483,1103.452134859562,0.0,0.0,0.0,1373.4162982285022,0.0,0.0,1003.9987023174764,28.934419280290605,4.416920751333237,1331.9869319200516,0.0,0.0,0.0,0.0,3164.6988189697267,0.0,0.0,0.0,670.8143209934235,65.18909929990768,0.0,1709.9864212751388,353.89702154397963,0.0,498.2107161283493,163.23674368858337,0.0,0.0,0.0,0.0
0.0,0.0,0.0,49.285462975502014,1528.5405297279358,326.7481765449047,1105.7637201428413,0.0,0.0,0.0,1455.5396427154542,0.0,0.0,1026.3544335961342,28.99370167851448,4.916639447212218,1434.8990072488784,0.0,0.0,0.0,0.0,3073.040606689453,0.0,0.0,0.0,648.8658799171448,66.492303109169,0.0,1809.4047698140143,353.7179650068283,0.0,484.3781348466873,167.8264474272728,0.0,0.0,0.0,0.0
0.0,0.0,0.0,51.20493638515472,1479.082614660263,322.4783374071121,1035.5214831233025,0.0,0.0,0.0,1425.8836853981018,0.0,0.0,1012.1597100794316,27.727611583471298,4.900779992341994,1458.5808259487153,0.0,0.0,0.0,0.0,2904.4371032714844,0.0,0.0,0.0,604.4483603000641,63.43135539293289,0.0,1802.449960684776,344.10837882757187,0.0,459.05832719802856,166.1247570514679,0.0,0.0,0.0,0.0
0.0,0.0,0.0,46.22113847732544,1318.348521232605,307.1137402057648,877.1527771174908,0.0,0.0,0.0,1343.5864780604838,0.0,0.0,948.543072193861,25.145772761106493,3.863896310329437,1489.729546880722,0.0,0.0,0.0,0.0,2677.0161376953124,0.0,0.0,0.0,576.0992169857025,56.06974555253983,0.0,1671.9359575867652,348.73179575204847,0.0,410.45332872867584,160.19518542289734,0.0,0.0,0.0,0.0
0.0,0.0,0.0,37.28530812263489,1072.5536346435547,0.0,641.3567985445261,0.0,0.0,0.0,1095.7134531468153,0.0,0.0,798.3676372468472,21.11739404797554,2.706882342696189,0.0,0.0,0.0,0.0,0.0,2282.9982971191407,0.0,0.0,0.0,529.9188192367553,47.76610798835755,0.0,0.0,339.751391094923,0.0,347.2080811262131,0.0,0.0,0.0,0.0,0.0
0.0,0.0,0.0,0.0,0.0,0.0,0.0,0.0,0.0,0.0,0.0,0.0,0.0,0.0,0.0,0.0,0.0,0.0,0.0,0.0,0.0,1740.9041534423825,0.0,0.0,0.0,0.0,0.0,0.0,0.0,322.4765824735165,0.0,0.0,0.0,0.0,0.0,0.0,0.0
0.0,0.0,0.0,0.0,0.0,0.0,0.0,0.0,0.0,0.0,0.0,0.0,0.0,0.0,0.0,0.0,0.0,0.0,0.0,0.0,0.0,0.0,0.0,0.0,0.0,0.0,0.0,0.0,0.0,0.0,0.0,0.0,0.0,0.0,0.0,0.0,0.0
0.0,0.0,0.0,0.0,0.0,0.0,0.0,0.0,0.0,0.0,0.0,0.0,0.0,0.0,0.0,0.0,0.0,0.0,0.0,0.0,0.0,0.0,0.0,0.0,0.0,0.0,0.0,0.0,0.0,0.0,0.0,0.0,0.0,0.0,0.0,0.0,0.0
0.0,0.0,0.0,0.0,0.0,0.0,0.0,0.0,0.0,0.0,0.0,0.0,0.0,0.0,0.0,0.0,0.0,0.0,0.0,0.0,0.0,0.0,0.0,0.0,0.0,0.0,0.0,0.0,0.0,0.0,0.0,0.0,0.0,0.0,0.0,0.0,0.0
0.0,0.0,0.0,0.0,0.0,0.0,0.0,0.0,0.0,0.0,0.0,0.0,0.0,0.0,0.0,0.0,0.0,0.0,0.0,0.0,0.0,0.0,0.0,0.0,0.0,0.0,0.0,0.0,0.0,0.0,0.0,0.0,0.0,0.0,0.0,0.0,0.0
0.0,0.0,0.0,0.0,0.0,0.0,0.0,0.0,0.0,0.0,0.0,0.0,0.0,0.0,0.0,0.0,0.0,0.0,0.0,0.0,0.0,0.0,0.0,0.0,0.0,0.0,0.0,0.0,0.0,0.0,0.0,0.0,0.0,0.0,0.0,0.0,0.0
0.0,0.0,0.0,0.0,0.0,0.0,0.0,0.0,0.0,0.0,0.0,0.0,0.0,0.0,0.0,0.0,0.0,0.0,0.0,0.0,0.0,0.0,0.0,0.0,0.0,0.0,0.0,0.0,0.0,0.0,0.0,0.0,0.0,0.0,0.0,0.0,0.0
0.0,0.0,0.0,0.0,0.0,0.0,0.0,0.0,0.0,0.0,0.0,0.0,0.0,0.0,0.0,0.0,0.0,0.0,0.0,0.0,0.0,0.0,0.0,0.0,0.0,0.0,0.0,0.0,0.0,0.0,0.0,0.0,0.0,0.0,0.0,0.0,0.0
0.0,0.0,0.0,0.0,0.0,0.0,0.0,0.0,0.0,0.0,0.0,0.0,0.0,3.133374117314721,0.0,0.0,0.0,0.0,0.0,0.0,0.0,0.0,0.0,0.0,0.0,0.0,0.0,0.0,0.2202683478593826,0.0,0.0,0.0,0.0,0.0,0.0,0.0,0.0
0.0,0.0,0.0,0.0,0.0,0.0,0.0,0.0,0.0,0.0,0.0,0.0,0.0,12.236202517524353,0.0,0.0,0.0,0.0,0.0,0.0,0.0,0.0,0.0,0.0,0.0,0.0,0.0,0.0,0.3762115836141898,0.5215414106845777,0.0,0.0,0.0,0.0,0.0,0.0,0.0
0.0,0.0,0.0,0.0,0.0,0.0,0.0,0.0,0.0,0.0,0.0,0.0,0.0,11.155543697532146,0.0,0.0,0.0,0.0,0.0,0.0,0.0,0.0,0.0,0.0,0.0,0.0,0.1049507401883562,0.0,0.0,0.4782914780080138,0.0,0.0,0.0257099736481905,0.0,0.0,0.0,0.0
0.0,0.0,0.0,0.1996434833854382,2.736781831830697,0.0,0.0,0.0,0.0,0.0,0.0,0.0,0.0,6.206333460286176,0.122167955338953,0.0,0.0,0.0,0.0,0.0,0.0,2.663016319274844,0.0,0.0,0.0,0.0,0.0,0.0,0.0,0.4310700610279868,0.0,0.0,0.0,0.0,0.0,0.0,0.0
0.0,0.0,0.0,0.0770505778491468,4.0608906149863495,0.0,0.0,0.0,0.0,0.0,0.0,0.0,0.0,2.164558311924294,0.116687508299946,0.0,32.36946672201142,0.0,0.0,0.0,0.0,0.0,0.0,0.0,0.0,0.0,0.0,0.0,0.0,0.450104483216981,0.0,0.0,0.0,0.0,0.0,0.0,0.0
0.0,0.0,0.0,0.1026158481836288,18.809679586440318,0.5429248474538061,0.0,0.0,0.0,0.0,2.3064481162465063,0.0,0.0,23.63663460360834,0.3719225954264394,0.0809724498540152,15.740873157978053,0.0,0.0,0.0,0.0,111.89556608200049,0.0,0.0,0.0,0.0,0.0,0.0,0.0,0.9188655704259848,0.0,0.0,1.2097418811172074,0.0,0.0,0.0,0.0
0.0,0.0,0.0,0.5490801073610746,118.03849092125878,9.14107375685124,37.617568963766026,0.0,0.0,0.0,17.16184712992963,0.0,0.0,107.56546420976518,2.026153162121772,0.422842666506767,69.53152049779891,0.0,0.0,0.0,0.0,533.76814994812,0.0,0.0,0.0,63.38109055161475,0.0,0.0,69.15001584663972,7.077135238796467,0.0,53.44123221933837,8.142119273543344,0.0,0.0,0.0,0.0
0.0,0.0,0.0,3.330877043306823,350.2439091801643,66.11676470190287,214.43942745923988,0.0,0.0,0.0,120.86076233573245,0.0,0.0,304.40870329737663,6.900029924511909,1.0313988327980037,266.54888412952414,0.0,0.0,0.0,0.0,1336.9933197021485,0.0,0.0,0.0,281.5241438388824,0.0,0.0,576.8325760483741,47.0132889434695,0.0,0.0,33.676848798990235,0.0,0.0,0.0,0.0
0.0,0.0,0.0,9.100152075290678,741.2114968299866,197.1065067499876,486.2417739421129,0.0,0.0,0.0,373.6616107091307,0.0,0.0,554.9223065376281,15.34483014643192,1.5566930547356603,633.8761277675627,0.0,0.0,0.0,0.0,2225.468521118164,0.0,0.0,0.0,550.6685720920563,2.1547324676066557,0.0,1304.858147186041,183.3106880426407,0.0,390.9805999994278,85.38933825492859,0.0,0.0,0.0,0.0
0.0,0.0,0.0,19.03625863790512,1222.1138229370115,280.9188962578773,828.341572201252,0.0,0.0,0.0,771.1471786051987,0.0,0.0,838.7562312185764,23.03183725476265,2.36914549767971,1042.836447238922,0.0,0.0,0.0,0.0,2857.29518737793,0.0,0.0,0.0,733.6593705654144,7.800273197889322,0.0,1885.6098426103592,282.86504489183426,0.0,475.799180150032,140.51269185543055,0.0,0.0,0.0,0.0
0.0,0.0,0.0,30.9409350156784,1530.7441582679749,299.3582811653614,1076.0674288153648,0.0,0.0,0.0,1060.9353226572275,0.0,0.0,985.5955551564692,27.21626533269882,3.5197196006774893,1298.6631887435913,0.0,0.0,0.0,0.0,3187.56400756836,0.0,0.0,0.0,781.6594961166381,16.937405967712397,0.0,2114.390468430519,331.95809707045555,0.0,474.4040522575378,156.58653092384338,0.0,0.0,0.0,0.0
0.0,0.0,0.0,40.51683866977692,1677.025515794754,310.05192095041275,1203.1244718670846,0.0,0.0,0.0,1278.404318892956,0.0,0.0,1048.7778121232986,29.03189966082573,4.424122691154479,1489.5616246223449,0.0,0.0,0.0,0.0,3344.1269256591795,0.0,0.0,0.0,787.0980607509613,31.24402291178703,0.0,2226.5996966481207,350.331237834692,0.0,456.9267572164536,167.90309762954712,0.0,0.0,0.0,0.0
0.0,0.0,0.0,44.58689761161804,1730.621036052704,310.8722280561924,1245.0466159045695,0.0,0.0,0.0,1331.7704495191574,0.0,0.0,1050.839095711708,28.267590630054475,5.152025759220122,1597.584665155411,0.0,0.0,0.0,0.0,3381.8943450927736,0.0,0.0,0.0,760.2989861488343,40.83201998472214,0.0,2251.7098955988886,354.1746739864349,0.0,442.5296803712845,173.4433581829071,0.0,0.0,0.0,0.0
0.0,0.0,0.0,44.4971342086792,1714.5177228450775,303.9750003218651,1237.92200832963,0.0,0.0,0.0,1292.7918088316917,0.0,0.0,1023.2342839241028,26.769291615486143,5.4667093455791465,1617.1227263450623,0.0,0.0,0.0,0.0,3323.0535247802736,0.0,0.0,0.0,727.3099191665649,0.0,0.0,2193.991341650486,347.8297650575638,0.0,428.477214217186,170.67528867721558,0.0,0.0,0.0,0.0
0.0,0.0,0.0,38.51634168624878,0.0,0.0,0.0,0.0,0.0,0.0,0.0,0.0,0.0,951.7353303730488,24.21619019508362,4.700330972671508,1630.4307491779327,0.0,0.0,0.0,0.0,0.0,0.0,0.0,0.0,0.0,0.0,0.0,2062.945615708828,350.9009290993214,0.0,0.0,0.0,0.0,0.0,0.0,0.0
0.0,0.0,0.0,29.35516047477722,0.0,0.0,0.0,0.0,0.0,0.0,0.0,0.0,0.0,813.0286078155041,19.937300670146943,0.0,1551.9659483909606,0.0,0.0,0.0,0.0,0.0,0.0,0.0,0.0,0.0,0.0,0.0,0.0,340.373309135437,0.0,0.0,0.0,0.0,0.0,0.0,0.0
0.0,0.0,0.0,0.0,0.0,0.0,0.0,0.0,0.0,0.0,0.0,0.0,0.0,0.0,0.0,0.0,0.0,0.0,0.0,0.0,0.0,0.0,0.0,0.0,0.0,0.0,0.0,0.0,0.0,322.15872314572334,0.0,0.0,0.0,0.0,0.0,0.0,0.0
0.0,0.0,0.0,0.0,0.0,0.0,0.0,0.0,0.0,0.0,0.0,0.0,0.0,0.0,0.0,0.0,0.0,0.0,0.0,0.0,0.0,0.0,0.0,0.0,0.0,0.0,0.0,0.0,0.0,0.0,0.0,0.0,0.0,0.0,0.0,0.0,0.0
0.0,0.0,0.0,0.0,0.0,0.0,0.0,0.0,0.0,0.0,0.0,0.0,0.0,0.0,0.0,0.0,0.0,0.0,0.0,0.0,0.0,0.0,0.0,0.0,0.0,0.0,0.0,0.0,0.0,0.0,0.0,0.0,0.0,0.0,0.0,0.0,0.0
0.0,0.0,0.0,0.0,0.0,0.0,0.0,0.0,0.0,0.0,0.0,0.0,0.0,0.0,0.0,0.0,0.0,0.0,0.0,0.0,0.0,0.0,0.0,0.0,0.0,0.0,0.0,0.0,0.0,0.0,0.0,0.0,0.0,0.0,0.0,0.0,0.0
0.0,0.0,0.0,0.0,0.0,0.0,0.0,0.0,0.0,0.0,0.0,0.0,0.0,0.0,0.0,0.0,0.0,0.0,0.0,0.0,0.0,0.0,0.0,0.0,0.0,0.0,0.0,0.0,0.0,0.0,0.0,0.0,0.0,0.0,0.0,0.0,0.0
0.0,0.0,0.0,0.0,0.0,0.0,0.0,0.0,0.0,0.0,0.0,0.0,0.0,0.0,0.0,0.0,0.0,0.0,0.0,0.0,0.0,0.0,0.0,0.0,0.0,0.0,0.0,0.0,0.0,0.0,0.0,0.0,0.0,0.0,0.0,0.0,0.0
0.0,0.0,0.0,0.0,0.0,0.0,0.0,0.0,0.0,0.0,0.0,0.0,0.0,0.0,0.0,0.0,0.0,0.0,0.0,0.0,0.0,0.0,0.0,0.0,0.0,0.0,0.0,0.0,0.0,0.0,0.0,0.0,0.0,0.0,0.0,0.0,0.0
0.0,0.0,0.0,0.0,0.0,0.0,0.0,0.0,0.0,0.0,0.0,0.0,0.0,0.0,0.0,0.0,0.0,0.0,0.0,0.0,0.0,0.0,0.0,0.0,0.0,0.0,0.0,0.0,0.0,0.0,0.0,0.0,0.0,0.0,0.0,0.0,0.0
0.0,0.0,0.0,0.0,0.0,0.0,0.0,0.0,0.0,0.0,0.0,0.0,0.0,0.0,0.0,0.0,0.0,0.0,0.0,0.0,0.0,0.0,0.0,0.0,0.0,0.0,0.0,0.0,0.0,0.0,0.0,0.0,0.4705562619492273,0.0,0.0,0.0,0.0
0.0,0.0,0.0,0.2483459729701272,0.0,0.0,0.0,0.0,0.0,0.0,0.0,0.0,0.0,0.0,0.1406676840037092,0.0291841719299545,0.0,0.0,0.0,0.0,0.0,0.0,0.0,0.0,0.0,0.0,0.4951055347919411,0.0,0.4980680078266211,0.0,0.0,0.0,0.5638165185227754,0.0,0.0,0.0,0.0
0.0,0.0,0.0,0.0,2.870401721447604,0.0,1.6632085494696327,0.0,0.0,0.0,0.0,0.0,0.0,3.2255213009193464,0.1423836171627023,0.0,0.0,0.0,0.0,0.0,0.0,9.031372642516647,0.0,0.0,0.0,2.0973666567354714,0.5190870948135827,0.0,0.0,0.5229531034827086,0.0,0.0,0.0914609022438469,0.0,0.0,0.0,0.0
0.0,0.0,0.0,0.1748740132898069,3.387405302375407,0.1459208456799309,4.4666890900580665,0.0,0.0,0.0,0.0,0.0,0.0,0.0,0.1093560554087141,0.0,10.145384824275878,0.0,0.0,0.0,0.0,6.924614810943453,0.0,0.0,0.0,1.5848570026456454,0.0676104031503165,0.0,0.0,0.5114896893500978,0.0,0.0,0.0,0.0,0.0,0.0,0.0
0.0,0.0,0.0,0.0943404957652055,5.073513943701933,0.0,5.682637710496716,0.0,0.0,0.0,1.635679271165136,0.0,0.0,0.0,0.0508940309286103,0.0,24.21892478466032,0.0,0.0,0.0,0.0,0.0,0.0,0.0,0.0,0.0,0.0,0.0,0.0,0.5549622125923565,0.0,1.2988475263118169,0.0,0.0,0.0,0.0,0.0
0.0,0.0,0.0,0.1893228515982602,17.431016508489822,0.8218735582195036,3.656079342588753,0.0,0.0,0.0,3.1290439331902857,0.0,0.0,13.928275697398822,0.2495791632682073,0.0657353652641166,12.877185797691212,0.0,0.0,0.0,0.0,222.17077903747548,0.0,0.0,0.0,3.9845655899494794,0.0,0.0,0.0,1.1232066385447643,0.0,3.3450093865394277,1.3083898313343525,0.0,0.0,0.0,0.0
0.0,0.0,0.0,0.9346809498965724,113.39664426445944,9.70101209916174,26.91595009919245,0.0,0.0,0.0,20.075653990544343,0.0,0.0,75.6542916316538,2.1306167878210536,0.4187662228941905,53.77495825290669,0.0,0.0,0.0,0.0,808.8422286987303,0.0,0.0,0.0,42.79519435465329,0.912210547178978,0.0,18.17583012729864,8.568702904134987,0.0,23.783977478742568,9.79408263415098,0.0,0.0,0.0,0.0
0.0,0.0,0.0,4.355921566486359,339.03610837459564,57.71184375137087,146.4057353764772,0.0,0.0,0.0,115.34929640777392,0.0,0.0,249.3997908383608,7.678854104876517,0.9715231433510771,236.1743215799331,0.0,0.0,0.0,0.0,1873.2829620361329,0.0,0.0,0.0,209.9438543915748,5.062807112932196,0.0,228.00185213387005,55.06859549432993,0.0,111.63577938079834,39.99833802878857,0.0,0.0,0.0,0.0
0.0,0.0,0.0,11.492490887641903,725.3853398561478,165.62907452881333,390.7816247552633,0.0,0.0,0.0,348.1705976516008,0.0,0.0,509.1130101680756,0.0,1.8059014230966564,578.3776375174522,0.0,0.0,0.0,0.0,2642.697848510742,0.0,0.0,0.0,481.99783101081846,14.29978628754616,0.0,897.2467981040478,206.1509402930737,0.0,302.8331753015518,91.62372934818268,0.0,0.0,0.0,0.0
0.0,0.0,0.0,23.58134299516678,1159.6518256664276,251.9312609732151,670.8444705694912,0.0,0.0,0.0,709.0679017245768,0.0,0.0,808.9196975529194,24.931675350666048,2.771134346723556,988.0953231453896,0.0,0.0,0.0,0.0,3194.3060943603514,0.0,0.0,0.0,670.0760289669037,32.18760172724724,0.0,1510.010722029209,293.2947250068188,0.0,397.7679307460785,147.00279319286346,0.0,0.0,0.0,0.0
0.0,0.0,0.0,37.458996057510376,1428.1196687221527,280.8339460492134,900.0416963934898,0.0,0.0,0.0,976.82198086977,0.0,0.0,981.6835775971412,29.023736196756364,4.140017420053481,1246.0111033439637,0.0,0.0,0.0,0.0,3423.898281860352,0.0,0.0,0.0,728.0193556785583,47.9207547545433,0.0,1815.7211973667145,337.4879496395588,0.0,436.4663406610489,168.0787172317505,0.0,0.0,0.0,0.0
0.0,0.0,0.0,46.79005146026611,1567.627063035965,300.3182557821274,1060.6764740407466,0.0,0.0,0.0,1231.7411300718784,0.0,0.0,1067.9636825621128,30.486975413560867,5.30331066250801,1429.7477161884308,0.0,0.0,0.0,0.0,3548.5496154785155,0.0,0.0,0.0,743.602464056015,56.90661511421204,0.0,1971.611339378357,348.3867100834847,0.0,456.22634065151215,179.16716706752777,0.0,0.0,0.0,0.0
0.0,0.0,0.0,50.17838525772095,1614.6190128326416,308.8754723370075,1125.199586504698,0.0,0.0,0.0,1315.877187949419,0.0,0.0,1089.527676999569,29.726936405897145,6.135619968175888,1527.569540810585,0.0,0.0,0.0,0.0,3531.302062988281,0.0,0.0,0.0,722.9175284385681,60.29998226165772,0.0,2012.6905026674272,344.4003239274025,0.0,458.90152287483215,180.9526854157448,0.0,0.0,0.0,0.0
0.0,0.0,0.0,51.04295575618744,1591.1960003376007,0.0,1121.292666476965,0.0,0.0,0.0,1317.798901361227,0.0,0.0,1065.7487131655216,28.52066638469696,6.476856470108031,1540.4170644283297,0.0,0.0,0.0,0.0,3379.6364807128907,0.0,0.0,0.0,680.4702590465546,60.17602369785309,0.0,1993.9276764392853,337.82129658460616,0.0,449.4258770942688,177.49619615077972,0.0,0.0,0.0,0.0
0.0,0.0,0.0,44.98986101150513,1468.7227101325989,0.0,1090.8946309506894,0.0,0.0,0.0,0.0,0.0,0.0,985.6576485931872,26.02802313566208,5.688754498958587,1558.423601078987,0.0,0.0,0.0,0.0,3148.383419799805,0.0,0.0,0.0,654.062241268158,54.3182762503624,0.0,0.0,346.21148478388784,0.0,0.0,168.23414826393127,0.0,0.0,0.0,0.0
0.0,0.0,0.0,35.151917695999146,0.0,0.0,0.0,0.0,0.0,0.0,0.0,0.0,0.0,842.3482728004456,22.6582175552845,0.0,1493.5223836421967,0.0,0.0,0.0,0.0,0.0,0.0,0.0,0.0,589.3194571018219,44.38780691623687,0.0,0.0,338.53848338723185,0.0,0.0,0.0,0.0,0.0,0.0,0.0
0.0,0.0,0.0,0.0,0.0,0.0,0.0,0.0,0.0,0.0,0.0,0.0,0.0,0.0,0.0,0.0,0.0,0.0,0.0,0.0,0.0,0.0,0.0,0.0,0.0,0.0,0.0,0.0,0.0,321.41836349368094,0.0,0.0,0.0,0.0,0.0,0.0,0.0
0.0,0.0,0.0,0.0,0.0,0.0,0.0,0.0,0.0,0.0,0.0,0.0,0.0,0.0,0.0,0.0,0.0,0.0,0.0,0.0,0.0,0.0,0.0,0.0,0.0,0.0,0.0,0.0,0.0,0.0,0.0,0.0,0.0,0.0,0.0,0.0,0.0
0.0,0.0,0.0,0.0,0.0,0.0,0.0,0.0,0.0,0.0,0.0,0.0,0.0,0.0,0.0,0.0,0.0,0.0,0.0,0.0,0.0,0.0,0.0,0.0,0.0,0.0,0.0,0.0,0.0,0.0,0.0,0.0,0.0,0.0,0.0,0.0,0.0
0.0,0.0,0.0,0.0,0.0,0.0,0.0,0.0,0.0,0.0,0.0,0.0,0.0,0.0,0.0,0.0,0.0,0.0,0.0,0.0,0.0,0.0,0.0,0.0,0.0,0.0,0.0,0.0,0.0,0.0,0.0,0.0,0.0,0.0,0.0,0.0,0.0
0.0,0.0,0.0,0.0,0.0,0.0,0.0,0.0,0.0,0.0,0.0,0.0,0.0,0.0,0.0,0.0,0.0,0.0,0.0,0.0,0.0,0.0,0.0,0.0,0.0,0.0,0.0,0.0,0.0,0.0,0.0,0.0,0.0,0.0,0.0,0.0,0.0
0.0,0.0,0.0,0.0,0.0,0.0,0.0,0.0,0.0,0.0,0.0,0.0,0.0,0.0,0.0,0.0,0.0,0.0,0.0,0.0,0.0,0.0,0.0,0.0,0.0,0.0,0.0,0.0,0.0,0.0,0.0,0.0,0.0,0.0,0.0,0.0,0.0
0.0,0.0,0.0,0.0,0.0,0.0,0.0,0.0,0.0,0.0,0.0,0.0,0.0,0.0,0.0,0.0,0.0,0.0,0.0,0.0,0.0,0.0,0.0,0.0,0.0,0.0,0.0,0.0,0.0,0.0,0.0,0.0,0.0,0.0,0.0,0.0,0.0
0.0,0.0,0.0,0.0,0.0,0.0,0.0,0.0,0.0,0.0,0.0,0.0,0.0,0.0,0.0,0.0,0.0,0.0,0.0,0.0,0.0,0.0,0.0,0.0,0.0,0.0,0.0,0.0,0.0,0.0,0.0,0.0,0.0,0.0,0.0,0.0,0.0
0.0,0.0,0.0,0.0,0.0,0.0,0.0,0.0,0.0,0.0,0.0,0.0,0.0,0.259472834877646,0.0,0.0,0.0,0.0,0.0,0.0,0.0,0.0,0.0,0.0,0.0,0.0,0.0,0.0,0.0,0.0826016016304325,0.0,0.0,0.0,0.0,0.0,0.0,0.0
0.0,0.0,0.0,0.0,0.0,0.0,0.0,0.0,0.0,0.0,0.0,0.0,0.0,1.97533892001953,0.0,0.0,0.0,0.0,0.0,0.0,0.0,0.0,0.0,0.0,0.0,0.0,0.0,0.0,0.0,0.0,0.0,0.0,0.0,0.0,0.0,0.0,0.0
0.0,0.0,0.0,0.0,0.0,0.0,0.0,0.0,0.0,0.0,0.0,0.0,0.0,2.733030212111735,0.0,0.0,0.0,0.0,0.0,0.0,0.0,0.0,0.0,0.0,0.0,0.0,0.0,0.0,0.0,0.466007993370276,0.0,1.188900604844092,0.0,0.0,0.0,0.0,0.0
0.0,0.0,0.0,0.0,3.0551823973654244,0.0699464469216559,0.0,0.0,0.0,0.0,1.9719187256413024,0.0,0.0,1.3271220214663644,0.0,0.0,0.0,0.0,0.0,0.0,0.0,0.0719078063964843,0.0,0.0,0.0,0.0,0.5602373922243679,0.0,0.0,0.4736492931842719,0.0,1.2887243181466823,0.0,0.0,0.0,0.0,0.0
0.0,0.0,0.0,0.066352024674413,4.991644073277504,0.0,0.1934613104908317,0.0,0.0,0.0,1.693776942975599,0.0,0.0,0.045210076496005,0.0,0.0,24.01318937540051,0.0,0.0,0.0,0.0,1.5785172462462207,0.0,0.0,0.0,0.0,0.0,0.0,0.0,0.4963476732372919,0.0,1.4566027224063869,0.0,0.0,0.0,0.0,0.0
0.0,0.0,0.0,0.1396114360541067,16.379062376916313,0.6607917649671353,0.2844545949249096,0.0,0.0,0.0,4.599851433001323,0.0,0.0,13.672251233365351,0.2565673772245634,0.2008996978402128,12.093160450458369,0.0,0.0,0.0,0.0,323.9149948120117,0.0,0.0,0.0,0.0,0.0,0.0,1.6757712736724115,0.911938903480736,0.0,4.998989999294231,1.3810511101037084,0.0,0.0,0.0,0.0
0.0,0.0,0.0,0.8273295070975997,109.8791564404964,11.85861383285372,33.65786795783774,0.0,0.0,0.0,27.400745427049696,0.0,0.0,66.10639577731487,1.547551774978636,0.5371346212923522,55.2570253968237,0.0,0.0,0.0,0.0,1203.9922607421877,0.0,0.0,0.0,37.50155331194397,0.7469184998422792,0.0,86.9861265212296,7.073222330957642,0.0,48.835719704627984,10.31994380056858,0.0,0.0,0.0,0.0
0.0,0.0,0.0,3.978924512863157,329.4168006181716,78.62066628783937,159.00018512010575,0.0,0.0,0.0,154.95090891346325,0.0,0.0,218.8328853994608,5.405026526749133,1.2892394363880149,231.59641761779767,0.0,0.0,0.0,0.0,2243.1734588623044,0.0,0.0,0.0,191.24020515680317,3.391373775154348,0.0,659.8685987532139,46.38226226270197,0.0,207.91460263729093,42.54340766370295,0.0,0.0,0.0,0.0
0.0,0.0,0.0,10.42475539445877,725.0594999790192,207.80520309507844,378.5165369287133,0.0,0.0,0.0,420.4341419041156,0.0,0.0,454.57375898957247,12.221556159853936,2.24394316971302,566.0682618379593,0.0,0.0,0.0,0.0,2992.007095336914,0.0,0.0,0.0,488.0448378562927,8.626228049397461,0.0,1305.5882646977902,179.97590647935866,0.0,371.93666112422943,98.57751289010048,0.0,0.0,0.0,0.0
0.0,0.0,0.0,21.06400430202484,1170.1266286373138,288.2394379079342,624.0547241359948,0.0,0.0,0.0,864.452264150977,0.0,0.0,732.3975488543509,19.40893918275833,3.1277717798948284,957.844496011734,0.0,0.0,0.0,0.0,3505.1333251953124,0.0,0.0,0.0,680.7643053531647,20.54141136407852,0.0,1846.1875811100008,275.9566303730011,0.0,467.51840484142303,152.94069522619247,0.0,0.0,0.0,0.0
0.0,0.0,0.0,33.86898100376129,1465.801691532135,314.306537181139,855.8135882794857,0.0,0.0,0.0,1188.9362861037257,0.0,0.0,897.243241071701,23.62230341434479,4.405082046985626,1200.8959082126617,0.0,0.0,0.0,0.0,3706.219329833984,0.0,0.0,0.0,725.7142522811889,37.88571550250053,0.0,2071.1567673206328,318.0703202188015,0.0,491.9518913030624,172.88333493471146,0.0,0.0,0.0,0.0
0.0,0.0,0.0,42.86659622192383,1650.719069480896,329.99068236351013,1048.3376532077789,0.0,0.0,0.0,1459.6998742341996,0.0,0.0,986.6963024437428,25.877921676635744,5.586641460657119,1371.3683786392212,0.0,0.0,0.0,0.0,3767.896264648437,0.0,0.0,0.0,731.3948048591614,50.538927257061005,0.0,2196.029952895641,338.2349401473999,0.0,501.9991372823715,184.0482952594757,0.0,0.0,0.0,0.0
0.0,0.0,0.0,49.08398497104645,1727.2991971969604,337.5336062014103,1148.6388400554656,0.0,0.0,0.0,1612.0932395935058,0.0,0.0,1010.483005195856,27.31610772013664,6.534284472465515,1469.5050881385805,0.0,0.0,0.0,0.0,3718.127371215821,0.0,0.0,0.0,724.5474343299866,0.0,0.0,2237.90630774498,343.39915842413905,0.0,498.63796305656433,187.59049862623212,0.0,0.0,0.0,0.0
0.0,0.0,0.0,0.0,1729.9597709178925,0.0,0.0,0.0,0.0,0.0,0.0,0.0,0.0,998.9716832339764,0.0,6.864709734916687,1486.111128640175,0.0,0.0,0.0,0.0,3562.5680389404297,0.0,0.0,0.0,695.1429113388061,0.0,0.0,2217.7867635846137,339.9004096210003,0.0,481.5375007390976,184.45384800434115,0.0,0.0,0.0,0.0
0.0,0.0,0.0,0.0,0.0,0.0,0.0,0.0,0.0,0.0,0.0,0.0,0.0,934.615022689104,0.0,0.0,1507.3718025445935,0.0,0.0,0.0,0.0,3281.323638916016,0.0,0.0,0.0,0.0,0.0,0.0,0.0,346.8618475556374,0.0,438.5142338275909,0.0,0.0,0.0,0.0,0.0
0.0,0.0,0.0,0.0,0.0,0.0,0.0,0.0,0.0,0.0,0.0,0.0,0.0,783.0801784992218,0.0,0.0,0.0,0.0,0.0,0.0,0.0,0.0,0.0,0.0,0.0,0.0,0.0,0.0,0.0,0.0,0.0,379.486412525177,0.0,0.0,0.0,0.0,0.0
0.0,0.0,0.0,0.0,0.0,0.0,0.0,0.0,0.0,0.0,0.0,0.0,0.0,0.0,0.0,0.0,0.0,0.0,0.0,0.0,0.0,0.0,0.0,0.0,0.0,0.0,0.0,0.0,0.0,320.86814304590223,0.0,0.0,0.0,0.0,0.0,0.0,0.0
0.0,0.0,0.0,0.0,0.0,0.0,0.0,0.0,0.0,0.0,0.0,0.0,0.0,0.0,0.0,0.0,0.0,0.0,0.0,0.0,0.0,0.0,0.0,0.0,0.0,0.0,0.0,0.0,0.0,0.0,0.0,0.0,0.0,0.0,0.0,0.0,0.0
0.0,0.0,0.0,0.0,0.0,0.0,0.0,0.0,0.0,0.0,0.0,0.0,0.0,0.0,0.0,0.0,0.0,0.0,0.0,0.0,0.0,0.0,0.0,0.0,0.0,0.0,0.0,0.0,0.0,0.0,0.0,0.0,0.0,0.0,0.0,0.0,0.0
0.0,0.0,0.0,0.0,0.0,0.0,0.0,0.0,0.0,0.0,0.0,0.0,0.0,0.0,0.0,0.0,0.0,0.0,0.0,0.0,0.0,0.0,0.0,0.0,0.0,0.0,0.0,0.0,0.0,0.0,0.0,0.0,0.0,0.0,0.0,0.0,0.0
0.0,0.0,0.0,0.0,0.0,0.0,0.0,0.0,0.0,0.0,0.0,0.0,0.0,0.0,0.0,0.0,0.0,0.0,0.0,0.0,0.0,0.0,0.0,0.0,0.0,0.0,0.0,0.0,0.0,0.0,0.0,0.0,0.0,0.0,0.0,0.0,0.0
0.0,0.0,0.0,0.0,0.0,0.0,0.0,0.0,0.0,0.0,0.0,0.0,0.0,0.0,0.0,0.0,0.0,0.0,0.0,0.0,0.0,0.0,0.0,0.0,0.0,0.0,0.0,0.0,0.0,0.0,0.0,0.0,0.0,0.0,0.0,0.0,0.0
0.0,0.0,0.0,0.0,0.0,0.0,0.0,0.0,0.0,0.0,0.0,0.0,0.0,0.0,0.0,0.0,0.0,0.0,0.0,0.0,0.0,0.0,0.0,0.0,0.0,0.0,0.0,0.0,0.0,0.0,0.0,0.0,0.0,0.0,0.0,0.0,0.0
0.0,0.0,0.0,0.0,0.0,0.0,0.0,0.0,0.0,0.0,0.0,0.0,0.0,0.0,0.0,0.0,0.0,0.0,0.0,0.0,0.0,0.0,0.0,0.0,0.0,0.0,0.0,0.0,0.0,0.0,0.0,0.0,0.0,0.0,0.0,0.0,0.0
0.0,0.0,0.0,0.0,0.0,0.0,0.0,0.0,0.0,0.0,0.0,0.0,0.0,0.0,0.0,0.0,0.0,0.0,0.0,0.0,0.0,0.0,0.0,0.0,0.0,0.0,0.0,0.0,0.0,0.0,0.0,0.0,0.3210611343383551,0.0,0.0,0.0,0.0
0.0,0.0,0.0,0.0,0.0,0.0,0.0,0.0,0.0,0.0,0.0,0.0,0.0,0.0,0.0,0.0,0.0,0.0,0.0,0.0,0.0,0.0,0.0,0.0,0.0,0.0,0.0,0.0,0.0,0.0,0.0,0.0,0.0,0.0,0.0,0.0,0.0
0.0,0.0,0.0,0.0,0.0,0.0,0.0,0.0,0.0,0.0,0.0,0.0,0.0,3.258952288888289,0.0,0.0,0.0,0.0,0.0,0.0,0.0,0.0,0.0,0.0,0.0,0.0,0.0,0.0,0.0,0.0,0.0,0.0,0.0,0.0,0.0,0.0,0.0
0.0,0.0,0.0,0.0,3.264582760631911,0.1300409184768788,0.0,0.0,0.0,0.0,1.869101930037068,0.0,0.0,2.2196070570497946,0.157490053027866,0.0,0.0,0.0,0.0,0.0,0.0,8.60047750472982,0.0,0.0,0.0,0.0,1.303915518894791,0.0,0.0,0.5227012246847146,0.0,1.113216504454607,0.0,0.0,0.0,0.0,0.0
0.0,0.0,0.0,0.0955585632473186,5.653776306658978,0.0,0.0,0.0,0.0,0.0,1.6540004759093574,0.0,0.0,1.4834367856382815,0.0927045866847028,0.0,31.69183299541468,0.0,0.0,0.0,0.0,25.774594402312783,0.0,0.0,0.0,0.0,0.0,0.0,0.0,0.5617922283708876,0.0,1.3772810846567136,0.0,0.0,0.0,0.0,0.0
0.0,0.0,0.0,0.235490120947361,16.70312470197664,0.6879574684425749,0.0,0.0,0.0,0.0,3.040123790455867,0.0,0.0,23.609790231566805,0.2690064869821068,0.0,16.142477011680462,0.0,0.0,0.0,0.0,252.02857742309564,0.0,0.0,0.0,0.0,0.0,0.0,0.0,0.911848109960526,0.0,3.334092289209342,1.3609670521691184,0.0,0.0,0.0,0.0
0.0,0.0,0.0,0.9602961093187272,100.13973188400269,10.060984283685665,17.093574103340444,0.0,0.0,0.0,24.53795229336233,0.0,0.0,106.57358529046176,2.0671876709908235,0.582907125353813,73.34537818431839,0.0,0.0,0.0,0.0,924.85152053833,0.0,0.0,0.0,4.996383567526885,1.3633183972910023,0.0,50.13457217961542,7.737467724829887,0.0,31.112650930881475,9.342891670763493,0.0,0.0,0.0,0.0
0.0,0.0,0.0,4.3199926465749705,298.0607821345328,63.9495829492807,104.1695857428014,0.0,0.0,0.0,137.44794960059218,0.0,0.0,302.47704658657307,7.08057491183281,1.2000592052936552,268.9359541893004,0.0,0.0,0.0,0.0,1933.629840087891,0.0,0.0,0.0,63.53787801265713,4.677619469910851,0.0,480.2971156686544,51.138261157274215,0.0,149.92082870006558,38.34289275109767,0.0,0.0,0.0,0.0
0.0,0.0,0.0,11.201088726520537,632.0233548879622,181.0541641563177,310.7940511718392,0.0,0.0,0.0,385.85987984687085,0.0,0.0,566.22690834105,16.028095561265943,2.105646863579749,636.6604504108428,0.0,0.0,0.0,0.0,2690.017938232422,0.0,0.0,0.0,255.6581090688705,13.12297303676605,0.0,1143.3507499635218,189.365713763237,0.0,326.80923807621,93.83032608032228,0.0,0.0,0.0,0.0
0.0,0.0,0.0,23.079015314579006,1026.810243725777,270.4430079162121,530.3101763188839,0.0,0.0,0.0,779.5111751645803,0.0,0.0,867.7462182939053,24.47726832032204,2.851256266236305,1036.749816942215,0.0,0.0,0.0,0.0,3212.6840728759767,0.0,0.0,0.0,475.4326092720032,25.58761594295502,0.0,1739.3343806028363,281.44716641902926,0.0,422.8995373249054,149.76384210586548,0.0,0.0,0.0,0.0
0.0,0.0,0.0,37.33325707912445,1320.881079673767,298.22433426976204,733.9869874536992,0.0,0.0,0.0,1067.9933135598897,0.0,0.0,1014.3163189291954,28.3390784740448,3.9474359452724457,1297.2745819807053,0.0,0.0,0.0,0.0,3462.9259552001954,0.0,0.0,0.0,595.9532645225524,39.68227182030677,0.0,2010.012096107006,320.5876320719719,0.0,439.1694749593735,169.43374401330948,0.0,0.0,0.0,0.0
0.0,0.0,0.0,48.64318716526032,1496.0048472881315,315.9562532007694,916.2879812419416,0.0,0.0,0.0,1309.259143292904,0.0,0.0,1093.1759850680828,29.903992778062825,4.906980812549591,1477.314576292038,0.0,0.0,0.0,0.0,3579.0944763183597,0.0,0.0,0.0,648.5798011779785,51.4280949473381,0.0,2186.7817453861235,339.5260122895241,0.0,446.6944319009781,181.78504478931427,0.0,0.0,0.0,0.0
0.0,0.0,0.0,56.60248112678527,1594.9852526187897,320.99652579426765,1034.4038602888584,0.0,0.0,0.0,1386.705821210146,0.0,0.0,1110.1310440897942,29.973342472314837,5.65615689754486,1574.0564279079438,0.0,0.0,0.0,0.0,3557.866802978516,0.0,0.0,0.0,660.5446110725403,57.40275958776474,0.0,0.0,344.28675587773324,0.0,443.2284822463989,184.6432817578316,0.0,0.0,0.0,0.0
0.0,0.0,0.0,59.29727900028229,0.0,316.9261014163494,0.0,0.0,0.0,0.0,1371.0775580883026,0.0,0.0,0.0,28.81857215166092,6.078032344579697,1587.4682683706285,0.0,0.0,0.0,0.0,3435.922299194336,0.0,0.0,0.0,0.0,0.0,0.0,0.0,340.5603086411953,0.0,433.5252728462219,180.4310483932495,0.0,0.0,0.0,0.0
0.0,0.0,0.0,0.0,0.0,0.0,0.0,0.0,0.0,0.0,0.0,0.0,0.0,0.0,0.0,0.0,1599.7177681207656,0.0,0.0,0.0,0.0,0.0,0.0,0.0,0.0,0.0,0.0,0.0,0.0,346.74061770439147,0.0,0.0,170.4501407146454,0.0,0.0,0.0,0.0
0.0,0.0,0.0,0.0,0.0,0.0,0.0,0.0,0.0,0.0,0.0,0.0,0.0,0.0,0.0,0.0,1521.3852214336396,0.0,0.0,0.0,0.0,0.0,0.0,0.0,0.0,0.0,0.0,0.0,0.0,0.0,0.0,0.0,0.0,0.0,0.0,0.0,0.0
0.0,0.0,0.0,0.0,0.0,0.0,0.0,0.0,0.0,0.0,0.0,0.0,0.0,0.0,0.0,0.0,0.0,0.0,0.0,0.0,0.0,0.0,0.0,0.0,0.0,0.0,0.0,0.0,0.0,0.0,0.0,0.0,0.0,0.0,0.0,0.0,0.0
0.0,0.0,0.0,0.0,0.0,0.0,0.0,0.0,0.0,0.0,0.0,0.0,0.0,0.0,0.0,0.0,0.0,0.0,0.0,0.0,0.0,0.0,0.0,0.0,0.0,0.0,0.0,0.0,0.0,0.0,0.0,0.0,0.0,0.0,0.0,0.0,0.0
0.0,0.0,0.0,0.0,0.0,0.0,0.0,0.0,0.0,0.0,0.0,0.0,0.0,0.0,0.0,0.0,0.0,0.0,0.0,0.0,0.0,0.0,0.0,0.0,0.0,0.0,0.0,0.0,0.0,0.0,0.0,0.0,0.0,0.0,0.0,0.0,0.0
0.0,0.0,0.0,0.0,0.0,0.0,0.0,0.0,0.0,0.0,0.0,0.0,0.0,0.0,0.0,0.0,0.0,0.0,0.0,0.0,0.0,0.0,0.0,0.0,0.0,0.0,0.0,0.0,0.0,0.0,0.0,0.0,0.0,0.0,0.0,0.0,0.0
0.0,0.0,0.0,0.0,0.0,0.0,0.0,0.0,0.0,0.0,0.0,0.0,0.0,0.0,0.0,0.0,0.0,0.0,0.0,0.0,0.0,0.0,0.0,0.0,0.0,0.0,0.0,0.0,0.0,0.0,0.0,0.0,0.0,0.0,0.0,0.0,0.0
0.0,0.0,0.0,0.0,0.0,0.0,0.0,0.0,0.0,0.0,0.0,0.0,0.0,0.0,0.0,0.0,0.0,0.0,0.0,0.0,0.0,0.0,0.0,0.0,0.0,0.0,0.0,0.0,0.0,0.0,0.0,0.0,0.0,0.0,0.0,0.0,0.0
0.0,0.0,0.0,0.0,0.0,0.0,0.0,0.0,0.0,0.0,0.0,0.0,0.0,0.0,0.0,0.0,0.0,0.0,0.0,0.0,0.0,0.0,0.0,0.0,0.0,0.0,0.0,0.0,0.0,0.0,0.0,0.0,0.0,0.0,0.0,0.0,0.0
0.0,0.0,0.0,0.0,0.0,0.0,0.0,0.0,0.0,0.0,0.0,0.0,0.0,0.0,0.0,0.0,0.0,0.0,0.0,0.0,0.0,0.0,0.0,0.0,0.0,0.0,0.0,0.0,0.0,0.0,0.0,0.0,0.0,0.0,0.0,0.0,0.0
0.0,0.0,0.0,0.0,0.0,0.0,0.0,0.0,0.0,0.0,0.0,0.0,0.0,0.0,0.0,0.0,0.0,0.0,0.0,0.0,0.0,0.0,0.0,0.0,0.0,0.0,0.0,0.0,0.0,0.0,0.0,0.0,0.0,0.0,0.0,0.0,0.0
0.0,0.0,0.0,0.0,0.0,1.2226342181674867,0.0,0.0,0.0,0.0,2.017722797021126,0.0,0.0,0.0,0.0,0.0,0.0,0.0,0.0,0.0,0.0,0.0,0.0,0.0,0.0,0.0,0.0,0.0,0.0,0.0,0.0,0.8707259744405629,0.0,0.0,0.0,0.0,0.0
0.0,0.0,0.0,0.2865977380424686,2.2797716185450176,1.254838184919172,2.1808242276310126,0.0,0.0,0.0,2.013189114676621,0.0,0.0,7.433586451224856,0.0,0.0,0.0,0.0,0.0,0.0,0.0,0.0,0.0,0.0,0.0,2.249509594589414,0.0,0.0,0.0,0.5047328941523738,0.0,0.0,0.1260879673063682,0.0,0.0,0.0,0.0
0.0,0.0,0.0,0.2695419061928948,3.507884707301724,0.6225498663261172,0.0,0.0,0.0,0.0,1.8474262877365384,0.0,0.0,4.793005012907056,0.1484668571501969,0.0,10.579286134242954,0.0,0.0,0.0,0.0,2.942329597473121,0.0,0.0,0.0,0.0,0.0,0.0,0.0,0.4858214825391624,0.0,0.992877259850476,0.0,0.0,0.0,0.0,0.0
0.0,0.0,0.0,0.0880999136716102,6.510268684476545,0.1938542071729703,0.0,0.0,0.0,0.0,1.6515084869227354,0.0,0.0,0.5212872615083315,0.1306788425892577,0.0,16.015003180503715,0.0,0.0,0.0,0.0,0.0,0.0,0.0,0.0,0.0,0.0,0.0,0.0,0.4612955167889215,0.0,1.0962488055228907,0.0,0.0,0.0,0.0,0.0
0.0,0.0,0.0,0.1534832585602978,16.57626029849049,0.8567646541632585,1.709764834493379,0.0,0.0,0.0,4.770064240274872,0.0,0.0,13.991815913468493,0.3177912656217791,0.040775259956717,4.250639414787146,0.0,0.0,0.0,0.0,89.14359493255574,0.0,0.0,0.0,0.0,0.3841808967292278,0.0,0.0,0.8287281066178968,0.0,2.98258328437804,1.3095634775236182,0.0,0.0,0.0,0.0
0.0,0.0,0.0,0.7226475924253419,84.33660820126528,5.186484524048852,53.0020638838409,0.0,0.0,0.0,29.562130541540466,0.0,0.0,47.64127467758944,1.5006053186953043,0.3416161593049764,15.636381387710404,0.0,0.0,0.0,0.0,486.2607536315918,0.0,0.0,0.0,23.1472908020019,3.226524557173248,0.0,27.58074664771545,5.101564890146226,0.0,31.432787857949688,8.898299977183317,0.0,0.0,0.0,0.0
0.0,0.0,0.0,3.533599503338332,254.25371691584573,33.55510620772837,263.3089297294616,0.0,0.0,0.0,157.90486519187684,0.0,0.0,122.6437217928469,5.525922471284864,0.813175775110721,149.99269630908947,0.0,0.0,0.0,0.0,1269.7155883789062,0.0,0.0,0.0,110.43221421837798,10.246427439153193,0.0,302.0504628539084,37.030324663221805,0.0,153.45726853609085,32.47613970935344,0.0,0.0,0.0,0.0
0.0,0.0,0.0,9.588361144065855,547.6667718887329,127.58089536428449,598.3130424290895,0.0,0.0,0.0,418.2801479950547,0.0,0.0,273.72960630804295,13.381055724620817,1.3487747684121127,430.1001383781433,0.0,0.0,0.0,0.0,2224.500787353515,0.0,0.0,0.0,293.2931292295456,25.61734422445297,0.0,769.0264290094375,149.893916195631,0.0,333.55749332904816,80.03018978238106,0.0,0.0,0.0,0.0
0.0,0.0,0.0,19.50644481182098,948.5601787567138,210.28290420770645,948.0715535700322,0.0,0.0,0.0,841.3951614797115,0.0,0.0,471.4336748421192,20.544932699203493,2.22476615011692,820.8869182229042,0.0,0.0,0.0,0.0,2824.2692016601563,0.0,0.0,0.0,471.1173101425171,44.30578928589821,0.0,1237.674769538641,262.2288141310215,0.0,418.1425893306732,129.00335574150083,0.0,0.0,0.0,0.0
0.0,0.0,0.0,30.2788125872612,1242.046243429184,227.49782979488373,1167.4843890428542,0.0,0.0,0.0,1136.7582408934832,0.0,0.0,595.6996218115091,24.174155259132384,3.3248701095581046,1080.770698261261,0.0,0.0,0.0,0.0,3028.735891723633,0.0,0.0,0.0,548.4531576633453,52.67935767173767,0.0,1565.0687767744064,317.60081813931464,0.0,428.5489064455032,144.77669772505757,0.0,0.0,0.0,0.0
0.0,0.0,0.0,38.99110472202301,1402.7402296066284,238.18545493483543,1271.3809722661972,0.0,0.0,0.0,1347.9083667695522,0.0,0.0,694.5922967791556,26.05724381804466,4.366068214178084,1278.494867515564,0.0,0.0,0.0,0.0,3110.500296020508,0.0,0.0,0.0,582.2219695568085,57.45878033638,0.0,1747.4297627210617,342.20255840420725,0.0,427.7864499092102,155.55207628011703,0.0,0.0,0.0,0.0
0.0,0.0,0.0,42.542505621910095,1463.067966222763,239.95211055874825,1265.0986390590667,0.0,0.0,0.0,1383.7087891221047,0.0,0.0,756.0441316664218,26.06687386035919,4.902284771203994,1390.942353129387,0.0,0.0,0.0,0.0,3072.9879150390625,0.0,0.0,0.0,567.0988266944885,59.40903520584106,0.0,1813.0908579230309,349.0728982210159,0.0,409.8658686876297,160.94958478212357,0.0,0.0,0.0,0.0
0.0,0.0,0.0,43.428022146224976,1465.0178344249723,230.0809601843357,1198.8027611792088,0.0,0.0,0.0,1291.1063427567483,0.0,0.0,0.0,25.253153067827224,5.302022844552993,1427.1799764871598,0.0,0.0,0.0,0.0,2943.7458892822265,0.0,0.0,0.0,540.7859352111816,59.1965590596199,0.0,1858.80535633564,343.23788570165635,0.0,390.29162979125977,160.33844393491745,0.0,0.0,0.0,0.0
0.0,0.0,0.0,36.382171511650085,1362.0231726169586,207.3167127817869,1136.055859386921,0.0,0.0,0.0,1152.2494615733624,0.0,0.0,0.0,23.16417031288147,0.0,1467.6926308870316,0.0,0.0,0.0,0.0,2739.430212402344,0.0,0.0,0.0,525.5249749660492,0.0,0.0,0.0,348.0453733086586,0.0,339.2442156076431,0.0,0.0,0.0,0.0,0.0
0.0,0.0,0.0,26.13201314210892,0.0,169.03127449750895,0.0,0.0,0.0,0.0,855.4819853186607,0.0,0.0,0.0,0.0,0.0,0.0,0.0,0.0,0.0,0.0,0.0,0.0,0.0,0.0,458.2145345211029,0.0,0.0,0.0,339.48573511242864,0.0,268.5663892626762,0.0,0.0,0.0,0.0,0.0
0.0,0.0,0.0,0.0,0.0,0.0,0.0,0.0,0.0,0.0,0.0,0.0,0.0,0.0,0.0,0.0,0.0,0.0,0.0,0.0,0.0,0.0,0.0,0.0,0.0,0.0,0.0,0.0,0.0,323.41240007281306,0.0,0.0,0.0,0.0,0.0,0.0,0.0
0.0,0.0,0.0,0.0,0.0,0.0,0.0,0.0,0.0,0.0,0.0,0.0,0.0,0.0,0.0,0.0,0.0,0.0,0.0,0.0,0.0,0.0,0.0,0.0,0.0,0.0,0.0,0.0,0.0,0.0,0.0,0.0,0.0,0.0,0.0,0.0,0.0
0.0,0.0,0.0,0.0,0.0,0.0,0.0,0.0,0.0,0.0,0.0,0.0,0.0,0.0,0.0,0.0,0.0,0.0,0.0,0.0,0.0,0.0,0.0,0.0,0.0,0.0,0.0,0.0,0.0,0.0,0.0,0.0,0.0,0.0,0.0,0.0,0.0
0.0,0.0,0.0,0.0,0.0,0.0,0.0,0.0,0.0,0.0,0.0,0.0,0.0,0.0,0.0,0.0,0.0,0.0,0.0,0.0,0.0,0.0,0.0,0.0,0.0,0.0,0.0,0.0,0.0,0.0,0.0,0.0,0.0,0.0,0.0,0.0,0.0
0.0,0.0,0.0,0.0,0.0,0.0,0.0,0.0,0.0,0.0,0.0,0.0,0.0,0.0,0.0,0.0,0.0,0.0,0.0,0.0,0.0,0.0,0.0,0.0,0.0,0.0,0.0,0.0,0.0,0.0,0.0,0.0,0.0,0.0,0.0,0.0,0.0
0.0,0.0,0.0,0.0,0.0,0.0,0.0,0.0,0.0,0.0,0.0,0.0,0.0,0.0,0.0,0.0,0.0,0.0,0.0,0.0,0.0,0.0,0.0,0.0,0.0,0.0,0.0,0.0,0.0,0.0,0.0,0.0,0.0,0.0,0.0,0.0,0.0
0.0,0.0,0.0,0.0,0.0,0.0,0.0,0.0,0.0,0.0,0.0,0.0,0.0,0.0,0.0,0.0,0.0,0.0,0.0,0.0,0.0,0.0,0.0,0.0,0.0,0.0,0.0,0.0,0.0,0.0,0.0,0.0,0.0,0.0,0.0,0.0,0.0
0.0,0.0,0.0,0.0,0.0,0.0,0.0,0.0,0.0,0.0,0.0,0.0,0.0,0.0,0.0,0.0,0.0,0.0,0.0,0.0,0.0,0.0,0.0,0.0,0.0,0.0,0.0,0.0,0.0,0.0,0.0,0.0,0.0,0.0,0.0,0.0,0.0
0.0,0.0,0.0,0.0,0.0,0.0,0.0,0.0,0.0,0.0,0.0,0.0,0.0,2.3293659696354965,0.0,0.0,0.0,0.0,0.0,0.0,0.0,0.0,0.0,0.0,0.0,0.0,0.0,0.0,0.0,0.1007046580314522,0.0,0.0,0.0,0.0,0.0,0.0,0.0
0.0,0.0,0.0,0.0,0.0,0.0,0.0,0.0,0.0,0.0,0.0,0.0,0.0,2.896995693445123,0.0,0.010152971372007,0.0,0.0,0.0,0.0,0.0,0.0,0.0,0.0,0.0,0.0,0.0,0.0,0.0,0.0,0.0,0.0,0.6466771401464809,0.0,0.0,0.0,0.0
0.0,0.0,0.0,0.0,0.0,0.0,3.284847368299834,0.0,0.0,0.0,0.0,0.0,0.0,2.4124967446549777,0.0,0.0,0.0,0.0,0.0,0.0,0.0,10.951239776611128,0.0,0.0,0.0,0.0,0.5324988247826635,0.0,0.0,0.4333691872656235,0.0,1.019649714231442,0.1490478813648015,0.0,0.0,0.0,0.0
0.0,0.0,0.0,0.2842942941933855,3.704388950019928,0.394143053330442,7.93707594722507,0.0,0.0,0.0,1.9301461245397435,0.0,0.0,3.595544011331957,0.1198211163282373,0.0,9.440662908554003,0.0,0.0,0.0,0.0,0.3477835655212402,0.0,0.0,0.0,0.0,0.051554226502767,0.0,0.0,0.4131690934300248,0.0,1.0957419723271755,0.0,0.0,0.0,0.0,0.0
0.0,0.0,0.0,0.1916343215852929,6.48835670948011,0.0,3.332542627677264,0.0,0.0,0.0,1.6865255940704116,0.0,0.0,2.4238831968976755,0.0065088562667356,0.0,21.00603266954405,0.0,0.0,0.0,0.0,0.0,0.0,0.0,0.0,0.0,0.0,0.0,0.0,0.4552094221114762,0.0,1.273609027266499,0.0,0.0,0.0,0.0,0.0
0.0,0.0,0.0,0.3775881007313712,19.85096446424722,0.9112391085363676,6.891780817508631,0.0,0.0,0.0,4.770632142526957,0.0,0.0,22.1966922446154,0.1175077512860273,0.1932561844587322,10.250060451030674,0.0,0.0,0.0,0.0,94.7996548652646,0.0,0.0,0.0,0.0,0.0,0.0,0.0,0.8707918658852188,0.0,3.890886679291685,1.2754311393946132,0.0,0.0,0.0,0.0
0.0,0.0,0.0,1.1267333813011589,63.98245855420826,6.322983818128677,35.19639564808445,0.0,0.0,0.0,28.58978017214677,0.0,0.0,93.055209070444,0.4326159998774495,0.5535735264420504,39.29840487241744,0.0,0.0,0.0,0.0,491.05403022766114,0.0,0.0,0.0,0.0,0.0,0.0,6.5007633745668905,6.775123773515216,0.0,32.02513682097195,8.172332271933534,0.0,0.0,0.0,0.0
0.0,0.0,0.0,3.419969022274012,173.36972180008874,40.055527046322815,123.46770987287152,0.0,0.0,0.0,146.5177130408584,0.0,0.0,268.2944048196077,2.3201223380863665,1.0652260407805432,202.00563527345653,0.0,0.0,0.0,0.0,1237.22629699707,0.0,0.0,0.0,30.775819408893533,0.0,0.0,95.40268258899432,45.38557785898444,0.0,154.33980417251587,33.52267955243585,0.0,0.0,0.0,0.0
0.0,0.0,0.0,8.260472536087036,384.7848910689353,139.0857005268335,292.9099325358867,0.0,0.0,0.0,392.7974415674805,0.0,0.0,516.0941971093416,6.653887465596196,1.8588739782571788,520.8558066248894,0.0,0.0,0.0,0.0,2181.5820800781244,0.0,0.0,0.0,114.76834073066708,1.1723013665527038,0.0,369.0267670482396,174.9325900256634,0.0,343.4640460014343,80.88454526662827,0.0,0.0,0.0,0.0
0.0,0.0,0.0,15.905683279037472,664.3488526344298,225.7288321852684,508.91355144083496,0.0,0.0,0.0,838.8573334574698,0.0,0.0,787.0235669612885,12.743052345514297,2.793815672397613,928.353915452957,0.0,0.0,0.0,0.0,2803.0127380371096,0.0,0.0,0.0,286.8788067579269,2.7490213520824827,0.0,774.9126872837543,275.5846463918686,0.0,439.7411469221115,133.23237216472626,0.0,0.0,0.0,0.0
0.0,0.0,0.0,22.532502532005307,913.2381144762038,251.85860618948936,660.3416083961724,0.0,0.0,0.0,1169.361254900694,0.0,0.0,932.3745603859423,16.659030702710147,3.972453474998473,1187.3324474334718,0.0,0.0,0.0,0.0,2975.6694244384767,0.0,0.0,0.0,387.1097285032273,3.847512155771253,0.0,1122.4505864024163,324.1692548573017,0.0,471.0382851362229,148.4058289527893,0.0,0.0,0.0,0.0
0.0,0.0,0.0,28.339860260486603,1121.9482357501984,271.09612917900085,759.3624294072389,0.0,0.0,0.0,1430.0520540237426,0.0,0.0,1004.0798243880272,19.59364226460457,5.010329753160476,1374.8096817970277,0.0,0.0,0.0,0.0,3033.340707397461,0.0,0.0,0.0,441.2439927101135,4.955939823389053,0.0,1420.759982419014,343.7764142870903,0.0,479.22867369651794,156.93207681179047,0.0,0.0,0.0,0.0
0.0,0.0,0.0,30.93628239631653,1255.931928396225,279.5830063223839,825.9381436526776,0.0,0.0,0.0,1494.9930835902692,0.0,0.0,1010.1408539712428,21.55798888206482,5.636825293302536,1482.764695429802,0.0,0.0,0.0,0.0,3044.820425415039,0.0,0.0,0.0,469.8858364582062,5.959367364645,0.0,1587.4539157867432,345.274870544672,0.0,465.3124873638153,160.55739212036133,0.0,0.0,0.0,0.0
0.0,0.0,0.0,30.884976089000705,1327.588449716568,278.58116871118546,834.8443111121654,0.0,0.0,0.0,1450.942312937975,0.0,0.0,978.5759922862052,22.083844006061558,5.944148480892181,1507.1809595108032,0.0,0.0,0.0,0.0,2941.4008392333985,0.0,0.0,0.0,478.9668176174164,6.73003677278757,0.0,1704.0685109615326,335.8466136693954,0.0,442.00612616539,159.50154387950897,0.0,0.0,0.0,0.0
0.0,0.0,0.0,0.0,0.0,258.1286874115467,758.5000274926423,0.0,0.0,0.0,1383.0502259373666,0.0,0.0,895.2813798189163,0.0,5.160413235425948,1533.201310157776,0.0,0.0,0.0,0.0,2718.251428222656,0.0,0.0,0.0,0.0,0.0,0.0,0.0,341.7450527846813,0.0,392.4726810455322,151.06824028491974,0.0,0.0,0.0,0.0
0.0,0.0,0.0,0.0,0.0,0.0,0.0,0.0,0.0,0.0,0.0,0.0,0.0,750.139746889472,0.0,0.0,1469.824998426437,0.0,0.0,0.0,0.0,0.0,0.0,0.0,0.0,0.0,0.0,0.0,0.0,335.2253985464573,0.0,330.5658677816391,0.0,0.0,0.0,0.0,0.0
0.0,0.0,0.0,0.0,0.0,0.0,0.0,0.0,0.0,0.0,0.0,0.0,0.0,0.0,0.0,0.0,0.0,0.0,0.0,0.0,0.0,0.0,0.0,0.0,0.0,0.0,0.0,0.0,0.0,320.9980422139168,0.0,0.0,0.0,0.0,0.0,0.0,0.0
0.0,0.0,0.0,0.0,0.0,0.0,0.0,0.0,0.0,0.0,0.0,0.0,0.0,0.0,0.0,0.0,0.0,0.0,0.0,0.0,0.0,0.0,0.0,0.0,0.0,0.0,0.0,0.0,0.0,0.0,0.0,0.0,0.0,0.0,0.0,0.0,0.0
0.0,0.0,0.0,0.0,0.0,0.0,0.0,0.0,0.0,0.0,0.0,0.0,0.0,0.0,0.0,0.0,0.0,0.0,0.0,0.0,0.0,0.0,0.0,0.0,0.0,0.0,0.0,0.0,0.0,0.0,0.0,0.0,0.0,0.0,0.0,0.0,0.0
0.0,0.0,0.0,0.0,0.0,0.0,0.0,0.0,0.0,0.0,0.0,0.0,0.0,0.0,0.0,0.0,0.0,0.0,0.0,0.0,0.0,0.0,0.0,0.0,0.0,0.0,0.0,0.0,0.0,0.0,0.0,0.0,0.0,0.0,0.0,0.0,0.0
0.0,0.0,0.0,0.0,0.0,0.0,0.0,0.0,0.0,0.0,0.0,0.0,0.0,0.0,0.0,0.0,0.0,0.0,0.0,0.0,0.0,0.0,0.0,0.0,0.0,0.0,0.0,0.0,0.0,0.0,0.0,0.0,0.0,0.0,0.0,0.0,0.0
0.0,0.0,0.0,0.0,0.0,0.0,0.0,0.0,0.0,0.0,0.0,0.0,0.0,0.0,0.0,0.0,0.0,0.0,0.0,0.0,0.0,0.0,0.0,0.0,0.0,0.0,0.0,0.0,0.0,0.0,0.0,0.0,0.0,0.0,0.0,0.0,0.0
0.0,0.0,0.0,0.0,0.0,0.0,0.0,0.0,0.0,0.0,0.0,0.0,0.0,0.0,0.0,0.0,0.0,0.0,0.0,0.0,0.0,0.0,0.0,0.0,0.0,0.0,0.0,0.0,0.0,0.0,0.0,0.0,0.0,0.0,0.0,0.0,0.0
0.0,0.0,0.0,0.0,0.0,0.0,0.0,0.0,0.0,0.0,0.0,0.0,0.0,0.0,0.0,0.0,0.0,0.0,0.0,0.0,0.0,0.0,0.0,0.0,0.0,0.0,0.0,0.0,0.0,0.0,0.0,0.0,0.0,0.0,0.0,0.0,0.0
0.0,0.0,0.0,0.0,0.0,0.0,0.0,0.0,0.0,0.0,0.0,0.0,0.0,0.0,0.0,0.0,0.0,0.0,0.0,0.0,0.0,0.0,0.0,0.0,0.0,0.0,0.0,0.0,0.0,0.1414973080157903,0.0,0.0,0.4554213834926268,0.0,0.0,0.0,0.0
0.0,0.0,0.0,0.0,0.0,0.0,0.0,0.0,0.0,0.0,2.291250373888752,0.0,0.0,1.9213229790328796,0.0,0.0,0.0,0.0,0.0,0.0,0.0,19.613847255706773,0.0,0.0,0.0,0.0,0.0,0.0,0.0,0.424014525860527,0.0,1.1172397732734378,0.0,0.0,0.0,0.0,0.0
0.0,0.0,0.0,0.0,0.0,0.0,0.0,0.0,0.0,0.0,2.176751320389989,0.0,0.0,2.929908856749446,0.0,0.0,0.6476038336752274,0.0,0.0,0.0,0.0,20.345690822600893,0.0,0.0,0.0,0.0,0.0,0.0,0.0,0.4453129284083515,0.0,0.0,0.0285337101668119,0.0,0.0,0.0,0.0
0.0,0.0,0.0,0.1790890060365174,3.097737230360475,0.249523357022535,0.0,0.0,0.0,0.0,1.9655383014583656,0.0,0.0,1.0737947979941846,0.1071823395788659,0.0,5.822183382511051,0.0,0.0,0.0,0.0,8.78570461273168,0.0,0.0,0.0,0.0,0.0,0.0,0.0,0.4707614734768652,0.0,1.3539577871560455,0.0,0.0,0.0,0.0,0.0
0.0,0.0,0.0,0.1072413288056789,3.952489499002569,0.0,0.0,0.0,0.0,0.0,1.6852541711179283,0.0,0.0,0.0,0.0298409968614548,0.0,14.828944981097976,0.0,0.0,0.0,0.0,10.76032590866047,0.0,0.0,0.0,0.0,0.0,0.0,0.0,0.503165973722927,0.0,1.543656930327358,0.0,0.0,0.0,0.0,0.0
0.0,0.0,0.0,0.2049939725548024,17.518276184797266,0.5172478351742016,0.0,0.0,0.0,0.0,2.349587497021848,0.0,0.0,5.105560566298604,0.1336191907525043,0.0907366047613311,7.260615253448406,0.0,0.0,0.0,0.0,286.9567588806148,0.0,0.0,0.0,0.0,0.7205795731395472,0.0,0.0,0.9777437038719394,0.0,4.968283981084797,1.3695433195680156,0.0,0.0,0.0,0.0
0.0,0.0,0.0,0.7439513299614174,112.01745304465294,7.887370387092197,31.539001668430828,0.0,0.0,0.0,14.596461015194608,0.0,0.0,20.86719591170536,0.8132865462452169,0.4544318839907639,36.76872346401214,0.0,0.0,0.0,0.0,1018.972388458252,0.0,0.0,0.0,40.76871019601819,4.544805416464806,0.0,24.48016235977385,7.516036973148572,0.0,36.90572744607925,11.247069168835864,0.0,0.0,0.0,0.0
0.0,0.0,0.0,3.211148776113982,324.6855009198188,60.10429525375366,201.73980675041668,0.0,0.0,0.0,95.42875177934752,0.0,0.0,49.42601713351897,3.752095560729501,1.022632643580436,201.2675740480423,0.0,0.0,0.0,0.0,2078.446594238281,0.0,0.0,0.0,189.644740152359,14.094093972444536,0.0,268.78000688552834,46.0874703466892,0.0,168.9674228429794,47.22153681516647,0.0,0.0,0.0,0.0
0.0,0.0,0.0,8.518741875886915,688.5530736446381,192.0263937860727,500.8775377213954,0.0,0.0,0.0,331.0689757078886,0.0,0.0,100.6495117954909,9.686952245235442,1.8744091540575023,522.1480725884436,0.0,0.0,0.0,0.0,2815.342041015625,0.0,0.0,0.0,439.5780712604522,34.7521123111248,0.0,916.419137316942,180.15004259347916,0.0,337.41559731960297,99.52248990535736,0.0,0.0,0.0,0.0
0.0,0.0,0.0,17.337091743946072,1113.3080241680143,280.91378647089005,812.8266788840294,0.0,0.0,0.0,757.5026743352413,0.0,0.0,186.02921640500412,17.352258807420732,2.5413157939910884,930.411024403572,0.0,0.0,0.0,0.0,3326.5143341064454,0.0,0.0,0.0,622.7933074951172,56.23172634840012,0.0,1544.0094105243684,279.0176958322525,0.0,441.5741786956787,151.9509837627411,0.0,0.0,0.0,0.0
0.0,0.0,0.0,28.58973067998886,1400.572293996811,307.19440564513206,1055.977326518297,0.0,0.0,0.0,1052.0473642230031,0.0,0.0,235.23829914629448,22.505191308259963,3.593914031982422,1192.4446383476256,0.0,0.0,0.0,0.0,3506.96911315918,0.0,0.0,0.0,681.4938222885132,67.99980617761612,0.0,1858.0161759614944,329.57450357079506,0.0,465.67098438739777,170.2111611366272,0.0,0.0,0.0,0.0
0.0,0.0,0.0,37.14570736885071,1555.166825056076,323.9847664833069,1175.4582521617413,0.0,0.0,0.0,1315.4381910324096,0.0,0.0,291.7741684243082,25.239828336238865,4.197006851434708,1381.9121804714202,0.0,0.0,0.0,0.0,3548.363836669922,0.0,0.0,0.0,694.1786203384399,74.27487922906876,0.0,2000.2882440567016,349.93833034038545,0.0,473.9192864894867,179.9152094721794,0.0,0.0,0.0,0.0
0.0,0.0,0.0,42.54416120052338,1635.8091361522677,329.4993444085121,1232.243229532242,0.0,0.0,0.0,1426.8590532779697,0.0,0.0,339.86214369535446,26.47847186923027,4.855742782354355,1491.2298158168792,0.0,0.0,0.0,0.0,3466.599432373047,0.0,0.0,0.0,682.5503324985505,75.2549877166748,0.0,2044.7352471590043,354.7689205050469,0.0,470.36244773864746,182.80004435777664,0.0,0.0,0.0,0.0
0.0,0.0,0.0,43.762970089912415,1618.4479939937592,324.8229312300682,1222.0735598564147,0.0,0.0,0.0,1412.9295468389987,0.0,0.0,384.52362194657326,26.2959236741066,5.077309846878052,1507.8766724586487,0.0,0.0,0.0,0.0,3286.9314971923827,0.0,0.0,0.0,659.5741828918457,72.35195869207382,0.0,2031.24990760088,348.0776372253895,0.0,455.8721135854721,179.11072289943695,0.0,0.0,0.0,0.0
0.0,0.0,0.0,0.0,1500.6381175518036,308.3222048282624,1190.5150171279906,0.0,0.0,0.0,1331.413094907999,0.0,0.0,0.0,0.0,4.325686752796172,1522.590094280243,0.0,0.0,0.0,0.0,3015.2949035644533,0.0,0.0,0.0,0.0,64.94282691478729,0.0,0.0,350.936098408699,0.0,408.0230052471161,171.449527323246,0.0,0.0,0.0,0.0
0.0,0.0,0.0,0.0,0.0,0.0,0.0,0.0,0.0,0.0,0.0,0.0,0.0,0.0,0.0,3.2415332943201065,1450.1324977874756,0.0,0.0,0.0,0.0,2545.7395080566407,0.0,0.0,0.0,0.0,0.0,0.0,0.0,339.9199741601944,0.0,345.4351875782013,0.0,0.0,0.0,0.0,0.0
0.0,0.0,0.0,0.0,0.0,0.0,0.0,0.0,0.0,0.0,0.0,0.0,0.0,0.0,0.0,0.0,1339.5136487960815,0.0,0.0,0.0,0.0,1898.010827636719,0.0,0.0,0.0,0.0,0.0,0.0,0.0,322.93614998459816,0.0,0.0,0.0,0.0,0.0,0.0,0.0
0.0,0.0,0.0,0.0,0.0,0.0,0.0,0.0,0.0,0.0,0.0,0.0,0.0,0.0,0.0,0.0,1221.892319059372,0.0,0.0,0.0,0.0,0.0,0.0,0.0,0.0,0.0,0.0,0.0,0.0,0.0,0.0,0.0,0.0,0.0,0.0,0.0,0.0
0.0,0.0,0.0,0.0,0.0,0.0,0.0,0.0,0.0,0.0,0.0,0.0,0.0,0.0,0.0,0.0,0.0,0.0,0.0,0.0,0.0,0.0,0.0,0.0,0.0,0.0,0.0,0.0,0.0,0.0,0.0,0.0,0.0,0.0,0.0,0.0,0.0
0.0,0.0,0.0,0.0,0.0,0.0,0.0,0.0,0.0,0.0,0.0,0.0,0.0,0.0,0.0,0.0,0.0,0.0,0.0,0.0,0.0,0.0,0.0,0.0,0.0,0.0,0.0,0.0,0.0,0.0,0.0,0.0,0.0,0.0,0.0,0.0,0.0
0.0,0.0,0.0,0.0,0.0,0.0,0.0,0.0,0.0,0.0,0.0,0.0,0.0,0.0,0.0,0.0,0.0,0.0,0.0,0.0,0.0,0.0,0.0,0.0,0.0,0.0,0.0,0.0,0.0,0.0,0.0,0.0,0.0,0.0,0.0,0.0,0.0
0.0,0.0,0.0,0.0,0.0,0.0,0.0,0.0,0.0,0.0,0.0,0.0,0.0,0.0,0.0,0.0,0.0,0.0,0.0,0.0,0.0,0.0,0.0,0.0,0.0,0.0,0.0,0.0,0.0,0.0,0.0,0.0,0.0,0.0,0.0,0.0,0.0
0.0,0.0,0.0,0.0,0.0,0.0,0.0,0.0,0.0,0.0,0.0,0.0,0.0,0.0,0.0,0.0,0.0,0.0,0.0,0.0,0.0,0.0,0.0,0.0,0.0,0.0,0.0,0.0,0.0,0.0,0.0,0.0,0.0,0.0,0.0,0.0,0.0
0.0,0.0,0.0,0.0,0.0,0.0,0.0,0.0,0.0,0.0,0.0,0.0,0.0,0.0,0.0,0.0,0.0,0.0,0.0,0.0,0.0,0.0,0.0,0.0,0.0,0.0,0.0,0.0,0.0,0.0,0.0,0.0,0.0,0.0,0.0,0.0,0.0
0.0,0.0,0.0,0.0,0.0,0.0,0.0,0.0,0.0,0.0,0.0,0.0,0.0,0.0,0.0,0.0,0.0,0.0,0.0,0.0,0.0,20.670099258422628,0.0,0.0,0.0,0.0,0.0,0.0,0.0,0.0,0.0,0.0,0.0,0.0,0.0,0.0,0.0
0.0,0.0,0.0,0.0,2.4284671992062377,0.0,0.0,0.0,0.0,0.0,0.0,0.0,0.0,11.666653712745712,0.0,0.0,0.0,0.0,0.0,0.0,0.0,21.228114700316976,0.0,0.0,0.0,0.0,0.0,0.0,0.0,0.0,0.0,0.0,0.0,0.0,0.0,0.0,0.0
0.0,0.0,0.0,0.0,3.1131085231899878,0.0,1.515617872774584,0.0,0.0,0.0,0.0,0.0,0.0,11.463625188916875,0.0,0.0,0.0,0.0,0.0,0.0,0.0,24.978626251220398,0.0,0.0,0.0,0.0141899162903428,0.1916304253041646,0.0,0.0,0.0,0.0,0.0,0.0831534191965982,0.0,0.0,0.0,0.0
0.0,0.0,0.0,0.0,3.6837342679500056,0.0,3.663100184500197,0.0,0.0,0.0,0.0,0.0,0.0,7.441774909384442,0.1346238020807491,0.0,4.058938384055966,0.0,0.0,0.0,0.0,8.222316455840824,0.0,0.0,0.0,0.0,0.0,0.0,0.0,0.4169267736374947,0.0,0.0,0.0,0.0,0.0,0.0,0.0
0.0,0.0,0.0,0.1069607026874978,5.474683009087992,0.0,3.0995288744567526,0.0,0.0,0.0,1.6360479838213742,0.0,0.0,2.5681912573053234,0.0182665877044189,0.012342157773673,13.0975071549415,0.0,0.0,0.0,0.0,0.0,0.0,0.0,0.0,0.0,0.0,0.0,0.0,0.4255609445273762,0.0,1.1878331154584678,0.0,0.0,0.0,0.0,0.0
0.0,0.0,0.0,0.2601460125297256,13.854030942544249,0.8538575479760357,0.1275027956813574,0.0,0.0,0.0,2.691502795461397,0.0,0.0,24.795948714017776,0.1269067447632547,0.0,5.154110193252407,0.0,0.0,0.0,0.0,202.6997373580931,0.0,0.0,0.0,0.0,0.0,0.0,0.6848582372069196,0.8329192526638206,0.0,3.594025954604109,1.1464997883885877,0.0,0.0,0.0,0.0
0.0,0.0,0.0,0.7200304940342842,101.17930424213398,9.580187759362122,37.77076384760429,0.0,0.0,0.0,17.174213837180208,0.0,0.0,105.60641400516027,0.4203583817929002,0.6940433159470552,26.798553872108297,0.0,0.0,0.0,0.0,768.2265403747558,0.0,0.0,0.0,52.34797461628909,0.0,0.0,54.0018151983617,7.54040185362099,0.0,26.13363374769684,7.873995285481194,0.0,0.0,0.0,0.0
0.0,0.0,0.0,3.0300289839506136,305.641525387764,49.92485772445794,190.16309009045355,0.0,0.0,0.0,114.34268542788917,0.0,0.0,299.5374185591936,2.4147401712834826,1.352685004472732,180.44110788106903,0.0,0.0,0.0,0.0,1798.9953399658202,0.0,0.0,0.0,235.15712735652923,0.1286637857556304,0.0,417.1300126641988,50.35074159353971,0.0,119.25625419616696,32.54424557089804,0.0,0.0,0.0,0.0
0.0,0.0,0.0,7.878998398780819,654.9005051851273,149.3361328244209,447.9816647797823,0.0,0.0,0.0,353.6990158855914,0.0,0.0,549.7302208840846,6.401818022131919,2.154809430241584,485.03995004892334,0.0,0.0,0.0,0.0,2573.9423065185547,0.0,0.0,0.0,495.8690429210663,1.9801406379789064,0.0,1071.5852094769475,192.41747727990148,0.0,300.6800402402877,81.45708158612251,0.0,0.0,0.0,0.0
0.0,0.0,0.0,15.889885067939757,1049.5582436323164,218.22915524244303,681.2525428771971,0.0,0.0,0.0,702.4598928332327,0.0,0.0,834.807471036911,12.42612081170082,3.039151966571807,871.3376286149025,0.0,0.0,0.0,0.0,3078.914910888672,0.0,0.0,0.0,678.8307167053223,4.3496499158442,0.0,1651.9543314933776,286.9023691415787,0.0,398.7969546318054,133.48072999715805,0.0,0.0,0.0,0.0
0.0,0.0,0.0,25.347862005233765,1311.9516670703888,231.19555908441544,858.15210095644,0.0,0.0,0.0,962.4315073251724,0.0,0.0,981.450954824686,17.21261064112186,4.404060781002045,1117.568838763237,0.0,0.0,0.0,0.0,3298.7556121826174,0.0,0.0,0.0,732.0150907516479,7.309713385999195,0.0,1924.401733720303,330.93642980456355,0.0,422.89322209358215,147.53590416908264,0.0,0.0,0.0,0.0
0.0,0.0,0.0,35.84247875213623,1445.8705322742462,236.7465442419052,975.7251708924772,0.0,0.0,0.0,1199.8122075617314,0.0,0.0,1049.813825637102,22.126337116956712,5.480353474617004,1289.403195476532,0.0,0.0,0.0,0.0,3408.0093048095705,0.0,0.0,0.0,732.7560206890106,10.710042886435978,0.0,2073.555410695076,344.9227557003498,0.0,428.82864248752594,158.41670513153076,0.0,0.0,0.0,0.0
0.0,0.0,0.0,0.0,1496.8729548454285,242.0627719461918,1019.9530070126056,0.0,0.0,0.0,1284.3125365912915,0.0,0.0,1069.7702191770077,24.9131705224514,6.314172208309173,1384.6273730754851,0.0,0.0,0.0,0.0,3380.2777435302733,0.0,0.0,0.0,702.7386410236359,16.68495409190654,0.0,2145.176200044155,342.19435769915583,0.0,433.3428128957749,163.3100407719612,0.0,0.0,0.0,0.0
0.0,0.0,0.0,0.0,1483.5335104465485,241.6405757963657,1015.182415765524,0.0,0.0,0.0,1288.9528574168685,0.0,0.0,0.0,0.0,6.600320398807526,1399.3144421339034,0.0,0.0,0.0,0.0,3245.965368652344,0.0,0.0,0.0,665.778872203827,24.14632400274276,0.0,0.0,333.2857677876949,0.0,427.9216173887253,160.71123391389847,0.0,0.0,0.0,0.0
0.0,0.0,0.0,0.0,1343.198494195938,0.0,975.0877985775472,0.0,0.0,0.0,0.0,0.0,0.0,0.0,0.0,5.7889985740184775,1417.0483808994293,0.0,0.0,0.0,0.0,2991.3973388671875,0.0,0.0,0.0,640.4547127723694,0.0,0.0,0.0,338.8200721681118,0.0,0.0,0.0,0.0,0.0,0.0,0.0
0.0,0.0,0.0,0.0,0.0,0.0,0.0,0.0,0.0,0.0,0.0,0.0,0.0,0.0,0.0,0.0,1347.96835064888,0.0,0.0,0.0,0.0,0.0,0.0,0.0,0.0,0.0,0.0,0.0,0.0,330.3811717808247,0.0,0.0,0.0,0.0,0.0,0.0,0.0
0.0,0.0,0.0,0.0,0.0,0.0,0.0,0.0,0.0,0.0,0.0,0.0,0.0,0.0,0.0,0.0,1232.1423182249068,0.0,0.0,0.0,0.0,1893.8935455322269,0.0,0.0,0.0,0.0,0.0,0.0,0.0,316.5582742214203,0.0,0.0,0.0,0.0,0.0,0.0,0.0
0.0,0.0,0.0,0.0,0.0,0.0,0.0,0.0,0.0,0.0,0.0,0.0,0.0,0.0,0.0,0.0,1095.0170020341873,0.0,0.0,0.0,0.0,0.0,0.0,0.0,0.0,0.0,0.0,0.0,0.0,0.0,0.0,0.0,0.0,0.0,0.0,0.0,0.0
0.0,0.0,0.0,0.0,0.0,0.0,0.0,0.0,0.0,0.0,0.0,0.0,0.0,0.0,0.0,0.0,0.0,0.0,0.0,0.0,0.0,0.0,0.0,0.0,0.0,0.0,0.0,0.0,0.0,0.0,0.0,0.0,0.0,0.0,0.0,0.0,0.0
0.0,0.0,0.0,0.0,0.0,0.0,0.0,0.0,0.0,0.0,0.0,0.0,0.0,0.0,0.0,0.0,0.0,0.0,0.0,0.0,0.0,0.0,0.0,0.0,0.0,0.0,0.0,0.0,0.0,0.0,0.0,0.0,0.0,0.0,0.0,0.0,0.0
0.0,0.0,0.0,0.0,0.0,0.0,0.0,0.0,0.0,0.0,0.0,0.0,0.0,0.0,0.0,0.0,0.0,0.0,0.0,0.0,0.0,0.0,0.0,0.0,0.0,0.0,0.0,0.0,0.0,0.0,0.0,0.0,0.0,0.0,0.0,0.0,0.0
0.0,0.0,0.0,0.0,0.0,0.0,0.0,0.0,0.0,0.0,0.0,0.0,0.0,0.0,0.0,0.0,0.0,0.0,0.0,0.0,0.0,0.0,0.0,0.0,0.0,0.0,0.0,0.0,0.0,0.0,0.0,0.0,0.0,0.0,0.0,0.0,0.0
0.0,0.0,0.0,0.0,0.0,0.0,0.0,0.0,0.0,0.0,0.0,0.0,0.0,0.0,0.0,0.0,0.0,0.0,0.0,0.0,0.0,0.0,0.0,0.0,0.0,0.0,0.0,0.0,0.0,0.0,0.0,0.0,0.0,0.0,0.0,0.0,0.0
0.0,0.0,0.0,0.0,0.0,0.0,0.0,0.0,0.0,0.0,0.0,0.0,0.0,0.0,0.0,0.0,0.0,0.0,0.0,0.0,0.0,0.0,0.0,0.0,0.0,0.0,0.0,0.0,0.0,0.0,0.0,0.0,0.0,0.0,0.0,0.0,0.0
0.0,0.0,0.0,0.0,0.0,0.0,0.0,0.0,0.0,0.0,0.0,0.0,0.0,0.0,0.0,0.0,0.0,0.0,0.0,0.0,0.0,0.0,0.0,0.0,0.0,0.0,0.0,0.0,0.226374913752079,0.0,0.0,0.0,0.5241731461137478,0.0,0.0,0.0,0.0
0.0,0.0,0.0,0.0,0.0,0.0,0.0,0.0,0.0,0.0,0.0,0.0,0.0,0.0,0.0,0.0,0.0,0.0,0.0,0.0,0.0,0.0,0.0,0.0,0.0,0.0,0.0,0.0,0.47466277778139,0.0,0.0,0.0,0.0,0.0,0.0,0.0,0.0
0.0,0.0,0.0,0.0,0.0,0.0,0.0,0.0,0.0,0.0,0.0,0.0,0.0,0.0,0.0,0.0,1.1650985598562595,0.0,0.0,0.0,0.0,11.416722297668146,0.0,0.0,0.0,0.0,0.0,0.0,0.0,0.0,0.0,0.0,0.0633397828787285,0.0,0.0,0.0,0.0
0.0,0.0,0.0,0.2247295528650248,0.0,0.2747462769038894,0.0,0.0,0.0,0.0,1.8920320429838144,0.0,0.0,0.0,0.1525920007377834,0.0,5.9751519799231865,0.0,0.0,0.0,0.0,2.5528799057002654,0.0,0.0,0.0,0.0,1.1553419716656186,0.0,0.0,0.5412113875150444,0.0,1.1173339635133228,0.0,0.0,0.0,0.0,0.0
0.0,0.0,0.0,0.1678610164672082,4.459886021912032,0.0,0.0,0.0,0.0,0.0,1.6639853841623389,0.0,0.0,0.0,0.0635712504386895,0.0,13.47796751260749,0.0,0.0,0.0,0.0,17.399185276031194,0.0,0.0,0.0,0.0,0.7633865937590519,0.0,0.0,0.558101911097757,0.0,1.3235388249158488,0.0,0.0,0.0,0.0,0.0
0.0,0.0,0.0,0.4122708328068248,24.159135825931845,0.909020210150626,0.0,0.0,0.0,0.0,6.303120607836068,0.0,0.0,13.10794753720976,0.1560169368982282,0.0,3.5204227328298794,0.0,0.0,0.0,0.0,316.82538757324176,0.0,0.0,0.0,0.0,0.9301961684599456,0.0,0.0,1.0975472182035308,0.0,3.2477736622094864,1.1640196163207033,0.0,0.0,0.0,0.0
0.0,0.0,0.0,1.0558951497077895,141.00324970483769,6.035793247167021,19.03533838056016,0.0,0.0,0.0,24.08642126508041,0.0,0.0,72.65867594629516,1.0196717374026765,0.0,15.769309628009603,0.0,0.0,0.0,0.0,1123.4033691406246,0.0,0.0,0.0,50.60573544502252,3.4828179456293515,0.0,8.72665573060504,9.37022956497965,0.0,22.751239806413626,7.933776199817649,0.0,0.0,0.0,0.0
0.0,0.0,0.0,4.050795286893843,399.14811086654646,41.01483632624147,162.94441364109517,0.0,0.0,0.0,127.0189756911246,0.0,0.0,239.79513343423605,4.215369008481501,1.6613244861364358,147.50824359655377,0.0,0.0,0.0,0.0,2192.582684326172,0.0,0.0,0.0,228.1291676044464,11.705032342672348,0.0,149.3365794226525,58.87931669056413,0.0,119.80323934555052,32.96720135211943,0.0,0.0,0.0,0.0
0.0,0.0,0.0,10.006210893392565,856.5539575815201,141.8735417574644,486.1147528022528,0.0,0.0,0.0,358.72964660525304,0.0,0.0,492.2321537137032,10.32318987250328,2.7258578985929485,428.127725982666,0.0,0.0,0.0,0.0,2947.308822631836,0.0,0.0,0.0,551.1943238735199,28.696609455347065,0.0,670.4058218181133,212.0250584602356,0.0,305.6625783443451,81.8857219517231,0.0,0.0,0.0,0.0
0.0,0.0,0.0,20.21867805719376,1210.0555403232574,224.98123309016228,746.4533280819654,0.0,0.0,0.0,776.0640932559967,0.0,0.0,787.9628895223141,17.405686399340627,3.3260680437088013,816.4888259053229,0.0,0.0,0.0,0.0,3337.5812103271483,0.0,0.0,0.0,704.759334564209,49.51887084245682,0.0,1281.5880077302456,295.8601632833481,0.0,421.894518494606,137.30550348758698,0.0,0.0,0.0,0.0
0.0,0.0,0.0,30.585364401340485,1434.1249096393583,248.22304597496984,934.5653350234032,0.0,0.0,0.0,1079.3476290941237,0.0,0.0,970.1219981908798,22.36014441847801,4.396029740571976,1069.738328456879,0.0,0.0,0.0,0.0,3485.71862487793,0.0,0.0,0.0,760.5584704399109,62.192870151996615,0.0,1635.03753387928,331.0318157196045,0.0,446.0265961885452,155.09233224391937,0.0,0.0,0.0,0.0
0.0,0.0,0.0,37.24202287197113,1567.540416240692,266.62847208976746,1068.667744767666,0.0,0.0,0.0,1338.144245350361,0.0,0.0,1072.8914614021778,24.344391310214995,4.957478076219559,1253.247694683075,0.0,0.0,0.0,0.0,3545.203967285156,0.0,0.0,0.0,776.7769384860992,69.62000629901885,0.0,1861.664564371109,345.028404211998,0.0,453.0294700860977,166.58979272842407,0.0,0.0,0.0,0.0
0.0,0.0,0.0,40.451587438583374,1625.410763978958,275.05605441331863,1133.8829909801484,0.0,0.0,0.0,1427.7104658961296,0.0,0.0,1107.3611487448215,25.130826634168624,5.407099723815917,1356.5586160182952,0.0,0.0,0.0,0.0,3508.725592041016,0.0,0.0,0.0,764.6735575199127,71.14128774404526,0.0,1964.650404047966,346.6871022462845,0.0,446.6707856655121,171.4018501639366,0.0,0.0,0.0,0.0
0.0,0.0,0.0,42.00769460201264,1614.419737815857,275.10760471224785,1140.682475209236,0.0,0.0,0.0,1441.3771437823773,0.0,0.0,0.0,25.369238698482512,5.687828153371811,1371.1739810466763,0.0,0.0,0.0,0.0,3353.9044860839845,0.0,0.0,0.0,728.2269969463348,69.01108868122101,0.0,1983.9567342758176,341.5383715867996,0.0,439.8735514879226,168.93224316835403,0.0,0.0,0.0,0.0
0.0,0.0,0.0,0.0,1487.16561293602,0.0,1097.9665623784065,0.0,0.0,0.0,0.0,0.0,0.0,0.0,0.0,0.0,1391.3426699876786,0.0,0.0,0.0,0.0,3105.7414794921874,0.0,0.0,0.0,696.5031043052674,0.0,0.0,0.0,347.84394056200983,0.0,0.0,159.53923153877258,0.0,0.0,0.0,0.0
0.0,0.0,0.0,0.0,1284.1304783821106,0.0,949.7105886638165,0.0,0.0,0.0,0.0,0.0,0.0,0.0,0.0,0.0,1334.314187335968,0.0,0.0,0.0,0.0,2670.538052368164,0.0,0.0,0.0,639.6873498916626,51.60718457698822,0.0,0.0,0.0,0.0,0.0,0.0,0.0,0.0,0.0,0.0
0.0,0.0,0.0,0.0,0.0,0.0,0.0,0.0,0.0,0.0,0.0,0.0,0.0,0.0,0.0,0.0,1225.0445998191833,0.0,0.0,0.0,0.0,0.0,0.0,0.0,0.0,0.0,0.0,0.0,0.0,0.0,0.0,0.0,0.0,0.0,0.0,0.0,0.0
0.0,0.0,0.0,0.0,0.0,0.0,0.0,0.0,0.0,0.0,0.0,0.0,0.0,0.0,0.0,0.0,0.0,0.0,0.0,0.0,0.0,0.0,0.0,0.0,0.0,0.0,0.0,0.0,0.0,0.0,0.0,0.0,0.0,0.0,0.0,0.0,0.0
0.0,0.0,0.0,0.0,0.0,0.0,0.0,0.0,0.0,0.0,0.0,0.0,0.0,0.0,0.0,0.0,0.0,0.0,0.0,0.0,0.0,0.0,0.0,0.0,0.0,0.0,0.0,0.0,0.0,0.0,0.0,0.0,0.0,0.0,0.0,0.0,0.0
0.0,0.0,0.0,0.0,0.0,0.0,0.0,0.0,0.0,0.0,0.0,0.0,0.0,0.0,0.0,0.0,0.0,0.0,0.0,0.0,0.0,0.0,0.0,0.0,0.0,0.0,0.0,0.0,0.0,0.0,0.0,0.0,0.0,0.0,0.0,0.0,0.0
0.0,0.0,0.0,0.0,0.0,0.0,0.0,0.0,0.0,0.0,0.0,0.0,0.0,0.0,0.0,0.0,0.0,0.0,0.0,0.0,0.0,0.0,0.0,0.0,0.0,0.0,0.0,0.0,0.0,0.0,0.0,0.0,0.0,0.0,0.0,0.0,0.0
0.0,0.0,0.0,0.0,0.0,0.0,0.0,0.0,0.0,0.0,0.0,0.0,0.0,0.0,0.0,0.0,0.0,0.0,0.0,0.0,0.0,0.0,0.0,0.0,0.0,0.0,0.0,0.0,0.0,0.0,0.0,0.0,0.0,0.0,0.0,0.0,0.0
0.0,0.0,0.0,0.0,0.0,0.0,0.0,0.0,0.0,0.0,0.0,0.0,0.0,0.0,0.0,0.0,0.0,0.0,0.0,0.0,0.0,0.0,0.0,0.0,0.0,0.0,0.0,0.0,0.0,0.0,0.0,0.0,0.0,0.0,0.0,0.0,0.0
0.0,0.0,0.0,0.0,0.0,0.0,0.0,0.0,0.0,0.0,0.0,0.0,0.0,0.0,0.0,0.0,0.0,0.0,0.0,0.0,0.0,0.0,0.0,0.0,0.0,0.0,0.0,0.0,0.0,0.0,0.0,0.0,0.0,0.0,0.0,0.0,0.0
0.0,0.0,0.0,0.0,0.0,0.0,0.0,0.0,0.0,0.0,0.0,0.0,0.0,0.0,0.0,0.0,0.0,0.0,0.0,0.0,0.0,0.0,0.0,0.0,0.0,0.0,0.0,0.0,0.0,0.0,0.0,0.0,0.0,0.0,0.0,0.0,0.0
0.0,0.0,0.0,0.0,0.0,0.0,1.6121077001094504,0.0,0.0,0.0,0.0,0.0,0.0,0.0,0.0,0.0,1.375430381297971,0.0,0.0,0.0,0.0,0.0,0.0,0.0,0.0,0.0,0.0,0.0,0.0,0.0,0.0,0.0,0.0,0.0,0.0,0.0,0.0
0.0,0.0,0.0,0.0,2.84645994752636,0.0,3.6847010314463806,0.0,0.0,0.0,0.0,0.0,0.0,2.769380365498214,0.0,0.0343845020979642,0.0,0.0,0.0,0.0,0.0,0.0,0.0,0.0,0.0,0.0,1.354311548173421,0.0,0.0,0.5678461059927604,0.0,0.0,0.0,0.0,0.0,0.0,0.0
0.0,0.0,0.0,0.3074316866695837,3.346980772912328,0.0,1.318291982635746,0.0,0.0,0.0,1.9585984511765917,0.0,0.0,2.5375058781355277,0.1391422647982805,0.0055144634097813,8.489144301414328,0.0,0.0,0.0,0.0,0.2994206428527832,0.0,0.0,0.0,0.0,0.6806160071864714,0.0,0.0,0.5753116764128033,0.0,1.2695364207028748,0.0,0.0,0.0,0.0,0.0
0.0,0.0,0.0,0.1672662161290599,4.330341495573505,0.0,0.0,0.0,0.0,0.0,1.7273679373785826,0.0,0.0,0.0,0.0273275725543481,0.0,19.54823458194717,0.0,0.0,0.0,0.0,0.0,0.0,0.0,0.0,0.0,0.0,0.0,0.0,0.5737301118671873,0.0,1.4282380044459968,0.0,0.0,0.0,0.0,0.0
0.0,0.0,0.0,0.2589879967272238,13.435347471386084,0.6253164201043112,0.0,0.0,0.0,0.0,3.5710435274056587,0.0,0.0,26.933406586758696,0.1474056277424066,0.0332474429160353,10.443048477172685,0.0,0.0,0.0,0.0,174.0937221527098,0.0,0.0,0.0,0.0,0.1481349248439049,0.0,0.0,0.9757374599575708,0.0,3.801576390862453,1.3328893203288237,0.0,0.0,0.0,0.0
0.0,0.0,0.0,0.819055194035167,98.83425980806344,4.960050018969907,36.89730651527636,0.0,0.0,0.0,23.48303147936232,0.0,0.0,91.28266679123033,0.4809990908950542,0.379281226545572,32.88101675510393,0.0,0.0,0.0,0.0,777.7810440063477,0.0,0.0,0.0,30.503636807203225,2.2961483120918214,0.0,46.12206750661121,4.8854323796927615,0.0,34.89108343422411,9.338418662548063,0.0,0.0,0.0,0.0
0.0,0.0,0.0,2.635622255504126,304.76421082019806,39.34262194111942,224.10844707489005,0.0,0.0,0.0,136.6460122875868,0.0,0.0,231.5596044436097,2.0986012905836096,0.914046324789524,183.3457952380179,0.0,0.0,0.0,0.0,1648.4020599365233,0.0,0.0,0.0,171.08340351581572,8.449950139224528,0.0,442.08949135839936,34.09907050728797,0.0,163.13553994894028,35.71950945258139,0.0,0.0,0.0,0.0
0.0,0.0,0.0,5.827860295772552,672.2391973733902,164.68297883868215,521.4341095149516,0.0,0.0,0.0,394.451783208549,0.0,0.0,432.0983476191759,5.284721083939076,1.3522965088486671,485.2400778353214,0.0,0.0,0.0,0.0,2454.5875701904297,0.0,0.0,0.0,464.3589287281037,20.81615945100784,0.0,1059.789916026592,139.7685056686401,0.0,345.6147052049637,71.603273704648,0.0,0.0,0.0,0.0
0.0,0.0,0.0,10.75419983267784,1143.2309336662292,251.05495911836624,845.9043074071408,0.0,0.0,0.0,838.6418357431887,0.0,0.0,678.1235604733228,9.631460773944854,1.685859471559524,883.2558802604675,0.0,0.0,0.0,0.0,2948.1358642578125,0.0,0.0,0.0,646.5289600849152,42.9326897740364,0.0,1600.407061254978,255.07044212222095,0.0,444.4942914247513,114.54357188940048,0.0,0.0,0.0,0.0
0.0,0.0,0.0,15.61146146059036,1424.2986333370209,273.95939299464226,1056.0762416243554,0.0,0.0,0.0,1152.1427298545836,0.0,0.0,814.5950558781624,13.105105742812157,2.426610305905341,1123.7478875875472,0.0,0.0,0.0,0.0,3048.335012817383,0.0,0.0,0.0,696.2197173118591,55.93369432687759,0.0,1853.622433078289,311.93600539565085,0.0,468.1985121965408,130.9565911591053,0.0,0.0,0.0,0.0
0.0,0.0,0.0,19.276010811328888,1598.5482394695282,287.6681264638901,1181.4422987520695,0.0,0.0,0.0,1400.2991295158863,0.0,0.0,912.1744364500046,15.101458704471588,3.011634156107902,1295.880459523201,0.0,0.0,0.0,0.0,3069.97389831543,0.0,0.0,0.0,699.2360337734223,63.64319939613343,0.0,1965.4623613238332,339.6835126876831,0.0,474.8041365146637,141.7212554514408,0.0,0.0,0.0,0.0
0.0,0.0,0.0,21.03778851032257,1649.6321377754211,294.8476433157921,1221.4619362950325,0.0,0.0,0.0,1511.7064299166202,0.0,0.0,946.2769348919392,15.782079675793648,3.5602552592754355,1386.5321262836455,0.0,0.0,0.0,0.0,3043.919235229492,0.0,0.0,0.0,671.8227566242218,64.7863071322441,0.0,1954.5156252741813,348.7572179377079,0.0,478.173922419548,148.45011806488037,0.0,0.0,0.0,0.0
0.0,0.0,0.0,20.138260543346405,1612.9700751304626,293.6717269718647,1191.474974179268,0.0,0.0,0.0,1506.1063373327256,0.0,0.0,0.0,15.780395516753195,3.7788937389850608,1396.7008608818055,0.0,0.0,0.0,0.0,2946.187631225586,0.0,0.0,0.0,635.0092572689057,62.09583619832993,0.0,1842.4529546380045,345.1522114276886,0.0,465.45292949676514,149.55352121591568,0.0,0.0,0.0,0.0
0.0,0.0,0.0,18.08156996965408,1463.4969120025637,276.20011442899704,1113.5390277326107,0.0,0.0,0.0,0.0,0.0,0.0,0.0,12.228536528348922,3.077820599079131,1414.132171869278,0.0,0.0,0.0,0.0,2738.8120361328124,0.0,0.0,0.0,594.4126707553863,55.28040378093719,0.0,1618.68434677124,350.2000031232834,0.0,0.0,0.0,0.0,0.0,0.0,0.0
0.0,0.0,0.0,0.0,0.0,0.0,956.288488548994,0.0,0.0,0.0,0.0,0.0,0.0,0.0,0.0,2.2079873234033576,1351.112664294243,0.0,0.0,0.0,0.0,0.0,0.0,0.0,0.0,520.8914576530457,46.13428345918656,0.0,0.0,0.0,0.0,0.0,0.0,0.0,0.0,0.0,0.0
0.0,0.0,0.0,0.0,0.0,0.0,0.0,0.0,0.0,0.0,0.0,0.0,0.0,0.0,0.0,0.0,1244.762227511406,0.0,0.0,0.0,0.0,0.0,0.0,0.0,0.0,0.0,0.0,0.0,0.0,0.0,0.0,0.0,0.0,0.0,0.0,0.0,0.0
0.0,0.0,0.0,0.0,0.0,0.0,0.0,0.0,0.0,0.0,0.0,0.0,0.0,0.0,0.0,0.0,1120.01707174778,0.0,0.0,0.0,0.0,0.0,0.0,0.0,0.0,0.0,0.0,0.0,0.0,0.0,0.0,0.0,0.0,0.0,0.0,0.0,0.0
0.0,0.0,0.0,0.0,0.0,0.0,0.0,0.0,0.0,0.0,0.0,0.0,0.0,0.0,0.0,0.0,0.0,0.0,0.0,0.0,0.0,0.0,0.0,0.0,0.0,0.0,0.0,0.0,0.0,0.0,0.0,0.0,0.0,0.0,0.0,0.0,0.0
0.0,0.0,0.0,0.0,0.0,0.0,0.0,0.0,0.0,0.0,0.0,0.0,0.0,0.0,0.0,0.0,0.0,0.0,0.0,0.0,0.0,0.0,0.0,0.0,0.0,0.0,0.0,0.0,0.0,0.0,0.0,0.0,0.0,0.0,0.0,0.0,0.0
0.0,0.0,0.0,0.0,0.0,0.0,0.0,0.0,0.0,0.0,0.0,0.0,0.0,0.0,0.0,0.0,0.0,0.0,0.0,0.0,0.0,0.0,0.0,0.0,0.0,0.0,0.0,0.0,0.0,0.0,0.0,0.0,0.0,0.0,0.0,0.0,0.0
0.0,0.0,0.0,0.0,0.0,0.0,0.0,0.0,0.0,0.0,0.0,0.0,0.0,0.0,0.0,0.0,0.0,0.0,0.0,0.0,0.0,0.0,0.0,0.0,0.0,0.0,0.0,0.0,0.0,0.0,0.0,0.0,0.0,0.0,0.0,0.0,0.0
0.0,0.0,0.0,0.0,0.0,0.0,0.0,0.0,0.0,0.0,0.0,0.0,0.0,0.0,0.0,0.0,0.0,0.0,0.0,0.0,0.0,0.0,0.0,0.0,0.0,0.0,0.0,0.0,0.0,0.0,0.0,0.0,0.0,0.0,0.0,0.0,0.0
0.0,0.0,0.0,0.0,0.0,0.0,0.0,0.0,0.0,0.0,0.0,0.0,0.0,0.0,0.0,0.0,0.0,0.0,0.0,0.0,0.0,0.0,0.0,0.0,0.0,0.0,0.0,0.0,0.0,0.0,0.0,0.0,0.0,0.0,0.0,0.0,0.0
0.0,0.0,0.0,0.0,0.0,0.0,0.0,0.0,0.0,0.0,0.0,0.0,0.0,0.0,0.0,0.0,0.0,0.0,0.0,0.0,0.0,0.0,0.0,0.0,0.0,0.0,0.0,0.0,0.0,0.0,0.0,0.0,0.3164347689598651,0.0,0.0,0.0,0.0
0.0,0.0,0.0,0.0,0.0,0.0,0.0,0.0,0.0,0.0,0.0,0.0,0.0,0.0,0.0,0.0,0.0,0.0,0.0,0.0,0.0,0.0,0.0,0.0,0.0,0.0,0.0,0.0,0.0,0.0,0.0,0.0,0.0,0.0,0.0,0.0,0.0
0.0,0.0,0.0,0.0,0.0,0.0,0.0,0.0,0.0,0.0,0.0,0.0,0.0,3.2397899311034366,0.0,0.0,0.0,0.0,0.0,0.0,0.0,0.0,0.0,0.0,0.0,0.0,0.0,0.0,0.0,0.0,0.0,0.0,0.0,0.0,0.0,0.0,0.0
0.0,0.0,0.0,0.0,0.0,0.1551411668769718,0.0,0.0,0.0,0.0,1.8745171322951544,0.0,0.0,2.323433747514952,0.1355289068073002,0.0,11.025383257865776,0.0,0.0,0.0,0.0,7.719598388671637,0.0,0.0,0.0,0.0,1.106627633050075,0.0,0.0,0.5558408595621213,0.0,0.0,0.0,0.0,0.0,0.0,0.0
0.0,0.0,0.0,0.0734980590641496,4.419707827269882,0.0,0.0,0.0,0.0,0.0,1.660116020310603,0.0,0.0,1.6228568088262532,0.079634571075437,0.0,21.942842757701683,0.0,0.0,0.0,0.0,53.261115741729576,0.0,0.0,0.0,0.0,0.3647516444325426,0.0,0.0,0.5538580462336236,0.0,1.3187754899263209,0.0,0.0,0.0,0.0,0.0
0.0,0.0,0.0,0.186897110193965,22.047500532120285,0.7421957282349269,0.0,0.0,0.0,0.0,3.1700579185969326,0.0,0.0,27.93864083010695,0.2250928245484807,0.0,8.251663005351897,0.0,0.0,0.0,0.0,397.1220645904538,0.0,0.0,0.0,0.0,0.5240855243056953,0.0,0.0,1.020232142508014,0.0,3.414894059300409,1.4325182652100883,0.0,0.0,0.0,0.0
0.0,0.0,0.0,1.0361951962113345,138.33859273791296,7.420532629825169,0.0,0.0,0.0,0.0,24.460743015538743,0.0,0.0,118.97037604823709,1.4647992867976407,0.0,26.917692875862,0.0,0.0,0.0,0.0,1305.2096618652345,0.0,0.0,0.0,49.32651692032811,3.4283135354518857,0.0,78.17150482535361,7.090402808040349,0.0,32.94874612987037,9.68532020598648,0.0,0.0,0.0,0.0
0.0,0.0,0.0,4.188038319349284,398.68826484680176,51.01657236367461,0.0,0.0,0.0,0.0,137.22597610540683,0.0,0.0,312.21770409494627,5.253240385651589,0.0,180.35696289539325,0.0,0.0,0.0,0.0,2324.19909362793,0.0,0.0,0.0,241.81365311145777,11.030900831520553,0.0,656.0175744593142,45.47901024892925,0.0,148.8970974087715,39.62278871238232,0.0,0.0,0.0,0.0
0.0,0.0,0.0,10.468868434429169,859.7474027872086,156.8853773623705,587.6992974191904,0.0,0.0,0.0,386.0398455277084,0.0,0.0,563.5899402946234,12.59174582362175,2.578734382987022,488.7585087895392,0.0,0.0,0.0,0.0,3060.05700378418,0.0,0.0,0.0,572.5162880420685,27.829449707269667,0.0,1368.060829281807,178.64666591286655,0.0,321.4862515926361,98.4352847635746,0.0,0.0,0.0,0.0
0.0,0.0,0.0,20.793280243873596,1331.6130483150482,240.8897298574448,974.929498142004,0.0,0.0,0.0,774.0167971611023,0.0,0.0,847.5081281363964,19.11172590851784,3.280643790960311,900.5592271327971,0.0,0.0,0.0,0.0,3572.4770568847657,0.0,0.0,0.0,779.4535566329956,50.14586306810379,0.0,1942.4269024968148,276.5559847593307,0.0,423.8936480283737,155.03279691934586,0.0,0.0,0.0,0.0
0.0,0.0,0.0,32.76646173000336,1619.3409478664398,264.7352427840233,1204.412544196844,0.0,0.0,0.0,1056.741322144866,0.0,0.0,1001.3712030649184,22.818972104787825,4.387123882770538,1161.433932352066,0.0,0.0,0.0,0.0,3782.073306274414,0.0,0.0,0.0,825.2236784934998,63.66706864833832,0.0,2183.3584555983543,326.2634103298187,0.0,432.5804281234741,176.94527173042297,0.0,0.0,0.0,0.0
0.0,0.0,0.0,41.64200019836426,1788.205714225769,283.5818138420582,1326.979875010252,0.0,0.0,0.0,1279.4529207348824,0.0,0.0,1071.0921174287796,24.590609085559844,5.4465641379356375,1351.3439557552338,0.0,0.0,0.0,0.0,3848.397698974609,0.0,0.0,0.0,833.52120013237,71.07708425521851,0.0,2312.0184188961985,346.603783082962,0.0,433.15916883945465,189.19444209337237,0.0,0.0,0.0,0.0
0.0,0.0,0.0,46.52201771736145,1839.825889348984,290.51502299308777,1355.8707018077373,0.0,0.0,0.0,1333.9149840414525,0.0,0.0,1089.2019140720367,25.265590739250182,6.2203978300094604,1457.8927124023437,0.0,0.0,0.0,0.0,3805.520547485352,0.0,0.0,0.0,816.2683480262756,73.10267535448074,0.0,2338.311288833618,351.6427414476872,0.0,429.583922624588,191.98827123641968,0.0,0.0,0.0,0.0
0.0,0.0,0.0,48.073686599731445,1801.4084408283234,288.25010991096497,1321.392939478159,0.0,0.0,0.0,1310.6069194316865,0.0,0.0,1074.586557596922,25.30846252441406,6.551766097545624,1476.18937458992,0.0,0.0,0.0,0.0,3642.282086181641,0.0,0.0,0.0,776.0461295127868,70.84433270692826,0.0,2277.750177550316,345.1566163778305,0.0,420.3999257087708,186.63279896974564,0.0,0.0,0.0,0.0
0.0,0.0,0.0,0.0,0.0,0.0,0.0,0.0,0.0,0.0,0.0,0.0,0.0,0.0,0.0,0.0,1496.0790919542312,0.0,0.0,0.0,0.0,3339.816802978516,0.0,0.0,0.0,0.0,0.0,0.0,0.0,348.24771984815595,0.0,0.0,0.0,0.0,0.0,0.0,0.0
0.0,0.0,0.0,0.0,0.0,0.0,0.0,0.0,0.0,0.0,0.0,0.0,0.0,0.0,0.0,0.0,1429.9065681934358,0.0,0.0,0.0,0.0,0.0,0.0,0.0,0.0,0.0,53.59117715358734,0.0,0.0,0.0,0.0,0.0,0.0,0.0,0.0,0.0,0.0
0.0,0.0,0.0,0.0,0.0,0.0,0.0,0.0,0.0,0.0,0.0,0.0,0.0,0.0,0.0,0.0,0.0,0.0,0.0,0.0,0.0,0.0,0.0,0.0,0.0,0.0,0.0,0.0,0.0,0.0,0.0,0.0,0.0,0.0,0.0,0.0,0.0
0.0,0.0,0.0,0.0,0.0,0.0,0.0,0.0,0.0,0.0,0.0,0.0,0.0,0.0,0.0,0.0,0.0,0.0,0.0,0.0,0.0,0.0,0.0,0.0,0.0,0.0,0.0,0.0,0.0,0.0,0.0,0.0,0.0,0.0,0.0,0.0,0.0
0.0,0.0,0.0,0.0,0.0,0.0,0.0,0.0,0.0,0.0,0.0,0.0,0.0,0.0,0.0,0.0,0.0,0.0,0.0,0.0,0.0,0.0,0.0,0.0,0.0,0.0,0.0,0.0,0.0,0.0,0.0,0.0,0.0,0.0,0.0,0.0,0.0
0.0,0.0,0.0,0.0,0.0,0.0,0.0,0.0,0.0,0.0,0.0,0.0,0.0,0.0,0.0,0.0,0.0,0.0,0.0,0.0,0.0,0.0,0.0,0.0,0.0,0.0,0.0,0.0,0.0,0.0,0.0,0.0,0.0,0.0,0.0,0.0,0.0
0.0,0.0,0.0,0.0,0.0,0.0,0.0,0.0,0.0,0.0,0.0,0.0,0.0,0.0,0.0,0.0,0.0,0.0,0.0,0.0,0.0,0.0,0.0,0.0,0.0,0.0,0.0,0.0,0.0,0.0,0.0,0.0,0.0,0.0,0.0,0.0,0.0
0.0,0.0,0.0,0.0,0.0,0.0,0.0,0.0,0.0,0.0,0.0,0.0,0.0,0.0,0.0,0.0,0.0,0.0,0.0,0.0,0.0,0.0,0.0,0.0,0.0,0.0,0.0,0.0,0.0,0.0,0.0,0.0,0.0,0.0,0.0,0.0,0.0
0.0,0.0,0.0,0.0,0.0,0.0,0.0,0.0,0.0,0.0,0.0,0.0,0.0,0.0,0.0,0.0,0.0,0.0,0.0,0.0,0.0,0.0,0.0,0.0,0.0,0.0,0.0,0.0,0.0,0.0,0.0,0.0,0.0,0.0,0.0,0.0,0.0
0.0,0.0,0.0,0.0,0.0,0.0,0.0,0.0,0.0,0.0,0.0,0.0,0.0,0.0,0.0,0.0,0.0,0.0,0.0,0.0,0.0,0.0,0.0,0.0,0.0,0.0,0.0,0.0,0.0,0.0,0.0,0.0,0.0,0.0,0.0,0.0,0.0
0.0,0.0,0.0,0.0,0.0,0.0,0.0,0.0,0.0,0.0,0.0,0.0,0.0,3.6878818226977694,0.0,0.0,0.0,0.0,0.0,0.0,0.0,0.0,0.0,0.0,0.0,0.0,0.0,0.0,0.0,0.1461980693042094,0.0,0.0,0.0,0.0,0.0,0.0,0.0
0.0,0.0,0.0,0.0,0.0,0.0,0.0,0.0,0.0,0.0,2.032598445564363,0.0,0.0,5.786898327059928,0.0,0.0,0.0,0.0,0.0,0.0,0.0,0.0,0.0,0.0,0.0,0.0,0.0,0.0,0.0,0.4456087395548534,0.0,0.7957595139741688,0.0,0.0,0.0,0.0,0.0
0.0,0.0,0.0,0.0,2.3435644544659024,0.4149668491445451,0.0,0.0,0.0,0.0,2.0345246513372115,0.0,0.0,7.754418663680533,0.0,0.0,0.0,0.0,0.0,0.0,0.0,0.0,0.0,0.0,0.0,0.0,0.5273535171523597,0.0,0.0,0.4937322340905555,0.0,0.0,0.0648417007177836,0.0,0.0,0.0,0.0
0.0,0.0,0.0,0.1660651247948348,3.819179005920789,0.1636815969832155,3.0107455402611407,0.0,0.0,0.0,1.8695744755676256,0.0,0.0,5.2359926328062505,0.1532565113157011,0.0,9.18344768285735,0.0,0.0,0.0,0.0,0.0,0.0,0.0,0.0,0.0,0.2459850307553988,0.0,0.0,0.4775124110281216,0.0,0.9362240731715564,0.0,0.0,0.0,0.0,0.0
0.0,0.0,0.0,0.0719576757401174,6.344538558274466,0.0,4.504071248322655,0.0,0.0,0.0,1.6338060413487168,0.0,0.0,2.7798592019825934,0.1065225362777678,0.0,17.429656279086995,0.0,0.0,0.0,0.0,0.0,0.0,0.0,0.0,0.0,0.0,0.0,0.0,0.4526496306061439,0.0,1.0175775289535505,0.0,0.0,0.0,0.0,0.0
0.0,0.0,0.0,0.1910586915910224,16.359230453148477,0.4308047769590826,6.66768619678904,0.0,0.0,0.0,3.086435371497483,0.0,0.0,23.745080460794185,0.2944655321538434,0.0443755034357297,7.551537501811922,0.0,0.0,0.0,0.0,169.70724411010707,0.0,0.0,0.0,0.0,0.0,0.0,1.1855573698876605,0.7369007118046181,0.0,3.682044491171837,1.2659251783042884,0.0,0.0,0.0,0.0
0.0,0.0,0.0,0.742270402610296,82.32769846916197,7.708832234144178,44.6926538204773,0.0,0.0,0.0,23.339801445696445,0.0,0.0,100.87316652759908,1.9156456544995304,0.4411648213863371,26.25415481328947,0.0,0.0,0.0,0.0,712.910356903076,0.0,0.0,0.0,13.606853877007875,0.0,0.0,69.73955471366642,3.929016366600985,0.0,40.47422784566874,9.57883030176162,0.0,0.0,0.0,0.0
0.0,0.0,0.0,3.4040721878409355,257.8576938807963,51.76603772863744,169.66715026497835,0.0,0.0,0.0,141.30598083585485,0.0,0.0,288.7880158424377,6.053368131816387,1.1506025791168208,179.01805866956693,0.0,0.0,0.0,0.0,1702.6986328125,0.0,0.0,0.0,118.9137503266334,1.001598423719403,0.0,559.9068247556686,28.944737008959034,0.0,182.84638160467148,38.045761883258805,0.0,0.0,0.0,0.0
0.0,0.0,0.0,8.817882388830181,561.8609547615051,185.4544093161821,408.5169854074717,0.0,0.0,0.0,407.0947791427373,0.0,0.0,540.6443213671446,12.639063370227811,1.821038514375686,485.2559507787228,0.0,0.0,0.0,0.0,2516.8995208740234,0.0,0.0,0.0,325.88196053504936,6.534158039093011,0.0,1146.1445333123204,121.45349618792534,0.0,363.2945899963379,83.81876879930495,0.0,0.0,0.0,0.0
0.0,0.0,0.0,17.26284384727478,984.7869894504548,272.60828015208244,686.0830634415149,0.0,0.0,0.0,859.8419828116893,0.0,0.0,834.6627987921238,19.547676229476927,2.1654808074235907,882.5545290470124,0.0,0.0,0.0,0.0,3038.039227294922,0.0,0.0,0.0,464.0381803035736,16.169658026099206,0.0,1677.157523036003,246.38338840007785,0.0,472.068995475769,138.72356715798375,0.0,0.0,0.0,0.0
0.0,0.0,0.0,27.06877130270004,1319.0237860679626,299.25973147153854,919.3098331987858,0.0,0.0,0.0,1202.048827010393,0.0,0.0,984.6199962496758,23.91943718791008,3.178567945957183,1143.58600256443,0.0,0.0,0.0,0.0,3265.84397277832,0.0,0.0,0.0,556.7458879947662,32.54578976631164,0.0,1907.5479260206223,307.1011508643627,0.0,502.3553019762039,159.06312358379364,0.0,0.0,0.0,0.0
0.0,0.0,0.0,36.07812523841858,1535.5304162502289,316.0268055200577,1102.8046987712382,0.0,0.0,0.0,1457.0501609921455,0.0,0.0,1054.4498017430303,26.22414502501488,0.0,1333.5065670728684,0.0,0.0,0.0,0.0,3361.0004760742186,0.0,0.0,0.0,619.5323651790619,45.47142297029495,0.0,2020.6135657429693,332.20280610919,0.0,509.4597578048706,170.48798555135727,0.0,0.0,0.0,0.0
0.0,0.0,0.0,41.23317575454712,1636.0279603004456,321.64203560352325,1210.228407907486,0.0,0.0,0.0,1540.992691344023,0.0,0.0,1071.1640438437462,27.23733719587326,5.519859343767166,1441.3620530605317,0.0,0.0,0.0,0.0,3315.508840942383,0.0,0.0,0.0,630.222364282608,0.0,0.0,2050.9597816944124,337.37902084589007,0.0,498.3781774044037,174.73388981819153,0.0,0.0,0.0,0.0
0.0,0.0,0.0,42.684619307518005,1649.1034283638,316.4644640982151,0.0,0.0,0.0,0.0,1513.40776335001,0.0,0.0,1055.4132515192032,26.728455466032027,5.833610773086547,1464.5337312936783,0.0,0.0,0.0,0.0,3185.507403564453,0.0,0.0,0.0,622.2089294910431,0.0,0.0,0.0,329.79254860281947,0.0,478.08622682094574,171.98167777061462,0.0,0.0,0.0,0.0
0.0,0.0,0.0,0.0,0.0,297.6918252706528,0.0,0.0,0.0,0.0,1425.4389925062655,0.0,0.0,972.7411212027072,0.0,5.101741194725036,1488.3634931802749,0.0,0.0,0.0,0.0,2949.300241088867,0.0,0.0,0.0,0.0,0.0,0.0,0.0,338.0101939678192,0.0,432.6693078279495,0.0,0.0,0.0,0.0,0.0
0.0,0.0,0.0,0.0,0.0,0.0,0.0,0.0,0.0,0.0,1175.759597671032,0.0,0.0,826.6608485579491,0.0,0.0,1425.5059018850327,0.0,0.0,0.0,0.0,0.0,0.0,0.0,0.0,0.0,0.0,0.0,0.0,331.1278811216354,0.0,373.1860363483429,0.0,0.0,0.0,0.0,0.0
0.0,0.0,0.0,0.0,0.0,0.0,0.0,0.0,0.0,0.0,0.0,0.0,0.0,0.0,0.0,0.0,0.0,0.0,0.0,0.0,0.0,0.0,0.0,0.0,0.0,0.0,0.0,0.0,0.0,316.17677742242813,0.0,0.0,0.0,0.0,0.0,0.0,0.0
0.0,0.0,0.0,0.0,0.0,0.0,0.0,0.0,0.0,0.0,0.0,0.0,0.0,0.0,0.0,0.0,0.0,0.0,0.0,0.0,0.0,0.0,0.0,0.0,0.0,0.0,0.0,0.0,0.0,0.0,0.0,0.0,0.0,0.0,0.0,0.0,0.0
0.0,0.0,0.0,0.0,0.0,0.0,0.0,0.0,0.0,0.0,0.0,0.0,0.0,0.0,0.0,0.0,0.0,0.0,0.0,0.0,0.0,0.0,0.0,0.0,0.0,0.0,0.0,0.0,0.0,0.0,0.0,0.0,0.0,0.0,0.0,0.0,0.0
0.0,0.0,0.0,0.0,0.0,0.0,0.0,0.0,0.0,0.0,0.0,0.0,0.0,0.0,0.0,0.0,0.0,0.0,0.0,0.0,0.0,0.0,0.0,0.0,0.0,0.0,0.0,0.0,0.0,0.0,0.0,0.0,0.0,0.0,0.0,0.0,0.0
0.0,0.0,0.0,0.0,0.0,0.0,0.0,0.0,0.0,0.0,0.0,0.0,0.0,0.0,0.0,0.0,0.0,0.0,0.0,0.0,0.0,0.0,0.0,0.0,0.0,0.0,0.0,0.0,0.0,0.0,0.0,0.0,0.0,0.0,0.0,0.0,0.0
0.0,0.0,0.0,0.0,0.0,0.0,0.0,0.0,0.0,0.0,0.0,0.0,0.0,0.0,0.0,0.0,0.0,0.0,0.0,0.0,0.0,0.0,0.0,0.0,0.0,0.0,0.0,0.0,0.0,0.0,0.0,0.0,0.0,0.0,0.0,0.0,0.0
0.0,0.0,0.0,0.0,0.0,0.0,0.0,0.0,0.0,0.0,0.0,0.0,0.0,0.0,0.0,0.0,0.0,0.0,0.0,0.0,0.0,0.0,0.0,0.0,0.0,0.0,0.0,0.0,0.0,0.0,0.0,0.0,0.0,0.0,0.0,0.0,0.0
0.0,0.0,0.0,0.0,0.0,0.0,0.0,0.0,0.0,0.0,0.0,0.0,0.0,0.0,0.0,0.0,0.0,0.0,0.0,0.0,0.0,0.0,0.0,0.0,0.0,0.0,0.0,0.0,0.0,0.0,0.0,0.0,0.0,0.0,0.0,0.0,0.0
0.0,0.0,0.0,0.0,0.0,0.0,0.0,0.0,0.0,0.0,0.0,0.0,0.0,0.0,0.0,0.0,0.0,0.0,0.0,0.0,0.0,0.0,0.0,0.0,0.0,0.0,0.0,0.0,0.1201874271035194,0.0,0.0,0.0,0.0,0.0,0.0,0.0,0.0
0.0,0.0,0.0,0.3876210618764137,0.0,0.6653085704892464,0.0,0.0,0.0,0.0,2.163873924920153,0.0,0.0,10.97291234415022,0.1004661016166199,0.0,0.0,0.0,0.0,0.0,0.0,0.0,0.0,0.0,0.0,6.309891147911522,0.0,0.0,0.3737768113612021,0.0,0.0,0.9421625435352172,0.0,0.0,0.0,0.0,0.0
0.0,0.0,0.0,0.0,2.9068632163105623,0.0,1.1204787701367342,0.0,0.0,0.0,0.0,0.0,0.0,16.701000584289293,0.0,0.0,0.0,0.0,0.0,0.0,0.0,2.313212680816389,0.0,0.0,0.0,0.0,0.5286344481632056,0.0,0.0,0.0,0.0,0.0,0.1830402333289322,0.0,0.0,0.0,0.0
0.0,0.0,0.0,0.3674629833549244,3.372684333473249,0.2480163690633914,0.0,0.0,0.0,0.0,1.9372406646141824,0.0,0.0,11.039314821828087,0.1083685733377907,0.0,0.0,0.0,0.0,0.0,0.0,0.0,0.0,0.0,0.0,0.0,0.0783935997635078,0.0,0.0,0.5253986708819597,0.0,1.0724590420722584,0.0,0.0,0.0,0.0,0.0
0.0,0.0,0.0,0.1444856692105499,4.7060966901479775,0.0,0.0,0.0,0.0,0.0,1.6692660274914957,0.0,0.0,4.943837095052001,0.0769618839025494,0.0,18.398763823509093,0.0,0.0,0.0,0.0,0.0,0.0,0.0,0.0,0.0,0.4316205233335423,0.0,0.0,0.495032631605839,0.0,1.2276531606912466,0.0,0.0,0.0,0.0,0.0
0.0,0.0,0.0,0.2374699208885406,25.21740598231534,0.4505411628633352,0.0,0.0,0.0,0.0,2.4091059839816804,0.0,0.0,26.43334444612252,0.193066605180499,0.0100727491080749,7.680237042903717,0.0,0.0,0.0,0.0,127.20380611419642,0.0,0.0,0.0,0.0,1.9998993143439263,0.0,0.0,0.8391137138008794,0.0,4.672010824084258,1.5260443044826324,0.0,0.0,0.0,0.0
0.0,0.0,0.0,0.8230740949511528,148.32980695366842,7.217844412662072,26.683228172734243,0.0,0.0,0.0,14.384896235913011,0.0,0.0,101.75190929323422,1.5468881797045448,0.2559482492506498,21.218999767303416,0.0,0.0,0.0,0.0,615.8733184814452,0.0,0.0,0.0,66.39787806868549,7.360502126812929,0.0,63.34677545204751,4.839054463803731,0.0,47.706809312105136,10.069064579904074,0.0,0.0,0.0,0.0
0.0,0.0,0.0,3.798201523721216,417.57758152484894,58.61970253288746,209.25193759948016,0.0,0.0,0.0,105.45847345329808,0.0,0.0,285.5509629845618,5.975691264867782,0.6988326311111444,159.7886312365532,0.0,0.0,0.0,0.0,1487.4746978759763,0.0,0.0,0.0,291.388369178772,19.49464398026465,0.0,541.1217714130876,32.7975307509303,0.0,212.1815102100372,41.24926531314848,0.0,0.0,0.0,0.0
0.0,0.0,0.0,10.089620828628536,817.2154927253723,194.8667700141668,522.8691038697957,0.0,0.0,0.0,375.1135757207869,0.0,0.0,536.7755451798438,14.266417086124418,1.2457962110638616,449.0948423624039,0.0,0.0,0.0,0.0,2386.4822540283203,0.0,0.0,0.0,536.0362959861756,43.17749886512755,0.0,1159.9932822644707,134.70995933413505,0.0,388.4876265525818,81.83115518093109,0.0,0.0,0.0,0.0
0.0,0.0,0.0,20.56974571943283,1228.857894897461,286.7788372337818,882.3193007826806,0.0,0.0,0.0,827.6599962770939,0.0,0.0,829.5105002820492,22.537995797395705,1.7368520647287369,826.1271345376969,0.0,0.0,0.0,0.0,2926.239767456055,0.0,0.0,0.0,705.3473733425141,61.7194886803627,0.0,1718.124215555191,254.41527608036995,0.0,483.6510220766068,133.21250668168068,0.0,0.0,0.0,0.0
0.0,0.0,0.0,32.82140254974365,1449.4485278129578,314.447269231081,1108.5358817219735,0.0,0.0,0.0,1160.078443354368,0.0,0.0,990.927123427391,26.596178895235063,2.857466965913772,1060.8855160236358,0.0,0.0,0.0,0.0,3081.9137176513677,0.0,0.0,0.0,756.9131468296051,72.50213948488235,0.0,1964.0236465454104,311.30644898414613,0.0,508.6518746614456,148.96036845445633,0.0,0.0,0.0,0.0
0.0,0.0,0.0,43.17235350608826,1616.1935377120972,331.3569914996624,1245.757063907385,0.0,0.0,0.0,1456.0813027977945,0.0,0.0,1076.4375247061253,29.026905763149266,3.846571207046508,1231.9225484371186,0.0,0.0,0.0,0.0,3176.027523803711,0.0,0.0,0.0,776.6818660259247,78.5665567278862,0.0,2094.828408575058,338.0377717673779,0.0,517.8868240118027,159.70245158672333,0.0,0.0,0.0,0.0
0.0,0.0,0.0,48.01070809364319,1690.630197763443,336.8473245501518,1296.4046808063983,0.0,0.0,0.0,1587.631061989069,0.0,0.0,1104.6710097789764,29.231772726774217,4.836782336235046,1329.1164418697358,0.0,0.0,0.0,0.0,3176.1660430908205,0.0,0.0,0.0,766.4149555206299,79.62395055294037,0.0,2119.1755027771,346.8702825665474,0.0,507.9536827802658,163.32984513044357,0.0,0.0,0.0,0.0
0.0,0.0,0.0,49.39929878711701,1650.2662863731384,331.55196180939674,1265.7584962010385,0.0,0.0,0.0,1579.6642918646337,0.0,0.0,1089.2786659300327,27.97932118177414,5.340554714202881,1349.3927481412888,0.0,0.0,0.0,0.0,3048.8554107666014,0.0,0.0,0.0,720.0449512004852,76.2542477965355,0.0,2071.62864189148,343.88311717510226,0.0,480.9163475036621,161.8919334411621,0.0,0.0,0.0,0.0
0.0,0.0,0.0,44.05838000774384,1494.0953385829926,312.57136529684067,1188.4357146143914,0.0,0.0,0.0,1488.2658660829068,0.0,0.0,0.0,25.41861907839775,0.0,1386.7841322422028,0.0,0.0,0.0,0.0,2801.567248535156,0.0,0.0,0.0,678.6570452690124,68.0280945777893,0.0,1954.212613940239,348.7113408505917,0.0,431.7932488918304,0.0,0.0,0.0,0.0,0.0
0.0,0.0,0.0,34.751086592674255,1279.009614944458,0.0,1054.1143498003482,0.0,0.0,0.0,1256.285763692856,0.0,0.0,0.0,0.0,0.0,1343.5847217082978,0.0,0.0,0.0,0.0,0.0,0.0,0.0,0.0,619.6597924232483,57.7601194024086,0.0,0.0,0.0,0.0,369.5429013967514,0.0,0.0,0.0,0.0,0.0
0.0,0.0,0.0,0.0,0.0,0.0,0.0,0.0,0.0,0.0,0.0,0.0,0.0,0.0,0.0,0.0,0.0,0.0,0.0,0.0,0.0,0.0,0.0,0.0,0.0,0.0,0.0,0.0,0.0,0.0,0.0,0.0,0.0,0.0,0.0,0.0,0.0
0.0,0.0,0.0,0.0,0.0,0.0,0.0,0.0,0.0,0.0,0.0,0.0,0.0,0.0,0.0,0.0,0.0,0.0,0.0,0.0,0.0,0.0,0.0,0.0,0.0,0.0,0.0,0.0,0.0,0.0,0.0,0.0,0.0,0.0,0.0,0.0,0.0
0.0,0.0,0.0,0.0,0.0,0.0,0.0,0.0,0.0,0.0,0.0,0.0,0.0,0.0,0.0,0.0,0.0,0.0,0.0,0.0,0.0,0.0,0.0,0.0,0.0,0.0,0.0,0.0,0.0,0.0,0.0,0.0,0.0,0.0,0.0,0.0,0.0
0.0,0.0,0.0,0.0,0.0,0.0,0.0,0.0,0.0,0.0,0.0,0.0,0.0,0.0,0.0,0.0,0.0,0.0,0.0,0.0,0.0,0.0,0.0,0.0,0.0,0.0,0.0,0.0,0.0,0.0,0.0,0.0,0.0,0.0,0.0,0.0,0.0
0.0,0.0,0.0,0.0,0.0,0.0,0.0,0.0,0.0,0.0,0.0,0.0,0.0,0.0,0.0,0.0,0.0,0.0,0.0,0.0,0.0,0.0,0.0,0.0,0.0,0.0,0.0,0.0,0.0,0.0,0.0,0.0,0.0,0.0,0.0,0.0,0.0
0.0,0.0,0.0,0.0,0.0,0.0,0.0,0.0,0.0,0.0,0.0,0.0,0.0,0.0,0.0,0.0,0.0,0.0,0.0,0.0,0.0,0.0,0.0,0.0,0.0,0.0,0.0,0.0,0.0,0.0,0.0,0.0,0.0,0.0,0.0,0.0,0.0
0.0,0.0,0.0,0.0,0.0,0.0,0.0,0.0,0.0,0.0,0.0,0.0,0.0,0.0,0.0,0.0,0.0,0.0,0.0,0.0,0.0,0.0,0.0,0.0,0.0,0.0,0.0,0.0,0.0,0.0,0.0,0.0,0.0,0.0,0.0,0.0,0.0
0.0,0.0,0.0,0.0,0.0,0.0,0.0,0.0,0.0,0.0,0.0,0.0,0.0,0.0,0.0,0.0,0.0,0.0,0.0,0.0,0.0,0.0,0.0,0.0,0.0,0.0,0.0,0.0,0.0,0.0,0.0,0.0,0.0,0.0,0.0,0.0,0.0
0.0,0.0,0.0,0.0,0.0,0.0,0.0,0.0,0.0,0.0,0.0,0.0,0.0,0.0,0.0,0.0,0.0,0.0,0.0,0.0,0.0,0.0,0.0,0.0,0.0,0.0,0.0,0.0,0.0154333144426345,0.0,0.0,0.0,0.3171644434332636,0.0,0.0,0.0,0.0
0.0,0.0,0.0,0.0,2.3688502311704704,0.0,0.0,0.0,0.0,0.0,0.0,0.0,0.0,2.3389770230277844,0.0,0.0,0.0,0.0,0.0,0.0,0.0,12.071675777434963,0.0,0.0,0.0,0.0,0.0,0.0,0.0,0.0,0.0,0.0,0.0,0.0,0.0,0.0,0.0
0.0,0.0,0.0,0.0,3.0587828271089057,0.0,0.3550256725400164,0.0,0.0,0.0,0.0,0.0,0.0,5.573654146864911,0.1193879161030034,0.0,0.0,0.0,0.0,0.0,0.0,22.368895721435425,0.0,0.0,0.0,0.0,0.7440085567533916,0.0,0.0,0.0,0.0,0.0,0.0,0.0,0.0,0.0,0.0
0.0,0.0,0.0,0.2225477714091532,4.439124923199295,0.1493024202063275,1.3020630147306935,0.0,0.0,0.0,0.0,0.0,0.0,2.086540344171124,0.0948769949376557,0.0,7.582854390144264,0.0,0.0,0.0,0.0,14.876012325286489,0.0,0.0,0.0,0.0,0.270799205079666,0.0,0.0,0.5288517534732654,0.0,0.0,0.0,0.0,0.0,0.0,0.0
0.0,0.0,0.0,0.0943250209093056,6.422516338527034,0.0,1.44812939241524,0.0,0.0,0.0,1.6934251826256277,0.0,0.0,0.0483540119603276,0.0351445287466014,0.0,17.290109205245866,0.0,0.0,0.0,0.0,0.0,0.0,0.0,0.0,0.0,0.0,0.0,0.0,0.4706823952495903,0.0,1.562006086111062,0.0,0.0,0.0,0.0,0.0
0.0,0.0,0.0,0.1728659775108094,18.165693361312023,0.5080965426750302,7.509966231137443,0.0,0.0,0.0,2.70410471595821,0.0,0.0,13.475978614296649,0.2011355314403748,0.0,10.400516343116715,0.0,0.0,0.0,0.0,95.60985689163184,0.0,0.0,0.0,0.0,0.0,0.0,0.0,0.901972118020038,0.0,4.79174904525279,1.1391618391498657,0.0,0.0,0.0,0.0
0.0,0.0,0.0,0.766955338418483,88.01460385322557,4.711167464498397,52.292057871073474,0.0,0.0,0.0,18.96249141013231,0.0,0.0,66.18889492005107,1.3329548701643936,0.0,54.907452929019776,0.0,0.0,0.0,0.0,549.2034423828121,0.0,0.0,0.0,33.75564252734176,1.331650428101411,0.0,50.27990255728347,8.283678613603088,0.0,32.03426878899332,8.101811990141854,0.0,0.0,0.0,0.0
0.0,0.0,0.0,3.653930827975269,285.66915529966343,38.40775713697076,205.08510475754736,0.0,0.0,0.0,112.2489908713846,0.0,0.0,208.8933832198381,4.893896287679671,0.0,234.76714531183228,0.0,0.0,0.0,0.0,1504.6092620849606,0.0,0.0,0.0,195.61956783533088,7.627554750442501,0.0,456.5157525807618,50.87199597954748,0.0,145.47730994224543,33.96369327604769,0.0,0.0,0.0,0.0
0.0,0.0,0.0,9.737876892089842,608.7439339160918,148.54258556663987,463.796703338623,0.0,0.0,0.0,345.9442173957824,0.0,0.0,432.4973116070032,11.638525405526162,2.8282698392868038,580.5945177555083,0.0,0.0,0.0,0.0,2415.827700805664,0.0,0.0,0.0,481.41835198402407,20.47216829061508,0.0,1086.9115510225297,193.8664481401443,0.0,310.28493297100067,87.92943933606148,0.0,0.0,0.0,0.0
0.0,0.0,0.0,19.87776559591293,1075.0011858940125,230.2374740242958,756.2423876613377,0.0,0.0,0.0,760.0317549675702,0.0,0.0,698.8884888589382,19.89614861011505,3.8856973946094513,987.6376430630684,0.0,0.0,0.0,0.0,2996.1482788085937,0.0,0.0,0.0,676.9604379177093,43.39917035102844,0.0,1659.186704659462,285.0265164375305,0.0,413.7676051855087,144.5501875579357,0.0,0.0,0.0,0.0
0.0,0.0,0.0,32.334425926208496,1403.9477353096008,254.41653361916545,1019.6535417556764,0.0,0.0,0.0,1053.2258207291363,0.0,0.0,854.2698484659195,25.256387490034104,5.296633303165435,1241.8868346214294,0.0,0.0,0.0,0.0,3237.746557617188,0.0,0.0,0.0,732.1457480907441,58.13929985761642,0.0,1912.6251330375671,327.9423758208752,0.0,432.80260944366455,166.76916712522507,0.0,0.0,0.0,0.0
0.0,0.0,0.0,41.50186359882355,1601.6322095394137,272.15276393294334,1200.7443441271782,0.0,0.0,0.0,1287.4702765405175,0.0,0.0,937.1559371054173,27.786619913578036,6.256539642810821,1429.6700061798097,0.0,0.0,0.0,0.0,3348.3419860839845,0.0,0.0,0.0,746.8701895713806,66.55332247018814,0.0,2053.876795935631,343.85931169986725,0.0,439.2875267267227,180.6471848487854,0.0,0.0,0.0,0.0
0.0,0.0,0.0,45.42712223529816,1684.1712908744812,279.2021941244602,1294.5011770009994,0.0,0.0,0.0,1359.2173179328445,0.0,0.0,953.623444288969,28.107371664047243,6.880984127521515,1536.9331065654756,0.0,0.0,0.0,0.0,3338.783883666992,0.0,0.0,0.0,739.9362524986267,69.26563745737076,0.0,2087.0952577352523,347.5006121873856,0.0,443.74841237068176,184.93825143575668,0.0,0.0,0.0,0.0
0.0,0.0,0.0,46.54977083206177,1659.5841591358185,277.7177743911743,0.0,0.0,0.0,0.0,1345.3324299633505,0.0,0.0,938.8239926099776,27.125429534912108,7.06852513551712,1552.1066598892212,0.0,0.0,0.0,0.0,3200.750228881836,0.0,0.0,0.0,721.5241193294526,67.31243258714676,0.0,2038.4915486097336,344.3015874385834,0.0,431.8722610473633,181.71394819021225,0.0,0.0,0.0,0.0
0.0,0.0,0.0,40.87878954410553,1520.7713265419006,0.0,0.0,0.0,0.0,0.0,0.0,0.0,0.0,836.8451736867428,24.64478251934052,6.1522473096847525,1562.656345129013,0.0,0.0,0.0,0.0,2944.2407562255858,0.0,0.0,0.0,690.2211080551148,59.845102679729465,0.0,1877.2500913500785,0.0,0.0,0.0,0.0,0.0,0.0,0.0,0.0
0.0,0.0,0.0,31.375287890434265,1329.2657651901245,0.0,0.0,0.0,0.0,0.0,0.0,0.0,0.0,671.9093458354472,20.52498012185097,0.0,1486.1411585330964,0.0,0.0,0.0,0.0,0.0,0.0,0.0,0.0,0.0,0.0,0.0,0.0,0.0,0.0,0.0,0.0,0.0,0.0,0.0,0.0
0.0,0.0,0.0,0.0,0.0,0.0,0.0,0.0,0.0,0.0,0.0,0.0,0.0,0.0,0.0,0.0,1367.8496106147766,0.0,0.0,0.0,0.0,1691.862350463867,0.0,0.0,0.0,0.0,0.0,0.0,0.0,0.0,0.0,0.0,0.0,0.0,0.0,0.0,0.0
0.0,0.0,0.0,0.0,0.0,0.0,0.0,0.0,0.0,0.0,0.0,0.0,0.0,0.0,0.0,0.0,1250.547210597992,0.0,0.0,0.0,0.0,0.0,0.0,0.0,0.0,0.0,0.0,0.0,0.0,0.0,0.0,0.0,0.0,0.0,0.0,0.0,0.0
0.0,0.0,0.0,0.0,0.0,0.0,0.0,0.0,0.0,0.0,0.0,0.0,0.0,0.0,0.0,0.0,0.0,0.0,0.0,0.0,0.0,0.0,0.0,0.0,0.0,0.0,0.0,0.0,0.0,0.0,0.0,0.0,0.0,0.0,0.0,0.0,0.0
0.0,0.0,0.0,0.0,0.0,0.0,0.0,0.0,0.0,0.0,0.0,0.0,0.0,0.0,0.0,0.0,0.0,0.0,0.0,0.0,0.0,0.0,0.0,0.0,0.0,0.0,0.0,0.0,0.0,0.0,0.0,0.0,0.0,0.0,0.0,0.0,0.0
0.0,0.0,0.0,0.0,0.0,0.0,0.0,0.0,0.0,0.0,0.0,0.0,0.0,0.0,0.0,0.0,0.0,0.0,0.0,0.0,0.0,0.0,0.0,0.0,0.0,0.0,0.0,0.0,0.0,0.0,0.0,0.0,0.0,0.0,0.0,0.0,0.0
0.0,0.0,0.0,0.0,0.0,0.0,0.0,0.0,0.0,0.0,0.0,0.0,0.0,0.0,0.0,0.0,0.0,0.0,0.0,0.0,0.0,0.0,0.0,0.0,0.0,0.0,0.0,0.0,0.0,0.0,0.0,0.0,0.0,0.0,0.0,0.0,0.0
0.0,0.0,0.0,0.0,0.0,0.0,0.0,0.0,0.0,0.0,0.0,0.0,0.0,0.0,0.0,0.0,0.0,0.0,0.0,0.0,0.0,0.0,0.0,0.0,0.0,0.0,0.0,0.0,0.0,0.0,0.0,0.0,0.0,0.0,0.0,0.0,0.0
0.0,0.0,0.0,0.0,0.0,0.0,0.0,0.0,0.0,0.0,0.0,0.0,0.0,0.0,0.0,0.0,0.0,0.0,0.0,0.0,0.0,0.0,0.0,0.0,0.0,0.0,0.0,0.0,0.0,0.0,0.0,0.0,0.0,0.0,0.0,0.0,0.0
0.0,0.0,0.0,0.0,0.0,0.0,0.0,0.0,0.0,0.0,0.0,0.0,0.0,0.0,0.0,0.0,0.0,0.0,0.0,0.0,0.0,0.0,0.0,0.0,0.0,0.0,0.0,0.0,0.2035587415099144,0.0,0.0,0.0,0.0,0.0,0.0,0.0,0.0
0.0,0.0,0.0,0.0,0.0,0.0,0.0,0.0,0.0,0.0,0.0,0.0,0.0,0.0,0.0,0.0,0.0,0.0,0.0,0.0,0.0,0.0,0.0,0.0,0.0,0.0,0.0,0.0,0.4065676957368724,0.0,0.0,0.0,0.0,0.0,0.0,0.0,0.0
0.0,0.0,0.0,0.0,2.432869695126915,0.5127040003426017,0.0,0.0,0.0,0.0,0.0,0.0,0.0,12.296369760297097,0.0,0.0,0.0,0.0,0.0,0.0,0.0,0.0,0.0,0.0,0.0,0.0,0.0,0.0,0.0,0.0,0.0,0.0,0.0,0.0,0.0,0.0,0.0
0.0,0.0,0.0,0.230946402996778,2.9834240786729227,0.2903604852035397,0.0,0.0,0.0,0.0,1.8717263589145356,0.0,0.0,8.705562991090009,0.1527764998376366,0.0,0.0,0.0,0.0,0.0,0.0,0.0,0.0,0.0,0.0,0.0,0.0,0.0,0.0,0.5293584398925267,0.0,1.0255523025989333,0.0,0.0,0.0,0.0,0.0
0.0,0.0,0.0,0.1255225036293248,4.414191897958472,0.0,0.0,0.0,0.0,0.0,1.6569480581207254,0.0,0.0,3.0593337258323645,0.0951936900615675,0.0,22.2411805510519,0.0,0.0,0.0,0.0,4.236525821685371,0.0,0.0,0.0,0.0,0.0,0.0,0.0,0.5067362092435085,0.0,1.186635553836789,0.0,0.0,0.0,0.0,0.0
0.0,0.0,0.0,0.141326026991004,13.103865541517722,0.6275053783319563,0.0,0.0,0.0,0.0,2.515387407131477,0.0,0.0,16.92147866124284,0.2682884965091924,0.0,9.626296675205094,0.0,0.0,0.0,0.0,263.9568195343016,0.0,0.0,0.0,0.0,0.0,0.0,0.0,0.9067460998892644,0.0,3.940807506442052,1.351706953719255,0.0,0.0,0.0,0.0
0.0,0.0,0.0,0.3823564350604966,100.372587263584,6.400573737919324,29.722388573177145,0.0,0.0,0.0,15.33240511985484,0.0,0.0,53.71167631819835,1.3901216089725468,0.0,40.4603165864944,0.0,0.0,0.0,0.0,981.6688728332516,0.0,0.0,0.0,57.27826362848275,0.968808108009396,0.0,33.36977111399173,4.198667263984641,0.0,26.26332698017358,9.261716067790962,0.0,0.0,0.0,0.0
0.0,0.0,0.0,2.5352655053138733,305.7656308412552,45.99880811572071,204.2926959335804,0.0,0.0,0.0,107.397995262593,0.0,0.0,133.9033923484384,4.950408715009687,0.0,202.94777719974508,0.0,0.0,0.0,0.0,2037.219723510742,0.0,0.0,0.0,272.3072295188904,5.324336533248424,0.0,358.7044322699308,31.159680080413786,0.0,128.45523184537885,37.9507262855768,0.0,0.0,0.0,0.0
0.0,0.0,0.0,7.258090823888774,673.2066901922226,176.701397433877,509.4609391152858,0.0,0.0,0.0,349.81195382624867,0.0,0.0,292.39589944481844,12.231219676136968,2.9695886820554733,523.1222055435179,0.0,0.0,0.0,0.0,2796.163638305664,0.0,0.0,0.0,537.5003365039826,15.406787243485445,0.0,1008.7165624260904,128.84043356180192,0.0,321.3203332424164,91.2943290770054,0.0,0.0,0.0,0.0
0.0,0.0,0.0,15.39359766244888,1135.201916217804,263.45524114370346,864.4054214835166,0.0,0.0,0.0,770.7694134175778,0.0,0.0,497.4985329806804,19.129726535081865,3.926465898752213,919.425660574436,0.0,0.0,0.0,0.0,3332.9557525634764,0.0,0.0,0.0,711.206873178482,36.182654893398286,0.0,1591.056436228752,253.00691042542456,0.0,443.68676710128784,147.13941532373428,0.0,0.0,0.0,0.0
0.0,0.0,0.0,25.68072754144668,1407.3243117332458,286.0540991127491,1100.1254684329033,0.0,0.0,0.0,1064.3257160544392,0.0,0.0,624.5483963936567,23.470289754867554,5.400267779827118,1162.307128095627,0.0,0.0,0.0,0.0,3596.940921020508,0.0,0.0,0.0,759.6633034706116,52.47960047721863,0.0,1862.9578211426733,315.1211123764515,0.0,469.33040976524353,165.49830013513565,0.0,0.0,0.0,0.0
0.0,0.0,0.0,36.35913383960724,1555.166825056076,298.70138078927994,1229.7718931794166,0.0,0.0,0.0,1325.268629872799,0.0,0.0,737.9719370603561,26.090671759843826,6.584644198417664,1327.620830631256,0.0,0.0,0.0,0.0,3683.943798828125,0.0,0.0,0.0,772.1867582798004,61.25960463285446,0.0,1966.4658016562464,341.62883707880974,0.0,476.4394226074219,175.2353208065033,0.0,0.0,0.0,0.0
0.0,0.0,0.0,42.39920198917389,1623.3579790592194,300.78077134490013,1279.0596313655376,0.0,0.0,0.0,1412.860110193491,0.0,0.0,796.5092043578625,27.12574335336685,7.480777978897095,1420.7969695329666,0.0,0.0,0.0,0.0,3639.108364868164,0.0,0.0,0.0,754.3110362052918,65.51413202285767,0.0,1958.193859279156,349.0751475572586,0.0,470.9064905643463,178.8242582678795,0.0,0.0,0.0,0.0
0.0,0.0,0.0,42.88040256500244,1594.5217490196228,294.5946556329727,1263.368123358488,0.0,0.0,0.0,1397.9085831284524,0.0,0.0,0.0,26.777409052848817,7.755665898323059,1434.9393331050874,0.0,0.0,0.0,0.0,3489.631387329101,0.0,0.0,0.0,710.9105658054352,0.0,0.0,1895.9505559921265,344.29062192440034,0.0,456.7711011171341,0.0,0.0,0.0,0.0,0.0
0.0,0.0,0.0,37.09826469421387,1450.293428659439,274.61379170417786,1206.5969270110131,0.0,0.0,0.0,1318.693847501278,0.0,0.0,0.0,0.0,0.0,1461.5563593387603,0.0,0.0,0.0,0.0,3215.613348388672,0.0,0.0,0.0,679.0555313110351,0.0,0.0,1741.0281966805458,347.2700552225113,0.0,0.0,0.0,0.0,0.0,0.0,0.0
0.0,0.0,0.0,27.713000178337094,1234.0738554000854,0.0,1085.0019743025302,0.0,0.0,0.0,0.0,0.0,0.0,0.0,0.0,0.0,0.0,0.0,0.0,0.0,0.0,0.0,0.0,0.0,0.0,0.0,0.0,0.0,0.0,0.0,0.0,0.0,0.0,0.0,0.0,0.0,0.0
0.0,0.0,0.0,0.0,0.0,0.0,0.0,0.0,0.0,0.0,0.0,0.0,0.0,0.0,0.0,0.0,0.0,0.0,0.0,0.0,0.0,0.0,0.0,0.0,0.0,0.0,0.0,0.0,0.0,0.0,0.0,0.0,0.0,0.0,0.0,0.0,0.0
0.0,0.0,0.0,0.0,0.0,0.0,0.0,0.0,0.0,0.0,0.0,0.0,0.0,0.0,0.0,0.0,0.0,0.0,0.0,0.0,0.0,0.0,0.0,0.0,0.0,0.0,0.0,0.0,0.0,0.0,0.0,0.0,0.0,0.0,0.0,0.0,0.0
0.0,0.0,0.0,0.0,0.0,0.0,0.0,0.0,0.0,0.0,0.0,0.0,0.0,0.0,0.0,0.0,0.0,0.0,0.0,0.0,0.0,0.0,0.0,0.0,0.0,0.0,0.0,0.0,0.0,0.0,0.0,0.0,0.0,0.0,0.0,0.0,0.0
0.0,0.0,0.0,0.0,0.0,0.0,0.0,0.0,0.0,0.0,0.0,0.0,0.0,0.0,0.0,0.0,0.0,0.0,0.0,0.0,0.0,0.0,0.0,0.0,0.0,0.0,0.0,0.0,0.0,0.0,0.0,0.0,0.0,0.0,0.0,0.0,0.0
0.0,0.0,0.0,0.0,0.0,0.0,0.0,0.0,0.0,0.0,0.0,0.0,0.0,0.0,0.0,0.0,0.0,0.0,0.0,0.0,0.0,0.0,0.0,0.0,0.0,0.0,0.0,0.0,0.0,0.0,0.0,0.0,0.0,0.0,0.0,0.0,0.0
0.0,0.0,0.0,0.0,0.0,0.0,0.0,0.0,0.0,0.0,0.0,0.0,0.0,0.0,0.0,0.0,0.0,0.0,0.0,0.0,0.0,0.0,0.0,0.0,0.0,0.0,0.0,0.0,0.0,0.0,0.0,0.0,0.0,0.0,0.0,0.0,0.0
0.0,0.0,0.0,0.0,0.0,0.0,0.0,0.0,0.0,0.0,0.0,0.0,0.0,0.0,0.0,0.0,0.0,0.0,0.0,0.0,0.0,0.0,0.0,0.0,0.0,0.0,0.0,0.0,0.0,0.0,0.0,0.0,0.0,0.0,0.0,0.0,0.0
0.0,0.0,0.0,0.0,0.0,0.0,0.0,0.0,0.0,0.0,0.0,0.0,0.0,0.0,0.0,0.0,0.0,0.0,0.0,0.0,0.0,0.0,0.0,0.0,0.0,0.0,0.0,0.0,0.0,0.0,0.0,0.0,0.0,0.0,0.0,0.0,0.0
0.0,0.0,0.0,0.0,0.0,0.0,0.0,0.0,0.0,0.0,0.0,0.0,0.0,0.0,0.0,0.0,0.0,0.0,0.0,0.0,0.0,0.0,0.0,0.0,0.0,0.0,0.0,0.0,0.2283777102828025,0.0,0.0,0.0,0.0,0.0,0.0,0.0,0.0
0.0,0.0,0.0,0.0,0.0,0.0,0.0,0.0,0.0,0.0,0.0,0.0,0.0,4.886301653459586,0.0,0.0,0.0,0.0,0.0,0.0,0.0,0.0,0.0,0.0,0.0,0.0,0.598133780993521,0.0,0.4866206511853458,0.0,0.0,0.0,0.0,0.0,0.0,0.0,0.0
0.0,0.0,0.0,0.0,0.0,0.0,2.241830187290765,0.0,0.0,0.0,2.0754962559787606,0.0,0.0,4.117158469743875,0.0,0.0,0.0,0.0,0.0,0.0,0.0,0.0,0.0,0.0,0.0,2.5926596526056405,0.476674157567315,0.0,0.0,0.0,0.0,0.0,0.0,0.0,0.0,0.0,0.0
0.0,0.0,0.0,0.0,3.4191174618898086,0.2178433430380958,0.0,0.0,0.0,0.0,1.8804483203682807,0.0,0.0,1.51213906705368,0.0,0.0,0.0,0.0,0.0,0.0,0.0,0.0,0.0,0.0,0.0,2.130218362249398,0.0,0.0,0.0,0.5313998296856624,0.0,1.108637064695328,0.0,0.0,0.0,0.0,0.0
0.0,0.0,0.0,0.0858826786279628,4.612223416566729,0.0,0.0,0.0,0.0,0.0,1.6366116479968358,0.0,0.0,0.0,0.0,0.0,20.61080250740044,0.0,0.0,0.0,0.0,3.670065116882017,0.0,0.0,0.0,0.0,0.0,0.0,0.0,0.4888088822364416,0.0,1.2626067101955103,0.0,0.0,0.0,0.0,0.0
0.0,0.0,0.0,0.1693728752434226,16.151500239968094,0.6119298427365382,0.0,0.0,0.0,0.0,2.7486479595768816,0.0,0.0,19.57667299779127,0.5593360226601362,0.1559582073241465,8.310251939296524,0.0,0.0,0.0,0.0,263.11741981506304,0.0,0.0,0.0,2.1450789017602045,0.0,0.0,0.0,0.7198608182370572,0.0,3.976030170917468,1.2820967184379617,0.0,0.0,0.0,0.0
0.0,0.0,0.0,0.5172655358910516,111.29448202252374,3.0289268689230027,30.525830148719205,0.0,0.0,0.0,15.407547275861718,0.0,0.0,95.1247778534888,2.261549692600963,0.505848132073878,25.397383582592006,0.0,0.0,0.0,0.0,922.8936454772949,0.0,0.0,0.0,26.66690988540645,0.261101223900908,0.0,7.817229023575761,4.8348105989396375,0.0,32.52032406628132,9.090025901794428,0.0,0.0,0.0,0.0
0.0,0.0,0.0,3.083781242370601,321.380341887474,26.825067643076157,186.9773618236183,0.0,0.0,0.0,104.80015607699748,0.0,0.0,283.9930277317761,7.501514250040053,0.8874555379152295,172.36343439817415,0.0,0.0,0.0,0.0,1944.895803833008,0.0,0.0,0.0,151.1947939634323,4.036026496440169,0.0,127.45634148865922,36.99415369629857,0.0,159.90077799558637,35.98106145858765,0.0,0.0,0.0,0.0
0.0,0.0,0.0,8.328633040189743,676.3888473510742,135.56320765614507,475.1412958920001,0.0,0.0,0.0,341.3019301027059,0.0,0.0,545.0302393734455,15.57411846220493,1.325700007379055,468.5654282212256,0.0,0.0,0.0,0.0,2654.586334228516,0.0,0.0,0.0,417.388880443573,10.618074125051493,0.0,697.2337133228779,151.7550779223442,0.0,339.8041182756424,79.28639116883278,0.0,0.0,0.0,0.0
0.0,0.0,0.0,17.45632666349411,1114.4629364013672,229.09261560440063,825.2338608443737,0.0,0.0,0.0,752.0690533965825,0.0,0.0,841.4068561792374,22.160283905267715,1.8360237330198284,873.1933534264565,0.0,0.0,0.0,0.0,3117.928732299805,0.0,0.0,0.0,623.1627226829529,25.17449877262116,0.0,1318.0385118842123,263.69383494257926,0.0,444.5503032207489,132.1720443665981,0.0,0.0,0.0,0.0
0.0,0.0,0.0,25.21603286266327,1383.0724160671234,256.9511742591858,1062.8375560462475,0.0,0.0,0.0,1036.4689408808945,0.0,0.0,1001.8748700618744,24.464165353775023,2.9612116664648047,1125.011471939087,0.0,0.0,0.0,0.0,3321.0952423095705,0.0,0.0,0.0,684.5371638774872,42.59785005450248,0.0,1671.025038599968,317.4827748477459,0.0,470.75345385074615,154.69703096151352,0.0,0.0,0.0,0.0
0.0,0.0,0.0,31.150206804275516,1536.1098272800446,277.70470717549324,1185.712602597475,0.0,0.0,0.0,1301.710349225998,0.0,0.0,1076.784410327673,25.16255995631218,3.892049700021743,1306.936730670929,0.0,0.0,0.0,0.0,3463.232327270508,0.0,0.0,0.0,703.1288364887238,52.72288188934326,0.0,1864.6312165498732,339.14990452528,0.0,481.04035568237305,170.46805894374847,0.0,0.0,0.0,0.0
0.0,0.0,0.0,32.642093777656555,1585.9234104156494,285.8761348128319,1213.207375496626,0.0,0.0,0.0,1382.5638981819152,0.0,0.0,1095.4354760050774,24.74159132838249,4.667629927396774,1404.5826659202576,0.0,0.0,0.0,0.0,3463.095166015625,0.0,0.0,0.0,691.70296792984,56.79435119628906,0.0,1916.6070067048072,347.0385376036167,0.0,468.94503712654114,0.0,0.0,0.0,0.0,0.0
0.0,0.0,0.0,31.91995847225189,1572.7167739868164,284.4301715493202,1194.323475372791,0.0,0.0,0.0,1350.5576731562614,0.0,0.0,1084.171253144741,24.442097640037534,5.095589190721511,1431.2313154697415,0.0,0.0,0.0,0.0,3351.1808166503906,0.0,0.0,0.0,663.0588631153107,57.11735286712646,0.0,1915.2191865205764,343.7006866335869,0.0,451.28736329078674,0.0,0.0,0.0,0.0,0.0
0.0,0.0,0.0,0.0,1435.7083892822266,263.7487345337868,1126.6650895059108,0.0,0.0,0.0,1266.691902846098,0.0,0.0,0.0,0.0,0.0,1464.0875728845597,0.0,0.0,0.0,0.0,3103.1177612304687,0.0,0.0,0.0,632.455167388916,50.054354512691496,0.0,1766.496542775631,0.0,0.0,0.0,0.0,0.0,0.0,0.0,0.0
0.0,0.0,0.0,0.0,1217.9238765239716,0.0,982.4812267661094,0.0,0.0,0.0,0.0,0.0,0.0,0.0,0.0,0.0,0.0,0.0,0.0,0.0,0.0,0.0,0.0,0.0,0.0,0.0,0.0,0.0,0.0,0.0,0.0,0.0,0.0,0.0,0.0,0.0,0.0
0.0,0.0,0.0,0.0,0.0,0.0,0.0,0.0,0.0,0.0,0.0,0.0,0.0,0.0,0.0,0.0,0.0,0.0,0.0,0.0,0.0,0.0,0.0,0.0,0.0,0.0,0.0,0.0,0.0,0.0,0.0,0.0,0.0,0.0,0.0,0.0,0.0
0.0,0.0,0.0,0.0,0.0,0.0,0.0,0.0,0.0,0.0,0.0,0.0,0.0,0.0,0.0,0.0,0.0,0.0,0.0,0.0,0.0,0.0,0.0,0.0,0.0,0.0,0.0,0.0,0.0,0.0,0.0,0.0,0.0,0.0,0.0,0.0,0.0
0.0,0.0,0.0,0.0,0.0,0.0,0.0,0.0,0.0,0.0,0.0,0.0,0.0,0.0,0.0,0.0,0.0,0.0,0.0,0.0,0.0,0.0,0.0,0.0,0.0,0.0,0.0,0.0,0.0,0.0,0.0,0.0,0.0,0.0,0.0,0.0,0.0
0.0,0.0,0.0,0.0,0.0,0.0,0.0,0.0,0.0,0.0,0.0,0.0,0.0,0.0,0.0,0.0,0.0,0.0,0.0,0.0,0.0,0.0,0.0,0.0,0.0,0.0,0.0,0.0,0.0,0.0,0.0,0.0,0.0,0.0,0.0,0.0,0.0
0.0,0.0,0.0,0.0,0.0,0.0,0.0,0.0,0.0,0.0,0.0,0.0,0.0,0.0,0.0,0.0,0.0,0.0,0.0,0.0,0.0,0.0,0.0,0.0,0.0,0.0,0.0,0.0,0.0,0.0,0.0,0.0,0.0,0.0,0.0,0.0,0.0
0.0,0.0,0.0,0.0,0.0,0.0,0.0,0.0,0.0,0.0,0.0,0.0,0.0,0.0,0.0,0.0,0.0,0.0,0.0,0.0,0.0,0.0,0.0,0.0,0.0,0.0,0.0,0.0,0.0,0.0,0.0,0.0,0.0,0.0,0.0,0.0,0.0
0.0,0.0,0.0,0.0,0.0,0.0,0.0,0.0,0.0,0.0,0.0,0.0,0.0,0.0,0.0,0.0,0.0,0.0,0.0,0.0,0.0,0.0,0.0,0.0,0.0,0.0,0.0,0.0,0.0,0.0,0.0,0.0,0.0,0.0,0.0,0.0,0.0
0.0,0.0,0.0,0.0,0.0,0.0,0.0,0.0,0.0,0.0,0.0,0.0,0.0,0.0,0.0,0.0,0.0,0.0,0.0,0.0,0.0,0.0,0.0,0.0,0.0,0.0,0.0,0.0,0.0,0.0,0.0,0.0,0.0,0.0,0.0,0.0,0.0
0.0,0.0,0.0,0.0,0.0,0.0,0.0,0.0,0.0,0.0,0.0,0.0,0.0,0.0,0.0,0.0,0.0,0.0,0.0,0.0,0.0,0.0,0.0,0.0,0.0,0.0,0.0,0.0,0.0,0.0,0.0,0.0,0.0,0.0,0.0,0.0,0.0
0.0,0.0,0.0,0.0,0.0,0.0,0.0,0.0,0.0,0.0,0.0,0.0,0.0,1.6303481953217454,0.0,0.0,0.0,0.0,0.0,0.0,0.0,0.0,0.0,0.0,0.0,0.0,0.0,0.0,0.0,0.0,0.0,0.0,0.0,0.0,0.0,0.0,0.0
0.0,0.0,0.0,0.0,0.0,0.0,0.0,0.0,0.0,0.0,0.0,0.0,0.0,2.6017132913693515,0.0,0.0,0.0,0.0,0.0,0.0,0.0,0.0,0.0,0.0,0.0,0.0,0.0,0.0,0.0,0.0,0.0,1.1949512064456624,0.0,0.0,0.0,0.0,0.0
0.0,0.0,0.0,0.0,2.75720594450824,0.1713450299575889,0.0,0.0,0.0,0.0,1.9934100116137128,0.0,0.0,1.316165192983898,0.0,0.0,8.76302918195706,0.0,0.0,0.0,0.0,0.0,0.0,0.0,0.0,0.0,0.68020674213767,0.0,0.0,0.0,0.0,1.2871948480605548,0.0,0.0,0.0,0.0,0.0
0.0,0.0,0.0,0.1649243738502206,4.465677846223061,0.0,0.0,0.0,0.0,0.0,1.7443541480227875,0.0,0.0,0.0,0.0679647088050828,0.0,16.600402235984742,0.0,0.0,0.0,0.0,0.0,0.0,0.0,0.0,0.0,0.0,0.0,0.0,0.5925272993743173,0.0,1.486591100692729,0.0,0.0,0.0,0.0,0.0
0.0,0.0,0.0,0.404411222785708,13.068312529474351,0.6755626588128352,0.0,0.0,0.0,0.0,4.368772430438512,0.0,0.0,11.04053825372828,0.1143753200769418,0.0,6.906323802471012,0.0,0.0,0.0,0.0,198.3317455291748,0.0,0.0,0.0,0.0,0.1570438247173958,0.0,0.6981905788182752,0.9508746795355932,0.0,3.4666942059993167,1.3451300598680889,0.0,0.0,0.0,0.0
0.0,0.0,0.0,0.9557850733399368,79.6460936665534,2.736641065217515,17.348823355883276,0.0,0.0,0.0,21.324718970339667,0.0,0.0,50.71096205152565,0.3918838027864687,0.1879447223618614,19.27888482809056,0.0,0.0,0.0,0.0,755.9879539489746,0.0,0.0,0.0,23.389436885714478,2.801415509358044,0.0,54.90632327273471,4.686799588054415,0.0,36.07698116451496,10.370666272938246,0.0,0.0,0.0,0.0
0.0,0.0,0.0,2.976414613425728,257.60208898782724,20.86067210882901,145.27008161470297,0.0,0.0,0.0,131.08094316795467,0.0,0.0,171.3302113302051,2.2245892010629165,0.6996313668787468,158.17706784009923,0.0,0.0,0.0,0.0,1864.832470703125,0.0,0.0,0.0,148.0283319234848,9.68254562169313,0.0,406.61949355304216,34.631817595660664,0.0,171.9106256365776,42.5811739116907,0.0,0.0,0.0,0.0
0.0,0.0,0.0,7.08572171628475,593.615807056427,108.39239439368244,433.104098445177,0.0,0.0,0.0,392.8498920023441,0.0,0.0,389.8792263865471,6.13464135825634,1.5450498089194298,439.9523946762085,0.0,0.0,0.0,0.0,2641.936264038086,0.0,0.0,0.0,420.7211809396743,23.99471796154976,0.0,974.961979484558,140.17800201773642,0.0,358.41216266155243,95.49526312947272,0.0,0.0,0.0,0.0
0.0,0.0,0.0,13.527423352003092,1066.489872455597,207.90787787735465,781.1424749851227,0.0,0.0,0.0,824.4729627430439,0.0,0.0,656.4034219831228,11.829733943939209,2.477255567908286,833.6675793647765,0.0,0.0,0.0,0.0,3152.678332519531,0.0,0.0,0.0,638.8693821907043,45.50735269188881,0.0,1526.4562734007836,253.75868077278136,0.0,457.0650464296341,149.23640698194504,0.0,0.0,0.0,0.0
0.0,0.0,0.0,21.43968945741653,1394.1669895648956,233.41842287778852,1037.4590768277644,0.0,0.0,0.0,1114.7285157769916,0.0,0.0,824.916587471962,16.20898365676403,3.936841666698456,1083.9066770792008,0.0,0.0,0.0,0.0,3394.9184173583985,0.0,0.0,0.0,700.6712726116181,58.96737209558487,0.0,1831.0159654140475,304.9029870212078,0.0,474.7293584346771,169.22646188735962,0.0,0.0,0.0,0.0
0.0,0.0,0.0,29.333817183971405,1584.875072479248,254.53943464159968,1189.4242310225964,0.0,0.0,0.0,1349.646045947075,0.0,0.0,928.7023071944714,18.969179105758663,5.192894995212554,1270.6448083639143,0.0,0.0,0.0,0.0,3502.7184722900392,0.0,0.0,0.0,704.2145790576935,0.0,0.0,1976.809970843792,326.50256631970404,0.0,477.3587911128998,179.02043318748474,0.0,0.0,0.0,0.0
0.0,0.0,0.0,35.187775015830994,1678.8918902873993,266.1082585155964,1268.381242477894,0.0,0.0,0.0,1432.601273995638,0.0,0.0,969.5341135561466,21.37905796766281,6.050619333982468,1376.8985366344452,0.0,0.0,0.0,0.0,3466.0871826171874,0.0,0.0,0.0,686.569808769226,0.0,0.0,2066.769778966904,334.9251590192318,0.0,465.4836086034775,182.5735691189766,0.0,0.0,0.0,0.0
0.0,0.0,0.0,0.0,1689.6103637218475,268.3976559937,0.0,0.0,0.0,0.0,1408.1571336448192,0.0,0.0,970.7249054312706,0.0,6.347607821226119,1396.4587831735612,0.0,0.0,0.0,0.0,3331.313348388672,0.0,0.0,0.0,672.1410286426544,0.0,0.0,0.0,334.14780247211456,0.0,445.3078798055649,0.0,0.0,0.0,0.0,0.0
0.0,0.0,0.0,0.0,0.0,0.0,0.0,0.0,0.0,0.0,0.0,0.0,0.0,0.0,0.0,5.530190944671631,1422.2732145547866,0.0,0.0,0.0,0.0,0.0,0.0,0.0,0.0,0.0,0.0,0.0,0.0,342.2439836800098,0.0,397.77970004081726,0.0,0.0,0.0,0.0,0.0
0.0,0.0,0.0,0.0,0.0,0.0,0.0,0.0,0.0,0.0,0.0,0.0,0.0,0.0,0.0,0.0,0.0,0.0,0.0,0.0,0.0,0.0,0.0,0.0,0.0,0.0,0.0,0.0,0.0,0.0,0.0,337.69178104400635,0.0,0.0,0.0,0.0,0.0
0.0,0.0,0.0,0.0,0.0,0.0,0.0,0.0,0.0,0.0,0.0,0.0,0.0,0.0,0.0,0.0,0.0,0.0,0.0,0.0,0.0,0.0,0.0,0.0,0.0,0.0,0.0,0.0,0.0,0.0,0.0,0.0,0.0,0.0,0.0,0.0,0.0
0.0,0.0,0.0,0.0,0.0,0.0,0.0,0.0,0.0,0.0,0.0,0.0,0.0,0.0,0.0,0.0,0.0,0.0,0.0,0.0,0.0,0.0,0.0,0.0,0.0,0.0,0.0,0.0,0.0,0.0,0.0,0.0,0.0,0.0,0.0,0.0,0.0
0.0,0.0,0.0,0.0,0.0,0.0,0.0,0.0,0.0,0.0,0.0,0.0,0.0,0.0,0.0,0.0,0.0,0.0,0.0,0.0,0.0,0.0,0.0,0.0,0.0,0.0,0.0,0.0,0.0,0.0,0.0,0.0,0.0,0.0,0.0,0.0,0.0
0.0,0.0,0.0,0.0,0.0,0.0,0.0,0.0,0.0,0.0,0.0,0.0,0.0,0.0,0.0,0.0,0.0,0.0,0.0,0.0,0.0,0.0,0.0,0.0,0.0,0.0,0.0,0.0,0.0,0.0,0.0,0.0,0.0,0.0,0.0,0.0,0.0
0.0,0.0,0.0,0.0,0.0,0.0,0.0,0.0,0.0,0.0,0.0,0.0,0.0,0.0,0.0,0.0,0.0,0.0,0.0,0.0,0.0,0.0,0.0,0.0,0.0,0.0,0.0,0.0,0.0,0.0,0.0,0.0,0.0,0.0,0.0,0.0,0.0
0.0,0.0,0.0,0.0,0.0,0.0,0.0,0.0,0.0,0.0,0.0,0.0,0.0,0.0,0.0,0.0,0.0,0.0,0.0,0.0,0.0,0.0,0.0,0.0,0.0,0.0,0.0,0.0,0.0,0.0,0.0,0.0,0.0,0.0,0.0,0.0,0.0
0.0,0.0,0.0,0.0,0.0,0.0,0.0,0.0,0.0,0.0,0.0,0.0,0.0,0.0,0.0,0.0,0.0,0.0,0.0,0.0,0.0,0.0,0.0,0.0,0.0,0.0,0.0,0.0,0.0,0.0,0.0,0.0,0.0,0.0,0.0,0.0,0.0
0.0,0.0,0.0,0.0,0.0,0.0,0.0,0.0,0.0,0.0,0.0,0.0,0.0,0.0,0.0,0.0,0.0,0.0,0.0,0.0,0.0,0.0,0.0,0.0,0.0,0.0,0.0,0.0,0.0,0.0,0.0,0.0,0.0,0.0,0.0,0.0,0.0
0.0,0.0,0.0,0.0,0.0,0.0,0.0,0.0,0.0,0.0,0.0,0.0,0.0,0.0,0.0,0.0,0.0,0.0,0.0,0.0,0.0,0.0,0.0,0.0,0.0,0.0,0.0,0.0,0.0104263231158256,0.0,0.0,0.0,0.0,0.0,0.0,0.0,0.0
0.0,0.0,0.0,0.0,0.0,0.0,0.0,0.0,0.0,0.0,0.0,0.0,0.0,0.0,0.0,0.0,0.0,0.0,0.0,0.0,0.0,0.0,0.0,0.0,0.0,0.0,0.0,0.0,0.0,0.4282935366034275,0.0,0.0,0.0,0.0,0.0,0.0,0.0
0.0,0.0,0.0,0.0,0.0,0.534653462935202,0.0,0.0,0.0,0.0,0.0,0.0,0.0,2.6051929593085825,0.1363473191857315,0.0,0.0,0.0,0.0,0.0,0.0,0.0,0.0,0.0,0.0,0.0,1.9156146757304573,0.0,0.0,0.4696485206484702,0.0,0.0,0.0,0.0,0.0,0.0,0.0
0.0,0.0,0.0,0.2083386778831475,3.2009574323892065,0.3236023774370479,0.0,0.0,0.0,0.0,1.8869738986714784,0.0,0.0,1.8496440956367528,0.0893046252429478,0.0,9.692914009094054,0.0,0.0,0.0,0.0,7.471333122253204,0.0,0.0,0.0,0.0,1.2184808226302182,0.0,0.0,0.4706677511334211,0.0,1.0896958559751262,0.0,0.0,0.0,0.0,0.0
0.0,0.0,0.0,0.133122274652122,4.0504026636480654,0.0,0.0,0.0,0.0,0.0,1.640567892417307,0.0,0.0,0.4353909613563608,0.0357326768338651,0.0,15.873801398277251,0.0,0.0,0.0,0.0,21.6224533081052,0.0,0.0,0.0,0.0,0.8202178243547593,0.0,0.0,0.4980141736566899,0.0,1.2560717016458312,0.0,0.0,0.0,0.0,0.0
0.0,0.0,0.0,0.2269846089184228,13.976443583145665,0.6629299912601301,0.0,0.0,0.0,0.0,2.2839121444150567,0.0,0.0,8.679922134615476,0.2269630517810561,0.0878958636894818,4.945494365692013,0.0,0.0,0.0,0.0,244.23255577087363,0.0,0.0,0.0,0.0,0.9993991842493364,0.0,0.0,0.8111932419240099,0.0,3.602969542145709,1.3576223924755972,0.0,0.0,0.0,0.0
0.0,0.0,0.0,0.6311260610818837,106.25864154100404,8.69362058863042,12.68885428458448,0.0,0.0,0.0,11.260187854990312,0.0,0.0,41.35535270441313,1.4219452846795306,0.507509287446737,15.093759608268682,0.0,0.0,0.0,0.0,934.0845779418944,0.0,0.0,0.0,33.18574275076388,4.589552582055324,0.0,33.27171262502654,5.098533558100439,0.0,31.67933753877873,9.617100827395916,0.0,0.0,0.0,0.0
0.0,0.0,0.0,3.1192941889166788,315.4459508061408,61.35306598246096,144.23007903248055,0.0,0.0,0.0,89.52651824504117,0.0,0.0,149.51448582112778,5.457776793837545,1.110259667038917,140.08191236257545,0.0,0.0,0.0,0.0,1989.355606079101,0.0,0.0,0.0,187.22177866697308,13.358133167028424,0.0,355.1768792510031,35.433120201528055,0.0,157.0097117424011,39.631874442100525,0.0,0.0,0.0,0.0
0.0,0.0,0.0,8.614574193954466,690.3125585317612,194.5463704019785,439.8205338776112,0.0,0.0,0.0,324.3749847203493,0.0,0.0,366.346382908523,13.361402320861815,2.121159568428993,404.7283108472823,0.0,0.0,0.0,0.0,2762.9812072753907,0.0,0.0,0.0,503.4853375434876,32.43363998532295,0.0,1052.562490946054,144.3245596587658,0.0,344.25283992290497,91.5374738574028,0.0,0.0,0.0,0.0
0.0,0.0,0.0,17.78217262029648,1161.6945207118988,279.56882134079933,826.065346121788,0.0,0.0,0.0,704.8768848180771,0.0,0.0,618.4022842347622,20.942712235450745,3.171221107244492,776.7151520133017,0.0,0.0,0.0,0.0,3278.575796508789,0.0,0.0,0.0,722.6422705173493,53.574723875522615,0.0,1627.962085711956,257.6427924215794,0.0,455.5071219205856,146.4454681575298,0.0,0.0,0.0,0.0
0.0,0.0,0.0,28.968205928802487,1445.602646112442,303.2532695233822,1091.7213110029695,0.0,0.0,0.0,954.7388220846652,0.0,0.0,769.41934928298,25.691132748126986,4.326890110969543,1023.8198643326758,0.0,0.0,0.0,0.0,3496.5255737304688,0.0,0.0,0.0,767.9218486309052,65.89719898700714,0.0,1907.9489565730096,313.07440384030343,0.0,449.453039765358,163.73763328790665,0.0,0.0,0.0,0.0
0.0,0.0,0.0,37.04185307025909,1612.224559545517,317.58475828170776,1230.6691103100777,0.0,0.0,0.0,1174.007000464201,0.0,0.0,867.4318361282349,28.213906753063203,5.281636655330658,1200.5091967344283,0.0,0.0,0.0,0.0,3579.822381591797,0.0,0.0,0.0,771.9072474002838,72.60815806388855,0.0,2041.731209445,336.6248137176037,0.0,430.74675047397614,175.78252536058426,0.0,0.0,0.0,0.0
0.0,0.0,0.0,41.94973087310791,1676.9792284965515,320.04208678007126,1283.4847903907298,0.0,0.0,0.0,1216.4639831125735,0.0,0.0,888.7841483950615,28.460463452339173,6.126017510890961,1297.3091470003128,0.0,0.0,0.0,0.0,3534.97282409668,0.0,0.0,0.0,752.4393038749695,73.9374553322792,0.0,2057.578592252731,341.1180971682072,0.0,412.5035183429718,179.56068700551987,0.0,0.0,0.0,0.0
0.0,0.0,0.0,43.51691710948944,1658.9289479255676,313.0967418849468,1281.9498382866382,0.0,0.0,0.0,1143.801652812958,0.0,0.0,881.6947531700134,27.32490300536156,6.41536083817482,1316.6850467681884,0.0,0.0,0.0,0.0,3388.1277130126955,0.0,0.0,0.0,722.2204739570618,71.45966540575027,0.0,1992.03656526804,337.296662336588,0.0,399.23615026474,175.44766753911972,0.0,0.0,0.0,0.0
0.0,0.0,0.0,37.60056281089783,1520.394595861435,297.45342177152634,0.0,0.0,0.0,0.0,1033.2830601036546,0.0,0.0,0.0,24.85139431357384,5.541536062955856,1351.4264460325242,0.0,0.0,0.0,0.0,3110.130911254883,0.0,0.0,0.0,0.0,0.0,0.0,1806.7412860512732,341.26791233420374,0.0,354.1300411224365,0.0,0.0,0.0,0.0,0.0
0.0,0.0,0.0,27.71422892808914,0.0,257.79165437817574,0.0,0.0,0.0,0.0,0.0,0.0,0.0,0.0,20.845579147338867,0.0,1304.1272809743882,0.0,0.0,0.0,0.0,0.0,0.0,0.0,0.0,0.0,0.0,0.0,0.0,329.0598976135254,0.0,0.0,0.0,0.0,0.0,0.0,0.0
0.0,0.0,0.0,0.0,0.0,0.0,0.0,0.0,0.0,0.0,0.0,0.0,0.0,0.0,0.0,0.0,0.0,0.0,0.0,0.0,0.0,0.0,0.0,0.0,0.0,0.0,0.0,0.0,0.0,0.0,0.0,0.0,0.0,0.0,0.0,0.0,0.0
0.0,0.0,0.0,0.0,0.0,0.0,0.0,0.0,0.0,0.0,0.0,0.0,0.0,0.0,0.0,0.0,0.0,0.0,0.0,0.0,0.0,0.0,0.0,0.0,0.0,0.0,0.0,0.0,0.0,0.0,0.0,0.0,0.0,0.0,0.0,0.0,0.0
0.0,0.0,0.0,0.0,0.0,0.0,0.0,0.0,0.0,0.0,0.0,0.0,0.0,0.0,0.0,0.0,0.0,0.0,0.0,0.0,0.0,0.0,0.0,0.0,0.0,0.0,0.0,0.0,0.0,0.0,0.0,0.0,0.0,0.0,0.0,0.0,0.0
0.0,0.0,0.0,0.0,0.0,0.0,0.0,0.0,0.0,0.0,0.0,0.0,0.0,0.0,0.0,0.0,0.0,0.0,0.0,0.0,0.0,0.0,0.0,0.0,0.0,0.0,0.0,0.0,0.0,0.0,0.0,0.0,0.0,0.0,0.0,0.0,0.0
0.0,0.0,0.0,0.0,0.0,0.0,0.0,0.0,0.0,0.0,0.0,0.0,0.0,0.0,0.0,0.0,0.0,0.0,0.0,0.0,0.0,0.0,0.0,0.0,0.0,0.0,0.0,0.0,0.0,0.0,0.0,0.0,0.0,0.0,0.0,0.0,0.0
0.0,0.0,0.0,0.0,0.0,0.0,0.0,0.0,0.0,0.0,0.0,0.0,0.0,0.0,0.0,0.0,0.0,0.0,0.0,0.0,0.0,0.0,0.0,0.0,0.0,0.0,0.0,0.0,0.0,0.0,0.0,0.0,0.0,0.0,0.0,0.0,0.0
0.0,0.0,0.0,0.0,0.0,0.0,0.0,0.0,0.0,0.0,0.0,0.0,0.0,0.0,0.0,0.0,0.0,0.0,0.0,0.0,0.0,0.0,0.0,0.0,0.0,0.0,0.0,0.0,0.0,0.0,0.0,0.0,0.0,0.0,0.0,0.0,0.0
0.0,0.0,0.0,0.0,0.0,0.0,0.0,0.0,0.0,0.0,0.0,0.0,0.0,0.0,0.0,0.0,0.0,0.0,0.0,0.0,0.0,0.0,0.0,0.0,0.0,0.0,0.0,0.0,0.0,0.0,0.0,0.0,0.0,0.0,0.0,0.0,0.0
0.0,0.0,0.0,0.0,0.0,0.0,0.0,0.0,0.0,0.0,0.0,0.0,0.0,0.0,0.0,0.0,0.0,0.0,0.0,0.0,0.0,0.0,0.0,0.0,0.0,0.0,0.0,0.0,0.0057138606905937,0.0,0.0,0.0,0.0,0.0,0.0,0.0,0.0
0.0,0.0,0.0,0.0,2.900143202394152,0.0,0.0,0.0,0.0,0.0,0.0,0.0,0.0,0.0,0.0,0.0,0.0,0.0,0.0,0.0,0.0,0.0,0.0,0.0,0.0,0.0,0.5760167319327576,0.0,0.2390789270401,0.0,0.0,0.0,0.0,0.0,0.0,0.0,0.0
0.0,0.0,0.0,0.3894106019288287,3.307035118341389,0.4431858640163744,3.7967965073883168,0.0,0.0,0.0,2.0337512023745723,0.0,0.0,7.973831216804596,0.1267874937504524,0.0,0.0,0.0,0.0,0.0,0.0,19.742401981353503,0.0,0.0,0.0,0.0,0.5694758990779428,0.0,0.0,0.0,0.0,0.8693355470895326,0.0,0.0,0.0,0.0,0.0
0.0,0.0,0.0,0.3833745419979038,4.063294842839104,0.1659250296652005,0.0,0.0,0.0,0.0,1.875629627378578,0.0,0.0,5.416730511933443,0.0958058975636942,0.0,0.0,0.0,0.0,0.0,0.0,8.786230850219688,0.0,0.0,0.0,0.0,0.2138834692537747,0.0,0.0,0.5511342406272737,0.0,0.9567844569682492,0.0,0.0,0.0,0.0,0.0
0.0,0.0,0.0,0.1989527735859132,5.346378039568593,0.0,0.0,0.0,0.0,0.0,1.6441469480282935,0.0,0.0,2.066569952294208,0.0432457521557805,0.0,18.5755111932753,0.0,0.0,0.0,0.0,0.0,0.0,0.0,0.0,0.0,0.0,0.0,0.0,0.4913393855094747,0.0,1.0481086224317169,0.0,0.0,0.0,0.0,0.0
0.0,0.0,0.0,0.2171600386500318,13.128010295331276,0.5519942203536526,0.0,0.0,0.0,0.0,4.384697002917412,0.0,0.0,21.79850357118993,0.1998856186866735,0.0241822907701128,8.386552381515346,0.0,0.0,0.0,0.0,105.45382509231555,0.0,0.0,0.0,0.0,0.0,0.0,0.0,0.79307554140686,0.0,2.9564297944306985,1.7409315267577574,0.0,0.0,0.0,0.0
0.0,0.0,0.0,0.5049421228468364,75.91784571111201,3.102924801409228,17.225428801029842,0.0,0.0,0.0,24.78087460072705,0.0,0.0,88.34467759355901,0.8632939092814893,0.314961882308125,22.43907141685473,0.0,0.0,0.0,0.0,496.8921768188476,0.0,0.0,0.0,31.854331275820694,1.0845160713419235,0.0,21.422736373543497,2.941991221904716,0.0,25.47848007827992,11.230659406632164,0.0,0.0,0.0,0.0
0.0,0.0,0.0,2.6696643978357257,244.04481366276733,27.875122215598783,153.4274272687733,0.0,0.0,0.0,142.6437720663845,0.0,0.0,280.001179985702,4.39696737974882,0.7460233233869065,165.5246472120284,0.0,0.0,0.0,0.0,1256.011956787109,0.0,0.0,0.0,173.78753130435945,6.165778157114983,0.0,239.05505056381207,22.38484366834161,0.0,132.2334086894989,38.193897262215614,0.0,0.0,0.0,0.0
0.0,0.0,0.0,7.3830708414316115,545.1694649457932,139.4440110325813,439.7300505816936,0.0,0.0,0.0,401.76293984949575,0.0,0.0,542.8185476362704,11.608967891335489,1.2397805824875825,456.5880054295062,0.0,0.0,0.0,0.0,2215.884072875976,0.0,0.0,0.0,456.00439591407775,16.973931249976157,0.0,701.6582442939282,94.57067123651504,0.0,330.66479444503784,78.86159291863441,0.0,0.0,0.0,0.0
0.0,0.0,0.0,15.549696922302244,945.2843749523164,235.69738787412643,773.2047870516777,0.0,0.0,0.0,844.4283358842134,0.0,0.0,834.4120578467846,19.066416800022125,1.812741503119468,846.2999908924102,0.0,0.0,0.0,0.0,2801.220407104492,0.0,0.0,0.0,644.0009801387787,38.001008439064016,0.0,1212.9758114755157,230.0828001081944,0.0,434.80134427547455,131.48705631494522,0.0,0.0,0.0,0.0
0.0,0.0,0.0,25.27004796266556,1246.1810739040377,259.24014592170715,1022.4337724864484,0.0,0.0,0.0,1151.6260235667228,0.0,0.0,975.6198166310788,22.885980713367463,3.066142484545707,1087.4383150577546,0.0,0.0,0.0,0.0,3018.9697387695314,0.0,0.0,0.0,714.2982355117798,52.26819546222687,0.0,1540.2254602789878,299.2436101734638,0.0,442.8977220058441,148.5199572443962,0.0,0.0,0.0,0.0
0.0,0.0,0.0,32.55186104774475,1435.071592092514,277.92948457598686,1170.054368507862,0.0,0.0,0.0,1365.8401092350482,0.0,0.0,1056.980063766241,24.438434332609177,4.263795554637909,1255.8321040391922,0.0,0.0,0.0,0.0,3097.4265197753907,0.0,0.0,0.0,730.8137107849121,61.4159722328186,0.0,1722.853171598911,326.103660595417,0.0,438.0560207366944,161.01748543977735,0.0,0.0,0.0,0.0
0.0,0.0,0.0,35.72644782066345,1508.8810403347015,284.92105707526207,1224.6279450058937,0.0,0.0,0.0,1412.4348107397557,0.0,0.0,1085.485321432352,24.97834433913231,4.98286908864975,1361.7770759820935,0.0,0.0,0.0,0.0,3063.6177642822267,0.0,0.0,0.0,714.9297190666199,64.8193307518959,0.0,1763.8253619909287,339.0474660038948,0.0,426.471518278122,166.2236915230751,0.0,0.0,0.0,0.0
0.0,0.0,0.0,34.55083179473877,1471.6340172290802,281.88728073239326,1209.326838874817,0.0,0.0,0.0,1338.8814672350884,0.0,0.0,0.0,24.4230174779892,5.363591313362121,1384.6528678417203,0.0,0.0,0.0,0.0,2921.316357421875,0.0,0.0,0.0,672.1655773639679,63.704125106334686,0.0,1723.1495854854584,336.89056342244146,0.0,410.4537234306336,0.0,0.0,0.0,0.0,0.0
0.0,0.0,0.0,26.98499274253845,1307.6516149044037,259.02287352085114,1140.238037216663,0.0,0.0,0.0,1221.970770204067,0.0,0.0,0.0,21.89069083929062,0.0,1420.575483751297,0.0,0.0,0.0,0.0,2692.694076538086,0.0,0.0,0.0,642.4945177078247,0.0,0.0,1519.822225880623,342.1152560412884,0.0,363.540812253952,0.0,0.0,0.0,0.0,0.0
0.0,0.0,0.0,18.54283893108368,1056.092383146286,213.95310185849667,999.6977137684822,0.0,0.0,0.0,933.595227909088,0.0,0.0,0.0,16.755604147911072,0.0,0.0,0.0,0.0,0.0,0.0,2109.3013580322267,0.0,0.0,0.0,577.7729444980621,0.0,0.0,0.0,0.0,0.0,0.0,0.0,0.0,0.0,0.0,0.0
0.0,0.0,0.0,0.0,0.0,0.0,0.0,0.0,0.0,0.0,0.0,0.0,0.0,0.0,0.0,0.0,0.0,0.0,0.0,0.0,0.0,0.0,0.0,0.0,0.0,0.0,0.0,0.0,0.0,0.0,0.0,0.0,0.0,0.0,0.0,0.0,0.0
0.0,0.0,0.0,0.0,0.0,0.0,0.0,0.0,0.0,0.0,0.0,0.0,0.0,0.0,0.0,0.0,0.0,0.0,0.0,0.0,0.0,0.0,0.0,0.0,0.0,0.0,0.0,0.0,0.0,0.0,0.0,0.0,0.0,0.0,0.0,0.0,0.0
0.0,0.0,0.0,0.0,0.0,0.0,0.0,0.0,0.0,0.0,0.0,0.0,0.0,0.0,0.0,0.0,0.0,0.0,0.0,0.0,0.0,0.0,0.0,0.0,0.0,0.0,0.0,0.0,0.0,0.0,0.0,0.0,0.0,0.0,0.0,0.0,0.0
0.0,0.0,0.0,0.0,0.0,0.0,0.0,0.0,0.0,0.0,0.0,0.0,0.0,0.0,0.0,0.0,0.0,0.0,0.0,0.0,0.0,0.0,0.0,0.0,0.0,0.0,0.0,0.0,0.0,0.0,0.0,0.0,0.0,0.0,0.0,0.0,0.0
0.0,0.0,0.0,0.0,0.0,0.0,0.0,0.0,0.0,0.0,0.0,0.0,0.0,0.0,0.0,0.0,0.0,0.0,0.0,0.0,0.0,0.0,0.0,0.0,0.0,0.0,0.0,0.0,0.0,0.0,0.0,0.0,0.0,0.0,0.0,0.0,0.0
0.0,0.0,0.0,0.0,0.0,0.0,0.0,0.0,0.0,0.0,0.0,0.0,0.0,0.0,0.0,0.0,0.0,0.0,0.0,0.0,0.0,0.0,0.0,0.0,0.0,0.0,0.0,0.0,0.0,0.0,0.0,0.0,0.0,0.0,0.0,0.0,0.0
0.0,0.0,0.0,0.0,0.0,0.0,0.0,0.0,0.0,0.0,0.0,0.0,0.0,0.0,0.0,0.0,0.0,0.0,0.0,0.0,0.0,0.0,0.0,0.0,0.0,0.0,0.0,0.0,0.0,0.0,0.0,0.0,0.0,0.0,0.0,0.0,0.0
0.0,0.0,0.0,0.0,0.0,0.0,0.0,0.0,0.0,0.0,0.0,0.0,0.0,0.0,0.0,0.0,0.0,0.0,0.0,0.0,0.0,0.0,0.0,0.0,0.0,0.0,0.0,0.0,0.0,0.0,0.0,0.0,0.0,0.0,0.0,0.0,0.0
0.0,0.0,0.0,0.0,0.0,0.0,0.0,0.0,0.0,0.0,0.0,0.0,0.0,0.0,0.0,0.0,0.0,0.0,0.0,0.0,0.0,0.0,0.0,0.0,0.0,0.0,0.0,0.0,0.0877303421497344,0.0,0.0,0.0,0.0,0.0,0.0,0.0,0.0
0.0,0.0,0.0,0.0,2.337875105440446,0.0,0.0,0.0,0.0,0.0,0.0,0.0,0.0,0.0,0.0,0.0025045908987515,0.0,0.0,0.0,0.0,0.0,15.063751792907611,0.0,0.0,0.0,3.69218900687989,0.0,0.0,0.3438526749610108,0.0,0.0,0.0,0.0,0.0,0.0,0.0,0.0
0.0,0.0,0.0,0.0,2.800986539572281,0.0,0.0,0.0,0.0,0.0,0.0,0.0,0.0,14.088752975221654,0.0,0.0,0.0,0.0,0.0,0.0,0.0,17.883170986175475,0.0,0.0,0.0,0.0,0.5555301582440658,0.0,0.0,0.0,0.0,0.0,0.2034285496920079,0.0,0.0,0.0,0.0
0.0,0.0,0.0,0.4407106153666958,3.479138419032,0.0,0.0,0.0,0.0,0.0,1.957751895394016,0.0,0.0,10.129035965073715,0.0891375169157951,0.0,7.397159337997387,0.0,0.0,0.0,0.0,3.468066310882478,0.0,0.0,0.0,0.0,0.082000436633822,0.0,0.0,0.4523098871111734,0.0,1.0720822811126582,0.0,0.0,0.0,0.0,0.0
0.0,0.0,0.0,0.226275825873012,5.0521084330974935,0.0,0.0,0.0,0.0,0.0,1.7539184271822574,0.0,0.0,4.560894374735563,0.0278422348201241,0.0,15.369850766658589,0.0,0.0,0.0,0.0,0.0,0.0,0.0,0.0,0.0,0.3662987120449527,0.0,0.0,0.4147096544504061,0.0,1.325373291969297,0.0,0.0,0.0,0.0,0.0
0.0,0.0,0.0,0.3166180346161084,16.47143202275033,1.5442397533915615,0.0,0.0,0.0,0.0,8.094451714912395,0.0,0.0,22.92077472433446,0.0822978436946854,0.0244797524064768,7.212199711799498,0.0,0.0,0.0,0.0,75.30197029113754,0.0,0.0,0.0,0.0,1.84418214857578,0.0,0.0,0.7280673809349522,0.0,3.429125756025277,1.4003552841022364,0.0,0.0,0.0,0.0
0.0,0.0,0.0,0.7545148245990272,110.17198351025564,4.731386635452506,55.46407311335203,0.0,0.0,0.0,36.431438039988194,0.0,0.0,90.64649358391756,0.447474126890301,0.3196489885449406,28.341171085834382,0.0,0.0,0.0,0.0,473.6340755462644,0.0,0.0,0.0,53.409097805619176,6.940568932890889,0.0,45.65235281437624,2.97675928249952,0.0,17.942321226000782,8.250521503388855,0.0,0.0,0.0,0.0
0.0,0.0,0.0,2.8591489270329435,334.50704759359354,18.35805745795366,293.3064542740583,0.0,0.0,0.0,148.60059202611427,0.0,0.0,251.1050159111618,2.829773707687854,0.7322054803371425,173.3273939609527,0.0,0.0,0.0,0.0,1359.3470733642578,0.0,0.0,0.0,263.51644546985625,19.18166587352752,0.0,451.8327037751675,19.92564113251865,0.0,103.11473822593688,35.20027811825275,0.0,0.0,0.0,0.0
0.0,0.0,0.0,7.526101931929588,712.11620926857,67.61022636294365,625.6356885373592,0.0,0.0,0.0,368.98558832705015,0.0,0.0,491.21143594384193,7.667647647857664,1.3632708564400666,463.1862776875494,0.0,0.0,0.0,0.0,2287.5612854003907,0.0,0.0,0.0,554.6912246227264,43.15655327439308,0.0,1109.8518181085587,87.8929542660713,0.0,300.8968930840492,81.98793095350264,0.0,0.0,0.0,0.0
0.0,0.0,0.0,15.497941613197328,1158.2169194221497,157.28548432886598,943.639413368702,0.0,0.0,0.0,701.6686269968747,0.0,0.0,759.0457848459481,14.1165154248476,1.9784453958272927,852.0956376552582,0.0,0.0,0.0,0.0,2847.2389587402345,0.0,0.0,0.0,720.0346148967743,62.87727618217468,0.0,1669.078006207943,226.6225243270397,0.0,394.2753207683563,135.04565852880478,0.0,0.0,0.0,0.0
0.0,0.0,0.0,24.20800536870956,1390.357053041458,182.33469806611535,1149.6536492049695,0.0,0.0,0.0,947.5577574402092,0.0,0.0,907.354911416769,18.72957453131676,3.336176872253417,1095.0132023334504,0.0,0.0,0.0,0.0,3008.928176879883,0.0,0.0,0.0,775.6473742961883,74.0953271985054,0.0,1917.756690454483,287.6622230410576,0.0,406.62227976322174,150.10056859254837,0.0,0.0,0.0,0.0
0.0,0.0,0.0,30.77058964967728,1510.7667117118835,197.54731902480123,1258.4992516577245,0.0,0.0,0.0,1168.6309495568275,0.0,0.0,976.2319195270538,21.893092596530916,4.376920908689498,1264.0773320674896,0.0,0.0,0.0,0.0,3105.6847137451173,0.0,0.0,0.0,787.9566738128663,79.2176055073738,0.0,2034.4955375552177,312.6062138736248,0.0,406.9564129114151,158.79049056768417,0.0,0.0,0.0,0.0
0.0,0.0,0.0,33.8403742313385,1533.7240765094757,211.81408381462091,1278.7826509356498,0.0,0.0,0.0,1230.6121064901351,0.0,0.0,979.8544615507126,22.977352094650268,5.145671129226684,1352.2541679382325,0.0,0.0,0.0,0.0,3093.4420532226563,0.0,0.0,0.0,759.0622366428375,79.81494554281235,0.0,2046.1670503258704,323.3355243206024,0.0,404.5347011089325,163.05391138792038,0.0,0.0,0.0,0.0
0.0,0.0,0.0,34.25595033168793,1498.0889108181,0.0,1264.060075777769,0.0,0.0,0.0,1229.4958310425282,0.0,0.0,950.221780091524,23.14441439509392,0.0,1364.226534676552,0.0,0.0,0.0,0.0,2968.732052612305,0.0,0.0,0.0,720.7720455646515,76.18348875045777,0.0,1980.1173340559003,324.59309072494506,0.0,399.2307679653168,161.01355600357056,0.0,0.0,0.0,0.0
0.0,0.0,0.0,28.04823452234268,1351.1489367485046,0.0,0.0,0.0,0.0,0.0,0.0,0.0,0.0,846.4351499080658,0.0,0.0,1386.951564216614,0.0,0.0,0.0,0.0,2710.074172973633,0.0,0.0,0.0,682.78742146492,0.0,0.0,1829.5706531882288,0.0,0.0,0.0,0.0,0.0,0.0,0.0,0.0
0.0,0.0,0.0,0.0,1119.7765164375303,0.0,0.0,0.0,0.0,0.0,0.0,0.0,0.0,0.0,0.0,0.0,1333.1061276435853,0.0,0.0,0.0,0.0,2129.5892730712885,0.0,0.0,0.0,618.6860264778137,57.14551249742508,0.0,0.0,0.0,0.0,0.0,0.0,0.0,0.0,0.0,0.0
0.0,0.0,0.0,0.0,0.0,0.0,0.0,0.0,0.0,0.0,0.0,0.0,0.0,0.0,0.0,0.0,0.0,0.0,0.0,0.0,0.0,1368.8465087890625,0.0,0.0,0.0,0.0,0.0,0.0,0.0,0.0,0.0,0.0,0.0,0.0,0.0,0.0,0.0
0.0,0.0,0.0,0.0,0.0,0.0,0.0,0.0,0.0,0.0,0.0,0.0,0.0,0.0,0.0,0.0,0.0,0.0,0.0,0.0,0.0,0.0,0.0,0.0,0.0,0.0,0.0,0.0,0.0,0.0,0.0,0.0,0.0,0.0,0.0,0.0,0.0
0.0,0.0,0.0,0.0,0.0,0.0,0.0,0.0,0.0,0.0,0.0,0.0,0.0,0.0,0.0,0.0,0.0,0.0,0.0,0.0,0.0,0.0,0.0,0.0,0.0,0.0,0.0,0.0,0.0,0.0,0.0,0.0,0.0,0.0,0.0,0.0,0.0
0.0,0.0,0.0,0.0,0.0,0.0,0.0,0.0,0.0,0.0,0.0,0.0,0.0,0.0,0.0,0.0,0.0,0.0,0.0,0.0,0.0,0.0,0.0,0.0,0.0,0.0,0.0,0.0,0.0,0.0,0.0,0.0,0.0,0.0,0.0,0.0,0.0
0.0,0.0,0.0,0.0,0.0,0.0,0.0,0.0,0.0,0.0,0.0,0.0,0.0,0.0,0.0,0.0,0.0,0.0,0.0,0.0,0.0,0.0,0.0,0.0,0.0,0.0,0.0,0.0,0.0,0.0,0.0,0.0,0.0,0.0,0.0,0.0,0.0
0.0,0.0,0.0,0.0,0.0,0.0,0.0,0.0,0.0,0.0,0.0,0.0,0.0,0.0,0.0,0.0,0.0,0.0,0.0,0.0,0.0,0.0,0.0,0.0,0.0,0.0,0.0,0.0,0.0,0.0,0.0,0.0,0.0,0.0,0.0,0.0,0.0
0.0,0.0,0.0,0.0,0.0,0.0,0.0,0.0,0.0,0.0,0.0,0.0,0.0,0.0,0.0,0.0,0.0,0.0,0.0,0.0,0.0,0.0,0.0,0.0,0.0,0.0,0.0,0.0,0.0,0.0,0.0,0.0,0.0,0.0,0.0,0.0,0.0
0.0,0.0,0.0,0.0,0.0,0.0,0.0,0.0,0.0,0.0,0.0,0.0,0.0,0.0,0.0,0.0,0.0,0.0,0.0,0.0,0.0,0.0,0.0,0.0,0.0,0.0,0.0,0.0,0.0,0.0,0.0,0.0,0.0,0.0,0.0,0.0,0.0
0.0,0.0,0.0,0.0,0.0,0.0,0.0,0.0,0.0,0.0,0.0,0.0,0.0,0.0,0.0,0.0,0.0,0.0,0.0,0.0,0.0,0.0,0.0,0.0,0.0,0.0,0.0,0.0,0.0,0.0,0.0,0.0,0.0,0.0,0.0,0.0,0.0
0.0,0.0,0.0,0.0,0.0,0.0,0.0,0.0,0.0,0.0,0.0,0.0,0.0,0.0,0.0,0.0,0.0,0.0,0.0,0.0,0.0,0.0,0.0,0.0,0.0,0.0,0.0,0.0,0.0,0.0,0.0,0.0,0.0,0.0,0.0,0.0,0.0
0.0,0.0,0.0,0.2868496086448396,2.657085619866645,0.0,0.0,0.0,0.0,0.0,0.0,0.0,0.0,0.0,0.0,0.0,0.0,0.0,0.0,0.0,0.0,10.666188812255534,0.0,0.0,0.0,0.0,0.0,0.0,0.0,0.0,0.0,0.0,0.0,0.0,0.0,0.0,0.0
0.0,0.0,0.0,0.2718579955398996,3.71155630797138,0.3100939602590953,0.0,0.0,0.0,0.0,2.0046197239774566,0.0,0.0,0.0,0.1281238373368945,0.0,6.927712440490562,0.0,0.0,0.0,0.0,11.13818140029882,0.0,0.0,0.0,0.0,0.4898982200771474,0.0,0.0,0.0,0.0,1.405977711081492,0.0,0.0,0.0,0.0,0.0
0.0,0.0,0.0,0.1236965283751446,5.813395358622005,0.0358940912410616,0.0,0.0,0.0,0.0,1.7664546574929976,0.0,0.0,1.0965876188127703,0.1186372362077206,0.0,14.641779077052917,0.0,0.0,0.0,0.0,0.0,0.0,0.0,0.0,0.0,0.0,0.0,0.0,0.0,0.0,1.6718543320893804,0.0,0.0,0.0,0.0,0.0
0.0,0.0,0.0,0.2557241879403588,15.613778915256171,0.5115970461629094,0.0,0.0,0.0,0.0,4.595485154678899,0.0,0.0,14.301201924681594,0.1597975339740507,0.0,6.618343257903863,0.0,0.0,0.0,0.0,125.83215112686152,0.0,0.0,0.0,0.0,0.0,0.0,0.0,0.8613844856619524,0.0,3.532954797148673,1.113247753120942,0.0,0.0,0.0,0.0
0.0,0.0,0.0,0.6286605354398468,87.00727179646488,1.6781550114974082,37.68145919181406,0.0,0.0,0.0,21.52304611764844,0.0,0.0,48.63344380632031,0.7351185534149376,0.4659834057092656,20.53995647430408,0.0,0.0,0.0,0.0,654.2855316162108,0.0,0.0,0.0,25.763018295168845,0.8209791945293486,0.0,11.434259922802331,5.942769783735256,0.0,19.203088983893384,10.393877234309908,0.0,0.0,0.0,0.0
0.0,0.0,0.0,2.760160893201825,257.607307344675,18.615647608414257,196.63201109617935,0.0,0.0,0.0,113.66384728513655,0.0,0.0,129.99577362090335,3.359105940163133,0.968488790094852,160.3433875441551,0.0,0.0,0.0,0.0,1571.400274658203,0.0,0.0,0.0,151.41492493152617,3.623182962089776,0.0,124.99681899026014,38.97762308120727,0.0,91.9908350110054,43.61756707727909,0.0,0.0,0.0,0.0
0.0,0.0,0.0,7.592975482344623,514.9602867960929,102.2963586375117,426.85331652760505,0.0,0.0,0.0,331.3040363833307,0.0,0.0,260.3684553131461,8.845789074897766,1.4895501434803002,448.1192998409269,0.0,0.0,0.0,0.0,2417.0531890869142,0.0,0.0,0.0,322.8118091583252,8.75348780453205,0.0,558.251258164644,154.92945369482038,0.0,270.0210453867912,99.48930799961089,0.0,0.0,0.0,0.0
0.0,0.0,0.0,15.8529172539711,905.3604451417922,209.65712828934195,689.3174332797528,0.0,0.0,0.0,703.309678030014,0.0,0.0,433.36607344448566,15.721810841560362,2.176713764667511,842.166100347042,0.0,0.0,0.0,0.0,2992.1377380371096,0.0,0.0,0.0,471.1532180309296,17.111249688267705,0.0,1045.3386002123357,263.7361037194729,0.0,374.2866806983948,154.00496119260788,0.0,0.0,0.0,0.0
0.0,0.0,0.0,25.670795917510983,1179.5369498729706,235.59591069817543,857.2758273541928,0.0,0.0,0.0,961.7020156919956,0.0,0.0,527.4139580875634,20.86977873444557,3.2063081413507453,1090.9417617082595,0.0,0.0,0.0,0.0,3183.15393371582,0.0,0.0,0.0,559.8681515693664,29.456108808517456,0.0,1410.6039975643157,312.6241148412228,0.0,392.4987313747406,173.59573298692703,0.0,0.0,0.0,0.0
0.0,0.0,0.0,35.13084602355957,1336.2673811912537,256.1337946355343,982.5067941904068,0.0,0.0,0.0,1201.061660325527,0.0,0.0,594.3809101730584,23.78447433114052,4.133897960186005,1266.0463124752046,0.0,0.0,0.0,0.0,3255.075592041016,0.0,0.0,0.0,600.6737790584564,40.30614137649536,0.0,1658.4041217327117,331.5977815210819,0.0,396.7069360017777,184.8222195506096,0.0,0.0,0.0,0.0
0.0,0.0,0.0,39.45070147514343,1430.7103700637815,265.67472502589226,1052.6894645512104,0.0,0.0,0.0,1292.566953444481,0.0,0.0,602.574011683464,25.08733767271042,4.720823705196381,1352.6510528087615,0.0,0.0,0.0,0.0,3201.367318725586,0.0,0.0,0.0,601.4213306903839,46.95729269981384,0.0,1762.327270185947,339.9177951157093,0.0,396.1861447095871,188.26995927095413,0.0,0.0,0.0,0.0
0.0,0.0,0.0,38.74219143390656,1451.581274986267,266.0761360526085,1088.6369004547596,0.0,0.0,0.0,0.0,0.0,0.0,541.7249474674462,25.01798379421234,4.947758227586746,1358.825811648369,0.0,0.0,0.0,0.0,3051.7651306152343,0.0,0.0,0.0,605.367752981186,49.21841560602188,0.0,0.0,338.3140652358532,0.0,393.2401251792908,184.0336253643036,0.0,0.0,0.0,0.0
0.0,0.0,0.0,32.46288108825684,0.0,0.0,0.0,0.0,0.0,0.0,0.0,0.0,0.0,0.0,0.0,4.014627575874329,1376.227583026886,0.0,0.0,0.0,0.0,2794.597283935547,0.0,0.0,0.0,0.0,0.0,0.0,0.0,0.0,0.0,0.0,0.0,0.0,0.0,0.0,0.0
0.0,0.0,0.0,22.9949614405632,0.0,0.0,0.0,0.0,0.0,0.0,0.0,0.0,0.0,207.9647358134389,0.0,2.8849030286073685,1316.5967956542968,0.0,0.0,0.0,0.0,0.0,0.0,0.0,0.0,0.0,0.0,0.0,0.0,0.0,0.0,0.0,0.0,0.0,0.0,0.0,0.0
0.0,0.0,0.0,0.0,0.0,0.0,0.0,0.0,0.0,0.0,0.0,0.0,0.0,0.0,0.0,0.0,1209.4522214174272,0.0,0.0,0.0,0.0,0.0,0.0,0.0,0.0,0.0,0.0,0.0,0.0,0.0,0.0,0.0,0.0,0.0,0.0,0.0,0.0
0.0,0.0,0.0,0.0,0.0,0.0,0.0,0.0,0.0,0.0,0.0,0.0,0.0,0.0,0.0,0.0,0.0,0.0,0.0,0.0,0.0,0.0,0.0,0.0,0.0,0.0,0.0,0.0,0.0,0.0,0.0,0.0,0.0,0.0,0.0,0.0,0.0
0.0,0.0,0.0,0.0,0.0,0.0,0.0,0.0,0.0,0.0,0.0,0.0,0.0,0.0,0.0,0.0,0.0,0.0,0.0,0.0,0.0,0.0,0.0,0.0,0.0,0.0,0.0,0.0,0.0,0.0,0.0,0.0,0.0,0.0,0.0,0.0,0.0
0.0,0.0,0.0,0.0,0.0,0.0,0.0,0.0,0.0,0.0,0.0,0.0,0.0,0.0,0.0,0.0,0.0,0.0,0.0,0.0,0.0,0.0,0.0,0.0,0.0,0.0,0.0,0.0,0.0,0.0,0.0,0.0,0.0,0.0,0.0,0.0,0.0
0.0,0.0,0.0,0.0,0.0,0.0,0.0,0.0,0.0,0.0,0.0,0.0,0.0,0.0,0.0,0.0,0.0,0.0,0.0,0.0,0.0,0.0,0.0,0.0,0.0,0.0,0.0,0.0,0.0,0.0,0.0,0.0,0.0,0.0,0.0,0.0,0.0
0.0,0.0,0.0,0.0,0.0,0.0,0.0,0.0,0.0,0.0,0.0,0.0,0.0,0.0,0.0,0.0,0.0,0.0,0.0,0.0,0.0,0.0,0.0,0.0,0.0,0.0,0.0,0.0,0.0,0.0,0.0,0.0,0.0,0.0,0.0,0.0,0.0
0.0,0.0,0.0,0.0,0.0,0.0,0.0,0.0,0.0,0.0,0.0,0.0,0.0,0.0,0.0,0.0,0.0,0.0,0.0,0.0,0.0,0.0,0.0,0.0,0.0,0.0,0.0,0.0,0.0,0.0,0.0,0.0,0.0,0.0,0.0,0.0,0.0
0.0,0.0,0.0,0.0,0.0,0.0,0.0,0.0,0.0,0.0,0.0,0.0,0.0,0.0,0.0,0.0,0.0,0.0,0.0,0.0,0.0,0.0,0.0,0.0,0.0,0.0,0.0,0.0,0.0,0.0,0.0,0.0,0.0,0.0,0.0,0.0,0.0
0.0,0.0,0.0,0.0,0.0,0.0,0.0,0.0,0.0,0.0,0.0,0.0,0.0,1.4345905557274266,0.0,0.0,0.0,0.0,0.0,0.0,0.0,0.0,0.0,0.0,0.0,0.0,0.0,0.0,0.0,0.0,0.0,0.0,0.0,0.0,0.0,0.0,0.0
0.0,0.0,0.0,0.0,0.0,0.0,0.0,0.0,0.0,0.0,0.0,0.0,0.0,13.47480497322974,0.0,0.0,0.0,0.0,0.0,0.0,0.0,0.0,0.0,0.0,0.0,0.0,0.0,0.0,0.0,0.4948217563330797,0.0,0.0,0.0,0.0,0.0,0.0,0.0
0.0,0.0,0.0,0.0,0.0,0.0,0.0,0.0,0.0,0.0,0.0,0.0,0.0,14.662726051173989,0.0,0.0,0.0,0.0,0.0,0.0,0.0,0.0,0.0,0.0,0.0,0.0,0.0,0.0,0.0,0.4953753039240828,0.0,0.0,0.1332460902631171,0.0,0.0,0.0,0.0
0.0,0.0,0.0,0.177979551255698,2.6307731196283664,0.2439960711635413,0.0,0.0,0.0,0.0,1.8960147753822727,0.0,0.0,9.201141111552609,0.1260777410119749,0.0,7.179902255535035,0.0,0.0,0.0,0.0,0.9196084976192768,0.0,0.0,0.0,0.0,0.0,0.0,0.0,0.489587949216334,0.0,1.0138054341077265,0.0,0.0,0.0,0.0,0.0
0.0,0.0,0.0,0.124574206769465,4.5541632845997055,0.0,0.0,0.0,0.0,0.0,1.6632310065440503,0.0,0.0,3.1534725427627115,0.0392335832118987,0.0,13.09652658700938,0.0,0.0,0.0,0.0,0.0,0.0,0.0,0.0,0.0,0.0,0.0,0.0,0.4929063059389215,0.0,1.174763098359049,0.0,0.0,0.0,0.0,0.0
0.0,0.0,0.0,0.2596881762146913,11.953781470656264,0.7276260987855306,0.0,0.0,0.0,0.0,2.5253754939416995,0.0,0.0,25.73065068572757,0.1455608982592791,0.0206303186714638,2.988096916675444,0.0,0.0,0.0,0.0,197.09291458129857,0.0,0.0,0.0,0.0,0.0,0.0,0.1782292559742927,0.8228323854505736,0.0,5.369767636060661,1.076386366970837,0.0,0.0,0.0,0.0
0.0,0.0,0.0,0.7219807300716616,84.92002364993077,6.89166468661276,14.763334573432738,0.0,0.0,0.0,15.767997801909065,0.0,0.0,103.9224823378025,0.8774352226406321,0.2989264614880076,14.992332112788963,0.0,0.0,0.0,0.0,764.4431983947754,0.0,0.0,0.0,39.5992913454771,0.0545075196772739,0.0,68.25987096503371,3.2117153398692597,0.0,43.93285757303237,7.549637790769329,0.0,0.0,0.0,0.0
0.0,0.0,0.0,3.750668540596958,264.62987560033787,51.05949324369427,146.44347452670337,0.0,0.0,0.0,109.16467135958366,0.0,0.0,291.2306232377887,4.478037670254706,0.853886552155017,144.34726029634464,0.0,0.0,0.0,0.0,1822.12724609375,0.0,0.0,0.0,186.23684197664247,3.416761926561594,0.0,551.4091554284096,24.74601116850971,0.0,193.37084019184115,31.44768837094306,0.0,0.0,0.0,0.0
0.0,0.0,0.0,10.064047127962109,563.9774320125579,186.4796534776688,408.0745873689651,0.0,0.0,0.0,360.14889366626727,0.0,0.0,536.3409821689129,11.476980033516885,1.6789686381816855,416.372861468792,0.0,0.0,0.0,0.0,2587.8314453125,0.0,0.0,0.0,459.4867074012756,10.762205660343165,0.0,1177.7376668214797,105.72676980495451,0.0,368.1736085414887,84.26528373360632,0.0,0.0,0.0,0.0
0.0,0.0,0.0,20.578559458255764,1007.4486578702924,275.0883365571499,744.3202614456416,0.0,0.0,0.0,779.1930820941924,0.0,0.0,812.4710415303707,19.56069760322571,2.5618044584989543,826.1325889468193,0.0,0.0,0.0,0.0,3132.4985168457038,0.0,0.0,0.0,649.9266430854798,25.698656547069547,0.0,1716.7475481987,239.7945436418057,0.0,466.7436407804489,140.58468785881996,0.0,0.0,0.0,0.0
0.0,0.0,0.0,32.023417353630066,1302.566570520401,299.9451082646847,979.4661746561528,0.0,0.0,0.0,1080.2870580852032,0.0,0.0,955.3205434978008,24.61387558579445,3.963232636451721,1101.79934527874,0.0,0.0,0.0,0.0,3396.983169555664,0.0,0.0,0.0,709.8659531116485,42.674435937404624,0.0,1950.6914620161056,303.5562438070774,0.0,494.376832485199,160.99100977182388,0.0,0.0,0.0,0.0
0.0,0.0,0.0,39.68236792087555,1503.3026010990145,313.4789379835129,1129.4759648799895,0.0,0.0,0.0,1360.178717112541,0.0,0.0,1015.672905743122,27.44148656129837,5.210690438747405,1304.3647009849549,0.0,0.0,0.0,0.0,3519.001278686524,0.0,0.0,0.0,741.0748071193696,53.878193497657776,0.0,2066.8038657784464,331.5370494425297,0.0,503.1708997488022,173.7632492184639,0.0,0.0,0.0,0.0
0.0,0.0,0.0,42.51290845870972,1588.1066069602966,315.9467521905899,1177.5120779156684,0.0,0.0,0.0,1496.0099507153034,0.0,0.0,1018.64938467741,27.83413411974907,0.0,1418.5644614934922,0.0,0.0,0.0,0.0,3510.150439453125,0.0,0.0,0.0,0.0,58.24509016275406,0.0,2110.6688797712327,341.5771492063999,0.0,494.1957001686096,0.0,0.0,0.0,0.0,0.0
0.0,0.0,0.0,43.15070164203644,1584.1861863136292,308.95267802476883,1176.897643750906,0.0,0.0,0.0,1496.1080028533936,0.0,0.0,994.44159373641,27.15022119283676,0.0,1437.708947229385,0.0,0.0,0.0,0.0,3383.4147979736326,0.0,0.0,0.0,0.0,58.78352383375168,0.0,0.0,337.7910945594311,0.0,472.7298700809479,0.0,0.0,0.0,0.0,0.0
0.0,0.0,0.0,0.0,0.0,0.0,0.0,0.0,0.0,0.0,0.0,0.0,0.0,887.4332064390182,0.0,0.0,1458.5237078666687,0.0,0.0,0.0,0.0,0.0,0.0,0.0,0.0,0.0,0.0,0.0,0.0,341.13752112388613,0.0,422.3678020238876,0.0,0.0,0.0,0.0,0.0
0.0,0.0,0.0,0.0,0.0,0.0,0.0,0.0,0.0,0.0,0.0,0.0,0.0,0.0,0.0,0.0,1391.190314245224,0.0,0.0,0.0,0.0,0.0,0.0,0.0,0.0,0.0,0.0,0.0,0.0,0.0,0.0,360.68395948410034,0.0,0.0,0.0,0.0,0.0
0.0,0.0,0.0,0.0,0.0,0.0,0.0,0.0,0.0,0.0,0.0,0.0,0.0,0.0,0.0,0.0,0.0,0.0,0.0,0.0,0.0,0.0,0.0,0.0,0.0,0.0,0.0,0.0,0.0,311.1158411681652,0.0,0.0,0.0,0.0,0.0,0.0,0.0
0.0,0.0,0.0,0.0,0.0,0.0,0.0,0.0,0.0,0.0,0.0,0.0,0.0,0.0,0.0,0.0,0.0,0.0,0.0,0.0,0.0,0.0,0.0,0.0,0.0,0.0,0.0,0.0,0.0,0.0,0.0,0.0,0.0,0.0,0.0,0.0,0.0
0.0,0.0,0.0,0.0,0.0,0.0,0.0,0.0,0.0,0.0,0.0,0.0,0.0,0.0,0.0,0.0,0.0,0.0,0.0,0.0,0.0,0.0,0.0,0.0,0.0,0.0,0.0,0.0,0.0,0.0,0.0,0.0,0.0,0.0,0.0,0.0,0.0
0.0,0.0,0.0,0.0,0.0,0.0,0.0,0.0,0.0,0.0,0.0,0.0,0.0,0.0,0.0,0.0,0.0,0.0,0.0,0.0,0.0,0.0,0.0,0.0,0.0,0.0,0.0,0.0,0.0,0.0,0.0,0.0,0.0,0.0,0.0,0.0,0.0
0.0,0.0,0.0,0.0,0.0,0.0,0.0,0.0,0.0,0.0,0.0,0.0,0.0,0.0,0.0,0.0,0.0,0.0,0.0,0.0,0.0,0.0,0.0,0.0,0.0,0.0,0.0,0.0,0.0,0.0,0.0,0.0,0.0,0.0,0.0,0.0,0.0
0.0,0.0,0.0,0.0,0.0,0.0,0.0,0.0,0.0,0.0,0.0,0.0,0.0,0.0,0.0,0.0,0.0,0.0,0.0,0.0,0.0,0.0,0.0,0.0,0.0,0.0,0.0,0.0,0.0,0.0,0.0,0.0,0.0,0.0,0.0,0.0,0.0
0.0,0.0,0.0,0.0,0.0,0.0,0.0,0.0,0.0,0.0,0.0,0.0,0.0,0.0,0.0,0.0,0.0,0.0,0.0,0.0,0.0,0.0,0.0,0.0,0.0,0.0,0.0,0.0,0.0,0.0,0.0,0.0,0.0,0.0,0.0,0.0,0.0
0.0,0.0,0.0,0.0,0.0,0.0,0.0,0.0,0.0,0.0,0.0,0.0,0.0,0.0,0.0,0.0,0.0,0.0,0.0,0.0,0.0,0.0,0.0,0.0,0.0,0.0,0.0,0.0,0.0,0.0,0.0,0.0,0.0,0.0,0.0,0.0,0.0
0.0,0.0,0.0,0.0,0.0,0.0,0.0,0.0,0.0,0.0,0.0,0.0,0.0,0.3583659650756607,0.0,0.0,0.0,0.0,0.0,0.0,0.0,0.0,0.0,0.0,0.0,0.0,0.0,0.0,0.0,0.0,0.0,0.0,0.0,0.0,0.0,0.0,0.0
0.0,0.0,0.0,0.0,0.0,0.0,0.0,0.0,0.0,0.0,0.0,0.0,0.0,6.617605742066962,0.0,0.0,0.0,0.0,0.0,0.0,0.0,3.752506160735867,0.0,0.0,0.0,0.0,0.0,0.0,0.0,0.0,0.0,0.0,0.0,0.0,0.0,0.0,0.0
0.0,0.0,0.0,0.0,0.0,0.0,0.0,0.0,0.0,0.0,0.0,0.0,0.0,5.52905578631897,0.0,0.0,0.0,0.0,0.0,0.0,0.0,4.261445713043057,0.0,0.0,0.0,0.0,0.0,0.0,0.0,0.0,0.0,0.0,0.0,0.0,0.0,0.0,0.0
0.0,0.0,0.0,0.1490462478250246,3.1966475583612053,0.2183194747194331,0.0,0.0,0.0,0.0,0.0,0.0,0.0,1.1431491607799185,0.1507450483739374,0.0,0.0,0.0,0.0,0.0,0.0,0.0,0.0,0.0,0.0,2.9227591598406004,0.0,0.0,0.0,0.557375562936035,0.0,0.0,0.0,0.0,0.0,0.0,0.0
0.0,0.0,0.0,0.078716376796363,4.886648289859167,0.0,0.0,0.0,0.0,0.0,1.6678971287794009,0.0,0.0,0.0,0.1612386144697641,0.0,16.402879083156407,0.0,0.0,0.0,0.0,16.87298173904399,0.0,0.0,0.0,0.0,0.8822018619626685,0.0,0.0,0.5548626326024445,0.0,0.0,0.0,0.0,0.0,0.0,0.0
0.0,0.0,0.0,0.1944637373089786,14.220953555777507,0.4502758597954743,0.0,0.0,0.0,0.0,4.027824472961897,0.0,0.0,7.950036888942062,0.2875256985425923,0.0,4.357705175876463,0.0,0.0,0.0,0.0,349.8614227294922,0.0,0.0,0.0,1.9854758325963544,1.4600786235183452,0.0,0.0,0.9310289733111736,0.0,0.0,1.1343834809958642,0.0,0.0,0.0,0.0
0.0,0.0,0.0,0.7628235518932327,93.32673346996296,2.938273060135525,19.75975440219037,0.0,0.0,0.0,17.47908940645855,0.0,0.0,50.97371539101002,2.0180499773472538,0.0,14.432243967056184,0.0,0.0,0.0,0.0,1167.1497970581052,0.0,0.0,0.0,22.35716921091076,5.12094817459583,0.0,9.661902804672687,4.233069221675371,0.0,41.7333719432354,7.693049114197478,0.0,0.0,0.0,0.0
0.0,0.0,0.0,3.7299837395548816,284.26581144332874,25.816200748085947,156.5959179237485,0.0,0.0,0.0,99.54894195124504,0.0,0.0,181.85899797826997,7.0939916968345615,0.0,134.6401280522346,0.0,0.0,0.0,0.0,2170.037448120117,0.0,0.0,0.0,136.33250818252554,14.651210981607433,0.0,155.83264997005446,31.703290174156415,0.0,180.25213122367856,31.647268801927567,0.0,0.0,0.0,0.0
0.0,0.0,0.0,9.999167293310164,619.3630220890044,135.82519069314003,448.0726467311382,0.0,0.0,0.0,316.6407324254512,0.0,0.0,411.6444326937198,16.45720882415771,2.6655518710613246,396.4836343884468,0.0,0.0,0.0,0.0,2926.2196685791014,0.0,0.0,0.0,401.1774916887283,33.91965311765671,0.0,707.8779878258705,130.8497234523296,0.0,332.7502919435501,82.66678908467291,0.0,0.0,0.0,0.0
0.0,0.0,0.0,20.451663792133328,1066.443837404251,241.6491719484329,797.0702550053596,0.0,0.0,0.0,648.1128339707851,0.0,0.0,679.8748776316643,24.24243378639221,3.684491723775863,769.0198387384414,0.0,0.0,0.0,0.0,3457.217330932617,0.0,0.0,0.0,615.731997013092,53.54404737949371,0.0,1342.9157581090926,251.5080089867115,0.0,418.7196435928345,140.3254498541355,0.0,0.0,0.0,0.0
0.0,0.0,0.0,33.39631700515747,1389.549863100052,270.5205329656601,1044.4146855413917,0.0,0.0,0.0,881.7133733898401,0.0,0.0,844.5162624120712,28.47006211280823,5.099517345428467,1014.925561618805,0.0,0.0,0.0,0.0,3685.89040222168,0.0,0.0,0.0,681.3841605663299,64.33574719429016,0.0,1688.253329980373,309.1899173021317,0.0,439.00696539878845,159.81853586435318,0.0,0.0,0.0,0.0
0.0,0.0,0.0,42.36905419826508,1570.7235193252563,289.25375723838806,1191.3238362491131,0.0,0.0,0.0,1098.2875591039658,0.0,0.0,938.3235122263432,30.351554381847382,6.242241919040679,1196.535935473442,0.0,0.0,0.0,0.0,3766.271514892578,0.0,0.0,0.0,702.7322346687317,69.70621773004532,0.0,1860.4077506423,333.1711687922478,0.0,441.91387355327606,169.12847048044205,0.0,0.0,0.0,0.0
0.0,0.0,0.0,47.72819912433624,1652.917148590088,296.6440528035164,1246.7646198868752,0.0,0.0,0.0,1179.111950093508,0.0,0.0,971.6147899627686,30.09284453988075,6.974485754966736,1297.5088151454925,0.0,0.0,0.0,0.0,3692.267449951172,0.0,0.0,0.0,692.3167397975922,70.5470498919487,0.0,1939.0510514974596,341.1495644450188,0.0,433.81706523895264,173.80259597301483,0.0,0.0,0.0,0.0
0.0,0.0,0.0,49.35344886779785,1647.01646399498,293.48226565122604,0.0,0.0,0.0,0.0,1176.2838985919952,0.0,0.0,956.3846902549268,28.742165726423263,0.0,1320.5122034072876,0.0,0.0,0.0,0.0,3530.407662963867,0.0,0.0,0.0,675.5572308540344,0.0,0.0,1963.267924654484,338.9914669036865,0.0,422.4257155656815,0.0,0.0,0.0,0.0,0.0
0.0,0.0,0.0,0.0,0.0,0.0,0.0,0.0,0.0,0.0,0.0,0.0,0.0,842.3276053369045,0.0,0.0,1361.1800326824189,0.0,0.0,0.0,0.0,3239.9905700683594,0.0,0.0,0.0,0.0,0.0,0.0,0.0,0.0,0.0,0.0,0.0,0.0,0.0,0.0,0.0
0.0,0.0,0.0,0.0,0.0,0.0,0.0,0.0,0.0,0.0,0.0,0.0,0.0,0.0,0.0,0.0,0.0,0.0,0.0,0.0,0.0,2749.152365112305,0.0,0.0,0.0,0.0,0.0,0.0,0.0,0.0,0.0,0.0,0.0,0.0,0.0,0.0,0.0
0.0,0.0,0.0,0.0,0.0,0.0,0.0,0.0,0.0,0.0,0.0,0.0,0.0,0.0,0.0,0.0,0.0,0.0,0.0,0.0,0.0,0.0,0.0,0.0,0.0,0.0,0.0,0.0,0.0,0.0,0.0,0.0,0.0,0.0,0.0,0.0,0.0
0.0,0.0,0.0,0.0,0.0,0.0,0.0,0.0,0.0,0.0,0.0,0.0,0.0,0.0,0.0,0.0,0.0,0.0,0.0,0.0,0.0,0.0,0.0,0.0,0.0,0.0,0.0,0.0,0.0,0.0,0.0,0.0,0.0,0.0,0.0,0.0,0.0
0.0,0.0,0.0,0.0,0.0,0.0,0.0,0.0,0.0,0.0,0.0,0.0,0.0,0.0,0.0,0.0,0.0,0.0,0.0,0.0,0.0,0.0,0.0,0.0,0.0,0.0,0.0,0.0,0.0,0.0,0.0,0.0,0.0,0.0,0.0,0.0,0.0
0.0,0.0,0.0,0.0,0.0,0.0,0.0,0.0,0.0,0.0,0.0,0.0,0.0,0.0,0.0,0.0,0.0,0.0,0.0,0.0,0.0,0.0,0.0,0.0,0.0,0.0,0.0,0.0,0.0,0.0,0.0,0.0,0.0,0.0,0.0,0.0,0.0
0.0,0.0,0.0,0.0,0.0,0.0,0.0,0.0,0.0,0.0,0.0,0.0,0.0,0.0,0.0,0.0,0.0,0.0,0.0,0.0,0.0,0.0,0.0,0.0,0.0,0.0,0.0,0.0,0.0,0.0,0.0,0.0,0.0,0.0,0.0,0.0,0.0
0.0,0.0,0.0,0.0,0.0,0.0,0.0,0.0,0.0,0.0,0.0,0.0,0.0,0.0,0.0,0.0,0.0,0.0,0.0,0.0,0.0,0.0,0.0,0.0,0.0,0.0,0.0,0.0,0.0,0.0,0.0,0.0,0.0,0.0,0.0,0.0,0.0
0.0,0.0,0.0,0.0,0.0,0.0,0.0,0.0,0.0,0.0,0.0,0.0,0.0,0.0,0.0,0.0,0.0,0.0,0.0,0.0,0.0,0.0,0.0,0.0,0.0,0.0,0.0,0.0,0.0,0.0,0.0,0.0,0.0,0.0,0.0,0.0,0.0
0.0,0.0,0.0,0.0,0.0,0.0,0.0,0.0,0.0,0.0,0.0,0.0,0.0,0.0,0.0,0.0,0.0,0.0,0.0,0.0,0.0,0.0,0.0,0.0,0.0,0.0,0.0,0.0,0.0,0.0,0.0,0.0,0.0,0.0,0.0,0.0,0.0
0.0,0.0,0.0,0.0,0.0,0.0,0.0,0.0,0.0,0.0,0.0,0.0,0.0,0.0,0.0,0.0,0.0,0.0,0.0,0.0,0.0,0.0,0.0,0.0,0.0,0.0,0.0,0.0,0.0,0.0,0.0,0.0,0.0,0.0,0.0,0.0,0.0
0.0,0.0,0.0,0.0,0.0,0.0,0.0,0.0,0.0,0.0,0.0,0.0,0.0,0.0,0.0,0.040447409264743,0.0,0.0,0.0,0.0,0.0,0.0,0.0,0.0,0.0,0.0,0.0,0.0,0.321291761100122,0.4339959554373943,0.0,0.0,0.0,0.0,0.0,0.0,0.0
0.0,0.0,0.0,0.0,0.0,0.0,0.0,0.0,0.0,0.0,0.0,0.0,0.0,2.526762438937981,0.0,0.0326761407777662,0.5669521212576394,0.0,0.0,0.0,0.0,0.0,0.0,0.0,0.0,0.0,0.0,0.0,0.0,0.4726827815174912,0.0,0.0,0.0420957226306108,0.0,0.0,0.0,0.0
0.0,0.0,0.0,0.0,2.6967179365454244,0.0,0.0,0.0,0.0,0.0,0.0,0.0,0.0,1.8669912219046627,0.0,0.0,4.514044475555243,0.0,0.0,0.0,0.0,0.3013982772827148,0.0,0.0,0.0,0.0,0.7428560297936152,0.0,0.0,0.4920803777873268,0.0,0.0,0.0,0.0,0.0,0.0,0.0
0.0,0.0,0.0,0.1205143667757506,4.053421743214044,0.0,0.0,0.0,0.0,0.0,1.803700992883916,0.0,0.0,2.3434468172489438,0.1005531862378118,0.0,12.62076728343954,0.0,0.0,0.0,0.0,0.0,0.0,0.0,0.0,0.0,0.0,0.0,0.0,0.5026212126016255,0.0,1.483617380261377,0.0,0.0,0.0,0.0,0.0
0.0,0.0,0.0,0.1809870433062298,12.152043558657112,0.8420864916406344,0.0,0.0,0.0,0.0,6.717546216770935,0.0,0.0,26.54335373546914,0.190308402478694,0.0472523299977183,4.400359880924202,0.0,0.0,0.0,0.0,123.66830501556387,0.0,0.0,0.0,0.0,0.0,0.0,0.0,0.7012217871844376,0.0,3.320403307676298,1.2494510170072308,0.0,0.0,0.0,0.0
0.0,0.0,0.0,0.3249226622283402,98.57797700166697,2.8150813686661285,20.045636964961805,0.0,0.0,0.0,31.5568956781177,0.0,0.0,94.87329715862865,0.4839738283306333,0.4471329413354388,15.240722227096514,0.0,0.0,0.0,0.0,645.4478652954098,0.0,0.0,0.0,29.25003024339673,2.6091448929160803,0.0,23.22197416275736,2.894368556141847,0.0,23.737425073981235,8.884247876703714,0.0,0.0,0.0,0.0
0.0,0.0,0.0,2.1731589585542634,306.78417211771,11.742638135328876,142.4406766578555,0.0,0.0,0.0,134.13382462821895,0.0,0.0,245.8922627940773,2.7320333808660493,1.1552252992987628,148.4358608603476,0.0,0.0,0.0,0.0,1697.4859619140625,0.0,0.0,0.0,168.73500338792795,7.979446966946122,0.0,263.85762389451247,21.93132417723536,0.0,103.46456974744794,36.801191553473465,0.0,0.0,0.0,0.0
0.0,0.0,0.0,6.406328886747359,678.6396460533142,45.06266586482524,373.935797406733,0.0,0.0,0.0,349.12660599797954,0.0,0.0,447.5124970078468,7.460917648673055,2.1505469232797614,427.1610698580742,0.0,0.0,0.0,0.0,2526.737377929688,0.0,0.0,0.0,460.6043740749359,20.12353409826755,0.0,936.992491608858,92.98662304878232,0.0,261.39623349905014,93.09213346242905,0.0,0.0,0.0,0.0
0.0,0.0,0.0,13.27944594621658,1155.0551311969757,105.95751436054708,641.0659464269877,0.0,0.0,0.0,650.3213125914334,0.0,0.0,690.6895148754119,13.39012821614742,3.218421921133995,825.8138430833817,0.0,0.0,0.0,0.0,3127.13782043457,0.0,0.0,0.0,662.6182781696319,41.97466824650765,0.0,1605.0491509079934,224.98123521804808,0.0,358.6163312196732,150.05306607484818,0.0,0.0,0.0,0.0
0.0,0.0,0.0,21.45057082176208,1455.8035089969635,138.0073757916689,844.9080845057964,0.0,0.0,0.0,876.4523947358132,0.0,0.0,839.474038630724,17.981462717056274,4.78011718392372,1084.9154363393784,0.0,0.0,0.0,0.0,3390.2451568603515,0.0,0.0,0.0,705.7475821018219,56.24642367362976,0.0,1913.5571010231968,292.510198700428,0.0,379.7874983549118,171.30275851488113,0.0,0.0,0.0,0.0
0.0,0.0,0.0,29.991630673408505,1638.3889908790588,156.42523039877415,1011.9378008246422,0.0,0.0,0.0,1058.888501226902,0.0,0.0,925.5006712675096,20.787141966819764,6.0129185020923615,1268.320617222786,0.0,0.0,0.0,0.0,3525.105633544922,0.0,0.0,0.0,705.3977628231048,64.39319611787796,0.0,2050.290297865868,325.0950207352638,0.0,389.1662268638611,183.91300040483475,0.0,0.0,0.0,0.0
0.0,0.0,0.0,36.61727476119995,1701.958856344223,165.21904073655605,1111.9491328656673,0.0,0.0,0.0,1125.048808452487,0.0,0.0,964.8104600608348,23.294168561697006,6.813879668712616,1365.981873846054,0.0,0.0,0.0,0.0,3520.553509521485,0.0,0.0,0.0,679.6207440853119,66.71244106292724,0.0,2094.902237153053,338.03156266212466,0.0,394.39584839344025,187.0212543010712,0.0,0.0,0.0,0.0
0.0,0.0,0.0,0.0,1693.7763466835022,172.90543781220913,0.0,0.0,0.0,0.0,1143.169128370285,0.0,0.0,0.0,0.0,0.0,1373.0336281299592,0.0,0.0,0.0,0.0,3382.995980834961,0.0,0.0,0.0,665.3163226127624,0.0,0.0,2054.848505687713,335.8673731684685,0.0,396.42989110946655,182.08836233615875,0.0,0.0,0.0,0.0
0.0,0.0,0.0,0.0,0.0,0.0,0.0,0.0,0.0,0.0,0.0,0.0,0.0,0.0,0.0,0.0,1375.9341480731964,0.0,0.0,0.0,0.0,0.0,0.0,0.0,0.0,0.0,0.0,0.0,0.0,341.0769530594349,0.0,0.0,0.0,0.0,0.0,0.0,0.0
0.0,0.0,0.0,0.0,0.0,0.0,0.0,0.0,0.0,0.0,0.0,0.0,0.0,0.0,0.0,0.0,1304.2719147443772,0.0,0.0,0.0,0.0,0.0,0.0,0.0,0.0,0.0,0.0,0.0,0.0,0.0,0.0,0.0,0.0,0.0,0.0,0.0,0.0
0.0,0.0,0.0,0.0,0.0,0.0,0.0,0.0,0.0,0.0,0.0,0.0,0.0,0.0,0.0,0.0,1189.6753919363025,0.0,0.0,0.0,0.0,0.0,0.0,0.0,0.0,0.0,0.0,0.0,0.0,0.0,0.0,0.0,0.0,0.0,0.0,0.0,0.0
0.0,0.0,0.0,0.0,0.0,0.0,0.0,0.0,0.0,0.0,0.0,0.0,0.0,0.0,0.0,0.0,0.0,0.0,0.0,0.0,0.0,0.0,0.0,0.0,0.0,0.0,0.0,0.0,0.0,0.0,0.0,0.0,0.0,0.0,0.0,0.0,0.0
0.0,0.0,0.0,0.0,0.0,0.0,0.0,0.0,0.0,0.0,0.0,0.0,0.0,0.0,0.0,0.0,0.0,0.0,0.0,0.0,0.0,0.0,0.0,0.0,0.0,0.0,0.0,0.0,0.0,0.0,0.0,0.0,0.0,0.0,0.0,0.0,0.0
0.0,0.0,0.0,0.0,0.0,0.0,0.0,0.0,0.0,0.0,0.0,0.0,0.0,0.0,0.0,0.0,0.0,0.0,0.0,0.0,0.0,0.0,0.0,0.0,0.0,0.0,0.0,0.0,0.0,0.0,0.0,0.0,0.0,0.0,0.0,0.0,0.0
0.0,0.0,0.0,0.0,0.0,0.0,0.0,0.0,0.0,0.0,0.0,0.0,0.0,0.0,0.0,0.0,0.0,0.0,0.0,0.0,0.0,0.0,0.0,0.0,0.0,0.0,0.0,0.0,0.0,0.0,0.0,0.0,0.0,0.0,0.0,0.0,0.0
0.0,0.0,0.0,0.0,0.0,0.0,0.0,0.0,0.0,0.0,0.0,0.0,0.0,0.0,0.0,0.0,0.0,0.0,0.0,0.0,0.0,0.0,0.0,0.0,0.0,0.0,0.0,0.0,0.0,0.0,0.0,0.0,0.0,0.0,0.0,0.0,0.0
0.0,0.0,0.0,0.0,0.0,0.0,0.0,0.0,0.0,0.0,0.0,0.0,0.0,0.0,0.0,0.0,0.0,0.0,0.0,0.0,0.0,0.0,0.0,0.0,0.0,0.0,0.0,0.0,0.0,0.0,0.0,0.0,0.0,0.0,0.0,0.0,0.0
0.0,0.0,0.0,0.0,0.0,0.0,0.0,0.0,0.0,0.0,0.0,0.0,0.0,0.0,0.0,0.0,0.0,0.0,0.0,0.0,0.0,0.0,0.0,0.0,0.0,0.0,0.0,0.0,0.0,0.0,0.0,0.0,0.0,0.0,0.0,0.0,0.0
0.0,0.0,0.0,0.0,0.0,0.0,0.0,0.0,0.0,0.0,0.0,0.0,0.0,0.0,0.0,0.0,0.0,0.0,0.0,0.0,0.0,0.0,0.0,0.0,0.0,0.0,0.0,0.0,0.0,0.0,0.0,0.0,0.0,0.0,0.0,0.0,0.0
0.0,0.0,0.0,0.0,2.7634017579256933,0.0,0.0,0.0,0.0,0.0,0.0,0.0,0.0,0.0,0.0,0.0,0.0,0.0,0.0,0.0,0.0,0.0,0.0,0.0,0.0,0.0,0.0,0.0,0.1901674941182136,0.4624553307890582,0.0,0.0,0.0,0.0,0.0,0.0,0.0
0.0,0.0,0.0,0.0,3.2101329118012654,0.5399761577136541,0.0,0.0,0.0,0.0,0.0,0.0,0.0,3.2651917915790776,0.1121963739395124,0.0,3.555723178386494,0.0,0.0,0.0,0.0,18.458458900451483,0.0,0.0,0.0,0.0,1.917229969426984,0.0,0.0,0.467557340860359,0.0,0.0,0.0143533572554588,0.0,0.0,0.0,0.0
0.0,0.0,0.0,0.2455663885921194,5.108469840139038,0.350214187987145,0.0,0.0,0.0,0.0,1.8534697848370032,0.0,0.0,2.6153047662226907,0.0715173952281457,0.0,6.976924693584241,0.0,0.0,0.0,0.0,11.06326894760112,0.0,0.0,0.0,0.0,1.0510520001873294,0.0,0.0,0.4669803626835244,0.0,1.0954997688531511,0.0,0.0,0.0,0.0,0.0
0.0,0.0,0.0,0.1500651054084288,8.806136805564146,0.0,0.0,0.0,0.0,0.0,1.6687701725399635,0.0,0.0,1.10222678631533,0.0415493018925168,0.0,14.338415873050518,0.0,0.0,0.0,0.0,2.529725456237384,0.0,0.0,0.0,0.0,0.0953650668263393,0.0,0.0,0.482907303422651,0.0,1.248361557722079,0.0,0.0,0.0,0.0,0.0
0.0,0.0,0.0,0.2071752343326756,17.899354182183735,0.6465622889809081,0.0,0.0,0.0,0.0,2.370413404982335,0.0,0.0,9.390656403265748,0.2236642967909551,0.0016048690304153,4.875322473049061,0.0,0.0,0.0,0.0,144.24658432006794,0.0,0.0,0.0,0.0,0.0,0.0,0.0,0.7260728523134798,0.0,4.586795568466137,1.3558489615097642,0.0,0.0,0.0,0.0
0.0,0.0,0.0,0.5671867281198483,59.15206919610486,9.879996027797455,25.744648140110076,0.0,0.0,0.0,15.21035593305712,0.0,0.0,41.84968178626141,1.3362669624388197,0.2914782613515851,16.168094348907417,0.0,0.0,0.0,0.0,673.7394111633298,0.0,0.0,0.0,0.0,0.3087720509618488,0.0,30.02637719958995,3.750970273464911,0.0,39.3634288907051,9.11162361130116,0.0,0.0,0.0,0.0
0.0,0.0,0.0,2.985569953918452,171.51804068684564,66.25675822794436,154.0759626656769,0.0,0.0,0.0,106.52544311881051,0.0,0.0,137.83154197037217,5.2889131754636765,0.8525330647826188,151.00335541963562,0.0,0.0,0.0,0.0,1683.4430938720702,0.0,0.0,0.0,26.184887196123565,3.50644099861383,0.0,319.2286843210458,27.67955273538828,0.0,177.99172693490982,37.41894258558749,0.0,0.0,0.0,0.0
0.0,0.0,0.0,8.054345607757563,361.6318142414093,196.12163522839543,418.58288941979407,0.0,0.0,0.0,347.22177708297966,0.0,0.0,351.18484091013664,12.80578151643276,1.4833797365427013,435.8724966526031,0.0,0.0,0.0,0.0,2486.008633422852,0.0,0.0,0.0,99.02513404488558,10.641706323623657,0.0,953.1351887285708,114.96931585669518,0.0,350.0296977758408,87.35112237930298,0.0,0.0,0.0,0.0
0.0,0.0,0.0,17.04300850629806,650.6133806705474,282.8908216059208,755.4546027332543,0.0,0.0,0.0,708.2739235192536,0.0,0.0,0.0,20.81220769286156,1.845199435949325,828.8790984392165,0.0,0.0,0.0,0.0,3009.508871459961,0.0,0.0,0.0,270.8111033916473,25.996808558702465,0.0,1537.316614305973,241.0520631849766,0.0,425.2955935001373,141.63797760009763,0.0,0.0,0.0,0.0
0.0,0.0,0.0,26.9531672000885,923.8932108879088,308.1185585260391,1000.6080772697926,0.0,0.0,0.0,964.7858435869216,0.0,0.0,0.0,24.803227365016937,2.6770538985729213,1072.6156824827194,0.0,0.0,0.0,0.0,3169.67763671875,0.0,0.0,0.0,440.3729437828064,41.63801696896553,0.0,1818.3403839826583,304.06993597149847,0.0,440.32408583164215,159.4134721159935,0.0,0.0,0.0,0.0
0.0,0.0,0.0,34.49902844429016,1137.5539920330048,322.01861625909805,1130.658594250679,0.0,0.0,0.0,1187.932031494379,0.0,0.0,909.5556776225568,26.33683932423592,3.372926563024521,1243.8517701864243,0.0,0.0,0.0,0.0,3223.6985290527346,0.0,0.0,0.0,530.826798915863,48.95374961495399,0.0,1936.9860504627227,331.9340338587761,0.0,431.37963712215424,170.54619359970093,0.0,0.0,0.0,0.0
0.0,0.0,0.0,38.349664092063904,1238.3947179317474,324.6070427298546,1170.0346036195756,0.0,0.0,0.0,1240.8732695221902,0.0,0.0,930.6213767826556,26.93832888007164,3.683769166469574,1340.5008355617524,0.0,0.0,0.0,0.0,3187.7011688232424,0.0,0.0,0.0,556.2202977180481,53.00554932355881,0.0,1936.4370485901832,341.3693667709828,0.0,419.06866776943207,173.2400404214859,0.0,0.0,0.0,0.0
0.0,0.0,0.0,37.63549256324768,1262.9366974830627,317.8467413187027,1156.263916361332,0.0,0.0,0.0,1170.022394835949,0.0,0.0,0.0,25.96774070262909,3.6534264087677,1349.5981771230695,0.0,0.0,0.0,0.0,3026.152099609375,0.0,0.0,0.0,560.9771508216858,53.81651272773743,0.0,1894.360885334015,337.2125231027603,0.0,399.083149433136,168.75772380828855,0.0,0.0,0.0,0.0
0.0,0.0,0.0,31.04479670524597,1092.018515586853,299.31955856084824,0.0,0.0,0.0,0.0,1022.464030584693,0.0,0.0,0.0,23.443941557407378,2.707836002111435,1368.5580709457397,0.0,0.0,0.0,0.0,2759.761312866211,0.0,0.0,0.0,0.0,0.0,0.0,1739.1417979717255,340.1920501232147,0.0,350.46544873714447,0.0,0.0,0.0,0.0,0.0
0.0,0.0,0.0,0.0,810.8254492282866,259.07857552170753,0.0,0.0,0.0,0.0,719.7360557198524,0.0,0.0,0.0,18.84518943428993,1.729300662875175,1308.237699174881,0.0,0.0,0.0,0.0,2214.032531738281,0.0,0.0,0.0,0.0,0.0,0.0,0.0,325.4806178867817,0.0,0.0,0.0,0.0,0.0,0.0,0.0
0.0,0.0,0.0,0.0,0.0,0.0,0.0,0.0,0.0,0.0,0.0,0.0,0.0,0.0,0.0,0.0,1190.6890540361403,0.0,0.0,0.0,0.0,0.0,0.0,0.0,0.0,0.0,0.0,0.0,0.0,0.0,0.0,0.0,0.0,0.0,0.0,0.0,0.0
0.0,0.0,0.0,0.0,0.0,0.0,0.0,0.0,0.0,0.0,0.0,0.0,0.0,0.0,0.0,0.0,0.0,0.0,0.0,0.0,0.0,0.0,0.0,0.0,0.0,0.0,0.0,0.0,0.0,0.0,0.0,0.0,0.0,0.0,0.0,0.0,0.0
0.0,0.0,0.0,0.0,0.0,0.0,0.0,0.0,0.0,0.0,0.0,0.0,0.0,0.0,0.0,0.0,0.0,0.0,0.0,0.0,0.0,0.0,0.0,0.0,0.0,0.0,0.0,0.0,0.0,0.0,0.0,0.0,0.0,0.0,0.0,0.0,0.0
0.0,0.0,0.0,0.0,0.0,0.0,0.0,0.0,0.0,0.0,0.0,0.0,0.0,0.0,0.0,0.0,0.0,0.0,0.0,0.0,0.0,0.0,0.0,0.0,0.0,0.0,0.0,0.0,0.0,0.0,0.0,0.0,0.0,0.0,0.0,0.0,0.0
0.0,0.0,0.0,0.0,0.0,0.0,0.0,0.0,0.0,0.0,0.0,0.0,0.0,0.0,0.0,0.0,0.0,0.0,0.0,0.0,0.0,0.0,0.0,0.0,0.0,0.0,0.0,0.0,0.0,0.0,0.0,0.0,0.0,0.0,0.0,0.0,0.0
0.0,0.0,0.0,0.0,0.0,0.0,0.0,0.0,0.0,0.0,0.0,0.0,0.0,0.0,0.0,0.0,0.0,0.0,0.0,0.0,0.0,0.0,0.0,0.0,0.0,0.0,0.0,0.0,0.0,0.0,0.0,0.0,0.0,0.0,0.0,0.0,0.0
0.0,0.0,0.0,0.0,0.0,0.0,0.0,0.0,0.0,0.0,0.0,0.0,0.0,0.0,0.0,0.0,0.0,0.0,0.0,0.0,0.0,0.0,0.0,0.0,0.0,0.0,0.0,0.0,0.0,0.0,0.0,0.0,0.0,0.0,0.0,0.0,0.0
0.0,0.0,0.0,0.0,0.0,0.0,0.0,0.0,0.0,0.0,0.0,0.0,0.0,0.0,0.0,0.0,0.0,0.0,0.0,0.0,0.0,0.0,0.0,0.0,0.0,0.0,0.0,0.0,0.0,0.0,0.0,0.0,0.0,0.0,0.0,0.0,0.0
0.0,0.0,0.0,0.0,0.0,0.0,0.0,0.0,0.0,0.0,0.0,0.0,0.0,2.6093355566263083,0.0,0.0,0.0,0.0,0.0,0.0,0.0,0.0,0.0,0.0,0.0,0.0,0.0,0.0,0.0,0.0,0.0,0.0,0.2876691129058349,0.0,0.0,0.0,0.0
0.0,0.0,0.0,0.0,0.0,0.5945092448964673,0.0,0.0,0.0,0.0,2.0285510824992152,0.0,0.0,6.915861368179211,0.0,0.0186276435852039,0.0,0.0,0.0,0.0,0.0,0.0,0.0,0.0,0.0,0.0,0.5971258457750018,0.0,0.0,0.0,0.0,0.9059755504131052,0.4945222754031417,0.0,0.0,0.0,0.0
0.0,0.0,0.0,0.0,2.6527323909102383,0.5810856581665365,4.1650818813591295,0.0,0.0,0.0,2.034323342703281,0.0,0.0,7.575513087212931,0.0,0.0104535929858672,0.0,0.0,0.0,0.0,0.0,29.330296230316037,0.0,0.0,0.0,0.0,0.5355247339233669,0.0,0.0,0.536870871484272,0.0,0.9735996574163048,0.2086104936897639,0.0,0.0,0.0,0.0
0.0,0.0,0.0,0.3058319445699424,3.317396946251276,0.2686193562112598,0.0,0.0,0.0,0.0,1.884175708656996,0.0,0.0,5.391561957076064,0.1245112638920514,0.0,8.292111432552257,0.0,0.0,0.0,0.0,8.72358312606796,0.0,0.0,0.0,0.0,0.0471162386238572,0.0,0.0,0.5212104536592695,0.0,1.0286157280206485,0.0,0.0,0.0,0.0,0.0
0.0,0.0,0.0,0.2268099393695544,4.449874974787057,0.0,0.0,0.0,0.0,0.0,1.6534368117338958,0.0,0.0,1.2395242974161158,0.0310353375971304,0.0,14.263279855251172,0.0,0.0,0.0,0.0,0.0,0.0,0.0,0.0,0.0,0.0,0.0,0.0,0.4388870902359357,0.0,1.1049771010875338,0.0,0.0,0.0,0.0,0.0
0.0,0.0,0.0,0.3166227694600766,12.7167710624635,0.4942903872579194,0.0,0.0,0.0,0.0,5.570824427530133,0.0,0.0,22.180171646177627,0.1361656967550515,0.0298136854544269,2.7679594159125074,0.0,0.0,0.0,0.0,151.9843463897701,0.0,0.0,0.0,0.0,0.0,0.0,0.0,0.6715235196053619,0.0,2.946006074547764,1.2019907953217606,0.0,0.0,0.0,0.0
0.0,0.0,0.0,0.7503199260681825,96.20572932064532,2.647370741236928,29.242121054045747,0.0,0.0,0.0,23.639223670028,0.0,0.0,82.31525238603348,0.4594337482005343,0.359529672190546,13.487895762920282,0.0,0.0,0.0,0.0,718.0812683105469,0.0,0.0,0.0,20.854335589706828,0.0,0.0,25.82150588333592,2.0579786479472784,0.0,30.77037256956095,8.077760566025962,0.0,0.0,0.0,0.0
0.0,0.0,0.0,3.4077619016170453,294.1378390192985,23.2833265773952,201.9897917881608,0.0,0.0,0.0,130.3012472804634,0.0,0.0,231.3365415111184,2.6555053509771813,0.8578162565827361,131.47252591848374,0.0,0.0,0.0,0.0,1719.7913696289063,0.0,0.0,0.0,127.19674999713892,0.7968161860480854,0.0,262.6843385621904,16.492615122720586,0.0,145.1961386203766,33.335765004158,0.0,0.0,0.0,0.0
0.0,0.0,0.0,8.997630000114437,626.5193284749985,114.15749825537203,508.2695152759552,0.0,0.0,0.0,373.1674170836806,0.0,0.0,462.7061782777309,7.287763085961339,1.3840564861893654,381.0431827306746,0.0,0.0,0.0,0.0,2500.5577758789063,0.0,0.0,0.0,335.9447559595108,3.759032618999477,0.0,713.0591046392917,72.7537205353379,0.0,337.4093179702759,83.85537368059158,0.0,0.0,0.0,0.0
0.0,0.0,0.0,18.159862577915188,1023.0418018102646,208.89208406209943,842.3202441096306,0.0,0.0,0.0,787.1969438642262,0.0,0.0,719.4929940253496,13.75017840564251,1.962195605039596,758.8213193893432,0.0,0.0,0.0,0.0,3010.22048034668,0.0,0.0,0.0,476.15216674804685,10.237486712634562,0.0,1207.0659123480318,209.3535733520985,0.0,445.87991058826447,138.70500275492668,0.0,0.0,0.0,0.0
0.0,0.0,0.0,26.165732622146603,1293.211365222931,231.83321791887283,1068.0888511359692,0.0,0.0,0.0,1068.569759774208,0.0,0.0,868.5040859878063,17.582614105939864,2.8773434907197943,996.8072402238844,0.0,0.0,0.0,0.0,3177.145184326172,0.0,0.0,0.0,545.8439408302307,20.39050477743148,0.0,1535.938061964512,287.2946908712387,0.0,472.2021176815033,157.7908769249916,0.0,0.0,0.0,0.0
0.0,0.0,0.0,32.93210458755493,1464.5022418498993,245.200899720192,1206.9386419832706,0.0,0.0,0.0,1301.8528842151163,0.0,0.0,933.1496357917786,20.809383326768877,3.759951502084731,1169.6604070186615,0.0,0.0,0.0,0.0,3233.4728302001954,0.0,0.0,0.0,587.9251866340637,34.75735968351364,0.0,1726.2150422930715,322.18409847021104,0.0,472.8255673646927,169.89046674966812,0.0,0.0,0.0,0.0
0.0,0.0,0.0,37.56368923187256,1512.0251712799072,251.60955730080605,1244.4599251151085,0.0,0.0,0.0,1364.5244746685028,0.0,0.0,940.2289249002934,22.905194771289825,4.076503664255141,1260.8185371160507,0.0,0.0,0.0,0.0,3158.080856323242,0.0,0.0,0.0,619.6012738704682,43.721551585197446,0.0,1772.0757841229438,335.5555823624134,0.0,454.33266830444336,173.32657533884048,0.0,0.0,0.0,0.0
0.0,0.0,0.0,37.90805697441101,1477.7222473621368,246.9644947946072,1209.868106687069,0.0,0.0,0.0,1298.0022696137428,0.0,0.0,917.4930761754512,23.25170055627823,4.128229081630706,1267.2547398805618,0.0,0.0,0.0,0.0,2958.7168365478515,0.0,0.0,0.0,619.9845246315002,46.48693732023239,0.0,1810.400513124466,333.0861626267433,0.0,424.9137372970581,168.8560470342636,0.0,0.0,0.0,0.0
0.0,0.0,0.0,31.26294505596161,1317.8771979808807,221.72766937315464,1130.3120740532877,0.0,0.0,0.0,1151.1154201090335,0.0,0.0,792.5797459483147,0.0,3.295129030942917,1298.8411618232726,0.0,0.0,0.0,0.0,2703.7327056884765,0.0,0.0,0.0,0.0,0.0,0.0,0.0,338.26237736344336,0.0,368.3815447092056,158.00379997491837,0.0,0.0,0.0,0.0
0.0,0.0,0.0,0.0,1080.977418422699,179.93386997282502,986.7018463969232,0.0,0.0,0.0,854.1247836977243,0.0,0.0,620.347575098276,0.0,2.3005722910165787,1251.8521013736724,0.0,0.0,0.0,0.0,2255.4924407958983,0.0,0.0,0.0,0.0,27.912099480628967,0.0,0.0,0.0,0.0,302.4083683490753,0.0,0.0,0.0,0.0,0.0
0.0,0.0,0.0,0.0,0.0,0.0,0.0,0.0,0.0,0.0,0.0,0.0,0.0,0.0,0.0,0.0,0.0,0.0,0.0,0.0,0.0,1712.0967590332032,0.0,0.0,0.0,0.0,0.0,0.0,0.0,0.0,0.0,0.0,0.0,0.0,0.0,0.0,0.0
0.0,0.0,0.0,0.0,0.0,0.0,0.0,0.0,0.0,0.0,0.0,0.0,0.0,0.0,0.0,0.0,0.0,0.0,0.0,0.0,0.0,0.0,0.0,0.0,0.0,0.0,0.0,0.0,0.0,0.0,0.0,0.0,0.0,0.0,0.0,0.0,0.0
0.0,0.0,0.0,0.0,0.0,0.0,0.0,0.0,0.0,0.0,0.0,0.0,0.0,0.0,0.0,0.0,0.0,0.0,0.0,0.0,0.0,0.0,0.0,0.0,0.0,0.0,0.0,0.0,0.0,0.0,0.0,0.0,0.0,0.0,0.0,0.0,0.0
0.0,0.0,0.0,0.0,0.0,0.0,0.0,0.0,0.0,0.0,0.0,0.0,0.0,0.0,0.0,0.0,0.0,0.0,0.0,0.0,0.0,0.0,0.0,0.0,0.0,0.0,0.0,0.0,0.0,0.0,0.0,0.0,0.0,0.0,0.0,0.0,0.0
0.0,0.0,0.0,0.0,0.0,0.0,0.0,0.0,0.0,0.0,0.0,0.0,0.0,0.0,0.0,0.0,0.0,0.0,0.0,0.0,0.0,0.0,0.0,0.0,0.0,0.0,0.0,0.0,0.0,0.0,0.0,0.0,0.0,0.0,0.0,0.0,0.0
0.0,0.0,0.0,0.0,0.0,0.0,0.0,0.0,0.0,0.0,0.0,0.0,0.0,0.0,0.0,0.0,0.0,0.0,0.0,0.0,0.0,0.0,0.0,0.0,0.0,0.0,0.0,0.0,0.0,0.0,0.0,0.0,0.0,0.0,0.0,0.0,0.0
0.0,0.0,0.0,0.0,0.0,0.0,0.0,0.0,0.0,0.0,0.0,0.0,0.0,0.0,0.0,0.0,0.0,0.0,0.0,0.0,0.0,0.0,0.0,0.0,0.0,0.0,0.0,0.0,0.0,0.0,0.0,0.0,0.0,0.0,0.0,0.0,0.0
0.0,0.0,0.0,0.0,0.0,0.0,0.0,0.0,0.0,0.0,0.0,0.0,0.0,0.0,0.0,0.0,0.0,0.0,0.0,0.0,0.0,0.0,0.0,0.0,0.0,0.0,0.0,0.0,0.0,0.0,0.0,0.0,0.0,0.0,0.0,0.0,0.0
0.0,0.0,0.0,0.0,0.0,0.0,0.0,0.0,0.0,0.0,0.0,0.0,0.0,2.623547283001219,0.0,0.0,0.0,0.0,0.0,0.0,0.0,0.0,0.0,0.0,0.0,0.0,0.0,0.0,0.0,0.0,0.0,0.0,0.0,0.0,0.0,0.0,0.0
0.0,0.0,0.0,0.0,2.1699614673850927,1.0774656189605496,0.0,0.0,0.0,0.0,0.0,0.0,0.0,5.178932338021686,0.0,0.0,1.690744256973188,0.0,0.0,0.0,0.0,10.23344335556016,0.0,0.0,0.0,0.0,0.0,0.0,0.1946639686822891,0.0,0.0,0.0,0.0,0.0,0.0,0.0,0.0
0.0,0.0,0.0,0.0,2.6876528151332137,1.129835113882998,0.0,0.0,0.0,0.0,0.0,0.0,0.0,3.4880555607377057,0.0,0.0022220816463222,3.052691829204372,0.0,0.0,0.0,0.0,8.358442211151038,0.0,0.0,0.0,3.16741003915666,0.6369709763675889,0.0,0.0,0.0,0.0,0.0,0.0,0.0,0.0,0.0,0.0
0.0,0.0,0.0,0.472931979224081,3.220973614603081,0.7798932981677306,0.0,0.0,0.0,0.0,1.931060489546476,0.0,0.0,4.798968532122658,0.0,0.0,6.673806631564979,0.0,0.0,0.0,0.0,0.0,0.0,0.0,0.0,0.0,0.1669645924121086,0.0,0.0,0.0,0.0,1.1314221322536329,0.0,0.0,0.0,0.0,0.0
0.0,0.0,0.0,0.2367426026612468,4.908045917749329,0.2087810393422659,0.0,0.0,0.0,0.0,1.7131661430000618,0.0,0.0,3.247301233932272,0.0666838064789769,0.0,13.5168225169181,0.0,0.0,0.0,0.0,2.081422042846638,0.0,0.0,0.0,0.0,0.0139265350997402,0.0,0.0,0.5346244640648056,0.0,1.3963478803634486,0.0,0.0,0.0,0.0,0.0
0.0,0.0,0.0,0.3314304165542092,13.952644683420464,1.3380684978328563,0.0,0.0,0.0,0.0,6.483100062422399,0.0,0.0,18.322430530097336,0.0864852279424637,0.0776025033555914,3.9063987851141095,0.0,0.0,0.0,0.0,238.16361160278288,0.0,0.0,0.0,0.0,0.6402603698894349,0.0,0.0,0.8483482934534269,0.0,3.072682976722702,0.0,0.0,0.0,0.0,0.0
0.0,0.0,0.0,0.9231797829270322,97.78620564937587,6.588318905327433,32.92182136476035,0.0,0.0,0.0,30.41648014672097,0.0,0.0,71.8461578339337,0.3620309069752666,0.4757776409387586,16.20903306007384,0.0,0.0,0.0,0.0,969.936696624756,0.0,0.0,0.0,38.40281708538528,3.382442194223404,0.0,12.78646174520254,2.5163834162056378,0.0,14.619473457336396,7.018683638423675,0.0,0.0,0.0,0.0
0.0,0.0,0.0,2.9017264917492853,307.608451783657,40.330840107053504,217.862085057795,0.0,0.0,0.0,137.39632982872425,0.0,0.0,213.23673717677596,2.14321162998676,1.1862818971276272,152.45104140043256,0.0,0.0,0.0,0.0,2023.97184753418,0.0,0.0,0.0,210.27539671659468,10.539779114723205,0.0,179.25186032056786,15.726137689501014,0.0,90.14108222723004,28.59106683731079,0.0,0.0,0.0,0.0
0.0,0.0,0.0,7.309335693717002,660.27166056633,138.44899977743623,534.224576178193,0.0,0.0,0.0,362.0715903118252,0.0,0.0,436.0695051401853,5.728131392598152,1.9610555917024608,433.02633694410326,0.0,0.0,0.0,0.0,2766.516165161133,0.0,0.0,0.0,493.7689428806305,24.757898962497716,0.0,724.1318990588187,69.06940734982489,0.0,277.6236509680748,77.233382999897,0.0,0.0,0.0,0.0
0.0,0.0,0.0,14.936622858047484,1112.5847063064575,232.5173172652721,889.7242433786392,0.0,0.0,0.0,733.0172381669283,0.0,0.0,696.7238224297762,12.024328583478926,2.787653788924217,818.9043937206267,0.0,0.0,0.0,0.0,3276.5887237548827,0.0,0.0,0.0,670.0989088058471,46.6244693994522,0.0,1279.574922323227,205.28757006525996,0.0,385.662278175354,131.42835053801537,0.0,0.0,0.0,0.0
0.0,0.0,0.0,22.323260307312008,1389.2223205566406,256.345957249403,1116.2528012931348,0.0,0.0,0.0,984.8607643902302,0.0,0.0,841.0658885538578,15.86099978685379,4.118818014860152,1069.823637866974,0.0,0.0,0.0,0.0,3499.018920898437,0.0,0.0,0.0,728.5343943119049,60.21251239776611,0.0,1583.9538128614429,286.57954252958297,0.0,394.287771821022,147.8774333000183,0.0,0.0,0.0,0.0
0.0,0.0,0.0,27.63657748699188,1562.7966618537905,269.36705178022385,1240.024339658022,0.0,0.0,0.0,1175.0379719078542,0.0,0.0,909.2274564504625,18.033194643259048,5.330494314432144,1250.2573302030564,0.0,0.0,0.0,0.0,3564.225653076172,0.0,0.0,0.0,741.208263874054,68.38719863891602,0.0,1747.9409078121184,323.403965061903,0.0,383.9171931743622,160.0306904911995,0.0,0.0,0.0,0.0
0.0,0.0,0.0,28.568254351615906,1627.9696822166443,271.33881744742393,1283.3040957927703,0.0,0.0,0.0,1214.861108672619,0.0,0.0,909.7274816036224,18.81199790239334,6.077896356582642,1354.595028734207,0.0,0.0,0.0,0.0,3511.541607666016,0.0,0.0,0.0,734.6704441070557,70.81818071603774,0.0,1759.8701922774314,337.5890760481358,0.0,374.1078448295593,164.9330027103424,0.0,0.0,0.0,0.0
0.0,0.0,0.0,26.169058561325077,1607.945065498352,262.8571565449238,1260.9997820198537,0.0,0.0,0.0,1141.3781511425973,0.0,0.0,865.7928243279457,18.721090972423557,6.248147130012512,1364.2012850522997,0.0,0.0,0.0,0.0,3335.263864135742,0.0,0.0,0.0,705.8693566799163,68.7703065752983,0.0,1661.8448476314545,335.9226224899292,0.0,362.77372694015503,161.99939042329788,0.0,0.0,0.0,0.0
0.0,0.0,0.0,20.18052214384079,1454.2693436145782,236.80336400866508,0.0,0.0,0.0,0.0,1014.0725712895394,0.0,0.0,740.4294987767934,14.35460844039917,5.302511006593703,1381.6104106903076,0.0,0.0,0.0,0.0,3024.2780151367188,0.0,0.0,0.0,667.5422348499299,60.16782339811325,0.0,1419.0598830580711,340.59119015336034,0.0,311.6703368425369,0.0,0.0,0.0,0.0,0.0
0.0,0.0,0.0,15.52064484357834,1237.876476764679,191.32142947614196,0.0,0.0,0.0,0.0,0.0,0.0,0.0,578.7359134107828,0.0,4.138406097888946,1319.1435757160186,0.0,0.0,0.0,0.0,2474.2415557861327,0.0,0.0,0.0,0.0,0.0,0.0,0.0,0.0,0.0,0.0,0.0,0.0,0.0,0.0,0.0
0.0,0.0,0.0,0.0,0.0,0.0,0.0,0.0,0.0,0.0,0.0,0.0,0.0,0.0,0.0,0.0,1204.019875073433,0.0,0.0,0.0,0.0,0.0,0.0,0.0,0.0,0.0,0.0,0.0,0.0,0.0,0.0,0.0,0.0,0.0,0.0,0.0,0.0
0.0,0.0,0.0,0.0,0.0,0.0,0.0,0.0,0.0,0.0,0.0,0.0,0.0,0.0,0.0,0.0,1074.6534252166748,0.0,0.0,0.0,0.0,0.0,0.0,0.0,0.0,0.0,0.0,0.0,0.0,0.0,0.0,0.0,0.0,0.0,0.0,0.0,0.0
0.0,0.0,0.0,0.0,0.0,0.0,0.0,0.0,0.0,0.0,0.0,0.0,0.0,0.0,0.0,0.0,0.0,0.0,0.0,0.0,0.0,0.0,0.0,0.0,0.0,0.0,0.0,0.0,0.0,0.0,0.0,0.0,0.0,0.0,0.0,0.0,0.0
0.0,0.0,0.0,0.0,0.0,0.0,0.0,0.0,0.0,0.0,0.0,0.0,0.0,0.0,0.0,0.0,0.0,0.0,0.0,0.0,0.0,0.0,0.0,0.0,0.0,0.0,0.0,0.0,0.0,0.0,0.0,0.0,0.0,0.0,0.0,0.0,0.0
0.0,0.0,0.0,0.0,0.0,0.0,0.0,0.0,0.0,0.0,0.0,0.0,0.0,0.0,0.0,0.0,0.0,0.0,0.0,0.0,0.0,0.0,0.0,0.0,0.0,0.0,0.0,0.0,0.0,0.0,0.0,0.0,0.0,0.0,0.0,0.0,0.0
0.0,0.0,0.0,0.0,0.0,0.0,0.0,0.0,0.0,0.0,0.0,0.0,0.0,0.0,0.0,0.0,0.0,0.0,0.0,0.0,0.0,0.0,0.0,0.0,0.0,0.0,0.0,0.0,0.0,0.0,0.0,0.0,0.0,0.0,0.0,0.0,0.0
0.0,0.0,0.0,0.0,0.0,0.0,0.0,0.0,0.0,0.0,0.0,0.0,0.0,0.0,0.0,0.0,0.0,0.0,0.0,0.0,0.0,0.0,0.0,0.0,0.0,0.0,0.0,0.0,0.0,0.0,0.0,0.0,0.0,0.0,0.0,0.0,0.0
0.0,0.0,0.0,0.0,0.0,0.0,0.0,0.0,0.0,0.0,0.0,0.0,0.0,0.0,0.0,0.0,0.0,0.0,0.0,0.0,0.0,0.0,0.0,0.0,0.0,0.0,0.0,0.0,0.0,0.0,0.0,0.0,0.0,0.0,0.0,0.0,0.0
0.0,0.0,0.0,0.0,0.0,0.0,0.0,0.0,0.0,0.0,0.0,0.0,0.0,0.0,0.0,0.0,0.0,0.0,0.0,0.0,0.0,0.0,0.0,0.0,0.0,0.0,0.0,0.0,0.0866111323237419,0.0,0.0,0.0,0.0,0.0,0.0,0.0,0.0
0.0,0.0,0.0,0.0,0.0,0.0,0.0,0.0,0.0,0.0,2.2908032568170253,0.0,0.0,0.0,0.0,0.0,0.2157862305639628,0.0,0.0,0.0,0.0,0.0,0.0,0.0,0.0,0.0,0.0,0.0,0.1881057918071746,0.0,0.0,0.0,0.0,0.0,0.0,0.0,0.0
0.0,0.0,0.0,0.6756969951093148,0.0,1.0704151275567635,0.0,0.0,0.0,0.0,2.180821992875884,0.0,0.0,0.0,0.0726630941033337,0.0291064679622638,1.197947585582568,0.0,0.0,0.0,0.0,0.0,0.0,0.0,0.0,0.0,0.0,0.0,0.0,0.0,0.0,1.2895675450563064,0.0,0.0,0.0,0.0,0.0
0.0,0.0,0.0,0.7064130250364538,3.399388998746858,0.5863742544315724,0.0,0.0,0.0,0.0,2.001058680191438,0.0,0.0,1.795576941221856,0.0287559695541842,0.0,4.82543607950197,0.0,0.0,0.0,0.0,6.390797805785902,0.0,0.0,0.0,0.0,0.5370579916983825,0.0,0.0,0.5686310306191205,0.0,1.376088008284556,0.0,0.0,0.0,0.0,0.0
0.0,0.0,0.0,0.2843058425933094,5.145386561751312,0.1510892654769063,0.0,0.0,0.0,0.0,1.7145244465208254,0.0,0.0,1.6450549848376963,0.0148402132093893,0.0,11.805731475353063,0.0,0.0,0.0,0.0,0.0,0.0,0.0,0.0,0.0,0.0,0.0,0.0,0.5286965258419496,0.0,1.5542869716882677,0.0,0.0,0.0,0.0,0.0
0.0,0.0,0.0,0.4346790593117466,13.11868898570524,0.6160482778213616,0.0,0.0,0.0,0.0,2.332683928869528,0.0,0.0,8.099232986569387,0.1090202696621415,0.0,2.260331654548484,0.0,0.0,0.0,0.0,129.77914447784408,0.0,0.0,0.0,0.0,0.4345060477033192,0.0,0.0,0.7503176510333881,0.0,4.32776792347429,0.9591819271445032,0.0,0.0,0.0,0.0
0.0,0.0,0.0,0.9042272996157376,71.66755712032312,3.238388631027192,11.556566447019478,0.0,0.0,0.0,12.096137851010882,0.0,0.0,23.54520867578681,0.8583507455885399,0.2578793223947278,13.49684344530095,0.0,0.0,0.0,0.0,586.1758697509764,0.0,0.0,0.0,15.332241037487965,3.286076234281057,0.0,17.62288156747792,3.6481363609433073,0.0,24.795881167054148,7.617208812385792,0.0,0.0,0.0,0.0
0.0,0.0,0.0,3.451613485813137,223.48957991600037,28.90343025326728,129.5930232822894,0.0,0.0,0.0,76.43042107522486,0.0,0.0,54.798499243333936,4.020695391297338,0.7041013427078722,132.27420148849478,0.0,0.0,0.0,0.0,1505.9325286865233,0.0,0.0,0.0,89.73702977895735,10.967542394995686,0.0,184.5706399425864,23.300862422585457,0.0,121.4816197156906,31.116821110248544,0.0,0.0,0.0,0.0
0.0,0.0,0.0,8.999423235654831,498.9976958036423,140.62023343145847,409.9022502154112,0.0,0.0,0.0,275.9728283464907,0.0,0.0,108.06389605626453,10.389834451675416,1.3633052408695214,388.1874781131743,0.0,0.0,0.0,0.0,2382.67541809082,0.0,0.0,0.0,210.5781373620033,27.582357877492903,0.0,582.4494385540485,95.1162348553538,0.0,307.7152079343796,78.32180190086363,0.0,0.0,0.0,0.0
0.0,0.0,0.0,18.35336202383041,884.5882948637008,229.60982185602188,732.9334645092487,0.0,0.0,0.0,598.1045483142137,0.0,0.0,211.23067304491997,17.74449003338814,1.8713145554065704,757.6139338374138,0.0,0.0,0.0,0.0,2933.8140563964844,0.0,0.0,0.0,409.64556233882905,49.45705544948578,0.0,1032.4094097614286,229.27383570075037,0.0,416.3788456916809,128.80434289574623,0.0,0.0,0.0,0.0
0.0,0.0,0.0,28.83346104621887,1181.5613570213318,254.1894408464432,987.8372394979,0.0,0.0,0.0,807.5695471614599,0.0,0.0,278.1163209676742,22.65994983315468,3.023076325654983,1010.3746232748032,0.0,0.0,0.0,0.0,3131.4091033935547,0.0,0.0,0.0,505.6841708183289,61.980598866939545,0.0,1383.558861541748,295.2644406378269,0.0,427.0208716392517,145.19878029823303,0.0,0.0,0.0,0.0
0.0,0.0,0.0,36.586620688438416,1364.2069997787476,271.12513786554337,1146.2448406279086,0.0,0.0,0.0,994.645635432005,0.0,0.0,344.9581301957368,24.89822439551353,3.936981916427612,1190.145819401741,0.0,0.0,0.0,0.0,3225.010659790039,0.0,0.0,0.0,552.6349462032318,69.03849325180053,0.0,1616.2764355540276,322.15869971513746,0.0,423.41935980319977,157.96468025445938,0.0,0.0,0.0,0.0
0.0,0.0,0.0,39.64435613155365,1453.9705572128296,277.1328102350235,1211.5924571931362,0.0,0.0,0.0,1052.2844930797812,0.0,0.0,426.0644042491913,25.42685995101929,4.666836470365524,1289.6489503145217,0.0,0.0,0.0,0.0,3194.658096313477,0.0,0.0,0.0,550.6532829761505,70.73613089323044,0.0,1692.243686079979,335.42619866728785,0.0,410.7134373188019,163.51933127641678,0.0,0.0,0.0,0.0
0.0,0.0,0.0,37.31591784954071,1466.0009665489197,272.7692916691303,1219.1586921572684,0.0,0.0,0.0,971.870144468546,0.0,0.0,0.0,24.203503561019897,4.963941574096679,1293.4862803459168,0.0,0.0,0.0,0.0,3055.027938842773,0.0,0.0,0.0,563.9821081161499,67.96890140771866,0.0,1692.2122696638107,333.8051535844803,0.0,382.9115643501282,0.0,0.0,0.0,0.0,0.0
0.0,0.0,0.0,27.447688162326813,0.0,246.48750150203705,0.0,0.0,0.0,0.0,804.9761155754327,0.0,0.0,0.0,20.787395113706587,4.150370329618453,1313.9432562589643,0.0,0.0,0.0,0.0,0.0,0.0,0.0,0.0,0.0,0.0,0.0,1502.5980186343193,338.4137155175209,0.0,325.2108745574951,0.0,0.0,0.0,0.0,0.0
0.0,0.0,0.0,17.687324225902554,0.0,202.1863136589527,0.0,0.0,0.0,0.0,582.3511771738528,0.0,0.0,0.0,14.876111948490143,0.0,1256.4441009998322,0.0,0.0,0.0,0.0,0.0,0.0,0.0,0.0,0.0,0.0,0.0,0.0,323.33596950173376,0.0,247.50688689947128,0.0,0.0,0.0,0.0,0.0
0.0,0.0,0.0,0.0,0.0,0.0,0.0,0.0,0.0,0.0,0.0,0.0,0.0,0.0,0.0,0.0,1143.0447290658951,0.0,0.0,0.0,0.0,0.0,0.0,0.0,0.0,0.0,0.0,0.0,0.0,306.4738906502724,0.0,0.0,0.0,0.0,0.0,0.0,0.0
0.0,0.0,0.0,0.0,0.0,0.0,0.0,0.0,0.0,0.0,0.0,0.0,0.0,0.0,0.0,0.0,0.0,0.0,0.0,0.0,0.0,0.0,0.0,0.0,0.0,0.0,0.0,0.0,0.0,0.0,0.0,0.0,0.0,0.0,0.0,0.0,0.0
0.0,0.0,0.0,0.0,0.0,0.0,0.0,0.0,0.0,0.0,0.0,0.0,0.0,0.0,0.0,0.0,0.0,0.0,0.0,0.0,0.0,0.0,0.0,0.0,0.0,0.0,0.0,0.0,0.0,0.0,0.0,0.0,0.0,0.0,0.0,0.0,0.0
0.0,0.0,0.0,0.0,0.0,0.0,0.0,0.0,0.0,0.0,0.0,0.0,0.0,0.0,0.0,0.0,0.0,0.0,0.0,0.0,0.0,0.0,0.0,0.0,0.0,0.0,0.0,0.0,0.0,0.0,0.0,0.0,0.0,0.0,0.0,0.0,0.0
0.0,0.0,0.0,0.0,0.0,0.0,0.0,0.0,0.0,0.0,0.0,0.0,0.0,0.0,0.0,0.0,0.0,0.0,0.0,0.0,0.0,0.0,0.0,0.0,0.0,0.0,0.0,0.0,0.0,0.0,0.0,0.0,0.0,0.0,0.0,0.0,0.0
0.0,0.0,0.0,0.0,0.0,0.0,0.0,0.0,0.0,0.0,0.0,0.0,0.0,0.0,0.0,0.0,0.0,0.0,0.0,0.0,0.0,0.0,0.0,0.0,0.0,0.0,0.0,0.0,0.0,0.0,0.0,0.0,0.0,0.0,0.0,0.0,0.0
0.0,0.0,0.0,0.0,0.0,0.0,0.0,0.0,0.0,0.0,0.0,0.0,0.0,0.0,0.0,0.0,0.0,0.0,0.0,0.0,0.0,0.0,0.0,0.0,0.0,0.0,0.0,0.0,0.0,0.0,0.0,0.0,0.0,0.0,0.0,0.0,0.0
0.0,0.0,0.0,0.0,0.0,0.0,0.0,0.0,0.0,0.0,0.0,0.0,0.0,0.0,0.0,0.0,0.0,0.0,0.0,0.0,0.0,0.0,0.0,0.0,0.0,0.0,0.0,0.0,0.0,0.0,0.0,0.0,0.0,0.0,0.0,0.0,0.0
0.0,0.0,0.0,0.0,0.0,0.0,0.0,0.0,0.0,0.0,0.0,0.0,0.0,0.0,0.0,0.0,0.0,0.0,0.0,0.0,0.0,0.0,0.0,0.0,0.0,0.0,0.0,0.0,0.1635420814156532,0.0,0.0,0.0,0.0,0.0,0.0,0.0,0.0
0.0,0.0,0.0,0.0,2.712130613624933,0.0,0.0,0.0,0.0,0.0,2.05188593175259,0.0,0.0,0.0,0.0,0.0,0.0,0.0,0.0,0.0,0.0,0.0,0.0,0.0,0.0,0.8448656013235262,0.2270459819585039,0.0,0.3788034379480833,0.0,0.0,0.0,0.0,0.0,0.0,0.0,0.0
0.0,0.0,0.0,0.3415863104164585,3.0485845655201684,0.6432027537375542,0.0,0.0,0.0,0.0,2.057603096961915,0.0,0.0,14.809909176546975,0.0826087854802579,0.0,0.6937518119811786,0.0,0.0,0.0,0.0,11.445181560516176,0.0,0.0,0.0,0.0,0.0,0.0,0.0,0.0,0.0,0.9774255752563232,0.0,0.0,0.0,0.0,0.0
0.0,0.0,0.0,0.3626386970281552,4.001052930951099,0.5497549460269427,0.0,0.0,0.0,0.0,1.8494520883075372,0.0,0.0,10.115019134245808,0.0261653982102864,0.0,4.98177537918075,0.0,0.0,0.0,0.0,1.3707043647763608,0.0,0.0,0.0,0.0,0.0,0.0,0.0,0.3721772834658235,0.0,1.0869598537683385,0.0,0.0,0.0,0.0,0.0
0.0,0.0,0.0,0.1804378591477834,5.399680953472784,0.1949994182213985,0.0,0.0,0.0,0.0,1.7067051953635528,0.0,0.0,0.0,0.0,0.0048359520733355,13.49261474609375,0.0,0.0,0.0,0.0,0.652941894531072,0.0,0.0,0.0,0.0,0.0,0.0,0.0,0.3839072205125977,0.0,1.2864861786365065,0.0,0.0,0.0,0.0,0.0
0.0,0.0,0.0,0.2607828490436066,11.676495172083344,1.3612866746261387,0.0,0.0,0.0,0.0,3.589582993090078,0.0,0.0,0.0,0.1428365617990482,0.1617286652326579,5.55160791873918,0.0,0.0,0.0,0.0,197.7416126251217,0.0,0.0,0.0,0.0,0.0,0.0,0.0,0.6709934026002692,0.0,3.165047720074607,1.2581574469804513,0.0,0.0,0.0,0.0
0.0,0.0,0.0,0.7081811428070064,73.55687031149847,9.305552510544617,18.399921021610417,0.0,0.0,0.0,17.889423152524856,0.0,0.0,75.40792658925048,1.0338263880461442,0.6829274594783772,19.395388555526605,0.0,0.0,0.0,0.0,780.1522361755369,0.0,0.0,0.0,48.20237996280193,2.250186246633529,0.0,32.87050535529847,3.244468370079993,0.0,20.13119475543494,7.8805989213287635,0.0,0.0,0.0,0.0
0.0,0.0,0.0,3.643590852618216,223.7921500205992,51.5626908279955,124.69997812584045,0.0,0.0,0.0,109.45639511793853,0.0,0.0,231.6426157206296,4.703331600129604,1.511942639946937,152.71125961542114,0.0,0.0,0.0,0.0,1791.601397705078,0.0,0.0,0.0,235.1932505846024,7.906436643004417,0.0,344.65740646123885,26.567349685728527,0.0,104.43604788184166,32.25855809450149,0.0,0.0,0.0,0.0
0.0,0.0,0.0,9.859997063875198,483.9885979294775,144.4369914829731,373.5294158905744,0.0,0.0,0.0,343.07846396565424,0.0,0.0,475.20070701837534,12.224952721595765,2.536423906683922,427.9916721820831,0.0,0.0,0.0,0.0,2548.6503143310547,0.0,0.0,0.0,507.1947247028351,20.270753183960903,0.0,897.5113243281841,111.89516441524027,0.0,290.7948552966118,78.16082599759102,0.0,0.0,0.0,0.0
0.0,0.0,0.0,20.455717742443085,840.8804099559783,222.2259534448385,676.2174829185008,0.0,0.0,0.0,724.5707177817822,0.0,0.0,753.309334591031,20.584281349182127,3.4908366799354558,801.7574474334716,0.0,0.0,0.0,0.0,3052.7293334960937,0.0,0.0,0.0,695.3354788303375,41.80965257883072,0.0,1451.216469991207,241.81847764849664,0.0,409.6203281879425,127.96865659952164,0.0,0.0,0.0,0.0
0.0,0.0,0.0,32.34305489063263,1110.4486799240112,237.8210898637772,901.7340422868728,0.0,0.0,0.0,977.9757548183202,0.0,0.0,906.97024166584,24.24465352892876,4.891660660505294,1029.8002868652345,0.0,0.0,0.0,0.0,3211.2282623291017,0.0,0.0,0.0,739.2957246780395,55.46326870918274,0.0,1724.4569796442986,301.7614140689373,0.0,421.3279058933258,139.79520300030703,0.0,0.0,0.0,0.0
0.0,0.0,0.0,40.20128464698792,1273.8240501880646,251.10438033938408,1061.206408774853,0.0,0.0,0.0,1194.0006858170032,0.0,0.0,984.0531432628632,25.92811798453331,5.880465805530547,1198.3629786729812,0.0,0.0,0.0,0.0,3274.0043884277343,0.0,0.0,0.0,741.4421227455139,63.214278650283816,0.0,1839.7563265562055,325.04188016653063,0.0,415.0169086456299,149.42528188228607,0.0,0.0,0.0,0.0
0.0,0.0,0.0,43.50065326690674,1327.6445746421814,254.90164402127263,1126.8864925205708,0.0,0.0,0.0,1236.5578904986382,0.0,0.0,997.5324265658855,25.7552416741848,6.46540093421936,1287.3015932559967,0.0,0.0,0.0,0.0,3227.4263275146486,0.0,0.0,0.0,711.0894592285156,65.10394144058228,0.0,1828.1870742201804,331.7214950144291,0.0,397.2662286758423,153.77502804994583,0.0,0.0,0.0,0.0
0.0,0.0,0.0,42.68601989746094,1310.3282063007357,248.0588408410549,1113.2201602458954,0.0,0.0,0.0,1161.7169854462147,0.0,0.0,970.8558297157288,24.63931789398193,6.614071071147919,1293.1756854534149,0.0,0.0,0.0,0.0,3072.1030212402343,0.0,0.0,0.0,669.0014302253724,63.59778460264206,0.0,1763.981187415123,325.47323725223544,0.0,378.4758678674698,0.0,0.0,0.0,0.0,0.0
0.0,0.0,0.0,35.92212760448456,1108.3743278980255,223.31408524513245,1041.878433316946,0.0,0.0,0.0,1015.9084382236002,0.0,0.0,849.643432199955,21.570434921979903,5.669232279062271,1309.3879053592682,0.0,0.0,0.0,0.0,2808.183038330078,0.0,0.0,0.0,632.9692908287049,0.0,0.0,1557.6535600662232,329.05558638572694,0.0,324.6155563592911,0.0,0.0,0.0,0.0,0.0
0.0,0.0,0.0,25.575601994991302,810.0754562616348,182.7203273028135,875.9619879305362,0.0,0.0,0.0,728.40349855721,0.0,0.0,0.0,15.92349045574665,4.520782262086867,1248.4576203346253,0.0,0.0,0.0,0.0,2234.79521484375,0.0,0.0,0.0,571.5236798763275,0.0,0.0,0.0,0.0,0.0,250.91140657663345,0.0,0.0,0.0,0.0,0.0
0.0,0.0,0.0,0.0,0.0,0.0,0.0,0.0,0.0,0.0,0.0,0.0,0.0,0.0,0.0,0.0,1125.5283538103104,0.0,0.0,0.0,0.0,0.0,0.0,0.0,0.0,0.0,0.0,0.0,0.0,304.32472016215326,0.0,0.0,0.0,0.0,0.0,0.0,0.0
0.0,0.0,0.0,0.0,0.0,0.0,0.0,0.0,0.0,0.0,0.0,0.0,0.0,0.0,0.0,0.0,0.0,0.0,0.0,0.0,0.0,0.0,0.0,0.0,0.0,0.0,0.0,0.0,0.0,0.0,0.0,0.0,0.0,0.0,0.0,0.0,0.0
0.0,0.0,0.0,0.0,0.0,0.0,0.0,0.0,0.0,0.0,0.0,0.0,0.0,0.0,0.0,0.0,0.0,0.0,0.0,0.0,0.0,0.0,0.0,0.0,0.0,0.0,0.0,0.0,0.0,0.0,0.0,0.0,0.0,0.0,0.0,0.0,0.0
0.0,0.0,0.0,0.0,0.0,0.0,0.0,0.0,0.0,0.0,0.0,0.0,0.0,0.0,0.0,0.0,0.0,0.0,0.0,0.0,0.0,0.0,0.0,0.0,0.0,0.0,0.0,0.0,0.0,0.0,0.0,0.0,0.0,0.0,0.0,0.0,0.0
0.0,0.0,0.0,0.0,0.0,0.0,0.0,0.0,0.0,0.0,0.0,0.0,0.0,0.0,0.0,0.0,0.0,0.0,0.0,0.0,0.0,0.0,0.0,0.0,0.0,0.0,0.0,0.0,0.0,0.0,0.0,0.0,0.0,0.0,0.0,0.0,0.0
0.0,0.0,0.0,0.0,0.0,0.0,0.0,0.0,0.0,0.0,0.0,0.0,0.0,0.0,0.0,0.0,0.0,0.0,0.0,0.0,0.0,0.0,0.0,0.0,0.0,0.0,0.0,0.0,0.0,0.0,0.0,0.0,0.0,0.0,0.0,0.0,0.0
0.0,0.0,0.0,0.0,0.0,0.0,0.0,0.0,0.0,0.0,0.0,0.0,0.0,0.0,0.0,0.0,0.0,0.0,0.0,0.0,0.0,0.0,0.0,0.0,0.0,0.0,0.0,0.0,0.0,0.0,0.0,0.0,0.0,0.0,0.0,0.0,0.0
0.0,0.0,0.0,0.0,0.0,0.0,0.0,0.0,0.0,0.0,0.0,0.0,0.0,0.0,0.0,0.0,0.0,0.0,0.0,0.0,0.0,0.0,0.0,0.0,0.0,0.0,0.0,0.0,0.0,0.0,0.0,0.0,0.0,0.0,0.0,0.0,0.0
0.0,0.0,0.0,0.0,0.0,0.0,0.0,0.0,0.0,0.0,0.0,0.0,0.0,0.8371916040777998,0.0,0.0,0.0,0.0,0.0,0.0,0.0,0.0,0.0,0.0,0.0,0.0,0.0,0.0,0.0,0.0,0.0,0.0,0.0,0.0,0.0,0.0,0.0
0.0,0.0,0.0,0.0,2.83913099393238,0.0,0.0,0.0,0.0,0.0,0.0,0.0,0.0,0.0,0.0,0.0,0.0,0.0,0.0,0.0,0.0,16.749341392516648,0.0,0.0,0.0,0.0,0.0,0.0,0.4521411344407276,0.3061498925089648,0.0,0.0,0.5683195432647812,0.0,0.0,0.0,0.0
0.0,0.0,0.0,0.0,3.213134255260073,0.7140665338374315,0.7573839459567944,0.0,0.0,0.0,2.0585354737936146,0.0,0.0,5.933915008790733,0.0,0.0,1.8957442402838032,0.0,0.0,0.0,0.0,21.859956169128232,0.0,0.0,0.0,0.0,0.0,0.0,0.0,0.3596155606209869,0.0,1.0392412841319767,0.2193678710609583,0.0,0.0,0.0,0.0
0.0,0.0,0.0,0.0,4.397918034344811,0.497709802817511,0.0,0.0,0.0,0.0,1.88207044415158,0.0,0.0,1.1647669179364757,0.0,0.0,5.509259641170357,0.0,0.0,0.0,0.0,9.815814495086348,0.0,0.0,0.0,2.7103434080257576,1.20950378812849,0.0,0.0,0.4034805461764255,0.0,1.1231872141360808,0.0,0.0,0.0,0.0,0.0
0.0,0.0,0.0,0.1072975117713152,6.218304771929872,0.0521553396246893,0.0,0.0,0.0,0.0,1.6772378494031208,0.0,0.0,0.0,0.1024965070188029,0.0,12.978184294700446,0.0,0.0,0.0,0.0,0.0,0.0,0.0,0.0,0.0,0.5942553201690307,0.0,0.0,0.4197560168802636,0.0,1.324265435337982,0.0,0.0,0.0,0.0,0.0
0.0,0.0,0.0,0.3000845946371496,15.270577359944456,0.7922885236330112,0.0,0.0,0.0,0.0,2.9457884454633616,0.0,0.0,5.746604739688234,0.2261344403028485,0.1158516034483898,3.1325468301771875,0.0,0.0,0.0,0.0,161.7240856170654,0.0,0.0,0.0,0.3326122939586151,0.46373598612844,0.0,0.0,0.6696022115647753,0.0,3.2669884711503605,1.0880559738725333,0.0,0.0,0.0,0.0
0.0,0.0,0.0,0.8286899663507906,81.828170865774,7.705770021304486,23.893738317117023,0.0,0.0,0.0,17.0398583357222,0.0,0.0,40.867607393302016,1.4258392486721263,0.5073681175708769,12.0276462554931,0.0,0.0,0.0,0.0,754.8254104614257,0.0,0.0,0.0,26.99999659955494,1.5275754384696396,0.0,4.576900589465946,2.921404523402445,0.0,18.463543102145177,6.996166877448544,0.0,0.0,0.0,0.0
0.0,0.0,0.0,3.8166297674179073,236.73752176761616,46.43146668747068,152.6618778400123,0.0,0.0,0.0,99.70126689709709,0.0,0.0,145.04169845953578,5.46125965565443,1.246889442205429,116.68562278747544,0.0,0.0,0.0,0.0,1804.1708007812497,0.0,0.0,0.0,130.33365666866302,4.683979677408929,0.0,99.97078658193348,25.51981505304572,0.0,95.80423900485036,29.3618475794792,0.0,0.0,0.0,0.0
0.0,0.0,0.0,9.98033508658409,527.6788570880888,143.4068238288164,388.8473403096199,0.0,0.0,0.0,323.97433391958475,0.0,0.0,365.9985413029789,13.271768447756768,2.241386711597442,356.17144484519946,0.0,0.0,0.0,0.0,2575.127053833008,0.0,0.0,0.0,400.97771031856536,11.10235494226217,0.0,559.5928962171075,109.09245631098749,0.0,280.9197173118592,85.58111220598221,0.0,0.0,0.0,0.0
0.0,0.0,0.0,20.154202878475186,946.4383412599562,233.2051957249641,695.4001229822635,0.0,0.0,0.0,707.8029884576797,0.0,0.0,639.6484367549418,21.072815090417865,3.134058222174644,744.0412189483643,0.0,0.0,0.0,0.0,3124.361459350586,0.0,0.0,0.0,612.307073545456,21.171286278963084,0.0,1164.3026720702649,238.5517150759697,0.0,403.0992418527603,143.42517250776288,0.0,0.0,0.0,0.0
0.0,0.0,0.0,32.32164692878723,1242.0413246154783,257.2498040497303,934.3184552490712,0.0,0.0,0.0,964.8870149493216,0.0,0.0,819.9348182976246,25.36612561941147,4.476817458868027,1011.3118010759353,0.0,0.0,0.0,0.0,3367.668685913086,0.0,0.0,0.0,672.896978521347,37.37045748233795,0.0,1558.9769765973092,302.1983007729053,0.0,427.3326861858368,165.23081904649734,0.0,0.0,0.0,0.0
0.0,0.0,0.0,40.18118858337402,1418.82714676857,273.6577558815479,1076.2916424334048,0.0,0.0,0.0,1193.0158246457577,0.0,0.0,915.399653315544,27.139285665750503,5.506273329257965,1208.7160600423813,0.0,0.0,0.0,0.0,3496.632858276367,0.0,0.0,0.0,694.7608449459076,47.99344242215156,0.0,1789.7805054545402,329.59322460889814,0.0,435.2386022806168,178.04507726430893,0.0,0.0,0.0,0.0
0.0,0.0,0.0,43.25640368461609,1499.7864060401917,280.4180572926998,1150.1175800919532,0.0,0.0,0.0,1256.044634091854,0.0,0.0,947.4933107197284,26.335632169246672,6.194970011711121,1320.933112192154,0.0,0.0,0.0,0.0,3473.6669036865237,0.0,0.0,0.0,689.4733949184417,53.46440321207047,0.0,1899.3801290631293,337.4667215287685,0.0,434.4887044429779,181.68958568573,0.0,0.0,0.0,0.0
0.0,0.0,0.0,43.75656580924988,1492.8817789554596,276.9117321074009,1155.9332624733447,0.0,0.0,0.0,1194.8162951648235,0.0,0.0,934.8975387215614,25.368692654371262,6.340308248996734,1341.6365783691406,0.0,0.0,0.0,0.0,3328.486196899414,0.0,0.0,0.0,0.0,53.9107078909874,0.0,0.0,331.75596140623094,0.0,417.78297996521,0.0,0.0,0.0,0.0,0.0
0.0,0.0,0.0,36.4585942029953,0.0,251.9494113624096,0.0,0.0,0.0,0.0,1051.108545514941,0.0,0.0,806.2784503400326,22.7332703769207,5.368199795484543,1362.163910031319,0.0,0.0,0.0,0.0,0.0,0.0,0.0,0.0,0.0,0.0,0.0,1759.0459825992584,334.83518556952475,0.0,364.7330992221832,0.0,0.0,0.0,0.0,0.0
0.0,0.0,0.0,0.0,1114.8032174110413,209.0993764102459,0.0,0.0,0.0,0.0,0.0,0.0,0.0,0.0,0.0,4.183125227689743,1300.7883245944977,0.0,0.0,0.0,0.0,0.0,0.0,0.0,0.0,0.0,0.0,0.0,0.0,0.0,0.0,0.0,0.0,0.0,0.0,0.0,0.0
0.0,0.0,0.0,0.0,0.0,0.0,0.0,0.0,0.0,0.0,0.0,0.0,0.0,0.0,0.0,0.0,1177.294128370285,0.0,0.0,0.0,0.0,0.0,0.0,0.0,0.0,0.0,0.0,0.0,0.0,0.0,0.0,0.0,0.0,0.0,0.0,0.0,0.0
0.0,0.0,0.0,0.0,0.0,0.0,0.0,0.0,0.0,0.0,0.0,0.0,0.0,0.0,0.0,0.0,0.0,0.0,0.0,0.0,0.0,0.0,0.0,0.0,0.0,0.0,0.0,0.0,0.0,0.0,0.0,0.0,0.0,0.0,0.0,0.0,0.0
0.0,0.0,0.0,0.0,0.0,0.0,0.0,0.0,0.0,0.0,0.0,0.0,0.0,0.0,0.0,0.0,0.0,0.0,0.0,0.0,0.0,0.0,0.0,0.0,0.0,0.0,0.0,0.0,0.0,0.0,0.0,0.0,0.0,0.0,0.0,0.0,0.0
0.0,0.0,0.0,0.0,0.0,0.0,0.0,0.0,0.0,0.0,0.0,0.0,0.0,0.0,0.0,0.0,0.0,0.0,0.0,0.0,0.0,0.0,0.0,0.0,0.0,0.0,0.0,0.0,0.0,0.0,0.0,0.0,0.0,0.0,0.0,0.0,0.0
0.0,0.0,0.0,0.0,0.0,0.0,0.0,0.0,0.0,0.0,0.0,0.0,0.0,0.0,0.0,0.0,0.0,0.0,0.0,0.0,0.0,0.0,0.0,0.0,0.0,0.0,0.0,0.0,0.0,0.0,0.0,0.0,0.0,0.0,0.0,0.0,0.0
0.0,0.0,0.0,0.0,0.0,0.0,0.0,0.0,0.0,0.0,0.0,0.0,0.0,0.0,0.0,0.0,0.0,0.0,0.0,0.0,0.0,0.0,0.0,0.0,0.0,0.0,0.0,0.0,0.0,0.0,0.0,0.0,0.0,0.0,0.0,0.0,0.0
0.0,0.0,0.0,0.0,0.0,0.0,0.0,0.0,0.0,0.0,0.0,0.0,0.0,0.0,0.0,0.0,0.0,0.0,0.0,0.0,0.0,0.0,0.0,0.0,0.0,0.0,0.0,0.0,0.0,0.0,0.0,0.0,0.0,0.0,0.0,0.0,0.0
0.0,0.0,0.0,0.0,0.0,0.0,0.0,0.0,0.0,0.0,0.0,0.0,0.0,0.0,0.0,0.0,0.0,0.0,0.0,0.0,0.0,0.0,0.0,0.0,0.0,0.0,0.0,0.0,0.0,0.0,0.0,0.0,0.0,0.0,0.0,0.0,0.0
0.0,0.0,0.0,0.0,0.0,0.0,0.0,0.0,0.0,0.0,0.0,0.0,0.0,0.0,0.0,0.0,0.0,0.0,0.0,0.0,0.0,0.0,0.0,0.0,0.0,0.0,0.0,0.0,0.0,0.0,0.0,0.0,0.0,0.0,0.0,0.0,0.0
0.0,0.0,0.0,0.0,2.492650229483831,0.0,0.7886179093270839,0.0,0.0,0.0,0.0,0.0,0.0,0.0,0.0,0.0,0.0,0.0,0.0,0.0,0.0,0.0,0.0,0.0,0.0,0.0,1.4214267177507225,0.0,0.2615416646003723,0.2473039761185433,0.0,0.0,0.0,0.0,0.0,0.0,0.0
0.0,0.0,0.0,0.0,0.0,0.0,1.695247161388315,0.0,0.0,0.0,0.0,0.0,0.0,2.4754266673698218,0.0,0.0,0.0,0.0,0.0,0.0,0.0,23.386842727660703,0.0,0.0,0.0,0.5656304154544863,0.0,0.0,0.0,0.2886443160474167,0.0,0.0,0.0,0.0,0.0,0.0,0.0
0.0,0.0,0.0,0.2327823676168868,3.209287490695663,0.2408236619085023,0.0,0.0,0.0,0.0,2.007156212767488,0.0,0.0,2.395715811289697,0.1209158197045297,0.0,6.4939337015150524,0.0,0.0,0.0,0.0,7.970995616912732,0.0,0.0,0.0,0.0,0.7938351817429007,0.0,0.0,0.363138934969866,0.0,1.275277540087663,0.0,0.0,0.0,0.0,0.0
0.0,0.0,0.0,0.1189577002078264,4.081348229199612,0.0126463901251554,0.0,0.0,0.0,0.0,1.7811014499049336,0.0,0.0,0.0,0.1109486840665331,0.0,15.29600174427028,0.0,0.0,0.0,0.0,0.0,0.0,0.0,0.0,0.0,0.0,0.0,0.0,0.4073993116617185,0.0,1.4476232528686166,0.0,0.0,0.0,0.0,0.0
0.0,0.0,0.0,0.178326580673455,11.16341915354132,0.6315298345871262,0.0,0.0,0.0,0.0,3.827029705606183,0.0,0.0,17.332517637405516,0.352843348681925,0.0259418049827209,6.984524095058294,0.0,0.0,0.0,0.0,198.59357414245568,0.0,0.0,0.0,0.0,0.1679737165570196,0.0,0.0,0.6608801759779174,0.0,3.5397678911685477,1.10698466841129,0.0,0.0,0.0,0.0
0.0,0.0,0.0,0.332533461973069,88.95723459124557,3.7895640712231375,10.157010627537886,0.0,0.0,0.0,20.42380349952719,0.0,0.0,64.78461133316145,1.0633444134145968,0.3730863630771628,18.94794315099696,0.0,0.0,0.0,0.0,893.1576286315918,0.0,0.0,0.0,16.387539961934074,2.478103254362932,0.0,17.69975361078963,1.9791054382920164,0.0,30.37490363419055,7.890135990455724,0.0,0.0,0.0,0.0
0.0,0.0,0.0,1.874648988246915,282.1620411276816,30.37893447279929,115.52101214230048,0.0,0.0,0.0,118.50387475192537,0.0,0.0,162.48429793864477,4.076707278192043,0.9732234776020044,142.23468797206877,0.0,0.0,0.0,0.0,1977.395687866211,0.0,0.0,0.0,119.42967723608017,8.64235501289367,0.0,220.058309482038,18.146360516920687,0.0,147.4820370674133,33.92435961961744,0.0,0.0,0.0,0.0
0.0,0.0,0.0,5.337662130594248,638.0767749547958,142.99556581676003,410.1768733650445,0.0,0.0,0.0,365.9136270463465,0.0,0.0,343.9913572371006,10.248560705780983,1.5573078095912922,399.5211887001991,0.0,0.0,0.0,0.0,2690.2392974853515,0.0,0.0,0.0,409.26573009490966,21.57804982662201,0.0,763.2981953084468,79.93551727235315,0.0,335.278465628624,75.99782854318617,0.0,0.0,0.0,0.0
0.0,0.0,0.0,11.153966635465618,1059.4922924041748,245.81428706645968,769.8200952649116,0.0,0.0,0.0,774.3158358395099,0.0,0.0,570.7222182303667,17.46644060611725,2.2577548623085013,758.4594898223876,0.0,0.0,0.0,0.0,3152.352404785156,0.0,0.0,0.0,628.9772703647614,43.01178374290466,0.0,1367.0985444545745,211.8147455215454,0.0,443.73843717575073,122.59398248791696,0.0,0.0,0.0,0.0
0.0,0.0,0.0,17.966658771038052,1361.3504302501678,273.8840768635273,1048.8050293505191,0.0,0.0,0.0,1041.9326691150666,0.0,0.0,711.8363816291093,22.443289572000506,3.324049144983292,992.903476715088,0.0,0.0,0.0,0.0,3338.6570434570312,0.0,0.0,0.0,695.2420752525329,55.70554922819137,0.0,1686.6394686818123,278.25833397507665,0.0,465.9725366830826,138.83393192291257,0.0,0.0,0.0,0.0
0.0,0.0,0.0,24.90629184246063,1535.5811178684237,292.5261766016484,1205.9976338386537,0.0,0.0,0.0,1280.826599997282,0.0,0.0,815.2936525642872,25.318339437246323,4.144454270601272,1157.149585914612,0.0,0.0,0.0,0.0,3397.097515869141,0.0,0.0,0.0,713.5675342082977,62.53296895027161,0.0,1841.1370780467987,306.494040954113,0.0,476.9767196178436,150.57300907373428,0.0,0.0,0.0,0.0
0.0,0.0,0.0,28.835837244987488,1597.097189426422,300.8988553285599,1269.619358599186,0.0,0.0,0.0,1353.904058367014,0.0,0.0,861.1175163090229,26.01025264263153,4.755919843912124,1252.2005707025528,0.0,0.0,0.0,0.0,3347.730871582032,0.0,0.0,0.0,708.1147571563721,64.70836038589478,0.0,1872.5616624832155,316.9244708478451,0.0,464.3550839424133,155.49145817756653,0.0,0.0,0.0,0.0
0.0,0.0,0.0,29.17095333337784,1568.648158311844,298.7566037476063,0.0,0.0,0.0,0.0,1309.2077439010145,0.0,0.0,0.0,25.306334835290908,5.042069971561432,1263.312489080429,0.0,0.0,0.0,0.0,3187.5205505371096,0.0,0.0,0.0,693.8352612495422,62.78913905620575,0.0,1820.861394298077,313.4621800363064,0.0,438.1272464990616,0.0,0.0,0.0,0.0,0.0
0.0,0.0,0.0,22.667498707771298,0.0,0.0,0.0,0.0,0.0,0.0,0.0,0.0,0.0,0.0,22.78510272502899,4.17591980099678,1283.3423050880433,0.0,0.0,0.0,0.0,2901.339703369141,0.0,0.0,0.0,0.0,0.0,0.0,0.0,319.94207257032394,0.0,385.5789601802826,0.0,0.0,0.0,0.0,0.0
0.0,0.0,0.0,17.362723648548123,1199.5731699466703,0.0,0.0,0.0,0.0,0.0,0.0,0.0,0.0,0.0,0.0,3.1154790073633185,1223.379472899437,0.0,0.0,0.0,0.0,2381.883413696289,0.0,0.0,0.0,0.0,0.0,0.0,0.0,309.98189453482627,0.0,0.0,0.0,0.0,0.0,0.0,0.0
0.0,0.0,0.0,0.0,0.0,0.0,0.0,0.0,0.0,0.0,0.0,0.0,0.0,0.0,0.0,0.0,1104.066173195839,0.0,0.0,0.0,0.0,0.0,0.0,0.0,0.0,0.0,0.0,0.0,0.0,0.0,0.0,0.0,0.0,0.0,0.0,0.0,0.0
0.0,0.0,0.0,0.0,0.0,0.0,0.0,0.0,0.0,0.0,0.0,0.0,0.0,0.0,0.0,0.0,0.0,0.0,0.0,0.0,0.0,0.0,0.0,0.0,0.0,0.0,0.0,0.0,0.0,0.0,0.0,0.0,0.0,0.0,0.0,0.0,0.0
0.0,0.0,0.0,0.0,0.0,0.0,0.0,0.0,0.0,0.0,0.0,0.0,0.0,0.0,0.0,0.0,0.0,0.0,0.0,0.0,0.0,0.0,0.0,0.0,0.0,0.0,0.0,0.0,0.0,0.0,0.0,0.0,0.0,0.0,0.0,0.0,0.0
0.0,0.0,0.0,0.0,0.0,0.0,0.0,0.0,0.0,0.0,0.0,0.0,0.0,0.0,0.0,0.0,0.0,0.0,0.0,0.0,0.0,0.0,0.0,0.0,0.0,0.0,0.0,0.0,0.0,0.0,0.0,0.0,0.0,0.0,0.0,0.0,0.0
0.0,0.0,0.0,0.0,0.0,0.0,0.0,0.0,0.0,0.0,0.0,0.0,0.0,0.0,0.0,0.0,0.0,0.0,0.0,0.0,0.0,0.0,0.0,0.0,0.0,0.0,0.0,0.0,0.0,0.0,0.0,0.0,0.0,0.0,0.0,0.0,0.0
0.0,0.0,0.0,0.0,0.0,0.0,0.0,0.0,0.0,0.0,0.0,0.0,0.0,0.0,0.0,0.0,0.0,0.0,0.0,0.0,0.0,0.0,0.0,0.0,0.0,0.0,0.0,0.0,0.0,0.0,0.0,0.0,0.0,0.0,0.0,0.0,0.0
0.0,0.0,0.0,0.0,0.0,0.0,0.0,0.0,0.0,0.0,0.0,0.0,0.0,0.0,0.0,0.0,0.0,0.0,0.0,0.0,0.0,0.0,0.0,0.0,0.0,0.0,0.0,0.0,0.0,0.0,0.0,0.0,0.0,0.0,0.0,0.0,0.0
0.0,0.0,0.0,0.0,0.0,0.0,0.0,0.0,0.0,0.0,0.0,0.0,0.0,0.0,0.0,0.0,0.0,0.0,0.0,0.0,0.0,0.0,0.0,0.0,0.0,0.0,0.0,0.0,0.0,0.0,0.0,0.0,0.0,0.0,0.0,0.0,0.0
0.0,0.0,0.0,0.0,0.0,0.0,0.0,0.0,0.0,0.0,0.0,0.0,0.0,0.0,0.0,0.0,0.0,0.0,0.0,0.0,0.0,0.0,0.0,0.0,0.0,0.0,0.0,0.0,0.0,0.0,0.0,0.0,0.0,0.0,0.0,0.0,0.0
0.0,0.0,0.0,0.0,0.0,0.0,0.0,0.0,0.0,0.0,0.0,0.0,0.0,0.0,0.0,0.0,0.0,0.0,0.0,0.0,0.0,0.0,0.0,0.0,0.0,0.0,0.0,0.0,0.0,0.1542406179010476,0.0,0.0,0.0,0.0,0.0,0.0,0.0
0.0,0.0,0.0,0.0,0.0,0.0,0.0,0.0,0.0,0.0,0.0,0.0,0.0,2.71735890302798,0.0,0.0,3.122189581394118,0.0,0.0,0.0,0.0,0.0,0.0,0.0,0.0,0.0,0.0,0.0,0.0,0.0,0.0,0.0,0.0,0.0,0.0,0.0,0.0
0.0,0.0,0.0,0.1588529758155346,3.230795476585462,0.0,0.0,0.0,0.0,0.0,0.0,0.0,0.0,3.1341906869782603,0.0,0.0,5.388343358039759,0.0,0.0,0.0,0.0,5.789503574370964,0.0,0.0,0.0,0.0,1.3611935114488,0.0,0.0,0.3338477738201396,0.0,0.0,0.0,0.0,0.0,0.0,0.0
0.0,0.0,0.0,0.1238659434020463,4.698219887912216,0.0,0.0,0.0,0.0,0.0,1.6577363403513194,0.0,0.0,2.5720180384813296,0.0933926336467254,0.0,11.596441507339463,0.0,0.0,0.0,0.0,2.626273059844552,0.0,0.0,0.0,0.0,1.07707531265914,0.0,0.0,0.3898146569728561,0.0,1.271272212266917,0.0,0.0,0.0,0.0,0.0
0.0,0.0,0.0,0.2486963514238546,11.299401886760986,0.6630285442806445,0.0,0.0,0.0,0.0,2.316748761199297,0.0,0.0,19.03627174673594,0.1738338489085431,0.0,1.5807980775832864,0.0,0.0,0.0,0.0,79.55112581253015,0.0,0.0,0.0,0.0,1.187760519236324,0.0,0.0,0.6716436013579108,0.0,3.4279551059007254,0.9711533365771065,0.0,0.0,0.0,0.0
0.0,0.0,0.0,0.7710593510419126,66.04796617478115,3.3523753872141144,7.614547876268534,0.0,0.0,0.0,13.682081175316082,0.0,0.0,60.111516872420886,0.5532829876989125,0.1629142258316274,11.595644795894485,0.0,0.0,0.0,0.0,317.0193485260009,0.0,0.0,0.0,25.117122124135456,3.402407012134785,0.0,25.776560772955165,3.011518556624623,0.0,27.792418062686863,5.9014739766716895,0.0,0.0,0.0,0.0
0.0,0.0,0.0,2.878404960036276,228.11178284883496,27.618801195174456,99.35584946721788,0.0,0.0,0.0,94.27235869951546,0.0,0.0,147.88326984271396,2.8991074495017504,0.4827729836106294,119.24398580789564,0.0,0.0,0.0,0.0,763.0427955627438,0.0,0.0,0.0,159.91088206768026,10.343207511305808,0.0,282.668556509912,23.13990601301192,0.0,138.91653811931607,19.579677686095216,0.0,0.0,0.0,0.0
0.0,0.0,0.0,7.806735903024668,520.8451113700867,135.36642763018608,356.02504603713743,0.0,0.0,0.0,333.1899465247988,0.0,0.0,317.45911397039885,8.560405710339545,0.9445872530341144,353.8926049709318,0.0,0.0,0.0,0.0,1414.6439727783204,0.0,0.0,0.0,443.9049179792404,25.52404167056084,0.0,981.0392495691776,96.52991925328968,0.0,331.5193600654602,49.91771073639392,0.0,0.0,0.0,0.0
0.0,0.0,0.0,0.0,927.743191599846,243.6817227900028,698.5483160942792,0.0,0.0,0.0,742.0976391792298,0.0,0.0,555.0742169469595,16.73531160056591,1.3181400820612907,718.0689161300658,0.0,0.0,0.0,0.0,2105.0645690917963,0.0,0.0,0.0,667.5136485099792,47.12376288175583,0.0,1603.4070148348808,225.04360743761063,0.0,445.8563002347946,86.66239699721336,0.0,0.0,0.0,0.0
0.0,0.0,0.0,27.238081932067868,1252.2266743183136,270.7703270316124,975.570587706566,0.0,0.0,0.0,1009.0339390814304,0.0,0.0,698.6135751754045,22.08812239766121,1.958586111664772,969.507677423954,0.0,0.0,0.0,0.0,2381.006396484375,0.0,0.0,0.0,725.0727015972137,60.009336948394775,0.0,1882.3342099785805,283.673892146349,0.0,469.7188682556152,103.7619149684906,0.0,0.0,0.0,0.0
0.0,0.0,0.0,36.27127730846405,1441.521291971207,288.02940437197685,1136.8109143853187,0.0,0.0,0.0,1249.9342092871666,0.0,0.0,806.85841396451,25.482309579849243,2.5396426767110816,1147.4224745988845,0.0,0.0,0.0,0.0,2524.7774658203125,0.0,0.0,0.0,726.0726851463318,67.15718879699708,0.0,2005.1785233974456,307.39021400213244,0.0,480.4957387447357,114.69985866546632,0.0,0.0,0.0,0.0
0.0,0.0,0.0,41.70660102367401,1544.779551744461,294.41552034020424,1215.1937467694283,0.0,0.0,0.0,1371.6870273947716,0.0,0.0,0.0,26.75940842628479,3.059371173381805,1251.4292314529418,0.0,0.0,0.0,0.0,2591.205612182617,0.0,0.0,0.0,703.3349165439606,68.84238258600234,0.0,2040.722742486,311.66976364851,0.0,475.2477815151215,122.91791647672652,0.0,0.0,0.0,0.0
0.0,0.0,0.0,0.0,0.0,0.0,0.0,0.0,0.0,0.0,0.0,0.0,0.0,0.0,0.0,3.374512702226639,1269.1234572172166,0.0,0.0,0.0,0.0,2573.116351318359,0.0,0.0,0.0,677.0020523071289,0.0,0.0,0.0,302.71405482888224,0.0,459.8983964920044,0.0,0.0,0.0,0.0,0.0
0.0,0.0,0.0,0.0,0.0,0.0,0.0,0.0,0.0,0.0,0.0,0.0,0.0,0.0,0.0,0.0,1297.734590911865,0.0,0.0,0.0,0.0,0.0,0.0,0.0,0.0,0.0,0.0,0.0,0.0,304.7643951058388,0.0,0.0,0.0,0.0,0.0,0.0,0.0
0.0,0.0,0.0,0.0,0.0,0.0,0.0,0.0,0.0,0.0,0.0,0.0,0.0,0.0,0.0,0.0,1238.227967953682,0.0,0.0,0.0,0.0,0.0,0.0,0.0,0.0,0.0,0.0,0.0,0.0,294.7973987698555,0.0,0.0,0.0,0.0,0.0,0.0,0.0
0.0,0.0,0.0,0.0,0.0,0.0,0.0,0.0,0.0,0.0,0.0,0.0,0.0,0.0,0.0,0.0,0.0,0.0,0.0,0.0,0.0,0.0,0.0,0.0,0.0,0.0,0.0,0.0,0.0,0.0,0.0,0.0,0.0,0.0,0.0,0.0,0.0
0.0,0.0,0.0,0.0,0.0,0.0,0.0,0.0,0.0,0.0,0.0,0.0,0.0,0.0,0.0,0.0,0.0,0.0,0.0,0.0,0.0,0.0,0.0,0.0,0.0,0.0,0.0,0.0,0.0,0.0,0.0,0.0,0.0,0.0,0.0,0.0,0.0
0.0,0.0,0.0,0.0,0.0,0.0,0.0,0.0,0.0,0.0,0.0,0.0,0.0,0.0,0.0,0.0,0.0,0.0,0.0,0.0,0.0,0.0,0.0,0.0,0.0,0.0,0.0,0.0,0.0,0.0,0.0,0.0,0.0,0.0,0.0,0.0,0.0
0.0,0.0,0.0,0.0,0.0,0.0,0.0,0.0,0.0,0.0,0.0,0.0,0.0,0.0,0.0,0.0,0.0,0.0,0.0,0.0,0.0,0.0,0.0,0.0,0.0,0.0,0.0,0.0,0.0,0.0,0.0,0.0,0.0,0.0,0.0,0.0,0.0
0.0,0.0,0.0,0.0,0.0,0.0,0.0,0.0,0.0,0.0,0.0,0.0,0.0,0.0,0.0,0.0,0.0,0.0,0.0,0.0,0.0,0.0,0.0,0.0,0.0,0.0,0.0,0.0,0.0,0.0,0.0,0.0,0.0,0.0,0.0,0.0,0.0
0.0,0.0,0.0,0.0,0.0,0.0,0.0,0.0,0.0,0.0,0.0,0.0,0.0,0.0,0.0,0.0,0.0,0.0,0.0,0.0,0.0,0.0,0.0,0.0,0.0,0.0,0.0,0.0,0.0,0.0,0.0,0.0,0.0,0.0,0.0,0.0,0.0
0.0,0.0,0.0,0.0,0.0,0.0,0.0,0.0,0.0,0.0,0.0,0.0,0.0,0.0,0.0,0.0,0.0,0.0,0.0,0.0,0.0,0.0,0.0,0.0,0.0,0.0,0.0,0.0,0.0,0.0,0.0,0.0,0.0,0.0,0.0,0.0,0.0
0.0,0.0,0.0,0.0,0.0,0.0,0.0,0.0,0.0,0.0,0.0,0.0,0.0,0.0,0.0,0.0,0.0,0.0,0.0,0.0,0.0,0.0,0.0,0.0,0.0,0.0,0.0,0.0,0.0,0.0,0.0,0.0,0.0,0.0,0.0,0.0,0.0
0.0,0.0,0.0,0.0,0.0,0.0,0.0,0.0,0.0,0.0,0.0,0.0,0.0,0.0,0.0,0.0,0.0,0.0,0.0,0.0,0.0,0.0,0.0,0.0,0.0,0.0,0.0,0.0,0.0,0.0,0.0,0.0,0.0,0.0,0.0,0.0,0.0
0.0,0.0,0.0,0.0,0.0,0.0,0.0,0.0,0.0,0.0,0.0,0.0,0.0,0.0,0.0,0.0,0.0,0.0,0.0,0.0,0.0,20.008652687072384,0.0,0.0,0.0,0.0,0.0,0.0,0.0,0.0,0.0,0.0,0.0,0.0,0.0,0.0,0.0
0.0,0.0,0.0,0.0,0.0,0.0,0.0,0.0,0.0,0.0,0.0,0.0,0.0,8.939070617780079,0.0,0.0,1.9345379590986305,0.0,0.0,0.0,0.0,19.50473785400373,0.0,0.0,0.0,0.0,0.0,0.0,0.0,0.0,0.0,0.0,0.1954932715743565,0.0,0.0,0.0,0.0
0.0,0.0,0.0,0.0,0.0,0.0,0.0,0.0,0.0,0.0,0.0,0.0,0.0,7.030055932700626,0.0,0.0,5.75574990510924,0.0,0.0,0.0,0.0,8.768304824828954,0.0,0.0,0.0,0.0,0.0,0.0,0.0,0.4478668622672553,0.0,0.0,0.0,0.0,0.0,0.0,0.0
0.0,0.0,0.0,0.092053104192016,3.325569350272236,0.0,0.0,0.0,0.0,0.0,1.6627330325542065,0.0,0.0,3.1249153660608813,0.0,0.0,13.255501163005814,0.0,0.0,0.0,0.0,0.0,0.0,0.0,0.0,0.0,0.0,0.0,0.0,0.420391571521736,0.0,1.0481086224317169,0.0,0.0,0.0,0.0,0.0
0.0,0.0,0.0,0.2047839649021605,9.603587653487793,0.4756996282375914,0.0,0.0,0.0,0.0,5.387786141224023,0.0,0.0,21.053075050003685,0.0,0.0108531424775709,4.331352412700516,0.0,0.0,0.0,0.0,173.05730590820292,0.0,0.0,0.0,0.0,0.0,0.0,0.0,0.6638089992105588,0.0,2.86803449690337,1.172048491425783,0.0,0.0,0.0,0.0
0.0,0.0,0.0,0.4350428050383922,79.73571224510657,2.385945755522676,2.8647244948893493,0.0,0.0,0.0,21.122615696862155,0.0,0.0,77.17664493247855,1.4586799576878535,0.2133499123156063,15.407847774028642,0.0,0.0,0.0,0.0,742.5270706176757,0.0,0.0,0.0,15.956515760719777,2.883714457973836,0.0,7.160665196180161,1.7766212441026783,0.0,23.971308410167648,7.409173544496277,0.0,0.0,0.0,0.0
0.0,0.0,0.0,3.090819299221039,253.84018972516049,19.267892289906715,88.20822014547873,0.0,0.0,0.0,110.02279709093268,0.0,0.0,213.3749451488256,5.515117701888082,0.6195068806409834,140.7314773321151,0.0,0.0,0.0,0.0,1794.3334869384769,0.0,0.0,0.0,120.07425613403316,9.012239161133763,0.0,115.81149340122934,13.578252954781044,0.0,124.56659227609632,30.657679587602598,0.0,0.0,0.0,0.0
0.0,0.0,0.0,8.547547280788422,570.4432756900786,92.19093650579453,341.58967374563207,0.0,0.0,0.0,337.6734246149658,0.0,0.0,416.6176890581846,12.929466784000397,1.2081432268023482,402.9061704874039,0.0,0.0,0.0,0.0,2543.1635925292967,0.0,0.0,0.0,329.8355697870254,22.02896534502506,0.0,660.7840731203556,60.8104538619518,0.0,326.6740347146988,80.33976823091506,0.0,0.0,0.0,0.0
0.0,0.0,0.0,17.185622930526733,1018.9799968004226,169.62608563899994,709.5735878378152,0.0,0.0,0.0,675.2032971024512,0.0,0.0,653.7218868732451,20.089651161432265,1.7734628617763513,803.4242903470993,0.0,0.0,0.0,0.0,3032.672283935547,0.0,0.0,0.0,538.8383494853973,42.79671463966369,0.0,1293.372462517023,0.0,0.0,424.382611989975,134.56184014678,0.0,0.0,0.0,0.0
0.0,0.0,0.0,26.80039942264557,1321.2141716480255,192.26155044138432,948.72134693861,0.0,0.0,0.0,895.0757912874221,0.0,0.0,799.9324464797974,23.722361290454863,3.0218950510025016,1061.87944419384,0.0,0.0,0.0,0.0,3218.896255493164,0.0,0.0,0.0,621.6324113845825,55.20673570632935,0.0,1627.2955864429473,0.0,0.0,434.6482357978821,151.13020312786102,0.0,0.0,0.0,0.0
0.0,0.0,0.0,32.94611048698425,1515.964762687683,209.5806411653757,1112.8173373162747,0.0,0.0,0.0,1098.599074679613,0.0,0.0,889.4875705242157,25.57638816833496,4.133386939764022,1246.9902004241944,0.0,0.0,0.0,0.0,3273.856362915039,0.0,0.0,0.0,673.0709729671478,61.85511847734451,0.0,1802.530386710167,314.27908741235734,0.0,443.558381319046,162.04724222421646,0.0,0.0,0.0,0.0
0.0,0.0,0.0,37.62590277194977,1589.975251674652,218.68154437839985,1179.8457853674888,0.0,0.0,0.0,1185.3620618999005,0.0,0.0,0.0,26.157780790328975,4.894216150045395,1347.8461473703385,0.0,0.0,0.0,0.0,3212.6126403808594,0.0,0.0,0.0,685.9378945350647,64.214264523983,0.0,1855.7152376413344,328.8350342810154,0.0,448.3786251544952,165.5372102856636,0.0,0.0,0.0,0.0
0.0,0.0,0.0,39.01410174369812,1586.7849595546722,217.72685253620145,1185.0620839118958,0.0,0.0,0.0,1170.1037659049034,0.0,0.0,0.0,25.798977506160732,0.0,1357.8157041072843,0.0,0.0,0.0,0.0,3062.072866821289,0.0,0.0,0.0,674.4630900382996,0.0,0.0,0.0,0.0,0.0,434.3296754360199,161.68646758794785,0.0,0.0,0.0,0.0
0.0,0.0,0.0,0.0,0.0,0.0,0.0,0.0,0.0,0.0,0.0,0.0,0.0,0.0,0.0,0.0,1369.3920439720157,0.0,0.0,0.0,0.0,2782.735415649414,0.0,0.0,0.0,0.0,0.0,0.0,0.0,0.0,0.0,0.0,150.40254139900208,0.0,0.0,0.0,0.0
0.0,0.0,0.0,0.0,0.0,0.0,0.0,0.0,0.0,0.0,0.0,0.0,0.0,0.0,0.0,3.2479971796274185,1302.5782287836075,0.0,0.0,0.0,0.0,0.0,0.0,0.0,0.0,0.0,0.0,0.0,0.0,0.0,0.0,0.0,0.0,0.0,0.0,0.0,0.0
0.0,0.0,0.0,0.0,0.0,0.0,0.0,0.0,0.0,0.0,0.0,0.0,0.0,0.0,0.0,0.0,1179.8087948322295,0.0,0.0,0.0,0.0,0.0,0.0,0.0,0.0,0.0,0.0,0.0,0.0,0.0,0.0,0.0,0.0,0.0,0.0,0.0,0.0
0.0,0.0,0.0,0.0,0.0,0.0,0.0,0.0,0.0,0.0,0.0,0.0,0.0,0.0,0.0,0.0,0.0,0.0,0.0,0.0,0.0,0.0,0.0,0.0,0.0,0.0,0.0,0.0,0.0,0.0,0.0,0.0,0.0,0.0,0.0,0.0,0.0
0.0,0.0,0.0,0.0,0.0,0.0,0.0,0.0,0.0,0.0,0.0,0.0,0.0,0.0,0.0,0.0,0.0,0.0,0.0,0.0,0.0,0.0,0.0,0.0,0.0,0.0,0.0,0.0,0.0,0.0,0.0,0.0,0.0,0.0,0.0,0.0,0.0
0.0,0.0,0.0,0.0,0.0,0.0,0.0,0.0,0.0,0.0,0.0,0.0,0.0,0.0,0.0,0.0,0.0,0.0,0.0,0.0,0.0,0.0,0.0,0.0,0.0,0.0,0.0,0.0,0.0,0.0,0.0,0.0,0.0,0.0,0.0,0.0,0.0
0.0,0.0,0.0,0.0,0.0,0.0,0.0,0.0,0.0,0.0,0.0,0.0,0.0,0.0,0.0,0.0,0.0,0.0,0.0,0.0,0.0,0.0,0.0,0.0,0.0,0.0,0.0,0.0,0.0,0.0,0.0,0.0,0.0,0.0,0.0,0.0,0.0
0.0,0.0,0.0,0.0,0.0,0.0,0.0,0.0,0.0,0.0,0.0,0.0,0.0,0.0,0.0,0.0,0.0,0.0,0.0,0.0,0.0,0.0,0.0,0.0,0.0,0.0,0.0,0.0,0.0,0.0,0.0,0.0,0.0,0.0,0.0,0.0,0.0
0.0,0.0,0.0,0.0,0.0,0.0,0.0,0.0,0.0,0.0,0.0,0.0,0.0,0.0,0.0,0.0,0.0,0.0,0.0,0.0,0.0,0.0,0.0,0.0,0.0,0.0,0.0,0.0,0.0,0.0,0.0,0.0,0.0,0.0,0.0,0.0,0.0
0.0,0.0,0.0,0.0,0.0,0.0,0.0,0.0,0.0,0.0,0.0,0.0,0.0,0.0,0.0,0.0,0.0,0.0,0.0,0.0,0.0,0.0,0.0,0.0,0.0,0.0,0.0,0.0,0.0,0.0,0.0,0.0,0.0,0.0,0.0,0.0,0.0
0.0,0.0,0.0,0.0,0.0,0.0,0.0,0.0,0.0,0.0,0.0,0.0,0.0,0.0,0.0,0.0,0.0,0.0,0.0,0.0,0.0,0.0,0.0,0.0,0.0,0.0,0.0,0.0,0.0,0.0,0.0,0.0,0.0,0.0,0.0,0.0,0.0
0.0,0.0,0.0,0.0,2.034761093556829,0.0,0.0,0.0,0.0,0.0,0.0,0.0,0.0,0.0,0.0,0.0,0.0,0.0,0.0,0.0,0.0,0.0,0.0,0.0,0.0,0.0,0.0,0.0,0.0,0.0,0.0,0.0,0.0,0.0,0.0,0.0,0.0
0.0,0.0,0.0,0.0,0.0,0.6085104271769467,0.0,0.0,0.0,0.0,0.0,0.0,0.0,15.58801471022889,0.0,0.0,0.0,0.0,0.0,0.0,0.0,0.0,0.0,0.0,0.0,0.0,0.0,0.0,0.0,0.0,0.0,0.0,0.2939998712390473,0.0,0.0,0.0,0.0
0.0,0.0,0.0,0.3906100764870638,2.8569459281860223,0.4251909973099481,0.0,0.0,0.0,0.0,1.979799428908024,0.0,0.0,12.337037490215112,0.0587902262806872,0.0,6.450053286552263,0.0,0.0,0.0,0.0,0.0,0.0,0.0,0.0,0.0,0.0,0.0,0.0,0.5120256640016977,0.0,1.0511047691106743,0.0,0.0,0.0,0.0,0.0
0.0,0.0,0.0,0.2184365410357658,3.930618908256129,0.0,0.0,0.0,0.0,0.0,1.7021852867676197,0.0,0.0,6.545844348147381,0.0025505594909191,0.0,14.106695413589463,0.0,0.0,0.0,0.0,0.0,0.0,0.0,0.0,0.0,0.0,0.0,0.0,0.4328302837907898,0.0,1.2305551171302591,0.0,0.0,0.0,0.0,0.0
0.0,0.0,0.0,0.2908230666071148,12.32560910284517,0.5082196299917879,0.0,0.0,0.0,0.0,3.3956454335244817,0.0,0.0,21.89609075896429,0.0912748821079715,0.0525725092738859,5.16973799467079,0.0,0.0,0.0,0.0,211.24731101989715,0.0,0.0,0.0,0.0,0.0,0.0,0.0,0.6653349161147709,0.0,3.2827272117137496,1.0745665468275285,0.0,0.0,0.0,0.0
0.0,0.0,0.0,0.5706746336072633,101.29833322763436,2.9110121303237646,0.0,0.0,0.0,0.0,13.69125237287941,0.0,0.0,78.88256423175324,0.6673029083758593,0.3928765393793578,16.65788803100568,0.0,0.0,0.0,0.0,894.898693847656,0.0,0.0,0.0,15.866614817082796,0.0,0.0,10.203737807273802,2.425666045397481,0.0,28.48695670813319,6.2360305413603525,0.0,0.0,0.0,0.0
0.0,0.0,0.0,2.665335133671759,309.9251815080641,26.388220775872465,0.0,0.0,0.0,0.0,91.56989835724214,0.0,0.0,215.2114359289407,3.673629178851841,1.0653094351291652,144.33267434835415,0.0,0.0,0.0,0.0,1996.9842163085932,0.0,0.0,0.0,130.1589489102363,0.0,0.0,149.2758966512976,18.485575359314677,0.0,144.29553639888758,25.804681792855263,0.0,0.0,0.0,0.0
0.0,0.0,0.0,7.3023364394903165,692.2705616950989,123.1107233017683,210.56401338875284,0.0,0.0,0.0,308.25835956633085,0.0,0.0,437.2069895267487,9.964196205139158,2.01561738550663,413.462597131729,0.0,0.0,0.0,0.0,2772.547457885742,0.0,0.0,0.0,438.9414733886718,37.64780730605125,0.0,734.6450100243092,78.93548229485748,0.0,332.35727643966675,75.11953842639922,0.0,0.0,0.0,0.0
0.0,0.0,0.0,14.94583848118782,1200.6604800224304,213.68562313914296,0.0,0.0,0.0,0.0,665.4822345405815,0.0,0.0,698.1003483384848,17.50986261963844,2.996024981141089,796.4112684965132,0.0,0.0,0.0,0.0,3341.251428222656,0.0,0.0,0.0,662.6506329536438,56.92798506021499,0.0,1349.5963019251824,213.98441777229309,0.0,433.5798134803772,129.87803077697754,0.0,0.0,0.0,0.0
0.0,0.0,0.0,22.693156480789185,1527.7300605773926,237.50561374425888,0.0,0.0,0.0,0.0,893.7281507670879,0.0,0.0,847.0798473060131,21.842724734544756,4.458347886800765,1034.4843373060226,0.0,0.0,0.0,0.0,3581.486785888672,0.0,0.0,0.0,732.2444274902343,68.00207720994949,0.0,1692.609216082096,284.3733185648918,0.0,452.7469711303711,147.70555102825165,0.0,0.0,0.0,0.0
0.0,0.0,0.0,30.255386888980865,1720.5351977348328,256.12267020344734,0.0,0.0,0.0,0.0,1102.6330454230308,0.0,0.0,917.2823955118656,24.574014365673065,5.652276396751404,1204.1147450208664,0.0,0.0,0.0,0.0,3648.688195800781,0.0,0.0,0.0,762.908902835846,73.56085027456284,0.0,1870.3951864242556,315.84300872683525,0.0,452.2219816446304,159.3761512041092,0.0,0.0,0.0,0.0
0.0,0.0,0.0,33.50159776210785,1790.4852690696716,263.09721007943153,0.0,0.0,0.0,0.0,1171.9328519165515,0.0,0.0,936.1463269591331,24.98379850387573,6.369524359703064,1288.0237815380096,0.0,0.0,0.0,0.0,3570.311538696289,0.0,0.0,0.0,758.9018085956574,74.37525534629822,0.0,1928.537704908848,327.1222818851471,0.0,446.9264807701111,163.43054348230362,0.0,0.0,0.0,0.0
0.0,0.0,0.0,33.348190665245056,0.0,261.0504210293293,0.0,0.0,0.0,0.0,1142.1334102809428,0.0,0.0,0.0,23.79814217090607,6.496986955404282,1295.2363489627835,0.0,0.0,0.0,0.0,3381.5724914550783,0.0,0.0,0.0,730.0605603218079,0.0,0.0,1883.320999610424,325.7714148879051,0.0,432.0129902362824,159.51127141714096,0.0,0.0,0.0,0.0
0.0,0.0,0.0,25.618645191192627,0.0,227.91816300153727,0.0,0.0,0.0,0.0,0.0,0.0,0.0,0.0,20.12278829813004,5.467474907636642,1311.6364701986313,0.0,0.0,0.0,0.0,3051.9381439208983,0.0,0.0,0.0,0.0,0.0,0.0,1708.9650735855105,0.0,0.0,0.0,0.0,0.0,0.0,0.0,0.0
0.0,0.0,0.0,0.0,0.0,0.0,0.0,0.0,0.0,0.0,0.0,0.0,0.0,0.0,0.0,0.0,1254.199335861206,0.0,0.0,0.0,0.0,0.0,0.0,0.0,0.0,0.0,0.0,0.0,0.0,0.0,0.0,0.0,0.0,0.0,0.0,0.0,0.0
0.0,0.0,0.0,0.0,0.0,0.0,0.0,0.0,0.0,0.0,0.0,0.0,0.0,0.0,0.0,0.0,1132.5098749160766,0.0,0.0,0.0,0.0,0.0,0.0,0.0,0.0,0.0,0.0,0.0,0.0,0.0,0.0,0.0,0.0,0.0,0.0,0.0,0.0
0.0,0.0,0.0,0.0,0.0,0.0,0.0,0.0,0.0,0.0,0.0,0.0,0.0,0.0,0.0,0.0,0.0,0.0,0.0,0.0,0.0,0.0,0.0,0.0,0.0,0.0,0.0,0.0,0.0,0.0,0.0,0.0,0.0,0.0,0.0,0.0,0.0
0.0,0.0,0.0,0.0,0.0,0.0,0.0,0.0,0.0,0.0,0.0,0.0,0.0,0.0,0.0,0.0,0.0,0.0,0.0,0.0,0.0,0.0,0.0,0.0,0.0,0.0,0.0,0.0,0.0,0.0,0.0,0.0,0.0,0.0,0.0,0.0,0.0
0.0,0.0,0.0,0.0,0.0,0.0,0.0,0.0,0.0,0.0,0.0,0.0,0.0,0.0,0.0,0.0,0.0,0.0,0.0,0.0,0.0,0.0,0.0,0.0,0.0,0.0,0.0,0.0,0.0,0.0,0.0,0.0,0.0,0.0,0.0,0.0,0.0
0.0,0.0,0.0,0.0,0.0,0.0,0.0,0.0,0.0,0.0,0.0,0.0,0.0,0.0,0.0,0.0,0.0,0.0,0.0,0.0,0.0,0.0,0.0,0.0,0.0,0.0,0.0,0.0,0.0,0.0,0.0,0.0,0.0,0.0,0.0,0.0,0.0
0.0,0.0,0.0,0.0,0.0,0.0,0.0,0.0,0.0,0.0,0.0,0.0,0.0,0.0,0.0,0.0,0.0,0.0,0.0,0.0,0.0,0.0,0.0,0.0,0.0,0.0,0.0,0.0,0.0,0.0,0.0,0.0,0.0,0.0,0.0,0.0,0.0
0.0,0.0,0.0,0.0,0.0,0.0,0.0,0.0,0.0,0.0,0.0,0.0,0.0,0.0,0.0,0.0,0.0,0.0,0.0,0.0,0.0,0.0,0.0,0.0,0.0,0.0,0.0,0.0,0.0,0.0,0.0,0.0,0.0,0.0,0.0,0.0,0.0
0.0,0.0,0.0,0.0,0.0,0.0,0.0,0.0,0.0,0.0,0.0,0.0,0.0,0.0,0.0,0.0,0.0,0.0,0.0,0.0,0.0,0.0,0.0,0.0,0.0,0.0,0.0,0.0,0.0,0.0,0.0,0.0,0.0,0.0,0.0,0.0,0.0
0.0,0.0,0.0,0.0,0.0,0.0,0.0,0.0,0.0,0.0,0.0,0.0,0.0,0.0,0.0,0.0,0.0,0.0,0.0,0.0,0.0,0.0,0.0,0.0,0.0,0.0,0.0,0.0,0.0,0.0,0.0,0.0,0.0,0.0,0.0,0.0,0.0
0.0,0.0,0.0,0.0,0.0,0.0,0.0,0.0,0.0,0.0,0.0,0.0,0.0,0.0,0.0,0.034701746888458,0.0,0.0,0.0,0.0,0.0,8.894007682800096,0.0,0.0,0.0,0.0,0.0,0.0,0.0,0.0,0.0,0.0,0.0,0.0,0.0,0.0,0.0
0.0,0.0,0.0,0.0,0.0,0.0,0.0,0.0,0.0,0.0,0.0,0.0,0.0,3.641288983635566,0.1323620863258824,0.0305025484412896,0.0,0.0,0.0,0.0,0.0,12.68320617675774,0.0,0.0,0.0,0.0,0.0,0.0,0.0,0.0,0.0,0.0,0.0,0.0,0.0,0.0,0.0
0.0,0.0,0.0,0.2180691286921493,3.0250901356337545,0.3079885849728938,0.0,0.0,0.0,0.0,2.0153039148542127,0.0,0.0,2.2677192278205656,0.0948008939623808,0.0041165063157672,0.0,0.0,0.0,0.0,0.0,10.100941848754488,0.0,0.0,0.0,0.0,0.0,0.0,0.0,0.5827508874237416,0.0,0.0,0.0,0.0,0.0,0.0,0.0
0.0,0.0,0.0,0.1419044863432589,4.728576220571987,0.0,0.0,0.0,0.0,0.0,1.7225407682358602,0.0,0.0,1.0152578493579762,0.0387631170451629,0.0,13.396151375770431,0.0,0.0,0.0,0.0,0.0,0.0,0.0,0.0,0.0,0.0,0.0,0.0,0.490156140923467,0.0,0.0,0.0,0.0,0.0,0.0,0.0
0.0,0.0,0.0,0.2167944740503979,11.098101012408575,0.4844650253653449,0.0,0.0,0.0,0.0,2.335743820108462,0.0,0.0,12.799682531040046,0.0930707082152359,0.0,2.37119711637493,0.0,0.0,0.0,0.0,159.3189426422118,0.0,0.0,0.0,0.0,0.1006453633308369,0.0,0.0,0.7525699160992831,0.0,4.854914814233722,0.0,0.0,0.0,0.0,0.0
0.0,0.0,0.0,0.5167749021202286,50.36054891347868,4.779119980055821,16.4680108558386,0.0,0.0,0.0,10.808738409681125,0.0,0.0,44.78156805038447,0.5281284771859615,0.0,12.511372673511485,0.0,0.0,0.0,0.0,840.6122383117673,0.0,0.0,0.0,15.261623087525363,1.0700386060401743,0.0,9.176676256954591,3.3940199419855963,0.0,36.35249434411524,0.0,0.0,0.0,0.0,0.0
0.0,0.0,0.0,2.266218967735764,161.2138827145099,40.40194798260924,126.08899418264616,0.0,0.0,0.0,78.92380862720297,0.0,0.0,123.85663786903014,3.404231464862822,0.0,123.61045480966564,0.0,0.0,0.0,0.0,1977.0727478027345,0.0,0.0,0.0,79.8559070050716,3.4411232113838124,0.0,102.4543524563312,24.3101407662034,0.0,168.5833419561386,29.191083014011383,0.0,0.0,0.0,0.0
0.0,0.0,0.0,6.503577962517738,333.41926455497725,169.05659721791744,383.2570955187082,0.0,0.0,0.0,294.7815136030316,0.0,0.0,303.62791474908585,9.45336252450943,2.5063775330781928,366.3260224938392,0.0,0.0,0.0,0.0,2743.378012084961,0.0,0.0,0.0,182.22608696222304,7.499780647456641,0.0,541.610218143463,102.33993719518185,0.0,347.1475123167038,84.43240702152251,0.0,0.0,0.0,0.0
0.0,0.0,0.0,13.647498995065686,565.8610854148865,261.0241269171238,611.6254653394221,0.0,0.0,0.0,672.4233901500702,0.0,0.0,558.4629981219769,16.769011518359182,0.0,729.6826401472091,0.0,0.0,0.0,0.0,3212.661801147461,0.0,0.0,0.0,314.09321773052216,17.27300806343555,0.0,1150.6669264197346,232.33199576735493,0.0,436.9275678396225,140.24318492412567,0.0,0.0,0.0,0.0
0.0,0.0,0.0,21.929319441318512,778.8599708080292,286.99744030833244,786.4419129908085,0.0,0.0,0.0,909.803480103612,0.0,0.0,721.107605472207,21.77280807495117,0.0,988.7863171100616,0.0,0.0,0.0,0.0,3405.644427490234,0.0,0.0,0.0,395.66162011623385,29.171697127819066,0.0,1509.323802089691,293.1731905579567,0.0,449.4891729354858,161.2917251586914,0.0,0.0,0.0,0.0
0.0,0.0,0.0,29.326378166675564,974.8328870534896,302.704206943512,928.7331516802312,0.0,0.0,0.0,1126.9706574827433,0.0,0.0,0.0,24.22895842194557,6.309605956077575,1171.4132947683331,0.0,0.0,0.0,0.0,3483.8559478759767,0.0,0.0,0.0,425.5536720991134,39.22666937112808,0.0,1711.220615184307,321.190454185009,0.0,456.824170589447,174.61492395401,0.0,0.0,0.0,0.0
0.0,0.0,0.0,33.60275065898895,1102.6982691287994,307.1898547410965,968.5073600828648,0.0,0.0,0.0,1206.0465876281262,0.0,0.0,0.0,25.035969775915145,6.991066217422485,1281.5481109142304,0.0,0.0,0.0,0.0,3401.183834838868,0.0,0.0,0.0,443.1347556829453,44.4768746972084,0.0,1782.2116624712944,327.89975558519365,0.0,448.9858920574188,0.0,0.0,0.0,0.0,0.0
0.0,0.0,0.0,33.47787272930145,1160.3718643188477,300.5197197794914,977.990063893795,0.0,0.0,0.0,1150.8719849944114,0.0,0.0,0.0,24.428182929754257,7.064471065998077,1290.2088546037671,0.0,0.0,0.0,0.0,3216.0739929199217,0.0,0.0,0.0,453.9747119426728,45.92517288923264,0.0,0.0,324.1184104859829,0.0,432.20582008361816,0.0,0.0,0.0,0.0,0.0
0.0,0.0,0.0,25.57848262786865,0.0,270.3158487379551,0.0,0.0,0.0,0.0,977.1387177556752,0.0,0.0,0.0,21.308425801992417,5.977472513914107,1312.7651038885117,0.0,0.0,0.0,0.0,2903.409072875977,0.0,0.0,0.0,0.0,0.0,0.0,0.0,329.1923272848129,0.0,0.0,0.0,0.0,0.0,0.0,0.0
0.0,0.0,0.0,18.75160259008408,0.0,223.78724619746208,0.0,0.0,0.0,0.0,688.8989295274018,0.0,0.0,0.0,16.07887557148933,4.733395040035247,0.0,0.0,0.0,0.0,0.0,2291.7940002441405,0.0,0.0,0.0,0.0,0.0,0.0,0.0,0.0,0.0,0.0,0.0,0.0,0.0,0.0,0.0
0.0,0.0,0.0,0.0,0.0,0.0,0.0,0.0,0.0,0.0,0.0,0.0,0.0,0.0,0.0,0.0,0.0,0.0,0.0,0.0,0.0,0.0,0.0,0.0,0.0,0.0,0.0,0.0,0.0,0.0,0.0,0.0,0.0,0.0,0.0,0.0,0.0
0.0,0.0,0.0,0.0,0.0,0.0,0.0,0.0,0.0,0.0,0.0,0.0,0.0,0.0,0.0,0.0,0.0,0.0,0.0,0.0,0.0,0.0,0.0,0.0,0.0,0.0,0.0,0.0,0.0,0.0,0.0,0.0,0.0,0.0,0.0,0.0,0.0
0.0,0.0,0.0,0.0,0.0,0.0,0.0,0.0,0.0,0.0,0.0,0.0,0.0,0.0,0.0,0.0,0.0,0.0,0.0,0.0,0.0,0.0,0.0,0.0,0.0,0.0,0.0,0.0,0.0,0.0,0.0,0.0,0.0,0.0,0.0,0.0,0.0
0.0,0.0,0.0,0.0,0.0,0.0,0.0,0.0,0.0,0.0,0.0,0.0,0.0,0.0,0.0,0.0,0.0,0.0,0.0,0.0,0.0,0.0,0.0,0.0,0.0,0.0,0.0,0.0,0.0,0.0,0.0,0.0,0.0,0.0,0.0,0.0,0.0
0.0,0.0,0.0,0.0,0.0,0.0,0.0,0.0,0.0,0.0,0.0,0.0,0.0,0.0,0.0,0.0,0.0,0.0,0.0,0.0,0.0,0.0,0.0,0.0,0.0,0.0,0.0,0.0,0.0,0.0,0.0,0.0,0.0,0.0,0.0,0.0,0.0
0.0,0.0,0.0,0.0,0.0,0.0,0.0,0.0,0.0,0.0,0.0,0.0,0.0,0.0,0.0,0.0,0.0,0.0,0.0,0.0,0.0,0.0,0.0,0.0,0.0,0.0,0.0,0.0,0.0,0.0,0.0,0.0,0.0,0.0,0.0,0.0,0.0
0.0,0.0,0.0,0.0,0.0,0.0,0.0,0.0,0.0,0.0,0.0,0.0,0.0,0.0,0.0,0.0,0.0,0.0,0.0,0.0,0.0,0.0,0.0,0.0,0.0,0.0,0.0,0.0,0.0,0.0,0.0,0.0,0.0,0.0,0.0,0.0,0.0
0.0,0.0,0.0,0.0,0.0,0.0,0.0,0.0,0.0,0.0,0.0,0.0,0.0,0.0,0.0,0.0,0.0,0.0,0.0,0.0,0.0,0.0,0.0,0.0,0.0,0.0,0.0,0.0,0.0,0.0,0.0,0.0,0.0,0.0,0.0,0.0,0.0
0.0,0.0,0.0,0.0,0.0,0.0,0.0,0.0,0.0,0.0,0.0,0.0,0.0,0.0,0.0,0.0,0.0,0.0,0.0,0.0,0.0,0.0,0.0,0.0,0.0,0.0,0.0,0.0,0.0,0.0,0.0,0.0,0.0,0.0,0.0,0.0,0.0
0.0,0.0,0.0,0.0,2.064242444932308,0.0,0.0,0.0,0.0,0.0,0.0,0.0,0.0,13.180369015317291,0.0,0.0,0.0,0.0,0.0,0.0,0.0,0.0,0.0,0.0,0.0,0.0,0.2322712220251533,0.0,0.0,0.0,0.0,0.0,0.0,0.0,0.0,0.0,0.0
0.0,0.0,0.0,0.0,2.304785441607211,0.0,0.0,0.0,0.0,0.0,0.0,0.0,0.0,13.183612532448024,0.0,0.0,0.0,0.0,0.0,0.0,0.0,0.0,0.0,0.0,0.0,0.0,0.1844452857971182,0.0,0.0,0.0,0.0,0.0,0.0,0.0,0.0,0.0,0.0
0.0,0.0,0.0,0.242635231465097,3.0178439505397656,0.35387062979862,0.0,0.0,0.0,0.0,1.896388785634063,0.0,0.0,9.826950712595073,0.122187699750065,0.0,0.0,0.0,0.0,0.0,0.0,0.0,0.0,0.0,0.0,0.0,0.0,0.0,0.0,0.4693878553807353,0.0,0.0,0.0,0.0,0.0,0.0,0.0
0.0,0.0,0.0,0.0931523386388958,4.526256505399931,0.0,0.0,0.0,0.0,0.0,1.678066393360274,0.0,0.0,3.840685621835247,0.0,0.0,0.0,0.0,0.0,0.0,0.0,26.51293106079079,0.0,0.0,0.0,0.0,0.0,0.0,0.0,0.3750738896429318,0.0,1.1514263451099374,0.0,0.0,0.0,0.0,0.0
0.0,0.0,0.0,0.109420511871571,10.292450170963903,0.5504402429796376,0.0,0.0,0.0,0.0,2.734141023689655,0.0,0.0,22.535508906003056,0.3517173942178455,0.0,8.041698896884887,0.0,0.0,0.0,0.0,318.9999366760252,0.0,0.0,0.0,0.0,0.0,0.0,0.0,0.6548057965934077,0.0,3.560036733746482,1.38572331890463,0.0,0.0,0.0,0.0
0.0,0.0,0.0,0.4117788709700052,74.71633087098589,6.213096784427728,15.928114346042149,0.0,0.0,0.0,13.593400483904295,0.0,0.0,82.03720899298774,1.6311845239251823,0.6382252313196657,15.816989743709522,0.0,0.0,0.0,0.0,1047.189853668213,0.0,0.0,0.0,27.69890670329329,0.0,0.0,27.865791718661555,3.483091314136953,0.0,25.58982864022253,8.661210894584634,0.0,0.0,0.0,0.0
0.0,0.0,0.0,2.9318195432424528,238.019818663597,42.477981913834775,120.33990496844044,0.0,0.0,0.0,92.37600593753156,0.0,0.0,243.15061450004572,5.919058017432687,1.203319139778613,126.1321691036224,0.0,0.0,0.0,0.0,1991.3736419677732,0.0,0.0,0.0,144.49856495857233,0.0,0.0,310.48288421183804,26.160741156339643,0.0,128.00587263703343,34.77491228282451,0.0,0.0,0.0,0.0
0.0,0.0,0.0,8.415112078189848,530.9747775793076,171.19023934006688,379.3794828310608,0.0,0.0,0.0,327.63060728460545,0.0,0.0,473.2219111919403,13.856783580780029,1.7153163701295842,360.082869040966,0.0,0.0,0.0,0.0,2675.191485595703,0.0,0.0,0.0,411.2228984355926,2.580951058119533,0.0,937.7880338072777,107.92001322507856,0.0,319.17584574222565,75.45678883790968,0.0,0.0,0.0,0.0
0.0,0.0,0.0,17.442834436893463,891.8923548460006,254.9233606159687,690.5157476305961,0.0,0.0,0.0,669.4555160284041,0.0,0.0,725.8106370270251,21.72868938446045,2.436489000916481,702.2896169662474,0.0,0.0,0.0,0.0,3125.4057861328124,0.0,0.0,0.0,590.7987329006195,6.175372244417661,0.0,1532.5980256795883,237.8451423287392,0.0,414.5198712348938,123.70646700263023,0.0,0.0,0.0,0.0
0.0,0.0,0.0,28.18919336795807,1186.8856575489044,277.30662283301353,912.6036428689956,0.0,0.0,0.0,901.690513291955,0.0,0.0,841.742634177208,25.955372071266176,3.475380539894103,934.4482677221296,0.0,0.0,0.0,0.0,3283.3596008300783,0.0,0.0,0.0,655.2824096202851,11.89688116461038,0.0,1811.6669088602064,294.6236375451088,0.0,432.2476584911346,139.16426652669904,0.0,0.0,0.0,0.0
0.0,0.0,0.0,37.11621367931366,1372.2457287311554,289.9566723108292,1077.526494628191,0.0,0.0,0.0,1099.7919745504853,0.0,0.0,893.6084078252316,27.79968731403351,4.463292270898818,1099.197040557861,0.0,0.0,0.0,0.0,3373.915905761719,0.0,0.0,0.0,665.2088142871856,20.72099119722843,0.0,1926.858183300495,320.446322208643,0.0,426.430720448494,151.3471603989601,0.0,0.0,0.0,0.0
0.0,0.0,0.0,41.0568972826004,1451.441151857376,291.5533742904663,1137.321446889639,0.0,0.0,0.0,1145.768798404932,0.0,0.0,889.0368013083935,27.996273654699326,5.252210944890976,1189.615945005417,0.0,0.0,0.0,0.0,3334.7776885986327,0.0,0.0,0.0,651.2038764476777,31.1831937789917,0.0,1955.4515203118324,330.6965943276882,0.0,422.7978836297989,0.0,0.0,0.0,0.0,0.0
0.0,0.0,0.0,40.80332398414612,1438.3703503608704,284.94809636473656,1131.7266235351562,0.0,0.0,0.0,1093.385562482476,0.0,0.0,854.4279044866562,26.61117732524872,0.0,1206.2792261600491,0.0,0.0,0.0,0.0,3215.0133697509764,0.0,0.0,0.0,632.6445047855377,35.88876106739043,0.0,0.0,327.9646583080292,0.0,414.7578765153885,0.0,0.0,0.0,0.0,0.0
0.0,0.0,0.0,33.83089530467987,1269.0666744709015,0.0,1050.1927421033383,0.0,0.0,0.0,0.0,0.0,0.0,711.130000501871,0.0,0.0,1248.7034977436065,0.0,0.0,0.0,0.0,0.0,0.0,0.0,0.0,0.0,28.532738083601,0.0,0.0,0.0,0.0,0.0,0.0,0.0,0.0,0.0,0.0
0.0,0.0,0.0,0.0,0.0,0.0,0.0,0.0,0.0,0.0,0.0,0.0,0.0,0.0,0.0,0.0,0.0,0.0,0.0,0.0,0.0,0.0,0.0,0.0,0.0,0.0,0.0,0.0,0.0,0.0,0.0,0.0,0.0,0.0,0.0,0.0,0.0
0.0,0.0,0.0,0.0,0.0,0.0,0.0,0.0,0.0,0.0,0.0,0.0,0.0,0.0,0.0,0.0,0.0,0.0,0.0,0.0,0.0,0.0,0.0,0.0,0.0,0.0,0.0,0.0,0.0,0.0,0.0,0.0,0.0,0.0,0.0,0.0,0.0
0.0,0.0,0.0,0.0,0.0,0.0,0.0,0.0,0.0,0.0,0.0,0.0,0.0,0.0,0.0,0.0,0.0,0.0,0.0,0.0,0.0,0.0,0.0,0.0,0.0,0.0,0.0,0.0,0.0,0.0,0.0,0.0,0.0,0.0,0.0,0.0,0.0
0.0,0.0,0.0,0.0,0.0,0.0,0.0,0.0,0.0,0.0,0.0,0.0,0.0,0.0,0.0,0.0,0.0,0.0,0.0,0.0,0.0,0.0,0.0,0.0,0.0,0.0,0.0,0.0,0.0,0.0,0.0,0.0,0.0,0.0,0.0,0.0,0.0
0.0,0.0,0.0,0.0,0.0,0.0,0.0,0.0,0.0,0.0,0.0,0.0,0.0,0.0,0.0,0.0,0.0,0.0,0.0,0.0,0.0,0.0,0.0,0.0,0.0,0.0,0.0,0.0,0.0,0.0,0.0,0.0,0.0,0.0,0.0,0.0,0.0
0.0,0.0,0.0,0.0,0.0,0.0,0.0,0.0,0.0,0.0,0.0,0.0,0.0,0.0,0.0,0.0,0.0,0.0,0.0,0.0,0.0,0.0,0.0,0.0,0.0,0.0,0.0,0.0,0.0,0.0,0.0,0.0,0.0,0.0,0.0,0.0,0.0
0.0,0.0,0.0,0.0,0.0,0.0,0.0,0.0,0.0,0.0,0.0,0.0,0.0,0.0,0.0,0.0,0.0,0.0,0.0,0.0,0.0,0.0,0.0,0.0,0.0,0.0,0.0,0.0,0.0,0.0,0.0,0.0,0.0,0.0,0.0,0.0,0.0
0.0,0.0,0.0,0.0,0.0,0.0,0.0,0.0,0.0,0.0,0.0,0.0,0.0,0.0,0.0,0.0,0.0,0.0,0.0,0.0,0.0,0.0,0.0,0.0,0.0,0.0,0.0,0.0,0.0,0.0,0.0,0.0,0.0,0.0,0.0,0.0,0.0
0.0,0.0,0.0,0.0,0.0,0.0,0.0,0.0,0.0,0.0,0.0,0.0,0.0,0.0,0.0,0.0,0.0,0.0,0.0,0.0,0.0,0.0,0.0,0.0,0.0,0.0,0.0,0.0,0.0,0.0,0.0,0.0,0.0,0.0,0.0,0.0,0.0
0.0,0.0,0.0,0.0,0.0,0.0,0.0,0.0,0.0,0.0,0.0,0.0,0.0,0.0,0.0,0.0,0.0,0.0,0.0,0.0,0.0,0.0,0.0,0.0,0.0,0.0,0.0,0.0,0.0,0.0,0.0,0.0,0.0,0.0,0.0,0.0,0.0
0.0,0.0,0.0,0.0,3.075636070221657,0.0,0.0,0.0,0.0,0.0,0.0,0.0,0.0,4.346187766641311,0.0,0.0,0.0,0.0,0.0,0.0,0.0,0.0,0.0,0.0,0.0,0.0,0.8189485996961522,0.0,0.4255549922584694,0.0,0.0,0.0,0.0,0.0,0.0,0.0,0.0
0.0,0.0,0.0,0.2944272067397774,3.38782308623176,0.6931055122986266,0.0,0.0,0.0,0.0,2.081172099942143,0.0,0.0,6.582063622772546,0.0,0.0,0.0,0.0,0.0,0.0,0.0,0.0,0.0,0.0,0.0,3.064060040190749,1.0384560566395504,0.0,0.0,0.0,0.0,0.0,0.0,0.0,0.0,0.0,0.0
0.0,0.0,0.0,0.2271789684891672,4.472707256674599,0.4379970682784755,0.0,0.0,0.0,0.0,1.907581545691768,0.0,0.0,1.9440845027565616,0.1450676802545755,0.0,0.0,0.0,0.0,0.0,0.0,0.0,0.0,0.0,0.0,3.3207749875261667,0.4508698819205149,0.0,0.0,0.0,0.0,0.0,0.0,0.0,0.0,0.0,0.0
0.0,0.0,0.0,0.1349214576184707,5.765027023851723,0.0,0.0,0.0,0.0,0.0,1.6732116767204084,0.0,0.0,0.0,0.1255927607417082,0.0,0.0,0.0,0.0,0.0,0.0,3.0039163589476403,0.0,0.0,0.0,0.0,0.0351446643471682,0.0,0.0,0.4619925767183049,0.0,1.263100087642662,0.0,0.0,0.0,0.0,0.0
0.0,0.0,0.0,0.202555816620584,14.93128661625066,0.6901705451309672,0.0,0.0,0.0,0.0,3.796569590223758,0.0,0.0,8.148696622811118,0.2771532140672178,0.0249225366860626,5.864592945575657,0.0,0.0,0.0,0.0,218.0234844207764,0.0,0.0,0.0,1.8325379885732471,0.016457667946815,0.0,0.0,0.6530660755932023,0.0,3.301897168159472,1.2155579924583395,0.0,0.0,0.0,0.0
0.0,0.0,0.0,0.5695228539407239,84.99060547351833,4.71577367465939,28.84092442113896,0.0,0.0,0.0,16.338378269225288,0.0,0.0,50.74283387511964,1.800601378083227,0.2988414205610743,13.854873311519484,0.0,0.0,0.0,0.0,830.3780395507811,0.0,0.0,0.0,27.463654853403497,0.6753367166966168,0.0,4.768854892253655,2.3847445271908927,0.0,21.373523652553533,9.007615800946938,0.0,0.0,0.0,0.0
0.0,0.0,0.0,3.055724635720253,261.47426742315275,34.15104176849124,185.41332904100415,0.0,0.0,0.0,96.7568293385206,0.0,0.0,173.97874223068345,6.4463085874915125,0.7319707460701455,116.9756870388984,0.0,0.0,0.0,0.0,1819.3449096679688,0.0,0.0,0.0,152.73540118932715,3.021061247587204,0.0,99.734623491019,20.64366557858882,0.0,113.49360561370848,35.929345712065675,0.0,0.0,0.0,0.0
0.0,0.0,0.0,8.341009229421616,570.4665454626083,147.1285584717989,478.4975189864635,0.0,0.0,0.0,320.72444123476737,0.0,0.0,397.9578374326229,14.74248909652233,1.27798594534397,342.7178076744079,0.0,0.0,0.0,0.0,2537.9319091796874,0.0,0.0,0.0,423.40189054012296,8.344609065353868,0.0,492.837802863121,90.5494379416108,0.0,309.3416311740875,77.6949345767498,0.0,0.0,0.0,0.0
0.0,0.0,0.0,17.228396356105804,985.0082099437712,238.58771759271625,829.8935692548752,0.0,0.0,0.0,676.9765761226415,0.0,0.0,668.7935208529233,22.798762196302413,1.7381743639707563,674.5923112988472,0.0,0.0,0.0,0.0,2999.3855560302736,0.0,0.0,0.0,619.779305934906,19.997421565651887,0.0,1054.57871799469,220.79540791511536,0.0,424.87530767917633,129.22391062974927,0.0,0.0,0.0,0.0
0.0,0.0,0.0,27.60338830947876,1280.9046194553375,265.9204206168652,1071.3952086865902,0.0,0.0,0.0,910.2647862553596,0.0,0.0,835.8374755084515,26.979918193817134,2.870470866560935,906.6045510053634,0.0,0.0,0.0,0.0,3150.472344970703,0.0,0.0,0.0,677.4594337463379,37.26886097788811,0.0,1423.6546910047532,281.21953827738764,0.0,444.9224354028702,149.22507274150848,0.0,0.0,0.0,0.0
0.0,0.0,0.0,35.72970724105835,1452.1149032115936,282.8474682569504,1205.2743114590644,0.0,0.0,0.0,1116.3060973763463,0.0,0.0,920.6589309871196,29.04015727043152,3.791796326637268,1071.3198619604111,0.0,0.0,0.0,0.0,3229.770834350586,0.0,0.0,0.0,695.3776854038239,48.91322515010834,0.0,1665.0450808644296,309.8075709760189,0.0,451.8140033483505,162.81491434574127,0.0,0.0,0.0,0.0
0.0,0.0,0.0,39.18219470977783,1511.6232159137726,289.50935304164886,1240.2534491658212,0.0,0.0,0.0,1176.2951549232007,0.0,0.0,943.7836375832558,29.18099899291992,4.540178954601287,1162.144966673851,0.0,0.0,0.0,0.0,3207.366018676758,0.0,0.0,0.0,688.3937356948852,54.47255426645279,0.0,1745.4453447937965,323.35171485543253,0.0,452.3476403951645,0.0,0.0,0.0,0.0,0.0
0.0,0.0,0.0,37.76363360881805,1478.4082326889038,284.6035051047802,1205.36914665699,0.0,0.0,0.0,1139.0956926584245,0.0,0.0,930.5091169476508,27.73337329030037,0.0,1177.3711029529572,0.0,0.0,0.0,0.0,3085.5706268310546,0.0,0.0,0.0,662.4638796329498,54.31573011875152,0.0,1735.9109337329865,0.0,0.0,439.7549614906311,0.0,0.0,0.0,0.0,0.0
0.0,0.0,0.0,29.08543419837952,1295.4354257583618,0.0,0.0,0.0,0.0,0.0,969.8973029017448,0.0,0.0,783.6907336115837,0.0,0.0,1222.7929707050323,0.0,0.0,0.0,0.0,0.0,0.0,0.0,0.0,613.0185019493103,0.0,0.0,1520.3303864121438,0.0,0.0,0.0,0.0,0.0,0.0,0.0,0.0
0.0,0.0,0.0,0.0,0.0,0.0,0.0,0.0,0.0,0.0,0.0,0.0,0.0,0.0,0.0,0.0,0.0,0.0,0.0,0.0,0.0,0.0,0.0,0.0,0.0,0.0,0.0,0.0,0.0,0.0,0.0,0.0,0.0,0.0,0.0,0.0,0.0
0.0,0.0,0.0,0.0,0.0,0.0,0.0,0.0,0.0,0.0,0.0,0.0,0.0,0.0,0.0,0.0,0.0,0.0,0.0,0.0,0.0,0.0,0.0,0.0,0.0,0.0,0.0,0.0,0.0,0.0,0.0,0.0,0.0,0.0,0.0,0.0,0.0
0.0,0.0,0.0,0.0,0.0,0.0,0.0,0.0,0.0,0.0,0.0,0.0,0.0,0.0,0.0,0.0,0.0,0.0,0.0,0.0,0.0,0.0,0.0,0.0,0.0,0.0,0.0,0.0,0.0,0.0,0.0,0.0,0.0,0.0,0.0,0.0,0.0
0.0,0.0,0.0,0.0,0.0,0.0,0.0,0.0,0.0,0.0,0.0,0.0,0.0,0.0,0.0,0.0,0.0,0.0,0.0,0.0,0.0,0.0,0.0,0.0,0.0,0.0,0.0,0.0,0.0,0.0,0.0,0.0,0.0,0.0,0.0,0.0,0.0
0.0,0.0,0.0,0.0,0.0,0.0,0.0,0.0,0.0,0.0,0.0,0.0,0.0,0.0,0.0,0.0,0.0,0.0,0.0,0.0,0.0,0.0,0.0,0.0,0.0,0.0,0.0,0.0,0.0,0.0,0.0,0.0,0.0,0.0,0.0,0.0,0.0
0.0,0.0,0.0,0.0,0.0,0.0,0.0,0.0,0.0,0.0,0.0,0.0,0.0,0.0,0.0,0.0,0.0,0.0,0.0,0.0,0.0,0.0,0.0,0.0,0.0,0.0,0.0,0.0,0.0,0.0,0.0,0.0,0.0,0.0,0.0,0.0,0.0
0.0,0.0,0.0,0.0,0.0,0.0,0.0,0.0,0.0,0.0,0.0,0.0,0.0,0.0,0.0,0.0,0.0,0.0,0.0,0.0,0.0,0.0,0.0,0.0,0.0,0.0,0.0,0.0,0.0,0.0,0.0,0.0,0.0,0.0,0.0,0.0,0.0
0.0,0.0,0.0,0.0,0.0,0.0,0.0,0.0,0.0,0.0,0.0,0.0,0.0,0.0,0.0,0.0,0.0,0.0,0.0,0.0,0.0,0.0,0.0,0.0,0.0,0.0,0.0,0.0,0.0,0.0,0.0,0.0,0.0,0.0,0.0,0.0,0.0
0.0,0.0,0.0,0.0,0.0,0.0,0.0,0.0,0.0,0.0,0.0,0.0,0.0,0.0,0.0,0.0,0.0,0.0,0.0,0.0,0.0,0.0,0.0,0.0,0.0,0.0,0.0,0.0,0.0,0.0,0.0,0.0,0.0,0.0,0.0,0.0,0.0
0.0,0.0,0.0,0.0,0.0,0.0,0.0,0.0,0.0,0.0,0.0,0.0,0.0,0.0,0.0,0.0,0.0,0.0,0.0,0.0,0.0,0.0,0.0,0.0,0.0,0.0,0.0,0.0,0.0,0.0,0.0,0.0,0.0,0.0,0.0,0.0,0.0
0.0,0.0,0.0,0.0,2.473311960697166,0.0,0.0,0.0,0.0,0.0,0.0,0.0,0.0,0.0,0.0,0.0,0.0,0.0,0.0,0.0,0.0,0.0,0.0,0.0,0.0,1.091865028813466,1.404374312236902,0.0,0.0,0.0,0.0,0.0,0.0,0.0,0.0,0.0,0.0
0.0,0.0,0.0,0.0,2.933262426406076,0.0,0.0,0.0,0.0,0.0,0.0,0.0,0.0,2.6510773459448265,0.0,0.0,0.0,0.0,0.0,0.0,0.0,0.0,0.0,0.0,0.0,1.4790134587324926,0.0,0.0,0.0,0.0,0.0,1.2034238427877175,0.0,0.0,0.0,0.0,0.0
0.0,0.0,0.0,0.0,4.532787334173745,0.4947153711691102,0.0,0.0,0.0,0.0,1.9912157475014776,0.0,0.0,3.5155514813958666,0.057037288695571,0.0033931862562883,6.792884349822898,0.0,0.0,0.0,0.0,0.0,0.0,0.0,0.0,0.0,0.8855548173189133,0.0,0.0,0.5890830032527132,0.0,1.304315045475932,0.0,0.0,0.0,0.0,0.0
0.0,0.0,0.0,0.1604869011789502,6.663654480129367,0.1643747948110089,2.189873690530512,0.0,0.0,0.0,1.8170498743651533,0.0,0.0,3.048672797158273,0.0318823859095548,0.0,15.926384353637578,0.0,0.0,0.0,0.0,0.0,0.0,0.0,0.0,0.0,0.0,0.0,0.0,0.5605679802596452,0.0,1.485155820846547,0.0,0.0,0.0,0.0,0.0
0.0,0.0,0.0,0.2136012259870711,14.438702698796932,0.6634917850605712,0.38927990123624,0.0,0.0,0.0,4.354377803578853,0.0,0.0,23.70478545082722,0.1748959936201565,0.0,7.970423865318245,0.0,0.0,0.0,0.0,98.12230138778683,0.0,0.0,0.0,0.0,0.1971505191177089,0.0,0.0,0.8228411719202752,0.0,3.219956144690502,1.28828339744359,0.0,0.0,0.0,0.0
0.0,0.0,0.0,0.3679849710315434,66.96016569435588,2.6221191287040546,22.263424026965986,0.0,0.0,0.0,18.92187368487927,0.0,0.0,81.98205782100544,0.8434434536844463,0.1242918428033581,26.78047465085981,0.0,0.0,0.0,0.0,514.0469078063961,0.0,0.0,0.0,27.484529341757263,3.020874311774961,0.0,30.00257926434272,2.611075200140452,0.0,20.463892623782154,9.925930500030514,0.0,0.0,0.0,0.0
0.0,0.0,0.0,2.3314369395375216,211.74089878797523,25.87919484078884,124.87256957292549,0.0,0.0,0.0,104.134659399092,0.0,0.0,236.06474731117487,0.0,0.4846029132604595,159.5767672777175,0.0,0.0,0.0,0.0,1261.799890136719,0.0,0.0,0.0,164.64251351356504,9.54832936674356,0.0,315.60574320852754,12.7046010930091,0.0,109.33836281299588,40.93815438449381,0.0,0.0,0.0,0.0
0.0,0.0,0.0,6.673692360520359,447.30938249826414,133.70094312727448,324.0093722686171,0.0,0.0,0.0,331.24989071786393,0.0,0.0,469.96232442557806,11.464915806055068,0.976448349654674,432.9791471123695,0.0,0.0,0.0,0.0,2057.812109375,0.0,0.0,0.0,459.6980094432831,23.99445749521255,0.0,919.9983310699464,53.85896806865931,0.0,294.7679431438446,85.6688783466816,0.0,0.0,0.0,0.0
0.0,0.0,0.0,13.906197011470791,795.9316596984862,234.17384633421895,585.5122853308916,0.0,0.0,0.0,698.4318214923144,0.0,0.0,739.1949137300252,19.42449620962143,1.5034910440444946,804.8237446427345,0.0,0.0,0.0,0.0,2641.9234985351563,0.0,0.0,0.0,656.3801573753357,45.47320818901061,0.0,1491.5609603881835,165.70138437747954,0.0,407.4321364164352,133.8192727565765,0.0,0.0,0.0,0.0
0.0,0.0,0.0,22.61193150281906,1081.6042518615725,260.2759157121181,822.5755740344524,0.0,0.0,0.0,916.1949063330889,0.0,0.0,881.8929605185986,24.413937664031984,2.692464515566826,1040.7703906059264,0.0,0.0,0.0,0.0,2773.9638854980467,0.0,0.0,0.0,702.8999842643738,58.44464834928512,0.0,1768.4724782705307,259.9684420824051,0.0,433.8009901046753,148.19872146844864,0.0,0.0,0.0,0.0
0.0,0.0,0.0,29.97925633192062,1261.2019958496094,277.35234478116035,1005.5461260795594,0.0,0.0,0.0,1112.278568509221,0.0,0.0,944.6162541210653,26.76138339042664,3.60828885436058,1207.5593575954438,0.0,0.0,0.0,0.0,2832.1887023925783,0.0,0.0,0.0,702.6205810546875,65.02550888061523,0.0,1869.07004199028,303.68975128531457,0.0,446.7824145555496,156.86366969347,0.0,0.0,0.0,0.0
0.0,0.0,0.0,33.76391088962555,1352.459611415863,284.5237711369992,1116.451719480753,0.0,0.0,0.0,1188.2021834433078,0.0,0.0,957.719972282648,27.01173938512802,4.28425806760788,1283.8229059457778,0.0,0.0,0.0,0.0,2813.807736206055,0.0,0.0,0.0,675.2237235546112,66.71297955513,0.0,1833.729244196415,321.210042154789,0.0,442.7497446537018,160.93610244989395,0.0,0.0,0.0,0.0
0.0,0.0,0.0,32.34471046924591,1348.637062549591,281.0803069770336,0.0,0.0,0.0,0.0,1119.4928596735,0.0,0.0,936.675851047039,25.58410182595253,4.569191664457321,1282.7833813667298,0.0,0.0,0.0,0.0,2728.2120513916016,0.0,0.0,0.0,642.8765302658081,63.94675096273422,0.0,1699.4462136507034,320.409676772356,0.0,424.7123316526413,0.0,0.0,0.0,0.0,0.0
0.0,0.0,0.0,0.0,1154.6932830810547,0.0,0.0,0.0,0.0,0.0,0.0,0.0,0.0,0.0,0.0,0.0,1292.583667564392,0.0,0.0,0.0,0.0,0.0,0.0,0.0,0.0,596.8558068752288,0.0,0.0,0.0,325.20130187273026,0.0,0.0,0.0,0.0,0.0,0.0,0.0
0.0,0.0,0.0,17.513787806034088,879.642616868019,203.03681375086305,0.0,0.0,0.0,0.0,0.0,0.0,0.0,0.0,17.698883843421935,0.0,1222.748232293129,0.0,0.0,0.0,0.0,0.0,0.0,0.0,0.0,0.0,0.0,0.0,0.0,309.39376339912417,0.0,0.0,0.0,0.0,0.0,0.0,0.0
0.0,0.0,0.0,0.0,0.0,0.0,0.0,0.0,0.0,0.0,0.0,0.0,0.0,0.0,0.0,0.0,1099.8366159915925,0.0,0.0,0.0,0.0,0.0,0.0,0.0,0.0,0.0,0.0,0.0,0.0,0.0,0.0,0.0,0.0,0.0,0.0,0.0,0.0
0.0,0.0,0.0,0.0,0.0,0.0,0.0,0.0,0.0,0.0,0.0,0.0,0.0,0.0,0.0,0.0,0.0,0.0,0.0,0.0,0.0,0.0,0.0,0.0,0.0,0.0,0.0,0.0,0.0,0.0,0.0,0.0,0.0,0.0,0.0,0.0,0.0
0.0,0.0,0.0,0.0,0.0,0.0,0.0,0.0,0.0,0.0,0.0,0.0,0.0,0.0,0.0,0.0,0.0,0.0,0.0,0.0,0.0,0.0,0.0,0.0,0.0,0.0,0.0,0.0,0.0,0.0,0.0,0.0,0.0,0.0,0.0,0.0,0.0
0.0,0.0,0.0,0.0,0.0,0.0,0.0,0.0,0.0,0.0,0.0,0.0,0.0,0.0,0.0,0.0,0.0,0.0,0.0,0.0,0.0,0.0,0.0,0.0,0.0,0.0,0.0,0.0,0.0,0.0,0.0,0.0,0.0,0.0,0.0,0.0,0.0
0.0,0.0,0.0,0.0,0.0,0.0,0.0,0.0,0.0,0.0,0.0,0.0,0.0,0.0,0.0,0.0,0.0,0.0,0.0,0.0,0.0,0.0,0.0,0.0,0.0,0.0,0.0,0.0,0.0,0.0,0.0,0.0,0.0,0.0,0.0,0.0,0.0
0.0,0.0,0.0,0.0,0.0,0.0,0.0,0.0,0.0,0.0,0.0,0.0,0.0,0.0,0.0,0.0,0.0,0.0,0.0,0.0,0.0,0.0,0.0,0.0,0.0,0.0,0.0,0.0,0.0,0.0,0.0,0.0,0.0,0.0,0.0,0.0,0.0
0.0,0.0,0.0,0.0,0.0,0.0,0.0,0.0,0.0,0.0,0.0,0.0,0.0,0.0,0.0,0.0,0.0,0.0,0.0,0.0,0.0,0.0,0.0,0.0,0.0,0.0,0.0,0.0,0.0,0.0,0.0,0.0,0.0,0.0,0.0,0.0,0.0
0.0,0.0,0.0,0.0,0.0,0.0,0.0,0.0,0.0,0.0,0.0,0.0,0.0,0.0,0.0,0.0,0.0,0.0,0.0,0.0,0.0,0.0,0.0,0.0,0.0,0.0,0.0,0.0,0.0,0.0,0.0,0.0,0.0,0.0,0.0,0.0,0.0
0.0,0.0,0.0,0.0,0.0,0.0,0.0,0.0,0.0,0.0,0.0,0.0,0.0,0.0,0.0,0.0,0.0,0.0,0.0,0.0,0.0,0.0,0.0,0.0,0.0,0.0,0.0,0.0,0.0,0.0,0.0,0.0,0.0,0.0,0.0,0.0,0.0
0.0,0.0,0.0,0.0,2.589406605809765,0.0,0.0,0.0,0.0,0.0,0.0,0.0,0.0,0.0,0.0,0.0,1.9583167314529089,0.0,0.0,0.0,0.0,0.0,0.0,0.0,0.0,0.0,0.0,0.0,0.2319709628820419,0.517479132860865,0.0,0.0,0.0,0.0,0.0,0.0,0.0
0.0,0.0,0.0,0.0,3.2087061405181614,0.0,0.0,0.0,0.0,0.0,1.995410383725426,0.0,0.0,0.0,0.0,0.0,2.674070036411266,0.0,0.0,0.0,0.0,0.0159993171691894,0.0,0.0,0.0,0.0,0.0,0.0,0.0,0.5441841430961937,0.0,0.0,0.1138204857706989,0.0,0.0,0.0,0.0
0.0,0.0,0.0,0.148792240768665,5.259256310760855,0.3446686053648429,0.0,0.0,0.0,0.0,1.8540122586300287,0.0,0.0,0.0,0.1502058036625368,0.0,5.722717022895787,0.0,0.0,0.0,0.0,12.49822521209682,0.0,0.0,0.0,0.0,1.1362981144338804,0.0,0.0,0.5374888531863413,0.0,1.1253760159015236,0.0,0.0,0.0,0.0,0.0
0.0,0.0,0.0,0.1490414552390552,8.765040274709298,0.0,3.0994268767535487,0.0,0.0,0.0,1.683448750525666,0.0,0.0,0.0,0.07711565494537,0.0,13.285714912414466,0.0,0.0,0.0,0.0,0.0,0.0,0.0,0.0,0.0,0.0,0.0,0.0,0.5268279366194937,0.0,1.2752820253371842,0.0,0.0,0.0,0.0,0.0
0.0,0.0,0.0,0.3588009327650048,20.166745997965155,0.6598627883940812,2.6006864402441834,0.0,0.0,0.0,2.381171762198183,0.0,0.0,0.0,0.1252076793462003,0.0,4.513799333572316,0.0,0.0,0.0,0.0,69.41428098678567,0.0,0.0,0.0,0.0,0.0,0.0,0.650967778265435,0.7434349164366475,0.0,3.225136607885321,1.084849663078756,0.0,0.0,0.0,0.0
0.0,0.0,0.0,1.1291997730731953,49.92208869755261,2.364908220246399,20.065005195513223,0.0,0.0,0.0,12.600766680342913,0.0,0.0,0.0,0.3933541730046263,0.1483037006109945,14.689336621761267,0.0,0.0,0.0,0.0,282.4398418426512,0.0,0.0,0.0,0.0,0.7291849309578533,0.0,65.25964249148952,2.1288590990006773,0.0,27.78872221708296,7.816182363778342,0.0,0.0,0.0,0.0
0.0,0.0,0.0,3.7706689834594687,150.3604099154471,21.95539407059549,98.05687471628184,0.0,0.0,0.0,90.2656811688094,0.0,0.0,149.48107190430164,2.0282876506447787,0.5212473683059213,136.07506664991374,0.0,0.0,0.0,0.0,675.899836730957,0.0,0.0,0.0,25.74783011972897,3.647454254329198,0.0,527.2803660482167,14.65058300495146,0.0,142.3341367840767,30.87965780496595,0.0,0.0,0.0,0.0
0.0,0.0,0.0,9.628782391548157,310.7564925551413,116.91530618071556,259.4339236497878,0.0,0.0,0.0,309.2444073989988,0.0,0.0,0.0,5.693675172328948,1.1123667061328886,396.7088585853575,0.0,0.0,0.0,0.0,1306.988684082031,0.0,0.0,0.0,92.74667744040488,10.597421193122855,0.0,1146.772311848402,64.40475259423253,0.0,327.4965935945511,80.20314610004425,0.0,0.0,0.0,0.0
0.0,0.0,0.0,19.518992841243744,577.8653872013092,215.34727530181408,511.380218565464,0.0,0.0,0.0,635.048098567128,0.0,0.0,652.6088483631611,12.93842211663723,1.5928328335285182,790.4609371423721,0.0,0.0,0.0,0.0,2024.6386413574216,0.0,0.0,0.0,286.3939964294433,25.890421229600904,0.0,1728.049132668972,191.40506509542465,0.0,425.74515902996063,133.9404565691948,0.0,0.0,0.0,0.0
0.0,0.0,0.0,30.31942969560623,827.5127769708633,243.96834990382197,751.1546062231064,0.0,0.0,0.0,854.714113664627,0.0,0.0,807.8184950351715,19.11715078353882,2.5229494720697394,1047.670524573326,0.0,0.0,0.0,0.0,2316.467544555664,0.0,0.0,0.0,439.5647471189498,42.36150758266448,0.0,1956.6712626695632,273.99970784187315,0.0,441.42455077171326,151.5147988796234,0.0,0.0,0.0,0.0
0.0,0.0,0.0,36.89151322841644,1015.0250813961028,262.3561046719551,951.8329568743706,0.0,0.0,0.0,1033.848385605216,0.0,0.0,0.0,23.046534419059757,3.628426313400269,1225.1775893449783,0.0,0.0,0.0,0.0,2493.131512451172,0.0,0.0,0.0,523.5636075019836,51.751441955566406,0.0,2063.884652388096,309.0427029311657,0.0,434.4917185306549,163.30153572559357,0.0,0.0,0.0,0.0
0.0,0.0,0.0,41.07019364833832,1119.711688995361,268.5427260398865,1049.8235557496548,0.0,0.0,0.0,1087.1872569233178,0.0,0.0,0.0,24.94972618818283,0.0,1312.0355613470078,0.0,0.0,0.0,0.0,2553.962121582031,0.0,0.0,0.0,569.8742319107056,55.90105701684952,0.0,2062.7068509459496,322.8365934252739,0.0,419.96202182769775,0.0,0.0,0.0,0.0,0.0
0.0,0.0,0.0,0.0,1141.8159549236298,264.9283235371113,0.0,0.0,0.0,0.0,1021.795499444008,0.0,0.0,0.0,0.0,0.0,1298.8505997896195,0.0,0.0,0.0,0.0,2489.48410949707,0.0,0.0,0.0,569.4652480602265,55.89010572433472,0.0,1995.7708775758745,320.8569432258606,0.0,400.0293935537338,0.0,0.0,0.0,0.0,0.0
0.0,0.0,0.0,0.0,912.2062987089156,236.3023653626442,0.0,0.0,0.0,0.0,803.4365749508142,0.0,0.0,0.0,0.0,0.0,1296.8371261119842,0.0,0.0,0.0,0.0,0.0,0.0,0.0,0.0,0.0,0.0,0.0,0.0,323.4514588594437,0.0,345.7529944181442,0.0,0.0,0.0,0.0,0.0
0.0,0.0,0.0,0.0,603.5511801242828,0.0,0.0,0.0,0.0,0.0,553.1294701278208,0.0,0.0,0.0,0.0,0.0,1219.3354881763455,0.0,0.0,0.0,0.0,0.0,0.0,0.0,0.0,0.0,0.0,0.0,0.0,307.22362253665926,0.0,282.9004752635956,0.0,0.0,0.0,0.0,0.0
0.0,0.0,0.0,0.0,0.0,0.0,0.0,0.0,0.0,0.0,0.0,0.0,0.0,0.0,0.0,0.0,1091.8187571525573,0.0,0.0,0.0,0.0,0.0,0.0,0.0,0.0,0.0,0.0,0.0,0.0,0.0,0.0,0.0,0.0,0.0,0.0,0.0,0.0
0.0,0.0,0.0,0.0,0.0,0.0,0.0,0.0,0.0,0.0,0.0,0.0,0.0,0.0,0.0,0.0,0.0,0.0,0.0,0.0,0.0,0.0,0.0,0.0,0.0,0.0,0.0,0.0,0.0,0.0,0.0,0.0,0.0,0.0,0.0,0.0,0.0
0.0,0.0,0.0,0.0,0.0,0.0,0.0,0.0,0.0,0.0,0.0,0.0,0.0,0.0,0.0,0.0,0.0,0.0,0.0,0.0,0.0,0.0,0.0,0.0,0.0,0.0,0.0,0.0,0.0,0.0,0.0,0.0,0.0,0.0,0.0,0.0,0.0
0.0,0.0,0.0,0.0,0.0,0.0,0.0,0.0,0.0,0.0,0.0,0.0,0.0,0.0,0.0,0.0,0.0,0.0,0.0,0.0,0.0,0.0,0.0,0.0,0.0,0.0,0.0,0.0,0.0,0.0,0.0,0.0,0.0,0.0,0.0,0.0,0.0
0.0,0.0,0.0,0.0,0.0,0.0,0.0,0.0,0.0,0.0,0.0,0.0,0.0,0.0,0.0,0.0,0.0,0.0,0.0,0.0,0.0,0.0,0.0,0.0,0.0,0.0,0.0,0.0,0.0,0.0,0.0,0.0,0.0,0.0,0.0,0.0,0.0
0.0,0.0,0.0,0.0,0.0,0.0,0.0,0.0,0.0,0.0,0.0,0.0,0.0,0.0,0.0,0.0,0.0,0.0,0.0,0.0,0.0,0.0,0.0,0.0,0.0,0.0,0.0,0.0,0.0,0.0,0.0,0.0,0.0,0.0,0.0,0.0,0.0
0.0,0.0,0.0,0.0,0.0,0.0,0.0,0.0,0.0,0.0,0.0,0.0,0.0,0.0,0.0,0.0,0.0,0.0,0.0,0.0,0.0,0.0,0.0,0.0,0.0,0.0,0.0,0.0,0.0,0.0,0.0,0.0,0.0,0.0,0.0,0.0,0.0
0.0,0.0,0.0,0.0,0.0,0.0,0.0,0.0,0.0,0.0,0.0,0.0,0.0,0.0,0.0,0.0,0.0,0.0,0.0,0.0,0.0,0.0,0.0,0.0,0.0,0.0,0.0,0.0,0.0,0.0,0.0,0.0,0.0,0.0,0.0,0.0,0.0
0.0,0.0,0.0,0.0,0.0,0.0,0.0,0.0,0.0,0.0,0.0,0.0,0.0,0.0,0.0,0.0,0.0,0.0,0.0,0.0,0.0,0.0,0.0,0.0,0.0,0.0,0.0,0.0,0.0,0.0,0.0,0.0,0.0,0.0,0.0,0.0,0.0
0.0,0.0,0.0,0.0,2.4678413569925706,0.0,0.0,0.0,0.0,0.0,0.0,0.0,0.0,0.0,0.0,0.0,0.0,0.0,0.0,0.0,0.0,0.0,0.0,0.0,0.0,0.0,0.0,0.0,0.0,0.0,0.0,0.0,0.0,0.0,0.0,0.0,0.0
0.0,0.0,0.0,0.2690889202058312,2.714808765798685,0.0,4.632526022568224,0.0,0.0,0.0,0.0,0.0,0.0,0.0,0.0,0.0,0.0,0.0,0.0,0.0,0.0,0.0,0.0,0.0,0.0,0.0,0.0,0.0,0.0,0.0,0.0,0.0,0.2728229388594465,0.0,0.0,0.0,0.0
0.0,0.0,0.0,0.3827622458338693,3.5387179441748025,0.0,0.0,0.0,0.0,0.0,1.9039558712392877,0.0,0.0,6.677388884127094,0.0996268987655639,0.0,5.305853080749492,0.0,0.0,0.0,0.0,11.125093364715386,0.0,0.0,0.0,0.0,0.0944726403802589,0.0,0.0,0.4900858491658936,0.0,0.0,0.0,0.0,0.0,0.0,0.0
0.0,0.0,0.0,0.2111925184726712,4.930882140993904,0.0,0.0,0.0,0.0,0.0,1.7003692709840257,0.0,0.0,2.791999629698565,0.0465460762381523,0.0,12.621134996414035,0.0,0.0,0.0,0.0,0.0,0.0,0.0,0.0,0.0,0.0,0.0,0.0,0.3999132394790385,0.0,1.0357158780097584,0.0,0.0,0.0,0.0,0.0
0.0,0.0,0.0,0.228215090930459,12.38993993401515,0.4485172913409623,0.0,0.0,0.0,0.0,5.925771811231955,0.0,0.0,12.286723142024089,0.1635111831128583,0.0,3.74362450838075,0.0,0.0,0.0,0.0,76.58904533386223,0.0,0.0,0.0,0.0,0.0,0.0,0.0,0.6491033777594408,0.0,2.904024139046609,1.1171902874484652,0.0,0.0,0.0,0.0
0.0,0.0,0.0,0.5448427684605074,74.87776097655286,2.371696735266562,23.45336606632913,0.0,0.0,0.0,23.13967311587181,0.0,0.0,52.34746439382434,1.2899735100567338,0.4077200070023535,14.037810516357345,0.0,0.0,0.0,0.0,492.51574821472144,0.0,0.0,0.0,18.534143275022466,0.1847677592188116,0.0,13.956782153248652,1.6167104244231971,0.0,24.68441374599928,6.828849846497157,0.0,0.0,0.0,0.0
0.0,0.0,0.0,2.909437127411361,241.56724503636343,16.348089812323416,158.9174083173274,0.0,0.0,0.0,127.06374673135564,0.0,0.0,164.96731841936705,5.095259991288185,0.8335144072771061,132.9871969461441,0.0,0.0,0.0,0.0,1351.3949798583983,0.0,0.0,0.0,121.58357181549071,3.5349459663033485,0.0,180.12068130969985,14.11590582206844,0.0,126.90868192911148,27.93221390247345,0.0,0.0,0.0,0.0
0.0,0.0,0.0,7.990614145994181,550.6780948638915,75.75999063253401,470.46345455646514,0.0,0.0,0.0,364.6916031137108,0.0,0.0,380.6759912148118,12.996722263097762,1.5274591222405425,387.7460999727249,0.0,0.0,0.0,0.0,2230.507363891601,0.0,0.0,0.0,364.2538191795349,10.880916851758952,0.0,607.334224718809,61.98744248151776,0.0,318.0477157831192,79.51476126909256,0.0,0.0,0.0,0.0
0.0,0.0,0.0,16.278672575950623,984.2312896251676,162.72324246168134,846.738421958685,0.0,0.0,0.0,733.8108773261308,0.0,0.0,642.4977242946625,20.397260195016862,2.244130685925483,760.4282863736152,0.0,0.0,0.0,0.0,2763.477160644531,0.0,0.0,0.0,555.2440553665161,25.515733087062834,0.0,1108.6608217716214,185.67741152048112,0.0,426.9256049394608,132.20968836545944,0.0,0.0,0.0,0.0
0.0,0.0,0.0,24.964571535587307,1300.9887664318085,186.2275573462248,1097.4275611817836,0.0,0.0,0.0,976.0116606414316,0.0,0.0,776.9000606238842,24.61746357679367,3.519833892583846,1012.9616066217422,0.0,0.0,0.0,0.0,2927.1279205322267,0.0,0.0,0.0,631.8796721458435,42.22936920523644,0.0,1459.620361316204,264.7479535698891,0.0,446.4525872468949,146.38252732157704,0.0,0.0,0.0,0.0
0.0,0.0,0.0,31.866414546966556,1485.1173684597015,198.48072008788583,1237.777307587862,0.0,0.0,0.0,1165.502503192425,0.0,0.0,840.4324808716774,26.196137773990632,4.558692306280135,1192.3828625679016,0.0,0.0,0.0,0.0,2966.790881347656,0.0,0.0,0.0,673.9882660865784,52.73113486766815,0.0,1675.2199155688286,302.1476672768593,0.0,445.288431763649,156.43750923871994,0.0,0.0,0.0,0.0
0.0,0.0,0.0,35.49624848365784,1554.2877447605133,203.28978812694547,1286.1979292988776,0.0,0.0,0.0,1179.1086952507496,0.0,0.0,852.3202784359455,25.86828954219818,5.250333458185196,1283.306636929512,0.0,0.0,0.0,0.0,2894.054946899414,0.0,0.0,0.0,680.7943452358246,57.3725864648819,0.0,1755.0312787771225,316.77777194976807,0.0,437.49898862838745,158.7906128168106,0.0,0.0,0.0,0.0
0.0,0.0,0.0,34.8299446105957,1522.088559627533,198.45004805922508,1255.6046928346157,0.0,0.0,0.0,1090.2020550280808,0.0,0.0,848.7651105225086,24.810679507255557,5.222643822431564,1280.7800810813903,0.0,0.0,0.0,0.0,2710.373483276367,0.0,0.0,0.0,667.4252515792847,56.8754059791565,0.0,1785.4722152233123,315.8418840587139,0.0,421.0235906839371,154.7048374414444,0.0,0.0,0.0,0.0
0.0,0.0,0.0,26.530844986438748,0.0,0.0,0.0,0.0,0.0,0.0,0.0,0.0,0.0,0.0,0.0,4.186787217855453,1288.619721698761,0.0,0.0,0.0,0.0,2473.330859375,0.0,0.0,0.0,0.0,0.0,0.0,0.0,319.6751747667789,0.0,0.0,143.78393003344536,0.0,0.0,0.0,0.0
0.0,0.0,0.0,0.0,0.0,0.0,0.0,0.0,0.0,0.0,0.0,0.0,0.0,0.0,0.0,3.0447735786437984,1212.103309392929,0.0,0.0,0.0,0.0,2037.1906616210936,0.0,0.0,0.0,0.0,0.0,0.0,0.0,0.0,0.0,0.0,0.0,0.0,0.0,0.0,0.0
0.0,0.0,0.0,0.0,0.0,0.0,0.0,0.0,0.0,0.0,0.0,0.0,0.0,0.0,0.0,0.0,1082.398931312561,0.0,0.0,0.0,0.0,0.0,0.0,0.0,0.0,0.0,0.0,0.0,0.0,0.0,0.0,0.0,0.0,0.0,0.0,0.0,0.0
0.0,0.0,0.0,0.0,0.0,0.0,0.0,0.0,0.0,0.0,0.0,0.0,0.0,0.0,0.0,0.0,0.0,0.0,0.0,0.0,0.0,0.0,0.0,0.0,0.0,0.0,0.0,0.0,0.0,0.0,0.0,0.0,0.0,0.0,0.0,0.0,0.0
0.0,0.0,0.0,0.0,0.0,0.0,0.0,0.0,0.0,0.0,0.0,0.0,0.0,0.0,0.0,0.0,0.0,0.0,0.0,0.0,0.0,0.0,0.0,0.0,0.0,0.0,0.0,0.0,0.0,0.0,0.0,0.0,0.0,0.0,0.0,0.0,0.0
0.0,0.0,0.0,0.0,0.0,0.0,0.0,0.0,0.0,0.0,0.0,0.0,0.0,0.0,0.0,0.0,0.0,0.0,0.0,0.0,0.0,0.0,0.0,0.0,0.0,0.0,0.0,0.0,0.0,0.0,0.0,0.0,0.0,0.0,0.0,0.0,0.0
0.0,0.0,0.0,0.0,0.0,0.0,0.0,0.0,0.0,0.0,0.0,0.0,0.0,0.0,0.0,0.0,0.0,0.0,0.0,0.0,0.0,0.0,0.0,0.0,0.0,0.0,0.0,0.0,0.0,0.0,0.0,0.0,0.0,0.0,0.0,0.0,0.0
0.0,0.0,0.0,0.0,0.0,0.0,0.0,0.0,0.0,0.0,0.0,0.0,0.0,0.0,0.0,0.0,0.0,0.0,0.0,0.0,0.0,0.0,0.0,0.0,0.0,0.0,0.0,0.0,0.0,0.0,0.0,0.0,0.0,0.0,0.0,0.0,0.0
0.0,0.0,0.0,0.0,0.0,0.0,0.0,0.0,0.0,0.0,0.0,0.0,0.0,0.0,0.0,0.0,0.0,0.0,0.0,0.0,0.0,0.0,0.0,0.0,0.0,0.0,0.0,0.0,0.0,0.0,0.0,0.0,0.0,0.0,0.0,0.0,0.0
0.0,0.0,0.0,0.0,0.0,0.0,0.0,0.0,0.0,0.0,0.0,0.0,0.0,0.0,0.0,0.0,0.0,0.0,0.0,0.0,0.0,0.0,0.0,0.0,0.0,0.0,0.0,0.0,0.0,0.0,0.0,0.0,0.0,0.0,0.0,0.0,0.0
0.0,0.0,0.0,0.0,0.0,0.0,0.0,0.0,0.0,0.0,0.0,0.0,0.0,3.5409504966809644,0.0,0.0,0.0,0.0,0.0,0.0,0.0,0.0,0.0,0.0,0.0,0.0,0.0,0.0,0.0,0.0,0.0,0.0,0.0,0.0,0.0,0.0,0.0
0.0,0.0,0.0,0.0,0.0,0.0,0.0,0.0,0.0,0.0,0.0,0.0,0.0,12.170602383557611,0.0,0.0,0.0,0.0,0.0,0.0,0.0,0.0,0.0,0.0,0.0,0.0,0.0,0.0,0.0,0.0,0.0,0.0,0.0,0.0,0.0,0.0,0.0
0.0,0.0,0.0,0.0,0.0,0.0,0.0,0.0,0.0,0.0,0.0,0.0,0.0,10.222745158243834,0.0,0.0,0.0,0.0,0.0,0.0,0.0,8.58333234786968,0.0,0.0,0.0,0.0,0.0,0.0,0.0,0.0,0.0,0.0,0.3177467640489335,0.0,0.0,0.0,0.0
0.0,0.0,0.0,0.3988938592374266,2.851634949445544,0.2504673036746596,0.0,0.0,0.0,0.0,1.993312535853874,0.0,0.0,8.855322436429416,0.0,0.0,5.8514165639875815,0.0,0.0,0.0,0.0,10.890875244140563,0.0,0.0,0.0,0.0,0.0,0.0,0.0,0.5402448758482636,0.0,1.07404233515258,0.0,0.0,0.0,0.0,0.0
0.0,0.0,0.0,0.1901603415608366,4.008210435509655,0.0,0.0,0.0,0.0,0.0,1.7086780199778953,0.0,0.0,5.169019694439936,0.1267544120550154,0.0,12.330519175529435,0.0,0.0,0.0,0.0,0.0,0.0,0.0,0.0,0.0,0.0,0.0,0.0,0.370625007152546,0.0,1.2179246544837372,0.0,0.0,0.0,0.0,0.0
0.0,0.0,0.0,0.274452921003098,12.081643037497862,0.4089239272288555,0.0,0.0,0.0,0.0,2.3615886701736537,0.0,0.0,18.30639645922928,0.0,0.0081968242302531,1.6889669775960874,0.0,0.0,0.0,0.0,78.35638847351036,0.0,0.0,0.0,0.0,0.0,0.0,0.0,0.6302622579038029,0.0,3.241803795099237,1.001323493197546,0.0,0.0,0.0,0.0
0.0,0.0,0.0,0.9617162737995346,92.77540066838256,5.564183361362645,3.3788382519035443,0.0,0.0,0.0,8.788277815235578,0.0,0.0,62.32080726884298,2.125475133955478,0.2925996780395506,11.832145524024792,0.0,0.0,0.0,0.0,457.8205371856686,0.0,0.0,0.0,35.111525335907864,0.0,0.0,24.483245095610577,1.5925505615770703,0.0,37.23084972798823,5.824053714051823,0.0,0.0,0.0,0.0
0.0,0.0,0.0,3.76063111424446,284.2936216592788,45.45211080834269,87.04297005012621,0.0,0.0,0.0,71.1786644756792,0.0,0.0,185.5758409947157,6.835667851567267,0.9295763671398152,115.77400103807447,0.0,0.0,0.0,0.0,1204.3267440795898,0.0,0.0,0.0,200.8519312858581,0.0,0.0,274.3709508478639,11.262299163266976,0.0,169.10259032249448,22.996636822819703,0.0,0.0,0.0,0.0
0.0,0.0,0.0,9.728323131799694,624.4835702180862,178.76604412496087,320.14100737273685,0.0,0.0,0.0,272.0082603439687,0.0,0.0,404.4883917272091,15.547122752666471,1.640599682927131,350.7403242111204,0.0,0.0,0.0,0.0,2140.38101196289,0.0,0.0,0.0,502.4833082675934,42.610492914915085,0.0,975.535329079628,49.93678757548332,0.0,351.1920232772827,64.91798853874205,0.0,0.0,0.0,0.0
0.0,0.0,0.0,19.75620251893997,1074.7330474853516,268.16042348742485,662.795809134841,0.0,0.0,0.0,624.1974699497223,0.0,0.0,672.4980498850346,23.479013907909398,2.0430178046226493,694.5460720062255,0.0,0.0,0.0,0.0,2727.9192596435546,0.0,0.0,0.0,681.4922610759735,59.3431694149971,0.0,1696.5273144245148,164.27202491760255,0.0,451.5587029457092,115.0638117790222,0.0,0.0,0.0,0.0
0.0,0.0,0.0,31.749001502990723,1383.4806776046753,293.3626380860805,926.6177646458148,0.0,0.0,0.0,825.8524735987187,0.0,0.0,825.3919391334057,27.8133844435215,2.997128769755363,945.2218288779258,0.0,0.0,0.0,0.0,2955.639263916016,0.0,0.0,0.0,744.9723473072052,69.37019859552383,0.0,1948.95162088871,246.2885179579258,0.0,475.2650407552719,128.52958798408503,0.0,0.0,0.0,0.0
0.0,0.0,0.0,41.13550400733948,1547.4929711818695,307.73819875717163,1100.2833155453204,0.0,0.0,0.0,1003.2640522003172,0.0,0.0,901.2254151701928,29.6836106300354,3.960937887430191,1128.7565060138702,0.0,0.0,0.0,0.0,3043.618023681641,0.0,0.0,0.0,762.1938674926757,74.3273705124855,0.0,2050.3558010935785,285.7840038478374,0.0,475.0200743675232,138.3679444491863,0.0,0.0,0.0,0.0
0.0,0.0,0.0,46.63237607479096,1622.1982741355896,311.43071180582047,1174.2515060007572,0.0,0.0,0.0,1070.1919598430393,0.0,0.0,913.0979169905186,28.942160135507585,4.718009024858475,1231.9438757896423,0.0,0.0,0.0,0.0,3020.995651245117,0.0,0.0,0.0,752.9815829753876,74.62006443738937,0.0,2051.2916961312294,305.28216419219973,0.0,452.7651633024216,143.31650176644325,0.0,0.0,0.0,0.0
0.0,0.0,0.0,46.693299889564514,1595.5777804851532,304.2589128613472,1178.075195902586,0.0,0.0,0.0,1022.2745716124772,0.0,0.0,876.1427623033524,27.54886477589607,5.008175641298294,1243.9999585151672,0.0,0.0,0.0,0.0,2880.992578125,0.0,0.0,0.0,709.8984155654907,70.81670571565628,0.0,2001.5434869647029,310.4917440831661,0.0,423.12049865722656,0.0,0.0,0.0,0.0,0.0
0.0,0.0,0.0,39.54115962982178,0.0,269.60590770840645,0.0,0.0,0.0,0.0,826.6957491099835,0.0,0.0,0.0,0.0,0.0,1261.588037800789,0.0,0.0,0.0,0.0,2472.161865234375,0.0,0.0,0.0,662.5732183456421,0.0,0.0,0.0,0.0,0.0,366.6010800600052,0.0,0.0,0.0,0.0,0.0
0.0,0.0,0.0,0.0,0.0,0.0,0.0,0.0,0.0,0.0,0.0,0.0,0.0,0.0,0.0,0.0,1190.6363485097886,0.0,0.0,0.0,0.0,0.0,0.0,0.0,0.0,0.0,0.0,0.0,0.0,0.0,0.0,0.0,0.0,0.0,0.0,0.0,0.0
0.0,0.0,0.0,0.0,0.0,0.0,0.0,0.0,0.0,0.0,0.0,0.0,0.0,0.0,0.0,0.0,0.0,0.0,0.0,0.0,0.0,0.0,0.0,0.0,0.0,0.0,0.0,0.0,0.0,0.0,0.0,0.0,0.0,0.0,0.0,0.0,0.0
0.0,0.0,0.0,0.0,0.0,0.0,0.0,0.0,0.0,0.0,0.0,0.0,0.0,0.0,0.0,0.0,0.0,0.0,0.0,0.0,0.0,0.0,0.0,0.0,0.0,0.0,0.0,0.0,0.0,0.0,0.0,0.0,0.0,0.0,0.0,0.0,0.0
0.0,0.0,0.0,0.0,0.0,0.0,0.0,0.0,0.0,0.0,0.0,0.0,0.0,0.0,0.0,0.0,0.0,0.0,0.0,0.0,0.0,0.0,0.0,0.0,0.0,0.0,0.0,0.0,0.0,0.0,0.0,0.0,0.0,0.0,0.0,0.0,0.0
0.0,0.0,0.0,0.0,0.0,0.0,0.0,0.0,0.0,0.0,0.0,0.0,0.0,0.0,0.0,0.0,0.0,0.0,0.0,0.0,0.0,0.0,0.0,0.0,0.0,0.0,0.0,0.0,0.0,0.0,0.0,0.0,0.0,0.0,0.0,0.0,0.0
0.0,0.0,0.0,0.0,0.0,0.0,0.0,0.0,0.0,0.0,0.0,0.0,0.0,0.0,0.0,0.0,0.0,0.0,0.0,0.0,0.0,0.0,0.0,0.0,0.0,0.0,0.0,0.0,0.0,0.0,0.0,0.0,0.0,0.0,0.0,0.0,0.0
0.0,0.0,0.0,0.0,0.0,0.0,0.0,0.0,0.0,0.0,0.0,0.0,0.0,0.0,0.0,0.0,0.0,0.0,0.0,0.0,0.0,0.0,0.0,0.0,0.0,0.0,0.0,0.0,0.0,0.0,0.0,0.0,0.0,0.0,0.0,0.0,0.0
0.0,0.0,0.0,0.0,0.0,0.0,0.0,0.0,0.0,0.0,0.0,0.0,0.0,0.0,0.0,0.0,0.0,0.0,0.0,0.0,0.0,0.0,0.0,0.0,0.0,0.0,0.0,0.0,0.0,0.0,0.0,0.0,0.0,0.0,0.0,0.0,0.0
0.0,0.0,0.0,0.0,0.0,0.0,0.0,0.0,0.0,0.0,0.0,0.0,0.0,0.0,0.0,0.0,0.0,0.0,0.0,0.0,0.0,0.0,0.0,0.0,0.0,0.0,0.0,0.0,0.0,0.0,0.0,0.0,0.0,0.0,0.0,0.0,0.0
0.0,0.0,0.0,0.0,0.0,0.0,0.0,0.0,0.0,0.0,0.0,0.0,0.0,0.0,0.0,0.0,0.0,0.0,0.0,0.0,0.0,0.0,0.0,0.0,0.0,0.0,0.0,0.0,0.1108999490737915,0.0,0.0,0.0,0.0,0.0,0.0,0.0,0.0
0.0,0.0,0.0,0.0,0.0,0.0,0.0,0.0,0.0,0.0,0.0,0.0,0.0,6.37417693622397,0.0,0.0,0.0,0.0,0.0,0.0,0.0,0.0,0.0,0.0,0.0,0.0,0.0,0.0,0.277878201007669,0.0,0.0,0.0,0.0,0.0,0.0,0.0,0.0
0.0,0.0,0.0,0.408424060791729,0.0,0.0,0.0,0.0,0.0,0.0,0.0,0.0,0.0,6.546148783527233,0.1183800358325239,0.0,0.0,0.0,0.0,0.0,0.0,0.0,0.0,0.0,0.0,0.0,0.0,0.0,0.0,0.0,0.0,0.0,0.0,0.0,0.0,0.0,0.0
0.0,0.0,0.0,0.4451260017231085,2.9306177757678324,0.4234473989345066,0.0,0.0,0.0,0.0,2.019197647645852,0.0,0.0,2.7391303004695824,0.0775994583964345,0.0,0.0,0.0,0.0,0.0,0.0,5.765873813629046,0.0,0.0,0.0,0.0,0.5935700412839636,0.0,0.0,0.0,0.0,1.3445163369178323,0.0,0.0,0.0,0.0,0.0
0.0,0.0,0.0,0.1638719681650367,3.2965038120744885,0.0,0.0,0.0,0.0,0.0,1.7374354881232208,0.0,0.0,1.9071795372291676,0.0641816273331628,0.0,12.293073737621226,0.0,0.0,0.0,0.0,0.0,0.0,0.0,0.0,0.0,0.0,0.0,0.0,0.581432916969055,0.0,1.5138883292674945,0.0,0.0,0.0,0.0,0.0
0.0,0.0,0.0,0.2220738828182194,9.55737721174955,0.477536373771694,0.0,0.0,0.0,0.0,2.281406381679636,0.0,0.0,12.969550359994043,0.1789758950471867,0.0,0.1603228569030761,0.0,0.0,0.0,0.0,60.72467837333652,0.0,0.0,0.0,0.0,0.0,0.0,0.0,0.8243290141224471,0.0,3.868106096982901,0.7797264857217422,0.0,0.0,0.0,0.0
0.0,0.0,0.0,0.5691309012472608,83.89257490634904,1.7144121271557815,0.0,0.0,0.0,0.0,6.434498860547249,0.0,0.0,47.169183604419125,1.151436522603035,0.1390991462394585,8.675084495544338,0.0,0.0,0.0,0.0,367.0671478271483,0.0,0.0,0.0,21.03182762265197,1.2492007602006148,0.0,6.73214527964591,2.004928872734307,0.0,24.91611052304501,4.491983299143595,0.0,0.0,0.0,0.0
0.0,0.0,0.0,2.8629933893680537,263.231087952852,21.83210049942134,45.92550289370119,0.0,0.0,0.0,57.59976563006634,0.0,0.0,141.11286599189032,4.842765846848486,0.4723298996686932,92.68744835853568,0.0,0.0,0.0,0.0,971.5674896240232,0.0,0.0,0.0,142.52914917469022,5.856756065785878,0.0,126.06571346223348,10.942574175074697,0.0,122.07263207435604,19.926694929599737,0.0,0.0,0.0,0.0
0.0,0.0,0.0,7.874751359224316,569.4194687604904,116.64190596342088,227.78190569281568,0.0,0.0,0.0,228.67772536575785,0.0,0.0,331.3834988698363,11.579919809103012,0.9078346565365792,294.4110477805136,0.0,0.0,0.0,0.0,1937.105044555664,0.0,0.0,0.0,442.70534148216245,16.14090868830681,0.0,668.7449144363403,50.14404868036509,0.0,309.27320420742035,53.34252874553203,0.0,0.0,0.0,0.0
0.0,0.0,0.0,16.056595921516415,1004.9936022758484,223.24016632139683,522.4116101711988,0.0,0.0,0.0,543.410407938063,0.0,0.0,554.909377992153,18.59969344139099,1.2776749357581132,607.32945728302,0.0,0.0,0.0,0.0,2574.0199859619142,0.0,0.0,0.0,626.8999424934387,36.40008575320243,0.0,1231.02014426589,168.19894424676897,0.0,417.5606192350388,98.18644666671752,0.0,0.0,0.0,0.0
0.0,0.0,0.0,25.72214102745056,1280.2627773284912,249.88857039809227,793.4485658884048,0.0,0.0,0.0,706.4406333357095,0.0,0.0,681.3910227268934,23.65566440820694,2.238675087690353,854.2099872589112,0.0,0.0,0.0,0.0,2764.7037353515625,0.0,0.0,0.0,672.5627713680267,51.028662502765656,0.0,1574.691782128811,260.09981737732886,0.0,446.9828872680664,115.98400714993475,0.0,0.0,0.0,0.0
0.0,0.0,0.0,34.50216591358185,1445.7495799064636,267.2044408917427,1019.1903361856936,0.0,0.0,0.0,846.6473249346017,0.0,0.0,762.9617684334515,25.90972403883934,3.1917334049940105,1034.0997095346452,0.0,0.0,0.0,0.0,2888.3539276123047,0.0,0.0,0.0,676.9452564716339,59.65984965562821,0.0,1761.5088725447654,299.85615597963334,0.0,457.15166556835175,128.94664087891576,0.0,0.0,0.0,0.0
0.0,0.0,0.0,37.256487011909485,1485.697410106659,272.8537894487381,1126.9686346709727,0.0,0.0,0.0,889.5205206006764,0.0,0.0,782.1199153363705,25.949911630153657,3.7625379860401154,1132.0790378808974,0.0,0.0,0.0,0.0,2869.413995361328,0.0,0.0,0.0,660.8809716224671,61.523705792427066,0.0,1788.5017002344132,317.72029069662096,0.0,451.62153232097626,135.5570790171623,0.0,0.0,0.0,0.0
0.0,0.0,0.0,35.39941191673279,1464.823352098465,267.82967123389244,1137.825995528698,0.0,0.0,0.0,824.2607198715209,0.0,0.0,756.4174206554889,24.938897359371182,0.0,1145.4140263319016,0.0,0.0,0.0,0.0,2745.2890350341795,0.0,0.0,0.0,649.9105464458465,59.59700410366058,0.0,1755.4543008208277,317.71787734627725,0.0,429.559809923172,0.0,0.0,0.0,0.0,0.0
0.0,0.0,0.0,26.211806118488308,0.0,233.74720573425293,0.0,0.0,0.0,0.0,640.6811464339494,0.0,0.0,580.8292907476425,21.65552784204483,0.0,1177.632056593895,0.0,0.0,0.0,0.0,0.0,0.0,0.0,0.0,0.0,0.0,0.0,1574.9212790489196,320.60836814045905,0.0,369.8418343067169,0.0,0.0,0.0,0.0,0.0
0.0,0.0,0.0,18.32648658752441,0.0,189.6304758787155,0.0,0.0,0.0,0.0,477.8107134729624,0.0,0.0,0.0,16.474186402559276,0.0,0.0,0.0,0.0,0.0,0.0,0.0,0.0,0.0,0.0,0.0,0.0,0.0,0.0,0.0,0.0,0.0,0.0,0.0,0.0,0.0,0.0
0.0,0.0,0.0,0.0,0.0,0.0,0.0,0.0,0.0,0.0,0.0,0.0,0.0,0.0,0.0,0.0,0.0,0.0,0.0,0.0,0.0,0.0,0.0,0.0,0.0,0.0,0.0,0.0,0.0,0.0,0.0,0.0,0.0,0.0,0.0,0.0,0.0
0.0,0.0,0.0,0.0,0.0,0.0,0.0,0.0,0.0,0.0,0.0,0.0,0.0,0.0,0.0,0.0,0.0,0.0,0.0,0.0,0.0,0.0,0.0,0.0,0.0,0.0,0.0,0.0,0.0,0.0,0.0,0.0,0.0,0.0,0.0,0.0,0.0
0.0,0.0,0.0,0.0,0.0,0.0,0.0,0.0,0.0,0.0,0.0,0.0,0.0,0.0,0.0,0.0,0.0,0.0,0.0,0.0,0.0,0.0,0.0,0.0,0.0,0.0,0.0,0.0,0.0,0.0,0.0,0.0,0.0,0.0,0.0,0.0,0.0
0.0,0.0,0.0,0.0,0.0,0.0,0.0,0.0,0.0,0.0,0.0,0.0,0.0,0.0,0.0,0.0,0.0,0.0,0.0,0.0,0.0,0.0,0.0,0.0,0.0,0.0,0.0,0.0,0.0,0.0,0.0,0.0,0.0,0.0,0.0,0.0,0.0
0.0,0.0,0.0,0.0,0.0,0.0,0.0,0.0,0.0,0.0,0.0,0.0,0.0,0.0,0.0,0.0,0.0,0.0,0.0,0.0,0.0,0.0,0.0,0.0,0.0,0.0,0.0,0.0,0.0,0.0,0.0,0.0,0.0,0.0,0.0,0.0,0.0
0.0,0.0,0.0,0.0,0.0,0.0,0.0,0.0,0.0,0.0,0.0,0.0,0.0,0.0,0.0,0.0,0.0,0.0,0.0,0.0,0.0,0.0,0.0,0.0,0.0,0.0,0.0,0.0,0.0,0.0,0.0,0.0,0.0,0.0,0.0,0.0,0.0
0.0,0.0,0.0,0.0,0.0,0.0,0.0,0.0,0.0,0.0,0.0,0.0,0.0,0.0,0.0,0.0,0.0,0.0,0.0,0.0,0.0,0.0,0.0,0.0,0.0,0.0,0.0,0.0,0.0,0.0,0.0,0.0,0.0,0.0,0.0,0.0,0.0
0.0,0.0,0.0,0.0,0.0,0.0,0.0,0.0,0.0,0.0,0.0,0.0,0.0,0.0,0.0,0.0,0.0,0.0,0.0,0.0,0.0,0.0,0.0,0.0,0.0,0.0,0.0,0.0,0.0,0.0,0.0,0.0,0.0,0.0,0.0,0.0,0.0
0.0,0.0,0.0,0.0,0.0,0.0,0.0,0.0,0.0,0.0,0.0,0.0,0.0,0.0,0.0,0.0,0.0,0.0,0.0,0.0,0.0,0.0,0.0,0.0,0.0,0.0,0.0,0.0,0.0,0.0,0.0,0.0,0.0,0.0,0.0,0.0,0.0
0.0,0.0,0.0,0.0,0.0,0.0,0.0,0.0,0.0,0.0,0.0,0.0,0.0,0.0,0.0,0.0,0.0,0.0,0.0,0.0,0.0,22.20525283813452,0.0,0.0,0.0,0.0,0.0,0.0,0.0,0.0,0.0,0.0,0.0,0.0,0.0,0.0,0.0
0.0,0.0,0.0,0.0,0.0,0.0,0.0,0.0,0.0,0.0,0.0,0.0,0.0,15.005060790572283,0.0,0.0,0.0495799660682678,0.0,0.0,0.0,0.0,23.87392644882197,0.0,0.0,0.0,0.0,0.0,0.0,0.0,0.0,0.0,0.0,0.0,0.0,0.0,0.0,0.0
0.0,0.0,0.0,0.2125832922756614,2.7542046010492203,0.3424655087292089,0.0,0.0,0.0,0.0,1.918346260022324,0.0,0.0,11.375017422251355,0.0,0.0,3.027135777473404,0.0,0.0,0.0,0.0,20.84559946060136,0.0,0.0,0.0,0.0,0.0,0.0,0.0,0.539005983620852,0.0,1.005323827266689,0.0,0.0,0.0,0.0,0.0
0.0,0.0,0.0,0.1015900038182716,3.95155145600429,0.0,0.0,0.0,0.0,0.0,1.6663459927772708,0.0,0.0,5.819512745365485,0.0,0.0,10.403948330879148,0.0,0.0,0.0,0.0,0.0,0.0,0.0,0.0,0.0,0.0,0.0,0.0,0.482459193468067,0.0,0.0,0.0,0.0,0.0,0.0,0.0
0.0,0.0,0.0,0.1118622478097646,9.09552701190105,0.4689697460271326,0.0,0.0,0.0,0.0,2.287620461359421,0.0,0.0,22.36095220316189,0.0,0.0,1.819627654552333,0.0,0.0,0.0,0.0,83.42790040969838,0.0,0.0,0.0,0.0,0.0,0.0,0.0,0.6558250270783585,0.0,0.0,1.2840393334627112,0.0,0.0,0.0,0.0
0.0,0.0,0.0,0.3493872545659496,71.09886658191662,3.247810216620537,3.2973987523465174,0.0,0.0,0.0,7.130245869047728,0.0,0.0,73.95646974444378,0.0,0.6052955053746693,12.440281498431986,0.0,0.0,0.0,0.0,510.0107002258296,0.0,0.0,0.0,41.139821183681406,2.049605034664264,0.0,9.25586526095861,1.2641269683837597,0.0,32.274514451622906,7.164873400703052,0.0,0.0,0.0,0.0
0.0,0.0,0.0,2.465058855712412,236.17285141348836,33.0182625390589,83.50005715936418,0.0,0.0,0.0,73.23360606059433,0.0,0.0,196.26752048730847,0.0,1.1387481838464732,117.76032524108868,0.0,0.0,0.0,0.0,1314.3948486328122,0.0,0.0,0.0,214.7519987106323,8.312943382561201,0.0,124.60825682803971,11.423803262785052,0.0,149.18797481060025,29.122020989656445,0.0,0.0,0.0,0.0
0.0,0.0,0.0,7.177429407835005,537.8610537052155,159.1702106297016,347.1258597537874,0.0,0.0,0.0,286.22419294565907,0.0,0.0,391.8621192872524,0.0,1.7350067347288132,352.5978263020515,0.0,0.0,0.0,0.0,2148.878219604492,0.0,0.0,0.0,540.7414137363434,21.026244574785228,0.0,729.0697742700576,52.95091571360826,0.0,335.92208099365234,71.44132854044436,0.0,0.0,0.0,0.0
0.0,0.0,0.0,15.200121313333506,972.067126393318,257.3608886897564,685.3070649147033,0.0,0.0,0.0,642.4585618168115,0.0,0.0,623.1178801506757,0.0,2.160314425826072,696.1789627552032,0.0,0.0,0.0,0.0,2663.707421875,0.0,0.0,0.0,722.3702965259552,42.037543064355845,0.0,1422.2418947696683,177.76523070335386,0.0,430.8366348743439,120.43075799942017,0.0,0.0,0.0,0.0
0.0,0.0,0.0,25.808426976203915,1247.9190547466278,281.4707000255585,945.7540750861168,0.0,0.0,0.0,851.813167247176,0.0,0.0,745.931050106883,28.30243284702301,3.016642078757286,930.131378686428,0.0,0.0,0.0,0.0,2780.0600921630858,0.0,0.0,0.0,754.1397335052491,55.97331447601319,0.0,1759.7962066173554,261.7986988663673,0.0,451.54234075546265,130.8208946287632,0.0,0.0,0.0,0.0
0.0,0.0,0.0,36.13193154335022,1415.5899367332458,294.3477358222008,1115.150047457218,0.0,0.0,0.0,1027.9396932423117,0.0,0.0,817.0762440562248,0.0,4.055578172206878,1090.3893342494964,0.0,0.0,0.0,0.0,2830.384149169922,0.0,0.0,0.0,759.3138072013855,63.52367168664932,0.0,1902.697388446331,301.77976021766665,0.0,460.2908020019531,138.06829437613487,0.0,0.0,0.0,0.0
0.0,0.0,0.0,42.2084778547287,1480.2231488227844,295.96655359864235,1179.0812105834484,0.0,0.0,0.0,1099.89748570323,0.0,0.0,849.4212797284126,0.0,4.734870374202728,1172.6785951137542,0.0,0.0,0.0,0.0,2793.5306854248047,0.0,0.0,0.0,739.9479885101318,65.69408206939697,0.0,1918.822178208828,315.3575035572052,0.0,456.7445843219757,141.10759976506233,0.0,0.0,0.0,0.0
0.0,0.0,0.0,43.18455600738525,1466.7408065795898,287.78365555405617,1173.7778739988803,0.0,0.0,0.0,1058.676258355379,0.0,0.0,0.0,0.0,0.0,1172.1281287908555,0.0,0.0,0.0,0.0,2670.580694580078,0.0,0.0,0.0,706.7972014427185,63.46565500497818,0.0,0.0,314.9776468992233,0.0,439.12602186203,138.21069714426991,0.0,0.0,0.0,0.0
0.0,0.0,0.0,0.0,1286.278612613678,0.0,0.0,0.0,0.0,0.0,0.0,0.0,0.0,0.0,0.0,0.0,1187.8003009080887,0.0,0.0,0.0,0.0,2301.386053466797,0.0,0.0,0.0,658.1481498241425,0.0,0.0,1694.4095338106156,0.0,0.0,0.0,0.0,0.0,0.0,0.0,0.0
0.0,0.0,0.0,0.0,0.0,0.0,0.0,0.0,0.0,0.0,0.0,0.0,0.0,0.0,0.0,0.0,1097.3914472818374,0.0,0.0,0.0,0.0,1723.5941314697263,0.0,0.0,0.0,0.0,0.0,0.0,0.0,0.0,0.0,0.0,0.0,0.0,0.0,0.0,0.0
0.0,0.0,0.0,0.0,0.0,0.0,0.0,0.0,0.0,0.0,0.0,0.0,0.0,0.0,0.0,0.0,0.0,0.0,0.0,0.0,0.0,0.0,0.0,0.0,0.0,0.0,0.0,0.0,0.0,0.0,0.0,0.0,0.0,0.0,0.0,0.0,0.0
0.0,0.0,0.0,0.0,0.0,0.0,0.0,0.0,0.0,0.0,0.0,0.0,0.0,0.0,0.0,0.0,0.0,0.0,0.0,0.0,0.0,0.0,0.0,0.0,0.0,0.0,0.0,0.0,0.0,0.0,0.0,0.0,0.0,0.0,0.0,0.0,0.0
0.0,0.0,0.0,0.0,0.0,0.0,0.0,0.0,0.0,0.0,0.0,0.0,0.0,0.0,0.0,0.0,0.0,0.0,0.0,0.0,0.0,0.0,0.0,0.0,0.0,0.0,0.0,0.0,0.0,0.0,0.0,0.0,0.0,0.0,0.0,0.0,0.0
0.0,0.0,0.0,0.0,0.0,0.0,0.0,0.0,0.0,0.0,0.0,0.0,0.0,0.0,0.0,0.0,0.0,0.0,0.0,0.0,0.0,0.0,0.0,0.0,0.0,0.0,0.0,0.0,0.0,0.0,0.0,0.0,0.0,0.0,0.0,0.0,0.0
0.0,0.0,0.0,0.0,0.0,0.0,0.0,0.0,0.0,0.0,0.0,0.0,0.0,0.0,0.0,0.0,0.0,0.0,0.0,0.0,0.0,0.0,0.0,0.0,0.0,0.0,0.0,0.0,0.0,0.0,0.0,0.0,0.0,0.0,0.0,0.0,0.0
0.0,0.0,0.0,0.0,0.0,0.0,0.0,0.0,0.0,0.0,0.0,0.0,0.0,0.0,0.0,0.0,0.0,0.0,0.0,0.0,0.0,0.0,0.0,0.0,0.0,0.0,0.0,0.0,0.0,0.0,0.0,0.0,0.0,0.0,0.0,0.0,0.0
0.0,0.0,0.0,0.0,0.0,0.0,0.0,0.0,0.0,0.0,0.0,0.0,0.0,0.0,0.0,0.0,0.0,0.0,0.0,0.0,0.0,0.0,0.0,0.0,0.0,0.0,0.0,0.0,0.0,0.0,0.0,0.0,0.0,0.0,0.0,0.0,0.0
0.0,0.0,0.0,0.0,0.0,0.0,0.0,0.0,0.0,0.0,0.0,0.0,0.0,0.0,0.0,0.0,0.0,0.0,0.0,0.0,0.0,0.0,0.0,0.0,0.0,0.0,0.0,0.0,0.0,0.0,0.0,0.0,0.0,0.0,0.0,0.0,0.0
0.0,0.0,0.0,0.0,0.0,0.0,0.0,0.0,0.0,0.0,0.0,0.0,0.0,0.0,0.0,0.0,0.0,0.0,0.0,0.0,0.0,0.0,0.0,0.0,0.0,0.0,0.0,0.0,0.0,0.0,0.0,0.0,0.0,0.0,0.0,0.0,0.0
0.0,0.0,0.0,0.0,0.0,0.0,3.698844712972624,0.0,0.0,0.0,0.0,0.0,0.0,0.0,0.0,0.0,0.0,0.0,0.0,0.0,0.0,29.290251255035145,0.0,0.0,0.0,0.0,0.0,0.0,0.0,0.0,0.0,0.0,0.5621058493852568,0.0,0.0,0.0,0.0
0.0,0.0,0.0,0.0,3.079230587929485,0.0,2.120758913457309,0.0,0.0,0.0,0.0,0.0,0.0,6.259956764988586,0.1054189413785909,0.0,0.0,0.0,0.0,0.0,0.0,30.669248104095416,0.0,0.0,0.0,3.125498926825781,0.0,0.0,0.0,0.0,0.0,0.0,0.2223853506147777,0.0,0.0,0.0,0.0
0.0,0.0,0.0,0.3138428386300802,3.955161739140668,0.6124741714447525,0.5008653886615491,0.0,0.0,0.0,1.9046593919394583,0.0,0.0,4.501077090389984,0.0753208748996254,0.0,3.877717173099424,0.0,0.0,0.0,0.0,11.906768226623234,0.0,0.0,0.0,3.377948088012608,1.135180157795544,0.0,0.0,0.533912760019292,0.0,1.0959886610507812,0.0,0.0,0.0,0.0,0.0
0.0,0.0,0.0,0.1840456947684236,4.771948885172572,0.0183458318933844,0.0,0.0,0.0,0.0,1.6719084681941585,0.0,0.0,0.3240643488242354,0.0511089965701099,0.0,11.310483384132342,0.0,0.0,0.0,0.0,0.0,0.0,0.0,0.0,0.0,0.7308230886235816,0.0,0.0,0.3869121931493194,0.0,1.240386784076636,0.0,0.0,0.0,0.0,0.0
0.0,0.0,0.0,0.2344273794442413,12.624557100236354,0.5823930450714953,0.0,0.0,0.0,0.0,2.3800147673113505,0.0,0.0,6.9945337297394,0.1707922942936388,0.0,2.5185887336730413,0.0,0.0,0.0,0.0,138.6420192718506,0.0,0.0,0.0,2.7990768069400604,0.4259054455906101,0.0,0.0,0.6248497925698702,0.0,3.571146696805919,1.2548853727057367,0.0,0.0,0.0,0.0
0.0,0.0,0.0,0.402428939938545,92.21284288167952,1.8370619849301648,4.783391958847598,0.0,0.0,0.0,11.02726740818462,0.0,0.0,32.9528622468933,0.9086393684148756,0.1862417487427588,11.765221762657124,0.0,0.0,0.0,0.0,670.3786209106441,0.0,0.0,0.0,21.87939947992555,1.576805771142244,0.0,2.177275452017532,1.8437000826001,0.0,25.372484661638683,7.87721524015068,0.0,0.0,0.0,0.0
0.0,0.0,0.0,2.394465565681456,285.5642836689949,18.43258516490457,83.83006506189696,0.0,0.0,0.0,75.66963548511252,0.0,0.0,94.68131508678192,4.209716092050074,0.6449737809598435,108.867248237133,0.0,0.0,0.0,0.0,1739.8484191894531,0.0,0.0,0.0,135.48787873983375,4.906863136589522,0.0,54.09619207605698,14.122538142278769,0.0,129.32447320222852,31.80369092524049,0.0,0.0,0.0,0.0
0.0,0.0,0.0,6.809318616986269,640.6113513708113,96.19647058099508,350.9660506173968,0.0,0.0,0.0,280.3525583237409,0.0,0.0,215.5146649479866,10.751763367652892,1.1808503195643414,329.593028473854,0.0,0.0,0.0,0.0,2529.8489013671874,0.0,0.0,0.0,438.9950122117996,13.621660715341566,0.0,381.7966369986533,60.69844980388879,0.0,318.8671888113022,83.43544793128967,0.0,0.0,0.0,0.0
0.0,0.0,0.0,14.282999128103253,1085.9840140342712,205.10521294176576,734.004848384857,0.0,0.0,0.0,629.4211535304785,0.0,0.0,408.7236739695072,17.82696361541748,1.7488188147544854,673.0845042467116,0.0,0.0,0.0,0.0,3061.0980712890623,0.0,0.0,0.0,634.8768233776093,30.94525924324989,0.0,1088.4112136483193,182.17144609689709,0.0,432.0879118442536,137.7667669057846,0.0,0.0,0.0,0.0
0.0,0.0,0.0,23.1855303645134,1365.9244225025177,232.75604012608528,1004.1103610754012,0.0,0.0,0.0,834.8588269382715,0.0,0.0,537.4223366379738,22.819641584157942,2.7541701346635814,927.2301846027372,0.0,0.0,0.0,0.0,3263.028771972656,0.0,0.0,0.0,687.3141303062439,47.00383715629577,0.0,1491.659765017033,259.26948427557943,0.0,464.6435034275055,155.42766159772873,0.0,0.0,0.0,0.0
0.0,0.0,0.0,31.97156596183777,1512.9816913604736,251.24388816952705,1151.884361642599,0.0,0.0,0.0,1008.7894868284465,0.0,0.0,659.9339164048432,25.3268941283226,3.237353309988974,1104.5546185970306,0.0,0.0,0.0,0.0,3318.172756958008,0.0,0.0,0.0,703.4601903915406,56.21951662302017,0.0,1716.9988795280456,298.51363027095795,0.0,471.3470855951309,165.89608132839203,0.0,0.0,0.0,0.0
0.0,0.0,0.0,35.195805311203,1563.723416805267,257.66553312540054,1202.269232457876,0.0,0.0,0.0,1061.5070222258566,0.0,0.0,721.2632942944765,25.79551504254341,3.556447982788086,1198.124455523491,0.0,0.0,0.0,0.0,3259.267565917969,0.0,0.0,0.0,694.000211429596,59.59843813180923,0.0,1774.1285327553749,312.99483357071875,0.0,458.8920141458512,168.17117249965668,0.0,0.0,0.0,0.0
0.0,0.0,0.0,32.747174978256226,1510.8015217781067,250.670341193676,1173.591830188036,0.0,0.0,0.0,993.8399940401316,0.0,0.0,0.0,24.404726046323777,3.451425731182097,1195.5117322683334,0.0,0.0,0.0,0.0,3057.942819213867,0.0,0.0,0.0,660.0029779911041,57.99415279626847,0.0,1722.7418004035949,313.9381723880768,0.0,439.2734609842301,163.1329192519188,0.0,0.0,0.0,0.0
0.0,0.0,0.0,22.75497829914093,1322.9993226528168,0.0,1069.7050387442112,0.0,0.0,0.0,770.7963336795568,0.0,0.0,0.0,20.677357810735703,2.477760776877403,1205.8770707368851,0.0,0.0,0.0,0.0,2756.1809967041017,0.0,0.0,0.0,602.9135807037353,0.0,0.0,1478.2075697779655,0.0,0.0,382.35241520404816,0.0,0.0,0.0,0.0,0.0
0.0,0.0,0.0,0.0,0.0,0.0,0.0,0.0,0.0,0.0,0.0,0.0,0.0,0.0,0.0,0.0,1112.185888528824,0.0,0.0,0.0,0.0,2280.8254455566407,0.0,0.0,0.0,0.0,0.0,0.0,0.0,0.0,0.0,0.0,0.0,0.0,0.0,0.0,0.0
0.0,0.0,0.0,0.0,0.0,0.0,0.0,0.0,0.0,0.0,0.0,0.0,0.0,0.0,0.0,0.0,970.074568259716,0.0,0.0,0.0,0.0,0.0,0.0,0.0,0.0,0.0,0.0,0.0,0.0,0.0,0.0,0.0,0.0,0.0,0.0,0.0,0.0
0.0,0.0,0.0,0.0,0.0,0.0,0.0,0.0,0.0,0.0,0.0,0.0,0.0,0.0,0.0,0.0,0.0,0.0,0.0,0.0,0.0,0.0,0.0,0.0,0.0,0.0,0.0,0.0,0.0,0.0,0.0,0.0,0.0,0.0,0.0,0.0,0.0
0.0,0.0,0.0,0.0,0.0,0.0,0.0,0.0,0.0,0.0,0.0,0.0,0.0,0.0,0.0,0.0,0.0,0.0,0.0,0.0,0.0,0.0,0.0,0.0,0.0,0.0,0.0,0.0,0.0,0.0,0.0,0.0,0.0,0.0,0.0,0.0,0.0
0.0,0.0,0.0,0.0,0.0,0.0,0.0,0.0,0.0,0.0,0.0,0.0,0.0,0.0,0.0,0.0,0.0,0.0,0.0,0.0,0.0,0.0,0.0,0.0,0.0,0.0,0.0,0.0,0.0,0.0,0.0,0.0,0.0,0.0,0.0,0.0,0.0
0.0,0.0,0.0,0.0,0.0,0.0,0.0,0.0,0.0,0.0,0.0,0.0,0.0,0.0,0.0,0.0,0.0,0.0,0.0,0.0,0.0,0.0,0.0,0.0,0.0,0.0,0.0,0.0,0.0,0.0,0.0,0.0,0.0,0.0,0.0,0.0,0.0
0.0,0.0,0.0,0.0,0.0,0.0,0.0,0.0,0.0,0.0,0.0,0.0,0.0,0.0,0.0,0.0,0.0,0.0,0.0,0.0,0.0,0.0,0.0,0.0,0.0,0.0,0.0,0.0,0.0,0.0,0.0,0.0,0.0,0.0,0.0,0.0,0.0
0.0,0.0,0.0,0.0,0.0,0.0,0.0,0.0,0.0,0.0,0.0,0.0,0.0,0.0,0.0,0.0,0.0,0.0,0.0,0.0,0.0,0.0,0.0,0.0,0.0,0.0,0.0,0.0,0.0,0.0,0.0,0.0,0.0,0.0,0.0,0.0,0.0
0.0,0.0,0.0,0.0,0.0,0.0,0.0,0.0,0.0,0.0,0.0,0.0,0.0,0.0,0.0,0.0,0.0,0.0,0.0,0.0,0.0,0.0,0.0,0.0,0.0,0.0,0.0,0.0,0.0,0.0,0.0,0.0,0.0,0.0,0.0,0.0,0.0
0.0,0.0,0.0,0.0,0.0,0.0,0.0,0.0,0.0,0.0,0.0,0.0,0.0,0.0,0.0,0.0,0.0,0.0,0.0,0.0,0.0,0.0,0.0,0.0,0.0,0.0,0.0,0.0,0.0,0.0,0.0,0.0,0.0,0.0,0.0,0.0,0.0
0.0,0.0,0.0,0.0,0.0,0.0,0.0,0.0,0.0,0.0,0.0,0.0,0.0,2.208516504615473,0.0,0.0,0.0,0.0,0.0,0.0,0.0,0.0,0.0,0.0,0.0,0.0,0.0,0.0,0.0,0.0,0.0,0.0,0.0,0.0,0.0,0.0,0.0
0.0,0.0,0.0,0.0,0.0,0.0,0.0,0.0,0.0,0.0,0.0,0.0,0.0,3.593447105959048,0.0,0.0220995387062424,10.659753990173192,0.0,0.0,0.0,0.0,0.0,0.0,0.0,0.0,0.0,0.0,0.0,0.0,0.0,0.0,1.1455013304948405,0.0,0.0,0.0,0.0,0.0
0.0,0.0,0.0,0.0312021598219861,0.0,0.0,0.0,0.0,0.0,0.0,1.9187901985365827,0.0,0.0,3.675471101887393,0.0628039643168433,0.0,12.904090130329005,0.0,0.0,0.0,0.0,9.94153432846033,0.0,0.0,0.0,0.0,0.0,0.0,0.0,0.0,0.0,1.2054063230752452,0.0,0.0,0.0,0.0,0.0
0.0,0.0,0.0,0.033900558948514,3.3014896288512894,0.0,0.0,0.0,0.0,0.0,1.6397711340336931,0.0,0.0,0.0,0.038770177960394,0.0,22.10016262531279,0.0,0.0,0.0,0.0,7.9508543014521855,0.0,0.0,0.0,0.0,0.0,0.0,0.0,0.0,0.0,1.3282842189073525,0.0,0.0,0.0,0.0,0.0
0.0,0.0,0.0,0.1749903056770555,28.895389810204318,1.143099851440636,19.10920171737666,0.0,0.0,0.0,6.794866744102709,0.0,0.0,21.799385580234127,0.3718642774969336,0.044229890219866,10.539940845966283,0.0,0.0,0.0,0.0,181.8833610534666,0.0,0.0,0.0,6.27475629523395,0.4919824995100414,0.0,27.205202662944583,13.83499506376681,0.0,11.167033374309492,1.5361931649967968,0.0,0.0,0.0,0.0
0.0,0.0,0.0,2.127895697951317,149.16283643245688,27.075490452349182,129.11562869846813,0.0,0.0,0.0,86.35049523375928,0.0,0.0,79.31458933278918,2.570503438264132,0.3132907021790741,55.92926599979397,0.0,0.0,0.0,0.0,625.70302734375,0.0,0.0,0.0,67.9670110702514,4.041280819475647,0.0,295.5121568620203,41.55431975424287,0.0,85.76649278402326,8.676423270255315,0.0,0.0,0.0,0.0
0.0,0.0,0.0,8.009709656238554,399.8696630001068,151.10744580626485,406.36138861179353,0.0,0.0,0.0,403.41053447276335,0.0,0.0,200.49467686563727,8.647973611950874,0.7920805886387823,231.89046542644493,0.0,0.0,0.0,0.0,1342.3988311767578,0.0,0.0,0.0,198.44400320053091,12.509302639961245,0.0,931.1150299310684,115.7245539307594,0.0,296.4955715537071,29.142061114311197,0.0,0.0,0.0,0.0
0.0,0.0,0.0,19.214854180812832,804.1273492574692,277.0331960022449,745.239102089405,0.0,0.0,0.0,1026.2148978173732,0.0,0.0,396.5326018631458,18.029535520076752,1.4488879889249793,577.5823356389998,0.0,0.0,0.0,0.0,2245.5546325683595,0.0,0.0,0.0,426.3856907129287,26.702174812555317,0.0,1635.2585483670234,229.53058806061745,0.0,434.86356365680695,86.15393668413162,0.0,0.0,0.0,0.0
0.0,0.0,0.0,37.16098082065582,1233.5046603679657,373.5820622444153,1089.566122198105,0.0,0.0,0.0,629.4211535304785,0.0,0.0,626.0566660016775,26.10792968273163,1.832512646913528,1036.787323665619,0.0,0.0,0.0,0.0,2895.200311279297,0.0,0.0,0.0,679.1150188922882,45.07961721420288,0.0,2105.8821175217627,295.4076952397824,0.0,503.130747795105,158.51218169927597,0.0,0.0,0.0,0.0
0.0,0.0,0.0,51.83635115623474,1542.0451958179474,232.75604012608528,1298.2768146514893,0.0,0.0,0.0,834.8588269382715,0.0,0.0,746.4643981307745,30.40584079027176,2.7393999397754665,1378.9377502202988,0.0,0.0,0.0,0.0,3144.182211303711,0.0,0.0,0.0,771.6329046726227,57.49610018730164,0.0,2312.349862086773,343.5797379493713,0.0,511.9193251132965,189.14400559663773,0.0,0.0,0.0,0.0
0.0,0.0,0.0,31.97156596183777,1761.4954206943512,251.24388816952705,1433.2241280376911,0.0,0.0,0.0,1008.7894868284465,0.0,0.0,844.7414194047451,32.160744971036905,3.4979901909828186,1606.0464761257172,0.0,0.0,0.0,0.0,3261.1986877441404,0.0,0.0,0.0,796.9237402915954,66.06533147096634,0.0,2441.627786290646,363.3273871719837,0.0,511.28877079486847,208.89094191789627,0.0,0.0,0.0,0.0
0.0,0.0,0.0,35.195805311203,1879.9235541820528,257.66553312540054,1497.444057995081,0.0,0.0,0.0,1061.5070222258566,0.0,0.0,932.3797500133514,32.005622416734695,4.152366757392882,1198.124455523491,0.0,0.0,0.0,0.0,3311.5072631835938,0.0,0.0,0.0,787.4482030391694,69.37836962938309,0.0,2518.7778648853305,363.2201688110829,0.0,493.2194945812225,0.0,0.0,0.0,0.0,0.0
0.0,0.0,0.0,32.747174978256226,0.0,250.670341193676,0.0,0.0,0.0,0.0,993.8399940401316,0.0,0.0,945.68112924695,30.494040513038637,4.457982540130614,1195.5117322683334,0.0,0.0,0.0,0.0,0.0,0.0,0.0,0.0,0.0,0.0,0.0,0.0,0.0,0.0,467.6733074188232,0.0,0.0,0.0,0.0,0.0
0.0,0.0,0.0,0.0,0.0,0.0,0.0,0.0,0.0,0.0,770.7963336795568,0.0,0.0,734.0643752366304,0.0,3.663363605737686,1205.8770707368851,0.0,0.0,0.0,0.0,0.0,0.0,0.0,0.0,0.0,0.0,0.0,0.0,0.0,0.0,415.4535566568375,0.0,0.0,0.0,0.0,0.0
0.0,0.0,0.0,0.0,0.0,0.0,0.0,0.0,0.0,0.0,0.0,0.0,0.0,0.0,0.0,0.0,1623.898941040039,0.0,0.0,0.0,0.0,0.0,0.0,0.0,0.0,0.0,0.0,0.0,0.0,0.0,0.0,0.0,0.0,0.0,0.0,0.0,0.0
0.0,0.0,0.0,0.0,0.0,0.0,0.0,0.0,0.0,0.0,0.0,0.0,0.0,0.0,0.0,0.0,1472.008355498314,0.0,0.0,0.0,0.0,0.0,0.0,0.0,0.0,0.0,0.0,0.0,0.0,0.0,0.0,0.0,0.0,0.0,0.0,0.0,0.0
0.0,0.0,0.0,0.0,0.0,0.0,0.0,0.0,0.0,0.0,0.0,0.0,0.0,0.0,0.0,0.0,0.0,0.0,0.0,0.0,0.0,0.0,0.0,0.0,0.0,0.0,0.0,0.0,0.0,0.0,0.0,0.0,0.0,0.0,0.0,0.0,0.0
0.0,0.0,0.0,0.0,0.0,0.0,0.0,0.0,0.0,0.0,0.0,0.0,0.0,0.0,0.0,0.0,0.0,0.0,0.0,0.0,0.0,0.0,0.0,0.0,0.0,0.0,0.0,0.0,0.0,0.0,0.0,0.0,0.0,0.0,0.0,0.0,0.0
0.0,0.0,0.0,0.0,0.0,0.0,0.0,0.0,0.0,0.0,0.0,0.0,0.0,0.0,0.0,0.0,0.0,0.0,0.0,0.0,0.0,0.0,0.0,0.0,0.0,0.0,0.0,0.0,0.0,0.0,0.0,0.0,0.0,0.0,0.0,0.0,0.0
0.0,0.0,0.0,0.0,0.0,0.0,0.0,0.0,0.0,0.0,0.0,0.0,0.0,0.0,0.0,0.0,0.0,0.0,0.0,0.0,0.0,0.0,0.0,0.0,0.0,0.0,0.0,0.0,0.0,0.0,0.0,0.0,0.0,0.0,0.0,0.0,0.0
0.0,0.0,0.0,0.0,0.0,0.0,0.0,0.0,0.0,0.0,0.0,0.0,0.0,0.0,0.0,0.0,0.0,0.0,0.0,0.0,0.0,0.0,0.0,0.0,0.0,0.0,0.0,0.0,0.0,0.0,0.0,0.0,0.0,0.0,0.0,0.0,0.0
0.0,0.0,0.0,0.0,0.0,0.0,0.0,0.0,0.0,0.0,0.0,0.0,0.0,0.0,0.0,0.0,0.0,0.0,0.0,0.0,0.0,0.0,0.0,0.0,0.0,0.0,0.0,0.0,0.0,0.0,0.0,0.0,0.0,0.0,0.0,0.0,0.0
0.0,0.0,0.0,0.0,0.0,0.0,0.0,0.0,0.0,0.0,0.0,0.0,0.0,0.0,0.0,0.0,0.0,0.0,0.0,0.0,0.0,0.0,0.0,0.0,0.0,0.0,0.0,0.0,0.0,0.0,0.0,0.0,0.0,0.0,0.0,0.0,0.0
0.0,0.0,0.0,0.0,0.0,0.0,0.0,0.0,0.0,0.0,0.0,0.0,0.0,0.0,0.0,0.0,0.0,0.0,0.0,0.0,0.0,0.0,0.0,0.0,0.0,0.0,0.0,0.0,0.0,0.0,0.0,0.0,0.0,0.0,0.0,0.0,0.0
0.0,0.0,0.0,0.0,0.0,0.0,0.0,0.0,0.0,0.0,0.0,0.0,0.0,0.0,0.0,0.0,0.0,0.0,0.0,0.0,0.0,0.0,0.0,0.0,0.0,0.0,0.0,0.0,0.0,0.0,0.0,0.0,0.0,0.0,0.0,0.0,0.0
0.0,0.0,0.0,0.0,0.0,0.0,0.0,0.0,0.0,0.0,0.0,0.0,0.0,0.0,0.0,0.0,10.853109729289905,0.0,0.0,0.0,0.0,0.0,0.0,0.0,0.0,0.0,0.0,0.0,0.0,0.0,0.0,0.0,0.0,0.0,0.0,0.0,0.0
0.0,0.0,0.0,0.0,0.0,0.0,0.0,0.0,0.0,0.0,0.0,0.0,0.0,0.0,0.0,0.0,15.06844869852064,0.0,0.0,0.0,0.0,22.41523008346521,0.0,0.0,0.0,0.0,0.0,0.0,0.0,0.0,0.0,0.0,0.0,0.0,0.0,0.0,0.0
0.0,0.0,0.0,0.0257915612310157,3.817334450781332,0.0,0.0,0.0,0.0,0.0,1.5707074392585152,0.0,0.0,0.0,0.0702715359628198,0.0232539353892196,43.54996356964093,0.0,0.0,0.0,0.0,53.98069882392856,0.0,0.0,0.0,0.0,0.3559206649661015,0.0,0.0,4.243993732333147,0.0,0.0,0.0,0.0,0.0,0.0,0.0
0.0,0.0,0.0,0.6090126074850528,96.11654429137704,1.024282749742247,15.787221518531402,0.0,0.0,0.0,4.330950776161417,0.0,0.0,25.91155643109222,0.5271068673580882,0.2335235718637704,30.56706029176701,0.0,0.0,0.0,0.0,419.94651222229,0.0,0.0,0.0,54.8898271471262,3.5928847275674345,0.0,44.68288148194545,5.185068569332333,0.0,9.562659621238693,3.800221881829175,0.0,0.0,0.0,0.0
0.0,0.0,0.0,3.833788841962812,0.0,18.463526654988502,115.68831104189148,0.0,0.0,0.0,75.41470670700069,0.0,0.0,126.91971302032464,3.1751727595925314,0.0,118.728636074066,0.0,0.0,0.0,0.0,1365.9750854492186,0.0,0.0,0.0,0.0,11.241464452445504,0.0,433.38608377575855,20.9544342253357,0.0,78.54327651858328,20.75602427124976,0.0,0.0,0.0,0.0
0.0,0.0,0.0,11.48702064156532,0.0,110.19567681103943,433.7723420649766,0.0,0.0,0.0,311.7445334926247,0.0,0.0,383.2244852185249,9.632765212655068,0.0,371.55784269571296,0.0,0.0,0.0,0.0,2392.8470794677733,0.0,0.0,0.0,713.7115426063538,30.038950526714324,0.0,1373.1190293669702,75.15515642613173,0.0,273.642220556736,77.4004364311695,0.0,0.0,0.0,0.0
0.0,0.0,0.0,26.059167683124542,1467.8617916107178,243.7589817047119,883.4802613079548,0.0,0.0,0.0,791.2209466516971,0.0,0.0,753.9658679813147,18.95417649149895,2.9832126647233963,809.9277233004569,0.0,0.0,0.0,0.0,3176.4903411865234,0.0,0.0,0.0,903.2,53.52786920070648,0.0,2098.761900961399,190.70521692633625,0.0,407.6859656572342,157.98238891363144,0.0,0.0,0.0,0.0
0.0,0.0,0.0,44.99569988250733,1903.3330714702608,341.68836867809296,1295.266386437416,0.0,0.0,0.0,629.4211535304785,0.0,0.0,1123.998730033636,25.67970766425133,3.9453802406787872,1298.0977687597274,0.0,0.0,0.0,0.0,3738.618176269531,0.0,0.0,0.0,903.2,71.36273095607757,0.0,2514.0038262844087,274.0727175474167,0.0,476.1848398447037,158.51218169927597,0.0,0.0,0.0,0.0
0.0,0.0,0.0,61.16771697998047,1542.0451958179474,375.5974207818508,1521.1,0.0,0.0,0.0,834.8588269382715,0.0,0.0,746.4643981307745,29.56683669090271,4.920050382614136,1611.027516078949,0.0,0.0,0.0,0.0,3966.52721862793,0.0,0.0,0.0,903.2,80.35044677257538,0.0,2635.4,328.8188671767712,0.0,486.4053958654404,235.49355685710907,0.0,0.0,0.0,0.0
0.0,0.0,0.0,62.0,0.0,397.3178478181362,0.0,0.0,0.0,0.0,1008.7894868284465,0.0,0.0,844.7414194047451,31.73640384078026,5.600499838590622,1811.6245042324067,0.0,0.0,0.0,0.0,4020.360430908203,0.0,0.0,0.0,903.2,84.32795504331588,0.0,2635.4,350.67632350325584,0.0,490.42421531677246,245.8353090286255,0.0,0.0,0.0,0.0
0.0,0.0,0.0,62.0,2116.0,405.7366476953029,0.0,0.0,0.0,0.0,1061.5070222258566,0.0,0.0,932.3797500133514,32.142984938621524,6.192772895097732,1835.992107629776,0.0,0.0,0.0,0.0,3969.262838745117,0.0,0.0,0.0,903.2,83.81264727115631,0.0,2635.4,353.24464374184606,0.0,479.0407238006592,243.6194213628769,0.0,0.0,0.0,0.0
0.0,0.0,0.0,62.0,0.0,0.0,0.0,0.0,0.0,0.0,0.0,0.0,0.0,0.0,0.0,6.396196216344833,1824.725136947632,0.0,0.0,0.0,0.0,3798.510113525391,0.0,0.0,0.0,903.2,80.25517462491989,0.0,0.0,341.381480383873,0.0,0.0,0.0,0.0,0.0,0.0,0.0
0.0,0.0,0.0,0.0,0.0,0.0,0.0,0.0,0.0,0.0,0.0,0.0,0.0,0.0,0.0,0.0,1785.6181266784668,0.0,0.0,0.0,0.0,0.0,0.0,0.0,0.0,0.0,0.0,0.0,0.0,335.2850293874741,0.0,0.0,0.0,0.0,0.0,0.0,0.0
0.0,0.0,0.0,0.0,0.0,0.0,0.0,0.0,0.0,0.0,0.0,0.0,0.0,0.0,0.0,0.0,1671.3383273124696,0.0,0.0,0.0,0.0,0.0,0.0,0.0,0.0,0.0,0.0,0.0,0.0,317.87514343857765,0.0,0.0,0.0,0.0,0.0,0.0,0.0
0.0,0.0,0.0,0.0,0.0,0.0,0.0,0.0,0.0,0.0,0.0,0.0,0.0,0.0,0.0,0.0,1519.0200915813446,0.0,0.0,0.0,0.0,0.0,0.0,0.0,0.0,0.0,0.0,0.0,0.0,0.0,0.0,0.0,0.0,0.0,0.0,0.0,0.0
0.0,0.0,0.0,0.0,0.0,0.0,0.0,0.0,0.0,0.0,0.0,0.0,0.0,0.0,0.0,0.0,0.0,0.0,0.0,0.0,0.0,0.0,0.0,0.0,0.0,0.0,0.0,0.0,0.0,0.0,0.0,0.0,0.0,0.0,0.0,0.0,0.0
0.0,0.0,0.0,0.0,0.0,0.0,0.0,0.0,0.0,0.0,0.0,0.0,0.0,0.0,0.0,0.0,0.0,0.0,0.0,0.0,0.0,0.0,0.0,0.0,0.0,0.0,0.0,0.0,0.0,0.0,0.0,0.0,0.0,0.0,0.0,0.0,0.0
0.0,0.0,0.0,0.0,0.0,0.0,0.0,0.0,0.0,0.0,0.0,0.0,0.0,0.0,0.0,0.0,0.0,0.0,0.0,0.0,0.0,0.0,0.0,0.0,0.0,0.0,0.0,0.0,0.0,0.0,0.0,0.0,0.0,0.0,0.0,0.0,0.0
0.0,0.0,0.0,0.0,0.0,0.0,0.0,0.0,0.0,0.0,0.0,0.0,0.0,0.0,0.0,0.0,0.0,0.0,0.0,0.0,0.0,0.0,0.0,0.0,0.0,0.0,0.0,0.0,0.0,0.0,0.0,0.0,0.0,0.0,0.0,0.0,0.0
0.0,0.0,0.0,0.0,0.0,0.0,0.0,0.0,0.0,0.0,0.0,0.0,0.0,0.0,0.0,0.0,0.0,0.0,0.0,0.0,0.0,0.0,0.0,0.0,0.0,0.0,0.0,0.0,0.0,0.0,0.0,0.0,0.0,0.0,0.0,0.0,0.0
0.0,0.0,0.0,0.0,0.0,0.0,0.0,0.0,0.0,0.0,0.0,0.0,0.0,0.0,0.0,0.0,0.0,0.0,0.0,0.0,0.0,0.0,0.0,0.0,0.0,0.0,0.0,0.0,0.0,0.0,0.0,0.0,0.0,0.0,0.0,0.0,0.0
0.0,0.0,0.0,0.0,0.0,0.0,0.0,0.0,0.0,0.0,0.0,0.0,0.0,0.0,0.0,0.0,0.0,0.0,0.0,0.0,0.0,0.0,0.0,0.0,0.0,0.0,0.0,0.0,0.0,0.0,0.0,0.0,0.0,0.0,0.0,0.0,0.0
0.0,0.0,0.0,0.0,0.0,0.0,0.0,0.0,0.0,0.0,0.0,0.0,0.0,0.0,0.0,0.0,0.0,0.0,0.0,0.0,0.0,0.0,0.0,0.0,0.0,0.0,0.0,0.0,0.0,0.0,0.0,0.0,0.0,0.0,0.0,0.0,0.0
0.0,0.0,0.0,0.0,0.0,0.0,0.0,0.0,0.0,0.0,0.0,0.0,0.0,0.0,0.0,0.0,0.0,0.0,0.0,0.0,0.0,0.0,0.0,0.0,0.0,0.0,0.0,0.0,0.0,0.3704609930515284,0.0,0.0,0.0,0.0,0.0,0.0,0.0
0.0,0.0,0.0,0.0,0.0,0.1128007932566023,0.0,0.0,0.0,0.0,0.0,0.0,0.0,2.865212070755515,0.0,0.0,11.639892923831768,0.0,0.0,0.0,0.0,0.0,0.0,0.0,0.0,0.0,0.5976643379777669,0.0,0.0,0.4535253487527143,0.0,0.0,0.0,0.0,0.0,0.0,0.0
0.0,0.0,0.0,0.0307866483926721,1.591967355459721,0.0,0.0,0.0,0.0,0.0,1.8085186263544628,0.0,0.0,0.0819187238812446,0.048012131452559,0.0,15.349503982066942,0.0,0.0,0.0,0.0,27.181991100310924,0.0,0.0,0.0,0.0,0.5234355473890835,0.0,0.0,0.641183839738346,0.0,0.977909982204432,0.0,0.0,0.0,0.0,0.0
0.0,0.0,0.0,0.0269607212394453,3.3194326572119497,0.0,5.856022473052019,0.0,0.0,0.0,1.5502184583805003,0.0,0.0,0.0,0.0546289935708043,0.0,36.277397644519695,0.0,0.0,0.0,0.0,19.412069129943685,0.0,0.0,0.0,0.0,0.1515315961092667,0.0,0.0,1.2515359573065843,0.0,1.065973371267312,0.0,0.0,0.0,0.0,0.0
0.0,0.0,0.0,0.6790059003978957,60.167922466993225,0.8491856358013662,21.86009960863724,0.0,0.0,0.0,18.81213928889462,0.0,0.0,33.67224020417767,0.5375049803405966,0.1197213046252716,17.426898431777772,0.0,0.0,0.0,0.0,225.53476066589343,0.0,0.0,0.0,23.17324091345068,1.4204522553831307,0.0,32.37526482492684,2.318339318037023,0.0,9.11707250773905,4.135856312699588,0.0,0.0,0.0,0.0
0.0,0.0,0.0,3.3057849109172777,267.3353807926177,18.55962291918691,114.784452727437,0.0,0.0,0.0,123.17950723096727,0.0,0.0,142.55996400490395,3.0853903457522374,0.5253646858036511,71.21337835788721,0.0,0.0,0.0,0.0,736.9774040222164,0.0,0.0,0.0,182.99630309343337,7.162265294790266,0.0,346.01432074606413,15.94676008597014,0.0,81.71082252264023,20.885490462183952,0.0,0.0,0.0,0.0
0.0,0.0,0.0,10.475317060947418,710.3649224042891,118.68119001388548,376.78769852370016,0.0,0.0,0.0,478.3228765428065,0.0,0.0,402.83208116889,9.821881628036495,1.194848947227,275.0186622142791,0.0,0.0,0.0,0.0,1549.3431152343749,0.0,0.0,0.0,566.053244972229,22.03249773681164,0.0,1114.869726639986,62.20258212089538,0.0,292.886847436428,71.9173186123371,0.0,0.0,0.0,0.0
0.0,0.0,0.0,23.623464167118076,1335.788995027542,256.55870535969734,766.7084853291511,0.0,0.0,0.0,1171.2157015621665,0.0,0.0,772.7166746556759,19.710163056850437,1.9770000874996176,657.5551273345948,0.0,0.0,0.0,0.0,2443.5858795166014,0.0,0.0,0.0,829.3911469459533,47.42456638216972,0.0,1863.2529783725736,168.45832083225247,0.0,430.9895639419556,141.44149705767632,0.0,0.0,0.0,0.0
0.0,0.0,0.0,40.944340109825134,1799.8582577705383,355.5183797478676,1195.232388240099,0.0,0.0,0.0,629.4211535304785,0.0,0.0,1140.0090037286282,26.907221102714537,2.590016543865204,1128.6148139476777,0.0,0.0,0.0,0.0,3043.034613037109,0.0,0.0,0.0,903.2,67.76010105609893,0.0,2307.204324364662,259.8513360142708,0.0,514.8768627643585,198.3974087238312,0.0,0.0,0.0,0.0
0.0,0.0,0.0,55.94096291065216,2079.072195291519,389.94407922029495,0.0,0.0,0.0,0.0,834.8588269382715,0.0,0.0,1291.9380775094032,30.46315031647682,3.622079819440841,1463.918792629242,0.0,0.0,0.0,0.0,3325.2605987548827,0.0,0.0,0.0,0.0,79.17141809463502,0.0,2506.0606567025184,314.6334515929222,0.0,532.4849835634232,222.5394107103348,0.0,0.0,0.0,0.0
0.0,0.0,0.0,62.0,2116.0,411.0127156674862,0.0,0.0,0.0,0.0,1008.7894868284465,0.0,0.0,1381.5788759291174,31.765421587228776,4.83046567440033,1698.9169229745864,0.0,0.0,0.0,0.0,3489.8337341308597,0.0,0.0,0.0,903.2,84.52406570911407,0.0,2631.2607300877567,339.61783675551413,0.0,530.469527721405,236.2385255694389,0.0,0.0,0.0,0.0
0.0,0.0,0.0,62.0,0.0,416.5689170658589,0.0,0.0,0.0,0.0,1061.5070222258566,0.0,0.0,932.3797500133514,31.290677028894425,5.623488396406174,1815.804665327072,0.0,0.0,0.0,0.0,0.0,0.0,0.0,0.0,903.2,84.7320056438446,0.0,2635.4,345.57822633981704,0.0,518.2514209747314,0.0,0.0,0.0,0.0,0.0
0.0,0.0,0.0,62.0,0.0,407.6645543575287,0.0,0.0,0.0,0.0,0.0,0.0,0.0,0.0,29.71903654932976,0.0,1822.2317978382112,0.0,0.0,0.0,0.0,0.0,0.0,0.0,0.0,903.2,0.0,0.0,0.0,336.68329645991327,0.0,492.4256771802902,0.0,0.0,0.0,0.0,0.0
0.0,0.0,0.0,62.0,0.0,0.0,0.0,0.0,0.0,0.0,0.0,0.0,0.0,0.0,0.0,0.0,1785.7471939325333,0.0,0.0,0.0,0.0,0.0,0.0,0.0,0.0,0.0,0.0,0.0,0.0,332.5417061030865,0.0,0.0,0.0,0.0,0.0,0.0,0.0
0.0,0.0,0.0,0.0,0.0,0.0,0.0,0.0,0.0,0.0,0.0,0.0,0.0,0.0,0.0,0.0,1672.3405903100968,0.0,0.0,0.0,0.0,0.0,0.0,0.0,0.0,0.0,0.0,0.0,0.0,315.0453847229481,0.0,0.0,0.0,0.0,0.0,0.0,0.0
0.0,0.0,0.0,0.0,0.0,0.0,0.0,0.0,0.0,0.0,0.0,0.0,0.0,0.0,0.0,0.0,0.0,0.0,0.0,0.0,0.0,0.0,0.0,0.0,0.0,0.0,0.0,0.0,0.0,0.0,0.0,0.0,0.0,0.0,0.0,0.0,0.0
0.0,0.0,0.0,0.0,0.0,0.0,0.0,0.0,0.0,0.0,0.0,0.0,0.0,0.0,0.0,0.0,0.0,0.0,0.0,0.0,0.0,0.0,0.0,0.0,0.0,0.0,0.0,0.0,0.0,0.0,0.0,0.0,0.0,0.0,0.0,0.0,0.0
0.0,0.0,0.0,0.0,0.0,0.0,0.0,0.0,0.0,0.0,0.0,0.0,0.0,0.0,0.0,0.0,0.0,0.0,0.0,0.0,0.0,0.0,0.0,0.0,0.0,0.0,0.0,0.0,0.0,0.0,0.0,0.0,0.0,0.0,0.0,0.0,0.0
0.0,0.0,0.0,0.0,0.0,0.0,0.0,0.0,0.0,0.0,0.0,0.0,0.0,0.0,0.0,0.0,0.0,0.0,0.0,0.0,0.0,0.0,0.0,0.0,0.0,0.0,0.0,0.0,0.0,0.0,0.0,0.0,0.0,0.0,0.0,0.0,0.0
0.0,0.0,0.0,0.0,0.0,0.0,0.0,0.0,0.0,0.0,0.0,0.0,0.0,0.0,0.0,0.0,0.0,0.0,0.0,0.0,0.0,0.0,0.0,0.0,0.0,0.0,0.0,0.0,0.0,0.0,0.0,0.0,0.0,0.0,0.0,0.0,0.0
0.0,0.0,0.0,0.0,0.0,0.0,0.0,0.0,0.0,0.0,0.0,0.0,0.0,0.0,0.0,0.0,0.0,0.0,0.0,0.0,0.0,0.0,0.0,0.0,0.0,0.0,0.0,0.0,0.0,0.0,0.0,0.0,0.0,0.0,0.0,0.0,0.0
0.0,0.0,0.0,0.0,0.0,0.0,0.0,0.0,0.0,0.0,0.0,0.0,0.0,0.0,0.0,0.0,0.0,0.0,0.0,0.0,0.0,0.0,0.0,0.0,0.0,0.0,0.0,0.0,0.0,0.0,0.0,0.0,0.0,0.0,0.0,0.0,0.0
0.0,0.0,0.0,0.0,0.0,0.0,0.0,0.0,0.0,0.0,0.0,0.0,0.0,0.0,0.0,0.0,0.0,0.0,0.0,0.0,0.0,0.0,0.0,0.0,0.0,0.0,0.0,0.0,0.0,0.0,0.0,0.0,0.0,0.0,0.0,0.0,0.0
0.0,0.0,0.0,0.0,0.0,0.0,0.0,0.0,0.0,0.0,0.0,0.0,0.0,0.0,0.0,0.0,0.0,0.0,0.0,0.0,0.0,0.0,0.0,0.0,0.0,0.0,0.0,0.0,0.0,0.0,0.0,0.0,0.0,0.0,0.0,0.0,0.0
0.0,0.0,0.0,0.0,0.0,0.0,0.0,0.0,0.0,0.0,0.0,0.0,0.0,0.0,0.0,0.0,0.0,0.0,0.0,0.0,0.0,0.0,0.0,0.0,0.0,0.0,0.0,0.0,0.1664284646511077,0.0,0.0,0.0,0.0,0.0,0.0,0.0,0.0
0.0,0.0,0.0,0.039171710610387,0.0,0.1966527802869651,0.0,0.0,0.0,0.0,0.0,0.0,0.0,0.3802340989931282,0.0669740885496107,0.0,0.0,0.0,0.0,0.0,0.0,0.0,0.0,0.0,0.0,0.0,0.0,0.0,0.0,0.0,0.0,0.0,0.0,0.0,0.0,0.0,0.0
0.0,0.0,0.0,0.0354367848485651,0.0,0.0750662139616854,0.0,0.0,0.0,0.0,1.90407241834325,0.0,0.0,0.0,0.0473831869661794,0.0,0.0,0.0,0.0,0.0,0.0,23.886174201965098,0.0,0.0,0.0,0.0,1.0194914001971431,0.0,0.0,0.7466009743511529,0.0,1.120195552706705,0.0,0.0,0.0,0.0,0.0
0.0,0.0,0.0,0.0336056705564207,3.44440717995162,0.0,0.0,0.0,0.0,0.0,1.61723940027864,0.0,0.0,0.0,0.0262412376701822,0.0,47.91833242177958,0.0,0.0,0.0,0.0,134.65940303802466,0.0,0.0,0.0,0.0,1.651968966424457,0.0,0.0,1.2286354884505066,0.0,1.1937940120696744,0.0,0.0,0.0,0.0,0.0
0.0,0.0,0.0,0.1568504832684971,92.64225374162191,0.9006086890585338,11.364992094039817,0.0,0.0,0.0,11.704163452377497,0.0,0.0,34.35872206930066,0.3558214858174318,0.0,22.955830717086773,0.0,0.0,0.0,0.0,696.4748397827145,0.0,0.0,0.0,12.335401038825506,5.9180176019668576,0.0,12.807196579873429,4.271401660144328,0.0,9.587391287088352,3.568800192326285,0.0,0.0,0.0,0.0
0.0,0.0,0.0,2.0479200258851,351.06916630268097,11.516450220718944,0.0,0.0,0.0,0.0,88.79716223031275,0.0,0.0,162.7867075428366,2.4056969694793224,0.0,84.03669420480726,0.0,0.0,0.0,0.0,1899.523403930664,0.0,0.0,0.0,140.77065858840933,17.143052920699116,0.0,192.1825037807224,23.631418199092117,0.0,77.33804512023924,19.32875262200831,0.0,0.0,0.0,0.0
0.0,0.0,0.0,7.439397469162941,861.3048379421234,77.77184949815269,586.5146280944347,0.0,0.0,0.0,363.1423657700418,0.0,0.0,473.8686116039753,7.94962817430496,0.0,286.0204505562781,0.0,0.0,0.0,0.0,2822.064028930664,0.0,0.0,0.0,480.49486784935,41.17199293971062,0.0,877.9981169998646,87.80172728002069,0.0,274.81355243921274,73.28767019510269,0.0,0.0,0.0,0.0
0.0,0.0,0.0,17.993063032627102,1440.199896812439,212.5134326815605,1076.516400039196,0.0,0.0,0.0,936.818607187271,0.0,0.0,900.1696446537971,16.61439525783062,3.515034407377243,663.5163675069809,0.0,0.0,0.0,0.0,3519.025994873047,0.0,0.0,0.0,765.9367399692535,64.02987776994705,0.0,1567.415111815929,213.18508333563804,0.0,421.7236125469208,153.8319786787033,0.0,0.0,0.0,0.0
0.0,0.0,0.0,35.448269963264465,1837.9071736335757,313.4026371538639,1430.0940225183963,0.0,0.0,0.0,629.4211535304785,0.0,0.0,1307.3453529179096,24.630033051967622,4.736260473728179,1116.7233440637588,0.0,0.0,0.0,0.0,3946.602984619141,0.0,0.0,0.0,903.2,80.12202657461167,0.0,2080.343084490299,284.0895976006985,0.0,489.2786467075348,213.991472363472,0.0,0.0,0.0,0.0
0.0,0.0,0.0,50.26949012279511,2041.487918138504,348.67073291540146,1521.1,0.0,0.0,0.0,834.8588269382715,0.0,0.0,1471.3418582081792,28.79728689193725,6.401486963033675,1419.9527005434036,0.0,0.0,0.0,0.0,4087.6376190185542,0.0,0.0,0.0,903.2,87.55832294225692,0.0,2292.2463402986527,325.606158965826,0.0,504.7314077615738,239.68603825569156,0.0,0.0,0.0,0.0
0.0,0.0,0.0,62.0,2116.0,371.491094827652,1521.1,0.0,0.0,0.0,1008.7894868284465,0.0,0.0,1527.5,30.05709015727043,7.602723956108093,1633.8127279758453,0.0,0.0,0.0,0.0,4092.299743652344,0.0,0.0,0.0,903.2,89.10886441469192,0.0,2428.2271139740938,340.05153689980506,0.0,498.29525411129,250.55571454763407,0.0,0.0,0.0,0.0
0.0,0.0,0.0,62.0,2116.0,379.712050139904,1521.1,0.0,0.0,0.0,1061.5070222258566,0.0,0.0,1527.5,29.762653130292893,0.0,1757.0083412647248,0.0,0.0,0.0,0.0,4004.598294067383,0.0,0.0,0.0,903.2,87.06491775512696,0.0,2477.503605651856,344.0256688594818,0.0,481.3232852220535,247.64426428079605,0.0,0.0,0.0,0.0
0.0,0.0,0.0,62.0,0.0,375.6944535076618,0.0,0.0,0.0,0.0,0.0,0.0,0.0,0.0,28.614506471157075,0.0,1779.9737325191495,0.0,0.0,0.0,0.0,3827.8471405029295,0.0,0.0,0.0,856.0553650856019,82.41232756376266,0.0,2460.4719810366632,338.35549051165583,0.0,455.4156945943832,235.88588923215863,0.0,0.0,0.0,0.0
0.0,0.0,0.0,0.0,0.0,0.0,0.0,0.0,0.0,0.0,0.0,0.0,0.0,0.0,25.750316816568372,0.0,1756.4613069295883,0.0,0.0,0.0,0.0,0.0,0.0,0.0,0.0,0.0,73.03816750049592,0.0,0.0,0.0,0.0,399.7265136241913,0.0,0.0,0.0,0.0,0.0
0.0,0.0,0.0,0.0,0.0,0.0,0.0,0.0,0.0,0.0,0.0,0.0,0.0,0.0,0.0,0.0,0.0,0.0,0.0,0.0,0.0,0.0,0.0,0.0,0.0,0.0,0.0,0.0,0.0,0.0,0.0,0.0,0.0,0.0,0.0,0.0,0.0
0.0,0.0,0.0,0.0,0.0,0.0,0.0,0.0,0.0,0.0,0.0,0.0,0.0,0.0,0.0,0.0,0.0,0.0,0.0,0.0,0.0,0.0,0.0,0.0,0.0,0.0,0.0,0.0,0.0,0.0,0.0,0.0,0.0,0.0,0.0,0.0,0.0
0.0,0.0,0.0,0.0,0.0,0.0,0.0,0.0,0.0,0.0,0.0,0.0,0.0,0.0,0.0,0.0,0.0,0.0,0.0,0.0,0.0,0.0,0.0,0.0,0.0,0.0,0.0,0.0,0.0,0.0,0.0,0.0,0.0,0.0,0.0,0.0,0.0
0.0,0.0,0.0,0.0,0.0,0.0,0.0,0.0,0.0,0.0,0.0,0.0,0.0,0.0,0.0,0.0,0.0,0.0,0.0,0.0,0.0,0.0,0.0,0.0,0.0,0.0,0.0,0.0,0.0,0.0,0.0,0.0,0.0,0.0,0.0,0.0,0.0
0.0,0.0,0.0,0.0,0.0,0.0,0.0,0.0,0.0,0.0,0.0,0.0,0.0,0.0,0.0,0.0,0.0,0.0,0.0,0.0,0.0,0.0,0.0,0.0,0.0,0.0,0.0,0.0,0.0,0.0,0.0,0.0,0.0,0.0,0.0,0.0,0.0
0.0,0.0,0.0,0.0,0.0,0.0,0.0,0.0,0.0,0.0,0.0,0.0,0.0,0.0,0.0,0.0,0.0,0.0,0.0,0.0,0.0,0.0,0.0,0.0,0.0,0.0,0.0,0.0,0.0,0.0,0.0,0.0,0.0,0.0,0.0,0.0,0.0
0.0,0.0,0.0,0.0,0.0,0.0,0.0,0.0,0.0,0.0,0.0,0.0,0.0,0.0,0.0,0.0,0.0,0.0,0.0,0.0,0.0,0.0,0.0,0.0,0.0,0.0,0.0,0.0,0.0,0.0,0.0,0.0,0.0,0.0,0.0,0.0,0.0
0.0,0.0,0.0,0.0,0.0,0.0,0.0,0.0,0.0,0.0,0.0,0.0,0.0,0.0,0.0,0.0,0.0,0.0,0.0,0.0,0.0,0.0,0.0,0.0,0.0,0.0,0.0,0.0,0.0,0.0,0.0,0.0,0.0,0.0,0.0,0.0,0.0
0.0,0.0,0.0,0.0,0.0,0.0,0.0,0.0,0.0,0.0,0.0,0.0,0.0,0.0,0.0,0.0,0.0,0.0,0.0,0.0,0.0,0.0,0.0,0.0,0.0,0.0,0.0,0.0,0.0,0.0,0.0,0.0,0.0,0.0,0.0,0.0,0.0
0.0,0.0,0.0,0.0,0.0,0.0,0.0,0.0,0.0,0.0,0.0,0.0,0.0,0.0,0.0,0.0,0.0,0.0,0.0,0.0,0.0,0.0,0.0,0.0,0.0,0.0,0.0,0.0,0.0,0.0,0.0,0.0,0.0,0.0,0.0,0.0,0.0
0.0,0.0,0.0,0.0,0.0,0.0,0.0,0.0,0.0,0.0,0.0,0.0,0.0,0.0,0.0,0.0,0.0,0.0,0.0,0.0,0.0,0.0,0.0,0.0,0.0,1.0750681146979262,0.1484056342393075,0.0,0.191699044406414,0.0,0.0,0.0,0.0,0.0,0.0,0.0,0.0
0.0,0.0,0.0,0.0,1.182763833552403,0.0,1.8055576775222837,0.0,0.0,0.0,0.0,0.0,0.0,0.0,0.0,0.0,11.06448340415952,0.0,0.0,0.0,0.0,0.0,0.0,0.0,0.0,1.0188516354187989,0.0294253796338954,0.0,0.0,0.0,0.0,0.0,0.0,0.0,0.0,0.0,0.0
0.0,0.0,0.0,0.031288368627428,2.1251817382871963,0.0,1.3348326101897894,0.0,0.0,0.0,1.9469161932820624,0.0,0.0,0.0,0.053383395820854,0.0075146928429599,14.688417339324928,0.0,0.0,0.0,0.0,7.357029247283692,0.0,0.0,0.0,0.0,0.0,0.0,0.0,0.0,0.0,1.27004325389859,0.0,0.0,0.0,0.0,0.0
0.0,0.0,0.0,0.0,3.592811100184884,0.0,1.733626630529706,0.0,0.0,0.0,1.637245240434993,0.0,0.0,0.0,0.0609592348337157,0.0,39.37482788562762,0.0,0.0,0.0,0.0,0.0,0.0,0.0,0.0,0.0,0.0,0.0,0.0,0.0,0.0,1.478060156106898,0.0,0.0,0.0,0.0,0.0
0.0,0.0,0.0,0.0,75.05843278765659,1.0048806956037697,30.09567466787988,0.0,0.0,0.0,8.268895182060053,0.0,0.0,16.815811132546465,0.510256646946072,0.1091259727254502,22.688074386119705,0.0,0.0,0.0,0.0,183.1414081573484,0.0,0.0,0.0,5.638097859173968,0.0,0.0,14.13536484390478,0.0,0.0,6.17983958125114,2.5941813113167824,0.0,0.0,0.0,0.0
0.0,0.0,0.0,4.783057153224941,298.4180898070334,17.88556350581344,175.7590424269437,0.0,0.0,0.0,72.04710568524895,0.0,0.0,69.79908312670887,3.185544721037148,0.4972831644117831,95.81282478570932,0.0,0.0,0.0,0.0,764.0342948913571,0.0,0.0,0.0,73.24247609972953,3.913077239692204,0.0,183.43713564723703,74.69594623148441,0.0,60.48208720982071,15.239351250231245,0.0,0.0,0.0,0.0
0.0,0.0,0.0,12.850811839103695,744.1663165092467,109.52743244171144,525.8597671955824,0.0,0.0,0.0,314.0807646915315,0.0,0.0,193.55543941259373,9.459481984376907,1.0868751555681226,326.82880747318256,0.0,0.0,0.0,0.0,1897.315786743164,0.0,0.0,0.0,244.0424455165863,14.167874720692634,0.0,904.4532527267932,181.9254249453544,0.0,239.33738166093823,59.911004871129975,0.0,0.0,0.0,0.0
0.0,0.0,0.0,27.5496152639389,1307.945860862732,243.29066440463063,961.976333808899,0.0,0.0,0.0,844.0122584849596,0.0,0.0,417.50461459159845,19.29056686162949,1.9010990262031549,746.1052531599998,0.0,0.0,0.0,0.0,2776.619924926758,0.0,0.0,0.0,543.9219805240631,35.61980177164078,0.0,1599.5478222727777,271.6359131872654,0.0,386.17467308044434,136.82753559947014,0.0,0.0,0.0,0.0
0.0,0.0,0.0,44.83312058448792,1747.2360320091248,341.3105638027191,1347.7175040602683,0.0,0.0,0.0,629.4211535304785,0.0,0.0,750.981194898486,26.39127636551857,2.946854084730148,1220.9292787790298,0.0,0.0,0.0,0.0,3404.5452362060546,0.0,0.0,0.0,783.8956908226013,57.15725396871567,0.0,2115.671472799778,315.8214760184288,0.0,472.54489839077,199.94609558582303,0.0,0.0,0.0,0.0
0.0,0.0,0.0,59.19273364543915,1996.0665833950045,375.28673508763313,1521.1,0.0,0.0,0.0,834.8588269382715,0.0,0.0,956.8446551263332,30.220867824554443,4.641481876373291,1529.2873732566834,0.0,0.0,0.0,0.0,3663.748501586914,0.0,0.0,0.0,839.4044950008392,68.19006952047349,0.0,2325.393329751492,344.3853283524513,0.0,478.9511623382568,226.0033047795296,0.0,0.0,0.0,0.0
0.0,0.0,0.0,62.0,2115.578873872757,396.7506880760193,1521.1,0.0,0.0,0.0,1008.7894868284465,0.0,0.0,1115.737662613392,31.835687631368632,0.0,1738.1174549102784,0.0,0.0,0.0,0.0,3774.006323242188,0.0,0.0,0.0,837.9881522178649,73.80133386850358,0.0,2437.6455984592435,353.80388496518134,0.0,471.9100741147995,239.65448051691052,0.0,0.0,0.0,0.0
0.0,0.0,0.0,62.0,2116.0,404.069313555956,1521.1,0.0,0.0,0.0,1061.5070222258566,0.0,0.0,0.0,31.721401226520538,0.0,1825.8587960481643,0.0,0.0,0.0,0.0,3745.757080078125,0.0,0.0,0.0,823.0072950363159,75.24875408411026,0.0,2457.807083535195,354.03371558189394,0.0,460.7086478471756,0.0,0.0,0.0,0.0,0.0
0.0,0.0,0.0,62.0,2071.094762325287,396.9894641637802,1521.1,0.0,0.0,0.0,0.0,0.0,0.0,0.0,30.18272632956505,0.0,1819.8857890605927,0.0,0.0,0.0,0.0,3618.13219909668,0.0,0.0,0.0,781.8301527976989,72.26277970075607,0.0,2427.6405694842338,343.5557215988636,0.0,440.9982726573944,0.0,0.0,0.0,0.0,0.0
0.0,0.0,0.0,0.0,1847.899932861328,0.0,0.0,0.0,0.0,0.0,0.0,0.0,0.0,0.0,0.0,0.0,1785.5845422267914,0.0,0.0,0.0,0.0,0.0,0.0,0.0,0.0,708.892187166214,63.16361941099167,0.0,2267.2215939998628,0.0,0.0,0.0,0.0,0.0,0.0,0.0,0.0
0.0,0.0,0.0,0.0,0.0,0.0,0.0,0.0,0.0,0.0,0.0,0.0,0.0,0.0,0.0,0.0,1675.2770235538485,0.0,0.0,0.0,0.0,0.0,0.0,0.0,0.0,0.0,0.0,0.0,0.0,0.0,0.0,0.0,0.0,0.0,0.0,0.0,0.0
0.0,0.0,0.0,0.0,0.0,0.0,0.0,0.0,0.0,0.0,0.0,0.0,0.0,0.0,0.0,0.0,1528.531845664978,0.0,0.0,0.0,0.0,0.0,0.0,0.0,0.0,0.0,0.0,0.0,0.0,0.0,0.0,0.0,0.0,0.0,0.0,0.0,0.0
0.0,0.0,0.0,0.0,0.0,0.0,0.0,0.0,0.0,0.0,0.0,0.0,0.0,0.0,0.0,0.0,0.0,0.0,0.0,0.0,0.0,0.0,0.0,0.0,0.0,0.0,0.0,0.0,0.0,0.0,0.0,0.0,0.0,0.0,0.0,0.0,0.0
0.0,0.0,0.0,0.0,0.0,0.0,0.0,0.0,0.0,0.0,0.0,0.0,0.0,0.0,0.0,0.0,0.0,0.0,0.0,0.0,0.0,0.0,0.0,0.0,0.0,0.0,0.0,0.0,0.0,0.0,0.0,0.0,0.0,0.0,0.0,0.0,0.0
0.0,0.0,0.0,0.0,0.0,0.0,0.0,0.0,0.0,0.0,0.0,0.0,0.0,0.0,0.0,0.0,0.0,0.0,0.0,0.0,0.0,0.0,0.0,0.0,0.0,0.0,0.0,0.0,0.0,0.0,0.0,0.0,0.0,0.0,0.0,0.0,0.0
0.0,0.0,0.0,0.0,0.0,0.0,0.0,0.0,0.0,0.0,0.0,0.0,0.0,0.0,0.0,0.0,0.0,0.0,0.0,0.0,0.0,0.0,0.0,0.0,0.0,0.0,0.0,0.0,0.0,0.0,0.0,0.0,0.0,0.0,0.0,0.0,0.0
0.0,0.0,0.0,0.0,0.0,0.0,0.0,0.0,0.0,0.0,0.0,0.0,0.0,0.0,0.0,0.0,0.0,0.0,0.0,0.0,0.0,0.0,0.0,0.0,0.0,0.0,0.0,0.0,0.0,0.0,0.0,0.0,0.0,0.0,0.0,0.0,0.0
0.0,0.0,0.0,0.0,0.0,0.0,0.0,0.0,0.0,0.0,0.0,0.0,0.0,0.0,0.0,0.0,0.0,0.0,0.0,0.0,0.0,0.0,0.0,0.0,0.0,0.0,0.0,0.0,0.0,0.0,0.0,0.0,0.0,0.0,0.0,0.0,0.0
0.0,0.0,0.0,0.0,0.0,0.0,0.0,0.0,0.0,0.0,0.0,0.0,0.0,0.0,0.0,0.0,0.0,0.0,0.0,0.0,0.0,0.0,0.0,0.0,0.0,0.0,0.0,0.0,0.0,0.0,0.0,0.0,0.0,0.0,0.0,0.0,0.0
0.0,0.0,0.0,0.0,0.0,0.0,0.0,0.0,0.0,0.0,0.0,0.0,0.0,0.0,0.0,0.0,0.0,0.0,0.0,0.0,0.0,0.0,0.0,0.0,0.0,0.0,0.0,0.0,0.0,0.0,0.0,0.0,0.0,0.0,0.0,0.0,0.0
0.0,0.0,0.0,0.0,0.8128792904317064,0.0,0.0,0.0,0.0,0.0,0.0,0.0,0.0,0.0,0.0,0.0,0.0,0.0,0.0,0.0,0.0,25.60199699401816,0.0,0.0,0.0,1.6900484290904456,0.2169637031853113,0.0,0.0,0.0,0.0,0.0,0.0,0.0,0.0,0.0,0.0
0.0,0.0,0.0,0.0,0.0,0.1091476781293653,0.0,0.0,0.0,0.0,0.0,0.0,0.0,1.7210329510271365,0.0,0.0,0.0,0.0,0.0,0.0,0.0,25.91622867584222,0.0,0.0,0.0,0.0,0.0,0.0,0.0,0.0,0.0,0.0,0.0,0.0,0.0,0.0,0.0
0.0,0.0,0.0,0.0,0.0,0.0276231225579977,0.0,0.0,0.0,0.0,1.8159204269759188,0.0,0.0,0.0,0.0,0.0,0.0,0.0,0.0,0.0,0.0,9.810713386535264,0.0,0.0,0.0,0.0,0.0,0.0,0.0,0.6900981165468366,0.0,1.0694987773894704,0.0,0.0,0.0,0.0,0.0
0.0,0.0,0.0,0.0266753602772897,3.1880278103052038,0.0,0.0,0.0,0.0,0.0,1.5626211892812394,0.0,0.0,0.0,0.0,0.0,50.16058485507958,0.0,0.0,0.0,0.0,28.08591432571376,0.0,0.0,0.0,0.0,0.0,0.0,0.0,2.115767259150709,0.0,1.1814236938953218,0.0,0.0,0.0,0.0,0.0
0.0,0.0,0.0,0.3240276612341372,79.80874559283255,1.1382233481853803,0.0,0.0,0.0,0.0,11.56750349681823,0.0,0.0,18.210307264234864,0.0,0.0,35.541787838935754,0.0,0.0,0.0,0.0,488.00528182983385,0.0,0.0,0.0,11.80172206610435,0.0247047930955857,0.0,27.28476473689076,3.930360696464776,0.0,10.581941545009574,5.023235160857415,0.0,0.0,0.0,0.0
0.0,0.0,0.0,3.490644767880437,313.4501736760138,18.50166043639179,0.0,0.0,0.0,0.0,87.02518853768689,0.0,0.0,71.79848382249463,4.337238313257694,0.0,130.69898039102551,0.0,0.0,0.0,0.0,1607.2178314208982,0.0,0.0,0.0,124.94327428340912,3.99182001799345,0.0,298.8728494405745,19.029501765966405,0.0,70.00039219856262,25.89203315973281,0.0,0.0,0.0,0.0
0.0,0.0,0.0,11.566282391548157,782.4634432792662,116.34467338025568,0.0,0.0,0.0,0.0,384.9938204362987,0.0,0.0,193.43202643096444,12.460027849674224,0.0,401.38530962467183,0.0,0.0,0.0,0.0,2632.848040771484,0.0,0.0,0.0,488.4069853305817,14.320308986306191,0.0,1182.0787872076037,70.12644308507443,0.0,260.40483188629145,90.58276930451392,0.0,0.0,0.0,0.0
0.0,0.0,0.0,27.01590919494629,1374.1829845905304,248.3913495838642,1042.317068773508,0.0,0.0,0.0,989.7043094605208,0.0,0.0,414.5874066650868,22.73067823648453,3.544708460569381,858.1922574877738,0.0,0.0,0.0,0.0,3347.660525512695,0.0,0.0,0.0,769.5019033908844,36.51834039688109,0.0,2009.742229092121,189.28166825175285,0.0,411.9712089300156,166.31125682592392,0.0,0.0,0.0,0.0
0.0,0.0,0.0,48.167123317718506,1819.8404970169067,344.2888244390488,0.0,0.0,0.0,0.0,629.4211535304785,0.0,0.0,703.4254978597163,29.6835311293602,4.793622612953186,1365.6662535429,0.0,0.0,0.0,0.0,3852.110287475586,0.0,0.0,0.0,903.2,58.47111641168594,0.0,2515.381121969223,275.87474047541616,0.0,493.7234572172165,223.08906024694443,0.0,0.0,0.0,0.0
0.0,0.0,0.0,62.0,2075.3970847129817,375.4312994778156,0.0,0.0,0.0,0.0,834.8588269382715,0.0,0.0,882.5912840664387,0.0,0.0,1692.815706729889,0.0,0.0,0.0,0.0,4051.081564331055,0.0,0.0,0.0,903.2,70.70185469388962,0.0,2635.4,331.8385307908058,0.0,504.6098395586014,245.2689637541771,0.0,0.0,0.0,0.0
0.0,0.0,0.0,62.0,2116.0,394.7452563643456,1521.1,0.0,0.0,0.0,1008.7894868284465,0.0,0.0,1032.474825233221,0.0,0.0,1835.1902482032776,0.0,0.0,0.0,0.0,4107.325827026367,0.0,0.0,0.0,903.2,76.70896348953247,0.0,2635.4,354.41703996658333,0.0,500.7296322584152,255.16422718763351,0.0,0.0,0.0,0.0
0.0,0.0,0.0,62.0,2116.0,400.0950170457363,1521.1,0.0,0.0,0.0,1061.5070222258566,0.0,0.0,1136.0964798927307,0.0,0.0,1838.650059580803,0.0,0.0,0.0,0.0,4058.247357177735,0.0,0.0,0.0,903.2,77.40964720249175,0.0,2635.4,355.53913072347643,0.0,485.42872381210327,251.79603672027588,0.0,0.0,0.0,0.0
0.0,0.0,0.0,62.0,2116.0,390.1513981819153,0.0,0.0,0.0,0.0,0.0,0.0,0.0,0.0,0.0,0.0,1825.042350673676,0.0,0.0,0.0,0.0,3876.240618896484,0.0,0.0,0.0,872.2226361274719,74.03930644989013,0.0,0.0,342.13859290480616,0.0,465.5119912624359,0.0,0.0,0.0,0.0,0.0
0.0,0.0,0.0,0.0,0.0,364.25600904226303,0.0,0.0,0.0,0.0,0.0,0.0,0.0,0.0,0.0,0.0,1784.6787425994874,0.0,0.0,0.0,0.0,3526.465023803711,0.0,0.0,0.0,0.0,65.43875482082368,0.0,0.0,0.0,0.0,0.0,0.0,0.0,0.0,0.0,0.0
0.0,0.0,0.0,0.0,0.0,328.87690848112106,0.0,0.0,0.0,0.0,0.0,0.0,0.0,0.0,0.0,0.0,1669.9287609100345,0.0,0.0,0.0,0.0,3086.6874725341795,0.0,0.0,0.0,0.0,0.0,0.0,0.0,0.0,0.0,0.0,0.0,0.0,0.0,0.0,0.0
0.0,0.0,0.0,0.0,0.0,0.0,0.0,0.0,0.0,0.0,0.0,0.0,0.0,0.0,0.0,0.0,1516.51915307045,0.0,0.0,0.0,0.0,0.0,0.0,0.0,0.0,0.0,0.0,0.0,0.0,0.0,0.0,0.0,0.0,0.0,0.0,0.0,0.0
0.0,0.0,0.0,0.0,0.0,0.0,0.0,0.0,0.0,0.0,0.0,0.0,0.0,0.0,0.0,0.0,0.0,0.0,0.0,0.0,0.0,0.0,0.0,0.0,0.0,0.0,0.0,0.0,0.0,0.0,0.0,0.0,0.0,0.0,0.0,0.0,0.0
0.0,0.0,0.0,0.0,0.0,0.0,0.0,0.0,0.0,0.0,0.0,0.0,0.0,0.0,0.0,0.0,0.0,0.0,0.0,0.0,0.0,0.0,0.0,0.0,0.0,0.0,0.0,0.0,0.0,0.0,0.0,0.0,0.0,0.0,0.0,0.0,0.0
0.0,0.0,0.0,0.0,0.0,0.0,0.0,0.0,0.0,0.0,0.0,0.0,0.0,0.0,0.0,0.0,0.0,0.0,0.0,0.0,0.0,0.0,0.0,0.0,0.0,0.0,0.0,0.0,0.0,0.0,0.0,0.0,0.0,0.0,0.0,0.0,0.0
0.0,0.0,0.0,0.0,0.0,0.0,0.0,0.0,0.0,0.0,0.0,0.0,0.0,0.0,0.0,0.0,0.0,0.0,0.0,0.0,0.0,0.0,0.0,0.0,0.0,0.0,0.0,0.0,0.0,0.0,0.0,0.0,0.0,0.0,0.0,0.0,0.0
0.0,0.0,0.0,0.0,0.0,0.0,0.0,0.0,0.0,0.0,0.0,0.0,0.0,0.0,0.0,0.0,0.0,0.0,0.0,0.0,0.0,0.0,0.0,0.0,0.0,0.0,0.0,0.0,0.0,0.0,0.0,0.0,0.0,0.0,0.0,0.0,0.0
0.0,0.0,0.0,0.0,0.0,0.0,0.0,0.0,0.0,0.0,0.0,0.0,0.0,0.0,0.0,0.0,0.0,0.0,0.0,0.0,0.0,0.0,0.0,0.0,0.0,0.0,0.0,0.0,0.0,0.0,0.0,0.0,0.0,0.0,0.0,0.0,0.0
0.0,0.0,0.0,0.0,0.0,0.0,0.0,0.0,0.0,0.0,0.0,0.0,0.0,0.0,0.0,0.0,0.0,0.0,0.0,0.0,0.0,0.0,0.0,0.0,0.0,0.0,0.0,0.0,0.0,0.0,0.0,0.0,0.0,0.0,0.0,0.0,0.0
0.0,0.0,0.0,0.0,0.0,0.0,0.0,0.0,0.0,0.0,0.0,0.0,0.0,0.0,0.0,0.0,0.0,0.0,0.0,0.0,0.0,0.0,0.0,0.0,0.0,0.0,0.0,0.0,0.0,0.0,0.0,0.0,0.0,0.0,0.0,0.0,0.0
0.0,0.0,0.0,0.0,0.0,0.0,0.0,0.0,0.0,0.0,0.0,0.0,0.0,0.0,0.0,0.0,0.0,0.0,0.0,0.0,0.0,0.0,0.0,0.0,0.0,0.0,0.0,0.0,0.0,0.3996877200901492,0.0,0.0,0.0,0.0,0.0,0.0,0.0
0.0,0.0,0.0,0.0,0.0,0.0,0.0,0.0,0.0,0.0,0.0,0.0,0.0,2.5521728349849453,0.0,0.0,10.167876601219117,0.0,0.0,0.0,0.0,0.0,0.0,0.0,0.0,0.0,0.0,0.0,0.0,0.0,0.0,0.0,0.0,0.0,0.0,0.0,0.0
0.0,0.0,0.0,0.0301750451326336,1.883381448685992,0.0647497503086584,0.0,0.0,0.0,0.0,1.8500401214229016,0.0,0.0,0.0,0.061667941510677,0.0,13.880306792259091,0.0,0.0,0.0,0.0,5.403567790984878,0.0,0.0,0.0,0.4364146323873716,0.4809895945712846,0.0,0.0,0.7586355090140914,0.0,1.1374233961105302,0.0,0.0,0.0,0.0,0.0
0.0,0.0,0.0,0.0267866291105704,3.834493149071756,0.0,4.9798282023519125,0.0,0.0,0.0,1.5729133580810104,0.0,0.0,0.0,0.0584418877959231,0.0,36.77240059375749,0.0,0.0,0.0,0.0,0.0,0.0,0.0,0.0,0.0,0.0,0.0,0.0,8.418061809986819,0.0,1.212394341826385,0.0,0.0,0.0,0.0,0.0
0.0,0.0,0.0,0.4894752930849784,28.85734783113,0.9862046902999236,32.717256470955896,0.0,0.0,0.0,12.546275611640803,0.0,0.0,30.186153515241948,0.771428656205532,0.0837979721836738,23.31649585962276,0.0,0.0,0.0,0.0,241.44566993713332,0.0,0.0,0.0,17.100199839472733,1.4517467187717528,0.0,23.0115823507307,14.634758573025438,0.0,7.193151637911775,3.299721405841405,0.0,0.0,0.0,0.0
0.0,0.0,0.0,4.106439173221583,166.55817380547515,19.046562997624267,148.65131681263443,0.0,0.0,0.0,82.99131103195235,0.0,0.0,147.71151138469577,4.292621174454688,0.4824982956051817,99.12040299177158,0.0,0.0,0.0,0.0,970.8666091918944,0.0,0.0,0.0,95.91241270899764,5.045068331062788,0.0,273.4037572056055,45.364859363436686,0.0,62.98008413612841,18.692703515291203,0.0,0.0,0.0,0.0
0.0,0.0,0.0,13.00799572467804,460.9584914445876,118.88103058934212,358.49130517095324,0.0,0.0,0.0,361.3517275884746,0.0,0.0,434.3715865164995,0.0,0.0,340.5980649471283,0.0,0.0,0.0,0.0,2090.45703125,0.0,0.0,0.0,275.29062592983246,12.2555052652955,0.0,955.4169630348682,128.5202077448368,0.0,245.13867515325543,72.59405484795569,0.0,0.0,0.0,0.0
0.0,0.0,0.0,29.19160187244415,912.4265102148056,255.68250995874405,625.4180934369563,0.0,0.0,0.0,956.8340593010186,0.0,0.0,845.6526997685432,23.207531654834742,0.0,770.4029910922051,0.0,0.0,0.0,0.0,2874.2695037841795,0.0,0.0,0.0,488.80466384887694,24.85718931555748,0.0,1672.0357047080993,241.8838489830494,0.0,401.5092747211456,153.4536525607109,0.0,0.0,0.0,0.0
0.0,0.0,0.0,48.91930294036865,1333.8033077716827,352.8165000379085,939.8910657703876,0.0,0.0,0.0,629.4211535304785,0.0,0.0,1242.2907330095768,29.531933802366257,3.651101052761077,1266.099140572548,0.0,0.0,0.0,0.0,3405.333709716797,0.0,0.0,0.0,726.2514170646667,42.6304141998291,0.0,2233.0798037290574,304.55928375720976,0.0,485.3041056394577,213.1954384446144,0.0,0.0,0.0,0.0
0.0,0.0,0.0,62.0,1583.0234544277191,386.2732561528682,1125.5128327846528,0.0,0.0,0.0,834.8588269382715,0.0,0.0,1396.8716153502469,32.03340581059456,0.0,1592.9203486442566,0.0,0.0,0.0,0.0,3650.836331176758,0.0,0.0,0.0,782.9919102668762,53.92130799293518,0.0,2515.5733904361728,347.13860963582994,0.0,504.1198350191116,238.4859535098076,0.0,0.0,0.0,0.0
0.0,0.0,0.0,62.0,1751.160362482071,406.5576733648776,1244.398091840744,0.0,0.0,0.0,1008.7894868284465,0.0,0.0,1475.2898900210855,32.712488025426865,6.404541462659835,1811.124659729004,0.0,0.0,0.0,0.0,3754.892834472656,0.0,0.0,0.0,817.5599553108216,61.33919612169266,0.0,2635.4,362.81507741212846,0.0,506.3581898212433,249.5355630517006,0.0,0.0,0.0,0.0
0.0,0.0,0.0,62.0,1852.171607255936,411.80893757939344,1322.6496418476104,0.0,0.0,0.0,1061.5070222258566,0.0,0.0,1481.252043545246,31.920803564786908,0.0,1836.8362540483477,0.0,0.0,0.0,0.0,3768.469354248047,0.0,0.0,0.0,826.5004811763763,65.01300064325332,0.0,0.0,360.6537230193615,0.0,491.4328582286835,246.94332271814343,0.0,0.0,0.0,0.0
0.0,0.0,0.0,62.0,0.0,402.5858519077301,0.0,0.0,0.0,0.0,0.0,0.0,0.0,1436.8749932944777,30.10315033793449,7.023404240608215,1825.3372564792635,0.0,0.0,0.0,0.0,0.0,0.0,0.0,0.0,0.0,0.0,0.0,0.0,345.3421163260937,0.0,465.1165716648102,0.0,0.0,0.0,0.0,0.0
0.0,0.0,0.0,0.0,0.0,0.0,0.0,0.0,0.0,0.0,0.0,0.0,0.0,1260.9199476242063,0.0,0.0,1782.220703935623,0.0,0.0,0.0,0.0,0.0,0.0,0.0,0.0,0.0,0.0,0.0,0.0,0.0,0.0,408.8318213224411,209.20238029956815,0.0,0.0,0.0,0.0
0.0,0.0,0.0,0.0,0.0,0.0,0.0,0.0,0.0,0.0,0.0,0.0,0.0,0.0,0.0,0.0,1666.0104114532471,0.0,0.0,0.0,0.0,0.0,0.0,0.0,0.0,0.0,0.0,0.0,0.0,0.0,0.0,0.0,0.0,0.0,0.0,0.0,0.0
0.0,0.0,0.0,0.0,0.0,0.0,0.0,0.0,0.0,0.0,0.0,0.0,0.0,0.0,0.0,0.0,1508.9495363473893,0.0,0.0,0.0,0.0,0.0,0.0,0.0,0.0,0.0,0.0,0.0,0.0,0.0,0.0,0.0,0.0,0.0,0.0,0.0,0.0
0.0,0.0,0.0,0.0,0.0,0.0,0.0,0.0,0.0,0.0,0.0,0.0,0.0,0.0,0.0,0.0,0.0,0.0,0.0,0.0,0.0,0.0,0.0,0.0,0.0,0.0,0.0,0.0,0.0,0.0,0.0,0.0,0.0,0.0,0.0,0.0,0.0
0.0,0.0,0.0,0.0,0.0,0.0,0.0,0.0,0.0,0.0,0.0,0.0,0.0,0.0,0.0,0.0,0.0,0.0,0.0,0.0,0.0,0.0,0.0,0.0,0.0,0.0,0.0,0.0,0.0,0.0,0.0,0.0,0.0,0.0,0.0,0.0,0.0
0.0,0.0,0.0,0.0,0.0,0.0,0.0,0.0,0.0,0.0,0.0,0.0,0.0,0.0,0.0,0.0,0.0,0.0,0.0,0.0,0.0,0.0,0.0,0.0,0.0,0.0,0.0,0.0,0.0,0.0,0.0,0.0,0.0,0.0,0.0,0.0,0.0
0.0,0.0,0.0,0.0,0.0,0.0,0.0,0.0,0.0,0.0,0.0,0.0,0.0,0.0,0.0,0.0,0.0,0.0,0.0,0.0,0.0,0.0,0.0,0.0,0.0,0.0,0.0,0.0,0.0,0.0,0.0,0.0,0.0,0.0,0.0,0.0,0.0
0.0,0.0,0.0,0.0,0.0,0.0,0.0,0.0,0.0,0.0,0.0,0.0,0.0,0.0,0.0,0.0,0.0,0.0,0.0,0.0,0.0,0.0,0.0,0.0,0.0,0.0,0.0,0.0,0.0,0.0,0.0,0.0,0.0,0.0,0.0,0.0,0.0
0.0,0.0,0.0,0.0,0.0,0.0,0.0,0.0,0.0,0.0,0.0,0.0,0.0,0.0,0.0,0.0,0.0,0.0,0.0,0.0,0.0,0.0,0.0,0.0,0.0,0.0,0.0,0.0,0.0,0.0,0.0,0.0,0.0,0.0,0.0,0.0,0.0
0.0,0.0,0.0,0.0,0.0,0.0,0.0,0.0,0.0,0.0,0.0,0.0,0.0,0.0,0.0,0.0,0.0,0.0,0.0,0.0,0.0,0.0,0.0,0.0,0.0,0.0,0.0,0.0,0.0,0.0,0.0,0.0,0.0,0.0,0.0,0.0,0.0
0.0,0.0,0.0,0.0,0.0,0.0,0.0,0.0,0.0,0.0,0.0,0.0,0.0,0.0,0.0,0.0,0.0,0.0,0.0,0.0,0.0,0.0,0.0,0.0,0.0,0.0,0.0,0.0,0.0,0.0,0.0,0.0,0.0,0.0,0.0,0.0,0.0
0.0,0.0,0.0,0.0,0.0,0.0,0.0,0.0,0.0,0.0,0.0,0.0,0.0,0.0,0.0,0.0,0.0,0.0,0.0,0.0,0.0,0.0,0.0,0.0,0.0,0.0,0.0,0.0,0.0,0.0,0.0,0.0,0.0,0.0,0.0,0.0,0.0
0.0,0.0,0.0,0.0,0.0,0.0,0.0,0.0,0.0,0.0,0.0,0.0,0.0,1.672129817306949,0.0,0.021490450017153,0.0,0.0,0.0,0.0,0.0,0.0,0.0,0.0,0.0,0.0,0.0,0.0,0.0,0.0,0.0,0.0,0.0,0.0,0.0,0.0,0.0
0.0,0.0,0.0,0.0321730338037014,0.0,0.0,0.0,0.0,0.0,0.0,1.9262290823271293,0.0,0.0,0.0,0.0,0.0,0.0,0.0,0.0,0.0,0.0,0.0,0.0,0.0,0.0,0.0,0.0,0.0,0.0,0.7432181835174204,0.0,1.198947563767426,0.0,0.0,0.0,0.0,0.0
0.0,0.0,0.0,0.0331436190754168,3.3016019575297584,0.0,2.570608450844805,0.0,0.0,0.0,1.6430620004422407,0.0,0.0,0.0,0.0942370668053626,0.0,41.235578107833724,0.0,0.0,0.0,0.0,7.237547874450549,0.0,0.0,0.0,0.0,0.0,0.0,0.0,4.329222488403291,0.0,1.3053242266177805,0.0,0.0,0.0,0.0,0.0
0.0,0.0,0.0,0.1637478806078432,70.24425423145284,1.10224525816736,41.62163613736627,0.0,0.0,0.0,7.1841881068423294,0.0,0.0,21.129646238405147,0.5804452825337614,0.0338660962879655,24.04248384237282,0.0,0.0,0.0,0.0,165.83975505828855,0.0,0.0,0.0,0.0,0.0,0.0,48.45543345883464,3.3432634353637547,0.0,10.378042101860045,1.983215105719848,0.0,0.0,0.0,0.0
0.0,0.0,0.0,2.2297054678201667,276.6682622432709,24.180343694984906,184.42265934795145,0.0,0.0,0.0,78.08411852866405,0.0,0.0,106.48679560050358,3.6876090064644806,0.3887255154550066,87.02969396114332,0.0,0.0,0.0,0.0,621.9431114196775,0.0,0.0,0.0,274.50143299102785,1.9073841955512711,0.0,489.4521342337131,14.892238745465862,0.0,78.05369359254837,13.090587086975551,0.0,0.0,0.0,0.0
0.0,0.0,0.0,8.597953736782072,678.5999802350997,141.19417960941792,423.4411986917257,0.0,0.0,0.0,373.4507918313144,0.0,0.0,339.4737638160585,11.249189677834512,0.9961851090192796,301.86250606775286,0.0,0.0,0.0,0.0,1322.9393157958984,0.0,0.0,0.0,602.1227996349335,6.622600261867044,0.0,1255.6330213487147,55.84268347471949,0.0,278.1247968673705,52.64266122877597,0.0,0.0,0.0,0.0
0.0,0.0,0.0,21.263242840766907,1198.9333457946775,266.4552183747292,712.455181619525,0.0,0.0,0.0,954.4332059115172,0.0,0.0,726.9523095339536,21.593151193857192,1.7213180512189858,694.691563773155,0.0,0.0,0.0,0.0,2283.318792724609,0.0,0.0,0.0,801.4163177967072,15.45468671023845,0.0,1882.8137815713883,143.67253331542014,0.0,414.8773994445801,127.71748703718184,0.0,0.0,0.0,0.0
0.0,0.0,0.0,39.46397936344147,1598.5680408477783,360.666756272316,981.2828217506408,0.0,0.0,0.0,629.4211535304785,0.0,0.0,1146.13804474473,27.654194802045826,2.573805108666419,1165.9762907266618,0.0,0.0,0.0,0.0,2903.2996154785155,0.0,0.0,0.0,903.2,33.832326656579966,0.0,2277.7206461191176,240.3166473865509,0.0,492.54825007915497,189.511556327343,0.0,0.0,0.0,0.0
0.0,0.0,0.0,55.24702787399292,1851.3649218082428,390.63533759117126,1148.124771630764,0.0,0.0,0.0,834.8588269382715,0.0,0.0,1315.97615852952,29.75203560590744,3.644400835037232,1484.4735801935196,0.0,0.0,0.0,0.0,3106.050567626953,0.0,0.0,0.0,903.2,47.7634330868721,0.0,2459.106466507912,307.9661846637726,0.0,511.8930236101151,216.57808923721316,0.0,0.0,0.0,0.0
0.0,0.0,0.0,62.0,2002.7232518196108,409.7203653752804,1295.6705693364142,0.0,0.0,0.0,1008.7894868284465,0.0,0.0,1407.9983586072922,31.302652341127395,4.626105159521102,1705.0921720981598,0.0,0.0,0.0,0.0,3252.908987426758,0.0,0.0,0.0,903.2,57.87537429332733,0.0,2590.203087043762,338.54734014868734,0.0,513.2167463302612,230.4382935166359,0.0,0.0,0.0,0.0
0.0,0.0,0.0,62.0,2063.501249074936,416.3068541884423,1392.7299518465998,0.0,0.0,0.0,1061.5070222258566,0.0,0.0,1433.9904709160328,31.612820041179656,5.390421241521834,1805.3346512317655,0.0,0.0,0.0,0.0,3284.087777709961,0.0,0.0,0.0,903.2,0.0,0.0,2635.4,346.3277942121029,0.0,498.9539757966995,230.86642742156985,0.0,0.0,0.0,0.0
0.0,0.0,0.0,0.0,0.0,409.6655150055886,0.0,0.0,0.0,0.0,0.0,0.0,0.0,0.0,0.0,5.587229192256928,1801.4171597719192,0.0,0.0,0.0,0.0,0.0,0.0,0.0,0.0,0.0,0.0,0.0,0.0,336.6214397132397,0.0,470.8215219974518,0.0,0.0,0.0,0.0,0.0
0.0,0.0,0.0,0.0,0.0,0.0,0.0,0.0,0.0,0.0,0.0,0.0,0.0,1236.4857250452042,0.0,4.656709820032119,1758.608628129959,0.0,0.0,0.0,0.0,0.0,0.0,0.0,0.0,0.0,0.0,0.0,0.0,327.6325297534466,0.0,0.0,0.0,0.0,0.0,0.0,0.0
0.0,0.0,0.0,0.0,0.0,0.0,0.0,0.0,0.0,0.0,0.0,0.0,0.0,0.0,0.0,0.0,0.0,0.0,0.0,0.0,0.0,0.0,0.0,0.0,0.0,0.0,0.0,0.0,0.0,307.98106308579446,0.0,0.0,0.0,0.0,0.0,0.0,0.0
0.0,0.0,0.0,0.0,0.0,0.0,0.0,0.0,0.0,0.0,0.0,0.0,0.0,0.0,0.0,0.0,0.0,0.0,0.0,0.0,0.0,0.0,0.0,0.0,0.0,0.0,0.0,0.0,0.0,0.0,0.0,0.0,0.0,0.0,0.0,0.0,0.0
0.0,0.0,0.0,0.0,0.0,0.0,0.0,0.0,0.0,0.0,0.0,0.0,0.0,0.0,0.0,0.0,0.0,0.0,0.0,0.0,0.0,0.0,0.0,0.0,0.0,0.0,0.0,0.0,0.0,0.0,0.0,0.0,0.0,0.0,0.0,0.0,0.0
0.0,0.0,0.0,0.0,0.0,0.0,0.0,0.0,0.0,0.0,0.0,0.0,0.0,0.0,0.0,0.0,0.0,0.0,0.0,0.0,0.0,0.0,0.0,0.0,0.0,0.0,0.0,0.0,0.0,0.0,0.0,0.0,0.0,0.0,0.0,0.0,0.0
0.0,0.0,0.0,0.0,0.0,0.0,0.0,0.0,0.0,0.0,0.0,0.0,0.0,0.0,0.0,0.0,0.0,0.0,0.0,0.0,0.0,0.0,0.0,0.0,0.0,0.0,0.0,0.0,0.0,0.0,0.0,0.0,0.0,0.0,0.0,0.0,0.0
0.0,0.0,0.0,0.0,0.0,0.0,0.0,0.0,0.0,0.0,0.0,0.0,0.0,0.0,0.0,0.0,0.0,0.0,0.0,0.0,0.0,0.0,0.0,0.0,0.0,0.0,0.0,0.0,0.0,0.0,0.0,0.0,0.0,0.0,0.0,0.0,0.0
0.0,0.0,0.0,0.0,0.0,0.0,0.0,0.0,0.0,0.0,0.0,0.0,0.0,0.0,0.0,0.0,0.0,0.0,0.0,0.0,0.0,0.0,0.0,0.0,0.0,0.0,0.0,0.0,0.0,0.0,0.0,0.0,0.0,0.0,0.0,0.0,0.0
0.0,0.0,0.0,0.0,0.0,0.0,0.0,0.0,0.0,0.0,0.0,0.0,0.0,0.0,0.0,0.0,0.0,0.0,0.0,0.0,0.0,0.0,0.0,0.0,0.0,0.0,0.0,0.0,0.0,0.0,0.0,0.0,0.0,0.0,0.0,0.0,0.0
0.0,0.0,0.0,0.0,0.0,0.0,0.0,0.0,0.0,0.0,0.0,0.0,0.0,0.0,0.0,0.0,0.0,0.0,0.0,0.0,0.0,0.0,0.0,0.0,0.0,0.0,0.0,0.0,0.0,0.0,0.0,0.0,0.0,0.0,0.0,0.0,0.0
0.0,0.0,0.0,0.0,0.0,0.0,0.0,0.0,0.0,0.0,0.0,0.0,0.0,0.0,0.0,0.0,0.0,0.0,0.0,0.0,0.0,0.0,0.0,0.0,0.0,0.0,0.0,0.0,0.0,0.0,0.0,0.0,0.0,0.0,0.0,0.0,0.0
0.0,0.0,0.0,0.0,0.0,0.0,0.0,0.0,0.0,0.0,0.0,0.0,0.0,0.0,0.0,0.0,0.0,0.0,0.0,0.0,0.0,0.0,0.0,0.0,0.0,0.0,0.0,0.0,0.0,0.0,0.0,0.0,0.0,0.0,0.0,0.0,0.0
0.0,0.0,0.0,0.0,0.0,0.0,0.0,0.0,0.0,0.0,0.0,0.0,0.0,5.070621627382809,0.0,0.0,0.0,0.0,0.0,0.0,0.0,0.0,0.0,0.0,0.0,0.0,0.4358453275635804,0.0,0.0,0.0,0.0,0.0,0.0,0.0,0.0,0.0,0.0
0.0,0.0,0.0,0.0,1.960440892726075,0.0,0.0,0.0,0.0,0.0,0.0,0.0,0.0,1.5100933751090169,0.0,0.0030940901488055,0.0,0.0,0.0,0.0,0.0,24.278560638427283,0.0,0.0,0.0,0.0,0.0317384816706124,0.0,0.0,0.0,0.0,1.1572212874889196,0.0,0.0,0.0,0.0,0.0
0.0,0.0,0.0,0.02503831684589,3.8158702366052633,0.0,0.0,0.0,0.0,0.0,1.5640896827912576,0.0,0.0,0.0,0.1077202767133712,0.0,43.49462276697158,0.0,0.0,0.0,0.0,26.841057109832448,0.0,0.0,0.0,0.0,0.0,0.0,0.0,1.356528412550678,0.0,1.2806867510080029,0.0,0.0,0.0,0.0,0.0
0.0,0.0,0.0,0.6904134675860388,52.7428391724824,1.4521958064287632,8.641375755146077,0.0,0.0,0.0,4.149639506032536,0.0,0.0,22.555793691426416,0.7968099005520334,0.1137564899399864,20.52212239503852,0.0,0.0,0.0,0.0,311.8439216613768,0.0,0.0,0.0,9.791652509570056,0.4417960871010978,0.0,33.724855157732776,1.7474384494125652,0.0,5.176121473312378,3.307946752756818,0.0,0.0,0.0,0.0
0.0,0.0,0.0,4.044460758566856,239.36144086718545,27.83394451811907,83.16621867641801,0.0,0.0,0.0,67.65153377801174,0.0,0.0,107.7280156314372,4.249765080213545,0.4375815764069555,79.65870352983474,0.0,0.0,0.0,0.0,1043.095861816406,0.0,0.0,0.0,123.90296838283534,4.307458759099244,0.0,359.498600000143,12.77602776959538,0.0,56.93663202226158,17.945249434560534,0.0,0.0,0.0,0.0
0.0,0.0,0.0,12.47077617049217,641.2224193811417,156.7264416962862,366.6983577057719,0.0,0.0,0.0,318.0691337317228,0.0,0.0,322.3246172815561,12.280787301063537,0.953263461589812,286.2383204936979,0.0,0.0,0.0,0.0,2093.218725585937,0.0,0.0,0.0,415.4559647321701,14.439012861251827,0.0,1245.401637095213,50.82832722514868,0.0,240.96893602609637,69.16960795223712,0.0,0.0,0.0,0.0
0.0,0.0,0.0,27.603258967399597,1221.939772605896,282.88826671242714,782.3708899915218,0.0,0.0,0.0,830.4610597074031,0.0,0.0,653.8698367774485,22.50162633061409,1.7339145690202713,666.006335914135,0.0,0.0,0.0,0.0,2845.441467285156,0.0,0.0,0.0,719.284479188919,36.50815001726151,0.0,1941.7085661411288,146.4252288341522,0.0,399.4425435066223,145.07375437021255,0.0,0.0,0.0,0.0
0.0,0.0,0.0,46.93736469745636,1661.8459305763245,375.4033553302288,1165.7115329623225,0.0,0.0,0.0,629.4211535304785,0.0,0.0,1031.895316839218,29.026370179653167,2.1854053735733023,1121.9115289926528,0.0,0.0,0.0,0.0,3344.2874450683594,0.0,0.0,0.0,897.0145297527314,56.74297786951065,0.0,2294.7626381516457,244.3211219549179,0.0,486.7229874134064,201.0391599535942,0.0,0.0,0.0,0.0
0.0,0.0,0.0,60.94603943824768,1912.6882767677305,404.9836992919445,1345.9192618846894,0.0,0.0,0.0,834.8588269382715,0.0,0.0,1211.9417008757591,31.76953470110893,3.07492746412754,1427.825067615509,0.0,0.0,0.0,0.0,3490.740899658203,0.0,0.0,0.0,903.2,66.96570214033127,0.0,2494.7598576426512,311.17073903083804,0.0,507.2214388847351,221.82360714674,0.0,0.0,0.0,0.0
0.0,0.0,0.0,62.0,2062.4477400779724,422.0294962525368,1449.0846349060532,0.0,0.0,0.0,1008.7894868284465,0.0,0.0,1339.6343041956425,32.79612482786179,4.004500538110732,1631.2593290805817,0.0,0.0,0.0,0.0,3533.084344482422,0.0,0.0,0.0,903.2,73.5315434217453,0.0,2608.580748009681,341.37424033284185,0.0,511.1464986801148,232.8362275958061,0.0,0.0,0.0,0.0
0.0,0.0,0.0,62.0,2093.152867078781,426.0164075493813,1481.711841571331,0.0,0.0,0.0,1061.5070222258566,0.0,0.0,0.0,32.032694488763816,4.633080065250397,1743.218859577179,0.0,0.0,0.0,0.0,3492.818688964844,0.0,0.0,0.0,903.2,74.01756190061569,0.0,2635.4,347.3864583730698,0.0,493.1695827245712,231.73193377256396,0.0,0.0,0.0,0.0
0.0,0.0,0.0,62.0,2042.0443747043607,415.5841386914253,1472.53667216897,0.0,0.0,0.0,0.0,0.0,0.0,0.0,30.26859124302864,4.871301203966141,1757.7849510669707,0.0,0.0,0.0,0.0,3364.984671020508,0.0,0.0,0.0,851.0383816719054,71.10819973945618,0.0,2628.229988420009,0.0,0.0,466.21596014499664,0.0,0.0,0.0,0.0,0.0
0.0,0.0,0.0,62.0,0.0,0.0,0.0,0.0,0.0,0.0,0.0,0.0,0.0,0.0,0.0,0.0,1720.8359256744384,0.0,0.0,0.0,0.0,0.0,0.0,0.0,0.0,784.8423239707947,62.053008508682254,0.0,0.0,0.0,0.0,0.0,0.0,0.0,0.0,0.0,0.0
0.0,0.0,0.0,0.0,0.0,0.0,0.0,0.0,0.0,0.0,0.0,0.0,0.0,0.0,0.0,0.0,0.0,0.0,0.0,0.0,0.0,0.0,0.0,0.0,0.0,0.0,0.0,0.0,0.0,0.0,0.0,0.0,0.0,0.0,0.0,0.0,0.0
0.0,0.0,0.0,0.0,0.0,0.0,0.0,0.0,0.0,0.0,0.0,0.0,0.0,0.0,0.0,0.0,0.0,0.0,0.0,0.0,0.0,0.0,0.0,0.0,0.0,0.0,0.0,0.0,0.0,0.0,0.0,0.0,0.0,0.0,0.0,0.0,0.0
0.0,0.0,0.0,0.0,0.0,0.0,0.0,0.0,0.0,0.0,0.0,0.0,0.0,0.0,0.0,0.0,0.0,0.0,0.0,0.0,0.0,0.0,0.0,0.0,0.0,0.0,0.0,0.0,0.0,0.0,0.0,0.0,0.0,0.0,0.0,0.0,0.0
0.0,0.0,0.0,0.0,0.0,0.0,0.0,0.0,0.0,0.0,0.0,0.0,0.0,0.0,0.0,0.0,0.0,0.0,0.0,0.0,0.0,0.0,0.0,0.0,0.0,0.0,0.0,0.0,0.0,0.0,0.0,0.0,0.0,0.0,0.0,0.0,0.0
0.0,0.0,0.0,0.0,0.0,0.0,0.0,0.0,0.0,0.0,0.0,0.0,0.0,0.0,0.0,0.0,0.0,0.0,0.0,0.0,0.0,0.0,0.0,0.0,0.0,0.0,0.0,0.0,0.0,0.0,0.0,0.0,0.0,0.0,0.0,0.0,0.0
0.0,0.0,0.0,0.0,0.0,0.0,0.0,0.0,0.0,0.0,0.0,0.0,0.0,0.0,0.0,0.0,0.0,0.0,0.0,0.0,0.0,0.0,0.0,0.0,0.0,0.0,0.0,0.0,0.0,0.0,0.0,0.0,0.0,0.0,0.0,0.0,0.0
0.0,0.0,0.0,0.0,0.0,0.0,0.0,0.0,0.0,0.0,0.0,0.0,0.0,0.0,0.0,0.0,0.0,0.0,0.0,0.0,0.0,0.0,0.0,0.0,0.0,0.0,0.0,0.0,0.0,0.0,0.0,0.0,0.0,0.0,0.0,0.0,0.0
0.0,0.0,0.0,0.0,0.0,0.0,0.0,0.0,0.0,0.0,0.0,0.0,0.0,0.0,0.0,0.0,0.0,0.0,0.0,0.0,0.0,0.0,0.0,0.0,0.0,0.0,0.0,0.0,0.0,0.0,0.0,0.0,0.0,0.0,0.0,0.0,0.0
0.0,0.0,0.0,0.0,0.0,0.0,0.0,0.0,0.0,0.0,0.0,0.0,0.0,0.0,0.0,0.0,0.0,0.0,0.0,0.0,0.0,0.0,0.0,0.0,0.0,0.0,0.0,0.0,0.0,0.0,0.0,0.0,0.0,0.0,0.0,0.0,0.0
0.0,0.0,0.0,0.0,0.0,0.0,0.0,0.0,0.0,0.0,0.0,0.0,0.0,0.0,0.0,0.0,0.0,0.0,0.0,0.0,0.0,0.0,0.0,0.0,0.0,0.0,0.0,0.0,0.0,0.0,0.0,0.0,0.0,0.0,0.0,0.0,0.0
0.0,0.0,0.0,0.0,0.0,0.0,0.0,0.0,0.0,0.0,0.0,0.0,0.0,0.0,0.0,0.0,0.0,0.0,0.0,0.0,0.0,20.590892028808472,0.0,0.0,0.0,0.0,0.0,0.0,0.1545294970273971,0.3732902362942579,0.0,0.0,0.0511623509228214,0.0,0.0,0.0,0.0
0.0,0.0,0.0,0.0,0.0,0.1184199787675898,0.0,0.0,0.0,0.0,1.8163834368343013,0.0,0.0,0.0,0.0645304888486849,0.0,0.0,0.0,0.0,0.0,0.0,23.688767242431467,0.0,0.0,0.0,0.0,0.0,0.0,0.0,0.4375046856701041,0.0,0.0,0.0,0.0,0.0,0.0,0.0
0.0,0.0,0.0,0.0333897732198178,1.6315149329600993,0.0,0.0,0.0,0.0,0.0,1.802978400839394,0.0,0.0,0.0,0.0405275613069506,0.0,15.04963405132276,0.0,0.0,0.0,0.0,23.780451393127304,0.0,0.0,0.0,0.0,0.4706990707665662,0.0,0.0,0.6215080052614118,0.0,0.999192491173737,0.0,0.0,0.0,0.0,0.0
0.0,0.0,0.0,0.0377445016056254,3.25850518792858,0.0,2.612291512265744,0.0,0.0,0.0,1.55887049157155,0.0,0.0,0.0,0.0065326541662196,0.0,38.83410595655436,0.0,0.0,0.0,0.0,23.5398165702816,0.0,0.0,0.0,0.0,0.0008351750671863,0.0,0.0,1.122225482761854,0.0,1.0773031115531675,0.0,0.0,0.0,0.0,0.0
0.0,0.0,0.0,0.2119902819395007,74.6897976547479,0.7692657895385938,37.60175931975239,0.0,0.0,0.0,17.131086111115124,0.0,0.0,29.30568940937504,0.2587272327393284,0.0,23.1813000559806,0.0,0.0,0.0,0.0,320.1186157226563,0.0,0.0,0.0,2.102603363990744,1.3336529459804225,0.0,42.0987634405492,1.2360307671129371,0.0,5.984085351228676,3.5361542180180323,0.0,0.0,0.0,0.0
0.0,0.0,0.0,2.161880098283286,307.89349073171616,10.56016157008705,189.33257945775972,0.0,0.0,0.0,116.2299093730746,0.0,0.0,107.52415204420676,2.334560340642927,0.0,91.0868550658226,0.0,0.0,0.0,0.0,1164.836389160156,0.0,0.0,0.0,71.03460528850547,5.150508177280421,0.0,425.3310717523098,11.674293798580736,0.0,64.65194295346731,19.67346896231174,0.0,0.0,0.0,0.0
0.0,0.0,0.0,7.892553448677063,771.8879307508469,76.60901367664334,525.4722212553024,0.0,0.0,0.0,440.0675229445098,0.0,0.0,284.4558150321245,7.951039311289786,0.0,312.0028041958808,0.0,0.0,0.0,0.0,2281.5761657714843,0.0,0.0,0.0,299.6827683925629,12.679937356710427,0.0,1231.8480453729628,46.78710471168159,0.0,249.02056890726087,75.34707024693488,0.0,0.0,0.0,0.0
0.0,0.0,0.0,19.659633874893185,1357.647446393967,219.66107989847657,961.3928162813188,0.0,0.0,0.0,1102.9739223927256,0.0,0.0,552.4305570125579,17.434654980897903,0.0,716.6447024941444,0.0,0.0,0.0,0.0,3082.1516448974608,0.0,0.0,0.0,592.4699840068818,27.098443615436555,0.0,1956.303847682476,130.64660370349884,0.0,406.34085726737976,156.27163463830948,0.0,0.0,0.0,0.0
0.0,0.0,0.0,38.43549180030823,1776.935576915741,319.67141431570053,1318.9655754685402,0.0,0.0,0.0,629.4211535304785,0.0,0.0,875.2494180202484,24.84102784395218,0.0,1191.5434964179992,0.0,0.0,0.0,0.0,3644.9060760498046,0.0,0.0,0.0,777.4423380374908,50.4891459941864,0.0,2383.372797036171,235.2488694012165,0.0,488.7685123682022,215.69993883371356,0.0,0.0,0.0,0.0
0.0,0.0,0.0,54.494667172431946,2005.1315786838527,353.7803602218628,1500.6244823813436,0.0,0.0,0.0,834.8588269382715,0.0,0.0,1065.5583357810974,28.40299701690674,0.0,1505.5679252624511,0.0,0.0,0.0,0.0,3877.460946655273,0.0,0.0,0.0,849.8164906024933,64.43830069303513,0.0,2605.2482516646382,305.4641495525837,0.0,502.7304482460022,240.5269201397896,0.0,0.0,0.0,0.0
0.0,0.0,0.0,62.0,2112.0201752185817,375.2770743966103,1521.1,0.0,0.0,0.0,1008.7894868284465,0.0,0.0,1199.932265728712,29.63082218170166,0.0,1716.601833343506,0.0,0.0,0.0,0.0,3953.7924072265614,0.0,0.0,0.0,871.7807591438293,71.810762321949,0.0,2635.4,335.5888069331646,0.0,500.5447323322296,250.0776156783104,0.0,0.0,0.0,0.0
0.0,0.0,0.0,62.0,2116.0,381.7560181617737,1521.1,0.0,0.0,0.0,1061.5070222258566,0.0,0.0,0.0,29.91073359847069,0.0,1812.1410183906555,0.0,0.0,0.0,0.0,3904.216625976562,0.0,0.0,0.0,851.4921561717987,0.0,0.0,2635.4,343.02998611330986,0.0,487.5832223892212,246.30958324670792,0.0,0.0,0.0,0.0
0.0,0.0,0.0,62.0,2070.547512769699,374.38419234752655,0.0,0.0,0.0,0.0,0.0,0.0,0.0,0.0,28.749766409397125,0.0,1809.2723669052125,0.0,0.0,0.0,0.0,3711.1161224365233,0.0,0.0,0.0,807.3931239128112,0.0,0.0,0.0,332.6064916729927,0.0,461.9695053100586,234.1717469096184,0.0,0.0,0.0,0.0
0.0,0.0,0.0,0.0,0.0,346.35150173306465,0.0,0.0,0.0,0.0,0.0,0.0,0.0,0.0,25.66203968524933,0.0,1761.7886099338532,0.0,0.0,0.0,0.0,3353.2004821777346,0.0,0.0,0.0,732.4430244922638,0.0,0.0,0.0,324.4614811241627,0.0,406.5007474422455,0.0,0.0,0.0,0.0,0.0
0.0,0.0,0.0,0.0,0.0,0.0,0.0,0.0,0.0,0.0,0.0,0.0,0.0,0.0,0.0,0.0,1640.5931100845337,0.0,0.0,0.0,0.0,2829.4954528808594,0.0,0.0,0.0,0.0,0.0,0.0,0.0,307.3518581330776,0.0,0.0,0.0,0.0,0.0,0.0,0.0
0.0,0.0,0.0,0.0,0.0,0.0,0.0,0.0,0.0,0.0,0.0,0.0,0.0,0.0,0.0,0.0,1481.85583152771,0.0,0.0,0.0,0.0,0.0,0.0,0.0,0.0,0.0,0.0,0.0,0.0,0.0,0.0,0.0,0.0,0.0,0.0,0.0,0.0
0.0,0.0,0.0,0.0,0.0,0.0,0.0,0.0,0.0,0.0,0.0,0.0,0.0,0.0,0.0,0.0,0.0,0.0,0.0,0.0,0.0,0.0,0.0,0.0,0.0,0.0,0.0,0.0,0.0,0.0,0.0,0.0,0.0,0.0,0.0,0.0,0.0
0.0,0.0,0.0,0.0,0.0,0.0,0.0,0.0,0.0,0.0,0.0,0.0,0.0,0.0,0.0,0.0,0.0,0.0,0.0,0.0,0.0,0.0,0.0,0.0,0.0,0.0,0.0,0.0,0.0,0.0,0.0,0.0,0.0,0.0,0.0,0.0,0.0
0.0,0.0,0.0,0.0,0.0,0.0,0.0,0.0,0.0,0.0,0.0,0.0,0.0,0.0,0.0,0.0,0.0,0.0,0.0,0.0,0.0,0.0,0.0,0.0,0.0,0.0,0.0,0.0,0.0,0.0,0.0,0.0,0.0,0.0,0.0,0.0,0.0
0.0,0.0,0.0,0.0,0.0,0.0,0.0,0.0,0.0,0.0,0.0,0.0,0.0,0.0,0.0,0.0,0.0,0.0,0.0,0.0,0.0,0.0,0.0,0.0,0.0,0.0,0.0,0.0,0.0,0.0,0.0,0.0,0.0,0.0,0.0,0.0,0.0
0.0,0.0,0.0,0.0,0.0,0.0,0.0,0.0,0.0,0.0,0.0,0.0,0.0,0.0,0.0,0.0,0.0,0.0,0.0,0.0,0.0,0.0,0.0,0.0,0.0,0.0,0.0,0.0,0.0,0.0,0.0,0.0,0.0,0.0,0.0,0.0,0.0
0.0,0.0,0.0,0.0,0.0,0.0,0.0,0.0,0.0,0.0,0.0,0.0,0.0,0.0,0.0,0.0,0.0,0.0,0.0,0.0,0.0,0.0,0.0,0.0,0.0,0.0,0.0,0.0,0.0,0.0,0.0,0.0,0.0,0.0,0.0,0.0,0.0
0.0,0.0,0.0,0.0,0.0,0.0,0.0,0.0,0.0,0.0,0.0,0.0,0.0,0.0,0.0,0.0,0.0,0.0,0.0,0.0,0.0,0.0,0.0,0.0,0.0,0.0,0.0,0.0,0.0,0.0,0.0,0.0,0.0,0.0,0.0,0.0,0.0
0.0,0.0,0.0,0.0,0.0,0.0,0.0,0.0,0.0,0.0,0.0,0.0,0.0,0.0,0.0,0.0,0.0,0.0,0.0,0.0,0.0,0.0,0.0,0.0,0.0,0.0,0.0,0.0,0.0,0.0,0.0,0.0,0.0,0.0,0.0,0.0,0.0
0.0,0.0,0.0,0.0,0.0,0.0,0.0,0.0,0.0,0.0,0.0,0.0,0.0,3.010328165255378,0.0,0.0,0.0,0.0,0.0,0.0,0.0,0.0,0.0,0.0,0.0,0.0,0.0,0.0,0.0,0.0,0.0,0.0,0.0,0.0,0.0,0.0,0.0
0.0,0.0,0.0,0.0,0.0,0.0,0.0,0.0,0.0,0.0,0.0,0.0,0.0,4.822227964177618,0.0,0.0,8.173523998260398,0.0,0.0,0.0,0.0,0.0,0.0,0.0,0.0,2.049319415539479,0.0,0.0,0.0,0.0,0.0,0.0,0.0,0.0,0.0,0.0,0.0
0.0,0.0,0.0,0.0,1.674836359918004,0.0,0.0,0.0,0.0,0.0,1.9281213834881277,0.0,0.0,0.312888440675915,0.0,0.0,11.402779340743834,0.0,0.0,0.0,0.0,22.17148027420015,0.0,0.0,0.0,0.0,0.9722945889458048,0.0,0.0,0.7155261598527134,0.0,1.1213751733302986,0.0,0.0,0.0,0.0,0.0
0.0,0.0,0.0,0.037121349945663,3.27905936539155,0.0,0.0,0.0,0.0,0.0,1.607216349337184,0.0,0.0,0.0,0.0,0.0,29.70679578781113,0.0,0.0,0.0,0.0,103.3427979469295,0.0,0.0,0.0,0.0,1.3180198442190882,0.0,0.0,4.834807670116404,0.0,1.2646250724792076,0.0,0.0,0.0,0.0,0.0
0.0,0.0,0.0,0.1885991133749477,82.470817029476,0.812015345320091,6.958141656592442,0.0,0.0,0.0,6.159327969513661,0.0,0.0,23.173882868140787,0.1376776479184622,0.0,16.16882977485641,0.0,0.0,0.0,0.0,577.4521423339842,0.0,0.0,0.0,10.125792369246456,3.515638533234588,0.0,14.383044014870936,7.992726384848332,0.0,4.887832060456264,0.0,0.0,0.0,0.0,0.0
0.0,0.0,0.0,0.9826386831700764,320.68114513158787,18.879902770742763,107.62672989815464,0.0,0.0,0.0,59.13377132676527,0.0,0.0,115.93033555895089,1.4450768429785952,0.0,72.39067273139942,0.0,0.0,0.0,0.0,1691.8973876953123,0.0,0.0,0.0,125.2911016702652,10.006987905502315,0.0,192.4680200979112,28.194697596132745,0.0,55.670943945646265,0.0,0.0,0.0,0.0,0.0
0.0,0.0,0.0,4.03547656536102,799.9305921792983,107.3204502388835,446.3622585773467,0.0,0.0,0.0,243.10432427451013,0.0,0.0,355.1934866607189,5.134730507433414,0.0,278.4905468344687,0.0,0.0,0.0,0.0,2648.6142517089843,0.0,0.0,0.0,460.9972074508667,22.934123912453646,0.0,802.2407281339168,92.65670282691715,0.0,234.05456507205963,0.0,0.0,0.0,0.0,0.0
0.0,0.0,0.0,10.719124108552933,1382.7815754413605,235.4295764863491,892.0650226712227,0.0,0.0,0.0,654.6758175373077,0.0,0.0,723.0813937634229,12.340695244073869,3.3566161394119263,656.7238508701324,0.0,0.0,0.0,0.0,3311.9298828125,0.0,0.0,0.0,750.576185131073,43.73647718429565,0.0,1508.119139611721,208.37201924920083,0.0,383.7214568853378,150.68813282251358,0.0,0.0,0.0,0.0
0.0,0.0,0.0,22.853956401348118,1807.9724085330963,330.37160101532936,1280.6681124806405,0.0,0.0,0.0,1318.4445807933807,0.0,0.0,1105.5701810121536,19.811628931760787,4.167719453573226,1119.4693019866943,0.0,0.0,0.0,0.0,3780.022677612305,0.0,0.0,0.0,899.9906315326692,63.33357223272324,0.0,2028.9375022888185,281.0770568847656,0.0,456.979719042778,207.3108544945717,0.0,0.0,0.0,0.0
0.0,0.0,0.0,37.12885224819183,2043.078839063644,363.7996944189072,1472.3658600151537,0.0,0.0,0.0,834.8588269382715,0.0,0.0,1255.6066796183586,24.10872201919556,5.655883371829986,1449.320832681656,0.0,0.0,0.0,0.0,3925.279162597656,0.0,0.0,0.0,903.2,74.20639706850052,0.0,2253.405282497406,330.2978291869164,0.0,466.3670951128006,226.6839005947113,0.0,0.0,0.0,0.0
0.0,0.0,0.0,46.42981159687042,2116.0,384.1678376197815,1521.1,0.0,0.0,0.0,1008.7894868284465,0.0,0.0,1341.489368379116,26.60978397130966,6.671540141105652,1666.6833261966706,0.0,0.0,0.0,0.0,3923.803796386719,0.0,0.0,0.0,903.2,78.65968075990676,0.0,2381.786110937596,351.7913616538048,0.0,464.78756964206696,236.11037355661392,0.0,0.0,0.0,0.0
0.0,0.0,0.0,51.537707686424255,2116.0,390.5787307322025,1521.1,0.0,0.0,0.0,1061.5070222258566,0.0,0.0,1362.6684199273586,27.344889056682582,7.306942701339722,1772.4628273010253,0.0,0.0,0.0,0.0,3843.460437011719,0.0,0.0,0.0,903.2,78.308981859684,0.0,2440.102048039436,353.3665765106678,0.0,453.5600571632385,234.4216241240501,0.0,0.0,0.0,0.0
0.0,0.0,0.0,54.72539865970612,2073.0547204017644,384.320545732975,1511.1442988395693,0.0,0.0,0.0,0.0,0.0,0.0,1337.0098094642162,0.0,7.38319206237793,1771.6393953800202,0.0,0.0,0.0,0.0,3663.394055175781,0.0,0.0,0.0,852.1463580608367,74.47326092720031,0.0,0.0,340.79747303128244,0.0,434.1115846633911,0.0,0.0,0.0,0.0,0.0
0.0,0.0,0.0,0.0,0.0,0.0,0.0,0.0,0.0,0.0,0.0,0.0,0.0,0.0,0.0,0.0,1732.1575630187988,0.0,0.0,0.0,0.0,0.0,0.0,0.0,0.0,0.0,65.62630228996277,0.0,0.0,333.4360515654087,0.0,0.0,0.0,0.0,0.0,0.0,0.0
0.0,0.0,0.0,0.0,0.0,0.0,0.0,0.0,0.0,0.0,0.0,0.0,0.0,0.0,0.0,0.0,1617.6507621765136,0.0,0.0,0.0,0.0,0.0,0.0,0.0,0.0,0.0,0.0,0.0,0.0,317.41721606850626,0.0,0.0,0.0,0.0,0.0,0.0,0.0
0.0,0.0,0.0,0.0,0.0,0.0,0.0,0.0,0.0,0.0,0.0,0.0,0.0,0.0,0.0,0.0,1467.7498715400695,0.0,0.0,0.0,0.0,0.0,0.0,0.0,0.0,0.0,0.0,0.0,0.0,0.0,0.0,0.0,0.0,0.0,0.0,0.0,0.0
0.0,0.0,0.0,0.0,0.0,0.0,0.0,0.0,0.0,0.0,0.0,0.0,0.0,0.0,0.0,0.0,0.0,0.0,0.0,0.0,0.0,0.0,0.0,0.0,0.0,0.0,0.0,0.0,0.0,0.0,0.0,0.0,0.0,0.0,0.0,0.0,0.0
0.0,0.0,0.0,0.0,0.0,0.0,0.0,0.0,0.0,0.0,0.0,0.0,0.0,0.0,0.0,0.0,0.0,0.0,0.0,0.0,0.0,0.0,0.0,0.0,0.0,0.0,0.0,0.0,0.0,0.0,0.0,0.0,0.0,0.0,0.0,0.0,0.0
0.0,0.0,0.0,0.0,0.0,0.0,0.0,0.0,0.0,0.0,0.0,0.0,0.0,0.0,0.0,0.0,0.0,0.0,0.0,0.0,0.0,0.0,0.0,0.0,0.0,0.0,0.0,0.0,0.0,0.0,0.0,0.0,0.0,0.0,0.0,0.0,0.0
0.0,0.0,0.0,0.0,0.0,0.0,0.0,0.0,0.0,0.0,0.0,0.0,0.0,0.0,0.0,0.0,0.0,0.0,0.0,0.0,0.0,0.0,0.0,0.0,0.0,0.0,0.0,0.0,0.0,0.0,0.0,0.0,0.0,0.0,0.0,0.0,0.0
0.0,0.0,0.0,0.0,0.0,0.0,0.0,0.0,0.0,0.0,0.0,0.0,0.0,0.0,0.0,0.0,0.0,0.0,0.0,0.0,0.0,0.0,0.0,0.0,0.0,0.0,0.0,0.0,0.0,0.0,0.0,0.0,0.0,0.0,0.0,0.0,0.0
0.0,0.0,0.0,0.0,0.0,0.0,0.0,0.0,0.0,0.0,0.0,0.0,0.0,0.0,0.0,0.0,0.0,0.0,0.0,0.0,0.0,0.0,0.0,0.0,0.0,0.0,0.0,0.0,0.0,0.0,0.0,0.0,0.0,0.0,0.0,0.0,0.0
0.0,0.0,0.0,0.0,0.0,0.0,0.0,0.0,0.0,0.0,0.0,0.0,0.0,0.0,0.0,0.0,0.0,0.0,0.0,0.0,0.0,0.0,0.0,0.0,0.0,0.0,0.0,0.0,0.0,0.0,0.0,0.0,0.0,0.0,0.0,0.0,0.0
0.0,0.0,0.0,0.0,0.0,0.0,0.0,0.0,0.0,0.0,0.0,0.0,0.0,0.0,0.0,0.0,0.0,0.0,0.0,0.0,0.0,0.0,0.0,0.0,0.0,0.0,0.0,0.0,0.0,0.0,0.0,0.0,0.0,0.0,0.0,0.0,0.0
0.0,0.0,0.0,0.0,0.0,0.0,4.374426500871723,0.0,0.0,0.0,0.0,0.0,0.0,0.0,0.0,0.0,0.0,0.0,0.0,0.0,0.0,20.568433570861536,0.0,0.0,0.0,0.0,0.0,0.0,0.0,0.0,0.0,0.0,0.0,0.0,0.0,0.0,0.0
0.0,0.0,0.0,0.0,0.0,0.0,0.0,0.0,0.0,0.0,1.912286870134976,0.0,0.0,4.453474208712509,0.0,0.0,0.0,0.0,0.0,0.0,0.0,0.0,0.0,0.0,0.0,0.0,0.0,0.0,0.0,0.0,0.0,0.0,0.0,0.0,0.0,0.0,0.0
0.0,0.0,0.0,0.0,0.0,0.0,0.0,0.0,0.0,0.0,1.9443659307434595,0.0,0.0,2.37354324199253,0.0228927947580809,0.0,0.0,0.0,0.0,0.0,0.0,0.0,0.0,0.0,0.0,0.4318752555175851,0.0,0.0,0.0,0.8149099186062452,0.0,1.2372695356607264,0.0,0.0,0.0,0.0,0.0
0.0,0.0,0.0,0.0296905897557716,3.145029574632565,0.0,0.0,0.0,0.0,0.0,1.6379529992117876,0.0,0.0,0.0,0.0193960726261122,0.0,24.667534613609234,0.0,0.0,0.0,0.0,18.900880336761464,0.0,0.0,0.0,0.0,0.0,0.0,0.0,5.2808440178632425,0.0,1.3814747929572897,0.0,0.0,0.0,0.0,0.0
0.0,0.0,0.0,0.2234026417136134,83.11596989631653,1.3801048956811328,0.0,0.0,0.0,0.0,8.255673442873881,0.0,0.0,15.919011365622191,0.3305248416960212,0.0,12.918001937866071,0.0,0.0,0.0,0.0,370.81097106933584,0.0,0.0,0.0,28.98685489594933,1.4955640524625702,0.0,9.550963585078474,8.806010806560492,0.0,8.826132312416988,3.516509765759108,0.0,0.0,0.0,0.0
0.0,0.0,0.0,2.684274971485138,323.3275930285452,24.161414861679063,0.0,0.0,0.0,0.0,75.04184921197576,0.0,0.0,75.71610623970619,2.737465316802262,0.0,55.90744836330394,0.0,0.0,0.0,0.0,1303.3282440185546,0.0,0.0,0.0,187.29842612743377,7.736393097043034,0.0,154.09004027098396,31.430666521191576,0.0,71.0772153884172,19.989332325756543,0.0,0.0,0.0,0.0
0.0,0.0,0.0,9.187087506055832,802.8076567649841,142.2980266660452,0.0,0.0,0.0,0.0,345.8320609390734,0.0,0.0,246.2793225049972,9.141152912378312,0.0,245.57471991777405,0.0,0.0,0.0,0.0,2410.608782958984,0.0,0.0,0.0,579.3571983814239,22.484700953960417,0.0,930.8413144052028,101.39520425796508,0.0,261.477577984333,76.56823423504828,0.0,0.0,0.0,0.0
0.0,0.0,0.0,21.793933391571045,1397.0024964809418,271.8983391225338,0.0,0.0,0.0,0.0,941.313680654764,0.0,0.0,566.8164318054914,18.80898942947388,0.0,604.0625113606452,0.0,0.0,0.0,0.0,3228.363641357422,0.0,0.0,0.0,836.0932170391084,46.93797136545181,0.0,1782.6774108409882,217.4253164589405,0.0,410.7712432146072,157.8550227880478,0.0,0.0,0.0,0.0
0.0,0.0,0.0,41.411120891571045,1837.644332408905,365.8823052048683,0.0,0.0,0.0,0.0,1318.4445807933807,0.0,0.0,990.6869438290596,26.456784921884537,0.0,1064.874834084511,0.0,0.0,0.0,0.0,3795.239700317383,0.0,0.0,0.0,903.2,66.39405169487,0.0,2345.6273867487907,288.4512480199337,0.0,494.8402125835418,217.45232766866684,0.0,0.0,0.0,0.0
0.0,0.0,0.0,58.37065386772155,2089.35466003418,395.7975797355175,0.0,0.0,0.0,0.0,834.8588269382715,0.0,0.0,1189.2039401829245,0.0,0.0,1410.4092005729676,0.0,0.0,0.0,0.0,4022.350762939453,0.0,0.0,0.0,903.2,76.69414324760437,0.0,2578.0870319843293,336.7694741547108,0.0,503.78595304489136,242.2033922672272,0.0,0.0,0.0,0.0
0.0,0.0,0.0,62.0,2116.0,412.58969706296926,0.0,0.0,0.0,0.0,1008.7894868284465,0.0,0.0,1303.29662412405,32.20147651433945,0.0,1640.3124225139618,0.0,0.0,0.0,0.0,4090.305337524414,0.0,0.0,0.0,903.2,81.18165631294251,0.0,2635.4,355.91781585216523,0.0,498.1080936193466,252.29566890001297,0.0,0.0,0.0,0.0
0.0,0.0,0.0,62.0,2116.0,415.52532291412354,0.0,0.0,0.0,0.0,1061.5070222258566,0.0,0.0,1358.5302838683128,31.47427546977997,0.0,1754.405055975914,0.0,0.0,0.0,0.0,4007.754360961914,0.0,0.0,0.0,903.2,80.6103043794632,0.0,2635.4,355.22070906162264,0.0,476.1278233528137,248.8450475931168,0.0,0.0,0.0,0.0
0.0,0.0,0.0,0.0,0.0,405.6125224530696,0.0,0.0,0.0,0.0,0.0,0.0,0.0,0.0,29.51812788248062,0.0,1754.7138123035431,0.0,0.0,0.0,0.0,0.0,0.0,0.0,0.0,0.0,0.0,0.0,0.0,340.6514536201954,0.0,447.9705033302307,0.0,0.0,0.0,0.0,0.0
0.0,0.0,0.0,0.0,0.0,0.0,0.0,0.0,0.0,0.0,0.0,0.0,0.0,0.0,0.0,0.0,1718.824290561676,0.0,0.0,0.0,0.0,0.0,0.0,0.0,0.0,0.0,0.0,0.0,2530.4545613646505,332.2392172396183,0.0,0.0,0.0,0.0,0.0,0.0,0.0
0.0,0.0,0.0,0.0,0.0,0.0,0.0,0.0,0.0,0.0,0.0,0.0,0.0,0.0,0.0,0.0,1608.5037793636322,0.0,0.0,0.0,0.0,0.0,0.0,0.0,0.0,0.0,0.0,0.0,0.0,316.57739357948304,0.0,0.0,0.0,0.0,0.0,0.0,0.0
0.0,0.0,0.0,0.0,0.0,0.0,0.0,0.0,0.0,0.0,0.0,0.0,0.0,0.0,0.0,0.0,1465.8897341728211,0.0,0.0,0.0,0.0,0.0,0.0,0.0,0.0,0.0,0.0,0.0,0.0,0.0,0.0,0.0,0.0,0.0,0.0,0.0,0.0
0.0,0.0,0.0,0.0,0.0,0.0,0.0,0.0,0.0,0.0,0.0,0.0,0.0,0.0,0.0,0.0,0.0,0.0,0.0,0.0,0.0,0.0,0.0,0.0,0.0,0.0,0.0,0.0,0.0,0.0,0.0,0.0,0.0,0.0,0.0,0.0,0.0
0.0,0.0,0.0,0.0,0.0,0.0,0.0,0.0,0.0,0.0,0.0,0.0,0.0,0.0,0.0,0.0,0.0,0.0,0.0,0.0,0.0,0.0,0.0,0.0,0.0,0.0,0.0,0.0,0.0,0.0,0.0,0.0,0.0,0.0,0.0,0.0,0.0
0.0,0.0,0.0,0.0,0.0,0.0,0.0,0.0,0.0,0.0,0.0,0.0,0.0,0.0,0.0,0.0,0.0,0.0,0.0,0.0,0.0,0.0,0.0,0.0,0.0,0.0,0.0,0.0,0.0,0.0,0.0,0.0,0.0,0.0,0.0,0.0,0.0
0.0,0.0,0.0,0.0,0.0,0.0,0.0,0.0,0.0,0.0,0.0,0.0,0.0,0.0,0.0,0.0,0.0,0.0,0.0,0.0,0.0,0.0,0.0,0.0,0.0,0.0,0.0,0.0,0.0,0.0,0.0,0.0,0.0,0.0,0.0,0.0,0.0
0.0,0.0,0.0,0.0,0.0,0.0,0.0,0.0,0.0,0.0,0.0,0.0,0.0,0.0,0.0,0.0,0.0,0.0,0.0,0.0,0.0,0.0,0.0,0.0,0.0,0.0,0.0,0.0,0.0,0.0,0.0,0.0,0.0,0.0,0.0,0.0,0.0
0.0,0.0,0.0,0.0,0.0,0.0,0.0,0.0,0.0,0.0,0.0,0.0,0.0,0.0,0.0,0.0,0.0,0.0,0.0,0.0,0.0,0.0,0.0,0.0,0.0,0.0,0.0,0.0,0.0,0.0,0.0,0.0,0.0,0.0,0.0,0.0,0.0
0.0,0.0,0.0,0.0,0.0,0.0,0.0,0.0,0.0,0.0,0.0,0.0,0.0,0.0,0.0,0.0,0.0,0.0,0.0,0.0,0.0,0.0,0.0,0.0,0.0,0.0,0.0,0.0,0.0,0.0,0.0,0.0,0.0,0.0,0.0,0.0,0.0
0.0,0.0,0.0,0.0,0.0,0.0,0.0,0.0,0.0,0.0,0.0,0.0,0.0,0.0,0.0,0.0,0.0,0.0,0.0,0.0,0.0,0.0,0.0,0.0,0.0,0.0,0.0,0.0,0.0,0.0,0.0,0.0,0.0,0.0,0.0,0.0,0.0
0.0,0.0,0.0,0.0,0.0,0.0,0.0,0.0,0.0,0.0,0.0,0.0,0.0,0.0,0.0,0.0,0.0,0.0,0.0,0.0,0.0,21.82675228118874,0.0,0.0,0.0,0.0,0.0,0.0,0.0,0.0,0.0,0.0,0.0,0.0,0.0,0.0,0.0
0.0,0.0,0.0,0.0,1.1338062658905554,0.0,0.0,0.0,0.0,0.0,0.0,0.0,0.0,2.6106329634784777,0.0,0.0,0.0,0.0,0.0,0.0,0.0,24.029938888549687,0.0,0.0,0.0,0.0,0.0,0.0,0.0,0.0,0.0,0.0,0.0,0.0,0.0,0.0,0.0
0.0,0.0,0.0,0.0,1.8516515530644195,0.0,3.211329690366924,0.0,0.0,0.0,1.834947271458623,0.0,0.0,0.0,0.0601048640906777,0.0,0.0,0.0,0.0,0.0,0.0,19.08765220642076,0.0,0.0,0.0,0.0,0.0,0.0,0.0,0.6903089918195959,0.0,0.0,0.0,0.0,0.0,0.0,0.0
0.0,0.0,0.0,0.0,3.1660035066305108,0.0,6.238168201595462,0.0,0.0,0.0,1.5675797387956518,0.0,0.0,0.0,0.0478685595095147,0.0,36.31465922594056,0.0,0.0,0.0,0.0,0.0,0.0,0.0,0.0,0.0,0.0,0.0,0.0,3.6599980950355264,0.0,1.2446163743733816,0.0,0.0,0.0,0.0,0.0
0.0,0.0,0.0,0.0,55.38153047859652,0.9973037564195372,40.883150099217794,0.0,0.0,0.0,11.121640895865829,0.0,0.0,16.67396985227239,0.3969120897352669,0.1104926206171501,21.10163804292661,0.0,0.0,0.0,0.0,239.92297630310028,0.0,0.0,0.0,7.853561916947339,0.0,0.0,36.59150495678169,6.305744704604144,0.0,4.200606614351243,3.154965614899971,0.0,0.0,0.0,0.0
0.0,0.0,0.0,4.7088175714015925,259.8757790923117,18.44524486176667,187.60797962397336,0.0,0.0,0.0,78.13773867264368,0.0,0.0,88.13169801607717,3.3790224283933608,0.4767434075474733,85.6650498270987,0.0,0.0,0.0,0.0,922.74256439209,0.0,0.0,0.0,104.24154217243192,1.0998360281810091,0.0,393.6366203010082,21.963306926935903,0.0,43.437093973159776,16.207681123167255,0.0,0.0,0.0,0.0
0.0,0.0,0.0,14.305970281362534,683.5364512205123,120.28088600933548,466.73432785868647,0.0,0.0,0.0,359.58153388798235,0.0,0.0,293.96526098251337,0.0,1.0663494914770126,308.1622873187064,0.0,0.0,0.0,0.0,2012.2604492187495,0.0,0.0,0.0,395.459712266922,6.841187123954288,0.0,1320.0359676241874,72.79171323031186,0.0,204.31190669536588,62.79008531570434,0.0,0.0,0.0,0.0
0.0,0.0,0.0,31.97282612323761,1286.0845086574554,259.1474511921406,815.9501658856868,0.0,0.0,0.0,945.3651461780072,0.0,0.0,637.7851784229277,0.0,1.9708676487207408,714.4091914653778,0.0,0.0,0.0,0.0,2814.8390258789063,0.0,0.0,0.0,703.3142439365387,19.80567883253097,0.0,2127.123227739334,0.0,0.0,373.3957666158676,143.80870294570923,0.0,0.0,0.0,0.0
0.0,0.0,0.0,53.66591703891754,1740.619849205017,0.0,1169.4694910109042,0.0,0.0,0.0,1318.4445807933807,0.0,0.0,1053.7300823628902,0.0,2.907123893499373,1198.6634001731873,0.0,0.0,0.0,0.0,3390.7606658935547,0.0,0.0,0.0,877.1419091701507,42.4279060125351,0.0,2603.602188539505,270.3564626157284,0.0,470.1873435974121,204.4483388066292,0.0,0.0,0.0,0.0
0.0,0.0,0.0,62.0,2008.0919477939608,0.0,1369.521621096134,0.0,0.0,0.0,834.8588269382715,0.0,0.0,1233.013682216406,0.0,4.237047374248505,1535.7708884239196,0.0,0.0,0.0,0.0,3653.042590332031,0.0,0.0,0.0,903.2,56.82739822864532,0.0,2635.4,327.6788988828659,0.0,481.4024767875672,230.6732912659645,0.0,0.0,0.0,0.0
0.0,0.0,0.0,62.0,2116.0,0.0,1486.495488524437,0.0,0.0,0.0,1008.7894868284465,0.0,0.0,1340.107197612524,0.0,5.369262129068374,1761.2702572107314,0.0,0.0,0.0,0.0,3765.901043701172,0.0,0.0,0.0,903.2,64.82730863094329,0.0,0.0,349.76552976965905,0.0,484.573942899704,242.0552263259888,0.0,0.0,0.0,0.0
0.0,0.0,0.0,0.0,0.0,0.0,1521.1,0.0,0.0,0.0,0.0,0.0,0.0,0.0,0.0,5.965227395296096,1830.9945205926892,0.0,0.0,0.0,0.0,3760.862744140625,0.0,0.0,0.0,891.6390058040619,66.8082165837288,0.0,0.0,350.17101948857305,0.0,479.28317844867706,0.0,0.0,0.0,0.0,0.0
0.0,0.0,0.0,0.0,0.0,0.0,0.0,0.0,0.0,0.0,0.0,0.0,0.0,0.0,0.0,0.0,1817.270859527588,0.0,0.0,0.0,0.0,3613.4516052246095,0.0,0.0,0.0,0.0,0.0,0.0,0.0,335.454362231493,0.0,0.0,0.0,0.0,0.0,0.0,0.0
0.0,0.0,0.0,0.0,0.0,0.0,0.0,0.0,0.0,0.0,0.0,0.0,0.0,0.0,0.0,0.0,1763.268164372444,0.0,0.0,0.0,0.0,0.0,0.0,0.0,0.0,0.0,56.95787137746811,0.0,0.0,326.6937599003315,0.0,0.0,0.0,0.0,0.0,0.0,0.0
0.0,0.0,0.0,0.0,0.0,0.0,0.0,0.0,0.0,0.0,0.0,0.0,0.0,0.0,0.0,0.0,1644.0579468727112,0.0,0.0,0.0,0.0,0.0,0.0,0.0,0.0,0.0,0.0,0.0,0.0,0.0,0.0,0.0,0.0,0.0,0.0,0.0,0.0
0.0,0.0,0.0,0.0,0.0,0.0,0.0,0.0,0.0,0.0,0.0,0.0,0.0,0.0,0.0,0.0,0.0,0.0,0.0,0.0,0.0,0.0,0.0,0.0,0.0,0.0,0.0,0.0,0.0,0.0,0.0,0.0,0.0,0.0,0.0,0.0,0.0
0.0,0.0,0.0,0.0,0.0,0.0,0.0,0.0,0.0,0.0,0.0,0.0,0.0,0.0,0.0,0.0,0.0,0.0,0.0,0.0,0.0,0.0,0.0,0.0,0.0,0.0,0.0,0.0,0.0,0.0,0.0,0.0,0.0,0.0,0.0,0.0,0.0
0.0,0.0,0.0,0.0,0.0,0.0,0.0,0.0,0.0,0.0,0.0,0.0,0.0,0.0,0.0,0.0,0.0,0.0,0.0,0.0,0.0,0.0,0.0,0.0,0.0,0.0,0.0,0.0,0.0,0.0,0.0,0.0,0.0,0.0,0.0,0.0,0.0
0.0,0.0,0.0,0.0,0.0,0.0,0.0,0.0,0.0,0.0,0.0,0.0,0.0,0.0,0.0,0.0,0.0,0.0,0.0,0.0,0.0,0.0,0.0,0.0,0.0,0.0,0.0,0.0,0.0,0.0,0.0,0.0,0.0,0.0,0.0,0.0,0.0
0.0,0.0,0.0,0.0,0.0,0.0,0.0,0.0,0.0,0.0,0.0,0.0,0.0,0.0,0.0,0.0,0.0,0.0,0.0,0.0,0.0,0.0,0.0,0.0,0.0,0.0,0.0,0.0,0.0,0.0,0.0,0.0,0.0,0.0,0.0,0.0,0.0
0.0,0.0,0.0,0.0,0.0,0.0,0.0,0.0,0.0,0.0,0.0,0.0,0.0,0.0,0.0,0.0,0.0,0.0,0.0,0.0,0.0,0.0,0.0,0.0,0.0,0.0,0.0,0.0,0.0,0.0,0.0,0.0,0.0,0.0,0.0,0.0,0.0
0.0,0.0,0.0,0.0,0.0,0.0,0.0,0.0,0.0,0.0,0.0,0.0,0.0,0.0,0.0,0.0,0.0,0.0,0.0,0.0,0.0,0.0,0.0,0.0,0.0,0.0,0.0,0.0,0.0,0.0,0.0,0.0,0.0,0.0,0.0,0.0,0.0
0.0,0.0,0.0,0.0,0.0,0.0,0.0,0.0,0.0,0.0,0.0,0.0,0.0,0.0,0.0,0.0,0.0,0.0,0.0,0.0,0.0,0.0,0.0,0.0,0.0,0.0,0.0,0.0,0.0,0.0,0.0,0.0,0.0,0.0,0.0,0.0,0.0
0.0,0.0,0.0,0.0,0.0,0.0,0.0,0.0,0.0,0.0,0.0,0.0,0.0,0.0,0.0,0.0,0.0,0.0,0.0,0.0,0.0,0.0,0.0,0.0,0.0,0.0,0.0,0.0,0.0,0.0,0.0,0.0,0.0,0.0,0.0,0.0,0.0
0.0,0.0,0.0,0.0,1.142175737768386,0.0,4.915478984638932,0.0,0.0,0.0,0.0,0.0,0.0,0.0,0.0,0.0,0.0,0.0,0.0,0.0,0.0,0.0,0.0,0.0,0.0,0.0,0.0,0.0,0.1268634155392646,0.4037002079188471,0.0,0.0,0.0,0.0,0.0,0.0,0.0
0.0,0.0,0.0,0.0349234584718906,1.357229977845986,0.0,6.23203700631854,0.0,0.0,0.0,0.0,0.0,0.0,2.569138705730327,0.0995654426515093,0.0,10.302888548374131,0.0,0.0,0.0,0.0,0.0,0.0,0.0,0.0,0.0,0.4021269176155301,0.0,0.0,0.0,0.0,1.0794515460729197,0.0,0.0,0.0,0.0,0.0
0.0,0.0,0.0,0.0334357935935218,2.0356676056980074,0.0,5.488660744950029,0.0,0.0,0.0,1.8586338810621972,0.0,0.0,0.0,0.0693533554673193,0.0,14.115949523448842,0.0,0.0,0.0,0.0,11.907319927215276,0.0,0.0,0.0,0.6284706922247979,0.1507805604487656,0.0,0.0,0.7023757435381067,0.0,1.122379869222626,0.0,0.0,0.0,0.0,0.0
0.0,0.0,0.0,0.0307771209627346,3.5700773522256712,0.0,3.0007157661020654,0.0,0.0,0.0,1.5787788559680638,0.0,0.0,0.0,0.040150456130504,0.0,38.55954693555822,0.0,0.0,0.0,0.0,80.82072467803911,0.0,0.0,0.0,2.857918579503865,0.0,0.0,0.0,6.748128809779854,0.0,1.210582301020603,0.0,0.0,0.0,0.0,0.0
0.0,0.0,0.0,0.2569093424826806,88.95783367753023,0.998599915765204,31.891160072199945,0.0,0.0,0.0,11.803624750906492,0.0,0.0,29.28304169327018,0.5953600276261549,0.0,25.930567395687,0.0,0.0,0.0,0.0,586.9772445678711,0.0,0.0,0.0,48.12050378620621,0.616125987097613,0.0,24.32341407835469,10.604485465213656,0.0,8.496569633483828,0.0,0.0,0.0,0.0,0.0
0.0,0.0,0.0,3.2033926397562005,341.0258000493048,17.084042185917472,188.19822899997223,0.0,0.0,0.0,81.3813590042293,0.0,0.0,123.19778280332676,3.6505943812429895,0.0,97.6025451183319,0.0,0.0,0.0,0.0,1769.3131011962892,0.0,0.0,0.0,262.2774348974228,4.907893295586107,0.0,279.4324496567249,34.85488848835227,0.0,62.16127941012377,22.17700009047985,0.0,0.0,0.0,0.0
0.0,0.0,0.0,10.734258055686947,841.2522218227386,106.73337696492668,585.1081477642059,0.0,0.0,0.0,357.84171871989963,0.0,0.0,347.34073821455235,11.473892059922218,1.6154883950948704,315.16887419223787,0.0,0.0,0.0,0.0,2733.6319580078125,0.0,0.0,0.0,648.2455940246582,16.20832849740982,0.0,1149.742184209823,104.96950498521328,0.0,242.74269074201584,80.369710534811,0.0,0.0,0.0,0.0
0.0,0.0,0.0,24.943087816238403,1416.8168654441831,244.09588167071345,1052.2265309751033,0.0,0.0,0.0,952.0259106457232,0.0,0.0,715.2322188764809,21.7024688065052,2.255584865808486,707.819407248497,0.0,0.0,0.0,0.0,3392.5041076660154,0.0,0.0,0.0,869.5340127944946,40.08480352163315,0.0,1824.676446795464,221.553785687685,0.0,402.4761151075363,157.50685727596283,0.0,0.0,0.0,0.0
0.0,0.0,0.0,44.75286567211151,1849.017638683319,340.2219662666321,1411.5151181936264,0.0,0.0,0.0,1318.4445807933807,0.0,0.0,1103.301312327385,28.30966740846634,2.8953452408313742,1173.406911945343,0.0,0.0,0.0,0.0,3826.0602416992183,0.0,0.0,0.0,903.2,60.82018914222717,0.0,2313.915499186516,291.761169731617,0.0,481.0082054138184,214.6643315553665,0.0,0.0,0.0,0.0
0.0,0.0,0.0,61.50512981414796,2094.885550737381,372.2867844700813,1521.1,0.0,0.0,0.0,834.8588269382715,0.0,0.0,1277.6108819246292,31.62127849459648,3.981644093990325,1502.3425921916962,0.0,0.0,0.0,0.0,3985.033123779297,0.0,0.0,0.0,903.2,71.9441737651825,0.0,2566.13214313984,339.3549455821514,0.0,494.6333887577057,236.7992823123932,0.0,0.0,0.0,0.0
0.0,0.0,0.0,62.0,2116.0,391.1693369448185,1521.1,0.0,0.0,0.0,1008.7894868284465,0.0,0.0,1388.5085763037205,32.68181540966034,4.896424502134322,1722.0148134708404,0.0,0.0,0.0,0.0,4014.596942138672,0.0,0.0,0.0,903.2,76.63533638715744,0.0,2635.4,356.5372502505779,0.0,492.5494700670242,247.00750350952148,0.0,0.0,0.0,0.0
0.0,0.0,0.0,62.0,2116.0,395.9052046239376,1521.1,0.0,0.0,0.0,0.0,0.0,0.0,0.0,32.222655075788495,5.461369782686233,1817.6469073295596,0.0,0.0,0.0,0.0,3961.293634033203,0.0,0.0,0.0,903.2,76.55995333194733,0.0,2635.4,355.12998583316806,0.0,476.295033454895,243.79624599218369,0.0,0.0,0.0,0.0
0.0,0.0,0.0,62.0,0.0,386.88533943891525,1521.1,0.0,0.0,0.0,0.0,0.0,0.0,0.0,30.44077715277672,5.626758307218551,1806.6309620380405,0.0,0.0,0.0,0.0,3773.940051269531,0.0,0.0,0.0,0.0,0.0,0.0,0.0,339.244610953331,0.0,450.9250268936157,0.0,0.0,0.0,0.0,0.0
0.0,0.0,0.0,0.0,0.0,0.0,0.0,0.0,0.0,0.0,0.0,0.0,0.0,0.0,0.0,0.0,1753.479277276993,0.0,0.0,0.0,0.0,0.0,0.0,0.0,0.0,0.0,0.0,0.0,2536.801777005196,329.99402821063995,0.0,393.7608805894852,0.0,0.0,0.0,0.0,0.0
0.0,0.0,0.0,0.0,0.0,0.0,0.0,0.0,0.0,0.0,0.0,0.0,0.0,0.0,0.0,0.0,1625.828085875511,0.0,0.0,0.0,0.0,0.0,0.0,0.0,0.0,0.0,0.0,0.0,0.0,313.7559292912483,0.0,0.0,0.0,0.0,0.0,0.0,0.0
0.0,0.0,0.0,0.0,0.0,0.0,0.0,0.0,0.0,0.0,0.0,0.0,0.0,0.0,0.0,0.0,1465.5841646909714,0.0,0.0,0.0,0.0,0.0,0.0,0.0,0.0,0.0,0.0,0.0,0.0,0.0,0.0,0.0,0.0,0.0,0.0,0.0,0.0
0.0,0.0,0.0,0.0,0.0,0.0,0.0,0.0,0.0,0.0,0.0,0.0,0.0,0.0,0.0,0.0,0.0,0.0,0.0,0.0,0.0,0.0,0.0,0.0,0.0,0.0,0.0,0.0,0.0,0.0,0.0,0.0,0.0,0.0,0.0,0.0,0.0
0.0,0.0,0.0,0.0,0.0,0.0,0.0,0.0,0.0,0.0,0.0,0.0,0.0,0.0,0.0,0.0,0.0,0.0,0.0,0.0,0.0,0.0,0.0,0.0,0.0,0.0,0.0,0.0,0.0,0.0,0.0,0.0,0.0,0.0,0.0,0.0,0.0
0.0,0.0,0.0,0.0,0.0,0.0,0.0,0.0,0.0,0.0,0.0,0.0,0.0,0.0,0.0,0.0,0.0,0.0,0.0,0.0,0.0,0.0,0.0,0.0,0.0,0.0,0.0,0.0,0.0,0.0,0.0,0.0,0.0,0.0,0.0,0.0,0.0
0.0,0.0,0.0,0.0,0.0,0.0,0.0,0.0,0.0,0.0,0.0,0.0,0.0,0.0,0.0,0.0,0.0,0.0,0.0,0.0,0.0,0.0,0.0,0.0,0.0,0.0,0.0,0.0,0.0,0.0,0.0,0.0,0.0,0.0,0.0,0.0,0.0
0.0,0.0,0.0,0.0,0.0,0.0,0.0,0.0,0.0,0.0,0.0,0.0,0.0,0.0,0.0,0.0,0.0,0.0,0.0,0.0,0.0,0.0,0.0,0.0,0.0,0.0,0.0,0.0,0.0,0.0,0.0,0.0,0.0,0.0,0.0,0.0,0.0
0.0,0.0,0.0,0.0,0.0,0.0,0.0,0.0,0.0,0.0,0.0,0.0,0.0,0.0,0.0,0.0,0.0,0.0,0.0,0.0,0.0,0.0,0.0,0.0,0.0,0.0,0.0,0.0,0.0,0.0,0.0,0.0,0.0,0.0,0.0,0.0,0.0
0.0,0.0,0.0,0.0,0.0,0.0,0.0,0.0,0.0,0.0,0.0,0.0,0.0,0.0,0.0,0.0,0.0,0.0,0.0,0.0,0.0,0.0,0.0,0.0,0.0,0.0,0.0,0.0,0.0,0.0,0.0,0.0,0.0,0.0,0.0,0.0,0.0
0.0,0.0,0.0,0.0,0.0,0.0,0.0,0.0,0.0,0.0,0.0,0.0,0.0,0.0,0.0,0.0,0.0,0.0,0.0,0.0,0.0,0.0,0.0,0.0,0.0,0.0,0.0,0.0,0.0,0.0,0.0,0.0,0.0,0.0,0.0,0.0,0.0
0.0,0.0,0.0,0.0,0.0,0.0,0.0,0.0,0.0,0.0,0.0,0.0,0.0,0.0,0.0,0.0,0.0,0.0,0.0,0.0,0.0,0.0,0.0,0.0,0.0,0.0,0.0,0.0,0.0,0.0,0.0,0.0,0.0,0.0,0.0,0.0,0.0
0.0,0.0,0.0,0.0,0.0,0.1545248986221463,0.0,0.0,0.0,0.0,0.0,0.0,0.0,0.0,0.0764738962054236,0.0,9.130251872539397,0.0,0.0,0.0,0.0,0.0,0.0,0.0,0.0,0.0,0.0,0.0,0.0,0.0,0.0,1.1603744179009992,0.0,0.0,0.0,0.0,0.0
0.0,0.0,0.0,0.0,0.0,0.1090487092733101,0.0,0.0,0.0,0.0,1.9195180881766567,0.0,0.0,0.0,0.0654418699443334,0.0,12.398975074291071,0.0,0.0,0.0,0.0,0.0,0.0,0.0,0.0,0.0,0.0,0.0,0.0,0.0,0.0,1.3085625767707627,0.0,0.0,0.0,0.0,0.0
0.0,0.0,0.0,0.0248484034091202,3.2381106354295137,0.0,4.183107142150301,0.0,0.0,0.0,1.7265817741863,0.0,0.0,0.0,0.0750876031815986,0.0,31.4113905668258,0.0,0.0,0.0,0.0,17.008462429046318,0.0,0.0,0.0,0.0,0.0,0.0,0.0,1.8038973748683735,0.0,1.6145059317350363,0.0,0.0,0.0,0.0,0.0
0.0,0.0,0.0,0.0,30.16904528066516,0.8647906957193845,39.56436229441303,0.0,0.0,0.0,14.008014687243678,0.0,0.0,19.07269445247944,0.4597998697310674,0.0556083032861342,16.612230336666,0.0,0.0,0.0,0.0,299.34282760620107,0.0,0.0,0.0,7.052401644736498,0.2534944728016759,0.0,28.47915797382569,1.3363400340080147,0.0,4.663304954767221,0.0,0.0,0.0,0.0,0.0
0.0,0.0,0.0,0.0,162.17803326249123,15.064932812005276,168.4289208129048,0.0,0.0,0.0,82.3086501441895,0.0,0.0,96.65718605741849,3.068527572602034,0.580543316900729,68.45546976327886,0.0,0.0,0.0,0.0,1038.983808135986,0.0,0.0,0.0,42.01234384179112,3.0865604832768425,0.0,269.66628362089386,0.0,0.0,53.86496271193024,0.0,0.0,0.0,0.0,0.0
0.0,0.0,0.0,0.0,444.1811115741728,98.43114410340786,387.0610658645629,0.0,0.0,0.0,360.8908621966839,0.0,0.0,312.97568559646606,0.0,0.0,263.52499648332576,0.0,0.0,0.0,0.0,2111.988360595703,0.0,0.0,0.0,118.03820618391038,8.664531965553758,0.0,869.581973272562,0.0,0.0,230.17301219701767,0.0,0.0,0.0,0.0,0.0
0.0,0.0,0.0,0.0,886.8228236436844,234.61445900797844,645.1019275486469,0.0,0.0,0.0,918.4008082032202,0.0,0.0,672.808972299099,20.4911086499691,0.0,625.8819251298904,0.0,0.0,0.0,0.0,2883.0277252197266,0.0,0.0,0.0,254.5768617153167,18.2408439040184,0.0,1522.869147002697,129.7154253602028,0.0,383.3766309022904,0.0,0.0,0.0,0.0,0.0
0.0,0.0,0.0,44.33693480491638,1320.455539226532,329.46746146678925,916.3081994533538,0.0,0.0,0.0,1572.8680445671082,0.0,0.0,1084.8194102942944,26.31420464515686,0.0,1085.5570954799653,0.0,0.0,0.0,0.0,3442.0524566650392,0.0,0.0,0.0,441.2453385829925,34.40043300390243,0.0,1973.3898226976396,227.09059714078904,0.0,439.59033489227295,0.0,0.0,0.0,0.0,0.0
0.0,0.0,0.0,58.70088267326355,1584.0252528190613,363.1164733171463,1060.7918901085854,0.0,0.0,0.0,834.8588269382715,0.0,0.0,1248.8390412926674,29.627288585901265,0.0,1423.846413230896,0.0,0.0,0.0,0.0,3667.7106964111326,0.0,0.0,0.0,546.0242339611053,46.092643964290616,0.0,2176.377256679535,298.9212756037712,0.0,472.2616459131241,0.0,0.0,0.0,0.0,0.0
0.0,0.0,0.0,62.0,1763.5845291614532,384.300053358078,1180.5030132353306,0.0,0.0,0.0,1008.7894868284465,0.0,0.0,1349.366039186716,30.483634293079376,0.0,1651.3373154878616,0.0,0.0,0.0,0.0,3769.460446166992,0.0,0.0,0.0,621.6454394340515,54.56077919006348,0.0,2318.935214161873,332.5209700345993,0.0,482.75404393672943,0.0,0.0,0.0,0.0,0.0
0.0,0.0,0.0,62.0,1874.8005466461184,391.9023784697056,1298.9839080631732,0.0,0.0,0.0,0.0,0.0,0.0,0.0,29.925941240787505,0.0,1762.692448425293,0.0,0.0,0.0,0.0,3769.160049438477,0.0,0.0,0.0,655.0948487758636,59.243372762203215,0.0,0.0,340.94300040006635,0.0,476.8477597236633,0.0,0.0,0.0,0.0,0.0
0.0,0.0,0.0,62.0,0.0,385.60081350803375,0.0,0.0,0.0,0.0,0.0,0.0,0.0,0.0,28.52181914448738,0.0,1761.2378984689713,0.0,0.0,0.0,0.0,0.0,0.0,0.0,0.0,0.0,0.0,0.0,0.0,329.12531580924986,0.0,0.0,0.0,0.0,0.0,0.0,0.0
0.0,0.0,0.0,0.0,0.0,0.0,0.0,0.0,0.0,0.0,0.0,0.0,0.0,0.0,25.559770435094837,0.0,1709.7214333057404,0.0,0.0,0.0,0.0,0.0,0.0,0.0,0.0,0.0,0.0,0.0,0.0,317.91633440852166,0.0,401.3772648572922,0.0,0.0,0.0,0.0,0.0
0.0,0.0,0.0,0.0,0.0,0.0,0.0,0.0,0.0,0.0,0.0,0.0,0.0,0.0,0.0,0.0,1586.7675300121307,0.0,0.0,0.0,0.0,0.0,0.0,0.0,0.0,0.0,0.0,0.0,0.0,0.0,0.0,0.0,0.0,0.0,0.0,0.0,0.0
0.0,0.0,0.0,0.0,0.0,0.0,0.0,0.0,0.0,0.0,0.0,0.0,0.0,0.0,0.0,0.0,0.0,0.0,0.0,0.0,0.0,0.0,0.0,0.0,0.0,0.0,0.0,0.0,0.0,0.0,0.0,0.0,0.0,0.0,0.0,0.0,0.0
0.0,0.0,0.0,0.0,0.0,0.0,0.0,0.0,0.0,0.0,0.0,0.0,0.0,0.0,0.0,0.0,0.0,0.0,0.0,0.0,0.0,0.0,0.0,0.0,0.0,0.0,0.0,0.0,0.0,0.0,0.0,0.0,0.0,0.0,0.0,0.0,0.0
0.0,0.0,0.0,0.0,0.0,0.0,0.0,0.0,0.0,0.0,0.0,0.0,0.0,0.0,0.0,0.0,0.0,0.0,0.0,0.0,0.0,0.0,0.0,0.0,0.0,0.0,0.0,0.0,0.0,0.0,0.0,0.0,0.0,0.0,0.0,0.0,0.0
0.0,0.0,0.0,0.0,0.0,0.0,0.0,0.0,0.0,0.0,0.0,0.0,0.0,0.0,0.0,0.0,0.0,0.0,0.0,0.0,0.0,0.0,0.0,0.0,0.0,0.0,0.0,0.0,0.0,0.0,0.0,0.0,0.0,0.0,0.0,0.0,0.0
0.0,0.0,0.0,0.0,0.0,0.0,0.0,0.0,0.0,0.0,0.0,0.0,0.0,0.0,0.0,0.0,0.0,0.0,0.0,0.0,0.0,0.0,0.0,0.0,0.0,0.0,0.0,0.0,0.0,0.0,0.0,0.0,0.0,0.0,0.0,0.0,0.0
0.0,0.0,0.0,0.0,0.0,0.0,0.0,0.0,0.0,0.0,0.0,0.0,0.0,0.0,0.0,0.0,0.0,0.0,0.0,0.0,0.0,0.0,0.0,0.0,0.0,0.0,0.0,0.0,0.0,0.0,0.0,0.0,0.0,0.0,0.0,0.0,0.0
0.0,0.0,0.0,0.0,0.0,0.0,0.0,0.0,0.0,0.0,0.0,0.0,0.0,0.0,0.0,0.0,0.0,0.0,0.0,0.0,0.0,0.0,0.0,0.0,0.0,0.0,0.0,0.0,0.0,0.0,0.0,0.0,0.0,0.0,0.0,0.0,0.0
0.0,0.0,0.0,0.0,0.0,0.0,0.0,0.0,0.0,0.0,0.0,0.0,0.0,0.0,0.0,0.0,0.0,0.0,0.0,0.0,0.0,0.0,0.0,0.0,0.0,0.0,0.0,0.0,0.0,0.0,0.0,0.0,0.0,0.0,0.0,0.0,0.0
0.0,0.0,0.0,0.0,0.0,0.0,0.0,0.0,0.0,0.0,0.0,0.0,0.0,0.0,0.0,0.0,0.0,0.0,0.0,0.0,0.0,0.0,0.0,0.0,0.0,0.0,0.0,0.0,0.0,0.0,0.0,0.0,0.0,0.0,0.0,0.0,0.0
0.0,0.0,0.0,0.0,0.0,0.0,0.0,0.0,0.0,0.0,0.0,0.0,0.0,0.0,0.0,0.0,0.0,0.0,0.0,0.0,0.0,0.0,0.0,0.0,0.0,0.0,0.0,0.0,0.0,0.0,0.0,0.0,0.0,0.0,0.0,0.0,0.0
0.0,0.0,0.0,0.0,0.0,0.0,0.0,0.0,0.0,0.0,1.7304659713057635,0.0,0.0,5.117259989492479,0.0,0.0,0.0,0.0,0.0,0.0,0.0,0.0,0.0,0.0,0.0,0.0,0.0,0.0,0.0,0.4131310187279847,0.0,1.078904345631574,0.0,0.0,0.0,0.0,0.0
0.0,0.0,0.0,0.0,0.0,0.0,0.0,0.0,0.0,0.0,1.7965873814653537,0.0,0.0,2.144624907523368,0.0,0.0,16.539545738696955,0.0,0.0,0.0,0.0,0.0,0.0,0.0,0.0,0.0,0.1997795097529851,0.0,0.0,0.5900407284497923,0.0,1.1537631601095195,0.0,0.0,0.0,0.0,0.0
0.0,0.0,0.0,0.0291619040071932,3.748163633048528,0.0,0.0,0.0,0.0,0.0,1.575430775526691,0.0,0.0,0.0,0.0767382882535444,0.0,43.4574224710463,0.0,0.0,0.0,0.0,32.173778057097984,0.0,0.0,0.0,0.0,0.0,0.0,0.0,0.9036064013838636,0.0,1.265768811106632,0.0,0.0,0.0,0.0,0.0
0.0,0.0,0.0,0.16863204538822,19.06043069809664,0.9598777270875736,17.801081172376723,0.0,0.0,0.0,2.7606109900399853,0.0,0.0,18.31403295043849,0.1774044491350646,0.1253431346267451,25.82105021476737,0.0,0.0,0.0,0.0,284.20182075500486,0.0,0.0,0.0,0.0,0.2405066408216951,0.0,11.58331118226027,1.0776575796306034,0.0,6.364098116755464,3.388935707509509,0.0,0.0,0.0,0.0
0.0,0.0,0.0,1.567850269377231,135.011425167322,8.146821817383142,111.0069791182875,0.0,0.0,0.0,59.50272979140279,0.0,0.0,93.02097573876378,1.6024975944310418,0.4975853599607943,87.33753100633605,0.0,0.0,0.0,0.0,843.6138290405273,0.0,0.0,0.0,54.29321852326391,3.1649396330118105,0.0,175.7785595253109,9.378222323581552,0.0,59.44131645560261,16.753400132060026,0.0,0.0,0.0,0.0
0.0,0.0,0.0,5.06662072241306,378.5039758682251,50.75316883251069,324.34342608004795,0.0,0.0,0.0,251.158280108869,0.0,0.0,303.30649927258486,5.522319835424422,1.084661766886711,286.0879871726035,0.0,0.0,0.0,0.0,1696.0469909667968,0.0,0.0,0.0,191.4909278154373,8.481486320495604,0.0,746.5395793497561,38.70066184103488,0.0,231.47856068611145,54.763958632946,0.0,0.0,0.0,0.0
0.0,0.0,0.0,11.474884659051892,772.3096874952316,147.3089978247881,579.4257423818111,0.0,0.0,0.0,651.3435366451739,0.0,0.0,656.03290989995,12.220964089035986,1.580836251378059,654.3236657142639,0.0,0.0,0.0,0.0,2489.465368652344,0.0,0.0,0.0,464.2968032360077,18.81577651798725,0.0,1324.2873941421508,109.3417577445507,0.0,384.76788353919983,115.4772583246231,0.0,0.0,0.0,0.0
0.0,0.0,0.0,21.323763847351078,1243.293478012085,231.97807505726811,906.5224944651128,0.0,0.0,0.0,1292.686568915844,0.0,0.0,1042.508104890585,18.959984225034717,2.023871198296546,1094.2669901371005,0.0,0.0,0.0,0.0,3007.9186157226563,0.0,0.0,0.0,714.2672804355622,39.08230956196784,0.0,1894.984815359116,210.46519063711168,0.0,452.2736158370972,176.06430959701538,0.0,0.0,0.0,0.0
0.0,0.0,0.0,32.32473266124725,1535.904372215271,260.602862238884,1153.0733375370503,0.0,0.0,0.0,1644.4975047647954,0.0,0.0,1208.212543874979,22.647687900066376,2.870309501886367,1415.3632749080657,0.0,0.0,0.0,0.0,3200.2656829833986,0.0,0.0,0.0,789.0681494712829,52.74813249111176,0.0,2132.556225669384,287.80899223089216,0.0,450.0285152196884,203.82369816303253,0.0,0.0,0.0,0.0
0.0,0.0,0.0,39.89164340496063,1698.6047298908234,279.9447898864746,1298.0418119430542,0.0,0.0,0.0,1832.561776858568,0.0,0.0,1316.671113371849,24.380840277671812,3.7023631036281577,1637.773241853714,0.0,0.0,0.0,0.0,3316.7253662109374,0.0,0.0,0.0,804.4780709266663,62.18791251182556,0.0,2291.588794708252,317.62631061673164,0.0,436.6636916399002,219.73050999641416,0.0,0.0,0.0,0.0
0.0,0.0,0.0,46.40464532375336,1792.7392208576202,292.8443939089775,1398.483528959751,0.0,0.0,0.0,1889.0852405786516,0.0,0.0,0.0,25.58853712677956,4.433608144521713,1755.0309034585953,0.0,0.0,0.0,0.0,3325.866009521485,0.0,0.0,0.0,787.8058283805847,0.0,0.0,0.0,328.12133863568306,0.0,427.4004672765732,0.0,0.0,0.0,0.0,0.0
0.0,0.0,0.0,0.0,0.0,0.0,0.0,0.0,0.0,0.0,1862.6785656630996,0.0,0.0,0.0,0.0,0.0,1752.27121758461,0.0,0.0,0.0,0.0,0.0,0.0,0.0,0.0,0.0,0.0,0.0,0.0,318.63518478274347,0.0,409.0124512910843,0.0,0.0,0.0,0.0,0.0
0.0,0.0,0.0,0.0,0.0,0.0,0.0,0.0,0.0,0.0,1688.3559684574604,0.0,0.0,0.0,0.0,0.0,0.0,0.0,0.0,0.0,0.0,0.0,0.0,0.0,0.0,0.0,0.0,0.0,0.0,308.50084720253943,0.0,354.7479290962219,0.0,0.0,0.0,0.0,0.0
0.0,0.0,0.0,0.0,0.0,0.0,0.0,0.0,0.0,0.0,0.0,0.0,0.0,0.0,0.0,0.0,0.0,0.0,0.0,0.0,0.0,0.0,0.0,0.0,0.0,0.0,0.0,0.0,0.0,0.0,0.0,0.0,0.0,0.0,0.0,0.0,0.0
0.0,0.0,0.0,0.0,0.0,0.0,0.0,0.0,0.0,0.0,0.0,0.0,0.0,0.0,0.0,0.0,0.0,0.0,0.0,0.0,0.0,0.0,0.0,0.0,0.0,0.0,0.0,0.0,0.0,0.0,0.0,0.0,0.0,0.0,0.0,0.0,0.0
0.0,0.0,0.0,0.0,0.0,0.0,0.0,0.0,0.0,0.0,0.0,0.0,0.0,0.0,0.0,0.0,0.0,0.0,0.0,0.0,0.0,0.0,0.0,0.0,0.0,0.0,0.0,0.0,0.0,0.0,0.0,0.0,0.0,0.0,0.0,0.0,0.0
0.0,0.0,0.0,0.0,0.0,0.0,0.0,0.0,0.0,0.0,0.0,0.0,0.0,0.0,0.0,0.0,0.0,0.0,0.0,0.0,0.0,0.0,0.0,0.0,0.0,0.0,0.0,0.0,0.0,0.0,0.0,0.0,0.0,0.0,0.0,0.0,0.0
0.0,0.0,0.0,0.0,0.0,0.0,0.0,0.0,0.0,0.0,0.0,0.0,0.0,0.0,0.0,0.0,0.0,0.0,0.0,0.0,0.0,0.0,0.0,0.0,0.0,0.0,0.0,0.0,0.0,0.0,0.0,0.0,0.0,0.0,0.0,0.0,0.0
0.0,0.0,0.0,0.0,0.0,0.0,0.0,0.0,0.0,0.0,0.0,0.0,0.0,0.0,0.0,0.0,0.0,0.0,0.0,0.0,0.0,0.0,0.0,0.0,0.0,0.0,0.0,0.0,0.0,0.0,0.0,0.0,0.0,0.0,0.0,0.0,0.0
0.0,0.0,0.0,0.0,0.0,0.0,0.0,0.0,0.0,0.0,0.0,0.0,0.0,0.0,0.0,0.0,0.0,0.0,0.0,0.0,0.0,0.0,0.0,0.0,0.0,0.0,0.0,0.0,0.0,0.0,0.0,0.0,0.0,0.0,0.0,0.0,0.0
0.0,0.0,0.0,0.0,0.0,0.0,0.0,0.0,0.0,0.0,0.0,0.0,0.0,0.0,0.0,0.0,0.0,0.0,0.0,0.0,0.0,0.0,0.0,0.0,0.0,0.0,0.0,0.0,0.0,0.0,0.0,0.0,0.0,0.0,0.0,0.0,0.0
0.0,0.0,0.0,0.0,0.0,0.0,0.0,0.0,0.0,0.0,0.0,0.0,0.0,0.0,0.0,0.0,0.0,0.0,0.0,0.0,0.0,0.0,0.0,0.0,0.0,0.0,0.0,0.0,0.0,0.0,0.0,0.0,0.0,0.0,0.0,0.0,0.0
0.0,0.0,0.0,0.0,0.0,0.0,0.0,0.0,0.0,0.0,0.0,0.0,0.0,0.0,0.0,0.0,0.0,0.0,0.0,0.0,0.0,0.0,0.0,0.0,0.0,0.0,0.0,0.0,0.0,0.0,0.0,0.0,0.0,0.0,0.0,0.0,0.0
0.0,0.0,0.0,0.0,0.0,0.0,0.0,0.0,0.0,0.0,0.0,0.0,0.0,4.691545520909061,0.0,0.0,0.0,0.0,0.0,0.0,0.0,0.0,0.0,0.0,0.0,0.0,0.0,0.0,0.0,0.355113959312431,0.0,0.0,0.0,0.0,0.0,0.0,0.0
0.0,0.0,0.0,0.0,0.0,0.0,0.0,0.0,0.0,0.0,0.0,0.0,0.0,3.706739745102771,0.0,0.0,0.0,0.0,0.0,0.0,0.0,0.0,0.0,0.0,0.0,0.0,0.0,0.0,0.0,0.0,0.0,0.0,0.0,0.0,0.0,0.0,0.0
0.0,0.0,0.0,0.0,0.0,0.0,0.0,0.0,0.0,0.0,1.8311669072134784,0.0,0.0,0.0,0.0,0.0,0.0,0.0,0.0,0.0,0.0,27.681110382080053,0.0,0.0,0.0,0.0,0.4032525565475132,0.0,0.0,0.6343713968992181,0.0,0.9910607337951124,0.0,0.0,0.0,0.0,0.0
0.0,0.0,0.0,0.0420920122414813,3.0075018294154603,0.0,0.0,0.0,0.0,0.0,1.5723390987142174,0.0,0.0,0.0,0.0,0.0,37.4551210165022,0.0,0.0,0.0,0.0,24.643090438842453,0.0,0.0,0.0,0.0,0.0,0.0,0.0,1.2856596767902142,0.0,1.0885386615991384,0.0,0.0,0.0,0.0,0.0
0.0,0.0,0.0,0.2306064181029752,22.195425577461616,0.86342218099161,7.918036375939719,0.0,0.0,0.0,9.250322451814936,0.0,0.0,17.485459428280507,0.0924558855593185,0.0,16.465022575855233,0.0,0.0,0.0,0.0,304.9455593109127,0.0,0.0,0.0,4.872627191618059,1.081518513523034,0.0,14.163011290132893,1.0256036043166727,0.0,3.723075553774798,2.060288541018941,0.0,0.0,0.0,0.0
0.0,0.0,0.0,0.8290890213102091,121.55780753493292,3.649605475366105,65.24148228839039,0.0,0.0,0.0,69.00469227395932,0.0,0.0,91.32775736972675,0.6003924988210181,0.0,51.00607955455764,0.0,0.0,0.0,0.0,1047.986135864258,0.0,0.0,0.0,61.35900403261178,4.167059721052646,0.0,102.06752801463004,8.492445133626461,0.0,47.67996957898135,11.63876955956218,0.0,0.0,0.0,0.0
0.0,0.0,0.0,3.066948063671585,339.9342963695525,26.39511366561053,239.71912756860257,0.0,0.0,0.0,270.9905795082449,0.0,0.0,302.0698884502052,2.974876038730144,1.4921762421727174,215.943366575241,0.0,0.0,0.0,0.0,2076.9519439697265,0.0,0.0,0.0,191.3504859805107,10.501852728426456,0.0,323.0718937814235,34.881291829794634,0.0,213.516499876976,46.39002881944178,0.0,0.0,0.0,0.0
0.0,0.0,0.0,6.933009833097453,680.0743631124495,119.4683899581432,486.8140037238598,0.0,0.0,0.0,680.6308152109384,0.0,0.0,683.5138534754515,7.6862047791481,2.3231091052293773,529.1895309090614,0.0,0.0,0.0,0.0,2794.4954315185546,0.0,0.0,0.0,335.5820432186127,21.467018002271647,0.0,695.1876406788825,99.28060559928416,0.0,374.4643324613571,110.084299236536,0.0,0.0,0.0,0.0
0.0,0.0,0.0,12.907689094543452,1013.146409869194,230.99082162976265,773.4718850374222,0.0,0.0,0.0,1341.7097899734974,0.0,0.0,1112.8123515844345,13.796480226516724,2.799274176359176,943.6529814720152,0.0,0.0,0.0,0.0,3234.5864166259767,0.0,0.0,0.0,471.2361238002777,40.19268926382065,0.0,1162.861679601669,199.7145583570004,0.0,470.31684172153473,167.75894844532013,0.0,0.0,0.0,0.0
0.0,0.0,0.0,20.607177317142483,1255.990071296692,264.51637357473373,968.344345086813,0.0,0.0,0.0,1718.0459660053252,0.0,0.0,1286.986262500286,18.245674842596053,3.7152796387672415,1270.420258307457,0.0,0.0,0.0,0.0,3316.0248931884767,0.0,0.0,0.0,524.7295102596283,52.40943845510483,0.0,1472.8251522779465,284.5179321408272,0.0,481.64489555358887,193.0317897796631,0.0,0.0,0.0,0.0
0.0,0.0,0.0,28.25182819366455,1428.294980287552,285.3990350663662,1101.4288630843162,0.0,0.0,0.0,1922.6739972770213,0.0,0.0,1384.038850367069,21.95998195409775,4.517716526985168,1494.424015855789,0.0,0.0,0.0,0.0,3339.51233215332,0.0,0.0,0.0,540.5786169528961,58.7719228386879,0.0,1718.5164495110512,320.67111524939537,0.0,478.0819927453995,207.18156731128693,0.0,0.0,0.0,0.0
0.0,0.0,0.0,34.21418762207031,1552.5704481601715,295.9595542550087,1176.989487016201,0.0,0.0,0.0,1965.6978650391104,0.0,0.0,1416.409561038017,24.09839111566544,4.992526561021805,1620.044451069832,0.0,0.0,0.0,0.0,3267.962774658203,0.0,0.0,0.0,554.3647158622741,61.576606798172,0.0,0.0,331.24655703902243,0.0,465.3916071653366,210.08751636743543,0.0,0.0,0.0,0.0
0.0,0.0,0.0,0.0,0.0,295.09144935011864,0.0,0.0,0.0,0.0,1950.634859609604,0.0,0.0,0.0,0.0,5.007421314716338,1642.9826315641403,0.0,0.0,0.0,0.0,3139.968237304688,0.0,0.0,0.0,0.0,0.0,0.0,0.0,321.1020974457264,0.0,443.54686319828033,0.0,0.0,0.0,0.0,0.0
0.0,0.0,0.0,0.0,0.0,0.0,0.0,0.0,0.0,0.0,0.0,0.0,0.0,0.0,0.0,3.963344603776931,0.0,0.0,0.0,0.0,0.0,0.0,0.0,0.0,0.0,0.0,0.0,0.0,0.0,0.0,0.0,0.0,0.0,0.0,0.0,0.0,0.0
0.0,0.0,0.0,0.0,0.0,0.0,0.0,0.0,0.0,0.0,0.0,0.0,0.0,0.0,0.0,0.0,0.0,0.0,0.0,0.0,0.0,0.0,0.0,0.0,0.0,0.0,0.0,0.0,0.0,294.6387268424034,0.0,0.0,0.0,0.0,0.0,0.0,0.0
0.0,0.0,0.0,0.0,0.0,0.0,0.0,0.0,0.0,0.0,0.0,0.0,0.0,0.0,0.0,0.0,0.0,0.0,0.0,0.0,0.0,0.0,0.0,0.0,0.0,0.0,0.0,0.0,0.0,0.0,0.0,0.0,0.0,0.0,0.0,0.0,0.0
0.0,0.0,0.0,0.0,0.0,0.0,0.0,0.0,0.0,0.0,0.0,0.0,0.0,0.0,0.0,0.0,0.0,0.0,0.0,0.0,0.0,0.0,0.0,0.0,0.0,0.0,0.0,0.0,0.0,0.0,0.0,0.0,0.0,0.0,0.0,0.0,0.0
0.0,0.0,0.0,0.0,0.0,0.0,0.0,0.0,0.0,0.0,0.0,0.0,0.0,0.0,0.0,0.0,0.0,0.0,0.0,0.0,0.0,0.0,0.0,0.0,0.0,0.0,0.0,0.0,0.0,0.0,0.0,0.0,0.0,0.0,0.0,0.0,0.0
0.0,0.0,0.0,0.0,0.0,0.0,0.0,0.0,0.0,0.0,0.0,0.0,0.0,0.0,0.0,0.0,0.0,0.0,0.0,0.0,0.0,0.0,0.0,0.0,0.0,0.0,0.0,0.0,0.0,0.0,0.0,0.0,0.0,0.0,0.0,0.0,0.0
0.0,0.0,0.0,0.0,0.0,0.0,0.0,0.0,0.0,0.0,0.0,0.0,0.0,0.0,0.0,0.0,0.0,0.0,0.0,0.0,0.0,0.0,0.0,0.0,0.0,0.0,0.0,0.0,0.0,0.0,0.0,0.0,0.0,0.0,0.0,0.0,0.0
0.0,0.0,0.0,0.0,0.0,0.0,0.0,0.0,0.0,0.0,0.0,0.0,0.0,0.0,0.0,0.0,0.0,0.0,0.0,0.0,0.0,0.0,0.0,0.0,0.0,0.0,0.0,0.0,0.0,0.0,0.0,0.0,0.0,0.0,0.0,0.0,0.0
0.0,0.0,0.0,0.0,0.0,0.0,0.0,0.0,0.0,0.0,0.0,0.0,0.0,0.0,0.0,0.0,0.0,0.0,0.0,0.0,0.0,0.0,0.0,0.0,0.0,0.0,0.0,0.0,0.0,0.0,0.0,0.0,0.0,0.0,0.0,0.0,0.0
0.0,0.0,0.0,0.0,0.0,0.0,0.0,0.0,0.0,0.0,0.0,0.0,0.0,0.0,0.0,0.0,0.0,0.0,0.0,0.0,0.0,0.0,0.0,0.0,0.0,0.0,0.0,0.0,0.0,0.0,0.0,0.0,0.0,0.0,0.0,0.0,0.0
0.0,0.0,0.0,0.0,0.0,0.0,0.0,0.0,0.0,0.0,0.0,0.0,0.0,0.0,0.0,0.0,0.0,0.0,0.0,0.0,0.0,0.0,0.0,0.0,0.0,0.0,0.0,0.0,0.0,0.0,0.0,0.0,0.0,0.0,0.0,0.0,0.0
0.0,0.0,0.0,0.0,0.8577240519224227,0.0,0.0,0.0,0.0,0.0,0.0,0.0,0.0,0.2988531161099347,0.0,0.0,0.0,0.0,0.0,0.0,0.0,0.0,0.0,0.0,0.0,0.0,0.0,0.0,0.0,0.0,0.0,0.0,0.0,0.0,0.0,0.0,0.0
0.0,0.0,0.0,0.0624865442514368,1.103199657052613,0.0,1.376039682328553,0.0,0.0,0.0,0.0,0.0,0.0,4.146008701063691,0.0,0.0,0.0,0.0,0.0,0.0,0.0,24.687285900115896,0.0,0.0,0.0,3.666753271222088,0.0,0.0,0.0,0.0,0.0,0.0,0.0,0.0,0.0,0.0,0.0
0.0,0.0,0.0,0.0529614817351047,1.938540741801157,0.0632930784485795,3.8633443422614606,0.0,0.0,0.0,1.9197268134446783,0.0,0.0,1.0763668501749444,0.0042836219072337,0.0,0.0,0.0,0.0,0.0,0.0,34.53891000747638,0.0,0.0,0.0,0.4122738787904315,0.0,0.0,0.0,0.0,0.0,0.0,0.0,0.0,0.0,0.0,0.0
0.0,0.0,0.0,0.0431078094989026,3.430375948548189,0.0,6.85201871283347,0.0,0.0,0.0,1.6346939183770066,0.0,0.0,0.0,0.0,0.0,40.26193543672552,0.0,0.0,0.0,0.0,21.609857559204094,0.0,0.0,0.0,0.0,0.0,0.0,0.0,1.0601930066942895,0.0,0.0,0.0,0.0,0.0,0.0,0.0
0.0,0.0,0.0,0.1233172789215984,27.0984482355414,1.0199730303138337,17.255965780094176,0.0,0.0,0.0,20.953219778835727,0.0,0.0,18.51759779267002,0.1927759308367967,0.0867121675983069,22.933338940143532,0.0,0.0,0.0,0.0,163.03034286499,0.0,0.0,0.0,13.54705506265156,0.845391786098471,0.0,10.460017222165868,1.4173805728554685,0.0,6.783729091286638,3.153445141389961,0.0,0.0,0.0,0.0
0.0,0.0,0.0,1.3245354145765291,158.8898063004017,19.531149446964253,66.33256305381649,0.0,0.0,0.0,124.1159610923378,0.0,0.0,95.76436528936028,1.7686987247318022,0.4379707500338547,73.04495668411236,0.0,0.0,0.0,0.0,666.4945808410645,0.0,0.0,0.0,95.81115596294396,2.8082492753863275,0.0,166.5943040579555,11.7978725660592,0.0,66.40013174712657,16.779868159443115,0.0,0.0,0.0,0.0
0.0,0.0,0.0,5.599323928356171,465.2204228043555,122.28550601005551,270.3137466683983,0.0,0.0,0.0,491.6515593513846,0.0,0.0,307.40917287766933,6.452241325378418,1.106994308531284,262.76039863824843,0.0,0.0,0.0,0.0,1751.780905151367,0.0,0.0,0.0,344.15592639446254,6.73965939432382,0.0,845.6693681061267,47.03941990435123,0.0,250.2794169783592,64.56249681115148,0.0,0.0,0.0,0.0
0.0,0.0,0.0,14.070805132389063,1025.2232326269148,256.75553861260414,608.9416564375163,0.0,0.0,0.0,1196.498370778561,0.0,0.0,651.7086756229401,15.042030903697016,1.9451850950717928,618.1755804657935,0.0,0.0,0.0,0.0,2603.404815673828,0.0,0.0,0.0,619.2383727073669,14.377387696504591,0.0,1584.0042362093925,0.0,0.0,404.2192265987396,144.4564574062824,0.0,0.0,0.0,0.0
0.0,0.0,0.0,27.019689679145813,1515.1355011463163,352.49703189730644,1038.1195686221122,0.0,0.0,0.0,1945.3343481779095,0.0,0.0,1033.6928398907185,22.65802298784256,2.964731276035308,1059.3821828126906,0.0,0.0,0.0,0.0,3221.0886627197265,0.0,0.0,0.0,782.0173906326294,26.61761105060577,0.0,2139.21367841959,230.7301637649536,0.0,483.99021458625793,203.40427887439728,0.0,0.0,0.0,0.0
0.0,0.0,0.0,37.93906950950623,1816.7342031002045,383.757111877203,1299.747032213211,0.0,0.0,0.0,2275.3,0.0,0.0,1190.5292981863022,25.62001102566719,4.515668570995331,1400.094974207878,0.0,0.0,0.0,0.0,3483.697058105469,0.0,0.0,0.0,831.3371176242829,39.8615019261837,0.0,2356.994160282612,302.3511853456497,0.0,496.6725984811783,0.0,0.0,0.0,0.0,0.0
0.0,0.0,0.0,45.779682874679565,1973.978335142136,401.7769353687763,1440.9073203682897,0.0,0.0,0.0,2275.3,0.0,0.0,1272.616093158722,26.18246993422508,5.705169916152954,1631.2431497097016,0.0,0.0,0.0,0.0,3580.186605834961,0.0,0.0,0.0,827.799625349045,47.14655222296714,0.0,2461.690309655666,334.19592889547346,0.0,496.1837780475617,0.0,0.0,0.0,0.0,0.0
0.0,0.0,0.0,49.38964986801148,2020.2359943389893,405.60908931493753,1493.671049618721,0.0,0.0,0.0,2275.3,0.0,0.0,1292.3324891924858,25.85098140835762,6.332958698272705,1751.0293282985688,0.0,0.0,0.0,0.0,3552.970281982422,0.0,0.0,0.0,775.1340583801269,49.53971985578537,0.0,2457.028898906708,341.19733940958974,0.0,471.456059217453,0.0,0.0,0.0,0.0,0.0
0.0,0.0,0.0,48.23420011997223,1961.0387020111089,395.6423433423042,0.0,0.0,0.0,0.0,2275.3,0.0,0.0,1273.3674055337906,24.56640112996101,0.0,1747.126790499687,0.0,0.0,0.0,0.0,0.0,0.0,0.0,0.0,701.3856619358063,47.99643924832343,0.0,2386.37966222763,329.2708666086197,0.0,442.08377480506897,0.0,0.0,0.0,0.0,0.0
0.0,0.0,0.0,39.22780072689056,0.0,0.0,0.0,0.0,0.0,0.0,2258.236893695593,0.0,0.0,0.0,20.80682675242424,0.0,1695.4730458259585,0.0,0.0,0.0,0.0,0.0,0.0,0.0,0.0,622.1816890239716,41.066981106996536,0.0,2184.934617197513,0.0,0.0,383.39274191856384,0.0,0.0,0.0,0.0,0.0
0.0,0.0,0.0,0.0,0.0,0.0,0.0,0.0,0.0,0.0,0.0,0.0,0.0,0.0,0.0,0.0,0.0,0.0,0.0,0.0,0.0,0.0,0.0,0.0,0.0,0.0,0.0,0.0,0.0,0.0,0.0,0.0,0.0,0.0,0.0,0.0,0.0
0.0,0.0,0.0,0.0,0.0,0.0,0.0,0.0,0.0,0.0,0.0,0.0,0.0,0.0,0.0,0.0,0.0,0.0,0.0,0.0,0.0,0.0,0.0,0.0,0.0,0.0,0.0,0.0,0.0,0.0,0.0,0.0,0.0,0.0,0.0,0.0,0.0
0.0,0.0,0.0,0.0,0.0,0.0,0.0,0.0,0.0,0.0,0.0,0.0,0.0,0.0,0.0,0.0,0.0,0.0,0.0,0.0,0.0,0.0,0.0,0.0,0.0,0.0,0.0,0.0,0.0,0.0,0.0,0.0,0.0,0.0,0.0,0.0,0.0
0.0,0.0,0.0,0.0,0.0,0.0,0.0,0.0,0.0,0.0,0.0,0.0,0.0,0.0,0.0,0.0,0.0,0.0,0.0,0.0,0.0,0.0,0.0,0.0,0.0,0.0,0.0,0.0,0.0,0.0,0.0,0.0,0.0,0.0,0.0,0.0,0.0
0.0,0.0,0.0,0.0,0.0,0.0,0.0,0.0,0.0,0.0,0.0,0.0,0.0,0.0,0.0,0.0,0.0,0.0,0.0,0.0,0.0,0.0,0.0,0.0,0.0,0.0,0.0,0.0,0.0,0.0,0.0,0.0,0.0,0.0,0.0,0.0,0.0
0.0,0.0,0.0,0.0,0.0,0.0,0.0,0.0,0.0,0.0,0.0,0.0,0.0,0.0,0.0,0.0,0.0,0.0,0.0,0.0,0.0,0.0,0.0,0.0,0.0,0.0,0.0,0.0,0.0,0.0,0.0,0.0,0.0,0.0,0.0,0.0,0.0
0.0,0.0,0.0,0.0,0.0,0.0,0.0,0.0,0.0,0.0,0.0,0.0,0.0,0.0,0.0,0.0,0.0,0.0,0.0,0.0,0.0,0.0,0.0,0.0,0.0,0.0,0.0,0.0,0.0,0.0,0.0,0.0,0.0,0.0,0.0,0.0,0.0
0.0,0.0,0.0,0.0,0.0,0.0,0.0,0.0,0.0,0.0,0.0,0.0,0.0,0.0,0.0,0.0,0.0,0.0,0.0,0.0,0.0,0.0,0.0,0.0,0.0,0.0,0.0,0.0,0.0,0.0,0.0,0.0,0.0,0.0,0.0,0.0,0.0
0.0,0.0,0.0,0.0,0.0,0.0,0.0,0.0,0.0,0.0,0.0,0.0,0.0,0.0,0.0,0.0,0.0,0.0,0.0,0.0,0.0,0.0,0.0,0.0,0.0,0.0,0.0,0.0,0.0,0.0,0.0,0.0,0.0,0.0,0.0,0.0,0.0
0.0,0.0,0.0,0.0,0.0,0.0,0.0,0.0,0.0,0.0,0.0,0.0,0.0,0.0,0.0,0.0,0.0,0.0,0.0,0.0,0.0,0.0,0.0,0.0,0.0,0.0,0.0,0.0,0.0,0.0,0.0,0.0,0.0,0.0,0.0,0.0,0.0
0.0,0.0,0.0,0.0,0.0,0.0,0.0,0.0,0.0,0.0,0.0,0.0,0.0,1.3664340181276071,0.0,0.0,0.0,0.0,0.0,0.0,0.0,0.0,0.0,0.0,0.0,0.0,0.0,0.0,0.0,0.0,0.0,0.0,0.0,0.0,0.0,0.0,0.0
0.0,0.0,0.0,0.0,0.0,0.0,0.0,0.0,0.0,0.0,0.0,0.0,0.0,4.728288310579934,0.0,0.0,0.0,0.0,0.0,0.0,0.0,0.0,0.0,0.0,0.0,0.0,0.0,0.0,0.0,0.0,0.0,0.0,0.0,0.0,0.0,0.0,0.0
0.0,0.0,0.0,0.0,0.0,0.0,0.0,0.0,0.0,0.0,0.0,0.0,0.0,0.4472838575019652,0.0,0.0,0.0,0.0,0.0,0.0,0.0,0.0,0.0,0.0,0.0,0.0,0.0,0.0,0.0,0.5927967511117145,0.0,0.0,0.0,0.0,0.0,0.0,0.0
0.0,0.0,0.0,0.026700939983127,0.0,0.0,0.0,0.0,0.0,0.0,1.690513624064422,0.0,0.0,0.0,0.0857019893825019,0.0,38.617400443553855,0.0,0.0,0.0,0.0,0.0,0.0,0.0,0.0,0.0,0.0,0.0,0.0,0.6987147144973148,0.0,0.0,0.0,0.0,0.0,0.0,0.0
0.0,0.0,0.0,0.1587106995284528,73.5772392451763,1.4524631886742838,11.60347405746574,0.0,0.0,0.0,7.3848896365146,0.0,0.0,20.811236705631003,0.4037169814109792,0.0,20.311116433143606,0.0,0.0,0.0,0.0,372.2653556823728,0.0,0.0,0.0,19.552716693282097,0.0,0.0,5.294981686770763,1.971021886169904,0.0,8.799350887536981,2.523118003271517,0.0,0.0,0.0,0.0
0.0,0.0,0.0,2.7636852338910054,250.98882278800008,20.41798192076382,84.7857042104005,0.0,0.0,0.0,68.67735172063094,0.0,0.0,104.54721787944432,2.746957540512082,0.0,67.82680314779267,0.0,0.0,0.0,0.0,1164.1867065429683,0.0,0.0,0.0,82.9222697496414,5.2551871106028525,0.0,122.52148028984644,13.728895513340827,0.0,66.0995482653379,14.638113673776386,0.0,0.0,0.0,0.0
0.0,0.0,0.0,8.400704294443127,589.1400018930435,126.71555826067924,328.3345735445618,0.0,0.0,0.0,323.8716029450297,0.0,0.0,333.0973505601287,8.037019291520116,1.837819278240204,254.3984830260276,0.0,0.0,0.0,0.0,2146.5576141357424,0.0,0.0,0.0,228.46902742385865,13.92363777756691,0.0,780.0836723029612,54.40012673735619,0.0,250.20686358213425,55.2493182271719,0.0,0.0,0.0,0.0
0.0,0.0,0.0,19.28821331262588,1019.8024476766584,254.6038658618927,657.6175897330045,0.0,0.0,0.0,871.2002990901469,0.0,0.0,712.7015016227961,16.727293539047242,2.829759702086448,594.1757513284682,0.0,0.0,0.0,0.0,2824.956637573242,0.0,0.0,0.0,454.8293412208557,31.034821617603303,0.0,1514.797484278679,151.05790084004403,0.0,393.3256319761276,133.1580446958542,0.0,0.0,0.0,0.0
0.0,0.0,0.0,36.56645441055298,1398.7266037464142,349.852291315794,989.3047371208668,0.0,0.0,0.0,1587.946103644371,0.0,0.0,1131.395223736763,24.311708164215087,3.652236223220825,1019.7944491147994,0.0,0.0,0.0,0.0,3266.7364715576173,0.0,0.0,0.0,679.2700634479522,50.309424221515656,0.0,2082.0006146073342,244.5180091679096,0.0,467.50609731674194,194.19373279809952,0.0,0.0,0.0,0.0
0.0,0.0,0.0,52.77982032299042,1632.192042350769,381.41438099741936,1206.642259323597,0.0,0.0,0.0,2027.3173275709155,0.0,0.0,1308.5690124332905,28.573212146759037,4.878924667835235,1334.4198435306548,0.0,0.0,0.0,0.0,3385.61969909668,0.0,0.0,0.0,748.9942999839783,61.04248691797257,0.0,2323.8330334424973,297.45484895706176,0.0,485.4327425956726,218.4574075937271,0.0,0.0,0.0,0.0
0.0,0.0,0.0,62.0,1776.7320137023926,400.2994351387024,1325.9021446108818,0.0,0.0,0.0,2275.3,0.0,0.0,1398.6692294478416,30.156457632780075,5.848523736000061,1554.3345102310182,0.0,0.0,0.0,0.0,3431.3701751708986,0.0,0.0,0.0,758.461008310318,67.75760760307313,0.0,2473.43486559391,314.87373225092887,0.0,487.3435306549072,230.8834200501442,0.0,0.0,0.0,0.0
0.0,0.0,0.0,62.0,1861.8380851745603,404.7516031861305,1392.7594178497793,0.0,0.0,0.0,2275.3,0.0,0.0,1425.668584704399,30.23875338435173,6.401081323623656,1671.2411285161973,0.0,0.0,0.0,0.0,3407.614660644532,0.0,0.0,0.0,757.6616674900055,0.0,0.0,0.0,320.8151430606842,0.0,470.3539078235626,0.0,0.0,0.0,0.0,0.0
0.0,0.0,0.0,62.0,0.0,0.0,0.0,0.0,0.0,0.0,0.0,0.0,0.0,1401.835994720459,0.0,6.438015431165695,1679.5147930145265,0.0,0.0,0.0,0.0,0.0,0.0,0.0,0.0,0.0,0.0,0.0,0.0,315.4152365207672,0.0,444.84650909900665,0.0,0.0,0.0,0.0,0.0
0.0,0.0,0.0,0.0,0.0,0.0,0.0,0.0,0.0,0.0,0.0,0.0,0.0,0.0,0.0,0.0,0.0,0.0,0.0,0.0,0.0,0.0,0.0,0.0,0.0,0.0,0.0,0.0,0.0,0.0,0.0,0.0,0.0,0.0,0.0,0.0,0.0
0.0,0.0,0.0,0.0,0.0,0.0,0.0,0.0,0.0,0.0,0.0,0.0,0.0,0.0,0.0,0.0,0.0,0.0,0.0,0.0,0.0,0.0,0.0,0.0,0.0,0.0,0.0,0.0,0.0,0.0,0.0,0.0,0.0,0.0,0.0,0.0,0.0
0.0,0.0,0.0,0.0,0.0,0.0,0.0,0.0,0.0,0.0,0.0,0.0,0.0,0.0,0.0,0.0,0.0,0.0,0.0,0.0,0.0,0.0,0.0,0.0,0.0,0.0,0.0,0.0,0.0,0.0,0.0,0.0,0.0,0.0,0.0,0.0,0.0
0.0,0.0,0.0,0.0,0.0,0.0,0.0,0.0,0.0,0.0,0.0,0.0,0.0,0.0,0.0,0.0,0.0,0.0,0.0,0.0,0.0,0.0,0.0,0.0,0.0,0.0,0.0,0.0,0.0,0.0,0.0,0.0,0.0,0.0,0.0,0.0,0.0
0.0,0.0,0.0,0.0,0.0,0.0,0.0,0.0,0.0,0.0,0.0,0.0,0.0,0.0,0.0,0.0,0.0,0.0,0.0,0.0,0.0,0.0,0.0,0.0,0.0,0.0,0.0,0.0,0.0,0.0,0.0,0.0,0.0,0.0,0.0,0.0,0.0
0.0,0.0,0.0,0.0,0.0,0.0,0.0,0.0,0.0,0.0,0.0,0.0,0.0,0.0,0.0,0.0,0.0,0.0,0.0,0.0,0.0,0.0,0.0,0.0,0.0,0.0,0.0,0.0,0.0,0.0,0.0,0.0,0.0,0.0,0.0,0.0,0.0
0.0,0.0,0.0,0.0,0.0,0.0,0.0,0.0,0.0,0.0,0.0,0.0,0.0,0.0,0.0,0.0,0.0,0.0,0.0,0.0,0.0,0.0,0.0,0.0,0.0,0.0,0.0,0.0,0.0,0.0,0.0,0.0,0.0,0.0,0.0,0.0,0.0
0.0,0.0,0.0,0.0,0.0,0.0,0.0,0.0,0.0,0.0,0.0,0.0,0.0,0.0,0.0,0.0,0.0,0.0,0.0,0.0,0.0,0.0,0.0,0.0,0.0,0.0,0.0,0.0,0.0,0.0,0.0,0.0,0.0,0.0,0.0,0.0,0.0
0.0,0.0,0.0,0.0,0.0,0.0,0.0,0.0,0.0,0.0,0.0,0.0,0.0,0.0,0.0,0.0,0.0,0.0,0.0,0.0,0.0,0.0,0.0,0.0,0.0,0.0,0.0,0.0,0.0,0.0,0.0,0.0,0.0,0.0,0.0,0.0,0.0
0.0,0.0,0.0,0.0,0.0,0.0,0.0,0.0,0.0,0.0,0.0,0.0,0.0,0.0,0.0,0.0,0.0,0.0,0.0,0.0,0.0,0.0,0.0,0.0,0.0,0.0,0.0,0.0,0.0,0.0,0.0,0.0,0.0,0.0,0.0,0.0,0.0
0.0,0.0,0.0,0.0,0.0,0.0,0.0,0.0,0.0,0.0,0.0,0.0,0.0,0.0,0.0,0.0,0.0,0.0,0.0,0.0,0.0,0.0,0.0,0.0,0.0,0.0,0.0,0.0,0.0,0.0,0.0,0.0,0.0,0.0,0.0,0.0,0.0
0.0,0.0,0.0,0.0,0.0,0.0,0.0,0.0,0.0,0.0,0.0,0.0,0.0,0.0,0.0,0.0,0.0,0.0,0.0,0.0,0.0,0.0,0.0,0.0,0.0,0.0,0.0,0.0,0.0,0.0,0.0,0.0,0.0,0.0,0.0,0.0,0.0
0.0,0.0,0.0,0.0,0.0,0.0,0.0,0.0,0.0,0.0,0.0,0.0,0.0,4.61129123345004,0.0,0.0199006665498016,0.0,0.0,0.0,0.0,0.0,0.0,0.0,0.0,0.0,0.0,0.0,0.0,0.0,0.0,0.0,0.0,0.0,0.0,0.0,0.0,0.0
0.0,0.0,0.0,0.0,0.0,0.0,0.0,0.0,0.0,0.0,0.0,0.0,0.0,0.2068510372190307,0.0,0.0050188191235065,0.0,0.0,0.0,0.0,0.0,0.0,0.0,0.0,0.0,0.0,0.0,0.0,0.0,0.0,0.0,1.0595594644546449,0.0,0.0,0.0,0.0,0.0
0.0,0.0,0.0,0.0,0.0,0.0,0.0,0.0,0.0,0.0,1.5779884546993854,0.0,0.0,0.0,0.0,0.0,38.84538248777377,0.0,0.0,0.0,0.0,25.60362663269025,0.0,0.0,0.0,0.0,0.0,0.0,0.0,0.8554858356713956,0.0,1.1411192417144338,0.0,0.0,0.0,0.0,0.0
0.0,0.0,0.0,0.0,0.0,1.3458649981766566,6.509068435057962,0.0,0.0,0.0,11.209430531691629,0.0,0.0,17.84176547545925,0.0,0.1380781102925536,16.773962759971447,0.0,0.0,0.0,0.0,369.7576133728024,0.0,0.0,0.0,0.0,0.0,0.0,42.50313198715444,1.1806350044905876,0.0,8.787334904074621,3.900683648884295,0.0,0.0,0.0,0.0
0.0,0.0,0.0,3.7989360019564606,0.0,20.540066242217986,79.3682605285197,0.0,0.0,0.0,81.23240756727748,0.0,0.0,93.34718251600854,3.4897992968559253,0.6845336481928814,52.5710659742354,0.0,0.0,0.0,0.0,1236.6014663696287,0.0,0.0,0.0,0.0,2.464666008204218,0.0,422.67104379534703,9.80324729345737,0.0,63.98545281589031,18.509583055973028,0.0,0.0,0.0,0.0
0.0,0.0,0.0,12.11560097336769,735.1087625026703,124.24725170433518,387.4175138384104,0.0,0.0,0.0,361.543661597371,0.0,0.0,307.07969982177013,10.008987513184543,1.4400352090597148,215.600412940979,0.0,0.0,0.0,0.0,2289.9519653320312,0.0,0.0,0.0,0.0,10.395807078480711,0.0,1368.8176507472992,39.844701199233526,0.0,243.2998304963112,69.32221852242944,0.0,0.0,0.0,0.0
0.0,0.0,0.0,27.74646466970444,1312.6232743263245,254.5924486815929,827.142441868782,0.0,0.0,0.0,932.625962859392,0.0,0.0,670.7025298476218,20.008951699733736,2.558546945452689,524.4158197879791,0.0,0.0,0.0,0.0,3015.263397216797,0.0,0.0,0.0,0.0,27.28073493242264,0.0,2030.684412109852,120.1174958974123,0.0,390.94769620895386,137.5097817778587,0.0,0.0,0.0,0.0
0.0,0.0,0.0,46.75705444812775,1746.015913963318,346.8758936226368,1209.1082464635372,0.0,0.0,0.0,1659.533657741547,0.0,0.0,1067.8744573891163,26.5677071928978,3.583259314298629,927.5386957883836,0.0,0.0,0.0,0.0,3426.488592529297,0.0,0.0,0.0,903.2,0.0,0.0,2436.6930527210234,224.7087140738964,0.0,463.3702666759491,193.07553750276568,0.0,0.0,0.0,0.0
0.0,0.0,0.0,0.0,2000.519875526428,377.733604490757,1427.3267568290237,0.0,0.0,0.0,2066.6237580478187,0.0,0.0,1229.2367260158062,29.902900689840315,4.918757915496825,1244.1361348867415,0.0,0.0,0.0,0.0,3581.748614501953,0.0,0.0,0.0,903.2,0.0,0.0,2635.4,286.20038878917694,0.0,473.6107730865479,216.30956029891968,0.0,0.0,0.0,0.0
0.0,0.0,0.0,62.0,2116.0,395.12039989233017,0.0,0.0,0.0,0.0,2275.3,0.0,0.0,1311.8168997764587,30.98507852554321,6.044041156768798,1457.7836242198944,0.0,0.0,0.0,0.0,3651.6476196289054,0.0,0.0,0.0,903.2,0.0,0.0,2635.4,309.28614671826364,0.0,474.09844529628754,227.1789047718048,0.0,0.0,0.0,0.0
0.0,0.0,0.0,62.0,2116.0,397.5218134820461,0.0,0.0,0.0,0.0,2275.3,0.0,0.0,1330.5415306985378,30.821918034553526,6.599789619445801,1573.1886252880097,0.0,0.0,0.0,0.0,3609.217803955078,0.0,0.0,0.0,0.0,0.0,0.0,2635.4,317.6698915064335,0.0,462.5518342256546,225.49406731128693,0.0,0.0,0.0,0.0
0.0,0.0,0.0,62.0,0.0,0.0,0.0,0.0,0.0,0.0,2270.9320010185243,0.0,0.0,1314.0114748477936,29.16246069073677,6.595020353794098,1591.2459063291549,0.0,0.0,0.0,0.0,3455.5559143066407,0.0,0.0,0.0,0.0,0.0,0.0,0.0,310.9179230093956,0.0,440.1506322622299,0.0,0.0,0.0,0.0,0.0
0.0,0.0,0.0,0.0,0.0,0.0,0.0,0.0,0.0,0.0,0.0,0.0,0.0,1142.778808027506,0.0,5.545514583587647,0.0,0.0,0.0,0.0,0.0,0.0,0.0,0.0,0.0,0.0,0.0,0.0,0.0,0.0,0.0,382.03959596157074,0.0,0.0,0.0,0.0,0.0
0.0,0.0,0.0,0.0,0.0,0.0,0.0,0.0,0.0,0.0,0.0,0.0,0.0,0.0,0.0,0.0,0.0,0.0,0.0,0.0,0.0,0.0,0.0,0.0,0.0,0.0,0.0,0.0,0.0,0.0,0.0,0.0,0.0,0.0,0.0,0.0,0.0
0.0,0.0,0.0,0.0,0.0,0.0,0.0,0.0,0.0,0.0,0.0,0.0,0.0,0.0,0.0,0.0,0.0,0.0,0.0,0.0,0.0,0.0,0.0,0.0,0.0,0.0,0.0,0.0,0.0,0.0,0.0,0.0,0.0,0.0,0.0,0.0,0.0
0.0,0.0,0.0,0.0,0.0,0.0,0.0,0.0,0.0,0.0,0.0,0.0,0.0,0.0,0.0,0.0,0.0,0.0,0.0,0.0,0.0,0.0,0.0,0.0,0.0,0.0,0.0,0.0,0.0,0.0,0.0,0.0,0.0,0.0,0.0,0.0,0.0
0.0,0.0,0.0,0.0,0.0,0.0,0.0,0.0,0.0,0.0,0.0,0.0,0.0,0.0,0.0,0.0,0.0,0.0,0.0,0.0,0.0,0.0,0.0,0.0,0.0,0.0,0.0,0.0,0.0,0.0,0.0,0.0,0.0,0.0,0.0,0.0,0.0
0.0,0.0,0.0,0.0,0.0,0.0,0.0,0.0,0.0,0.0,0.0,0.0,0.0,0.0,0.0,0.0,0.0,0.0,0.0,0.0,0.0,0.0,0.0,0.0,0.0,0.0,0.0,0.0,0.0,0.0,0.0,0.0,0.0,0.0,0.0,0.0,0.0
0.0,0.0,0.0,0.0,0.0,0.0,0.0,0.0,0.0,0.0,0.0,0.0,0.0,0.0,0.0,0.0,0.0,0.0,0.0,0.0,0.0,0.0,0.0,0.0,0.0,0.0,0.0,0.0,0.0,0.0,0.0,0.0,0.0,0.0,0.0,0.0,0.0
0.0,0.0,0.0,0.0,0.0,0.0,0.0,0.0,0.0,0.0,0.0,0.0,0.0,0.0,0.0,0.0,0.0,0.0,0.0,0.0,0.0,0.0,0.0,0.0,0.0,0.0,0.0,0.0,0.0,0.0,0.0,0.0,0.0,0.0,0.0,0.0,0.0
0.0,0.0,0.0,0.0,0.0,0.0,0.0,0.0,0.0,0.0,0.0,0.0,0.0,0.0,0.0,0.0,0.0,0.0,0.0,0.0,0.0,0.0,0.0,0.0,0.0,0.0,0.0,0.0,0.0,0.0,0.0,0.0,0.0,0.0,0.0,0.0,0.0
0.0,0.0,0.0,0.0,0.0,0.0,0.0,0.0,0.0,0.0,0.0,0.0,0.0,0.0,0.0,0.0,0.0,0.0,0.0,0.0,0.0,0.0,0.0,0.0,0.0,0.0,0.0,0.0,0.0,0.0,0.0,0.0,0.0,0.0,0.0,0.0,0.0
0.0,0.0,0.0,0.0,0.0,0.0,0.0,0.0,0.0,0.0,0.0,0.0,0.0,0.0,0.0,0.0,0.0,0.0,0.0,0.0,0.0,0.0,0.0,0.0,0.0,0.0,0.0,0.0,0.0,0.0,0.0,0.0,0.0,0.0,0.0,0.0,0.0
0.0,0.0,0.0,0.0,0.0,0.0,2.464632837101792,0.0,0.0,0.0,0.0,0.0,0.0,0.0,0.0,0.0,0.0,0.0,0.0,0.0,0.0,0.0,0.0,0.0,0.0,0.0,0.0,0.0,0.2450873166322708,0.3559896774590013,0.0,0.0,0.0,0.0,0.0,0.0,0.0
0.0,0.0,0.0,0.0,1.0783888138829427,0.0898957406170448,3.075814408436384,0.0,0.0,0.0,0.0,0.0,0.0,2.133386405184781,0.0,0.0,9.75518007278424,0.0,0.0,0.0,0.0,0.0,0.0,0.0,0.0,1.37600833969184,0.0,0.0,0.0,0.0,0.0,0.0,0.0,0.0,0.0,0.0,0.0
0.0,0.0,0.0,0.0,1.8654699511824304,0.0,3.0043480176478305,0.0,0.0,0.0,0.0,0.0,0.0,0.0,0.0731356523931021,0.0,12.454990017414032,0.0,0.0,0.0,0.0,10.04106960296626,0.0,0.0,0.0,1.5294116664677837,0.4805050613358551,0.0,0.0,0.5948791444301241,0.0,1.1159569919109165,0.0,0.0,0.0,0.0,0.0
0.0,0.0,0.0,0.029382016509766,3.405706994235465,0.0,2.672005501016929,0.0,0.0,0.0,1.5913680622352333,0.0,0.0,0.0,0.0567284390330311,0.0,28.783652365207637,0.0,0.0,0.0,0.0,0.0,0.0,0.0,0.0,0.5861383637412554,0.1519700355827759,0.0,0.0,1.3647876940667434,0.0,1.2373143881558784,0.0,0.0,0.0,0.0,0.0
0.0,0.0,0.0,0.190437156707044,66.96585701405996,0.8681751810945229,22.89672776684154,0.0,0.0,0.0,16.364154250547166,0.0,0.0,26.55784144531924,0.4342809375375506,0.0780390161089591,14.441681933402911,0.0,0.0,0.0,0.0,216.5520055770873,0.0,0.0,0.0,22.46658026427024,0.94070499744266,0.0,16.707230482995378,1.4899802431463964,0.0,4.959353849291761,2.744881193153556,0.0,0.0,0.0,0.0
0.0,0.0,0.0,2.6503074318170547,274.26359295845026,15.026670953258828,134.4559111177921,0.0,0.0,0.0,82.6830418229103,0.0,0.0,121.152011193335,2.988847759366033,0.360516384243964,48.8933846592902,0.0,0.0,0.0,0.0,955.2123680114744,0.0,0.0,0.0,176.20442290306084,3.932357601821422,0.0,198.3143598884343,11.352648966759444,0.0,49.96330246329303,15.015652813017368,0.0,0.0,0.0,0.0
0.0,0.0,0.0,9.108997225761412,698.5629856586455,95.18824573606253,471.6879709839821,0.0,0.0,0.0,305.79925805330265,0.0,0.0,359.9892941862345,9.691606172919274,0.9130374565720552,215.02390028238284,0.0,0.0,0.0,0.0,2071.1767761230467,0.0,0.0,0.0,578.9440154075622,13.789737594127647,0.0,1019.1378589153288,44.16646690368652,0.0,217.20220881700516,59.04872502386569,0.0,0.0,0.0,0.0
0.0,0.0,0.0,21.5628120303154,1273.234801530838,235.24581044912335,926.0399589896202,0.0,0.0,0.0,771.2214975148438,0.0,0.0,722.7159347385167,19.37891512513161,1.7100225239992142,537.125696182251,0.0,0.0,0.0,0.0,2854.790432739258,0.0,0.0,0.0,833.3738001346588,34.80736044049262,0.0,1791.6865394234658,120.2449699997902,0.0,373.75268483161926,139.20909702777865,0.0,0.0,0.0,0.0
0.0,0.0,0.0,40.55829095840454,1698.2049186229706,332.6261348426342,1290.823547810316,0.0,0.0,0.0,1424.5207199931144,0.0,0.0,1048.3173920214176,26.59309929013252,2.710164263844489,952.365021121502,0.0,0.0,0.0,0.0,3445.743588256836,0.0,0.0,0.0,903.2,55.872470104694365,0.0,2329.7522004127504,221.2622623383999,0.0,464.678165435791,198.1670913696289,0.0,0.0,0.0,0.0
0.0,0.0,0.0,56.74835312366486,1940.8861961364744,365.2262564599514,1468.4457936167714,0.0,0.0,0.0,1775.8042356967926,0.0,0.0,1197.7158395946026,30.25072660446167,4.111600190401077,1302.5882796049118,0.0,0.0,0.0,0.0,3689.949017333985,0.0,0.0,0.0,903.2,66.99722149372101,0.0,2562.3772530794145,298.12477626800535,0.0,475.7661687135696,222.27917724847796,0.0,0.0,0.0,0.0
0.0,0.0,0.0,62.0,2061.451869487763,383.79956036806107,1521.1,0.0,0.0,0.0,1951.5574719130996,0.0,0.0,1291.6470031440258,31.7414688706398,5.266358345746993,1541.099049425125,0.0,0.0,0.0,0.0,3788.22301940918,0.0,0.0,0.0,903.2,72.31417058706283,0.0,2635.4,330.4767920017242,0.0,457.1573708057404,233.042863547802,0.0,0.0,0.0,0.0
0.0,0.0,0.0,0.0,2075.355211734772,387.54210674762726,1521.1,0.0,0.0,0.0,2000.0961282551289,0.0,0.0,1332.826332449913,31.187972617149352,5.85506084561348,1660.921263885498,0.0,0.0,0.0,0.0,3754.2254974365233,0.0,0.0,0.0,903.2,72.53370566368103,0.0,2635.4,337.6821891963482,0.0,439.5433653593064,230.83670341968536,0.0,0.0,0.0,0.0
0.0,0.0,0.0,62.0,2001.6827335357664,377.48295879364014,1476.3045126616955,0.0,0.0,0.0,0.0,0.0,0.0,0.0,29.275301438570025,5.888365894556045,1665.097747850418,0.0,0.0,0.0,0.0,3576.2817199707038,0.0,0.0,0.0,903.2,69.27236860990524,0.0,0.0,323.9863088428974,0.0,420.3591637611389,0.0,0.0,0.0,0.0,0.0
0.0,0.0,0.0,0.0,1777.244705438614,347.0181160271168,1391.6425203323363,0.0,0.0,0.0,0.0,0.0,0.0,0.0,0.0,0.0,1621.3657663583756,0.0,0.0,0.0,0.0,0.0,0.0,0.0,0.0,0.0,60.44934360980987,0.0,0.0,0.0,0.0,0.0,0.0,0.0,0.0,0.0,0.0
0.0,0.0,0.0,0.0,0.0,0.0,0.0,0.0,0.0,0.0,0.0,0.0,0.0,0.0,0.0,0.0,1476.4155180692674,0.0,0.0,0.0,0.0,0.0,0.0,0.0,0.0,0.0,0.0,0.0,0.0,298.46302020549774,0.0,0.0,0.0,0.0,0.0,0.0,0.0
0.0,0.0,0.0,0.0,0.0,0.0,0.0,0.0,0.0,0.0,0.0,0.0,0.0,0.0,0.0,0.0,1307.3684257030486,0.0,0.0,0.0,0.0,0.0,0.0,0.0,0.0,0.0,0.0,0.0,0.0,0.0,0.0,0.0,0.0,0.0,0.0,0.0,0.0
0.0,0.0,0.0,0.0,0.0,0.0,0.0,0.0,0.0,0.0,0.0,0.0,0.0,0.0,0.0,0.0,0.0,0.0,0.0,0.0,0.0,0.0,0.0,0.0,0.0,0.0,0.0,0.0,0.0,0.0,0.0,0.0,0.0,0.0,0.0,0.0,0.0
0.0,0.0,0.0,0.0,0.0,0.0,0.0,0.0,0.0,0.0,0.0,0.0,0.0,0.0,0.0,0.0,0.0,0.0,0.0,0.0,0.0,0.0,0.0,0.0,0.0,0.0,0.0,0.0,0.0,0.0,0.0,0.0,0.0,0.0,0.0,0.0,0.0
0.0,0.0,0.0,0.0,0.0,0.0,0.0,0.0,0.0,0.0,0.0,0.0,0.0,0.0,0.0,0.0,0.0,0.0,0.0,0.0,0.0,0.0,0.0,0.0,0.0,0.0,0.0,0.0,0.0,0.0,0.0,0.0,0.0,0.0,0.0,0.0,0.0
0.0,0.0,0.0,0.0,0.0,0.0,0.0,0.0,0.0,0.0,0.0,0.0,0.0,0.0,0.0,0.0,0.0,0.0,0.0,0.0,0.0,0.0,0.0,0.0,0.0,0.0,0.0,0.0,0.0,0.0,0.0,0.0,0.0,0.0,0.0,0.0,0.0
0.0,0.0,0.0,0.0,0.0,0.0,0.0,0.0,0.0,0.0,0.0,0.0,0.0,0.0,0.0,0.0,0.0,0.0,0.0,0.0,0.0,0.0,0.0,0.0,0.0,0.0,0.0,0.0,0.0,0.0,0.0,0.0,0.0,0.0,0.0,0.0,0.0
0.0,0.0,0.0,0.0,0.0,0.0,0.0,0.0,0.0,0.0,0.0,0.0,0.0,0.0,0.0,0.0,0.0,0.0,0.0,0.0,0.0,0.0,0.0,0.0,0.0,0.0,0.0,0.0,0.0,0.0,0.0,0.0,0.0,0.0,0.0,0.0,0.0
0.0,0.0,0.0,0.0,0.0,0.0,0.0,0.0,0.0,0.0,0.0,0.0,0.0,0.0,0.0,0.0,0.0,0.0,0.0,0.0,0.0,0.0,0.0,0.0,0.0,0.0,0.0,0.0,0.0,0.0,0.0,0.0,0.0,0.0,0.0,0.0,0.0
0.0,0.0,0.0,0.0,0.0,0.0,0.0,0.0,0.0,0.0,0.0,0.0,0.0,0.0,0.0,0.0,0.0,0.0,0.0,0.0,0.0,0.0,0.0,0.0,0.0,0.0,0.0,0.0,0.0,0.0,0.0,0.0,0.0,0.0,0.0,0.0,0.0
0.0,0.0,0.0,0.0,0.0,0.0,0.0,0.0,0.0,0.0,0.0,0.0,0.0,0.0,0.0,0.0,0.0,0.0,0.0,0.0,0.0,0.0,0.0,0.0,0.0,0.0,0.0,0.0,0.0,0.0,0.0,0.0,0.0,0.0,0.0,0.0,0.0
0.0,0.0,0.0,0.0,0.0,0.0,0.0,0.0,0.0,0.0,0.0,0.0,0.0,0.0,0.0,0.0,0.0,0.0,0.0,0.0,0.0,0.0,0.0,0.0,0.0,0.0,0.6541769362986042,0.0,0.0,0.0,0.0,0.0,0.0,0.0,0.0,0.0,0.0
0.0,0.0,0.0,0.0,1.38625610247236,0.1062347502447485,0.0,0.0,0.0,0.0,1.9114148858933413,0.0,0.0,1.9248709315433097,0.0,0.0,13.240792644023772,0.0,0.0,0.0,0.0,0.0,0.0,0.0,0.0,0.6551877409218874,0.0,0.0,0.0,0.0,0.0,1.259426668286304,0.0,0.0,0.0,0.0,0.0
0.0,0.0,0.0,0.0334424339234799,2.4824381731449536,0.0,0.0,0.0,0.0,0.0,1.6961078850550764,0.0,0.0,0.0,0.0,0.0,28.922525298595357,0.0,0.0,0.0,0.0,0.0,0.0,0.0,0.0,0.0,0.0,0.0,0.0,1.0981476269662362,0.0,1.3399503529071772,0.0,0.0,0.0,0.0,0.0
0.0,0.0,0.0,0.1233994457870678,67.1087863892316,0.8405782561749128,11.127881433069668,0.0,0.0,0.0,7.041217655362367,0.0,0.0,25.17221946269265,0.0,0.0180857740342617,13.37384345531454,0.0,0.0,0.0,0.0,357.38593978881823,0.0,0.0,0.0,15.134894014894885,0.0,0.0,16.772635534405698,0.889146801084272,0.0,5.710713878273931,1.7220849683508062,0.0,0.0,0.0,0.0
0.0,0.0,0.0,1.6526754610240406,277.9379783272742,17.12785960733889,101.22713333144785,0.0,0.0,0.0,56.27943527474997,0.0,0.0,93.26109843328592,0.0,0.4501326195895672,43.028424000740046,0.0,0.0,0.0,0.0,1140.556945800781,0.0,0.0,0.0,123.8151232600212,1.5626182209700343,0.0,222.5412862986326,7.828811863809816,0.0,49.440479353070224,10.654799439012992,0.0,0.0,0.0,0.0
0.0,0.0,0.0,6.308410927653307,703.5886259078978,101.80243917554613,445.64265344738953,0.0,0.0,0.0,254.26021306663745,0.0,0.0,236.1825154349207,0.0,1.1760653629899018,200.98768318891524,0.0,0.0,0.0,0.0,2151.0241821289064,0.0,0.0,0.0,477.1116126060486,6.861202791333196,0.0,1042.702919977903,32.230419779568884,0.0,209.1995548605919,41.90103653073309,0.0,0.0,0.0,0.0
0.0,0.0,0.0,15.619722723960871,1251.9204466342926,233.08213502168653,928.7639776527882,0.0,0.0,0.0,701.2540414005518,0.0,0.0,460.8284436166287,0.0,0.0,509.6855750977993,0.0,0.0,0.0,0.0,2891.1392517089844,0.0,0.0,0.0,732.8093710899353,18.7174782782793,0.0,1757.5057927966118,89.6086999192834,0.0,367.60103952884674,113.83150565624236,0.0,0.0,0.0,0.0
0.0,0.0,0.0,31.14453792572021,1627.2193739414215,330.92795568704605,1269.2491749346257,0.0,0.0,0.0,1374.2934783518317,0.0,0.0,750.0868035852909,26.378999787569047,3.3302329182624817,920.5778891801834,0.0,0.0,0.0,0.0,3350.9676055908203,0.0,0.0,0.0,851.1209644317628,40.65165143609046,0.0,2162.3985223054888,176.31726735830304,0.0,447.33521258831024,179.0052917599678,0.0,0.0,0.0,0.0
0.0,0.0,0.0,46.81910908222199,1830.106439590454,363.6437128484249,1428.2085609734058,0.0,0.0,0.0,1785.6780724406242,0.0,0.0,924.9049566686152,29.476864939928056,0.0,1236.7425301074982,0.0,0.0,0.0,0.0,3555.38024597168,0.0,0.0,0.0,870.5131622314453,54.349602448940274,0.0,2317.4410494089125,268.6156403779984,0.0,463.837342619896,208.69195526838303,0.0,0.0,0.0,0.0
0.0,0.0,0.0,58.04703998565674,1916.2564346790316,382.9885679781437,1474.7654806494716,0.0,0.0,0.0,2026.3317883074285,0.0,0.0,1061.5778005123138,30.33217504620552,0.0,1456.3556721687316,0.0,0.0,0.0,0.0,3633.4087036132814,0.0,0.0,0.0,853.7379873275756,61.230204129219054,0.0,2363.585010230541,302.5541879415512,0.0,463.0550792217255,0.0,0.0,0.0,0.0,0.0
0.0,0.0,0.0,62.0,1924.1357436180117,388.5850621759892,1445.6932339370253,0.0,0.0,0.0,2080.2497503995896,0.0,0.0,1150.8090735971928,29.43029637336731,0.0,1568.521367073059,0.0,0.0,0.0,0.0,3599.0379943847656,0.0,0.0,0.0,817.4673054218293,62.97718404531479,0.0,2349.927508711815,317.6545444726944,0.0,450.4722678661346,0.0,0.0,0.0,0.0,0.0
0.0,0.0,0.0,62.0,1874.30362033844,380.1341132223606,1378.5895342469216,0.0,0.0,0.0,1989.6903959572317,0.0,0.0,0.0,27.287985402345655,0.0,1575.7258448123932,0.0,0.0,0.0,0.0,0.0,0.0,0.0,0.0,768.8971757888794,60.542186689376834,0.0,2275.0810388326645,310.29991787672043,0.0,421.6578767299652,0.0,0.0,0.0,0.0,0.0
0.0,0.0,0.0,0.0,0.0,0.0,1271.5425366282464,0.0,0.0,0.0,0.0,0.0,0.0,0.0,0.0,0.0,1537.5312530040742,0.0,0.0,0.0,0.0,0.0,0.0,0.0,0.0,687.0012956142425,51.67738171815872,0.0,0.0,0.0,0.0,0.0,0.0,0.0,0.0,0.0,0.0
0.0,0.0,0.0,0.0,0.0,0.0,0.0,0.0,0.0,0.0,0.0,0.0,0.0,0.0,0.0,0.0,1393.4170614480972,0.0,0.0,0.0,0.0,0.0,0.0,0.0,0.0,0.0,0.0,0.0,0.0,0.0,0.0,0.0,0.0,0.0,0.0,0.0,0.0
0.0,0.0,0.0,0.0,0.0,0.0,0.0,0.0,0.0,0.0,0.0,0.0,0.0,0.0,0.0,0.0,0.0,0.0,0.0,0.0,0.0,0.0,0.0,0.0,0.0,0.0,0.0,0.0,0.0,0.0,0.0,0.0,0.0,0.0,0.0,0.0,0.0
0.0,0.0,0.0,0.0,0.0,0.0,0.0,0.0,0.0,0.0,0.0,0.0,0.0,0.0,0.0,0.0,0.0,0.0,0.0,0.0,0.0,0.0,0.0,0.0,0.0,0.0,0.0,0.0,0.0,0.0,0.0,0.0,0.0,0.0,0.0,0.0,0.0
0.0,0.0,0.0,0.0,0.0,0.0,0.0,0.0,0.0,0.0,0.0,0.0,0.0,0.0,0.0,0.0,0.0,0.0,0.0,0.0,0.0,0.0,0.0,0.0,0.0,0.0,0.0,0.0,0.0,0.0,0.0,0.0,0.0,0.0,0.0,0.0,0.0
0.0,0.0,0.0,0.0,0.0,0.0,0.0,0.0,0.0,0.0,0.0,0.0,0.0,0.0,0.0,0.0,0.0,0.0,0.0,0.0,0.0,0.0,0.0,0.0,0.0,0.0,0.0,0.0,0.0,0.0,0.0,0.0,0.0,0.0,0.0,0.0,0.0
0.0,0.0,0.0,0.0,0.0,0.0,0.0,0.0,0.0,0.0,0.0,0.0,0.0,0.0,0.0,0.0,0.0,0.0,0.0,0.0,0.0,0.0,0.0,0.0,0.0,0.0,0.0,0.0,0.0,0.0,0.0,0.0,0.0,0.0,0.0,0.0,0.0
0.0,0.0,0.0,0.0,0.0,0.0,0.0,0.0,0.0,0.0,0.0,0.0,0.0,0.0,0.0,0.0,0.0,0.0,0.0,0.0,0.0,0.0,0.0,0.0,0.0,0.0,0.0,0.0,0.0,0.0,0.0,0.0,0.0,0.0,0.0,0.0,0.0
0.0,0.0,0.0,0.0,0.0,0.0,0.0,0.0,0.0,0.0,0.0,0.0,0.0,0.0,0.0,0.0,0.0,0.0,0.0,0.0,0.0,0.0,0.0,0.0,0.0,0.0,0.0,0.0,0.0,0.0,0.0,0.0,0.0,0.0,0.0,0.0,0.0
0.0,0.0,0.0,0.0,0.0,0.0,0.0,0.0,0.0,0.0,0.0,0.0,0.0,0.0,0.0,0.0,0.0,0.0,0.0,0.0,0.0,0.0,0.0,0.0,0.0,0.0,0.0,0.0,0.0,0.0,0.0,0.0,0.0,0.0,0.0,0.0,0.0
0.0,0.0,0.0,0.0,0.0,0.0,0.0,0.0,0.0,0.0,0.0,0.0,0.0,0.0,0.0,0.0,0.0,0.0,0.0,0.0,0.0,0.0,0.0,0.0,0.0,0.0,0.0,0.0,0.0,0.0,0.0,0.0,0.0,0.0,0.0,0.0,0.0
0.0,0.0,0.0,0.0,0.0,0.0,0.0,0.0,0.0,0.0,0.0,0.0,0.0,0.0,0.0,0.0,0.0,0.0,0.0,0.0,0.0,0.0,0.0,0.0,0.0,0.0,0.0,0.0,0.0,0.0,0.0,0.0,0.0,0.0,0.0,0.0,0.0
0.0,0.0,0.0,0.0,0.0,0.1421816525980494,0.0,0.0,0.0,0.0,0.0,0.0,0.0,0.0,0.0,0.0,0.0,0.0,0.0,0.0,0.0,0.0,0.0,0.0,0.0,0.0,0.0,0.0,0.0,0.0,0.0,0.0,0.0,0.0,0.0,0.0,0.0
0.0,0.0,0.0,0.0338932834565612,0.0,0.0151256015524268,0.0,0.0,0.0,0.0,1.7957938016392074,0.0,0.0,0.0,0.0,0.0,0.0,0.0,0.0,0.0,0.0,0.0,0.0,0.0,0.0,0.0,0.0666208505630398,0.0,0.0,0.6353232644498295,0.0,1.1308076530694693,0.0,0.0,0.0,0.0,0.0
0.0,0.0,0.0,0.0326521191745943,3.516449276357803,0.0,0.0,0.0,0.0,0.0,1.5865048694423485,0.0,0.0,0.0,0.0548727259039865,0.0,39.84372321367261,0.0,0.0,0.0,0.0,53.22196197509752,0.0,0.0,0.0,0.0,0.0,0.0,0.0,0.8221558272838272,0.0,1.238139674067478,0.0,0.0,0.0,0.0,0.0
0.0,0.0,0.0,0.1427615508437152,61.99381922185403,1.2195878070779025,7.868034835159694,0.0,0.0,0.0,4.834027409972616,0.0,0.0,17.10285528562952,0.4117772776633495,0.0,15.540408301353349,0.0,0.0,0.0,0.0,339.715496063232,0.0,0.0,0.0,23.67396114170551,0.5572110258042777,0.0,14.992267230153017,0.8528176777064497,0.0,6.495439678430524,3.2369178272783627,0.0,0.0,0.0,0.0
0.0,0.0,0.0,2.090800389647482,271.1751139760016,23.013881787657716,83.68748360574239,0.0,0.0,0.0,57.915112426877016,0.0,0.0,88.88948604464524,2.3400869451463207,0.7814968675374978,45.115930557250806,0.0,0.0,0.0,0.0,1056.455164337158,0.0,0.0,0.0,179.46980659961696,4.053021559119216,0.0,187.2750435873865,7.15180558711287,0.0,52.723372519016266,18.099931690841903,0.0,0.0,0.0,0.0
0.0,0.0,0.0,7.025027021765708,694.1022522449493,135.18437816202638,376.6742090791463,0.0,0.0,0.0,263.66874291449767,0.0,0.0,285.7852701097726,7.204662913084028,1.495667859911918,186.83281737565983,0.0,0.0,0.0,0.0,2053.606555175781,0.0,0.0,0.0,558.0817475795745,13.52050905227661,0.0,860.9693198621272,29.4855178594589,0.0,218.8342655301094,67.66459459066391,0.0,0.0,0.0,0.0
0.0,0.0,0.0,16.877058923244473,1262.2393610477448,262.056383728981,806.0006299197673,0.0,0.0,0.0,721.2384368896485,0.0,0.0,607.4853111803532,16.12954365313053,2.375591367483139,463.3895616769789,0.0,0.0,0.0,0.0,2777.843783569336,0.0,0.0,0.0,821.0929254531859,34.42466222643852,0.0,1494.549289894104,86.43382624685765,0.0,378.7569315433502,137.0418121218681,0.0,0.0,0.0,0.0
0.0,0.0,0.0,32.59794008731842,1670.5073308944702,355.8996709883213,1192.5681175649163,0.0,0.0,0.0,1416.6833298683166,0.0,0.0,951.9777861237526,23.368051886558533,3.307678282260894,846.0530103445052,0.0,0.0,0.0,0.0,3265.87412109375,0.0,0.0,0.0,903.2,52.76516523361206,0.0,2013.3535461306567,175.96728469729422,0.0,465.5158306360245,192.8642386198044,0.0,0.0,0.0,0.0
0.0,0.0,0.0,47.04230546951294,1906.6025691032407,385.84618973732,1404.5314034461976,0.0,0.0,0.0,1818.395209372044,0.0,0.0,1112.522278726101,27.7070188164711,4.619437098503113,1164.4261353969573,0.0,0.0,0.0,0.0,3466.548370361328,0.0,0.0,0.0,903.2,64.90958087444305,0.0,2207.5501956224443,269.8316643536091,0.0,479.9514088630676,214.0782692432404,0.0,0.0,0.0,0.0
0.0,0.0,0.0,58.49953031539918,2028.839251756668,402.5080341100693,1510.955172431469,0.0,0.0,0.0,2058.047518616915,0.0,0.0,1229.2422798275948,29.119800209999084,5.636777639389037,1387.4427061796189,0.0,0.0,0.0,0.0,3540.076037597656,0.0,0.0,0.0,903.2,71.1724968791008,0.0,2308.0530388474463,308.04641098976134,0.0,478.3747898340225,225.5358241200447,0.0,0.0,0.0,0.0
0.0,0.0,0.0,62.0,2055.973446130752,404.71173620224,1521.1,0.0,0.0,0.0,2124.2701425194746,0.0,0.0,0.0,28.886114251613616,6.140014976263045,1512.5145136356357,0.0,0.0,0.0,0.0,3517.150009155273,0.0,0.0,0.0,903.2,72.18342819213868,0.0,2341.4034495949745,321.39151204228403,0.0,465.2409027814865,0.0,0.0,0.0,0.0,0.0
0.0,0.0,0.0,62.0,0.0,392.5179481208325,0.0,0.0,0.0,0.0,2059.588415426016,0.0,0.0,0.0,27.620555555820467,0.0,1537.3074383735657,0.0,0.0,0.0,0.0,0.0,0.0,0.0,0.0,842.1430233001709,69.13580815792083,0.0,2309.9267139077187,0.0,0.0,440.16871678829193,0.0,0.0,0.0,0.0,0.0
0.0,0.0,0.0,58.41769742965698,0.0,0.0,0.0,0.0,0.0,0.0,1868.071568876505,0.0,0.0,0.0,24.50963555574417,0.0,0.0,0.0,0.0,0.0,0.0,0.0,0.0,0.0,0.0,768.5828875541687,0.0,0.0,0.0,0.0,0.0,383.455607175827,0.0,0.0,0.0,0.0,0.0
0.0,0.0,0.0,0.0,0.0,0.0,0.0,0.0,0.0,0.0,0.0,0.0,0.0,0.0,0.0,0.0,0.0,0.0,0.0,0.0,0.0,0.0,0.0,0.0,0.0,0.0,0.0,0.0,0.0,0.0,0.0,0.0,0.0,0.0,0.0,0.0,0.0
0.0,0.0,0.0,0.0,0.0,0.0,0.0,0.0,0.0,0.0,0.0,0.0,0.0,0.0,0.0,0.0,0.0,0.0,0.0,0.0,0.0,0.0,0.0,0.0,0.0,0.0,0.0,0.0,0.0,0.0,0.0,0.0,0.0,0.0,0.0,0.0,0.0
0.0,0.0,0.0,0.0,0.0,0.0,0.0,0.0,0.0,0.0,0.0,0.0,0.0,0.0,0.0,0.0,0.0,0.0,0.0,0.0,0.0,0.0,0.0,0.0,0.0,0.0,0.0,0.0,0.0,0.0,0.0,0.0,0.0,0.0,0.0,0.0,0.0
0.0,0.0,0.0,0.0,0.0,0.0,0.0,0.0,0.0,0.0,0.0,0.0,0.0,0.0,0.0,0.0,0.0,0.0,0.0,0.0,0.0,0.0,0.0,0.0,0.0,0.0,0.0,0.0,0.0,0.0,0.0,0.0,0.0,0.0,0.0,0.0,0.0
0.0,0.0,0.0,0.0,0.0,0.0,0.0,0.0,0.0,0.0,0.0,0.0,0.0,0.0,0.0,0.0,0.0,0.0,0.0,0.0,0.0,0.0,0.0,0.0,0.0,0.0,0.0,0.0,0.0,0.0,0.0,0.0,0.0,0.0,0.0,0.0,0.0
0.0,0.0,0.0,0.0,0.0,0.0,0.0,0.0,0.0,0.0,0.0,0.0,0.0,0.0,0.0,0.0,0.0,0.0,0.0,0.0,0.0,0.0,0.0,0.0,0.0,0.0,0.0,0.0,0.0,0.0,0.0,0.0,0.0,0.0,0.0,0.0,0.0
0.0,0.0,0.0,0.0,0.0,0.0,0.0,0.0,0.0,0.0,0.0,0.0,0.0,0.0,0.0,0.0,0.0,0.0,0.0,0.0,0.0,0.0,0.0,0.0,0.0,0.0,0.0,0.0,0.0,0.0,0.0,0.0,0.0,0.0,0.0,0.0,0.0
0.0,0.0,0.0,0.0,0.0,0.0,0.0,0.0,0.0,0.0,0.0,0.0,0.0,0.0,0.0,0.0,0.0,0.0,0.0,0.0,0.0,0.0,0.0,0.0,0.0,0.0,0.0,0.0,0.0,0.0,0.0,0.0,0.0,0.0,0.0,0.0,0.0
0.0,0.0,0.0,0.0,0.0,0.0,0.0,0.0,0.0,0.0,0.0,0.0,0.0,0.0,0.0,0.0,0.0,0.0,0.0,0.0,0.0,0.0,0.0,0.0,0.0,0.0,0.0,0.0,0.0,0.0,0.0,0.0,0.0,0.0,0.0,0.0,0.0
0.0,0.0,0.0,0.0,0.0,0.0,0.0,0.0,0.0,0.0,0.0,0.0,0.0,0.0,0.0,0.0,0.0,0.0,0.0,0.0,0.0,0.0,0.0,0.0,0.0,0.0,0.0,0.0,0.0,0.0,0.0,0.0,0.0,0.0,0.0,0.0,0.0
0.0,0.0,0.0,0.0,0.0,0.0,0.0,0.0,0.0,0.0,0.0,0.0,0.0,0.0,0.0,0.0,0.0,0.0,0.0,0.0,0.0,0.0,0.0,0.0,0.0,0.0,0.0,0.0,0.0,0.3195844046771379,0.0,0.0,0.0,0.0,0.0,0.0,0.0
0.0,0.0,0.0,0.036317696794866,0.0,0.0,0.0,0.0,0.0,0.0,0.0,0.0,0.0,0.0,0.0739385046064828,0.0,0.0,0.0,0.0,0.0,0.0,0.0,0.0,0.0,0.0,0.0,0.0,0.0,0.0,0.0,0.0,0.0,0.0,0.0,0.0,0.0,0.0
0.0,0.0,0.0,0.0356394592672529,1.374727632850226,0.0,0.0,0.0,0.0,0.0,1.8232109780887369,0.0,0.0,0.0,0.0655401997268179,0.0268564308062193,14.919402372836997,0.0,0.0,0.0,0.0,27.193084526061902,0.0,0.0,0.0,0.0,0.5386839857324952,0.0,0.0,0.5382913507521045,0.0,0.9916034489869968,0.0,0.0,0.0,0.0,0.0
0.0,0.0,0.0,0.0373806692659842,2.977856911718832,0.0,0.0,0.0,0.0,0.0,1.5680226177907548,0.0,0.0,0.0,0.0474051542580099,0.0062579782679674,33.0727177858351,0.0,0.0,0.0,0.0,16.489685630798235,0.0,0.0,0.0,0.0,0.0615093816071712,0.0,0.0,0.8014841929077736,0.0,1.0641254484653002,0.0,0.0,0.0,0.0,0.0
0.0,0.0,0.0,0.1526265405118426,15.751563834026411,0.7392158508300557,12.322801527008284,0.0,0.0,0.0,15.115289519866844,0.0,0.0,23.03221229929471,0.4334274820983392,0.0878578289411953,14.38529927730546,0.0,0.0,0.0,0.0,247.32109451293925,0.0,0.0,0.0,0.0,0.8729090303182602,0.0,19.676160351931998,0.8172119736671156,0.0,4.947943374514524,2.1561138462275,0.0,0.0,0.0,0.0
0.0,0.0,0.0,1.8205514326691568,111.658190459013,12.368812424130711,82.02957327030589,0.0,0.0,0.0,104.5525676473974,0.0,0.0,117.14997766539446,2.5955158151686164,0.4661618173122404,39.33370531797405,0.0,0.0,0.0,0.0,928.7793571472168,0.0,0.0,0.0,45.53515937328333,4.333379549533126,0.0,254.87156674265844,5.909492494165897,0.0,58.00339479744432,11.894650079309937,0.0,0.0,0.0,0.0
0.0,0.0,0.0,6.576574012637138,343.7841824889182,81.95402385294436,279.97723574191326,0.0,0.0,0.0,422.0338293105362,0.0,0.0,373.4238283336162,8.001565128564833,1.195643469691276,184.84293861389145,0.0,0.0,0.0,0.0,2036.293817138672,0.0,0.0,0.0,192.13307068347925,12.4220712929964,0.0,919.6976759672164,24.54862751998006,0.0,234.4147306084633,47.09559401869774,0.0,0.0,0.0,0.0
0.0,0.0,0.0,15.98543006181717,750.0441727638243,223.418383449316,583.5738303124905,0.0,0.0,0.0,1062.3287344038486,0.0,0.0,789.6102775633335,16.95913006067276,2.1879597008228298,467.73795145750046,0.0,0.0,0.0,0.0,2796.625369262695,0.0,0.0,0.0,442.8923639774322,30.967191094160075,0.0,1454.848678946495,71.94213775992392,0.0,397.5411924123764,124.3729430437088,0.0,0.0,0.0,0.0
0.0,0.0,0.0,31.14331102371216,1232.5746262073517,323.9887318909168,975.9631655335428,0.0,0.0,0.0,1792.3666386902332,0.0,0.0,1199.4145776331425,24.726808387041093,0.0,849.3641431093215,0.0,0.0,0.0,0.0,3319.3102447509764,0.0,0.0,0.0,643.2348016262055,50.97943143844604,0.0,1837.1306995749476,145.8880592226982,0.0,483.69196343421936,186.83017891645432,0.0,0.0,0.0,0.0
0.0,0.0,0.0,45.52173781394959,1552.0459008216858,355.6184996366501,1225.0884306371213,0.0,0.0,0.0,2177.37208840847,0.0,0.0,1363.121556341648,28.562927269935606,0.0,1175.1979192733766,0.0,0.0,0.0,0.0,3496.464462280273,0.0,0.0,0.0,699.6425412178039,61.169290125370026,0.0,2004.040777885914,259.5722777366638,0.0,500.0177334547043,212.7893268465996,0.0,0.0,0.0,0.0
0.0,0.0,0.0,56.34813916683198,1718.43776512146,373.8921890556812,1350.6069856643676,0.0,0.0,0.0,2275.3,0.0,0.0,1444.748022258282,30.16233859062195,0.0,1405.505380344391,0.0,0.0,0.0,0.0,3540.149642944336,0.0,0.0,0.0,700.8545266628265,65.03233953714371,0.0,2067.115673708916,302.66311673521994,0.0,497.3073151111603,223.7295583486557,0.0,0.0,0.0,0.0
0.0,0.0,0.0,61.84350347518921,1797.6456744670868,377.81945955753326,1411.1014155089856,0.0,0.0,0.0,2275.3,0.0,0.0,0.0,29.8938208758831,0.0,1531.9346615314485,0.0,0.0,0.0,0.0,3470.2862182617187,0.0,0.0,0.0,682.634045791626,64.6781053185463,0.0,2053.536399066448,316.7899558544159,0.0,475.01185739040375,222.1350804567337,0.0,0.0,0.0,0.0
0.0,0.0,0.0,61.72236168384551,0.0,367.4244229495525,0.0,0.0,0.0,0.0,2275.3,0.0,0.0,0.0,28.073711496591567,0.0,1551.3339723587037,0.0,0.0,0.0,0.0,3298.0214599609376,0.0,0.0,0.0,656.9364335536957,62.49188550710678,0.0,2025.003695738316,306.9346765518188,0.0,445.0735703706741,0.0,0.0,0.0,0.0,0.0
0.0,0.0,0.0,54.68038022518158,0.0,334.68112084269524,0.0,0.0,0.0,0.0,2093.3602570295334,0.0,0.0,0.0,24.90177263617516,0.0,1496.080930519104,0.0,0.0,0.0,0.0,0.0,0.0,0.0,0.0,0.0,0.0,0.0,0.0,296.30452434420584,0.0,387.11546313762665,0.0,0.0,0.0,0.0,0.0
0.0,0.0,0.0,0.0,0.0,0.0,0.0,0.0,0.0,0.0,0.0,0.0,0.0,0.0,0.0,0.0,0.0,0.0,0.0,0.0,0.0,0.0,0.0,0.0,0.0,0.0,0.0,0.0,0.0,0.0,0.0,0.0,0.0,0.0,0.0,0.0,0.0
0.0,0.0,0.0,0.0,0.0,0.0,0.0,0.0,0.0,0.0,0.0,0.0,0.0,0.0,0.0,0.0,0.0,0.0,0.0,0.0,0.0,0.0,0.0,0.0,0.0,0.0,0.0,0.0,0.0,0.0,0.0,0.0,0.0,0.0,0.0,0.0,0.0
0.0,0.0,0.0,0.0,0.0,0.0,0.0,0.0,0.0,0.0,0.0,0.0,0.0,0.0,0.0,0.0,0.0,0.0,0.0,0.0,0.0,0.0,0.0,0.0,0.0,0.0,0.0,0.0,0.0,0.0,0.0,0.0,0.0,0.0,0.0,0.0,0.0
0.0,0.0,0.0,0.0,0.0,0.0,0.0,0.0,0.0,0.0,0.0,0.0,0.0,0.0,0.0,0.0,0.0,0.0,0.0,0.0,0.0,0.0,0.0,0.0,0.0,0.0,0.0,0.0,0.0,0.0,0.0,0.0,0.0,0.0,0.0,0.0,0.0
0.0,0.0,0.0,0.0,0.0,0.0,0.0,0.0,0.0,0.0,0.0,0.0,0.0,0.0,0.0,0.0,0.0,0.0,0.0,0.0,0.0,0.0,0.0,0.0,0.0,0.0,0.0,0.0,0.0,0.0,0.0,0.0,0.0,0.0,0.0,0.0,0.0
0.0,0.0,0.0,0.0,0.0,0.0,0.0,0.0,0.0,0.0,0.0,0.0,0.0,0.0,0.0,0.0,0.0,0.0,0.0,0.0,0.0,0.0,0.0,0.0,0.0,0.0,0.0,0.0,0.0,0.0,0.0,0.0,0.0,0.0,0.0,0.0,0.0
0.0,0.0,0.0,0.0,0.0,0.0,0.0,0.0,0.0,0.0,0.0,0.0,0.0,0.0,0.0,0.0,0.0,0.0,0.0,0.0,0.0,0.0,0.0,0.0,0.0,0.0,0.0,0.0,0.0,0.0,0.0,0.0,0.0,0.0,0.0,0.0,0.0
0.0,0.0,0.0,0.0,0.0,0.0,0.0,0.0,0.0,0.0,0.0,0.0,0.0,0.0,0.0,0.0,0.0,0.0,0.0,0.0,0.0,0.0,0.0,0.0,0.0,0.0,0.0,0.0,0.0,0.0,0.0,0.0,0.0,0.0,0.0,0.0,0.0
0.0,0.0,0.0,0.0,0.0,0.0,0.0,0.0,0.0,0.0,0.0,0.0,0.0,0.0,0.0,0.0,0.0,0.0,0.0,0.0,0.0,0.0,0.0,0.0,0.0,0.0,0.0,0.0,0.0,0.0,0.0,0.0,0.0,0.0,0.0,0.0,0.0
0.0,0.0,0.0,0.0,0.0,0.0,0.0,0.0,0.0,0.0,0.0,0.0,0.0,0.0,0.0,0.0,0.0,0.0,0.0,0.0,0.0,0.0,0.0,0.0,0.0,0.0,0.0,0.0,0.0,0.0,0.0,0.0,0.0,0.0,0.0,0.0,0.0
0.0,0.0,0.0,0.0,0.0,0.0,3.841341171041081,0.0,0.0,0.0,0.0,0.0,0.0,0.0,0.0,0.0,0.0,0.0,0.0,0.0,0.0,0.0,0.0,0.0,0.0,0.0,0.0,0.0,0.0,0.4034717597067239,0.0,0.0,0.0,0.0,0.0,0.0,0.0
0.0,0.0,0.0,0.0,0.0,0.1662814007140628,3.0993588782846446,0.0,0.0,0.0,0.0,0.0,0.0,0.0,0.0,0.0,0.0,0.0,0.0,0.0,0.0,22.669589519500587,0.0,0.0,0.0,0.0,0.6914053313434102,0.0,0.0,0.0,0.0,0.0,0.0,0.0,0.0,0.0,0.0
0.0,0.0,0.0,0.0,1.5051018148660185,0.051899184938505,0.511909473314804,0.0,0.0,0.0,1.944356395071284,0.0,0.0,0.0,0.0,0.0,14.847269344329796,0.0,0.0,0.0,0.0,25.865030860900635,0.0,0.0,0.0,0.0,0.669856223277738,0.0,0.0,0.5992020875215326,0.0,0.0,0.0,0.0,0.0,0.0,0.0
0.0,0.0,0.0,0.0353973470628244,2.877876505255562,0.0,0.0,0.0,0.0,0.0,1.662838984467065,0.0,0.0,0.0,0.0,0.0,32.725229024887,0.0,0.0,0.0,0.0,37.63470149040192,0.0,0.0,0.0,0.0,0.6192386878654342,0.0,0.0,0.8740926496684425,0.0,1.1882906109094498,0.0,0.0,0.0,0.0,0.0
0.0,0.0,0.0,0.1379720252007198,53.61515215784292,0.9025868186727024,8.050191400200111,0.0,0.0,0.0,20.67231794884424,0.0,0.0,32.37862030044183,0.4272181916981905,0.0919170016422866,15.193225967883944,0.0,0.0,0.0,0.0,206.6680942535397,0.0,0.0,0.0,1.0464666336774535,2.025741269811985,0.0,8.821494036912721,1.1227409556507773,0.0,5.176099047064773,2.740223992615922,0.0,0.0,0.0,0.0
0.0,0.0,0.0,1.950019851326941,236.50252228975296,17.60150625556705,85.02809608578671,0.0,0.0,0.0,114.40383239574724,0.0,0.0,150.92245677486062,0.0,0.466529488563537,49.012830090522606,0.0,0.0,0.0,0.0,730.2837989807126,0.0,0.0,0.0,85.81056005358695,4.919970958679911,0.0,116.65474928170444,9.371939997747516,0.0,54.92888183891769,15.011593487113707,0.0,0.0,0.0,0.0
0.0,0.0,0.0,7.0811559408903095,608.0110306739806,110.446515455842,391.9048234641552,0.0,0.0,0.0,474.0872072622179,0.0,0.0,451.7213303595781,9.157024803757668,1.1220747381448737,207.8011594653129,0.0,0.0,0.0,0.0,1760.6159912109374,0.0,0.0,0.0,365.1657288074493,11.50344968885183,0.0,667.322457653284,37.229733593016846,0.0,228.64931911230087,58.84967724978924,0.0,0.0,0.0,0.0
0.0,0.0,0.0,17.174721240997314,1139.027744293213,246.39994317293167,807.7601583003998,0.0,0.0,0.0,1157.6865407824516,0.0,0.0,0.0,18.585611361265183,1.9939418286085129,511.86436640024175,0.0,0.0,0.0,0.0,2524.4884765625,0.0,0.0,0.0,655.3921251773834,25.51875625252724,0.0,1322.0346800208092,105.22697197794916,0.0,391.28538167476654,130.4066709280014,0.0,0.0,0.0,0.0
0.0,0.0,0.0,33.53813135623932,1510.309514284134,342.83695298433304,1174.791595172882,0.0,0.0,0.0,1891.311688643694,0.0,0.0,0.0,25.28391773700714,2.7733787298202506,917.6561644554138,0.0,0.0,0.0,0.0,3044.51676940918,0.0,0.0,0.0,799.0566796302795,45.91922313570976,0.0,1865.2944170951844,198.05719586610795,0.0,470.6082752943039,187.3650188446045,0.0,0.0,0.0,0.0
0.0,0.0,0.0,48.439151883125305,1738.5262002944946,375.59736755490303,1352.3036834597588,0.0,0.0,0.0,2275.3,0.0,0.0,0.0,28.54049971103668,3.865421235561371,1249.5704423666,0.0,0.0,0.0,0.0,3248.2786407470703,0.0,0.0,0.0,837.7049805641176,58.32979732751846,0.0,2066.0564692378043,283.6082865059376,0.0,482.7382558584213,209.4111643433571,0.0,0.0,0.0,0.0
0.0,0.0,0.0,59.384806632995605,1850.0957417488096,394.3123615980148,1430.806918466091,0.0,0.0,0.0,2275.3,0.0,0.0,0.0,29.237105548381805,4.514008045196533,1470.5090671300889,0.0,0.0,0.0,0.0,3318.684463500977,0.0,0.0,0.0,824.5426668167114,65.51275652647018,0.0,2160.253095245361,319.39799093604086,0.0,480.7671142816544,219.75916868448255,0.0,0.0,0.0,0.0
0.0,0.0,0.0,62.0,1886.5177915096283,398.4364121258259,1439.987799739837,0.0,0.0,0.0,2275.3,0.0,0.0,0.0,28.51622480750084,4.772964060306548,1575.3944128513335,0.0,0.0,0.0,0.0,3267.081683349609,0.0,0.0,0.0,777.8060467243195,66.93750153779983,0.0,2166.886043190956,329.32161725759505,0.0,461.34727561473846,217.9838843345642,0.0,0.0,0.0,0.0
0.0,0.0,0.0,62.0,1843.5440080165863,388.0477095246315,1389.2971171438692,0.0,0.0,0.0,2275.3,0.0,0.0,0.0,26.90959775447845,4.662233412265778,1578.9809626340866,0.0,0.0,0.0,0.0,3122.275521850586,0.0,0.0,0.0,719.6520639896393,64.53607800006867,0.0,2096.47792750597,318.4247312605381,0.0,435.4367785453797,0.0,0.0,0.0,0.0,0.0
0.0,0.0,0.0,0.0,1622.7514514923096,0.0,1272.5876277625562,0.0,0.0,0.0,0.0,0.0,0.0,0.0,0.0,3.6123820543289176,1528.2221087694168,0.0,0.0,0.0,0.0,2548.0617431640626,0.0,0.0,0.0,635.6002031326294,55.40771621465683,0.0,0.0,307.43035059571264,0.0,376.3067294359207,0.0,0.0,0.0,0.0,0.0
0.0,0.0,0.0,0.0,0.0,0.0,0.0,0.0,0.0,0.0,0.0,0.0,0.0,0.0,0.0,0.0,0.0,0.0,0.0,0.0,0.0,0.0,0.0,0.0,0.0,0.0,0.0,0.0,0.0,294.3800531744957,0.0,0.0,0.0,0.0,0.0,0.0,0.0
0.0,0.0,0.0,0.0,0.0,0.0,0.0,0.0,0.0,0.0,0.0,0.0,0.0,0.0,0.0,0.0,0.0,0.0,0.0,0.0,0.0,0.0,0.0,0.0,0.0,0.0,0.0,0.0,0.0,0.0,0.0,0.0,0.0,0.0,0.0,0.0,0.0
0.0,0.0,0.0,0.0,0.0,0.0,0.0,0.0,0.0,0.0,0.0,0.0,0.0,0.0,0.0,0.0,0.0,0.0,0.0,0.0,0.0,0.0,0.0,0.0,0.0,0.0,0.0,0.0,0.0,0.0,0.0,0.0,0.0,0.0,0.0,0.0,0.0
0.0,0.0,0.0,0.0,0.0,0.0,0.0,0.0,0.0,0.0,0.0,0.0,0.0,0.0,0.0,0.0,0.0,0.0,0.0,0.0,0.0,0.0,0.0,0.0,0.0,0.0,0.0,0.0,0.0,0.0,0.0,0.0,0.0,0.0,0.0,0.0,0.0
0.0,0.0,0.0,0.0,0.0,0.0,0.0,0.0,0.0,0.0,0.0,0.0,0.0,0.0,0.0,0.0,0.0,0.0,0.0,0.0,0.0,0.0,0.0,0.0,0.0,0.0,0.0,0.0,0.0,0.0,0.0,0.0,0.0,0.0,0.0,0.0,0.0
0.0,0.0,0.0,0.0,0.0,0.0,0.0,0.0,0.0,0.0,0.0,0.0,0.0,0.0,0.0,0.0,0.0,0.0,0.0,0.0,0.0,0.0,0.0,0.0,0.0,0.0,0.0,0.0,0.0,0.0,0.0,0.0,0.0,0.0,0.0,0.0,0.0
0.0,0.0,0.0,0.0,0.0,0.0,0.0,0.0,0.0,0.0,0.0,0.0,0.0,0.0,0.0,0.0,0.0,0.0,0.0,0.0,0.0,0.0,0.0,0.0,0.0,0.0,0.0,0.0,0.0,0.0,0.0,0.0,0.0,0.0,0.0,0.0,0.0
0.0,0.0,0.0,0.0,0.0,0.0,0.0,0.0,0.0,0.0,0.0,0.0,0.0,0.0,0.0,0.0,0.0,0.0,0.0,0.0,0.0,0.0,0.0,0.0,0.0,0.0,0.0,0.0,0.0,0.0,0.0,0.0,0.0,0.0,0.0,0.0,0.0
0.0,0.0,0.0,0.0,0.0,0.0,0.0,0.0,0.0,0.0,0.0,0.0,0.0,0.0,0.0,0.0,0.0,0.0,0.0,0.0,0.0,0.0,0.0,0.0,0.0,0.0,0.0,0.0,0.0,0.0,0.0,0.0,0.0,0.0,0.0,0.0,0.0
0.0,0.0,0.0,0.0,0.0,0.0,0.0,0.0,0.0,0.0,0.0,0.0,0.0,0.0,0.0,0.0,0.0,0.0,0.0,0.0,0.0,0.0,0.0,0.0,0.0,0.0,0.0,0.0,0.0,0.0,0.0,0.0,0.0,0.0,0.0,0.0,0.0
0.0,0.0,0.0,0.0,0.0,0.0,0.0,0.0,0.0,0.0,0.0,0.0,0.0,2.943471879698272,0.0,0.0,0.0,0.0,0.0,0.0,0.0,0.0,0.0,0.0,0.0,0.0,0.0,0.0,0.2367619663476944,0.0,0.0,0.0,0.0,0.0,0.0,0.0,0.0
0.0,0.0,0.0,0.0,0.0,0.2661235113627799,0.0,0.0,0.0,0.0,1.8702970676123751,0.0,0.0,3.1981562590226504,0.0,0.0,0.0,0.0,0.0,0.0,0.0,0.0,0.0,0.0,0.0,0.0,0.0671897061169143,0.0,0.0,0.0,0.0,0.0,0.0,0.0,0.0,0.0,0.0
0.0,0.0,0.0,0.0328633971512315,1.7340552508829992,0.1448197131976325,2.493770181015121,0.0,0.0,0.0,1.893940236931468,0.0,0.0,0.0,0.0,0.0,0.0,0.0,0.0,0.0,0.0,2.8906989097593705,0.0,0.0,0.0,0.7875982897356048,0.2926666710525704,0.0,0.0,0.0,0.0,1.295349031686725,0.0,0.0,0.0,0.0,0.0
0.0,0.0,0.0,0.0284435357898436,3.249128699302619,0.0,3.30827850736674,0.0,0.0,0.0,1.661052635218926,0.0,0.0,0.0,0.0,0.0,0.0,0.0,0.0,0.0,0.0,7.950506305694214,0.0,0.0,0.0,0.0,0.0,0.0,0.0,0.0,0.0,1.4059866815805342,0.0,0.0,0.0,0.0,0.0
0.0,0.0,0.0,0.1718213092535694,22.531465686857533,0.8532599923200599,20.822275810688662,0.0,0.0,0.0,11.485990452300593,0.0,0.0,17.53387745702625,0.2356856357306221,0.0807781838811922,13.176075160503276,0.0,0.0,0.0,0.0,287.01043510437006,0.0,0.0,0.0,1.0045477405190066,0.4759458944201459,0.0,14.695735532045148,6.034808053821293,0.0,6.929024264216372,0.0,0.0,0.0,0.0,0.0
0.0,0.0,0.0,2.2947051748633345,133.13585942983616,11.826636912301158,110.419789673388,0.0,0.0,0.0,68.95621715486033,0.0,0.0,91.30812555551528,1.942188811674711,0.4881845600903025,31.06053110361084,0.0,0.0,0.0,0.0,1045.285824584961,0.0,0.0,0.0,31.715914979577057,2.495828134939068,0.0,159.8280130609869,17.62831319235265,0.0,57.34996122121811,19.088703364133828,0.0,0.0,0.0,0.0
0.0,0.0,0.0,7.597313061356539,385.0821009278296,79.66951660066843,358.49479575902217,0.0,0.0,0.0,294.8169100180268,0.0,0.0,305.57923741638655,6.804127004742622,1.0422993749380107,152.9009382247923,0.0,0.0,0.0,0.0,2123.2858306884764,0.0,0.0,0.0,112.95146617889397,7.393794260919088,0.0,806.911014020443,59.41266711652279,0.0,0.0,71.29907858371735,0.0,0.0,0.0,0.0
0.0,0.0,0.0,17.682994961738586,816.7446109056473,217.47335919737813,707.0105442166329,0.0,0.0,0.0,809.0514499455691,0.0,0.0,679.1879348456858,15.426994094252583,1.7217207849025715,403.7085814833641,0.0,0.0,0.0,0.0,2869.8969116210938,0.0,0.0,0.0,275.0936439752578,16.118571504950523,0.0,1400.7794559001925,146.5306430399418,0.0,0.0,142.20943987369537,0.0,0.0,0.0,0.0
0.0,0.0,0.0,32.66926300525665,1264.4611513614657,315.15524086356163,1097.2126860201358,0.0,0.0,0.0,1504.6366402089595,0.0,0.0,1083.2034331560135,22.99686532616615,2.530442759394645,775.4188412070274,0.0,0.0,0.0,0.0,3336.567846679688,0.0,0.0,0.0,442.1509764432907,34.46528912186623,0.0,1889.2773950338365,236.1184721648693,0.0,481.15812039375305,197.16766983270645,0.0,0.0,0.0,0.0
0.0,0.0,0.0,45.60654926300049,1542.2544345855713,348.61133164167404,1303.0698907256126,0.0,0.0,0.0,1893.139147233963,0.0,0.0,1239.5121882855892,26.69644807577133,3.70072466135025,1099.8261974573136,0.0,0.0,0.0,0.0,3486.6165557861327,0.0,0.0,0.0,517.3953105926514,47.01972267627716,0.0,2063.6135287165644,296.97876288294793,0.0,494.936448097229,217.16865730285645,0.0,0.0,0.0,0.0
0.0,0.0,0.0,54.63699150085449,1719.5767858028412,368.1527805030346,1417.934717643261,0.0,0.0,0.0,2097.382428967953,0.0,0.0,1324.7370690107346,28.31109214425087,4.615116089582442,1334.884632730484,0.0,0.0,0.0,0.0,3507.356423950195,0.0,0.0,0.0,581.1358501434327,55.338941395282745,0.0,2143.6311406970026,322.2414096832275,0.0,490.9731380939484,225.93056654930115,0.0,0.0,0.0,0.0
0.0,0.0,0.0,59.11770784854888,1800.2822847366333,373.0250422358513,1459.2634617090223,0.0,0.0,0.0,2114.8437110364434,0.0,0.0,1357.4717819690704,28.039354652166367,5.07132676243782,1469.7664094924926,0.0,0.0,0.0,0.0,3434.4018463134767,0.0,0.0,0.0,590.9468327522278,58.57156276702881,0.0,2178.084895980358,330.29248701334,0.0,471.0010396242142,224.5205975174904,0.0,0.0,0.0,0.0
0.0,0.0,0.0,60.558216452598565,0.0,363.56834349036217,0.0,0.0,0.0,0.0,1988.799653989077,0.0,0.0,1335.2212999761105,26.4312861263752,5.05485787987709,1503.4869149684905,0.0,0.0,0.0,0.0,3293.379977416992,0.0,0.0,0.0,584.5577050209046,56.888037133216855,0.0,2144.5530554294587,0.0,0.0,0.0,0.0,0.0,0.0,0.0,0.0
0.0,0.0,0.0,53.66390299797058,0.0,332.88676059246063,0.0,0.0,0.0,0.0,1759.6090874612332,0.0,0.0,0.0,23.054722988605494,0.0,0.0,0.0,0.0,0.0,0.0,0.0,0.0,0.0,0.0,0.0,0.0,0.0,0.0,0.0,0.0,0.0,0.0,0.0,0.0,0.0,0.0
0.0,0.0,0.0,0.0,0.0,0.0,0.0,0.0,0.0,0.0,0.0,0.0,0.0,0.0,0.0,0.0,0.0,0.0,0.0,0.0,0.0,0.0,0.0,0.0,0.0,0.0,0.0,0.0,0.0,0.0,0.0,0.0,0.0,0.0,0.0,0.0,0.0
0.0,0.0,0.0,0.0,0.0,0.0,0.0,0.0,0.0,0.0,0.0,0.0,0.0,0.0,0.0,0.0,0.0,0.0,0.0,0.0,0.0,0.0,0.0,0.0,0.0,0.0,0.0,0.0,0.0,0.0,0.0,0.0,0.0,0.0,0.0,0.0,0.0
0.0,0.0,0.0,0.0,0.0,0.0,0.0,0.0,0.0,0.0,0.0,0.0,0.0,0.0,0.0,0.0,0.0,0.0,0.0,0.0,0.0,0.0,0.0,0.0,0.0,0.0,0.0,0.0,0.0,0.0,0.0,0.0,0.0,0.0,0.0,0.0,0.0
0.0,0.0,0.0,0.0,0.0,0.0,0.0,0.0,0.0,0.0,0.0,0.0,0.0,0.0,0.0,0.0,0.0,0.0,0.0,0.0,0.0,0.0,0.0,0.0,0.0,0.0,0.0,0.0,0.0,0.0,0.0,0.0,0.0,0.0,0.0,0.0,0.0
0.0,0.0,0.0,0.0,0.0,0.0,0.0,0.0,0.0,0.0,0.0,0.0,0.0,0.0,0.0,0.0,0.0,0.0,0.0,0.0,0.0,0.0,0.0,0.0,0.0,0.0,0.0,0.0,0.0,0.0,0.0,0.0,0.0,0.0,0.0,0.0,0.0
0.0,0.0,0.0,0.0,0.0,0.0,0.0,0.0,0.0,0.0,0.0,0.0,0.0,0.0,0.0,0.0,0.0,0.0,0.0,0.0,0.0,0.0,0.0,0.0,0.0,0.0,0.0,0.0,0.0,0.0,0.0,0.0,0.0,0.0,0.0,0.0,0.0
0.0,0.0,0.0,0.0,0.0,0.0,0.0,0.0,0.0,0.0,0.0,0.0,0.0,0.0,0.0,0.0,0.0,0.0,0.0,0.0,0.0,0.0,0.0,0.0,0.0,0.0,0.0,0.0,0.0,0.0,0.0,0.0,0.0,0.0,0.0,0.0,0.0
0.0,0.0,0.0,0.0,0.0,0.0,0.0,0.0,0.0,0.0,0.0,0.0,0.0,0.0,0.0,0.0,0.0,0.0,0.0,0.0,0.0,0.0,0.0,0.0,0.0,0.0,0.0,0.0,0.0,0.0,0.0,0.0,0.0,0.0,0.0,0.0,0.0
0.0,0.0,0.0,0.0,0.0,0.0,0.0,0.0,0.0,0.0,0.0,0.0,0.0,0.0,0.0,0.0,0.0,0.0,0.0,0.0,0.0,0.0,0.0,0.0,0.0,0.0,0.0,0.0,0.0,0.0,0.0,0.0,0.0,0.0,0.0,0.0,0.0
0.0,0.0,0.0,0.0,0.0,0.0,0.0,0.0,0.0,0.0,0.0,0.0,0.0,0.0,0.0,0.0,0.0,0.0,0.0,0.0,0.0,0.0,0.0,0.0,0.0,0.0,0.0,0.0,0.0,0.0,0.0,0.0,0.0,0.0,0.0,0.0,0.0
0.0,0.0,0.0,0.0,0.0,0.0,0.0,0.0,0.0,0.0,0.0,0.0,0.0,0.0,0.0,0.0,0.0,0.0,0.0,0.0,0.0,0.0,0.0,0.0,0.0,0.0,0.0,0.0,0.4407330483196788,0.0,0.0,0.0,0.0,0.0,0.0,0.0,0.0
0.0,0.0,0.0,0.0,0.0,0.2767510199919167,0.0,0.0,0.0,0.0,1.7831865835468426,0.0,0.0,0.0,0.0,0.0,0.0,0.0,0.0,0.0,0.0,0.0,0.0,0.0,0.0,0.0,0.0,0.0,0.1031047508120536,0.0,0.0,1.0560833960770994,0.0,0.0,0.0,0.0,0.0
0.0,0.0,0.0,0.0,0.0,0.1672960394061758,0.8003193125127729,0.0,0.0,0.0,1.8361699565313008,0.0,0.0,0.0,0.0,0.0,0.0,0.0,0.0,0.0,0.0,0.0,0.0,0.0,0.0,0.0,0.0,0.0,0.0,0.0,0.0,1.0997831821441515,0.0,0.0,0.0,0.0,0.0
0.0,0.0,0.0,0.027491081506009,2.7317230999468016,0.0,0.0,0.0,0.0,0.0,1.591526990104294,0.0,0.0,0.0,0.0731489896774271,0.0,0.0,0.0,0.0,0.0,0.0,36.17701516151385,0.0,0.0,0.0,0.0,0.0,0.0,0.0,0.0,0.0,1.1958437711000198,0.0,0.0,0.0,0.0,0.0
0.0,0.0,0.0,0.176659742370242,65.63443110138164,0.8609953648410443,9.1502422969788,0.0,0.0,0.0,10.45691342884661,0.0,0.0,13.632549445610412,0.3334594365209321,0.0,0.0,0.0,0.0,0.0,0.0,428.1599590301512,0.0,0.0,0.0,5.408371658623183,0.0,0.0,31.194361011683903,1.3732724949717372,0.0,6.403205007314674,0.0,0.0,0.0,0.0,0.0
0.0,0.0,0.0,2.690478771924968,272.6465644836425,8.265473832376301,86.81408720388995,0.0,0.0,0.0,63.65167955048373,0.0,0.0,71.04297194629895,2.327784738689658,0.0,91.9954738259314,0.0,0.0,0.0,0.0,1435.950955200195,0.0,0.0,0.0,79.71911921501155,1.3038472928106744,0.0,320.099076130986,7.367996674031011,0.0,47.30657704174514,0.0,0.0,0.0,0.0,0.0
0.0,0.0,0.0,8.945002555847166,695.1708960533142,56.86505623906851,398.7182247132063,0.0,0.0,0.0,271.845026589185,0.0,0.0,244.3276584148406,7.393559655547142,0.0,294.1611255288123,0.0,0.0,0.0,0.0,2482.6893310546875,0.0,0.0,0.0,342.5462085962296,7.066492700576783,0.0,1197.336012637615,28.61584480404854,0.0,202.9939968585968,0.0,0.0,0.0,0.0,0.0
0.0,0.0,0.0,20.57811599969864,1285.2094643115995,176.405109629035,830.9866219758987,0.0,0.0,0.0,719.3038397252559,0.0,0.0,556.2363748252391,15.635486707091331,0.0,664.6263091206549,0.0,0.0,0.0,0.0,3271.775857543945,0.0,0.0,0.0,678.0503796100617,19.84145783483982,0.0,1951.866121816635,84.3873285859823,0.0,357.82132971286774,0.0,0.0,0.0,0.0,0.0
0.0,0.0,0.0,36.856365442276,1736.2288620471954,280.1023416519165,1211.2605340003968,0.0,0.0,0.0,1392.073735010624,0.0,0.0,931.2019777297974,22.611287051439284,0.0,1092.051887178421,0.0,0.0,0.0,0.0,3840.98392944336,0.0,0.0,0.0,0.0,41.7782444357872,0.0,2398.6221683621407,174.28288331031797,0.0,439.99687790870667,0.0,0.0,0.0,0.0,0.0
0.0,0.0,0.0,48.01179456710816,1995.0473799705503,312.2870269417763,1407.545820903778,0.0,0.0,0.0,1767.0525059938432,0.0,0.0,1098.5007248818874,25.784761530160903,0.0,1410.491935992241,0.0,0.0,0.0,0.0,0.0,0.0,0.0,0.0,0.0,55.91495831012726,0.0,2601.495246589184,270.01421204805376,0.0,451.3898063898087,0.0,0.0,0.0,0.0,0.0
0.0,0.0,0.0,55.78256320953369,2113.9218642711644,332.1446704864502,1500.4779683470729,0.0,0.0,0.0,1973.227943760157,0.0,0.0,1195.0775969028473,27.47133488059044,0.0,1620.335557174683,0.0,0.0,0.0,0.0,4094.958770751953,0.0,0.0,0.0,903.2,63.42269269227982,0.0,2635.4,307.28395629525187,0.0,444.9629102945328,0.0,0.0,0.0,0.0,0.0
0.0,0.0,0.0,60.2452529668808,2114.354467630387,337.46912175416946,1512.38450024724,0.0,0.0,0.0,2026.3145647645,0.0,0.0,1234.6089918911457,27.485479724407195,0.0,1719.2442187786105,0.0,0.0,0.0,0.0,0.0,0.0,0.0,0.0,893.5067005157472,65.30945230722428,0.0,2635.4,319.5500554382801,0.0,435.20465791225433,0.0,0.0,0.0,0.0,0.0
0.0,0.0,0.0,61.95342206954956,0.0,328.16611582040787,0.0,0.0,0.0,0.0,1947.8426113784312,0.0,0.0,1227.410705536604,26.450336998701097,0.0,1698.6933534860611,0.0,0.0,0.0,0.0,0.0,0.0,0.0,0.0,0.0,0.0,0.0,2635.4,0.0,0.0,412.379294872284,0.0,0.0,0.0,0.0,0.0
0.0,0.0,0.0,55.5598509311676,1784.5794134140017,292.7021981179714,0.0,0.0,0.0,0.0,1747.466625314951,0.0,0.0,0.0,23.36564385294914,0.0,0.0,0.0,0.0,0.0,0.0,0.0,0.0,0.0,0.0,0.0,0.0,0.0,0.0,0.0,0.0,352.134894490242,0.0,0.0,0.0,0.0,0.0
0.0,0.0,0.0,0.0,0.0,0.0,0.0,0.0,0.0,0.0,0.0,0.0,0.0,0.0,0.0,0.0,0.0,0.0,0.0,0.0,0.0,0.0,0.0,0.0,0.0,0.0,0.0,0.0,0.0,0.0,0.0,0.0,0.0,0.0,0.0,0.0,0.0
0.0,0.0,0.0,0.0,0.0,0.0,0.0,0.0,0.0,0.0,0.0,0.0,0.0,0.0,0.0,0.0,0.0,0.0,0.0,0.0,0.0,0.0,0.0,0.0,0.0,0.0,0.0,0.0,0.0,0.0,0.0,0.0,0.0,0.0,0.0,0.0,0.0
0.0,0.0,0.0,0.0,0.0,0.0,0.0,0.0,0.0,0.0,0.0,0.0,0.0,0.0,0.0,0.0,0.0,0.0,0.0,0.0,0.0,0.0,0.0,0.0,0.0,0.0,0.0,0.0,0.0,0.0,0.0,0.0,0.0,0.0,0.0,0.0,0.0
0.0,0.0,0.0,0.0,0.0,0.0,0.0,0.0,0.0,0.0,0.0,0.0,0.0,0.0,0.0,0.0,0.0,0.0,0.0,0.0,0.0,0.0,0.0,0.0,0.0,0.0,0.0,0.0,0.0,0.0,0.0,0.0,0.0,0.0,0.0,0.0,0.0
0.0,0.0,0.0,0.0,0.0,0.0,0.0,0.0,0.0,0.0,0.0,0.0,0.0,0.0,0.0,0.0,0.0,0.0,0.0,0.0,0.0,0.0,0.0,0.0,0.0,0.0,0.0,0.0,0.0,0.0,0.0,0.0,0.0,0.0,0.0,0.0,0.0
0.0,0.0,0.0,0.0,0.0,0.0,0.0,0.0,0.0,0.0,0.0,0.0,0.0,0.0,0.0,0.0,0.0,0.0,0.0,0.0,0.0,0.0,0.0,0.0,0.0,0.0,0.0,0.0,0.0,0.0,0.0,0.0,0.0,0.0,0.0,0.0,0.0
0.0,0.0,0.0,0.0,0.0,0.0,0.0,0.0,0.0,0.0,0.0,0.0,0.0,0.0,0.0,0.0,0.0,0.0,0.0,0.0,0.0,0.0,0.0,0.0,0.0,0.0,0.0,0.0,0.0,0.0,0.0,0.0,0.0,0.0,0.0,0.0,0.0
0.0,0.0,0.0,0.0,0.0,0.0,0.0,0.0,0.0,0.0,0.0,0.0,0.0,0.0,0.0,0.0,0.0,0.0,0.0,0.0,0.0,0.0,0.0,0.0,0.0,0.0,0.0,0.0,0.0,0.0,0.0,0.0,0.0,0.0,0.0,0.0,0.0
0.0,0.0,0.0,0.0,0.0,0.0,0.0,0.0,0.0,0.0,0.0,0.0,0.0,0.0,0.0,0.0,0.0,0.0,0.0,0.0,0.0,0.0,0.0,0.0,0.0,0.0,0.0,0.0,0.0,0.0,0.0,0.0,0.0,0.0,0.0,0.0,0.0
0.0,0.0,0.0,0.0,0.0,0.0,0.0,0.0,0.0,0.0,0.0,0.0,0.0,0.0,0.0,0.0,0.0,0.0,0.0,0.0,0.0,0.0,0.0,0.0,0.0,0.0,0.0,0.0,0.0,0.0,0.0,0.0,0.0,0.0,0.0,0.0,0.0
0.0,0.0,0.0,0.0,0.0,0.0,0.0,0.0,0.0,0.0,0.0,0.0,0.0,0.0,0.0,0.0,0.0,0.0,0.0,0.0,0.0,0.0,0.0,0.0,0.0,0.0,0.0,0.0,0.2532555848360062,0.0,0.0,0.0,0.0,0.0,0.0,0.0,0.0
0.0,0.0,0.0,0.0342994406819288,0.0,0.0,0.0,0.0,0.0,0.0,0.0,0.0,0.0,2.1700239228084657,0.0,0.0,9.748193526267816,0.0,0.0,0.0,0.0,0.0,0.0,0.0,0.0,0.0,0.0,0.0,0.0,0.0,0.0,1.0663007944821794,0.0,0.0,0.0,0.0,0.0
0.0,0.0,0.0,0.0320496968924986,0.0,0.0346532380208373,0.0,0.0,0.0,0.0,1.8692990005946024,0.0,0.0,0.0,0.0743558831512906,0.0,12.502241134643466,0.0,0.0,0.0,0.0,0.0,0.0,0.0,0.0,0.0,0.6024696126580191,0.0,0.0,0.0,0.0,1.139670506119688,0.0,0.0,0.0,0.0,0.0
0.0,0.0,0.0,0.0324173402041136,3.002876646816678,0.0,0.0,0.0,0.0,0.0,1.602304418664266,0.0,0.0,0.0,0.0112762816250303,0.0,29.73523225784289,0.0,0.0,0.0,0.0,20.461369705199917,0.0,0.0,0.0,2.3427224369718966,0.157140402123326,0.0,0.0,2.251729091256822,0.0,1.2652574926614562,0.0,0.0,0.0,0.0,0.0
0.0,0.0,0.0,0.1468921825289726,51.53851414471847,0.7688724091276185,10.702874002978072,0.0,0.0,0.0,14.50924563873537,0.0,0.0,25.87738569360226,0.2041361588984702,0.0,15.614747607707926,0.0,0.0,0.0,0.0,265.9242687225339,0.0,0.0,0.0,26.592575643956597,1.3477424554526722,0.0,3.6597768604754393,1.4797967247664712,0.0,4.976263239979701,0.0,0.0,0.0,0.0,0.0
0.0,0.0,0.0,2.3711103126406634,234.22159585356695,7.570907905697818,79.58570829890667,0.0,0.0,0.0,73.28661592155676,0.0,0.0,125.36530580371604,1.7089750193059428,0.6759851947426786,51.56028429269789,0.0,0.0,0.0,0.0,1003.4480430603026,0.0,0.0,0.0,161.31861126422876,6.304833525419229,0.0,91.67612620890114,10.884620085358591,0.0,42.75524634122845,0.0,0.0,0.0,0.0,0.0
0.0,0.0,0.0,8.417807012796397,596.3350912332535,53.19084660708903,317.5540056243538,0.0,0.0,0.0,280.8062359377742,0.0,0.0,392.5961784273386,6.557475113868712,1.319672271609306,216.6793440937994,0.0,0.0,0.0,0.0,2109.403482055664,0.0,0.0,0.0,505.3292372226715,18.43662093877792,0.0,708.2552204430103,38.65477303862571,0.0,183.01305347681048,78.09957045316696,0.0,0.0,0.0,0.0
0.0,0.0,0.0,20.112970471382138,1143.478135585785,191.22978597879407,668.7178411215543,0.0,0.0,0.0,762.0177515238522,0.0,0.0,814.9202725291252,15.536673644185068,2.1625580340623856,536.0909518718719,0.0,0.0,0.0,0.0,2901.2758758544924,0.0,0.0,0.0,765.8095818996429,41.718067932128896,0.0,1486.674136853218,103.51587143838404,0.0,357.7924805879593,153.22572779655457,0.0,0.0,0.0,0.0
0.0,0.0,0.0,37.70287609100342,1508.3081877231598,288.120475679636,957.6942435622216,0.0,0.0,0.0,1426.2902695059777,0.0,0.0,1213.8462030887604,23.69949229359627,2.774530366063118,940.8682911157608,0.0,0.0,0.0,0.0,3336.719674682617,0.0,0.0,0.0,903.2,57.30857027769089,0.0,2057.831337320805,195.3192147552967,0.0,441.6390174627304,207.31282794475555,0.0,0.0,0.0,0.0
0.0,0.0,0.0,52.35045635700226,1728.1695749759674,323.8107675909996,1131.501231276989,0.0,0.0,0.0,1822.095016258955,0.0,0.0,1372.3946921527386,27.89192065000534,3.817919969558716,1281.679384446144,0.0,0.0,0.0,0.0,3524.888619995117,0.0,0.0,0.0,903.2,67.80644065141678,0.0,2282.581079864502,282.3328659951687,0.0,451.9280004501343,226.1995495557785,0.0,0.0,0.0,0.0
0.0,0.0,0.0,61.23438358306884,1871.6929914951324,345.1085460484028,1250.207337033749,0.0,0.0,0.0,2051.0943607747554,0.0,0.0,1449.8200181126597,28.98360300064087,4.550909221172332,1509.9385616779327,0.0,0.0,0.0,0.0,3598.342953491211,0.0,0.0,0.0,903.2,72.6865906238556,0.0,2400.5784685969347,317.62968462109563,0.0,450.9935973882675,234.03629487752917,0.0,0.0,0.0,0.0
0.0,0.0,0.0,62.0,1945.3976311683653,352.7090614438057,1350.1591930806635,0.0,0.0,0.0,2132.7987798750405,0.0,0.0,0.0,29.040667748451234,4.9871536791324615,1621.70810713768,0.0,0.0,0.0,0.0,3584.0379852294923,0.0,0.0,0.0,903.2,73.01788039207459,0.0,2427.2257157087324,326.8413725912571,0.0,442.2145646810532,0.0,0.0,0.0,0.0,0.0
0.0,0.0,0.0,62.0,0.0,345.0787123441696,0.0,0.0,0.0,0.0,0.0,0.0,0.0,0.0,0.0,0.0,1617.2769206523894,0.0,0.0,0.0,0.0,0.0,0.0,0.0,0.0,0.0,0.0,0.0,2377.1064786672587,313.532823252678,0.0,422.9999351501465,0.0,0.0,0.0,0.0,0.0
0.0,0.0,0.0,60.65431022644043,0.0,0.0,0.0,0.0,0.0,0.0,0.0,0.0,0.0,0.0,0.0,0.0,1552.468979740143,0.0,0.0,0.0,0.0,0.0,0.0,0.0,0.0,0.0,0.0,0.0,0.0,301.46632927060125,0.0,365.6792715787888,0.0,0.0,0.0,0.0,0.0
0.0,0.0,0.0,0.0,0.0,0.0,0.0,0.0,0.0,0.0,0.0,0.0,0.0,0.0,0.0,0.0,1396.858242034912,0.0,0.0,0.0,0.0,0.0,0.0,0.0,0.0,0.0,0.0,0.0,0.0,0.0,0.0,0.0,0.0,0.0,0.0,0.0,0.0
0.0,0.0,0.0,0.0,0.0,0.0,0.0,0.0,0.0,0.0,0.0,0.0,0.0,0.0,0.0,0.0,0.0,0.0,0.0,0.0,0.0,0.0,0.0,0.0,0.0,0.0,0.0,0.0,0.0,0.0,0.0,0.0,0.0,0.0,0.0,0.0,0.0
0.0,0.0,0.0,0.0,0.0,0.0,0.0,0.0,0.0,0.0,0.0,0.0,0.0,0.0,0.0,0.0,0.0,0.0,0.0,0.0,0.0,0.0,0.0,0.0,0.0,0.0,0.0,0.0,0.0,0.0,0.0,0.0,0.0,0.0,0.0,0.0,0.0
0.0,0.0,0.0,0.0,0.0,0.0,0.0,0.0,0.0,0.0,0.0,0.0,0.0,0.0,0.0,0.0,0.0,0.0,0.0,0.0,0.0,0.0,0.0,0.0,0.0,0.0,0.0,0.0,0.0,0.0,0.0,0.0,0.0,0.0,0.0,0.0,0.0
0.0,0.0,0.0,0.0,0.0,0.0,0.0,0.0,0.0,0.0,0.0,0.0,0.0,0.0,0.0,0.0,0.0,0.0,0.0,0.0,0.0,0.0,0.0,0.0,0.0,0.0,0.0,0.0,0.0,0.0,0.0,0.0,0.0,0.0,0.0,0.0,0.0
0.0,0.0,0.0,0.0,0.0,0.0,0.0,0.0,0.0,0.0,0.0,0.0,0.0,0.0,0.0,0.0,0.0,0.0,0.0,0.0,0.0,0.0,0.0,0.0,0.0,0.0,0.0,0.0,0.0,0.0,0.0,0.0,0.0,0.0,0.0,0.0,0.0
0.0,0.0,0.0,0.0,0.0,0.0,0.0,0.0,0.0,0.0,0.0,0.0,0.0,0.0,0.0,0.0,0.0,0.0,0.0,0.0,0.0,0.0,0.0,0.0,0.0,0.0,0.0,0.0,0.0,0.0,0.0,0.0,0.0,0.0,0.0,0.0,0.0
0.0,0.0,0.0,0.0,0.0,0.0,0.0,0.0,0.0,0.0,0.0,0.0,0.0,0.0,0.0,0.0,0.0,0.0,0.0,0.0,0.0,0.0,0.0,0.0,0.0,0.0,0.0,0.0,0.0,0.0,0.0,0.0,0.0,0.0,0.0,0.0,0.0
0.0,0.0,0.0,0.0,0.0,0.0,0.0,0.0,0.0,0.0,0.0,0.0,0.0,0.0,0.0,0.0,0.0,0.0,0.0,0.0,0.0,0.0,0.0,0.0,0.0,0.0,0.0,0.0,0.0,0.0,0.0,0.0,0.0,0.0,0.0,0.0,0.0
0.0,0.0,0.0,0.0,0.0,0.0,0.0,0.0,0.0,0.0,0.0,0.0,0.0,0.0,0.0,0.0,0.0,0.0,0.0,0.0,0.0,0.0,0.0,0.0,0.0,0.0,0.0,0.0,0.0,0.0,0.0,0.0,0.0,0.0,0.0,0.0,0.0
0.0,0.0,0.0,0.0,0.0,0.0,0.0,0.0,0.0,0.0,0.0,0.0,0.0,0.0,0.0,0.0,0.0,0.0,0.0,0.0,0.0,0.0,0.0,0.0,0.0,0.0,0.0,0.0,0.1286305889487266,0.3924652419983987,0.0,0.0,0.0,0.0,0.0,0.0,0.0
0.0,0.0,0.0,0.0,0.9786330647766108,0.0,0.2786293927579041,0.0,0.0,0.0,0.0,0.0,0.0,0.0,0.0677194073796263,0.0,6.506435942649717,0.0,0.0,0.0,0.0,0.0,0.0,0.0,0.0,2.7143225653096423,0.2335446536540912,0.0,0.0,0.0,0.0,0.0,0.0,0.0,0.0,0.0,0.0
0.0,0.0,0.0,0.0338847953826142,1.7200240194795686,0.0,0.3726202763616148,0.0,0.0,0.0,1.9482639016117225,0.0,0.0,0.0,0.0038374766707399,0.0,7.906441807746738,0.0,0.0,0.0,0.0,12.323539829253903,0.0,0.0,0.0,0.0,0.0,0.0,0.0,0.6003970474004363,0.0,1.236659541726084,0.0,0.0,0.0,0.0,0.0
0.0,0.0,0.0,0.0525764003395986,3.003006711602107,0.0,0.0,0.0,0.0,0.0,1.7061500073408833,0.0,0.0,0.0,0.0,0.0,15.85988959074019,0.0,0.0,0.0,0.0,0.5389350891110144,0.0,0.0,0.0,0.0,0.0,0.0,0.0,0.7890659824013567,0.0,1.4684258401393335,0.0,0.0,0.0,0.0,0.0
0.0,0.0,0.0,0.2230146154761266,47.53253057599049,0.7501477510668264,12.557163916528118,0.0,0.0,0.0,12.691427613003132,0.0,0.0,18.466677418909835,0.0761234655976271,0.1223892094567414,8.298178696632341,0.0,0.0,0.0,0.0,230.57995223999023,0.0,0.0,0.0,2.889443338476086,0.0,0.0,9.347444114088812,0.6771732196211585,0.0,3.913586527109087,2.994992809370131,0.0,0.0,0.0,0.0
0.0,0.0,0.0,0.6154498588293786,227.27262061834324,2.436689749360083,89.6569275248795,0.0,0.0,0.0,69.29444108866154,0.0,0.0,94.60579235106698,0.3972678814083306,0.0,28.14830563068373,0.0,0.0,0.0,0.0,919.4477066040038,0.0,0.0,0.0,55.716802102327286,1.7247544918209303,0.0,97.4687831982968,4.704132363945245,0.0,29.88920493423937,14.95031502097843,0.0,0.0,0.0,0.0
0.0,0.0,0.0,2.2343696355819667,604.3039478063583,18.166909508407105,367.0459205463529,0.0,0.0,0.0,273.67279032096263,0.0,0.0,316.56301554292435,2.277892573177813,0.0,158.2954714179037,0.0,0.0,0.0,0.0,1988.712170410156,0.0,0.0,0.0,224.8314156651496,5.889441664516921,0.0,361.5112141609192,18.55428555235265,0.0,136.27518364787096,57.67524299025534,0.0,0.0,0.0,0.0
0.0,0.0,0.0,5.338064476847648,1177.600198507309,87.56882812082765,717.3691136389971,0.0,0.0,0.0,715.861368843913,0.0,0.0,709.6389841288328,5.876769411563872,0.0,423.339735341072,0.0,0.0,0.0,0.0,2743.1992950439453,0.0,0.0,0.0,541.9441395759583,13.547673642635344,0.0,890.6264952659606,53.45008677244184,0.0,315.23338317871094,134.10854911804196,0.0,0.0,0.0,0.0
0.0,0.0,0.0,10.74082401394844,1620.701315164566,189.71188649535176,1063.1355706691745,0.0,0.0,0.0,1340.1082717180252,0.0,0.0,1116.479870378971,12.309080126881598,0.0,805.6081377029419,0.0,0.0,0.0,0.0,3283.2528594970704,0.0,0.0,0.0,729.0955156326294,25.218924379348756,0.0,1381.1806388378145,105.54460871517657,0.0,395.3515294790268,192.83552753925323,0.0,0.0,0.0,0.0
0.0,0.0,0.0,18.912535548210144,1885.7020251750944,227.7398261129856,1245.102283984423,0.0,0.0,0.0,1661.090015053749,0.0,0.0,1276.840996146202,16.36632072329521,0.0,1143.3365705966949,0.0,0.0,0.0,0.0,3499.225070190429,0.0,0.0,0.0,779.4360602855683,37.8584660410881,0.0,1615.3521645903588,244.66611390113832,0.0,402.5920498371124,218.04464215040207,0.0,0.0,0.0,0.0
0.0,0.0,0.0,27.844354450702667,1999.1347880363464,252.97775599360463,1319.7273396492003,0.0,0.0,0.0,1846.6738257288928,0.0,0.0,1350.7489383220673,19.477092182636262,0.0,1376.3124021530152,0.0,0.0,0.0,0.0,3575.73551940918,0.0,0.0,0.0,767.4795409679413,44.034997946023935,0.0,1704.6487721681594,293.1990813553333,0.0,405.3435889482498,0.0,0.0,0.0,0.0,0.0
0.0,0.0,0.0,34.368629455566406,1999.631462097168,265.07195645570755,1321.0170439422131,0.0,0.0,0.0,1869.6572197735309,0.0,0.0,0.0,21.60320593714714,0.0,1491.3864615440368,0.0,0.0,0.0,0.0,3522.361865234375,0.0,0.0,0.0,715.5011228561401,45.113431012630464,0.0,1700.064331638813,311.3080188333988,0.0,396.3906362056732,0.0,0.0,0.0,0.0,0.0
0.0,0.0,0.0,37.37267315387726,1918.497648000717,265.5460488796234,1293.6492921829224,0.0,0.0,0.0,1815.4394052922728,0.0,0.0,0.0,21.63929505944252,0.0,1490.8857590436935,0.0,0.0,0.0,0.0,0.0,0.0,0.0,0.0,666.4520778179169,43.68795728087424,0.0,1644.7635850787162,298.6170060157776,0.0,382.2121524810791,0.0,0.0,0.0,0.0,0.0
0.0,0.0,0.0,0.0,1691.968493461609,0.0,0.0,0.0,0.0,0.0,0.0,0.0,0.0,0.0,17.510095891356467,0.0,1428.984221482277,0.0,0.0,0.0,0.0,0.0,0.0,0.0,0.0,580.3534134864807,37.42243953943253,0.0,0.0,283.7678956568241,0.0,0.0,0.0,0.0,0.0,0.0,0.0
0.0,0.0,0.0,0.0,0.0,0.0,0.0,0.0,0.0,0.0,0.0,0.0,0.0,0.0,0.0,0.0,1278.1329153776169,0.0,0.0,0.0,0.0,0.0,0.0,0.0,0.0,0.0,0.0,0.0,0.0,268.4533132791519,0.0,0.0,0.0,0.0,0.0,0.0,0.0
0.0,0.0,0.0,0.0,0.0,0.0,0.0,0.0,0.0,0.0,0.0,0.0,0.0,0.0,0.0,0.0,0.0,0.0,0.0,0.0,0.0,0.0,0.0,0.0,0.0,0.0,0.0,0.0,0.0,0.0,0.0,0.0,0.0,0.0,0.0,0.0,0.0
0.0,0.0,0.0,0.0,0.0,0.0,0.0,0.0,0.0,0.0,0.0,0.0,0.0,0.0,0.0,0.0,0.0,0.0,0.0,0.0,0.0,0.0,0.0,0.0,0.0,0.0,0.0,0.0,0.0,0.0,0.0,0.0,0.0,0.0,0.0,0.0,0.0
0.0,0.0,0.0,0.0,0.0,0.0,0.0,0.0,0.0,0.0,0.0,0.0,0.0,0.0,0.0,0.0,0.0,0.0,0.0,0.0,0.0,0.0,0.0,0.0,0.0,0.0,0.0,0.0,0.0,0.0,0.0,0.0,0.0,0.0,0.0,0.0,0.0
0.0,0.0,0.0,0.0,0.0,0.0,0.0,0.0,0.0,0.0,0.0,0.0,0.0,0.0,0.0,0.0,0.0,0.0,0.0,0.0,0.0,0.0,0.0,0.0,0.0,0.0,0.0,0.0,0.0,0.0,0.0,0.0,0.0,0.0,0.0,0.0,0.0
0.0,0.0,0.0,0.0,0.0,0.0,0.0,0.0,0.0,0.0,0.0,0.0,0.0,0.0,0.0,0.0,0.0,0.0,0.0,0.0,0.0,0.0,0.0,0.0,0.0,0.0,0.0,0.0,0.0,0.0,0.0,0.0,0.0,0.0,0.0,0.0,0.0
0.0,0.0,0.0,0.0,0.0,0.0,0.0,0.0,0.0,0.0,0.0,0.0,0.0,0.0,0.0,0.0,0.0,0.0,0.0,0.0,0.0,0.0,0.0,0.0,0.0,0.0,0.0,0.0,0.0,0.0,0.0,0.0,0.0,0.0,0.0,0.0,0.0
0.0,0.0,0.0,0.0,0.0,0.0,0.0,0.0,0.0,0.0,0.0,0.0,0.0,0.0,0.0,0.0,0.0,0.0,0.0,0.0,0.0,0.0,0.0,0.0,0.0,0.0,0.0,0.0,0.0,0.0,0.0,0.0,0.0,0.0,0.0,0.0,0.0
0.0,0.0,0.0,0.0,0.0,0.0,0.0,0.0,0.0,0.0,0.0,0.0,0.0,0.0,0.0,0.0,0.0,0.0,0.0,0.0,0.0,0.0,0.0,0.0,0.0,0.0,0.0,0.0,0.0,0.0,0.0,0.0,0.0,0.0,0.0,0.0,0.0
0.0,0.0,0.0,0.0,0.0,0.0,0.0,0.0,0.0,0.0,0.0,0.0,0.0,0.0,0.0,0.0,0.0,0.0,0.0,0.0,0.0,0.0,0.0,0.0,0.0,0.0,0.0,0.0,0.0,0.0,0.0,0.0,0.0,0.0,0.0,0.0,0.0
0.0,0.0,0.0,0.0,0.0,0.0,0.0,0.0,0.0,0.0,0.0,0.0,0.0,0.0,0.0,0.0,0.0,0.0,0.0,0.0,0.0,0.0,0.0,0.0,0.0,0.0,0.0,0.0,0.2143188640475273,0.0,0.0,0.0,0.0,0.0,0.0,0.0,0.0
0.0,0.0,0.0,0.0558382458984848,0.0,0.3702200353145336,0.0,0.0,0.0,0.0,1.7128525253383369,0.0,0.0,0.0,0.0,0.0,0.0,0.0,0.0,0.0,0.0,0.0,0.0,0.0,0.0,0.0,0.4703461425378841,0.0,0.0,0.3306875735521019,0.0,1.0856994986533628,0.0,0.0,0.0,0.0,0.0
0.0,0.0,0.0,0.0531047396361822,0.0,0.2295969342812705,0.0,0.0,0.0,0.0,1.7854475973638508,0.0,0.0,1.8192204739897333,0.0,0.0,15.479245376586851,0.0,0.0,0.0,0.0,0.0,0.0,0.0,0.0,0.0,0.0580247297882996,0.0,0.0,0.4758722700178282,0.0,1.1443710476159792,0.0,0.0,0.0,0.0,0.0
0.0,0.0,0.0,0.0543519668281076,3.532731022685737,0.0,3.675096247717651,0.0,0.0,0.0,1.58941218992693,0.0,0.0,0.0,0.0,0.0,26.354111456871003,0.0,0.0,0.0,0.0,11.631656360626025,0.0,0.0,0.0,0.0,0.0,0.0,0.0,0.6539681531488775,0.0,1.2432528585195388,0.0,0.0,0.0,0.0,0.0
0.0,0.0,0.0,0.1706678550690384,13.394191820174282,0.926168435718864,15.65173456929624,0.0,0.0,0.0,2.771182871889175,0.0,0.0,10.626319777220411,0.1049782879650573,0.0730602173134678,9.295538854598846,0.0,0.0,0.0,0.0,63.6997110843656,0.0,0.0,0.0,0.0,0.1271593365818247,0.0,23.13856357783058,0.6891228184103936,0.0,4.345596790313716,3.609188247472029,0.0,0.0,0.0,0.0
0.0,0.0,0.0,1.1759197488427102,76.76888719201078,9.378750375471984,88.88854482658206,0.0,0.0,0.0,46.79136944506301,0.0,0.0,39.33189592324189,0.749766422063109,0.3175241760909556,28.13641624450669,0.0,0.0,0.0,0.0,286.5289108276365,0.0,0.0,0.0,18.431991523504216,1.9777408357709605,0.0,221.7811464741826,4.674191004037837,0.0,44.61218449473381,15.123560588806852,0.0,0.0,0.0,0.0
0.0,0.0,0.0,4.6482711583375895,251.27715671062455,57.68310785293577,292.891482284665,0.0,0.0,0.0,214.43711020648468,0.0,0.0,116.40757642686364,3.288375444710253,0.6678140014410008,145.49311521053315,0.0,0.0,0.0,0.0,699.3436828613279,0.0,0.0,0.0,130.92281252145767,6.573099219799039,0.0,662.7770520210265,18.88125352039932,0.0,202.03291553258893,51.21438975632189,0.0,0.0,0.0,0.0
0.0,0.0,0.0,11.80354011058807,566.8456679582596,183.194020524621,568.4270353734494,0.0,0.0,0.0,586.0012120902538,0.0,0.0,314.9794735759496,8.449719849228858,1.08669625967741,387.825832402706,0.0,0.0,0.0,0.0,1282.5079803466797,0.0,0.0,0.0,440.5050546646118,17.37658001482486,0.0,1168.5667436957358,56.78758628368377,0.0,367.764769077301,110.09366875886916,0.0,0.0,0.0,0.0
0.0,0.0,0.0,21.78439348936081,956.3250937461852,282.41151294112206,904.5380271494388,0.0,0.0,0.0,1248.593078452349,0.0,0.0,686.5352181345223,14.540062594413758,1.5071633011102668,748.2428299665451,0.0,0.0,0.0,0.0,1931.5792114257813,0.0,0.0,0.0,717.1576231956482,33.22992069721222,0.0,1649.7685343384742,116.08517407774926,0.0,450.4109814167023,168.94390922784805,0.0,0.0,0.0,0.0
0.0,0.0,0.0,32.363062262535095,1248.2536602020264,315.36902689933777,1118.213242483139,0.0,0.0,0.0,1628.9854666531087,0.0,0.0,933.5272039473056,18.537486255168915,2.4333347380161285,1069.4283464193345,0.0,0.0,0.0,0.0,2226.639688110351,0.0,0.0,0.0,778.8577117919922,45.79435147643089,0.0,1861.0356077194213,244.95367748141288,0.0,472.3212817907333,193.19836294651031,0.0,0.0,0.0,0.0
0.0,0.0,0.0,38.732468605041504,1445.6206817626953,335.2580477297306,1233.1527770519256,0.0,0.0,0.0,1835.398372322321,0.0,0.0,0.0,20.186344903707504,3.1640670150518417,1299.3515474319458,0.0,0.0,0.0,0.0,2390.455313110352,0.0,0.0,0.0,781.3539291381836,53.11873219013214,0.0,1938.5951992988587,289.0615444898605,0.0,468.4425815343857,207.66647720336917,0.0,0.0,0.0,0.0
0.0,0.0,0.0,41.997705698013306,1577.8404121398926,341.064921438694,1306.2384380459785,0.0,0.0,0.0,1880.8161769330504,0.0,0.0,0.0,19.771215391159057,0.0,1429.6834889888764,0.0,0.0,0.0,0.0,2493.5859100341795,0.0,0.0,0.0,750.239070892334,56.15361571311951,0.0,1957.1486351132396,303.9644046127796,0.0,455.9590556621552,0.0,0.0,0.0,0.0,0.0
0.0,0.0,0.0,40.879798412323,0.0,331.99608746171,0.0,0.0,0.0,0.0,1804.159069621563,0.0,0.0,0.0,17.16991250216961,0.0,1452.638339138031,0.0,0.0,0.0,0.0,0.0,0.0,0.0,0.0,712.9173161029815,55.18516675233841,0.0,1920.207799243927,292.0846289694309,0.0,430.4047232866287,0.0,0.0,0.0,0.0,0.0
0.0,0.0,0.0,30.43976771831512,0.0,298.5717997848988,0.0,0.0,0.0,0.0,1582.7294044137002,0.0,0.0,0.0,9.627724242210387,0.0,0.0,0.0,0.0,0.0,0.0,0.0,0.0,0.0,0.0,0.0,0.0,0.0,0.0,0.0,0.0,373.5884529352188,0.0,0.0,0.0,0.0,0.0
0.0,0.0,0.0,0.0,0.0,0.0,0.0,0.0,0.0,0.0,0.0,0.0,0.0,0.0,0.0,0.0,0.0,0.0,0.0,0.0,0.0,0.0,0.0,0.0,0.0,0.0,0.0,0.0,0.0,0.0,0.0,0.0,0.0,0.0,0.0,0.0,0.0
0.0,0.0,0.0,0.0,0.0,0.0,0.0,0.0,0.0,0.0,0.0,0.0,0.0,0.0,0.0,0.0,0.0,0.0,0.0,0.0,0.0,0.0,0.0,0.0,0.0,0.0,0.0,0.0,0.0,0.0,0.0,0.0,0.0,0.0,0.0,0.0,0.0
0.0,0.0,0.0,0.0,0.0,0.0,0.0,0.0,0.0,0.0,0.0,0.0,0.0,0.0,0.0,0.0,0.0,0.0,0.0,0.0,0.0,0.0,0.0,0.0,0.0,0.0,0.0,0.0,0.0,0.0,0.0,0.0,0.0,0.0,0.0,0.0,0.0
0.0,0.0,0.0,0.0,0.0,0.0,0.0,0.0,0.0,0.0,0.0,0.0,0.0,0.0,0.0,0.0,0.0,0.0,0.0,0.0,0.0,0.0,0.0,0.0,0.0,0.0,0.0,0.0,0.0,0.0,0.0,0.0,0.0,0.0,0.0,0.0,0.0
0.0,0.0,0.0,0.0,0.0,0.0,0.0,0.0,0.0,0.0,0.0,0.0,0.0,0.0,0.0,0.0,0.0,0.0,0.0,0.0,0.0,0.0,0.0,0.0,0.0,0.0,0.0,0.0,0.0,0.0,0.0,0.0,0.0,0.0,0.0,0.0,0.0
0.0,0.0,0.0,0.0,0.0,0.0,0.0,0.0,0.0,0.0,0.0,0.0,0.0,0.0,0.0,0.0,0.0,0.0,0.0,0.0,0.0,0.0,0.0,0.0,0.0,0.0,0.0,0.0,0.0,0.0,0.0,0.0,0.0,0.0,0.0,0.0,0.0
0.0,0.0,0.0,0.0,0.0,0.0,0.0,0.0,0.0,0.0,0.0,0.0,0.0,0.0,0.0,0.0,0.0,0.0,0.0,0.0,0.0,0.0,0.0,0.0,0.0,0.0,0.0,0.0,0.0,0.0,0.0,0.0,0.0,0.0,0.0,0.0,0.0
0.0,0.0,0.0,0.0,0.0,0.0,0.0,0.0,0.0,0.0,0.0,0.0,0.0,0.0,0.0,0.0,0.0,0.0,0.0,0.0,0.0,0.0,0.0,0.0,0.0,0.0,0.0,0.0,0.0,0.0,0.0,0.0,0.0,0.0,0.0,0.0,0.0
0.0,0.0,0.0,0.0,0.0,0.0,0.0,0.0,0.0,0.0,0.0,0.0,0.0,0.0,0.0,0.0,0.0,0.0,0.0,0.0,0.0,0.0,0.0,0.0,0.0,0.0,0.0,0.0,0.0,0.0,0.0,0.0,0.0,0.0,0.0,0.0,0.0
0.0,0.0,0.0,0.0,0.0,0.0,0.0,0.0,0.0,0.0,0.0,0.0,0.0,0.0,0.0,0.0,0.0,0.0,0.0,0.0,0.0,0.0,0.0,0.0,0.0,0.0,0.0,0.0,0.0,0.0,0.0,0.0,0.0,0.0,0.0,0.0,0.0
0.0,0.0,0.0,0.0,0.0,0.0,0.0,0.0,0.0,0.0,0.0,0.0,0.0,1.7897357651962424,0.0,0.0,0.0,0.0,0.0,0.0,0.0,0.0,0.0,0.0,0.0,0.0,0.0,0.0,0.1976288929581642,0.0,0.0,0.0,0.0,0.0,0.0,0.0,0.0
0.0,0.0,0.0,0.0,0.0,0.0551755530759561,0.0,0.0,0.0,0.0,0.0,0.0,0.0,0.0,0.0,0.0,0.0,0.0,0.0,0.0,0.0,0.0,0.0,0.0,0.0,0.0,0.0,0.0,0.0,0.3962639257311821,0.0,0.0,0.0,0.0,0.0,0.0,0.0
0.0,0.0,0.0,0.0,0.0,0.0,0.0,0.0,0.0,0.0,1.8366425020618584,0.0,0.0,1.6723488969728026,0.0468172676861253,0.0,0.0,0.0,0.0,0.0,0.0,0.0,0.0,0.0,0.0,0.0,0.5921518350019999,0.0,0.0,0.5642407245933725,0.0,0.0,0.0,0.0,0.0,0.0,0.0
0.0,0.0,0.0,0.0,2.5075958557425038,0.0,0.0,0.0,0.0,0.0,1.5784949048420212,0.0,0.0,0.0,0.034454912692308,0.0,0.0,0.0,0.0,0.0,0.0,14.186887359618812,0.0,0.0,0.0,0.0,0.2328925732523138,0.0,0.0,0.6818095467984328,0.0,1.0301721096038428,0.0,0.0,0.0,0.0,0.0
0.0,0.0,0.0,0.2062183916568738,40.82733222097145,0.9237208277918336,3.271661331877017,0.0,0.0,0.0,18.59369399240239,0.0,0.0,13.58335752505805,0.381271900981663,0.0670145265758032,13.895505595207196,0.0,0.0,0.0,0.0,136.02111892700162,0.0,0.0,0.0,6.348130761086895,1.5451532579958358,0.0,10.721951591968436,0.6681202270090317,0.0,6.3381330072879525,3.26545808650551,0.0,0.0,0.0,0.0
0.0,0.0,0.0,2.6519281342625614,209.8628263473509,17.470524717122284,49.6953833404928,0.0,0.0,0.0,119.3472265485674,0.0,0.0,68.85977763682591,2.750421311706303,0.3222992047667496,30.168765854835467,0.0,0.0,0.0,0.0,527.8189842224119,0.0,0.0,0.0,102.49367052316664,6.024004720151416,0.0,147.26171166971315,4.20170738250017,0.0,64.53770813345906,15.490677990019314,0.0,0.0,0.0,0.0
0.0,0.0,0.0,8.624985307455063,555.0197046995163,112.0256791561842,257.38089121133083,0.0,0.0,0.0,471.9049708113073,0.0,0.0,233.33329617977145,8.987424758076667,0.7395924665033814,143.50789414644225,0.0,0.0,0.0,0.0,1150.0642578125,0.0,0.0,0.0,425.7284202337265,16.966892805695526,0.0,906.1004154264924,16.949268454685804,0.0,249.31286364793775,45.142227619886384,0.0,0.0,0.0,0.0
0.0,0.0,0.0,20.260501742362976,1107.388168811798,251.79920491576195,688.921364864707,0.0,0.0,0.0,1148.8047529876233,0.0,0.0,532.4610073119401,18.80322981476784,1.1912006139755242,380.21907666921607,0.0,0.0,0.0,0.0,1906.6932708740237,0.0,0.0,0.0,695.8368433952331,39.31726190447807,0.0,1742.9746007442477,49.721331623196605,0.0,410.0042655467987,110.59351050853728,0.0,0.0,0.0,0.0
0.0,0.0,0.0,37.94607615470886,1590.8095581531525,348.6268206834793,1122.403942787647,0.0,0.0,0.0,1889.7109840989112,0.0,0.0,849.9451589584351,26.16995067000389,1.725536972284316,728.4402605772018,0.0,0.0,0.0,0.0,2541.4076568603514,0.0,0.0,0.0,841.9203620910645,59.28436840772629,0.0,2281.191688859463,100.57631699740888,0.0,497.6497728824616,169.3693885803223,0.0,0.0,0.0,0.0
0.0,0.0,0.0,53.18488645553589,1864.333058834076,380.0100944340229,1346.2024075090883,0.0,0.0,0.0,2275.3,0.0,0.0,1000.9872616827488,29.333242785930636,2.5201673358678818,1052.9192595720292,0.0,0.0,0.0,0.0,2717.373052978516,0.0,0.0,0.0,895.5643786430359,69.93347899913788,0.0,2488.765448355675,237.86540978550912,0.0,518.131000995636,191.650427043438,0.0,0.0,0.0,0.0
0.0,0.0,0.0,62.0,1995.1325132846832,397.1787658035755,1455.976234394312,0.0,0.0,0.0,2275.3,0.0,0.0,1097.8105954825878,30.49049854874611,3.347581267356872,1287.219225549698,0.0,0.0,0.0,0.0,2777.747906494141,0.0,0.0,0.0,899.7179038524628,74.22591155767441,0.0,2587.476613366604,285.6835334956646,0.0,517.7728269100189,203.82097375392917,0.0,0.0,0.0,0.0
0.0,0.0,0.0,62.0,2021.8150596618652,398.6212693154812,1472.8535450339316,0.0,0.0,0.0,2275.3,0.0,0.0,1121.9497376680374,29.98989116549492,3.986317664384841,1419.6721355438233,0.0,0.0,0.0,0.0,2780.491674804688,0.0,0.0,0.0,868.1016810417175,73.81520004272461,0.0,2595.937839651108,303.5289237439632,0.0,500.67742395401,0.0,0.0,0.0,0.0,0.0
0.0,0.0,0.0,0.0,0.0,0.0,0.0,0.0,0.0,0.0,0.0,0.0,0.0,1092.5372056663036,0.0,0.0,1445.6262978553773,0.0,0.0,0.0,0.0,0.0,0.0,0.0,0.0,814.76468501091,0.0,0.0,2543.1835507035257,290.3746179521084,0.0,0.0,0.0,0.0,0.0,0.0,0.0
0.0,0.0,0.0,62.0,0.0,0.0,0.0,0.0,0.0,0.0,2275.3,0.0,0.0,0.0,25.02630625963211,0.0,0.0,0.0,0.0,0.0,0.0,0.0,0.0,0.0,0.0,0.0,0.0,0.0,0.0,278.0768172264099,0.0,415.578641295433,0.0,0.0,0.0,0.0,0.0
0.0,0.0,0.0,0.0,0.0,0.0,0.0,0.0,0.0,0.0,0.0,0.0,0.0,0.0,0.0,0.0,0.0,0.0,0.0,0.0,0.0,0.0,0.0,0.0,0.0,0.0,0.0,0.0,0.0,0.0,0.0,0.0,0.0,0.0,0.0,0.0,0.0
0.0,0.0,0.0,0.0,0.0,0.0,0.0,0.0,0.0,0.0,0.0,0.0,0.0,0.0,0.0,0.0,0.0,0.0,0.0,0.0,0.0,0.0,0.0,0.0,0.0,0.0,0.0,0.0,0.0,0.0,0.0,0.0,0.0,0.0,0.0,0.0,0.0
0.0,0.0,0.0,0.0,0.0,0.0,0.0,0.0,0.0,0.0,0.0,0.0,0.0,0.0,0.0,0.0,0.0,0.0,0.0,0.0,0.0,0.0,0.0,0.0,0.0,0.0,0.0,0.0,0.0,0.0,0.0,0.0,0.0,0.0,0.0,0.0,0.0
0.0,0.0,0.0,0.0,0.0,0.0,0.0,0.0,0.0,0.0,0.0,0.0,0.0,0.0,0.0,0.0,0.0,0.0,0.0,0.0,0.0,0.0,0.0,0.0,0.0,0.0,0.0,0.0,0.0,0.0,0.0,0.0,0.0,0.0,0.0,0.0,0.0
0.0,0.0,0.0,0.0,0.0,0.0,0.0,0.0,0.0,0.0,0.0,0.0,0.0,0.0,0.0,0.0,0.0,0.0,0.0,0.0,0.0,0.0,0.0,0.0,0.0,0.0,0.0,0.0,0.0,0.0,0.0,0.0,0.0,0.0,0.0,0.0,0.0
0.0,0.0,0.0,0.0,0.0,0.0,0.0,0.0,0.0,0.0,0.0,0.0,0.0,0.0,0.0,0.0,0.0,0.0,0.0,0.0,0.0,0.0,0.0,0.0,0.0,0.0,0.0,0.0,0.0,0.0,0.0,0.0,0.0,0.0,0.0,0.0,0.0
0.0,0.0,0.0,0.0,0.0,0.0,0.0,0.0,0.0,0.0,0.0,0.0,0.0,0.0,0.0,0.0,0.0,0.0,0.0,0.0,0.0,0.0,0.0,0.0,0.0,0.0,0.0,0.0,0.0,0.0,0.0,0.0,0.0,0.0,0.0,0.0,0.0
0.0,0.0,0.0,0.0,0.0,0.0,0.0,0.0,0.0,0.0,0.0,0.0,0.0,0.0,0.0,0.0,0.0,0.0,0.0,0.0,0.0,0.0,0.0,0.0,0.0,0.0,0.0,0.0,0.0,0.0,0.0,0.0,0.0,0.0,0.0,0.0,0.0
0.0,0.0,0.0,0.0,0.0,0.0,0.0,0.0,0.0,0.0,0.0,0.0,0.0,0.0,0.0,0.0,0.0,0.0,0.0,0.0,0.0,0.0,0.0,0.0,0.0,0.0,0.0,0.0,0.0,0.0,0.0,0.0,0.0,0.0,0.0,0.0,0.0
0.0,0.0,0.0,0.0,0.0,0.0,0.0,0.0,0.0,0.0,0.0,0.0,0.0,0.0,0.0,0.0,0.0,0.0,0.0,0.0,0.0,0.0,0.0,0.0,0.0,0.0,0.0,0.0,0.0,0.0,0.0,0.0,0.0,0.0,0.0,0.0,0.0
0.0,0.0,0.0,0.0,0.0,0.0,0.0,0.0,0.0,0.0,0.0,0.0,0.0,0.0,0.0,0.0,0.0,0.0,0.0,0.0,0.0,0.0,0.0,0.0,0.0,0.0,0.0,0.0,0.0,0.0,0.0,0.0,0.2701722066849351,0.0,0.0,0.0,0.0
0.0,0.0,0.0,0.0,0.0,0.1956768142990395,0.0,0.0,0.0,0.0,1.89519788613538,0.0,0.0,0.0,0.0,0.0178965628147124,10.694993150234025,0.0,0.0,0.0,0.0,0.0,0.0,0.0,0.0,0.0,0.0,0.0,0.0,0.0,0.0,1.0760068744420828,0.0,0.0,0.0,0.0,0.0
0.0,0.0,0.0,0.0441324412822718,1.4236379042266365,0.086534126196031,0.0,0.0,0.0,0.0,1.916373435407754,0.0,0.0,1.6591529035939423,0.0,0.0062395269051193,13.37758187055568,0.0,0.0,0.0,0.0,27.1350795745846,0.0,0.0,0.0,0.0,0.0,0.0,0.0,0.0,0.0,1.1508028954267313,0.0,0.0,0.0,0.0,0.0
0.0,0.0,0.0,0.0363215077668397,2.712106965482108,0.0,0.0,0.0,0.0,0.0,1.6283495178444602,0.0,0.0,0.0,0.0,0.0,31.003596878051745,0.0,0.0,0.0,0.0,26.88458204269397,0.0,0.0,0.0,0.0,0.818854308687146,0.0,0.0,0.0,0.0,1.2644322067498563,0.0,0.0,0.0,0.0,0.0
0.0,0.0,0.0,0.1277203373610959,61.8509529083966,0.8017949396744222,7.655958943814009,0.0,0.0,0.0,4.048779642255762,0.0,0.0,22.413269565440658,0.3974525112658733,0.0677588768303382,15.093024182319487,0.0,0.0,0.0,0.0,206.53830032348617,0.0,0.0,0.0,0.699617948755533,2.107620618864887,0.0,14.781247089802994,0.0,0.0,3.837005376815783,2.7287314832210403,0.0,0.0,0.0,0.0
0.0,0.0,0.0,1.697465352714058,263.49610480666144,16.118580203503363,74.72763135507695,0.0,0.0,0.0,60.08977967314402,0.0,0.0,105.01291865482918,2.6534365028142908,0.4057506993412964,48.70719932317726,0.0,0.0,0.0,0.0,778.4388069152832,0.0,0.0,0.0,75.60761215686794,6.7870423182845085,0.0,179.22278050035226,6.867987971752849,0.0,46.54237574338907,14.406226728111486,0.0,0.0,0.0,0.0
0.0,0.0,0.0,6.455979615449901,674.2860544919968,100.5367888510227,353.79027635753147,0.0,0.0,0.0,286.8487498044967,0.0,0.0,313.2041430100798,8.33436959981918,1.0939036235213269,203.90677263736723,0.0,0.0,0.0,0.0,1843.3646972656247,0.0,0.0,0.0,333.3666826248169,17.98383533060551,0.0,927.8343706727028,25.80892505198716,0.0,204.54551643133163,56.1736700683832,0.0,0.0,0.0,0.0
0.0,0.0,0.0,15.726760685443876,1250.37997508049,226.09814736247063,771.2116159319878,0.0,0.0,0.0,759.7399040669203,0.0,0.0,630.2036335319281,17.070152753591536,1.93529400229454,505.6169536054134,0.0,0.0,0.0,0.0,2618.547961425781,0.0,0.0,0.0,654.2021582126617,40.330841779708855,0.0,1741.3301084399222,73.39060486257075,0.0,351.4811245203018,129.44936421513555,0.0,0.0,0.0,0.0
0.0,0.0,0.0,31.212945103645325,1681.885303735733,323.1629956364632,1170.6750585317611,0.0,0.0,0.0,1444.7140357017518,0.0,0.0,964.6410232782364,24.659760028123856,2.4918874502182,909.9978676199912,0.0,0.0,0.0,0.0,3129.864205932617,0.0,0.0,0.0,819.3969641208648,59.48363393545151,0.0,2257.986895549297,143.47295158505435,0.0,437.2038950920105,186.01103991270065,0.0,0.0,0.0,0.0
0.0,0.0,0.0,46.064712166786194,1930.767439603805,356.4122464954853,1381.04636425972,0.0,0.0,0.0,1827.3793890953064,0.0,0.0,1113.7124332785606,28.662443286180498,3.464154362678528,1258.4407824516295,0.0,0.0,0.0,0.0,3319.47809753418,0.0,0.0,0.0,853.0546607494355,69.5794613480568,0.0,2458.4388676643366,260.6780373752117,0.0,449.4396557807922,208.92298865318295,0.0,0.0,0.0,0.0
0.0,0.0,0.0,56.7065349817276,2054.294995546341,375.6044467389584,1478.0044743835929,0.0,0.0,0.0,2060.549136513472,0.0,0.0,1209.2417289316654,30.271652019023897,4.354793220758437,1487.6639805316925,0.0,0.0,0.0,0.0,3381.1148345947267,0.0,0.0,0.0,846.9216795444489,73.90103101730347,0.0,2536.95194747448,304.2745787084103,0.0,450.9275027513504,218.32364958524704,0.0,0.0,0.0,0.0
0.0,0.0,0.0,0.0,2067.1404144763947,380.2392896711826,1504.4844381332398,0.0,0.0,0.0,2114.367419046163,0.0,0.0,0.0,29.809336763620376,4.808835834264754,1600.915531849861,0.0,0.0,0.0,0.0,3338.672253417969,0.0,0.0,0.0,809.5499659538269,0.0,0.0,0.0,317.7133786737919,0.0,442.97300243377686,215.3963593244553,0.0,0.0,0.0,0.0
0.0,0.0,0.0,0.0,0.0,0.0,0.0,0.0,0.0,0.0,2035.8077205240727,0.0,0.0,0.0,0.0,4.799067944288254,1589.775422143936,0.0,0.0,0.0,0.0,0.0,0.0,0.0,0.0,0.0,0.0,0.0,0.0,0.0,0.0,420.3575849533081,204.79695838689804,0.0,0.0,0.0,0.0
0.0,0.0,0.0,0.0,0.0,339.40634313225746,0.0,0.0,0.0,0.0,1831.736809837818,0.0,0.0,0.0,0.0,0.0,1516.6050753355023,0.0,0.0,0.0,0.0,0.0,0.0,0.0,0.0,0.0,0.0,0.0,0.0,0.0,0.0,0.0,0.0,0.0,0.0,0.0,0.0
0.0,0.0,0.0,0.0,0.0,0.0,0.0,0.0,0.0,0.0,0.0,0.0,0.0,0.0,0.0,0.0,1362.1175781965255,0.0,0.0,0.0,0.0,0.0,0.0,0.0,0.0,0.0,0.0,0.0,0.0,0.0,0.0,0.0,0.0,0.0,0.0,0.0,0.0
0.0,0.0,0.0,0.0,0.0,0.0,0.0,0.0,0.0,0.0,0.0,0.0,0.0,0.0,0.0,0.0,0.0,0.0,0.0,0.0,0.0,0.0,0.0,0.0,0.0,0.0,0.0,0.0,0.0,0.0,0.0,0.0,0.0,0.0,0.0,0.0,0.0
0.0,0.0,0.0,0.0,0.0,0.0,0.0,0.0,0.0,0.0,0.0,0.0,0.0,0.0,0.0,0.0,0.0,0.0,0.0,0.0,0.0,0.0,0.0,0.0,0.0,0.0,0.0,0.0,0.0,0.0,0.0,0.0,0.0,0.0,0.0,0.0,0.0
0.0,0.0,0.0,0.0,0.0,0.0,0.0,0.0,0.0,0.0,0.0,0.0,0.0,0.0,0.0,0.0,0.0,0.0,0.0,0.0,0.0,0.0,0.0,0.0,0.0,0.0,0.0,0.0,0.0,0.0,0.0,0.0,0.0,0.0,0.0,0.0,0.0
0.0,0.0,0.0,0.0,0.0,0.0,0.0,0.0,0.0,0.0,0.0,0.0,0.0,0.0,0.0,0.0,0.0,0.0,0.0,0.0,0.0,0.0,0.0,0.0,0.0,0.0,0.0,0.0,0.0,0.0,0.0,0.0,0.0,0.0,0.0,0.0,0.0
0.0,0.0,0.0,0.0,0.0,0.0,0.0,0.0,0.0,0.0,0.0,0.0,0.0,0.0,0.0,0.0,0.0,0.0,0.0,0.0,0.0,0.0,0.0,0.0,0.0,0.0,0.0,0.0,0.0,0.0,0.0,0.0,0.0,0.0,0.0,0.0,0.0
0.0,0.0,0.0,0.0,0.0,0.0,0.0,0.0,0.0,0.0,0.0,0.0,0.0,0.0,0.0,0.0,0.0,0.0,0.0,0.0,0.0,0.0,0.0,0.0,0.0,0.0,0.0,0.0,0.0,0.0,0.0,0.0,0.0,0.0,0.0,0.0,0.0
0.0,0.0,0.0,0.0,0.0,0.0,0.0,0.0,0.0,0.0,0.0,0.0,0.0,0.0,0.0,0.0,0.0,0.0,0.0,0.0,0.0,0.0,0.0,0.0,0.0,0.0,0.0,0.0,0.0,0.0,0.0,0.0,0.0,0.0,0.0,0.0,0.0
0.0,0.0,0.0,0.0,0.0,0.0,0.0,0.0,0.0,0.0,0.0,0.0,0.0,0.0,0.0,0.0,0.0,0.0,0.0,0.0,0.0,0.0,0.0,0.0,0.0,0.0,0.0,0.0,0.0,0.0,0.0,0.0,0.0,0.0,0.0,0.0,0.0
0.0,0.0,0.0,0.0,0.0,0.0,0.0,0.0,0.0,0.0,0.0,0.0,0.0,0.0,0.0,0.0,0.0,0.0,0.0,0.0,0.0,0.0,0.0,0.0,0.0,0.0,0.0,0.0,0.0,0.0,0.0,0.0,0.0,0.0,0.0,0.0,0.0
0.0,0.0,0.0,0.0,0.0,0.0,0.0,0.0,0.0,0.0,0.0,0.0,0.0,1.0967810917645011,0.0,0.0,0.0,0.0,0.0,0.0,0.0,10.4954502105711,0.0,0.0,0.0,0.0,0.0,0.0,0.0,0.3764767959713611,0.0,0.0,0.3449933109804746,0.0,0.0,0.0,0.0
0.0,0.0,0.0,0.0,0.0,0.2088446621782822,0.0,0.0,0.0,0.0,0.0,0.0,0.0,6.186371603980584,0.0,0.0,0.0,0.0,0.0,0.0,0.0,14.307395744323486,0.0,0.0,0.0,3.398970832675637,0.3861503075808286,0.0,0.0,0.3944919876754043,0.0,0.0,0.2461529821157347,0.0,0.0,0.0,0.0
0.0,0.0,0.0,0.0500067081302363,1.7343173511324776,0.1707786619662873,2.255118221416938,0.0,0.0,0.0,1.922378789819744,0.0,0.0,2.444536434486429,0.0,0.0,0.0,0.0,0.0,0.0,0.0,21.32021474838214,0.0,0.0,0.0,0.0,0.4843623958528019,0.0,0.0,0.5444389507174214,0.0,1.224648043513247,0.0,0.0,0.0,0.0,0.0
0.0,0.0,0.0,0.0548513773828712,3.538710061460528,0.0,7.078442281111958,0.0,0.0,0.0,1.6608216600490853,0.0,0.0,0.0,0.0,0.0100935129448764,29.715191900729952,0.0,0.0,0.0,0.0,0.0,0.0,0.0,0.0,0.0,0.3337863307446179,0.0,0.0,0.7922378979623299,0.0,1.3450321406125898,0.0,0.0,0.0,0.0,0.0
0.0,0.0,0.0,0.243937255814667,14.694879088550614,1.1480507892556144,27.930334258265734,0.0,0.0,0.0,11.706692524533665,0.0,0.0,17.04153716331345,0.0745096541941147,0.1436331812292325,12.749344253539975,0.0,0.0,0.0,0.0,66.61313581466652,0.0,0.0,0.0,4.39288028925653,1.1606644293293331,0.0,28.56439463794221,0.9488596491515624,0.0,4.92012585699554,2.266086759045713,0.0,0.0,0.0,0.0
0.0,0.0,0.0,0.927456039935348,85.62212912738305,11.140420131385282,75.51678758561604,0.0,0.0,0.0,63.93808876089736,0.0,0.0,82.12088035419573,1.0275141913443775,0.5711477957665909,30.76464473009093,0.0,0.0,0.0,0.0,380.02243576049807,0.0,0.0,0.0,34.73985917568199,3.658660160005087,0.0,254.81635239124296,8.341130410134781,0.0,38.28562343120574,13.503066554665551,0.0,0.0,0.0,0.0
0.0,0.0,0.0,4.136517673730846,261.928169876337,65.6015078872442,198.4062271460891,0.0,0.0,0.0,243.55049201697105,0.0,0.0,278.7033406645059,4.545167621970174,0.0,165.22030344009391,0.0,0.0,0.0,0.0,969.0807968139646,0.0,0.0,0.0,116.79233165979386,9.420875725150106,0.0,856.4714315593243,33.0125268779695,0.0,162.6707783937454,53.913637369871125,0.0,0.0,0.0,0.0
0.0,0.0,0.0,10.57465639710426,593.4237210750579,176.4905788004398,413.6853223651647,0.0,0.0,0.0,631.7910859137772,0.0,0.0,644.3115445971489,11.692147564887998,2.252459466457366,432.8405193209648,0.0,0.0,0.0,0.0,1801.209475708008,0.0,0.0,0.0,242.6471521854401,21.543627297878263,0.0,1478.9332889914513,91.57290936261413,0.0,326.4779396057129,130.56536775827405,0.0,0.0,0.0,0.0
0.0,0.0,0.0,18.57021510601044,1068.8477499485016,265.7323698103428,722.9938563197851,0.0,0.0,0.0,1210.9428204655646,0.0,0.0,1043.562691807747,17.153679719567297,3.2184868156909934,809.1969550490378,0.0,0.0,0.0,0.0,2452.9755859375,0.0,0.0,0.0,418.23823390007016,39.73125412464142,0.0,1921.3064313173293,172.881031358242,0.0,408.8382083177567,185.9556785225868,0.0,0.0,0.0,0.0
0.0,0.0,0.0,28.592773914337155,1388.482354402542,299.4973365664482,927.8270494163036,0.0,0.0,0.0,1515.1438151061534,0.0,0.0,1193.8780646026134,21.38679673075676,4.641798406839371,1150.28242354393,0.0,0.0,0.0,0.0,2660.098587036133,0.0,0.0,0.0,473.50973377227785,49.07828179001808,0.0,2074.3169446229936,269.2353325128555,0.0,419.1078509092331,209.46037834882736,0.0,0.0,0.0,0.0
0.0,0.0,0.0,37.65394413471222,1562.4532277584076,321.51429092884064,1058.9161296784878,0.0,0.0,0.0,1665.211052840948,0.0,0.0,1275.2877497673037,24.372116124629976,5.599307328462601,1385.3581413269044,0.0,0.0,0.0,0.0,2752.941546630859,0.0,0.0,0.0,483.87203974723815,53.21715919971466,0.0,2131.712851977348,306.55060238838195,0.0,422.7434147596359,219.78454411029816,0.0,0.0,0.0,0.0
0.0,0.0,0.0,42.04559552669525,1644.1125981807709,329.3801958858967,1132.2814910411837,0.0,0.0,0.0,1676.878307944536,0.0,0.0,1304.2430482804775,25.152275079488756,6.007695943117141,1507.129847407341,0.0,0.0,0.0,0.0,2772.865509033203,0.0,0.0,0.0,462.5783389091492,52.87128916978836,0.0,2096.8967083334924,317.04935587048533,0.0,414.1122876405716,217.6448700428009,0.0,0.0,0.0,0.0
0.0,0.0,0.0,41.33563685417175,0.0,322.62479135394096,0.0,0.0,0.0,0.0,1575.508535754681,0.0,0.0,0.0,0.0,5.876747637987136,1511.7141250610352,0.0,0.0,0.0,0.0,2716.625592041016,0.0,0.0,0.0,446.18741071224207,50.16842706203461,0.0,0.0,304.4813067674637,0.0,392.8655171394348,207.5044447183609,0.0,0.0,0.0,0.0
0.0,0.0,0.0,0.0,0.0,285.9036531448364,0.0,0.0,0.0,0.0,1311.0730400383472,0.0,0.0,0.0,0.0,4.810730755329132,0.0,0.0,0.0,0.0,0.0,2110.622180175781,0.0,0.0,0.0,383.8232146024704,42.36496095657348,0.0,0.0,0.0,0.0,0.0,0.0,0.0,0.0,0.0,0.0
0.0,0.0,0.0,0.0,0.0,0.0,0.0,0.0,0.0,0.0,0.0,0.0,0.0,0.0,0.0,0.0,0.0,0.0,0.0,0.0,0.0,0.0,0.0,0.0,0.0,0.0,0.0,0.0,0.0,0.0,0.0,0.0,0.0,0.0,0.0,0.0,0.0
0.0,0.0,0.0,0.0,0.0,0.0,0.0,0.0,0.0,0.0,0.0,0.0,0.0,0.0,0.0,0.0,0.0,0.0,0.0,0.0,0.0,0.0,0.0,0.0,0.0,0.0,0.0,0.0,0.0,0.0,0.0,0.0,0.0,0.0,0.0,0.0,0.0
0.0,0.0,0.0,0.0,0.0,0.0,0.0,0.0,0.0,0.0,0.0,0.0,0.0,0.0,0.0,0.0,0.0,0.0,0.0,0.0,0.0,0.0,0.0,0.0,0.0,0.0,0.0,0.0,0.0,0.0,0.0,0.0,0.0,0.0,0.0,0.0,0.0
0.0,0.0,0.0,0.0,0.0,0.0,0.0,0.0,0.0,0.0,0.0,0.0,0.0,0.0,0.0,0.0,0.0,0.0,0.0,0.0,0.0,0.0,0.0,0.0,0.0,0.0,0.0,0.0,0.0,0.0,0.0,0.0,0.0,0.0,0.0,0.0,0.0
0.0,0.0,0.0,0.0,0.0,0.0,0.0,0.0,0.0,0.0,0.0,0.0,0.0,0.0,0.0,0.0,0.0,0.0,0.0,0.0,0.0,0.0,0.0,0.0,0.0,0.0,0.0,0.0,0.0,0.0,0.0,0.0,0.0,0.0,0.0,0.0,0.0
0.0,0.0,0.0,0.0,0.0,0.0,0.0,0.0,0.0,0.0,0.0,0.0,0.0,0.0,0.0,0.0,0.0,0.0,0.0,0.0,0.0,0.0,0.0,0.0,0.0,0.0,0.0,0.0,0.0,0.0,0.0,0.0,0.0,0.0,0.0,0.0,0.0
0.0,0.0,0.0,0.0,0.0,0.0,0.0,0.0,0.0,0.0,0.0,0.0,0.0,0.0,0.0,0.0,0.0,0.0,0.0,0.0,0.0,0.0,0.0,0.0,0.0,0.0,0.0,0.0,0.0,0.0,0.0,0.0,0.0,0.0,0.0,0.0,0.0
0.0,0.0,0.0,0.0,0.0,0.0,0.0,0.0,0.0,0.0,0.0,0.0,0.0,0.0,0.0,0.0,0.0,0.0,0.0,0.0,0.0,0.0,0.0,0.0,0.0,0.0,0.0,0.0,0.0,0.0,0.0,0.0,0.0,0.0,0.0,0.0,0.0
0.0,0.0,0.0,0.0,0.0,0.0,0.0,0.0,0.0,0.0,0.0,0.0,0.0,0.0,0.0,0.0,0.0,0.0,0.0,0.0,0.0,0.0,0.0,0.0,0.0,0.0,0.0,0.0,0.0,0.0,0.0,0.0,0.0,0.0,0.0,0.0,0.0
0.0,0.0,0.0,0.0,0.0,0.0,0.0,0.0,0.0,0.0,0.0,0.0,0.0,0.0,0.0,0.0,0.0,0.0,0.0,0.0,0.0,0.0,0.0,0.0,0.0,0.0,0.0,0.0,0.0,0.0,0.0,0.0,0.0,0.0,0.0,0.0,0.0
0.0,0.0,0.0,0.0,0.0,0.0,0.0,0.0,0.0,0.0,0.0,0.0,0.0,4.440938299521754,0.0,0.0,0.0,0.0,0.0,0.0,0.0,0.0,0.0,0.0,0.0,0.0,0.0,0.0,0.0,0.3691400937735686,0.0,0.0,0.0,0.0,0.0,0.0,0.0
0.0,0.0,0.0,0.0332714598625892,0.0,0.0,0.0,0.0,0.0,0.0,0.0,0.0,0.0,5.524671347811811,0.0,0.0,0.0,0.0,0.0,0.0,0.0,0.0,0.0,0.0,0.0,0.0,0.0,0.0,0.1851605027914047,0.3834971852600539,0.0,0.0,0.0,0.0,0.0,0.0,0.0
0.0,0.0,0.0,0.0324160121381232,0.0,0.0,0.0,0.0,0.0,0.0,0.0,0.0,0.0,0.882723187096335,0.0621593289077272,0.0,0.0,0.0,0.0,0.0,0.0,20.31260576248128,0.0,0.0,0.0,0.0,0.0,0.0,0.0,0.527214541286206,0.0,0.0,0.0,0.0,0.0,0.0,0.0
0.0,0.0,0.0,0.0296357348561257,2.899914603680182,0.0,5.544833146780655,0.0,0.0,0.0,1.589585951063718,0.0,0.0,0.0,0.0112802043557162,0.0,34.20907344818111,0.0,0.0,0.0,0.0,0.0,0.0,0.0,0.0,0.0,0.0,0.0,0.0,0.6994059167802306,0.0,1.1533594876527318,0.0,0.0,0.0,0.0,0.0
0.0,0.0,0.0,0.1157249566167576,10.423370230942853,0.9040397480130024,17.952219102531558,0.0,0.0,0.0,10.729897472402056,0.0,0.0,13.986290553584595,0.1171771958470323,0.0,16.19432454109179,0.0,0.0,0.0,0.0,122.7386810302732,0.0,0.0,0.0,5.591409108415242,0.0,0.0,21.969107121228923,0.8577527448534598,0.0,4.90408211946483,0.0,0.0,0.0,0.0,0.0
0.0,0.0,0.0,1.486886285245414,51.96083056181652,6.901127439923582,63.23637743741265,0.0,0.0,0.0,64.1177408240734,0.0,0.0,71.51493783108889,1.0971618823707094,0.0,47.621220338344415,0.0,0.0,0.0,0.0,547.6101989746093,0.0,0.0,0.0,55.651867100596384,0.0369459792971549,0.0,249.4421424299477,4.8429673716425565,0.0,36.5105814486742,0.0,0.0,0.0,0.0,0.0
0.0,0.0,0.0,6.166749477386472,175.86866834759698,44.736534375697374,201.558318836987,0.0,0.0,0.0,271.6758256226778,0.0,0.0,252.9602166637778,4.964399787783623,0.0,197.07607513666144,0.0,0.0,0.0,0.0,1345.470700073242,0.0,0.0,0.0,157.64673358201972,1.7292224772274425,0.0,830.6278163731098,18.378525405749656,0.0,167.29817444086075,0.0,0.0,0.0,0.0,0.0
0.0,0.0,0.0,14.906463980674742,401.6807954311371,157.70702844858167,414.67247880399225,0.0,0.0,0.0,686.1662856042385,0.0,0.0,604.7125023603438,12.618178752064704,2.738575682044029,488.60639818906776,0.0,0.0,0.0,0.0,2188.846737670898,0.0,0.0,0.0,330.37033891677856,4.882543921470642,0.0,1416.1643890619275,53.00133833438155,0.0,341.697754740715,158.8452232480049,0.0,0.0,0.0,0.0
0.0,0.0,0.0,28.1599029302597,683.5536040067673,248.97998639941216,674.4143448531627,0.0,0.0,0.0,1341.9860447525978,0.0,0.0,1013.1817024946212,19.27421482801437,3.439451038837433,872.7509947180748,0.0,0.0,0.0,0.0,2744.9386627197264,0.0,0.0,0.0,492.5106594085693,9.966388081014152,0.0,1858.7982876420024,113.68039932847022,0.0,438.0190263986588,209.8704892396927,0.0,0.0,0.0,0.0
0.0,0.0,0.0,38.937727093696594,981.7495589256288,278.24453487992287,858.9746104359626,0.0,0.0,0.0,1680.7892727553844,0.0,0.0,1178.9647142589092,22.572361010313035,4.494287461042403,1198.959286546707,0.0,0.0,0.0,0.0,2973.349905395508,0.0,0.0,0.0,560.1808247566223,16.023741272091865,0.0,2025.236648464203,245.7983735322952,0.0,449.0703582763672,227.3327814936638,0.0,0.0,0.0,0.0
0.0,0.0,0.0,46.93585693836212,1233.9468491077423,296.4437331855297,1015.7244995594024,0.0,0.0,0.0,1862.5013123512267,0.0,0.0,1262.5468502938747,24.039686143398285,5.4118651151657104,1420.6884942054749,0.0,0.0,0.0,0.0,3104.289471435547,0.0,0.0,0.0,601.4918005943298,26.49560452103615,0.0,2118.1736332654955,291.71018477678297,0.0,445.1006971597672,232.332281768322,0.0,0.0,0.0,0.0
0.0,0.0,0.0,51.39485490322113,1406.1537601947784,304.2609620988369,1136.243263167143,0.0,0.0,0.0,1940.19386651516,0.0,0.0,1282.8861837089062,24.849965393543243,5.851273715496063,1533.414093399048,0.0,0.0,0.0,0.0,3112.8657165527343,0.0,0.0,0.0,608.727536201477,34.23373454809188,0.0,2183.639789605141,305.6077087521553,0.0,433.13344144821167,226.0803217291832,0.0,0.0,0.0,0.0
0.0,0.0,0.0,52.15770709514618,0.0,0.0,0.0,0.0,0.0,0.0,0.0,0.0,0.0,1269.8031330108645,24.505549639463425,0.0,1528.531845664978,0.0,0.0,0.0,0.0,0.0,0.0,0.0,0.0,0.0,0.0,0.0,0.0,291.5788094818592,0.0,413.8744258880615,0.0,0.0,0.0,0.0,0.0
0.0,0.0,0.0,45.09281730651856,0.0,0.0,0.0,0.0,0.0,0.0,0.0,0.0,0.0,0.0,0.0,0.0,0.0,0.0,0.0,0.0,0.0,0.0,0.0,0.0,0.0,0.0,0.0,0.0,0.0,281.4481505036354,0.0,0.0,0.0,0.0,0.0,0.0,0.0
0.0,0.0,0.0,0.0,0.0,0.0,0.0,0.0,0.0,0.0,0.0,0.0,0.0,0.0,0.0,0.0,0.0,0.0,0.0,0.0,0.0,0.0,0.0,0.0,0.0,0.0,0.0,0.0,0.0,0.0,0.0,0.0,0.0,0.0,0.0,0.0,0.0
0.0,0.0,0.0,0.0,0.0,0.0,0.0,0.0,0.0,0.0,0.0,0.0,0.0,0.0,0.0,0.0,0.0,0.0,0.0,0.0,0.0,0.0,0.0,0.0,0.0,0.0,0.0,0.0,0.0,0.0,0.0,0.0,0.0,0.0,0.0,0.0,0.0
0.0,0.0,0.0,0.0,0.0,0.0,0.0,0.0,0.0,0.0,0.0,0.0,0.0,0.0,0.0,0.0,0.0,0.0,0.0,0.0,0.0,0.0,0.0,0.0,0.0,0.0,0.0,0.0,0.0,0.0,0.0,0.0,0.0,0.0,0.0,0.0,0.0
0.0,0.0,0.0,0.0,0.0,0.0,0.0,0.0,0.0,0.0,0.0,0.0,0.0,0.0,0.0,0.0,0.0,0.0,0.0,0.0,0.0,0.0,0.0,0.0,0.0,0.0,0.0,0.0,0.0,0.0,0.0,0.0,0.0,0.0,0.0,0.0,0.0
0.0,0.0,0.0,0.0,0.0,0.0,0.0,0.0,0.0,0.0,0.0,0.0,0.0,0.0,0.0,0.0,0.0,0.0,0.0,0.0,0.0,0.0,0.0,0.0,0.0,0.0,0.0,0.0,0.0,0.0,0.0,0.0,0.0,0.0,0.0,0.0,0.0
0.0,0.0,0.0,0.0,0.0,0.0,0.0,0.0,0.0,0.0,0.0,0.0,0.0,0.0,0.0,0.0,0.0,0.0,0.0,0.0,0.0,0.0,0.0,0.0,0.0,0.0,0.0,0.0,0.0,0.0,0.0,0.0,0.0,0.0,0.0,0.0,0.0
0.0,0.0,0.0,0.0,0.0,0.0,0.0,0.0,0.0,0.0,0.0,0.0,0.0,0.0,0.0,0.0,0.0,0.0,0.0,0.0,0.0,0.0,0.0,0.0,0.0,0.0,0.0,0.0,0.0,0.0,0.0,0.0,0.0,0.0,0.0,0.0,0.0
0.0,0.0,0.0,0.0,0.0,0.0,0.0,0.0,0.0,0.0,0.0,0.0,0.0,0.0,0.0,0.0,0.0,0.0,0.0,0.0,0.0,0.0,0.0,0.0,0.0,0.0,0.0,0.0,0.0,0.0,0.0,0.0,0.0,0.0,0.0,0.0,0.0
0.0,0.0,0.0,0.0,0.0,0.0,0.0,0.0,0.0,0.0,0.0,0.0,0.0,0.0,0.0,0.0,0.0,0.0,0.0,0.0,0.0,0.0,0.0,0.0,0.0,0.0,0.0,0.0,0.0,0.0,0.0,0.0,0.0,0.0,0.0,0.0,0.0
0.0,0.0,0.0,0.0,0.0,0.0,0.0,0.0,0.0,0.0,0.0,0.0,0.0,0.0,0.0,0.0,0.0,0.0,0.0,0.0,0.0,0.0,0.0,0.0,0.0,0.0,0.0,0.0,0.0,0.0,0.0,0.0,0.0,0.0,0.0,0.0,0.0
0.0,0.0,0.0,0.0,0.0,0.0,0.0,0.0,0.0,0.0,0.0,0.0,0.0,0.0,0.0,0.0,0.0,0.0,0.0,0.0,0.0,0.0,0.0,0.0,0.0,0.0,0.0,0.0,0.0,0.0,0.0,0.0,0.0,0.0,0.0,0.0,0.0
0.0,0.0,0.0,0.0,0.0,0.1538479183800463,0.0,0.0,0.0,0.0,1.8171134455129143,0.0,0.0,0.0,0.0,0.0,0.0,0.0,0.0,0.0,0.0,19.317753791808716,0.0,0.0,0.0,0.0,0.0,0.0,0.0,0.0,0.0,0.0,0.0,0.0,0.0,0.0,0.0
0.0,0.0,0.0,0.0330138150602532,1.5445134155451037,0.0800400227307883,1.7116121262311754,0.0,0.0,0.0,1.8668133687226889,0.0,0.0,0.0,0.0,0.0,0.0,0.0,0.0,0.0,0.0,15.29386186599721,0.0,0.0,0.0,0.0,0.5686507841572154,0.0,0.0,0.6279719181358676,0.0,1.140984684228858,0.0,0.0,0.0,0.0,0.0
0.0,0.0,0.0,0.02829242497682,3.1450670175253177,0.0,3.2267540097235834,0.0,0.0,0.0,1.5846146873196625,0.0,0.0,0.0,0.0,0.0,35.753467941284086,0.0,0.0,0.0,0.0,0.0,0.0,0.0,0.0,0.7468843733891298,0.0113862566649887,0.0,0.0,0.8055171824991478,0.0,1.2129056602716215,0.0,0.0,0.0,0.0,0.0
0.0,0.0,0.0,0.1360093168914304,31.736891530454148,0.7637859089299678,20.332324176281634,0.0,0.0,0.0,12.85376713364382,0.0,0.0,31.42726258374744,0.4307698320597407,0.1286632539704433,12.391927242278864,0.0,0.0,0.0,0.0,215.39440193176264,0.0,0.0,0.0,7.879353888332766,0.6404589205980278,0.0,2.821999217569592,0.6990280985832199,0.0,7.133470907807309,0.0,0.0,0.0,0.0,0.0
0.0,0.0,0.0,2.034334488213059,159.96603327989575,11.178736048750572,108.46308839917178,0.0,0.0,0.0,78.46789330877344,0.0,0.0,149.5392389781772,2.6270378328859776,0.5627177022397515,26.384692919254157,0.0,0.0,0.0,0.0,838.2468177795411,0.0,0.0,0.0,61.92855051755904,2.9497183471918045,0.0,76.20261838883145,4.095757202058996,0.0,61.91813403367993,17.81505957245825,0.0,0.0,0.0,0.0
0.0,0.0,0.0,6.932821363210675,440.0959737300871,73.51938895881176,361.71311795860527,0.0,0.0,0.0,339.09209529757493,0.0,0.0,448.6735168099403,8.328981336951253,1.1562749445438372,124.83732914924622,0.0,0.0,0.0,0.0,1910.9759613037108,0.0,0.0,0.0,203.1987432837486,8.293437673151486,0.0,618.8052222132682,16.02416449077425,0.0,0.0,66.5914219021797,0.0,0.0,0.0,0.0
0.0,0.0,0.0,16.18284487724304,893.2978743314743,214.158438116312,732.750276634097,0.0,0.0,0.0,913.5234263300896,0.0,0.0,874.9760976433754,17.531527599692346,1.8606873452663415,330.33697310686114,0.0,0.0,0.0,0.0,2642.8154541015624,0.0,0.0,0.0,441.14313299655913,18.44600796997547,0.0,1235.7631591558456,47.15070347189901,0.0,0.0,135.60295736789703,0.0,0.0,0.0,0.0
0.0,0.0,0.0,30.031894862651825,1330.148376941681,312.8134680688381,1118.5027346313,0.0,0.0,0.0,1642.6122727155685,0.0,0.0,1242.8713339567184,24.676798278093337,2.63792984187603,641.2238909959793,0.0,0.0,0.0,0.0,3094.2128723144533,0.0,0.0,0.0,624.4842621803284,39.00527005791663,0.0,1766.5249746322631,97.3536859333515,0.0,488.2228189706802,189.151724755764,0.0,0.0,0.0,0.0
0.0,0.0,0.0,42.04842257499695,1596.555993795395,345.8146547377109,1321.7866959452629,0.0,0.0,0.0,2069.087267160416,0.0,0.0,1370.2405415475368,28.053114545345306,3.754201650619507,967.0538061738014,0.0,0.0,0.0,0.0,3249.842822265625,0.0,0.0,0.0,680.6683715343476,52.02630125284195,0.0,1963.906620395184,227.97064994573597,0.0,504.8162686824799,207.80481082201004,0.0,0.0,0.0,0.0
0.0,0.0,0.0,49.8995680809021,1762.38698720932,364.5516847372055,1438.876795423031,0.0,0.0,0.0,2275.3,0.0,0.0,1430.886345356703,29.417076247930527,4.584022104740143,1202.8879319667817,0.0,0.0,0.0,0.0,3306.849755859375,0.0,0.0,0.0,703.86427526474,60.03586354255676,0.0,2040.3180990457536,274.79074785113335,0.0,502.6433626413345,215.5297156572342,0.0,0.0,0.0,0.0
0.0,0.0,0.0,53.23936903476715,1831.6089479923248,368.267990231514,0.0,0.0,0.0,0.0,2275.3,0.0,0.0,0.0,28.96563794016838,4.947172045707702,1337.3152154922486,0.0,0.0,0.0,0.0,3251.3372009277346,0.0,0.0,0.0,703.5357746124267,0.0,0.0,2083.2329235315324,293.87807630300523,0.0,483.6311793327332,213.3623434305191,0.0,0.0,0.0,0.0
0.0,0.0,0.0,53.71671152114868,0.0,357.1308901309967,0.0,0.0,0.0,0.0,2261.2855964124205,0.0,0.0,0.0,27.243695157766343,4.878154456615448,1367.3767317295074,0.0,0.0,0.0,0.0,3087.087548828125,0.0,0.0,0.0,0.0,0.0,0.0,0.0,0.0,0.0,0.0,0.0,0.0,0.0,0.0,0.0
0.0,0.0,0.0,45.04050767421722,0.0,323.04924964904785,0.0,0.0,0.0,0.0,2083.395420306921,0.0,0.0,0.0,24.023053765296936,0.0,0.0,0.0,0.0,0.0,0.0,2541.7664489746094,0.0,0.0,0.0,0.0,0.0,0.0,0.0,0.0,0.0,0.0,0.0,0.0,0.0,0.0,0.0
0.0,0.0,0.0,0.0,0.0,0.0,0.0,0.0,0.0,0.0,0.0,0.0,0.0,0.0,0.0,0.0,0.0,0.0,0.0,0.0,0.0,0.0,0.0,0.0,0.0,0.0,0.0,0.0,0.0,0.0,0.0,0.0,0.0,0.0,0.0,0.0,0.0
0.0,0.0,0.0,0.0,0.0,0.0,0.0,0.0,0.0,0.0,0.0,0.0,0.0,0.0,0.0,0.0,0.0,0.0,0.0,0.0,0.0,0.0,0.0,0.0,0.0,0.0,0.0,0.0,0.0,0.0,0.0,0.0,0.0,0.0,0.0,0.0,0.0
0.0,0.0,0.0,0.0,0.0,0.0,0.0,0.0,0.0,0.0,0.0,0.0,0.0,0.0,0.0,0.0,0.0,0.0,0.0,0.0,0.0,0.0,0.0,0.0,0.0,0.0,0.0,0.0,0.0,0.0,0.0,0.0,0.0,0.0,0.0,0.0,0.0
0.0,0.0,0.0,0.0,0.0,0.0,0.0,0.0,0.0,0.0,0.0,0.0,0.0,0.0,0.0,0.0,0.0,0.0,0.0,0.0,0.0,0.0,0.0,0.0,0.0,0.0,0.0,0.0,0.0,0.0,0.0,0.0,0.0,0.0,0.0,0.0,0.0
0.0,0.0,0.0,0.0,0.0,0.0,0.0,0.0,0.0,0.0,0.0,0.0,0.0,0.0,0.0,0.0,0.0,0.0,0.0,0.0,0.0,0.0,0.0,0.0,0.0,0.0,0.0,0.0,0.0,0.0,0.0,0.0,0.0,0.0,0.0,0.0,0.0
0.0,0.0,0.0,0.0,0.0,0.0,0.0,0.0,0.0,0.0,0.0,0.0,0.0,0.0,0.0,0.0,0.0,0.0,0.0,0.0,0.0,0.0,0.0,0.0,0.0,0.0,0.0,0.0,0.0,0.0,0.0,0.0,0.0,0.0,0.0,0.0,0.0
0.0,0.0,0.0,0.0,0.0,0.0,0.0,0.0,0.0,0.0,0.0,0.0,0.0,0.0,0.0,0.0,0.0,0.0,0.0,0.0,0.0,0.0,0.0,0.0,0.0,0.0,0.0,0.0,0.0,0.0,0.0,0.0,0.0,0.0,0.0,0.0,0.0
0.0,0.0,0.0,0.0,0.0,0.0,0.0,0.0,0.0,0.0,0.0,0.0,0.0,0.0,0.0,0.0,0.0,0.0,0.0,0.0,0.0,0.0,0.0,0.0,0.0,0.0,0.0,0.0,0.0,0.0,0.0,0.0,0.0,0.0,0.0,0.0,0.0
0.0,0.0,0.0,0.0,0.0,0.0,0.0,0.0,0.0,0.0,0.0,0.0,0.0,0.0,0.0,0.0,0.0,0.0,0.0,0.0,0.0,0.0,0.0,0.0,0.0,0.0,0.0,0.0,0.0,0.0,0.0,0.0,0.0,0.0,0.0,0.0,0.0
0.0,0.0,0.0,0.0,0.0,0.0,0.0,0.0,0.0,0.0,0.0,0.0,0.0,0.0,0.0,0.0,0.0,0.0,0.0,0.0,0.0,0.0,0.0,0.0,0.0,0.0,0.0,0.0,0.0,0.0,0.0,0.0,0.0,0.0,0.0,0.0,0.0
0.0,0.0,0.0,0.0,0.0,0.0,0.0,0.0,0.0,0.0,0.0,0.0,0.0,0.0,0.0,0.0,0.0,0.0,0.0,0.0,0.0,0.0,0.0,0.0,0.0,0.0,0.0,0.0,0.0,0.0,0.0,0.0,0.0,0.0,0.0,0.0,0.0
0.0,0.0,0.0,0.0,0.0,0.159008853137464,0.0,0.0,0.0,0.0,1.9445587632245984,0.0,0.0,1.5362719725816645,0.0667803056538079,0.0,10.41185415983191,0.0,0.0,0.0,0.0,0.0,0.0,0.0,0.0,0.0,0.0,0.0,0.0,0.3856557279825045,0.0,1.1597106009721625,0.1077969875186537,0.0,0.0,0.0,0.0
0.0,0.0,0.0,0.0302190445363514,0.0,0.0678015672601406,0.0,0.0,0.0,0.0,1.9509826276915607,0.0,0.0,2.2066244529560075,0.0566110186278787,0.0038679698482152,11.729063320159748,0.0,0.0,0.0,0.0,14.295665740966722,0.0,0.0,0.0,0.0,0.0,0.0,0.0,0.537811023741948,0.0,1.2143274843692398,0.0,0.0,0.0,0.0,0.0
0.0,0.0,0.0,0.036401711404318,2.852768089622071,0.0,0.0,0.0,0.0,0.0,1.6917045235633337,0.0,0.0,0.0,0.0124164886772616,0.0,19.3979012608527,0.0,0.0,0.0,0.0,0.0,0.0,0.0,0.0,0.0,0.0,0.0,0.0,0.7127379201352579,0.0,1.3291319310664975,0.0,0.0,0.0,0.0,0.0
0.0,0.0,0.0,0.096560040488839,10.053826615214172,0.747673113830352,11.117885658144893,0.0,0.0,0.0,5.902678532339524,0.0,0.0,7.102295318618295,0.1631852041929934,0.0061713270843029,7.320307326316722,0.0,0.0,0.0,0.0,43.29609169959996,0.0,0.0,0.0,0.0,0.3772525653243004,0.0,26.32560191601493,0.6447599329054347,0.0,5.6535628288984,1.112413839437058,0.0,0.0,0.0,0.0
0.0,0.0,0.0,0.8938905000686638,96.1291329860686,9.921225288882816,80.50419195070863,0.0,0.0,0.0,50.65743607338511,0.0,0.0,48.81214452907431,1.0854650840163227,0.1471549458801734,20.38226889371868,0.0,0.0,0.0,0.0,249.65270004272423,0.0,0.0,0.0,32.15202826261516,2.272693537920706,0.0,230.70894580930468,2.5930805101990457,0.0,43.753057375550256,2.4457392180338227,0.0,0.0,0.0,0.0
0.0,0.0,0.0,4.155053317546842,285.7609100937842,66.31227393448353,299.38352276980874,0.0,0.0,0.0,238.81640798673013,0.0,0.0,153.18603340536347,4.140695384144782,0.3988039791584004,112.35794750452028,0.0,0.0,0.0,0.0,652.6808807373047,0.0,0.0,0.0,139.91239545345306,7.897546400129789,0.0,790.7608555018902,11.998665364831654,0.0,193.2359956502914,6.845181565731761,0.0,0.0,0.0,0.0
0.0,0.0,0.0,10.74318265914917,617.7235436439513,196.5555146932602,598.3669425487517,0.0,0.0,0.0,675.0343165159226,0.0,0.0,372.0682885497809,10.48091607391834,0.7056240402162068,312.80257991552355,0.0,0.0,0.0,0.0,1196.1156738281247,0.0,0.0,0.0,408.2365411043167,19.545145183801647,0.0,1442.780219757557,32.75928910598159,0.0,357.1898424625397,18.024113219231342,0.0,0.0,0.0,0.0
0.0,0.0,0.0,22.050239503383636,1024.3598546981812,300.07476910948753,932.5300955176352,0.0,0.0,0.0,1345.3223941981792,0.0,0.0,752.6126043498516,19.16094101071358,0.9223259985446924,612.1169576406479,0.0,0.0,0.0,0.0,1830.7037628173828,0.0,0.0,0.0,651.2317090988159,40.87509058117867,0.0,1954.0742246270177,62.29706595838067,0.0,451.2703193426132,46.58522137999535,0.0,0.0,0.0,0.0
0.0,0.0,0.0,35.70162892341614,1311.1068923473358,333.46243664622307,1103.1803223133088,0.0,0.0,0.0,1723.2633433282376,0.0,0.0,976.6381672024728,24.0172083735466,1.623004734516143,935.3448745250702,0.0,0.0,0.0,0.0,2113.742666625976,0.0,0.0,0.0,712.7902657032013,53.31549841165543,0.0,2139.3043147802355,206.42318027019505,0.0,460.9070752859116,74.55044254660606,0.0,0.0,0.0,0.0
0.0,0.0,0.0,46.32649683952332,1513.1577596664429,353.4181508421898,1197.3252904474734,0.0,0.0,0.0,1941.9447006821636,0.0,0.0,0.0,26.276142650842665,2.268753811717033,1167.8720962524417,0.0,0.0,0.0,0.0,2250.6616485595705,0.0,0.0,0.0,721.2122536659241,60.16548212766647,0.0,2253.3305114269256,264.2563330173492,0.0,465.25102150440216,98.7940073609352,0.0,0.0,0.0,0.0
0.0,0.0,0.0,52.51612877845764,1639.2203965187073,359.79074716567993,1258.4269012868403,0.0,0.0,0.0,2010.0970394849776,0.0,0.0,0.0,26.866219675540925,2.7861569523811336,1290.4411266326904,0.0,0.0,0.0,0.0,2338.240603637695,0.0,0.0,0.0,722.7945156574249,61.415492272377016,0.0,0.0,285.74820191264155,0.0,454.27665650844574,108.96897679567336,0.0,0.0,0.0,0.0
0.0,0.0,0.0,54.79171419143677,0.0,351.79100304841995,0.0,0.0,0.0,0.0,1932.0073945045472,0.0,0.0,0.0,25.900987333059312,0.0,1313.059887123108,0.0,0.0,0.0,0.0,0.0,0.0,0.0,0.0,0.0,58.75421698093415,0.0,0.0,275.7999969065189,0.0,427.55109989643097,0.0,0.0,0.0,0.0,0.0
0.0,0.0,0.0,0.0,0.0,318.95479330420494,0.0,0.0,0.0,0.0,1746.9421887755393,0.0,0.0,0.0,22.99167058467865,0.0,1213.0781164884568,0.0,0.0,0.0,0.0,0.0,0.0,0.0,0.0,0.0,0.0,0.0,0.0,262.7655151307583,0.0,369.86314821243286,0.0,0.0,0.0,0.0,0.0
0.0,0.0,0.0,0.0,0.0,0.0,0.0,0.0,0.0,0.0,0.0,0.0,0.0,0.0,0.0,0.0,1038.9929886579514,0.0,0.0,0.0,0.0,0.0,0.0,0.0,0.0,0.0,0.0,0.0,0.0,0.0,0.0,0.0,0.0,0.0,0.0,0.0,0.0
0.0,0.0,0.0,0.0,0.0,0.0,0.0,0.0,0.0,0.0,0.0,0.0,0.0,0.0,0.0,0.0,0.0,0.0,0.0,0.0,0.0,0.0,0.0,0.0,0.0,0.0,0.0,0.0,0.0,0.0,0.0,0.0,0.0,0.0,0.0,0.0,0.0
0.0,0.0,0.0,0.0,0.0,0.0,0.0,0.0,0.0,0.0,0.0,0.0,0.0,0.0,0.0,0.0,0.0,0.0,0.0,0.0,0.0,0.0,0.0,0.0,0.0,0.0,0.0,0.0,0.0,0.0,0.0,0.0,0.0,0.0,0.0,0.0,0.0
0.0,0.0,0.0,0.0,0.0,0.0,0.0,0.0,0.0,0.0,0.0,0.0,0.0,0.0,0.0,0.0,0.0,0.0,0.0,0.0,0.0,0.0,0.0,0.0,0.0,0.0,0.0,0.0,0.0,0.0,0.0,0.0,0.0,0.0,0.0,0.0,0.0
0.0,0.0,0.0,0.0,0.0,0.0,0.0,0.0,0.0,0.0,0.0,0.0,0.0,0.0,0.0,0.0,0.0,0.0,0.0,0.0,0.0,0.0,0.0,0.0,0.0,0.0,0.0,0.0,0.0,0.0,0.0,0.0,0.0,0.0,0.0,0.0,0.0
0.0,0.0,0.0,0.0,0.0,0.0,0.0,0.0,0.0,0.0,0.0,0.0,0.0,0.0,0.0,0.0,0.0,0.0,0.0,0.0,0.0,0.0,0.0,0.0,0.0,0.0,0.0,0.0,0.0,0.0,0.0,0.0,0.0,0.0,0.0,0.0,0.0
0.0,0.0,0.0,0.0,0.0,0.0,0.0,0.0,0.0,0.0,0.0,0.0,0.0,0.0,0.0,0.0,0.0,0.0,0.0,0.0,0.0,0.0,0.0,0.0,0.0,0.0,0.0,0.0,0.0,0.0,0.0,0.0,0.0,0.0,0.0,0.0,0.0
0.0,0.0,0.0,0.0,0.0,0.0,0.0,0.0,0.0,0.0,0.0,0.0,0.0,0.0,0.0,0.0,0.0,0.0,0.0,0.0,0.0,0.0,0.0,0.0,0.0,0.0,0.0,0.0,0.0,0.0,0.0,0.0,0.0,0.0,0.0,0.0,0.0
0.0,0.0,0.0,0.0,0.0,0.0,0.0,0.0,0.0,0.0,0.0,0.0,0.0,0.0,0.0,0.0,0.0,0.0,0.0,0.0,0.0,0.0,0.0,0.0,0.0,0.0,0.0,0.0,0.0,0.0,0.0,0.0,0.0,0.0,0.0,0.0,0.0
0.0,0.0,0.0,0.0,0.0,0.0,0.0,0.0,0.0,0.0,0.0,0.0,0.0,0.0,0.0,0.0,0.0,0.0,0.0,0.0,0.0,0.0,0.0,0.0,0.0,0.0,0.0,0.0,0.0,0.0,0.0,0.0,0.0,0.0,0.0,0.0,0.0
0.0,0.0,0.0,0.0,0.0,0.0,0.0,0.0,0.0,0.0,0.0,0.0,0.0,8.042107252404014,0.0,0.0,0.0,0.0,0.0,0.0,0.0,0.0,0.0,0.0,0.0,0.0,0.0,0.0,0.0,0.0,0.0,0.0,0.0299379378557166,0.0,0.0,0.0,0.0
0.0,0.0,0.0,0.0,0.0,0.0,0.0,0.0,0.0,0.0,0.0,0.0,0.0,0.0,0.0,0.0,0.0,0.0,0.0,0.0,0.0,0.0,0.0,0.0,0.0,0.0,0.0,0.0,0.0,0.0,0.0,0.0,0.0,0.0,0.0,0.0,0.0
0.0,0.0,0.0,0.0,0.0,0.0,0.0,0.0,0.0,0.0,1.7638450618832575,0.0,0.0,3.243477297946808,0.0,0.0,12.0262366890907,0.0,0.0,0.0,0.0,26.485965633392137,0.0,0.0,0.0,0.0,0.0,0.0,0.0,0.5957607202231623,0.0,0.0,0.0,0.0,0.0,0.0,0.0
0.0,0.0,0.0,0.0306272227317052,2.9089895784852904,0.0,0.0,0.0,0.0,0.0,1.5904801852069437,0.0,0.0,0.0,0.0,0.0,22.138649916648703,0.0,0.0,0.0,0.0,29.103139877319062,0.0,0.0,0.0,0.0,0.0460537042468767,0.0,0.0,0.7982390567660325,0.0,1.2374579161404964,0.0,0.0,0.0,0.0,0.0
0.0,0.0,0.0,0.1159742288291428,41.07275264710171,1.1584832710213826,8.252101520448912,0.0,0.0,0.0,2.504233849281404,0.0,0.0,16.078726132400277,0.0,0.0448155757039783,9.233088934421511,0.0,0.0,0.0,0.0,162.2103799819944,0.0,0.0,0.0,4.095314945653027,1.0377972999587597,0.0,27.877435427903965,0.6668520465492814,0.0,5.361290514469146,4.404254269786154,0.0,0.0,0.0,0.0
0.0,0.0,0.0,1.9286174327135053,0.0,22.296202890574893,88.58196806311604,0.0,0.0,0.0,50.78749840334039,0.0,0.0,78.78146892413497,0.0,0.2383813410997382,22.738389778137076,0.0,0.0,0.0,0.0,514.776714324951,0.0,0.0,0.0,85.47050508260723,4.6174546726047945,0.0,281.2619650170207,2.7874694369732964,0.0,0.0,20.05919551849363,0.0,0.0,0.0,0.0
0.0,0.0,0.0,6.985631734132763,0.0,134.4547963887453,414.2057373136282,0.0,0.0,0.0,241.24601248726245,0.0,0.0,268.4798884764313,0.0,0.577953249216079,119.90648201704003,0.0,0.0,0.0,0.0,1076.689844512939,0.0,0.0,0.0,353.16694908142085,13.457392790913582,0.0,1168.42002903223,12.093894587829686,0.0,0.0,63.10666689276695,0.0,0.0,0.0,0.0
0.0,0.0,0.0,16.833934426307678,1118.3592674732208,263.5347355902195,900.847704911232,0.0,0.0,0.0,679.1978706866503,0.0,0.0,593.8892612606286,0.0,0.9254612773656834,331.92812843322747,0.0,0.0,0.0,0.0,1837.279898071289,0.0,0.0,0.0,690.3948333263397,32.41409623026848,0.0,1931.7680979013444,34.32062719836831,0.0,394.2794830799103,130.91203135251996,0.0,0.0,0.0,0.0
0.0,0.0,0.0,32.95949184894562,1567.590613365173,356.54707035422325,1271.9148962438107,0.0,0.0,0.0,1372.0648603916168,0.0,0.0,958.3979925513268,0.0,1.1433394253253932,661.0557548522949,0.0,0.0,0.0,0.0,2445.5691497802736,0.0,0.0,0.0,855.0329862117767,52.4366498708725,0.0,2373.274932551384,68.08498885780571,0.0,0.0,182.24782758951187,0.0,0.0,0.0,0.0
0.0,0.0,0.0,48.09912264347077,1821.1352801322937,385.7838609814644,1445.8186231136324,0.0,0.0,0.0,1772.4044168174266,0.0,0.0,1105.8248369395733,0.0,1.773917511105537,1000.0322055816648,0.0,0.0,0.0,0.0,2660.786294555664,0.0,0.0,0.0,883.6416676521301,63.42289170026779,0.0,2556.25796353817,225.01513927578927,0.0,495.15877294540405,200.556625187397,0.0,0.0,0.0,0.0
0.0,0.0,0.0,58.79476284980774,1934.4148030281067,401.0871939659119,1512.410974317789,0.0,0.0,0.0,0.0,0.0,0.0,1187.4342772364616,0.0,2.25305688381195,1235.5131430625916,0.0,0.0,0.0,0.0,2754.690963745117,0.0,0.0,0.0,874.8501029968263,68.57657815217972,0.0,2631.265913796424,279.4445776760578,0.0,491.71697187423706,207.92807286977768,0.0,0.0,0.0,0.0
0.0,0.0,0.0,0.0,1944.522334575653,0.0,1498.3728264153,0.0,0.0,0.0,2081.9845815896992,0.0,0.0,1198.0139245092869,0.0,2.736257880926132,1354.6223620653152,0.0,0.0,0.0,0.0,2741.087826538086,0.0,0.0,0.0,827.1546830654146,68.66311736106873,0.0,0.0,297.1411837041378,0.0,471.7296594381333,205.3309600353241,0.0,0.0,0.0,0.0
0.0,0.0,0.0,0.0,0.0,0.0,1423.95965397954,0.0,0.0,0.0,0.0,0.0,0.0,0.0,0.0,0.0,1367.0369649410247,0.0,0.0,0.0,0.0,2636.00791015625,0.0,0.0,0.0,0.0,65.05483914613724,0.0,0.0,281.165788513422,0.0,0.0,194.4077386260033,0.0,0.0,0.0,0.0
0.0,0.0,0.0,0.0,0.0,356.9333117008209,0.0,0.0,0.0,0.0,0.0,0.0,0.0,0.0,0.0,0.0,1264.1832334041596,0.0,0.0,0.0,0.0,1990.5028717041016,0.0,0.0,0.0,0.0,0.0,0.0,0.0,0.0,0.0,0.0,0.0,0.0,0.0,0.0,0.0
0.0,0.0,0.0,0.0,0.0,0.0,0.0,0.0,0.0,0.0,0.0,0.0,0.0,0.0,0.0,0.0,1089.8903477430345,0.0,0.0,0.0,0.0,0.0,0.0,0.0,0.0,0.0,0.0,0.0,0.0,0.0,0.0,0.0,0.0,0.0,0.0,0.0,0.0
0.0,0.0,0.0,0.0,0.0,0.0,0.0,0.0,0.0,0.0,0.0,0.0,0.0,0.0,0.0,0.0,0.0,0.0,0.0,0.0,0.0,0.0,0.0,0.0,0.0,0.0,0.0,0.0,0.0,0.0,0.0,0.0,0.0,0.0,0.0,0.0,0.0
0.0,0.0,0.0,0.0,0.0,0.0,0.0,0.0,0.0,0.0,0.0,0.0,0.0,0.0,0.0,0.0,0.0,0.0,0.0,0.0,0.0,0.0,0.0,0.0,0.0,0.0,0.0,0.0,0.0,0.0,0.0,0.0,0.0,0.0,0.0,0.0,0.0
0.0,0.0,0.0,0.0,0.0,0.0,0.0,0.0,0.0,0.0,0.0,0.0,0.0,0.0,0.0,0.0,0.0,0.0,0.0,0.0,0.0,0.0,0.0,0.0,0.0,0.0,0.0,0.0,0.0,0.0,0.0,0.0,0.0,0.0,0.0,0.0,0.0
0.0,0.0,0.0,0.0,0.0,0.0,0.0,0.0,0.0,0.0,0.0,0.0,0.0,0.0,0.0,0.0,0.0,0.0,0.0,0.0,0.0,0.0,0.0,0.0,0.0,0.0,0.0,0.0,0.0,0.0,0.0,0.0,0.0,0.0,0.0,0.0,0.0
0.0,0.0,0.0,0.0,0.0,0.0,0.0,0.0,0.0,0.0,0.0,0.0,0.0,0.0,0.0,0.0,0.0,0.0,0.0,0.0,0.0,0.0,0.0,0.0,0.0,0.0,0.0,0.0,0.0,0.0,0.0,0.0,0.0,0.0,0.0,0.0,0.0
0.0,0.0,0.0,0.0,0.0,0.0,0.0,0.0,0.0,0.0,0.0,0.0,0.0,0.0,0.0,0.0,0.0,0.0,0.0,0.0,0.0,0.0,0.0,0.0,0.0,0.0,0.0,0.0,0.0,0.0,0.0,0.0,0.0,0.0,0.0,0.0,0.0
0.0,0.0,0.0,0.0,0.0,0.0,0.0,0.0,0.0,0.0,0.0,0.0,0.0,0.0,0.0,0.0,0.0,0.0,0.0,0.0,0.0,0.0,0.0,0.0,0.0,0.0,0.0,0.0,0.0,0.0,0.0,0.0,0.0,0.0,0.0,0.0,0.0
0.0,0.0,0.0,0.0,0.0,0.0,0.0,0.0,0.0,0.0,0.0,0.0,0.0,0.0,0.0,0.0,0.0,0.0,0.0,0.0,0.0,0.0,0.0,0.0,0.0,0.0,0.0,0.0,0.0,0.0,0.0,0.0,0.0,0.0,0.0,0.0,0.0
0.0,0.0,0.0,0.0,0.0,0.0,0.0,0.0,0.0,0.0,0.0,0.0,0.0,0.0,0.0,0.0,0.0,0.0,0.0,0.0,0.0,0.0,0.0,0.0,0.0,0.0,0.0,0.0,0.0,0.0,0.0,0.0,0.0,0.0,0.0,0.0,0.0
0.0,0.0,0.0,0.0,0.0,0.0,0.0,0.0,0.0,0.0,0.0,0.0,0.0,0.0,0.0,0.0,0.0,0.0,0.0,0.0,0.0,0.0,0.0,0.0,0.0,0.0,0.0,0.0,0.0,0.0,0.0,0.0,0.2178381197154414,0.0,0.0,0.0,0.0
0.0,0.0,0.0,0.0,0.0,0.2094638412818046,0.0,0.0,0.0,0.0,1.7972781879361086,0.0,0.0,0.0,0.0,0.0216159531846635,0.0,0.0,0.0,0.0,0.0,0.0,0.0,0.0,0.0,0.0,0.6013663804158508,0.0,0.0,0.3859339661896034,0.0,0.9357531219720712,0.0,0.0,0.0,0.0,0.0
0.0,0.0,0.0,0.0,1.3925130069253904,0.0692137447185487,0.1262278243899345,0.0,0.0,0.0,1.8027368304784492,0.0,0.0,1.628942671231843,0.0,0.0,0.0,0.0,0.0,0.0,0.0,26.31605882644636,0.0,0.0,0.0,0.0,0.6402656743302881,0.0,0.0,0.5450452171265947,0.0,0.9814802408218024,0.0,0.0,0.0,0.0,0.0
0.0,0.0,0.0,0.0509031526744322,2.25313395634285,0.0,0.0,0.0,0.0,0.0,1.588723502494259,0.0,0.0,0.0,0.0,0.0,16.151485979556913,0.0,0.0,0.0,0.0,12.829636001586692,0.0,0.0,0.0,0.0,0.1411665357649255,0.0,0.0,0.7026627682149071,0.0,1.0725308060645975,0.0,0.0,0.0,0.0,0.0
0.0,0.0,0.0,0.1415118407458064,28.726680018007627,0.7084390316158492,0.0,0.0,0.0,0.0,7.486277140816673,0.0,0.0,16.20296706445514,0.0,0.0,6.53609812259673,0.0,0.0,0.0,0.0,148.79368362426715,0.0,0.0,0.0,0.0,0.8491567501798184,0.0,10.989619457721702,0.6363776408135866,0.0,3.4819395691156148,2.1560229780152302,0.0,0.0,0.0,0.0
0.0,0.0,0.0,0.7129812352359238,172.25805413722978,6.636914276983545,0.0,0.0,0.0,0.0,69.53899505548173,0.0,0.0,76.64925473742183,0.0,0.0,20.00842736959441,0.0,0.0,0.0,0.0,637.0183555603026,0.0,0.0,0.0,22.868368741869872,3.3648490101098947,0.0,137.89778375476587,2.4393582940101552,0.0,46.55411364138124,10.81693670898674,0.0,0.0,0.0,0.0
0.0,0.0,0.0,3.470458626747128,482.4014607071875,40.51547773554921,0.0,0.0,0.0,0.0,290.45752280801526,0.0,0.0,249.11158442497253,0.0,0.0,115.68231793642045,0.0,0.0,0.0,0.0,1672.106784057617,0.0,0.0,0.0,140.17093763351437,9.94134819358587,0.0,851.3601377308368,11.051090004667628,0.0,202.7358976602554,43.06274378299712,0.0,0.0,0.0,0.0
0.0,0.0,0.0,9.122892260551453,1024.748314857483,151.34280206263065,0.0,0.0,0.0,0.0,745.0416444540023,0.0,0.0,572.2290311008692,16.791660842299457,0.0,327.80128571987154,0.0,0.0,0.0,0.0,2511.818035888672,0.0,0.0,0.0,449.6648232221604,24.09126317501068,0.0,1684.3957082390784,30.134952194243645,0.0,358.060626745224,118.82766154408456,0.0,0.0,0.0,0.0
0.0,0.0,0.0,18.386007964611053,1503.1713066101074,263.1688003242016,0.0,0.0,0.0,0.0,1416.1705565154552,0.0,0.0,975.14009475708,23.54696815609932,0.0,649.5813940525055,0.0,0.0,0.0,0.0,3070.546173095703,0.0,0.0,0.0,670.8382775306702,44.14565809369087,0.0,2201.4687628626825,56.40442591309544,0.0,456.1464314460754,179.475077688694,0.0,0.0,0.0,0.0
0.0,0.0,0.0,30.225567996501923,1787.4068484306335,295.7914635539055,1503.1502175092696,0.0,0.0,0.0,1767.787829220295,0.0,0.0,1146.799403578043,26.74065254330635,4.470998257398605,992.821354150772,0.0,0.0,0.0,0.0,3253.8039306640626,0.0,0.0,0.0,743.4029518604278,55.693017578125,0.0,0.0,216.55041838288307,0.0,465.78709852695465,202.8819083571434,0.0,0.0,0.0,0.0
0.0,0.0,0.0,37.61116886138916,1929.6576795578003,315.3858200013637,1521.1,0.0,0.0,0.0,1945.10474614501,0.0,0.0,1247.2782380878923,27.720100861787795,5.44365182518959,1229.6253229141234,0.0,0.0,0.0,0.0,3293.0768646240235,0.0,0.0,0.0,756.7847505569458,61.60967139005661,0.0,0.0,275.2926778614521,0.0,460.6922138929367,212.08181875944135,0.0,0.0,0.0,0.0
0.0,0.0,0.0,0.0,0.0,321.2178700566292,0.0,0.0,0.0,0.0,1960.6007812798025,0.0,0.0,0.0,26.889835560321806,0.0,1345.0376782417295,0.0,0.0,0.0,0.0,3213.8704498291017,0.0,0.0,0.0,0.0,0.0,0.0,0.0,292.5870275914669,0.0,449.1073526144028,209.62667208909988,0.0,0.0,0.0,0.0
0.0,0.0,0.0,0.0,0.0,310.97729805111885,0.0,0.0,0.0,0.0,1848.3984855353835,0.0,0.0,0.0,0.0,0.0,1349.1148797035216,0.0,0.0,0.0,0.0,3042.9887115478514,0.0,0.0,0.0,0.0,0.0,0.0,0.0,277.91837960481644,0.0,425.8529126644135,198.80783396959305,0.0,0.0,0.0,0.0
0.0,0.0,0.0,36.079947113990784,0.0,272.1433693766594,0.0,0.0,0.0,0.0,1615.4568483471871,0.0,0.0,0.0,0.0,0.0,1245.2250555753708,0.0,0.0,0.0,0.0,2531.547799682617,0.0,0.0,0.0,0.0,0.0,0.0,0.0,266.1306393027306,0.0,0.0,0.0,0.0,0.0,0.0,0.0
0.0,0.0,0.0,0.0,0.0,0.0,0.0,0.0,0.0,0.0,0.0,0.0,0.0,0.0,0.0,0.0,1072.9163491249085,0.0,0.0,0.0,0.0,0.0,0.0,0.0,0.0,0.0,0.0,0.0,0.0,0.0,0.0,0.0,0.0,0.0,0.0,0.0,0.0
0.0,0.0,0.0,0.0,0.0,0.0,0.0,0.0,0.0,0.0,0.0,0.0,0.0,0.0,0.0,0.0,0.0,0.0,0.0,0.0,0.0,0.0,0.0,0.0,0.0,0.0,0.0,0.0,0.0,0.0,0.0,0.0,0.0,0.0,0.0,0.0,0.0
0.0,0.0,0.0,0.0,0.0,0.0,0.0,0.0,0.0,0.0,0.0,0.0,0.0,0.0,0.0,0.0,0.0,0.0,0.0,0.0,0.0,0.0,0.0,0.0,0.0,0.0,0.0,0.0,0.0,0.0,0.0,0.0,0.0,0.0,0.0,0.0,0.0
0.0,0.0,0.0,0.0,0.0,0.0,0.0,0.0,0.0,0.0,0.0,0.0,0.0,0.0,0.0,0.0,0.0,0.0,0.0,0.0,0.0,0.0,0.0,0.0,0.0,0.0,0.0,0.0,0.0,0.0,0.0,0.0,0.0,0.0,0.0,0.0,0.0
0.0,0.0,0.0,0.0,0.0,0.0,0.0,0.0,0.0,0.0,0.0,0.0,0.0,0.0,0.0,0.0,0.0,0.0,0.0,0.0,0.0,0.0,0.0,0.0,0.0,0.0,0.0,0.0,0.0,0.0,0.0,0.0,0.0,0.0,0.0,0.0,0.0
0.0,0.0,0.0,0.0,0.0,0.0,0.0,0.0,0.0,0.0,0.0,0.0,0.0,0.0,0.0,0.0,0.0,0.0,0.0,0.0,0.0,0.0,0.0,0.0,0.0,0.0,0.0,0.0,0.0,0.0,0.0,0.0,0.0,0.0,0.0,0.0,0.0
0.0,0.0,0.0,0.0,0.0,0.0,0.0,0.0,0.0,0.0,0.0,0.0,0.0,0.0,0.0,0.0,0.0,0.0,0.0,0.0,0.0,0.0,0.0,0.0,0.0,0.0,0.0,0.0,0.0,0.0,0.0,0.0,0.0,0.0,0.0,0.0,0.0
0.0,0.0,0.0,0.0,0.0,0.0,0.0,0.0,0.0,0.0,0.0,0.0,0.0,0.0,0.0,0.0,0.0,0.0,0.0,0.0,0.0,0.0,0.0,0.0,0.0,0.0,0.0,0.0,0.0,0.0,0.0,0.0,0.0,0.0,0.0,0.0,0.0
0.0,0.0,0.0,0.0,0.0,0.0,0.0,0.0,0.0,0.0,0.0,0.0,0.0,0.0,0.0,0.0,0.0,0.0,0.0,0.0,0.0,0.0,0.0,0.0,0.0,0.0,0.0,0.0,0.0,0.0,0.0,0.0,0.0,0.0,0.0,0.0,0.0
0.0,0.0,0.0,0.0,0.0,0.0,0.0,0.0,0.0,0.0,0.0,0.0,0.0,0.0,0.0,0.0,0.0,0.0,0.0,0.0,0.0,0.0,0.0,0.0,0.0,0.0,0.0,0.0,0.0,0.0,0.0,0.0,0.0,0.0,0.0,0.0,0.0
0.0,0.0,0.0,0.0,0.0,0.0,0.0,0.0,0.0,0.0,0.0,0.0,0.0,1.2784294318407072,0.0,0.0,0.0,0.0,0.0,0.0,0.0,0.0,0.0,0.0,0.0,0.0,0.0,0.0,0.0309451699256896,0.0,0.0,0.0,0.5823075175285195,0.0,0.0,0.0,0.0
0.0,0.0,0.0,0.0,0.9566501453517025,0.1660763937979803,1.952434370294145,0.0,0.0,0.0,1.8936637024395169,0.0,0.0,6.541772880591397,0.0,0.0,0.0,0.0,0.0,0.0,0.0,0.0,0.0,0.0,0.0,2.954151224158695,0.7167599184438493,0.0,0.0,0.4454037219285618,0.0,0.0,0.3416249109432016,0.0,0.0,0.0,0.0
0.0,0.0,0.0,0.0432852506637541,1.5529459491371325,0.1243618526495644,0.6881615046411597,0.0,0.0,0.0,1.9227146573828329,0.0,0.0,5.690406537614676,0.0430318325757972,0.0,0.0,0.0,0.0,0.0,0.0,33.00395164489738,0.0,0.0,0.0,0.3323058975860021,0.7373733414337013,0.0,0.0,0.5503610312938493,0.0,1.1125168055295405,0.0,0.0,0.0,0.0,0.0
0.0,0.0,0.0,0.0564630143344374,2.6507124453781143,0.0,0.0,0.0,0.0,0.0,1.621952141355712,0.0,0.0,0.0,0.0,0.0,24.669618320465045,0.0,0.0,0.0,0.0,33.084805488586,0.0,0.0,0.0,0.0,0.7388366354629324,0.0,0.0,0.6847969464957514,0.0,1.2451366633176606,0.0,0.0,0.0,0.0,0.0
0.0,0.0,0.0,0.1904387734830342,37.28646820783612,0.5985578196122948,4.591794939711637,0.0,0.0,0.0,3.476708182412926,0.0,0.0,24.578524949029045,0.0337284229695777,0.0,8.26870037317268,0.0,0.0,0.0,0.0,214.8797077178953,0.0,0.0,0.0,0.0,2.281961676478385,0.0,13.407446481287446,0.6592224620282602,0.0,3.4657253921031588,2.7313025351613547,0.0,0.0,0.0,0.0
0.0,0.0,0.0,0.4483694564551086,191.74827012419695,3.5349105512723185,67.47713594809163,0.0,0.0,0.0,43.13038333896527,0.0,0.0,99.27292898297304,0.4041130464524006,0.0,18.120282530784458,0.0,0.0,0.0,0.0,798.6761352539061,0.0,0.0,0.0,60.90393749475472,7.217324659228322,0.0,131.73219427019333,3.573943410813788,0.0,38.896882206201504,14.086915284395213,0.0,0.0,0.0,0.0
0.0,0.0,0.0,1.6640974059700924,521.3836584091187,24.226418271660798,344.64615958929056,0.0,0.0,0.0,199.9685373879969,0.0,0.0,283.3975179865956,1.8849638856947415,1.412881195545196,97.40974094867704,0.0,0.0,0.0,0.0,1845.488116455078,0.0,0.0,0.0,280.9763197422027,18.92589085698127,0.0,679.0844497025012,15.137899651750915,0.0,176.74170583486554,53.75209388136864,0.0,0.0,0.0,0.0
0.0,0.0,0.0,4.344175457954406,1065.9848742485046,101.0147069618106,815.564569234848,0.0,0.0,0.0,574.1614503204821,0.0,0.0,585.9633345156908,5.127232338488101,2.2793444097042075,271.95310043096543,0.0,0.0,0.0,0.0,2580.882666015625,0.0,0.0,0.0,610.7417695522308,41.61909072399139,0.0,1279.3758207857609,43.87366951629517,0.0,346.3683706521988,122.04217612743378,0.0,0.0,0.0,0.0
0.0,0.0,0.0,8.417568653821942,1506.0392272472382,205.00502651929853,1194.4174945890904,0.0,0.0,0.0,1223.5364851891995,0.0,0.0,912.1350134909152,10.280920618772504,2.719122037291526,523.5809887647628,0.0,0.0,0.0,0.0,3069.487994384765,0.0,0.0,0.0,775.3573656082153,60.16133807897568,0.0,1761.7776399850843,88.9681545630097,0.0,444.937685251236,177.50433444976807,0.0,0.0,0.0,0.0
0.0,0.0,0.0,14.673684269189836,1760.033019542694,236.0487655699253,1390.161423015595,0.0,0.0,0.0,1596.7111239552498,0.0,0.0,1062.1886287629604,14.9029486566782,3.621239483356476,842.5422094345092,0.0,0.0,0.0,0.0,3242.0121368408204,0.0,0.0,0.0,809.0664745807647,69.5040548801422,0.0,1961.791510176659,232.1594997942448,0.0,461.4712120294571,198.78797721862796,0.0,0.0,0.0,0.0
0.0,0.0,0.0,22.160597860813137,1887.5261483192444,258.883658438921,1471.0011760771272,0.0,0.0,0.0,1779.2979025423526,0.0,0.0,1149.34559866786,17.49350430965423,4.447463423013686,1080.3657237052917,0.0,0.0,0.0,0.0,3283.6849853515623,0.0,0.0,0.0,788.1588239192963,73.41525251865387,0.0,2039.047776257992,284.5809135556221,0.0,454.3536592721939,207.18930393457413,0.0,0.0,0.0,0.0
0.0,0.0,0.0,26.55270564556122,1901.6973767280576,269.1710701584816,1477.0008169829846,0.0,0.0,0.0,1799.0109933257104,0.0,0.0,1167.6091721653938,18.788687467575077,4.888454288244247,1214.361802482605,0.0,0.0,0.0,0.0,3197.684878540039,0.0,0.0,0.0,733.414314031601,72.46860663890838,0.0,2023.402872252464,302.3173047184944,0.0,437.9959901571274,204.1891706585884,0.0,0.0,0.0,0.0
0.0,0.0,0.0,27.40814089775085,1832.3892736434937,262.9593522846699,1422.4511759459972,0.0,0.0,0.0,1720.9113125801086,0.0,0.0,1149.0560720860958,18.94288948774338,0.0,1252.777512359619,0.0,0.0,0.0,0.0,3021.058935546875,0.0,0.0,0.0,685.497309589386,68.27082579135894,0.0,0.0,289.7083458125591,0.0,412.60133266448975,194.2312108874321,0.0,0.0,0.0,0.0
0.0,0.0,0.0,0.0,1607.6255948543549,217.3946897685528,0.0,0.0,0.0,0.0,1495.4925663352012,0.0,0.0,0.0,0.0,3.832368403673172,0.0,0.0,0.0,0.0,0.0,2473.777380371094,0.0,0.0,0.0,595.1418646812439,0.0,0.0,0.0,278.31433307528494,0.0,0.0,0.0,0.0,0.0,0.0,0.0
0.0,0.0,0.0,0.0,0.0,0.0,0.0,0.0,0.0,0.0,0.0,0.0,0.0,0.0,0.0,0.0,0.0,0.0,0.0,0.0,0.0,0.0,0.0,0.0,0.0,0.0,0.0,0.0,0.0,0.0,0.0,0.0,0.0,0.0,0.0,0.0,0.0
0.0,0.0,0.0,0.0,0.0,0.0,0.0,0.0,0.0,0.0,0.0,0.0,0.0,0.0,0.0,0.0,0.0,0.0,0.0,0.0,0.0,0.0,0.0,0.0,0.0,0.0,0.0,0.0,0.0,0.0,0.0,0.0,0.0,0.0,0.0,0.0,0.0
0.0,0.0,0.0,0.0,0.0,0.0,0.0,0.0,0.0,0.0,0.0,0.0,0.0,0.0,0.0,0.0,0.0,0.0,0.0,0.0,0.0,0.0,0.0,0.0,0.0,0.0,0.0,0.0,0.0,0.0,0.0,0.0,0.0,0.0,0.0,0.0,0.0
0.0,0.0,0.0,0.0,0.0,0.0,0.0,0.0,0.0,0.0,0.0,0.0,0.0,0.0,0.0,0.0,0.0,0.0,0.0,0.0,0.0,0.0,0.0,0.0,0.0,0.0,0.0,0.0,0.0,0.0,0.0,0.0,0.0,0.0,0.0,0.0,0.0
0.0,0.0,0.0,0.0,0.0,0.0,0.0,0.0,0.0,0.0,0.0,0.0,0.0,0.0,0.0,0.0,0.0,0.0,0.0,0.0,0.0,0.0,0.0,0.0,0.0,0.0,0.0,0.0,0.0,0.0,0.0,0.0,0.0,0.0,0.0,0.0,0.0
0.0,0.0,0.0,0.0,0.0,0.0,0.0,0.0,0.0,0.0,0.0,0.0,0.0,0.0,0.0,0.0,0.0,0.0,0.0,0.0,0.0,0.0,0.0,0.0,0.0,0.0,0.0,0.0,0.0,0.0,0.0,0.0,0.0,0.0,0.0,0.0,0.0
0.0,0.0,0.0,0.0,0.0,0.0,0.0,0.0,0.0,0.0,0.0,0.0,0.0,0.0,0.0,0.0,0.0,0.0,0.0,0.0,0.0,0.0,0.0,0.0,0.0,0.0,0.0,0.0,0.0,0.0,0.0,0.0,0.0,0.0,0.0,0.0,0.0
0.0,0.0,0.0,0.0,0.0,0.0,0.0,0.0,0.0,0.0,0.0,0.0,0.0,0.0,0.0,0.0,0.0,0.0,0.0,0.0,0.0,0.0,0.0,0.0,0.0,0.0,0.0,0.0,0.0,0.0,0.0,0.0,0.0,0.0,0.0,0.0,0.0
0.0,0.0,0.0,0.0,0.0,0.0,0.0,0.0,0.0,0.0,0.0,0.0,0.0,0.0,0.0,0.0,0.0,0.0,0.0,0.0,0.0,0.0,0.0,0.0,0.0,0.0,0.0,0.0,0.0,0.0,0.0,0.0,0.0,0.0,0.0,0.0,0.0
0.0,0.0,0.0,0.0,0.0,0.0,0.0,0.0,0.0,0.0,0.0,0.0,0.0,0.0,0.0,0.0,0.0,0.0,0.0,0.0,0.0,0.0,0.0,0.0,0.0,0.0,0.0,0.0,0.0,0.0,0.0,0.0,0.0,0.0,0.0,0.0,0.0
0.0,0.0,0.0,0.0,0.0,0.0,0.0,0.0,0.0,0.0,0.0,0.0,0.0,0.0,0.0,0.0,0.0,0.0,0.0,0.0,0.0,0.0,0.0,0.0,0.0,0.0,0.0,0.0,0.0,0.0,0.0,0.0,0.0,0.0,0.0,0.0,0.0
0.0,0.0,0.0,0.0377345699816918,1.0075547434387908,0.0,0.0,0.0,0.0,0.0,0.0,0.0,0.0,0.0,0.0525985881686179,0.0,0.0,0.0,0.0,0.0,0.0,14.276016712188508,0.0,0.0,0.0,0.0,0.0,0.0,0.0,0.0,0.0,0.0,0.3334661461412904,0.0,0.0,0.0,0.0
0.0,0.0,0.0,0.0349970795214118,1.5982715561984,0.0,2.1921459726988064,0.0,0.0,0.0,1.9762797063681752,0.0,0.0,1.5006757946684597,0.0442580781877006,0.0,0.0,0.0,0.0,0.0,0.0,18.376348876952765,0.0,0.0,0.0,0.0,0.0,0.0,0.0,0.0,0.0,0.0,0.0,0.0,0.0,0.0,0.0
0.0,0.0,0.0,0.031650526449084,2.775188386440274,0.0,1.74933427683998,0.0,0.0,0.0,1.723178598750186,0.0,0.0,0.3252308769150935,0.0391446679830534,0.0,25.681993424892305,0.0,0.0,0.0,0.0,0.0,0.0,0.0,0.0,0.0,0.0,0.0,0.0,0.8509959496557357,0.0,1.330571696162201,0.0,0.0,0.0,0.0,0.0
0.0,0.0,0.0,0.1057684458792205,28.94059717655167,1.233109946828303,10.462964071705928,0.0,0.0,0.0,9.14952933774316,0.0,0.0,5.784525438211832,0.2115458048880095,0.0521862898021933,6.673438918590483,0.0,0.0,0.0,0.0,86.7123692512511,0.0,0.0,0.0,11.160640755295688,0.8312202407047101,0.0,6.558471404015985,0.6804857186972784,0.0,5.691247895359991,2.149835753254588,0.0,0.0,0.0,0.0
0.0,0.0,0.0,1.7629133686423286,166.83337512612334,12.676363550126544,72.0072166107594,0.0,0.0,0.0,62.0214949455111,0.0,0.0,27.122409744188147,1.8382857441902127,0.3388324007391921,15.138927018642304,0.0,0.0,0.0,0.0,468.5599918365479,0.0,0.0,0.0,102.39400190711017,4.001656280457969,0.0,92.85351531058538,4.896096225082842,0.0,39.219752892851794,11.954835943877692,0.0,0.0,0.0,0.0
0.0,0.0,0.0,6.463490232825276,471.8037189245224,79.24527121335268,316.8446229308844,0.0,0.0,0.0,278.5896880194544,0.0,0.0,77.1460249926894,6.264218044281006,0.8927676901221273,81.98405909538263,0.0,0.0,0.0,0.0,1283.7329254150388,0.0,0.0,0.0,409.0163667678833,12.59729343652725,0.0,727.368575334549,17.59125918522476,0.0,170.87248772382736,47.8976661711931,0.0,0.0,0.0,0.0
0.0,0.0,0.0,15.575326979160309,1006.0933985710144,215.480369284749,712.5267160087824,0.0,0.0,0.0,789.8766287833453,0.0,0.0,190.6804199703037,14.713630351424216,1.5690771639347076,239.2105888962745,0.0,0.0,0.0,0.0,2218.233197021485,0.0,0.0,0.0,727.0392910480499,31.14602025747299,0.0,1625.223516714573,49.55680204927921,0.0,341.70819640159607,124.87349209189416,0.0,0.0,0.0,0.0
0.0,0.0,0.0,30.225922763347626,1499.5600144863129,312.2576722800732,1127.2135198235512,0.0,0.0,0.0,1467.8653253853322,0.0,0.0,427.3639506846666,22.88104748725891,2.301905632019042,482.9182155430315,0.0,0.0,0.0,0.0,2858.589392089844,0.0,0.0,0.0,870.614264202118,51.49506698846817,0.0,2225.1243817448617,100.00883992314336,0.0,433.0010010004044,183.2624254822731,0.0,0.0,0.0,0.0
0.0,0.0,0.0,45.08596587181091,1793.8438098430634,342.9966604411602,1350.7723579406738,0.0,0.0,0.0,1845.2228439509868,0.0,0.0,618.7040565162897,27.26620012521744,3.5233319997787467,824.7198356986045,0.0,0.0,0.0,0.0,3104.003741455078,0.0,0.0,0.0,899.6802732467652,62.48264919519424,0.0,2434.2609508633614,232.53886440992355,0.0,443.27789175510406,205.0560217499733,0.0,0.0,0.0,0.0
0.0,0.0,0.0,55.725438356399536,1942.579907655716,360.4127040505409,1458.7524758815766,0.0,0.0,0.0,2061.191832339764,0.0,0.0,802.6768489181995,29.06971896886825,4.395789921283722,1074.537350487709,0.0,0.0,0.0,0.0,3191.0112365722657,0.0,0.0,0.0,896.6111447334291,67.54232778549195,0.0,2524.39747632742,280.8645649015904,0.0,440.7138001918793,213.71387952566147,0.0,0.0,0.0,0.0
0.0,0.0,0.0,0.0,0.0,363.2170190215111,0.0,0.0,0.0,0.0,2110.5513871490957,0.0,0.0,0.0,0.0,4.753700256347655,1211.4200986862184,0.0,0.0,0.0,0.0,3158.628143310547,0.0,0.0,0.0,0.0,0.0,0.0,2520.752072477341,299.21429851055143,0.0,425.0445989370346,211.16898453235623,0.0,0.0,0.0,0.0
0.0,0.0,0.0,0.0,0.0,0.0,0.0,0.0,0.0,0.0,2028.1096105456352,0.0,0.0,0.0,0.0,4.611521899700165,1253.7282955408095,0.0,0.0,0.0,0.0,3030.8875579833984,0.0,0.0,0.0,0.0,0.0,0.0,2465.0286180377007,0.0,0.0,400.75313341617584,0.0,0.0,0.0,0.0,0.0
0.0,0.0,0.0,0.0,0.0,0.0,0.0,0.0,0.0,0.0,0.0,0.0,0.0,0.0,0.0,0.0,0.0,0.0,0.0,0.0,0.0,2500.280194091797,0.0,0.0,0.0,0.0,0.0,0.0,0.0,0.0,0.0,0.0,0.0,0.0,0.0,0.0,0.0
0.0,0.0,0.0,0.0,0.0,0.0,0.0,0.0,0.0,0.0,0.0,0.0,0.0,0.0,0.0,0.0,0.0,0.0,0.0,0.0,0.0,0.0,0.0,0.0,0.0,0.0,0.0,0.0,0.0,0.0,0.0,0.0,0.0,0.0,0.0,0.0,0.0
0.0,0.0,0.0,0.0,0.0,0.0,0.0,0.0,0.0,0.0,0.0,0.0,0.0,0.0,0.0,0.0,0.0,0.0,0.0,0.0,0.0,0.0,0.0,0.0,0.0,0.0,0.0,0.0,0.0,0.0,0.0,0.0,0.0,0.0,0.0,0.0,0.0
0.0,0.0,0.0,0.0,0.0,0.0,0.0,0.0,0.0,0.0,0.0,0.0,0.0,0.0,0.0,0.0,0.0,0.0,0.0,0.0,0.0,0.0,0.0,0.0,0.0,0.0,0.0,0.0,0.0,0.0,0.0,0.0,0.0,0.0,0.0,0.0,0.0
0.0,0.0,0.0,0.0,0.0,0.0,0.0,0.0,0.0,0.0,0.0,0.0,0.0,0.0,0.0,0.0,0.0,0.0,0.0,0.0,0.0,0.0,0.0,0.0,0.0,0.0,0.0,0.0,0.0,0.0,0.0,0.0,0.0,0.0,0.0,0.0,0.0
0.0,0.0,0.0,0.0,0.0,0.0,0.0,0.0,0.0,0.0,0.0,0.0,0.0,0.0,0.0,0.0,0.0,0.0,0.0,0.0,0.0,0.0,0.0,0.0,0.0,0.0,0.0,0.0,0.0,0.0,0.0,0.0,0.0,0.0,0.0,0.0,0.0
0.0,0.0,0.0,0.0,0.0,0.0,0.0,0.0,0.0,0.0,0.0,0.0,0.0,0.0,0.0,0.0,0.0,0.0,0.0,0.0,0.0,0.0,0.0,0.0,0.0,0.0,0.0,0.0,0.0,0.0,0.0,0.0,0.0,0.0,0.0,0.0,0.0
0.0,0.0,0.0,0.0,0.0,0.0,0.0,0.0,0.0,0.0,0.0,0.0,0.0,0.0,0.0,0.0,0.0,0.0,0.0,0.0,0.0,0.0,0.0,0.0,0.0,0.0,0.0,0.0,0.0,0.0,0.0,0.0,0.0,0.0,0.0,0.0,0.0
0.0,0.0,0.0,0.0,0.0,0.0,0.0,0.0,0.0,0.0,0.0,0.0,0.0,0.0,0.0,0.0,0.0,0.0,0.0,0.0,0.0,0.0,0.0,0.0,0.0,0.0,0.0,0.0,0.0,0.0,0.0,0.0,0.0,0.0,0.0,0.0,0.0
0.0,0.0,0.0,0.0,0.0,0.0,0.0,0.0,0.0,0.0,0.0,0.0,0.0,0.0,0.0,0.0,0.0,0.0,0.0,0.0,0.0,0.0,0.0,0.0,0.0,0.0,0.0,0.0,0.0,0.0,0.0,0.0,0.0,0.0,0.0,0.0,0.0
0.0,0.0,0.0,0.0,0.0,0.0,0.0,0.0,0.0,0.0,0.0,0.0,0.0,0.0,0.0,0.0,0.0,0.0,0.0,0.0,0.0,0.0,0.0,0.0,0.0,0.0,0.0,0.0,0.0,0.0,0.0,0.0,0.0,0.0,0.0,0.0,0.0
0.0,0.0,0.0,0.0,0.0,0.0,0.0,0.0,0.0,0.0,0.0,0.0,0.0,0.0,0.0,0.0,0.0,0.0,0.0,0.0,0.0,0.0,0.0,0.0,0.0,0.0,0.0,0.0,0.4069211304186472,0.0,0.0,0.0,0.2081908080726625,0.0,0.0,0.0,0.0
0.0,0.0,0.0,0.0,0.0,0.1440437640994772,0.0,0.0,0.0,0.0,0.0,0.0,0.0,0.0,0.0773099608719344,0.0,0.0,0.0,0.0,0.0,0.0,0.0,0.0,0.0,0.0,0.0,0.1042077526450094,0.0,0.2775444015860075,0.0,0.0,0.0,0.0,0.0,0.0,0.0,0.0
0.0,0.0,0.0,0.0306002572178826,1.2583965063093825,0.0570193678140308,0.0,0.0,0.0,0.0,0.0,0.0,0.0,0.0,0.0699564099311824,0.0,13.858366584777697,0.0,0.0,0.0,0.0,21.302814960479413,0.0,0.0,0.0,0.3022172270342214,0.0,0.0,0.0,0.0,0.0,0.0,0.0,0.0,0.0,0.0,0.0
0.0,0.0,0.0,0.0287202931940497,2.137644309550365,0.0,0.0,0.0,0.0,0.0,1.63954015886408,0.0,0.0,0.0,0.0547275848686678,0.0,27.568728697299864,0.0,0.0,0.0,0.0,0.3448892593383789,0.0,0.0,0.0,0.0,0.0,0.0,0.0,0.5852374583482666,0.0,1.1352929025888032,0.0,0.0,0.0,0.0,0.0
0.0,0.0,0.0,0.0749502703547426,39.40136891603459,0.905030684079954,0.0,0.0,0.0,0.0,12.290339230839017,0.0,0.0,14.827674545813249,0.2151347111910547,0.0,11.80744746923438,0.0,0.0,0.0,0.0,210.9271209716793,0.0,0.0,0.0,7.743911971151827,0.0,0.0,14.095092925429128,0.6261560477316215,0.0,5.909800648689263,3.72927318233996,0.0,0.0,0.0,0.0
0.0,0.0,0.0,2.2403646409511544,192.34275290369985,11.490310799330448,0.0,0.0,0.0,0.0,63.18680493831634,0.0,0.0,69.79228312149638,1.300575866550204,0.4725357703864564,25.14280363321301,0.0,0.0,0.0,0.0,869.9229873657226,0.0,0.0,0.0,74.39746382832523,1.469078796356913,0.0,159.17240154370654,1.9933073021471464,0.0,45.14910922944542,18.563104160130003,0.0,0.0,0.0,0.0
0.0,0.0,0.0,8.05141600966453,518.2225323319434,73.57318144291636,0.0,0.0,0.0,0.0,262.8357065960764,0.0,0.0,235.07537215948105,4.962407040596006,0.0,117.11186341047268,0.0,0.0,0.0,0.0,1968.389218139648,0.0,0.0,0.0,321.32095885276794,6.740478107333183,0.0,946.6881474256514,8.36113427281379,0.0,191.33912980556488,70.4926622211933,0.0,0.0,0.0,0.0
0.0,0.0,0.0,18.636846601963043,1063.914936542511,208.19043312966824,0.0,0.0,0.0,0.0,721.7148644983768,0.0,0.0,550.287286415696,12.022951966524122,0.0,318.99057642221453,0.0,0.0,0.0,0.0,2784.048361206055,0.0,0.0,0.0,665.656290102005,18.03607931733131,0.0,1806.6974601507184,22.71043508946895,0.0,356.1875865459442,146.24004596471786,0.0,0.0,0.0,0.0
0.0,0.0,0.0,34.89326310157776,1539.310966014862,304.3604166507721,0.0,0.0,0.0,0.0,1387.1796720683574,0.0,0.0,932.3314955830574,19.32733173966408,0.0,621.3172588348389,0.0,0.0,0.0,0.0,3348.52477722168,0.0,0.0,0.0,843.2217134952544,37.97750793695449,0.0,2302.152564644813,49.86698200255632,0.0,439.6933521032333,198.95973724126816,0.0,0.0,0.0,0.0
0.0,0.0,0.0,46.53272724151611,1819.981376886368,333.99313592910767,0.0,0.0,0.0,0.0,1745.8275407493115,0.0,0.0,1110.432679802179,23.62612572312355,0.0,972.936662197113,0.0,0.0,0.0,0.0,3555.6051361083983,0.0,0.0,0.0,881.567785215378,51.7104697227478,0.0,2494.048432898521,184.34845212101936,0.0,453.3911247253418,219.60859268903727,0.0,0.0,0.0,0.0
0.0,0.0,0.0,53.9506174325943,1958.355678319931,350.4683400094509,0.0,0.0,0.0,0.0,1950.3393470108508,0.0,0.0,0.0,25.60047478079796,5.385145217180252,1214.7982777833938,0.0,0.0,0.0,0.0,3619.485614013672,0.0,0.0,0.0,880.9643496513365,58.976947891712186,0.0,2579.553707373142,253.90901141166688,0.0,449.6646717786789,225.18264639377597,0.0,0.0,0.0,0.0
0.0,0.0,0.0,57.781123757362366,0.0,351.49029740691185,0.0,0.0,0.0,0.0,2012.0639138400556,0.0,0.0,0.0,25.82289465665817,5.727775305509566,1339.7644290447236,0.0,0.0,0.0,0.0,3532.2814758300783,0.0,0.0,0.0,0.0,0.0,0.0,0.0,278.45662702322005,0.0,443.29091691970825,0.0,0.0,0.0,0.0,0.0
0.0,0.0,0.0,58.899348855018616,0.0,0.0,0.0,0.0,0.0,0.0,0.0,0.0,0.0,0.0,24.98878194093704,0.0,1348.3833760261537,0.0,0.0,0.0,0.0,0.0,0.0,0.0,0.0,0.0,0.0,0.0,0.0,0.0,0.0,0.0,204.8465216755867,0.0,0.0,0.0,0.0
0.0,0.0,0.0,52.52784717082977,0.0,300.80389845371246,0.0,0.0,0.0,0.0,0.0,0.0,0.0,0.0,21.703516960144043,0.0,1230.0564050912858,0.0,0.0,0.0,0.0,0.0,0.0,0.0,0.0,0.0,0.0,0.0,0.0,0.0,0.0,0.0,0.0,0.0,0.0,0.0,0.0
0.0,0.0,0.0,0.0,0.0,0.0,0.0,0.0,0.0,0.0,0.0,0.0,0.0,0.0,0.0,0.0,1049.7412389039994,0.0,0.0,0.0,0.0,0.0,0.0,0.0,0.0,0.0,0.0,0.0,0.0,0.0,0.0,0.0,0.0,0.0,0.0,0.0,0.0
0.0,0.0,0.0,0.0,0.0,0.0,0.0,0.0,0.0,0.0,0.0,0.0,0.0,0.0,0.0,0.0,0.0,0.0,0.0,0.0,0.0,0.0,0.0,0.0,0.0,0.0,0.0,0.0,0.0,0.0,0.0,0.0,0.0,0.0,0.0,0.0,0.0
0.0,0.0,0.0,0.0,0.0,0.0,0.0,0.0,0.0,0.0,0.0,0.0,0.0,0.0,0.0,0.0,0.0,0.0,0.0,0.0,0.0,0.0,0.0,0.0,0.0,0.0,0.0,0.0,0.0,0.0,0.0,0.0,0.0,0.0,0.0,0.0,0.0
0.0,0.0,0.0,0.0,0.0,0.0,0.0,0.0,0.0,0.0,0.0,0.0,0.0,0.0,0.0,0.0,0.0,0.0,0.0,0.0,0.0,0.0,0.0,0.0,0.0,0.0,0.0,0.0,0.0,0.0,0.0,0.0,0.0,0.0,0.0,0.0,0.0
0.0,0.0,0.0,0.0,0.0,0.0,0.0,0.0,0.0,0.0,0.0,0.0,0.0,0.0,0.0,0.0,0.0,0.0,0.0,0.0,0.0,0.0,0.0,0.0,0.0,0.0,0.0,0.0,0.0,0.0,0.0,0.0,0.0,0.0,0.0,0.0,0.0
0.0,0.0,0.0,0.0,0.0,0.0,0.0,0.0,0.0,0.0,0.0,0.0,0.0,0.0,0.0,0.0,0.0,0.0,0.0,0.0,0.0,0.0,0.0,0.0,0.0,0.0,0.0,0.0,0.0,0.0,0.0,0.0,0.0,0.0,0.0,0.0,0.0
0.0,0.0,0.0,0.0,0.0,0.0,0.0,0.0,0.0,0.0,0.0,0.0,0.0,0.0,0.0,0.0,0.0,0.0,0.0,0.0,0.0,0.0,0.0,0.0,0.0,0.0,0.0,0.0,0.0,0.0,0.0,0.0,0.0,0.0,0.0,0.0,0.0
0.0,0.0,0.0,0.0,0.0,0.0,0.0,0.0,0.0,0.0,0.0,0.0,0.0,0.0,0.0,0.0,0.0,0.0,0.0,0.0,0.0,0.0,0.0,0.0,0.0,0.0,0.0,0.0,0.0,0.0,0.0,0.0,0.0,0.0,0.0,0.0,0.0
0.0,0.0,0.0,0.0,0.0,0.0,0.0,0.0,0.0,0.0,0.0,0.0,0.0,0.0,0.0,0.0,0.0,0.0,0.0,0.0,0.0,0.0,0.0,0.0,0.0,0.0,0.0,0.0,0.0,0.0,0.0,0.0,0.0,0.0,0.0,0.0,0.0
0.0,0.0,0.0,0.0,0.0,0.0,0.0,0.0,0.0,0.0,0.0,0.0,0.0,0.0,0.0,0.0,0.0,0.0,0.0,0.0,0.0,0.0,0.0,0.0,0.0,0.0,0.0,0.0,0.0,0.0,0.0,0.0,0.0,0.0,0.0,0.0,0.0
0.0,0.0,0.0,0.0,0.0,0.0,0.0,0.0,0.0,0.0,0.0,0.0,0.0,0.0,0.0,0.0,0.0,0.0,0.0,0.0,0.0,25.760988616942992,0.0,0.0,0.0,0.0,0.0,0.0,0.0,0.0,0.0,0.0,0.0,0.0,0.0,0.0,0.0
0.0,0.0,0.0,0.0,0.0,0.0948487576096831,0.0,0.0,0.0,0.0,0.0,0.0,0.0,0.0,0.0,0.0,7.536706411838518,0.0,0.0,0.0,0.0,26.081543636321623,0.0,0.0,0.0,0.0,0.0,0.0,0.0,0.334940224885937,0.0,0.0,0.0,0.0,0.0,0.0,0.0
0.0,0.0,0.0,0.0,1.540404550731004,0.0065319444984197,0.1261314932256937,0.0,0.0,0.0,1.8813404354731944,0.0,0.0,0.0,0.0,0.0,9.108127808570858,0.0,0.0,0.0,0.0,22.731150817871075,0.0,0.0,0.0,1.0627710424363577,0.6622064879164038,0.0,0.0,0.0,0.0,1.1069909781217098,0.0,0.0,0.0,0.0,0.0
0.0,0.0,0.0,0.0237739980220744,2.676207114010859,0.0,0.0,0.0,0.0,0.0,1.650537967402334,0.0,0.0,0.0,0.104030294716358,0.0,17.277545678615418,0.0,0.0,0.0,0.0,0.0,0.0,0.0,0.0,0.9946435881777892,0.5457649569958439,0.0,0.0,0.657307011634102,0.0,1.1653126776217937,0.0,0.0,0.0,0.0,0.0
0.0,0.0,0.0,0.0679790209978767,34.40619141608463,0.9913448332808766,8.929031944647331,0.0,0.0,0.0,12.03606735458585,0.0,0.0,30.482579683884847,0.0,0.0970314554870128,8.442383468150954,0.0,0.0,0.0,0.0,93.2524827003477,0.0,0.0,0.0,21.71246750205755,1.0281454125419218,0.0,23.365684631466603,0.6547384336590681,0.0,4.977707490324926,2.487841762602302,0.0,0.0,0.0,0.0
0.0,0.0,0.0,2.525994218885896,164.2299668490886,11.577431669458704,60.88865096792578,0.0,0.0,0.0,59.74772451817977,0.0,0.0,117.49772822484366,0.0,0.2573008164763438,21.614107358455463,0.0,0.0,0.0,0.0,460.7780258178711,0.0,0.0,0.0,140.98279507160186,5.337266199290749,0.0,239.3973520532249,2.785477837175097,0.0,37.429236799478495,12.354992263019074,0.0,0.0,0.0,0.0
0.0,0.0,0.0,8.872415781021118,439.73585981130594,76.27973181754349,272.30422051548953,0.0,0.0,0.0,253.34412740096428,0.0,0.0,329.8038036003708,0.0,0.5473462156951425,108.82661595344528,0.0,0.0,0.0,0.0,1190.0253067016602,0.0,0.0,0.0,491.50044722557067,16.753089451789855,0.0,1096.77284989357,11.452943589538313,0.0,157.82066279649734,48.179293230175965,0.0,0.0,0.0,0.0
0.0,0.0,0.0,20.025938034057617,892.4380909204482,217.2729863524437,632.187975665927,0.0,0.0,0.0,725.8510915517807,0.0,0.0,669.1409072279929,18.466506797075272,0.8375134617090214,304.1638990044593,0.0,0.0,0.0,0.0,2060.8560028076167,0.0,0.0,0.0,720.0689077377319,38.53594776391983,0.0,1874.9218207478525,31.650404413044427,0.0,338.3402763605118,112.69668447971344,0.0,0.0,0.0,0.0
0.0,0.0,0.0,37.59237360954285,1355.6557052135468,314.93653133511543,1021.3659245312214,0.0,0.0,0.0,1407.6663304805757,0.0,0.0,1025.045737028122,25.803898179531096,1.098259307444095,602.1356340885162,0.0,0.0,0.0,0.0,2616.5209625244142,0.0,0.0,0.0,850.2838853359223,56.67369967699051,0.0,2381.644265818596,61.28588973730802,0.0,434.8916233778,169.3452007174492,0.0,0.0,0.0,0.0
0.0,0.0,0.0,53.16600251197815,1633.5379054546356,346.1412552893162,1216.5296900212766,0.0,0.0,0.0,1811.2040411531923,0.0,0.0,1169.9401342868805,29.46638758778572,1.9280095398426056,965.383347415924,0.0,0.0,0.0,0.0,2785.0302185058595,0.0,0.0,0.0,893.6228762626648,66.23412536382675,0.0,2581.2655878901483,216.2734219968319,0.0,458.7310833930969,188.16540133953092,0.0,0.0,0.0,0.0
0.0,0.0,0.0,62.0,1782.433044910431,363.4482634961605,1308.8647202432155,0.0,0.0,0.0,2057.073913776874,0.0,0.0,1264.7050069272518,30.83273012638092,2.4372196942567825,1206.010550546646,0.0,0.0,0.0,0.0,2835.0756072998047,0.0,0.0,0.0,898.0197891235351,70.0582335948944,0.0,2635.4,272.7304964363575,0.0,462.4128991365433,197.32732719182968,0.0,0.0,0.0,0.0
0.0,0.0,0.0,0.0,1823.176587820053,365.402650564909,1322.9133852422235,0.0,0.0,0.0,2138.043145269156,0.0,0.0,0.0,0.0,2.8268617242574683,1323.1668459415437,0.0,0.0,0.0,0.0,2811.408364868164,0.0,0.0,0.0,869.5600688934325,69.41936527490616,0.0,0.0,290.6580343186855,0.0,454.9517045021057,195.5006458163261,0.0,0.0,0.0,0.0
0.0,0.0,0.0,0.0,0.0,0.0,0.0,0.0,0.0,0.0,0.0,0.0,0.0,0.0,0.0,0.0,1330.382109928131,0.0,0.0,0.0,0.0,2689.6787017822267,0.0,0.0,0.0,0.0,0.0,0.0,0.0,0.0,0.0,0.0,184.56436121463776,0.0,0.0,0.0,0.0
0.0,0.0,0.0,0.0,0.0,0.0,0.0,0.0,0.0,0.0,0.0,0.0,0.0,0.0,0.0,0.0,1209.9912886381148,0.0,0.0,0.0,0.0,2081.843304443359,0.0,0.0,0.0,752.0971291542053,0.0,0.0,0.0,0.0,0.0,0.0,0.0,0.0,0.0,0.0,0.0
0.0,0.0,0.0,0.0,0.0,0.0,0.0,0.0,0.0,0.0,0.0,0.0,0.0,0.0,0.0,0.0,1029.5669116973877,0.0,0.0,0.0,0.0,0.0,0.0,0.0,0.0,0.0,0.0,0.0,0.0,0.0,0.0,0.0,0.0,0.0,0.0,0.0,0.0
0.0,0.0,0.0,0.0,0.0,0.0,0.0,0.0,0.0,0.0,0.0,0.0,0.0,0.0,0.0,0.0,0.0,0.0,0.0,0.0,0.0,0.0,0.0,0.0,0.0,0.0,0.0,0.0,0.0,0.0,0.0,0.0,0.0,0.0,0.0,0.0,0.0
0.0,0.0,0.0,0.0,0.0,0.0,0.0,0.0,0.0,0.0,0.0,0.0,0.0,0.0,0.0,0.0,0.0,0.0,0.0,0.0,0.0,0.0,0.0,0.0,0.0,0.0,0.0,0.0,0.0,0.0,0.0,0.0,0.0,0.0,0.0,0.0,0.0
0.0,0.0,0.0,0.0,0.0,0.0,0.0,0.0,0.0,0.0,0.0,0.0,0.0,0.0,0.0,0.0,0.0,0.0,0.0,0.0,0.0,0.0,0.0,0.0,0.0,0.0,0.0,0.0,0.0,0.0,0.0,0.0,0.0,0.0,0.0,0.0,0.0
0.0,0.0,0.0,0.0,0.0,0.0,0.0,0.0,0.0,0.0,0.0,0.0,0.0,0.0,0.0,0.0,0.0,0.0,0.0,0.0,0.0,0.0,0.0,0.0,0.0,0.0,0.0,0.0,0.0,0.0,0.0,0.0,0.0,0.0,0.0,0.0,0.0
0.0,0.0,0.0,0.0,0.0,0.0,0.0,0.0,0.0,0.0,0.0,0.0,0.0,0.0,0.0,0.0,0.0,0.0,0.0,0.0,0.0,0.0,0.0,0.0,0.0,0.0,0.0,0.0,0.0,0.0,0.0,0.0,0.0,0.0,0.0,0.0,0.0
0.0,0.0,0.0,0.0,0.0,0.0,0.0,0.0,0.0,0.0,0.0,0.0,0.0,0.0,0.0,0.0,0.0,0.0,0.0,0.0,0.0,0.0,0.0,0.0,0.0,0.0,0.0,0.0,0.0,0.0,0.0,0.0,0.0,0.0,0.0,0.0,0.0
0.0,0.0,0.0,0.0,0.0,0.0,0.0,0.0,0.0,0.0,0.0,0.0,0.0,0.0,0.0,0.0,0.0,0.0,0.0,0.0,0.0,0.0,0.0,0.0,0.0,0.0,0.0,0.0,0.0,0.0,0.0,0.0,0.0,0.0,0.0,0.0,0.0
0.0,0.0,0.0,0.0,0.0,0.0,0.0,0.0,0.0,0.0,0.0,0.0,0.0,0.0,0.0,0.0,0.0,0.0,0.0,0.0,0.0,0.0,0.0,0.0,0.0,0.0,0.0,0.0,0.0,0.0,0.0,0.0,0.0,0.0,0.0,0.0,0.0
0.0,0.0,0.0,0.0,0.0,0.0,0.0,0.0,0.0,0.0,0.0,0.0,0.0,0.0,0.0,0.0,0.0,0.0,0.0,0.0,0.0,0.0,0.0,0.0,0.0,0.0,0.0,0.0,0.0,0.0,0.0,0.0,0.0,0.0,0.0,0.0,0.0
0.0,0.0,0.0,0.0,0.0,0.0,0.0,0.0,0.0,0.0,0.0,0.0,0.0,0.0,0.0,0.0,0.0,0.0,0.0,0.0,0.0,0.0,0.0,0.0,0.0,0.0,0.0,0.0,0.0,0.0,0.0,0.0,0.4030376328155134,0.0,0.0,0.0,0.0
0.0,0.0,0.0,0.0,0.0,0.0,0.0,0.0,0.0,0.0,0.0,0.0,0.0,1.459685135632672,0.0,0.0,10.16573160886752,0.0,0.0,0.0,0.0,26.00716590881313,0.0,0.0,0.0,0.0,0.0,0.0,0.0,0.0,0.0,0.0,0.2199616525321923,0.0,0.0,0.0,0.0
0.0,0.0,0.0,0.0,1.2980879433451171,0.0,1.2045928761362517,0.0,0.0,0.0,0.0,0.0,0.0,2.095329137518939,0.0,0.0,11.4930528759955,0.0,0.0,0.0,0.0,25.06491222381569,0.0,0.0,0.0,0.0,0.0968901850283116,0.0,0.0,0.0,0.0,1.178885042667346,0.0,0.0,0.0,0.0,0.0
0.0,0.0,0.0,0.0270700268447347,2.7439787499606267,0.0,0.6936070486902701,0.0,0.0,0.0,1.7145647082476114,0.0,0.0,1.6435954021288524,0.0,0.0,21.123516964912223,0.0,0.0,0.0,0.0,0.2453624725341797,0.0,0.0,0.0,0.0,0.0,0.0,0.0,0.0,0.0,1.303476303815829,0.0,0.0,0.0,0.0,0.0
0.0,0.0,0.0,0.0659020990133261,8.21646642312404,0.6268267347477373,12.962134464457556,0.0,0.0,0.0,3.608708372851777,0.0,0.0,20.52775330841536,0.2588819190859793,0.0029637925326815,9.984265255927845,0.0,0.0,0.0,0.0,81.15252590179428,0.0,0.0,0.0,0.0,0.0,0.0,25.98842522948979,0.0,0.0,3.965763434767716,1.7046923013403918,0.0,0.0,0.0,0.0
0.0,0.0,0.0,0.3316833265125707,86.46944996714579,8.56564055103807,81.89966219551857,0.0,0.0,0.0,33.57731812987455,0.0,0.0,71.6863150335847,1.022890599444506,0.0,23.006452536582856,0.0,0.0,0.0,0.0,492.4918468475341,0.0,0.0,0.0,10.862775534391371,1.2110192120075194,0.0,202.7384981542825,0.0,0.0,28.149410285055605,9.395977262407516,0.0,0.0,0.0,0.0
0.0,0.0,0.0,1.5880711711943147,277.8857316970824,59.59726200252769,331.2205418944359,0.0,0.0,0.0,166.68212506771087,0.0,0.0,208.0817300453782,3.379853524267673,0.0,110.11655306816084,0.0,0.0,0.0,0.0,1366.236370849609,0.0,0.0,0.0,64.35724542140953,4.88473154604435,0.0,788.8868662774563,0.0,0.0,139.81583064794538,37.68676422536373,0.0,0.0,0.0,0.0
0.0,0.0,0.0,4.532993644475936,629.2749361991882,193.3226961791515,676.5015351891517,0.0,0.0,0.0,546.7737793594598,0.0,0.0,480.8491156995297,7.886842516064641,0.0,307.6243232369422,0.0,0.0,0.0,0.0,2272.847277832031,0.0,0.0,0.0,189.41081398725504,13.05014928281307,0.0,1405.7507895946503,0.0,0.0,329.51671409606934,110.61936619877817,0.0,0.0,0.0,0.0
0.0,0.0,0.0,8.658288121223448,1072.221930027008,296.0487093925476,1032.0032423436642,0.0,0.0,0.0,1172.6571900486947,0.0,0.0,839.6757057309151,14.176906648278235,0.0,614.2619499921798,0.0,0.0,0.0,0.0,2907.7322326660155,0.0,0.0,0.0,404.778670668602,28.623400855064396,0.0,1891.4941373586653,0.0,0.0,435.8052507638931,171.62628209590912,0.0,0.0,0.0,0.0
0.0,0.0,0.0,14.629651606082916,1403.8873221874237,327.76954844594,1229.131528931856,0.0,0.0,0.0,1533.573684132099,0.0,0.0,1003.464352786541,19.013628351688386,0.0,984.813362276554,0.0,0.0,0.0,0.0,3157.3119384765623,0.0,0.0,0.0,542.8202489852905,42.67469933032989,0.0,2061.385319399834,212.14387496113775,0.0,454.4395966529846,196.4017441272736,0.0,0.0,0.0,0.0
0.0,0.0,0.0,21.52080911397934,1617.2493169307709,346.8321942985058,1340.3743947386745,0.0,0.0,0.0,1759.402947419882,0.0,0.0,1105.6850811839104,22.00793132185936,0.0,1231.4234393596648,0.0,0.0,0.0,0.0,3249.3175354003906,0.0,0.0,0.0,594.8009819984436,50.99287033081055,0.0,2180.618158698082,270.7159815251827,0.0,461.4041485786438,205.9350453615189,0.0,0.0,0.0,0.0
0.0,0.0,0.0,26.7219146490097,0.0,352.6249362528324,1381.1786439478394,0.0,0.0,0.0,1844.0193658411504,0.0,0.0,0.0,23.451448094844817,0.0,1355.6989030838013,0.0,0.0,0.0,0.0,3185.524514770508,0.0,0.0,0.0,621.5998950958252,53.6259508728981,0.0,0.0,287.04175769686697,0.0,452.8412690162658,0.0,0.0,0.0,0.0,0.0
0.0,0.0,0.0,0.0,0.0,0.0,0.0,0.0,0.0,0.0,0.0,0.0,0.0,0.0,0.0,0.0,1357.9985800266263,0.0,0.0,0.0,0.0,0.0,0.0,0.0,0.0,0.0,0.0,0.0,0.0,0.0,0.0,0.0,0.0,0.0,0.0,0.0,0.0
0.0,0.0,0.0,0.0,0.0,0.0,0.0,0.0,0.0,0.0,0.0,0.0,0.0,0.0,0.0,0.0,0.0,0.0,0.0,0.0,0.0,0.0,0.0,0.0,0.0,0.0,0.0,0.0,0.0,0.0,0.0,0.0,0.0,0.0,0.0,0.0,0.0
0.0,0.0,0.0,0.0,0.0,0.0,0.0,0.0,0.0,0.0,0.0,0.0,0.0,0.0,0.0,0.0,0.0,0.0,0.0,0.0,0.0,0.0,0.0,0.0,0.0,0.0,0.0,0.0,0.0,0.0,0.0,0.0,0.0,0.0,0.0,0.0,0.0
0.0,0.0,0.0,0.0,0.0,0.0,0.0,0.0,0.0,0.0,0.0,0.0,0.0,0.0,0.0,0.0,0.0,0.0,0.0,0.0,0.0,0.0,0.0,0.0,0.0,0.0,0.0,0.0,0.0,0.0,0.0,0.0,0.0,0.0,0.0,0.0,0.0
0.0,0.0,0.0,0.0,0.0,0.0,0.0,0.0,0.0,0.0,0.0,0.0,0.0,0.0,0.0,0.0,0.0,0.0,0.0,0.0,0.0,0.0,0.0,0.0,0.0,0.0,0.0,0.0,0.0,0.0,0.0,0.0,0.0,0.0,0.0,0.0,0.0
0.0,0.0,0.0,0.0,0.0,0.0,0.0,0.0,0.0,0.0,0.0,0.0,0.0,0.0,0.0,0.0,0.0,0.0,0.0,0.0,0.0,0.0,0.0,0.0,0.0,0.0,0.0,0.0,0.0,0.0,0.0,0.0,0.0,0.0,0.0,0.0,0.0
0.0,0.0,0.0,0.0,0.0,0.0,0.0,0.0,0.0,0.0,0.0,0.0,0.0,0.0,0.0,0.0,0.0,0.0,0.0,0.0,0.0,0.0,0.0,0.0,0.0,0.0,0.0,0.0,0.0,0.0,0.0,0.0,0.0,0.0,0.0,0.0,0.0
0.0,0.0,0.0,0.0,0.0,0.0,0.0,0.0,0.0,0.0,0.0,0.0,0.0,0.0,0.0,0.0,0.0,0.0,0.0,0.0,0.0,0.0,0.0,0.0,0.0,0.0,0.0,0.0,0.0,0.0,0.0,0.0,0.0,0.0,0.0,0.0,0.0
0.0,0.0,0.0,0.0,0.0,0.0,0.0,0.0,0.0,0.0,0.0,0.0,0.0,0.0,0.0,0.0,0.0,0.0,0.0,0.0,0.0,0.0,0.0,0.0,0.0,0.0,0.0,0.0,0.0,0.0,0.0,0.0,0.0,0.0,0.0,0.0,0.0
0.0,0.0,0.0,0.0,0.0,0.0,0.0,0.0,0.0,0.0,0.0,0.0,0.0,0.0,0.0,0.0,0.0,0.0,0.0,0.0,0.0,0.0,0.0,0.0,0.0,0.0,0.0,0.0,0.0,0.0,0.0,0.0,0.0,0.0,0.0,0.0,0.0
0.0,0.0,0.0,0.0,0.0,0.0,0.0,0.0,0.0,0.0,0.0,0.0,0.0,0.0,0.0,0.0,0.0,0.0,0.0,0.0,0.0,0.0,0.0,0.0,0.0,0.0,0.0,0.0,0.0,0.0,0.0,0.0,0.0,0.0,0.0,0.0,0.0
0.0,0.0,0.0,0.0,0.0,0.0,0.0,0.0,0.0,0.0,0.0,0.0,0.0,0.0,0.0,0.0,0.0,0.0,0.0,0.0,0.0,0.0,0.0,0.0,0.0,0.0,0.0,0.0,0.0,0.0,0.0,0.0,0.0,0.0,0.0,0.0,0.0
0.0,0.0,0.0,0.0,0.0,0.0,0.0,0.0,0.0,0.0,0.0,0.0,0.0,0.0,0.0,0.0,0.0,0.0,0.0,0.0,0.0,0.0,0.0,0.0,0.0,0.0,0.0,0.0,0.0,0.0,0.0,0.0,0.0,0.0,0.0,0.0,0.0
0.0,0.0,0.0,0.0,0.0,0.0,0.0,0.0,0.0,0.0,0.0,0.0,0.0,6.415716717019588,0.0,0.0,11.761299490928634,0.0,0.0,0.0,0.0,0.0,0.0,0.0,0.0,0.0,0.0,0.0,0.0,0.0,0.0,0.0,0.0,0.0,0.0,0.0,0.0
0.0,0.0,0.0,0.0334606803953632,0.0,0.0,0.0,0.0,0.0,0.0,0.0,0.0,0.0,7.300804257392848,0.0,0.0,13.704907703399504,0.0,0.0,0.0,0.0,0.0,0.0,0.0,0.0,0.0,0.0,0.0,0.0,0.0,0.0,0.0,0.0,0.0,0.0,0.0,0.0
0.0,0.0,0.0,0.0431096572428914,2.8646158091722285,0.0,0.0,0.0,0.0,0.0,1.6673588930627707,0.0,0.0,2.8823771048337137,0.0,0.0,29.03829360008221,0.0,0.0,0.0,0.0,27.54775161743124,0.0,0.0,0.0,0.0,0.0,0.0,0.0,1.0203229360282249,0.0,0.0,0.0,0.0,0.0,0.0,0.0
0.0,0.0,0.0,0.1345443446189132,11.765954125672398,0.7570851352065685,4.626060501486011,0.0,0.0,0.0,2.355543054034877,0.0,0.0,15.339673683047218,0.0470902897417516,0.0380232464522118,14.580738723277983,0.0,0.0,0.0,0.0,101.00497941970818,0.0,0.0,0.0,0.0,2.3111317113041814,0.0,13.47840831130718,0.6570961363613427,0.0,4.76323631405826,2.8674083817749976,0.0,0.0,0.0,0.0
0.0,0.0,0.0,0.9193362444639168,91.46306274831296,10.864368546754095,45.441722120344615,0.0,0.0,0.0,27.37225919580077,0.0,0.0,41.78426516707981,0.3674553897231792,0.2285035178065289,36.79133781194674,0.0,0.0,0.0,0.0,379.1541439056392,0.0,0.0,0.0,16.47020683884618,5.346036452054971,0.0,150.1417232632636,2.45946466550231,0.0,38.35121572017668,14.477842886000856,0.0,0.0,0.0,0.0
0.0,0.0,0.0,5.339311242103576,287.5286875963211,67.64224902540441,212.97310847640028,0.0,0.0,0.0,143.51052652150386,0.0,0.0,97.20178965479126,2.1943051971495127,0.5962320603430269,155.1580830335617,0.0,0.0,0.0,0.0,954.7395011901854,0.0,0.0,0.0,135.10512595176692,12.14450929164886,0.0,914.3564139723778,10.893746298551523,0.0,169.1651864647865,55.06866021454332,0.0,0.0,0.0,0.0
0.0,0.0,0.0,14.76386711001396,663.1877603530884,198.8366753011942,570.5855334371328,0.0,0.0,0.0,480.00718986094,0.0,0.0,228.50994721055028,6.643067528307436,1.0341838747262946,394.27950153350827,0.0,0.0,0.0,0.0,1858.586880493164,0.0,0.0,0.0,495.4721180915832,26.058825886249544,0.0,1831.6248155593871,26.936337480694057,0.0,344.350438952446,125.90465474128722,0.0,0.0,0.0,0.0
0.0,0.0,0.0,0.0,1102.5578937530518,296.0305590033531,938.7368144273756,0.0,0.0,0.0,1091.4294019848107,0.0,0.0,472.7242532372474,0.0,1.4162349849939342,738.1902926683425,0.0,0.0,0.0,0.0,2452.192272949219,0.0,0.0,0.0,760.2025678157806,44.95920860171317,0.0,0.0,46.78000817298889,0.0,429.2968307733536,181.2753183245659,0.0,0.0,0.0,0.0
0.0,0.0,0.0,0.0,1439.1525678634644,327.8732079267502,1162.1057101547715,0.0,0.0,0.0,1515.3518538057804,0.0,0.0,639.0501273423432,0.0,2.356386259198188,1105.432717180252,0.0,0.0,0.0,0.0,2735.512017822265,0.0,0.0,0.0,0.0,56.03102679252625,0.0,0.0,208.91703810691837,0.0,446.7603112459183,204.3726142048836,0.0,0.0,0.0,0.0
0.0,0.0,0.0,0.0,1662.0401606559751,345.82737597823143,1300.468631964922,0.0,0.0,0.0,1768.8463312089443,0.0,0.0,781.5138214826584,0.0,3.064514309167861,1344.2917111873626,0.0,0.0,0.0,0.0,2902.539932250977,0.0,0.0,0.0,0.0,62.45712934732437,0.0,0.0,267.5909271359444,0.0,448.28766429424286,0.0,0.0,0.0,0.0,0.0
0.0,0.0,0.0,0.0,0.0,349.2477928698063,0.0,0.0,0.0,0.0,1866.499479824305,0.0,0.0,0.0,0.0,3.5346825420856467,1457.0918335437775,0.0,0.0,0.0,0.0,0.0,0.0,0.0,0.0,0.0,0.0,0.0,0.0,282.856305283308,0.0,437.39726316928864,0.0,0.0,0.0,0.0,0.0
0.0,0.0,0.0,0.0,0.0,0.0,0.0,0.0,0.0,0.0,0.0,0.0,0.0,0.0,0.0,0.0,1436.7803493976594,0.0,0.0,0.0,0.0,0.0,0.0,0.0,0.0,0.0,0.0,0.0,0.0,267.2983025491238,0.0,0.0,0.0,0.0,0.0,0.0,0.0
0.0,0.0,0.0,0.0,0.0,0.0,0.0,0.0,0.0,0.0,0.0,0.0,0.0,0.0,0.0,0.0,0.0,0.0,0.0,0.0,0.0,0.0,0.0,0.0,0.0,0.0,0.0,0.0,0.0,255.50489204525948,0.0,0.0,0.0,0.0,0.0,0.0,0.0
0.0,0.0,0.0,0.0,0.0,0.0,0.0,0.0,0.0,0.0,0.0,0.0,0.0,0.0,0.0,0.0,1137.9749477148057,0.0,0.0,0.0,0.0,0.0,0.0,0.0,0.0,0.0,0.0,0.0,0.0,0.0,0.0,0.0,0.0,0.0,0.0,0.0,0.0
0.0,0.0,0.0,0.0,0.0,0.0,0.0,0.0,0.0,0.0,0.0,0.0,0.0,0.0,0.0,0.0,0.0,0.0,0.0,0.0,0.0,0.0,0.0,0.0,0.0,0.0,0.0,0.0,0.0,0.0,0.0,0.0,0.0,0.0,0.0,0.0,0.0
0.0,0.0,0.0,0.0,0.0,0.0,0.0,0.0,0.0,0.0,0.0,0.0,0.0,0.0,0.0,0.0,0.0,0.0,0.0,0.0,0.0,0.0,0.0,0.0,0.0,0.0,0.0,0.0,0.0,0.0,0.0,0.0,0.0,0.0,0.0,0.0,0.0
0.0,0.0,0.0,0.0,0.0,0.0,0.0,0.0,0.0,0.0,0.0,0.0,0.0,0.0,0.0,0.0,0.0,0.0,0.0,0.0,0.0,0.0,0.0,0.0,0.0,0.0,0.0,0.0,0.0,0.0,0.0,0.0,0.0,0.0,0.0,0.0,0.0
0.0,0.0,0.0,0.0,0.0,0.0,0.0,0.0,0.0,0.0,0.0,0.0,0.0,0.0,0.0,0.0,0.0,0.0,0.0,0.0,0.0,0.0,0.0,0.0,0.0,0.0,0.0,0.0,0.0,0.0,0.0,0.0,0.0,0.0,0.0,0.0,0.0
0.0,0.0,0.0,0.0,0.0,0.0,0.0,0.0,0.0,0.0,0.0,0.0,0.0,0.0,0.0,0.0,0.0,0.0,0.0,0.0,0.0,0.0,0.0,0.0,0.0,0.0,0.0,0.0,0.0,0.0,0.0,0.0,0.0,0.0,0.0,0.0,0.0
0.0,0.0,0.0,0.0,0.0,0.0,0.0,0.0,0.0,0.0,0.0,0.0,0.0,0.0,0.0,0.0,0.0,0.0,0.0,0.0,0.0,0.0,0.0,0.0,0.0,0.0,0.0,0.0,0.0,0.0,0.0,0.0,0.0,0.0,0.0,0.0,0.0
0.0,0.0,0.0,0.0,0.0,0.0,0.0,0.0,0.0,0.0,0.0,0.0,0.0,0.0,0.0,0.0,0.0,0.0,0.0,0.0,0.0,0.0,0.0,0.0,0.0,0.0,0.0,0.0,0.0,0.0,0.0,0.0,0.0,0.0,0.0,0.0,0.0
0.0,0.0,0.0,0.0,0.0,0.0,0.0,0.0,0.0,0.0,0.0,0.0,0.0,0.0,0.0,0.0,0.0,0.0,0.0,0.0,0.0,0.0,0.0,0.0,0.0,0.0,0.0,0.0,0.0,0.0,0.0,0.0,0.0,0.0,0.0,0.0,0.0
0.0,0.0,0.0,0.0,0.0,0.0,0.0,0.0,0.0,0.0,0.0,0.0,0.0,0.0,0.0,0.0,0.0,0.0,0.0,0.0,0.0,0.0,0.0,0.0,0.0,0.0,0.0,0.0,0.0,0.0,0.0,0.0,0.0,0.0,0.0,0.0,0.0
0.0,0.0,0.0,0.0,0.0,0.0,0.0,0.0,0.0,0.0,0.0,0.0,0.0,0.0,0.0,0.0,0.0,0.0,0.0,0.0,0.0,0.0,0.0,0.0,0.0,0.0,0.0,0.0,0.0,0.0,0.0,0.0,0.0,0.0,0.0,0.0,0.0
0.0,0.0,0.0,0.0,0.0,0.0,0.0,0.0,0.0,0.0,0.0,0.0,0.0,0.0,0.0,0.0,0.0,0.0,0.0,0.0,0.0,0.0,0.0,0.0,0.0,0.0,0.0,0.0,0.0,0.3907606668769998,0.0,0.0,0.0,0.0,0.0,0.0,0.0
0.0,0.0,0.0,0.0,0.0,0.0,0.0,0.0,0.0,0.0,1.860872644977615,0.0,0.0,1.0206807823850723,0.0843938894569843,0.0,0.0,0.0,0.0,0.0,0.0,0.0,0.0,0.0,0.0,0.0,0.0,0.0,0.0,0.4959757126867489,0.0,0.972168862819644,0.0,0.0,0.0,0.0,0.0
0.0,0.0,0.0,0.0329980514943596,2.3304574713110333,0.0,0.0,0.0,0.0,0.0,1.596765252668353,0.0,0.0,0.0,0.0513584822416278,0.0,30.30812907218925,0.0,0.0,0.0,0.0,12.994144630431933,0.0,0.0,0.0,0.0,0.0038568772375583,0.0,0.0,0.6177913285791765,0.0,1.1180830001830622,0.0,0.0,0.0,0.0,0.0
0.0,0.0,0.0,0.1121253781020596,9.693631898611592,0.5402173423208125,6.610255823284299,0.0,0.0,0.0,11.556921019777484,0.0,0.0,18.34103238536034,0.1385143663734172,0.0127554731443516,9.055544853210328,0.0,0.0,0.0,0.0,79.12046833038306,0.0,0.0,0.0,0.0,1.219621917605394,0.0,16.460297451913263,0.5345863893628048,0.0,3.108905851840923,1.9787846663966489,0.0,0.0,0.0,0.0
0.0,0.0,0.0,0.7719734068959908,61.84691301733235,5.9948754468932695,30.61667326986786,0.0,0.0,0.0,57.43589616380619,0.0,0.0,80.95061937347042,1.262875024974344,0.1842143386602389,15.698953878879507,0.0,0.0,0.0,0.0,356.3009399414061,0.0,0.0,0.0,18.905841399729173,4.10700869485735,0.0,195.5523463904856,1.0784278601407942,0.0,17.946012586355167,9.965866670012462,0.0,0.0,0.0,0.0
0.0,0.0,0.0,3.2939281687140443,201.4610038101672,44.53919879347082,113.03561143949628,0.0,0.0,0.0,216.4841859214008,0.0,0.0,276.1399378627538,5.286708077788352,0.5287238992750637,81.34252252578727,0.0,0.0,0.0,0.0,850.9860427856444,0.0,0.0,0.0,106.01668120622632,11.59942860752344,0.0,872.4491139531134,5.698186684399829,0.0,104.83375495672225,37.66304789483546,0.0,0.0,0.0,0.0
0.0,0.0,0.0,8.65452241897583,453.9525872468947,174.78642491996288,303.96086236834515,0.0,0.0,0.0,591.8298895686864,0.0,0.0,647.6446510851383,13.170980420708654,0.9503030106425284,232.5846462368964,0.0,0.0,0.0,0.0,1491.8176849365232,0.0,0.0,0.0,329.07106015682217,27.63948194980621,0.0,1583.7335837841033,14.651723781600577,0.0,304.79211699962616,101.39996579289436,0.0,0.0,0.0,0.0
0.0,0.0,0.0,18.38001388311386,822.8584440946578,281.7405340373516,574.8377950221299,0.0,0.0,0.0,1242.62206941247,0.0,0.0,1033.586315959692,22.188136339187626,1.4951082170009609,452.1551948785781,0.0,0.0,0.0,0.0,2191.5318389892573,0.0,0.0,0.0,605.3905789852142,46.99297951459884,0.0,2124.2465835928915,21.64400661811229,0.0,415.7281256914139,159.87578338384628,0.0,0.0,0.0,0.0
0.0,0.0,0.0,32.30300319194794,1170.1035480499268,314.78685715794563,824.2162410914898,0.0,0.0,0.0,1605.1705959022045,0.0,0.0,1181.4306977391243,26.77097159028053,2.476792782545089,773.2129923582077,0.0,0.0,0.0,0.0,2390.8733154296874,0.0,0.0,0.0,723.59638671875,58.05064179897308,0.0,2324.7814950466154,137.01159264445306,0.0,442.8710616827011,183.6196025013924,0.0,0.0,0.0,0.0
0.0,0.0,0.0,43.76440393924713,1430.5281217098236,334.2714330255985,1059.2369011223316,0.0,0.0,0.0,1808.2208421468736,0.0,0.0,1255.2473206818104,28.52173545956612,3.2768295407295227,1009.1158804774284,0.0,0.0,0.0,0.0,2495.7783172607424,0.0,0.0,0.0,750.1062601566315,63.528471291065216,0.0,0.0,232.22212975025175,0.0,450.4965958595276,195.42399561405185,0.0,0.0,0.0,0.0
0.0,0.0,0.0,0.0,0.0,338.331930577755,0.0,0.0,0.0,0.0,1863.26687849164,0.0,0.0,0.0,28.49329095482826,3.765093088150024,1149.106845164299,0.0,0.0,0.0,0.0,0.0,0.0,0.0,0.0,0.0,0.0,0.0,0.0,261.5847307562828,0.0,441.70080626010895,0.0,0.0,0.0,0.0,0.0
0.0,0.0,0.0,0.0,0.0,0.0,0.0,0.0,0.0,0.0,0.0,0.0,0.0,0.0,0.0,0.0,1201.932123374939,0.0,0.0,0.0,0.0,0.0,0.0,0.0,0.0,0.0,0.0,0.0,0.0,255.7246709406376,0.0,420.7857648134232,0.0,0.0,0.0,0.0,0.0
0.0,0.0,0.0,0.0,0.0,0.0,0.0,0.0,0.0,0.0,0.0,0.0,0.0,0.0,0.0,0.0,0.0,0.0,0.0,0.0,0.0,0.0,0.0,0.0,0.0,0.0,0.0,0.0,0.0,245.44972641468047,0.0,0.0,0.0,0.0,0.0,0.0,0.0
0.0,0.0,0.0,0.0,0.0,0.0,0.0,0.0,0.0,0.0,0.0,0.0,0.0,0.0,0.0,0.0,0.0,0.0,0.0,0.0,0.0,0.0,0.0,0.0,0.0,0.0,0.0,0.0,0.0,0.0,0.0,0.0,0.0,0.0,0.0,0.0,0.0
0.0,0.0,0.0,0.0,0.0,0.0,0.0,0.0,0.0,0.0,0.0,0.0,0.0,0.0,0.0,0.0,0.0,0.0,0.0,0.0,0.0,0.0,0.0,0.0,0.0,0.0,0.0,0.0,0.0,0.0,0.0,0.0,0.0,0.0,0.0,0.0,0.0
0.0,0.0,0.0,0.0,0.0,0.0,0.0,0.0,0.0,0.0,0.0,0.0,0.0,0.0,0.0,0.0,0.0,0.0,0.0,0.0,0.0,0.0,0.0,0.0,0.0,0.0,0.0,0.0,0.0,0.0,0.0,0.0,0.0,0.0,0.0,0.0,0.0
0.0,0.0,0.0,0.0,0.0,0.0,0.0,0.0,0.0,0.0,0.0,0.0,0.0,0.0,0.0,0.0,0.0,0.0,0.0,0.0,0.0,0.0,0.0,0.0,0.0,0.0,0.0,0.0,0.0,0.0,0.0,0.0,0.0,0.0,0.0,0.0,0.0
0.0,0.0,0.0,0.0,0.0,0.0,0.0,0.0,0.0,0.0,0.0,0.0,0.0,0.0,0.0,0.0,0.0,0.0,0.0,0.0,0.0,0.0,0.0,0.0,0.0,0.0,0.0,0.0,0.0,0.0,0.0,0.0,0.0,0.0,0.0,0.0,0.0
0.0,0.0,0.0,0.0,0.0,0.0,0.0,0.0,0.0,0.0,0.0,0.0,0.0,0.0,0.0,0.0,0.0,0.0,0.0,0.0,0.0,0.0,0.0,0.0,0.0,0.0,0.0,0.0,0.0,0.0,0.0,0.0,0.0,0.0,0.0,0.0,0.0
0.0,0.0,0.0,0.0,0.0,0.0,0.0,0.0,0.0,0.0,0.0,0.0,0.0,0.0,0.0,0.0,0.0,0.0,0.0,0.0,0.0,0.0,0.0,0.0,0.0,0.0,0.0,0.0,0.0,0.0,0.0,0.0,0.0,0.0,0.0,0.0,0.0
0.0,0.0,0.0,0.0,0.0,0.0,0.0,0.0,0.0,0.0,0.0,0.0,0.0,0.0,0.0,0.0,0.0,0.0,0.0,0.0,0.0,0.0,0.0,0.0,0.0,0.0,0.0,0.0,0.0,0.0,0.0,0.0,0.0,0.0,0.0,0.0,0.0
0.0,0.0,0.0,0.0,0.0,0.0,0.0,0.0,0.0,0.0,0.0,0.0,0.0,0.0,0.0,0.0,0.0,0.0,0.0,0.0,0.0,0.0,0.0,0.0,0.0,0.0,0.0,0.0,0.0,0.0,0.0,0.0,0.0,0.0,0.0,0.0,0.0
0.0,0.0,0.0,0.0,0.0,0.0,0.0,0.0,0.0,0.0,0.0,0.0,0.0,0.0,0.0,0.0,0.0,0.0,0.0,0.0,0.0,0.0,0.0,0.0,0.0,0.0,0.0,0.0,0.0,0.0,0.0,0.0,0.0,0.0,0.0,0.0,0.0
0.0,0.0,0.0,0.0,0.0,0.0,0.0,0.0,0.0,0.0,0.0,0.0,0.0,0.0,0.0,0.0,0.0,0.0,0.0,0.0,0.0,0.0,0.0,0.0,0.0,0.0,0.0,0.0,0.0,0.0,0.0,0.0,0.5175468614324836,0.0,0.0,0.0,0.0
0.0,0.0,0.0,0.0,0.0,0.0,0.0,0.0,0.0,0.0,0.0,0.0,0.0,0.0,0.0,0.0,0.0,0.0,0.0,0.0,0.0,0.0,0.0,0.0,0.0,0.0,0.0,0.0,0.0,0.0,0.0,0.0,0.0,0.0,0.0,0.0,0.0
0.0,0.0,0.0,0.0,0.0,0.0116562857292592,0.0,0.0,0.0,0.0,1.9529427380764883,0.0,0.0,4.151923852041284,0.0,0.0,0.0,0.0,0.0,0.0,0.0,0.0,0.0,0.0,0.0,0.0,0.0,0.0,0.0,0.4528487905859678,0.0,0.0,0.0,0.0,0.0,0.0,0.0
0.0,0.0,0.0,0.0,0.0,0.0,0.0,0.0,0.0,0.0,1.6841141285373624,0.0,0.0,0.5905306618659435,0.0,0.0,22.685439109802047,0.0,0.0,0.0,0.0,0.0,0.0,0.0,0.0,0.0,0.0,0.0,0.0,0.5837789043783941,0.0,1.161670655012084,0.0,0.0,0.0,0.0,0.0
0.0,0.0,0.0,0.0,0.0,0.9403064278885488,0.0,0.0,0.0,0.0,11.590245015360232,0.0,0.0,16.795082497410462,0.0,0.0,10.190123236179222,0.0,0.0,0.0,0.0,241.72685050964347,0.0,0.0,0.0,0.0,0.0,0.0,50.18235458508122,0.581233756989231,0.0,4.746811330318428,2.4884928483515902,0.0,0.0,0.0,0.0
0.0,0.0,0.0,2.0313305184245074,0.0,14.343709332868444,0.0,0.0,0.0,0.0,76.87246093116678,0.0,0.0,60.798089783638666,0.0,0.0,22.650751519203062,0.0,0.0,0.0,0.0,824.4681549072264,0.0,0.0,0.0,0.0,0.0,0.0,444.5216324865818,2.0202261164784288,0.0,0.0,12.3972970098257,0.0,0.0,0.0,0.0
0.0,0.0,0.0,7.470078334212298,0.0,90.2742540761828,0.0,0.0,0.0,0.0,330.022035191953,0.0,0.0,173.3890252932905,0.0,0.0,108.5900539398192,0.0,0.0,0.0,0.0,1874.2259796142575,0.0,0.0,0.0,0.0,0.0,0.0,1438.884112906456,10.06486882194874,0.0,0.0,48.38429628312586,0.0,0.0,0.0,0.0
0.0,0.0,0.0,18.045502007007595,0.0,229.3304868340492,0.0,0.0,0.0,0.0,899.8616307079791,0.0,0.0,380.0643435493112,0.0,0.0,304.8400618791579,0.0,0.0,0.0,0.0,2631.647268676758,0.0,0.0,0.0,0.0,0.0,0.0,2224.042400372028,27.32966379672285,0.0,0.0,122.9441563785076,0.0,0.0,0.0,0.0
0.0,0.0,0.0,35.03898358345032,0.0,0.0,0.0,0.0,0.0,0.0,1604.6465662181377,0.0,0.0,677.4678464978933,0.0,0.0,600.0147882223129,0.0,0.0,0.0,0.0,3159.008935546875,0.0,0.0,0.0,0.0,0.0,0.0,2635.4,52.05715015828607,0.0,0.0,179.38649946451187,0.0,0.0,0.0,0.0
0.0,0.0,0.0,50.598961353302,0.0,0.0,0.0,0.0,0.0,0.0,2027.2778626024724,0.0,0.0,855.636086165905,0.0,0.0,948.643459391594,0.0,0.0,0.0,0.0,3334.41916809082,0.0,0.0,0.0,0.0,0.0,0.0,0.0,203.3392934203148,0.0,490.4918169975281,201.41303271055224,0.0,0.0,0.0,0.0
0.0,0.0,0.0,0.0,0.0,0.0,0.0,0.0,0.0,0.0,0.0,0.0,0.0,984.1572089493276,0.0,0.0,1190.1064741134644,0.0,0.0,0.0,0.0,3364.8591888427736,0.0,0.0,0.0,0.0,0.0,0.0,0.0,266.8902588963509,0.0,490.62626683712006,208.5829963684082,0.0,0.0,0.0,0.0
0.0,0.0,0.0,0.0,0.0,0.0,0.0,0.0,0.0,0.0,0.0,0.0,0.0,0.0,0.0,0.0,1306.2796275854112,0.0,0.0,0.0,0.0,3267.754180908203,0.0,0.0,0.0,0.0,0.0,0.0,0.0,287.35867980122566,0.0,473.2777163982392,0.0,0.0,0.0,0.0,0.0
0.0,0.0,0.0,0.0,0.0,0.0,0.0,0.0,0.0,0.0,0.0,0.0,0.0,0.0,0.0,0.0,1312.960359477997,0.0,0.0,0.0,0.0,0.0,0.0,0.0,0.0,0.0,0.0,0.0,0.0,0.0,0.0,0.0,194.66353619098663,0.0,0.0,0.0,0.0
0.0,0.0,0.0,0.0,0.0,0.0,0.0,0.0,0.0,0.0,0.0,0.0,0.0,0.0,0.0,0.0,1188.8140855789184,0.0,0.0,0.0,0.0,2601.0423828125,0.0,0.0,0.0,0.0,0.0,0.0,0.0,0.0,0.0,0.0,0.0,0.0,0.0,0.0,0.0
0.0,0.0,0.0,0.0,0.0,0.0,0.0,0.0,0.0,0.0,0.0,0.0,0.0,0.0,0.0,0.0,0.0,0.0,0.0,0.0,0.0,0.0,0.0,0.0,0.0,0.0,0.0,0.0,0.0,0.0,0.0,0.0,0.0,0.0,0.0,0.0,0.0
0.0,0.0,0.0,0.0,0.0,0.0,0.0,0.0,0.0,0.0,0.0,0.0,0.0,0.0,0.0,0.0,0.0,0.0,0.0,0.0,0.0,0.0,0.0,0.0,0.0,0.0,0.0,0.0,0.0,0.0,0.0,0.0,0.0,0.0,0.0,0.0,0.0
0.0,0.0,0.0,0.0,0.0,0.0,0.0,0.0,0.0,0.0,0.0,0.0,0.0,0.0,0.0,0.0,0.0,0.0,0.0,0.0,0.0,0.0,0.0,0.0,0.0,0.0,0.0,0.0,0.0,0.0,0.0,0.0,0.0,0.0,0.0,0.0,0.0
0.0,0.0,0.0,0.0,0.0,0.0,0.0,0.0,0.0,0.0,0.0,0.0,0.0,0.0,0.0,0.0,0.0,0.0,0.0,0.0,0.0,0.0,0.0,0.0,0.0,0.0,0.0,0.0,0.0,0.0,0.0,0.0,0.0,0.0,0.0,0.0,0.0
0.0,0.0,0.0,0.0,0.0,0.0,0.0,0.0,0.0,0.0,0.0,0.0,0.0,0.0,0.0,0.0,0.0,0.0,0.0,0.0,0.0,0.0,0.0,0.0,0.0,0.0,0.0,0.0,0.0,0.0,0.0,0.0,0.0,0.0,0.0,0.0,0.0
0.0,0.0,0.0,0.0,0.0,0.0,0.0,0.0,0.0,0.0,0.0,0.0,0.0,0.0,0.0,0.0,0.0,0.0,0.0,0.0,0.0,0.0,0.0,0.0,0.0,0.0,0.0,0.0,0.0,0.0,0.0,0.0,0.0,0.0,0.0,0.0,0.0
0.0,0.0,0.0,0.0,0.0,0.0,0.0,0.0,0.0,0.0,0.0,0.0,0.0,0.0,0.0,0.0,0.0,0.0,0.0,0.0,0.0,0.0,0.0,0.0,0.0,0.0,0.0,0.0,0.0,0.0,0.0,0.0,0.0,0.0,0.0,0.0,0.0
0.0,0.0,0.0,0.0,0.0,0.0,0.0,0.0,0.0,0.0,0.0,0.0,0.0,0.0,0.0,0.0,0.0,0.0,0.0,0.0,0.0,0.0,0.0,0.0,0.0,0.0,0.0,0.0,0.0,0.0,0.0,0.0,0.0,0.0,0.0,0.0,0.0
0.0,0.0,0.0,0.0,0.0,0.0,0.0,0.0,0.0,0.0,0.0,0.0,0.0,0.0,0.0,0.0,0.0,0.0,0.0,0.0,0.0,0.0,0.0,0.0,0.0,0.0,0.0,0.0,0.0,0.0,0.0,0.0,0.0,0.0,0.0,0.0,0.0
0.0,0.0,0.0,0.0,0.0,0.0,0.0,0.0,0.0,0.0,0.0,0.0,0.0,0.0,0.0,0.0,0.0,0.0,0.0,0.0,0.0,0.0,0.0,0.0,0.0,0.0,0.0,0.0,0.0,0.0,0.0,0.0,0.0,0.0,0.0,0.0,0.0
0.0,0.0,0.0,0.0,0.0,0.0,0.0,0.0,0.0,0.0,0.0,0.0,0.0,0.0,0.0,0.0,0.0,0.0,0.0,0.0,0.0,0.0,0.0,0.0,0.0,0.0,0.0,0.0,0.0,0.0,0.0,0.0,0.0,0.0,0.0,0.0,0.0
0.0,0.0,0.0,0.0,0.0,0.0,0.0,0.0,0.0,0.0,0.0,0.0,0.0,3.2523286854847355,0.0,0.0,0.0,0.0,0.0,0.0,0.0,0.0,0.0,0.0,0.0,0.0,0.0,0.0,0.0,0.0,0.0,0.0,0.0,0.0,0.0,0.0,0.0
0.0,0.0,0.0,0.0,0.0,0.0639721378683842,0.0,0.0,0.0,0.0,1.973501647217199,0.0,0.0,4.220014950260447,0.0,0.0,0.0,0.0,0.0,0.0,0.0,16.00499544143636,0.0,0.0,0.0,0.0,0.0,0.0,0.0,0.0,0.0,1.2323492169380168,0.0,0.0,0.0,0.0,0.0
0.0,0.0,0.0,0.0263149924576276,0.0,0.0,0.0,0.0,0.0,0.0,1.7497905406633096,0.0,0.0,1.58914414700119,0.0,0.0,0.0,0.0,0.0,0.0,0.0,0.0,0.0,0.0,0.0,0.0,0.0,0.0,0.0,0.0,0.0,1.3179546892642424,0.0,0.0,0.0,0.0,0.0
0.0,0.0,0.0,0.0643354430794672,0.0,1.1207195832394063,0.0,0.0,0.0,0.0,19.247697006817837,0.0,0.0,11.034233311656836,0.0,0.0,14.012315750121951,0.0,0.0,0.0,0.0,152.52148208618152,0.0,0.0,0.0,19.55002326518296,0.0,0.0,31.021551087498437,0.80807697400448,0.0,5.613590285181961,1.9923556838184449,0.0,0.0,0.0,0.0
0.0,0.0,0.0,1.9841647744178743,0.0,10.735131854191394,0.0,0.0,0.0,0.0,92.54217244125888,0.0,0.0,34.6979000698775,0.0,0.0,38.12270392179477,0.0,0.0,0.0,0.0,690.9852661132809,0.0,0.0,0.0,139.46638664007187,0.0,0.0,304.8017554998397,3.635943669825779,0.0,41.70988269150256,10.831033561378716,0.0,0.0,0.0,0.0
0.0,0.0,0.0,7.197348549962039,0.0,71.54824205487965,0.0,0.0,0.0,0.0,383.2337642148136,0.0,0.0,104.25154568627472,0.0,0.0,158.0663862347601,0.0,0.0,0.0,0.0,1668.1473052978515,0.0,0.0,0.0,492.8964942455292,0.0,0.0,1270.1953156530856,12.845049882307642,0.0,178.69704139232635,43.3067050129175,0.0,0.0,0.0,0.0
0.0,0.0,0.0,17.382671892642975,0.0,209.7636620253324,0.0,0.0,0.0,0.0,993.6489076465368,0.0,0.0,288.3206079527735,0.0,0.0,397.2400812625884,0.0,0.0,0.0,0.0,2447.0553802490235,0.0,0.0,0.0,768.298316192627,0.0,0.0,2105.887615394592,32.11667600050567,0.0,350.8904709815979,118.33155712485312,0.0,0.0,0.0,0.0
0.0,0.0,0.0,33.90286862850189,1539.6689043045044,308.70663645863533,1324.185047274828,0.0,0.0,0.0,1693.6986572265623,0.0,0.0,562.570952400565,0.0,0.0,744.0603400230407,0.0,0.0,0.0,0.0,2962.9745391845704,0.0,0.0,0.0,902.3171073913576,0.0,0.0,2566.848437428474,58.74145698100325,0.0,443.3185101747513,176.5014550089836,0.0,0.0,0.0,0.0
0.0,0.0,0.0,49.30686354637146,0.0,339.3152185976505,1491.0115841686725,0.0,0.0,0.0,2084.8384005963803,0.0,0.0,704.2132741957903,0.0,0.0,1107.5566273212432,0.0,0.0,0.0,0.0,3161.1673919677733,0.0,0.0,0.0,903.2,0.0,0.0,0.0,216.07705025672917,0.0,465.2268370389938,199.21090680360797,0.0,0.0,0.0,0.0
0.0,0.0,0.0,60.26936602592468,0.0,356.22419568896294,0.0,0.0,0.0,0.0,2275.3,0.0,0.0,819.0251767635345,0.0,0.0,1342.384751701355,0.0,0.0,0.0,0.0,3227.1628692626955,0.0,0.0,0.0,903.2,0.0,0.0,0.0,275.6095531046391,0.0,468.351548910141,207.6044270396233,0.0,0.0,0.0,0.0
0.0,0.0,0.0,62.0,0.0,358.17669320106506,0.0,0.0,0.0,0.0,2275.3,0.0,0.0,842.9553681612015,0.0,0.0,1450.6659267425537,0.0,0.0,0.0,0.0,3172.6921966552736,0.0,0.0,0.0,0.0,0.0,0.0,0.0,291.0914532959461,0.0,453.7876207828522,0.0,0.0,0.0,0.0,0.0
0.0,0.0,0.0,0.0,0.0,0.0,0.0,0.0,0.0,0.0,0.0,0.0,0.0,0.0,0.0,0.0,1430.168257260323,0.0,0.0,0.0,0.0,0.0,0.0,0.0,0.0,0.0,0.0,0.0,0.0,277.1725606262684,0.0,0.0,0.0,0.0,0.0,0.0,0.0
0.0,0.0,0.0,0.0,0.0,0.0,0.0,0.0,0.0,0.0,2048.076036590338,0.0,0.0,0.0,0.0,3.9215668439865112,1311.5413551092147,0.0,0.0,0.0,0.0,0.0,0.0,0.0,0.0,0.0,0.0,0.0,0.0,266.705391573906,0.0,364.721222281456,0.0,0.0,0.0,0.0,0.0
0.0,0.0,0.0,0.0,0.0,0.0,0.0,0.0,0.0,0.0,0.0,0.0,0.0,0.0,0.0,0.0,1142.4536917448045,0.0,0.0,0.0,0.0,0.0,0.0,0.0,0.0,0.0,0.0,0.0,0.0,0.0,0.0,0.0,0.0,0.0,0.0,0.0,0.0
0.0,0.0,0.0,0.0,0.0,0.0,0.0,0.0,0.0,0.0,0.0,0.0,0.0,0.0,0.0,0.0,0.0,0.0,0.0,0.0,0.0,0.0,0.0,0.0,0.0,0.0,0.0,0.0,0.0,0.0,0.0,0.0,0.0,0.0,0.0,0.0,0.0
0.0,0.0,0.0,0.0,0.0,0.0,0.0,0.0,0.0,0.0,0.0,0.0,0.0,0.0,0.0,0.0,0.0,0.0,0.0,0.0,0.0,0.0,0.0,0.0,0.0,0.0,0.0,0.0,0.0,0.0,0.0,0.0,0.0,0.0,0.0,0.0,0.0
0.0,0.0,0.0,0.0,0.0,0.0,0.0,0.0,0.0,0.0,0.0,0.0,0.0,0.0,0.0,0.0,0.0,0.0,0.0,0.0,0.0,0.0,0.0,0.0,0.0,0.0,0.0,0.0,0.0,0.0,0.0,0.0,0.0,0.0,0.0,0.0,0.0
0.0,0.0,0.0,0.0,0.0,0.0,0.0,0.0,0.0,0.0,0.0,0.0,0.0,0.0,0.0,0.0,0.0,0.0,0.0,0.0,0.0,0.0,0.0,0.0,0.0,0.0,0.0,0.0,0.0,0.0,0.0,0.0,0.0,0.0,0.0,0.0,0.0
0.0,0.0,0.0,0.0,0.0,0.0,0.0,0.0,0.0,0.0,0.0,0.0,0.0,0.0,0.0,0.0,0.0,0.0,0.0,0.0,0.0,0.0,0.0,0.0,0.0,0.0,0.0,0.0,0.0,0.0,0.0,0.0,0.0,0.0,0.0,0.0,0.0
0.0,0.0,0.0,0.0,0.0,0.0,0.0,0.0,0.0,0.0,0.0,0.0,0.0,0.0,0.0,0.0,0.0,0.0,0.0,0.0,0.0,0.0,0.0,0.0,0.0,0.0,0.0,0.0,0.0,0.0,0.0,0.0,0.0,0.0,0.0,0.0,0.0
0.0,0.0,0.0,0.0,0.0,0.0,0.0,0.0,0.0,0.0,0.0,0.0,0.0,0.0,0.0,0.0,0.0,0.0,0.0,0.0,0.0,0.0,0.0,0.0,0.0,0.0,0.0,0.0,0.0,0.0,0.0,0.0,0.0,0.0,0.0,0.0,0.0
0.0,0.0,0.0,0.0,0.0,0.0,0.0,0.0,0.0,0.0,0.0,0.0,0.0,0.0,0.0,0.0,0.0,0.0,0.0,0.0,0.0,0.0,0.0,0.0,0.0,0.0,0.0,0.0,0.0,0.0,0.0,0.0,0.0,0.0,0.0,0.0,0.0
0.0,0.0,0.0,0.0,0.0,0.0,0.0,0.0,0.0,0.0,0.0,0.0,0.0,0.0,0.0,0.0,0.0,0.0,0.0,0.0,0.0,0.0,0.0,0.0,0.0,0.0,0.0,0.0,0.0,0.0,0.0,0.0,0.0,0.0,0.0,0.0,0.0
0.0,0.0,0.0,0.0,0.0,0.0,0.0,0.0,0.0,0.0,0.0,0.0,0.0,0.0,0.0,0.0,0.0,0.0,0.0,0.0,0.0,0.0,0.0,0.0,0.0,0.0,0.0,0.0,0.0,0.0,0.0,0.0,0.0,0.0,0.0,0.0,0.0
0.0,0.0,0.0,0.0,0.0,0.0,0.0,0.0,0.0,0.0,0.0,0.0,0.0,5.713515174575134,0.0,0.0209903260692944,0.0,0.0,0.0,0.0,0.0,21.266224479675124,0.0,0.0,0.0,0.0,0.0,0.0,0.0,0.0,0.0,0.0,0.0,0.0,0.0,0.0,0.0
0.0,0.0,0.0,0.0,0.0,0.0,0.0,0.0,0.0,0.0,0.0,0.0,0.0,3.8729586172848096,0.0,0.0061870543286201,0.0,0.0,0.0,0.0,0.0,18.07533254623412,0.0,0.0,0.0,0.0,0.0,0.0,0.0,0.5316868543624627,0.0,0.0,0.0,0.0,0.0,0.0,0.0
0.0,0.0,0.0,0.0,0.0,0.0,0.0,0.0,0.0,0.0,1.6362789589909874,0.0,0.0,0.0,0.0,0.0,30.61596611738198,0.0,0.0,0.0,0.0,0.8949092864989543,0.0,0.0,0.0,0.0,0.0,0.0,0.0,0.5670318931341011,0.0,1.1119965165853225,0.0,0.0,0.0,0.0,0.0
0.0,0.0,0.0,0.0,0.0,1.0276788785122182,0.0,0.0,0.0,0.0,9.82349581154986,0.0,0.0,7.510073706507593,0.0,0.0682961093261837,13.841329216956916,0.0,0.0,0.0,0.0,197.79980430603024,0.0,0.0,0.0,0.0,0.0,0.0,0.0,0.5694393858313512,0.0,4.711844325065601,2.8376982966437723,0.0,0.0,0.0,0.0
0.0,0.0,0.0,0.0,0.0,11.288777773268494,0.0,0.0,0.0,0.0,50.491011046990565,0.0,0.0,41.19514856487509,0.0,0.4325475506484496,30.06635779142363,0.0,0.0,0.0,0.0,805.8229156494141,0.0,0.0,0.0,0.0,0.0,0.0,0.0,1.3204745985567206,0.0,37.57864718884225,12.991157069802256,0.0,0.0,0.0,0.0
0.0,0.0,0.0,0.0,0.0,70.55766859650612,0.0,0.0,0.0,0.0,202.3029377378523,0.0,0.0,134.206564463675,0.0,0.0,121.09946547746644,0.0,0.0,0.0,0.0,1892.2576599121091,0.0,0.0,0.0,0.0,0.0,0.0,1503.0304656028748,6.404103375226256,0.0,158.49479579925534,50.217561647295945,0.0,0.0,0.0,0.0
0.0,0.0,0.0,0.0,0.0,208.6033677905798,0.0,0.0,0.0,0.0,560.5715663805602,0.0,0.0,349.8554996401071,0.0,0.0,310.1641167521476,0.0,0.0,0.0,0.0,2700.8767639160155,0.0,0.0,0.0,0.0,0.0,0.0,0.0,15.601981943845717,0.0,333.87946248054504,127.13602653145789,0.0,0.0,0.0,0.0
0.0,0.0,0.0,0.0,0.0,305.0365851819515,0.0,0.0,0.0,0.0,1169.319213181734,0.0,0.0,670.721786096692,0.0,0.0,588.4649236917495,0.0,0.0,0.0,0.0,3265.145672607422,0.0,0.0,0.0,0.0,0.0,0.0,2635.4,27.16103972792622,0.0,420.4227466583252,182.50610506534576,0.0,0.0,0.0,0.0
0.0,0.0,0.0,0.0,0.0,332.7248176038265,0.0,0.0,0.0,0.0,1476.9662725925446,0.0,0.0,830.0299182534218,0.0,0.0,923.6941340684892,0.0,0.0,0.0,0.0,3468.148947143555,0.0,0.0,0.0,0.0,0.0,0.0,2635.4,136.30965915322304,0.0,427.9853079319,204.6112968921661,0.0,0.0,0.0,0.0
0.0,0.0,0.0,0.0,0.0,347.1933125257492,0.0,0.0,0.0,0.0,1640.7921375215053,0.0,0.0,947.950726300478,0.0,0.0,1160.5479892253877,0.0,0.0,0.0,0.0,3531.857769775391,0.0,0.0,0.0,0.0,0.0,0.0,2635.4,224.39230744242667,0.0,424.018194437027,211.47548055648804,0.0,0.0,0.0,0.0
0.0,0.0,0.0,0.0,0.0,346.9176235496998,0.0,0.0,0.0,0.0,1705.8677005887032,0.0,0.0,984.3764479458332,0.0,0.0,1285.1161524772644,0.0,0.0,0.0,0.0,3444.206024169922,0.0,0.0,0.0,0.0,0.0,0.0,0.0,255.4365918874741,0.0,414.9478358030319,0.0,0.0,0.0,0.0,0.0
0.0,0.0,0.0,0.0,0.0,0.0,0.0,0.0,0.0,0.0,0.0,0.0,0.0,0.0,0.0,0.0,1294.6462922096252,0.0,0.0,0.0,0.0,0.0,0.0,0.0,0.0,0.0,0.0,0.0,0.0,0.0,0.0,0.0,0.0,0.0,0.0,0.0,0.0
0.0,0.0,0.0,0.0,0.0,0.0,0.0,0.0,0.0,0.0,0.0,0.0,0.0,0.0,0.0,0.0,0.0,0.0,0.0,0.0,0.0,2735.0225830078125,0.0,0.0,0.0,0.0,0.0,0.0,0.0,0.0,0.0,0.0,0.0,0.0,0.0,0.0,0.0
0.0,0.0,0.0,0.0,0.0,0.0,0.0,0.0,0.0,0.0,0.0,0.0,0.0,0.0,0.0,0.0,0.0,0.0,0.0,0.0,0.0,0.0,0.0,0.0,0.0,0.0,0.0,0.0,0.0,0.0,0.0,0.0,0.0,0.0,0.0,0.0,0.0
0.0,0.0,0.0,0.0,0.0,0.0,0.0,0.0,0.0,0.0,0.0,0.0,0.0,0.0,0.0,0.0,0.0,0.0,0.0,0.0,0.0,0.0,0.0,0.0,0.0,0.0,0.0,0.0,0.0,0.0,0.0,0.0,0.0,0.0,0.0,0.0,0.0
0.0,0.0,0.0,0.0,0.0,0.0,0.0,0.0,0.0,0.0,0.0,0.0,0.0,0.0,0.0,0.0,0.0,0.0,0.0,0.0,0.0,0.0,0.0,0.0,0.0,0.0,0.0,0.0,0.0,0.0,0.0,0.0,0.0,0.0,0.0,0.0,0.0
0.0,0.0,0.0,0.0,0.0,0.0,0.0,0.0,0.0,0.0,0.0,0.0,0.0,0.0,0.0,0.0,0.0,0.0,0.0,0.0,0.0,0.0,0.0,0.0,0.0,0.0,0.0,0.0,0.0,0.0,0.0,0.0,0.0,0.0,0.0,0.0,0.0
0.0,0.0,0.0,0.0,0.0,0.0,0.0,0.0,0.0,0.0,0.0,0.0,0.0,0.0,0.0,0.0,0.0,0.0,0.0,0.0,0.0,0.0,0.0,0.0,0.0,0.0,0.0,0.0,0.0,0.0,0.0,0.0,0.0,0.0,0.0,0.0,0.0
0.0,0.0,0.0,0.0,0.0,0.0,0.0,0.0,0.0,0.0,0.0,0.0,0.0,0.0,0.0,0.0,0.0,0.0,0.0,0.0,0.0,0.0,0.0,0.0,0.0,0.0,0.0,0.0,0.0,0.0,0.0,0.0,0.0,0.0,0.0,0.0,0.0
0.0,0.0,0.0,0.0,0.0,0.0,0.0,0.0,0.0,0.0,0.0,0.0,0.0,0.0,0.0,0.0,0.0,0.0,0.0,0.0,0.0,0.0,0.0,0.0,0.0,0.0,0.0,0.0,0.0,0.0,0.0,0.0,0.0,0.0,0.0,0.0,0.0
0.0,0.0,0.0,0.0,0.0,0.0,0.0,0.0,0.0,0.0,0.0,0.0,0.0,0.0,0.0,0.0,0.0,0.0,0.0,0.0,0.0,0.0,0.0,0.0,0.0,0.0,0.0,0.0,0.0,0.0,0.0,0.0,0.0,0.0,0.0,0.0,0.0
0.0,0.0,0.0,0.0,0.0,0.0,0.0,0.0,0.0,0.0,0.0,0.0,0.0,0.0,0.0,0.0,0.0,0.0,0.0,0.0,0.0,0.0,0.0,0.0,0.0,0.0,0.0,0.0,0.0,0.0,0.0,0.0,0.0,0.0,0.0,0.0,0.0
0.0,0.0,0.0,0.0,0.0,0.0,0.0,0.0,0.0,0.0,0.0,0.0,0.0,0.0,0.0,0.0,0.0,0.0,0.0,0.0,0.0,0.0,0.0,0.0,0.0,0.0,0.0,0.0,0.0,0.0,0.0,0.0,0.0,0.0,0.0,0.0,0.0
0.0,0.0,0.0,0.0,0.0,0.0,0.0,0.0,0.0,0.0,0.0,0.0,0.0,0.0,0.0,0.0,0.0,0.0,0.0,0.0,0.0,0.0,0.0,0.0,0.0,0.0,0.0,0.0,0.0,0.0,0.0,0.0,0.0,0.0,0.0,0.0,0.0
0.0,0.0,0.0,0.0328314080834348,0.0,0.0,0.0,0.0,0.0,0.0,0.0,0.0,0.0,0.0,0.0,0.0,0.0,0.0,0.0,0.0,0.0,34.65452098846405,0.0,0.0,0.0,0.0,0.0,0.0,0.0,0.0,0.0,0.0,0.0,0.0,0.0,0.0,0.0
0.0,0.0,0.0,0.0,1.3983895704148204,0.0,0.0,0.0,0.0,0.0,0.0,0.0,0.0,0.0,0.0,0.0,0.0,0.0,0.0,0.0,0.0,29.438149452209448,0.0,0.0,0.0,0.0,0.0,0.0,0.0,0.0,0.0,0.0,0.0,0.0,0.0,0.0,0.0
0.0,0.0,0.0,0.0,2.184633169323192,0.0,0.0,0.0,0.0,0.0,1.6618133699519222,0.0,0.0,0.0,0.0,0.0,28.01776752471905,0.0,0.0,0.0,0.0,0.0,0.0,0.0,0.0,0.6759137626737047,0.5977218637242879,0.0,0.0,0.626949758827683,0.0,0.0,0.0,0.0,0.0,0.0,0.0
0.0,0.0,0.0,0.0636349171400048,33.46234674006694,0.5823859758674785,0.0,0.0,0.0,0.0,11.158779160305803,0.0,0.0,34.74561675917349,0.0,0.0100461011752478,12.692103600501968,0.0,0.0,0.0,0.0,88.04362277984595,0.0,0.0,0.0,17.6740648940205,2.4735842365771443,0.0,15.608539503812588,0.528702383488378,0.0,4.040034681558564,3.000661566853505,0.0,0.0,0.0,0.0
0.0,0.0,0.0,1.9810254573821997,182.08330568671212,7.930622272193394,0.0,0.0,0.0,0.0,55.45278997570273,0.0,0.0,136.6138573549687,0.0,0.1820297408848997,28.33056869506818,0.0,0.0,0.0,0.0,468.3340492248531,0.0,0.0,0.0,123.24978935718534,8.656186799705027,0.0,169.4360563471911,1.1344943232834224,0.0,36.11679448187346,14.859308186918494,0.0,0.0,0.0,0.0
0.0,0.0,0.0,7.347872242331499,497.7073585391044,53.220650371164055,0.0,0.0,0.0,0.0,217.2946587204933,0.0,0.0,388.417754471302,0.0,0.0,118.25324448347088,0.0,0.0,0.0,0.0,1325.847134399414,0.0,0.0,0.0,461.7176801204681,22.94781888127327,0.0,975.0585849642752,5.801471635699249,0.0,156.32043653726578,56.17310684919356,0.0,0.0,0.0,0.0
0.0,0.0,0.0,17.843613803386685,1028.3267518281937,191.039938762784,0.0,0.0,0.0,0.0,595.371226298809,0.0,0.0,776.5805798768997,0.0,0.0,304.05499467849734,0.0,0.0,0.0,0.0,2214.1332977294924,0.0,0.0,0.0,734.7749376773834,45.52365671396255,0.0,1855.9445774793624,14.045296287164058,0.0,332.7496101856232,130.71700033545494,0.0,0.0,0.0,0.0
0.0,0.0,0.0,34.77211022377014,1493.5527555942535,294.10070955753326,0.0,0.0,0.0,0.0,1215.675633072853,0.0,0.0,1132.2382195293903,0.0,0.0,577.7306465387343,0.0,0.0,0.0,0.0,2823.04642944336,0.0,0.0,0.0,889.2502429485321,62.41808280944824,0.0,2358.831078135968,21.04020334929225,0.0,420.3612807989121,184.9454641342163,0.0,0.0,0.0,0.0
0.0,0.0,0.0,49.97871804237366,1772.5341215133667,325.68906673789024,0.0,0.0,0.0,0.0,1525.0225341141224,0.0,0.0,1258.9765687286854,0.0,0.0,914.0340077996252,0.0,0.0,0.0,0.0,3079.0607635498045,0.0,0.0,0.0,903.2,70.88224958181381,0.0,2529.863461494446,126.10183154046535,0.0,429.2502559423447,204.399753510952,0.0,0.0,0.0,0.0
0.0,0.0,0.0,60.606608867645264,1915.037199497223,343.32208999991417,0.0,0.0,0.0,0.0,1687.658347159624,0.0,0.0,0.0,0.0,0.0,1152.166339683533,0.0,0.0,0.0,0.0,3170.2099853515624,0.0,0.0,0.0,903.2,73.95273212194442,0.0,2594.6507090806963,221.8137480378151,0.0,426.3926496505737,210.3815779089928,0.0,0.0,0.0,0.0
0.0,0.0,0.0,62.0,1927.0853922367091,346.0919405221939,0.0,0.0,0.0,0.0,1756.302980929613,0.0,0.0,0.0,0.0,0.0,1277.3050709009171,0.0,0.0,0.0,0.0,3108.829916381836,0.0,0.0,0.0,0.0,0.0,0.0,2572.381810808182,256.77016711235046,0.0,418.2645881175995,0.0,0.0,0.0,0.0,0.0
0.0,0.0,0.0,0.0,0.0,0.0,0.0,0.0,0.0,0.0,0.0,0.0,0.0,0.0,0.0,0.0,1286.7750282764434,0.0,0.0,0.0,0.0,0.0,0.0,0.0,0.0,0.0,0.0,0.0,2513.637825036049,0.0,0.0,0.0,0.0,0.0,0.0,0.0,0.0
0.0,0.0,0.0,0.0,0.0,0.0,0.0,0.0,0.0,0.0,0.0,0.0,0.0,0.0,0.0,0.0,1142.8851416349412,0.0,0.0,0.0,0.0,2441.767474365234,0.0,0.0,0.0,0.0,0.0,0.0,0.0,0.0,0.0,0.0,0.0,0.0,0.0,0.0,0.0
0.0,0.0,0.0,0.0,0.0,0.0,0.0,0.0,0.0,0.0,0.0,0.0,0.0,0.0,0.0,0.0,0.0,0.0,0.0,0.0,0.0,0.0,0.0,0.0,0.0,0.0,0.0,0.0,0.0,0.0,0.0,0.0,0.0,0.0,0.0,0.0,0.0
0.0,0.0,0.0,0.0,0.0,0.0,0.0,0.0,0.0,0.0,0.0,0.0,0.0,0.0,0.0,0.0,0.0,0.0,0.0,0.0,0.0,0.0,0.0,0.0,0.0,0.0,0.0,0.0,0.0,0.0,0.0,0.0,0.0,0.0,0.0,0.0,0.0
0.0,0.0,0.0,0.0,0.0,0.0,0.0,0.0,0.0,0.0,0.0,0.0,0.0,0.0,0.0,0.0,0.0,0.0,0.0,0.0,0.0,0.0,0.0,0.0,0.0,0.0,0.0,0.0,0.0,0.0,0.0,0.0,0.0,0.0,0.0,0.0,0.0
0.0,0.0,0.0,0.0,0.0,0.0,0.0,0.0,0.0,0.0,0.0,0.0,0.0,0.0,0.0,0.0,0.0,0.0,0.0,0.0,0.0,0.0,0.0,0.0,0.0,0.0,0.0,0.0,0.0,0.0,0.0,0.0,0.0,0.0,0.0,0.0,0.0
0.0,0.0,0.0,0.0,0.0,0.0,0.0,0.0,0.0,0.0,0.0,0.0,0.0,0.0,0.0,0.0,0.0,0.0,0.0,0.0,0.0,0.0,0.0,0.0,0.0,0.0,0.0,0.0,0.0,0.0,0.0,0.0,0.0,0.0,0.0,0.0,0.0
0.0,0.0,0.0,0.0,0.0,0.0,0.0,0.0,0.0,0.0,0.0,0.0,0.0,0.0,0.0,0.0,0.0,0.0,0.0,0.0,0.0,0.0,0.0,0.0,0.0,0.0,0.0,0.0,0.0,0.0,0.0,0.0,0.0,0.0,0.0,0.0,0.0
0.0,0.0,0.0,0.0,0.0,0.0,0.0,0.0,0.0,0.0,0.0,0.0,0.0,0.0,0.0,0.0,0.0,0.0,0.0,0.0,0.0,0.0,0.0,0.0,0.0,0.0,0.0,0.0,0.0,0.0,0.0,0.0,0.0,0.0,0.0,0.0,0.0
0.0,0.0,0.0,0.0,0.0,0.0,0.0,0.0,0.0,0.0,0.0,0.0,0.0,0.0,0.0,0.0,0.0,0.0,0.0,0.0,0.0,0.0,0.0,0.0,0.0,0.0,0.0,0.0,0.0,0.0,0.0,0.0,0.0,0.0,0.0,0.0,0.0
0.0,0.0,0.0,0.0,0.0,0.0,0.0,0.0,0.0,0.0,0.0,0.0,0.0,0.0,0.0,0.0,0.0,0.0,0.0,0.0,0.0,0.0,0.0,0.0,0.0,0.0,0.0,0.0,0.0,0.0,0.0,0.0,0.0,0.0,0.0,0.0,0.0
0.0,0.0,0.0,0.0,0.0,0.0,0.0,0.0,0.0,0.0,0.0,0.0,0.0,0.0,0.0,0.0,0.0,0.0,0.0,0.0,0.0,0.0,0.0,0.0,0.0,0.0,0.0,0.0,0.0,0.0,0.0,0.0,0.0,0.0,0.0,0.0,0.0
0.0,0.0,0.0,0.0,0.0,0.0,0.0,0.0,0.0,0.0,0.0,0.0,0.0,2.9100977955385083,0.0,0.0,0.0,0.0,0.0,0.0,0.0,0.0,0.0,0.0,0.0,0.0,0.0,0.0,0.2076625108718872,0.0,0.0,0.0,0.0,0.0,0.0,0.0,0.0
0.0,0.0,0.0,0.0,0.0,0.0,0.0,0.0,0.0,0.0,0.0,0.0,0.0,3.745209565386045,0.0,0.0159938326105467,0.0,0.0,0.0,0.0,0.0,0.0,0.0,0.0,0.0,0.0,0.0,0.0,0.0278427988290786,0.0,0.0,0.0,0.191530544310806,0.0,0.0,0.0,0.0
0.0,0.0,0.0,0.030600834637876,0.0,0.0,0.4648715324699597,0.0,0.0,0.0,1.9762468612752528,0.0,0.0,3.020701729692416,0.0746173985302418,0.0,0.0,0.0,0.0,0.0,0.0,28.12848014831511,0.0,0.0,0.0,0.0,0.2194388650357644,0.0,0.0,0.0,0.0,1.1851957887410858,0.0,0.0,0.0,0.0,0.0
0.0,0.0,0.0,0.0308564584702196,2.8993115760384778,0.0,7.836290883272778,0.0,0.0,0.0,1.7130538339724952,0.0,0.0,2.131326487287861,0.0676459215581385,0.0,22.960978698730315,0.0,0.0,0.0,0.0,0.0,0.0,0.0,0.0,0.0,0.0,0.0,0.0,0.6908039629459216,0.0,1.3123122453689209,0.0,0.0,0.0,0.0,0.0
0.0,0.0,0.0,0.0711964629590492,8.503111474215961,0.5521002584136798,24.022258256562036,0.0,0.0,0.0,4.395619585597872,0.0,0.0,12.67431917134667,0.1511354908347125,0.0254854364320634,8.690589725971153,0.0,0.0,0.0,0.0,25.24120178222621,0.0,0.0,0.0,0.0,0.1725613262504314,0.0,26.265086044370964,0.5564500547945284,0.0,3.7418283820151697,1.071533786132928,0.0,0.0,0.0,0.0
0.0,0.0,0.0,0.7446272000670432,26.459512859582727,2.705923294648509,78.97992127276952,0.0,0.0,0.0,34.59516425058235,0.0,0.0,52.72242635488503,1.3177346751093844,0.1364363627508271,17.203635370731323,0.0,0.0,0.0,0.0,168.38601455688436,0.0,0.0,0.0,9.137541466951292,1.5585134983062736,0.0,220.45884915292248,1.0138180196284947,0.0,24.832061432301977,3.7079819142818304,0.0,0.0,0.0,0.0
0.0,0.0,0.0,3.4180690795183155,87.98023521900161,20.01132970303297,220.7398709252477,0.0,0.0,0.0,165.69812846407282,0.0,0.0,175.86253145709634,4.681521740555762,0.3219240996986625,86.51385394334783,0.0,0.0,0.0,0.0,484.1094947814941,0.0,0.0,0.0,36.28700734376904,4.442418733239165,0.0,792.2375841438769,4.108690885454416,0.0,114.27847045660016,12.883946768939476,0.0,0.0,0.0,0.0
0.0,0.0,0.0,8.8120564520359,193.9786998927593,108.4500192180276,419.6356870472431,0.0,0.0,0.0,530.5066177278756,0.0,0.0,448.5140040516853,11.374389642477036,0.5076113753020751,252.03212746381743,0.0,0.0,0.0,0.0,935.7385253906248,0.0,0.0,0.0,73.27686315178862,9.505913594365111,0.0,1424.6394385695455,10.35872790776192,0.0,293.0024592280388,46.63084650039673,0.0,0.0,0.0,0.0
0.0,0.0,0.0,17.590350925922394,346.0706110596656,216.0115875303745,668.5549621224403,0.0,0.0,0.0,1120.7089502990243,0.0,0.0,782.8387242555618,18.469860470294957,0.574351213872432,494.1420105934143,0.0,0.0,0.0,0.0,1437.6058532714844,0.0,0.0,0.0,119.37259876728058,18.006422737240786,0.0,1912.3560514330863,13.001280635595313,0.0,394.3131045103073,108.48012873530386,0.0,0.0,0.0,0.0
0.0,0.0,0.0,30.44313985109329,545.9588084220886,249.02496317029,814.8917470514774,0.0,0.0,0.0,1426.411648017168,0.0,0.0,937.8499814867972,22.756361138820647,0.99568435549736,861.3477863788605,0.0,0.0,0.0,0.0,1605.0805603027345,0.0,0.0,0.0,198.43272478580477,28.583195388317105,0.0,2067.552204811573,120.1286371409893,0.0,419.5926525592804,138.0954336822033,0.0,0.0,0.0,0.0
0.0,0.0,0.0,41.34858953952789,754.3053789138794,274.8884693682194,938.384219700098,0.0,0.0,0.0,1610.1308406472206,0.0,0.0,1022.3599682748318,24.75901452898979,1.2008399739861486,1120.06315844059,0.0,0.0,0.0,0.0,1724.1566284179687,0.0,0.0,0.0,271.5720060825348,36.27293135523795,0.0,2144.1157389163973,218.9089880168438,0.0,428.784615278244,156.1825674176216,0.0,0.0,0.0,0.0
0.0,0.0,0.0,47.5357528924942,921.9452345371246,286.5370272099972,1043.4138387441635,0.0,0.0,0.0,1672.6826800107956,0.0,0.0,1023.9139430224895,25.248690569400782,1.2144966945052136,1256.648304271698,0.0,0.0,0.0,0.0,1797.5998260498045,0.0,0.0,0.0,366.4530562162399,40.22115325927734,0.0,2140.757009863853,252.82930658459665,0.0,419.5836461782456,0.0,0.0,0.0,0.0,0.0
0.0,0.0,0.0,0.0,0.0,0.0,0.0,0.0,0.0,0.0,0.0,0.0,0.0,1006.6367629170418,0.0,1.2976270094513882,0.0,0.0,0.0,0.0,0.0,0.0,0.0,0.0,0.0,0.0,0.0,0.0,0.0,0.0,0.0,0.0,0.0,0.0,0.0,0.0,0.0
0.0,0.0,0.0,0.0,0.0,0.0,0.0,0.0,0.0,0.0,0.0,0.0,0.0,0.0,0.0,0.7077978141605852,0.0,0.0,0.0,0.0,0.0,0.0,0.0,0.0,0.0,0.0,0.0,0.0,0.0,0.0,0.0,0.0,0.0,0.0,0.0,0.0,0.0
0.0,0.0,0.0,0.0,0.0,0.0,0.0,0.0,0.0,0.0,0.0,0.0,0.0,0.0,0.0,0.0,0.0,0.0,0.0,0.0,0.0,0.0,0.0,0.0,0.0,0.0,0.0,0.0,0.0,0.0,0.0,0.0,0.0,0.0,0.0,0.0,0.0
0.0,0.0,0.0,0.0,0.0,0.0,0.0,0.0,0.0,0.0,0.0,0.0,0.0,0.0,0.0,0.0,0.0,0.0,0.0,0.0,0.0,0.0,0.0,0.0,0.0,0.0,0.0,0.0,0.0,0.0,0.0,0.0,0.0,0.0,0.0,0.0,0.0
0.0,0.0,0.0,0.0,0.0,0.0,0.0,0.0,0.0,0.0,0.0,0.0,0.0,0.0,0.0,0.0,0.0,0.0,0.0,0.0,0.0,0.0,0.0,0.0,0.0,0.0,0.0,0.0,0.0,0.0,0.0,0.0,0.0,0.0,0.0,0.0,0.0
0.0,0.0,0.0,0.0,0.0,0.0,0.0,0.0,0.0,0.0,0.0,0.0,0.0,0.0,0.0,0.0,0.0,0.0,0.0,0.0,0.0,0.0,0.0,0.0,0.0,0.0,0.0,0.0,0.0,0.0,0.0,0.0,0.0,0.0,0.0,0.0,0.0
0.0,0.0,0.0,0.0,0.0,0.0,0.0,0.0,0.0,0.0,0.0,0.0,0.0,0.0,0.0,0.0,0.0,0.0,0.0,0.0,0.0,0.0,0.0,0.0,0.0,0.0,0.0,0.0,0.0,0.0,0.0,0.0,0.0,0.0,0.0,0.0,0.0
0.0,0.0,0.0,0.0,0.0,0.0,0.0,0.0,0.0,0.0,0.0,0.0,0.0,0.0,0.0,0.0,0.0,0.0,0.0,0.0,0.0,0.0,0.0,0.0,0.0,0.0,0.0,0.0,0.0,0.0,0.0,0.0,0.0,0.0,0.0,0.0,0.0
0.0,0.0,0.0,0.0,0.0,0.0,0.0,0.0,0.0,0.0,0.0,0.0,0.0,0.0,0.0,0.0,0.0,0.0,0.0,0.0,0.0,0.0,0.0,0.0,0.0,0.0,0.0,0.0,0.0,0.0,0.0,0.0,0.0,0.0,0.0,0.0,0.0
0.0,0.0,0.0,0.0,0.0,0.0,0.0,0.0,0.0,0.0,0.0,0.0,0.0,0.0,0.0,0.0,0.0,0.0,0.0,0.0,0.0,0.0,0.0,0.0,0.0,0.0,0.0,0.0,0.0,0.0,0.0,0.0,0.0,0.0,0.0,0.0,0.0
0.0,0.0,0.0,0.0,0.0,0.0,0.0,0.0,0.0,0.0,0.0,0.0,0.0,0.0,0.0,0.0,0.0,0.0,0.0,0.0,0.0,0.0,0.0,0.0,0.0,0.0,0.0,0.0,0.0,0.0,0.0,0.0,0.0,0.0,0.0,0.0,0.0
0.0,0.0,0.0,0.0,0.0,0.0,0.0,0.0,0.0,0.0,0.0,0.0,0.0,0.0,0.0,0.0,0.0,0.0,0.0,0.0,0.0,0.0,0.0,0.0,0.0,0.0,0.0,0.0,0.0,0.0,0.0,0.0,0.0,0.0,0.0,0.0,0.0
0.0,0.0,0.0,0.0,0.0,0.0,0.0,0.0,0.0,0.0,0.0,0.0,0.0,0.0,0.0,0.0,0.0,0.0,0.0,0.0,0.0,0.0,0.0,0.0,0.0,0.0,0.0,0.0,0.0,0.0,0.0,0.0,0.0,0.0,0.0,0.0,0.0
0.0,0.0,0.0,0.0360292755067336,0.0,0.1850750874727688,0.0,0.0,0.0,0.0,1.7097290629520967,0.0,0.0,7.910796022042563,0.0,0.0,0.0,0.0,0.0,0.0,0.0,0.0,0.0,0.0,0.0,0.0,0.0,0.0,0.0,0.4128293499350542,0.0,0.0,0.0,0.0,0.0,0.0,0.0
0.0,0.0,0.0,0.0,0.0,0.1502459510229112,0.0,0.0,0.0,0.0,1.7732154490424326,0.0,0.0,11.40961351571604,0.0,0.0,0.0,0.0,0.0,0.0,0.0,0.0,0.0,0.0,0.0,0.0,0.0,0.0,0.0,0.4913481719791763,0.0,1.1377597898244396,0.0,0.0,0.0,0.0,0.0
0.0,0.0,0.0,0.0283614844083766,0.0,0.0,0.0,0.0,0.0,0.0,1.619040582794507,0.0,0.0,6.475801449269028,0.0,0.0,0.0,0.0,0.0,0.0,0.0,0.0,0.0,0.0,0.0,0.0,0.0,0.0,0.0,0.6025702342390957,0.0,1.3051223903893867,0.0,0.0,0.0,0.0,0.0
0.0,0.0,0.0,0.0581666342914104,0.0,0.7354787369258341,0.0,0.0,0.0,0.0,2.468955040909276,0.0,0.0,33.60716785304245,0.0,0.0,0.0,0.0,0.0,0.0,0.0,0.0,0.0,0.0,0.0,3.413695312850119,0.3209490351378833,0.0,0.0,0.4932343341409959,0.0,3.155319213867157,0.0,0.0,0.0,0.0,0.0
0.0,0.0,0.0,1.5651320070028298,0.0,7.689292122609873,0.0,0.0,0.0,0.0,23.79330106051631,0.0,0.0,116.21534397825586,0.0,0.0,0.0,0.0,0.0,0.0,0.0,0.0,0.0,0.0,0.0,83.4169857025146,1.7796592958271489,0.0,0.0,0.8998838670551609,0.0,18.77139268815512,0.0,0.0,0.0,0.0,0.0
0.0,0.0,0.0,5.949365168809886,0.0,51.37942379340527,0.0,0.0,0.0,0.0,130.90420690141602,0.0,0.0,344.29563328623766,0.0,0.0,0.0,0.0,0.0,0.0,0.0,0.0,0.0,0.0,0.0,352.08080275058745,6.186439137160774,0.0,0.0,3.499914474785326,0.0,98.58580237627028,0.0,0.0,0.0,0.0,0.0
0.0,0.0,0.0,14.60552561283111,0.0,178.8410275876522,0.0,0.0,0.0,0.0,436.4052484631538,0.0,0.0,696.6490735858679,0.0,0.0,0.0,0.0,0.0,0.0,0.0,0.0,0.0,0.0,0.0,693.2652571678161,15.89428657591343,0.0,0.0,8.3265038669109,0.0,276.1845496892929,0.0,0.0,0.0,0.0,0.0
0.0,0.0,0.0,29.032762408256527,0.0,282.1503815352917,1306.305620533228,0.0,0.0,0.0,1020.8465771615504,0.0,0.0,1041.6214980185032,23.75679554343224,0.0,0.0,0.0,0.0,0.0,0.0,0.0,0.0,0.0,0.0,854.0384938240052,34.27650370597839,0.0,0.0,10.224346175789806,0.0,392.5661895275116,0.0,0.0,0.0,0.0,0.0
0.0,0.0,0.0,43.88104462623596,0.0,313.676676094532,1477.6493410468102,0.0,0.0,0.0,1361.2665126860145,0.0,0.0,1155.064112842083,27.55431475639343,0.0,0.0,0.0,0.0,0.0,0.0,0.0,0.0,0.0,0.0,879.749026441574,47.04873101711272,0.0,0.0,106.57594109773636,0.0,418.0717941522598,0.0,0.0,0.0,0.0,0.0
0.0,0.0,0.0,54.22777163982392,0.0,331.63840237259865,1521.1,0.0,0.0,0.0,1546.1409032583238,0.0,0.0,1203.5886768996716,28.95519196987152,0.0,0.0,0.0,0.0,0.0,0.0,0.0,0.0,0.0,0.0,864.8881134510041,53.77480884790421,0.0,0.0,209.944844186306,0.0,423.2957463264465,0.0,0.0,0.0,0.0,0.0
0.0,0.0,0.0,0.0,0.0,334.3893573284149,0.0,0.0,0.0,0.0,1588.5931392610073,0.0,0.0,1183.9639642834663,28.482200610637666,0.0,0.0,0.0,0.0,0.0,0.0,0.0,0.0,0.0,0.0,0.0,0.0,0.0,0.0,244.98760496973992,0.0,418.5313707590103,0.0,0.0,0.0,0.0,0.0
0.0,0.0,0.0,0.0,0.0,322.83437246084213,0.0,0.0,0.0,0.0,1506.2218842506409,0.0,0.0,0.0,0.0,0.0,0.0,0.0,0.0,0.0,0.0,0.0,0.0,0.0,0.0,0.0,0.0,0.0,0.0,0.0,0.0,0.0,0.0,0.0,0.0,0.0,0.0
0.0,0.0,0.0,0.0,0.0,0.0,0.0,0.0,0.0,0.0,0.0,0.0,0.0,0.0,0.0,0.0,0.0,0.0,0.0,0.0,0.0,0.0,0.0,0.0,0.0,0.0,0.0,0.0,0.0,234.76666794419287,0.0,0.0,0.0,0.0,0.0,0.0,0.0
0.0,0.0,0.0,0.0,0.0,0.0,0.0,0.0,0.0,0.0,0.0,0.0,0.0,0.0,0.0,0.0,0.0,0.0,0.0,0.0,0.0,0.0,0.0,0.0,0.0,0.0,0.0,0.0,0.0,0.0,0.0,0.0,0.0,0.0,0.0,0.0,0.0
0.0,0.0,0.0,0.0,0.0,0.0,0.0,0.0,0.0,0.0,0.0,0.0,0.0,0.0,0.0,0.0,0.0,0.0,0.0,0.0,0.0,0.0,0.0,0.0,0.0,0.0,0.0,0.0,0.0,0.0,0.0,0.0,0.0,0.0,0.0,0.0,0.0
0.0,0.0,0.0,0.0,0.0,0.0,0.0,0.0,0.0,0.0,0.0,0.0,0.0,0.0,0.0,0.0,0.0,0.0,0.0,0.0,0.0,0.0,0.0,0.0,0.0,0.0,0.0,0.0,0.0,0.0,0.0,0.0,0.0,0.0,0.0,0.0,0.0
0.0,0.0,0.0,0.0,0.0,0.0,0.0,0.0,0.0,0.0,0.0,0.0,0.0,0.0,0.0,0.0,0.0,0.0,0.0,0.0,0.0,0.0,0.0,0.0,0.0,0.0,0.0,0.0,0.0,0.0,0.0,0.0,0.0,0.0,0.0,0.0,0.0
0.0,0.0,0.0,0.0,0.0,0.0,0.0,0.0,0.0,0.0,0.0,0.0,0.0,0.0,0.0,0.0,0.0,0.0,0.0,0.0,0.0,0.0,0.0,0.0,0.0,0.0,0.0,0.0,0.0,0.0,0.0,0.0,0.0,0.0,0.0,0.0,0.0
0.0,0.0,0.0,0.0,0.0,0.0,0.0,0.0,0.0,0.0,0.0,0.0,0.0,0.0,0.0,0.0,0.0,0.0,0.0,0.0,0.0,0.0,0.0,0.0,0.0,0.0,0.0,0.0,0.0,0.0,0.0,0.0,0.0,0.0,0.0,0.0,0.0
0.0,0.0,0.0,0.0,0.0,0.0,0.0,0.0,0.0,0.0,0.0,0.0,0.0,0.0,0.0,0.0,0.0,0.0,0.0,0.0,0.0,0.0,0.0,0.0,0.0,0.0,0.0,0.0,0.0,0.0,0.0,0.0,0.0,0.0,0.0,0.0,0.0
0.0,0.0,0.0,0.0,0.0,0.0,0.0,0.0,0.0,0.0,0.0,0.0,0.0,0.0,0.0,0.0,0.0,0.0,0.0,0.0,0.0,0.0,0.0,0.0,0.0,0.0,0.0,0.0,0.0,0.0,0.0,0.0,0.0,0.0,0.0,0.0,0.0
0.0,0.0,0.0,0.0,0.0,0.0,0.0,0.0,0.0,0.0,0.0,0.0,0.0,0.0,0.0,0.0,0.0,0.0,0.0,0.0,0.0,0.0,0.0,0.0,0.0,0.0,0.0,0.0,0.0,0.0,0.0,0.0,0.0,0.0,0.0,0.0,0.0
0.0,0.0,0.0,0.0,0.0,0.0,0.0,0.0,0.0,0.0,0.0,0.0,0.0,0.0,0.0,0.0,0.0,0.0,0.0,0.0,0.0,0.0,0.0,0.0,0.0,0.0,0.0,0.0,0.0,0.0,0.0,0.0,0.0,0.0,0.0,0.0,0.0
0.0,0.0,0.0,0.0,0.0,0.0,0.0,0.0,0.0,0.0,0.0,0.0,0.0,0.0,0.0,0.0,0.0,0.0,0.0,0.0,0.0,0.0,0.0,0.0,0.0,0.0,0.0,0.0,0.0,0.0,0.0,0.0,0.0,0.0,0.0,0.0,0.0
0.0,0.0,0.0,0.0,0.0,0.0,0.0,0.0,0.0,0.0,0.0,0.0,0.0,3.806514884345134,0.0,0.0,0.0,0.0,0.0,0.0,0.0,0.0,0.0,0.0,0.0,0.0,0.0,0.0,0.0,0.3508642368018297,0.0,0.0,0.0,0.0,0.0,0.0,0.0
0.0,0.0,0.0,0.0,0.0,0.0,0.0,0.0,0.0,0.0,0.0,0.0,0.0,2.288079410791333,0.0,0.0,0.0,0.0,0.0,0.0,0.0,0.0,0.0,0.0,0.0,0.0,0.0,0.0,0.0,0.0,0.0,0.0,0.0,0.0,0.0,0.0,0.0
0.0,0.0,0.0,0.0270076077431426,2.007100649177982,0.0,0.0,0.0,0.0,0.0,1.6162074286490171,0.0,0.0,0.0997324613854289,0.0602301299571983,0.0,24.138640785217227,0.0,0.0,0.0,0.0,21.865116691589023,0.0,0.0,0.0,0.0,0.0,0.0,0.0,0.6567124605178644,0.0,1.0667448341845975,0.0,0.0,0.0,0.0,0.0
0.0,0.0,0.0,0.1173449661582684,6.846123550087108,0.6267385776154328,3.966571684554157,0.0,0.0,0.0,4.720593173196399,0.0,0.0,7.201669286005092,0.0794465415179701,0.0,10.019320559501534,0.0,0.0,0.0,0.0,68.44703526496882,0.0,0.0,0.0,0.0,1.6545610088854994,0.0,17.293735702335663,0.5306031897664062,0.0,3.008400380611412,0.0,0.0,0.0,0.0,0.0
0.0,0.0,0.0,0.3854367975145526,23.285321183502493,1.6119972420856168,18.07359070293601,0.0,0.0,0.0,27.19893458085124,0.0,0.0,40.617896406911306,0.3653218165039993,0.135857130400836,20.96515524387341,0.0,0.0,0.0,0.0,318.8133430480955,0.0,0.0,0.0,17.202534966170777,4.254191564023488,0.0,157.01458463445306,0.9253880597650784,0.0,16.250839442014637,0.0,0.0,0.0,0.0,0.0
0.0,0.0,0.0,1.4997218698263108,80.09089946746815,10.602598417550318,70.73180899582796,0.0,0.0,0.0,96.22200103551144,0.0,0.0,121.36867813765994,2.0363148652017085,0.4922549016773699,93.5800716042518,0.0,0.0,0.0,0.0,867.6519500732419,0.0,0.0,0.0,81.05347815155983,10.332103304564953,0.0,721.2660935759543,3.651123760640586,0.0,74.79608377814291,0.0,0.0,0.0,0.0,0.0
0.0,0.0,0.0,3.671965964138504,187.60664474964133,53.88129659369585,194.7220927685499,0.0,0.0,0.0,263.9978041268884,0.0,0.0,305.70636052638287,5.304189857840538,0.0,258.0734677791596,0.0,0.0,0.0,0.0,1707.9428100585935,0.0,0.0,0.0,204.6858924388885,20.20914118885993,0.0,1545.2897865653038,8.996456072852002,0.0,214.43351811170575,147.17657905817032,0.0,0.0,0.0,0.0
0.0,0.0,0.0,8.548303008079525,374.2045858502388,172.41682773828504,418.20377528965474,0.0,0.0,0.0,652.7269126266241,0.0,0.0,572.5988148152827,10.927212989330291,0.0,510.855882924795,0.0,0.0,0.0,0.0,2319.463363647461,0.0,0.0,0.0,417.72346444129937,36.4899759054184,0.0,2079.718526136875,10.628222113102645,0.0,358.9366139173508,196.92002803087237,0.0,0.0,0.0,0.0
0.0,0.0,0.0,15.019139409065248,729.9312696456909,215.6217134445905,600.1511770397424,0.0,0.0,0.0,909.7661850303411,0.0,0.0,746.8614046275616,16.231236523389814,0.0,903.6665243387222,0.0,0.0,0.0,0.0,2553.913775634765,0.0,0.0,0.0,534.0316452503205,47.52295534610748,0.0,2271.643925821781,124.3577875971794,0.0,396.3019000291824,215.15699553489685,0.0,0.0,0.0,0.0
0.0,0.0,0.0,22.42620551586151,1066.2898406982422,242.2790330350399,845.0701928555966,0.0,0.0,0.0,1142.139784348011,0.0,0.0,879.6233634650707,19.84334760904312,3.8645010888576503,1159.3706948518752,0.0,0.0,0.0,0.0,2694.5877166748046,0.0,0.0,0.0,592.3831482887268,53.90085114240647,0.0,0.0,225.0745123803616,0.0,414.6370618343353,0.0,0.0,0.0,0.0,0.0
0.0,0.0,0.0,28.44351315498352,0.0,253.79143634438515,0.0,0.0,0.0,0.0,0.0,0.0,0.0,903.9019882678986,22.094271147251128,0.0,1291.319470357895,0.0,0.0,0.0,0.0,0.0,0.0,0.0,0.0,0.0,0.0,0.0,0.0,0.0,0.0,0.0,0.0,0.0,0.0,0.0,0.0
0.0,0.0,0.0,0.0,0.0,0.0,0.0,0.0,0.0,0.0,0.0,0.0,0.0,0.0,0.0,0.0,0.0,0.0,0.0,0.0,0.0,0.0,0.0,0.0,0.0,0.0,0.0,0.0,0.0,0.0,0.0,0.0,0.0,0.0,0.0,0.0,0.0
0.0,0.0,0.0,0.0,0.0,0.0,0.0,0.0,0.0,0.0,0.0,0.0,0.0,0.0,0.0,0.0,0.0,0.0,0.0,0.0,0.0,0.0,0.0,0.0,0.0,0.0,0.0,0.0,0.0,240.15952187776568,0.0,0.0,0.0,0.0,0.0,0.0,0.0
0.0,0.0,0.0,0.0,0.0,0.0,0.0,0.0,0.0,0.0,0.0,0.0,0.0,0.0,0.0,0.0,0.0,0.0,0.0,0.0,0.0,0.0,0.0,0.0,0.0,0.0,0.0,0.0,0.0,0.0,0.0,0.0,0.0,0.0,0.0,0.0,0.0
0.0,0.0,0.0,0.0,0.0,0.0,0.0,0.0,0.0,0.0,0.0,0.0,0.0,0.0,0.0,0.0,0.0,0.0,0.0,0.0,0.0,0.0,0.0,0.0,0.0,0.0,0.0,0.0,0.0,0.0,0.0,0.0,0.0,0.0,0.0,0.0,0.0
0.0,0.0,0.0,0.0,0.0,0.0,0.0,0.0,0.0,0.0,0.0,0.0,0.0,0.0,0.0,0.0,0.0,0.0,0.0,0.0,0.0,0.0,0.0,0.0,0.0,0.0,0.0,0.0,0.0,0.0,0.0,0.0,0.0,0.0,0.0,0.0,0.0
0.0,0.0,0.0,0.0,0.0,0.0,0.0,0.0,0.0,0.0,0.0,0.0,0.0,0.0,0.0,0.0,0.0,0.0,0.0,0.0,0.0,0.0,0.0,0.0,0.0,0.0,0.0,0.0,0.0,0.0,0.0,0.0,0.0,0.0,0.0,0.0,0.0
0.0,0.0,0.0,0.0,0.0,0.0,0.0,0.0,0.0,0.0,0.0,0.0,0.0,0.0,0.0,0.0,0.0,0.0,0.0,0.0,0.0,0.0,0.0,0.0,0.0,0.0,0.0,0.0,0.0,0.0,0.0,0.0,0.0,0.0,0.0,0.0,0.0
0.0,0.0,0.0,0.0,0.0,0.0,0.0,0.0,0.0,0.0,0.0,0.0,0.0,0.0,0.0,0.0,0.0,0.0,0.0,0.0,0.0,0.0,0.0,0.0,0.0,0.0,0.0,0.0,0.0,0.0,0.0,0.0,0.0,0.0,0.0,0.0,0.0
0.0,0.0,0.0,0.0,0.0,0.0,0.0,0.0,0.0,0.0,0.0,0.0,0.0,0.0,0.0,0.0,0.0,0.0,0.0,0.0,0.0,0.0,0.0,0.0,0.0,0.0,0.0,0.0,0.0,0.0,0.0,0.0,0.0,0.0,0.0,0.0,0.0
0.0,0.0,0.0,0.0,0.0,0.0,0.0,0.0,0.0,0.0,0.0,0.0,0.0,0.0,0.0,0.0,0.0,0.0,0.0,0.0,0.0,0.0,0.0,0.0,0.0,0.0,0.0,0.0,0.0,0.0,0.0,0.0,0.0,0.0,0.0,0.0,0.0
0.0,0.0,0.0,0.0,0.0,0.0,0.0,0.0,0.0,0.0,0.0,0.0,0.0,0.0,0.0,0.0,0.0,0.0,0.0,0.0,0.0,0.0,0.0,0.0,0.0,0.0,0.0,0.0,0.0,0.0,0.0,0.0,0.0,0.0,0.0,0.0,0.0
0.0,0.0,0.0,0.0,0.0,0.0,0.0,0.0,0.0,0.0,0.0,0.0,0.0,0.0,0.0,0.0,0.0,0.0,0.0,0.0,0.0,0.0,0.0,0.0,0.0,0.0,0.0,0.0,0.0,0.0,0.0,0.0,0.0,0.0,0.0,0.0,0.0
0.0,0.0,0.0,0.0,0.0,0.0,0.0,0.0,0.0,0.0,0.0,0.0,0.0,0.0,0.0,0.0,0.0,0.0,0.0,0.0,0.0,0.0,0.0,0.0,0.0,0.0,0.0,0.0,0.0,0.0,0.0,0.0,0.0,0.0,0.0,0.0,0.0
0.0,0.0,0.0,0.0,0.0,0.2055591456591992,0.0,0.0,0.0,0.0,0.0,0.0,0.0,0.0,0.0436563313007328,0.0171171259135006,8.851586723327618,0.0,0.0,0.0,0.0,0.0,0.0,0.0,0.0,0.0,0.0,0.0,0.0,0.0,0.0,0.0,0.0,0.0,0.0,0.0,0.0
0.0,0.0,0.0,0.0394477173686024,0.0,0.142490202561003,0.0,0.0,0.0,0.0,1.9500534294171012,0.0,0.0,4.475322426296634,0.0158072970807531,0.0093220546841617,10.031700229644631,0.0,0.0,0.0,0.0,27.784473609924135,0.0,0.0,0.0,0.0,0.0,0.0,0.0,0.0,0.0,0.0,0.0,0.0,0.0,0.0,0.0
0.0,0.0,0.0,0.0,0.0,0.0,0.0,0.0,0.0,0.0,1.7040775879286174,0.0,0.0,1.893693334422864,0.0123492792248712,0.0,17.024497866630387,0.0,0.0,0.0,0.0,30.25338468551595,0.0,0.0,0.0,0.0,0.0,0.0,0.0,0.7104358650743875,0.0,1.1697844713926238,0.0,0.0,0.0,0.0,0.0
0.0,0.0,0.0,0.0688363164663254,0.0,0.4918315517715974,0.0,0.0,0.0,0.0,4.874870812799715,0.0,0.0,16.531068738549916,0.1654805246740553,0.0022556064650405,7.530026292800805,0.0,0.0,0.0,0.0,192.6126644134517,0.0,0.0,0.0,0.0,0.0,0.0,30.61647567152964,0.5676703765988074,0.0,3.582732096314423,2.8180677611380784,0.0,0.0,0.0,0.0
0.0,0.0,0.0,0.924213942140339,0.0,7.349169431254244,0.0,0.0,0.0,0.0,40.85623572282491,0.0,0.0,65.66074790433038,1.3928225398063658,0.1087179481983179,17.016530752181843,0.0,0.0,0.0,0.0,665.4853591918944,0.0,0.0,0.0,0.0,0.0,0.0,281.0072367876768,1.087580432742833,0.0,22.59966079890728,13.361595936119528,0.0,0.0,0.0,0.0
0.0,0.0,0.0,4.232952356338496,0.0,51.6694840453565,0.0,0.0,0.0,0.0,190.45322496443967,0.0,0.0,184.84932729974383,4.905321371555328,0.3182881399989122,75.09066653251637,0.0,0.0,0.0,0.0,1616.2764495849608,0.0,0.0,0.0,0.0,0.0,0.0,1186.438364738226,4.571401023864741,0.0,114.04617938399312,51.0377703309059,0.0,0.0,0.0,0.0
0.0,0.0,0.0,10.805556952953337,0.0,185.5286609083414,0.0,0.0,0.0,0.0,598.9883737415074,0.0,0.0,409.37196768820286,11.885510990023612,0.6047277264296996,222.316506564617,0.0,0.0,0.0,0.0,2379.351498413086,0.0,0.0,0.0,0.0,0.0,0.0,2025.989699959755,12.019897868856756,0.0,303.3595283031464,122.67798510193823,0.0,0.0,0.0,0.0
0.0,0.0,0.0,21.79581809043884,0.0,286.1463680267334,0.0,0.0,0.0,0.0,1237.1345401406288,0.0,0.0,692.7646829932927,0.0,0.7534749135375021,441.9053182840347,0.0,0.0,0.0,0.0,2883.903112792969,0.0,0.0,0.0,0.0,0.0,0.0,2486.374816167355,18.026097177341576,0.0,400.2775534391403,175.49948370456696,0.0,0.0,0.0,0.0
0.0,0.0,0.0,35.68765997886658,0.0,317.4168804883957,0.0,0.0,0.0,0.0,1598.1896362781524,0.0,0.0,843.4747861325741,0.0,1.3602679818868633,816.099724292755,0.0,0.0,0.0,0.0,3055.394879150391,0.0,0.0,0.0,0.0,0.0,0.0,2635.4,129.39778862297533,0.0,419.3610701560974,193.82380694150925,0.0,0.0,0.0,0.0
0.0,0.0,0.0,45.62308657169342,0.0,335.23811423778534,0.0,0.0,0.0,0.0,1807.8042222738263,0.0,0.0,951.0603146255016,0.0,1.6417125761508942,1064.8471330404282,0.0,0.0,0.0,0.0,3081.647543334961,0.0,0.0,0.0,0.0,0.0,0.0,0.0,225.7095984101296,0.0,427.1050508022308,200.21954941749573,0.0,0.0,0.0,0.0
0.0,0.0,0.0,50.331881046295166,0.0,338.68019449710846,0.0,0.0,0.0,0.0,1859.4973637223245,0.0,0.0,0.0,0.0,1.7816947847604752,1187.586659669876,0.0,0.0,0.0,0.0,2998.5422180175783,0.0,0.0,0.0,0.0,0.0,0.0,0.0,258.416868686676,0.0,417.594276547432,195.59067356586456,0.0,0.0,0.0,0.0
0.0,0.0,0.0,0.0,0.0,327.22886911034584,0.0,0.0,0.0,0.0,0.0,0.0,0.0,0.0,0.0,1.8179014921188357,1202.224210047722,0.0,0.0,0.0,0.0,2843.4894317626954,0.0,0.0,0.0,0.0,0.0,0.0,0.0,0.0,0.0,0.0,186.3996873497963,0.0,0.0,0.0,0.0
0.0,0.0,0.0,42.797505378723145,0.0,289.84186178445816,0.0,0.0,0.0,0.0,1562.7103584110737,0.0,0.0,0.0,23.100425416231158,0.0,1058.4475790023805,0.0,0.0,0.0,0.0,2216.0831604003906,0.0,0.0,0.0,0.0,0.0,0.0,0.0,0.0,0.0,335.77130484580994,0.0,0.0,0.0,0.0,0.0
0.0,0.0,0.0,0.0,0.0,0.0,0.0,0.0,0.0,0.0,0.0,0.0,0.0,0.0,0.0,0.0,0.0,0.0,0.0,0.0,0.0,0.0,0.0,0.0,0.0,0.0,0.0,0.0,0.0,0.0,0.0,0.0,0.0,0.0,0.0,0.0,0.0
0.0,0.0,0.0,0.0,0.0,0.0,0.0,0.0,0.0,0.0,0.0,0.0,0.0,0.0,0.0,0.0,0.0,0.0,0.0,0.0,0.0,0.0,0.0,0.0,0.0,0.0,0.0,0.0,0.0,0.0,0.0,0.0,0.0,0.0,0.0,0.0,0.0
0.0,0.0,0.0,0.0,0.0,0.0,0.0,0.0,0.0,0.0,0.0,0.0,0.0,0.0,0.0,0.0,0.0,0.0,0.0,0.0,0.0,0.0,0.0,0.0,0.0,0.0,0.0,0.0,0.0,0.0,0.0,0.0,0.0,0.0,0.0,0.0,0.0
0.0,0.0,0.0,0.0,0.0,0.0,0.0,0.0,0.0,0.0,0.0,0.0,0.0,0.0,0.0,0.0,0.0,0.0,0.0,0.0,0.0,0.0,0.0,0.0,0.0,0.0,0.0,0.0,0.0,0.0,0.0,0.0,0.0,0.0,0.0,0.0,0.0
0.0,0.0,0.0,0.0,0.0,0.0,0.0,0.0,0.0,0.0,0.0,0.0,0.0,0.0,0.0,0.0,0.0,0.0,0.0,0.0,0.0,0.0,0.0,0.0,0.0,0.0,0.0,0.0,0.0,0.0,0.0,0.0,0.0,0.0,0.0,0.0,0.0
0.0,0.0,0.0,0.0,0.0,0.0,0.0,0.0,0.0,0.0,0.0,0.0,0.0,0.0,0.0,0.0,0.0,0.0,0.0,0.0,0.0,0.0,0.0,0.0,0.0,0.0,0.0,0.0,0.0,0.0,0.0,0.0,0.0,0.0,0.0,0.0,0.0
0.0,0.0,0.0,0.0,0.0,0.0,0.0,0.0,0.0,0.0,0.0,0.0,0.0,0.0,0.0,0.0,0.0,0.0,0.0,0.0,0.0,0.0,0.0,0.0,0.0,0.0,0.0,0.0,0.0,0.0,0.0,0.0,0.0,0.0,0.0,0.0,0.0
0.0,0.0,0.0,0.0,0.0,0.0,0.0,0.0,0.0,0.0,0.0,0.0,0.0,0.0,0.0,0.0,0.0,0.0,0.0,0.0,0.0,0.0,0.0,0.0,0.0,0.0,0.0,0.0,0.0,0.0,0.0,0.0,0.0,0.0,0.0,0.0,0.0
0.0,0.0,0.0,0.0,0.0,0.0,0.0,0.0,0.0,0.0,0.0,0.0,0.0,0.0,0.0,0.0,0.0,0.0,0.0,0.0,0.0,0.0,0.0,0.0,0.0,0.0,0.0,0.0,0.0,0.0,0.0,0.0,0.0,0.0,0.0,0.0,0.0
0.0,0.0,0.0,0.0,0.0,0.0,0.0,0.0,0.0,0.0,0.0,0.0,0.0,0.0,0.0,0.0,0.0,0.0,0.0,0.0,0.0,0.0,0.0,0.0,0.0,0.0,0.0,0.0,0.0,0.0,0.0,0.0,0.0,0.0,0.0,0.0,0.0
0.0,0.0,0.0,0.0,0.0,0.0,0.0,0.0,0.0,0.0,0.0,0.0,0.0,2.034012437797984,0.0,0.0,0.0,0.0,0.0,0.0,0.0,0.0,0.0,0.0,0.0,0.0,0.0,0.0,0.0,0.0,0.0,0.0,0.0,0.0,0.0,0.0,0.0
0.0,0.0,0.0,0.0,0.0,0.0,0.0,0.0,0.0,0.0,0.0,0.0,0.0,4.419380291365072,0.0,0.0,0.0,0.0,0.0,0.0,0.0,0.0,0.0,0.0,0.0,0.0,0.0,0.0,0.0,0.0,0.0,1.1879183351993103,0.0,0.0,0.0,0.0,0.0
0.0,0.0,0.0,0.0,0.0,0.0,0.0,0.0,0.0,0.0,1.9669909021815009,0.0,0.0,8.641987210139622,0.0798840567469584,0.0,0.0,0.0,0.0,0.0,0.0,0.0,0.0,0.0,0.0,0.0,0.0,0.0,0.0,0.581506137549862,0.0,1.221526309847816,0.0,0.0,0.0,0.0,0.0
0.0,0.0,0.0,0.0340719372034069,2.047040391713268,0.0,0.0,0.0,0.0,0.0,1.7388552437534333,0.0,0.0,4.287158600054607,0.023325079679488,0.0203887196257706,19.17776376008976,0.0,0.0,0.0,0.0,0.0,0.0,0.0,0.0,0.0,0.0,0.0,0.0,0.6639437250792771,0.0,1.317775279283515,0.0,0.0,0.0,0.0,0.0
0.0,0.0,0.0,0.0704185049980856,9.459826651960482,0.9173893160186624,9.20493573211122,0.0,0.0,0.0,5.183469532290375,0.0,0.0,24.077873853966512,0.0672805845737426,0.0,4.132542264461347,0.0,0.0,0.0,0.0,78.14232864379846,0.0,0.0,0.0,0.0,0.8245109461247836,0.0,21.43145442903035,0.556183531880365,0.0,4.820100307464556,1.9642026377841548,0.0,0.0,0.0,0.0
0.0,0.0,0.0,0.3982890695333436,87.48827502131448,7.151780622079935,71.33575439676639,0.0,0.0,0.0,42.5310811780391,0.0,0.0,91.23312633484592,1.0049944482743711,0.0,10.832211375236415,0.0,0.0,0.0,0.0,431.1602596282956,0.0,0.0,0.0,7.708702254295306,2.8744053471833406,0.0,133.35223085805754,1.3033380538224817,0.0,33.876616425812244,10.091230966150738,0.0,0.0,0.0,0.0
0.0,0.0,0.0,2.022051379084584,269.0763255357741,49.68974098935719,330.0310673445463,0.0,0.0,0.0,211.03869836851945,0.0,0.0,283.4665309265256,3.769750986993313,0.8690556064248083,45.85828176736825,0.0,0.0,0.0,0.0,1143.8140502929684,0.0,0.0,0.0,39.43458005785942,7.742437964677808,0.0,480.2906360328197,6.816264953464266,0.0,157.23149836063382,38.2882866859436,0.0,0.0,0.0,0.0
0.0,0.0,0.0,4.633253157138821,577.137591958046,181.9917302280664,794.7523231983184,0.0,0.0,0.0,650.1330741852522,0.0,0.0,623.704763278365,8.450981399416923,1.428325906395912,140.80802291631687,0.0,0.0,0.0,0.0,2047.8338317871087,0.0,0.0,0.0,105.60542955994602,17.039416584372518,0.0,844.4277913391591,16.865463106706724,0.0,338.37332367897034,98.99843409657475,0.0,0.0,0.0,0.0
0.0,0.0,0.0,9.397436529397964,947.1059756278992,281.1265878081322,1174.7756381988524,0.0,0.0,0.0,1302.059024256468,0.0,0.0,975.2028255164624,14.4999649643898,1.6132456585764885,281.84745986461627,0.0,0.0,0.0,0.0,2602.800491333008,0.0,0.0,0.0,198.051115989685,29.97769996523857,0.0,1300.138616067171,25.93389208167788,0.0,435.67722380161285,153.9071444272995,0.0,0.0,0.0,0.0
0.0,0.0,0.0,15.578519880771635,1215.9413423538208,310.6568452119827,1321.2904884517193,0.0,0.0,0.0,1633.955340307951,0.0,0.0,1093.1799910962582,18.30100731253624,2.3942017704248424,603.6089374065399,0.0,0.0,0.0,0.0,2746.659017944336,0.0,0.0,0.0,277.8552943706512,41.55858058929444,0.0,1528.5762531638145,143.3009476542473,0.0,450.6368944644928,176.4239141345024,0.0,0.0,0.0,0.0
0.0,0.0,0.0,21.05033838748932,1395.7561447620392,327.23432487249374,1378.692619925737,0.0,0.0,0.0,1812.670212197304,0.0,0.0,0.0,20.84118359684944,3.103969618678093,842.0043679237366,0.0,0.0,0.0,0.0,2786.285040283203,0.0,0.0,0.0,396.027536034584,49.36033171415329,0.0,1726.9586688637733,229.1267384827137,0.0,448.9623534679413,186.9650022387505,0.0,0.0,0.0,0.0
0.0,0.0,0.0,24.63959956169128,1494.4498715400696,330.7056799530983,1384.112913876772,0.0,0.0,0.0,1859.8695007443428,0.0,0.0,0.0,22.474872261285785,3.424465239048004,995.1204182386398,0.0,0.0,0.0,0.0,2768.931018066406,0.0,0.0,0.0,437.3726701259613,0.0,0.0,0.0,257.5602698981762,0.0,433.0566898584366,183.9781242609024,0.0,0.0,0.0,0.0
0.0,0.0,0.0,0.0,0.0,0.0,0.0,0.0,0.0,0.0,1783.4529805600644,0.0,0.0,0.0,0.0,0.0,1054.9016002178191,0.0,0.0,0.0,0.0,2630.771337890625,0.0,0.0,0.0,0.0,0.0,0.0,0.0,254.12923548817636,0.0,404.7624800205231,0.0,0.0,0.0,0.0,0.0
0.0,0.0,0.0,0.0,0.0,0.0,0.0,0.0,0.0,0.0,0.0,0.0,0.0,0.0,0.0,0.0,0.0,0.0,0.0,0.0,0.0,0.0,0.0,0.0,0.0,0.0,0.0,0.0,0.0,0.0,0.0,0.0,0.0,0.0,0.0,0.0,0.0
0.0,0.0,0.0,0.0,0.0,0.0,0.0,0.0,0.0,0.0,0.0,0.0,0.0,0.0,0.0,0.0,0.0,0.0,0.0,0.0,0.0,0.0,0.0,0.0,0.0,0.0,0.0,0.0,0.0,0.0,0.0,0.0,0.0,0.0,0.0,0.0,0.0
0.0,0.0,0.0,0.0,0.0,0.0,0.0,0.0,0.0,0.0,0.0,0.0,0.0,0.0,0.0,0.0,0.0,0.0,0.0,0.0,0.0,0.0,0.0,0.0,0.0,0.0,0.0,0.0,0.0,0.0,0.0,0.0,0.0,0.0,0.0,0.0,0.0
0.0,0.0,0.0,0.0,0.0,0.0,0.0,0.0,0.0,0.0,0.0,0.0,0.0,0.0,0.0,0.0,0.0,0.0,0.0,0.0,0.0,0.0,0.0,0.0,0.0,0.0,0.0,0.0,0.0,0.0,0.0,0.0,0.0,0.0,0.0,0.0,0.0
0.0,0.0,0.0,0.0,0.0,0.0,0.0,0.0,0.0,0.0,0.0,0.0,0.0,0.0,0.0,0.0,0.0,0.0,0.0,0.0,0.0,0.0,0.0,0.0,0.0,0.0,0.0,0.0,0.0,0.0,0.0,0.0,0.0,0.0,0.0,0.0,0.0
0.0,0.0,0.0,0.0,0.0,0.0,0.0,0.0,0.0,0.0,0.0,0.0,0.0,0.0,0.0,0.0,0.0,0.0,0.0,0.0,0.0,0.0,0.0,0.0,0.0,0.0,0.0,0.0,0.0,0.0,0.0,0.0,0.0,0.0,0.0,0.0,0.0
0.0,0.0,0.0,0.0,0.0,0.0,0.0,0.0,0.0,0.0,0.0,0.0,0.0,0.0,0.0,0.0,0.0,0.0,0.0,0.0,0.0,0.0,0.0,0.0,0.0,0.0,0.0,0.0,0.0,0.0,0.0,0.0,0.0,0.0,0.0,0.0,0.0
0.0,0.0,0.0,0.0,0.0,0.0,0.0,0.0,0.0,0.0,0.0,0.0,0.0,0.0,0.0,0.0,0.0,0.0,0.0,0.0,0.0,0.0,0.0,0.0,0.0,0.0,0.0,0.0,0.0,0.0,0.0,0.0,0.0,0.0,0.0,0.0,0.0
0.0,0.0,0.0,0.0,0.0,0.0,0.0,0.0,0.0,0.0,0.0,0.0,0.0,0.0,0.0,0.0,0.0,0.0,0.0,0.0,0.0,0.0,0.0,0.0,0.0,0.0,0.0,0.0,0.0,0.0,0.0,0.0,0.0,0.0,0.0,0.0,0.0
0.0,0.0,0.0,0.0,0.0,0.0,0.0,0.0,0.0,0.0,0.0,0.0,0.0,0.0,0.0,0.0,0.0,0.0,0.0,0.0,0.0,0.0,0.0,0.0,0.0,0.0,0.0,0.0,0.0,0.0,0.0,0.0,0.0,0.0,0.0,0.0,0.0
0.0,0.0,0.0,0.0,0.0,0.0,0.0,0.0,0.0,0.0,0.0,0.0,0.0,0.0,0.0,0.0,0.0,0.0,0.0,0.0,0.0,0.0,0.0,0.0,0.0,0.0,0.0,0.0,0.0,0.0,0.0,0.0,0.0,0.0,0.0,0.0,0.0
0.0,0.0,0.0,0.0,0.0,0.0,0.0,0.0,0.0,0.0,0.0,0.0,0.0,6.374745974317143,0.0,0.0,0.0,0.0,0.0,0.0,0.0,0.0,0.0,0.0,0.0,0.0,0.0,0.0,0.4011679992078398,0.0,0.0,0.0,0.4767486713826374,0.0,0.0,0.0,0.0
0.0,0.0,0.0,0.0,0.0,0.0,0.0,0.0,0.0,0.0,0.0,0.0,0.0,9.123434692155492,0.0,0.0,0.0,0.0,0.0,0.0,0.0,30.51921100616431,0.0,0.0,0.0,0.0,0.0,0.0,0.3162062287329011,0.0,0.0,0.0,0.3404744593426438,0.0,0.0,0.0,0.0
0.0,0.0,0.0,0.0,0.0,0.0240548378787934,0.4265487287193223,0.0,0.0,0.0,0.0,0.0,0.0,6.299197631888086,0.0,0.0157396178692571,13.20304077863685,0.0,0.0,0.0,0.0,36.58753132820085,0.0,0.0,0.0,0.5069154493510719,0.0,0.0,0.0,0.0,0.0,0.0,0.0,0.0,0.0,0.0,0.0
0.0,0.0,0.0,0.0290211290121053,2.7271649204192494,0.0,5.6009828824549786,0.0,0.0,0.0,1.685406741872281,0.0,0.0,0.7915234519168666,0.0920013718306983,0.0,16.625590574741214,0.0,0.0,0.0,0.0,0.0,0.0,0.0,0.0,0.0,0.0,0.0,0.0,0.5557676389813141,0.0,1.1056947410106248,0.0,0.0,0.0,0.0,0.0
0.0,0.0,0.0,0.0478786267340176,6.316186405718268,0.8288990994915052,12.814521121606209,0.0,0.0,0.0,26.67586694015187,0.0,0.0,15.743946796283003,0.2499050114303792,0.002371375449001,1.7574841618537111,0.0,0.0,0.0,0.0,28.369064044952296,0.0,0.0,0.0,1.4722904031164843,0.0,0.0,23.488503183424324,0.4930673912167445,0.0,4.925122424960109,2.518379212357093,0.0,0.0,0.0,0.0
0.0,0.0,0.0,0.387066276744006,19.671337112784386,6.798873483203325,57.44888608790922,0.0,0.0,0.0,103.41073659844685,0.0,0.0,67.60192462243127,1.1336222257465107,0.1356289098039265,10.46075998544688,0.0,0.0,0.0,0.0,225.16627559661856,0.0,0.0,0.0,33.41433252990244,0.0,0.0,194.05985063463427,0.9017143815755764,0.0,34.10981351882216,11.987513571977598,0.0,0.0,0.0,0.0
0.0,0.0,0.0,2.823359049856657,64.94655392318946,47.67361731454726,212.82260519862172,0.0,0.0,0.0,394.24577878564594,0.0,0.0,208.37023235857487,3.981632577627895,0.4008741155266757,45.55908597707747,0.0,0.0,0.0,0.0,656.996435546875,0.0,0.0,0.0,105.29860419034958,0.2432157468050657,0.0,732.7481653571128,2.728761175274827,0.0,149.56841367483136,44.83129133284091,0.0,0.0,0.0,0.0
0.0,0.0,0.0,6.789276599884031,151.4120901226996,179.98321135342118,482.22279243767264,0.0,0.0,0.0,980.1842334389688,0.0,0.0,472.49463498592377,8.51138622164726,0.7037517353892324,135.74063169956193,0.0,0.0,0.0,0.0,1261.4889007568358,0.0,0.0,0.0,219.31520762443532,1.0489634223282251,0.0,1258.4685099899766,5.697073731571433,0.0,330.3325630426407,106.30040934681892,0.0,0.0,0.0,0.0
0.0,0.0,0.0,12.319440394639969,274.66602128744125,280.0630335509777,764.8193065345288,0.0,0.0,0.0,1620.9004372417926,0.0,0.0,785.9410288929939,13.791212260723112,0.8561237677931783,265.0359290957451,0.0,0.0,0.0,0.0,1941.9939605712889,0.0,0.0,0.0,357.9151347637176,1.9988371457904537,0.0,1684.815274477005,6.126058470457777,0.0,425.7099587917328,159.73275190591812,0.0,0.0,0.0,0.0
0.0,0.0,0.0,19.892608523368835,493.0370395183562,308.291173517704,948.2133530437948,0.0,0.0,0.0,1933.3313017964365,0.0,0.0,908.043128848076,17.4487098634243,1.3857293128967274,580.2812263011931,0.0,0.0,0.0,0.0,2142.697271728516,0.0,0.0,0.0,445.36737036705017,2.3056995980441566,0.0,1807.5460175514224,70.95661217272279,0.0,431.4151602983475,176.68177247047424,0.0,0.0,0.0,0.0
0.0,0.0,0.0,24.13696330785751,716.249463200569,322.7801075875759,1068.989150863886,0.0,0.0,0.0,2081.3995236039164,0.0,0.0,968.2203184068204,19.81011632680893,1.7425718903541558,824.5584097027778,0.0,0.0,0.0,0.0,2231.759469604492,0.0,0.0,0.0,498.3704284191132,2.850337635725736,0.0,1813.4182169795035,166.51777628064153,0.0,423.7394989728928,184.4139423966408,0.0,0.0,0.0,0.0
0.0,0.0,0.0,25.693465888500214,859.9937218427657,323.01475858688354,1156.7788914322853,0.0,0.0,0.0,2086.5358010947702,0.0,0.0,965.2312751114368,20.769915425777437,2.043047830462456,966.9523786783218,0.0,0.0,0.0,0.0,2272.5726837158204,0.0,0.0,0.0,513.8221257686615,0.0,0.0,1778.476250588894,217.26312994360924,0.0,407.6722946166992,178.5625403523445,0.0,0.0,0.0,0.0
0.0,0.0,0.0,24.139064192771908,0.0,309.1851733326912,0.0,0.0,0.0,0.0,1989.0524467766288,0.0,0.0,0.0,20.101467472314837,0.0,1005.3587731599808,0.0,0.0,0.0,0.0,2178.9178924560542,0.0,0.0,0.0,0.0,0.0,0.0,1711.1917120814323,0.0,0.0,386.883486032486,168.2626497745514,0.0,0.0,0.0,0.0
0.0,0.0,0.0,14.67589971423149,0.0,0.0,0.0,0.0,0.0,0.0,0.0,0.0,0.0,0.0,15.31463035047054,0.0,840.7238687753677,0.0,0.0,0.0,0.0,1499.6589630126953,0.0,0.0,0.0,0.0,0.0,0.0,0.0,0.0,0.0,0.0,0.0,0.0,0.0,0.0,0.0
0.0,0.0,0.0,0.0,0.0,0.0,0.0,0.0,0.0,0.0,0.0,0.0,0.0,0.0,0.0,0.0,0.0,0.0,0.0,0.0,0.0,0.0,0.0,0.0,0.0,0.0,0.0,0.0,0.0,0.0,0.0,0.0,0.0,0.0,0.0,0.0,0.0
0.0,0.0,0.0,0.0,0.0,0.0,0.0,0.0,0.0,0.0,0.0,0.0,0.0,0.0,0.0,0.0,0.0,0.0,0.0,0.0,0.0,0.0,0.0,0.0,0.0,0.0,0.0,0.0,0.0,0.0,0.0,0.0,0.0,0.0,0.0,0.0,0.0
0.0,0.0,0.0,0.0,0.0,0.0,0.0,0.0,0.0,0.0,0.0,0.0,0.0,0.0,0.0,0.0,0.0,0.0,0.0,0.0,0.0,0.0,0.0,0.0,0.0,0.0,0.0,0.0,0.0,0.0,0.0,0.0,0.0,0.0,0.0,0.0,0.0
0.0,0.0,0.0,0.0,0.0,0.0,0.0,0.0,0.0,0.0,0.0,0.0,0.0,0.0,0.0,0.0,0.0,0.0,0.0,0.0,0.0,0.0,0.0,0.0,0.0,0.0,0.0,0.0,0.0,0.0,0.0,0.0,0.0,0.0,0.0,0.0,0.0
0.0,0.0,0.0,0.0,0.0,0.0,0.0,0.0,0.0,0.0,0.0,0.0,0.0,0.0,0.0,0.0,0.0,0.0,0.0,0.0,0.0,0.0,0.0,0.0,0.0,0.0,0.0,0.0,0.0,0.0,0.0,0.0,0.0,0.0,0.0,0.0,0.0
0.0,0.0,0.0,0.0,0.0,0.0,0.0,0.0,0.0,0.0,0.0,0.0,0.0,0.0,0.0,0.0,0.0,0.0,0.0,0.0,0.0,0.0,0.0,0.0,0.0,0.0,0.0,0.0,0.0,0.0,0.0,0.0,0.0,0.0,0.0,0.0,0.0
0.0,0.0,0.0,0.0,0.0,0.0,0.0,0.0,0.0,0.0,0.0,0.0,0.0,0.0,0.0,0.0,0.0,0.0,0.0,0.0,0.0,0.0,0.0,0.0,0.0,0.0,0.0,0.0,0.0,0.0,0.0,0.0,0.0,0.0,0.0,0.0,0.0
0.0,0.0,0.0,0.0,0.0,0.0,0.0,0.0,0.0,0.0,0.0,0.0,0.0,0.0,0.0,0.0,0.0,0.0,0.0,0.0,0.0,0.0,0.0,0.0,0.0,0.0,0.0,0.0,0.0,0.0,0.0,0.0,0.0,0.0,0.0,0.0,0.0
0.0,0.0,0.0,0.0,0.0,0.0,0.0,0.0,0.0,0.0,0.0,0.0,0.0,0.0,0.0,0.0,0.0,0.0,0.0,0.0,0.0,0.0,0.0,0.0,0.0,0.0,0.0,0.0,0.0,0.0,0.0,0.0,0.0,0.0,0.0,0.0,0.0
0.0,0.0,0.0,0.0,0.0,0.0,0.0,0.0,0.0,0.0,0.0,0.0,0.0,0.0,0.0,0.0,0.0,0.0,0.0,0.0,0.0,0.0,0.0,0.0,0.0,0.0,0.0,0.0,0.0,0.0,0.0,0.0,0.0,0.0,0.0,0.0,0.0
0.0,0.0,0.0,0.0,0.0,0.0,0.0,0.0,0.0,0.0,0.0,0.0,0.0,0.0,0.0,0.0,0.0,0.0,0.0,0.0,0.0,0.0,0.0,0.0,0.0,0.0,0.0,0.0,0.1293963640928268,0.0,0.0,0.0,0.0,0.0,0.0,0.0,0.0
0.0,0.0,0.0,0.0,0.0,0.1514219339005623,0.0,0.0,0.0,0.0,1.807485595205684,0.0,0.0,3.149227518588187,0.0828940987586965,0.0,0.0,0.0,0.0,0.0,0.0,29.34235725402793,0.0,0.0,0.0,1.6206481786444311,0.0,0.0,0.0,0.0,0.0,1.1135215014219282,0.0,0.0,0.0,0.0,0.0
0.0,0.0,0.0,0.0312402117997354,0.0,0.0792441135272056,0.0,0.0,0.0,0.0,1.8749822611918487,0.0,0.0,3.0386691074817445,0.0787992909550633,0.0,10.63364636898038,0.0,0.0,0.0,0.0,28.24903097152665,0.0,0.0,0.0,1.482657409552431,0.0,0.0,0.0,0.0,0.0,0.0,0.0,0.0,0.0,0.0,0.0
0.0,0.0,0.0,0.0323459710925772,2.547868642955952,0.0,0.0,0.0,0.0,0.0,1.6636251476591202,0.0,0.0,1.6031225677578378,0.0499075949192031,0.0,16.586490428447675,0.0,0.0,0.0,0.0,0.0,0.0,0.0,0.0,0.0,0.6645497703924717,0.0,0.0,0.6785673394798863,0.0,1.2102593630551972,0.0,0.0,0.0,0.0,0.0
0.0,0.0,0.0,0.1385235767811534,7.388990316539949,0.4645269592292478,8.276892628893139,0.0,0.0,0.0,11.074011273030008,0.0,0.0,27.824471872299814,0.1008604668080774,0.0,7.034287917613819,0.0,0.0,0.0,0.0,42.16646351814266,0.0,0.0,0.0,4.64617777094242,0.8900969734415404,0.0,19.107385772466586,0.5646419733762541,0.0,3.338021367788288,3.4671451319008857,0.0,0.0,0.0,0.0
0.0,0.0,0.0,0.3463913109153478,70.22169390320768,3.5725960619747483,41.63327237535268,0.0,0.0,0.0,49.566135610640025,0.0,0.0,107.37957084551444,0.5495431870222058,0.0,15.439348518848334,0.0,0.0,0.0,0.0,268.2464189529416,0.0,0.0,0.0,34.23975636661044,2.4575946398079327,0.0,162.76428949236865,1.0789726212620565,0.0,23.95135353505608,16.126863535493595,0.0,0.0,0.0,0.0
0.0,0.0,0.0,1.48823121190071,234.248680859804,29.168932922184467,182.19858809411517,0.0,0.0,0.0,189.61395019739845,0.0,0.0,324.3281548842787,2.49002835676074,0.0,61.52928946018205,0.0,0.0,0.0,0.0,861.7104911804198,0.0,0.0,0.0,134.4044645309448,5.828924944996825,0.0,760.1306351482868,4.800124545395343,0.0,112.72401753067967,58.73347072303294,0.0,0.0,0.0,0.0
0.0,0.0,0.0,3.859951049089431,525.9684026837348,142.0140475928783,510.7072150528431,0.0,0.0,0.0,554.8844406574964,0.0,0.0,700.2835426479578,6.512696881592271,0.0,184.1146830677986,0.0,0.0,0.0,0.0,1806.1008361816407,0.0,0.0,0.0,364.7230981349945,12.463802975416185,0.0,1462.83755941391,10.800773733854278,0.0,299.13650441169733,128.18823349475858,0.0,0.0,0.0,0.0
0.0,0.0,0.0,7.938845902681349,934.4507508277892,254.6100401878357,916.1576961755752,0.0,0.0,0.0,1183.499478131533,0.0,0.0,1064.9403148889542,12.918479999899864,0.0,367.1691270589827,0.0,0.0,0.0,0.0,2454.639990234375,0.0,0.0,0.0,604.8478692054748,22.25592224895954,0.0,1925.463765668869,13.448191237077104,0.0,407.2408136129379,179.27310466766355,0.0,0.0,0.0,0.0
0.0,0.0,0.0,13.841519504785536,1284.0931458473206,286.8445725142956,1140.2325973391532,0.0,0.0,0.0,1518.675183880329,0.0,0.0,1186.1255806684494,18.01177339553833,0.0,759.4927632808685,0.0,0.0,0.0,0.0,2735.857229614258,0.0,0.0,0.0,658.7763494491577,35.527807402610776,0.0,2051.0940868735315,127.35049432218077,0.0,429.2007387876511,195.87743508815765,0.0,0.0,0.0,0.0
0.0,0.0,0.0,21.05629181861877,1502.9131319522858,305.1900650858879,1281.9671552300454,0.0,0.0,0.0,1678.7906636834146,0.0,0.0,1229.8341704905033,21.80180071592331,0.0,1016.6656406998632,0.0,0.0,0.0,0.0,2859.5783111572264,0.0,0.0,0.0,677.6954460144043,44.80290538668633,0.0,2092.963530111313,223.15929629206656,0.0,431.8866138458252,0.0,0.0,0.0,0.0,0.0
0.0,0.0,0.0,24.798128604888912,0.0,309.3654796183109,0.0,0.0,0.0,0.0,1699.6898734152317,0.0,0.0,1202.390328198671,23.215149074792865,0.0,1147.950265288353,0.0,0.0,0.0,0.0,2820.623971557617,0.0,0.0,0.0,674.0777397155762,0.0,0.0,2046.5278678655625,251.74226798415185,0.0,417.0312521457672,0.0,0.0,0.0,0.0,0.0
0.0,0.0,0.0,23.167354106903076,0.0,297.20221719145775,0.0,0.0,0.0,0.0,1600.4479546785356,0.0,0.0,0.0,22.723516899347302,0.0,1168.496840596199,0.0,0.0,0.0,0.0,0.0,0.0,0.0,0.0,637.6706939697266,0.0,0.0,1954.9977101802824,248.44188252091408,0.0,0.0,0.0,0.0,0.0,0.0,0.0
0.0,0.0,0.0,0.0,0.0,0.0,0.0,0.0,0.0,0.0,0.0,0.0,0.0,0.0,0.0,0.0,1009.755333340168,0.0,0.0,0.0,0.0,0.0,0.0,0.0,0.0,0.0,0.0,0.0,0.0,241.22427799105645,0.0,0.0,0.0,0.0,0.0,0.0,0.0
0.0,0.0,0.0,0.0,0.0,0.0,0.0,0.0,0.0,0.0,0.0,0.0,0.0,0.0,0.0,0.0,813.4868171811103,0.0,0.0,0.0,0.0,0.0,0.0,0.0,0.0,0.0,0.0,0.0,0.0,0.0,0.0,0.0,0.0,0.0,0.0,0.0,0.0
0.0,0.0,0.0,0.0,0.0,0.0,0.0,0.0,0.0,0.0,0.0,0.0,0.0,0.0,0.0,0.0,0.0,0.0,0.0,0.0,0.0,0.0,0.0,0.0,0.0,0.0,0.0,0.0,0.0,0.0,0.0,0.0,0.0,0.0,0.0,0.0,0.0
0.0,0.0,0.0,0.0,0.0,0.0,0.0,0.0,0.0,0.0,0.0,0.0,0.0,0.0,0.0,0.0,0.0,0.0,0.0,0.0,0.0,0.0,0.0,0.0,0.0,0.0,0.0,0.0,0.0,0.0,0.0,0.0,0.0,0.0,0.0,0.0,0.0
0.0,0.0,0.0,0.0,0.0,0.0,0.0,0.0,0.0,0.0,0.0,0.0,0.0,0.0,0.0,0.0,0.0,0.0,0.0,0.0,0.0,0.0,0.0,0.0,0.0,0.0,0.0,0.0,0.0,0.0,0.0,0.0,0.0,0.0,0.0,0.0,0.0
0.0,0.0,0.0,0.0,0.0,0.0,0.0,0.0,0.0,0.0,0.0,0.0,0.0,0.0,0.0,0.0,0.0,0.0,0.0,0.0,0.0,0.0,0.0,0.0,0.0,0.0,0.0,0.0,0.0,0.0,0.0,0.0,0.0,0.0,0.0,0.0,0.0
0.0,0.0,0.0,0.0,0.0,0.0,0.0,0.0,0.0,0.0,0.0,0.0,0.0,0.0,0.0,0.0,0.0,0.0,0.0,0.0,0.0,0.0,0.0,0.0,0.0,0.0,0.0,0.0,0.0,0.0,0.0,0.0,0.0,0.0,0.0,0.0,0.0
0.0,0.0,0.0,0.0,0.0,0.0,0.0,0.0,0.0,0.0,0.0,0.0,0.0,0.0,0.0,0.0,0.0,0.0,0.0,0.0,0.0,0.0,0.0,0.0,0.0,0.0,0.0,0.0,0.0,0.0,0.0,0.0,0.0,0.0,0.0,0.0,0.0
0.0,0.0,0.0,0.0,0.0,0.0,0.0,0.0,0.0,0.0,0.0,0.0,0.0,0.0,0.0,0.0,0.0,0.0,0.0,0.0,0.0,0.0,0.0,0.0,0.0,0.0,0.0,0.0,0.0,0.0,0.0,0.0,0.0,0.0,0.0,0.0,0.0
0.0,0.0,0.0,0.0,0.0,0.0,0.0,0.0,0.0,0.0,0.0,0.0,0.0,0.0,0.0,0.0,0.0,0.0,0.0,0.0,0.0,0.0,0.0,0.0,0.0,0.0,0.0,0.0,0.0,0.0,0.0,0.0,0.0,0.0,0.0,0.0,0.0
0.0,0.0,0.0,0.0,0.0,0.0,0.0,0.0,0.0,0.0,0.0,0.0,0.0,0.0,0.0,0.0,0.0,0.0,0.0,0.0,0.0,0.0,0.0,0.0,0.0,0.0,0.0,0.0,0.0,0.0,0.0,0.0,0.0,0.0,0.0,0.0,0.0
0.0,0.0,0.0,0.0,0.0,0.0,0.0,0.0,0.0,0.0,0.0,0.0,0.0,0.0,0.0,0.0,0.0,0.0,0.0,0.0,0.0,0.0,0.0,0.0,0.0,0.0,0.0,0.0,0.0,0.0,0.0,0.0,0.4301204532384867,0.0,0.0,0.0,0.0
0.0,0.0,0.0,0.0,0.0,0.1167187956161593,0.0,0.0,0.0,0.0,1.9376337462103237,0.0,0.0,1.8128956155851,0.0,0.0,0.0,0.0,0.0,0.0,0.0,30.20854415893553,0.0,0.0,0.0,0.0,0.0,0.0,0.0,0.0,0.0,1.1517313420771984,0.0,0.0,0.0,0.0,0.0
0.0,0.0,0.0,0.0,1.18969076871858,0.0725766066461405,0.2360680177807453,0.0,0.0,0.0,1.954017090471437,0.0,0.0,4.566468102857466,0.0,0.0,0.0,0.0,0.0,0.0,0.0,30.59301156997673,0.0,0.0,0.0,0.0,0.4078734561800939,0.0,0.0,0.4501396290957873,0.0,1.207944974303221,0.0,0.0,0.0,0.0,0.0
0.0,0.0,0.0,0.0287380777299358,1.9096683301030364,0.0,0.0,0.0,0.0,0.0,1.7431696056388115,0.0,0.0,4.219161393120765,0.0,0.0,0.0,0.0,0.0,0.0,0.0,8.708330726623231,0.0,0.0,0.0,0.0,0.0,0.0,0.0,0.5782463572919124,0.0,1.294555142521834,0.0,0.0,0.0,0.0,0.0
0.0,0.0,0.0,0.0439016465097622,6.07058270648106,0.4729297477751596,6.641331123560631,0.0,0.0,0.0,3.249441329669025,0.0,0.0,25.45445666648437,0.0,0.0,9.021715259551897,0.0,0.0,0.0,0.0,24.383188533782647,0.0,0.0,0.0,10.574026919901298,0.5296195194125134,0.0,38.40220973789668,0.4536366440355617,0.0,3.702905386686269,2.052029630169254,0.0,0.0,0.0,0.0
0.0,0.0,0.0,0.9155825525522197,81.52981801331025,2.962275086902061,36.18865763861678,0.0,0.0,0.0,23.07354428907836,0.0,0.0,72.54984172061073,0.0,0.0,18.5910777091979,0.0,0.0,0.0,0.0,224.45621147155737,0.0,0.0,0.0,58.62754156589501,1.687303676083677,0.0,345.618159738183,0.6921541504561808,0.0,21.223402351140976,9.399785540997977,0.0,0.0,0.0,0.0
0.0,0.0,0.0,3.855218052864073,270.9852982163428,26.809435553848733,160.68101660609233,0.0,0.0,0.0,115.31262009367342,0.0,0.0,174.71556689590213,0.0,0.0,78.86229851245879,0.0,0.0,0.0,0.0,745.5782295227048,0.0,0.0,0.0,237.6042741775512,5.110148333013053,0.0,1317.8910118103026,1.7109160237014265,0.0,103.42506366968152,36.22944112122059,0.0,0.0,0.0,0.0
0.0,0.0,0.0,9.785457223653788,607.115112900734,127.46483400464057,493.06129505336287,0.0,0.0,0.0,420.7685769975184,0.0,0.0,374.2738574370741,0.0,1.0512367114424694,221.36596852540967,0.0,0.0,0.0,0.0,1644.1302337646484,0.0,0.0,0.0,580.4366422653198,12.466581770777704,0.0,2106.4322189688683,3.6450903847813514,0.0,285.98090875148773,106.46516624093056,0.0,0.0,0.0,0.0
0.0,0.0,0.0,19.72877275943756,1050.1004482507703,240.9121916294098,890.6849257469178,0.0,0.0,0.0,964.6649397403,0.0,0.0,613.8085079938172,0.0,0.0,430.4835404396056,0.0,0.0,0.0,0.0,2356.3866302490237,0.0,0.0,0.0,752.8868873596191,27.33001574873924,0.0,2528.619999742508,2.3863143764436128,0.0,388.8186020851135,163.57808071374893,0.0,0.0,0.0,0.0
0.0,0.0,0.0,33.26230752468109,1402.1197023391724,274.078461676836,1129.45719730258,0.0,0.0,0.0,1284.66053352952,0.0,0.0,748.618639782071,0.0,0.0,813.052977156639,0.0,0.0,0.0,0.0,2629.092810058594,0.0,0.0,0.0,785.7907875061035,41.12421638965606,0.0,0.0,101.86598330438136,0.0,410.6424627304077,186.0480988621712,0.0,0.0,0.0,0.0
0.0,0.0,0.0,43.57374632358551,1599.3925096988678,293.5627980232239,1266.8765723586082,0.0,0.0,0.0,1463.1932698428632,0.0,0.0,841.3291028141975,0.0,0.0,1060.5121647834778,0.0,0.0,0.0,0.0,2726.7108825683595,0.0,0.0,0.0,791.2780727386474,48.897120136022565,0.0,0.0,205.9024589300156,0.0,415.994980096817,193.7567445635796,0.0,0.0,0.0,0.0
0.0,0.0,0.0,0.0,0.0,300.82095769047737,0.0,0.0,0.0,0.0,1489.8875914871692,0.0,0.0,0.0,0.0,0.0,1173.520290112495,0.0,0.0,0.0,0.0,2690.890609741211,0.0,0.0,0.0,0.0,0.0,0.0,0.0,241.78504220247268,0.0,399.21078169345856,0.0,0.0,0.0,0.0,0.0
0.0,0.0,0.0,0.0,0.0,291.0094481110573,0.0,0.0,0.0,0.0,0.0,0.0,0.0,0.0,0.0,0.0,1183.8109828472138,0.0,0.0,0.0,0.0,2531.8411346435546,0.0,0.0,0.0,0.0,0.0,0.0,0.0,0.0,0.0,378.46065390110016,179.6120491027832,0.0,0.0,0.0,0.0
0.0,0.0,0.0,42.42424261569977,0.0,251.2054583132267,0.0,0.0,0.0,0.0,0.0,0.0,0.0,0.0,22.68001956939697,0.0,1033.3592581748962,0.0,0.0,0.0,0.0,1985.6172149658205,0.0,0.0,0.0,0.0,0.0,0.0,0.0,0.0,0.0,0.0,0.0,0.0,0.0,0.0,0.0
0.0,0.0,0.0,0.0,0.0,0.0,0.0,0.0,0.0,0.0,0.0,0.0,0.0,0.0,0.0,0.0,847.3874407291412,0.0,0.0,0.0,0.0,0.0,0.0,0.0,0.0,0.0,0.0,0.0,0.0,0.0,0.0,0.0,0.0,0.0,0.0,0.0,0.0
0.0,0.0,0.0,0.0,0.0,0.0,0.0,0.0,0.0,0.0,0.0,0.0,0.0,0.0,0.0,0.0,0.0,0.0,0.0,0.0,0.0,0.0,0.0,0.0,0.0,0.0,0.0,0.0,0.0,0.0,0.0,0.0,0.0,0.0,0.0,0.0,0.0
0.0,0.0,0.0,0.0,0.0,0.0,0.0,0.0,0.0,0.0,0.0,0.0,0.0,0.0,0.0,0.0,0.0,0.0,0.0,0.0,0.0,0.0,0.0,0.0,0.0,0.0,0.0,0.0,0.0,0.0,0.0,0.0,0.0,0.0,0.0,0.0,0.0
0.0,0.0,0.0,0.0,0.0,0.0,0.0,0.0,0.0,0.0,0.0,0.0,0.0,0.0,0.0,0.0,0.0,0.0,0.0,0.0,0.0,0.0,0.0,0.0,0.0,0.0,0.0,0.0,0.0,0.0,0.0,0.0,0.0,0.0,0.0,0.0,0.0
0.0,0.0,0.0,0.0,0.0,0.0,0.0,0.0,0.0,0.0,0.0,0.0,0.0,0.0,0.0,0.0,0.0,0.0,0.0,0.0,0.0,0.0,0.0,0.0,0.0,0.0,0.0,0.0,0.0,0.0,0.0,0.0,0.0,0.0,0.0,0.0,0.0
0.0,0.0,0.0,0.0,0.0,0.0,0.0,0.0,0.0,0.0,0.0,0.0,0.0,0.0,0.0,0.0,0.0,0.0,0.0,0.0,0.0,0.0,0.0,0.0,0.0,0.0,0.0,0.0,0.0,0.0,0.0,0.0,0.0,0.0,0.0,0.0,0.0
0.0,0.0,0.0,0.0,0.0,0.0,0.0,0.0,0.0,0.0,0.0,0.0,0.0,0.0,0.0,0.0,0.0,0.0,0.0,0.0,0.0,0.0,0.0,0.0,0.0,0.0,0.0,0.0,0.0,0.0,0.0,0.0,0.0,0.0,0.0,0.0,0.0
0.0,0.0,0.0,0.0,0.0,0.0,0.0,0.0,0.0,0.0,0.0,0.0,0.0,0.0,0.0,0.0,0.0,0.0,0.0,0.0,0.0,0.0,0.0,0.0,0.0,0.0,0.0,0.0,0.0,0.0,0.0,0.0,0.0,0.0,0.0,0.0,0.0
0.0,0.0,0.0,0.0,0.0,0.0,0.0,0.0,0.0,0.0,0.0,0.0,0.0,0.0,0.0,0.0,0.0,0.0,0.0,0.0,0.0,0.0,0.0,0.0,0.0,0.0,0.0,0.0,0.0,0.0,0.0,0.0,0.0,0.0,0.0,0.0,0.0
0.0,0.0,0.0,0.0,0.0,0.0,0.0,0.0,0.0,0.0,0.0,0.0,0.0,0.0,0.0,0.0,0.0,0.0,0.0,0.0,0.0,0.0,0.0,0.0,0.0,0.0,0.0,0.0,0.0,0.0,0.0,0.0,0.0,0.0,0.0,0.0,0.0
0.0,0.0,0.0,0.0,0.0,0.0,0.0,0.0,0.0,0.0,0.0,0.0,0.0,0.0,0.0,0.0,0.0,0.0,0.0,0.0,0.0,0.0,0.0,0.0,0.0,0.0,0.0,0.0,0.0,0.0,0.0,0.0,0.3161468831822185,0.0,0.0,0.0,0.0
0.0,0.0,0.0,0.0,0.0,0.2932829773053293,0.0,0.0,0.0,0.0,0.0,0.0,0.0,0.0,0.0,4.019588232040406e-06,0.0,0.0,0.0,0.0,0.0,0.0,0.0,0.0,0.0,0.0,0.0,0.0,0.0,0.0,0.0,0.0,0.0,0.0,0.0,0.0,0.0
0.0,0.0,0.0,0.0,0.0,0.2102094343863226,0.0,0.0,0.0,0.0,1.7634456231724085,0.0,0.0,7.651249212212785,0.0,0.0,0.0,0.0,0.0,0.0,0.0,0.0,0.0,0.0,0.0,0.0,0.0,0.0,0.0,0.0,0.0,1.1868598163127888,0.0,0.0,0.0,0.0,0.0
0.0,0.0,0.0,0.0289454869925918,2.391375087201507,0.0,0.0,0.0,0.0,0.0,1.6395126113667098,0.0,0.0,4.969039792194826,0.0,0.0,19.193943130969988,0.0,0.0,0.0,0.0,24.547731113433564,0.0,0.0,0.0,0.0,0.0899444770067848,0.0,0.0,0.0,0.0,1.2502947002648732,0.0,0.0,0.0,0.0,0.0
0.0,0.0,0.0,0.0512651372700908,8.505025003105267,0.7208517221733565,3.395611207559676,0.0,0.0,0.0,2.348861726419859,0.0,0.0,17.645827166270337,0.0,0.0,6.00352716445916,0.0,0.0,0.0,0.0,55.15361852645847,0.0,0.0,0.0,1.335464865528043,0.746313976496452,0.0,34.236510765552495,0.0,0.0,3.2967122197150727,3.596687728539101,0.0,0.0,0.0,0.0
0.0,0.0,0.0,1.1637569740414562,84.84624144434912,11.618537011556311,38.49515720307821,0.0,0.0,0.0,22.63920078007503,0.0,0.0,39.21458587516097,0.0,0.0,12.71686294078816,0.0,0.0,0.0,0.0,278.1194829940796,0.0,0.0,0.0,47.276991418004016,2.3485380794852926,0.0,302.11667295098283,1.0227772898971772,0.0,23.58027090132233,16.283780112862573,0.0,0.0,0.0,0.0
0.0,0.0,0.0,4.648490116000176,272.19598853588093,74.54251734912394,192.48315251618624,0.0,0.0,0.0,126.5664677862078,0.0,0.0,85.14002576470374,0.0,0.0,47.71633542776091,0.0,0.0,0.0,0.0,802.7154663085935,0.0,0.0,0.0,211.8274304032325,6.787794451415532,0.0,1198.8630860865114,3.719397559016912,0.0,118.85320967435835,59.05466283857821,0.0,0.0,0.0,0.0
0.0,0.0,0.0,11.534450381994247,612.1140149831772,212.50636680424213,0.0,0.0,0.0,0.0,446.5714107722042,0.0,0.0,200.16741167753932,0.0,0.0,146.8505276560782,0.0,0.0,0.0,0.0,1664.1307891845702,0.0,0.0,0.0,551.9128584861755,16.06493446230888,0.0,1947.937656056881,7.387933173775642,0.0,309.5331333875656,130.86706987023354,0.0,0.0,0.0,0.0
0.0,0.0,0.0,22.573045730590817,1047.701139211655,308.1715459525585,0.0,0.0,0.0,0.0,1035.7177502959964,0.0,0.0,437.2587037086487,22.55886472463608,0.0,301.8648962020873,0.0,0.0,0.0,0.0,2287.175875854492,0.0,0.0,0.0,754.7939892292022,32.760343790054314,0.0,2325.7503773212434,5.197395986318579,0.0,409.3293969631195,180.33179956674576,0.0,0.0,0.0,0.0
0.0,0.0,0.0,35.1893492937088,1382.9442746639252,336.74845549464226,0.0,0.0,0.0,0.0,1391.0894163131711,0.0,0.0,599.3218451738356,26.589023834466936,2.821569815278053,682.249259853363,0.0,0.0,0.0,0.0,2523.572891235352,0.0,0.0,0.0,788.3453080654144,45.74028568863868,0.0,2448.0298235774035,96.7633874684572,0.0,419.3592401742935,196.29622566699985,0.0,0.0,0.0,0.0
0.0,0.0,0.0,42.17186295986176,1563.5492403507233,351.202366232872,0.0,0.0,0.0,0.0,1574.826103723049,0.0,0.0,724.2673601955175,27.920149666070937,3.5259707868099204,937.856170284748,0.0,0.0,0.0,0.0,2590.41279296875,0.0,0.0,0.0,779.3261832237243,52.780775654315946,0.0,2469.1154225349437,197.23293128609657,0.0,413.8417732715607,200.12225657701487,0.0,0.0,0.0,0.0
0.0,0.0,0.0,45.78261339664459,1610.0880286693573,349.9868756532669,0.0,0.0,0.0,0.0,1591.8413367152214,0.0,0.0,0.0,27.2689240694046,0.0,1076.5519273042678,0.0,0.0,0.0,0.0,2527.829507446289,0.0,0.0,0.0,736.1756145000458,0.0,0.0,2423.5751281499856,233.79938306808472,0.0,396.8709884881973,193.16133892536163,0.0,0.0,0.0,0.0
0.0,0.0,0.0,45.82729923725128,1570.7049791812897,0.0,0.0,0.0,0.0,0.0,0.0,0.0,0.0,0.0,25.742400223016737,0.0,1108.3918260574342,0.0,0.0,0.0,0.0,2353.9131103515624,0.0,0.0,0.0,683.7415915012359,0.0,0.0,2365.9505092859267,0.0,0.0,368.44850051403046,182.79014217853543,0.0,0.0,0.0,0.0
0.0,0.0,0.0,0.0,0.0,301.93441221117973,0.0,0.0,0.0,0.0,0.0,0.0,0.0,0.0,0.0,0.0,945.815501475334,0.0,0.0,0.0,0.0,1759.9003082275387,0.0,0.0,0.0,0.0,0.0,0.0,0.0,0.0,0.0,0.0,0.0,0.0,0.0,0.0,0.0
0.0,0.0,0.0,0.0,0.0,0.0,0.0,0.0,0.0,0.0,0.0,0.0,0.0,0.0,0.0,0.0,0.0,0.0,0.0,0.0,0.0,0.0,0.0,0.0,0.0,0.0,0.0,0.0,0.0,0.0,0.0,0.0,0.0,0.0,0.0,0.0,0.0
0.0,0.0,0.0,0.0,0.0,0.0,0.0,0.0,0.0,0.0,0.0,0.0,0.0,0.0,0.0,0.0,0.0,0.0,0.0,0.0,0.0,0.0,0.0,0.0,0.0,0.0,0.0,0.0,0.0,0.0,0.0,0.0,0.0,0.0,0.0,0.0,0.0
0.0,0.0,0.0,0.0,0.0,0.0,0.0,0.0,0.0,0.0,0.0,0.0,0.0,0.0,0.0,0.0,0.0,0.0,0.0,0.0,0.0,0.0,0.0,0.0,0.0,0.0,0.0,0.0,0.0,0.0,0.0,0.0,0.0,0.0,0.0,0.0,0.0
0.0,0.0,0.0,0.0,0.0,0.0,0.0,0.0,0.0,0.0,0.0,0.0,0.0,0.0,0.0,0.0,0.0,0.0,0.0,0.0,0.0,0.0,0.0,0.0,0.0,0.0,0.0,0.0,0.0,0.0,0.0,0.0,0.0,0.0,0.0,0.0,0.0
0.0,0.0,0.0,0.0,0.0,0.0,0.0,0.0,0.0,0.0,0.0,0.0,0.0,0.0,0.0,0.0,0.0,0.0,0.0,0.0,0.0,0.0,0.0,0.0,0.0,0.0,0.0,0.0,0.0,0.0,0.0,0.0,0.0,0.0,0.0,0.0,0.0
0.0,0.0,0.0,0.0,0.0,0.0,0.0,0.0,0.0,0.0,0.0,0.0,0.0,0.0,0.0,0.0,0.0,0.0,0.0,0.0,0.0,0.0,0.0,0.0,0.0,0.0,0.0,0.0,0.0,0.0,0.0,0.0,0.0,0.0,0.0,0.0,0.0
0.0,0.0,0.0,0.0,0.0,0.0,0.0,0.0,0.0,0.0,0.0,0.0,0.0,0.0,0.0,0.0,0.0,0.0,0.0,0.0,0.0,0.0,0.0,0.0,0.0,0.0,0.0,0.0,0.0,0.0,0.0,0.0,0.0,0.0,0.0,0.0,0.0
0.0,0.0,0.0,0.0,0.0,0.0,0.0,0.0,0.0,0.0,0.0,0.0,0.0,0.0,0.0,0.0,0.0,0.0,0.0,0.0,0.0,0.0,0.0,0.0,0.0,0.0,0.0,0.0,0.0,0.0,0.0,0.0,0.0,0.0,0.0,0.0,0.0
0.0,0.0,0.0,0.0,0.0,0.0,0.0,0.0,0.0,0.0,0.0,0.0,0.0,0.0,0.0,0.0,0.0,0.0,0.0,0.0,0.0,0.0,0.0,0.0,0.0,0.0,0.0,0.0,0.0,0.0,0.0,0.0,0.0,0.0,0.0,0.0,0.0
0.0,0.0,0.0,0.0,0.0,0.0,0.0,0.0,0.0,0.0,0.0,0.0,0.0,0.0,0.0,0.0,0.0,0.0,0.0,0.0,0.0,0.0,0.0,0.0,0.0,0.0,0.0,0.0,0.0,0.0,0.0,0.0,0.0,0.0,0.0,0.0,0.0
0.0,0.0,0.0,0.0,0.0,0.0,0.0,0.0,0.0,0.0,0.0,0.0,0.0,0.0,0.0,0.0,0.0,0.0,0.0,0.0,0.0,0.0,0.0,0.0,0.0,0.0,0.0,0.0,0.0,0.0,0.0,0.0,0.0,0.0,0.0,0.0,0.0
0.0,0.0,0.0,0.0,0.0,0.0,0.0,0.0,0.0,0.0,1.8088989937211888,0.0,0.0,0.0,0.0,0.0,9.545828819274856,0.0,0.0,0.0,0.0,0.0,0.0,0.0,0.0,0.0,0.0,0.0,0.0,0.0,0.0,0.0,0.0,0.0,0.0,0.0,0.0
0.0,0.0,0.0,0.0,0.0,0.0,0.0,0.0,0.0,0.0,1.8540504013187316,0.0,0.0,3.215326983481629,0.084898614138363,0.0,0.0,0.0,0.0,0.0,0.0,0.0,0.0,0.0,0.0,0.0,0.0,0.0,0.0,0.0,0.0,0.0,0.0,0.0,0.0,0.0,0.0
0.0,0.0,0.0,0.0303978137671934,0.0,0.0,0.0,0.0,0.0,0.0,1.649300449061929,0.0,0.0,0.4355246853082157,0.073065304756163,0.0,0.0,0.0,0.0,0.0,0.0,17.701831245421936,0.0,0.0,0.0,0.0,0.2538398101925807,0.0,0.0,0.0,0.0,1.020896613597854,0.0,0.0,0.0,0.0,0.0
0.0,0.0,0.0,0.1086020190268748,7.524435054510732,0.4334761044010446,3.0511989627033413,0.0,0.0,0.0,10.589232534542512,0.0,0.0,12.258670986629896,0.1325084041804068,0.0,9.629973804950655,0.0,0.0,0.0,0.0,45.3820079803463,0.0,0.0,0.0,0.0,1.606739645451303,0.0,11.116855943202786,0.0,0.0,3.092229694128025,2.0422084955498354,0.0,0.0,0.0,0.0
0.0,0.0,0.0,0.4158254303038094,91.2007969617842,2.392978781834235,33.853641216270546,0.0,0.0,0.0,62.72888077162185,0.0,0.0,55.60916798189271,1.1097331881523116,0.0,19.24487137794478,0.0,0.0,0.0,0.0,236.6538871765134,0.0,0.0,0.0,10.631250070035438,4.646492279320949,0.0,110.43398471623637,0.0,0.0,29.036218121647806,9.171843312680714,0.0,0.0,0.0,0.0
0.0,0.0,0.0,3.527910761535164,290.5183488726615,20.435132641345252,173.41892045289268,0.0,0.0,0.0,246.8198798537253,0.0,0.0,194.4768941774964,4.315929255634543,0.0,73.35463229417797,0.0,0.0,0.0,0.0,724.6203971862793,0.0,0.0,0.0,81.33413302302361,11.66164640635252,0.0,805.3421567380428,0.0,0.0,131.57391554117203,33.81553606688976,0.0,0.0,0.0,0.0
0.0,0.0,0.0,9.661735057830803,650.7565307617188,111.29287049919364,565.2466109871864,0.0,0.0,0.0,681.9922210037707,0.0,0.0,513.6975452303886,10.744611445069314,0.0,205.5343928337097,0.0,0.0,0.0,0.0,1587.857452392578,0.0,0.0,0.0,292.1863102912902,26.824298405647276,0.0,1757.06282132864,0.0,0.0,314.33726620674133,98.80120259523392,0.0,0.0,0.0,0.0
0.0,0.0,0.0,19.99408847093582,1112.330189228058,236.5157255828381,999.4256292283536,0.0,0.0,0.0,1317.7062739610672,0.0,0.0,904.5044402778148,18.96907659173012,0.0,403.3586413025855,0.0,0.0,0.0,0.0,2241.4767333984373,0.0,0.0,0.0,572.8560401916504,45.39683009386063,0.0,2316.0852739691736,0.0,0.0,417.3328403234482,156.60518264770508,0.0,0.0,0.0,0.0
0.0,0.0,0.0,0.0,1447.203278541565,270.339321821928,1233.7408278107644,0.0,0.0,0.0,1645.2023138403893,0.0,0.0,1055.068459957838,24.410563069581983,0.0,801.2918615221977,0.0,0.0,0.0,0.0,2466.9353424072265,0.0,0.0,0.0,666.5828428268433,56.00777797698974,0.0,2486.657092666625,127.27093576788904,0.0,438.6161028146744,177.89336609840393,0.0,0.0,0.0,0.0
0.0,0.0,0.0,0.0,1630.2014362812042,290.82679983973503,1343.9949052155018,0.0,0.0,0.0,1806.8032225072384,0.0,0.0,1120.342045724392,26.92947292327881,0.0,1053.5737886667252,0.0,0.0,0.0,0.0,2529.1410949707038,0.0,0.0,0.0,686.1957637786866,60.88122020959854,0.0,2550.258684706688,224.22377123832703,0.0,442.07602429389954,0.0,0.0,0.0,0.0,0.0
0.0,0.0,0.0,0.0,0.0,295.94811046123505,0.0,0.0,0.0,0.0,1824.1017624378203,0.0,0.0,0.0,27.10615689754486,0.0,1177.8966873645782,0.0,0.0,0.0,0.0,0.0,0.0,0.0,0.0,0.0,0.0,0.0,0.0,0.0,0.0,435.3154615163803,0.0,0.0,0.0,0.0,0.0
0.0,0.0,0.0,0.0,0.0,0.0,0.0,0.0,0.0,0.0,1731.6122862398624,0.0,0.0,0.0,0.0,0.0,1189.0708718061446,0.0,0.0,0.0,0.0,0.0,0.0,0.0,0.0,0.0,0.0,0.0,2470.672734284401,0.0,0.0,0.0,0.0,0.0,0.0,0.0,0.0
0.0,0.0,0.0,0.0,0.0,0.0,0.0,0.0,0.0,0.0,0.0,0.0,0.0,0.0,0.0,0.0,1029.1375455141067,0.0,0.0,0.0,0.0,0.0,0.0,0.0,0.0,0.0,0.0,0.0,0.0,0.0,0.0,0.0,0.0,0.0,0.0,0.0,0.0
0.0,0.0,0.0,0.0,0.0,0.0,0.0,0.0,0.0,0.0,0.0,0.0,0.0,0.0,0.0,0.0,835.1990426182746,0.0,0.0,0.0,0.0,0.0,0.0,0.0,0.0,0.0,0.0,0.0,0.0,0.0,0.0,0.0,0.0,0.0,0.0,0.0,0.0
0.0,0.0,0.0,0.0,0.0,0.0,0.0,0.0,0.0,0.0,0.0,0.0,0.0,0.0,0.0,0.0,0.0,0.0,0.0,0.0,0.0,0.0,0.0,0.0,0.0,0.0,0.0,0.0,0.0,0.0,0.0,0.0,0.0,0.0,0.0,0.0,0.0
0.0,0.0,0.0,0.0,0.0,0.0,0.0,0.0,0.0,0.0,0.0,0.0,0.0,0.0,0.0,0.0,0.0,0.0,0.0,0.0,0.0,0.0,0.0,0.0,0.0,0.0,0.0,0.0,0.0,0.0,0.0,0.0,0.0,0.0,0.0,0.0,0.0
0.0,0.0,0.0,0.0,0.0,0.0,0.0,0.0,0.0,0.0,0.0,0.0,0.0,0.0,0.0,0.0,0.0,0.0,0.0,0.0,0.0,0.0,0.0,0.0,0.0,0.0,0.0,0.0,0.0,0.0,0.0,0.0,0.0,0.0,0.0,0.0,0.0
0.0,0.0,0.0,0.0,0.0,0.0,0.0,0.0,0.0,0.0,0.0,0.0,0.0,0.0,0.0,0.0,0.0,0.0,0.0,0.0,0.0,0.0,0.0,0.0,0.0,0.0,0.0,0.0,0.0,0.0,0.0,0.0,0.0,0.0,0.0,0.0,0.0
0.0,0.0,0.0,0.0,0.0,0.0,0.0,0.0,0.0,0.0,0.0,0.0,0.0,0.0,0.0,0.0,0.0,0.0,0.0,0.0,0.0,0.0,0.0,0.0,0.0,0.0,0.0,0.0,0.0,0.0,0.0,0.0,0.0,0.0,0.0,0.0,0.0
0.0,0.0,0.0,0.0,0.0,0.0,0.0,0.0,0.0,0.0,0.0,0.0,0.0,0.0,0.0,0.0,0.0,0.0,0.0,0.0,0.0,0.0,0.0,0.0,0.0,0.0,0.0,0.0,0.0,0.0,0.0,0.0,0.0,0.0,0.0,0.0,0.0
0.0,0.0,0.0,0.0,0.0,0.0,0.0,0.0,0.0,0.0,0.0,0.0,0.0,0.0,0.0,0.0,0.0,0.0,0.0,0.0,0.0,0.0,0.0,0.0,0.0,0.0,0.0,0.0,0.0,0.0,0.0,0.0,0.0,0.0,0.0,0.0,0.0
0.0,0.0,0.0,0.0,0.0,0.0,0.0,0.0,0.0,0.0,0.0,0.0,0.0,0.0,0.0,0.0,0.0,0.0,0.0,0.0,0.0,0.0,0.0,0.0,0.0,0.0,0.0,0.0,0.0,0.0,0.0,0.0,0.0,0.0,0.0,0.0,0.0
0.0,0.0,0.0,0.0,0.0,0.0,0.0,0.0,0.0,0.0,0.0,0.0,0.0,0.0,0.0,0.0,0.0,0.0,0.0,0.0,0.0,0.0,0.0,0.0,0.0,0.0,0.0,0.0,0.0,0.0,0.0,0.0,0.0,0.0,0.0,0.0,0.0
0.0,0.0,0.0,0.0,0.0,0.0,0.0,0.0,0.0,0.0,0.0,0.0,0.0,0.0,0.0,0.0,0.0,0.0,0.0,0.0,0.0,0.0,0.0,0.0,0.0,0.0,0.0,0.0,0.0,0.0,0.0,0.0,0.0,0.0,0.0,0.0,0.0
0.0,0.0,0.0,0.0,0.0,0.0,0.0,0.0,0.0,0.0,1.887994215590842,0.0,0.0,0.0,0.0,0.0,11.2819856286048,0.0,0.0,0.0,0.0,0.0,0.0,0.0,0.0,0.0,0.0,0.0,0.0,0.0,0.0,1.0914047360419812,0.0,0.0,0.0,0.0,0.0
0.0,0.0,0.0,0.0,0.0,0.0,0.0,0.0,0.0,0.0,1.933799346489821,0.0,0.0,0.1102226786315441,0.0,0.0189158311113707,12.292338311672031,0.0,0.0,0.0,0.0,0.0,0.0,0.0,0.0,0.0,0.0,0.0,0.0,0.0,0.0,1.1350910663604696,0.0,0.0,0.0,0.0,0.0
0.0,0.0,0.0,0.0462094787508248,2.3642821982502347,0.0,0.4828684605657544,0.0,0.0,0.0,1.6797361955044503,0.0,0.0,0.0,0.0243727102875707,0.0,16.74050087928772,0.0,0.0,0.0,0.0,28.47134084701513,0.0,0.0,0.0,0.0,0.8343911074101881,0.0,0.0,0.0,0.0,1.2072946131228877,0.0,0.0,0.0,0.0,0.0
0.0,0.0,0.0,0.1825266182422638,6.817525062709982,0.4515953059308067,10.324247195199042,0.0,0.0,0.0,2.381500213127408,0.0,0.0,35.3845498012378,0.0145345017313945,0.0,4.252906978130308,0.0,0.0,0.0,0.0,29.356268596648835,0.0,0.0,0.0,5.334892046451498,0.6106106489896757,0.0,25.707189399003816,0.5639244116842729,0.0,3.119813978672027,1.7424026094376988,0.0,0.0,0.0,0.0
0.0,0.0,0.0,0.349206291139124,21.097483690827968,1.5055986526422185,23.735928037203795,0.0,0.0,0.0,13.160518051776894,0.0,0.0,148.46987983211872,0.2113768659532069,0.088419154752045,11.219658279418828,0.0,0.0,0.0,0.0,139.83543252944938,0.0,0.0,0.0,34.45329255759709,1.4115574397146624,0.0,137.10786705836654,1.0812395304441205,0.0,20.79610159993168,6.002486683428264,0.0,0.0,0.0,0.0
0.0,0.0,0.0,0.7374019436538177,57.88922683894618,9.099114288575931,59.85628121383484,0.0,0.0,0.0,70.69096358343938,0.0,0.0,0.0,0.8762727867811914,0.2844698913395403,42.69123120307922,0.0,0.0,0.0,0.0,394.7876071929928,0.0,0.0,0.0,84.49877813458438,3.1052237011492205,0.0,412.05575093626976,4.364397655427444,0.0,96.7513891458511,17.306189943104975,0.0,0.0,0.0,0.0
0.0,0.0,0.0,1.6858686804771366,117.41074308753002,45.94717464968561,151.1593270063399,0.0,0.0,0.0,234.37263219729056,0.0,0.0,0.0,2.307272256910799,0.4849526174366471,131.0440790176391,0.0,0.0,0.0,0.0,751.5315711975094,0.0,0.0,0.0,167.2702360987663,5.572994087636467,0.0,881.6916665077208,9.420750301331246,0.0,269.7413272857666,52.98212958872316,0.0,0.0,0.0,0.0
0.0,0.0,0.0,3.4077000021934456,188.92126077413556,151.6471271365881,344.5429605796933,0.0,0.0,0.0,608.9972864598036,0.0,0.0,0.0,4.7801695257425285,0.5979214981198303,268.82717243432995,0.0,0.0,0.0,0.0,1166.39337310791,0.0,0.0,0.0,302.9383002996445,8.974343504011628,0.0,1383.8361114144325,11.57150967605411,0.0,381.7117062807083,102.52654388546944,0.0,0.0,0.0,0.0
0.0,0.0,0.0,6.093612536787981,361.9912660121916,191.1471245288849,497.68514560461045,0.0,0.0,0.0,825.8286047518252,0.0,0.0,0.0,9.8592228859663,1.1482441946864124,645.4152060508728,0.0,0.0,0.0,0.0,1363.847592163086,0.0,0.0,0.0,404.2140769958496,13.999685168266293,0.0,1626.5371941566468,124.98201355040072,0.0,382.1008824110031,128.27729198336598,0.0,0.0,0.0,0.0
0.0,0.0,0.0,8.7650710940361,563.5547293424605,215.26654332876203,696.5953094035387,0.0,0.0,0.0,963.6227797746656,0.0,0.0,0.0,14.06377509534359,1.5584976077079773,921.7566544055938,0.0,0.0,0.0,0.0,1627.3150787353516,0.0,0.0,0.0,466.9991544723511,21.65671358704566,0.0,1841.1647244930268,223.33779049515724,0.0,373.7240868806839,145.65887361764905,0.0,0.0,0.0,0.0
0.0,0.0,0.0,0.0,0.0,224.5727162659168,0.0,0.0,0.0,0.0,985.2512777119874,0.0,0.0,0.0,0.0,1.9019606709480288,1076.9506507396698,0.0,0.0,0.0,0.0,1714.2916107177734,0.0,0.0,0.0,510.3851971149445,0.0,0.0,0.0,253.3503090918064,0.0,360.4074528217316,0.0,0.0,0.0,0.0,0.0
0.0,0.0,0.0,0.0,0.0,0.0,0.0,0.0,0.0,0.0,921.3760057210922,0.0,0.0,0.0,0.0,0.0,1109.7773685455322,0.0,0.0,0.0,0.0,0.0,0.0,0.0,0.0,0.0,0.0,0.0,0.0,0.0,0.0,341.4029482603073,0.0,0.0,0.0,0.0,0.0
0.0,0.0,0.0,0.0,0.0,0.0,0.0,0.0,0.0,0.0,0.0,0.0,0.0,0.0,0.0,0.0,0.0,0.0,0.0,0.0,0.0,0.0,0.0,0.0,0.0,0.0,0.0,0.0,0.0,0.0,0.0,0.0,0.0,0.0,0.0,0.0,0.0
0.0,0.0,0.0,0.0,0.0,0.0,0.0,0.0,0.0,0.0,0.0,0.0,0.0,0.0,0.0,0.0,0.0,0.0,0.0,0.0,0.0,0.0,0.0,0.0,0.0,0.0,0.0,0.0,0.0,0.0,0.0,0.0,0.0,0.0,0.0,0.0,0.0
0.0,0.0,0.0,0.0,0.0,0.0,0.0,0.0,0.0,0.0,0.0,0.0,0.0,0.0,0.0,0.0,0.0,0.0,0.0,0.0,0.0,0.0,0.0,0.0,0.0,0.0,0.0,0.0,0.0,0.0,0.0,0.0,0.0,0.0,0.0,0.0,0.0
0.0,0.0,0.0,0.0,0.0,0.0,0.0,0.0,0.0,0.0,0.0,0.0,0.0,0.0,0.0,0.0,0.0,0.0,0.0,0.0,0.0,0.0,0.0,0.0,0.0,0.0,0.0,0.0,0.0,0.0,0.0,0.0,0.0,0.0,0.0,0.0,0.0
0.0,0.0,0.0,0.0,0.0,0.0,0.0,0.0,0.0,0.0,0.0,0.0,0.0,0.0,0.0,0.0,0.0,0.0,0.0,0.0,0.0,0.0,0.0,0.0,0.0,0.0,0.0,0.0,0.0,0.0,0.0,0.0,0.0,0.0,0.0,0.0,0.0
0.0,0.0,0.0,0.0,0.0,0.0,0.0,0.0,0.0,0.0,0.0,0.0,0.0,0.0,0.0,0.0,0.0,0.0,0.0,0.0,0.0,0.0,0.0,0.0,0.0,0.0,0.0,0.0,0.0,0.0,0.0,0.0,0.0,0.0,0.0,0.0,0.0
0.0,0.0,0.0,0.0,0.0,0.0,0.0,0.0,0.0,0.0,0.0,0.0,0.0,0.0,0.0,0.0,0.0,0.0,0.0,0.0,0.0,0.0,0.0,0.0,0.0,0.0,0.0,0.0,0.0,0.0,0.0,0.0,0.0,0.0,0.0,0.0,0.0
0.0,0.0,0.0,0.0,0.0,0.0,0.0,0.0,0.0,0.0,0.0,0.0,0.0,0.0,0.0,0.0,0.0,0.0,0.0,0.0,0.0,0.0,0.0,0.0,0.0,0.0,0.0,0.0,0.0,0.0,0.0,0.0,0.0,0.0,0.0,0.0,0.0
0.0,0.0,0.0,0.0,0.0,0.0,0.0,0.0,0.0,0.0,0.0,0.0,0.0,0.0,0.0,0.0,0.0,0.0,0.0,0.0,0.0,0.0,0.0,0.0,0.0,0.0,0.0,0.0,0.0,0.0,0.0,0.0,0.0,0.0,0.0,0.0,0.0
0.0,0.0,0.0,0.0,0.0,0.0,0.0,0.0,0.0,0.0,0.0,0.0,0.0,0.0,0.0,0.0,0.0,0.0,0.0,0.0,0.0,0.0,0.0,0.0,0.0,0.0,0.0,0.0,0.0,0.0,0.0,0.0,0.0,0.0,0.0,0.0,0.0
0.0,0.0,0.0,0.0,0.0,0.0,0.0,0.0,0.0,0.0,0.0,0.0,0.0,0.0,0.0,0.0,0.0,0.0,0.0,0.0,0.0,0.0,0.0,0.0,0.0,0.0,0.0,0.0,0.0,0.0,0.0,0.0,0.0,0.0,0.0,0.0,0.0
0.0,0.0,0.0,0.0,0.0,0.0,0.0,0.0,0.0,0.0,0.0,0.0,0.0,0.0,0.0,0.0,0.0,0.0,0.0,0.0,0.0,0.0,0.0,0.0,0.0,0.0,0.0,0.0,0.0,0.0,0.0,0.0,0.0,0.0,0.0,0.0,0.0
0.0,0.0,0.0,0.0,0.0,0.0,0.0,0.0,0.0,0.0,0.0,0.0,0.0,0.0,0.0,0.0,0.0,0.0,0.0,0.0,0.0,0.0,0.0,0.0,0.0,0.0,0.0,0.0,0.0,0.0,0.0,0.0,0.0,0.0,0.0,0.0,0.0
0.0,0.0,0.0,0.0,0.0,0.0,0.0,0.0,0.0,0.0,0.0,0.0,0.0,5.217939899302922,0.0,0.0,11.37477186918256,0.0,0.0,0.0,0.0,0.0,0.0,0.0,0.0,0.0,0.0,0.0,0.0,0.0,0.0,1.2101068645715365,0.0,0.0,0.0,0.0,0.0
0.0,0.0,0.0,0.0369409639388308,2.480721712112304,0.0,0.6666966546326321,0.0,0.0,0.0,1.710468607302658,0.0,0.0,0.7002810388803223,0.0,0.0,14.168164765834671,0.0,0.0,0.0,0.0,0.0,0.0,0.0,0.0,0.0,0.0,0.0,0.0,1.0532224074005725,0.0,1.4212813824415051,0.0,0.0,0.0,0.0,0.0
0.0,0.0,0.0,0.1442814934998743,6.60245111584659,0.6314454199746007,10.917256175726504,0.0,0.0,0.0,3.800805547693649,0.0,0.0,22.701091878115992,0.0154571279883356,0.0118010267615318,1.0324767470359744,0.0,0.0,0.0,0.0,9.959052944182927,0.0,0.0,0.0,0.0,0.0723130643367705,0.0,11.915520147979136,0.5410210140049221,0.0,3.078294023871376,2.1948168827220718,0.0,0.0,0.0,0.0
0.0,0.0,0.0,0.3374369703233208,20.020825132727605,2.06372145703062,44.763641388714206,0.0,0.0,0.0,20.43832103060552,0.0,0.0,91.71079967170944,0.1617348399013269,0.0970396520569918,8.11144179105756,0.0,0.0,0.0,0.0,119.80185995101888,0.0,0.0,0.0,11.61246710419652,1.0271304352208914,0.0,41.97626887038335,1.0184192009270017,0.0,14.103337854146933,9.096496373414992,0.0,0.0,0.0,0.0
0.0,0.0,0.0,0.7124333214014728,55.89630325138561,14.33128915727138,139.19823766797782,0.0,0.0,0.0,64.50685558058306,0.0,0.0,0.0,0.5064224392175668,0.2456747628748413,26.98173621892929,0.0,0.0,0.0,0.0,382.0183357238767,0.0,0.0,0.0,34.77595212161534,2.891755624487995,0.0,204.78869420289985,4.885921493172618,0.0,41.675189286470406,27.0159479677677,0.0,0.0,0.0,0.0
0.0,0.0,0.0,1.600396201014514,116.76595282554612,70.38376950472593,338.0948244392872,0.0,0.0,0.0,181.28385825008144,0.0,0.0,692.1605921536684,1.2947810780256963,0.4283537641167628,93.82821657657624,0.0,0.0,0.0,0.0,766.493283843994,0.0,0.0,0.0,70.76358686685555,5.913463099300857,0.0,484.96033286154255,12.01504627317187,0.0,106.4749884903431,69.8459905385971,0.0,0.0,0.0,0.0
0.0,0.0,0.0,2.1591126397252074,185.0070359408854,198.56902359426024,590.4504248052834,0.0,0.0,0.0,544.0587997391817,0.0,0.0,0.0,2.123384318500757,0.5099537298083293,195.5573592662809,0.0,0.0,0.0,0.0,1222.9020446777342,0.0,0.0,0.0,121.34718270301816,10.240234778821462,0.0,920.041607183218,16.054876131191847,0.0,271.68561118841166,125.75222754478452,0.0,0.0,0.0,0.0
0.0,0.0,0.0,4.112076640129087,350.82338327169407,234.950853317976,735.437802785635,0.0,0.0,0.0,732.3520296782256,0.0,0.0,0.0,5.003009395301341,0.9039616137742996,546.3104308605194,0.0,0.0,0.0,0.0,1449.3139923095705,0.0,0.0,0.0,182.41115794181823,15.4532073199749,0.0,1248.9028395950793,127.47229822278022,0.0,341.91907489299774,154.7514492869377,0.0,0.0,0.0,0.0
0.0,0.0,0.0,6.461961686611173,541.5215339660645,257.766158670187,874.5499770581722,0.0,0.0,0.0,859.0862490087748,0.0,0.0,0.0,8.234282433986664,1.2135536894202228,835.0229081034661,0.0,0.0,0.0,0.0,1730.6089111328122,0.0,0.0,0.0,273.6720522880554,25.26484547257423,0.0,1549.4835639595983,225.9047283291817,0.0,371.71792447566986,169.2855082154274,0.0,0.0,0.0,0.0
0.0,0.0,0.0,9.336148709058758,0.0,0.0,0.0,0.0,0.0,0.0,946.2148635655642,0.0,0.0,0.0,10.25438308417797,0.0,1008.4201062440872,0.0,0.0,0.0,0.0,0.0,0.0,0.0,0.0,0.0,0.0,0.0,0.0,0.0,0.0,0.0,0.0,0.0,0.0,0.0,0.0
0.0,0.0,0.0,0.0,0.0,0.0,0.0,0.0,0.0,0.0,0.0,0.0,0.0,0.0,0.0,0.0,1047.3438728809356,0.0,0.0,0.0,0.0,0.0,0.0,0.0,0.0,0.0,0.0,0.0,0.0,0.0,0.0,0.0,0.0,0.0,0.0,0.0,0.0
0.0,0.0,0.0,0.0,0.0,0.0,0.0,0.0,0.0,0.0,0.0,0.0,0.0,0.0,0.0,0.0,0.0,0.0,0.0,0.0,0.0,0.0,0.0,0.0,0.0,0.0,0.0,0.0,0.0,0.0,0.0,0.0,0.0,0.0,0.0,0.0,0.0
0.0,0.0,0.0,0.0,0.0,0.0,0.0,0.0,0.0,0.0,0.0,0.0,0.0,0.0,0.0,0.0,0.0,0.0,0.0,0.0,0.0,0.0,0.0,0.0,0.0,0.0,0.0,0.0,0.0,0.0,0.0,0.0,0.0,0.0,0.0,0.0,0.0
0.0,0.0,0.0,0.0,0.0,0.0,0.0,0.0,0.0,0.0,0.0,0.0,0.0,0.0,0.0,0.0,0.0,0.0,0.0,0.0,0.0,0.0,0.0,0.0,0.0,0.0,0.0,0.0,0.0,0.0,0.0,0.0,0.0,0.0,0.0,0.0,0.0
0.0,0.0,0.0,0.0,0.0,0.0,0.0,0.0,0.0,0.0,0.0,0.0,0.0,0.0,0.0,0.0,0.0,0.0,0.0,0.0,0.0,0.0,0.0,0.0,0.0,0.0,0.0,0.0,0.0,0.0,0.0,0.0,0.0,0.0,0.0,0.0,0.0
0.0,0.0,0.0,0.0,0.0,0.0,0.0,0.0,0.0,0.0,0.0,0.0,0.0,0.0,0.0,0.0,0.0,0.0,0.0,0.0,0.0,0.0,0.0,0.0,0.0,0.0,0.0,0.0,0.0,0.0,0.0,0.0,0.0,0.0,0.0,0.0,0.0
0.0,0.0,0.0,0.0,0.0,0.0,0.0,0.0,0.0,0.0,0.0,0.0,0.0,0.0,0.0,0.0,0.0,0.0,0.0,0.0,0.0,0.0,0.0,0.0,0.0,0.0,0.0,0.0,0.0,0.0,0.0,0.0,0.0,0.0,0.0,0.0,0.0
0.0,0.0,0.0,0.0,0.0,0.0,0.0,0.0,0.0,0.0,0.0,0.0,0.0,0.0,0.0,0.0,0.0,0.0,0.0,0.0,0.0,0.0,0.0,0.0,0.0,0.0,0.0,0.0,0.0,0.0,0.0,0.0,0.0,0.0,0.0,0.0,0.0
0.0,0.0,0.0,0.0,0.0,0.0,0.0,0.0,0.0,0.0,0.0,0.0,0.0,0.0,0.0,0.0,0.0,0.0,0.0,0.0,0.0,0.0,0.0,0.0,0.0,0.0,0.0,0.0,0.0,0.0,0.0,0.0,0.0,0.0,0.0,0.0,0.0
0.0,0.0,0.0,0.0,0.0,0.0,0.0,0.0,0.0,0.0,0.0,0.0,0.0,0.0,0.0,0.0,0.0,0.0,0.0,0.0,0.0,0.0,0.0,0.0,0.0,0.0,0.0,0.0,0.0,0.0,0.0,0.0,0.0,0.0,0.0,0.0,0.0
0.0,0.0,0.0,0.0,0.0,0.0,0.0,0.0,0.0,0.0,0.0,0.0,0.0,0.0,0.0,0.0,0.0,0.0,0.0,0.0,0.0,0.0,0.0,0.0,0.0,0.0,0.0,0.0,0.0,0.0,0.0,0.0,0.0,0.0,0.0,0.0,0.0
0.0,0.0,0.0,0.0,0.0,0.0,0.0,0.0,0.0,0.0,0.0,0.0,0.0,0.0,0.0,0.0,0.0,0.0,0.0,0.0,0.0,0.0,0.0,0.0,0.0,0.0,0.0,0.0,0.0,0.0,0.0,0.0,0.0,0.0,0.0,0.0,0.0
0.0,0.0,0.0,0.0,0.0,0.0,0.0,0.0,0.0,0.0,0.0,0.0,0.0,0.0,0.0,0.0,0.0,0.0,0.0,0.0,0.0,0.0,0.0,0.0,0.0,0.0,0.0,0.0,0.400107695162252,0.0,0.0,0.0,0.0,0.0,0.0,0.0,0.0
0.0,0.0,0.0,0.0,0.0,0.1876195850781945,0.0,0.0,0.0,0.0,1.7770773962605328,0.0,0.0,0.0,0.0,0.0,11.486005043983296,0.0,0.0,0.0,0.0,23.4179586410519,0.0,0.0,0.0,0.0,0.0,0.0,0.385813225805611,0.0,0.0,1.0675342381000277,0.0893128104507788,0.0,0.0,0.0,0.0
0.0,0.0,0.0,0.0,1.1884137690066974,0.111369487363804,0.0,0.0,0.0,0.0,1.8443367299623763,0.0,0.0,3.582951198331869,0.0,0.0,12.447513186931545,0.0,0.0,0.0,0.0,25.906034946441245,0.0,0.0,0.0,0.1116857888176683,0.0,0.0,0.0,0.0,0.0,1.112386733293486,0.0,0.0,0.0,0.0,0.0
0.0,0.0,0.0,0.0,1.9419657811521829,0.0,0.0,0.0,0.0,0.0,1.6829317051916983,0.0,0.0,1.0566610610111955,0.0,0.0,16.552660834789247,0.0,0.0,0.0,0.0,9.56837253570538,0.0,0.0,0.0,0.0,0.0,0.0,0.0,0.597292494773842,0.0,1.1614329367875806,0.0,0.0,0.0,0.0,0.0
0.0,0.0,0.0,0.0385489631444206,5.705086864530902,0.8021521423943215,0.0,0.0,0.0,0.0,10.043338613770716,0.0,0.0,7.231842530891202,0.0,0.0493125505745405,5.034542191028426,0.0,0.0,0.0,0.0,68.60957899093601,0.0,0.0,0.0,0.0,0.0,0.0,16.959111599623924,0.4468798488378376,0.0,3.280856862664192,7.191934118047346,0.0,0.0,0.0,0.0
0.0,0.0,0.0,0.2407881803810554,64.60731737315648,7.659139888361086,42.14355555195347,0.0,0.0,0.0,46.31960795857006,0.0,0.0,27.28497823700296,1.007367831096051,0.2654703389853229,13.312864387035184,0.0,0.0,0.0,0.0,368.2943336486814,0.0,0.0,0.0,12.300329273939049,0.0,0.0,149.2947759538888,0.7149638257920482,0.0,22.947106167674058,30.386906504631035,0.0,0.0,0.0,0.0
0.0,0.0,0.0,1.1329822205007027,218.44907286763188,51.09662901982663,204.7161450654267,0.0,0.0,0.0,182.3526841931045,0.0,0.0,84.32174898684012,2.844982919096946,0.0,40.68707292079908,0.0,0.0,0.0,0.0,1053.2681343078614,0.0,0.0,0.0,80.42651000022889,9.671999661624424,0.0,844.2067768514155,1.6463999055325709,0.0,109.47648158669467,98.0431008338928,0.0,0.0,0.0,0.0
0.0,0.0,0.0,3.373745396733284,496.1287346482275,187.86074639856812,620.4906070560215,0.0,0.0,0.0,568.8593792766331,0.0,0.0,255.5768586695193,6.375534680485726,0.0,127.27042461633664,0.0,0.0,0.0,0.0,1962.3375549316409,0.0,0.0,0.0,287.6503149271011,22.69525286853313,0.0,1668.1158784627914,3.784130410104954,0.0,297.8249098062515,162.76563048362732,0.0,0.0,0.0,0.0
0.0,0.0,0.0,7.95086270570755,890.087339401245,288.1936095058918,1041.0756887257098,0.0,0.0,0.0,1194.8095142424106,0.0,0.0,590.6242572516202,12.8530049175024,0.0,254.2956459641456,0.0,0.0,0.0,0.0,2605.3286041259767,0.0,0.0,0.0,590.9671285152435,40.8799077451229,0.0,2193.028742659092,3.211311162263144,0.0,414.6874760389328,206.32991003990173,0.0,0.0,0.0,0.0
0.0,0.0,0.0,13.072629809379578,1253.8054873943329,315.37695771455765,1260.5191688418388,0.0,0.0,0.0,1531.5970452487468,0.0,0.0,780.4973828792572,17.959420108795165,0.0,612.2865346074103,0.0,0.0,0.0,0.0,2852.9073852539063,0.0,0.0,0.0,674.8085486888885,52.65741996765136,0.0,2335.961340904236,78.89857326447962,0.0,438.9862614870072,220.1427165865898,0.0,0.0,0.0,0.0
0.0,0.0,0.0,20.040629446506497,1466.4724159240725,328.84004881978035,1364.7116814017295,0.0,0.0,0.0,1698.7282029986382,0.0,0.0,0.0,21.5424967110157,0.0,867.7762671709061,0.0,0.0,0.0,0.0,2946.424200439453,0.0,0.0,0.0,704.0955500602722,58.46447305679321,0.0,2377.852932715416,184.17740884423253,0.0,442.3196630477905,220.55074924230576,0.0,0.0,0.0,0.0
0.0,0.0,0.0,0.0,0.0,326.8630669116974,0.0,0.0,0.0,0.0,1722.101500082016,0.0,0.0,0.0,23.01728444695473,0.0,1006.9928283333778,0.0,0.0,0.0,0.0,2893.160546875,0.0,0.0,0.0,0.0,0.0,0.0,2343.153343975544,0.0,0.0,426.0362696647644,209.59590023756027,0.0,0.0,0.0,0.0
0.0,0.0,0.0,0.0,0.0,310.7274241447449,0.0,0.0,0.0,0.0,1624.432077252865,0.0,0.0,0.0,0.0,0.0,1029.3801135063172,0.0,0.0,0.0,0.0,2770.2716674804688,0.0,0.0,0.0,0.0,0.0,0.0,2288.03057141304,0.0,0.0,0.0,0.0,0.0,0.0,0.0,0.0
0.0,0.0,0.0,0.0,0.0,0.0,0.0,0.0,0.0,0.0,0.0,0.0,0.0,0.0,0.0,0.0,0.0,0.0,0.0,0.0,0.0,2165.092309570312,0.0,0.0,0.0,0.0,0.0,0.0,0.0,0.0,0.0,0.0,0.0,0.0,0.0,0.0,0.0
0.0,0.0,0.0,0.0,0.0,0.0,0.0,0.0,0.0,0.0,0.0,0.0,0.0,0.0,0.0,0.0,659.2136354207993,0.0,0.0,0.0,0.0,0.0,0.0,0.0,0.0,0.0,0.0,0.0,0.0,0.0,0.0,0.0,0.0,0.0,0.0,0.0,0.0
0.0,0.0,0.0,0.0,0.0,0.0,0.0,0.0,0.0,0.0,0.0,0.0,0.0,0.0,0.0,0.0,0.0,0.0,0.0,0.0,0.0,0.0,0.0,0.0,0.0,0.0,0.0,0.0,0.0,0.0,0.0,0.0,0.0,0.0,0.0,0.0,0.0
0.0,0.0,0.0,0.0,0.0,0.0,0.0,0.0,0.0,0.0,0.0,0.0,0.0,0.0,0.0,0.0,0.0,0.0,0.0,0.0,0.0,0.0,0.0,0.0,0.0,0.0,0.0,0.0,0.0,0.0,0.0,0.0,0.0,0.0,0.0,0.0,0.0
0.0,0.0,0.0,0.0,0.0,0.0,0.0,0.0,0.0,0.0,0.0,0.0,0.0,0.0,0.0,0.0,0.0,0.0,0.0,0.0,0.0,0.0,0.0,0.0,0.0,0.0,0.0,0.0,0.0,0.0,0.0,0.0,0.0,0.0,0.0,0.0,0.0
0.0,0.0,0.0,0.0,0.0,0.0,0.0,0.0,0.0,0.0,0.0,0.0,0.0,0.0,0.0,0.0,0.0,0.0,0.0,0.0,0.0,0.0,0.0,0.0,0.0,0.0,0.0,0.0,0.0,0.0,0.0,0.0,0.0,0.0,0.0,0.0,0.0
0.0,0.0,0.0,0.0,0.0,0.0,0.0,0.0,0.0,0.0,0.0,0.0,0.0,0.0,0.0,0.0,0.0,0.0,0.0,0.0,0.0,0.0,0.0,0.0,0.0,0.0,0.0,0.0,0.0,0.0,0.0,0.0,0.0,0.0,0.0,0.0,0.0
0.0,0.0,0.0,0.0,0.0,0.0,0.0,0.0,0.0,0.0,0.0,0.0,0.0,0.0,0.0,0.0,0.0,0.0,0.0,0.0,0.0,0.0,0.0,0.0,0.0,0.0,0.0,0.0,0.0,0.0,0.0,0.0,0.0,0.0,0.0,0.0,0.0
0.0,0.0,0.0,0.0,0.0,0.0,0.0,0.0,0.0,0.0,0.0,0.0,0.0,0.0,0.0,0.0,0.0,0.0,0.0,0.0,0.0,0.0,0.0,0.0,0.0,0.0,0.0,0.0,0.0,0.0,0.0,0.0,0.0,0.0,0.0,0.0,0.0
0.0,0.0,0.0,0.0,0.0,0.0,0.0,0.0,0.0,0.0,0.0,0.0,0.0,0.0,0.0,0.0,0.0,0.0,0.0,0.0,0.0,0.0,0.0,0.0,0.0,0.0,0.0,0.0,0.0,0.0,0.0,0.0,0.0,0.0,0.0,0.0,0.0
0.0,0.0,0.0,0.0,0.0,0.0,0.0,0.0,0.0,0.0,0.0,0.0,0.0,0.0,0.0,0.0,0.0,0.0,0.0,0.0,0.0,0.0,0.0,0.0,0.0,0.0,0.0,0.0,0.0,0.0,0.0,0.0,0.0,0.0,0.0,0.0,0.0
0.0,0.0,0.0,0.0,0.0,0.0,0.0,0.0,0.0,0.0,0.0,0.0,0.0,0.0,0.0,0.0,0.0,0.0,0.0,0.0,0.0,0.0,0.0,0.0,0.0,0.0,0.0,0.0,0.2972189322113042,0.0,0.0,0.0,0.2962904050945982,0.0,0.0,0.0,0.0
0.0,0.0,0.0,0.0,0.0,0.2830467699095527,0.0,0.0,0.0,0.0,1.8112596023361205,0.0,0.0,0.0,0.063122490048405,0.0193600803613658,0.0,0.0,0.0,0.0,0.0,0.0,0.0,0.0,0.0,0.0,0.0,0.0,0.0,0.0,0.0,1.0586893260478936,0.3777729952707764,0.0,0.0,0.0,0.0
0.0,0.0,0.0,0.0323507636785466,1.2883902341127234,0.2373102675191678,0.0,0.0,0.0,0.0,1.873119626566761,0.0,0.0,1.2314610276370608,0.045308846980332,0.0064491871744391,0.0,0.0,0.0,0.0,0.0,0.0,0.0,0.0,0.0,1.6994721679016658,0.884853716567156,0.0,0.0,0.0,0.0,1.114907443523377,0.0006407164037227,0.0,0.0,0.0,0.0
0.0,0.0,0.0,0.0350952986627808,3.2332785315809662,0.0,7.989230772852808,0.0,0.0,0.0,1.6647651902399137,0.0,0.0,0.0,0.0082225665450068,0.0,15.549172127246669,0.0,0.0,0.0,0.0,0.0040571212768554,0.0,0.0,0.0,0.6553524000569481,0.1381940368562917,0.0,0.0,0.6821258597075717,0.0,1.2545377463101828,0.0,0.0,0.0,0.0,0.0
0.0,0.0,0.0,0.1102143488824306,7.084213051944773,0.4689335683360566,22.02759400382625,0.0,0.0,0.0,9.676884852349692,0.0,0.0,46.03286005556581,0.0327963821589939,0.0,0.0,0.0,0.0,0.0,0.0,18.72177286148057,0.0,0.0,0.0,2.166045708581801,0.310252904519438,0.0,27.86282679438578,0.4836746551096079,0.0,2.9193861186503987,3.888321205973617,0.0,0.0,0.0,0.0
0.0,0.0,0.0,0.3016660325229128,19.991659089922905,1.4774694582447232,58.46782614439726,0.0,0.0,0.0,39.718201990425534,0.0,0.0,180.69904796779156,0.3300756890326716,0.06747106462717,7.136879837512801,0.0,0.0,0.0,0.0,73.07416934967002,0.0,0.0,0.0,16.67764959037304,1.2384492073208042,0.0,205.69327100068327,0.7099291786551262,0.0,10.5444628000259,17.73263637349009,0.0,0.0,0.0,0.0
0.0,0.0,0.0,1.0337501689791653,63.70012337714414,10.95434038527307,160.80191788375373,0.0,0.0,0.0,135.82561391331248,0.0,0.0,503.9415464550256,2.090558908134698,0.2095700949430465,24.03568115234375,0.0,0.0,0.0,0.0,237.7343036651608,0.0,0.0,0.0,72.0079338252544,4.33726313188672,0.0,724.3555839419365,1.5614845335483325,0.0,59.791412606835344,58.74403217434881,0.0,0.0,0.0,0.0
0.0,0.0,0.0,2.8395097181200954,142.62328937649715,58.23212385922667,344.8955099746584,0.0,0.0,0.0,413.90028239935634,0.0,0.0,932.030861377716,5.700620497763156,0.3817318677902209,84.82200654745094,0.0,0.0,0.0,0.0,486.491619110107,0.0,0.0,0.0,192.36068470478057,10.172980321943758,0.0,1303.868687158823,3.365308687835899,0.0,214.07346022129056,114.91988962888716,0.0,0.0,0.0,0.0
0.0,0.0,0.0,6.131472811102863,251.65223202109323,174.19945144653315,582.160006147623,0.0,0.0,0.0,969.3342151045798,0.0,0.0,1245.37054926157,11.78097283244133,0.5727769881486887,161.57449058294287,0.0,0.0,0.0,0.0,755.134634399414,0.0,0.0,0.0,470.5485442638397,20.87425076067448,0.0,1805.3277044057843,1.987669317424285,0.0,347.8537417650223,161.80125951766968,0.0,0.0,0.0,0.0
0.0,0.0,0.0,10.61963787674904,453.7866718769073,213.72409291565413,747.6844176948069,0.0,0.0,0.0,1292.82150927186,0.0,0.0,1331.0770638287067,17.184115925431247,1.1022303700447078,416.1577493786812,0.0,0.0,0.0,0.0,780.9216972351073,0.0,0.0,0.0,584.1418841361999,35.62961754798889,0.0,1969.527802658081,84.9157410159707,0.0,388.3434526920319,177.179745554924,0.0,0.0,0.0,0.0
0.0,0.0,0.0,16.23360979557037,647.9908962249755,236.9548212885857,909.7395473599432,0.0,0.0,0.0,1459.1804555773736,0.0,0.0,1356.3927946984768,20.337046802043915,1.3891006335616112,629.016433095932,0.0,0.0,0.0,0.0,794.022090911865,0.0,0.0,0.0,620.9536607742309,44.60430419445038,0.0,2047.9150597214696,188.0832875072956,0.0,399.846287727356,184.9206999540329,0.0,0.0,0.0,0.0
0.0,0.0,0.0,0.0,758.1634945869446,241.41047570109367,0.0,0.0,0.0,0.0,1482.685709410906,0.0,0.0,0.0,21.6318889439106,1.6404042243957513,755.071688902378,0.0,0.0,0.0,0.0,698.1312995910645,0.0,0.0,0.0,636.52417178154,47.11543673872948,0.0,2026.4666011571885,229.68914283514025,0.0,391.8577353954315,177.92469680309296,0.0,0.0,0.0,0.0
0.0,0.0,0.0,0.0,0.0,226.55592572689056,0.0,0.0,0.0,0.0,1400.46227850914,0.0,0.0,0.0,0.0,1.6790780872106552,778.5563521623611,0.0,0.0,0.0,0.0,0.0,0.0,0.0,0.0,0.0,0.0,0.0,1969.769866144657,0.0,0.0,373.4622918367386,0.0,0.0,0.0,0.0,0.0
0.0,0.0,0.0,0.0,0.0,0.0,0.0,0.0,0.0,0.0,0.0,0.0,0.0,0.0,0.0,0.0,0.0,0.0,0.0,0.0,0.0,0.0,0.0,0.0,0.0,0.0,0.0,0.0,0.0,0.0,0.0,0.0,0.0,0.0,0.0,0.0,0.0
0.0,0.0,0.0,0.0,0.0,0.0,0.0,0.0,0.0,0.0,0.0,0.0,0.0,0.0,0.0,0.0,0.0,0.0,0.0,0.0,0.0,0.0,0.0,0.0,0.0,0.0,0.0,0.0,0.0,0.0,0.0,0.0,0.0,0.0,0.0,0.0,0.0
0.0,0.0,0.0,0.0,0.0,0.0,0.0,0.0,0.0,0.0,0.0,0.0,0.0,0.0,0.0,0.0,0.0,0.0,0.0,0.0,0.0,0.0,0.0,0.0,0.0,0.0,0.0,0.0,0.0,0.0,0.0,0.0,0.0,0.0,0.0,0.0,0.0
0.0,0.0,0.0,0.0,0.0,0.0,0.0,0.0,0.0,0.0,0.0,0.0,0.0,0.0,0.0,0.0,0.0,0.0,0.0,0.0,0.0,0.0,0.0,0.0,0.0,0.0,0.0,0.0,0.0,0.0,0.0,0.0,0.0,0.0,0.0,0.0,0.0
0.0,0.0,0.0,0.0,0.0,0.0,0.0,0.0,0.0,0.0,0.0,0.0,0.0,0.0,0.0,0.0,0.0,0.0,0.0,0.0,0.0,0.0,0.0,0.0,0.0,0.0,0.0,0.0,0.0,0.0,0.0,0.0,0.0,0.0,0.0,0.0,0.0
0.0,0.0,0.0,0.0,0.0,0.0,0.0,0.0,0.0,0.0,0.0,0.0,0.0,0.0,0.0,0.0,0.0,0.0,0.0,0.0,0.0,0.0,0.0,0.0,0.0,0.0,0.0,0.0,0.0,0.0,0.0,0.0,0.0,0.0,0.0,0.0,0.0
0.0,0.0,0.0,0.0,0.0,0.0,0.0,0.0,0.0,0.0,0.0,0.0,0.0,0.0,0.0,0.0,0.0,0.0,0.0,0.0,0.0,0.0,0.0,0.0,0.0,0.0,0.0,0.0,0.0,0.0,0.0,0.0,0.0,0.0,0.0,0.0,0.0
0.0,0.0,0.0,0.0,0.0,0.0,0.0,0.0,0.0,0.0,0.0,0.0,0.0,0.0,0.0,0.0,0.0,0.0,0.0,0.0,0.0,0.0,0.0,0.0,0.0,0.0,0.0,0.0,0.0,0.0,0.0,0.0,0.0,0.0,0.0,0.0,0.0
0.0,0.0,0.0,0.0,0.0,0.0,0.0,0.0,0.0,0.0,0.0,0.0,0.0,0.0,0.0,0.0,0.0,0.0,0.0,0.0,0.0,0.0,0.0,0.0,0.0,0.0,0.0,0.0,0.0,0.0,0.0,0.0,0.0,0.0,0.0,0.0,0.0
0.0,0.0,0.0,0.0,0.0,0.0,0.0,0.0,0.0,0.0,0.0,0.0,0.0,0.0,0.0,0.0,0.0,0.0,0.0,0.0,0.0,0.0,0.0,0.0,0.0,0.0,0.0,0.0,0.0,0.0,0.0,0.0,0.0,0.0,0.0,0.0,0.0
0.0,0.0,0.0,0.0,0.0,0.0,0.0,0.0,0.0,0.0,0.0,0.0,0.0,0.0,0.0,0.0,0.0,0.0,0.0,0.0,0.0,0.0,0.0,0.0,0.0,0.0,0.0,0.0,0.0,0.0,0.0,0.0,0.0,0.0,0.0,0.0,0.0
0.0,0.0,0.0,0.0,0.0,0.0,0.0,0.0,0.0,0.0,0.0,0.0,0.0,0.0,0.0,0.0,0.0,0.0,0.0,0.0,0.0,0.0,0.0,0.0,0.0,0.0,0.0,0.0,0.0,0.0,0.0,0.0,0.0,0.0,0.0,0.0,0.0
0.0,0.0,0.0,0.0353110227733802,0.0,0.182576331775592,0.0,0.0,0.0,0.0,1.9332780630792303,0.0,0.0,3.0038382858036803,0.0515057153999789,0.0,6.423761808872101,0.0,0.0,0.0,0.0,0.0,0.0,0.0,0.0,0.0,0.0,0.0,0.0,0.0,0.0,1.272039189934681,0.0,0.0,0.0,0.0,0.0
0.0,0.0,0.0,0.0,0.0,0.14935814216729,0.0,0.0,0.0,0.0,1.9678607673848232,0.0,0.0,3.15127036534246,0.0,0.0,0.0,0.0,0.0,0.0,0.0,0.0,0.0,0.0,0.0,0.0,0.0,0.0,0.0,0.0,0.0,1.3254764527082246,0.0,0.0,0.0,0.0,0.0
0.0,0.0,0.0,0.0293891765177226,0.0,0.0,0.0,0.0,0.0,0.0,1.7658909933175364,0.0,0.0,1.8885549204422776,0.0,0.0,0.0,0.0,0.0,0.0,0.0,0.0,0.0,0.0,0.0,0.0,0.0,0.0,0.0,0.0,0.0,1.4072201251983223,0.0,0.0,0.0,0.0,0.0
0.0,0.0,0.0,0.04164728336036,5.6384621635078,0.4607195691205341,0.0,0.0,0.0,0.0,2.692054804926599,0.0,0.0,23.96005167160176,0.0,0.0,3.966703712940053,0.0,0.0,0.0,0.0,0.0,0.0,0.0,0.0,14.105134710669455,1.2375765353441166,0.0,26.35258076339946,0.4380025856196638,0.0,3.107488512992826,0.9648771537467598,0.0,0.0,0.0,0.0
0.0,0.0,0.0,0.6720400210469926,75.9944420456885,1.522358487825838,0.0,0.0,0.0,0.0,14.48748099682848,0.0,0.0,90.84314176812757,0.0,0.0,11.910958671569702,0.0,0.0,0.0,0.0,372.20981216430624,0.0,0.0,0.0,69.63701051473612,4.02861966788768,0.0,237.35292877107847,0.6531246520578795,0.0,14.44912368059153,3.0862165810540096,0.0,0.0,0.0,0.0
0.0,0.0,0.0,3.0689526349306098,251.9821709096432,11.686780611984418,0.0,0.0,0.0,0.0,74.46647946909052,0.0,0.0,293.8200879842042,0.0,0.0,32.386871802806695,0.0,0.0,0.0,0.0,1007.8307525634764,0.0,0.0,0.0,272.5636452198029,10.662568506598465,0.0,1133.124392336607,1.059586740285156,0.0,67.30257740616794,11.416492268443104,0.0,0.0,0.0,0.0
0.0,0.0,0.0,7.957307636737818,570.2737027406693,66.37824208289385,0.0,0.0,0.0,0.0,262.2506316579878,0.0,0.0,663.951735049486,0.0,0.0,105.6498209953308,0.0,0.0,0.0,0.0,1902.8671508789064,0.0,0.0,0.0,606.9617509841919,24.612983101606368,0.0,1952.5118862509728,1.42157757654786,0.0,217.83479046821597,39.09059897065162,0.0,0.0,0.0,0.0
0.0,0.0,0.0,16.199352622032166,994.4014414548872,192.72113852202887,0.0,0.0,0.0,0.0,700.3973396629094,0.0,0.0,1013.0710814893246,0.0,0.0,215.4755131006239,0.0,0.0,0.0,0.0,2537.0923736572267,0.0,0.0,0.0,769.9391505718231,42.86653425097465,0.0,2400.8706412673,0.9935710646211934,0.0,348.827543258667,91.70691114664078,0.0,0.0,0.0,0.0
0.0,0.0,0.0,28.045555293560025,1343.4018051624298,233.1709441840649,0.0,0.0,0.0,0.0,942.7685275584458,0.0,0.0,1130.0012169778347,0.0,0.0,587.3300388813018,0.0,0.0,0.0,0.0,2768.093927001953,0.0,0.0,0.0,800.1052761077881,53.94530601501465,0.0,0.0,89.25553655624388,0.0,382.02061438560486,115.09139642119408,0.0,0.0,0.0,0.0
0.0,0.0,0.0,37.79910659790039,1537.4912571907043,256.6660907268524,0.0,0.0,0.0,0.0,1122.0009194463491,0.0,0.0,1177.1372370421886,0.0,0.0,867.5830952882767,0.0,0.0,0.0,0.0,0.0,0.0,0.0,0.0,802.1835730075836,58.995069324970245,0.0,0.0,180.3608007133007,0.0,386.0271263122559,0.0,0.0,0.0,0.0,0.0
0.0,0.0,0.0,0.0,0.0,264.1996200084686,0.0,0.0,0.0,0.0,1168.661734944582,0.0,0.0,1167.9577876627443,0.0,0.0,1009.769490289688,0.0,0.0,0.0,0.0,0.0,0.0,0.0,0.0,0.0,0.0,0.0,0.0,0.0,0.0,371.03178894519806,0.0,0.0,0.0,0.0,0.0
0.0,0.0,0.0,0.0,0.0,0.0,0.0,0.0,0.0,0.0,1079.852400958538,0.0,0.0,0.0,0.0,0.0,1024.8034965395923,0.0,0.0,0.0,0.0,0.0,0.0,0.0,0.0,0.0,0.0,0.0,0.0,0.0,0.0,0.0,0.0,0.0,0.0,0.0,0.0
0.0,0.0,0.0,0.0,0.0,0.0,0.0,0.0,0.0,0.0,0.0,0.0,0.0,0.0,0.0,0.0,0.0,0.0,0.0,0.0,0.0,0.0,0.0,0.0,0.0,0.0,0.0,0.0,0.0,225.3355525374413,0.0,0.0,0.0,0.0,0.0,0.0,0.0
0.0,0.0,0.0,0.0,0.0,0.0,0.0,0.0,0.0,0.0,0.0,0.0,0.0,0.0,0.0,0.0,663.2289385318757,0.0,0.0,0.0,0.0,0.0,0.0,0.0,0.0,0.0,0.0,0.0,0.0,0.0,0.0,0.0,0.0,0.0,0.0,0.0,0.0
0.0,0.0,0.0,0.0,0.0,0.0,0.0,0.0,0.0,0.0,0.0,0.0,0.0,0.0,0.0,0.0,0.0,0.0,0.0,0.0,0.0,0.0,0.0,0.0,0.0,0.0,0.0,0.0,0.0,0.0,0.0,0.0,0.0,0.0,0.0,0.0,0.0
0.0,0.0,0.0,0.0,0.0,0.0,0.0,0.0,0.0,0.0,0.0,0.0,0.0,0.0,0.0,0.0,0.0,0.0,0.0,0.0,0.0,0.0,0.0,0.0,0.0,0.0,0.0,0.0,0.0,0.0,0.0,0.0,0.0,0.0,0.0,0.0,0.0
0.0,0.0,0.0,0.0,0.0,0.0,0.0,0.0,0.0,0.0,0.0,0.0,0.0,0.0,0.0,0.0,0.0,0.0,0.0,0.0,0.0,0.0,0.0,0.0,0.0,0.0,0.0,0.0,0.0,0.0,0.0,0.0,0.0,0.0,0.0,0.0,0.0
0.0,0.0,0.0,0.0,0.0,0.0,0.0,0.0,0.0,0.0,0.0,0.0,0.0,0.0,0.0,0.0,0.0,0.0,0.0,0.0,0.0,0.0,0.0,0.0,0.0,0.0,0.0,0.0,0.0,0.0,0.0,0.0,0.0,0.0,0.0,0.0,0.0
0.0,0.0,0.0,0.0,0.0,0.0,0.0,0.0,0.0,0.0,0.0,0.0,0.0,0.0,0.0,0.0,0.0,0.0,0.0,0.0,0.0,0.0,0.0,0.0,0.0,0.0,0.0,0.0,0.0,0.0,0.0,0.0,0.0,0.0,0.0,0.0,0.0
0.0,0.0,0.0,0.0,0.0,0.0,0.0,0.0,0.0,0.0,0.0,0.0,0.0,0.0,0.0,0.0,0.0,0.0,0.0,0.0,0.0,0.0,0.0,0.0,0.0,0.0,0.0,0.0,0.0,0.0,0.0,0.0,0.0,0.0,0.0,0.0,0.0
0.0,0.0,0.0,0.0,0.0,0.0,0.0,0.0,0.0,0.0,0.0,0.0,0.0,0.0,0.0,0.0,0.0,0.0,0.0,0.0,0.0,0.0,0.0,0.0,0.0,0.0,0.0,0.0,0.0,0.0,0.0,0.0,0.0,0.0,0.0,0.0,0.0
0.0,0.0,0.0,0.0,0.0,0.0,0.0,0.0,0.0,0.0,0.0,0.0,0.0,0.0,0.0,0.0,0.0,0.0,0.0,0.0,0.0,0.0,0.0,0.0,0.0,0.0,0.0,0.0,0.0,0.0,0.0,0.0,0.0,0.0,0.0,0.0,0.0
0.0,0.0,0.0,0.0,0.0,0.0,0.0,0.0,0.0,0.0,0.0,0.0,0.0,0.0,0.0,0.0,0.0,0.0,0.0,0.0,0.0,0.0,0.0,0.0,0.0,0.0,0.0,0.0,0.0,0.0,0.0,0.0,0.0,0.0,0.0,0.0,0.0
0.0,0.0,0.0,0.0,0.0,0.0,0.0,0.0,0.0,0.0,0.0,0.0,0.0,0.0,0.0,0.0,0.0,0.0,0.0,0.0,0.0,0.0,0.0,0.0,0.0,0.0,0.0,0.0,0.1250177010893821,0.0,0.0,0.0,0.0,0.0,0.0,0.0,0.0
0.0,0.0,0.0,0.0,1.4125035703180309,0.0,2.232865722477396,0.0,0.0,0.0,0.0,0.0,0.0,5.871622408740107,0.0,0.0,11.670535671710908,0.0,0.0,0.0,0.0,42.79349670410146,0.0,0.0,0.0,0.0,0.608072565495959,0.0,0.0,0.3531340748071278,0.0,1.067031890153834,0.1573739200830345,0.0,0.0,0.0,0.0
0.0,0.0,0.0,0.031895468011497,1.9106812588870308,0.0,2.711308616027143,0.0,0.0,0.0,0.0,0.0,0.0,6.261791912838718,0.0658516645431485,0.0146397277712816,12.417176866531326,0.0,0.0,0.0,0.0,51.49493117332442,0.0,0.0,0.0,0.0,0.2967880386859159,0.0,0.0,0.0,0.0,1.0939254462718722,0.0,0.0,0.0,0.0,0.0
0.0,0.0,0.0,0.0423684231936928,3.508572474122042,0.0,7.978855339810138,0.0,0.0,0.0,1.6949678424745105,0.0,0.0,3.196776341646872,0.0,0.0,15.606167638301748,0.0,0.0,0.0,0.0,27.669626522063773,0.0,0.0,0.0,0.0,0.0,0.0,0.0,0.6086944036185419,0.0,1.1673534661530969,0.0,0.0,0.0,0.0,0.0
0.0,0.0,0.0,0.1729268375784126,6.781319756060639,0.5483589861541832,12.689794930070532,0.0,0.0,0.0,2.3365448165684715,0.0,0.0,31.65639430750152,0.0271426811814299,0.0050488328561177,1.1396650791166525,0.0,0.0,0.0,0.0,28.33526601791344,0.0,0.0,0.0,0.0,0.4367870487272689,0.0,31.907749281823502,0.4640486106276492,0.0,3.060187071561756,2.9815781507641077,0.0,0.0,0.0,0.0
0.0,0.0,0.0,0.3058153148740494,17.26353444904075,1.5012111719697552,37.80582839138798,0.0,0.0,0.0,9.132185009634048,0.0,0.0,105.6720810011028,0.1490015253424639,0.0851195934228588,7.255589842796226,0.0,0.0,0.0,0.0,77.20622005462603,0.0,0.0,0.0,0.0,1.181258920952677,0.0,208.170141251385,0.6707473814487429,0.0,13.889360055327357,15.02100121229885,0.0,0.0,0.0,0.0
0.0,0.0,0.0,0.6893611773848513,52.42544168233855,8.683312857523527,110.29219054654232,0.0,0.0,0.0,47.03186333458864,0.0,0.0,305.5095871537923,0.4423961520194989,0.2284676078706969,23.54748089313503,0.0,0.0,0.0,0.0,240.97147903442357,0.0,0.0,0.0,6.9366002187132425,2.873252637311816,0.0,719.8580883443356,1.1237045384943245,0.0,59.69784581661224,54.68201678991318,0.0,0.0,0.0,0.0
0.0,0.0,0.0,1.6966173537075484,115.8947710096835,43.306708857417085,250.77502128928887,0.0,0.0,0.0,158.7696023225784,0.0,0.0,615.240526497364,1.2010126467794169,0.3645358756184574,81.5836196660995,0.0,0.0,0.0,0.0,507.8797779083249,0.0,0.0,0.0,29.29398645162579,5.885401509702202,0.0,1420.9057545900346,1.767799628525948,0.0,194.53987562656403,124.74395167827606,0.0,0.0,0.0,0.0
0.0,0.0,0.0,2.6160648092627508,220.12952566146845,108.182640299201,465.5578183501959,0.0,0.0,0.0,430.2067733809352,0.0,0.0,954.1345770657064,1.8531753838062277,0.4145365022122857,160.76074177026746,0.0,0.0,0.0,0.0,833.5652732849119,0.0,0.0,0.0,83.18793159723275,10.31407771706581,0.0,1890.89549754858,1.0740873441099823,0.0,308.355127453804,174.5117980837822,0.0,0.0,0.0,0.0
0.0,0.0,0.0,4.961432352662086,450.3563353419303,140.53155733644962,610.9151986658572,0.0,0.0,0.0,609.6045180618762,0.0,0.0,1067.82820597291,4.3499620825052245,0.8636081442236898,472.5679226636885,0.0,0.0,0.0,0.0,969.0171730041504,0.0,0.0,0.0,162.77709332704538,18.657338356971746,0.0,2025.687316954136,90.04490127861499,0.0,333.78476989269257,192.13895201683044,0.0,0.0,0.0,0.0
0.0,0.0,0.0,7.934982270002362,632.6083784103394,164.33853395283222,730.1986567556856,0.0,0.0,0.0,688.8627872109413,0.0,0.0,1123.42195302248,7.032187244296071,1.155581831932068,738.5336140155792,0.0,0.0,0.0,0.0,1012.958750152588,0.0,0.0,0.0,272.5564851760864,27.86037496328354,0.0,2067.57592420578,185.36234043240543,0.0,338.69852221012115,196.32619416713715,0.0,0.0,0.0,0.0
0.0,0.0,0.0,11.287943780422207,701.1818125247954,172.45908993482587,777.0586682736873,0.0,0.0,0.0,715.3926714867354,0.0,0.0,1121.8499511480331,8.715747937560078,1.3842608556151388,894.952891266346,0.0,0.0,0.0,0.0,816.2549797058106,0.0,0.0,0.0,320.42775685787194,30.56714699268341,0.0,2014.7636719703676,220.70679343938824,0.0,337.19538950920105,0.0,0.0,0.0,0.0,0.0
0.0,0.0,0.0,0.0,0.0,0.0,722.5887667745351,0.0,0.0,0.0,0.0,0.0,0.0,0.0,0.0,0.0,921.1657396554946,0.0,0.0,0.0,0.0,0.0,0.0,0.0,0.0,308.16165986061094,28.863463020324705,0.0,0.0,0.0,0.0,323.083215713501,0.0,0.0,0.0,0.0,0.0
0.0,0.0,0.0,0.0,0.0,0.0,0.0,0.0,0.0,0.0,0.0,0.0,0.0,0.0,0.0,0.0,743.2663864254952,0.0,0.0,0.0,0.0,0.0,0.0,0.0,0.0,0.0,0.0,0.0,0.0,0.0,0.0,0.0,0.0,0.0,0.0,0.0,0.0
0.0,0.0,0.0,0.0,0.0,0.0,0.0,0.0,0.0,0.0,0.0,0.0,0.0,0.0,0.0,0.0,544.9522217035294,0.0,0.0,0.0,0.0,0.0,0.0,0.0,0.0,0.0,0.0,0.0,0.0,0.0,0.0,0.0,0.0,0.0,0.0,0.0,0.0
0.0,0.0,0.0,0.0,0.0,0.0,0.0,0.0,0.0,0.0,0.0,0.0,0.0,0.0,0.0,0.0,0.0,0.0,0.0,0.0,0.0,0.0,0.0,0.0,0.0,0.0,0.0,0.0,0.0,0.0,0.0,0.0,0.0,0.0,0.0,0.0,0.0
0.0,0.0,0.0,0.0,0.0,0.0,0.0,0.0,0.0,0.0,0.0,0.0,0.0,0.0,0.0,0.0,0.0,0.0,0.0,0.0,0.0,0.0,0.0,0.0,0.0,0.0,0.0,0.0,0.0,0.0,0.0,0.0,0.0,0.0,0.0,0.0,0.0
0.0,0.0,0.0,0.0,0.0,0.0,0.0,0.0,0.0,0.0,0.0,0.0,0.0,0.0,0.0,0.0,0.0,0.0,0.0,0.0,0.0,0.0,0.0,0.0,0.0,0.0,0.0,0.0,0.0,0.0,0.0,0.0,0.0,0.0,0.0,0.0,0.0
0.0,0.0,0.0,0.0,0.0,0.0,0.0,0.0,0.0,0.0,0.0,0.0,0.0,0.0,0.0,0.0,0.0,0.0,0.0,0.0,0.0,0.0,0.0,0.0,0.0,0.0,0.0,0.0,0.0,0.0,0.0,0.0,0.0,0.0,0.0,0.0,0.0
0.0,0.0,0.0,0.0,0.0,0.0,0.0,0.0,0.0,0.0,0.0,0.0,0.0,0.0,0.0,0.0,0.0,0.0,0.0,0.0,0.0,0.0,0.0,0.0,0.0,0.0,0.0,0.0,0.0,0.0,0.0,0.0,0.0,0.0,0.0,0.0,0.0
0.0,0.0,0.0,0.0,0.0,0.0,0.0,0.0,0.0,0.0,0.0,0.0,0.0,0.0,0.0,0.0,0.0,0.0,0.0,0.0,0.0,0.0,0.0,0.0,0.0,0.0,0.0,0.0,0.0,0.0,0.0,0.0,0.0,0.0,0.0,0.0,0.0
0.0,0.0,0.0,0.0,0.0,0.0,0.0,0.0,0.0,0.0,0.0,0.0,0.0,0.0,0.0,0.0,0.0,0.0,0.0,0.0,0.0,0.0,0.0,0.0,0.0,0.0,0.0,0.0,0.0,0.0,0.0,0.0,0.0,0.0,0.0,0.0,0.0
0.0,0.0,0.0,0.0,0.0,0.0,0.0,0.0,0.0,0.0,0.0,0.0,0.0,0.0,0.0,0.0,0.0,0.0,0.0,0.0,0.0,0.0,0.0,0.0,0.0,0.0,0.0,0.0,0.0,0.0,0.0,0.0,0.0,0.0,0.0,0.0,0.0
0.0,0.0,0.0,0.0,0.0,0.0,0.0,0.0,0.0,0.0,0.0,0.0,0.0,0.0,0.0,0.0,0.0,0.0,0.0,0.0,0.0,0.0,0.0,0.0,0.0,0.0,0.0,0.0,0.0,0.0,0.0,0.0,0.0,0.0,0.0,0.0,0.0
0.0,0.0,0.0,0.0,0.0,0.0,0.0,0.0,0.0,0.0,0.0,0.0,0.0,0.0,0.0,0.0,0.0,0.0,0.0,0.0,0.0,0.0,0.0,0.0,0.0,0.0,0.0,0.0,0.0,0.0,0.0,0.0,0.0,0.0,0.0,0.0,0.0
0.0,0.0,0.0,0.0343145690858339,2.0021581873295866,0.1590121798217019,13.30825800411388,0.0,0.0,0.0,1.8045284773221408,0.0,0.0,4.795073466375452,0.0609231457114195,0.0,0.0,0.0,0.0,0.0,0.0,28.517607307434027,0.0,0.0,0.0,0.0,0.4765304803848215,0.0,0.0,0.0,0.0,0.0,0.0,0.0,0.0,0.0,0.0
0.0,0.0,0.0,0.0,0.0,0.0988416103645929,14.80177070796488,0.0,0.0,0.0,1.8543491857125007,0.0,0.0,4.491033568046922,0.0554253078997121,0.0351887708529825,0.0,0.0,0.0,0.0,0.0,31.64582180976845,0.0,0.0,0.0,0.0,0.2563872221857227,0.0,0.0,0.0,0.0,0.9470110982656478,0.0,0.0,0.0,0.0,0.0
0.0,0.0,0.0,0.0293597280979104,3.4214527159929244,0.0,15.260284383594907,0.0,0.0,0.0,1.664396477583675,0.0,0.0,1.322427457198419,0.0409697838127585,0.0,22.166902530193315,0.0,0.0,0.0,0.0,21.417848777770544,0.0,0.0,0.0,0.0,0.0,0.0,0.0,0.6820204220711921,0.0,1.074324905872295,0.0,0.0,0.0,0.0,0.0
0.0,0.0,0.0,0.0426375586539451,5.635115951299523,0.4208521693944754,17.50866509005417,0.0,0.0,0.0,9.631607361976013,0.0,0.0,16.884050180669743,0.1295853160321711,0.0,4.30077095031737,0.0,0.0,0.0,0.0,34.38963680267303,0.0,0.0,0.0,0.0,0.1243359107524072,0.0,19.25472876429546,0.4616294026374635,0.0,2.621206730604132,2.0960117550566766,0.0,0.0,0.0,0.0
0.0,0.0,0.0,0.5402780324220643,14.560948817059268,1.1977743227034705,47.692125781252855,0.0,0.0,0.0,47.58662331141529,0.0,0.0,60.40691023692478,0.7188746564090228,0.1067841146141289,8.365899169444988,0.0,0.0,0.0,0.0,164.9412809371948,0.0,0.0,0.0,14.429261276125908,1.1185544854029943,0.0,149.41083997637023,0.6142210930585557,0.0,6.243095055222497,9.540876314043995,0.0,0.0,0.0,0.0
0.0,0.0,0.0,2.514163807034491,52.78687201440324,9.701019584201251,165.31184833347797,0.0,0.0,0.0,184.44053020402777,0.0,0.0,200.7646740600466,2.6460411094129066,0.2564394380897271,22.85287108421309,0.0,0.0,0.0,0.0,479.0457660675048,0.0,0.0,0.0,60.78223693966864,3.340795017033815,0.0,780.9581482470035,0.9202860496938172,0.0,36.200033985078335,34.27151221036909,0.0,0.0,0.0,0.0
0.0,0.0,0.0,6.037083581089972,120.83116316795336,53.65829231590029,425.4419856399298,0.0,0.0,0.0,559.1250261068343,0.0,0.0,530.6794173270464,6.664595474302768,0.4579571597278106,75.3652255535125,0.0,0.0,0.0,0.0,922.2754013061524,0.0,0.0,0.0,148.59389462471003,7.835605895519256,0.0,1488.6767763018609,1.150383189320548,0.0,134.62281772494313,87.36820232868193,0.0,0.0,0.0,0.0
0.0,0.0,0.0,11.493151456117628,191.64748173952088,176.77467763423917,752.933491501212,0.0,0.0,0.0,1156.5476170539855,0.0,0.0,914.9888533353806,13.059104141592975,0.566260751336813,143.25043377876264,0.0,0.0,0.0,0.0,1460.289337158203,0.0,0.0,0.0,250.08186163902283,15.73952567279338,0.0,1903.237750804424,0.8650220841169125,0.0,301.2168707847595,137.91309037804604,0.0,0.0,0.0,0.0
0.0,0.0,0.0,20.20772463083267,311.0392928123474,215.94570587575436,895.7508116781712,0.0,0.0,0.0,1458.6862619519234,0.0,0.0,1069.7230572998524,18.42240275144577,1.1220395788550377,433.33576741218553,0.0,0.0,0.0,0.0,1629.321435546875,0.0,0.0,0.0,296.2783291101456,27.445387703180312,0.0,1995.788942015171,71.6355895474553,0.0,366.55533051490784,156.8304528594017,0.0,0.0,0.0,0.0
0.0,0.0,0.0,29.424522936344147,348.2998111248015,237.42364424467087,921.983804988861,0.0,0.0,0.0,1616.833918070793,0.0,0.0,1141.040373891592,22.15190076828003,1.396298699080944,703.2796228647233,0.0,0.0,0.0,0.0,1751.6141387939451,0.0,0.0,0.0,302.77623028755187,34.93260962963104,0.0,1974.1391042232517,160.33456182479856,0.0,387.0002101659775,167.47339195013046,0.0,0.0,0.0,0.0
0.0,0.0,0.0,33.662562131881714,300.3162789344786,241.8764776289463,820.0169276475906,0.0,0.0,0.0,1643.3587166547777,0.0,0.0,0.0,23.27099202275276,1.6430532783269878,873.7384266257285,0.0,0.0,0.0,0.0,1696.1241271972656,0.0,0.0,0.0,272.6802785634994,37.58727668523788,0.0,1851.135980820656,206.3958836376667,0.0,385.8902723789215,0.0,0.0,0.0,0.0,0.0
0.0,0.0,0.0,0.0,217.4923320710659,0.0,683.4945883929729,0.0,0.0,0.0,1544.481611543894,0.0,0.0,0.0,0.0,0.0,0.0,0.0,0.0,0.0,0.0,1508.070343017578,0.0,0.0,0.0,218.53509932756413,36.85554479956627,0.0,1686.7378020644187,0.0,0.0,0.0,0.0,0.0,0.0,0.0,0.0
0.0,0.0,0.0,0.0,0.0,0.0,0.0,0.0,0.0,0.0,0.0,0.0,0.0,0.0,0.0,0.0,0.0,0.0,0.0,0.0,0.0,0.0,0.0,0.0,0.0,0.0,0.0,0.0,0.0,0.0,0.0,0.0,0.0,0.0,0.0,0.0,0.0
0.0,0.0,0.0,0.0,0.0,0.0,0.0,0.0,0.0,0.0,0.0,0.0,0.0,0.0,0.0,0.0,0.0,0.0,0.0,0.0,0.0,0.0,0.0,0.0,0.0,0.0,0.0,0.0,0.0,0.0,0.0,0.0,0.0,0.0,0.0,0.0,0.0
0.0,0.0,0.0,0.0,0.0,0.0,0.0,0.0,0.0,0.0,0.0,0.0,0.0,0.0,0.0,0.0,0.0,0.0,0.0,0.0,0.0,0.0,0.0,0.0,0.0,0.0,0.0,0.0,0.0,0.0,0.0,0.0,0.0,0.0,0.0,0.0,0.0
0.0,0.0,0.0,0.0,0.0,0.0,0.0,0.0,0.0,0.0,0.0,0.0,0.0,0.0,0.0,0.0,0.0,0.0,0.0,0.0,0.0,0.0,0.0,0.0,0.0,0.0,0.0,0.0,0.0,0.0,0.0,0.0,0.0,0.0,0.0,0.0,0.0
0.0,0.0,0.0,0.0,0.0,0.0,0.0,0.0,0.0,0.0,0.0,0.0,0.0,0.0,0.0,0.0,0.0,0.0,0.0,0.0,0.0,0.0,0.0,0.0,0.0,0.0,0.0,0.0,0.0,0.0,0.0,0.0,0.0,0.0,0.0,0.0,0.0
0.0,0.0,0.0,0.0,0.0,0.0,0.0,0.0,0.0,0.0,0.0,0.0,0.0,0.0,0.0,0.0,0.0,0.0,0.0,0.0,0.0,0.0,0.0,0.0,0.0,0.0,0.0,0.0,0.0,0.0,0.0,0.0,0.0,0.0,0.0,0.0,0.0
0.0,0.0,0.0,0.0,0.0,0.0,0.0,0.0,0.0,0.0,0.0,0.0,0.0,0.0,0.0,0.0,0.0,0.0,0.0,0.0,0.0,0.0,0.0,0.0,0.0,0.0,0.0,0.0,0.0,0.0,0.0,0.0,0.0,0.0,0.0,0.0,0.0
0.0,0.0,0.0,0.0,0.0,0.0,0.0,0.0,0.0,0.0,0.0,0.0,0.0,0.0,0.0,0.0,0.0,0.0,0.0,0.0,0.0,0.0,0.0,0.0,0.0,0.0,0.0,0.0,0.0,0.0,0.0,0.0,0.0,0.0,0.0,0.0,0.0
0.0,0.0,0.0,0.0,0.0,0.0,0.0,0.0,0.0,0.0,0.0,0.0,0.0,0.0,0.0,0.0,0.0,0.0,0.0,0.0,0.0,0.0,0.0,0.0,0.0,0.0,0.0,0.0,0.0,0.0,0.0,0.0,0.0,0.0,0.0,0.0,0.0
0.0,0.0,0.0,0.0,0.0,0.0,0.0,0.0,0.0,0.0,0.0,0.0,0.0,0.0,0.0,0.0,0.0,0.0,0.0,0.0,0.0,0.0,0.0,0.0,0.0,0.0,0.0,0.0,0.0,0.0,0.0,0.0,0.0,0.0,0.0,0.0,0.0
0.0,0.0,0.0,0.0,0.0,0.0,0.0,0.0,0.0,0.0,0.0,0.0,0.0,0.0,0.0,0.0,0.0,0.0,0.0,0.0,0.0,0.0,0.0,0.0,0.0,0.0,0.0,0.0,0.0,0.0,0.0,0.0,0.0,0.0,0.0,0.0,0.0
0.0,0.0,0.0,0.0,0.0,0.0,0.0,0.0,0.0,0.0,0.0,0.0,0.0,0.0,0.0,0.0,0.0,0.0,0.0,0.0,0.0,0.0,0.0,0.0,0.0,0.0,0.0,0.0,0.0915199473500251,0.0,0.0,0.0,0.0,0.0,0.0,0.0,0.0
0.0,0.0,0.0,0.0,1.1968147717416269,0.0,5.329600993171227,0.0,0.0,0.0,0.0,0.0,0.0,0.0,0.0631196133792389,0.0,0.0,0.0,0.0,0.0,0.0,0.0,0.0,0.0,0.0,2.486618749052218,0.0,0.0,0.0435902774333953,0.0,0.0,0.0,0.0,0.0,0.0,0.0,0.0
0.0,0.0,0.0,0.0,1.5596856698393355,0.0,5.540237583592388,0.0,0.0,0.0,0.0,0.0,0.0,1.3450438762082269,0.0496894910931584,0.0,0.0,0.0,0.0,0.0,0.0,0.0,0.0,0.0,0.0,1.460814208164802,0.7644026685506048,0.0,0.0,0.0,0.0,0.0,0.0,0.0,0.0,0.0,0.0
0.0,0.0,0.0,0.0341231543570701,2.508437335491074,0.0,3.020945310592628,0.0,0.0,0.0,1.749506589537267,0.0,0.0,2.6339948223902367,0.0012006171047687,0.0,19.662899744510547,0.0,0.0,0.0,0.0,31.409532690048174,0.0,0.0,0.0,0.0,0.6209047395735893,0.0,0.0,0.7163579456508151,0.0,1.22969394922255,0.0,0.0,0.0,0.0,0.0
0.0,0.0,0.0,0.0,4.69233347102989,0.3988490640185725,5.6981470279395054,0.0,0.0,0.0,2.34534518243725,0.0,0.0,18.080213775392515,0.1003646336495868,0.0,6.5153223395346025,0.0,0.0,0.0,0.0,79.74576578140238,0.0,0.0,0.0,0.0,0.3585448998957807,0.0,26.421009644865897,0.4954836703836569,0.0,2.7710634022950598,5.049868006259189,0.0,0.0,0.0,0.0
0.0,0.0,0.0,0.0,34.64561309665431,1.2802399140782466,17.528010654449435,0.0,0.0,0.0,9.091514308424578,0.0,0.0,62.75799923576403,0.8098021153360605,0.1676280405372378,13.64484791755669,0.0,0.0,0.0,0.0,294.6722831726074,0.0,0.0,0.0,10.273276484012593,0.4996848220005606,0.0,186.87403267025937,0.7178780049085596,0.0,8.56930692493915,20.621506571769714,0.0,0.0,0.0,0.0
0.0,0.0,0.0,0.0,131.8458059430121,9.335589974187286,81.63249054476613,0.0,0.0,0.0,67.70101755931962,0.0,0.0,176.21976219117636,3.069727143645286,0.4940430857241152,39.41429574489586,0.0,0.0,0.0,0.0,830.211069488525,0.0,0.0,0.0,59.397353935241625,2.148876364901661,0.0,905.3862417459488,1.2401955537497955,0.0,55.07487671077249,72.3128905892372,0.0,0.0,0.0,0.0
0.0,0.0,0.0,9.366531163454054,314.91326850652695,46.92062233760949,329.18493973016734,0.0,0.0,0.0,247.10491592735045,0.0,0.0,421.7880602180957,7.558742183446881,0.0,119.0391083955764,0.0,0.0,0.0,0.0,1736.2238311767578,0.0,0.0,0.0,213.4779146909713,3.954850260168311,0.0,1703.5971076369285,2.7435370884835577,0.0,198.9919163584709,142.04518944025037,0.0,0.0,0.0,0.0
0.0,0.0,0.0,18.18129640817642,609.0175586938857,156.3656162172556,754.6864466965197,0.0,0.0,0.0,670.7278883099555,0.0,0.0,777.0551121234894,14.211560574173925,0.0,236.37484772205332,0.0,0.0,0.0,0.0,2365.0155670166014,0.0,0.0,0.0,513.9238199234009,7.975163905322548,0.0,2184.0241694569586,1.5309427648782592,0.0,331.7272962331772,188.3671298623085,0.0,0.0,0.0,0.0
0.0,0.0,0.0,29.90586763620376,969.229412317276,193.67911712825295,1015.6132540643216,0.0,0.0,0.0,902.0752628296614,0.0,0.0,940.7696476578712,19.59694363474846,0.0,596.5244566679,0.0,0.0,0.0,0.0,2610.887301635742,0.0,0.0,0.0,617.1654592990875,0.0,0.0,2336.911844575405,85.51877400428057,0.0,362.119526386261,204.16328877210617,0.0,0.0,0.0,0.0
0.0,0.0,0.0,36.78694200515747,1204.3547613620758,218.96911627054212,1135.7664579033851,0.0,0.0,0.0,1090.5527643352748,0.0,0.0,0.0,22.90044774413109,0.0,873.6360798478127,0.0,0.0,0.0,0.0,2682.063128662109,0.0,0.0,0.0,646.6816897392273,0.0,0.0,2389.8912321448324,188.55398454666135,0.0,372.7459795475006,0.0,0.0,0.0,0.0,0.0
0.0,0.0,0.0,39.54870581626892,0.0,228.3611442744732,0.0,0.0,0.0,0.0,1181.3752863764762,0.0,0.0,0.0,23.731010127067567,0.0,1030.587437772751,0.0,0.0,0.0,0.0,0.0,0.0,0.0,0.0,0.0,0.0,0.0,2347.506559681892,0.0,0.0,370.8954014778137,0.0,0.0,0.0,0.0,0.0
0.0,0.0,0.0,0.0,0.0,0.0,0.0,0.0,0.0,0.0,0.0,0.0,0.0,0.0,22.887158578634264,0.0,1049.1901597261428,0.0,0.0,0.0,0.0,0.0,0.0,0.0,0.0,0.0,0.0,0.0,0.0,0.0,0.0,0.0,0.0,0.0,0.0,0.0,0.0
0.0,0.0,0.0,0.0,0.0,0.0,0.0,0.0,0.0,0.0,0.0,0.0,0.0,0.0,0.0,0.0,0.0,0.0,0.0,0.0,0.0,0.0,0.0,0.0,0.0,0.0,0.0,0.0,0.0,0.0,0.0,0.0,0.0,0.0,0.0,0.0,0.0
0.0,0.0,0.0,0.0,0.0,0.0,0.0,0.0,0.0,0.0,0.0,0.0,0.0,0.0,0.0,0.0,0.0,0.0,0.0,0.0,0.0,0.0,0.0,0.0,0.0,0.0,0.0,0.0,0.0,0.0,0.0,0.0,0.0,0.0,0.0,0.0,0.0
0.0,0.0,0.0,0.0,0.0,0.0,0.0,0.0,0.0,0.0,0.0,0.0,0.0,0.0,0.0,0.0,0.0,0.0,0.0,0.0,0.0,0.0,0.0,0.0,0.0,0.0,0.0,0.0,0.0,0.0,0.0,0.0,0.0,0.0,0.0,0.0,0.0
0.0,0.0,0.0,0.0,0.0,0.0,0.0,0.0,0.0,0.0,0.0,0.0,0.0,0.0,0.0,0.0,0.0,0.0,0.0,0.0,0.0,0.0,0.0,0.0,0.0,0.0,0.0,0.0,0.0,0.0,0.0,0.0,0.0,0.0,0.0,0.0,0.0
0.0,0.0,0.0,0.0,0.0,0.0,0.0,0.0,0.0,0.0,0.0,0.0,0.0,0.0,0.0,0.0,0.0,0.0,0.0,0.0,0.0,0.0,0.0,0.0,0.0,0.0,0.0,0.0,0.0,0.0,0.0,0.0,0.0,0.0,0.0,0.0,0.0
0.0,0.0,0.0,0.0,0.0,0.0,0.0,0.0,0.0,0.0,0.0,0.0,0.0,0.0,0.0,0.0,0.0,0.0,0.0,0.0,0.0,0.0,0.0,0.0,0.0,0.0,0.0,0.0,0.0,0.0,0.0,0.0,0.0,0.0,0.0,0.0,0.0
0.0,0.0,0.0,0.0,0.0,0.0,0.0,0.0,0.0,0.0,0.0,0.0,0.0,0.0,0.0,0.0,0.0,0.0,0.0,0.0,0.0,0.0,0.0,0.0,0.0,0.0,0.0,0.0,0.0,0.0,0.0,0.0,0.0,0.0,0.0,0.0,0.0
0.0,0.0,0.0,0.0,0.0,0.0,0.0,0.0,0.0,0.0,0.0,0.0,0.0,0.0,0.0,0.0,0.0,0.0,0.0,0.0,0.0,0.0,0.0,0.0,0.0,0.0,0.0,0.0,0.0,0.0,0.0,0.0,0.0,0.0,0.0,0.0,0.0
0.0,0.0,0.0,0.0,0.0,0.0,0.0,0.0,0.0,0.0,0.0,0.0,0.0,0.0,0.0,0.0,0.0,0.0,0.0,0.0,0.0,0.0,0.0,0.0,0.0,0.0,0.0,0.0,0.0,0.0,0.0,0.0,0.0,0.0,0.0,0.0,0.0
0.0,0.0,0.0,0.0,0.0,0.0,0.0,0.0,0.0,0.0,0.0,0.0,0.0,0.0,0.0,0.0,0.0,0.0,0.0,0.0,0.0,0.0,0.0,0.0,0.0,0.0,0.0,0.0,0.0,0.0,0.0,0.0,0.0,0.0,0.0,0.0,0.0
0.0,0.0,0.0,0.0,0.0,0.0,0.0,0.0,0.0,0.0,0.0,0.0,0.0,0.0,0.0,0.0,0.0,0.0,0.0,0.0,0.0,0.0,0.0,0.0,0.0,0.0,0.0,0.0,0.0,0.0,0.0,0.0,0.0,0.0,0.0,0.0,0.0
0.0,0.0,0.0,0.0,0.0,0.0,0.0,0.0,0.0,0.0,0.0,0.0,0.0,0.0,0.0,0.0,0.0,0.0,0.0,0.0,0.0,0.0,0.0,0.0,0.0,0.0,0.0,0.0,0.0003927052021026,0.0,0.0,0.0,0.0,0.0,0.0,0.0,0.0
0.0,0.0,0.0,0.0,0.0,0.0,0.0,0.0,0.0,0.0,0.0,0.0,0.0,0.0,0.0342383779585341,0.0,8.79514278173438,0.0,0.0,0.0,0.0,34.54317932128881,0.0,0.0,0.0,1.2873286705463312,0.0,0.0,0.0,0.0,0.0,0.0,0.5140324719250031,0.0,0.0,0.0,0.0
0.0,0.0,0.0,0.0,0.0,0.0,0.0,0.0,0.0,0.0,0.0,0.0,0.0,6.317011369392217,0.0,0.0,0.0,0.0,0.0,0.0,0.0,32.466107225417964,0.0,0.0,0.0,0.0,0.0,0.0,0.0,0.0,0.0,1.2133048474788275,0.0351297054439644,0.0,0.0,0.0,0.0
0.0,0.0,0.0,0.0,2.1685544028877817,0.0,0.0,0.0,0.0,0.0,1.8025694264563692,0.0,0.0,6.736745247617233,0.0261269554495786,0.0,0.0,0.0,0.0,0.0,0.0,6.1230702400204855,0.0,0.0,0.0,0.0,0.0,0.0,0.0,0.970037969946838,0.0,1.3375731706619045,0.0,0.0,0.0,0.0,0.0
0.0,0.0,0.0,0.0,5.541360918432395,0.5589079018681884,3.6350394830107216,0.0,0.0,0.0,4.206752884574027,0.0,0.0,26.96268644183874,0.0795077361166455,0.0,5.935255122184671,0.0,0.0,0.0,0.0,21.025886726379337,0.0,0.0,0.0,4.570779028162281,1.136176203750066,0.0,19.72340278774495,0.5530819080769652,0.0,3.1384681314229925,2.477089842781397,0.0,0.0,0.0,0.0
0.0,0.0,0.0,0.3728012312203628,55.59062735736353,1.6458250465802684,17.437363028898798,0.0,0.0,0.0,19.756719661969655,0.0,0.0,64.92139670997855,0.5026189595460872,0.1019273139536379,14.059199154376897,0.0,0.0,0.0,0.0,219.14297828674285,0.0,0.0,0.0,28.385936114191978,4.497390300035471,0.0,134.1974797174333,0.931567876785968,0.0,14.649219632148712,10.731336124241324,0.0,0.0,0.0,0.0
0.0,0.0,0.0,2.255667656660078,196.01958191394783,10.577335577458108,85.76755676865571,0.0,0.0,0.0,88.09874417409284,0.0,0.0,180.3624164126813,0.0,0.0,41.37187705039978,0.0,0.0,0.0,0.0,703.6928489685055,0.0,0.0,0.0,131.4192781090736,12.262613947689529,0.0,871.3562153756617,2.8353469103574724,0.0,69.29758948087691,41.14327968657016,0.0,0.0,0.0,0.0
0.0,0.0,0.0,6.009899109601971,451.686117708683,51.84620083868502,343.4879416689276,0.0,0.0,0.0,306.2789405047894,0.0,0.0,468.1431324034929,0.0,0.0,123.20014841556548,0.0,0.0,0.0,0.0,1529.9466125488282,0.0,0.0,0.0,422.413777589798,27.65137267708778,0.0,1721.8260118722917,7.272877281904211,0.0,227.95534336566925,112.8139126598835,0.0,0.0,0.0,0.0
0.0,0.0,0.0,12.14023047685623,831.4838992357253,169.6072832196951,0.0,0.0,0.0,0.0,783.5745751112698,0.0,0.0,851.2169818580151,0.0,0.0,246.7791024804114,0.0,0.0,0.0,0.0,2240.125491333007,0.0,0.0,0.0,667.5717902183533,45.0986078441143,0.0,2219.967848277092,8.834458466619223,0.0,368.1060427427292,166.5253849029541,0.0,0.0,0.0,0.0
0.0,0.0,0.0,21.298146724700928,1187.2060110569,211.54631234705445,0.0,0.0,0.0,0.0,1067.3191542536017,0.0,0.0,1007.0811589062214,0.0,0.0,644.2704542756079,0.0,0.0,0.0,0.0,2500.938296508789,0.0,0.0,0.0,719.6718752384186,55.11102457046509,0.0,2363.005063188076,0.0,0.0,407.608029961586,186.64907556772232,0.0,0.0,0.0,0.0
0.0,0.0,0.0,30.000736355781555,1395.0142867565155,237.730524212122,0.0,0.0,0.0,0.0,1296.3401299118996,0.0,0.0,1081.5592317283154,0.0,0.0,936.3924887895585,0.0,0.0,0.0,0.0,0.0,0.0,0.0,0.0,731.1376354694366,59.60603555440903,0.0,0.0,0.0,0.0,0.0,0.0,0.0,0.0,0.0,0.0
0.0,0.0,0.0,0.0,0.0,0.0,0.0,0.0,0.0,0.0,0.0,0.0,0.0,0.0,0.0,0.0,1083.2243243694306,0.0,0.0,0.0,0.0,0.0,0.0,0.0,0.0,0.0,0.0,0.0,0.0,0.0,0.0,0.0,0.0,0.0,0.0,0.0,0.0
0.0,0.0,0.0,0.0,0.0,0.0,0.0,0.0,0.0,0.0,0.0,0.0,0.0,0.0,0.0,0.0,0.0,0.0,0.0,0.0,0.0,0.0,0.0,0.0,0.0,0.0,0.0,0.0,0.0,0.0,0.0,0.0,0.0,0.0,0.0,0.0,0.0
0.0,0.0,0.0,0.0,0.0,0.0,0.0,0.0,0.0,0.0,0.0,0.0,0.0,0.0,0.0,0.0,0.0,0.0,0.0,0.0,0.0,0.0,0.0,0.0,0.0,0.0,0.0,0.0,0.0,0.0,0.0,0.0,0.0,0.0,0.0,0.0,0.0
0.0,0.0,0.0,0.0,0.0,0.0,0.0,0.0,0.0,0.0,0.0,0.0,0.0,0.0,0.0,0.0,747.878855407238,0.0,0.0,0.0,0.0,0.0,0.0,0.0,0.0,0.0,0.0,0.0,0.0,0.0,0.0,0.0,0.0,0.0,0.0,0.0,0.0
0.0,0.0,0.0,0.0,0.0,0.0,0.0,0.0,0.0,0.0,0.0,0.0,0.0,0.0,0.0,0.0,0.0,0.0,0.0,0.0,0.0,0.0,0.0,0.0,0.0,0.0,0.0,0.0,0.0,0.0,0.0,0.0,0.0,0.0,0.0,0.0,0.0
0.0,0.0,0.0,0.0,0.0,0.0,0.0,0.0,0.0,0.0,0.0,0.0,0.0,0.0,0.0,0.0,0.0,0.0,0.0,0.0,0.0,0.0,0.0,0.0,0.0,0.0,0.0,0.0,0.0,0.0,0.0,0.0,0.0,0.0,0.0,0.0,0.0
0.0,0.0,0.0,0.0,0.0,0.0,0.0,0.0,0.0,0.0,0.0,0.0,0.0,0.0,0.0,0.0,0.0,0.0,0.0,0.0,0.0,0.0,0.0,0.0,0.0,0.0,0.0,0.0,0.0,0.0,0.0,0.0,0.0,0.0,0.0,0.0,0.0
0.0,0.0,0.0,0.0,0.0,0.0,0.0,0.0,0.0,0.0,0.0,0.0,0.0,0.0,0.0,0.0,0.0,0.0,0.0,0.0,0.0,0.0,0.0,0.0,0.0,0.0,0.0,0.0,0.0,0.0,0.0,0.0,0.0,0.0,0.0,0.0,0.0
0.0,0.0,0.0,0.0,0.0,0.0,0.0,0.0,0.0,0.0,0.0,0.0,0.0,0.0,0.0,0.0,0.0,0.0,0.0,0.0,0.0,0.0,0.0,0.0,0.0,0.0,0.0,0.0,0.0,0.0,0.0,0.0,0.0,0.0,0.0,0.0,0.0
0.0,0.0,0.0,0.0,0.0,0.0,0.0,0.0,0.0,0.0,0.0,0.0,0.0,0.0,0.0,0.0,0.0,0.0,0.0,0.0,0.0,0.0,0.0,0.0,0.0,0.0,0.0,0.0,0.0,0.0,0.0,0.0,0.0,0.0,0.0,0.0,0.0
0.0,0.0,0.0,0.0,0.0,0.0,0.0,0.0,0.0,0.0,0.0,0.0,0.0,0.0,0.0,0.0,0.0,0.0,0.0,0.0,0.0,0.0,0.0,0.0,0.0,0.0,0.0,0.0,0.0,0.0,0.0,0.0,0.0,0.0,0.0,0.0,0.0
0.0,0.0,0.0,0.0,0.0,0.0,0.0,0.0,0.0,0.0,0.0,0.0,0.0,0.0,0.0,0.0,0.0,0.0,0.0,0.0,0.0,0.0,0.0,0.0,0.0,0.0,0.0,0.0,0.0,0.0,0.0,0.0,0.0,0.0,0.0,0.0,0.0
0.0,0.0,0.0,0.0,0.0,0.0,0.0,0.0,0.0,0.0,0.0,0.0,0.0,0.0,0.0,0.0,0.0,0.0,0.0,0.0,0.0,0.0,0.0,0.0,0.0,0.0,0.0,0.0,0.0,0.0,0.0,0.0,0.0,0.0,0.0,0.0,0.0
0.0,0.0,0.0,0.0,0.0,0.0,0.0,0.0,0.0,0.0,0.0,0.0,0.0,0.0,0.0,0.0,0.0,0.0,0.0,0.0,0.0,0.0,0.0,0.0,0.0,0.0,0.0,0.0,0.0,0.0,0.0,0.0,0.0,0.0,0.0,0.0,0.0
0.0,0.0,0.0,0.0,0.9159694276747976,0.0,0.0,0.0,0.0,0.0,0.0,0.0,0.0,3.432986899279015,0.0,0.0,0.0,0.0,0.0,0.0,0.0,0.0,0.0,0.0,0.0,2.219599462486776,0.1163349848240588,0.0,0.0,0.4267266161739807,0.0,0.0,0.0,0.0,0.0,0.0,0.0
0.0,0.0,0.0,0.032990891486403,0.0,0.0466937557793718,0.0,0.0,0.0,0.0,1.8369688339529988,0.0,0.0,4.274264196865208,0.0650200456380816,0.0,0.0,0.0,0.0,0.0,0.0,0.0,0.0,0.0,0.0,0.0,0.0,0.0,0.0,0.0,0.0,0.0,0.0,0.0,0.0,0.0,0.0
0.0,0.0,0.0,0.0318976044654794,0.0,0.0,0.0,0.0,0.0,0.0,1.7104495359583067,0.0,0.0,0.3194096172228227,0.0412603273987748,0.0,0.0,0.0,0.0,0.0,0.0,0.0,0.0,0.0,0.0,0.0,0.0,0.0,0.0,0.0,0.0,1.0941855907439813,0.0,0.0,0.0,0.0,0.0
0.0,0.0,0.0,0.0433009564876528,4.825084291398371,0.4975912896916139,0.0,0.0,0.0,0.0,3.4487050918861164,0.0,0.0,17.534716788213675,0.0923306196928014,0.0,8.100532972812646,0.0,0.0,0.0,0.0,79.36861476898162,0.0,0.0,0.0,1.2443099468945618,0.0,0.0,18.981347037851616,0.5107135511934393,0.0,3.155651122331605,9.880469106137731,0.0,0.0,0.0,0.0
0.0,0.0,0.0,0.1711881682276722,53.08172100037321,1.4487971826456365,0.0,0.0,0.0,0.0,17.41516543896866,0.0,0.0,73.38507583364841,0.3191244710236759,0.0,14.784145283698848,0.0,0.0,0.0,0.0,390.6425533294676,0.0,0.0,0.0,11.577232152223552,0.4106103647500218,0.0,151.48644405156355,0.8707362182438149,0.0,16.438457429409016,40.59039928019047,0.0,0.0,0.0,0.0
0.0,0.0,0.0,1.1487659960985173,187.23866388201705,11.46928615495558,0.0,0.0,0.0,0.0,76.56595476195213,0.0,0.0,237.8715798258781,1.4644714772701262,0.0,34.0439703226088,0.0,0.0,0.0,0.0,1083.6018211364742,0.0,0.0,0.0,62.02029194235795,2.1381160322576718,0.0,917.8778800606729,2.101603469997619,0.0,71.89560747146602,114.874439150095,0.0,0.0,0.0,0.0
0.0,0.0,0.0,3.4597927555441803,431.205753982067,58.90116663277148,0.0,0.0,0.0,0.0,258.30084606632585,0.0,0.0,553.3077861368655,3.816256789863108,0.0,98.29145537614804,0.0,0.0,0.0,0.0,1976.0678039550776,0.0,0.0,0.0,209.8599257588386,5.508868885040279,0.0,1744.56631346941,4.159491324424726,0.0,226.56188398599625,173.39824825525284,0.0,0.0,0.0,0.0
0.0,0.0,0.0,6.682171195745468,797.6435960531235,182.5564149171114,0.0,0.0,0.0,0.0,677.6488367706537,0.0,0.0,906.4095798134804,7.387478899955749,0.0,190.27032083272917,0.0,0.0,0.0,0.0,2611.716516113281,0.0,0.0,0.0,499.6866382598877,10.98572309166193,0.0,2209.8228591680527,3.502418618649215,0.0,370.5623089075089,212.9982680678368,0.0,0.0,0.0,0.0
0.0,0.0,0.0,10.912499755620953,1163.320377826691,214.128564491868,0.0,0.0,0.0,0.0,905.2069640368225,0.0,0.0,1038.3229890465736,12.873090344667435,0.0,542.7838182926176,0.0,0.0,0.0,0.0,2852.662124633789,0.0,0.0,0.0,595.5079421043396,18.66861157417297,0.0,2342.902169728279,102.8497984588146,0.0,411.190775513649,223.87300896644592,0.0,0.0,0.0,0.0
0.0,0.0,0.0,15.11062029004097,0.0,231.87595915794373,0.0,0.0,0.0,0.0,1059.4891553342345,0.0,0.0,1101.0937176644802,15.732723355293274,0.0,825.1883633136748,0.0,0.0,0.0,0.0,2934.189416503906,0.0,0.0,0.0,622.7175079345703,27.041348809003825,0.0,2369.9504473924635,205.24216158986093,0.0,421.4930348396301,0.0,0.0,0.0,0.0,0.0
0.0,0.0,0.0,17.04077273607254,0.0,234.5736073255539,0.0,0.0,0.0,0.0,1109.3289350688456,0.0,0.0,0.0,16.77378678917885,0.0,981.8859380006792,0.0,0.0,0.0,0.0,0.0,0.0,0.0,0.0,0.0,0.0,0.0,0.0,0.0,0.0,411.44133949279785,0.0,0.0,0.0,0.0,0.0
0.0,0.0,0.0,16.181089520454407,0.0,221.9348020404577,0.0,0.0,0.0,0.0,0.0,0.0,0.0,0.0,16.215752720832825,0.0,995.08646607399,0.0,0.0,0.0,0.0,0.0,0.0,0.0,0.0,0.0,28.202621877193447,0.0,0.0,0.0,0.0,0.0,0.0,0.0,0.0,0.0,0.0
0.0,0.0,0.0,0.0,0.0,0.0,0.0,0.0,0.0,0.0,0.0,0.0,0.0,0.0,0.0,0.0,0.0,0.0,0.0,0.0,0.0,0.0,0.0,0.0,0.0,0.0,0.0,0.0,0.0,0.0,0.0,0.0,0.0,0.0,0.0,0.0,0.0
0.0,0.0,0.0,0.0,0.0,0.0,0.0,0.0,0.0,0.0,0.0,0.0,0.0,0.0,0.0,0.0,0.0,0.0,0.0,0.0,0.0,0.0,0.0,0.0,0.0,0.0,0.0,0.0,0.0,0.0,0.0,0.0,0.0,0.0,0.0,0.0,0.0
0.0,0.0,0.0,0.0,0.0,0.0,0.0,0.0,0.0,0.0,0.0,0.0,0.0,0.0,0.0,0.0,0.0,0.0,0.0,0.0,0.0,0.0,0.0,0.0,0.0,0.0,0.0,0.0,0.0,0.0,0.0,0.0,0.0,0.0,0.0,0.0,0.0
0.0,0.0,0.0,0.0,0.0,0.0,0.0,0.0,0.0,0.0,0.0,0.0,0.0,0.0,0.0,0.0,0.0,0.0,0.0,0.0,0.0,0.0,0.0,0.0,0.0,0.0,0.0,0.0,0.0,0.0,0.0,0.0,0.0,0.0,0.0,0.0,0.0
0.0,0.0,0.0,0.0,0.0,0.0,0.0,0.0,0.0,0.0,0.0,0.0,0.0,0.0,0.0,0.0,0.0,0.0,0.0,0.0,0.0,0.0,0.0,0.0,0.0,0.0,0.0,0.0,0.0,0.0,0.0,0.0,0.0,0.0,0.0,0.0,0.0
0.0,0.0,0.0,0.0,0.0,0.0,0.0,0.0,0.0,0.0,0.0,0.0,0.0,0.0,0.0,0.0,0.0,0.0,0.0,0.0,0.0,0.0,0.0,0.0,0.0,0.0,0.0,0.0,0.0,0.0,0.0,0.0,0.0,0.0,0.0,0.0,0.0
0.0,0.0,0.0,0.0,0.0,0.0,0.0,0.0,0.0,0.0,0.0,0.0,0.0,0.0,0.0,0.0,0.0,0.0,0.0,0.0,0.0,0.0,0.0,0.0,0.0,0.0,0.0,0.0,0.0,0.0,0.0,0.0,0.0,0.0,0.0,0.0,0.0
0.0,0.0,0.0,0.0,0.0,0.0,0.0,0.0,0.0,0.0,0.0,0.0,0.0,0.0,0.0,0.0,0.0,0.0,0.0,0.0,0.0,0.0,0.0,0.0,0.0,0.0,0.0,0.0,0.0,0.0,0.0,0.0,0.0,0.0,0.0,0.0,0.0
0.0,0.0,0.0,0.0,0.0,0.0,0.0,0.0,0.0,0.0,0.0,0.0,0.0,0.0,0.0,0.0,0.0,0.0,0.0,0.0,0.0,0.0,0.0,0.0,0.0,0.0,0.0,0.0,0.0,0.0,0.0,0.0,0.0,0.0,0.0,0.0,0.0
0.0,0.0,0.0,0.0,0.0,0.0,0.0,0.0,0.0,0.0,0.0,0.0,0.0,0.0,0.0,0.0,0.0,0.0,0.0,0.0,0.0,0.0,0.0,0.0,0.0,0.0,0.0,0.0,0.0,0.0,0.0,0.0,0.0,0.0,0.0,0.0,0.0
0.0,0.0,0.0,0.0,0.0,0.0,0.0,0.0,0.0,0.0,0.0,0.0,0.0,0.0,0.0,0.0,0.0,0.0,0.0,0.0,0.0,0.0,0.0,0.0,0.0,0.0,0.0,0.0,0.0,0.0,0.0,0.0,0.0,0.0,0.0,0.0,0.0
0.0,0.0,0.0,0.0,0.0,0.0,0.0,0.0,0.0,0.0,0.0,0.0,0.0,0.0,0.0,0.0,0.0,0.0,0.0,0.0,0.0,0.0,0.0,0.0,0.0,0.0,0.0,0.0,0.302913157641772,0.0,0.0,0.0,0.0,0.0,0.0,0.0,0.0
0.0,0.0,0.0,0.0321731492876976,0.0,0.0,5.0927056606857874,0.0,0.0,0.0,0.0,0.0,0.0,4.384469804353941,0.0,0.0,10.255269718169997,0.0,0.0,0.0,0.0,23.371327209472657,0.0,0.0,0.0,0.0,0.0,0.0,0.2459709033370018,0.0,0.0,0.0,0.0,0.0,0.0,0.0,0.0
0.0,0.0,0.0,0.0,0.0,0.0,5.843068764731139,0.0,0.0,0.0,0.0,0.0,0.0,2.076200922019685,0.0,0.0,0.0,0.0,0.0,0.0,0.0,0.0,0.0,0.0,0.0,0.0,0.8459259798750259,0.0,0.0,0.0,0.0,0.0,0.0,0.0,0.0,0.0,0.0
0.0,0.0,0.0,0.0264503974467463,2.216497071087225,0.0,4.746281794458624,0.0,0.0,0.0,1.74830827340472,0.0,0.0,0.0,0.0,0.0,0.0,0.0,0.0,0.0,0.0,4.6345990180968135,0.0,0.0,0.0,0.0646752903237938,0.0760821439325793,0.0,0.0,0.0,0.0,1.149125412106465,0.0,0.0,0.0,0.0,0.0
0.0,0.0,0.0,0.0375194232910858,4.717834051698288,0.39793339418247,9.917083696648364,0.0,0.0,0.0,7.147450340632131,0.0,0.0,49.60162228904651,0.0,0.0,6.929918718337941,0.0,0.0,0.0,0.0,51.10034642219525,0.0,0.0,0.0,5.628878209367325,0.2870084788650237,0.0,17.609117250144337,0.4769705787300933,0.0,2.716468945145588,5.052744681015597,0.0,0.0,0.0,0.0
0.0,0.0,0.0,0.2797072120010794,40.02744561433773,1.235107620712358,34.846376362815434,0.0,0.0,0.0,30.43498994586971,0.0,0.0,191.2113211303949,1.1932128198444811,0.0,14.961015224456624,0.0,0.0,0.0,0.0,314.8548488616942,0.0,0.0,0.0,23.24215801656238,1.058742707781489,0.0,111.09860881790505,0.6746720045804642,0.0,6.98402239382263,20.371293172240232,0.0,0.0,0.0,0.0
0.0,0.0,0.0,2.170597754418848,150.17781472206116,6.953764732927048,141.1399112805723,0.0,0.0,0.0,112.00178386867044,0.0,0.0,507.1863382309675,3.684769733995198,0.0,43.52900393009186,0.0,0.0,0.0,0.0,899.5078552246092,0.0,0.0,0.0,100.38441854715347,2.989433244615785,0.0,751.6079897701741,1.165818087756622,0.0,34.24703748524186,72.39012147486207,0.0,0.0,0.0,0.0
0.0,0.0,0.0,5.889743551611899,352.9824271798134,34.70327800512313,453.9596821725368,0.0,0.0,0.0,368.3866294503212,0.0,0.0,914.9916757643224,7.837197482585905,0.0,120.86921586990356,0.0,0.0,0.0,0.0,1829.997314453125,0.0,0.0,0.0,336.033502817154,7.098624442517758,0.0,1585.765911746025,1.6543955929577068,0.0,123.32779327034947,141.72010281682014,0.0,0.0,0.0,0.0
0.0,0.0,0.0,11.106665313243862,672.8703820705414,134.78640027344224,868.2176876425743,0.0,0.0,0.0,885.6804842382669,0.0,0.0,1223.3816426992416,13.672638049721716,0.0,233.9958673477172,0.0,0.0,0.0,0.0,2503.9409057617186,0.0,0.0,0.0,587.2385761260987,13.693372365832326,0.0,2029.1966877222064,0.9384183943271364,0.0,276.342896938324,187.92732989788053,0.0,0.0,0.0,0.0
0.0,0.0,0.0,17.867370247840878,1030.1932524442673,180.94474285840988,1088.320571577549,0.0,0.0,0.0,1181.1378184735777,0.0,0.0,1308.348407745361,17.29407581984997,0.0,619.0860377907752,0.0,0.0,0.0,0.0,2785.681802368164,0.0,0.0,0.0,657.7021275520325,25.37559927105904,0.0,2142.7279187321665,85.30324190258979,0.0,331.8265817165375,204.03066593408585,0.0,0.0,0.0,0.0
0.0,0.0,0.0,22.880495548248287,1258.1064224243164,204.53913104534143,1188.649955123663,0.0,0.0,0.0,1341.8585634112358,0.0,0.0,1333.3537624776363,19.37617444396019,0.0,913.6329555153844,0.0,0.0,0.0,0.0,2881.42307434082,0.0,0.0,0.0,677.9027104377747,35.74541385769843,0.0,2180.81765294075,186.87783072590827,0.0,353.510036110878,0.0,0.0,0.0,0.0,0.0
0.0,0.0,0.0,23.36551910638809,1340.4484989643097,213.06996034085748,1187.8981640517711,0.0,0.0,0.0,1394.0510519862175,0.0,0.0,0.0,20.20841052532196,0.0,1065.6040089130402,0.0,0.0,0.0,0.0,0.0,0.0,0.0,0.0,668.1322116851807,38.07435458898544,0.0,2156.7068101882933,225.3965189218521,0.0,354.8991358280182,0.0,0.0,0.0,0.0,0.0
0.0,0.0,0.0,20.811617255210876,0.0,0.0,0.0,0.0,0.0,0.0,0.0,0.0,0.0,0.0,0.0,0.0,0.0,0.0,0.0,0.0,0.0,0.0,0.0,0.0,0.0,623.7787017822266,0.0,0.0,2117.994088447094,0.0,0.0,0.0,0.0,0.0,0.0,0.0,0.0
0.0,0.0,0.0,0.0,0.0,0.0,0.0,0.0,0.0,0.0,0.0,0.0,0.0,0.0,0.0,0.0,0.0,0.0,0.0,0.0,0.0,0.0,0.0,0.0,0.0,0.0,0.0,0.0,0.0,0.0,0.0,0.0,0.0,0.0,0.0,0.0,0.0
0.0,0.0,0.0,0.0,0.0,0.0,0.0,0.0,0.0,0.0,0.0,0.0,0.0,0.0,0.0,0.0,683.6063658714295,0.0,0.0,0.0,0.0,0.0,0.0,0.0,0.0,0.0,0.0,0.0,0.0,0.0,0.0,0.0,0.0,0.0,0.0,0.0,0.0
0.0,0.0,0.0,0.0,0.0,0.0,0.0,0.0,0.0,0.0,0.0,0.0,0.0,0.0,0.0,0.0,0.0,0.0,0.0,0.0,0.0,0.0,0.0,0.0,0.0,0.0,0.0,0.0,0.0,0.0,0.0,0.0,0.0,0.0,0.0,0.0,0.0
0.0,0.0,0.0,0.0,0.0,0.0,0.0,0.0,0.0,0.0,0.0,0.0,0.0,0.0,0.0,0.0,0.0,0.0,0.0,0.0,0.0,0.0,0.0,0.0,0.0,0.0,0.0,0.0,0.0,0.0,0.0,0.0,0.0,0.0,0.0,0.0,0.0
0.0,0.0,0.0,0.0,0.0,0.0,0.0,0.0,0.0,0.0,0.0,0.0,0.0,0.0,0.0,0.0,0.0,0.0,0.0,0.0,0.0,0.0,0.0,0.0,0.0,0.0,0.0,0.0,0.0,0.0,0.0,0.0,0.0,0.0,0.0,0.0,0.0
0.0,0.0,0.0,0.0,0.0,0.0,0.0,0.0,0.0,0.0,0.0,0.0,0.0,0.0,0.0,0.0,0.0,0.0,0.0,0.0,0.0,0.0,0.0,0.0,0.0,0.0,0.0,0.0,0.0,0.0,0.0,0.0,0.0,0.0,0.0,0.0,0.0
0.0,0.0,0.0,0.0,0.0,0.0,0.0,0.0,0.0,0.0,0.0,0.0,0.0,0.0,0.0,0.0,0.0,0.0,0.0,0.0,0.0,0.0,0.0,0.0,0.0,0.0,0.0,0.0,0.0,0.0,0.0,0.0,0.0,0.0,0.0,0.0,0.0
0.0,0.0,0.0,0.0,0.0,0.0,0.0,0.0,0.0,0.0,0.0,0.0,0.0,0.0,0.0,0.0,0.0,0.0,0.0,0.0,0.0,0.0,0.0,0.0,0.0,0.0,0.0,0.0,0.0,0.0,0.0,0.0,0.0,0.0,0.0,0.0,0.0
0.0,0.0,0.0,0.0,0.0,0.0,0.0,0.0,0.0,0.0,0.0,0.0,0.0,0.0,0.0,0.0,0.0,0.0,0.0,0.0,0.0,0.0,0.0,0.0,0.0,0.0,0.0,0.0,0.0,0.0,0.0,0.0,0.0,0.0,0.0,0.0,0.0
0.0,0.0,0.0,0.0,0.0,0.0,0.0,0.0,0.0,0.0,0.0,0.0,0.0,0.0,0.0,0.0,0.0,0.0,0.0,0.0,0.0,0.0,0.0,0.0,0.0,0.0,0.0,0.0,0.0,0.0,0.0,0.0,0.0,0.0,0.0,0.0,0.0
0.0,0.0,0.0,0.0,0.0,0.0,0.0,0.0,0.0,0.0,0.0,0.0,0.0,0.0,0.0,0.0,0.0,0.0,0.0,0.0,0.0,0.0,0.0,0.0,0.0,0.0,0.0,0.0,0.0,0.0,0.0,0.0,0.0,0.0,0.0,0.0,0.0
0.0,0.0,0.0,0.0,0.0,0.0,0.0,0.0,0.0,0.0,0.0,0.0,0.0,0.0,0.0,0.0,0.0,0.0,0.0,0.0,0.0,0.0,0.0,0.0,0.0,0.0,0.0,0.0,0.0,0.0,0.0,0.0,0.0,0.0,0.0,0.0,0.0
0.0,0.0,0.0,0.0,1.1388709098098928,0.0,0.0,0.0,0.0,0.0,0.0,0.0,0.0,0.0,0.0,0.0,0.0,0.0,0.0,0.0,0.0,25.910423088073543,0.0,0.0,0.0,1.5663750136270336,0.0,0.0,0.0,0.3902832686900771,0.0,1.1483001261949253,0.0,0.0,0.0,0.0,0.0
0.0,0.0,0.0,0.0,1.4199093803761371,0.0,0.5847415000199027,0.0,0.0,0.0,0.0,0.0,0.0,1.1317797796800202,0.0,0.0,0.0,0.0,0.0,0.0,0.0,21.82132863998372,0.0,0.0,0.0,0.0,0.5986808700486966,0.0,0.0,0.4148590244352544,0.0,0.0,0.017068488523364,0.0,0.0,0.0,0.0
0.0,0.0,0.0,0.0309205520898093,2.130815908312729,0.0,0.4746349792926464,0.0,0.0,0.0,1.8156767375766627,0.0,0.0,0.255885049700683,0.0053184382617459,0.0,15.002199077606177,0.0,0.0,0.0,0.0,14.77946472167932,0.0,0.0,0.0,0.0,0.0,0.0,0.0,0.6314103566110042,0.0,1.223558127880077,0.0,0.0,0.0,0.0,0.0
0.0,0.0,0.0,0.0436916388571204,3.8516971729694176,0.3966443040407749,6.765331998094817,0.0,0.0,0.0,7.732474421802824,0.0,0.0,26.23498345725224,0.0436207652091946,0.0052426448091862,1.5838623523710151,0.0,0.0,0.0,0.0,0.0,0.0,0.0,0.0,0.0,0.5733747545629715,0.0,0.0,0.4281090207397729,0.0,3.362107157707199,1.674909630790331,0.0,0.0,0.0,0.0
0.0,0.0,0.0,0.1911552362143938,27.81216298043717,1.40362580073993,34.0805266074836,0.0,0.0,0.0,29.22800482772273,0.0,0.0,92.45806049555527,0.2544360268861055,0.0616022478789081,7.376935124397104,0.0,0.0,0.0,0.0,51.55580496788016,0.0,0.0,0.0,50.89819362163537,1.3047119166701977,0.0,5.313124667108018,0.6280304946005056,0.0,16.736219689249992,5.921610154211507,0.0,0.0,0.0,0.0
0.0,0.0,0.0,1.4091916531324349,109.68777990341172,14.397508470341528,148.72053925395008,0.0,0.0,0.0,117.30102387741204,0.0,0.0,289.8924504965544,1.1702780518680789,0.230239495635032,18.72443494796738,0.0,0.0,0.0,0.0,224.0559654235839,0.0,0.0,0.0,161.69423092603677,2.932353436946862,0.0,11.617771063744774,0.9473835222422864,0.0,75.58047318458554,21.45287485420701,0.0,0.0,0.0,0.0
0.0,0.0,0.0,3.720073133707046,257.8858036398886,77.6243443191051,410.5042633265257,0.0,0.0,0.0,417.28213183432814,0.0,0.0,649.2390502989292,2.889494667202233,0.4733589626848693,59.19896976947776,0.0,0.0,0.0,0.0,479.4944938659665,0.0,0.0,0.0,459.2624311447144,6.282194903492924,0.0,9.870409631729007,1.0511517293750985,0.0,235.61227428913116,71.6121673285961,0.0,0.0,0.0,0.0
0.0,0.0,0.0,7.129205137491223,474.203280210495,205.47977097332475,722.7204571425915,0.0,0.0,0.0,980.4930366456508,0.0,0.0,1000.32672226429,5.165084597468374,0.6035746373236177,111.4205858469008,0.0,0.0,0.0,0.0,846.2566276550291,0.0,0.0,0.0,655.3710218906402,11.047637256979936,0.0,2.420733042061186,0.8091079197823664,0.0,372.27908301353455,130.5712444484234,0.0,0.0,0.0,0.0
0.0,0.0,0.0,11.775986552238464,773.9921109676361,241.7265107035637,920.0871916949748,0.0,0.0,0.0,1321.8773549556731,0.0,0.0,1120.5824074149132,9.478215900063512,1.339735053479671,406.67369633913023,0.0,0.0,0.0,0.0,988.397515106201,0.0,0.0,0.0,690.6520565509796,17.66298909187316,0.0,1.435926571488276,91.10362987369298,0.0,410.72416603565216,150.00469034910202,0.0,0.0,0.0,0.0
0.0,0.0,0.0,17.162640690803524,973.1768864393234,263.62647223472595,1042.0679223835468,0.0,0.0,0.0,1512.2971838772296,0.0,0.0,1164.5391888916492,12.4705543667078,1.950893878936768,683.5220370292662,0.0,0.0,0.0,0.0,1021.9253616333004,0.0,0.0,0.0,692.6499779224396,26.58009804487228,0.0,1.990328140556592,183.30888388752936,0.0,422.375767827034,159.97878700494766,0.0,0.0,0.0,0.0
0.0,0.0,0.0,19.523423731327057,1065.2025306224823,269.41860207915306,0.0,0.0,0.0,0.0,1540.9256958305837,0.0,0.0,1156.1258924007416,13.19375527203083,0.0,842.6863529205323,0.0,0.0,0.0,0.0,932.1392646789552,0.0,0.0,0.0,674.6391302108765,27.60649344921112,0.0,1.7502281799909836,220.202754676342,0.0,411.9639607667923,155.480979681015,0.0,0.0,0.0,0.0
0.0,0.0,0.0,0.0,1075.2500274181366,0.0,0.0,0.0,0.0,0.0,0.0,0.0,0.0,0.0,0.0,0.0,865.2443794846533,0.0,0.0,0.0,0.0,691.5456581115723,0.0,0.0,0.0,639.0756237506866,0.0,0.0,0.0,0.0,0.0,0.0,0.0,0.0,0.0,0.0,0.0
0.0,0.0,0.0,0.0,0.0,0.0,0.0,0.0,0.0,0.0,0.0,0.0,0.0,0.0,0.0,0.0,0.0,0.0,0.0,0.0,0.0,0.0,0.0,0.0,0.0,0.0,0.0,0.0,0.0,0.0,0.0,0.0,0.0,0.0,0.0,0.0,0.0
0.0,0.0,0.0,0.0,0.0,0.0,0.0,0.0,0.0,0.0,0.0,0.0,0.0,0.0,0.0,0.0,0.0,0.0,0.0,0.0,0.0,0.0,0.0,0.0,0.0,0.0,0.0,0.0,0.0,0.0,0.0,0.0,0.0,0.0,0.0,0.0,0.0
0.0,0.0,0.0,0.0,0.0,0.0,0.0,0.0,0.0,0.0,0.0,0.0,0.0,0.0,0.0,0.0,0.0,0.0,0.0,0.0,0.0,0.0,0.0,0.0,0.0,0.0,0.0,0.0,0.0,0.0,0.0,0.0,0.0,0.0,0.0,0.0,0.0
0.0,0.0,0.0,0.0,0.0,0.0,0.0,0.0,0.0,0.0,0.0,0.0,0.0,0.0,0.0,0.0,0.0,0.0,0.0,0.0,0.0,0.0,0.0,0.0,0.0,0.0,0.0,0.0,0.0,0.0,0.0,0.0,0.0,0.0,0.0,0.0,0.0
0.0,0.0,0.0,0.0,0.0,0.0,0.0,0.0,0.0,0.0,0.0,0.0,0.0,0.0,0.0,0.0,0.0,0.0,0.0,0.0,0.0,0.0,0.0,0.0,0.0,0.0,0.0,0.0,0.0,0.0,0.0,0.0,0.0,0.0,0.0,0.0,0.0
0.0,0.0,0.0,0.0,0.0,0.0,0.0,0.0,0.0,0.0,0.0,0.0,0.0,0.0,0.0,0.0,0.0,0.0,0.0,0.0,0.0,0.0,0.0,0.0,0.0,0.0,0.0,0.0,0.0,0.0,0.0,0.0,0.0,0.0,0.0,0.0,0.0
0.0,0.0,0.0,0.0,0.0,0.0,0.0,0.0,0.0,0.0,0.0,0.0,0.0,0.0,0.0,0.0,0.0,0.0,0.0,0.0,0.0,0.0,0.0,0.0,0.0,0.0,0.0,0.0,0.0,0.0,0.0,0.0,0.0,0.0,0.0,0.0,0.0
0.0,0.0,0.0,0.0,0.0,0.0,0.0,0.0,0.0,0.0,0.0,0.0,0.0,0.0,0.0,0.0,0.0,0.0,0.0,0.0,0.0,0.0,0.0,0.0,0.0,0.0,0.0,0.0,0.0,0.0,0.0,0.0,0.0,0.0,0.0,0.0,0.0
0.0,0.0,0.0,0.0,0.0,0.0,0.0,0.0,0.0,0.0,0.0,0.0,0.0,0.0,0.0,0.0,0.0,0.0,0.0,0.0,0.0,0.0,0.0,0.0,0.0,0.0,0.0,0.0,0.0,0.0,0.0,0.0,0.0,0.0,0.0,0.0,0.0
0.0,0.0,0.0,0.0,0.0,0.0,0.0,0.0,0.0,0.0,0.0,0.0,0.0,0.0,0.0,0.0,0.0,0.0,0.0,0.0,0.0,0.0,0.0,0.0,0.0,0.0,0.0,0.0,0.0,0.0,0.0,0.0,0.0,0.0,0.0,0.0,0.0
0.0,0.0,0.0,0.0,0.0,0.0,0.0,0.0,0.0,0.0,0.0,0.0,0.0,0.0,0.0,0.0,0.0,0.0,0.0,0.0,0.0,0.0,0.0,0.0,0.0,0.0,0.0,0.0,0.0,0.0,0.0,0.0,0.0,0.0,0.0,0.0,0.0
0.0,0.0,0.0,0.0,0.0,0.0,0.0,0.0,0.0,0.0,0.0,0.0,0.0,0.0,0.0,0.0,0.0,0.0,0.0,0.0,0.0,0.0,0.0,0.0,0.0,0.0,0.0,0.0,0.0,0.0,0.0,0.0,0.0,0.0,0.0,0.0,0.0
0.0,0.0,0.0,0.0,0.0,0.0,1.5354960918426277,0.0,0.0,0.0,0.0,0.0,0.0,8.652668055146902,0.0,0.0,0.0,0.0,0.0,0.0,0.0,33.9079597473144,0.0,0.0,0.0,0.0,0.0,0.0,0.0,0.0,0.0,0.0,0.0307778548449044,0.0,0.0,0.0,0.0
0.0,0.0,0.0,0.0,1.871259804815049,0.0,0.9058586027472908,0.0,0.0,0.0,0.0,0.0,0.0,0.0,0.0,0.0058438032865524,0.0,0.0,0.0,0.0,0.0,34.16719536781267,0.0,0.0,0.0,0.0,0.404115351289509,0.0,0.0,0.440878690034135,0.0,1.0848562717437382,0.0,0.0,0.0,0.0,0.0
0.0,0.0,0.0,0.0332912653684614,3.6323842965064967,0.0,3.573183542489975,0.0,0.0,0.0,1.705062940716519,0.0,0.0,1.5479059563948827,0.0598004601895782,0.0,0.0,0.0,0.0,0.0,0.0,28.120578098296956,0.0,0.0,0.0,0.0,0.1179568633437101,0.0,0.0,0.6099772281944614,0.0,1.210192084312379,0.0,0.0,0.0,0.0,0.0
0.0,0.0,0.0,0.1030209083110045,7.68195730447751,0.5085348333231726,10.295251514762596,0.0,0.0,0.0,2.3348082647192943,0.0,0.0,36.87438257504246,0.0617871925234792,0.0221228329464792,5.428975641727264,0.0,0.0,0.0,0.0,31.307930660247617,0.0,0.0,0.0,0.0,0.7043071033433077,0.0,30.73171501308655,0.4069922052323692,0.0,2.9342636913060787,7.420166142284847,0.0,0.0,0.0,0.0
0.0,0.0,0.0,0.2192850597202738,17.346748322248295,1.3177378829568211,29.26338190864772,0.0,0.0,0.0,7.627360588731189,0.0,0.0,136.8324135057627,0.2316989645361881,0.0,7.077616763114763,0.0,0.0,0.0,0.0,163.5862873077389,0.0,0.0,0.0,0.0,1.0628438636660549,0.0,218.2847349777816,0.5974213629960925,0.0,11.860394641756985,28.510447904467583,0.0,0.0,0.0,0.0
0.0,0.0,0.0,0.6576941944658716,32.746320389211085,5.995682583656144,94.38966062441465,0.0,0.0,0.0,47.48299386464056,0.0,0.0,400.01547917723656,0.992452301457524,0.0,17.154913401603498,0.0,0.0,0.0,0.0,486.2960624694824,0.0,0.0,0.0,0.0,2.328372241556637,0.0,700.4075567662715,0.7747850403189519,0.0,53.41105097532268,91.33574533462524,0.0,0.0,0.0,0.0
0.0,0.0,0.0,1.6169175729155507,56.32098842412229,28.51018623635171,269.08530899584287,0.0,0.0,0.0,165.434282772988,0.0,0.0,808.4877748787403,2.426484826952217,0.0,54.80743499994266,0.0,0.0,0.0,0.0,1018.2539894104004,0.0,0.0,0.0,0.0,4.404294070601456,0.0,1289.311262398958,0.9750901900231628,0.0,179.56798714399335,153.52003383636475,0.0,0.0,0.0,0.0
0.0,0.0,0.0,2.8747120127081858,67.6040179133415,117.94866745173928,553.5795696943999,0.0,0.0,0.0,455.5133792534469,0.0,0.0,1130.4362352192402,4.005488272011278,0.0,102.13325924873344,0.0,0.0,0.0,0.0,1690.501602172851,0.0,0.0,0.0,0.0,7.719156956672668,0.0,1792.9485368609428,0.7598714724182691,0.0,320.674170255661,194.57719337940216,0.0,0.0,0.0,0.0
0.0,0.0,0.0,5.260475397109985,134.43939235806465,166.1524950265884,747.4699505239724,0.0,0.0,0.0,619.9351177394389,0.0,0.0,1218.5748641192913,7.551530635356903,0.0,351.6438562750815,0.0,0.0,0.0,0.0,1939.403921508789,0.0,0.0,0.0,0.0,11.549807575345037,0.0,1937.6214474797248,82.05439201295374,0.0,360.0870624780655,205.3604570031166,0.0,0.0,0.0,0.0
0.0,0.0,0.0,8.15976586937904,164.17565494775766,194.08083420991895,858.4580034017563,0.0,0.0,0.0,705.8690015763043,0.0,0.0,0.0,10.485729002952576,1.950893878936768,588.8081224679946,0.0,0.0,0.0,0.0,2044.5574432373048,0.0,0.0,0.0,0.0,17.45505793690681,0.0,2003.2635357499123,173.4666085600853,0.0,377.0439968109131,205.94456332921985,0.0,0.0,0.0,0.0
0.0,0.0,0.0,10.649092763662336,191.23248836398116,202.0388883203268,896.9322624087333,0.0,0.0,0.0,763.4386260062455,0.0,0.0,1222.1442352235315,12.160410726070404,0.0,740.7524553894997,0.0,0.0,0.0,0.0,1999.9327758789063,0.0,0.0,0.0,9.35693977549666,20.62621949613094,0.0,0.0,210.37411594986915,0.0,375.9979648590088,196.48384314775467,0.0,0.0,0.0,0.0
0.0,0.0,0.0,0.0,197.27720591425896,0.0,857.515816617012,0.0,0.0,0.0,0.0,0.0,0.0,0.0,0.0,0.0,0.0,0.0,0.0,0.0,0.0,1702.5851013183594,0.0,0.0,0.0,16.76478140056127,0.0,0.0,0.0,218.72280858159064,0.0,0.0,0.0,0.0,0.0,0.0,0.0
0.0,0.0,0.0,0.0,0.0,0.0,0.0,0.0,0.0,0.0,0.0,0.0,0.0,0.0,0.0,0.0,0.0,0.0,0.0,0.0,0.0,0.0,0.0,0.0,0.0,0.0,0.0,0.0,0.0,0.0,0.0,0.0,0.0,0.0,0.0,0.0,0.0
0.0,0.0,0.0,0.0,0.0,0.0,0.0,0.0,0.0,0.0,0.0,0.0,0.0,0.0,0.0,0.0,0.0,0.0,0.0,0.0,0.0,0.0,0.0,0.0,0.0,0.0,0.0,0.0,0.0,0.0,0.0,0.0,0.0,0.0,0.0,0.0,0.0
0.0,0.0,0.0,0.0,0.0,0.0,0.0,0.0,0.0,0.0,0.0,0.0,0.0,0.0,0.0,0.0,0.0,0.0,0.0,0.0,0.0,0.0,0.0,0.0,0.0,0.0,0.0,0.0,0.0,0.0,0.0,0.0,0.0,0.0,0.0,0.0,0.0
0.0,0.0,0.0,0.0,0.0,0.0,0.0,0.0,0.0,0.0,0.0,0.0,0.0,0.0,0.0,0.0,0.0,0.0,0.0,0.0,0.0,0.0,0.0,0.0,0.0,0.0,0.0,0.0,0.0,0.0,0.0,0.0,0.0,0.0,0.0,0.0,0.0
0.0,0.0,0.0,0.0,0.0,0.0,0.0,0.0,0.0,0.0,0.0,0.0,0.0,0.0,0.0,0.0,0.0,0.0,0.0,0.0,0.0,0.0,0.0,0.0,0.0,0.0,0.0,0.0,0.0,0.0,0.0,0.0,0.0,0.0,0.0,0.0,0.0
0.0,0.0,0.0,0.0,0.0,0.0,0.0,0.0,0.0,0.0,0.0,0.0,0.0,0.0,0.0,0.0,0.0,0.0,0.0,0.0,0.0,0.0,0.0,0.0,0.0,0.0,0.0,0.0,0.0,0.0,0.0,0.0,0.0,0.0,0.0,0.0,0.0
0.0,0.0,0.0,0.0,0.0,0.0,0.0,0.0,0.0,0.0,0.0,0.0,0.0,0.0,0.0,0.0,0.0,0.0,0.0,0.0,0.0,0.0,0.0,0.0,0.0,0.0,0.0,0.0,0.0,0.0,0.0,0.0,0.0,0.0,0.0,0.0,0.0
0.0,0.0,0.0,0.0,0.0,0.0,0.0,0.0,0.0,0.0,0.0,0.0,0.0,0.0,0.0,0.0,0.0,0.0,0.0,0.0,0.0,0.0,0.0,0.0,0.0,0.0,0.0,0.0,0.0,0.0,0.0,0.0,0.0,0.0,0.0,0.0,0.0
0.0,0.0,0.0,0.0,0.0,0.0,0.0,0.0,0.0,0.0,0.0,0.0,0.0,0.0,0.0,0.0,0.0,0.0,0.0,0.0,0.0,0.0,0.0,0.0,0.0,0.0,0.0,0.0,0.0,0.0,0.0,0.0,0.0,0.0,0.0,0.0,0.0
0.0,0.0,0.0,0.0,0.0,0.0,0.0,0.0,0.0,0.0,0.0,0.0,0.0,0.0,0.0,0.0,0.0,0.0,0.0,0.0,0.0,0.0,0.0,0.0,0.0,0.0,0.0,0.0,0.0,0.0,0.0,0.0,0.0,0.0,0.0,0.0,0.0
0.0,0.0,0.0,0.0,0.0,0.0,0.0,0.0,0.0,0.0,0.0,0.0,0.0,0.0,0.0,0.0,0.0,0.0,0.0,0.0,0.0,0.0,0.0,0.0,0.0,0.0,0.0,0.0,0.0,0.0,0.0,0.0,0.0,0.0,0.0,0.0,0.0
0.0,0.0,0.0,0.0,0.0,0.0,0.0,0.0,0.0,0.0,0.0,0.0,0.0,0.0,0.0,0.0,0.0,0.0,0.0,0.0,0.0,0.0,0.0,0.0,0.0,0.0,0.0,0.0,0.1958617195487022,0.0,0.0,0.0,0.0,0.0,0.0,0.0,0.0
0.0,0.0,0.0,0.0,1.33065931871526,0.0,8.208055512234473,0.0,0.0,0.0,0.0,0.0,0.0,0.0,0.0,0.0,0.0,0.0,0.0,0.0,0.0,30.93191699981662,0.0,0.0,0.0,2.408151836693269,0.5817349191754982,0.0,0.181665426492691,0.3864025779068244,0.0,0.0,0.0,0.0,0.0,0.0,0.0
0.0,0.0,0.0,0.0328474026173332,0.0,0.0,6.492635471746198,0.0,0.0,0.0,0.0,0.0,0.0,0.0,0.0,0.0,0.0,0.0,0.0,0.0,0.0,31.66436319351176,0.0,0.0,0.0,0.0,0.0,0.0,0.0,0.412050282955162,0.0,0.0,0.0,0.0,0.0,0.0,0.0
0.0,0.0,0.0,0.0339612457901198,0.0,0.0,3.273553955927416,0.0,0.0,0.0,1.720591253042037,0.0,0.0,1.506041823886223,0.0608737193047982,0.0082565611228334,0.0,0.0,0.0,0.0,0.0,21.76754207611078,0.0,0.0,0.0,0.0,0.335776044800868,0.0,0.0,0.5522735528647736,0.0,1.0090376138686774,0.0,0.0,0.0,0.0,0.0
0.0,0.0,0.0,0.0636735465377536,0.0,0.4046886423602539,6.970398380607361,0.0,0.0,0.0,10.585664074122857,0.0,0.0,0.0,0.1066399566829201,0.0054913507774463,4.9068845033645365,0.0,0.0,0.0,0.0,34.51382460594159,0.0,0.0,0.0,0.0,1.1867041124030908,0.0,22.983268305659266,0.3310478188097094,0.0,2.673769369721402,4.872423944994796,0.0,0.0,0.0,0.0
0.0,0.0,0.0,0.1976540982723198,15.45633450709283,1.0491048041730686,24.61973246987903,0.0,0.0,0.0,41.85928248036642,0.0,0.0,0.0,0.2463022448122474,0.0,7.035820055007784,0.0,0.0,0.0,0.0,166.63311748504634,0.0,0.0,0.0,0.0,2.585514157637945,0.0,168.1579187259077,0.5397001147270015,0.0,6.089354157447775,19.46691596508024,0.0,0.0,0.0,0.0
0.0,0.0,0.0,0.8421009499579657,81.8771225214004,2.882911212742292,103.1466961085795,0.0,0.0,0.0,142.50961151644577,0.0,0.0,0.0,1.0633232306689002,0.2344410065561524,15.907937419414395,0.0,0.0,0.0,0.0,514.6568000793455,0.0,0.0,0.0,7.861053381860208,5.900356374680991,0.0,833.5270017981529,0.706288651376932,0.0,24.16662757098674,69.81567712128161,0.0,0.0,0.0,0.0
0.0,0.0,0.0,3.26791008561849,205.55772924423215,11.770601411350064,371.1069251045584,0.0,0.0,0.0,432.7862701714038,0.0,0.0,0.0,2.848579278588294,0.4174449890851968,43.73431034088118,0.0,0.0,0.0,0.0,1151.949885559082,0.0,0.0,0.0,36.68270406424994,13.00222055017948,0.0,1514.70433460474,0.8889710716903192,0.0,82.70577645301817,138.67995914816856,0.0,0.0,0.0,0.0
0.0,0.0,0.0,5.140202507376669,386.6847828626632,48.40808598697184,774.0095262646676,0.0,0.0,0.0,976.9222707122564,0.0,0.0,1222.652636617422,4.9759420305490485,0.5207634195685376,79.28608771562574,0.0,0.0,0.0,0.0,1891.716891479492,0.0,0.0,0.0,76.1469236075878,26.92577784657478,0.0,1921.57362793684,0.6820438526570629,0.0,227.2650096416473,184.7512626647949,0.0,0.0,0.0,0.0
0.0,0.0,0.0,7.935307472944254,700.6204371452332,100.96790716797108,992.2750009059906,0.0,0.0,0.0,1292.5038908660413,0.0,0.0,1278.2868991792202,8.919300001859664,1.3861615881323808,322.1112338662147,0.0,0.0,0.0,0.0,2192.6706848144527,0.0,0.0,0.0,0.0,39.33260600566864,0.0,2040.493559730053,74.92676093280312,0.0,322.5288747549057,200.64721179008484,0.0,0.0,0.0,0.0
0.0,0.0,0.0,10.94343468546867,0.0,141.443281725049,1085.4980004668237,0.0,0.0,0.0,1469.994535022974,0.0,0.0,0.0,11.81028661429882,0.0,553.9007620811461,0.0,0.0,0.0,0.0,2312.7400177001955,0.0,0.0,0.0,0.0,46.08474217653274,0.0,2082.969339799881,162.44251791238784,0.0,360.6010003089905,203.36311584711075,0.0,0.0,0.0,0.0
0.0,0.0,0.0,12.944097965955732,0.0,156.18327400088307,0.0,0.0,0.0,0.0,1519.8047499358654,0.0,0.0,0.0,13.083390551805495,0.0,696.4142990589141,0.0,0.0,0.0,0.0,2312.2030517578123,0.0,0.0,0.0,0.0,0.0,0.0,2048.933894097805,202.7181017279625,0.0,365.13637697696686,0.0,0.0,0.0,0.0,0.0
0.0,0.0,0.0,13.14000779390335,0.0,0.0,0.0,0.0,0.0,0.0,0.0,0.0,0.0,0.0,0.0,0.0,0.0,0.0,0.0,0.0,0.0,0.0,0.0,0.0,0.0,0.0,43.96062456369399,0.0,0.0,214.47903743982317,0.0,0.0,0.0,0.0,0.0,0.0,0.0
0.0,0.0,0.0,0.0,0.0,0.0,0.0,0.0,0.0,0.0,0.0,0.0,0.0,0.0,0.0,0.0,0.0,0.0,0.0,0.0,0.0,0.0,0.0,0.0,0.0,0.0,0.0,0.0,0.0,0.0,0.0,0.0,0.0,0.0,0.0,0.0,0.0
0.0,0.0,0.0,0.0,0.0,0.0,0.0,0.0,0.0,0.0,0.0,0.0,0.0,0.0,0.0,0.0,0.0,0.0,0.0,0.0,0.0,0.0,0.0,0.0,0.0,0.0,0.0,0.0,0.0,0.0,0.0,0.0,0.0,0.0,0.0,0.0,0.0
0.0,0.0,0.0,0.0,0.0,0.0,0.0,0.0,0.0,0.0,0.0,0.0,0.0,0.0,0.0,0.0,0.0,0.0,0.0,0.0,0.0,0.0,0.0,0.0,0.0,0.0,0.0,0.0,0.0,0.0,0.0,0.0,0.0,0.0,0.0,0.0,0.0
0.0,0.0,0.0,0.0,0.0,0.0,0.0,0.0,0.0,0.0,0.0,0.0,0.0,0.0,0.0,0.0,0.0,0.0,0.0,0.0,0.0,0.0,0.0,0.0,0.0,0.0,0.0,0.0,0.0,0.0,0.0,0.0,0.0,0.0,0.0,0.0,0.0
0.0,0.0,0.0,0.0,0.0,0.0,0.0,0.0,0.0,0.0,0.0,0.0,0.0,0.0,0.0,0.0,0.0,0.0,0.0,0.0,0.0,0.0,0.0,0.0,0.0,0.0,0.0,0.0,0.0,0.0,0.0,0.0,0.0,0.0,0.0,0.0,0.0
0.0,0.0,0.0,0.0,0.0,0.0,0.0,0.0,0.0,0.0,0.0,0.0,0.0,0.0,0.0,0.0,0.0,0.0,0.0,0.0,0.0,0.0,0.0,0.0,0.0,0.0,0.0,0.0,0.0,0.0,0.0,0.0,0.0,0.0,0.0,0.0,0.0
0.0,0.0,0.0,0.0,0.0,0.0,0.0,0.0,0.0,0.0,0.0,0.0,0.0,0.0,0.0,0.0,0.0,0.0,0.0,0.0,0.0,0.0,0.0,0.0,0.0,0.0,0.0,0.0,0.0,0.0,0.0,0.0,0.0,0.0,0.0,0.0,0.0
0.0,0.0,0.0,0.0,0.0,0.0,0.0,0.0,0.0,0.0,0.0,0.0,0.0,0.0,0.0,0.0,0.0,0.0,0.0,0.0,0.0,0.0,0.0,0.0,0.0,0.0,0.0,0.0,0.0,0.0,0.0,0.0,0.0,0.0,0.0,0.0,0.0
0.0,0.0,0.0,0.0,0.0,0.0,0.0,0.0,0.0,0.0,0.0,0.0,0.0,0.0,0.0,0.0,0.0,0.0,0.0,0.0,0.0,0.0,0.0,0.0,0.0,0.0,0.0,0.0,0.0,0.0,0.0,0.0,0.0,0.0,0.0,0.0,0.0
0.0,0.0,0.0,0.0,0.0,0.0,0.0,0.0,0.0,0.0,0.0,0.0,0.0,0.0,0.0,0.0,0.0,0.0,0.0,0.0,0.0,0.0,0.0,0.0,0.0,0.0,0.0,0.0,0.0,0.0,0.0,0.0,0.0,0.0,0.0,0.0,0.0
0.0,0.0,0.0,0.0,0.0,0.0,0.0,0.0,0.0,0.0,0.0,0.0,0.0,0.0,0.0,0.0,0.0,0.0,0.0,0.0,0.0,0.0,0.0,0.0,0.0,0.0,0.0,0.0,0.0,0.0,0.0,0.0,0.0,0.0,0.0,0.0,0.0
0.0,0.0,0.0,0.0,0.0,0.0,0.0,0.0,0.0,0.0,0.0,0.0,0.0,0.0,0.0,0.0,0.0,0.0,0.0,0.0,0.0,0.0,0.0,0.0,0.0,0.0,0.0,0.0,0.0,0.0,0.0,0.0,0.0,0.0,0.0,0.0,0.0
0.0,0.0,0.0,0.0,0.0,0.0,3.686072333902002,0.0,0.0,0.0,0.0,0.0,0.0,0.0,0.0,0.0,0.0,0.0,0.0,0.0,0.0,0.0,0.0,0.0,0.0,0.0,0.0,0.0,0.1648183733224869,0.0,0.0,0.0,0.0,0.0,0.0,0.0,0.0
0.0,0.0,0.0,0.0,1.143304936587669,0.0,4.3963843397795,0.0,0.0,0.0,0.0,0.0,0.0,0.3828573646022872,0.0,0.0,0.0,0.0,0.0,0.0,0.0,25.034466838836405,0.0,0.0,0.0,1.8229511678218115,0.6567447429522847,0.0,0.0,0.4357766799628343,0.0,1.0822189450263562,0.0,0.0,0.0,0.0,0.0
0.0,0.0,0.0,0.04583773575723,2.164626840502003,0.0,8.868887298926573,0.0,0.0,0.0,1.8390232415402967,0.0,0.0,3.619278590194768,0.0259151279926277,0.0,17.56950978040684,0.0,0.0,0.0,0.0,28.18032302856412,0.0,0.0,0.0,0.0,0.2661779396235876,0.0,0.0,0.6036714717745554,0.0,1.1622357964515144,0.0,0.0,0.0,0.0,0.0
0.0,0.0,0.0,0.1572375278919884,4.222046796232328,0.5337294763885049,16.3942608498036,0.0,0.0,0.0,6.872470163041598,0.0,0.0,20.619062583427837,0.0,0.0,6.098090684413814,0.0,0.0,0.0,0.0,75.87870960235561,0.0,0.0,0.0,0.0,0.1268566176295243,0.0,30.193512533605062,0.4163205072283609,0.0,2.911527961492507,0.0,0.0,0.0,0.0,0.0
0.0,0.0,0.0,0.1740921866148684,32.740014217793785,1.4010704914107537,49.57900962755081,0.0,0.0,0.0,28.310101027227734,0.0,0.0,61.71097483485925,0.1033584617078301,0.0233864849433293,13.790217113494773,0.0,0.0,0.0,0.0,288.54881401062,0.0,0.0,0.0,6.66797156259416,0.1749450322240588,0.0,208.79354112446305,0.5859608776867157,0.0,13.37191475927825,0.0,0.0,0.0,0.0,0.0
0.0,0.0,0.0,0.4885920137166966,141.18029546737668,8.854078212752908,194.2501833945512,0.0,0.0,0.0,106.81070804856697,0.0,0.0,172.9060371406376,0.4429843001067627,0.1625663861632343,41.28816106319426,0.0,0.0,0.0,0.0,837.3460350036621,0.0,0.0,0.0,53.67349789738654,0.6946431437507239,0.0,984.9663801312446,0.9212554901837924,0.0,0.0,0.0,0.0,0.0,0.0,0.0
0.0,0.0,0.0,1.556047689169642,351.0754409432409,41.39081485196945,580.3265407651663,0.0,0.0,0.0,360.5371014744043,0.0,0.0,418.2762757688761,1.4151282325386991,0.3858892843127244,118.22474672794333,0.0,0.0,0.0,0.0,1753.6430389404295,0.0,0.0,0.0,195.4684397697448,1.7618102181702844,0.0,0.0,1.0797897629439492,0.0,218.05507004261017,0.0,0.0,0.0,0.0,0.0
0.0,0.0,0.0,3.631342157721514,675.3134559392929,150.5284962952137,993.6401381671428,0.0,0.0,0.0,883.3068901568652,0.0,0.0,749.9744982272385,3.1746798031032077,0.7042973823845375,227.1355689525604,0.0,0.0,0.0,0.0,2413.3050201416017,0.0,0.0,0.0,476.02301678657534,2.467437487095586,0.0,0.0,0.8698780730366478,0.0,360.6602056026459,0.0,0.0,0.0,0.0,0.0
0.0,0.0,0.0,0.0,1060.5690081119535,192.66288162767887,1215.188125562668,0.0,0.0,0.0,1188.066836231947,0.0,0.0,902.4854020774364,7.708380237221718,0.0,602.4038194179534,0.0,0.0,0.0,0.0,2670.3932861328126,0.0,0.0,0.0,583.1200974464416,2.260682271793482,0.0,0.0,80.28250081837177,0.0,397.19561290740967,0.0,0.0,0.0,0.0,0.0
0.0,0.0,0.0,0.0,1312.0504217147827,216.1830448359251,1315.6779854953288,0.0,0.0,0.0,1391.3500749707223,0.0,0.0,0.0,0.0,0.0,899.4638714671134,0.0,0.0,0.0,0.0,2747.2611694335938,0.0,0.0,0.0,620.3147480010987,2.418782046064734,0.0,0.0,173.1435945034027,0.0,405.4866145849228,0.0,0.0,0.0,0.0,0.0
0.0,0.0,0.0,0.0,0.0,221.65955218672752,0.0,0.0,0.0,0.0,0.0,0.0,0.0,0.0,0.0,0.0,1053.5739112377166,0.0,0.0,0.0,0.0,0.0,0.0,0.0,0.0,0.0,2.8152328461408613,0.0,0.0,215.4961123108864,0.0,396.95836114883423,0.0,0.0,0.0,0.0,0.0
0.0,0.0,0.0,0.0,0.0,0.0,1271.4463414609431,0.0,0.0,0.0,0.0,0.0,0.0,0.0,0.0,0.0,1057.8502905607224,0.0,0.0,0.0,0.0,0.0,0.0,0.0,0.0,0.0,0.0,0.0,0.0,0.0,0.0,374.9687256813049,0.0,0.0,0.0,0.0,0.0
0.0,0.0,0.0,0.0,0.0,0.0,0.0,0.0,0.0,0.0,0.0,0.0,0.0,0.0,0.0,0.0,0.0,0.0,0.0,0.0,0.0,0.0,0.0,0.0,0.0,0.0,0.0,0.0,0.0,0.0,0.0,0.0,0.0,0.0,0.0,0.0,0.0
0.0,0.0,0.0,0.0,0.0,0.0,0.0,0.0,0.0,0.0,0.0,0.0,0.0,0.0,0.0,0.0,0.0,0.0,0.0,0.0,0.0,0.0,0.0,0.0,0.0,0.0,0.0,0.0,0.0,0.0,0.0,0.0,0.0,0.0,0.0,0.0,0.0
0.0,0.0,0.0,0.0,0.0,0.0,0.0,0.0,0.0,0.0,0.0,0.0,0.0,0.0,0.0,0.0,0.0,0.0,0.0,0.0,0.0,0.0,0.0,0.0,0.0,0.0,0.0,0.0,0.0,0.0,0.0,0.0,0.0,0.0,0.0,0.0,0.0
0.0,0.0,0.0,0.0,0.0,0.0,0.0,0.0,0.0,0.0,0.0,0.0,0.0,0.0,0.0,0.0,0.0,0.0,0.0,0.0,0.0,0.0,0.0,0.0,0.0,0.0,0.0,0.0,0.0,0.0,0.0,0.0,0.0,0.0,0.0,0.0,0.0
0.0,0.0,0.0,0.0,0.0,0.0,0.0,0.0,0.0,0.0,0.0,0.0,0.0,0.0,0.0,0.0,0.0,0.0,0.0,0.0,0.0,0.0,0.0,0.0,0.0,0.0,0.0,0.0,0.0,0.0,0.0,0.0,0.0,0.0,0.0,0.0,0.0
0.0,0.0,0.0,0.0,0.0,0.0,0.0,0.0,0.0,0.0,0.0,0.0,0.0,0.0,0.0,0.0,0.0,0.0,0.0,0.0,0.0,0.0,0.0,0.0,0.0,0.0,0.0,0.0,0.0,0.0,0.0,0.0,0.0,0.0,0.0,0.0,0.0
0.0,0.0,0.0,0.0,0.0,0.0,0.0,0.0,0.0,0.0,0.0,0.0,0.0,0.0,0.0,0.0,0.0,0.0,0.0,0.0,0.0,0.0,0.0,0.0,0.0,0.0,0.0,0.0,0.0,0.0,0.0,0.0,0.0,0.0,0.0,0.0,0.0
0.0,0.0,0.0,0.0,0.0,0.0,0.0,0.0,0.0,0.0,0.0,0.0,0.0,0.0,0.0,0.0,0.0,0.0,0.0,0.0,0.0,0.0,0.0,0.0,0.0,0.0,0.0,0.0,0.0,0.0,0.0,0.0,0.0,0.0,0.0,0.0,0.0
0.0,0.0,0.0,0.0,0.0,0.0,0.0,0.0,0.0,0.0,0.0,0.0,0.0,0.0,0.0,0.0,0.0,0.0,0.0,0.0,0.0,0.0,0.0,0.0,0.0,0.0,0.0,0.0,0.0,0.0,0.0,0.0,0.0,0.0,0.0,0.0,0.0
0.0,0.0,0.0,0.0,0.0,0.0,0.0,0.0,0.0,0.0,0.0,0.0,0.0,0.0,0.0,0.0,0.0,0.0,0.0,0.0,0.0,0.0,0.0,0.0,0.0,0.0,0.0,0.0,0.0,0.0,0.0,0.0,0.0,0.0,0.0,0.0,0.0
0.0,0.0,0.0,0.0,0.0,0.0,0.0,0.0,0.0,0.0,0.0,0.0,0.0,0.0,0.0,0.0,0.0,0.0,0.0,0.0,0.0,0.0,0.0,0.0,0.0,0.0,0.0,0.0,0.0,0.0,0.0,0.0,0.0,0.0,0.0,0.0,0.0
0.0,0.0,0.0,0.0,0.0,0.0,0.0,0.0,0.0,0.0,0.0,0.0,0.0,0.0,0.0,0.0,0.0,0.0,0.0,0.0,0.0,0.0,0.0,0.0,0.0,0.0,0.0,0.0,0.0,0.0,0.0,0.0,0.0,0.0,0.0,0.0,0.0
0.0,0.0,0.0,0.0,0.0,0.0,0.0,0.0,0.0,0.0,0.0,0.0,0.0,0.0,0.0,0.0,0.0,0.0,0.0,0.0,0.0,0.0,0.0,0.0,0.0,0.0,0.0,0.0,0.0,0.0,0.0,0.0,0.2635991331189862,0.0,0.0,0.0,0.0
0.0,0.0,0.0,0.0,0.0,0.0,0.0,0.0,0.0,0.0,0.0,0.0,0.0,2.9986600391565608,0.0,0.0,9.11394993066781,0.0,0.0,0.0,0.0,13.34050226211543,0.0,0.0,0.0,0.0,0.0,0.0,0.0,0.0,0.0,0.0,0.029969045892352,0.0,0.0,0.0,0.0
0.0,0.0,0.0,0.037812059745188,2.3289814330636585,0.0,3.325289457663884,0.0,0.0,0.0,1.8618145574814904,0.0,0.0,1.238150070421271,0.0249041095375995,0.0035483036190264,12.735126018523994,0.0,0.0,0.0,0.0,7.703887653350713,0.0,0.0,0.0,0.0,0.0,0.0,0.0,0.7752419367432375,0.0,1.274860411882372,0.0,0.0,0.0,0.0,0.0
0.0,0.0,0.0,0.1006985828280438,5.045061286538785,0.5490650748833873,13.094380153343002,0.0,0.0,0.0,4.94907635389827,0.0,0.0,30.28290990740052,0.0015416331589221,0.0086698159575456,2.2690954804420085,0.0,0.0,0.0,0.0,0.0,0.0,0.0,0.0,0.0,0.0039046172052621,0.0,28.579965399205683,0.5022199638187832,0.0,2.989876300096501,2.340607970952969,0.0,0.0,0.0,0.0
0.0,0.0,0.0,0.1607484724372624,13.6487443707882,1.121289693750397,30.795636740140463,0.0,0.0,0.0,15.432523320242742,0.0,0.0,108.24530540034166,0.0966453619301293,0.0437222113832829,10.632175517082196,0.0,0.0,0.0,0.0,54.53025202751152,0.0,0.0,0.0,0.0,0.4679872211068848,0.0,203.32439468055952,0.6941311061382108,0.0,10.34120923280712,10.02592264488339,0.0,0.0,0.0,0.0
0.0,0.0,0.0,0.7395694628357836,38.95914864540092,4.6799120185896514,62.76914862468827,0.0,0.0,0.0,58.37201945520917,0.0,0.0,314.0634815767407,0.4151572331786135,0.1451130434870713,25.143416488170438,0.0,0.0,0.0,0.0,224.51197566986085,0.0,0.0,0.0,12.401473303139204,1.5405120551586056,0.0,977.9432402968406,1.2539288058876652,0.0,32.98794496804471,37.3475883901119,0.0,0.0,0.0,0.0
0.0,0.0,0.0,2.5448998734354946,102.1454727649688,22.365377962589253,148.1315365165472,0.0,0.0,0.0,183.2741776444018,0.0,0.0,650.1732742786407,0.9023176264017804,0.2514644227921956,66.3598122358322,0.0,0.0,0.0,0.0,504.7993194580074,0.0,0.0,0.0,37.90533872842783,3.130561734735964,0.0,1803.3648067235947,2.145986857265215,0.0,89.49499100446701,105.19762617349625,0.0,0.0,0.0,0.0
0.0,0.0,0.0,5.119360417127608,208.00794485211367,91.76029057800768,375.7970514968037,0.0,0.0,0.0,524.959246815741,0.0,0.0,968.3073584735394,1.0852873843163249,0.2647459656000133,128.88676828145967,0.0,0.0,0.0,0.0,881.3076431274415,0.0,0.0,0.0,110.12735382318492,4.864021545648567,0.0,2352.044346833229,1.1881035037338643,0.0,231.03278070688245,159.38229858875275,0.0,0.0,0.0,0.0
0.0,0.0,0.0,0.0,477.0417825579642,137.33675616979596,560.725256794691,0.0,0.0,0.0,673.5275955557823,0.0,0.0,1075.6658180058002,4.056524567306041,0.6262318454682824,455.2005018055439,0.0,0.0,0.0,0.0,1256.14287109375,0.0,0.0,0.0,230.58853495121,6.725658597052097,0.0,2521.4237554550173,96.23017176836728,0.0,307.4218008518219,180.65658056735992,0.0,0.0,0.0,0.0
0.0,0.0,0.0,0.0,726.9797291755676,169.35237936675549,753.0710297375916,0.0,0.0,0.0,778.5311284482478,0.0,0.0,0.0,0.0,0.8553186878561962,742.297769165039,0.0,0.0,0.0,0.0,1571.5406951904297,0.0,0.0,0.0,343.45216946601863,9.16144247353076,0.0,0.0,196.4245995044708,0.0,338.58997917175293,187.92797607183456,0.0,0.0,0.0,0.0
0.0,0.0,0.0,0.0,0.0,0.0,0.0,0.0,0.0,0.0,0.0,0.0,0.0,0.0,0.0,1.0857303962111464,897.1770644783974,0.0,0.0,0.0,0.0,1578.768142700195,0.0,0.0,0.0,0.0,0.0,0.0,0.0,0.0,0.0,340.5926251411438,0.0,0.0,0.0,0.0,0.0
0.0,0.0,0.0,0.0,0.0,0.0,0.0,0.0,0.0,0.0,0.0,0.0,0.0,0.0,0.0,0.0,0.0,0.0,0.0,0.0,0.0,0.0,0.0,0.0,0.0,0.0,0.0,0.0,0.0,0.0,0.0,0.0,0.0,0.0,0.0,0.0,0.0
0.0,0.0,0.0,0.0,0.0,0.0,0.0,0.0,0.0,0.0,0.0,0.0,0.0,0.0,0.0,0.0,0.0,0.0,0.0,0.0,0.0,0.0,0.0,0.0,0.0,0.0,0.0,0.0,0.0,0.0,0.0,0.0,0.0,0.0,0.0,0.0,0.0
0.0,0.0,0.0,0.0,0.0,0.0,0.0,0.0,0.0,0.0,0.0,0.0,0.0,0.0,0.0,0.0,0.0,0.0,0.0,0.0,0.0,0.0,0.0,0.0,0.0,0.0,0.0,0.0,0.0,0.0,0.0,0.0,0.0,0.0,0.0,0.0,0.0
0.0,0.0,0.0,0.0,0.0,0.0,0.0,0.0,0.0,0.0,0.0,0.0,0.0,0.0,0.0,0.0,0.0,0.0,0.0,0.0,0.0,0.0,0.0,0.0,0.0,0.0,0.0,0.0,0.0,0.0,0.0,0.0,0.0,0.0,0.0,0.0,0.0
0.0,0.0,0.0,0.0,0.0,0.0,0.0,0.0,0.0,0.0,0.0,0.0,0.0,0.0,0.0,0.0,0.0,0.0,0.0,0.0,0.0,0.0,0.0,0.0,0.0,0.0,0.0,0.0,0.0,0.0,0.0,0.0,0.0,0.0,0.0,0.0,0.0
0.0,0.0,0.0,0.0,0.0,0.0,0.0,0.0,0.0,0.0,0.0,0.0,0.0,0.0,0.0,0.0,0.0,0.0,0.0,0.0,0.0,0.0,0.0,0.0,0.0,0.0,0.0,0.0,0.0,0.0,0.0,0.0,0.0,0.0,0.0,0.0,0.0
0.0,0.0,0.0,0.0,0.0,0.0,0.0,0.0,0.0,0.0,0.0,0.0,0.0,0.0,0.0,0.0,0.0,0.0,0.0,0.0,0.0,0.0,0.0,0.0,0.0,0.0,0.0,0.0,0.0,0.0,0.0,0.0,0.0,0.0,0.0,0.0,0.0
0.0,0.0,0.0,0.0,0.0,0.0,0.0,0.0,0.0,0.0,0.0,0.0,0.0,0.0,0.0,0.0,0.0,0.0,0.0,0.0,0.0,0.0,0.0,0.0,0.0,0.0,0.0,0.0,0.0,0.0,0.0,0.0,0.0,0.0,0.0,0.0,0.0
0.0,0.0,0.0,0.0,0.0,0.0,0.0,0.0,0.0,0.0,0.0,0.0,0.0,0.0,0.0,0.0,0.0,0.0,0.0,0.0,0.0,0.0,0.0,0.0,0.0,0.0,0.0,0.0,0.0,0.0,0.0,0.0,0.0,0.0,0.0,0.0,0.0
0.0,0.0,0.0,0.0,0.0,0.0,0.0,0.0,0.0,0.0,0.0,0.0,0.0,0.0,0.0,0.0,0.0,0.0,0.0,0.0,0.0,0.0,0.0,0.0,0.0,0.0,0.0,0.0,0.0,0.0,0.0,0.0,0.0,0.0,0.0,0.0,0.0
0.0,0.0,0.0,0.0,0.0,0.0,0.0,0.0,0.0,0.0,0.0,0.0,0.0,0.0,0.0,0.0,0.0,0.0,0.0,0.0,0.0,0.0,0.0,0.0,0.0,0.0,0.0,0.0,0.0,0.0,0.0,0.0,0.0,0.0,0.0,0.0,0.0
0.0,0.0,0.0,0.0,0.0,0.0,0.0,0.0,0.0,0.0,0.0,0.0,0.0,0.0,0.0,0.0,0.0,0.0,0.0,0.0,0.0,0.0,0.0,0.0,0.0,0.0,0.0,0.0,0.0,0.0,0.0,0.0,0.0,0.0,0.0,0.0,0.0
0.0,0.0,0.0,0.0,0.0,0.0,0.0,0.0,0.0,0.0,0.0,0.0,0.0,0.0,0.0,0.0,0.0,0.0,0.0,0.0,0.0,0.0,0.0,0.0,0.0,0.0,0.0,0.0,0.0,0.0,0.0,0.0,0.0,0.0,0.0,0.0,0.0
0.0,0.0,0.0,0.0,0.0,0.0,2.4552263822405456,0.0,0.0,0.0,1.7779652732888227,0.0,0.0,0.0,0.0,0.0,0.0,0.0,0.0,0.0,0.0,28.31408920288062,0.0,0.0,0.0,0.0,0.0,0.0,0.0,0.0,0.0,0.0,0.0,0.0,0.0,0.0,0.0
0.0,0.0,0.0,0.0322813000530002,0.0,0.0,0.0,0.0,0.0,0.0,0.0,0.0,0.0,4.557616715319385,0.0,0.0,0.0,0.0,0.0,0.0,0.0,27.63603219985944,0.0,0.0,0.0,0.0,0.0,0.0,0.0,0.4516655459999993,0.0,0.0,0.0,0.0,0.0,0.0,0.0
0.0,0.0,0.0,0.0313284415751634,0.0,0.0,0.0,0.0,0.0,0.0,1.772721713129212,0.0,0.0,1.4577390253542644,0.0,0.0,15.383762574195858,0.0,0.0,0.0,0.0,15.33754806518548,0.0,0.0,0.0,0.0,0.0,0.0,0.0,0.6273334346711614,0.0,0.0,0.0,0.0,0.0,0.0,0.0
0.0,0.0,0.0,0.043597057461734,3.810604583471813,0.7817595680243887,3.7647182296961073,0.0,0.0,0.0,22.608218321762852,0.0,0.0,14.647445955779352,0.1935481857508414,0.0,3.164905571937435,0.0,0.0,0.0,0.0,34.4478157520291,0.0,0.0,0.0,1.303871971741271,0.3418293263763143,0.0,38.96358182430256,0.4432627521455143,0.0,0.0,9.094024103134847,0.0,0.0,0.0,0.0
0.0,0.0,0.0,0.116916116327043,41.36487421393389,3.207582703325881,21.90665022712192,0.0,0.0,0.0,92.7364458683878,0.0,0.0,50.21649640053497,0.4760863937437514,0.0489240186288945,8.701621115207631,0.0,0.0,0.0,0.0,221.98031501769975,0.0,0.0,0.0,17.855170595645884,1.7300543598830624,0.0,303.7366604506967,0.657678972184645,0.0,0.0,36.30396069586275,0.0,0.0,0.0,0.0
0.0,0.0,0.0,0.6901059914380312,152.92227628827095,21.963278312236053,108.46580833792686,0.0,0.0,0.0,334.1127622559665,0.0,0.0,162.62546490877864,1.7162637144327162,0.2792996596544973,19.98158432245241,0.0,0.0,0.0,0.0,677.8480697631836,0.0,0.0,0.0,83.83862748742101,4.914443731307976,0.0,1236.6846811830997,1.048788169026356,0.0,0.0,106.23524183034895,0.0,0.0,0.0,0.0
0.0,0.0,0.0,2.1529310122132257,356.50590586662275,111.21681584417816,432.31014832258217,0.0,0.0,0.0,885.1899523109198,0.0,0.0,431.83358557522297,3.8202166557311994,0.5685413107275954,54.30017495155335,0.0,0.0,0.0,0.0,1470.5327026367188,0.0,0.0,0.0,281.71584997177126,11.436903466284273,0.0,2036.8373172163965,1.0544554419815166,0.0,0.0,164.847725212574,0.0,0.0,0.0,0.0
0.0,0.0,0.0,4.029913470149035,679.857556939125,233.0060737133026,0.0,0.0,0.0,0.0,1518.1081631481647,0.0,0.0,792.5595337152481,7.381050851941107,0.7187528386712063,96.33804148435576,0.0,0.0,0.0,0.0,2133.501763916015,0.0,0.0,0.0,569.1793308258057,23.379816934466355,0.0,2431.307493579388,0.8770390458404871,0.0,0.0,204.5136023759842,0.0,0.0,0.0,0.0
0.0,0.0,0.0,6.841473981738087,1059.2173433303833,0.0,0.0,0.0,0.0,0.0,1842.3606166005131,0.0,0.0,944.161934107542,13.217591875791548,1.55144415050745,365.2291959762572,0.0,0.0,0.0,0.0,2398.417184448242,0.0,0.0,0.0,652.3561589717865,36.05619409680367,0.0,2553.9075443625457,85.6720158934593,0.0,0.0,215.5525587797165,0.0,0.0,0.0,0.0
0.0,0.0,0.0,10.23988676071167,0.0,278.61576622724533,0.0,0.0,0.0,0.0,2015.703234899044,0.0,0.0,0.0,16.935009974241254,0.0,610.4335676431656,0.0,0.0,0.0,0.0,2523.360223388672,0.0,0.0,0.0,682.8694120407105,43.63650493621826,0.0,2581.892659556865,184.2316272199154,0.0,0.0,214.0886778831482,0.0,0.0,0.0,0.0
0.0,0.0,0.0,12.746214747428894,0.0,278.7098448574543,0.0,0.0,0.0,0.0,2025.1901522099968,0.0,0.0,0.0,18.24722510576248,0.0,739.9244270563124,0.0,0.0,0.0,0.0,2516.9473236083986,0.0,0.0,0.0,0.0,0.0,0.0,2538.9148451566703,216.68589403033255,0.0,0.0,202.4268272519112,0.0,0.0,0.0,0.0
0.0,0.0,0.0,0.0,1404.134271860123,0.0,1254.1233235239984,0.0,0.0,0.0,0.0,0.0,0.0,0.0,0.0,0.0,746.541912317276,0.0,0.0,0.0,0.0,2380.725012207032,0.0,0.0,0.0,0.0,0.0,0.0,0.0,0.0,0.0,0.0,0.0,0.0,0.0,0.0,0.0
0.0,0.0,0.0,0.0,0.0,0.0,0.0,0.0,0.0,0.0,0.0,0.0,0.0,0.0,0.0,0.0,559.1532967805862,0.0,0.0,0.0,0.0,0.0,0.0,0.0,0.0,0.0,0.0,0.0,0.0,0.0,0.0,0.0,0.0,0.0,0.0,0.0,0.0
0.0,0.0,0.0,0.0,0.0,0.0,0.0,0.0,0.0,0.0,0.0,0.0,0.0,0.0,0.0,0.0,0.0,0.0,0.0,0.0,0.0,0.0,0.0,0.0,0.0,0.0,0.0,0.0,0.0,0.0,0.0,0.0,0.0,0.0,0.0,0.0,0.0
0.0,0.0,0.0,0.0,0.0,0.0,0.0,0.0,0.0,0.0,0.0,0.0,0.0,0.0,0.0,0.0,0.0,0.0,0.0,0.0,0.0,0.0,0.0,0.0,0.0,0.0,0.0,0.0,0.0,0.0,0.0,0.0,0.0,0.0,0.0,0.0,0.0
0.0,0.0,0.0,0.0,0.0,0.0,0.0,0.0,0.0,0.0,0.0,0.0,0.0,0.0,0.0,0.0,0.0,0.0,0.0,0.0,0.0,0.0,0.0,0.0,0.0,0.0,0.0,0.0,0.0,0.0,0.0,0.0,0.0,0.0,0.0,0.0,0.0
0.0,0.0,0.0,0.0,0.0,0.0,0.0,0.0,0.0,0.0,0.0,0.0,0.0,0.0,0.0,0.0,0.0,0.0,0.0,0.0,0.0,0.0,0.0,0.0,0.0,0.0,0.0,0.0,0.0,0.0,0.0,0.0,0.0,0.0,0.0,0.0,0.0
0.0,0.0,0.0,0.0,0.0,0.0,0.0,0.0,0.0,0.0,0.0,0.0,0.0,0.0,0.0,0.0,0.0,0.0,0.0,0.0,0.0,0.0,0.0,0.0,0.0,0.0,0.0,0.0,0.0,0.0,0.0,0.0,0.0,0.0,0.0,0.0,0.0
0.0,0.0,0.0,0.0,0.0,0.0,0.0,0.0,0.0,0.0,0.0,0.0,0.0,0.0,0.0,0.0,0.0,0.0,0.0,0.0,0.0,0.0,0.0,0.0,0.0,0.0,0.0,0.0,0.0,0.0,0.0,0.0,0.0,0.0,0.0,0.0,0.0
0.0,0.0,0.0,0.0,0.0,0.0,0.0,0.0,0.0,0.0,0.0,0.0,0.0,0.0,0.0,0.0,0.0,0.0,0.0,0.0,0.0,0.0,0.0,0.0,0.0,0.0,0.0,0.0,0.0,0.0,0.0,0.0,0.0,0.0,0.0,0.0,0.0
0.0,0.0,0.0,0.0,0.0,0.0,0.0,0.0,0.0,0.0,0.0,0.0,0.0,0.0,0.0,0.0,0.0,0.0,0.0,0.0,0.0,0.0,0.0,0.0,0.0,0.0,0.0,0.0,0.0,0.0,0.0,0.0,0.0,0.0,0.0,0.0,0.0
0.0,0.0,0.0,0.0,0.0,0.0,0.0,0.0,0.0,0.0,0.0,0.0,0.0,0.0,0.0,0.0,0.0,0.0,0.0,0.0,0.0,0.0,0.0,0.0,0.0,0.0,0.0,0.0,0.0,0.0,0.0,0.0,0.0,0.0,0.0,0.0,0.0
0.0,0.0,0.0,0.0,0.0,0.0,0.0,0.0,0.0,0.0,0.0,0.0,0.0,0.0,0.0,0.0,0.0,0.0,0.0,0.0,0.0,0.0,0.0,0.0,0.0,0.0,0.0,0.0,0.0,0.0,0.0,0.0,0.0,0.0,0.0,0.0,0.0
0.0,0.0,0.0,0.0,0.0,0.0,0.0,0.0,0.0,0.0,0.0,0.0,0.0,0.0,0.0,0.0,0.0,0.0,0.0,0.0,0.0,0.0,0.0,0.0,0.0,0.0,0.0,0.0,0.0,0.0,0.0,0.0,0.0,0.0,0.0,0.0,0.0
0.0,0.0,0.0,0.0,0.0,0.0,4.924160122498839,0.0,0.0,0.0,0.0,0.0,0.0,4.231631862930866,0.0,0.0,0.0,0.0,0.0,0.0,0.0,24.018819999694674,0.0,0.0,0.0,0.0,0.0,0.0,0.0,0.423525412380669,0.0,0.0,0.0,0.0,0.0,0.0,0.0
0.0,0.0,0.0,0.0,0.0,0.0,4.521473189815844,0.0,0.0,0.0,0.0,0.0,0.0,2.997854850254888,0.0,0.0,0.0,0.0,0.0,0.0,0.0,0.0,0.0,0.0,0.0,0.0,0.0,0.0,0.0,0.4422962404787336,0.0,0.0,0.0,0.0,0.0,0.0,0.0
0.0,0.0,0.0,0.0307142399251452,1.9339805915949844,0.0,1.6716743588446774,0.0,0.0,0.0,1.754918613238114,0.0,0.0,0.1347026973962783,0.0812525667250143,0.0,0.0,0.0,0.0,0.0,0.0,8.562724208831744,0.0,0.0,0.0,0.2823449933900965,0.6107427112758097,0.0,0.0,0.598625109344698,0.0,1.1453443467616584,0.0,0.0,0.0,0.0,0.0
0.0,0.0,0.0,0.0389131419360628,4.0756687335668405,0.3806113493628687,9.06502888239912,0.0,0.0,0.0,6.862686563422774,0.0,0.0,48.18958840332917,0.1755675651133053,0.0,2.709431767463664,0.0,0.0,0.0,0.0,37.06215085983245,0.0,0.0,0.0,9.300074964016664,1.037683894671496,0.0,22.476069901883413,0.3698840148746939,0.0,2.9659295529126872,3.810271414928128,0.0,0.0,0.0,0.0
0.0,0.0,0.0,0.1453290488570876,36.82710697501878,1.17221873439846,38.45987166427073,0.0,0.0,0.0,27.0862801501526,0.0,0.0,193.59217651188365,0.7772860776632995,0.0,9.73808141946788,0.0,0.0,0.0,0.0,254.01054058074936,0.0,0.0,0.0,36.7402569532394,2.567922985553741,0.0,166.48246161639688,0.6079651266336252,0.0,12.062836378812788,15.194637540727827,0.0,0.0,0.0,0.0
0.0,0.0,0.0,1.363055679947135,145.64646795392022,5.192218896001544,168.55075140297404,0.0,0.0,0.0,103.16959004513916,0.0,0.0,526.2781125307082,0.0,0.0,23.613301515579217,0.0,0.0,0.0,0.0,736.5452102661131,0.0,0.0,0.0,156.3071324706077,6.842951856553548,0.0,997.65437104702,0.979105606675134,0.0,56.60312232375144,55.08152693510054,0.0,0.0,0.0,0.0
0.0,0.0,0.0,3.982378408312796,345.5162670612335,26.842459548264703,536.414942857623,0.0,0.0,0.0,346.81631182730183,0.0,0.0,930.3328517079352,7.053397187590599,0.0,63.76596491336804,0.0,0.0,0.0,0.0,1561.5996276855467,0.0,0.0,0.0,464.3419707298279,15.70976373553276,0.0,1848.651256465912,1.4342798829078434,0.0,188.19843250513077,125.7648366689682,0.0,0.0,0.0,0.0
0.0,0.0,0.0,8.013223141431807,661.9687774181365,127.7264976799488,951.5833571612836,0.0,0.0,0.0,852.4839360922574,0.0,0.0,1227.2005711495876,13.313200852274894,0.0,119.11019957065568,0.0,0.0,0.0,0.0,2253.887789916992,0.0,0.0,0.0,673.0484161376953,30.83346943259239,0.0,2327.1199759840965,1.0502701535820604,0.0,336.6977062225342,173.845784842968,0.0,0.0,0.0,0.0
0.0,0.0,0.0,13.993577748537062,1027.0479233264923,180.78885443508625,1172.9939876496792,0.0,0.0,0.0,1156.9881057739258,0.0,0.0,1304.938367307186,18.995518934726714,0.0,427.9059950590133,0.0,0.0,0.0,0.0,2553.473501586914,0.0,0.0,0.0,731.3212663650513,43.38603582382201,0.0,2464.0548662185674,92.86019160747529,0.0,381.29059517383575,190.918661236763,0.0,0.0,0.0,0.0
0.0,0.0,0.0,20.04388517141342,1263.0744242668152,208.56754605472088,1266.8976972162725,0.0,0.0,0.0,1375.8849608421326,0.0,0.0,0.0,22.419318026304246,0.0,694.2633007287978,0.0,0.0,0.0,0.0,2666.9867980957038,0.0,0.0,0.0,747.3137354373932,49.92290388345718,0.0,0.0,185.2703988134861,0.0,395.3623658418656,0.0,0.0,0.0,0.0,0.0
0.0,0.0,0.0,0.0,0.0,0.0,0.0,0.0,0.0,0.0,0.0,0.0,0.0,1304.2571604251862,23.41159315109253,0.0,828.8300087571145,0.0,0.0,0.0,0.0,0.0,0.0,0.0,0.0,0.0,0.0,0.0,0.0,219.8429780304432,0.0,0.0,0.0,0.0,0.0,0.0,0.0
0.0,0.0,0.0,0.0,0.0,0.0,1217.5899221479892,0.0,0.0,0.0,0.0,0.0,0.0,0.0,0.0,0.0,823.5608044028281,0.0,0.0,0.0,0.0,0.0,0.0,0.0,0.0,0.0,47.32130172252654,0.0,0.0,0.0,0.0,0.0,0.0,0.0,0.0,0.0,0.0
0.0,0.0,0.0,0.0,0.0,0.0,0.0,0.0,0.0,0.0,0.0,0.0,0.0,0.0,0.0,0.0,0.0,0.0,0.0,0.0,0.0,0.0,0.0,0.0,0.0,0.0,0.0,0.0,0.0,0.0,0.0,0.0,0.0,0.0,0.0,0.0,0.0
0.0,0.0,0.0,0.0,0.0,0.0,0.0,0.0,0.0,0.0,0.0,0.0,0.0,0.0,0.0,0.0,0.0,0.0,0.0,0.0,0.0,0.0,0.0,0.0,0.0,0.0,0.0,0.0,0.0,0.0,0.0,0.0,0.0,0.0,0.0,0.0,0.0
0.0,0.0,0.0,0.0,0.0,0.0,0.0,0.0,0.0,0.0,0.0,0.0,0.0,0.0,0.0,0.0,0.0,0.0,0.0,0.0,0.0,0.0,0.0,0.0,0.0,0.0,0.0,0.0,0.0,0.0,0.0,0.0,0.0,0.0,0.0,0.0,0.0
0.0,0.0,0.0,0.0,0.0,0.0,0.0,0.0,0.0,0.0,0.0,0.0,0.0,0.0,0.0,0.0,0.0,0.0,0.0,0.0,0.0,0.0,0.0,0.0,0.0,0.0,0.0,0.0,0.0,0.0,0.0,0.0,0.0,0.0,0.0,0.0,0.0
0.0,0.0,0.0,0.0,0.0,0.0,0.0,0.0,0.0,0.0,0.0,0.0,0.0,0.0,0.0,0.0,0.0,0.0,0.0,0.0,0.0,0.0,0.0,0.0,0.0,0.0,0.0,0.0,0.0,0.0,0.0,0.0,0.0,0.0,0.0,0.0,0.0
0.0,0.0,0.0,0.0,0.0,0.0,0.0,0.0,0.0,0.0,0.0,0.0,0.0,0.0,0.0,0.0,0.0,0.0,0.0,0.0,0.0,0.0,0.0,0.0,0.0,0.0,0.0,0.0,0.0,0.0,0.0,0.0,0.0,0.0,0.0,0.0,0.0
0.0,0.0,0.0,0.0,0.0,0.0,0.0,0.0,0.0,0.0,0.0,0.0,0.0,0.0,0.0,0.0,0.0,0.0,0.0,0.0,0.0,0.0,0.0,0.0,0.0,0.0,0.0,0.0,0.0,0.0,0.0,0.0,0.0,0.0,0.0,0.0,0.0
0.0,0.0,0.0,0.0,0.0,0.0,0.0,0.0,0.0,0.0,0.0,0.0,0.0,0.0,0.0,0.0,0.0,0.0,0.0,0.0,0.0,0.0,0.0,0.0,0.0,0.0,0.0,0.0,0.0,0.0,0.0,0.0,0.0,0.0,0.0,0.0,0.0
0.0,0.0,0.0,0.0,0.0,0.0,0.0,0.0,0.0,0.0,0.0,0.0,0.0,0.0,0.0,0.0,0.0,0.0,0.0,0.0,0.0,0.0,0.0,0.0,0.0,0.0,0.0,0.0,0.0,0.0,0.0,0.0,0.0,0.0,0.0,0.0,0.0
0.0,0.0,0.0,0.0,0.0,0.0,0.0,0.0,0.0,0.0,0.0,0.0,0.0,0.0,0.0,0.0,0.0,0.0,0.0,0.0,0.0,0.0,0.0,0.0,0.0,0.0,0.0,0.0,0.0,0.0,0.0,0.0,0.0,0.0,0.0,0.0,0.0
0.0,0.0,0.0,0.0,0.0,0.0,0.0,0.0,0.0,0.0,0.0,0.0,0.0,0.0,0.0,0.0,0.0,0.0,0.0,0.0,0.0,0.0,0.0,0.0,0.0,0.0,0.0,0.0,0.0,0.0,0.0,0.0,0.0,0.0,0.0,0.0,0.0
0.0,0.0,0.0,0.0,0.0,0.0,0.0,0.0,0.0,0.0,0.0,0.0,0.0,0.0,0.0,0.0,0.0,0.0,0.0,0.0,0.0,0.0,0.0,0.0,0.0,0.0,0.0,0.0,0.0,0.0,0.0,0.0,0.0,0.0,0.0,0.0,0.0
0.0,0.0,0.0,0.0,0.0,0.0,0.0,0.0,0.0,0.0,0.0,0.0,0.0,0.0,0.0,0.0,0.0,0.0,0.0,0.0,0.0,26.03357963561974,0.0,0.0,0.0,0.0,0.0,0.0,0.1616570964455604,0.0,0.0,0.0,0.4439681684598287,0.0,0.0,0.0,0.0
0.0,0.0,0.0,0.0359171405434597,1.0659203305839091,0.0,0.0,0.0,0.0,0.0,0.0,0.0,0.0,0.0,0.0711000166833379,0.0,9.070130801200802,0.0,0.0,0.0,0.0,27.32081594467163,0.0,0.0,0.0,0.0,0.0,0.0,0.0,0.0,0.0,0.0,0.0325864870101122,0.0,0.0,0.0,0.0
0.0,0.0,0.0,0.0482468474656322,2.314981732517327,0.0,4.354457617178474,0.0,0.0,0.0,1.83871810003182,0.0,0.0,0.0276637868955731,0.0,0.0,12.249683606624496,0.0,0.0,0.0,0.0,16.87899951934792,0.0,0.0,0.0,0.0,0.0,0.0,0.0,0.6279309146105936,0.0,1.2402073740959083,0.0,0.0,0.0,0.0,0.0
0.0,0.0,0.0,0.1306878719478824,4.292267985641878,0.3717814977280616,14.152317331731178,0.0,0.0,0.0,2.334621789352864,0.0,0.0,29.747231672517955,0.0,0.0,1.5790820837019692,0.0,0.0,0.0,0.0,0.0,0.0,0.0,0.0,0.0,0.0,0.0,40.70699656903741,0.4114293724298195,0.0,3.0566033571958218,1.0555510772392125,0.0,0.0,0.0,0.0
0.0,0.0,0.0,0.1478147264569977,10.300281647592634,0.8644725815393027,37.855064949393146,0.0,0.0,0.0,9.625863708788474,0.0,0.0,101.96688050404178,0.0564721539616575,0.0491782696917642,9.992661368846877,0.0,0.0,0.0,0.0,29.545527362823368,0.0,0.0,0.0,0.0,0.2565525744110259,0.0,302.3699678063393,0.5930837757885148,0.0,11.910252675414055,1.9991386001929443,0.0,0.0,0.0,0.0
0.0,0.0,0.0,0.3660138323903082,20.180844232439814,1.509174422360947,98.589846715331,0.0,0.0,0.0,46.9264581337571,0.0,0.0,303.2861959934234,0.2359366904944179,0.1432530153542748,23.638183426856976,0.0,0.0,0.0,0.0,130.68006305694578,0.0,0.0,0.0,5.224798803776475,1.0539138374850106,0.0,1056.0618084609507,0.758626722544429,0.0,41.89633899927137,5.103463878855086,0.0,0.0,0.0,0.0
0.0,0.0,0.0,1.1129338517785052,45.365544833242765,2.709726526401903,248.04057619422676,0.0,0.0,0.0,158.2190083749592,0.0,0.0,644.0750523656606,0.35638531297445,0.2059916444122784,60.615890431404,0.0,0.0,0.0,0.0,307.33776702880846,0.0,0.0,0.0,23.454629285633555,2.3552599035203423,0.0,1771.0203496217728,0.9155384272336956,0.0,112.6979223489761,15.122128527611476,0.0,0.0,0.0,0.0
0.0,0.0,0.0,1.6676097363233515,84.5248001217842,3.651065058074881,505.291227671504,0.0,0.0,0.0,454.1164753317832,0.0,0.0,966.248624175787,0.2697758652269819,0.2075040992349377,115.66748684644682,0.0,0.0,0.0,0.0,516.1586818695066,0.0,0.0,0.0,51.56406759321682,3.877175320684908,0.0,2242.5397578835486,0.6919608481228247,0.0,264.1432155966759,45.44792029261589,0.0,0.0,0.0,0.0
0.0,0.0,0.0,4.170350328087802,246.21454653143863,1.0653194789774367,681.6637069523333,0.0,0.0,0.0,586.265193399787,0.0,0.0,1074.013058245182,2.3001454398035976,0.5152468979358662,429.9817960858344,0.0,0.0,0.0,0.0,627.9156692504882,0.0,0.0,0.0,155.83716711997977,4.703012742847202,0.0,2381.057093000412,88.7754907131195,0.0,328.59583854675293,71.68515005707741,0.0,0.0,0.0,0.0
0.0,0.0,0.0,7.492023989558217,423.1686015725135,0.4728316105901863,846.0076650798321,0.0,0.0,0.0,665.4769454210997,0.0,0.0,0.0,4.277087683975694,0.5763291902840134,711.225103533268,0.0,0.0,0.0,0.0,652.3112243652344,0.0,0.0,0.0,283.28599910736085,4.53832960873842,0.0,2429.805474722385,180.72247523665428,0.0,352.10342597961426,84.74991419911383,0.0,0.0,0.0,0.0
0.0,0.0,0.0,10.496160537004464,476.6139403581618,0.0,0.0,0.0,0.0,0.0,0.0,0.0,0.0,0.0,0.0,0.5632170028984538,860.2871795892714,0.0,0.0,0.0,0.0,526.3965473175048,0.0,0.0,0.0,0.0,0.0,0.0,0.0,0.0,0.0,353.1009095907212,0.0,0.0,0.0,0.0,0.0
0.0,0.0,0.0,0.0,0.0,0.0,0.0,0.0,0.0,0.0,0.0,0.0,0.0,0.0,0.0,0.5668472722172728,0.0,0.0,0.0,0.0,0.0,0.0,0.0,0.0,0.0,0.0,0.0,0.0,0.0,0.0,0.0,0.0,0.0,0.0,0.0,0.0,0.0
0.0,0.0,0.0,0.0,0.0,0.0,0.0,0.0,0.0,0.0,0.0,0.0,0.0,0.0,0.0,0.0,0.0,0.0,0.0,0.0,0.0,0.0,0.0,0.0,0.0,0.0,0.0,0.0,0.0,0.0,0.0,0.0,0.0,0.0,0.0,0.0,0.0
0.0,0.0,0.0,0.0,0.0,0.0,0.0,0.0,0.0,0.0,0.0,0.0,0.0,0.0,0.0,0.0,0.0,0.0,0.0,0.0,0.0,0.0,0.0,0.0,0.0,0.0,0.0,0.0,0.0,0.0,0.0,0.0,0.0,0.0,0.0,0.0,0.0
0.0,0.0,0.0,0.0,0.0,0.0,0.0,0.0,0.0,0.0,0.0,0.0,0.0,0.0,0.0,0.0,0.0,0.0,0.0,0.0,0.0,0.0,0.0,0.0,0.0,0.0,0.0,0.0,0.0,0.0,0.0,0.0,0.0,0.0,0.0,0.0,0.0
0.0,0.0,0.0,0.0,0.0,0.0,0.0,0.0,0.0,0.0,0.0,0.0,0.0,0.0,0.0,0.0,0.0,0.0,0.0,0.0,0.0,0.0,0.0,0.0,0.0,0.0,0.0,0.0,0.0,0.0,0.0,0.0,0.0,0.0,0.0,0.0,0.0
0.0,0.0,0.0,0.0,0.0,0.0,0.0,0.0,0.0,0.0,0.0,0.0,0.0,0.0,0.0,0.0,0.0,0.0,0.0,0.0,0.0,0.0,0.0,0.0,0.0,0.0,0.0,0.0,0.0,0.0,0.0,0.0,0.0,0.0,0.0,0.0,0.0
0.0,0.0,0.0,0.0,0.0,0.0,0.0,0.0,0.0,0.0,0.0,0.0,0.0,0.0,0.0,0.0,0.0,0.0,0.0,0.0,0.0,0.0,0.0,0.0,0.0,0.0,0.0,0.0,0.0,0.0,0.0,0.0,0.0,0.0,0.0,0.0,0.0
0.0,0.0,0.0,0.0,0.0,0.0,0.0,0.0,0.0,0.0,0.0,0.0,0.0,0.0,0.0,0.0,0.0,0.0,0.0,0.0,0.0,0.0,0.0,0.0,0.0,0.0,0.0,0.0,0.0,0.0,0.0,0.0,0.0,0.0,0.0,0.0,0.0
0.0,0.0,0.0,0.0,0.0,0.0,0.0,0.0,0.0,0.0,0.0,0.0,0.0,0.0,0.0,0.0,0.0,0.0,0.0,0.0,0.0,0.0,0.0,0.0,0.0,0.0,0.0,0.0,0.0,0.0,0.0,0.0,0.0,0.0,0.0,0.0,0.0
0.0,0.0,0.0,0.0,0.0,0.0,0.0,0.0,0.0,0.0,0.0,0.0,0.0,0.0,0.0,0.0,0.0,0.0,0.0,0.0,0.0,0.0,0.0,0.0,0.0,0.0,0.0,0.0,0.0,0.0,0.0,0.0,0.0,0.0,0.0,0.0,0.0
0.0,0.0,0.0,0.0,0.0,0.0,0.0,0.0,0.0,0.0,0.0,0.0,0.0,0.0,0.0,0.0,0.0,0.0,0.0,0.0,0.0,0.0,0.0,0.0,0.0,0.0,0.0,0.0,0.0,0.0,0.0,0.0,0.0,0.0,0.0,0.0,0.0
0.0,0.0,0.0,0.0,0.0,0.0,0.0,0.0,0.0,0.0,0.0,0.0,0.0,0.0,0.0,0.0,0.0,0.0,0.0,0.0,0.0,0.0,0.0,0.0,0.0,0.0,0.0,0.0,0.0,0.0,0.0,0.0,0.0,0.0,0.0,0.0,0.0
0.0,0.0,0.0,0.0,0.0,0.0,0.0,0.0,0.0,0.0,0.0,0.0,0.0,0.0,0.0,0.0,0.0,0.0,0.0,0.0,0.0,0.0,0.0,0.0,0.0,0.0,0.0,0.0,0.0,0.0,0.0,0.0,0.0,0.0,0.0,0.0,0.0
0.0,0.0,0.0,0.0,0.0,0.0,0.0,0.0,0.0,0.0,1.709871038515118,0.0,0.0,0.0,0.0,0.0,0.0,0.0,0.0,0.0,0.0,37.88384947776751,0.0,0.0,0.0,0.0,0.0,0.0,0.1082295536994934,0.0,0.0,0.0,0.3220410374924466,0.0,0.0,0.0,0.0
0.0,0.0,0.0,0.0335713718086441,1.508248988538804,0.0,0.0,0.0,0.0,0.0,0.0,0.0,0.0,0.0,0.0685593947768195,0.0042016562074422,11.827426540851532,0.0,0.0,0.0,0.0,0.0,0.0,0.0,0.0,0.0,0.0,0.0,0.0,0.4008328899741167,0.0,0.0,0.0225838888436555,0.0,0.0,0.0,0.0
0.0,0.0,0.0,0.0307924225926372,2.304728291928666,0.0,1.4535296041517474,0.0,0.0,0.0,1.763938299566473,0.0,0.0,4.680782165378326,0.0549655638635142,0.0,15.675910532474424,0.0,0.0,0.0,0.0,32.5902525901792,0.0,0.0,0.0,0.0,0.1079517733305621,0.0,0.0,0.5539371244608985,0.0,1.143411204218864,0.0,0.0,0.0,0.0,0.0
0.0,0.0,0.0,0.0384658724069568,4.271256610750968,0.5867514172568545,5.832568667828963,0.0,0.0,0.0,10.901409250125228,0.0,0.0,41.09659685753277,0.1312465924769617,0.0005644494667649,4.341832232475153,0.0,0.0,0.0,0.0,17.836140632629277,0.0,0.0,0.0,0.0,0.6644128609448612,0.0,26.37647687494752,0.3615632280707176,0.0,2.7436674982308875,5.10703529976307,0.0,0.0,0.0,0.0
0.0,0.0,0.0,0.1988689322024524,12.407053306698758,1.5784613541327293,13.70715968869623,0.0,0.0,0.0,37.87353680953372,0.0,0.0,128.50468896329397,0.4145978517830358,0.0367105361074205,12.001109635829804,0.0,0.0,0.0,0.0,91.32017259597764,0.0,0.0,0.0,4.368928378447837,1.3516139656305304,0.0,230.1580196812748,0.5487355343997252,0.0,9.449599936604455,21.819855816662297,0.0,0.0,0.0,0.0
0.0,0.0,0.0,1.9974368885159453,59.71902553737155,15.254816621541964,61.79769983217111,0.0,0.0,0.0,146.0456591270864,0.0,0.0,339.13771267980337,1.900599367171523,0.1221286505460736,28.99435189962384,0.0,0.0,0.0,0.0,274.32113475799537,0.0,0.0,0.0,46.92857521176338,2.75600163042545,0.0,1131.2771856069562,0.6887157119810443,0.0,0.0,64.95072947442532,0.0,0.0,0.0,0.0
0.0,0.0,0.0,5.601858571171759,150.49115261435497,0.0,224.47135490328063,0.0,0.0,0.0,497.66498306095593,0.0,0.0,676.425550803542,0.0,0.2049383185803888,79.36796513795836,0.0,0.0,0.0,0.0,525.1922103881834,0.0,0.0,0.0,170.81900678873055,5.523217214643953,0.0,1963.474644672871,0.8131877705454823,0.0,0.0,117.28538402915,0.0,0.0,0.0,0.0
0.0,0.0,0.0,11.471432149410244,292.0081503391264,0.0,510.3684466809034,0.0,0.0,0.0,1077.1372518151995,0.0,0.0,999.8111282289028,0.0,0.215406343340873,142.42179259061805,0.0,0.0,0.0,0.0,811.5755401611325,0.0,0.0,0.0,469.105983877182,10.732354462146752,0.0,2405.6002256393426,0.6786259159445636,0.0,0.0,164.9825136065483,0.0,0.0,0.0,0.0
0.0,0.0,0.0,20.3492488861084,586.2872791290282,246.08334928750992,698.4908347219229,0.0,0.0,0.0,1408.4587490737438,0.0,0.0,1110.356292128563,0.0,0.5462586991488927,475.3013477027415,0.0,0.0,0.0,0.0,925.9399154663084,0.0,0.0,0.0,595.1436412334442,18.731138128042225,0.0,0.0,79.94163265526294,0.0,369.8131645917893,181.07051610946652,0.0,0.0,0.0,0.0
0.0,0.0,0.0,28.967938005924225,800.0847150087357,0.0,804.6803716480732,0.0,0.0,0.0,1591.016640931368,0.0,0.0,0.0,0.0,0.6809520013630386,762.138641989231,0.0,0.0,0.0,0.0,918.8204315185544,0.0,0.0,0.0,628.5674789905548,26.3014078438282,0.0,0.0,167.99020115733143,0.0,387.8940665721893,185.0586668252945,0.0,0.0,0.0,0.0
0.0,0.0,0.0,0.0,0.0,0.0,796.5159314870834,0.0,0.0,0.0,0.0,0.0,0.0,0.0,0.0,0.7163001634180535,915.6221601366996,0.0,0.0,0.0,0.0,685.613298034668,0.0,0.0,0.0,0.0,0.0,0.0,0.0,202.95043941736225,0.0,0.0,176.64581376314163,0.0,0.0,0.0,0.0
0.0,0.0,0.0,0.0,0.0,0.0,704.0619492769241,0.0,0.0,0.0,0.0,0.0,0.0,0.0,0.0,0.7426835298538201,0.0,0.0,0.0,0.0,0.0,430.0720344543454,0.0,0.0,0.0,0.0,26.748657810688016,0.0,0.0,0.0,0.0,0.0,0.0,0.0,0.0,0.0,0.0
0.0,0.0,0.0,0.0,0.0,0.0,0.0,0.0,0.0,0.0,0.0,0.0,0.0,0.0,0.0,0.0,0.0,0.0,0.0,0.0,0.0,0.0,0.0,0.0,0.0,0.0,0.0,0.0,0.0,0.0,0.0,0.0,0.0,0.0,0.0,0.0,0.0
0.0,0.0,0.0,0.0,0.0,0.0,0.0,0.0,0.0,0.0,0.0,0.0,0.0,0.0,0.0,0.0,0.0,0.0,0.0,0.0,0.0,0.0,0.0,0.0,0.0,0.0,0.0,0.0,0.0,0.0,0.0,0.0,0.0,0.0,0.0,0.0,0.0
0.0,0.0,0.0,0.0,0.0,0.0,0.0,0.0,0.0,0.0,0.0,0.0,0.0,0.0,0.0,0.0,0.0,0.0,0.0,0.0,0.0,0.0,0.0,0.0,0.0,0.0,0.0,0.0,0.0,0.0,0.0,0.0,0.0,0.0,0.0,0.0,0.0
0.0,0.0,0.0,0.0,0.0,0.0,0.0,0.0,0.0,0.0,0.0,0.0,0.0,0.0,0.0,0.0,0.0,0.0,0.0,0.0,0.0,0.0,0.0,0.0,0.0,0.0,0.0,0.0,0.0,0.0,0.0,0.0,0.0,0.0,0.0,0.0,0.0
0.0,0.0,0.0,0.0,0.0,0.0,0.0,0.0,0.0,0.0,0.0,0.0,0.0,0.0,0.0,0.0,0.0,0.0,0.0,0.0,0.0,0.0,0.0,0.0,0.0,0.0,0.0,0.0,0.0,0.0,0.0,0.0,0.0,0.0,0.0,0.0,0.0
0.0,0.0,0.0,0.0,0.0,0.0,0.0,0.0,0.0,0.0,0.0,0.0,0.0,0.0,0.0,0.0,0.0,0.0,0.0,0.0,0.0,0.0,0.0,0.0,0.0,0.0,0.0,0.0,0.0,0.0,0.0,0.0,0.0,0.0,0.0,0.0,0.0
0.0,0.0,0.0,0.0,0.0,0.0,0.0,0.0,0.0,0.0,0.0,0.0,0.0,0.0,0.0,0.0,0.0,0.0,0.0,0.0,0.0,0.0,0.0,0.0,0.0,0.0,0.0,0.0,0.0,0.0,0.0,0.0,0.0,0.0,0.0,0.0,0.0
0.0,0.0,0.0,0.0,0.0,0.0,0.0,0.0,0.0,0.0,0.0,0.0,0.0,0.0,0.0,0.0,0.0,0.0,0.0,0.0,0.0,0.0,0.0,0.0,0.0,0.0,0.0,0.0,0.0,0.0,0.0,0.0,0.0,0.0,0.0,0.0,0.0
0.0,0.0,0.0,0.0,0.0,0.0,0.0,0.0,0.0,0.0,0.0,0.0,0.0,0.0,0.0,0.0,0.0,0.0,0.0,0.0,0.0,0.0,0.0,0.0,0.0,0.0,0.0,0.0,0.0,0.0,0.0,0.0,0.0,0.0,0.0,0.0,0.0
0.0,0.0,0.0,0.0,0.0,0.0,0.0,0.0,0.0,0.0,0.0,0.0,0.0,0.0,0.0,0.0,0.0,0.0,0.0,0.0,0.0,0.0,0.0,0.0,0.0,0.0,0.0,0.0,0.0,0.0,0.0,0.0,0.0,0.0,0.0,0.0,0.0
0.0,0.0,0.0,0.0,0.0,0.0,0.0,0.0,0.0,0.0,0.0,0.0,0.0,0.0,0.0,0.0,0.0,0.0,0.0,0.0,0.0,0.0,0.0,0.0,0.0,0.0,0.0,0.0,0.0,0.0,0.0,0.0,0.0,0.0,0.0,0.0,0.0
0.0,0.0,0.0,0.0,0.0,0.0,0.0,0.0,0.0,0.0,0.0,0.0,0.0,0.0,0.0,0.0,0.0,0.0,0.0,0.0,0.0,0.0,0.0,0.0,0.0,0.0,0.0,0.0,0.0,0.0,0.0,0.0,0.0,0.0,0.0,0.0,0.0
0.0,0.0,0.0,0.0,0.0,0.0,0.0,0.0,0.0,0.0,0.0,0.0,0.0,0.0,0.0,0.0,0.0,0.0,0.0,0.0,0.0,0.0,0.0,0.0,0.0,0.0,0.0,0.0,0.0,0.0,0.0,0.0,0.0,0.0,0.0,0.0,0.0
0.0,0.0,0.0,0.0,0.0,0.0,0.0,0.0,0.0,0.0,0.0,0.0,0.0,3.5215889755636005,0.0,0.0,0.0,0.0,0.0,0.0,0.0,0.0,0.0,0.0,0.0,0.0,0.0,0.0,0.0,0.0,0.0,0.0,0.0147337485104799,0.0,0.0,0.0,0.0
0.0,0.0,0.0,0.0347236711531822,1.7824176736174169,0.0,0.0,0.0,0.0,0.0,0.0,0.0,0.0,3.0661906348540287,0.0746835619211194,0.0,15.09467889070502,0.0,0.0,0.0,0.0,23.997906303405635,0.0,0.0,0.0,0.0,0.0,0.0,0.0,0.5818868845701066,0.0,0.0,0.0,0.0,0.0,0.0,0.0
0.0,0.0,0.0,0.1561005879193542,3.7077607810496502,0.4179745875298974,3.952569666504796,0.0,0.0,0.0,11.06207684958343,0.0,0.0,17.976435453165212,0.0246070280671101,0.0,1.954823458194697,0.0,0.0,0.0,0.0,9.108950233459163,0.0,0.0,0.0,0.0,1.620280602574347,0.0,32.97396354079244,0.0,0.0,2.478692412376399,2.1313354764133665,0.0,0.0,0.0,0.0
0.0,0.0,0.0,0.2634775526821568,9.726353045552957,1.0193459503352575,12.180163405463098,0.0,0.0,0.0,29.644628938846235,0.0,0.0,44.63920610025524,0.1134817220270623,0.0519364215433596,7.687407445907492,0.0,0.0,0.0,0.0,67.36426343917805,0.0,0.0,0.0,0.0,3.0562274955213025,0.0,179.14887338131663,0.0,0.0,3.772794544696772,9.67171453312038,0.0,0.0,0.0,0.0
0.0,0.0,0.0,0.5477812588214838,20.48931849002817,2.353169183246754,43.10603987965726,0.0,0.0,0.0,90.49747852534036,0.0,0.0,105.29058648273347,0.3057679653167692,0.178134118206798,16.192240834235985,0.0,0.0,0.0,0.0,240.84535179138143,0.0,0.0,0.0,10.001718030869872,6.593904334306711,0.0,615.0488398730754,0.0,0.0,12.304205596446952,34.22177428007124,0.0,0.0,0.0,0.0
0.0,0.0,0.0,0.931971117854117,32.00157928094261,7.936668520793277,129.46264755129806,0.0,0.0,0.0,263.16871769577267,0.0,0.0,257.45732471346844,0.5358859386295065,0.2653219047933804,41.73039720058438,0.0,0.0,0.0,0.0,529.8081619262695,0.0,0.0,0.0,45.21048099994652,13.569974243640894,0.0,1172.4485560774804,0.9072557151317596,0.0,34.828301154077,92.54744374752045,0.0,0.0,0.0,0.0
0.0,0.0,0.0,0.8567446097731541,26.034924250095965,26.48558949679133,320.8417089283466,0.0,0.0,0.0,625.5882371366024,0.0,0.0,519.7405476868153,0.4278093472123134,0.2597600780427445,80.56290973424899,0.0,0.0,0.0,0.0,877.9873901367187,0.0,0.0,0.0,91.47971981763833,25.42786520719528,0.0,1683.423684322834,0.6920164957642287,0.0,78.32427075505255,146.3462804555893,0.0,0.0,0.0,0.0
0.0,0.0,0.0,2.4828935116529425,103.26631590723984,40.33943625912067,450.6369143247604,0.0,0.0,0.0,792.5415991008282,0.0,0.0,677.8481460362673,2.3194478899240485,0.6731239259243005,378.8058331370354,0.0,0.0,0.0,0.0,1090.9364852905271,0.0,0.0,0.0,133.1824523329734,35.31203006505966,0.0,1930.2142419576644,89.92155095934868,0.0,143.93607056140897,167.59794634580612,0.0,0.0,0.0,0.0
0.0,0.0,0.0,4.715279594063757,182.44108632206908,69.77361569553614,580.4250025480985,0.0,0.0,0.0,882.1182622671128,0.0,0.0,0.0,4.131436693668364,0.9466740489006034,661.7471778154373,0.0,0.0,0.0,0.0,1242.0141754150388,0.0,0.0,0.0,206.13635309934608,41.918357765674585,0.0,0.0,183.1714400708675,0.0,203.4475452899933,174.90191251039505,0.0,0.0,0.0,0.0
0.0,0.0,0.0,0.0,0.0,0.0,0.0,0.0,0.0,0.0,939.5380283117296,0.0,0.0,0.0,0.0,1.2042893618345252,823.6820883989334,0.0,0.0,0.0,0.0,0.0,0.0,0.0,0.0,0.0,0.0,0.0,0.0,0.0,0.0,222.9770752191544,0.0,0.0,0.0,0.0,0.0
0.0,0.0,0.0,0.0,0.0,0.0,0.0,0.0,0.0,0.0,0.0,0.0,0.0,0.0,0.0,0.0,0.0,0.0,0.0,0.0,0.0,0.0,0.0,0.0,0.0,0.0,0.0,0.0,0.0,0.0,0.0,0.0,0.0,0.0,0.0,0.0,0.0
0.0,0.0,0.0,0.0,0.0,0.0,0.0,0.0,0.0,0.0,0.0,0.0,0.0,0.0,0.0,0.0,0.0,0.0,0.0,0.0,0.0,0.0,0.0,0.0,0.0,0.0,0.0,0.0,0.0,0.0,0.0,0.0,0.0,0.0,0.0,0.0,0.0
0.0,0.0,0.0,0.0,0.0,0.0,0.0,0.0,0.0,0.0,0.0,0.0,0.0,0.0,0.0,0.0,0.0,0.0,0.0,0.0,0.0,0.0,0.0,0.0,0.0,0.0,0.0,0.0,0.0,0.0,0.0,0.0,0.0,0.0,0.0,0.0,0.0
0.0,0.0,0.0,0.0,0.0,0.0,0.0,0.0,0.0,0.0,0.0,0.0,0.0,0.0,0.0,0.0,0.0,0.0,0.0,0.0,0.0,0.0,0.0,0.0,0.0,0.0,0.0,0.0,0.0,0.0,0.0,0.0,0.0,0.0,0.0,0.0,0.0
0.0,0.0,0.0,0.0,0.0,0.0,0.0,0.0,0.0,0.0,0.0,0.0,0.0,0.0,0.0,0.0,0.0,0.0,0.0,0.0,0.0,0.0,0.0,0.0,0.0,0.0,0.0,0.0,0.0,0.0,0.0,0.0,0.0,0.0,0.0,0.0,0.0
0.0,0.0,0.0,0.0,0.0,0.0,0.0,0.0,0.0,0.0,0.0,0.0,0.0,0.0,0.0,0.0,0.0,0.0,0.0,0.0,0.0,0.0,0.0,0.0,0.0,0.0,0.0,0.0,0.0,0.0,0.0,0.0,0.0,0.0,0.0,0.0,0.0
0.0,0.0,0.0,0.0,0.0,0.0,0.0,0.0,0.0,0.0,0.0,0.0,0.0,0.0,0.0,0.0,0.0,0.0,0.0,0.0,0.0,0.0,0.0,0.0,0.0,0.0,0.0,0.0,0.0,0.0,0.0,0.0,0.0,0.0,0.0,0.0,0.0
0.0,0.0,0.0,0.0,0.0,0.0,0.0,0.0,0.0,0.0,0.0,0.0,0.0,0.0,0.0,0.0,0.0,0.0,0.0,0.0,0.0,0.0,0.0,0.0,0.0,0.0,0.0,0.0,0.0,0.0,0.0,0.0,0.0,0.0,0.0,0.0,0.0
0.0,0.0,0.0,0.0,0.0,0.0,0.0,0.0,0.0,0.0,0.0,0.0,0.0,0.0,0.0,0.0,0.0,0.0,0.0,0.0,0.0,0.0,0.0,0.0,0.0,0.0,0.0,0.0,0.0,0.0,0.0,0.0,0.0,0.0,0.0,0.0,0.0
0.0,0.0,0.0,0.0,0.0,0.0,0.0,0.0,0.0,0.0,0.0,0.0,0.0,0.0,0.0,0.0,0.0,0.0,0.0,0.0,0.0,0.0,0.0,0.0,0.0,0.0,0.0,0.0,0.0,0.0,0.0,0.0,0.0,0.0,0.0,0.0,0.0
0.0,0.0,0.0,0.0,0.0,0.0,0.0,0.0,0.0,0.0,0.0,0.0,0.0,0.0,0.0,0.0,0.0,0.0,0.0,0.0,0.0,0.0,0.0,0.0,0.0,0.0,0.0,0.0,0.0,0.0,0.0,0.0,0.0,0.0,0.0,0.0,0.0
0.0,0.0,0.0,0.0,0.0,0.0,0.0,0.0,0.0,0.0,0.0,0.0,0.0,0.0,0.0,0.0,0.0,0.0,0.0,0.0,0.0,0.0,0.0,0.0,0.0,0.0,0.0,0.0,0.0,0.0,0.0,0.0,0.0,0.0,0.0,0.0,0.0
0.0,0.0,0.0,0.0,0.0,0.0,0.0,0.0,0.0,0.0,0.0,0.0,0.0,0.0,0.0,0.0,0.0,0.0,0.0,0.0,0.0,0.0,0.0,0.0,0.0,0.0,0.0,0.0,0.0,0.0,0.0,0.0,0.0,0.0,0.0,0.0,0.0
0.0,0.0,0.0,0.0,0.0,0.0,0.0,0.0,0.0,0.0,1.8837466034104644,0.0,0.0,0.0,0.0,0.0,0.0,0.0,0.0,0.0,0.0,0.0,0.0,0.0,0.0,0.0,0.0,0.0,0.0,0.0,0.0,0.0,0.0,0.0,0.0,0.0,0.0
0.0,0.0,0.0,0.0537229254841778,0.0,0.2590788416564327,0.0,0.0,0.0,0.0,1.91944180279948,0.0,0.0,0.0,0.0143762849271264,0.0,11.701913845539032,0.0,0.0,0.0,0.0,0.0,0.0,0.0,0.0,2.1588436063378618,0.0,0.0,0.0,0.0,0.0,1.1186526268720138,0.020327191799879,0.0,0.0,0.0,0.0
0.0,0.0,0.0,0.0613090693950638,2.074074160307585,0.0,0.0,0.0,0.0,0.0,1.816999017447036,0.0,0.0,0.886780428700062,0.0,0.0,14.1829345703125,0.0,0.0,0.0,0.0,33.61277871131883,0.0,0.0,0.0,0.0,0.5551903082057827,0.0,0.0,0.0,0.0,1.195040911436026,0.0,0.0,0.0,0.0,0.0
0.0,0.0,0.0,0.1787453833967444,3.855809979140549,0.3858907972462282,3.3899390019475524,0.0,0.0,0.0,2.2996205749920704,0.0,0.0,29.108136454596973,0.0,0.0,1.0110881090162185,0.0,0.0,0.0,0.0,9.250542068481268,0.0,0.0,0.0,0.0,0.5569824775680831,0.0,38.30713580846764,0.3905322186648766,0.0,2.5984037220478022,2.674727931618677,0.0,0.0,0.0,0.0
0.0,0.0,0.0,0.1608416680246572,10.575250428169822,1.0518792588263612,10.128626933321272,0.0,0.0,0.0,4.900822674296695,0.0,0.0,116.72360880300404,0.0771509595215291,0.005782431922852,6.508029365539467,0.0,0.0,0.0,0.0,44.051942729949744,0.0,0.0,0.0,13.247478900849751,0.4673718145117129,0.0,127.04528713598832,0.5485393032431353,0.0,4.486702740192394,12.70872011035678,0.0,0.0,0.0,0.0
0.0,0.0,0.0,0.305052485316991,22.53839065134509,4.568051429465395,43.21932816207402,0.0,0.0,0.0,28.585048359725576,0.0,0.0,357.05148708075285,0.367848708853124,0.0855079134926198,15.22772970199579,0.0,0.0,0.0,0.0,139.70522270202608,0.0,0.0,0.0,45.44661439657207,0.7661922771483626,0.0,369.63887664675696,0.7184374101459908,0.0,20.617077350616427,45.88481247425078,0.0,0.0,0.0,0.0
0.0,0.0,0.0,0.4579259594902383,35.92149346321821,24.64113270863889,148.39036135524503,0.0,0.0,0.0,101.6004676464944,0.0,0.0,751.5227825939654,0.7288008648902174,0.1694721961393942,37.27567708492275,0.0,0.0,0.0,0.0,310.32340087890617,0.0,0.0,0.0,91.11336649060244,1.1677036052569725,0.0,762.3235795378683,0.947808201611039,0.0,70.26374810934063,102.9420686662197,0.0,0.0,0.0,0.0
0.0,0.0,0.0,0.3410806637257328,31.55136987939471,106.07844598591323,378.0718722745776,0.0,0.0,0.0,313.84946742802845,0.0,0.0,1071.7304416000843,1.0247399054467672,0.1636566873639814,65.53772859573351,0.0,0.0,0.0,0.0,483.84919395446775,0.0,0.0,0.0,145.84692770242685,1.8278975151479244,0.0,1217.0402317762373,0.8700684465467701,0.0,173.24331885576248,153.82598847150803,0.0,0.0,0.0,0.0
0.0,0.0,0.0,1.7328225113451443,87.52340827882287,153.55097521841526,518.1948891192675,0.0,0.0,0.0,438.4174871891737,0.0,0.0,1168.1442500650885,2.975616911798716,0.6544804945588104,341.4956523180008,0.0,0.0,0.0,0.0,586.4336242675779,0.0,0.0,0.0,227.07793321609495,2.178862369060508,0.0,1412.5009207725525,91.1948041409254,0.0,256.4541882276535,173.5114160180092,0.0,0.0,0.0,0.0
0.0,0.0,0.0,3.5236286148428864,140.48507159948338,175.96896801888943,609.011740192771,0.0,0.0,0.0,495.7176377624273,0.0,0.0,1193.5400104522705,4.3334055438637735,1.0828935354948035,605.0535591125487,0.0,0.0,0.0,0.0,658.561975097656,0.0,0.0,0.0,314.6291981458664,2.2424278616905187,0.0,1585.0918725371362,0.0,0.0,295.0253426432609,179.87329548597336,0.0,0.0,0.0,0.0
0.0,0.0,0.0,5.743492305278775,191.7030548751353,178.96927791833878,623.8304651856422,0.0,0.0,0.0,500.2360036984084,0.0,0.0,1182.8564795851707,4.752677983045576,0.0,755.9718502640724,0.0,0.0,0.0,0.0,592.4158920288085,0.0,0.0,0.0,356.87517879009243,2.8034983254969084,0.0,0.0,0.0,0.0,302.6740027666092,0.0,0.0,0.0,0.0,0.0
0.0,0.0,0.0,6.921183347702024,0.0,163.15805339813232,0.0,0.0,0.0,0.0,452.6184000477195,0.0,0.0,0.0,4.0767893940210325,0.0,765.7520961046218,0.0,0.0,0.0,0.0,0.0,0.0,0.0,0.0,361.57179062366487,0.0,0.0,0.0,0.0,0.0,282.3593568205833,0.0,0.0,0.0,0.0,0.0
0.0,0.0,0.0,0.0,0.0,0.0,0.0,0.0,0.0,0.0,0.0,0.0,0.0,0.0,0.0,0.0,0.0,0.0,0.0,0.0,0.0,0.0,0.0,0.0,0.0,0.0,0.0,0.0,0.0,0.0,0.0,0.0,0.0,0.0,0.0,0.0,0.0
0.0,0.0,0.0,0.0,0.0,0.0,0.0,0.0,0.0,0.0,0.0,0.0,0.0,0.0,0.0,0.0,0.0,0.0,0.0,0.0,0.0,0.0,0.0,0.0,0.0,0.0,0.0,0.0,0.0,0.0,0.0,0.0,0.0,0.0,0.0,0.0,0.0
0.0,0.0,0.0,0.0,0.0,0.0,0.0,0.0,0.0,0.0,0.0,0.0,0.0,0.0,0.0,0.0,0.0,0.0,0.0,0.0,0.0,0.0,0.0,0.0,0.0,0.0,0.0,0.0,0.0,0.0,0.0,0.0,0.0,0.0,0.0,0.0,0.0
0.0,0.0,0.0,0.0,0.0,0.0,0.0,0.0,0.0,0.0,0.0,0.0,0.0,0.0,0.0,0.0,0.0,0.0,0.0,0.0,0.0,0.0,0.0,0.0,0.0,0.0,0.0,0.0,0.0,0.0,0.0,0.0,0.0,0.0,0.0,0.0,0.0
0.0,0.0,0.0,0.0,0.0,0.0,0.0,0.0,0.0,0.0,0.0,0.0,0.0,0.0,0.0,0.0,0.0,0.0,0.0,0.0,0.0,0.0,0.0,0.0,0.0,0.0,0.0,0.0,0.0,0.0,0.0,0.0,0.0,0.0,0.0,0.0,0.0
0.0,0.0,0.0,0.0,0.0,0.0,0.0,0.0,0.0,0.0,0.0,0.0,0.0,0.0,0.0,0.0,0.0,0.0,0.0,0.0,0.0,0.0,0.0,0.0,0.0,0.0,0.0,0.0,0.0,0.0,0.0,0.0,0.0,0.0,0.0,0.0,0.0
0.0,0.0,0.0,0.0,0.0,0.0,0.0,0.0,0.0,0.0,0.0,0.0,0.0,0.0,0.0,0.0,0.0,0.0,0.0,0.0,0.0,0.0,0.0,0.0,0.0,0.0,0.0,0.0,0.0,0.0,0.0,0.0,0.0,0.0,0.0,0.0,0.0
0.0,0.0,0.0,0.0,0.0,0.0,0.0,0.0,0.0,0.0,0.0,0.0,0.0,0.0,0.0,0.0,0.0,0.0,0.0,0.0,0.0,0.0,0.0,0.0,0.0,0.0,0.0,0.0,0.0,0.0,0.0,0.0,0.0,0.0,0.0,0.0,0.0
0.0,0.0,0.0,0.0,0.0,0.0,0.0,0.0,0.0,0.0,0.0,0.0,0.0,0.0,0.0,0.0,0.0,0.0,0.0,0.0,0.0,0.0,0.0,0.0,0.0,0.0,0.0,0.0,0.0,0.0,0.0,0.0,0.0,0.0,0.0,0.0,0.0
0.0,0.0,0.0,0.0,0.0,0.0,0.0,0.0,0.0,0.0,0.0,0.0,0.0,0.0,0.0,0.0,0.0,0.0,0.0,0.0,0.0,0.0,0.0,0.0,0.0,0.0,0.0,0.0,0.0,0.0,0.0,0.0,0.0,0.0,0.0,0.0,0.0
0.0,0.0,0.0,0.0,0.0,0.0,0.0,0.0,0.0,0.0,0.0,0.0,0.0,0.0,0.0,0.0,0.0,0.0,0.0,0.0,0.0,0.0,0.0,0.0,0.0,0.0,0.0,0.0,0.0,0.0,0.0,0.0,0.0,0.0,0.0,0.0,0.0
0.0,0.0,0.0,0.0,0.0,0.0,0.0,0.0,0.0,0.0,0.0,0.0,0.0,0.0,0.0,0.0,0.0,0.0,0.0,0.0,0.0,0.0,0.0,0.0,0.0,0.0,0.0,0.0,0.2114521160721779,0.0,0.0,0.0,0.0,0.0,0.0,0.0,0.0
0.0,0.0,0.0,0.0,0.0,0.2524591558612762,0.0,0.0,0.0,0.0,1.8969556283669928,0.0,0.0,0.0,0.0,0.0,0.0,0.0,0.0,0.0,0.0,0.0,0.0,0.0,0.0,0.0,0.0,0.0,0.1028298571705818,0.4117661871015955,0.0,1.239965170621824,0.0,0.0,0.0,0.0,0.0
0.0,0.0,0.0,0.0384196788072554,0.0,0.2611596826463908,0.0,0.0,0.0,0.0,1.9369196303188212,0.0,0.0,3.983699120581115,0.0339943841099729,0.0,7.079639184474791,0.0,0.0,0.0,0.0,0.0,0.0,0.0,0.0,0.0,0.0,0.0,0.0,0.0,0.0,1.2724832296370991,0.0,0.0,0.0,0.0,0.0
0.0,0.0,0.0,0.050761049613354,2.263974659144878,0.0539629766717327,1.3204905997960616,0.0,0.0,0.0,1.8243912823963164,0.0,0.0,6.164901796728292,0.0,0.0,9.195704782009086,0.0,0.0,0.0,0.0,15.274594783782646,0.0,0.0,0.0,0.0,0.0,0.0,0.0,0.5418645150959199,0.0,1.3635113686322884,0.0,0.0,0.0,0.0,0.0
0.0,0.0,0.0,0.1119266878813492,4.6321962438521975,0.5473252190276799,11.335084100812546,0.0,0.0,0.0,4.763419995829398,0.0,0.0,35.21281694993373,0.0034990757703781,0.0,0.0,0.0,0.0,0.0,0.0,0.0,0.0,0.0,0.0,0.0,0.2370757650583906,0.0,56.964903577417,0.3705195695161664,0.0,2.766241759061756,8.616427328437544,0.0,0.0,0.0,0.0
0.0,0.0,0.0,0.2018819674849506,11.78883961588124,1.097469802945819,29.806703841313603,0.0,0.0,0.0,15.796845329180137,0.0,0.0,79.5789530500769,0.0570529796183076,0.0,3.2503375530242744,0.0,0.0,0.0,0.0,36.6731213092802,0.0,0.0,0.0,0.0,0.5967356035485785,0.0,401.968018245697,0.557905679941167,0.0,6.544167429208733,33.76788946986197,0.0,0.0,0.0,0.0
0.0,0.0,0.0,0.3388743996620157,21.81821011006832,3.2972152200527254,66.34118185974656,0.0,0.0,0.0,64.04315067753194,0.0,0.0,174.8944610916077,0.3295228455215669,0.0,12.97934871911992,0.0,0.0,0.0,0.0,157.79769191741914,0.0,0.0,0.0,11.216588690876872,1.016617582179605,0.0,1031.9991899073125,0.8174550659954473,0.0,23.33292284607887,101.8107403218746,0.0,0.0,0.0,0.0
0.0,0.0,0.0,0.550508413463828,31.322225287556517,15.1893208622932,159.69433615654697,0.0,0.0,0.0,209.35058773383483,0.0,0.0,381.6398506984114,0.7779466655105348,0.0,28.917193460464464,0.0,0.0,0.0,0.0,358.1222648620605,0.0,0.0,0.0,23.74809013754124,1.9496187023818463,0.0,1709.3238490581512,1.0271939553320295,0.0,71.31499192118645,161.70110255479813,0.0,0.0,0.0,0.0
0.0,0.0,0.0,0.6295159831643066,30.018920958042003,63.363953456282616,373.1981726825236,0.0,0.0,0.0,571.4951916277407,0.0,0.0,678.6498069018126,0.9535848397761584,0.0,47.79582271575924,0.0,0.0,0.0,0.0,597.9122558593749,0.0,0.0,0.0,31.61412324905392,2.717534556984895,0.0,2130.1412457585334,0.7673370428383121,0.0,170.74078285694122,202.2347040176392,0.0,0.0,0.0,0.0
0.0,0.0,0.0,2.233013853430743,119.171268492937,112.71136200428006,513.5774757564068,0.0,0.0,0.0,735.7751071214675,0.0,0.0,827.3185655474663,3.3686509899795025,0.0,300.0876168251036,0.0,0.0,0.0,0.0,837.7211235046385,0.0,0.0,0.0,45.16161572039125,3.5696011587977408,0.0,2263.9245982050898,62.821594768762566,0.0,231.61213141679764,214.1271688938141,0.0,0.0,0.0,0.0
0.0,0.0,0.0,4.498302713036535,205.5760486721992,143.56453527510163,670.6262408167124,0.0,0.0,0.0,837.453479090333,0.0,0.0,0.0,5.765965868532655,0.0,542.7854117155074,0.0,0.0,0.0,0.0,1025.4375045776364,0.0,0.0,0.0,25.30460389852516,4.856898961961267,0.0,2304.2635907292365,141.35060911774633,0.0,266.75775724649424,0.0,0.0,0.0,0.0,0.0
0.0,0.0,0.0,6.615866750478742,0.0,154.0011022090912,0.0,0.0,0.0,0.0,865.2157282054425,0.0,0.0,0.0,6.761005210876463,0.0,670.6107152104378,0.0,0.0,0.0,0.0,0.0,0.0,0.0,0.0,37.60087536573407,4.837113397568463,0.0,2262.593641734123,182.52834078073505,0.0,271.1489779949188,0.0,0.0,0.0,0.0,0.0
0.0,0.0,0.0,7.610680565237994,0.0,147.61454711854458,0.0,0.0,0.0,0.0,812.5278254389763,0.0,0.0,0.0,0.0,0.0,670.0375732541085,0.0,0.0,0.0,0.0,0.0,0.0,0.0,0.0,0.0,0.0,0.0,0.0,0.0,0.0,247.1883265376091,0.0,0.0,0.0,0.0,0.0
0.0,0.0,0.0,0.0,0.0,0.0,0.0,0.0,0.0,0.0,0.0,0.0,0.0,0.0,0.0,0.0,0.0,0.0,0.0,0.0,0.0,0.0,0.0,0.0,0.0,0.0,0.0,0.0,0.0,0.0,0.0,0.0,0.0,0.0,0.0,0.0,0.0
0.0,0.0,0.0,0.0,0.0,0.0,0.0,0.0,0.0,0.0,0.0,0.0,0.0,0.0,0.0,0.0,0.0,0.0,0.0,0.0,0.0,0.0,0.0,0.0,0.0,0.0,0.0,0.0,0.0,0.0,0.0,0.0,0.0,0.0,0.0,0.0,0.0
0.0,0.0,0.0,0.0,0.0,0.0,0.0,0.0,0.0,0.0,0.0,0.0,0.0,0.0,0.0,0.0,0.0,0.0,0.0,0.0,0.0,0.0,0.0,0.0,0.0,0.0,0.0,0.0,0.0,0.0,0.0,0.0,0.0,0.0,0.0,0.0,0.0
0.0,0.0,0.0,0.0,0.0,0.0,0.0,0.0,0.0,0.0,0.0,0.0,0.0,0.0,0.0,0.0,0.0,0.0,0.0,0.0,0.0,0.0,0.0,0.0,0.0,0.0,0.0,0.0,0.0,0.0,0.0,0.0,0.0,0.0,0.0,0.0,0.0
0.0,0.0,0.0,0.0,0.0,0.0,0.0,0.0,0.0,0.0,0.0,0.0,0.0,0.0,0.0,0.0,0.0,0.0,0.0,0.0,0.0,0.0,0.0,0.0,0.0,0.0,0.0,0.0,0.0,0.0,0.0,0.0,0.0,0.0,0.0,0.0,0.0
0.0,0.0,0.0,0.0,0.0,0.0,0.0,0.0,0.0,0.0,0.0,0.0,0.0,0.0,0.0,0.0,0.0,0.0,0.0,0.0,0.0,0.0,0.0,0.0,0.0,0.0,0.0,0.0,0.0,0.0,0.0,0.0,0.0,0.0,0.0,0.0,0.0
0.0,0.0,0.0,0.0,0.0,0.0,0.0,0.0,0.0,0.0,0.0,0.0,0.0,0.0,0.0,0.0,0.0,0.0,0.0,0.0,0.0,0.0,0.0,0.0,0.0,0.0,0.0,0.0,0.0,0.0,0.0,0.0,0.0,0.0,0.0,0.0,0.0
0.0,0.0,0.0,0.0,0.0,0.0,0.0,0.0,0.0,0.0,0.0,0.0,0.0,0.0,0.0,0.0,0.0,0.0,0.0,0.0,0.0,0.0,0.0,0.0,0.0,0.0,0.0,0.0,0.0,0.0,0.0,0.0,0.0,0.0,0.0,0.0,0.0
0.0,0.0,0.0,0.0,0.0,0.0,0.0,0.0,0.0,0.0,0.0,0.0,0.0,0.0,0.0,0.0,0.0,0.0,0.0,0.0,0.0,0.0,0.0,0.0,0.0,0.0,0.0,0.0,0.0,0.0,0.0,0.0,0.0,0.0,0.0,0.0,0.0
0.0,0.0,0.0,0.0,0.0,0.0,0.0,0.0,0.0,0.0,0.0,0.0,0.0,0.0,0.0,0.0,0.0,0.0,0.0,0.0,0.0,0.0,0.0,0.0,0.0,0.0,0.0,0.0,0.0,0.0,0.0,0.0,0.0,0.0,0.0,0.0,0.0
0.0,0.0,0.0,0.0,0.0,0.0,0.0,0.0,0.0,0.0,0.0,0.0,0.0,0.0,0.0,0.0,0.0,0.0,0.0,0.0,0.0,0.0,0.0,0.0,0.0,0.0,0.0,0.0,0.0,0.0,0.0,0.0,0.0,0.0,0.0,0.0,0.0
0.0,0.0,0.0,0.0,0.0,0.0,0.0,0.0,0.0,0.0,0.0,0.0,0.0,0.0,0.0,0.0,0.0,0.0,0.0,0.0,0.0,0.0,0.0,0.0,0.0,0.0,0.0,0.0,0.0,0.0,0.0,0.0,0.0,0.0,0.0,0.0,0.0
0.0,0.0,0.0,0.0,1.4255888760089088,0.3417398757301184,4.881037760153375,0.0,0.0,0.0,1.772926200320838,0.0,0.0,0.0,0.0,0.0,0.0,0.0,0.0,0.0,0.0,31.880400657653716,0.0,0.0,0.0,0.0,0.1485322091728395,0.0,0.0,0.0,0.0,1.0676553398370396,0.3718310873955225,0.0,0.0,0.0,0.0
0.0,0.0,0.0,0.0,1.6963009908793971,0.3183649289421585,7.000601033866397,0.0,0.0,0.0,1.81212522946282,0.0,0.0,4.310585898347173,0.0,0.0,1.5394303679465866,0.0,0.0,0.0,0.0,34.97586112022365,0.0,0.0,0.0,1.6394839850254288,0.0,0.0,0.0,0.4058294624089985,0.0,1.0981281250714907,0.0317956879734713,0.0,0.0,0.0,0.0
0.0,0.0,0.0,0.0,2.9031208977101346,0.1614236100576562,10.880706998705838,0.0,0.0,0.0,1.7305803993716422,0.0,0.0,2.02508138492699,0.0,0.0,2.987300205230671,0.0,0.0,0.0,0.0,23.502250003814297,0.0,0.0,0.0,0.0,0.0,0.0,0.0,0.5353683851658915,0.0,1.1825136095284918,0.0,0.0,0.0,0.0,0.0
0.0,0.0,0.0,0.0549881681799878,4.660410448908691,0.4242000612429967,17.88805688060806,0.0,0.0,0.0,3.1180185771546616,0.0,0.0,18.034044869709607,0.0,0.0197909390553823,0.0,0.0,0.0,0.0,0.0,0.0,0.0,0.0,0.0,0.0,0.0,0.0,29.862835118174505,0.3828411288559051,0.0,2.678936377167658,2.549114498309769,0.0,0.0,0.0,0.0
0.0,0.0,0.0,0.1122750453650904,9.251015521585774,1.0781409358605307,41.79459590949108,0.0,0.0,0.0,13.394778790278153,0.0,0.0,53.54500506073234,0.0,0.0833080001175396,0.0,0.0,0.0,0.0,0.0,29.06149921417222,0.0,0.0,0.0,0.0,0.0,0.0,208.69937041699868,0.5832165703177288,0.0,5.282009243965103,8.636579878628229,0.0,0.0,0.0,0.0
0.0,0.0,0.0,0.402176318690177,16.865652475506014,2.7571783503517078,117.54131465107204,0.0,0.0,0.0,57.17890768051127,0.0,0.0,157.76000712066883,0.0,0.2306631747633212,11.774843585491,0.0,0.0,0.0,0.0,114.40260391235329,0.0,0.0,0.0,6.268212408944878,0.0,0.0,1025.3927888333797,0.8018210075795495,0.0,23.95410299301143,24.73264864087104,0.0,0.0,0.0,0.0
0.0,0.0,0.0,1.184221085160967,23.889225777238558,11.450288292951877,314.6567041963337,0.0,0.0,0.0,187.7183602891861,0.0,0.0,407.9923006892204,0.0,0.3758827373385422,26.530062115192237,0.0,0.0,0.0,0.0,271.5813047409057,0.0,0.0,0.0,31.70340509116647,0.0,0.0,1821.6131891369816,0.943221664428701,0.0,83.78011929988861,75.65954774618149,0.0,0.0,0.0,0.0
0.0,0.0,0.0,1.5777295790612655,18.08304901421068,51.84756810590623,553.289624223113,0.0,0.0,0.0,569.1244455337524,0.0,0.0,729.0907091647385,0.0,0.3474209774285549,42.497446465492224,0.0,0.0,0.0,0.0,508.9094379425046,0.0,0.0,0.0,65.16361842751496,0.0,0.0,2261.2936304330824,0.7221189409494198,0.0,227.6096203327179,131.53525739908216,0.0,0.0,0.0,0.0
0.0,0.0,0.0,3.080073975026604,69.15976616740215,107.35516751557589,672.838231009245,0.0,0.0,0.0,747.0254711151123,0.0,0.0,872.7709612250328,0.0,0.6409463956952095,272.8680928826332,0.0,0.0,0.0,0.0,629.4839248657227,0.0,0.0,0.0,116.85492820739746,0.0,0.0,0.0,74.4796584933996,0.0,313.39722967147827,150.03299975395203,0.0,0.0,0.0,0.0
0.0,0.0,0.0,5.206110149621962,107.4674715399742,137.41150011122227,729.3645875364541,0.0,0.0,0.0,878.6764016687869,0.0,0.0,0.0,0.0,0.7131476439535617,464.8704337537288,0.0,0.0,0.0,0.0,643.303396606445,0.0,0.0,0.0,175.7063288092613,0.0,0.0,0.0,162.70791615843774,0.0,344.76329720020294,156.8669529557228,0.0,0.0,0.0,0.0
0.0,0.0,0.0,0.0,137.48653438687316,140.12866926193234,704.6252032607792,0.0,0.0,0.0,907.2994888842106,0.0,0.0,0.0,0.0,0.8462599888443935,546.9115190029145,0.0,0.0,0.0,0.0,480.6744201660154,0.0,0.0,0.0,0.0,0.6020601646974589,0.0,0.0,196.78407155275343,0.0,342.9443670511246,149.4096514582634,0.0,0.0,0.0,0.0
0.0,0.0,0.0,0.0,144.08066135644896,0.0,609.2240314126013,0.0,0.0,0.0,0.0,0.0,0.0,0.0,0.0,0.0,502.8745808839798,0.0,0.0,0.0,0.0,273.74902973175006,0.0,0.0,0.0,0.0,1.47027595378458,0.0,0.0,207.7841224193573,0.0,0.0,0.0,0.0,0.0,0.0,0.0
0.0,0.0,0.0,0.0,0.0,0.0,0.0,0.0,0.0,0.0,0.0,0.0,0.0,0.0,0.0,0.0,319.33530733585343,0.0,0.0,0.0,0.0,0.0,0.0,0.0,0.0,0.0,0.0,0.0,0.0,0.0,0.0,0.0,0.0,0.0,0.0,0.0,0.0
0.0,0.0,0.0,0.0,0.0,0.0,0.0,0.0,0.0,0.0,0.0,0.0,0.0,0.0,0.0,0.0,0.0,0.0,0.0,0.0,0.0,0.0,0.0,0.0,0.0,0.0,0.0,0.0,0.0,0.0,0.0,0.0,0.0,0.0,0.0,0.0,0.0
0.0,0.0,0.0,0.0,0.0,0.0,0.0,0.0,0.0,0.0,0.0,0.0,0.0,0.0,0.0,0.0,0.0,0.0,0.0,0.0,0.0,0.0,0.0,0.0,0.0,0.0,0.0,0.0,0.0,0.0,0.0,0.0,0.0,0.0,0.0,0.0,0.0
0.0,0.0,0.0,0.0,0.0,0.0,0.0,0.0,0.0,0.0,0.0,0.0,0.0,0.0,0.0,0.0,0.0,0.0,0.0,0.0,0.0,0.0,0.0,0.0,0.0,0.0,0.0,0.0,0.0,0.0,0.0,0.0,0.0,0.0,0.0,0.0,0.0
0.0,0.0,0.0,0.0,0.0,0.0,0.0,0.0,0.0,0.0,0.0,0.0,0.0,0.0,0.0,0.0,0.0,0.0,0.0,0.0,0.0,0.0,0.0,0.0,0.0,0.0,0.0,0.0,0.0,0.0,0.0,0.0,0.0,0.0,0.0,0.0,0.0
0.0,0.0,0.0,0.0,0.0,0.0,0.0,0.0,0.0,0.0,0.0,0.0,0.0,0.0,0.0,0.0,0.0,0.0,0.0,0.0,0.0,0.0,0.0,0.0,0.0,0.0,0.0,0.0,0.0,0.0,0.0,0.0,0.0,0.0,0.0,0.0,0.0
0.0,0.0,0.0,0.0,0.0,0.0,0.0,0.0,0.0,0.0,0.0,0.0,0.0,0.0,0.0,0.0,0.0,0.0,0.0,0.0,0.0,0.0,0.0,0.0,0.0,0.0,0.0,0.0,0.0,0.0,0.0,0.0,0.0,0.0,0.0,0.0,0.0
0.0,0.0,0.0,0.0,0.0,0.0,0.0,0.0,0.0,0.0,0.0,0.0,0.0,0.0,0.0,0.0,0.0,0.0,0.0,0.0,0.0,0.0,0.0,0.0,0.0,0.0,0.0,0.0,0.0,0.0,0.0,0.0,0.0,0.0,0.0,0.0,0.0
0.0,0.0,0.0,0.0,0.0,0.0,0.0,0.0,0.0,0.0,0.0,0.0,0.0,0.0,0.0,0.0,0.0,0.0,0.0,0.0,0.0,0.0,0.0,0.0,0.0,0.0,0.0,0.0,0.0,0.0,0.0,0.0,0.0,0.0,0.0,0.0,0.0
0.0,0.0,0.0,0.0,0.0,0.0,0.0,0.0,0.0,0.0,0.0,0.0,0.0,0.0,0.0,0.0,0.0,0.0,0.0,0.0,0.0,0.0,0.0,0.0,0.0,0.0,0.0,0.0,0.0,0.0,0.0,0.0,0.0,0.0,0.0,0.0,0.0
0.0,0.0,0.0,0.0,0.0,0.0,0.0,0.0,0.0,0.0,0.0,0.0,0.0,0.0,0.0,0.0,0.0,0.0,0.0,0.0,0.0,0.0,0.0,0.0,0.0,0.0,0.0,0.0,0.0,0.0,0.0,0.0,0.0,0.0,0.0,0.0,0.0
0.0,0.0,0.0,0.0,0.0,0.0,0.0,0.0,0.0,0.0,0.0,0.0,0.0,0.0,0.0,0.0,0.0,0.0,0.0,0.0,0.0,0.0,0.0,0.0,0.0,0.0,0.0,0.0,0.0,0.0,0.0,0.0,0.0,0.0,0.0,0.0,0.0
0.0,0.0,0.0,0.0,0.0,0.0,0.0,0.0,0.0,0.0,1.7904252182226144,0.0,0.0,0.0,0.0,0.0,0.0,0.0,0.0,0.0,0.0,0.0,0.0,0.0,0.0,0.0,0.0,0.0,0.2068378299474716,0.0,0.0,0.0,0.5404576575383406,0.0,0.0,0.0,0.0
0.0,0.0,0.0,0.0,2.4892685450612118,0.0,12.44400879777955,0.0,0.0,0.0,0.0,0.0,0.0,0.0,0.0,0.0076430775225154,8.552697360515554,0.0,0.0,0.0,0.0,30.102914714813128,0.0,0.0,0.0,6.820744116604323,0.0,0.0,0.0,0.0,0.0,0.0,0.1169127337634405,0.0,0.0,0.0,0.0
0.0,0.0,0.0,0.0344041846692536,4.1890536956488,0.0,17.075356180220716,0.0,0.0,0.0,1.7539067724717698,0.0,0.0,0.3794715879483782,0.0280778601765624,0.0,10.209060454368466,0.0,0.0,0.0,0.0,13.34547605514499,0.0,0.0,0.0,1.963049805164303,0.9658309448510346,0.0,0.0,0.0,0.0,1.241539493203163,0.0,0.0,0.0,0.0,0.0
0.0,0.0,0.0,0.0509279239922711,7.443649057298773,0.3528185659088082,42.19415207933625,0.0,0.0,0.0,5.044905620859852,0.0,0.0,27.557450747117343,0.0406460277736156,0.0,0.0,0.0,0.0,0.0,0.0,3.653751754760535,0.0,0.0,0.0,6.810716101899717,1.4836543938145017,0.0,31.037416377663607,0.3743299685418458,0.0,2.57882112264631,0.8046191912144328,0.0,0.0,0.0,0.0
0.0,0.0,0.0,0.1339996065944414,13.360438037663553,0.9919652598909772,100.48780864551652,0.0,0.0,0.0,18.482874648831693,0.0,0.0,108.01046337932344,0.2192945055663562,0.0559989782050243,0.0767907261848449,0.0,0.0,0.0,0.0,34.99290866851804,0.0,0.0,0.0,15.636569812893862,2.331105857715007,0.0,200.71357268542036,0.5456397682428324,0.0,5.521099954843462,2.472248177044067,0.0,0.0,0.0,0.0
0.0,0.0,0.0,0.5452240966260409,23.54619370028364,5.796474909875498,246.8649506658316,0.0,0.0,0.0,69.34465381912865,0.0,0.0,313.51904869079584,1.0819283500313754,0.1428837459534394,10.5656807541846,0.0,0.0,0.0,0.0,82.40298500061019,0.0,0.0,0.0,35.392355170845974,4.742839948087924,0.0,853.97170586586,0.6761657044291431,0.0,23.394052311778022,4.49064974673092,0.0,0.0,0.0,0.0
0.0,0.0,0.0,1.1294242739677416,31.134760547429288,31.83350054174658,469.6813361674547,0.0,0.0,0.0,232.41050448790196,0.0,0.0,631.8017201125621,2.6385316953062983,0.2106984611600635,21.57531363964064,0.0,0.0,0.0,0.0,157.28534030914267,0.0,0.0,0.0,70.50125605463981,9.447840575873848,0.0,1529.1279254317285,0.6920428551733334,0.0,80.05852836370468,7.891222588717909,0.0,0.0,0.0,0.0
0.0,0.0,0.0,1.428289242088789,26.584134630858863,138.30375674366948,701.6920213073493,0.0,0.0,0.0,626.0272340536117,0.0,0.0,957.3395816981792,4.56778974831104,0.191072979010641,30.86858493089673,0.0,0.0,0.0,0.0,192.76491680145264,0.0,0.0,0.0,112.938115119934,18.05270380079746,0.0,1917.1732876062392,0.6396696381270693,0.0,208.14552122354507,13.167924940586088,0.0,0.0,0.0,0.0
0.0,0.0,0.0,3.2647458240389784,61.22805294394493,182.68735320866108,803.5989239990711,0.0,0.0,0.0,813.2801009714603,0.0,0.0,1073.3213810622692,9.12553416788578,0.4260941259562962,227.49010554552072,0.0,0.0,0.0,0.0,77.66402969360345,0.0,0.0,0.0,173.54057708978644,31.084444844722743,0.0,2002.1790410637852,79.68776811510322,0.0,273.7434616088867,22.526556186377995,0.0,0.0,0.0,0.0
0.0,0.0,0.0,5.493963256478308,69.28279168903818,205.3144613802433,815.1884017050266,0.0,0.0,0.0,920.2278599381448,0.0,0.0,0.0,12.369026774168017,0.4721198640763747,390.9892058372496,0.0,0.0,0.0,0.0,58.73133320808401,0.0,0.0,0.0,201.6760630846024,38.97548617124558,0.0,2015.258166360855,173.42708116173742,0.0,301.3027722835541,27.452054262161248,0.0,0.0,0.0,0.0
0.0,0.0,0.0,7.098710894584654,71.43558460473996,206.59857480227947,729.1241902828217,0.0,0.0,0.0,920.8761839300392,0.0,0.0,0.0,13.303158661723137,0.5340789109468449,475.41815785765647,0.0,0.0,0.0,0.0,80.3929699897766,0.0,0.0,0.0,200.6847469568252,41.74610757231712,0.0,1957.491702377796,0.0,0.0,299.5623519420624,28.33441352844236,0.0,0.0,0.0,0.0
0.0,0.0,0.0,7.155555352568621,73.4495471566915,0.0,603.6416291117669,0.0,0.0,0.0,0.0,0.0,0.0,0.0,0.0,0.6267210729420174,469.33388705253583,0.0,0.0,0.0,0.0,109.49312219619736,0.0,0.0,0.0,195.9965199112892,42.01304166913032,0.0,0.0,0.0,0.0,274.371288895607,0.0,0.0,0.0,0.0,0.0
0.0,0.0,0.0,0.0,0.0,0.0,0.0,0.0,0.0,0.0,0.0,0.0,0.0,0.0,0.0,0.0,296.7984242677687,0.0,0.0,0.0,0.0,0.0,0.0,0.0,0.0,0.0,0.0,0.0,0.0,0.0,0.0,0.0,0.0,0.0,0.0,0.0,0.0
0.0,0.0,0.0,0.0,0.0,0.0,0.0,0.0,0.0,0.0,0.0,0.0,0.0,0.0,0.0,0.0,0.0,0.0,0.0,0.0,0.0,0.0,0.0,0.0,0.0,0.0,0.0,0.0,0.0,0.0,0.0,0.0,0.0,0.0,0.0,0.0,0.0
0.0,0.0,0.0,0.0,0.0,0.0,0.0,0.0,0.0,0.0,0.0,0.0,0.0,0.0,0.0,0.0,0.0,0.0,0.0,0.0,0.0,0.0,0.0,0.0,0.0,0.0,0.0,0.0,0.0,0.0,0.0,0.0,0.0,0.0,0.0,0.0,0.0
0.0,0.0,0.0,0.0,0.0,0.0,0.0,0.0,0.0,0.0,0.0,0.0,0.0,0.0,0.0,0.0,0.0,0.0,0.0,0.0,0.0,0.0,0.0,0.0,0.0,0.0,0.0,0.0,0.0,0.0,0.0,0.0,0.0,0.0,0.0,0.0,0.0
0.0,0.0,0.0,0.0,0.0,0.0,0.0,0.0,0.0,0.0,0.0,0.0,0.0,0.0,0.0,0.0,0.0,0.0,0.0,0.0,0.0,0.0,0.0,0.0,0.0,0.0,0.0,0.0,0.0,0.0,0.0,0.0,0.0,0.0,0.0,0.0,0.0
0.0,0.0,0.0,0.0,0.0,0.0,0.0,0.0,0.0,0.0,0.0,0.0,0.0,0.0,0.0,0.0,0.0,0.0,0.0,0.0,0.0,0.0,0.0,0.0,0.0,0.0,0.0,0.0,0.0,0.0,0.0,0.0,0.0,0.0,0.0,0.0,0.0
0.0,0.0,0.0,0.0,0.0,0.0,0.0,0.0,0.0,0.0,0.0,0.0,0.0,0.0,0.0,0.0,0.0,0.0,0.0,0.0,0.0,0.0,0.0,0.0,0.0,0.0,0.0,0.0,0.0,0.0,0.0,0.0,0.0,0.0,0.0,0.0,0.0
0.0,0.0,0.0,0.0,0.0,0.0,0.0,0.0,0.0,0.0,0.0,0.0,0.0,0.0,0.0,0.0,0.0,0.0,0.0,0.0,0.0,0.0,0.0,0.0,0.0,0.0,0.0,0.0,0.0,0.0,0.0,0.0,0.0,0.0,0.0,0.0,0.0
0.0,0.0,0.0,0.0,0.0,0.0,0.0,0.0,0.0,0.0,0.0,0.0,0.0,0.0,0.0,0.0,0.0,0.0,0.0,0.0,0.0,0.0,0.0,0.0,0.0,0.0,0.0,0.0,0.0,0.0,0.0,0.0,0.0,0.0,0.0,0.0,0.0
0.0,0.0,0.0,0.0,0.0,0.0,0.0,0.0,0.0,0.0,0.0,0.0,0.0,0.0,0.0,0.0,0.0,0.0,0.0,0.0,0.0,0.0,0.0,0.0,0.0,0.0,0.0,0.0,0.0,0.0,0.0,0.0,0.0,0.0,0.0,0.0,0.0
0.0,0.0,0.0,0.0,0.0,0.0,0.0,0.0,0.0,0.0,0.0,0.0,0.0,0.0,0.0,0.0,0.0,0.0,0.0,0.0,0.0,0.0,0.0,0.0,0.0,0.0,0.0,0.0,0.0,0.0,0.0,0.0,0.0,0.0,0.0,0.0,0.0
0.0,0.0,0.0,0.0,0.0,0.0,0.0,0.0,0.0,0.0,0.0,0.0,0.0,0.0,0.0,0.0,0.0,0.0,0.0,0.0,0.0,0.0,0.0,0.0,0.0,0.0,0.0,0.0,0.1496010467410087,0.0,0.0,0.0,0.0,0.0,0.0,0.0,0.0
0.0,0.0,0.0,0.0,0.929370041936456,0.1454330706037163,4.566805502399775,0.0,0.0,0.0,1.924722446128637,0.0,0.0,0.0,0.0,0.0,0.0,0.0,0.0,0.0,0.0,0.0,0.0,0.0,0.0,1.3524830074980514,0.3007901478558687,0.0,0.0,0.3744295485317577,0.0,1.194291874766347,0.0,0.0,0.0,0.0,0.0
0.0,0.0,0.0,0.0,0.0,0.0,6.400032890215486,0.0,0.0,0.0,0.0,0.0,0.0,2.4420497380196675,0.0,0.0,10.815603005885912,0.0,0.0,0.0,0.0,0.0,0.0,0.0,0.0,0.0,0.0258200060576111,0.0,0.0,0.3767081730067574,0.0,0.0,0.0,0.0,0.0,0.0,0.0
0.0,0.0,0.0,0.0,1.72180945426207,0.0,4.022608089446974,0.0,0.0,0.0,1.871711525646808,0.0,0.0,0.7073740987106397,0.0,0.0070369550958265,12.43433680534347,0.0,0.0,0.0,0.0,11.697155952453343,0.0,0.0,0.0,0.5936775650828836,0.0,0.0,0.0,0.4963623173534612,0.0,1.2464956939220424,0.0,0.0,0.0,0.0,0.0
0.0,0.0,0.0,0.038688063621517,3.0835069604217646,0.4260675786062776,7.322692781314133,0.0,0.0,0.0,2.368997887428746,0.0,0.0,35.79709672834718,0.1359387014061187,0.0,0.0,0.0,0.0,0.0,0.0,0.0,0.0,0.0,0.0,3.720372005552014,0.0,0.0,32.33407004922612,0.3026499487459566,0.0,2.8397549986838837,2.4504851037636373,0.0,0.0,0.0,0.0
0.0,0.0,0.0,0.0676792822778191,19.672549080103447,0.9291171254589712,18.74629955552513,0.0,0.0,0.0,4.938774649426322,0.0,0.0,130.4408296942711,0.0,0.0111689828336229,1.6052509903907708,0.0,0.0,0.0,0.0,45.11983985900861,0.0,0.0,0.0,10.706252200901476,0.0063558176159858,0.0,249.9842915967106,0.4798671849071622,0.0,7.574187040328977,7.809318948537109,0.0,0.0,0.0,0.0
0.0,0.0,0.0,1.067880079150196,99.49024352431292,5.300575654953684,75.19167557284221,0.0,0.0,0.0,22.781169985979748,0.0,0.0,386.2154860049486,0.0,0.0725357518531372,10.621266698837076,0.0,0.0,0.0,0.0,154.76956863403305,0.0,0.0,0.0,41.42652575373648,0.5137020813301116,0.0,1100.546275639534,0.6364186443388213,0.0,26.141608521342224,27.337650910019864,0.0,0.0,0.0,0.0
0.0,0.0,0.0,3.270698100328444,246.73879432678203,29.048560179769986,277.8592874318361,0.0,0.0,0.0,80.7583109006284,0.0,0.0,788.3669520914555,0.0,0.1021627020090806,20.917597699165263,0.0,0.0,0.0,0.0,350.5403709411617,0.0,0.0,0.0,128.96164693832398,1.2633841034024935,0.0,1828.7453439354897,0.6782012365758111,0.0,83.21998339891431,80.76240965723991,0.0,0.0,0.0,0.0
0.0,0.0,0.0,6.48881633579731,466.85618060827255,126.74619036912918,651.0325726747511,0.0,0.0,0.0,250.6775974713265,0.0,0.0,1090.9881474077702,0.0,0.0592287052422754,28.526191997528056,0.0,0.0,0.0,0.0,567.4071514129636,0.0,0.0,0.0,341.48592994213107,1.7287871472537517,0.0,2247.966472530365,0.628786130994527,0.0,216.32105463743207,134.1619021296501,0.0,0.0,0.0,0.0
0.0,0.0,0.0,11.255763471126553,808.0840303897857,174.01938468217847,886.9625082314014,0.0,0.0,0.0,353.5973020493984,0.0,0.0,1169.686479866505,0.0,0.5281710363924501,257.7765395522117,0.0,0.0,0.0,0.0,649.6993209838865,0.0,0.0,0.0,481.18508529663086,1.5043886300176357,0.0,2363.6007184386253,78.57334501743316,0.0,291.6306725740433,154.23499912023544,0.0,0.0,0.0,0.0
0.0,0.0,0.0,16.219768345355984,1041.0472455024717,199.27398790419105,980.454237741232,0.0,0.0,0.0,425.98405566215496,0.0,0.0,1181.3112452626228,16.169586887955667,0.7409978210926045,459.70875480175,0.0,0.0,0.0,0.0,635.3324264526367,0.0,0.0,0.0,539.7561809539795,1.6608734764158684,0.0,2390.734605836869,159.38440470695497,0.0,318.82237219810486,162.56152683496475,0.0,0.0,0.0,0.0
0.0,0.0,0.0,18.49141436815261,1138.2273650169373,203.2023761719465,947.8629342675208,0.0,0.0,0.0,445.569800722599,0.0,0.0,1167.0618030428886,17.180977740883822,0.9188427105545988,580.3238810062409,0.0,0.0,0.0,0.0,496.3793498992916,0.0,0.0,0.0,553.8181838035583,0.0,0.0,2343.509606134892,196.3113360524177,0.0,317.2098352909088,0.0,0.0,0.0,0.0,0.0
0.0,0.0,0.0,17.851662576198574,1163.912148952484,190.88935972750184,865.6645717978478,0.0,0.0,0.0,0.0,0.0,0.0,0.0,0.0,0.0,592.1909592628477,0.0,0.0,0.0,0.0,0.0,0.0,0.0,0.0,0.0,3.2022280231118203,0.0,0.0,211.4078733980656,0.0,299.4397431612015,0.0,0.0,0.0,0.0,0.0
0.0,0.0,0.0,0.0,0.0,0.0,0.0,0.0,0.0,0.0,0.0,0.0,0.0,0.0,0.0,0.0,413.2761053681372,0.0,0.0,0.0,0.0,0.0,0.0,0.0,0.0,0.0,0.0,0.0,0.0,0.0,0.0,0.0,0.0,0.0,0.0,0.0,0.0
0.0,0.0,0.0,0.0,0.0,0.0,0.0,0.0,0.0,0.0,0.0,0.0,0.0,0.0,0.0,0.0,0.0,0.0,0.0,0.0,0.0,0.0,0.0,0.0,0.0,0.0,0.0,0.0,0.0,0.0,0.0,0.0,0.0,0.0,0.0,0.0,0.0
0.0,0.0,0.0,0.0,0.0,0.0,0.0,0.0,0.0,0.0,0.0,0.0,0.0,0.0,0.0,0.0,0.0,0.0,0.0,0.0,0.0,0.0,0.0,0.0,0.0,0.0,0.0,0.0,0.0,0.0,0.0,0.0,0.0,0.0,0.0,0.0,0.0
0.0,0.0,0.0,0.0,0.0,0.0,0.0,0.0,0.0,0.0,0.0,0.0,0.0,0.0,0.0,0.0,0.0,0.0,0.0,0.0,0.0,0.0,0.0,0.0,0.0,0.0,0.0,0.0,0.0,0.0,0.0,0.0,0.0,0.0,0.0,0.0,0.0
0.0,0.0,0.0,0.0,0.0,0.0,0.0,0.0,0.0,0.0,0.0,0.0,0.0,0.0,0.0,0.0,0.0,0.0,0.0,0.0,0.0,0.0,0.0,0.0,0.0,0.0,0.0,0.0,0.0,0.0,0.0,0.0,0.0,0.0,0.0,0.0,0.0
0.0,0.0,0.0,0.0,0.0,0.0,0.0,0.0,0.0,0.0,0.0,0.0,0.0,0.0,0.0,0.0,0.0,0.0,0.0,0.0,0.0,0.0,0.0,0.0,0.0,0.0,0.0,0.0,0.0,0.0,0.0,0.0,0.0,0.0,0.0,0.0,0.0
0.0,0.0,0.0,0.0,0.0,0.0,0.0,0.0,0.0,0.0,0.0,0.0,0.0,0.0,0.0,0.0,0.0,0.0,0.0,0.0,0.0,0.0,0.0,0.0,0.0,0.0,0.0,0.0,0.0,0.0,0.0,0.0,0.0,0.0,0.0,0.0,0.0
0.0,0.0,0.0,0.0,0.0,0.0,0.0,0.0,0.0,0.0,0.0,0.0,0.0,0.0,0.0,0.0,0.0,0.0,0.0,0.0,0.0,0.0,0.0,0.0,0.0,0.0,0.0,0.0,0.0,0.0,0.0,0.0,0.0,0.0,0.0,0.0,0.0
0.0,0.0,0.0,0.0,0.0,0.0,0.0,0.0,0.0,0.0,0.0,0.0,0.0,0.0,0.0,0.0,0.0,0.0,0.0,0.0,0.0,0.0,0.0,0.0,0.0,0.0,0.0,0.0,0.0,0.0,0.0,0.0,0.0,0.0,0.0,0.0,0.0
0.0,0.0,0.0,0.0,0.0,0.0,0.0,0.0,0.0,0.0,0.0,0.0,0.0,0.0,0.0,0.0,0.0,0.0,0.0,0.0,0.0,0.0,0.0,0.0,0.0,0.0,0.0,0.0,0.0,0.0,0.0,0.0,0.0,0.0,0.0,0.0,0.0
0.0,0.0,0.0,0.0,0.0,0.0,0.0,0.0,0.0,0.0,0.0,0.0,0.0,0.0,0.0,0.0,0.0,0.0,0.0,0.0,0.0,0.0,0.0,0.0,0.0,0.0,0.0,0.0,0.0,0.0,0.0,0.0,0.0,0.0,0.0,0.0,0.0
0.0,0.0,0.0,0.0,0.0,0.0,0.0,0.0,0.0,0.0,0.0,0.0,0.0,0.0,0.0,0.0,0.0,0.0,0.0,0.0,0.0,0.0,0.0,0.0,0.0,0.0,0.0,0.0,0.0,0.0,0.0,0.0,0.0,0.0,0.0,0.0,0.0
0.0,0.0,0.0,0.0,0.0,0.0,0.0,0.0,0.0,0.0,0.0,0.0,0.0,6.783190136775326,0.0,0.0,0.0,0.0,0.0,0.0,0.0,0.0,0.0,0.0,0.0,0.0,0.0,0.0,0.0,0.3888862200081155,0.0,0.0,0.0,0.0,0.0,0.0,0.0
0.0,0.0,0.0,0.0,0.0,0.0,0.0,0.0,0.0,0.0,0.0,0.0,0.0,9.339154188055408,0.0,0.0,0.0,0.0,0.0,0.0,0.0,0.0,0.0,0.0,0.0,0.0,0.0,0.0,0.0,0.3946765035390589,0.0,0.0,0.0,0.0,0.0,0.0,0.0
0.0,0.0,0.0,0.0311698243021946,2.071983270346988,0.0,0.0,0.0,0.0,0.0,1.7779091187751532,0.0,0.0,10.770057376939768,0.0586733289062965,0.0071875201538205,15.145852279662948,0.0,0.0,0.0,0.0,26.140524673461496,0.0,0.0,0.0,0.0,0.4530939059331997,0.0,0.0,0.5017308503389252,0.0,1.1618949174880835,0.0,0.0,0.0,0.0,0.0
0.0,0.0,0.0,0.0,3.926403626799425,0.5207520811818149,7.952477600425429,0.0,0.0,0.0,12.41758535895485,0.0,0.0,56.394463311880806,0.0,0.0,0.0,0.0,0.0,0.0,0.0,9.40973739624017,0.0,0.0,0.0,0.0,0.9468411380425016,0.0,34.21917283087961,0.2853757493197654,0.0,2.6804254800080938,3.609750102274091,0.0,0.0,0.0,0.0
0.0,0.0,0.0,0.0715203955769523,9.084956292062984,1.408517689909753,14.82655614987003,0.0,0.0,0.0,34.06853026850141,0.0,0.0,173.85823134332887,0.3750076923519361,0.0291370265185831,0.0,0.0,0.0,0.0,0.0,33.53016791343659,0.0,0.0,0.0,1.84028474874786,1.6239393863826912,0.0,225.0770230591296,0.455683891475165,0.0,8.837888151407238,13.85873838141559,0.0,0.0,0.0,0.0
0.0,0.0,0.0,0.4974248073995084,18.17469739168866,12.74038059823214,40.54928045030678,0.0,0.0,0.0,117.45528986230488,0.0,0.0,424.1270799189805,1.1574661519378395,0.1007419349625702,9.257541847228996,0.0,0.0,0.0,0.0,80.96050014495835,0.0,0.0,0.0,10.390074697136862,2.6642984569072627,0.0,891.5835963845253,0.59496700912714,0.0,37.57843189686535,47.98384307324885,0.0,0.0,0.0,0.0
0.0,0.0,0.0,1.4432467296719498,25.67436298727972,65.03842666000126,103.08782076761118,0.0,0.0,0.0,388.5852342784403,0.0,0.0,777.284821420908,2.7127262234687786,0.1582483071833846,18.29243348836897,0.0,0.0,0.0,0.0,155.00070571899374,0.0,0.0,0.0,26.83523484170437,4.343072043359272,0.0,1559.6246260166167,0.659732077270716,0.0,119.9600436687469,98.4083812236786,0.0,0.0,0.0,0.0
0.0,0.0,0.0,2.412373207509513,20.84021751582617,191.28998565673828,260.8984520062804,0.0,0.0,0.0,907.6928501933812,0.0,0.0,1067.0076985657215,4.647190001606941,0.1457542767748236,25.50426548719397,0.0,0.0,0.0,0.0,187.21363754272423,0.0,0.0,0.0,34.96390999853605,7.260828390717504,0.0,1941.9694794774052,0.6084893859922503,0.0,265.9626480937004,144.8332728743553,0.0,0.0,0.0,0.0
0.0,0.0,0.0,4.794100195169447,95.19518111646158,227.0898984670639,394.4793814927339,0.0,0.0,0.0,1185.337650579214,0.0,0.0,1145.4217851161957,9.308557274937629,0.5288940295577043,224.7671296834945,0.0,0.0,0.0,0.0,108.60008869171142,0.0,0.0,0.0,26.52847844809287,11.82140299528837,0.0,2050.045249819756,72.2092932999134,0.0,328.0705261230469,161.11256033182144,0.0,0.0,0.0,0.0
0.0,0.0,0.0,8.029770612716673,165.9707066416739,247.19730946421623,561.5444570153952,0.0,0.0,0.0,1354.6788465619088,0.0,0.0,1164.688504487276,12.79571526646614,0.7347070202231396,399.0785848498344,0.0,0.0,0.0,0.0,112.4127471923826,0.0,0.0,0.0,25.21763864010564,17.660981452465055,0.0,2129.707856297493,149.29353086352344,0.0,346.46299147605896,167.95192742347717,0.0,0.0,0.0,0.0
0.0,0.0,0.0,10.794327288866045,0.0,251.6859113574028,0.0,0.0,0.0,0.0,1418.196424895525,0.0,0.0,1154.4471845030785,14.2257462143898,0.0,507.953279274702,0.0,0.0,0.0,0.0,128.16081142425506,0.0,0.0,0.0,0.0,20.33740037381649,0.0,0.0,185.0049068450928,0.0,348.2784410715103,0.0,0.0,0.0,0.0,0.0
0.0,0.0,0.0,0.0,0.0,0.0,0.0,0.0,0.0,0.0,0.0,0.0,0.0,0.0,0.0,0.0,531.9148969054222,0.0,0.0,0.0,0.0,0.0,0.0,0.0,0.0,0.0,0.0,0.0,0.0,199.6447117805481,0.0,0.0,0.0,0.0,0.0,0.0,0.0
0.0,0.0,0.0,0.0,0.0,0.0,0.0,0.0,0.0,0.0,0.0,0.0,0.0,0.0,0.0,0.0,0.0,0.0,0.0,0.0,0.0,0.0,0.0,0.0,0.0,0.0,0.0,0.0,0.0,0.0,0.0,0.0,0.0,0.0,0.0,0.0,0.0
0.0,0.0,0.0,0.0,0.0,0.0,0.0,0.0,0.0,0.0,0.0,0.0,0.0,0.0,0.0,0.0,0.0,0.0,0.0,0.0,0.0,0.0,0.0,0.0,0.0,0.0,0.0,0.0,0.0,0.0,0.0,0.0,0.0,0.0,0.0,0.0,0.0
0.0,0.0,0.0,0.0,0.0,0.0,0.0,0.0,0.0,0.0,0.0,0.0,0.0,0.0,0.0,0.0,0.0,0.0,0.0,0.0,0.0,0.0,0.0,0.0,0.0,0.0,0.0,0.0,0.0,0.0,0.0,0.0,0.0,0.0,0.0,0.0,0.0
0.0,0.0,0.0,0.0,0.0,0.0,0.0,0.0,0.0,0.0,0.0,0.0,0.0,0.0,0.0,0.0,0.0,0.0,0.0,0.0,0.0,0.0,0.0,0.0,0.0,0.0,0.0,0.0,0.0,0.0,0.0,0.0,0.0,0.0,0.0,0.0,0.0
0.0,0.0,0.0,0.0,0.0,0.0,0.0,0.0,0.0,0.0,0.0,0.0,0.0,0.0,0.0,0.0,0.0,0.0,0.0,0.0,0.0,0.0,0.0,0.0,0.0,0.0,0.0,0.0,0.0,0.0,0.0,0.0,0.0,0.0,0.0,0.0,0.0
0.0,0.0,0.0,0.0,0.0,0.0,0.0,0.0,0.0,0.0,0.0,0.0,0.0,0.0,0.0,0.0,0.0,0.0,0.0,0.0,0.0,0.0,0.0,0.0,0.0,0.0,0.0,0.0,0.0,0.0,0.0,0.0,0.0,0.0,0.0,0.0,0.0
0.0,0.0,0.0,0.0,0.0,0.0,0.0,0.0,0.0,0.0,0.0,0.0,0.0,0.0,0.0,0.0,0.0,0.0,0.0,0.0,0.0,0.0,0.0,0.0,0.0,0.0,0.0,0.0,0.0,0.0,0.0,0.0,0.0,0.0,0.0,0.0,0.0
0.0,0.0,0.0,0.0,0.0,0.0,0.0,0.0,0.0,0.0,0.0,0.0,0.0,0.0,0.0,0.0,0.0,0.0,0.0,0.0,0.0,0.0,0.0,0.0,0.0,0.0,0.0,0.0,0.0,0.0,0.0,0.0,0.0,0.0,0.0,0.0,0.0
0.0,0.0,0.0,0.0,0.0,0.0,0.0,0.0,0.0,0.0,0.0,0.0,0.0,0.0,0.0,0.0,0.0,0.0,0.0,0.0,0.0,0.0,0.0,0.0,0.0,0.0,0.0,0.0,0.0,0.0,0.0,0.0,0.0,0.0,0.0,0.0,0.0
0.0,0.0,0.0,0.0,0.0,0.0,0.0,0.0,0.0,0.0,0.0,0.0,0.0,0.0,0.0,0.0,0.0,0.0,0.0,0.0,0.0,0.0,0.0,0.0,0.0,0.0,0.0,0.0,0.0,0.0,0.0,0.0,0.0,0.0,0.0,0.0,0.0
0.0,0.0,0.0,0.0,0.0,0.0,0.0,0.0,0.0,0.0,0.0,0.0,0.0,0.0,0.0,0.0,0.0,0.0,0.0,0.0,0.0,0.0,0.0,0.0,0.0,0.0,0.0,0.0,0.0,0.0,0.0,0.0,0.0,0.0,0.0,0.0,0.0
0.0,0.0,0.0,0.0,0.0,0.0,0.0,0.0,0.0,0.0,0.0,0.0,0.0,0.0,0.0,0.0,0.0,0.0,0.0,0.0,0.0,0.0,0.0,0.0,0.0,0.0,0.0,0.0,0.163365364074707,0.0,0.0,0.0,0.0,0.0,0.0,0.0,0.0
0.0,0.0,0.0,0.0,0.7520483843980436,0.0,5.50149545595048,0.0,0.0,0.0,0.0,0.0,0.0,0.0,0.0,0.0,0.0,0.0,0.0,0.0,0.0,20.486365985870147,0.0,0.0,0.0,0.0,0.0,0.0,0.0,0.3408213019370907,0.0,0.9130218774080208,0.1266511864960102,0.0,0.0,0.0,0.0
0.0,0.0,0.0,0.0,0.0,0.0,2.826101364567872,0.0,0.0,0.0,0.0,0.0,0.0,0.0,0.0,0.0238520912826053,8.322141325473766,0.0,0.0,0.0,0.0,22.697929954528743,0.0,0.0,0.0,0.0,0.0,0.0,0.0,0.3473145030438852,0.0,0.0,0.0730187483131866,0.0,0.0,0.0,0.0
0.0,0.0,0.0,0.0297539327293582,1.506258603185369,0.0,0.0,0.0,0.0,0.0,1.788269096799081,0.0,0.0,2.269850275479228,0.0801610015332671,0.0,9.692056012153497,0.0,0.0,0.0,0.0,27.123408985137548,0.0,0.0,0.0,0.0,0.0,0.0,0.0,0.4398067407309747,0.0,0.9750349372624868,0.0,0.0,0.0,0.0,0.0
0.0,0.0,0.0,0.0460357330739445,2.570945288985801,0.5116107687354018,5.031059382110827,0.0,0.0,0.0,29.96114544477294,0.0,0.0,41.53340187855051,0.1594280127435898,0.0,0.0,0.0,0.0,0.0,0.0,0.3498121261596679,0.0,0.0,0.0,0.0,0.0,0.0,23.589271338283837,0.2263248153030523,0.0,2.5632617920637086,2.265485064126522,0.0,0.0,0.0,0.0
0.0,0.0,0.0,0.0680404584854796,7.3555025756357315,1.236637479625626,12.083186255767906,0.0,0.0,0.0,105.89811455793658,0.0,0.0,143.21255965158335,0.4330469772219649,0.0147095620632167,0.0945635199546814,0.0,0.0,0.0,0.0,43.86672835350035,0.0,0.0,0.0,0.0,4.858338843286031,0.0,140.34306087195858,0.4165138095617171,0.0,0.0,9.705053616315109,0.0,0.0,0.0,0.0
0.0,0.0,0.0,1.3224876523017852,45.83440473675722,7.159534291364228,47.92457854710507,0.0,0.0,0.0,385.6650300413368,0.0,0.0,405.2980191260576,0.0,0.0995919271372246,9.89717856645568,0.0,0.0,0.0,0.0,169.80159339904773,0.0,0.0,0.0,1.389560122974182,10.239628975093362,0.0,820.1751820087433,0.5597215503454135,0.0,0.0,34.299952596426,0.0,0.0,0.0,0.0
0.0,0.0,0.0,2.670585498213764,124.77106988430025,39.338533446192734,178.36125316619862,0.0,0.0,0.0,956.0644246071575,0.0,0.0,762.630770355463,4.349479848146438,0.1571898963302369,20.362351107597316,0.0,0.0,0.0,0.0,376.48924331665023,0.0,0.0,0.0,7.903836998343427,20.42379910647869,0.0,1551.1366957783698,0.6386591941118201,0.0,0.0,94.47252693772316,0.0,0.0,0.0,0.0
0.0,0.0,0.0,4.51245181262493,200.5405865609645,158.49155373871326,476.64252075552935,0.0,0.0,0.0,1579.5735631227494,0.0,0.0,1052.1338622272017,8.191300812363622,0.1414854861795895,29.62546993494033,0.0,0.0,0.0,0.0,618.350776672363,0.0,0.0,0.0,0.1867676205932203,36.2643447458744,0.0,1945.3585253715517,0.5467761516570984,0.0,323.95356941223145,147.27235251665115,0.0,0.0,0.0,0.0
0.0,0.0,0.0,7.702721312642095,411.7170987725258,204.34860518574712,646.3574059456586,0.0,0.0,0.0,1885.1418629586697,0.0,0.0,1121.6162358224392,13.96861174106598,0.7418255172669886,262.87187695503235,0.0,0.0,0.0,0.0,796.4451599121094,0.0,0.0,0.0,0.118670869059819,45.600789868831626,0.0,2026.3024503827096,47.86018746942279,0.0,383.1425367593765,168.22255206108093,0.0,0.0,0.0,0.0
0.0,0.0,0.0,11.544522434473036,582.3927768468856,226.784695148468,761.4864749133587,0.0,0.0,0.0,1354.6788465619088,0.0,0.0,1131.1932834982872,17.53835105895996,1.1517035588622082,466.0742647469043,0.0,0.0,0.0,0.0,862.8220405578613,0.0,0.0,0.0,1.697919577360121,50.54814015626907,0.0,2035.76224745512,102.185611641407,0.0,402.8995585441589,174.5718573331833,0.0,0.0,0.0,0.0
0.0,0.0,0.0,13.89687699079513,632.9380650520324,232.147735953331,769.5770234048366,0.0,0.0,0.0,1418.196424895525,0.0,0.0,1116.987725496292,18.68727180361748,0.0,572.4665901660918,0.0,0.0,0.0,0.0,771.6673187255858,0.0,0.0,0.0,6.061613351479116,49.60134209394455,0.0,1977.3944732666016,144.5356458067894,0.0,0.0,167.43371337652206,0.0,0.0,0.0,0.0
0.0,0.0,0.0,0.0,616.3844912052155,0.0,707.0972649306058,0.0,0.0,0.0,0.0,0.0,0.0,0.0,0.0,0.0,564.1974607944488,0.0,0.0,0.0,0.0,551.4876525878906,0.0,0.0,0.0,0.0,0.0,0.0,0.0,165.1369181334972,0.0,0.0,0.0,0.0,0.0,0.0,0.0
0.0,0.0,0.0,0.0,0.0,0.0,0.0,0.0,0.0,0.0,0.0,0.0,0.0,0.0,0.0,0.0,377.5168765902517,0.0,0.0,0.0,0.0,0.0,0.0,0.0,0.0,0.0,0.0,0.0,0.0,0.0,0.0,0.0,0.0,0.0,0.0,0.0,0.0
0.0,0.0,0.0,0.0,0.0,0.0,0.0,0.0,0.0,0.0,0.0,0.0,0.0,0.0,0.0,0.0,0.0,0.0,0.0,0.0,0.0,0.0,0.0,0.0,0.0,0.0,0.0,0.0,0.0,0.0,0.0,0.0,0.0,0.0,0.0,0.0,0.0
0.0,0.0,0.0,0.0,0.0,0.0,0.0,0.0,0.0,0.0,0.0,0.0,0.0,0.0,0.0,0.0,0.0,0.0,0.0,0.0,0.0,0.0,0.0,0.0,0.0,0.0,0.0,0.0,0.0,0.0,0.0,0.0,0.0,0.0,0.0,0.0,0.0
0.0,0.0,0.0,0.0,0.0,0.0,0.0,0.0,0.0,0.0,0.0,0.0,0.0,0.0,0.0,0.0,0.0,0.0,0.0,0.0,0.0,0.0,0.0,0.0,0.0,0.0,0.0,0.0,0.0,0.0,0.0,0.0,0.0,0.0,0.0,0.0,0.0
0.0,0.0,0.0,0.0,0.0,0.0,0.0,0.0,0.0,0.0,0.0,0.0,0.0,0.0,0.0,0.0,0.0,0.0,0.0,0.0,0.0,0.0,0.0,0.0,0.0,0.0,0.0,0.0,0.0,0.0,0.0,0.0,0.0,0.0,0.0,0.0,0.0
0.0,0.0,0.0,0.0,0.0,0.0,0.0,0.0,0.0,0.0,0.0,0.0,0.0,0.0,0.0,0.0,0.0,0.0,0.0,0.0,0.0,0.0,0.0,0.0,0.0,0.0,0.0,0.0,0.0,0.0,0.0,0.0,0.0,0.0,0.0,0.0,0.0
0.0,0.0,0.0,0.0,0.0,0.0,0.0,0.0,0.0,0.0,0.0,0.0,0.0,0.0,0.0,0.0,0.0,0.0,0.0,0.0,0.0,0.0,0.0,0.0,0.0,0.0,0.0,0.0,0.0,0.0,0.0,0.0,0.0,0.0,0.0,0.0,0.0
0.0,0.0,0.0,0.0,0.0,0.0,0.0,0.0,0.0,0.0,0.0,0.0,0.0,0.0,0.0,0.0,0.0,0.0,0.0,0.0,0.0,0.0,0.0,0.0,0.0,0.0,0.0,0.0,0.0,0.0,0.0,0.0,0.0,0.0,0.0,0.0,0.0
0.0,0.0,0.0,0.0,0.0,0.0,0.0,0.0,0.0,0.0,0.0,0.0,0.0,0.0,0.0,0.0,0.0,0.0,0.0,0.0,0.0,0.0,0.0,0.0,0.0,0.0,0.0,0.0,0.0,0.0,0.0,0.0,0.0,0.0,0.0,0.0,0.0
0.0,0.0,0.0,0.0,0.0,0.0,0.0,0.0,0.0,0.0,0.0,0.0,0.0,0.0,0.0,0.0,0.0,0.0,0.0,0.0,0.0,0.0,0.0,0.0,0.0,0.0,0.0,0.0,0.0,0.0,0.0,0.0,0.0,0.0,0.0,0.0,0.0
0.0,0.0,0.0,0.0,0.0,0.0,0.0,0.0,0.0,0.0,0.0,0.0,0.0,0.0,0.0,0.0,0.0,0.0,0.0,0.0,0.0,0.0,0.0,0.0,0.0,0.0,0.0,0.0,0.0,0.0,0.0,0.0,0.0,0.0,0.0,0.0,0.0
0.0,0.0,0.0,0.0,0.0,0.0,0.0,0.0,0.0,0.0,0.0,0.0,0.0,0.0,0.0,0.0,0.0,0.0,0.0,0.0,0.0,0.0,0.0,0.0,0.0,0.0,0.0,0.0,0.0,0.0,0.0,0.0,0.0,0.0,0.0,0.0,0.0
0.0,0.0,0.0,0.0,0.0,0.0,4.820768450572959,0.0,0.0,0.0,0.0,0.0,0.0,0.0,0.0,0.0,0.0,0.0,0.0,0.0,0.0,33.25018835067722,0.0,0.0,0.0,0.0,0.0,0.0,0.0,0.0,0.0,0.0,0.3013189919292925,0.0,0.0,0.0,0.0
0.0,0.0,0.0,0.0,1.1279001422224364,0.0,5.379194543138133,0.0,0.0,0.0,0.0,0.0,0.0,2.617330541834164,0.0,0.0,0.0,0.0,0.0,0.0,0.0,33.4229385375974,0.0,0.0,0.0,1.835532135143861,0.0,0.0,0.0,0.3384343110024775,0.0,0.0,0.1620783284306498,0.0,0.0,0.0,0.0
0.0,0.0,0.0,0.03937213309109,2.0042845495043147,0.0,4.304688404500385,0.0,0.0,0.0,0.0,0.0,0.0,7.108859173022126,0.0672212205827206,0.0,14.247529482841427,0.0,0.0,0.0,0.0,40.65324215888969,0.0,0.0,0.0,0.0,0.8869171440601346,0.0,0.0,0.4222601607441524,0.0,0.0,0.0,0.0,0.0,0.0,0.0
0.0,0.0,0.0,0.1386866979300918,3.4927577786147306,0.5594921507872576,7.469597806781524,0.0,0.0,0.0,0.0,0.0,0.0,31.703803716227263,0.094749375432727,0.0,0.0,0.0,0.0,0.0,0.0,0.0,0.0,0.0,0.0,0.0,2.2664070438593567,0.0,47.87609510943278,0.2768323719501337,0.0,0.0,1.7641353933140582,0.0,0.0,0.0,0.0
0.0,0.0,0.0,0.1082578767091034,7.726185243576593,1.2825831472873686,11.87267432920625,0.0,0.0,0.0,216.9877711243927,0.0,0.0,86.17074722424148,0.2392404142767174,0.0023619318380943,0.0,0.0,0.0,0.0,0.0,23.02473192214941,0.0,0.0,0.0,0.0,3.5040221735835058,0.0,324.4323227778075,0.4709049858152851,0.0,0.0,5.25898878090083,0.0,0.0,0.0,0.0
0.0,0.0,0.0,0.2261551450937962,18.807537458836823,7.514212057925722,38.96899603363115,0.0,0.0,0.0,677.5703136891126,0.0,0.0,220.8506944775581,0.9020772937685224,0.0461928294971585,9.885350465774426,0.0,0.0,0.0,0.0,78.00128002166721,0.0,0.0,0.0,5.044097705185361,5.495828740298741,0.0,1029.2803347110746,0.6451084628701068,0.0,0.0,15.34008453041314,0.0,0.0,0.0,0.0
0.0,0.0,0.0,0.7005188371986146,24.70886055380101,39.45600199326869,138.84241301342834,0.0,0.0,0.0,1296.8412400782108,0.0,0.0,498.7958487868309,2.03321093916893,0.1061888281255958,20.53781148195248,0.0,0.0,0.0,0.0,180.63897914886437,0.0,0.0,0.0,28.66006350219248,8.734361088275907,0.0,1660.2744980692864,0.7145742923021019,0.0,122.0532647669315,50.33622625470161,0.0,0.0,0.0,0.0
0.0,0.0,0.0,1.401927940547464,19.901616815477517,155.4241645783186,356.600041089952,0.0,0.0,0.0,1892.4460013449195,0.0,0.0,821.5659090876579,3.571460612118242,0.0919346720911554,30.24390187263481,0.0,0.0,0.0,0.0,251.89970016479447,0.0,0.0,0.0,65.35290871858594,13.695353665947914,0.0,2037.1268194913864,0.6270961999892973,0.0,275.1424109339714,102.05690640211104,0.0,0.0,0.0,0.0
0.0,0.0,0.0,3.62330562621355,69.97280508279798,197.8383905887604,485.2523508876562,0.0,0.0,0.0,2156.033068048954,0.0,0.0,943.9074602723122,8.10722780227661,0.4673503078520289,255.22173109054552,0.0,0.0,0.0,0.0,239.5986612319944,0.0,0.0,0.0,99.99007779359812,20.226283678412432,0.0,2168.221083796024,61.80473663061854,0.0,339.25810194015503,125.5329213440418,0.0,0.0,0.0,0.0
0.0,0.0,0.0,6.731730923056598,121.88164520263652,222.13058406114575,575.0993171334266,0.0,0.0,0.0,2275.3,0.0,0.0,977.3447759449482,12.06456429362297,0.6873583048582068,460.3353989958762,0.0,0.0,0.0,0.0,172.12056922912592,0.0,0.0,0.0,149.60124009847632,28.545345824956893,0.0,2221.311371314526,132.2316125452518,0.0,360.156027674675,136.2393950521946,0.0,0.0,0.0,0.0
0.0,0.0,0.0,0.0,166.6559352278708,0.0,547.0377996623515,0.0,0.0,0.0,0.0,0.0,0.0,972.8255209326744,0.0,0.8710560053586951,591.8800579428673,0.0,0.0,0.0,0.0,175.05293426513663,0.0,0.0,0.0,192.473993742466,30.10195118784905,0.0,0.0,170.51069957017896,0.0,359.44872176647186,132.42080387473106,0.0,0.0,0.0,0.0
0.0,0.0,0.0,0.0,189.4780011177063,0.0,462.5347877532244,0.0,0.0,0.0,0.0,0.0,0.0,0.0,0.0,0.0,608.7843749523163,0.0,0.0,0.0,0.0,173.99553642272934,0.0,0.0,0.0,193.41217480897905,0.0,0.0,0.0,0.0,0.0,0.0,0.0,0.0,0.0,0.0,0.0
0.0,0.0,0.0,0.0,0.0,0.0,0.0,0.0,0.0,0.0,0.0,0.0,0.0,0.0,0.0,0.0,0.0,0.0,0.0,0.0,0.0,0.0,0.0,0.0,0.0,0.0,0.0,0.0,0.0,0.0,0.0,0.0,0.0,0.0,0.0,0.0,0.0
0.0,0.0,0.0,0.0,0.0,0.0,0.0,0.0,0.0,0.0,0.0,0.0,0.0,0.0,0.0,0.0,0.0,0.0,0.0,0.0,0.0,0.0,0.0,0.0,0.0,0.0,0.0,0.0,0.0,0.0,0.0,0.0,0.0,0.0,0.0,0.0,0.0
0.0,0.0,0.0,0.0,0.0,0.0,0.0,0.0,0.0,0.0,0.0,0.0,0.0,0.0,0.0,0.0,0.0,0.0,0.0,0.0,0.0,0.0,0.0,0.0,0.0,0.0,0.0,0.0,0.0,0.0,0.0,0.0,0.0,0.0,0.0,0.0,0.0
0.0,0.0,0.0,0.0,0.0,0.0,0.0,0.0,0.0,0.0,0.0,0.0,0.0,0.0,0.0,0.0,0.0,0.0,0.0,0.0,0.0,0.0,0.0,0.0,0.0,0.0,0.0,0.0,0.0,0.0,0.0,0.0,0.0,0.0,0.0,0.0,0.0
0.0,0.0,0.0,0.0,0.0,0.0,0.0,0.0,0.0,0.0,0.0,0.0,0.0,0.0,0.0,0.0,0.0,0.0,0.0,0.0,0.0,0.0,0.0,0.0,0.0,0.0,0.0,0.0,0.0,0.0,0.0,0.0,0.0,0.0,0.0,0.0,0.0
0.0,0.0,0.0,0.0,0.0,0.0,0.0,0.0,0.0,0.0,0.0,0.0,0.0,0.0,0.0,0.0,0.0,0.0,0.0,0.0,0.0,0.0,0.0,0.0,0.0,0.0,0.0,0.0,0.0,0.0,0.0,0.0,0.0,0.0,0.0,0.0,0.0
0.0,0.0,0.0,0.0,0.0,0.0,0.0,0.0,0.0,0.0,0.0,0.0,0.0,0.0,0.0,0.0,0.0,0.0,0.0,0.0,0.0,0.0,0.0,0.0,0.0,0.0,0.0,0.0,0.0,0.0,0.0,0.0,0.0,0.0,0.0,0.0,0.0
0.0,0.0,0.0,0.0,0.0,0.0,0.0,0.0,0.0,0.0,0.0,0.0,0.0,0.0,0.0,0.0,0.0,0.0,0.0,0.0,0.0,0.0,0.0,0.0,0.0,0.0,0.0,0.0,0.0,0.0,0.0,0.0,0.0,0.0,0.0,0.0,0.0
0.0,0.0,0.0,0.0,0.0,0.0,0.0,0.0,0.0,0.0,0.0,0.0,0.0,0.0,0.0,0.0,0.0,0.0,0.0,0.0,0.0,0.0,0.0,0.0,0.0,0.0,0.0,0.0,0.0,0.0,0.0,0.0,0.0,0.0,0.0,0.0,0.0
0.0,0.0,0.0,0.0,0.0,0.0,0.0,0.0,0.0,0.0,0.0,0.0,0.0,0.0,0.0,0.0,0.0,0.0,0.0,0.0,0.0,0.0,0.0,0.0,0.0,0.0,0.0,0.0,0.0,0.0,0.0,0.0,0.0,0.0,0.0,0.0,0.0
0.0,0.0,0.0,0.0,0.0,0.0,0.0,0.0,0.0,0.0,0.0,0.0,0.0,0.0,0.0,0.0,0.0,0.0,0.0,0.0,0.0,0.0,0.0,0.0,0.0,0.0,0.0,0.0,0.0,0.0,0.0,0.0,0.0,0.0,0.0,0.0,0.0
0.0,0.0,0.0,0.0,0.0,0.0,0.0,0.0,0.0,0.0,0.0,0.0,0.0,0.0,0.0,0.0,0.0,0.0,0.0,0.0,0.0,0.0,0.0,0.0,0.0,0.0,0.0,0.0,0.0,0.0,0.0,0.0,0.0,0.0,0.0,0.0,0.0
0.0,0.0,0.0,0.0,0.0,0.0,0.0,0.0,0.0,0.0,0.0,0.0,0.0,0.0,0.0,0.0,0.0,0.0,0.0,0.0,0.0,0.0,0.0,0.0,0.0,0.0,0.0,0.0,0.0968803733587265,0.0,0.0,0.0,0.0,0.0,0.0,0.0,0.0
0.0,0.0,0.0,0.0367687195539446,1.0339480414986513,0.0,0.0,0.0,0.0,0.0,0.0,0.0,0.0,5.465016239322601,0.0,0.0,10.93890942335124,0.0,0.0,0.0,0.0,0.0,0.0,0.0,0.0,0.0,0.0,0.0,0.0,0.5038601048290372,0.0,0.0,0.0,0.0,0.0,0.0,0.0
0.0,0.0,0.0,0.0352844614535535,1.9792273715137156,0.0,1.9611721735446528,0.0,0.0,0.0,1.9031559342982056,0.0,0.0,5.7015966717152535,0.016674482077358,0.0,13.234664094447904,0.0,0.0,0.0,0.0,10.282688999175711,0.0,0.0,0.0,0.7172917831688719,0.0734838824719101,0.0,0.0,0.5892909497022385,0.0,1.2838757634162516,0.0,0.0,0.0,0.0,0.0
0.0,0.0,0.0,0.0889084748923727,3.438152246177,0.5216332366689603,9.517196034267515,0.0,0.0,0.0,4.376052386360227,0.0,0.0,42.06743559334427,0.0,0.0,0.0,0.0,0.0,0.0,0.0,0.0,0.0,0.0,0.0,1.391770929470593,0.5581219263374801,0.0,60.56016879081726,0.3236759707331501,0.0,2.795620143413516,2.5019945548847247,0.0,0.0,0.0,0.0
0.0,0.0,0.0,0.1104181781411113,9.995084628462696,0.9723898023366772,16.726087711378803,0.0,0.0,0.0,15.420600551506428,0.0,0.0,141.8309237807989,0.0363268397748438,0.021349849179386,3.857125246524647,0.0,0.0,0.0,0.0,7.583854579925529,0.0,0.0,0.0,10.739365720748856,2.1061734210699745,0.0,402.9845749318599,0.5144302278756746,0.0,6.510859966278028,9.55744216218589,0.0,0.0,0.0,0.0
0.0,0.0,0.0,0.4269222300499634,50.114241681992816,1.8820296074263665,50.07815238833423,0.0,0.0,0.0,55.07273622676712,0.0,0.0,383.8691826164722,0.2016146276146161,0.1205810243263833,11.159046924114175,0.0,0.0,0.0,0.0,92.4510824203491,0.0,0.0,0.0,38.12394213080404,6.034007066488264,0.0,976.2531156480312,0.6787547841667747,0.0,21.161084294319128,28.416150167584394,0.0,0.0,0.0,0.0
0.0,0.0,0.0,1.369351983070369,135.39498227834693,8.978712437674394,168.46076676249493,0.0,0.0,0.0,173.2221043549477,0.0,0.0,729.825815334916,0.3366381559520935,0.192734291777014,21.32183682918533,0.0,0.0,0.0,0.0,224.88329563140843,0.0,0.0,0.0,129.65268536806107,14.0975561261177,0.0,1664.5655092716215,0.833302928507299,0.0,65.14989535510536,75.25742670893668,0.0,0.0,0.0,0.0
0.0,0.0,0.0,2.503883883357044,248.3967340886591,37.29615225270391,528.8589529961348,0.0,0.0,0.0,515.4935537919401,0.0,0.0,1021.0984335839748,0.9747450951486826,0.1916695851832618,29.367641854286056,0.0,0.0,0.0,0.0,339.7076194763184,0.0,0.0,0.0,368.9608749866485,27.581553065776824,0.0,2051.657069051266,0.67299378886817,0.0,172.72668987512589,129.7816111445427,0.0,0.0,0.0,0.0
0.0,0.0,0.0,4.748904839158058,525.5742669701575,80.21064171195029,862.1802395880222,0.0,0.0,0.0,656.4053596079349,0.0,0.0,1103.5070765018463,3.793029778450725,0.4793344922363751,283.7978707671164,0.0,0.0,0.0,0.0,448.67045555114737,0.0,0.0,0.0,513.866701078415,39.56445323824882,0.0,2134.889679980278,55.16380567997694,0.0,261.6623702645302,152.1729707121849,0.0,0.0,0.0,0.0
0.0,0.0,0.0,7.601641401648517,742.0143355131148,131.65363511443138,0.0,0.0,0.0,0.0,777.1223240077495,0.0,0.0,1123.0249010026455,6.247853457927704,0.6463873200118542,526.230789744854,0.0,0.0,0.0,0.0,474.1490753173828,0.0,0.0,0.0,567.9902252197265,45.99764984250068,0.0,2134.0758377194406,126.19563589096067,0.0,309.1266621351242,0.0,0.0,0.0,0.0,0.0
0.0,0.0,0.0,9.78779277205467,829.1850475072861,0.0,0.0,0.0,0.0,0.0,0.0,0.0,0.0,1113.085854053497,7.383009079098701,0.0,658.6619433879852,0.0,0.0,0.0,0.0,0.0,0.0,0.0,0.0,563.3801799297332,45.13664470911026,0.0,2067.145205140114,171.36043319702145,0.0,0.0,0.0,0.0,0.0,0.0,0.0
0.0,0.0,0.0,0.0,0.0,0.0,0.0,0.0,0.0,0.0,0.0,0.0,0.0,0.0,0.0,0.0,668.6997721672058,0.0,0.0,0.0,0.0,0.0,0.0,0.0,0.0,525.4566584587097,40.909492623806,0.0,0.0,195.21396456360813,0.0,0.0,0.0,0.0,0.0,0.0,0.0
0.0,0.0,0.0,0.0,0.0,0.0,0.0,0.0,0.0,0.0,0.0,0.0,0.0,0.0,0.0,0.0,487.4093086004256,0.0,0.0,0.0,0.0,0.0,0.0,0.0,0.0,0.0,0.0,0.0,0.0,0.0,0.0,0.0,0.0,0.0,0.0,0.0,0.0
0.0,0.0,0.0,0.0,0.0,0.0,0.0,0.0,0.0,0.0,0.0,0.0,0.0,0.0,0.0,0.0,0.0,0.0,0.0,0.0,0.0,0.0,0.0,0.0,0.0,0.0,0.0,0.0,0.0,0.0,0.0,0.0,0.0,0.0,0.0,0.0,0.0
0.0,0.0,0.0,0.0,0.0,0.0,0.0,0.0,0.0,0.0,0.0,0.0,0.0,0.0,0.0,0.0,0.0,0.0,0.0,0.0,0.0,0.0,0.0,0.0,0.0,0.0,0.0,0.0,0.0,0.0,0.0,0.0,0.0,0.0,0.0,0.0,0.0
0.0,0.0,0.0,0.0,0.0,0.0,0.0,0.0,0.0,0.0,0.0,0.0,0.0,0.0,0.0,0.0,0.0,0.0,0.0,0.0,0.0,0.0,0.0,0.0,0.0,0.0,0.0,0.0,0.0,0.0,0.0,0.0,0.0,0.0,0.0,0.0,0.0
0.0,0.0,0.0,0.0,0.0,0.0,0.0,0.0,0.0,0.0,0.0,0.0,0.0,0.0,0.0,0.0,0.0,0.0,0.0,0.0,0.0,0.0,0.0,0.0,0.0,0.0,0.0,0.0,0.0,0.0,0.0,0.0,0.0,0.0,0.0,0.0,0.0
0.0,0.0,0.0,0.0,0.0,0.0,0.0,0.0,0.0,0.0,0.0,0.0,0.0,0.0,0.0,0.0,0.0,0.0,0.0,0.0,0.0,0.0,0.0,0.0,0.0,0.0,0.0,0.0,0.0,0.0,0.0,0.0,0.0,0.0,0.0,0.0,0.0
0.0,0.0,0.0,0.0,0.0,0.0,0.0,0.0,0.0,0.0,0.0,0.0,0.0,0.0,0.0,0.0,0.0,0.0,0.0,0.0,0.0,0.0,0.0,0.0,0.0,0.0,0.0,0.0,0.0,0.0,0.0,0.0,0.0,0.0,0.0,0.0,0.0
0.0,0.0,0.0,0.0,0.0,0.0,0.0,0.0,0.0,0.0,0.0,0.0,0.0,0.0,0.0,0.0,0.0,0.0,0.0,0.0,0.0,0.0,0.0,0.0,0.0,0.0,0.0,0.0,0.0,0.0,0.0,0.0,0.0,0.0,0.0,0.0,0.0
0.0,0.0,0.0,0.0,0.0,0.0,0.0,0.0,0.0,0.0,0.0,0.0,0.0,0.0,0.0,0.0,0.0,0.0,0.0,0.0,0.0,0.0,0.0,0.0,0.0,0.0,0.0,0.0,0.0,0.0,0.0,0.0,0.0,0.0,0.0,0.0,0.0
0.0,0.0,0.0,0.0,0.0,0.0,0.0,0.0,0.0,0.0,0.0,0.0,0.0,0.0,0.0,0.0,0.0,0.0,0.0,0.0,0.0,0.0,0.0,0.0,0.0,0.0,0.0,0.0,0.0,0.0,0.0,0.0,0.0,0.0,0.0,0.0,0.0
0.0,0.0,0.0,0.0,0.0,0.0,0.0,0.0,0.0,0.0,0.0,0.0,0.0,0.0,0.0,0.0,0.0,0.0,0.0,0.0,0.0,0.0,0.0,0.0,0.0,0.0,0.0,0.0,0.0,0.0,0.0,0.0,0.0,0.0,0.0,0.0,0.0
0.0,0.0,0.0,0.0,0.0,0.0,0.0,0.0,0.0,0.0,0.0,0.0,0.0,0.0,0.0,0.0,0.0,0.0,0.0,0.0,0.0,0.0,0.0,0.0,0.0,0.0,0.0,0.0,0.0,0.0,0.0,0.0,0.0,0.0,0.0,0.0,0.0
0.0,0.0,0.0,0.0,0.0,0.0,0.0,0.0,0.0,0.0,1.7772289074957293,0.0,0.0,0.0,0.0,0.0,0.0,0.0,0.0,0.0,0.0,0.0,0.0,0.0,0.0,0.0,0.0,0.0,0.4394960269330718,0.0,0.0,0.0,0.0,0.0,0.0,0.0,0.0
0.0,0.0,0.0,0.0368691906332922,0.8688524737953752,0.1118348073213905,0.0,0.0,0.0,0.0,0.0,0.0,0.0,0.0,0.0766192987561212,0.0,0.0,0.0,0.0,0.0,0.0,0.0,0.0,0.0,0.0,2.016544677130842,0.0392353028058969,0.0,0.0,0.0,0.0,0.0,0.0,0.0,0.0,0.0,0.0
0.0,0.0,0.0,0.0371113605797282,1.9178683236240643,0.0111248479224741,5.512471542134831,0.0,0.0,0.0,1.8006887800058589,0.0,0.0,0.0,0.031475729495285,0.0038607055321328,15.386826848983588,0.0,0.0,0.0,0.0,24.70953216552712,0.0,0.0,0.0,0.0,0.0,0.0,0.0,0.5296864680945618,0.0,1.0915706902742053,0.0,0.0,0.0,0.0,0.0
0.0,0.0,0.0,0.0663380511105008,3.221066236495969,0.4755058488808453,14.222605082392668,0.0,0.0,0.0,16.234791203215654,0.0,0.0,0.0,0.0224552795290925,0.0,0.0,0.0,0.0,0.0,0.0,0.0,0.0,0.0,0.0,0.0,0.0,0.0,34.81826425194721,0.2781884171068606,0.0,2.694356665015162,2.413711038418106,0.0,0.0,0.0,0.0
0.0,0.0,0.0,0.0840592440217672,6.946316789835585,1.3565295161679063,26.902316406182837,0.0,0.0,0.0,61.59052494540798,0.0,0.0,0.0,0.0890948899090259,0.0057219322770831,0.0,0.0,0.0,0.0,0.0,12.042036724090302,0.0,0.0,0.0,0.0,0.0,0.0,231.4228053256867,0.4551069132983304,0.0,8.614621400833112,6.96344340592621,0.0,0.0,0.0,0.0
0.0,0.0,0.0,0.2085147332400076,13.604896772652715,6.127241717651457,65.15290294960134,0.0,0.0,0.0,206.5520501971243,0.0,0.0,550.2983485162258,0.2599137280136323,0.0796837722882617,8.129766154289177,0.0,0.0,0.0,0.0,67.90648326873772,0.0,0.0,0.0,2.4200150752439504,0.0,0.0,999.8277587175368,0.6254326283931724,0.0,33.573007643222795,18.45127895474433,0.0,0.0,0.0,0.0
0.0,0.0,0.0,0.2987085450440624,16.81464540213335,29.379621814936364,156.18707712963212,0.0,0.0,0.0,598.6790280610323,0.0,0.0,925.1564259827136,0.3493067454546672,0.1467165444046249,15.815886604785833,0.0,0.0,0.0,0.0,150.98215255737304,0.0,0.0,0.0,13.843762832879978,0.4082647044211603,0.0,1777.3146286010742,0.680769814550845,0.0,92.54445832967755,49.884873747825615,0.0,0.0,0.0,0.0
0.0,0.0,0.0,0.222518669441342,12.796149995177936,125.7838205397129,350.20555574148887,0.0,0.0,0.0,1158.650787949562,0.0,0.0,1197.0352700352669,0.2610902857035388,0.1441870126873254,20.971651506423772,0.0,0.0,0.0,0.0,201.9518180847168,0.0,0.0,0.0,22.203236682712976,0.5468284059315882,0.0,2181.195592427254,0.6163884222507472,0.0,212.42527455091476,95.32835814356804,0.0,0.0,0.0,0.0
0.0,0.0,0.0,1.59824554249644,62.55603805184347,167.50000174343586,475.2326858341693,0.0,0.0,0.0,1410.02961755991,0.0,0.0,1257.8634391725063,2.0221857123076883,0.4697925224900244,238.3083438277243,0.0,0.0,0.0,0.0,134.88268051147452,0.0,0.0,0.0,33.377808904647814,0.63790803328156,0.0,2290.555037534237,55.05610113441944,0.0,274.931586265564,118.5285266637802,0.0,0.0,0.0,0.0
0.0,0.0,0.0,3.412974387407299,114.5554663240908,189.0335622727871,586.4041985809803,0.0,0.0,0.0,1524.2387951016426,0.0,0.0,0.0,3.60181051790714,0.6903183683753007,431.8586643934249,0.0,0.0,0.0,0.0,107.13349876403772,0.0,0.0,0.0,36.7327368885278,1.2046992450952525,0.0,2320.663902461529,133.55968158245085,0.0,306.68381583690643,127.24700254201888,0.0,0.0,0.0,0.0
0.0,0.0,0.0,5.1443650126457205,163.34907352924347,191.1964259892702,0.0,0.0,0.0,0.0,1532.3079571545125,0.0,0.0,0.0,4.324435827881097,0.9474138468503944,557.0812341690064,0.0,0.0,0.0,0.0,118.80413064956625,0.0,0.0,0.0,37.83666556477542,1.9436106000095563,0.0,2283.465609061718,0.0,0.0,311.49394094944,0.0,0.0,0.0,0.0,0.0
0.0,0.0,0.0,6.053727135062218,0.0,177.80551062524316,0.0,0.0,0.0,0.0,1434.4724017262458,0.0,0.0,0.0,0.0,0.0,0.0,0.0,0.0,0.0,0.0,0.0,0.0,0.0,0.0,38.57245763242245,2.494063585251566,0.0,0.0,0.0,0.0,0.0,0.0,0.0,0.0,0.0,0.0
0.0,0.0,0.0,0.0,0.0,0.0,0.0,0.0,0.0,0.0,0.0,0.0,0.0,0.0,0.0,0.0,0.0,0.0,0.0,0.0,0.0,0.0,0.0,0.0,0.0,0.0,0.0,0.0,0.0,0.0,0.0,0.0,0.0,0.0,0.0,0.0,0.0
0.0,0.0,0.0,0.0,0.0,0.0,0.0,0.0,0.0,0.0,0.0,0.0,0.0,0.0,0.0,0.0,0.0,0.0,0.0,0.0,0.0,0.0,0.0,0.0,0.0,0.0,0.0,0.0,0.0,0.0,0.0,0.0,0.0,0.0,0.0,0.0,0.0
0.0,0.0,0.0,0.0,0.0,0.0,0.0,0.0,0.0,0.0,0.0,0.0,0.0,0.0,0.0,0.0,0.0,0.0,0.0,0.0,0.0,0.0,0.0,0.0,0.0,0.0,0.0,0.0,0.0,0.0,0.0,0.0,0.0,0.0,0.0,0.0,0.0
0.0,0.0,0.0,0.0,0.0,0.0,0.0,0.0,0.0,0.0,0.0,0.0,0.0,0.0,0.0,0.0,0.0,0.0,0.0,0.0,0.0,0.0,0.0,0.0,0.0,0.0,0.0,0.0,0.0,0.0,0.0,0.0,0.0,0.0,0.0,0.0,0.0
0.0,0.0,0.0,0.0,0.0,0.0,0.0,0.0,0.0,0.0,0.0,0.0,0.0,0.0,0.0,0.0,0.0,0.0,0.0,0.0,0.0,0.0,0.0,0.0,0.0,0.0,0.0,0.0,0.0,0.0,0.0,0.0,0.0,0.0,0.0,0.0,0.0
0.0,0.0,0.0,0.0,0.0,0.0,0.0,0.0,0.0,0.0,0.0,0.0,0.0,0.0,0.0,0.0,0.0,0.0,0.0,0.0,0.0,0.0,0.0,0.0,0.0,0.0,0.0,0.0,0.0,0.0,0.0,0.0,0.0,0.0,0.0,0.0,0.0
0.0,0.0,0.0,0.0,0.0,0.0,0.0,0.0,0.0,0.0,0.0,0.0,0.0,0.0,0.0,0.0,0.0,0.0,0.0,0.0,0.0,0.0,0.0,0.0,0.0,0.0,0.0,0.0,0.0,0.0,0.0,0.0,0.0,0.0,0.0,0.0,0.0
0.0,0.0,0.0,0.0,0.0,0.0,0.0,0.0,0.0,0.0,0.0,0.0,0.0,0.0,0.0,0.0,0.0,0.0,0.0,0.0,0.0,0.0,0.0,0.0,0.0,0.0,0.0,0.0,0.0,0.0,0.0,0.0,0.0,0.0,0.0,0.0,0.0
0.0,0.0,0.0,0.0,0.0,0.0,0.0,0.0,0.0,0.0,0.0,0.0,0.0,0.0,0.0,0.0,0.0,0.0,0.0,0.0,0.0,0.0,0.0,0.0,0.0,0.0,0.0,0.0,0.0,0.0,0.0,0.0,0.0,0.0,0.0,0.0,0.0
0.0,0.0,0.0,0.0,0.0,0.0,0.0,0.0,0.0,0.0,0.0,0.0,0.0,0.0,0.0,0.0,0.0,0.0,0.0,0.0,0.0,0.0,0.0,0.0,0.0,0.0,0.0,0.0,0.0,0.0,0.0,0.0,0.0,0.0,0.0,0.0,0.0
0.0,0.0,0.0,0.0,0.0,0.0,0.0,0.0,0.0,0.0,0.0,0.0,0.0,0.0,0.0,0.0,0.0,0.0,0.0,0.0,0.0,0.0,0.0,0.0,0.0,0.0,0.0,0.0,0.0,0.0,0.0,0.0,0.0,0.0,0.0,0.0,0.0
0.0,0.0,0.0,0.0,0.0,0.0,0.0,0.0,0.0,0.0,0.0,0.0,0.0,0.0,0.0,0.0,0.0,0.0,0.0,0.0,0.0,0.0,0.0,0.0,0.0,0.0,0.0,0.0,0.0,0.0,0.0,0.0,0.0,0.0,0.0,0.0,0.0
0.0,0.0,0.0,0.0,0.0,0.0,0.0,0.0,0.0,0.0,0.0,0.0,0.0,0.0,0.0,0.0,0.0,0.0,0.0,0.0,0.0,0.0,0.0,0.0,0.0,0.0,0.0,0.0,0.0,0.0,0.0,0.0,0.4408358074724667,0.0,0.0,0.0,0.0
0.0,0.0,0.0,0.0,0.0,0.0,0.0,0.0,0.0,0.0,0.0,0.0,0.0,4.401962035335572,0.0,0.0,0.0,0.0,0.0,0.0,0.0,0.0,0.0,0.0,0.0,0.0,0.0,0.0,0.0,0.0,0.0,0.0,0.2620235383510375,0.0,0.0,0.0,0.0
0.0,0.0,0.0,0.0,0.0,0.0,0.0,0.0,0.0,0.0,1.8338898713699407,0.0,0.0,1.36645677965134,0.0,0.0,0.0,0.0,0.0,0.0,0.0,24.319233703613214,0.0,0.0,0.0,0.0,0.0,0.0,0.0,0.0,0.0,0.0,0.0,0.0,0.0,0.0,0.0
0.0,0.0,0.0,0.0373288746923151,3.4836532436309344,0.421610653400404,0.0,0.0,0.0,0.0,21.45655917339008,0.0,0.0,33.00305425189433,0.0,0.0,1.1655888438223203,0.0,0.0,0.0,0.0,0.0,0.0,0.0,0.0,4.363462031632643,0.5769825059920494,0.0,53.21817196756591,0.3132493600248932,0.0,0.0,3.1639220006763926,0.0,0.0,0.0,0.0
0.0,0.0,0.0,0.0558836888521891,6.717944703996106,1.1570116290822332,17.30306038632977,0.0,0.0,0.0,72.35557832196349,0.0,0.0,140.4804370552301,0.0,0.0,4.914851617813083,0.0,0.0,0.0,0.0,18.663793373107755,0.0,0.0,0.0,10.212404336035172,1.0132563043385678,0.0,402.2932959645986,0.4287797212600518,0.0,0.0,14.766890030354247,0.0,0.0,0.0,0.0
0.0,0.0,0.0,0.4360809484496702,24.240775126963683,5.597769981250138,56.79966503977761,0.0,0.0,0.0,244.16719995811576,0.0,0.0,402.8349946439266,0.0,0.0410669464617958,12.027401113509969,0.0,0.0,0.0,0.0,71.21453943252548,0.0,0.0,0.0,34.21212896108625,2.0048891469836185,0.0,1378.7293729662897,0.5740698553621577,0.0,0.0,52.07046546041965,0.0,0.0,0.0,0.0
0.0,0.0,0.0,1.5389860831201028,64.32744948565951,29.814030222594702,201.79665347039696,0.0,0.0,0.0,691.8636166155337,0.0,0.0,780.1952008903027,0.0,0.1003778898157178,24.550479316711343,0.0,0.0,0.0,0.0,147.928820800781,0.0,0.0,0.0,103.54609600901604,3.990523539483543,0.0,2098.2802873015403,0.6346437774598491,0.0,0.0,119.09942135214804,0.0,0.0,0.0,0.0
0.0,0.0,0.0,2.619994036853309,100.28508913516993,0.0,0.0,0.0,0.0,0.0,1289.4200629711152,0.0,0.0,1082.6637119054794,0.0,0.0882376679219295,37.68199992179863,0.0,0.0,0.0,0.0,242.9016672134396,0.0,0.0,0.0,264.79709734916685,6.799626646935937,0.0,2466.995914018154,0.5661796055734016,0.0,0.0,166.7591776251793,0.0,0.0,0.0,0.0
0.0,0.0,0.0,5.240075379610058,237.44780161976803,187.27411890029904,830.8721125543118,0.0,0.0,0.0,0.0,0.0,0.0,1167.883311957121,0.0,0.3920669555664056,292.7607519507408,0.0,0.0,0.0,0.0,214.3709209442136,0.0,0.0,0.0,413.4067386865616,12.12768360525369,0.0,0.0,60.56228881180286,0.0,0.0,183.81478196382523,0.0,0.0,0.0,0.0
0.0,0.0,0.0,8.224060893058772,338.713200867176,211.642972484231,0.0,0.0,0.0,0.0,1767.2690886557102,0.0,0.0,1182.4270151555538,0.0,0.4976571798324581,530.3967938899993,0.0,0.0,0.0,0.0,141.33309593200653,0.0,0.0,0.0,485.302271938324,19.50670298635959,0.0,0.0,144.3107121825218,0.0,0.0,188.10590094327927,0.0,0.0,0.0,0.0
0.0,0.0,0.0,0.0,0.0,0.0,0.0,0.0,0.0,0.0,0.0,0.0,0.0,1170.7901406288147,0.0,0.53727588802576,659.3353484153746,0.0,0.0,0.0,0.0,116.00298547744708,0.0,0.0,0.0,0.0,0.0,0.0,0.0,0.0,0.0,0.0,178.5918452143669,0.0,0.0,0.0,0.0
0.0,0.0,0.0,0.0,0.0,0.0,961.4266341865062,0.0,0.0,0.0,0.0,0.0,0.0,0.0,0.0,0.5566131100058554,659.0726787805557,0.0,0.0,0.0,0.0,116.73989620208704,0.0,0.0,0.0,0.0,23.332663747668263,0.0,0.0,0.0,0.0,0.0,0.0,0.0,0.0,0.0,0.0
0.0,0.0,0.0,0.0,0.0,0.0,0.0,0.0,0.0,0.0,0.0,0.0,0.0,0.0,0.0,0.0,0.0,0.0,0.0,0.0,0.0,0.0,0.0,0.0,0.0,0.0,0.0,0.0,0.0,0.0,0.0,0.0,0.0,0.0,0.0,0.0,0.0
0.0,0.0,0.0,0.0,0.0,0.0,0.0,0.0,0.0,0.0,0.0,0.0,0.0,0.0,0.0,0.0,0.0,0.0,0.0,0.0,0.0,0.0,0.0,0.0,0.0,0.0,0.0,0.0,0.0,0.0,0.0,0.0,0.0,0.0,0.0,0.0,0.0
0.0,0.0,0.0,0.0,0.0,0.0,0.0,0.0,0.0,0.0,0.0,0.0,0.0,0.0,0.0,0.0,0.0,0.0,0.0,0.0,0.0,0.0,0.0,0.0,0.0,0.0,0.0,0.0,0.0,0.0,0.0,0.0,0.0,0.0,0.0,0.0,0.0
0.0,0.0,0.0,0.0,0.0,0.0,0.0,0.0,0.0,0.0,0.0,0.0,0.0,0.0,0.0,0.0,0.0,0.0,0.0,0.0,0.0,0.0,0.0,0.0,0.0,0.0,0.0,0.0,0.0,0.0,0.0,0.0,0.0,0.0,0.0,0.0,0.0
0.0,0.0,0.0,0.0,0.0,0.0,0.0,0.0,0.0,0.0,0.0,0.0,0.0,0.0,0.0,0.0,0.0,0.0,0.0,0.0,0.0,0.0,0.0,0.0,0.0,0.0,0.0,0.0,0.0,0.0,0.0,0.0,0.0,0.0,0.0,0.0,0.0
0.0,0.0,0.0,0.0,0.0,0.0,0.0,0.0,0.0,0.0,0.0,0.0,0.0,0.0,0.0,0.0,0.0,0.0,0.0,0.0,0.0,0.0,0.0,0.0,0.0,0.0,0.0,0.0,0.0,0.0,0.0,0.0,0.0,0.0,0.0,0.0,0.0
0.0,0.0,0.0,0.0,0.0,0.0,0.0,0.0,0.0,0.0,0.0,0.0,0.0,0.0,0.0,0.0,0.0,0.0,0.0,0.0,0.0,0.0,0.0,0.0,0.0,0.0,0.0,0.0,0.0,0.0,0.0,0.0,0.0,0.0,0.0,0.0,0.0
0.0,0.0,0.0,0.0,0.0,0.0,0.0,0.0,0.0,0.0,0.0,0.0,0.0,0.0,0.0,0.0,0.0,0.0,0.0,0.0,0.0,0.0,0.0,0.0,0.0,0.0,0.0,0.0,0.0,0.0,0.0,0.0,0.0,0.0,0.0,0.0,0.0
0.0,0.0,0.0,0.0,0.0,0.0,0.0,0.0,0.0,0.0,0.0,0.0,0.0,0.0,0.0,0.0,0.0,0.0,0.0,0.0,0.0,0.0,0.0,0.0,0.0,0.0,0.0,0.0,0.0,0.0,0.0,0.0,0.0,0.0,0.0,0.0,0.0
0.0,0.0,0.0,0.0,0.0,0.0,0.0,0.0,0.0,0.0,0.0,0.0,0.0,0.0,0.0,0.0,0.0,0.0,0.0,0.0,0.0,0.0,0.0,0.0,0.0,0.0,0.0,0.0,0.0,0.0,0.0,0.0,0.0,0.0,0.0,0.0,0.0
0.0,0.0,0.0,0.0,0.0,0.0,0.0,0.0,0.0,0.0,0.0,0.0,0.0,0.0,0.0,0.0,0.0,0.0,0.0,0.0,0.0,0.0,0.0,0.0,0.0,0.0,0.0,0.0,0.0,0.0,0.0,0.0,0.0,0.0,0.0,0.0,0.0
0.0,0.0,0.0,0.0,0.0,0.0,0.0,0.0,0.0,0.0,0.0,0.0,0.0,0.0,0.0,0.0,0.0,0.0,0.0,0.0,0.0,0.0,0.0,0.0,0.0,0.0,0.0,0.0,0.0,0.0,0.0,0.0,0.0,0.0,0.0,0.0,0.0
0.0,0.0,0.0,0.0,0.0,0.0,0.0,0.0,0.0,0.0,0.0,0.0,0.0,0.0,0.0,0.0,0.0,0.0,0.0,0.0,0.0,21.964694404601826,0.0,0.0,0.0,0.0,0.0,0.0,0.0,0.0,0.0,0.0,0.0,0.0,0.0,0.0,0.0
0.0,0.0,0.0,0.0,1.5892084054648103,0.0128592979162931,0.0,0.0,0.0,0.0,0.0,0.0,0.0,0.0,0.0,0.0204377537593242,0.0,0.0,0.0,0.0,0.0,20.45115900039656,0.0,0.0,0.0,0.0,0.0,0.0,0.0,0.0,0.0,0.0,0.1503304056823065,0.0,0.0,0.0,0.0
0.0,0.0,0.0,0.0245334785431561,2.5761892646550493,0.0,0.0,0.0,0.0,0.0,1.7004879371263,0.0,0.0,0.0,0.0708947271108601,0.0,0.0,0.0,0.0,0.0,0.0,27.79380159378032,0.0,0.0,0.0,3.343926314264466,0.0,0.0,0.0,0.4024788886308385,0.0,0.0,0.0,0.0,0.0,0.0,0.0
0.0,0.0,0.0,0.0509943272918407,4.776118841022249,0.4039214258081896,5.280506098642799,0.0,0.0,0.0,2.1343779719434224,0.0,0.0,16.58588560065242,0.2113232553005207,0.0,0.0,0.0,0.0,0.0,0.0,7.36138343811031,0.0,0.0,0.0,5.402985643595388,0.0,0.0,59.54165839627368,0.3812214896082487,0.0,6.117086455225916,0.0,0.0,0.0,0.0,0.0
0.0,0.0,0.0,0.4793904218822705,10.631605923175714,2.5471905563026565,28.550403796136266,0.0,0.0,0.0,19.880617709644127,0.0,0.0,57.59371109306803,0.7260983649641242,0.0,0.0,0.0,0.0,0.0,0.0,18.869127845764027,0.0,0.0,0.0,4.583594682067595,0.0,0.0,444.2130840092896,0.4819554358720397,0.0,21.27274458110329,0.0590643379837215,0.0,0.0,0.0,0.0
0.0,0.0,0.0,2.8035997375845865,46.40177492052301,17.284430000931,134.7608729176223,0.0,0.0,0.0,109.87524421922862,0.0,0.0,194.63363002985707,2.868277401477098,0.0207125870510923,0.0,0.0,0.0,0.0,0.0,54.81443724632233,0.0,0.0,0.0,25.092240299284445,0.0,0.0,1365.92482714653,0.5697059087455145,0.0,81.63731825351715,0.2348094638436823,0.0,0.0,0.0,0.0
0.0,0.0,0.0,5.421206027269361,114.28437978029235,89.26567660272117,452.5837558209896,0.0,0.0,0.0,419.1587521120906,0.0,0.0,521.5759914368391,5.7586784809827805,0.0743015254847697,0.1191390037536621,0.0,0.0,0.0,0.0,117.65728940963744,0.0,0.0,0.0,61.14508426785464,0.0,0.0,2039.8022414922716,0.6143001712858305,0.0,233.6798493862152,0.1550408173352256,0.0,0.0,0.0,0.0
0.0,0.0,0.0,10.181399196386332,188.6637797951697,213.3761350512505,781.459166520834,0.0,0.0,0.0,1080.8154953688384,0.0,0.0,856.3843940198421,10.39809310734272,0.0648896172642705,1.5114841818808902,0.0,0.0,0.0,0.0,150.96314010620108,0.0,0.0,0.0,127.16006150245664,0.0,0.0,2379.248135757446,0.5942260168492486,0.0,351.9742149114609,0.0,0.0,0.0,0.0,0.0
0.0,0.0,0.0,18.540399909019467,393.74268144369125,252.64966508746147,971.192664951086,0.0,0.0,0.0,1474.8929377555846,0.0,0.0,963.7037947773932,16.588978055119515,0.3457120954990378,148.3018294811247,0.0,0.0,0.0,0.0,65.80501751899675,0.0,0.0,0.0,267.6571579694748,0.0,0.0,2490.250345265865,54.58051881790159,0.0,374.6506317853928,2.848349524661887,0.0,0.0,0.0,0.0
0.0,0.0,0.0,8.224060893058772,585.8412436246871,274.94454395771027,1085.1609093904494,0.0,0.0,0.0,1700.3176512122154,0.0,0.0,997.9472325742244,20.73276768922806,0.4695008844137183,278.6101148366928,0.0,0.0,0.0,0.0,56.43174328803981,0.0,0.0,0.0,395.4275997400284,0.0451170131564132,0.0,2516.1648044705385,162.00291326045988,0.0,381.1029323339462,4.497092384844993,0.0,0.0,0.0,0.0
0.0,0.0,0.0,0.0,680.0330576896667,280.0493009984493,1114.930639064312,0.0,0.0,0.0,1760.7964269757272,0.0,0.0,1009.9779725074768,22.64129437208176,0.6568238176405425,377.2478945493698,0.0,0.0,0.0,0.0,97.83443250656089,0.0,0.0,0.0,433.6371999502182,0.0,0.0,2478.2612125277524,0.0,0.0,372.7031364440918,0.0,0.0,0.0,0.0,0.0
0.0,0.0,0.0,0.0,719.9014931917189,0.0,1107.1914159953594,0.0,0.0,0.0,0.0,0.0,0.0,0.0,22.84668436646461,0.8539640381932256,425.62911632060985,0.0,0.0,0.0,0.0,139.3648488998413,0.0,0.0,0.0,0.0,0.0,0.0,0.0,0.0,0.0,0.0,0.0,0.0,0.0,0.0,0.0
0.0,0.0,0.0,0.0,0.0,0.0,0.0,0.0,0.0,0.0,0.0,0.0,0.0,0.0,0.0,0.0,0.0,0.0,0.0,0.0,0.0,0.0,0.0,0.0,0.0,0.0,0.0,0.0,0.0,0.0,0.0,0.0,0.0,0.0,0.0,0.0,0.0
0.0,0.0,0.0,0.0,0.0,0.0,0.0,0.0,0.0,0.0,0.0,0.0,0.0,0.0,0.0,0.0,0.0,0.0,0.0,0.0,0.0,0.0,0.0,0.0,0.0,0.0,0.0,0.0,0.0,0.0,0.0,0.0,0.0,0.0,0.0,0.0,0.0
0.0,0.0,0.0,0.0,0.0,0.0,0.0,0.0,0.0,0.0,0.0,0.0,0.0,0.0,0.0,0.0,0.0,0.0,0.0,0.0,0.0,0.0,0.0,0.0,0.0,0.0,0.0,0.0,0.0,0.0,0.0,0.0,0.0,0.0,0.0,0.0,0.0
0.0,0.0,0.0,0.0,0.0,0.0,0.0,0.0,0.0,0.0,0.0,0.0,0.0,0.0,0.0,0.0,0.0,0.0,0.0,0.0,0.0,0.0,0.0,0.0,0.0,0.0,0.0,0.0,0.0,0.0,0.0,0.0,0.0,0.0,0.0,0.0,0.0
0.0,0.0,0.0,0.0,0.0,0.0,0.0,0.0,0.0,0.0,0.0,0.0,0.0,0.0,0.0,0.0,0.0,0.0,0.0,0.0,0.0,0.0,0.0,0.0,0.0,0.0,0.0,0.0,0.0,0.0,0.0,0.0,0.0,0.0,0.0,0.0,0.0
0.0,0.0,0.0,0.0,0.0,0.0,0.0,0.0,0.0,0.0,0.0,0.0,0.0,0.0,0.0,0.0,0.0,0.0,0.0,0.0,0.0,0.0,0.0,0.0,0.0,0.0,0.0,0.0,0.0,0.0,0.0,0.0,0.0,0.0,0.0,0.0,0.0
0.0,0.0,0.0,0.0,0.0,0.0,0.0,0.0,0.0,0.0,0.0,0.0,0.0,0.0,0.0,0.0,0.0,0.0,0.0,0.0,0.0,0.0,0.0,0.0,0.0,0.0,0.0,0.0,0.0,0.0,0.0,0.0,0.0,0.0,0.0,0.0,0.0
0.0,0.0,0.0,0.0,0.0,0.0,0.0,0.0,0.0,0.0,0.0,0.0,0.0,0.0,0.0,0.0,0.0,0.0,0.0,0.0,0.0,0.0,0.0,0.0,0.0,0.0,0.0,0.0,0.0,0.0,0.0,0.0,0.0,0.0,0.0,0.0,0.0
0.0,0.0,0.0,0.0,0.0,0.0,0.0,0.0,0.0,0.0,0.0,0.0,0.0,0.0,0.0,0.0,0.0,0.0,0.0,0.0,0.0,0.0,0.0,0.0,0.0,0.0,0.0,0.0,0.0,0.0,0.0,0.0,0.0,0.0,0.0,0.0,0.0
0.0,0.0,0.0,0.0,0.0,0.0,0.0,0.0,0.0,0.0,0.0,0.0,0.0,0.0,0.0,0.0,0.0,0.0,0.0,0.0,0.0,0.0,0.0,0.0,0.0,0.0,0.0,0.0,0.0,0.0,0.0,0.0,0.0,0.0,0.0,0.0,0.0
0.0,0.0,0.0,0.0,0.0,0.0,0.0,0.0,0.0,0.0,0.0,0.0,0.0,0.0,0.0,0.0,0.0,0.0,0.0,0.0,0.0,0.0,0.0,0.0,0.0,0.0,0.0,0.0,0.0,0.0,0.0,0.0,0.0,0.0,0.0,0.0,0.0
0.0,0.0,0.0,0.0,0.0,0.0,0.0,0.0,0.0,0.0,0.0,0.0,0.0,0.0,0.0,0.0,0.0,0.0,0.0,0.0,0.0,0.0,0.0,0.0,0.0,0.0,0.0,0.0,0.0,0.0,0.0,0.0,0.0,0.0,0.0,0.0,0.0
0.0,0.0,0.0,0.0,0.0,0.0,0.0,0.0,0.0,0.0,0.0,0.0,0.0,0.0,0.0,0.0,0.0,0.0,0.0,0.0,0.0,32.15077214240983,0.0,0.0,0.0,0.0,0.0,0.0,0.0,0.0,0.0,0.0,0.0,0.0,0.0,0.0,0.0
0.0,0.0,0.0,0.0,2.0347748883067567,0.0,0.3768928468225883,0.0,0.0,0.0,1.5800587550735667,0.0,0.0,0.0,0.0,0.0,0.0,0.0,0.0,0.0,0.0,32.472748851776124,0.0,0.0,0.0,0.4850475385784906,0.517410525679581,0.0,0.0,0.0,0.0,0.0,0.0925076603889336,0.0,0.0,0.0,0.0
0.0,0.0,0.0,0.0218405071645923,4.0186589732765645,0.0,0.5902493759988419,0.0,0.0,0.0,1.5595252743921424,0.0,0.0,0.0,0.0379280984401683,0.0,0.0,0.0,0.0,0.0,0.0,35.480514383316034,0.0,0.0,0.0,0.0,0.0,0.0,0.0,0.0,0.0,1.8647873401641544,0.0,0.0,0.0,0.0,0.0
0.0,0.0,0.0,0.0633222442120255,5.874334651976683,0.5972787095233579,8.039175648242232,0.0,0.0,0.0,2.225853674812224,0.0,0.0,27.69297570455811,0.0714509703218926,0.0,0.0,0.0,0.0,0.0,0.0,15.79405908584594,0.0,0.0,0.0,0.0,0.0686484273523071,0.0,50.01853761002418,0.4056771636009164,0.0,3.363170161843241,0.0,0.0,0.0,0.0,0.0
0.0,0.0,0.0,0.1649594232439942,12.367310632020132,1.6472380557097135,20.035482526943078,0.0,0.0,0.0,24.764574958476977,0.0,0.0,97.12529955431812,0.1950450997799631,0.0,0.0,0.0,0.0,0.0,0.0,57.97085638046265,0.0,0.0,0.0,6.947411363199271,0.0,0.0,346.02398129403593,0.4954133786260836,0.0,9.991171389818172,0.2387083377688896,0.0,0.0,0.0,0.0
0.0,0.0,0.0,0.3122328761964991,23.57113657891736,11.39156150445339,67.27105525508522,0.0,0.0,0.0,117.23980910032984,0.0,0.0,299.478420689702,0.7824191015213727,0.0192486336454737,0.0,0.0,0.0,0.0,0.0,138.5337246894834,0.0,0.0,0.0,32.287978246808045,0.472395120002323,0.0,1087.1259680628775,0.5484690114855618,0.0,44.112487331032746,0.635218467563364,0.0,0.0,0.0,0.0
0.0,0.0,0.0,0.5396240465342981,33.90549717098462,56.88632040470837,206.6049838677048,0.0,0.0,0.0,439.0098685711622,0.0,0.0,639.5338552445173,1.864134055003523,0.0653773918747897,0.6971837997436073,0.0,0.0,0.0,0.0,263.5389360427852,0.0,0.0,0.0,74.04199188351629,1.0886072585359183,0.0,1712.8991943001747,0.5661093138158283,0.0,150.15449225902557,0.7642314089462106,0.0,0.0,0.0,0.0
0.0,0.0,0.0,0.5266519598662843,30.73642137646661,158.23810032010076,388.2516283899546,0.0,0.0,0.0,1071.110435783863,0.0,0.0,935.2352286875248,2.727305182814596,0.034596269018948,1.6980985164641065,0.0,0.0,0.0,0.0,382.8757972717282,0.0,0.0,0.0,144.73534437417982,1.6996739979833309,0.0,2062.447665512562,0.5676820918917429,0.0,270.3932852149009,0.4549422105774138,0.0,0.0,0.0,0.0
0.0,0.0,0.0,4.228793084621424,102.07952597737312,198.6353177577257,492.061853557825,0.0,0.0,0.0,1452.8588728487491,0.0,0.0,1019.2378155887128,6.241577088832854,0.3047241121530528,145.44500609636296,0.0,0.0,0.0,0.0,305.1935699462891,0.0,0.0,0.0,293.0562556028366,2.4256659299135195,0.0,2176.398934006691,46.008649855852106,0.0,320.1712123155594,6.515230081975444,0.0,0.0,0.0,0.0
0.0,0.0,0.0,8.538056343793869,173.04501703381536,223.61830386519432,580.9631877630949,0.0,0.0,0.0,1680.7061386466023,0.0,0.0,1057.0932340621948,9.652560880780218,0.4961975365877139,266.4981397390365,0.0,0.0,0.0,0.0,259.9631692886349,0.0,0.0,0.0,423.1934148311615,3.30847743675112,0.0,2268.5932347297667,152.2526264131069,0.0,343.1083118915558,16.154823657125217,0.0,0.0,0.0,0.0
0.0,0.0,0.0,12.332555681467053,245.6454145610332,229.12095895409584,554.2751486986875,0.0,0.0,0.0,1744.575104379654,0.0,0.0,1075.1415745913982,11.59754489958286,0.7767413072288025,359.22824280261995,0.0,0.0,0.0,0.0,192.5597011566158,0.0,0.0,0.0,461.1642571926117,4.455357179045669,0.0,0.0,201.90506039857863,0.0,344.6037658452988,0.0,0.0,0.0,0.0,0.0
0.0,0.0,0.0,0.0,276.0868017077445,0.0,482.5929761022329,0.0,0.0,0.0,0.0,0.0,0.0,0.0,0.0,0.0,415.555925810337,0.0,0.0,0.0,0.0,161.4628681182858,0.0,0.0,0.0,451.50818455219263,5.145157642662521,0.0,0.0,0.0,0.0,0.0,0.0,0.0,0.0,0.0,0.0
0.0,0.0,0.0,0.0,0.0,0.0,0.0,0.0,0.0,0.0,0.0,0.0,0.0,0.0,0.0,0.0,0.0,0.0,0.0,0.0,0.0,0.0,0.0,0.0,0.0,0.0,0.0,0.0,0.0,0.0,0.0,0.0,0.0,0.0,0.0,0.0,0.0
0.0,0.0,0.0,0.0,0.0,0.0,0.0,0.0,0.0,0.0,0.0,0.0,0.0,0.0,0.0,0.0,0.0,0.0,0.0,0.0,0.0,0.0,0.0,0.0,0.0,0.0,0.0,0.0,0.0,0.0,0.0,0.0,0.0,0.0,0.0,0.0,0.0
0.0,0.0,0.0,0.0,0.0,0.0,0.0,0.0,0.0,0.0,0.0,0.0,0.0,0.0,0.0,0.0,0.0,0.0,0.0,0.0,0.0,0.0,0.0,0.0,0.0,0.0,0.0,0.0,0.0,0.0,0.0,0.0,0.0,0.0,0.0,0.0,0.0
0.0,0.0,0.0,0.0,0.0,0.0,0.0,0.0,0.0,0.0,0.0,0.0,0.0,0.0,0.0,0.0,0.0,0.0,0.0,0.0,0.0,0.0,0.0,0.0,0.0,0.0,0.0,0.0,0.0,0.0,0.0,0.0,0.0,0.0,0.0,0.0,0.0
0.0,0.0,0.0,0.0,0.0,0.0,0.0,0.0,0.0,0.0,0.0,0.0,0.0,0.0,0.0,0.0,0.0,0.0,0.0,0.0,0.0,0.0,0.0,0.0,0.0,0.0,0.0,0.0,0.0,0.0,0.0,0.0,0.0,0.0,0.0,0.0,0.0
0.0,0.0,0.0,0.0,0.0,0.0,0.0,0.0,0.0,0.0,0.0,0.0,0.0,0.0,0.0,0.0,0.0,0.0,0.0,0.0,0.0,0.0,0.0,0.0,0.0,0.0,0.0,0.0,0.0,0.0,0.0,0.0,0.0,0.0,0.0,0.0,0.0
0.0,0.0,0.0,0.0,0.0,0.0,0.0,0.0,0.0,0.0,0.0,0.0,0.0,0.0,0.0,0.0,0.0,0.0,0.0,0.0,0.0,0.0,0.0,0.0,0.0,0.0,0.0,0.0,0.0,0.0,0.0,0.0,0.0,0.0,0.0,0.0,0.0
0.0,0.0,0.0,0.0,0.0,0.0,0.0,0.0,0.0,0.0,0.0,0.0,0.0,0.0,0.0,0.0,0.0,0.0,0.0,0.0,0.0,0.0,0.0,0.0,0.0,0.0,0.0,0.0,0.0,0.0,0.0,0.0,0.0,0.0,0.0,0.0,0.0
0.0,0.0,0.0,0.0,0.0,0.0,0.0,0.0,0.0,0.0,0.0,0.0,0.0,0.0,0.0,0.0,0.0,0.0,0.0,0.0,0.0,0.0,0.0,0.0,0.0,0.0,0.0,0.0,0.0,0.0,0.0,0.0,0.0,0.0,0.0,0.0,0.0
0.0,0.0,0.0,0.0,0.0,0.0,0.0,0.0,0.0,0.0,0.0,0.0,0.0,0.0,0.0,0.0,0.0,0.0,0.0,0.0,0.0,0.0,0.0,0.0,0.0,0.0,0.0,0.0,0.0,0.0,0.0,0.0,0.0,0.0,0.0,0.0,0.0
0.0,0.0,0.0,0.0,0.0,0.0,0.0,0.0,0.0,0.0,0.0,0.0,0.0,0.0,0.0,0.0,0.0,0.0,0.0,0.0,0.0,0.0,0.0,0.0,0.0,0.0,0.0,0.0,0.0,0.0,0.0,0.0,0.0,0.0,0.0,0.0,0.0
0.0,0.0,0.0,0.0,0.0,0.0,0.0,0.0,0.0,0.0,0.0,0.0,0.0,0.0,0.0,0.0,0.0,0.0,0.0,0.0,0.0,0.0,0.0,0.0,0.0,0.0,0.0,0.0,0.0,0.0,0.0,0.0,0.0,0.0,0.0,0.0,0.0
0.0,0.0,0.0,0.0,0.0,0.0,0.0,0.0,0.0,0.0,0.0,0.0,0.0,0.0,0.0,0.0,0.0,0.0,0.0,0.0,0.0,0.0,0.0,0.0,0.0,0.0,0.0,0.0,0.0,0.0,0.0,0.0,0.0,0.0,0.0,0.0,0.0
0.0,0.0,0.0,0.0,0.0,0.0,0.0,0.0,0.0,0.0,0.0,0.0,0.0,1.7017681663854851,0.0,0.0,0.0,0.0,0.0,0.0,0.0,0.0,0.0,0.0,0.0,0.0,0.0,0.0,0.0,0.2566996410488745,0.0,0.0,0.0,0.0,0.0,0.0,0.0
0.0,0.0,0.0,0.0250609517097465,2.0414062216877342,0.0,0.0,0.0,0.0,0.0,1.6209604314526471,0.0,0.0,0.0,0.0649988628923883,0.0,0.0,0.0,0.0,0.0,0.0,11.377806186675825,0.0,0.0,0.0,2.0239301545544883,0.0,0.0,0.0,0.3109853796660629,0.0,1.37835754454132,0.0,0.0,0.0,0.0,0.0
0.0,0.0,0.0,0.0543094109743826,4.3641445450482905,0.4023832501843269,5.256649969145546,0.0,0.0,0.0,5.518010577605839,0.0,0.0,11.475954821798917,0.207749386131761,0.0,0.0,0.0,0.0,0.0,0.0,5.627685546874574,0.0,0.0,0.0,0.0,0.8169597087427963,0.0,77.85885257869936,0.3616159468888877,0.0,3.3743832856416662,0.397497673518942,0.0,0.0,0.0,0.0
0.0,0.0,0.0,0.1525416597723912,10.403988607227785,5.10775022488086,14.219743480160693,0.0,0.0,0.0,40.82336943950498,0.0,0.0,35.40812220424409,0.6443525802344062,0.0,0.0,0.0,0.0,0.0,0.0,76.06784954071026,0.0,0.0,0.0,10.353475366532802,2.647090119123454,0.0,561.0089911758898,0.4497442379593734,0.0,15.341185986995653,0.7043672669678924,0.0,0.0,0.0,0.0
0.0,0.0,0.0,0.8995235208421931,47.91824755072588,38.7267196215689,74.3609269455074,0.0,0.0,0.0,200.4428290061651,0.0,0.0,97.34576767310492,2.460093214362858,0.0051393825560805,0.0,0.0,0.0,0.0,0.0,244.90612277984596,0.0,0.0,0.0,75.95696038007732,7.795711378753181,0.0,1478.1351549386975,0.5219045847654191,0.0,0.0,0.9291664920747053,0.0,0.0,0.0,0.0
0.0,0.0,0.0,2.635425701737404,120.87289425730702,170.62024526298043,304.6541067585349,0.0,0.0,0.0,700.1386474728585,0.0,0.0,259.91320207715023,5.575035582482812,0.0428569829091417,0.5449506282804613,0.0,0.0,0.0,0.0,489.7805015563961,0.0,0.0,0.0,274.8427194356918,17.742634722590445,0.0,2069.9387528657912,0.5537438221275424,0.0,237.8664171695709,0.8693228159099654,0.0,0.0,0.0,0.0
0.0,0.0,0.0,4.679328501224516,192.970863342285,276.0443723797798,720.8200359344482,0.0,0.0,0.0,1405.051064324379,0.0,0.0,528.1049524247645,9.48085929751396,0.0199994975700962,1.7576680183410611,0.0,0.0,0.0,0.0,766.2751159667969,0.0,0.0,0.0,521.4665222167969,0.0,0.0,2406.7177075624472,0.5320763878524087,0.0,362.2522897720337,0.5874332487583082,0.0,0.0,0.0,0.0
0.0,0.0,0.0,9.406827688217158,417.0620520114897,305.56818932294846,985.6017218351363,0.0,0.0,0.0,1788.048547297716,0.0,0.0,677.9391466081142,15.544818279147147,0.416651919484138,151.02983075380314,0.0,0.0,0.0,0.0,922.641662597656,0.0,0.0,0.0,595.9259702205658,43.83994670510292,0.0,2537.059077453613,44.336098487675166,0.0,395.12317645549774,5.524166783317909,0.0,0.0,0.0,0.0
0.0,0.0,0.0,15.595698356628418,637.660882949829,320.25733655691147,1154.1089995503426,0.0,0.0,0.0,2014.162338089943,0.0,0.0,761.0546258836983,19.938729590177537,0.7705547735095015,297.5075587391852,0.0,0.0,0.0,0.0,259.9631692886349,0.0,0.0,0.0,623.6759847640991,0.0,0.0,2607.808532500267,142.2259055137634,0.0,403.8871746063232,13.747612833976731,0.0,0.0,0.0,0.0
0.0,0.0,0.0,19.337145268917084,0.0,318.4754047989845,0.0,0.0,0.0,0.0,2052.1196362435817,0.0,0.0,804.9902391433716,22.017337507009508,0.0,423.7200118422506,0.0,0.0,0.0,0.0,0.0,0.0,0.0,0.0,629.7436103820801,0.0,0.0,0.0,191.66083337068557,0.0,395.4950215816498,0.0,0.0,0.0,0.0,0.0
0.0,0.0,0.0,0.0,0.0,0.0,0.0,0.0,0.0,0.0,0.0,0.0,0.0,0.0,0.0,0.0,0.0,0.0,0.0,0.0,0.0,0.0,0.0,0.0,0.0,0.0,0.0,0.0,0.0,0.0,0.0,0.0,0.0,0.0,0.0,0.0,0.0
0.0,0.0,0.0,0.0,0.0,0.0,0.0,0.0,0.0,0.0,0.0,0.0,0.0,0.0,0.0,0.0,0.0,0.0,0.0,0.0,0.0,0.0,0.0,0.0,0.0,0.0,0.0,0.0,0.0,0.0,0.0,0.0,0.0,0.0,0.0,0.0,0.0
0.0,0.0,0.0,0.0,0.0,0.0,0.0,0.0,0.0,0.0,0.0,0.0,0.0,0.0,0.0,0.0,0.0,0.0,0.0,0.0,0.0,0.0,0.0,0.0,0.0,0.0,0.0,0.0,0.0,0.0,0.0,0.0,0.0,0.0,0.0,0.0,0.0
0.0,0.0,0.0,0.0,0.0,0.0,0.0,0.0,0.0,0.0,0.0,0.0,0.0,0.0,0.0,0.0,0.0,0.0,0.0,0.0,0.0,0.0,0.0,0.0,0.0,0.0,0.0,0.0,0.0,0.0,0.0,0.0,0.0,0.0,0.0,0.0,0.0
0.0,0.0,0.0,0.0,0.0,0.0,0.0,0.0,0.0,0.0,0.0,0.0,0.0,0.0,0.0,0.0,0.0,0.0,0.0,0.0,0.0,0.0,0.0,0.0,0.0,0.0,0.0,0.0,0.0,0.0,0.0,0.0,0.0,0.0,0.0,0.0,0.0
0.0,0.0,0.0,0.0,0.0,0.0,0.0,0.0,0.0,0.0,0.0,0.0,0.0,0.0,0.0,0.0,0.0,0.0,0.0,0.0,0.0,0.0,0.0,0.0,0.0,0.0,0.0,0.0,0.0,0.0,0.0,0.0,0.0,0.0,0.0,0.0,0.0
0.0,0.0,0.0,0.0,0.0,0.0,0.0,0.0,0.0,0.0,0.0,0.0,0.0,0.0,0.0,0.0,0.0,0.0,0.0,0.0,0.0,0.0,0.0,0.0,0.0,0.0,0.0,0.0,0.0,0.0,0.0,0.0,0.0,0.0,0.0,0.0,0.0
0.0,0.0,0.0,0.0,0.0,0.0,0.0,0.0,0.0,0.0,0.0,0.0,0.0,0.0,0.0,0.0,0.0,0.0,0.0,0.0,0.0,0.0,0.0,0.0,0.0,0.0,0.0,0.0,0.0,0.0,0.0,0.0,0.0,0.0,0.0,0.0,0.0
0.0,0.0,0.0,0.0,0.0,0.0,0.0,0.0,0.0,0.0,0.0,0.0,0.0,0.0,0.0,0.0,0.0,0.0,0.0,0.0,0.0,0.0,0.0,0.0,0.0,0.0,0.0,0.0,0.0,0.0,0.0,0.0,0.0,0.0,0.0,0.0,0.0
0.0,0.0,0.0,0.0,0.0,0.0,0.0,0.0,0.0,0.0,0.0,0.0,0.0,0.0,0.0,0.0,0.0,0.0,0.0,0.0,0.0,0.0,0.0,0.0,0.0,0.0,0.0,0.0,0.0,0.0,0.0,0.0,0.0,0.0,0.0,0.0,0.0
0.0,0.0,0.0,0.0,0.0,0.0,0.0,0.0,0.0,0.0,0.0,0.0,0.0,0.0,0.0,0.0,0.0,0.0,0.0,0.0,0.0,0.0,0.0,0.0,0.0,0.0,0.0,0.0,0.0,0.0,0.0,0.0,0.0,0.0,0.0,0.0,0.0
0.0,0.0,0.0,0.0,0.0,0.0,0.0,0.0,0.0,0.0,0.0,0.0,0.0,0.0,0.0,0.0,0.0,0.0,0.0,0.0,0.0,0.0,0.0,0.0,0.0,0.0,0.0,0.0,0.0,0.0,0.0,0.0,0.0,0.0,0.0,0.0,0.0
0.0,0.0,0.0,0.0,0.0,0.0,0.0,0.0,0.0,0.0,0.0,0.0,0.0,0.0,0.0,0.0,0.0,0.0,0.0,0.0,0.0,0.0,0.0,0.0,0.0,0.0,0.0,0.0,0.0,0.0,0.0,0.0,0.0,0.0,0.0,0.0,0.0
0.0,0.0,0.0,0.0,0.0,0.0,0.0,0.0,0.0,0.0,0.0,0.0,0.0,0.0,0.0,0.0,0.0,0.0,0.0,0.0,0.0,0.0,0.0,0.0,0.0,0.0,0.0,0.0,0.0,0.0,0.0,0.0,0.0,0.0,0.0,0.0,0.0
0.0,0.0,0.0,0.0,0.0,0.1192304422147468,0.0,0.0,0.0,0.0,1.7397643111646135,0.0,0.0,2.4298893939703534,0.0,0.0,0.0,0.0,0.0,0.0,0.0,0.0,0.0,0.0,0.0,0.0,0.0,0.0,0.0,0.0,0.0,1.7082027941941955,0.1676210165023512,0.0,0.0,0.0,0.0
0.0,0.0,0.0,0.0,2.119740694761079,0.0,0.0,0.0,0.0,0.0,1.6497518042100512,0.0,0.0,2.061260826885624,0.0450651146471498,0.00685026217252,3.5951910376547325,0.0,0.0,0.0,0.0,40.09804887771562,0.0,0.0,0.0,0.0,0.0,0.0,0.0,0.0,0.0,1.9162600636481943,0.0,0.0,0.0,0.0,0.0
0.0,0.0,0.0,0.067695045843719,4.755554810166169,0.314580409787569,9.878834557905703,0.0,0.0,0.0,2.109749449835973,0.0,0.0,28.031453788280466,0.1317860987037414,0.0,0.0,0.0,0.0,0.0,0.0,32.6414631366728,0.0,0.0,0.0,0.0,0.0,0.0,101.92153985574818,0.3852398350834537,0.0,3.258067309856366,0.769931274466191,0.0,0.0,0.0,0.0
0.0,0.0,0.0,0.251686289906499,12.488531012087858,3.040871328674226,49.45039052367206,0.0,0.0,0.0,15.63066399218508,0.0,0.0,89.70937889069313,0.567238755896686,0.0,0.0,0.0,0.0,0.0,0.0,132.62619113922088,0.0,0.0,0.0,6.713986956328079,6.479768131673331,0.0,737.6516395926476,0.4688635960221102,0.0,9.720396876335116,1.2250765059143154,0.0,0.0,0.0,0.0
0.0,0.0,0.0,0.5541536659002291,31.85506721213445,27.41172508150336,212.9141764700412,0.0,0.0,0.0,115.17731526307745,0.0,0.0,273.8897336274385,2.323670840263365,0.0,0.0,0.0,0.0,0.0,0.0,339.3427162170408,0.0,0.0,0.0,47.92443029582495,14.300825226306914,0.0,1645.452075839043,0.5389620512723833,0.0,47.6966412514448,1.4684038413688412,0.0,0.0,0.0,0.0
0.0,0.0,0.0,1.124049533158537,61.217095971107405,141.25455227494237,615.3028678685425,0.0,0.0,0.0,457.1081843957304,0.0,0.0,610.0700187683104,4.942017209529874,0.016742686741053,5.187878501415056,0.0,0.0,0.0,0.0,647.4339195251464,0.0,0.0,0.0,109.13448321223258,29.58280665874481,0.0,2259.069505250454,0.5562713965773414,0.0,170.73592084646222,1.125234716571848,0.0,0.0,0.0,0.0
0.0,0.0,0.0,2.2368627041578257,90.80442255735392,258.1547420024872,980.4561416983604,0.0,0.0,0.0,1137.8820431649683,0.0,0.0,912.6460552215576,8.158936715126035,0.01410658750683,8.5698572993277,0.0,0.0,0.0,0.0,962.310870361328,0.0,0.0,0.0,228.68331730365747,46.06796112060546,0.0,2592.8285569429404,0.5215355530381101,0.0,324.41938948631287,0.5557707250118128,0.0,0.0,0.0,0.0
0.0,0.0,0.0,7.45842184126377,253.72064048051817,289.2249082326889,1164.0263495743277,0.0,0.0,0.0,1559.566722780466,0.0,0.0,1006.624562740326,13.717718070745466,0.249773798510431,212.3964072227476,0.0,0.0,0.0,0.0,922.641662597656,0.0,0.0,0.0,366.5793260097504,55.79605103731156,0.0,2635.4,43.121787873655535,0.0,373.883833527565,5.592652490362513,0.0,0.0,0.0,0.0
0.0,0.0,0.0,14.32222858071327,446.0937733650206,305.51799631118774,1268.681161057949,0.0,0.0,0.0,1803.5194930195808,0.0,0.0,1043.1670054793358,18.046042370796204,0.3458243291825049,396.2126299262047,0.0,0.0,0.0,0.0,259.9631692886349,0.0,0.0,0.0,477.4010291099548,59.85008373260498,0.0,2635.4,150.37726575136185,0.0,385.6074863672257,11.149380110204218,0.0,0.0,0.0,0.0
0.0,0.0,0.0,0.0,0.0,305.65984612703323,0.0,0.0,0.0,0.0,1852.1901061117649,0.0,0.0,0.0,0.0,0.5088340081274502,532.1233288764953,0.0,0.0,0.0,0.0,0.0,0.0,0.0,0.0,0.0,0.0,0.0,0.0,0.0,0.0,375.7118418216705,0.0,0.0,0.0,0.0,0.0
0.0,0.0,0.0,0.0,0.0,289.69431668519974,0.0,0.0,0.0,0.0,0.0,0.0,0.0,0.0,0.0,0.0,585.1785502672195,0.0,0.0,0.0,0.0,0.0,0.0,0.0,0.0,0.0,0.0,0.0,0.0,0.0,0.0,0.0,0.0,0.0,0.0,0.0,0.0
0.0,0.0,0.0,0.0,0.0,0.0,0.0,0.0,0.0,0.0,0.0,0.0,0.0,0.0,0.0,0.0,0.0,0.0,0.0,0.0,0.0,0.0,0.0,0.0,0.0,0.0,0.0,0.0,0.0,0.0,0.0,0.0,0.0,0.0,0.0,0.0,0.0
0.0,0.0,0.0,0.0,0.0,0.0,0.0,0.0,0.0,0.0,0.0,0.0,0.0,0.0,0.0,0.0,0.0,0.0,0.0,0.0,0.0,0.0,0.0,0.0,0.0,0.0,0.0,0.0,0.0,0.0,0.0,0.0,0.0,0.0,0.0,0.0,0.0
0.0,0.0,0.0,0.0,0.0,0.0,0.0,0.0,0.0,0.0,0.0,0.0,0.0,0.0,0.0,0.0,0.0,0.0,0.0,0.0,0.0,0.0,0.0,0.0,0.0,0.0,0.0,0.0,0.0,0.0,0.0,0.0,0.0,0.0,0.0,0.0,0.0
0.0,0.0,0.0,0.0,0.0,0.0,0.0,0.0,0.0,0.0,0.0,0.0,0.0,0.0,0.0,0.0,0.0,0.0,0.0,0.0,0.0,0.0,0.0,0.0,0.0,0.0,0.0,0.0,0.0,0.0,0.0,0.0,0.0,0.0,0.0,0.0,0.0
0.0,0.0,0.0,0.0,0.0,0.0,0.0,0.0,0.0,0.0,0.0,0.0,0.0,0.0,0.0,0.0,0.0,0.0,0.0,0.0,0.0,0.0,0.0,0.0,0.0,0.0,0.0,0.0,0.0,0.0,0.0,0.0,0.0,0.0,0.0,0.0,0.0
0.0,0.0,0.0,0.0,0.0,0.0,0.0,0.0,0.0,0.0,0.0,0.0,0.0,0.0,0.0,0.0,0.0,0.0,0.0,0.0,0.0,0.0,0.0,0.0,0.0,0.0,0.0,0.0,0.0,0.0,0.0,0.0,0.0,0.0,0.0,0.0,0.0
0.0,0.0,0.0,0.0,0.0,0.0,0.0,0.0,0.0,0.0,0.0,0.0,0.0,0.0,0.0,0.0,0.0,0.0,0.0,0.0,0.0,0.0,0.0,0.0,0.0,0.0,0.0,0.0,0.0,0.0,0.0,0.0,0.0,0.0,0.0,0.0,0.0
0.0,0.0,0.0,0.0,0.0,0.0,0.0,0.0,0.0,0.0,0.0,0.0,0.0,0.0,0.0,0.0,0.0,0.0,0.0,0.0,0.0,0.0,0.0,0.0,0.0,0.0,0.0,0.0,0.0,0.0,0.0,0.0,0.0,0.0,0.0,0.0,0.0
0.0,0.0,0.0,0.0,0.0,0.0,0.0,0.0,0.0,0.0,0.0,0.0,0.0,0.0,0.0,0.0,0.0,0.0,0.0,0.0,0.0,0.0,0.0,0.0,0.0,0.0,0.0,0.0,0.0,0.0,0.0,0.0,0.0,0.0,0.0,0.0,0.0
0.0,0.0,0.0,0.0,0.0,0.0,0.0,0.0,0.0,0.0,0.0,0.0,0.0,0.0,0.0,0.0,0.0,0.0,0.0,0.0,0.0,0.0,0.0,0.0,0.0,0.0,0.0,0.0,0.0,0.0,0.0,0.0,0.0,0.0,0.0,0.0,0.0
0.0,0.0,0.0,0.0,0.0,0.0,0.0,0.0,0.0,0.0,0.0,0.0,0.0,0.0,0.0,0.0,0.0,0.0,0.0,0.0,0.0,0.0,0.0,0.0,0.0,0.0,0.0,0.0,0.0,0.0,0.0,0.0,0.0,0.0,0.0,0.0,0.0
0.0,0.0,0.0,0.0,0.0,0.0,0.0,0.0,0.0,0.0,0.0,0.0,0.0,0.0,0.0,0.0,0.0,0.0,0.0,0.0,0.0,0.0,0.0,0.0,0.0,0.0,0.0,0.0,0.0,0.0,0.0,0.0,0.0,0.0,0.0,0.0,0.0
0.0,0.0,0.0,0.0,0.0,0.0,2.25970811806613,0.0,0.0,0.0,0.0,0.0,0.0,0.0,0.0,0.0,0.0,0.0,0.0,0.0,0.0,4.039517784118231,0.0,0.0,0.0,0.0,0.0,0.0,0.0,0.0,0.0,0.0,0.3009271398186529,0.0,0.0,0.0,0.0
0.0,0.0,0.0,0.0,0.0,0.0,2.5574960794299675,0.0,0.0,0.0,0.0,0.0,0.0,0.0,0.0,0.0288998708128923,0.0,0.0,0.0,0.0,0.0,0.0,0.0,0.0,0.0,0.0,0.0,0.0,0.0,0.0,0.0,0.0,0.2272873222827849,0.0,0.0,0.0,0.0
0.0,0.0,0.0,0.0,0.0,0.0,0.0,0.0,0.0,0.0,1.7023081909862898,0.0,0.0,0.4588182596489277,0.0,0.014561273157596,0.0,0.0,0.0,0.0,0.0,5.589261722564583,0.0,0.0,0.0,0.0,0.0,0.0,0.0,0.3882799535989424,0.0,2.066919595003116,0.0,0.0,0.0,0.0,0.0
0.0,0.0,0.0,0.0,4.7002693936228175,0.6232950435950944,11.9388651721178,0.0,0.0,0.0,2.5409080443436127,0.0,0.0,22.65416330657888,0.0,0.0149637041613448,0.0,0.0,0.0,0.0,0.0,0.0,0.0,0.0,0.0,28.98786766529077,0.8528543112799433,0.0,103.86345726251588,0.4359846264123598,0.0,4.059944704174984,0.9979627337306488,0.0,0.0,0.0,0.0
0.0,0.0,0.0,0.307740895077584,35.89110954105838,2.316296215169096,78.2537259578704,0.0,0.0,0.0,31.09792894460248,0.0,0.0,70.38765629753469,0.2302305556833734,0.046632720157504,0.0,0.0,0.0,0.0,0.0,69.79602384567235,0.0,0.0,0.0,123.4890048027038,2.3793402358889493,0.0,781.3286263346672,0.5192100673913687,0.0,11.537891745567304,1.7415206693112673,0.0,0.0,0.0,0.0
0.0,0.0,0.0,1.172259252518414,133.78662478923783,13.107442778535166,350.33212355822315,0.0,0.0,0.0,152.92529481798408,0.0,0.0,212.9119074717164,0.6019492998719198,0.1487843440845606,0.0,0.0,0.0,0.0,0.0,315.4453552246093,0.0,0.0,0.0,375.61982331275937,5.926607137918463,0.0,1799.9264370560643,0.6044329658150445,0.0,39.86278069019316,3.235644580796336,0.0,0.0,0.0,0.0
0.0,0.0,0.0,2.0792926400899847,308.3749984502791,62.30803061276674,849.2441202044487,0.0,0.0,0.0,536.8144012793897,0.0,0.0,519.6331132948397,1.2568457879126045,0.2222513873130083,0.0,0.0,0.0,0.0,0.0,739.8210556030273,0.0,0.0,0.0,616.0531222820282,13.32352333664894,0.0,2300.793176317215,0.6625964663922519,0.0,125.69145697355268,9.452269710600357,0.0,0.0,0.0,0.0
0.0,0.0,0.0,3.0676211044192265,585.3590737581252,154.69398400187492,1230.7048321723937,0.0,0.0,0.0,1163.0328912496566,0.0,0.0,853.6541037261486,1.333741116151211,0.2253964971750973,0.2358878731726792,0.0,0.0,0.0,0.0,962.310870361328,0.0,0.0,0.0,729.4263311862945,26.07726924419403,0.0,2474.5990008950234,0.6289589315652461,0.0,243.86642515659327,25.08335518836974,0.0,0.0,0.0,0.0
0.0,0.0,0.0,6.486132025718684,951.2923275232314,195.08764854073524,1413.3917852699756,0.0,0.0,0.0,1519.0351152420044,0.0,0.0,967.4294920265676,3.729249054193496,0.851429857313633,145.92572952508917,0.0,0.0,0.0,0.0,922.641662597656,0.0,0.0,0.0,745.7823474407196,38.87361749410629,0.0,2542.783305561543,58.95349792540071,0.0,303.50912034511566,61.73529802262781,0.0,0.0,0.0,0.0
0.0,0.0,0.0,10.48019602894783,446.0937733650206,220.6856587231159,1486.2972049891948,0.0,0.0,0.0,1730.1090913593769,0.0,0.0,1016.5892846882344,6.130105635523794,1.2732516452670093,280.3508680582046,0.0,0.0,0.0,0.0,259.9631692886349,0.0,0.0,0.0,741.8400166034698,45.59849835038185,0.0,2563.3668701887136,173.0483491718769,0.0,327.6052442789078,82.20834612846375,0.0,0.0,0.0,0.0
0.0,0.0,0.0,13.295929670333855,0.0,0.0,0.0,0.0,0.0,0.0,0.0,0.0,0.0,0.0,7.444877341389654,1.420447707176208,390.0434480667114,0.0,0.0,0.0,0.0,0.0,0.0,0.0,0.0,708.4813729286194,0.0,0.0,0.0,0.0,0.0,0.0,88.22939503192902,0.0,0.0,0.0,0.0
0.0,0.0,0.0,0.0,0.0,0.0,1451.5705682635307,0.0,0.0,0.0,0.0,0.0,0.0,0.0,0.0,1.410199597477913,0.0,0.0,0.0,0.0,0.0,0.0,0.0,0.0,0.0,654.2790344715119,41.13204793930053,0.0,0.0,0.0,0.0,0.0,0.0,0.0,0.0,0.0,0.0
0.0,0.0,0.0,0.0,0.0,0.0,0.0,0.0,0.0,0.0,0.0,0.0,0.0,0.0,0.0,0.0,0.0,0.0,0.0,0.0,0.0,0.0,0.0,0.0,0.0,0.0,0.0,0.0,0.0,0.0,0.0,0.0,0.0,0.0,0.0,0.0,0.0
0.0,0.0,0.0,0.0,0.0,0.0,0.0,0.0,0.0,0.0,0.0,0.0,0.0,0.0,0.0,0.0,0.0,0.0,0.0,0.0,0.0,0.0,0.0,0.0,0.0,0.0,0.0,0.0,0.0,0.0,0.0,0.0,0.0,0.0,0.0,0.0,0.0
0.0,0.0,0.0,0.0,0.0,0.0,0.0,0.0,0.0,0.0,0.0,0.0,0.0,0.0,0.0,0.0,0.0,0.0,0.0,0.0,0.0,0.0,0.0,0.0,0.0,0.0,0.0,0.0,0.0,0.0,0.0,0.0,0.0,0.0,0.0,0.0,0.0
0.0,0.0,0.0,0.0,0.0,0.0,0.0,0.0,0.0,0.0,0.0,0.0,0.0,0.0,0.0,0.0,0.0,0.0,0.0,0.0,0.0,0.0,0.0,0.0,0.0,0.0,0.0,0.0,0.0,0.0,0.0,0.0,0.0,0.0,0.0,0.0,0.0
0.0,0.0,0.0,0.0,0.0,0.0,0.0,0.0,0.0,0.0,0.0,0.0,0.0,0.0,0.0,0.0,0.0,0.0,0.0,0.0,0.0,0.0,0.0,0.0,0.0,0.0,0.0,0.0,0.0,0.0,0.0,0.0,0.0,0.0,0.0,0.0,0.0
0.0,0.0,0.0,0.0,0.0,0.0,0.0,0.0,0.0,0.0,0.0,0.0,0.0,0.0,0.0,0.0,0.0,0.0,0.0,0.0,0.0,0.0,0.0,0.0,0.0,0.0,0.0,0.0,0.0,0.0,0.0,0.0,0.0,0.0,0.0,0.0,0.0
0.0,0.0,0.0,0.0,0.0,0.0,0.0,0.0,0.0,0.0,0.0,0.0,0.0,0.0,0.0,0.0,0.0,0.0,0.0,0.0,0.0,0.0,0.0,0.0,0.0,0.0,0.0,0.0,0.0,0.0,0.0,0.0,0.0,0.0,0.0,0.0,0.0
0.0,0.0,0.0,0.0,0.0,0.0,0.0,0.0,0.0,0.0,0.0,0.0,0.0,0.0,0.0,0.0,0.0,0.0,0.0,0.0,0.0,0.0,0.0,0.0,0.0,0.0,0.0,0.0,0.0,0.0,0.0,0.0,0.0,0.0,0.0,0.0,0.0
0.0,0.0,0.0,0.0,0.0,0.0,0.0,0.0,0.0,0.0,0.0,0.0,0.0,0.0,0.0,0.0,0.0,0.0,0.0,0.0,0.0,0.0,0.0,0.0,0.0,0.0,0.0,0.0,0.0,0.0,0.0,0.0,0.0,0.0,0.0,0.0,0.0
0.0,0.0,0.0,0.0,0.0,0.0,0.0,0.0,0.0,0.0,0.0,0.0,0.0,0.0,0.0,0.0,0.0,0.0,0.0,0.0,0.0,0.0,0.0,0.0,0.0,0.0,0.0,0.0,0.0,0.0,0.0,0.0,0.0,0.0,0.0,0.0,0.0
0.0,0.0,0.0,0.0,0.0,0.0,0.0,0.0,0.0,0.0,0.0,0.0,0.0,0.0,0.0,0.0,0.0,0.0,0.0,0.0,0.0,0.0,0.0,0.0,0.0,0.0,0.0,0.0,0.0,0.0,0.0,0.0,0.0,0.0,0.0,0.0,0.0
0.0,0.0,0.0,0.0,0.0,0.0,0.0,0.0,0.0,0.0,0.0,0.0,0.0,0.0,0.0,0.0,0.0,0.0,0.0,0.0,0.0,0.0,0.0,0.0,0.0,0.0,0.0,0.0,0.0,0.0,0.0,0.0,0.0,0.0,0.0,0.0,0.0
0.0,0.0,0.0,0.0,0.0,0.0,0.0,0.0,0.0,0.0,0.0,0.0,0.0,1.0303231328725693,0.0,0.0,0.0,0.0,0.0,0.0,0.0,0.0,0.0,0.0,0.0,0.0,0.0,0.0,0.0,0.0,0.0,0.0,0.0,0.0,0.0,0.0,0.0
0.0,0.0,0.0,0.0,0.0,0.0,0.0,0.0,0.0,0.0,0.0,0.0,0.0,0.0,0.0,0.0,0.0,0.0,0.0,0.0,0.0,0.0,0.0,0.0,0.0,1.8149930635466385,0.048606420680872,0.0,0.0,0.0,0.0,0.0,0.1795883327722444,0.0,0.0,0.0,0.0
0.0,0.0,0.0,0.0220434125512788,2.1942993476984864,0.0,0.0,0.0,0.0,0.0,0.0,0.0,0.0,0.0,0.0761938132345661,0.0144789321348061,3.857676815986491,0.0,0.0,0.0,0.0,19.661709403991622,0.0,0.0,0.0,0.0,0.0,0.0,0.0,0.2935413084923864,0.0,0.0,0.0,0.0,0.0,0.0,0.0
0.0,0.0,0.0,0.0425616856664392,4.425972614437186,0.5464731720275938,9.690297469869206,0.0,0.0,0.0,4.664189672470014,0.0,0.0,42.43657913990308,0.1371808994561413,0.0,0.0,0.0,0.0,0.0,0.0,0.0,0.0,0.0,0.0,4.173047936707678,0.0,0.0,125.35531956925982,0.3153376109897706,0.0,0.0,0.1119954809546227,0.0,0.0,0.0,0.0
0.0,0.0,0.0,0.183124940842386,8.455097861587832,1.666015940718312,34.01230431031423,0.0,0.0,0.0,0.0,0.0,0.0,158.00033466890443,0.4827007714658957,0.0,0.0,0.0,0.0,0.0,0.0,17.193290615081686,0.0,0.0,0.0,25.96182558983564,0.0,0.0,881.862022024393,0.3783395275473492,0.0,0.0,0.2602700274437389,0.0,0.0,0.0,0.0
0.0,0.0,0.0,1.225135449320078,17.08505403250437,18.234076926484693,117.34416442364451,0.0,0.0,0.0,141.76780403293654,0.0,0.0,446.4839037507773,1.7773542299866674,0.0,0.0,0.0,0.0,0.0,0.0,61.61785192489598,0.0,0.0,0.0,110.82741633057591,0.3967555310577142,0.0,1821.5846001982688,0.4507898278534291,0.0,0.0,0.3527946062385847,0.0,0.0,0.0,0.0
0.0,0.0,0.0,3.17618206888437,25.459815211593902,99.4545452818274,346.5517260149121,0.0,0.0,0.0,518.5780936837195,0.0,0.0,820.58543369174,3.724512487649916,0.0050173904746758,0.0,0.0,0.0,0.0,0.0,140.05484809875446,0.0,0.0,0.0,352.0399689674377,2.387291043996805,0.0,2410.9322197914125,0.4800399854779207,0.0,230.3343735337257,0.3592230547219351,0.0,0.0,0.0,0.0
0.0,0.0,0.0,6.10233573615551,22.62717957422121,224.118610560894,642.5287748217581,0.0,0.0,0.0,1210.4389979302882,0.0,0.0,1098.5928635299206,6.314559754729269,0.0,1.5712375402449896,0.0,0.0,0.0,0.0,206.3109317779539,0.0,0.0,0.0,596.23810505867,4.572828228771678,0.0,2635.4,0.4654573746025461,0.0,342.5613985061645,0.13247930444775,0.0,0.0,0.0,0.0
0.0,0.0,0.0,13.055311828851698,114.45114648342124,257.5084337890148,850.2917499482631,0.0,0.0,0.0,1599.567384094,0.0,0.0,1158.8026475906372,12.247580078244209,0.2563047818839546,153.99782602787008,0.0,0.0,0.0,0.0,118.3703327178953,0.0,0.0,0.0,658.4847257137299,7.84671741873025,0.0,2635.4,32.19863326102493,0.0,363.53596818447113,3.634165544994163,0.0,0.0,0.0,0.0
0.0,0.0,0.0,20.94122171401977,216.4382555186747,274.9140449166298,1023.1214636683465,0.0,0.0,0.0,1823.1837611615656,0.0,0.0,1174.1289830207825,0.0,0.5300859101116657,297.84879637956607,0.0,0.0,0.0,0.0,96.72074422836305,0.0,0.0,0.0,680.0843165397644,11.777909506857386,0.0,2635.4,116.04087855517864,0.0,366.7928693294525,10.513768699020128,0.0,0.0,0.0,0.0
0.0,0.0,0.0,0.0,0.0,275.8756429553032,0.0,0.0,0.0,0.0,1883.46155038476,0.0,0.0,1176.7369984090328,0.0,0.0,413.4760186553001,0.0,0.0,0.0,0.0,0.0,0.0,0.0,0.0,675.0765388965607,14.434801501035688,0.0,0.0,0.0,0.0,363.43793857097626,0.0,0.0,0.0,0.0,0.0
0.0,0.0,0.0,0.0,0.0,0.0,0.0,0.0,0.0,0.0,0.0,0.0,0.0,0.0,0.0,0.0,0.0,0.0,0.0,0.0,0.0,0.0,0.0,0.0,0.0,0.0,0.0,0.0,0.0,0.0,0.0,0.0,0.0,0.0,0.0,0.0,0.0
0.0,0.0,0.0,0.0,0.0,0.0,0.0,0.0,0.0,0.0,0.0,0.0,0.0,0.0,0.0,0.0,0.0,0.0,0.0,0.0,0.0,0.0,0.0,0.0,0.0,0.0,0.0,0.0,0.0,0.0,0.0,0.0,0.0,0.0,0.0,0.0,0.0
0.0,0.0,0.0,0.0,0.0,0.0,0.0,0.0,0.0,0.0,0.0,0.0,0.0,0.0,0.0,0.0,0.0,0.0,0.0,0.0,0.0,0.0,0.0,0.0,0.0,0.0,0.0,0.0,0.0,0.0,0.0,0.0,0.0,0.0,0.0,0.0,0.0
0.0,0.0,0.0,0.0,0.0,0.0,0.0,0.0,0.0,0.0,0.0,0.0,0.0,0.0,0.0,0.0,0.0,0.0,0.0,0.0,0.0,0.0,0.0,0.0,0.0,0.0,0.0,0.0,0.0,0.0,0.0,0.0,0.0,0.0,0.0,0.0,0.0
0.0,0.0,0.0,0.0,0.0,0.0,0.0,0.0,0.0,0.0,0.0,0.0,0.0,0.0,0.0,0.0,0.0,0.0,0.0,0.0,0.0,0.0,0.0,0.0,0.0,0.0,0.0,0.0,0.0,0.0,0.0,0.0,0.0,0.0,0.0,0.0,0.0
0.0,0.0,0.0,0.0,0.0,0.0,0.0,0.0,0.0,0.0,0.0,0.0,0.0,0.0,0.0,0.0,0.0,0.0,0.0,0.0,0.0,0.0,0.0,0.0,0.0,0.0,0.0,0.0,0.0,0.0,0.0,0.0,0.0,0.0,0.0,0.0,0.0
0.0,0.0,0.0,0.0,0.0,0.0,0.0,0.0,0.0,0.0,0.0,0.0,0.0,0.0,0.0,0.0,0.0,0.0,0.0,0.0,0.0,0.0,0.0,0.0,0.0,0.0,0.0,0.0,0.0,0.0,0.0,0.0,0.0,0.0,0.0,0.0,0.0
0.0,0.0,0.0,0.0,0.0,0.0,0.0,0.0,0.0,0.0,0.0,0.0,0.0,0.0,0.0,0.0,0.0,0.0,0.0,0.0,0.0,0.0,0.0,0.0,0.0,0.0,0.0,0.0,0.0,0.0,0.0,0.0,0.0,0.0,0.0,0.0,0.0
0.0,0.0,0.0,0.0,0.0,0.0,0.0,0.0,0.0,0.0,0.0,0.0,0.0,0.0,0.0,0.0,0.0,0.0,0.0,0.0,0.0,0.0,0.0,0.0,0.0,0.0,0.0,0.0,0.0,0.0,0.0,0.0,0.0,0.0,0.0,0.0,0.0
0.0,0.0,0.0,0.0,0.0,0.0,0.0,0.0,0.0,0.0,0.0,0.0,0.0,0.0,0.0,0.0,0.0,0.0,0.0,0.0,0.0,0.0,0.0,0.0,0.0,0.0,0.0,0.0,0.0,0.0,0.0,0.0,0.0,0.0,0.0,0.0,0.0
0.0,0.0,0.0,0.0,0.0,0.0,0.0,0.0,0.0,0.0,0.0,0.0,0.0,0.0,0.0,0.0,0.0,0.0,0.0,0.0,0.0,0.0,0.0,0.0,0.0,0.0,0.0,0.0,0.0,0.0,0.0,0.0,0.0,0.0,0.0,0.0,0.0
0.0,0.0,0.0,0.0,0.0,0.0,0.0,0.0,0.0,0.0,0.0,0.0,0.0,0.0,0.0,0.0,0.0,0.0,0.0,0.0,0.0,0.0,0.0,0.0,0.0,0.0,0.0,0.0,0.0,0.0,0.0,0.0,0.0,0.0,0.0,0.0,0.0
0.0,0.0,0.0,0.0,0.0,0.0,0.0,0.0,0.0,0.0,0.0,0.0,0.0,0.0,0.0,0.0,0.0,0.0,0.0,0.0,0.0,0.0,0.0,0.0,0.0,0.0,0.0,0.0,0.0,0.0,0.0,0.0,0.0,0.0,0.0,0.0,0.0
0.0,0.0,0.0,0.0,0.0,0.0,0.0,0.0,0.0,0.0,0.0,0.0,0.0,0.0,0.0,0.0,0.0,0.0,0.0,0.0,0.0,0.0,0.0,0.0,0.0,0.0,0.0,0.0,0.0,0.0,0.0,0.0,0.0,0.0,0.0,0.0,0.0
0.0,0.0,0.0,0.0,0.0,0.0,0.0,0.0,0.0,0.0,0.0,0.0,0.0,0.0,0.0524667844176278,0.0170832499861712,1.170369112491572,0.0,0.0,0.0,0.0,0.0,0.0,0.0,0.0,0.0,0.0,0.0,0.0,0.0,0.0,0.0,0.3147691246121836,0.0,0.0,0.0,0.0
0.0,0.0,0.0,0.0215430203825196,2.5570322982964924,0.0,0.0,0.0,0.0,0.0,1.623846561554794,0.0,0.0,0.0,0.06476323753595,0.0,1.4302196145056745,0.0,0.0,0.0,0.0,15.3750042915341,0.0,0.0,0.0,8.642966830730376,0.5245440840721051,0.0,0.0,0.3477567553520015,0.0,1.768794029951043,0.0,0.0,0.0,0.0,0.0
0.0,0.0,0.0,0.039726207032795,5.289240185171299,0.3081179098225864,6.557965000718753,0.0,0.0,0.0,2.0487094934096937,0.0,0.0,17.294949742499625,0.1792515322566001,0.0,0.0,0.0,0.0,0.0,0.0,23.16792793273912,0.0,0.0,0.0,5.467533706873593,0.7396574519574595,0.0,55.96800178661933,0.3292641654610356,0.0,3.497193902730895,0.0,0.0,0.0,0.0,0.0
0.0,0.0,0.0,0.06818879768252,10.842900108545928,1.6035645133815637,18.967827234044663,0.0,0.0,0.0,5.929659186908885,0.0,0.0,65.71275229565796,0.7689887177199096,0.0,0.0,0.0,0.0,0.0,0.0,73.7568012237547,0.0,0.0,0.0,12.429267260432198,1.1999808534979777,0.0,387.00677472651006,0.397631686180805,0.0,13.129765108227694,0.2545374166220215,0.0,0.0,0.0,0.0
0.0,0.0,0.0,0.9651664160192004,21.812112830579192,19.032155128195864,66.69296627193685,0.0,0.0,0.0,64.22713405489917,0.0,0.0,202.7528476342558,2.731077803671357,0.0073081925511348,0.0,0.0,0.0,0.0,0.0,158.44718780517573,0.0,0.0,0.0,50.203901544213245,2.0449241399764992,0.0,1065.112956500053,0.4530684523284287,0.0,56.65882463753224,0.4238936612382381,0.0,0.0,0.0,0.0
0.0,0.0,0.0,3.430045001208777,33.57888084650031,104.33719957619904,202.0659047409892,0.0,0.0,0.0,277.8190192349254,0.0,0.0,472.75625593960285,6.2396251380443575,0.0489626042544834,0.0,0.0,0.0,0.0,0.0,276.1843379974364,0.0,0.0,0.0,114.17427244186402,3.424496167153112,0.0,1732.822857105732,0.5061094410717376,0.0,192.66631513834,0.4063779264688321,0.0,0.0,0.0,0.0
0.0,0.0,0.0,5.69350020587444,38.97581270337086,232.78177535533905,491.3214408963919,0.0,0.0,0.0,848.0003901928662,0.0,0.0,794.8737433552742,11.320086497068406,0.0195122677832836,0.9662271261215124,0.0,0.0,0.0,0.0,409.11019592285135,0.0,0.0,0.0,206.406927382946,5.808198848366735,0.0,2151.699504697323,0.4998388305306378,0.0,329.5665900707245,0.3134268401190451,0.0,0.0,0.0,0.0
0.0,0.0,0.0,12.063080698251724,137.8148336708544,268.534688770771,699.858918583393,0.0,0.0,0.0,1272.4533813834191,0.0,0.0,931.1087465286256,17.912313866615296,0.2367471121251574,153.90902334451658,0.0,0.0,0.0,0.0,441.5228942871091,0.0,0.0,0.0,294.0073032140732,11.821218620240687,0.0,2299.993471443653,39.49613315984606,0.0,371.1035529375076,4.369372337125217,0.0,0.0,0.0,0.0
0.0,0.0,0.0,18.95775723457336,252.5823923051356,286.8546856343746,873.1182919621467,0.0,0.0,0.0,1525.2033135056497,0.0,0.0,0.0,22.296845144033437,0.3450482338666909,282.8740532040595,0.0,0.0,0.0,0.0,497.7767311096188,0.0,0.0,0.0,376.4723530292511,19.84962301552296,0.0,2404.783398818969,141.14186602830887,0.0,377.02942872047424,9.232544369995567,0.0,0.0,0.0,0.0
0.0,0.0,0.0,22.160474061965942,0.0,287.80555844306946,0.0,0.0,0.0,0.0,1581.9715685248375,0.0,0.0,0.0,23.769024002552037,0.4932397007942196,380.4871394276618,0.0,0.0,0.0,0.0,426.7688587188718,0.0,0.0,0.0,0.0,0.0,0.0,0.0,200.63971503973008,0.0,366.5646239519119,0.0,0.0,0.0,0.0,0.0
0.0,0.0,0.0,0.0,0.0,0.0,0.0,0.0,0.0,0.0,1497.4270278811457,0.0,0.0,0.0,23.630638432502742,0.6507952101528643,415.65079575777054,0.0,0.0,0.0,0.0,0.0,0.0,0.0,0.0,0.0,0.0,0.0,0.0,0.0,0.0,345.13571643829346,0.0,0.0,0.0,0.0,0.0
0.0,0.0,0.0,0.0,0.0,0.0,0.0,0.0,0.0,0.0,0.0,0.0,0.0,0.0,0.0,0.0,0.0,0.0,0.0,0.0,0.0,0.0,0.0,0.0,0.0,0.0,0.0,0.0,0.0,0.0,0.0,0.0,0.0,0.0,0.0,0.0,0.0
0.0,0.0,0.0,0.0,0.0,0.0,0.0,0.0,0.0,0.0,0.0,0.0,0.0,0.0,0.0,0.0,0.0,0.0,0.0,0.0,0.0,0.0,0.0,0.0,0.0,0.0,0.0,0.0,0.0,0.0,0.0,0.0,0.0,0.0,0.0,0.0,0.0
0.0,0.0,0.0,0.0,0.0,0.0,0.0,0.0,0.0,0.0,0.0,0.0,0.0,0.0,0.0,0.0,0.0,0.0,0.0,0.0,0.0,0.0,0.0,0.0,0.0,0.0,0.0,0.0,0.0,0.0,0.0,0.0,0.0,0.0,0.0,0.0,0.0
0.0,0.0,0.0,0.0,0.0,0.0,0.0,0.0,0.0,0.0,0.0,0.0,0.0,0.0,0.0,0.0,0.0,0.0,0.0,0.0,0.0,0.0,0.0,0.0,0.0,0.0,0.0,0.0,0.0,0.0,0.0,0.0,0.0,0.0,0.0,0.0,0.0
0.0,0.0,0.0,0.0,0.0,0.0,0.0,0.0,0.0,0.0,0.0,0.0,0.0,0.0,0.0,0.0,0.0,0.0,0.0,0.0,0.0,0.0,0.0,0.0,0.0,0.0,0.0,0.0,0.0,0.0,0.0,0.0,0.0,0.0,0.0,0.0,0.0
0.0,0.0,0.0,0.0,0.0,0.0,0.0,0.0,0.0,0.0,0.0,0.0,0.0,0.0,0.0,0.0,0.0,0.0,0.0,0.0,0.0,0.0,0.0,0.0,0.0,0.0,0.0,0.0,0.0,0.0,0.0,0.0,0.0,0.0,0.0,0.0,0.0
0.0,0.0,0.0,0.0,0.0,0.0,0.0,0.0,0.0,0.0,0.0,0.0,0.0,0.0,0.0,0.0,0.0,0.0,0.0,0.0,0.0,0.0,0.0,0.0,0.0,0.0,0.0,0.0,0.0,0.0,0.0,0.0,0.0,0.0,0.0,0.0,0.0
0.0,0.0,0.0,0.0,0.0,0.0,0.0,0.0,0.0,0.0,0.0,0.0,0.0,0.0,0.0,0.0,0.0,0.0,0.0,0.0,0.0,0.0,0.0,0.0,0.0,0.0,0.0,0.0,0.0,0.0,0.0,0.0,0.0,0.0,0.0,0.0,0.0
0.0,0.0,0.0,0.0,0.0,0.0,0.0,0.0,0.0,0.0,0.0,0.0,0.0,0.0,0.0,0.0,0.0,0.0,0.0,0.0,0.0,0.0,0.0,0.0,0.0,0.0,0.0,0.0,0.0,0.0,0.0,0.0,0.0,0.0,0.0,0.0,0.0
0.0,0.0,0.0,0.0,0.0,0.0,0.0,0.0,0.0,0.0,0.0,0.0,0.0,0.0,0.0,0.0,0.0,0.0,0.0,0.0,0.0,0.0,0.0,0.0,0.0,0.0,0.0,0.0,0.0,0.0,0.0,0.0,0.0,0.0,0.0,0.0,0.0
0.0,0.0,0.0,0.0,0.0,0.0,0.0,0.0,0.0,0.0,0.0,0.0,0.0,0.0,0.0,0.0,0.0,0.0,0.0,0.0,0.0,0.0,0.0,0.0,0.0,0.0,0.0,0.0,0.0,0.0,0.0,0.0,0.0,0.0,0.0,0.0,0.0
0.0,0.0,0.0,0.0,0.0,0.0,0.0,0.0,0.0,0.0,0.0,0.0,0.0,0.0,0.0,0.0,0.0,0.0,0.0,0.0,0.0,0.0,0.0,0.0,0.0,0.0,0.0,0.0,0.0,0.0,0.0,0.0,0.0,0.0,0.0,0.0,0.0
0.0,0.0,0.0,0.0,0.0,0.0,0.0,0.0,0.0,0.0,0.0,0.0,0.0,0.0,0.0,0.0,0.0,0.0,0.0,0.0,0.0,0.0,0.0,0.0,0.0,0.0,0.0,0.0,0.0,0.0,0.0,0.0,0.3226181734353195,0.0,0.0,0.0,0.0
0.0,0.0,0.0,0.0,0.0,0.0,0.0,0.0,0.0,0.0,0.0,0.0,0.0,0.0,0.0,0.0138917332515117,0.0,0.0,0.0,0.0,0.0,0.0,0.0,0.0,0.0,0.0,0.0,0.0,0.0,0.0,0.0,0.0,0.24139072373508,0.0,0.0,0.0,0.0
0.0,0.0,0.0,0.0,0.0,0.0,0.0,0.0,0.0,0.0,1.7087267578579286,0.0,0.0,0.0,0.0,0.0,1.0040402770042165,0.0,0.0,0.0,0.0,29.53162450790366,0.0,0.0,0.0,0.0,0.0,0.0,0.0,0.0,0.0,1.9945097267627223,0.0,0.0,0.0,0.0,0.0
0.0,0.0,0.0,0.0520085655152792,4.481782231479706,0.3775961259379588,0.0,0.0,0.0,0.0,2.125574427516949,0.0,0.0,26.74110300838933,0.0,0.0,0.0,0.0,0.0,0.0,0.0,0.0,0.0,0.0,0.0,6.202948930114425,0.0,0.0,69.98910905197262,0.3346971325576052,0.0,4.87710782885547,0.0,0.0,0.0,0.0,0.0
0.0,0.0,0.0,0.3706292659044223,22.62916798889623,1.5951496656052335,36.41156228613101,0.0,0.0,0.0,12.575053210649637,0.0,0.0,84.9665715731679,0.0,0.0,0.0,0.0,0.0,0.0,0.0,23.944510173797536,0.0,0.0,0.0,19.614100272953493,0.3472325395792695,0.0,530.2530658870934,0.3824310936033612,0.0,17.687182292342133,0.0416853148490162,0.0,0.0,0.0,0.0
0.0,0.0,0.0,2.063481263816353,96.91652154922484,19.773884288966624,167.8746652930974,0.0,0.0,0.0,88.97843323871483,0.0,0.0,266.0948222130537,0.0,0.0,0.0,0.0,0.0,0.0,0.0,123.39461059570306,0.0,0.0,0.0,73.83123492002481,1.6031512826681102,0.0,1559.025514960289,0.4269492067396361,0.0,70.95606879889962,0.477830084972055,0.0,0.0,0.0,0.0
0.0,0.0,0.0,5.54019935429096,237.8976208269594,109.29051929712293,556.9433632850646,0.0,0.0,0.0,349.3835690528154,0.0,0.0,619.5066733658313,0.0,0.0156104341149327,0.0,0.0,0.0,0.0,0.0,309.9714328765869,0.0,0.0,0.0,196.81030194759364,3.8945870563387857,0.0,2218.300579071045,0.4596875928342006,0.0,0.0,0.8974624909460389,0.0,0.0,0.0,0.0
0.0,0.0,0.0,11.179033130407332,455.16438114643097,0.0,0.0,0.0,0.0,0.0,975.233685413003,0.0,0.0,929.8513999581336,0.0,0.0028841756284224,0.7332809567449947,0.0,0.0,0.0,0.0,573.5360527038572,0.0,0.0,0.0,423.6523036479949,6.800772406160832,0.0,2555.8371406435967,0.4317612633109026,0.0,355.53187894821167,0.607526038773332,0.0,0.0,0.0,0.0
0.0,0.0,0.0,21.246748030185696,813.0290147066115,274.6891876757145,1225.491162902117,0.0,0.0,0.0,0.0,0.0,0.0,1027.7069233357906,0.0,0.3402738831937302,168.29842875003808,0.0,0.0,0.0,0.0,675.6516563415528,0.0,0.0,0.0,530.0612125873565,11.480555722117424,0.0,0.0,27.339407991617897,0.0,388.3829946517944,3.424318097531774,0.0,0.0,0.0,0.0
0.0,0.0,0.0,18.95775723457336,1049.2122240066528,294.30411633849144,0.0,0.0,0.0,0.0,1661.4664918661117,0.0,0.0,1067.4494542181492,0.0,0.557287722826003,315.8515333294868,0.0,0.0,0.0,0.0,739.4389732360837,0.0,0.0,0.0,567.3470594882965,17.62315383851528,0.0,0.0,100.15335977673529,0.0,396.1653331518173,4.6183444168418415,0.0,0.0,0.0,0.0
0.0,0.0,0.0,0.0,0.0,0.0,0.0,0.0,0.0,0.0,0.0,0.0,0.0,1082.733817398548,0.0,0.7228472009301179,411.97452400922776,0.0,0.0,0.0,0.0,742.327847290039,0.0,0.0,0.0,0.0,0.0,0.0,0.0,0.0,0.0,384.045578956604,3.642562804743623,0.0,0.0,0.0,0.0
0.0,0.0,0.0,0.0,0.0,0.0,1320.1174695312975,0.0,0.0,0.0,0.0,0.0,0.0,0.0,0.0,0.8422799184918404,438.8541585922241,0.0,0.0,0.0,0.0,679.9320381164547,0.0,0.0,0.0,0.0,20.003830793499944,0.0,0.0,0.0,0.0,0.0,0.0,0.0,0.0,0.0,0.0
0.0,0.0,0.0,0.0,0.0,0.0,0.0,0.0,0.0,0.0,0.0,0.0,0.0,0.0,0.0,0.0,323.5283383846283,0.0,0.0,0.0,0.0,0.0,0.0,0.0,0.0,0.0,0.0,0.0,0.0,0.0,0.0,0.0,0.0,0.0,0.0,0.0,0.0
0.0,0.0,0.0,0.0,0.0,0.0,0.0,0.0,0.0,0.0,0.0,0.0,0.0,0.0,0.0,0.0,0.0,0.0,0.0,0.0,0.0,0.0,0.0,0.0,0.0,0.0,0.0,0.0,0.0,0.0,0.0,0.0,0.0,0.0,0.0,0.0,0.0
0.0,0.0,0.0,0.0,0.0,0.0,0.0,0.0,0.0,0.0,0.0,0.0,0.0,0.0,0.0,0.0,0.0,0.0,0.0,0.0,0.0,0.0,0.0,0.0,0.0,0.0,0.0,0.0,0.0,0.0,0.0,0.0,0.0,0.0,0.0,0.0,0.0
0.0,0.0,0.0,0.0,0.0,0.0,0.0,0.0,0.0,0.0,0.0,0.0,0.0,0.0,0.0,0.0,0.0,0.0,0.0,0.0,0.0,0.0,0.0,0.0,0.0,0.0,0.0,0.0,0.0,0.0,0.0,0.0,0.0,0.0,0.0,0.0,0.0
0.0,0.0,0.0,0.0,0.0,0.0,0.0,0.0,0.0,0.0,0.0,0.0,0.0,0.0,0.0,0.0,0.0,0.0,0.0,0.0,0.0,0.0,0.0,0.0,0.0,0.0,0.0,0.0,0.0,0.0,0.0,0.0,0.0,0.0,0.0,0.0,0.0
0.0,0.0,0.0,0.0,0.0,0.0,0.0,0.0,0.0,0.0,0.0,0.0,0.0,0.0,0.0,0.0,0.0,0.0,0.0,0.0,0.0,0.0,0.0,0.0,0.0,0.0,0.0,0.0,0.0,0.0,0.0,0.0,0.0,0.0,0.0,0.0,0.0
0.0,0.0,0.0,0.0,0.0,0.0,0.0,0.0,0.0,0.0,0.0,0.0,0.0,0.0,0.0,0.0,0.0,0.0,0.0,0.0,0.0,0.0,0.0,0.0,0.0,0.0,0.0,0.0,0.0,0.0,0.0,0.0,0.0,0.0,0.0,0.0,0.0
0.0,0.0,0.0,0.0,0.0,0.0,0.0,0.0,0.0,0.0,0.0,0.0,0.0,0.0,0.0,0.0,0.0,0.0,0.0,0.0,0.0,0.0,0.0,0.0,0.0,0.0,0.0,0.0,0.0,0.0,0.0,0.0,0.0,0.0,0.0,0.0,0.0
0.0,0.0,0.0,0.0,0.0,0.0,0.0,0.0,0.0,0.0,0.0,0.0,0.0,0.0,0.0,0.0,0.0,0.0,0.0,0.0,0.0,0.0,0.0,0.0,0.0,0.0,0.0,0.0,0.0,0.0,0.0,0.0,0.0,0.0,0.0,0.0,0.0
0.0,0.0,0.0,0.0,0.0,0.0,0.0,0.0,0.0,0.0,0.0,0.0,0.0,0.0,0.0,0.0,0.0,0.0,0.0,0.0,0.0,0.0,0.0,0.0,0.0,0.0,0.0,0.0,0.0,0.0,0.0,0.0,0.0,0.0,0.0,0.0,0.0
0.0,0.0,0.0,0.0,0.0,0.0,0.0,0.0,0.0,0.0,0.0,0.0,0.0,0.0,0.0,0.0,0.0,0.0,0.0,0.0,0.0,0.0,0.0,0.0,0.0,0.0,0.0,0.0,0.0,0.0,0.0,0.0,0.0,0.0,0.0,0.0,0.0
0.0,0.0,0.0,0.0,0.0,0.0,0.0,0.0,0.0,0.0,0.0,0.0,0.0,0.0,0.0,0.0,0.0,0.0,0.0,0.0,0.0,0.0,0.0,0.0,0.0,0.0,0.0,0.0,0.0,0.0,0.0,0.0,0.0,0.0,0.0,0.0,0.0
0.0,0.0,0.0,0.0,0.0,0.0,0.0,0.0,0.0,0.0,0.0,0.0,0.0,2.186508956365217,0.0,0.0,0.0,0.0,0.0,0.0,0.0,0.0,0.0,0.0,0.0,0.0,0.0,0.0,0.0,0.0,0.0,0.0,0.0,0.0,0.0,0.0,0.0
0.0,0.0,0.0,0.0,0.0,0.0,0.0,0.0,0.0,0.0,1.5729387865400692,0.0,0.0,2.683839714154495,0.0,0.0,1.759200155734823,0.0,0.0,0.0,0.0,0.0,0.0,0.0,0.0,0.0,0.0,0.0,0.0,0.2779658265411658,0.0,1.7144821435212871,0.146262893453227,0.0,0.0,0.0,0.0
0.0,0.0,0.0,0.0,3.063654344528828,0.0,0.0,0.0,0.0,0.0,1.5613349330610284,0.0,0.0,1.3624763581901354,0.0614213325083252,0.0,2.5413256525992085,0.0,0.0,0.0,0.0,36.97730355262719,0.0,0.0,0.0,0.0,0.1848760429769707,0.0,0.0,0.3368468888103937,0.0,1.923624843358935,0.0,0.0,0.0,0.0,0.0
0.0,0.0,0.0,0.0,5.284674122929473,0.3977670599706197,3.7029019549488873,0.0,0.0,0.0,2.1317874476778056,0.0,0.0,20.30651698820288,0.2055622022598947,0.0,0.0,0.0,0.0,0.0,0.0,9.180306339263678,0.0,0.0,0.0,0.0,0.2652200307697013,0.0,87.31297506093966,0.3885084018111049,0.0,3.2235264033078725,0.0,0.0,0.0,0.0,0.0
0.0,0.0,0.0,0.2433433793485132,10.182927738875112,1.3869462218135165,10.569466673582644,0.0,0.0,0.0,7.36725500016451,0.0,0.0,60.19371442496763,0.6428925398737179,0.0,0.0,0.0,0.0,0.0,0.0,66.72687101364116,0.0,0.0,0.0,12.449243378639204,0.7652661949396057,0.0,634.2514173865317,0.5033270590007105,0.0,7.372427061200093,0.1469794698059307,0.0,0.0,0.0,0.0
0.0,0.0,0.0,1.0582131445407843,28.95758048444985,15.70490036532281,53.56468321532,0.0,0.0,0.0,52.42769334502506,0.0,0.0,155.43934458866715,2.2849383205175378,0.0098539115861056,0.0783228635787963,0.0,0.0,0.0,0.0,176.14231376647942,0.0,0.0,0.0,78.10140020251268,1.744493962451814,0.0,1577.9771538496018,0.5982707217335581,0.0,30.176231749355747,0.3499678680673175,0.0,0.0,0.0,0.0
0.0,0.0,0.0,2.158017851412296,76.35485550761216,85.0408475026488,229.2941236421466,0.0,0.0,0.0,204.52972484901537,0.0,0.0,379.4945088028907,4.96837272942066,0.0251558059826489,4.319585597515047,0.0,0.0,0.0,0.0,352.95162506103514,0.0,0.0,0.0,252.5560605049133,5.460507749021046,0.0,2029.336962020397,0.6245012626051588,0.0,97.36243262886998,0.2879299838095852,0.0,0.0,0.0,0.0
0.0,0.0,0.0,2.1004257500171644,112.38139796257,175.5644964426756,551.3338522613049,0.0,0.0,0.0,607.2160737603901,0.0,0.0,695.3705587983131,6.825362053513526,0.0172742530703534,4.198117744922604,0.0,0.0,0.0,0.0,498.1076496124264,0.0,0.0,0.0,431.1497038602829,10.115307514369483,0.0,2330.664061892033,0.6048049263655875,0.0,235.3652088046074,0.1553524434566242,0.0,0.0,0.0,0.0
0.0,0.0,0.0,5.903303682804107,262.50494807958586,203.74264299869537,788.947520571947,0.0,0.0,0.0,933.5654596596956,0.0,0.0,805.9615188837051,12.28495899438858,0.2856878265738484,209.2512355804442,0.0,0.0,0.0,0.0,461.47303276062,0.0,0.0,0.0,514.1511647701263,16.828332030773158,0.0,2443.981347107888,56.20235468298197,0.0,287.9339299201965,3.5879136249422903,0.0,0.0,0.0,0.0
0.0,0.0,0.0,10.417315453290938,421.0172827243805,225.4250926077366,938.5344509840012,0.0,0.0,0.0,1166.5269649505617,0.0,0.0,855.620608329773,15.757212701439858,0.427602004259824,401.2333215951918,0.0,0.0,0.0,0.0,438.918527984619,0.0,0.0,0.0,526.1953811645508,23.5700041860342,0.0,2519.008618462085,0.0,0.0,313.7753541469574,9.595027219504118,0.0,0.0,0.0,0.0
0.0,0.0,0.0,13.32823747396469,505.61416238546354,228.9635668694973,996.7430442988872,0.0,0.0,0.0,1241.514744782448,0.0,0.0,874.8886933922768,17.459730121493337,0.6923057399690146,543.8326582670212,0.0,0.0,0.0,0.0,332.9877365112302,0.0,0.0,0.0,536.3906373977661,24.526525837183,0.0,0.0,0.0,0.0,317.220312833786,0.0,0.0,0.0,0.0,0.0
0.0,0.0,0.0,0.0,0.0,0.0,0.0,0.0,0.0,0.0,1194.227575480938,0.0,0.0,0.0,17.6939715385437,0.0,0.0,0.0,0.0,0.0,0.0,0.0,0.0,0.0,0.0,0.0,0.0,0.0,0.0,0.0,0.0,306.22811448574066,0.0,0.0,0.0,0.0,0.0
0.0,0.0,0.0,0.0,0.0,0.0,0.0,0.0,0.0,0.0,0.0,0.0,0.0,0.0,0.0,0.0,0.0,0.0,0.0,0.0,0.0,0.0,0.0,0.0,0.0,0.0,0.0,0.0,0.0,0.0,0.0,0.0,0.0,0.0,0.0,0.0,0.0
0.0,0.0,0.0,0.0,0.0,0.0,0.0,0.0,0.0,0.0,0.0,0.0,0.0,0.0,0.0,0.0,0.0,0.0,0.0,0.0,0.0,0.0,0.0,0.0,0.0,0.0,0.0,0.0,0.0,0.0,0.0,0.0,0.0,0.0,0.0,0.0,0.0
0.0,0.0,0.0,0.0,0.0,0.0,0.0,0.0,0.0,0.0,0.0,0.0,0.0,0.0,0.0,0.0,0.0,0.0,0.0,0.0,0.0,0.0,0.0,0.0,0.0,0.0,0.0,0.0,0.0,0.0,0.0,0.0,0.0,0.0,0.0,0.0,0.0
0.0,0.0,0.0,0.0,0.0,0.0,0.0,0.0,0.0,0.0,0.0,0.0,0.0,0.0,0.0,0.0,0.0,0.0,0.0,0.0,0.0,0.0,0.0,0.0,0.0,0.0,0.0,0.0,0.0,0.0,0.0,0.0,0.0,0.0,0.0,0.0,0.0
0.0,0.0,0.0,0.0,0.0,0.0,0.0,0.0,0.0,0.0,0.0,0.0,0.0,0.0,0.0,0.0,0.0,0.0,0.0,0.0,0.0,0.0,0.0,0.0,0.0,0.0,0.0,0.0,0.0,0.0,0.0,0.0,0.0,0.0,0.0,0.0,0.0
0.0,0.0,0.0,0.0,0.0,0.0,0.0,0.0,0.0,0.0,0.0,0.0,0.0,0.0,0.0,0.0,0.0,0.0,0.0,0.0,0.0,0.0,0.0,0.0,0.0,0.0,0.0,0.0,0.0,0.0,0.0,0.0,0.0,0.0,0.0,0.0,0.0
0.0,0.0,0.0,0.0,0.0,0.0,0.0,0.0,0.0,0.0,0.0,0.0,0.0,0.0,0.0,0.0,0.0,0.0,0.0,0.0,0.0,0.0,0.0,0.0,0.0,0.0,0.0,0.0,0.0,0.0,0.0,0.0,0.0,0.0,0.0,0.0,0.0
0.0,0.0,0.0,0.0,0.0,0.0,0.0,0.0,0.0,0.0,0.0,0.0,0.0,0.0,0.0,0.0,0.0,0.0,0.0,0.0,0.0,0.0,0.0,0.0,0.0,0.0,0.0,0.0,0.0,0.0,0.0,0.0,0.0,0.0,0.0,0.0,0.0
0.0,0.0,0.0,0.0,0.0,0.0,0.0,0.0,0.0,0.0,0.0,0.0,0.0,0.0,0.0,0.0,0.0,0.0,0.0,0.0,0.0,0.0,0.0,0.0,0.0,0.0,0.0,0.0,0.0,0.0,0.0,0.0,0.0,0.0,0.0,0.0,0.0
0.0,0.0,0.0,0.0,0.0,0.0,0.0,0.0,0.0,0.0,0.0,0.0,0.0,0.0,0.0,0.0,0.0,0.0,0.0,0.0,0.0,0.0,0.0,0.0,0.0,0.0,0.0,0.0,0.0,0.0,0.0,0.0,0.0,0.0,0.0,0.0,0.0
0.0,0.0,0.0,0.0,0.0,0.0,0.0,0.0,0.0,0.0,0.0,0.0,0.0,0.0,0.0,0.0,0.0,0.0,0.0,0.0,0.0,0.0,0.0,0.0,0.0,0.0,0.0,0.0,0.0,0.0,0.0,0.0,0.0,0.0,0.0,0.0,0.0
0.0,0.0,0.0,0.0,0.0,0.0,0.0,0.0,0.0,0.0,0.0,0.0,0.0,0.0,0.0,0.0,0.0,0.0,0.0,0.0,0.0,0.0,0.0,0.0,0.0,0.0,0.0,0.0,0.0,0.0,0.0,0.0,0.0,0.0,0.0,0.0,0.0
0.0,0.0,0.0,0.0,0.0,0.0,0.0,0.0,0.0,0.0,0.0,0.0,0.0,0.0,0.0,0.0,0.0,0.0,0.0,0.0,0.0,0.0,0.0,0.0,0.0,0.0,0.0,0.0,0.0,0.0,0.0,0.0,0.0,0.0,0.0,0.0,0.0
0.0,0.0,0.0,0.0,1.7161772549151588,0.0997826461680205,0.0,0.0,0.0,0.0,1.6716012076473687,0.0,0.0,1.617681407369524,0.0,0.0,2.0140252470969515,0.0,0.0,0.0,0.0,14.532633876800102,0.0,0.0,0.0,2.837205806188246,0.0,0.0,0.0,0.2576661527156552,0.0,0.0,0.2920520715415305,0.0,0.0,0.0,0.0
0.0,0.0,0.0,0.0221907123923285,2.913959629833541,0.0,0.0,0.0,0.0,0.0,1.6522522693499202,0.0,0.0,0.5919191148131983,0.0618844762444474,0.0,3.1560804605483326,0.0,0.0,0.0,0.0,27.8386166572567,0.0,0.0,0.0,2.993059357628222,0.0,0.0,0.0,0.3066829383372915,0.0,0.0,0.0,0.0,0.0,0.0,0.0
0.0,0.0,0.0,0.0512897931039274,4.452024985104609,0.3684693677350754,6.569881732389304,0.0,0.0,0.0,6.118407221790229,0.0,0.0,10.07289324421422,0.1291717294603561,0.0,0.0,0.0,0.0,0.0,0.0,13.89207553863487,0.0,0.0,0.0,0.0,0.0,0.0,63.57081376984706,0.3561273321509141,0.0,0.0,0.2327137645333933,0.0,0.0,0.0,0.0
0.0,0.0,0.0,0.1504283025860754,7.83540419116612,2.350369362626181,13.82725065127011,0.0,0.0,0.0,34.04713433925052,0.0,0.0,23.99075981229544,0.1863034252077328,0.0,0.0,0.0,0.0,0.0,0.0,73.9208430290221,0.0,0.0,0.0,2.842659745737904,0.0,0.0,479.2107752680778,0.4675514832138913,0.0,0.0,0.5885416772216515,0.0,0.0,0.0,0.0
0.0,0.0,0.0,0.3009595014154868,17.503496095537944,22.990827865898577,42.49012108165766,0.0,0.0,0.0,170.69282029494642,0.0,0.0,70.05530390888445,0.4541941568255399,0.0020180391147722,0.0,0.0,0.0,0.0,0.0,233.0153453826902,0.0,0.0,0.0,37.15643449425697,0.0,0.0,1302.3767215549944,0.5475171439349504,0.0,0.0,0.8430960122495851,0.0,0.0,0.0,0.0
0.0,0.0,0.0,0.5815901234745969,52.36771262437086,123.09307856857777,149.240296883881,0.0,0.0,0.0,625.2768571794034,0.0,0.0,201.6368501260877,1.2119974695146074,0.0394108397886151,0.8645544886588684,0.0,0.0,0.0,0.0,495.0099781036375,0.0,0.0,0.0,130.2789334774017,0.1535564292222232,0.0,1912.127811169624,0.5848420672118527,0.0,217.1293324828148,0.8096030261367531,0.0,0.0,0.0,0.0
0.0,0.0,0.0,0.8968028333038034,89.10604447126387,244.6895218193531,456.45255137383936,0.0,0.0,0.0,1328.7125247478484,0.0,0.0,448.2996360212565,2.038074863702056,0.0462773498147714,1.7425305008887404,0.0,0.0,0.0,0.0,785.8552246093749,0.0,0.0,0.0,313.71820371150966,0.3897452551871453,0.0,2252.6151596307755,0.5734108701348143,0.0,354.58721363544464,0.5227779233828157,0.0,0.0,0.0,0.0
0.0,0.0,0.0,4.352384984493252,252.41988226771335,277.75460743904114,715.7195614486932,0.0,0.0,0.0,1724.7977304518222,0.0,0.0,592.6757533848285,5.410679966211317,0.3711465243250128,177.1885640501976,0.0,0.0,0.0,0.0,957.6401901245116,0.0,0.0,0.0,447.4895696401596,0.5887535175308496,0.0,2379.755510878563,54.09909642785787,0.0,396.8223683834076,5.497323276475049,0.0,0.0,0.0,0.0
0.0,0.0,0.0,8.349117130041122,446.7533043026924,295.406898856163,912.998668640852,0.0,0.0,0.0,1957.547874391079,0.0,0.0,674.0677300840615,8.9636048913002,0.6016156449913974,336.6950368642806,0.0,0.0,0.0,0.0,1137.118068695068,0.0,0.0,0.0,502.33693113327024,1.0376858152449129,0.0,2455.2414619088177,158.7941179573536,0.0,408.7663366794586,13.34230677038429,0.0,0.0,0.0,0.0
0.0,0.0,0.0,11.943414330482478,530.3066387176513,295.9155887961388,0.0,0.0,0.0,0.0,2002.10165386796,0.0,0.0,720.0976766645907,10.803275620937344,0.914305418729781,459.3446270287037,0.0,0.0,0.0,0.0,1148.6558425903318,0.0,0.0,0.0,510.37399945259097,0.0,0.0,0.0,204.05193468928337,0.0,401.21285355091095,18.41607120633124,0.0,0.0,0.0,0.0
0.0,0.0,0.0,0.0,0.0,0.0,0.0,0.0,0.0,0.0,1909.9961134970188,0.0,0.0,0.0,0.0,0.0,510.240882974863,0.0,0.0,0.0,0.0,1037.193106842041,0.0,0.0,0.0,485.2599576950073,0.0,0.0,0.0,219.818703943491,0.0,0.0,0.0,0.0,0.0,0.0,0.0
0.0,0.0,0.0,0.0,0.0,0.0,0.0,0.0,0.0,0.0,0.0,0.0,0.0,0.0,0.0,0.0,387.8624198436737,0.0,0.0,0.0,0.0,0.0,0.0,0.0,0.0,0.0,0.0,0.0,0.0,0.0,0.0,0.0,0.0,0.0,0.0,0.0,0.0
0.0,0.0,0.0,0.0,0.0,0.0,0.0,0.0,0.0,0.0,0.0,0.0,0.0,0.0,0.0,0.0,272.62956973314283,0.0,0.0,0.0,0.0,0.0,0.0,0.0,0.0,0.0,0.0,0.0,0.0,0.0,0.0,0.0,0.0,0.0,0.0,0.0,0.0
0.0,0.0,0.0,0.0,0.0,0.0,0.0,0.0,0.0,0.0,0.0,0.0,0.0,0.0,0.0,0.0,0.0,0.0,0.0,0.0,0.0,0.0,0.0,0.0,0.0,0.0,0.0,0.0,0.0,0.0,0.0,0.0,0.0,0.0,0.0,0.0,0.0
0.0,0.0,0.0,0.0,0.0,0.0,0.0,0.0,0.0,0.0,0.0,0.0,0.0,0.0,0.0,0.0,0.0,0.0,0.0,0.0,0.0,0.0,0.0,0.0,0.0,0.0,0.0,0.0,0.0,0.0,0.0,0.0,0.0,0.0,0.0,0.0,0.0
0.0,0.0,0.0,0.0,0.0,0.0,0.0,0.0,0.0,0.0,0.0,0.0,0.0,0.0,0.0,0.0,0.0,0.0,0.0,0.0,0.0,0.0,0.0,0.0,0.0,0.0,0.0,0.0,0.0,0.0,0.0,0.0,0.0,0.0,0.0,0.0,0.0
0.0,0.0,0.0,0.0,0.0,0.0,0.0,0.0,0.0,0.0,0.0,0.0,0.0,0.0,0.0,0.0,0.0,0.0,0.0,0.0,0.0,0.0,0.0,0.0,0.0,0.0,0.0,0.0,0.0,0.0,0.0,0.0,0.0,0.0,0.0,0.0,0.0
0.0,0.0,0.0,0.0,0.0,0.0,0.0,0.0,0.0,0.0,0.0,0.0,0.0,0.0,0.0,0.0,0.0,0.0,0.0,0.0,0.0,0.0,0.0,0.0,0.0,0.0,0.0,0.0,0.0,0.0,0.0,0.0,0.0,0.0,0.0,0.0,0.0
0.0,0.0,0.0,0.0,0.0,0.0,0.0,0.0,0.0,0.0,0.0,0.0,0.0,0.0,0.0,0.0,0.0,0.0,0.0,0.0,0.0,0.0,0.0,0.0,0.0,0.0,0.0,0.0,0.0,0.0,0.0,0.0,0.0,0.0,0.0,0.0,0.0
0.0,0.0,0.0,0.0,0.0,0.0,0.0,0.0,0.0,0.0,0.0,0.0,0.0,0.0,0.0,0.0,0.0,0.0,0.0,0.0,0.0,0.0,0.0,0.0,0.0,0.0,0.0,0.0,0.0,0.0,0.0,0.0,0.0,0.0,0.0,0.0,0.0
0.0,0.0,0.0,0.0,0.0,0.0,0.0,0.0,0.0,0.0,0.0,0.0,0.0,0.0,0.0,0.0,0.0,0.0,0.0,0.0,0.0,0.0,0.0,0.0,0.0,0.0,0.0,0.0,0.0,0.0,0.0,0.0,0.0,0.0,0.0,0.0,0.0
0.0,0.0,0.0,0.0,0.0,0.0,0.0,0.0,0.0,0.0,0.0,0.0,0.0,0.0,0.0,0.0,0.0,0.0,0.0,0.0,0.0,0.0,0.0,0.0,0.0,0.0,0.0,0.0,0.0,0.0,0.0,0.0,0.0,0.0,0.0,0.0,0.0
0.0,0.0,0.0,0.0,0.0,0.0,0.0,0.0,0.0,0.0,0.0,0.0,0.0,0.0,0.0,0.0,0.0,0.0,0.0,0.0,0.0,0.0,0.0,0.0,0.0,0.0,0.0,0.0,0.0,0.0,0.0,0.0,0.0,0.0,0.0,0.0,0.0
0.0,0.0,0.0,0.0,0.0,0.0,0.0,0.0,0.0,0.0,0.0,0.0,0.0,4.541535698808589,0.0,0.0,0.0,0.0,0.0,0.0,0.0,0.0,0.0,0.0,0.0,0.0,0.0,0.0,0.0,0.0,0.0,0.0,0.0,0.0,0.0,0.0,0.0
0.0,0.0,0.0,0.0,0.0,0.0,1.9114822924136197,0.0,0.0,0.0,0.0,0.0,0.0,6.144225797615805,0.0,0.0,0.3444244861601803,0.0,0.0,0.0,0.0,0.0,0.0,0.0,0.0,2.492536383867178,0.8420164240524114,0.0,0.0,0.2740499898791067,0.0,1.6536128222941853,0.0,0.0,0.0,0.0,0.0
0.0,0.0,0.0,0.0,2.486233700066683,0.0,1.5486934613435954,0.0,0.0,0.0,1.6730591059660556,0.0,0.0,4.786725677549735,0.0,0.0072581656277169,1.0783182978628032,0.0,0.0,0.0,0.0,34.76289620399465,0.0,0.0,0.0,2.042647881619626,0.5863556358963203,0.0,0.0,0.3254947699606302,0.0,1.8579921871423648,0.0,0.0,0.0,0.0,0.0
0.0,0.0,0.0,0.0,4.798947181552547,0.2378787146880845,8.626835415884713,0.0,0.0,0.0,2.1328014074824613,0.0,0.0,38.11405197717245,0.0,0.0,0.0,0.0,0.0,0.0,0.0,8.766666698455671,0.0,0.0,0.0,0.0,0.4035530805587687,0.0,117.10453418493262,0.3777215458452405,0.0,3.188568368554088,0.0812705643474825,0.0,0.0,0.0,0.0
0.0,0.0,0.0,0.6361732892692039,10.69277578592298,1.4487576782703224,27.308496760204324,0.0,0.0,0.0,10.723415334382883,0.0,0.0,114.04075352475036,0.0,0.0,0.0,0.0,0.0,0.0,0.0,67.77399873733488,0.0,0.0,0.0,5.031560899317183,0.7528733748942582,0.0,794.3281110167503,0.4780864603817222,0.0,8.739688098430602,0.4445040998980232,0.0,0.0,0.0,0.0
0.0,0.0,0.0,1.9063726738095228,28.0127583518623,16.758847158402176,122.60463930666438,0.0,0.0,0.0,81.79379165768607,0.0,0.0,310.9758581221103,2.59551032334566,0.0,0.0,0.0,0.0,0.0,0.0,188.83436412811264,0.0,0.0,0.0,45.04740831255911,1.388869980350135,0.0,1636.917492222786,0.5706724204122953,0.0,38.047618150711024,0.6850813757627976,0.0,0.0,0.0,0.0
0.0,0.0,0.0,3.5191085711121506,70.02215087413771,90.844314686954,449.4308028161525,0.0,0.0,0.0,339.23852931708086,0.0,0.0,634.7833886742591,5.626446890830993,0.0106003563851107,4.102328515052695,0.0,0.0,0.0,0.0,394.5512756347656,0.0,0.0,0.0,133.37899014949798,4.67790956795215,0.0,2037.5082147836688,0.6061228968202742,0.0,125.9999883174896,0.650007064454235,0.0,0.0,0.0,0.0
0.0,0.0,0.0,4.163841187953948,99.43195873498917,185.3355269283056,796.0529979109764,0.0,0.0,0.0,909.0190629988908,0.0,0.0,936.6609194874763,7.817531526088712,0.0,4.433821761607933,0.0,0.0,0.0,0.0,617.3485488891599,0.0,0.0,0.0,264.769749212265,7.07968429625034,0.0,2303.4337260961534,0.5807417146861392,0.0,275.29451471567154,0.7015899196266938,0.0,0.0,0.0,0.0
0.0,0.0,0.0,8.10890671610832,240.7101417481899,213.9391697049141,987.6150205016136,0.0,0.0,0.0,1279.403148764372,0.0,0.0,1022.2647340595722,13.483311375975608,0.2573838718235486,211.5347944378851,0.0,0.0,0.0,0.0,820.2065818786618,0.0,0.0,0.0,389.5409940242768,10.269546753168104,0.0,2398.780192935467,52.58836840093135,0.0,318.8911221027374,6.444899722933752,0.0,0.0,0.0,0.0
0.0,0.0,0.0,12.457966685295103,396.8223002552986,235.6722381412983,1108.8436881244183,0.0,0.0,0.0,1497.2933080911637,0.0,0.0,1049.331099241972,17.066897410154343,0.4396687597036358,403.5725276827812,0.0,0.0,0.0,0.0,1025.825562286377,0.0,0.0,0.0,462.8530584812164,13.983739653229714,0.0,2449.04881503582,0.0,0.0,337.60616660118103,14.0450100302696,0.0,0.0,0.0,0.0
0.0,0.0,0.0,15.493718594312666,482.8545275926589,238.69395858049396,1157.8281531393527,0.0,0.0,0.0,1562.1349293351172,0.0,0.0,1058.229580372572,18.92627175450325,0.7292183935642242,549.4574410676955,0.0,0.0,0.0,0.0,1088.6352317810058,0.0,0.0,0.0,488.42001338005065,16.344597753882407,0.0,0.0,0.0,0.0,336.8806326389313,0.0,0.0,0.0,0.0,0.0
0.0,0.0,0.0,0.0,0.0,0.0,0.0,0.0,0.0,0.0,0.0,0.0,0.0,0.0,0.0,0.0,0.0,0.0,0.0,0.0,0.0,0.0,0.0,0.0,0.0,476.23803343772886,16.360446691513054,0.0,0.0,0.0,0.0,0.0,0.0,0.0,0.0,0.0,0.0
0.0,0.0,0.0,0.0,0.0,0.0,0.0,0.0,0.0,0.0,0.0,0.0,0.0,0.0,0.0,0.0,0.0,0.0,0.0,0.0,0.0,0.0,0.0,0.0,0.0,0.0,0.0,0.0,0.0,0.0,0.0,0.0,0.0,0.0,0.0,0.0,0.0
0.0,0.0,0.0,0.0,0.0,0.0,0.0,0.0,0.0,0.0,0.0,0.0,0.0,0.0,0.0,0.0,0.0,0.0,0.0,0.0,0.0,0.0,0.0,0.0,0.0,0.0,0.0,0.0,0.0,0.0,0.0,0.0,0.0,0.0,0.0,0.0,0.0
0.0,0.0,0.0,0.0,0.0,0.0,0.0,0.0,0.0,0.0,0.0,0.0,0.0,0.0,0.0,0.0,0.0,0.0,0.0,0.0,0.0,0.0,0.0,0.0,0.0,0.0,0.0,0.0,0.0,0.0,0.0,0.0,0.0,0.0,0.0,0.0,0.0
0.0,0.0,0.0,0.0,0.0,0.0,0.0,0.0,0.0,0.0,0.0,0.0,0.0,0.0,0.0,0.0,0.0,0.0,0.0,0.0,0.0,0.0,0.0,0.0,0.0,0.0,0.0,0.0,0.0,0.0,0.0,0.0,0.0,0.0,0.0,0.0,0.0
0.0,0.0,0.0,0.0,0.0,0.0,0.0,0.0,0.0,0.0,0.0,0.0,0.0,0.0,0.0,0.0,0.0,0.0,0.0,0.0,0.0,0.0,0.0,0.0,0.0,0.0,0.0,0.0,0.0,0.0,0.0,0.0,0.0,0.0,0.0,0.0,0.0
0.0,0.0,0.0,0.0,0.0,0.0,0.0,0.0,0.0,0.0,0.0,0.0,0.0,0.0,0.0,0.0,0.0,0.0,0.0,0.0,0.0,0.0,0.0,0.0,0.0,0.0,0.0,0.0,0.0,0.0,0.0,0.0,0.0,0.0,0.0,0.0,0.0
0.0,0.0,0.0,0.0,0.0,0.0,0.0,0.0,0.0,0.0,0.0,0.0,0.0,0.0,0.0,0.0,0.0,0.0,0.0,0.0,0.0,0.0,0.0,0.0,0.0,0.0,0.0,0.0,0.0,0.0,0.0,0.0,0.0,0.0,0.0,0.0,0.0
0.0,0.0,0.0,0.0,0.0,0.0,0.0,0.0,0.0,0.0,0.0,0.0,0.0,0.0,0.0,0.0,0.0,0.0,0.0,0.0,0.0,0.0,0.0,0.0,0.0,0.0,0.0,0.0,0.0,0.0,0.0,0.0,0.0,0.0,0.0,0.0,0.0
0.0,0.0,0.0,0.0,0.0,0.0,0.0,0.0,0.0,0.0,0.0,0.0,0.0,0.0,0.0,0.0,0.0,0.0,0.0,0.0,0.0,0.0,0.0,0.0,0.0,0.0,0.0,0.0,0.0,0.0,0.0,0.0,0.0,0.0,0.0,0.0,0.0
0.0,0.0,0.0,0.0,0.0,0.0,0.0,0.0,0.0,0.0,0.0,0.0,0.0,0.0,0.0,0.0,0.0,0.0,0.0,0.0,0.0,0.0,0.0,0.0,0.0,0.0,0.0,0.0,0.0,0.0,0.0,0.0,0.0,0.0,0.0,0.0,0.0
0.0,0.0,0.0,0.0,0.0,0.0,0.0,0.0,0.0,0.0,0.0,0.0,0.0,0.0,0.0,0.0,0.0,0.0,0.0,0.0,0.0,0.0,0.0,0.0,0.0,0.0,0.0,0.0,0.0,0.0,0.0,0.0,0.0,0.0,0.0,0.0,0.0
0.0,0.0,0.0,0.0,0.0,0.0,0.0,0.0,0.0,0.0,0.0,0.0,0.0,0.0,0.0,0.0,0.0,0.0,0.0,0.0,0.0,0.0,0.0,0.0,0.0,0.0,0.0,0.0,0.0,0.0,0.0,0.0,0.0,0.0,0.0,0.0,0.0
0.0,0.0,0.0,0.0,0.0,0.0,0.0,0.0,0.0,0.0,0.0,0.0,0.0,0.0,0.0,0.0,0.0,0.0,0.0,0.0,0.0,0.0,0.0,0.0,0.0,0.0,0.0,0.0,0.0,0.0,0.0,0.0,0.0,0.0,0.0,0.0,0.0
0.0,0.0,0.0,0.0,0.0,0.0,0.0,0.0,0.0,0.0,0.0,0.0,0.0,0.0,0.0,0.0317556792870161,0.3585201501845952,0.0,0.0,0.0,0.0,0.0,0.0,0.0,0.0,0.0,0.0,0.0,0.0,0.327322355657812,0.0,0.0,0.065907560288898,0.0,0.0,0.0,0.0
0.0,0.0,0.0,0.0223914235830251,2.220879860222321,0.0,0.0,0.0,0.0,0.0,1.7560130964963416,0.0,0.0,1.2082528090103477,0.0,0.0194918550550932,1.122076141834231,0.0,0.0,0.0,0.0,2.3967571258543208,0.0,0.0,0.0,0.8546795381232559,0.0,0.0,0.0,0.3776981152594089,0.0,0.0,0.0,0.0,0.0,0.0,0.0
0.0,0.0,0.0,0.0517803691327554,4.77645385637861,0.5058967727236341,6.35439458452164,0.0,0.0,0.0,2.3008422005455924,0.0,0.0,28.225877033546464,0.0837448082864277,0.0,0.0,0.0,0.0,0.0,0.0,0.0,0.0,0.0,0.0,3.5243723278864345,0.335959871113293,0.0,50.406039468199005,0.4372674509882795,0.0,4.69016262888903,0.4390206262469115,0.0,0.0,0.0,0.0
0.0,0.0,0.0,0.2004534304141985,8.986656874418236,1.3689139299094362,22.83062192201612,0.0,0.0,0.0,13.060243042558245,0.0,0.0,100.15807911753654,0.309181787073611,0.0,0.0,0.0,0.0,0.0,0.0,10.487734889983718,0.0,0.0,0.0,6.347663911431993,0.4133013624697879,0.0,370.3938916683195,0.5400720752775445,0.0,15.23146781325339,1.0629992689937238,0.0,0.0,0.0,0.0
0.0,0.0,0.0,1.7558203414082492,25.19148367643356,10.829277849756156,87.23190946243692,0.0,0.0,0.0,86.03196987956761,0.0,0.0,305.0844701752066,1.2623166896402829,0.0807204265147435,0.0,0.0,0.0,0.0,0.0,150.0920812606809,0.0,0.0,0.0,31.956069171428656,0.4742792025208456,0.0,1000.0322010457514,0.6300894573330837,0.0,54.80837215483187,1.3901485735550327,0.0,0.0,0.0,0.0
0.0,0.0,0.0,3.4436691105365718,74.1404907107353,52.88698394224047,326.5343594133853,0.0,0.0,0.0,333.90730030685654,0.0,0.0,672.0779632031916,2.852593539655208,0.1783653171733017,0.2209342122077086,0.0,0.0,0.0,0.0,402.0081626892088,0.0,0.0,0.0,113.9969402313232,0.9380097927525628,0.0,1634.2659466981888,0.6638968639075746,0.0,168.06500858068466,1.409377433359595,0.0,0.0,0.0,0.0
0.0,0.0,0.0,3.7953474521636954,129.69024619460092,141.4023901224136,731.4527751833199,0.0,0.0,0.0,909.031336468458,0.0,0.0,972.7333822846412,3.6001655861735338,0.1596567491069434,2.5223884344099643,0.0,0.0,0.0,0.0,783.0162582397459,0.0,0.0,0.0,250.05190250873565,0.9880509732291036,0.0,1978.6270963549612,0.64118676856158,0.0,292.08592540025705,0.8952489085495258,0.0,0.0,0.0,0.0
0.0,0.0,0.0,7.492016598582262,330.052431166172,169.6407097429037,1002.199604099989,0.0,0.0,0.0,1245.6327989637853,0.0,0.0,1056.0792537033558,7.3650607556104655,0.6690925210714329,187.67831207513808,0.0,0.0,0.0,0.0,1111.879447174072,0.0,0.0,0.0,398.3537965536117,1.6295031961053523,0.0,2104.009227871895,63.64479911476373,0.0,322.40938770771027,6.491935620084396,0.0,0.0,0.0,0.0
0.0,0.0,0.0,11.733141064643856,566.8622531890868,188.7272678017616,1189.571470373869,0.0,0.0,0.0,1430.438430982828,0.0,0.0,1082.707960307598,10.62901118695736,0.9853591471910472,358.91274507045733,0.0,0.0,0.0,0.0,1361.2445159912106,0.0,0.0,0.0,467.2087876319885,2.3675720594823297,0.0,2230.453548419476,177.87898619771002,0.0,329.7970601320267,12.369449313729984,0.0,0.0,0.0,0.0
0.0,0.0,0.0,14.598817378282543,0.0,194.24871200323105,0.0,0.0,0.0,0.0,1481.4321880936625,0.0,0.0,1091.1390107870102,12.42449941635132,1.1291674226522443,487.5741359412668,0.0,0.0,0.0,0.0,1356.4881439208982,0.0,0.0,0.0,0.0,0.0,0.0,0.0,0.0,0.0,325.07459473609924,0.0,0.0,0.0,0.0,0.0
0.0,0.0,0.0,0.0,0.0,0.0,0.0,0.0,0.0,0.0,0.0,0.0,0.0,0.0,0.0,1.1657631099224084,541.6640097141266,0.0,0.0,0.0,0.0,0.0,0.0,0.0,0.0,0.0,0.0,0.0,0.0,0.0,0.0,0.0,0.0,0.0,0.0,0.0,0.0
0.0,0.0,0.0,0.0,0.0,0.0,0.0,0.0,0.0,0.0,0.0,0.0,0.0,0.0,0.0,0.0,0.0,0.0,0.0,0.0,0.0,0.0,0.0,0.0,0.0,0.0,0.0,0.0,0.0,0.0,0.0,0.0,0.0,0.0,0.0,0.0,0.0
0.0,0.0,0.0,0.0,0.0,0.0,0.0,0.0,0.0,0.0,0.0,0.0,0.0,0.0,0.0,0.0,0.0,0.0,0.0,0.0,0.0,0.0,0.0,0.0,0.0,0.0,0.0,0.0,0.0,0.0,0.0,0.0,0.0,0.0,0.0,0.0,0.0
0.0,0.0,0.0,0.0,0.0,0.0,0.0,0.0,0.0,0.0,0.0,0.0,0.0,0.0,0.0,0.0,0.0,0.0,0.0,0.0,0.0,0.0,0.0,0.0,0.0,0.0,0.0,0.0,0.0,0.0,0.0,0.0,0.0,0.0,0.0,0.0,0.0
0.0,0.0,0.0,0.0,0.0,0.0,0.0,0.0,0.0,0.0,0.0,0.0,0.0,0.0,0.0,0.0,0.0,0.0,0.0,0.0,0.0,0.0,0.0,0.0,0.0,0.0,0.0,0.0,0.0,0.0,0.0,0.0,0.0,0.0,0.0,0.0,0.0
0.0,0.0,0.0,0.0,0.0,0.0,0.0,0.0,0.0,0.0,0.0,0.0,0.0,0.0,0.0,0.0,0.0,0.0,0.0,0.0,0.0,0.0,0.0,0.0,0.0,0.0,0.0,0.0,0.0,0.0,0.0,0.0,0.0,0.0,0.0,0.0,0.0
0.0,0.0,0.0,0.0,0.0,0.0,0.0,0.0,0.0,0.0,0.0,0.0,0.0,0.0,0.0,0.0,0.0,0.0,0.0,0.0,0.0,0.0,0.0,0.0,0.0,0.0,0.0,0.0,0.0,0.0,0.0,0.0,0.0,0.0,0.0,0.0,0.0
0.0,0.0,0.0,0.0,0.0,0.0,0.0,0.0,0.0,0.0,0.0,0.0,0.0,0.0,0.0,0.0,0.0,0.0,0.0,0.0,0.0,0.0,0.0,0.0,0.0,0.0,0.0,0.0,0.0,0.0,0.0,0.0,0.0,0.0,0.0,0.0,0.0
0.0,0.0,0.0,0.0,0.0,0.0,0.0,0.0,0.0,0.0,0.0,0.0,0.0,0.0,0.0,0.0,0.0,0.0,0.0,0.0,0.0,0.0,0.0,0.0,0.0,0.0,0.0,0.0,0.0,0.0,0.0,0.0,0.0,0.0,0.0,0.0,0.0
0.0,0.0,0.0,0.0,0.0,0.0,0.0,0.0,0.0,0.0,0.0,0.0,0.0,0.0,0.0,0.0,0.0,0.0,0.0,0.0,0.0,0.0,0.0,0.0,0.0,0.0,0.0,0.0,0.0,0.0,0.0,0.0,0.0,0.0,0.0,0.0,0.0
0.0,0.0,0.0,0.0,0.0,0.0,0.0,0.0,0.0,0.0,0.0,0.0,0.0,0.0,0.0,0.0,0.0,0.0,0.0,0.0,0.0,0.0,0.0,0.0,0.0,0.0,0.0,0.0,0.0,0.0,0.0,0.0,0.0,0.0,0.0,0.0,0.0
0.0,0.0,0.0,0.0,0.0,0.0,0.0,0.0,0.0,0.0,0.0,0.0,0.0,0.0,0.0,0.0,0.0,0.0,0.0,0.0,0.0,0.0,0.0,0.0,0.0,0.0,0.0,0.0,0.0,0.0,0.0,0.0,0.0,0.0,0.0,0.0,0.0
0.0,0.0,0.0,0.0,0.0,0.0,0.0,0.0,0.0,0.0,0.0,0.0,0.0,0.0,0.0,0.0,0.0,0.0,0.0,0.0,0.0,0.0,0.0,0.0,0.0,0.0,0.0,0.0,0.0,0.0,0.0,0.0,0.0,0.0,0.0,0.0,0.0
0.0,0.0,0.0,0.0,0.0,0.0,0.0,0.0,0.0,0.0,0.0,0.0,0.0,0.0,0.0,0.0,0.0,0.0,0.0,0.0,0.0,0.0,0.0,0.0,0.0,0.0,0.0,0.0,0.0,0.0,0.0,0.0,0.0,0.0,0.0,0.0,0.0
0.0,0.0,0.0,0.0,0.0,0.0,0.0,0.0,0.0,0.0,1.6547379012218342,0.0,0.0,0.0,0.0,0.0,0.0,0.0,0.0,0.0,0.0,0.0,0.0,0.0,0.0,0.0,0.0,0.0,0.0,0.0,0.0,1.555363431572874,0.0,0.0,0.0,0.0,0.0
0.0,0.0,0.0,0.0,0.0,0.0,0.0,0.0,0.0,0.0,1.619167725089801,0.0,0.0,0.0,0.0581876948475821,0.0,1.0635484933851826,0.0,0.0,0.0,0.0,15.13981008529626,0.0,0.0,0.0,0.0,0.0,0.0,0.0,0.0,0.0,1.6449248939752328,0.0,0.0,0.0,0.0,0.0
0.0,0.0,0.0,0.0395313277840584,4.224098272621551,0.5224674027412788,0.0,0.0,0.0,0.0,2.2372445649466184,0.0,0.0,0.0,0.0,0.0,0.0,0.0,0.0,0.0,0.0,0.0,0.0,0.0,0.0,4.036167617887181,0.0,0.0,132.136454822868,0.373714915662971,0.0,3.585118249058678,0.2673877645283749,0.0,0.0,0.0,0.0
0.0,0.0,0.0,0.1776613928377597,25.172900177538228,1.598234749399095,52.75349548086516,0.0,0.0,0.0,7.841628201305741,0.0,0.0,190.6212969124316,0.0,0.0,0.0,0.0,0.0,0.0,0.0,15.77127809524506,0.0,0.0,0.0,30.18537488281721,0.1740857128053888,0.0,923.1879612624646,0.456041207909578,0.0,15.505175679922104,0.4765039002522632,0.0,0.0,0.0,0.0
0.0,0.0,0.0,1.7554196119308454,101.81348437070844,16.954402964562167,247.64602641165249,0.0,0.0,0.0,62.75196133628487,0.0,0.0,513.6624924838543,0.0,0.0,0.0,0.0,0.0,0.0,0.0,133.7579921722411,0.0,0.0,0.0,119.5692307949066,1.884975310787552,0.0,1865.1718930721283,0.5205866143107325,0.0,63.64577141404148,0.7945028031244837,0.0,0.0,0.0,0.0
0.0,0.0,0.0,5.0764424055814725,239.54594367742524,92.87661270052192,716.9988393098116,0.0,0.0,0.0,257.7475736543536,0.0,0.0,874.2311584949493,0.0,0.0,1.1823197841643915,0.0,0.0,0.0,0.0,332.91772994995114,0.0,0.0,0.0,357.3867450714112,4.942484834790222,0.0,2453.858511269092,0.5431473396718395,0.0,211.34233796596527,1.268130028620338,0.0,0.0,0.0,0.0
0.0,0.0,0.0,10.50289279222488,448.137950360775,220.8662843704224,1122.6961548745633,0.0,0.0,0.0,802.8505676358938,0.0,0.0,1134.3757997453213,0.0,0.0,3.741540801524938,0.0,0.0,0.0,0.0,692.9423942565916,0.0,0.0,0.0,595.5933242797852,9.37882431298494,0.0,2635.4,0.5182113386690548,0.0,351.4720822572708,1.4510755734518137,0.0,0.0,0.0,0.0
0.0,0.0,0.0,20.470804572105408,809.9447293281555,255.24466508626935,1330.4718230485917,0.0,0.0,0.0,1222.019050371647,0.0,0.0,1184.3021094799042,0.0,0.3338076733052724,187.153217947483,0.0,0.0,0.0,0.0,991.8158180236816,0.0,0.0,0.0,655.6440187454224,17.302550506591793,0.0,2635.4,42.23580420166253,0.0,392.2416368722916,8.781847860664106,0.0,0.0,0.0,0.0
0.0,0.0,0.0,0.0,1061.1926884651184,272.6255522966385,1428.4145510017877,0.0,0.0,0.0,1491.5303377509117,0.0,0.0,0.0,0.0,0.5791916213929651,336.2842401862144,0.0,0.0,0.0,0.0,1162.4769439697263,0.0,0.0,0.0,678.8691009998322,25.5859185218811,0.0,2635.4,144.6004313766956,0.0,402.5677936077118,20.398445576429364,0.0,0.0,0.0,0.0
0.0,0.0,0.0,0.0,0.0,273.14821431040764,0.0,0.0,0.0,0.0,1572.3021087825298,0.0,0.0,0.0,0.0,0.802471127361059,433.7305072903633,0.0,0.0,0.0,0.0,1126.9671852111812,0.0,0.0,0.0,0.0,0.0,0.0,0.0,197.37705281972885,0.0,393.57257187366486,0.0,0.0,0.0,0.0,0.0
0.0,0.0,0.0,0.0,0.0,0.0,1413.2563323199752,0.0,0.0,0.0,0.0,0.0,0.0,0.0,0.0,0.0,461.8366791427134,0.0,0.0,0.0,0.0,922.964059448242,0.0,0.0,0.0,0.0,26.688519352674483,0.0,0.0,0.0,0.0,0.0,0.0,0.0,0.0,0.0,0.0
0.0,0.0,0.0,0.0,0.0,0.0,0.0,0.0,0.0,0.0,0.0,0.0,0.0,0.0,0.0,0.0,347.41564735174177,0.0,0.0,0.0,0.0,0.0,0.0,0.0,0.0,0.0,0.0,0.0,0.0,0.0,0.0,0.0,0.0,0.0,0.0,0.0,0.0
0.0,0.0,0.0,0.0,0.0,0.0,0.0,0.0,0.0,0.0,0.0,0.0,0.0,0.0,0.0,0.0,0.0,0.0,0.0,0.0,0.0,0.0,0.0,0.0,0.0,0.0,0.0,0.0,0.0,0.0,0.0,0.0,0.0,0.0,0.0,0.0,0.0
0.0,0.0,0.0,0.0,0.0,0.0,0.0,0.0,0.0,0.0,0.0,0.0,0.0,0.0,0.0,0.0,0.0,0.0,0.0,0.0,0.0,0.0,0.0,0.0,0.0,0.0,0.0,0.0,0.0,0.0,0.0,0.0,0.0,0.0,0.0,0.0,0.0
0.0,0.0,0.0,0.0,0.0,0.0,0.0,0.0,0.0,0.0,0.0,0.0,0.0,0.0,0.0,0.0,0.0,0.0,0.0,0.0,0.0,0.0,0.0,0.0,0.0,0.0,0.0,0.0,0.0,0.0,0.0,0.0,0.0,0.0,0.0,0.0,0.0
0.0,0.0,0.0,0.0,0.0,0.0,0.0,0.0,0.0,0.0,0.0,0.0,0.0,0.0,0.0,0.0,0.0,0.0,0.0,0.0,0.0,0.0,0.0,0.0,0.0,0.0,0.0,0.0,0.0,0.0,0.0,0.0,0.0,0.0,0.0,0.0,0.0
0.0,0.0,0.0,0.0,0.0,0.0,0.0,0.0,0.0,0.0,0.0,0.0,0.0,0.0,0.0,0.0,0.0,0.0,0.0,0.0,0.0,0.0,0.0,0.0,0.0,0.0,0.0,0.0,0.0,0.0,0.0,0.0,0.0,0.0,0.0,0.0,0.0
0.0,0.0,0.0,0.0,0.0,0.0,0.0,0.0,0.0,0.0,0.0,0.0,0.0,0.0,0.0,0.0,0.0,0.0,0.0,0.0,0.0,0.0,0.0,0.0,0.0,0.0,0.0,0.0,0.0,0.0,0.0,0.0,0.0,0.0,0.0,0.0,0.0
0.0,0.0,0.0,0.0,0.0,0.0,0.0,0.0,0.0,0.0,0.0,0.0,0.0,0.0,0.0,0.0,0.0,0.0,0.0,0.0,0.0,0.0,0.0,0.0,0.0,0.0,0.0,0.0,0.0,0.0,0.0,0.0,0.0,0.0,0.0,0.0,0.0
0.0,0.0,0.0,0.0,0.0,0.0,0.0,0.0,0.0,0.0,0.0,0.0,0.0,0.0,0.0,0.0,0.0,0.0,0.0,0.0,0.0,0.0,0.0,0.0,0.0,0.0,0.0,0.0,0.0,0.0,0.0,0.0,0.0,0.0,0.0,0.0,0.0
0.0,0.0,0.0,0.0,0.0,0.0,0.0,0.0,0.0,0.0,0.0,0.0,0.0,0.0,0.0,0.0,0.0,0.0,0.0,0.0,0.0,0.0,0.0,0.0,0.0,0.0,0.0,0.0,0.0,0.0,0.0,0.0,0.0,0.0,0.0,0.0,0.0
0.0,0.0,0.0,0.0,0.0,0.0,0.0,0.0,0.0,0.0,0.0,0.0,0.0,0.0,0.0,0.0,0.0,0.0,0.0,0.0,0.0,0.0,0.0,0.0,0.0,0.0,0.0,0.0,0.0,0.0,0.0,0.0,0.0,0.0,0.0,0.0,0.0
0.0,0.0,0.0,0.0,0.0,0.0,0.0,0.0,0.0,0.0,0.0,0.0,0.0,0.0,0.0,0.0,0.0,0.0,0.0,0.0,0.0,0.0,0.0,0.0,0.0,0.0,0.0,0.0,0.0,0.0,0.0,0.0,0.0,0.0,0.0,0.0,0.0
0.0,0.0,0.0,0.0,0.0,0.0,0.0,0.0,0.0,0.0,0.0,0.0,0.0,0.0,0.0,0.0,0.0,0.0,0.0,0.0,0.0,0.0,0.0,0.0,0.0,0.0,0.0,0.0,0.0,0.0,0.0,0.0,0.0,0.0,0.0,0.0,0.0
0.0,0.0,0.0,0.0321883354335978,1.7871650382875637,0.0809494550339559,1.607959793507982,0.0,0.0,0.0,1.6581283624283047,0.0,0.0,0.0,0.0133728504180874,0.0,1.2211135029792188,0.0,0.0,0.0,0.0,0.0,0.0,0.0,0.0,11.742562541365569,0.1634978659450927,0.0,0.0,0.298778044432366,0.0,0.0,0.2237923070788248,0.0,0.0,0.0,0.0
0.0,0.0,0.0,0.0360293909907298,3.411502759903525,0.0,1.409817921742753,0.0,0.0,0.0,1.6437909496014709,0.0,0.0,0.0,0.0,0.0125261023640623,1.827839910984013,0.0,0.0,0.0,0.0,11.122844123839895,0.0,0.0,0.0,11.918710383772812,0.0141388956457372,0.0,0.0,0.3329339809715684,0.0,1.6948457211256005,0.0,0.0,0.0,0.0,0.0
0.0,0.0,0.0,0.1370445154607278,5.388089422136453,0.3299550968222245,10.580839417502268,0.0,0.0,0.0,2.0493197764268767,0.0,0.0,22.21733552403741,0.0292099602520463,0.0,0.0,0.0,0.0,0.0,0.0,0.0,0.0,0.0,0.0,4.184856288880095,0.2555224154144507,0.0,60.497532311081855,0.3578904837369903,0.0,3.502894654869992,0.2942580133676381,0.0,0.0,0.0,0.0
0.0,0.0,0.0,0.180049601942298,9.727900028228593,1.5422670296392902,26.298039512708723,0.0,0.0,0.0,2.35170547575668,0.0,0.0,80.1738368533551,0.1921441096812474,0.0,0.0,0.0,0.0,0.0,0.0,51.86934490203817,0.0,0.0,0.0,11.48894962072364,0.5778857242315949,0.0,455.149217018485,0.4656946092843709,0.0,13.713403716683343,0.6935400329530217,0.0,0.0,0.0,0.0
0.0,0.0,0.0,0.7545175384730092,21.3011316433548,15.75805246271189,87.73250852376222,0.0,0.0,0.0,50.05049266051485,0.0,0.0,247.42265660315752,0.961588517948983,0.0,0.0,0.0,0.0,0.0,0.0,143.37883567810053,0.0,0.0,0.0,54.99306569099426,1.1701784012839178,0.0,1261.873107010126,0.5505689777433748,0.0,59.76811622083186,0.7309089712798449,0.0,0.0,0.0,0.0
0.0,0.0,0.0,2.397692650556562,39.33936348557462,82.7106781825423,297.0797799766063,0.0,0.0,0.0,234.77494432404623,0.0,0.0,558.5956067591904,2.7927666664123523,0.0446484964340922,0.0,0.0,0.0,0.0,0.0,260.82375431060785,0.0,0.0,0.0,147.43088549375534,2.074822529405353,0.0,1870.2728194832805,0.5910541012883148,0.0,201.84688532352445,0.9919174052774749,0.0,0.0,0.0,0.0
0.0,0.0,0.0,4.618780240416524,52.96980616450298,209.20061406493187,662.3112067133187,0.0,0.0,0.0,753.3462401330471,0.0,0.0,882.8952869772911,4.738946333527562,0.0118479542434214,0.6185545086860476,0.0,0.0,0.0,0.0,415.9734531402588,0.0,0.0,0.0,301.4428201913833,3.582508875429628,0.0,2177.6329708337785,0.5877005986869208,0.0,339.23007810115814,0.7169144479557593,0.0,0.0,0.0,0.0
0.0,0.0,0.0,9.493284553289412,164.0531733334064,246.8418865203857,907.4569747567176,0.0,0.0,0.0,1153.661656475067,0.0,0.0,1005.391434431076,10.129586899280548,0.3219273686408988,114.25363045930852,0.0,0.0,0.0,0.0,468.9946640014648,0.0,0.0,0.0,396.2714351177215,7.727646988630294,0.0,2265.566105949879,57.28923512697218,0.0,363.9426906108856,5.989830624312159,0.0,0.0,0.0,0.0
0.0,0.0,0.0,15.088095366954803,284.5451748371123,267.87957149744034,1036.448710244894,0.0,0.0,0.0,1421.6117042779922,0.0,0.0,0.0,14.382265260815618,0.5526539124548429,201.26953518390656,0.0,0.0,0.0,0.0,536.2196357727047,0.0,0.0,0.0,449.01473970413207,13.302403613924978,0.0,2273.550902283192,174.4368691205978,0.0,369.8058805465698,12.57840254157781,0.0,0.0,0.0,0.0
0.0,0.0,0.0,16.69645488262176,360.0154479146004,270.2386962771416,1092.9590644657612,0.0,0.0,0.0,1502.5794439673425,0.0,0.0,0.0,16.245546644926073,0.7778201550245283,255.76490443944928,0.0,0.0,0.0,0.0,471.47205429077127,0.0,0.0,0.0,465.2095203876496,17.44928816854953,0.0,2225.2601006627083,218.23610845208168,0.0,364.1424098014832,0.0,0.0,0.0,0.0,0.0
0.0,0.0,0.0,0.0,376.26389765739424,255.1505864560604,0.0,0.0,0.0,0.0,0.0,0.0,0.0,0.0,0.0,0.0,276.8713227510451,0.0,0.0,0.0,0.0,0.0,0.0,0.0,0.0,439.0542575359344,19.223731186985965,0.0,0.0,232.76942137479784,0.0,0.0,0.0,0.0,0.0,0.0,0.0
0.0,0.0,0.0,0.0,0.0,0.0,0.0,0.0,0.0,0.0,0.0,0.0,0.0,0.0,0.0,0.0,170.96937322616563,0.0,0.0,0.0,0.0,0.0,0.0,0.0,0.0,0.0,0.0,0.0,0.0,0.0,0.0,0.0,0.0,0.0,0.0,0.0,0.0
0.0,0.0,0.0,0.0,0.0,0.0,0.0,0.0,0.0,0.0,0.0,0.0,0.0,0.0,0.0,0.0,0.0,0.0,0.0,0.0,0.0,0.0,0.0,0.0,0.0,0.0,0.0,0.0,0.0,0.0,0.0,0.0,0.0,0.0,0.0,0.0,0.0
0.0,0.0,0.0,0.0,0.0,0.0,0.0,0.0,0.0,0.0,0.0,0.0,0.0,0.0,0.0,0.0,0.0,0.0,0.0,0.0,0.0,0.0,0.0,0.0,0.0,0.0,0.0,0.0,0.0,0.0,0.0,0.0,0.0,0.0,0.0,0.0,0.0
0.0,0.0,0.0,0.0,0.0,0.0,0.0,0.0,0.0,0.0,0.0,0.0,0.0,0.0,0.0,0.0,0.0,0.0,0.0,0.0,0.0,0.0,0.0,0.0,0.0,0.0,0.0,0.0,0.0,0.0,0.0,0.0,0.0,0.0,0.0,0.0,0.0
0.0,0.0,0.0,0.0,0.0,0.0,0.0,0.0,0.0,0.0,0.0,0.0,0.0,0.0,0.0,0.0,0.0,0.0,0.0,0.0,0.0,0.0,0.0,0.0,0.0,0.0,0.0,0.0,0.0,0.0,0.0,0.0,0.0,0.0,0.0,0.0,0.0
0.0,0.0,0.0,0.0,0.0,0.0,0.0,0.0,0.0,0.0,0.0,0.0,0.0,0.0,0.0,0.0,0.0,0.0,0.0,0.0,0.0,0.0,0.0,0.0,0.0,0.0,0.0,0.0,0.0,0.0,0.0,0.0,0.0,0.0,0.0,0.0,0.0
0.0,0.0,0.0,0.0,0.0,0.0,0.0,0.0,0.0,0.0,0.0,0.0,0.0,0.0,0.0,0.0,0.0,0.0,0.0,0.0,0.0,0.0,0.0,0.0,0.0,0.0,0.0,0.0,0.0,0.0,0.0,0.0,0.0,0.0,0.0,0.0,0.0
0.0,0.0,0.0,0.0,0.0,0.0,0.0,0.0,0.0,0.0,0.0,0.0,0.0,0.0,0.0,0.0,0.0,0.0,0.0,0.0,0.0,0.0,0.0,0.0,0.0,0.0,0.0,0.0,0.0,0.0,0.0,0.0,0.0,0.0,0.0,0.0,0.0
0.0,0.0,0.0,0.0,0.0,0.0,0.0,0.0,0.0,0.0,0.0,0.0,0.0,0.0,0.0,0.0,0.0,0.0,0.0,0.0,0.0,0.0,0.0,0.0,0.0,0.0,0.0,0.0,0.0,0.0,0.0,0.0,0.0,0.0,0.0,0.0,0.0
0.0,0.0,0.0,0.0,0.0,0.0,0.0,0.0,0.0,0.0,0.0,0.0,0.0,0.0,0.0,0.0,0.0,0.0,0.0,0.0,0.0,0.0,0.0,0.0,0.0,0.0,0.0,0.0,0.0,0.0,0.0,0.0,0.0,0.0,0.0,0.0,0.0
0.0,0.0,0.0,0.0,0.0,0.0,0.0,0.0,0.0,0.0,0.0,0.0,0.0,0.0,0.0,0.0,0.0,0.0,0.0,0.0,0.0,0.0,0.0,0.0,0.0,0.0,0.0,0.0,0.0,0.0,0.0,0.0,0.0,0.0,0.0,0.0,0.0
0.0,0.0,0.0,0.0,0.0,0.0,0.0,0.0,0.0,0.0,0.0,0.0,0.0,0.0,0.0,0.0,0.0,0.0,0.0,0.0,0.0,0.0,0.0,0.0,0.0,0.0,0.0,0.0,0.0,0.0,0.0,0.0,0.0,0.0,0.0,0.0,0.0
0.0,0.0,0.0,0.0,0.0,0.0,0.0,0.0,0.0,0.0,0.0,0.0,0.0,0.0,0.0,0.0,0.0,0.0,0.0,0.0,0.0,0.0,0.0,0.0,0.0,0.0,0.0,0.0,0.0,0.0,0.0,0.0,0.2438171505927956,0.0,0.0,0.0,0.0
0.0,0.0,0.0,0.0260339621454442,1.745292060077177,0.0,0.0631932437419891,0.0,0.0,0.0,0.0,0.0,0.0,0.0,0.0299997366964811,0.0215610712766644,0.0,0.0,0.0,0.0,0.0,0.0,0.0,0.0,0.0,4.921761645749148,0.3297357499599414,0.0,0.0,0.0,0.0,0.0,0.0,0.0,0.0,0.0,0.0
0.0,0.0,0.0,0.031249335035677,2.569630846381166,0.0,0.394232456385949,0.0,0.0,0.0,1.7087182817049091,0.0,0.0,0.0,0.0,0.0,0.1862466216087341,0.0,0.0,0.0,0.0,22.670319461822206,0.0,0.0,0.0,2.315152020752401,0.0,0.0,0.0,0.3708388112485392,0.0,2.0272879302501674,0.0,0.0,0.0,0.0,0.0
0.0,0.0,0.0,0.1048167422413768,4.32135717198245,0.5331772468052367,4.045738901942888,0.0,0.0,0.0,2.351045395340763,0.0,0.0,39.65023290365933,0.0018052406609058,0.0,0.0,0.0,0.0,0.0,0.0,0.0,0.0,0.0,0.0,0.0,0.0,0.0,62.37790299504989,0.354677564650743,0.0,3.5302457064390125,1.2249441603198463,0.0,0.0,0.0,0.0
0.0,0.0,0.0,0.1675860490649896,8.738422319292924,1.409818007610695,10.684304754435976,0.0,0.0,0.0,20.127941259462272,0.0,0.0,123.05241633206596,0.0941021248698203,0.0,0.0,0.0,0.0,0.0,0.0,38.10862078666675,0.0,0.0,0.0,1.2899876106529975,0.0,0.0,466.00916521847233,0.4424514681100496,0.0,11.030681788921298,2.294446646235872,0.0,0.0,0.0,0.0
0.0,0.0,0.0,0.3985273707658046,56.40107285976401,4.609101049601995,59.93939234241832,0.0,0.0,0.0,95.41540183834712,0.0,0.0,316.2686179950833,0.2449639398604624,0.0,0.0,0.0,0.0,0.0,0.0,231.16726722717243,0.0,0.0,0.0,4.788336014375058,0.0,0.0,1390.102743947506,0.5259346455335595,0.0,37.66569915413852,7.672564744949337,0.0,0.0,0.0,0.0
0.0,0.0,0.0,1.0794350616633852,154.22278225421897,21.032884571701256,245.49516684263943,0.0,0.0,0.0,328.1178843691945,0.0,0.0,613.1657680869102,0.4650803882628672,0.0141471708193413,6.79656147956846,0.0,0.0,0.0,0.0,623.2125320434568,0.0,0.0,0.0,18.37459340989582,0.0,0.0,2144.9474885344507,0.5688829094171144,0.0,118.14481833577156,25.876166969537717,0.0,0.0,0.0,0.0
0.0,0.0,0.0,1.9287858083844165,306.8289144039153,91.15926519036287,683.0880028814076,0.0,0.0,0.0,851.9987610936165,0.0,0.0,906.167670339346,0.8786583300679903,0.0280177891254417,10.287260746955749,0.0,0.0,0.0,0.0,1265.6088989257812,0.0,0.0,0.0,79.2261192500591,0.0,0.0,2541.108025169373,0.565485474467252,0.0,261.1807262301445,73.5424635708332,0.0,0.0,0.0,0.0
0.0,0.0,0.0,5.82939115166664,650.8076107501983,131.87601730227468,1003.1875765204428,0.0,0.0,0.0,1221.306782281399,0.0,0.0,999.3622709810734,3.7183538004755943,0.7118670418858518,237.8236981272696,0.0,0.0,0.0,0.0,1698.134014892578,0.0,0.0,0.0,220.4123497366905,0.0285739254206406,0.0,2635.4,50.43118465244769,0.0,312.8259165287018,107.13054203987122,0.0,0.0,0.0,0.0
0.0,0.0,0.0,10.85017442703247,907.02357172966,162.7588645964861,0.0,0.0,0.0,0.0,1447.1586938500404,0.0,0.0,0.0,6.643571206927299,1.2377478331327434,446.11140314340594,0.0,0.0,0.0,0.0,536.2196357727047,0.0,0.0,0.0,357.5648309707641,0.4682917691767125,0.0,2635.4,151.83082900643348,0.0,333.2254413366318,0.0,0.0,0.0,0.0,0.0
0.0,0.0,0.0,14.487869590520852,0.0,176.265109449625,0.0,0.0,0.0,0.0,1536.454626828432,0.0,0.0,0.0,8.383439299464222,0.0,589.3916829586029,0.0,0.0,0.0,0.0,0.0,0.0,0.0,0.0,0.0,1.1265604414045776,0.0,0.0,200.98189531564717,0.0,335.89412891864777,0.0,0.0,0.0,0.0,0.0
0.0,0.0,0.0,15.800049602985382,0.0,0.0,1233.3615776836873,0.0,0.0,0.0,0.0,0.0,0.0,0.0,8.469345009326931,1.6721516102552405,628.7703105449676,0.0,0.0,0.0,0.0,0.0,0.0,0.0,0.0,0.0,1.841694365814324,0.0,0.0,0.0,0.0,0.0,0.0,0.0,0.0,0.0,0.0
0.0,0.0,0.0,0.0,0.0,0.0,0.0,0.0,0.0,0.0,0.0,0.0,0.0,0.0,0.0,0.0,0.0,0.0,0.0,0.0,0.0,0.0,0.0,0.0,0.0,0.0,0.0,0.0,0.0,0.0,0.0,0.0,0.0,0.0,0.0,0.0,0.0
0.0,0.0,0.0,0.0,0.0,0.0,0.0,0.0,0.0,0.0,0.0,0.0,0.0,0.0,0.0,0.0,0.0,0.0,0.0,0.0,0.0,0.0,0.0,0.0,0.0,0.0,0.0,0.0,0.0,0.0,0.0,0.0,0.0,0.0,0.0,0.0,0.0
0.0,0.0,0.0,0.0,0.0,0.0,0.0,0.0,0.0,0.0,0.0,0.0,0.0,0.0,0.0,0.0,0.0,0.0,0.0,0.0,0.0,0.0,0.0,0.0,0.0,0.0,0.0,0.0,0.0,0.0,0.0,0.0,0.0,0.0,0.0,0.0,0.0
0.0,0.0,0.0,0.0,0.0,0.0,0.0,0.0,0.0,0.0,0.0,0.0,0.0,0.0,0.0,0.0,0.0,0.0,0.0,0.0,0.0,0.0,0.0,0.0,0.0,0.0,0.0,0.0,0.0,0.0,0.0,0.0,0.0,0.0,0.0,0.0,0.0
0.0,0.0,0.0,0.0,0.0,0.0,0.0,0.0,0.0,0.0,0.0,0.0,0.0,0.0,0.0,0.0,0.0,0.0,0.0,0.0,0.0,0.0,0.0,0.0,0.0,0.0,0.0,0.0,0.0,0.0,0.0,0.0,0.0,0.0,0.0,0.0,0.0
0.0,0.0,0.0,0.0,0.0,0.0,0.0,0.0,0.0,0.0,0.0,0.0,0.0,0.0,0.0,0.0,0.0,0.0,0.0,0.0,0.0,0.0,0.0,0.0,0.0,0.0,0.0,0.0,0.0,0.0,0.0,0.0,0.0,0.0,0.0,0.0,0.0
0.0,0.0,0.0,0.0,0.0,0.0,0.0,0.0,0.0,0.0,0.0,0.0,0.0,0.0,0.0,0.0,0.0,0.0,0.0,0.0,0.0,0.0,0.0,0.0,0.0,0.0,0.0,0.0,0.0,0.0,0.0,0.0,0.0,0.0,0.0,0.0,0.0
0.0,0.0,0.0,0.0,0.0,0.0,0.0,0.0,0.0,0.0,0.0,0.0,0.0,0.0,0.0,0.0,0.0,0.0,0.0,0.0,0.0,0.0,0.0,0.0,0.0,0.0,0.0,0.0,0.0,0.0,0.0,0.0,0.0,0.0,0.0,0.0,0.0
0.0,0.0,0.0,0.0,0.0,0.0,0.0,0.0,0.0,0.0,0.0,0.0,0.0,0.0,0.0,0.0,0.0,0.0,0.0,0.0,0.0,0.0,0.0,0.0,0.0,0.0,0.0,0.0,0.0,0.0,0.0,0.0,0.0,0.0,0.0,0.0,0.0
0.0,0.0,0.0,0.0,0.0,0.0,0.0,0.0,0.0,0.0,0.0,0.0,0.0,0.0,0.0,0.0,0.0,0.0,0.0,0.0,0.0,0.0,0.0,0.0,0.0,0.0,0.0,0.0,0.0,0.0,0.0,0.0,0.0,0.0,0.0,0.0,0.0
0.0,0.0,0.0,0.0,0.0,0.0,0.0,0.0,0.0,0.0,0.0,0.0,0.0,0.0,0.0,0.0,0.0,0.0,0.0,0.0,0.0,0.0,0.0,0.0,0.0,0.0,0.0,0.0,0.0,0.0,0.0,0.0,0.0,0.0,0.0,0.0,0.0
0.0,0.0,0.0,0.0,0.0,0.0,0.0,0.0,0.0,0.0,0.0,0.0,0.0,0.0,0.0,0.0,0.0,0.0,0.0,0.0,0.0,0.0,0.0,0.0,0.0,0.0,0.0,0.0,0.0,0.0,0.0,0.0,0.0,0.0,0.0,0.0,0.0
0.0,0.0,0.0,0.0,0.0,0.0,0.0,0.0,0.0,0.0,0.0,0.0,0.0,0.0,0.0,0.0,0.0,0.0,0.0,0.0,0.0,0.0,0.0,0.0,0.0,0.0,0.0,0.0,0.0,0.0,0.0,0.0,0.0,0.0,0.0,0.0,0.0
0.0,0.0,0.0,0.0,0.0,0.0,0.0,0.0,0.0,0.0,0.0,0.0,0.0,0.0,0.0,0.0,0.0,0.0,0.0,0.0,0.0,0.0,0.0,0.0,0.0,0.0,0.0,0.0,0.0,0.0,0.0,0.0,0.1294923871755519,0.0,0.0,0.0,0.0
0.0,0.0,0.0,0.027013959363101,0.0,0.0,0.0,0.0,0.0,0.0,1.595985446590778,0.0,0.0,1.1131039494647312,0.0299660012125964,0.0,5.095643830299348,0.0,0.0,0.0,0.0,31.560685920714924,0.0,0.0,0.0,0.0,0.3048670679330824,0.0,0.0,0.3600138805806346,0.0,1.7345895171165189,0.0,0.0,0.0,0.0,0.0
0.0,0.0,0.0,0.063471738249059,4.902155559509972,0.3785463101230183,2.8932725187389976,0.0,0.0,0.0,2.130011693620998,0.0,0.0,21.851059929467738,0.0482040837407083,0.0,0.0,0.0,0.0,0.0,0.0,4.409259033202709,0.0,0.0,0.0,0.0,0.0291477195918511,0.0,86.41420048251733,0.3885201171040404,0.0,3.452615007758109,0.0,0.0,0.0,0.0,0.0
0.0,0.0,0.0,0.1737951040267916,10.016289129853233,1.296736109536124,9.447559935599534,0.0,0.0,0.0,14.462751820403948,0.0,0.0,55.67261003889139,0.1376696716994044,0.0,0.0,0.0,0.0,0.0,0.0,48.69562783241262,0.0,0.0,0.0,0.0,0.0,0.0,610.3136790871617,0.4960694350301931,0.0,12.609085947275124,0.3770482325926239,0.0,0.0,0.0,0.0
0.0,0.0,0.0,0.2612280976027202,21.041715458035444,13.162836229428615,40.945714357122654,0.0,0.0,0.0,87.85701276622706,0.0,0.0,139.46143778040997,0.309026577696202,0.0032760854810476,0.0,0.0,0.0,0.0,0.0,113.8190235137938,0.0,0.0,0.0,117.59246654510494,0.6019291084259679,0.0,1424.181544303894,0.5953682579099822,0.0,51.493440851569154,0.7886804156005259,0.0,0.0,0.0,0.0
0.0,0.0,0.0,1.178582347929474,34.38452577590933,68.54712044447658,134.77695455551137,0.0,0.0,0.0,329.19445751607407,0.0,0.0,344.3495553359389,0.7914164073765254,0.0286243716254821,2.4400207281112647,0.0,0.0,0.0,0.0,217.224689865112,0.0,0.0,0.0,271.9227943897247,1.3971229586750251,0.0,1915.861023902893,0.6379094153642272,0.0,168.54040914773938,0.8373549422248969,0.0,0.0,0.0,0.0
0.0,0.0,0.0,3.369688674807547,42.965479053556784,192.16614113748076,401.9838285148144,0.0,0.0,0.0,921.3791249454022,0.0,0.0,653.0843821167945,2.202317766845226,0.0183607162907714,4.700474953651314,0.0,0.0,0.0,0.0,343.3651397705078,0.0,0.0,0.0,471.8777283191681,2.2628517881035752,0.0,2242.623482632637,0.6195164054632124,0.0,311.4617547988892,0.7128597609698527,0.0,0.0,0.0,0.0
0.0,0.0,0.0,0.0,184.9718002080916,233.92040622234344,712.9588236123324,0.0,0.0,0.0,1324.227758282423,0.0,0.0,787.4088740348816,7.052369955182073,0.3646301664412017,210.03660920858368,0.0,0.0,0.0,0.0,354.5085411071776,0.0,0.0,0.0,534.5733860015869,3.195845866203305,0.0,2386.6523567199706,61.62601397931576,0.0,356.73417699337006,8.355428718030433,0.0,0.0,0.0,0.0
0.0,0.0,0.0,0.0,360.6359436511993,257.1172423362732,974.568652933836,0.0,0.0,0.0,1565.1631536662578,0.0,0.0,0.0,11.59035322666168,0.6608937233686437,407.74527323246,0.0,0.0,0.0,0.0,409.8804378509519,0.0,0.0,0.0,558.2974640846253,3.952888714522115,0.0,0.0,175.3947817623615,0.0,366.2091768980026,0.0,0.0,0.0,0.0,0.0
0.0,0.0,0.0,0.0,0.0,261.8047001063824,0.0,0.0,0.0,0.0,1634.362602508068,0.0,0.0,0.0,0.0,0.0,560.9308212995528,0.0,0.0,0.0,0.0,0.0,0.0,0.0,0.0,0.0,0.0,0.0,0.0,215.0891464650631,0.0,357.25493240356445,0.0,0.0,0.0,0.0,0.0
0.0,0.0,0.0,0.0,0.0,0.0,0.0,0.0,0.0,0.0,1574.8780455887318,0.0,0.0,0.0,0.0,0.0,0.0,0.0,0.0,0.0,0.0,0.0,0.0,0.0,0.0,0.0,0.0,0.0,0.0,0.0,0.0,339.9375993013382,0.0,0.0,0.0,0.0,0.0
0.0,0.0,0.0,0.0,0.0,0.0,0.0,0.0,0.0,0.0,0.0,0.0,0.0,0.0,0.0,0.0,0.0,0.0,0.0,0.0,0.0,0.0,0.0,0.0,0.0,0.0,0.0,0.0,0.0,0.0,0.0,0.0,0.0,0.0,0.0,0.0,0.0
0.0,0.0,0.0,0.0,0.0,0.0,0.0,0.0,0.0,0.0,0.0,0.0,0.0,0.0,0.0,0.0,0.0,0.0,0.0,0.0,0.0,0.0,0.0,0.0,0.0,0.0,0.0,0.0,0.0,0.0,0.0,0.0,0.0,0.0,0.0,0.0,0.0
0.0,0.0,0.0,0.0,0.0,0.0,0.0,0.0,0.0,0.0,0.0,0.0,0.0,0.0,0.0,0.0,0.0,0.0,0.0,0.0,0.0,0.0,0.0,0.0,0.0,0.0,0.0,0.0,0.0,0.0,0.0,0.0,0.0,0.0,0.0,0.0,0.0
0.0,0.0,0.0,0.0,0.0,0.0,0.0,0.0,0.0,0.0,0.0,0.0,0.0,0.0,0.0,0.0,0.0,0.0,0.0,0.0,0.0,0.0,0.0,0.0,0.0,0.0,0.0,0.0,0.0,0.0,0.0,0.0,0.0,0.0,0.0,0.0,0.0
0.0,0.0,0.0,0.0,0.0,0.0,0.0,0.0,0.0,0.0,0.0,0.0,0.0,0.0,0.0,0.0,0.0,0.0,0.0,0.0,0.0,0.0,0.0,0.0,0.0,0.0,0.0,0.0,0.0,0.0,0.0,0.0,0.0,0.0,0.0,0.0,0.0
0.0,0.0,0.0,0.0,0.0,0.0,0.0,0.0,0.0,0.0,0.0,0.0,0.0,0.0,0.0,0.0,0.0,0.0,0.0,0.0,0.0,0.0,0.0,0.0,0.0,0.0,0.0,0.0,0.0,0.0,0.0,0.0,0.0,0.0,0.0,0.0,0.0
0.0,0.0,0.0,0.0,0.0,0.0,0.0,0.0,0.0,0.0,0.0,0.0,0.0,0.0,0.0,0.0,0.0,0.0,0.0,0.0,0.0,0.0,0.0,0.0,0.0,0.0,0.0,0.0,0.0,0.0,0.0,0.0,0.0,0.0,0.0,0.0,0.0
0.0,0.0,0.0,0.0,0.0,0.0,0.0,0.0,0.0,0.0,0.0,0.0,0.0,0.0,0.0,0.0,0.0,0.0,0.0,0.0,0.0,0.0,0.0,0.0,0.0,0.0,0.0,0.0,0.0,0.0,0.0,0.0,0.0,0.0,0.0,0.0,0.0
0.0,0.0,0.0,0.0,0.0,0.0,0.0,0.0,0.0,0.0,0.0,0.0,0.0,0.0,0.0,0.0,0.0,0.0,0.0,0.0,0.0,0.0,0.0,0.0,0.0,0.0,0.0,0.0,0.0,0.0,0.0,0.0,0.0,0.0,0.0,0.0,0.0
0.0,0.0,0.0,0.0,0.0,0.0,0.0,0.0,0.0,0.0,0.0,0.0,0.0,0.0,0.0,0.0,0.0,0.0,0.0,0.0,0.0,0.0,0.0,0.0,0.0,0.0,0.0,0.0,0.0,0.0,0.0,0.0,0.0,0.0,0.0,0.0,0.0
0.0,0.0,0.0,0.0,0.0,0.0,0.0,0.0,0.0,0.0,0.0,0.0,0.0,0.0,0.0,0.0,0.0,0.0,0.0,0.0,0.0,0.0,0.0,0.0,0.0,0.0,0.0,0.0,0.0,0.0,0.0,0.0,0.0,0.0,0.0,0.0,0.0
0.0,0.0,0.0,0.0,0.0,0.0,0.0,0.0,0.0,0.0,0.0,0.0,0.0,0.0,0.0,0.0,0.0,0.0,0.0,0.0,0.0,0.0,0.0,0.0,0.0,0.0,0.0,0.0,0.0,0.0,0.0,0.0,0.0,0.0,0.0,0.0,0.0
0.0,0.0,0.0,0.0,0.0,0.0,0.0,0.0,0.0,0.0,0.0,0.0,0.0,0.0,0.0,0.0,0.0,0.0,0.0,0.0,0.0,0.0,0.0,0.0,0.0,0.0,0.0,0.0,0.0,0.0,0.0,0.0,0.0,0.0,0.0,0.0,0.0
0.0,0.0,0.0,0.0,0.0,0.0,0.0,0.0,0.0,0.0,0.0,0.0,0.0,0.0,0.0,0.0,0.0,0.0,0.0,0.0,0.0,0.0,0.0,0.0,0.0,0.0,0.0,0.0,0.0,0.0,0.0,0.0,0.0,0.0,0.0,0.0,0.0
0.0,0.0,0.0,0.0,0.0,0.0,0.0,0.0,0.0,0.0,1.6585076702756472,0.0,0.0,0.0,0.0,0.0,0.0,0.0,0.0,0.0,0.0,0.0,0.0,0.0,0.0,0.0,0.0,0.0,0.0,0.0,0.0,1.366440236568428,0.0,0.0,0.0,0.0,0.0
0.0,0.0,0.0,0.0683090742677398,3.7169559672472894,0.3431192021816884,26.41215794309964,0.0,0.0,0.0,6.151647515361941,0.0,0.0,52.32606856152403,0.1870181467384089,0.0044650360941875,0.0,0.0,0.0,0.0,0.0,1.5577987670896027,0.0,0.0,0.0,1.010926757380329,1.0818975981324843,0.0,71.289483605325,0.3497805722057733,0.0,3.1270486861467126,0.4776843683793985,0.0,0.0,0.0,0.0
0.0,0.0,0.0,0.1341915410011974,9.372062481939665,1.6344985184259442,119.80833827108135,0.0,0.0,0.0,31.414504783600535,0.0,0.0,182.39158349111676,0.390207096934317,0.0,0.0,0.0,0.0,0.0,0.0,66.0949234485625,0.0,0.0,0.0,10.684215214848464,3.3797080293297683,0.0,513.5643907248972,0.4556135997175916,0.0,11.547750324010806,0.870111431926461,0.0,0.0,0.0,0.0
0.0,0.0,0.0,0.4524394879117558,39.713993422687054,19.58388238213953,469.4231686472892,0.0,0.0,0.0,161.00152598246933,0.0,0.0,502.8907379508018,1.158171197399494,0.0015905098989598,0.0,0.0,0.0,0.0,0.0,223.39677658081035,0.0,0.0,0.0,63.82509401440617,7.635387031733988,0.0,1212.0597087800502,0.5327500171959214,0.0,57.46116849780081,1.2106118146330018,0.0,0.0,0.0,0.0
0.0,0.0,0.0,1.8950757980346669,97.497982084751,106.1366230398416,932.2900155901908,0.0,0.0,0.0,600.5030283808708,0.0,0.0,869.5734223723412,3.073529315739868,0.0371674979105586,0.0,0.0,0.0,0.0,0.0,491.1849784851073,0.0,0.0,0.0,167.27603681087487,17.13074515461921,0.0,1729.8624882102013,0.5901168778538334,0.0,202.45739954710004,0.8931589396670189,0.0,0.0,0.0,0.0
0.0,0.0,0.0,2.071239478886122,157.13186642527577,238.8194411098957,1258.875509852171,0.0,0.0,0.0,1306.5585731327533,0.0,0.0,1140.1830838620665,4.932853710651395,0.0116832237690675,0.5407219290732603,0.0,0.0,0.0,0.0,810.4278671264645,0.0,0.0,0.0,386.2185453176498,0.0,0.0,1982.6590792059897,0.5756631352007093,0.0,350.1258615255356,0.5235782731324267,0.0,0.0,0.0,0.0
0.0,0.0,0.0,5.743125990033144,332.270658493042,274.5127935707569,1376.893652433157,0.0,0.0,0.0,1714.3849459946157,0.0,0.0,1200.1595167815683,9.508119660615922,0.5116280093789097,170.1000384688377,0.0,0.0,0.0,0.0,982.3807533264156,0.0,0.0,0.0,457.6380164146423,3.195845866203305,0.0,2070.8628667473795,55.98890204578638,0.0,394.4651365280152,5.440618237480497,0.0,0.0,0.0,0.0
0.0,0.0,0.0,10.751492887735363,526.9927141070365,293.0611340403557,1425.330140453577,0.0,0.0,0.0,1949.0317139327528,0.0,0.0,1213.806871175766,13.15557716488838,0.7060005739331233,328.37461153268816,0.0,0.0,0.0,0.0,1161.1585662841796,0.0,0.0,0.0,483.8520669937134,3.952888714522115,0.0,2167.5962112784387,163.27381166815758,0.0,407.4878611564636,13.629643518477655,0.0,0.0,0.0,0.0
0.0,0.0,0.0,14.370334595441811,0.0,294.27023738622665,0.0,0.0,0.0,0.0,1995.074448353052,0.0,0.0,0.0,15.17745402753353,0.9995987564325322,457.9651211619376,0.0,0.0,0.0,0.0,1159.440655517578,0.0,0.0,0.0,0.0,0.0,0.0,0.0,0.0,0.0,399.4347929954529,0.0,0.0,0.0,0.0,0.0
0.0,0.0,0.0,0.0,0.0,277.9780541658401,0.0,0.0,0.0,0.0,0.0,0.0,0.0,0.0,0.0,0.0,527.6497328281401,0.0,0.0,0.0,0.0,0.0,0.0,0.0,0.0,0.0,0.0,0.0,0.0,0.0,0.0,0.0,0.0,0.0,0.0,0.0,0.0
0.0,0.0,0.0,0.0,0.0,0.0,0.0,0.0,0.0,0.0,0.0,0.0,0.0,0.0,0.0,0.0,0.0,0.0,0.0,0.0,0.0,0.0,0.0,0.0,0.0,0.0,0.0,0.0,0.0,0.0,0.0,0.0,0.0,0.0,0.0,0.0,0.0
0.0,0.0,0.0,0.0,0.0,0.0,0.0,0.0,0.0,0.0,0.0,0.0,0.0,0.0,0.0,0.0,0.0,0.0,0.0,0.0,0.0,0.0,0.0,0.0,0.0,0.0,0.0,0.0,0.0,0.0,0.0,0.0,0.0,0.0,0.0,0.0,0.0
0.0,0.0,0.0,0.0,0.0,0.0,0.0,0.0,0.0,0.0,0.0,0.0,0.0,0.0,0.0,0.0,0.0,0.0,0.0,0.0,0.0,0.0,0.0,0.0,0.0,0.0,0.0,0.0,0.0,0.0,0.0,0.0,0.0,0.0,0.0,0.0,0.0
0.0,0.0,0.0,0.0,0.0,0.0,0.0,0.0,0.0,0.0,0.0,0.0,0.0,0.0,0.0,0.0,0.0,0.0,0.0,0.0,0.0,0.0,0.0,0.0,0.0,0.0,0.0,0.0,0.0,0.0,0.0,0.0,0.0,0.0,0.0,0.0,0.0
0.0,0.0,0.0,0.0,0.0,0.0,0.0,0.0,0.0,0.0,0.0,0.0,0.0,0.0,0.0,0.0,0.0,0.0,0.0,0.0,0.0,0.0,0.0,0.0,0.0,0.0,0.0,0.0,0.0,0.0,0.0,0.0,0.0,0.0,0.0,0.0,0.0
0.0,0.0,0.0,0.0,0.0,0.0,0.0,0.0,0.0,0.0,0.0,0.0,0.0,0.0,0.0,0.0,0.0,0.0,0.0,0.0,0.0,0.0,0.0,0.0,0.0,0.0,0.0,0.0,0.0,0.0,0.0,0.0,0.0,0.0,0.0,0.0,0.0
0.0,0.0,0.0,0.0,0.0,0.0,0.0,0.0,0.0,0.0,0.0,0.0,0.0,0.0,0.0,0.0,0.0,0.0,0.0,0.0,0.0,0.0,0.0,0.0,0.0,0.0,0.0,0.0,0.0,0.0,0.0,0.0,0.0,0.0,0.0,0.0,0.0
0.0,0.0,0.0,0.0,0.0,0.0,0.0,0.0,0.0,0.0,0.0,0.0,0.0,0.0,0.0,0.0,0.0,0.0,0.0,0.0,0.0,0.0,0.0,0.0,0.0,0.0,0.0,0.0,0.0,0.0,0.0,0.0,0.0,0.0,0.0,0.0,0.0
0.0,0.0,0.0,0.0,0.0,0.0,0.0,0.0,0.0,0.0,0.0,0.0,0.0,0.0,0.0,0.0,0.0,0.0,0.0,0.0,0.0,0.0,0.0,0.0,0.0,0.0,0.0,0.0,0.0,0.0,0.0,0.0,0.0,0.0,0.0,0.0,0.0
0.0,0.0,0.0,0.0,0.0,0.0,0.0,0.0,0.0,0.0,0.0,0.0,0.0,0.0,0.0,0.0,0.0,0.0,0.0,0.0,0.0,0.0,0.0,0.0,0.0,0.0,0.0,0.0,0.0,0.0,0.0,0.0,0.0,0.0,0.0,0.0,0.0
0.0,0.0,0.0,0.0,0.0,0.0,0.0,0.0,0.0,0.0,0.0,0.0,0.0,0.0,0.0,0.0,0.0,0.0,0.0,0.0,0.0,0.0,0.0,0.0,0.0,0.0,0.0,0.0,0.0,0.0,0.0,0.0,0.0,0.0,0.0,0.0,0.0
0.0,0.0,0.0,0.0,0.0,0.0,0.0,0.0,0.0,0.0,0.0,0.0,0.0,0.0,0.0,0.0,0.0,0.0,0.0,0.0,0.0,0.0,0.0,0.0,0.0,0.0,0.0,0.0,0.0,0.0,0.0,0.0,0.0,0.0,0.0,0.0,0.0
0.0,0.0,0.0,0.0,0.0,0.0,0.0,0.0,0.0,0.0,0.0,0.0,0.0,0.0,0.0,0.0,0.0,0.0,0.0,0.0,0.0,0.0,0.0,0.0,0.0,0.0,0.0,0.0,0.0,0.0,0.0,0.0,0.0,0.0,0.0,0.0,0.0
0.0,0.0,0.0,0.0,0.0,0.0,0.0,0.0,0.0,0.0,1.7351384506560494,0.0,0.0,0.0,0.0,0.0,0.0,0.0,0.0,0.0,0.0,0.0,0.0,0.0,0.0,0.0,1.0196613252162847,0.0,0.0,0.0,0.0,0.0,0.0,0.0,0.0,0.0,0.0
0.0,0.0,0.0,0.0,0.0,0.0,0.9683321960269452,0.0,0.0,0.0,1.689293058030284,0.0,0.0,2.942834557034053,0.0039724186062787,0.0,0.0,0.0,0.0,0.0,0.0,0.0,0.0,0.0,0.0,0.0,0.6184937797486709,0.0,0.0,0.3375644505023749,0.0,1.7584600150584726,0.0,0.0,0.0,0.0,0.0
0.0,0.0,0.0,0.0616469755768729,4.442715499550091,0.3096265611238489,5.878699962422211,0.0,0.0,0.0,2.200471834605413,0.0,0.0,36.60782806109636,0.0854137994348971,0.0,0.0,0.0,0.0,0.0,0.0,0.0,0.0,0.0,0.0,1.7244777499697663,0.3062751226127067,0.0,137.94709771051998,0.3760169707238416,0.0,3.2966449409723144,0.0,0.0,0.0,0.0,0.0
0.0,0.0,0.0,0.5511014237999886,36.02950635552391,1.3856039047241044,33.10520473551004,0.0,0.0,0.0,5.994427591143036,0.0,0.0,107.50260826200248,0.4271940015256379,0.048023873008787,0.0,0.0,0.0,0.0,0.0,0.0,0.0,0.0,0.0,33.04027408063411,1.4443277265876484,0.0,958.352512961626,0.4802039995789382,0.0,10.537452355027154,0.0,0.0,0.0,0.0,0.0
0.0,0.0,0.0,2.495824947953221,0.0,11.891079775989027,155.6495379000901,0.0,0.0,0.0,59.10333346128444,0.0,0.0,289.9042182043194,0.0,0.0,5.714198338985395,0.0,0.0,0.0,0.0,0.0,0.0,0.0,0.0,131.2168453693389,5.370940253138536,0.0,1972.887945449352,0.5709945909678626,0.0,43.20395518839359,0.0,0.0,0.0,0.0,0.0
0.0,0.0,0.0,6.260002344846723,0.0,66.40256679803133,581.9663918405771,0.0,0.0,0.0,262.7030039444565,0.0,0.0,590.4461710900068,0.0,0.0,13.097200727462583,0.0,0.0,0.0,0.0,0.0,0.0,0.0,0.0,374.6218585729599,13.041796800494188,0.0,2529.312103390694,0.5567370794713287,0.0,141.01341021060944,0.0,0.0,0.0,0.0,0.0
0.0,0.0,0.0,12.427510321140288,0.0,200.7824129909277,0.0,0.0,0.0,0.0,805.1229225456715,0.0,0.0,894.4189912080765,0.0,0.0,15.78873713016491,0.0,0.0,0.0,0.0,0.0,0.0,0.0,0.0,593.1886262893677,25.767735731601714,0.0,2635.4,0.5224727764725522,0.0,287.79560482501984,0.0,0.0,0.0,0.0,0.0
0.0,0.0,0.0,23.1489080786705,0.0,244.4014309644699,0.0,0.0,0.0,0.0,1223.128951752186,0.0,0.0,999.777350127697,0.0,0.0,264.8035957813262,0.0,0.0,0.0,0.0,0.0,0.0,0.0,0.0,670.0323150157928,3.195845866203305,0.0,2635.4,50.26844751834867,0.0,348.56316471099854,0.0,0.0,0.0,0.0,0.0
0.0,0.0,0.0,10.751492887735363,0.0,0.0,0.0,0.0,0.0,0.0,1488.3955173194408,0.0,0.0,0.0,0.0,0.0,498.8681948125362,0.0,0.0,0.0,0.0,0.0,0.0,0.0,0.0,698.3524413108826,3.952888714522115,0.0,0.0,160.84895690679548,0.0,0.0,0.0,0.0,0.0,0.0,0.0
0.0,0.0,0.0,0.0,0.0,0.0,0.0,0.0,0.0,0.0,1570.5293044269083,0.0,0.0,0.0,0.0,0.0,663.7172613620756,0.0,0.0,0.0,0.0,0.0,0.0,0.0,0.0,0.0,0.0,0.0,0.0,210.09733043909077,0.0,0.0,0.0,0.0,0.0,0.0,0.0
0.0,0.0,0.0,0.0,0.0,0.0,0.0,0.0,0.0,0.0,1507.683851122856,0.0,0.0,0.0,0.0,0.0,713.0756190776824,0.0,0.0,0.0,0.0,0.0,0.0,0.0,0.0,0.0,0.0,0.0,0.0,0.0,0.0,0.0,0.0,0.0,0.0,0.0,0.0
0.0,0.0,0.0,0.0,0.0,0.0,0.0,0.0,0.0,0.0,0.0,0.0,0.0,0.0,0.0,0.0,0.0,0.0,0.0,0.0,0.0,0.0,0.0,0.0,0.0,0.0,0.0,0.0,0.0,0.0,0.0,0.0,0.0,0.0,0.0,0.0,0.0
0.0,0.0,0.0,0.0,0.0,0.0,0.0,0.0,0.0,0.0,0.0,0.0,0.0,0.0,0.0,0.0,0.0,0.0,0.0,0.0,0.0,0.0,0.0,0.0,0.0,0.0,0.0,0.0,0.0,0.0,0.0,0.0,0.0,0.0,0.0,0.0,0.0
0.0,0.0,0.0,0.0,0.0,0.0,0.0,0.0,0.0,0.0,0.0,0.0,0.0,0.0,0.0,0.0,0.0,0.0,0.0,0.0,0.0,0.0,0.0,0.0,0.0,0.0,0.0,0.0,0.0,0.0,0.0,0.0,0.0,0.0,0.0,0.0,0.0
0.0,0.0,0.0,0.0,0.0,0.0,0.0,0.0,0.0,0.0,0.0,0.0,0.0,0.0,0.0,0.0,0.0,0.0,0.0,0.0,0.0,0.0,0.0,0.0,0.0,0.0,0.0,0.0,0.0,0.0,0.0,0.0,0.0,0.0,0.0,0.0,0.0
0.0,0.0,0.0,0.0,0.0,0.0,0.0,0.0,0.0,0.0,0.0,0.0,0.0,0.0,0.0,0.0,0.0,0.0,0.0,0.0,0.0,0.0,0.0,0.0,0.0,0.0,0.0,0.0,0.0,0.0,0.0,0.0,0.0,0.0,0.0,0.0,0.0
0.0,0.0,0.0,0.0,0.0,0.0,0.0,0.0,0.0,0.0,0.0,0.0,0.0,0.0,0.0,0.0,0.0,0.0,0.0,0.0,0.0,0.0,0.0,0.0,0.0,0.0,0.0,0.0,0.0,0.0,0.0,0.0,0.0,0.0,0.0,0.0,0.0
0.0,0.0,0.0,0.0,0.0,0.0,0.0,0.0,0.0,0.0,0.0,0.0,0.0,0.0,0.0,0.0,0.0,0.0,0.0,0.0,0.0,0.0,0.0,0.0,0.0,0.0,0.0,0.0,0.0,0.0,0.0,0.0,0.0,0.0,0.0,0.0,0.0
0.0,0.0,0.0,0.0,0.0,0.0,0.0,0.0,0.0,0.0,0.0,0.0,0.0,0.0,0.0,0.0,0.0,0.0,0.0,0.0,0.0,0.0,0.0,0.0,0.0,0.0,0.0,0.0,0.0,0.0,0.0,0.0,0.0,0.0,0.0,0.0,0.0
0.0,0.0,0.0,0.0,0.0,0.0,0.0,0.0,0.0,0.0,0.0,0.0,0.0,0.0,0.0,0.0,0.0,0.0,0.0,0.0,0.0,0.0,0.0,0.0,0.0,0.0,0.0,0.0,0.0,0.0,0.0,0.0,0.0,0.0,0.0,0.0,0.0
0.0,0.0,0.0,0.0,0.0,0.0,0.0,0.0,0.0,0.0,0.0,0.0,0.0,0.0,0.0,0.0,0.0,0.0,0.0,0.0,0.0,0.0,0.0,0.0,0.0,0.0,0.0,0.0,0.0,0.0,0.0,0.0,0.0,0.0,0.0,0.0,0.0
0.0,0.0,0.0,0.0,0.0,0.0,0.0,0.0,0.0,0.0,0.0,0.0,0.0,0.0,0.0,0.0,0.0,0.0,0.0,0.0,0.0,0.0,0.0,0.0,0.0,0.0,0.0,0.0,0.0,0.0,0.0,0.0,0.0,0.0,0.0,0.0,0.0
0.0,0.0,0.0,0.0,0.0,0.0,0.0,0.0,0.0,0.0,0.0,0.0,0.0,0.0,0.0,0.0,0.0,0.0,0.0,0.0,0.0,0.0,0.0,0.0,0.0,0.0,0.0,0.0,0.0,0.0,0.0,0.0,0.0,0.0,0.0,0.0,0.0
0.0,0.0,0.0,0.0,0.0,0.0,0.0,0.0,0.0,0.0,0.0,0.0,0.0,0.0,0.0,0.0,0.0,0.0,0.0,0.0,0.0,0.0,0.0,0.0,0.0,0.0,0.0,0.0,0.0,0.0,0.0,0.0,0.0,0.0,0.0,0.0,0.0
0.0,0.0,0.0,0.0,0.0,0.1517238304949955,2.3543506536631997,0.0,0.0,0.0,1.744534266274283,0.0,0.0,0.0,0.0137690462172018,0.0,0.1176068663597107,0.0,0.0,0.0,0.0,0.0,0.0,0.0,0.0,0.0,0.4289410490542563,0.0,0.0,0.3268801033496563,0.0,0.0,0.099938115105026,0.0,0.0,0.0,0.0
0.0,0.0,0.0,0.0257751047611202,2.233945459127406,0.0,0.2504553604870759,0.0,0.0,0.0,1.7476948118302968,0.0,0.0,1.3755073305219316,0.0217196367681021,0.0228026155382389,0.559475290775154,0.0,0.0,0.0,0.0,4.124878597259484,0.0,0.0,0.0,0.6998467471449719,0.0,0.0,0.0,0.3696292072534267,0.0,2.06430469453334,0.0,0.0,0.0,0.0,0.0
0.0,0.0,0.0,0.0479247625917178,4.703993976116074,0.5048455405048596,4.211700498312704,0.0,0.0,0.0,2.3409026187378763,0.0,0.0,27.51375146675855,0.0880001865327335,0.0,0.0,0.0,0.0,0.0,0.0,0.0,0.0,0.0,0.0,4.068341550230932,0.626844615861772,0.0,48.67914779484259,0.4149468891322309,0.0,3.804994150996163,0.038904692977644,0.0,0.0,0.0,0.0
0.0,0.0,0.0,0.1859588604420411,8.297839682549156,1.4337314614094754,9.585965152457277,0.0,0.0,0.0,6.102544101420778,0.0,0.0,87.76471396908154,0.3223982512950872,0.0,0.0,0.0,0.0,0.0,0.0,4.098999595642076,0.0,0.0,0.0,6.027183820307197,1.7871798954903988,0.0,388.7369160354136,0.499106624722448,0.0,13.86990304291246,0.6196439834311568,0.0,0.0,0.0,0.0
0.0,0.0,0.0,1.2420352622866624,17.833935536444045,13.729684926569456,44.14224021416145,0.0,0.0,0.0,62.78937507569786,0.0,0.0,269.1644413024187,1.4430910259485243,0.0,0.0,0.0,0.0,0.0,0.0,124.4624567985534,0.0,0.0,0.0,20.768965190648984,4.48200778737664,0.0,1250.8743767917156,0.5488878332078072,0.0,50.905447065830224,1.2072696108370893,0.0,0.0,0.0,0.0
0.0,0.0,0.0,3.266615048050879,30.248302031308235,75.61280481517313,159.7608726583421,0.0,0.0,0.0,267.583352471143,0.0,0.0,600.1573296636343,3.778748162090776,0.0171217145398247,0.0,0.0,0.0,0.0,0.0,333.3911060333251,0.0,0.0,0.0,48.20707705914968,9.57379214614629,0.0,1958.9010428071024,0.5645482510328098,0.0,167.19189196825027,1.3986732671037156,0.0,0.0,0.0,0.0
0.0,0.0,0.0,7.136244118213648,35.030013658106235,208.1241921931505,446.9869831770658,0.0,0.0,0.0,830.1129271507264,0.0,0.0,916.5895347297192,7.193602904677388,0.0128524880856268,2.8904078364370736,0.0,0.0,0.0,0.0,623.4643112182616,0.0,0.0,0.0,95.0657375395298,17.834912970662113,0.0,2376.138224720955,0.536870871484272,0.0,313.9555176496506,1.214342868886873,0.0,0.0,0.0,0.0
0.0,0.0,0.0,15.003337502479551,153.6120926141739,248.13386422395703,673.6325891226529,0.0,0.0,0.0,1238.7709123373031,0.0,0.0,1018.3651387691498,13.578129529953005,0.4167364761233322,198.880749130249,0.0,0.0,0.0,0.0,922.4317787170409,0.0,0.0,0.0,199.76524660587305,31.11292347311973,0.0,2504.3307117462155,40.82808581665156,0.0,358.1359430551529,9.700851302593923,0.0,0.0,0.0,0.0
0.0,0.0,0.0,23.28441053628921,297.543865263462,269.76452401280403,846.6740500748158,0.0,0.0,0.0,1488.5737199604512,0.0,0.0,1059.850565046072,18.175630563497545,0.8451276272535317,385.919485771656,0.0,0.0,0.0,0.0,1151.3973022460934,0.0,0.0,0.0,319.6086047887802,3.952888714522115,0.0,2553.004793643951,147.44701325297353,0.0,365.6886726617813,0.0,0.0,0.0,0.0,0.0
0.0,0.0,0.0,27.141760885715485,0.0,274.1632255911827,908.6246444642544,0.0,0.0,0.0,1558.7342967450618,0.0,0.0,0.0,20.34444664120674,0.0,524.9985222816466,0.0,0.0,0.0,0.0,1136.68152923584,0.0,0.0,0.0,0.0,0.0,0.0,2535.344683623314,202.17158331274987,0.0,357.58759438991547,0.0,0.0,0.0,0.0,0.0
0.0,0.0,0.0,0.0,0.0,0.0,0.0,0.0,0.0,0.0,1488.0665069639683,0.0,0.0,0.0,0.0,0.0,578.2785388708113,0.0,0.0,0.0,0.0,0.0,0.0,0.0,0.0,0.0,0.0,0.0,0.0,0.0,0.0,338.2208251953125,0.0,0.0,0.0,0.0,0.0
0.0,0.0,0.0,0.0,0.0,0.0,0.0,0.0,0.0,0.0,0.0,0.0,0.0,0.0,0.0,0.0,457.7635531663894,0.0,0.0,0.0,0.0,0.0,0.0,0.0,0.0,0.0,0.0,0.0,0.0,0.0,0.0,0.0,0.0,0.0,0.0,0.0,0.0
0.0,0.0,0.0,0.0,0.0,0.0,0.0,0.0,0.0,0.0,0.0,0.0,0.0,0.0,0.0,0.0,0.0,0.0,0.0,0.0,0.0,0.0,0.0,0.0,0.0,0.0,0.0,0.0,0.0,0.0,0.0,0.0,0.0,0.0,0.0,0.0,0.0
0.0,0.0,0.0,0.0,0.0,0.0,0.0,0.0,0.0,0.0,0.0,0.0,0.0,0.0,0.0,0.0,0.0,0.0,0.0,0.0,0.0,0.0,0.0,0.0,0.0,0.0,0.0,0.0,0.0,0.0,0.0,0.0,0.0,0.0,0.0,0.0,0.0
0.0,0.0,0.0,0.0,0.0,0.0,0.0,0.0,0.0,0.0,0.0,0.0,0.0,0.0,0.0,0.0,0.0,0.0,0.0,0.0,0.0,0.0,0.0,0.0,0.0,0.0,0.0,0.0,0.0,0.0,0.0,0.0,0.0,0.0,0.0,0.0,0.0
0.0,0.0,0.0,0.0,0.0,0.0,0.0,0.0,0.0,0.0,0.0,0.0,0.0,0.0,0.0,0.0,0.0,0.0,0.0,0.0,0.0,0.0,0.0,0.0,0.0,0.0,0.0,0.0,0.0,0.0,0.0,0.0,0.0,0.0,0.0,0.0,0.0
0.0,0.0,0.0,0.0,0.0,0.0,0.0,0.0,0.0,0.0,0.0,0.0,0.0,0.0,0.0,0.0,0.0,0.0,0.0,0.0,0.0,0.0,0.0,0.0,0.0,0.0,0.0,0.0,0.0,0.0,0.0,0.0,0.0,0.0,0.0,0.0,0.0
0.0,0.0,0.0,0.0,0.0,0.0,0.0,0.0,0.0,0.0,0.0,0.0,0.0,0.0,0.0,0.0,0.0,0.0,0.0,0.0,0.0,0.0,0.0,0.0,0.0,0.0,0.0,0.0,0.0,0.0,0.0,0.0,0.0,0.0,0.0,0.0,0.0
0.0,0.0,0.0,0.0,0.0,0.0,0.0,0.0,0.0,0.0,0.0,0.0,0.0,0.0,0.0,0.0,0.0,0.0,0.0,0.0,0.0,0.0,0.0,0.0,0.0,0.0,0.0,0.0,0.0,0.0,0.0,0.0,0.0,0.0,0.0,0.0,0.0
0.0,0.0,0.0,0.0,0.0,0.0,0.0,0.0,0.0,0.0,0.0,0.0,0.0,0.0,0.0,0.0,0.0,0.0,0.0,0.0,0.0,0.0,0.0,0.0,0.0,0.0,0.0,0.0,0.0,0.0,0.0,0.0,0.0,0.0,0.0,0.0,0.0
0.0,0.0,0.0,0.0,0.0,0.0,0.0,0.0,0.0,0.0,0.0,0.0,0.0,0.0,0.0,0.0,0.0,0.0,0.0,0.0,0.0,0.0,0.0,0.0,0.0,0.0,0.0,0.0,0.0,0.0,0.0,0.0,0.0,0.0,0.0,0.0,0.0
0.0,0.0,0.0,0.0,0.0,0.0,0.0,0.0,0.0,0.0,0.0,0.0,0.0,0.0,0.0,0.0,0.0,0.0,0.0,0.0,0.0,0.0,0.0,0.0,0.0,0.0,0.0,0.0,0.0,0.0,0.0,0.0,0.0,0.0,0.0,0.0,0.0
0.0,0.0,0.0,0.0,0.0,0.0,0.0,0.0,0.0,0.0,0.0,0.0,0.0,0.0,0.0,0.0,0.0,0.0,0.0,0.0,0.0,0.0,0.0,0.0,0.0,0.0,0.0,0.0,0.0,0.0,0.0,0.0,0.0,0.0,0.0,0.0,0.0
0.0,0.0,0.0,0.0,0.0,0.0,0.0,0.0,0.0,0.0,0.0,0.0,0.0,0.0,0.0,0.0,0.0,0.0,0.0,0.0,0.0,0.0,0.0,0.0,0.0,0.0,0.0,0.0,0.0,0.0,0.0,0.0,0.3192325821146126,0.0,0.0,0.0,0.0
0.0,0.0,0.0,0.0,1.5597250834107097,0.1110680066048671,0.0,0.0,0.0,0.0,1.6449415873735955,0.0,0.0,0.0,0.0,0.0216164374724024,0.0,0.0,0.0,0.0,0.0,11.74269247055016,0.0,0.0,0.0,0.0,0.0106070525944229,0.0,0.0,0.2419764466583533,0.0,1.5450473576783883,0.3373843943700181,0.0,0.0,0.0,0.0
0.0,0.0,0.0,0.0222859866917108,2.026082225143871,0.0,0.0,0.0,0.0,0.0,1.6441872097550796,0.0,0.0,0.0,0.061238533258436,0.0078677507117378,0.8215320706366348,0.0,0.0,0.0,0.0,19.500417613982787,0.0,0.0,0.0,0.0,0.0,0.0,0.0,0.2812373220920509,0.0,1.6243106871842858,0.0,0.0,0.0,0.0,0.0
0.0,0.0,0.0,0.0377521235495792,4.155335385352204,0.4458975275046877,6.813412582129217,0.0,0.0,0.0,2.263496270356524,0.0,0.0,49.18030079454173,0.1980458579957481,0.0,0.0,0.0,0.0,0.0,0.0,0.0,0.0,0.0,0.0,3.798696760088125,0.0,0.0,131.43378740474574,0.3582067966460899,0.0,3.373566970229109,0.4574453160166455,0.0,0.0,0.0,0.0
0.0,0.0,0.0,0.137631578370926,25.548515453934588,1.5857284958474305,47.78981124833215,0.0,0.0,0.0,3.4920913406181824,0.0,0.0,184.60803238674995,0.4848632421344513,0.0,0.0,0.0,0.0,0.0,0.0,8.893812465667676,0.0,0.0,0.0,29.935594335198367,0.0,0.0,914.0043144881724,0.4904578097164366,0.0,11.547633707523318,0.9687994951382266,0.0,0.0,0.0,0.0
0.0,0.0,0.0,1.5376509726047505,109.25616976618748,13.244794917292875,229.97762158513055,0.0,0.0,0.0,35.8681595293805,0.0,0.0,0.0,1.906170298531649,0.0,0.0,0.0,0.0,0.0,0.0,127.21776838302584,0.0,0.0,0.0,120.4577222347259,0.2976340055465685,0.0,1861.3317074418069,0.5738824106752692,0.0,41.73558317124839,1.2151241172104854,0.0,0.0,0.0,0.0
0.0,0.0,0.0,4.819442927837367,264.3278730511664,67.08974665403362,691.565507993102,0.0,0.0,0.0,157.5412043228745,0.0,0.0,0.0,4.326749715954065,0.0,0.0,0.0,0.0,0.0,0.0,319.9046916961666,0.0,0.0,0.0,361.25397620201113,2.0292758565396007,0.0,2364.1216026186944,0.6178821220993869,0.0,138.91467225551605,1.3298238143324566,0.0,0.0,0.0,0.0
0.0,0.0,0.0,9.842436105012892,502.966547846794,183.23624280095095,1106.0663586616515,0.0,0.0,0.0,549.1491703853009,0.0,0.0,0.0,7.639681193232536,0.0,1.1847099184989147,0.0,0.0,0.0,0.0,570.8998405456542,0.0,0.0,0.0,591.3095185756683,3.642994865775107,0.0,2635.4,0.5944076038896692,0.0,297.36481291055674,0.9426147146150315,0.0,0.0,0.0,0.0
0.0,0.0,0.0,19.462566435337063,877.5633460283278,219.9985919743776,1327.5846987247469,0.0,0.0,0.0,875.6875744968653,0.0,0.0,0.0,14.183766719698903,0.3344583380967374,180.18364751338947,0.0,0.0,0.0,0.0,733.0309623718259,0.0,0.0,0.0,645.7618663787841,5.965352237224571,0.0,2635.4,56.56034474670887,0.0,350.1963337659836,6.160499136894935,0.0,0.0,0.0,0.0
0.0,0.0,0.0,28.12253969907761,1131.0143661499023,240.3537344932556,1435.3895619452,0.0,0.0,0.0,1146.230714839697,0.0,0.0,0.0,18.503518545627596,0.750972308218479,339.710773539543,0.0,0.0,0.0,0.0,829.8558761596678,0.0,0.0,0.0,664.7126717090607,8.105057589709759,0.0,2635.4,171.99891666173932,0.0,364.51421904563904,14.309532035142176,0.0,0.0,0.0,0.0
0.0,0.0,0.0,32.86186444759369,1241.6007754802704,241.99520033597943,0.0,0.0,0.0,0.0,1225.8906858325004,0.0,0.0,0.0,20.564019137620924,0.9514091238379468,457.9976331174373,0.0,0.0,0.0,0.0,733.2993774414061,0.0,0.0,0.0,657.5140283584594,9.992298628389836,0.0,2635.4,0.0,0.0,357.81164157390594,16.610910043120363,0.0,0.0,0.0,0.0
0.0,0.0,0.0,33.33455801010132,1279.3797872066498,226.8097384274006,1432.5792305588725,0.0,0.0,0.0,1166.0102586627006,0.0,0.0,0.0,20.826109850406645,1.0555951073765748,504.7823677241801,0.0,0.0,0.0,0.0,516.2563583374024,0.0,0.0,0.0,629.8486423015595,0.0,0.0,0.0,0.0,0.0,341.85861372947693,0.0,0.0,0.0,0.0,0.0
0.0,0.0,0.0,0.0,0.0,0.0,0.0,0.0,0.0,0.0,0.0,0.0,0.0,0.0,0.0,0.0,0.0,0.0,0.0,0.0,0.0,0.0,0.0,0.0,0.0,0.0,0.0,0.0,0.0,0.0,0.0,0.0,0.0,0.0,0.0,0.0,0.0
0.0,0.0,0.0,0.0,0.0,0.0,0.0,0.0,0.0,0.0,0.0,0.0,0.0,0.0,0.0,0.0,0.0,0.0,0.0,0.0,0.0,0.0,0.0,0.0,0.0,0.0,0.0,0.0,0.0,0.0,0.0,0.0,0.0,0.0,0.0,0.0,0.0
0.0,0.0,0.0,0.0,0.0,0.0,0.0,0.0,0.0,0.0,0.0,0.0,0.0,0.0,0.0,0.0,0.0,0.0,0.0,0.0,0.0,0.0,0.0,0.0,0.0,0.0,0.0,0.0,0.0,0.0,0.0,0.0,0.0,0.0,0.0,0.0,0.0
0.0,0.0,0.0,0.0,0.0,0.0,0.0,0.0,0.0,0.0,0.0,0.0,0.0,0.0,0.0,0.0,0.0,0.0,0.0,0.0,0.0,0.0,0.0,0.0,0.0,0.0,0.0,0.0,0.0,0.0,0.0,0.0,0.0,0.0,0.0,0.0,0.0
0.0,0.0,0.0,0.0,0.0,0.0,0.0,0.0,0.0,0.0,0.0,0.0,0.0,0.0,0.0,0.0,0.0,0.0,0.0,0.0,0.0,0.0,0.0,0.0,0.0,0.0,0.0,0.0,0.0,0.0,0.0,0.0,0.0,0.0,0.0,0.0,0.0
0.0,0.0,0.0,0.0,0.0,0.0,0.0,0.0,0.0,0.0,0.0,0.0,0.0,0.0,0.0,0.0,0.0,0.0,0.0,0.0,0.0,0.0,0.0,0.0,0.0,0.0,0.0,0.0,0.0,0.0,0.0,0.0,0.0,0.0,0.0,0.0,0.0
0.0,0.0,0.0,0.0,0.0,0.0,0.0,0.0,0.0,0.0,0.0,0.0,0.0,0.0,0.0,0.0,0.0,0.0,0.0,0.0,0.0,0.0,0.0,0.0,0.0,0.0,0.0,0.0,0.0,0.0,0.0,0.0,0.0,0.0,0.0,0.0,0.0
0.0,0.0,0.0,0.0,0.0,0.0,0.0,0.0,0.0,0.0,0.0,0.0,0.0,0.0,0.0,0.0,0.0,0.0,0.0,0.0,0.0,0.0,0.0,0.0,0.0,0.0,0.0,0.0,0.0,0.0,0.0,0.0,0.0,0.0,0.0,0.0,0.0
0.0,0.0,0.0,0.0,0.0,0.0,0.0,0.0,0.0,0.0,0.0,0.0,0.0,0.0,0.0,0.0,0.0,0.0,0.0,0.0,0.0,0.0,0.0,0.0,0.0,0.0,0.0,0.0,0.0,0.0,0.0,0.0,0.0,0.0,0.0,0.0,0.0
0.0,0.0,0.0,0.0,0.0,0.0,0.0,0.0,0.0,0.0,0.0,0.0,0.0,0.0,0.0,0.0,0.0,0.0,0.0,0.0,0.0,0.0,0.0,0.0,0.0,0.0,0.0,0.0,0.0,0.0,0.0,0.0,0.0,0.0,0.0,0.0,0.0
0.0,0.0,0.0,0.0,0.0,0.0,0.0,0.0,0.0,0.0,0.0,0.0,0.0,0.0,0.0,0.0,0.0,0.0,0.0,0.0,0.0,0.0,0.0,0.0,0.0,0.0,0.0,0.0,0.0,0.0,0.0,0.0,0.0,0.0,0.0,0.0,0.0
0.0,0.0,0.0,0.0,0.0,0.0,0.0,0.0,0.0,0.0,0.0,0.0,0.0,0.0,0.0,0.0,0.0,0.0,0.0,0.0,0.0,0.0,0.0,0.0,0.0,0.0,0.0,0.0,0.0,0.0,0.0,0.0,0.0,0.0,0.0,0.0,0.0
0.0,0.0,0.0,0.0,0.0,0.0,0.0,0.0,0.0,0.0,0.0,0.0,0.0,0.0,0.0,0.0,0.0,0.0,0.0,0.0,0.0,0.0,0.0,0.0,0.0,0.0,0.0,0.0,0.0,0.0,0.0,0.0,0.530435685068356,0.0,0.0,0.0,0.0
0.0,0.0,0.0,0.0,1.842217914759914,0.1096038497052753,2.2680832628159693,0.0,0.0,0.0,1.6451979910022674,0.0,0.0,0.0,0.0,0.0036964956670993,0.0,0.0,0.0,0.0,0.0,20.706851005554107,0.0,0.0,0.0,10.933657611906456,0.2374183587729845,0.0,0.0,0.2828921072184742,0.0,0.0,0.5531893037259341,0.0,0.0,0.0,0.0
0.0,0.0,0.0,0.022789496928448,3.224315885454327,0.0,2.91085012294337,0.0,0.0,0.0,1.6214562864041795,0.0,0.0,0.0,0.0422611467540233,0.0,0.0,0.0,0.0,0.0,0.0,29.37126636505097,0.0,0.0,0.0,12.591069780290097,0.1756739355623635,0.0,0.0,0.3237257607280863,0.0,1.785941138863547,0.0,0.0,0.0,0.0,0.0
0.0,0.0,0.0,0.0608167611062494,5.277664419263517,0.2952182758599463,11.32264604754737,0.0,0.0,0.0,2.0858361031394086,0.0,0.0,18.95038824994111,0.0716782271862009,0.0,0.0,0.0,0.0,0.0,0.0,23.50403242111194,0.0,0.0,0.0,2.706879677996016,0.3481456350535066,0.0,57.99086555317039,0.3667326010763578,0.0,3.1696585565805337,0.0,0.0,0.0,0.0,0.0
0.0,0.0,0.0,0.1872246228158434,8.478391282260345,1.3410541969351215,25.640414987131884,0.0,0.0,0.0,2.281863034423311,0.0,0.0,66.12642591819166,0.1784370426088547,0.0,0.0,0.0,0.0,0.0,0.0,55.72696700096091,0.0,0.0,0.0,5.0663538161665,0.808467024564739,0.0,431.5376989305018,0.5015551209449722,0.0,6.860175684094426,0.4829612737521333,0.0,0.0,0.0,0.0
0.0,0.0,0.0,0.3766619767993646,17.054029639810285,13.527209617197496,81.02541721425946,0.0,0.0,0.0,40.50575527176259,0.0,0.0,186.8079905584453,0.3802280623465767,0.0,0.0,0.0,0.0,0.0,0.0,128.09143295288064,0.0,0.0,0.0,21.05807550847522,1.338819562830028,0.0,1217.7452946960923,0.593277078121871,0.0,26.133196435868705,1.04197924118488,0.0,0.0,0.0,0.0
0.0,0.0,0.0,0.6283314637839794,26.46331823989735,72.40821654349566,268.96501970440147,0.0,0.0,0.0,196.67865421324964,0.0,0.0,432.7612997591495,0.6113699991255986,0.0,3.497440671920579,0.0,0.0,0.0,0.0,248.4561208724976,0.0,0.0,0.0,71.24124388098714,2.6837933745235127,0.0,1897.9404717922207,0.6347843609749957,0.0,91.8902936577797,1.2685317043214988,0.0,0.0,0.0,0.0
0.0,0.0,0.0,0.6807594094425413,30.24790198355905,198.5557035505772,586.3119019925595,0.0,0.0,0.0,676.3605971306562,0.0,0.0,746.5869916975498,0.67140477709472,0.0,6.621346247196014,0.0,0.0,0.0,0.0,413.3594108581541,0.0,0.0,0.0,150.77441056966782,4.440829961746925,0.0,2296.137106359005,0.6146340571343727,0.0,239.547811627388,1.2178392484783838,0.0,0.0,0.0,0.0
0.0,0.0,0.0,3.974336564540858,167.74614614248267,241.3064968585968,849.553286576271,0.0,0.0,0.0,1053.0210368722678,0.0,0.0,890.0242872536182,3.146606388688085,0.2208220362663263,220.5706666469572,0.0,0.0,0.0,0.0,600.5010726928708,0.0,0.0,0.0,281.5801590681076,9.461554567515844,0.0,2426.340401101112,61.471254959702485,0.0,315.5819767713547,8.08637312613426,0.0,0.0,0.0,0.0
0.0,0.0,0.0,7.839648842811584,323.72235935926426,263.9139775931835,1019.532413816452,0.0,0.0,0.0,1328.1284160912037,0.0,0.0,0.0,5.549299854040146,0.4407604895532124,419.3678223609924,0.0,0.0,0.0,0.0,728.7972969055173,0.0,0.0,0.0,376.0539211511612,16.2695907652378,0.0,2471.511395514011,178.96799296736714,0.0,344.69734609127045,16.671914540231224,0.0,0.0,0.0,0.0
0.0,0.0,0.0,11.224788814783096,409.0996277332305,267.0885924398899,1073.0103083193303,0.0,0.0,0.0,1402.0372155487537,0.0,0.0,0.0,7.123065930604935,0.608055170625448,558.3787093997001,0.0,0.0,0.0,0.0,681.4026512145995,0.0,0.0,0.0,402.7993761777877,20.51346976459025,0.0,2440.233996987343,220.929173129797,0.0,341.8993397951126,0.0,0.0,0.0,0.0,0.0
0.0,0.0,0.0,0.0,421.0636961460112,251.989810615778,1055.6720587253571,0.0,0.0,0.0,1327.3037203073502,0.0,0.0,0.0,0.0,0.6819777227938169,595.1674732208251,0.0,0.0,0.0,0.0,508.2250576019283,0.0,0.0,0.0,381.2279410123825,21.9134836435318,0.0,0.0,0.0,0.0,0.0,0.0,0.0,0.0,0.0,0.0
0.0,0.0,0.0,0.0,0.0,0.0,0.0,0.0,0.0,0.0,0.0,0.0,0.0,0.0,0.0,0.0,0.0,0.0,0.0,0.0,0.0,0.0,0.0,0.0,0.0,0.0,0.0,0.0,0.0,0.0,0.0,0.0,0.0,0.0,0.0,0.0,0.0
0.0,0.0,0.0,0.0,0.0,0.0,0.0,0.0,0.0,0.0,0.0,0.0,0.0,0.0,0.0,0.0,0.0,0.0,0.0,0.0,0.0,0.0,0.0,0.0,0.0,0.0,0.0,0.0,0.0,0.0,0.0,0.0,0.0,0.0,0.0,0.0,0.0
0.0,0.0,0.0,0.0,0.0,0.0,0.0,0.0,0.0,0.0,0.0,0.0,0.0,0.0,0.0,0.0,0.0,0.0,0.0,0.0,0.0,0.0,0.0,0.0,0.0,0.0,0.0,0.0,0.0,0.0,0.0,0.0,0.0,0.0,0.0,0.0,0.0
0.0,0.0,0.0,0.0,0.0,0.0,0.0,0.0,0.0,0.0,0.0,0.0,0.0,0.0,0.0,0.0,0.0,0.0,0.0,0.0,0.0,0.0,0.0,0.0,0.0,0.0,0.0,0.0,0.0,0.0,0.0,0.0,0.0,0.0,0.0,0.0,0.0
0.0,0.0,0.0,0.0,0.0,0.0,0.0,0.0,0.0,0.0,0.0,0.0,0.0,0.0,0.0,0.0,0.0,0.0,0.0,0.0,0.0,0.0,0.0,0.0,0.0,0.0,0.0,0.0,0.0,0.0,0.0,0.0,0.0,0.0,0.0,0.0,0.0
0.0,0.0,0.0,0.0,0.0,0.0,0.0,0.0,0.0,0.0,0.0,0.0,0.0,0.0,0.0,0.0,0.0,0.0,0.0,0.0,0.0,0.0,0.0,0.0,0.0,0.0,0.0,0.0,0.0,0.0,0.0,0.0,0.0,0.0,0.0,0.0,0.0
0.0,0.0,0.0,0.0,0.0,0.0,0.0,0.0,0.0,0.0,0.0,0.0,0.0,0.0,0.0,0.0,0.0,0.0,0.0,0.0,0.0,0.0,0.0,0.0,0.0,0.0,0.0,0.0,0.0,0.0,0.0,0.0,0.0,0.0,0.0,0.0,0.0
0.0,0.0,0.0,0.0,0.0,0.0,0.0,0.0,0.0,0.0,0.0,0.0,0.0,0.0,0.0,0.0,0.0,0.0,0.0,0.0,0.0,0.0,0.0,0.0,0.0,0.0,0.0,0.0,0.0,0.0,0.0,0.0,0.0,0.0,0.0,0.0,0.0
0.0,0.0,0.0,0.0,0.0,0.0,0.0,0.0,0.0,0.0,0.0,0.0,0.0,0.0,0.0,0.0,0.0,0.0,0.0,0.0,0.0,0.0,0.0,0.0,0.0,0.0,0.0,0.0,0.0,0.0,0.0,0.0,0.0,0.0,0.0,0.0,0.0
0.0,0.0,0.0,0.0,0.0,0.0,0.0,0.0,0.0,0.0,0.0,0.0,0.0,0.0,0.0,0.0,0.0,0.0,0.0,0.0,0.0,0.0,0.0,0.0,0.0,0.0,0.0,0.0,0.0,0.0,0.0,0.0,0.0,0.0,0.0,0.0,0.0
0.0,0.0,0.0,0.0,0.0,0.0,0.0,0.0,0.0,0.0,0.0,0.0,0.0,0.0,0.0,0.0,0.0,0.0,0.0,0.0,0.0,0.0,0.0,0.0,0.0,0.0,0.0,0.0,0.0,0.0,0.0,0.0,0.0,0.0,0.0,0.0,0.0
0.0,0.0,0.0,0.0,0.0,0.0,0.0,0.0,0.0,0.0,0.0,0.0,0.0,0.0,0.0,0.0,0.0,0.0,0.0,0.0,0.0,0.0,0.0,0.0,0.0,0.0,0.0,0.0,0.0,0.0,0.0,0.0,0.0,0.0,0.0,0.0,0.0
0.0,0.0,0.0,0.0,0.0,0.0,0.0,0.0,0.0,0.0,0.0,0.0,0.0,0.0,0.0,0.0,0.0,0.0,0.0,0.0,0.0,0.0,0.0,0.0,0.0,0.0,0.0,0.0,0.0,0.0,0.0,0.0,0.2654743473976673,0.0,0.0,0.0,0.0
0.0,0.0,0.0,0.0,1.4334479421377104,0.0,0.0,0.0,0.0,0.0,0.0,0.0,0.0,0.0,0.0,0.0,0.0,0.0,0.0,0.0,0.0,27.829534816741912,0.0,0.0,0.0,4.580653108656397,0.0,0.0,0.0,0.0,0.0,0.0,0.0,0.0,0.0,0.0,0.0
0.0,0.0,0.0,0.0234907157719123,2.469951953738749,0.0,0.0,0.0,0.0,0.0,1.7545096388550891,0.0,0.0,0.0,0.0,0.0,0.0,0.0,0.0,0.0,0.0,27.982347393035614,0.0,0.0,0.0,3.0899090008809584,0.0,0.0,0.0,0.0,0.0,0.0,0.0,0.0,0.0,0.0,0.0
0.0,0.0,0.0,0.065712070092554,4.514804892241923,0.3619316015392438,5.715679299831275,0.0,0.0,0.0,2.2313663528299217,0.0,0.0,26.245453758165137,0.1267269529402246,0.0,0.0,0.0,0.0,0.0,0.0,0.0,0.0,0.0,0.0,0.0,0.0,0.0,56.62097236141553,0.3822817236184737,0.0,4.715432524681056,1.579936249181627,0.0,0.0,0.0,0.0
0.0,0.0,0.0,0.1614066157489972,7.360651958733682,1.5161251132376403,22.78091220799825,0.0,0.0,0.0,10.40510294353587,0.0,0.0,85.3083699941635,0.2892197951674445,0.0,0.0,0.0,0.0,0.0,0.0,16.663029956817322,0.0,0.0,0.0,0.6995046010240288,0.0,0.0,421.0024393916128,0.4819935105740798,0.0,17.546157076954835,4.708599746227253,0.0,0.0,0.0,0.0
0.0,0.0,0.0,0.2241167947649932,15.833258314058174,16.96637403778729,72.856812147051,0.0,0.0,0.0,83.61548646390438,0.0,0.0,274.5234144479035,0.9351125702261892,0.0,0.0,0.0,0.0,0.0,0.0,169.03002738952617,0.0,0.0,0.0,21.008074648678303,0.6017103459685952,0.0,1295.001246613264,0.5798806406557381,0.0,73.93302309513089,16.137995846569517,0.0,0.0,0.0,0.0
0.0,0.0,0.0,0.3657772634178398,33.38733088970181,89.9626169502735,213.30897558033467,0.0,0.0,0.0,342.7404010787606,0.0,0.0,641.1776469647884,1.872059801593423,0.0,7.019272971153064,0.0,0.0,0.0,0.0,468.6918228149412,0.0,0.0,0.0,62.61481782793999,1.8511088337749184,0.0,2011.87304751873,0.6292283833026827,0.0,235.10380846261972,53.127095222473145,0.0,0.0,0.0,0.0
0.0,0.0,0.0,0.4198536854237292,61.55734544992437,214.5470347553492,480.3186086475849,0.0,0.0,0.0,974.8641251415014,0.0,0.0,949.9654853343964,2.3414983436465246,0.0,10.367238318920132,0.0,0.0,0.0,0.0,935.0769599914548,0.0,0.0,0.0,114.62014666795724,1.612274006381628,0.0,2427.7810008645056,0.6052735380828085,0.0,363.6976524591446,108.6944227218628,0.0,0.0,0.0,0.0
0.0,0.0,0.0,4.156935706734657,229.42012423276896,253.5894400775433,693.7187475085259,0.0,0.0,0.0,1404.7010331094266,0.0,0.0,1038.4035648405552,5.785018309950826,0.0,236.6419911980628,0.0,0.0,0.0,0.0,1340.977243041992,0.0,0.0,0.0,287.60541660785674,2.283882615715262,0.0,2591.22616263628,59.77117851078509,0.0,396.63510024547577,8.08637312613426,0.0,0.0,0.0,0.0
0.0,0.0,0.0,0.0,436.7799680829048,275.3500002324581,897.7597584426403,0.0,0.0,0.0,1667.9761773824691,0.0,0.0,1063.240120112896,9.568435567617415,0.0,0.0,0.0,0.0,0.0,0.0,1579.425973510742,0.0,0.0,0.0,421.4494865894318,2.557306238636366,0.0,0.0,167.37175084352492,0.0,404.51783657073975,0.0,0.0,0.0,0.0,0.0
0.0,0.0,0.0,0.0,547.7208157777785,282.4814797639847,0.0,0.0,0.0,0.0,1756.7894443035125,0.0,0.0,1068.1292043626308,11.940030670166012,0.0,0.0,0.0,0.0,0.0,0.0,0.0,0.0,0.0,0.0,466.5994302272797,0.0,0.0,0.0,0.0,0.0,395.30036175251007,0.0,0.0,0.0,0.0,0.0
0.0,0.0,0.0,0.0,0.0,271.4026099443436,0.0,0.0,0.0,0.0,0.0,0.0,0.0,0.0,0.0,0.0,0.0,0.0,0.0,0.0,0.0,0.0,0.0,0.0,0.0,0.0,0.0,0.0,0.0,0.0,0.0,0.0,0.0,0.0,0.0,0.0,0.0
0.0,0.0,0.0,0.0,0.0,0.0,0.0,0.0,0.0,0.0,0.0,0.0,0.0,0.0,0.0,0.0,0.0,0.0,0.0,0.0,0.0,0.0,0.0,0.0,0.0,0.0,0.0,0.0,0.0,0.0,0.0,0.0,0.0,0.0,0.0,0.0,0.0
0.0,0.0,0.0,0.0,0.0,0.0,0.0,0.0,0.0,0.0,0.0,0.0,0.0,0.0,0.0,0.0,0.0,0.0,0.0,0.0,0.0,0.0,0.0,0.0,0.0,0.0,0.0,0.0,0.0,0.0,0.0,0.0,0.0,0.0,0.0,0.0,0.0
0.0,0.0,0.0,0.0,0.0,0.0,0.0,0.0,0.0,0.0,0.0,0.0,0.0,0.0,0.0,0.0,0.0,0.0,0.0,0.0,0.0,0.0,0.0,0.0,0.0,0.0,0.0,0.0,0.0,0.0,0.0,0.0,0.0,0.0,0.0,0.0,0.0
0.0,0.0,0.0,0.0,0.0,0.0,0.0,0.0,0.0,0.0,0.0,0.0,0.0,0.0,0.0,0.0,0.0,0.0,0.0,0.0,0.0,0.0,0.0,0.0,0.0,0.0,0.0,0.0,0.0,0.0,0.0,0.0,0.0,0.0,0.0,0.0,0.0
0.0,0.0,0.0,0.0,0.0,0.0,0.0,0.0,0.0,0.0,0.0,0.0,0.0,0.0,0.0,0.0,0.0,0.0,0.0,0.0,0.0,0.0,0.0,0.0,0.0,0.0,0.0,0.0,0.0,0.0,0.0,0.0,0.0,0.0,0.0,0.0,0.0
0.0,0.0,0.0,0.0,0.0,0.0,0.0,0.0,0.0,0.0,0.0,0.0,0.0,0.0,0.0,0.0,0.0,0.0,0.0,0.0,0.0,0.0,0.0,0.0,0.0,0.0,0.0,0.0,0.0,0.0,0.0,0.0,0.0,0.0,0.0,0.0,0.0
0.0,0.0,0.0,0.0,0.0,0.0,0.0,0.0,0.0,0.0,0.0,0.0,0.0,0.0,0.0,0.0,0.0,0.0,0.0,0.0,0.0,0.0,0.0,0.0,0.0,0.0,0.0,0.0,0.0,0.0,0.0,0.0,0.0,0.0,0.0,0.0,0.0
0.0,0.0,0.0,0.0,0.0,0.0,0.0,0.0,0.0,0.0,0.0,0.0,0.0,0.0,0.0,0.0,0.0,0.0,0.0,0.0,0.0,0.0,0.0,0.0,0.0,0.0,0.0,0.0,0.0,0.0,0.0,0.0,0.0,0.0,0.0,0.0,0.0
0.0,0.0,0.0,0.0,0.0,0.0,0.0,0.0,0.0,0.0,0.0,0.0,0.0,0.0,0.0,0.0,0.0,0.0,0.0,0.0,0.0,0.0,0.0,0.0,0.0,0.0,0.0,0.0,0.0,0.0,0.0,0.0,0.0,0.0,0.0,0.0,0.0
0.0,0.0,0.0,0.0,0.0,0.0,0.0,0.0,0.0,0.0,0.0,0.0,0.0,0.0,0.0,0.0,0.0,0.0,0.0,0.0,0.0,0.0,0.0,0.0,0.0,0.0,0.0,0.0,0.0,0.0,0.0,0.0,0.0,0.0,0.0,0.0,0.0
0.0,0.0,0.0,0.0,0.0,0.0,0.0,0.0,0.0,0.0,0.0,0.0,0.0,0.0,0.0,0.0,0.0,0.0,0.0,0.0,0.0,0.0,0.0,0.0,0.0,0.0,0.0,0.0,0.0,0.0,0.0,0.0,0.0,0.0,0.0,0.0,0.0
0.0,0.0,0.0,0.0,0.0,0.0,0.0,0.0,0.0,0.0,0.0,0.0,0.0,0.0,0.0,0.0,0.0,0.0,0.0,0.0,0.0,0.0,0.0,0.0,0.0,0.0,0.0,0.0,0.0,0.0,0.0,0.0,0.0,0.0,0.0,0.0,0.0
0.0,0.0,0.0,0.0,0.0,0.0,0.0,0.0,0.0,0.0,0.0,0.0,0.0,0.0,0.0,0.0,0.0,0.0,0.0,0.0,0.0,0.0,0.0,0.0,0.0,0.0,0.0,0.0,0.0,0.0,0.0,0.0,0.2201237417757465,0.0,0.0,0.0,0.0
0.0,0.0,0.0,0.0,0.0,0.0,0.0,0.0,0.0,0.0,0.0,0.0,0.0,2.3229614458977976,0.0,0.0,2.8082852721213016,0.0,0.0,0.0,0.0,43.36368775367721,0.0,0.0,0.0,0.0,0.0,0.0,0.0,0.0,0.0,0.0,0.2091366015374373,0.0,0.0,0.0,0.0
0.0,0.0,0.0,0.024232354015107,2.4871421828864837,0.0,0.0,0.0,0.0,0.0,1.584267165046087,0.0,0.0,1.8749406840652048,0.033050836622714,0.0,3.4922926902770386,0.0,0.0,0.0,0.0,42.2070814132688,0.0,0.0,0.0,0.0,0.2542901389300774,0.0,0.0,0.0,0.0,1.7619719654321273,0.0,0.0,0.0,0.0,0.0
0.0,0.0,0.0,0.0675311740487774,5.035852305591005,0.3716197377070719,3.6114553473889344,0.0,0.0,0.0,2.1242341358213808,0.0,0.0,27.102482030168154,0.0462348729372008,0.0,0.0,0.0,0.0,0.0,0.0,8.220084190368631,0.0,0.0,0.0,0.0,0.0,0.0,57.584258586913286,0.3766144506633131,0.0,3.2170317620038835,1.331595880910739,0.0,0.0,0.0,0.0
0.0,0.0,0.0,0.1405233554542026,8.62387662753458,1.2266981787979256,10.024866936355798,0.0,0.0,0.0,2.5484136778393887,0.0,0.0,97.8611454740166,0.1498361516743864,0.0,0.0,0.0,0.0,0.0,0.0,41.20355925559996,0.0,0.0,0.0,1.384807299077495,0.0,0.0,399.3126242101192,0.4832060433923868,0.0,7.037822961807211,1.9372797235846493,0.0,0.0,0.0,0.0
0.0,0.0,0.0,0.430493053048845,17.616234675049576,8.103300470858807,31.598321832716355,0.0,0.0,0.0,34.70306991655376,0.0,0.0,299.45383824408054,0.4733389131724808,0.0,0.0,0.0,0.0,0.0,0.0,174.59266319274892,0.0,0.0,0.0,25.030516886711045,0.2451641228049924,0.0,1089.9034934163094,0.5691054999828092,0.0,28.481939956545776,3.709690127521741,0.0,0.0,0.0,0.0
0.0,0.0,0.0,0.6136774681508489,27.756329715251823,42.02301127091047,96.6854702629148,0.0,0.0,0.0,146.129233995825,0.0,0.0,658.1751789897679,1.2906819552183124,0.1789256501942871,0.0,0.0,0.0,0.0,0.0,404.996444702148,0.0,0.0,0.0,59.195876765251086,0.7669159675016933,0.0,1683.88613396883,0.6129382684826753,0.0,81.63869073987004,9.294428624212715,0.0,0.0,0.0,0.0
0.0,0.0,0.0,0.9192032646387802,27.122358478605538,140.4522491842508,276.4448739469051,0.0,0.0,0.0,504.0588504225016,0.0,0.0,953.0924634635448,2.2737742289900758,0.1870733192190525,1.234657597541789,0.0,0.0,0.0,0.0,693.7613555908201,0.0,0.0,0.0,104.37366651296614,1.4373030006885494,0.0,2026.0672985076903,0.6015187866985724,0.0,194.16264820098877,22.21717202663419,0.0,0.0,0.0,0.0
0.0,0.0,0.0,4.922182112932205,110.93662256002406,179.08145371079445,417.3752366125583,0.0,0.0,0.0,798.8901020914316,0.0,0.0,1030.8741438388824,6.2943550765514376,0.7559226974844921,170.61011765003204,0.0,0.0,0.0,0.0,886.1959480285641,0.0,0.0,0.0,173.29168481826775,2.2567414380609945,0.0,2147.162188792229,57.79195591956376,0.0,253.6891395449638,56.97913900017737,0.0,0.0,0.0,0.0
0.0,0.0,0.0,9.708574444055554,200.73011854290948,202.053153142333,574.9937381774187,0.0,0.0,0.0,1065.1187449306246,0.0,0.0,1054.6411806344986,10.422182857990263,1.0871235951781268,329.6164395332335,0.0,0.0,0.0,0.0,944.306826019287,0.0,0.0,0.0,293.4945256471634,3.146372626721855,0.0,2268.482020616532,173.5831757247448,0.0,295.16989326477045,77.09873431921005,0.0,0.0,0.0,0.0
0.0,0.0,0.0,0.0,292.40591210126865,208.1178182661533,662.6551883012056,0.0,0.0,0.0,1186.089926111698,0.0,0.0,1059.023775458336,0.0,1.246746771037578,453.044600635767,0.0,0.0,0.0,0.0,904.003485107422,0.0,0.0,0.0,0.0,0.0,0.0,0.0,0.0,0.0,309.5153000354767,81.30092579126357,0.0,0.0,0.0,0.0
0.0,0.0,0.0,0.0,0.0,0.0,0.0,0.0,0.0,0.0,0.0,0.0,0.0,0.0,0.0,1.27626633644104,512.3905943095684,0.0,0.0,0.0,0.0,782.9444183349607,0.0,0.0,0.0,0.0,0.0,0.0,0.0,0.0,0.0,0.0,0.0,0.0,0.0,0.0,0.0
0.0,0.0,0.0,0.0,0.0,0.0,0.0,0.0,0.0,0.0,0.0,0.0,0.0,0.0,0.0,0.0,0.0,0.0,0.0,0.0,0.0,0.0,0.0,0.0,0.0,0.0,0.0,0.0,0.0,0.0,0.0,0.0,0.0,0.0,0.0,0.0,0.0
0.0,0.0,0.0,0.0,0.0,0.0,0.0,0.0,0.0,0.0,0.0,0.0,0.0,0.0,0.0,0.0,0.0,0.0,0.0,0.0,0.0,0.0,0.0,0.0,0.0,0.0,0.0,0.0,0.0,0.0,0.0,0.0,0.0,0.0,0.0,0.0,0.0
0.0,0.0,0.0,0.0,0.0,0.0,0.0,0.0,0.0,0.0,0.0,0.0,0.0,0.0,0.0,0.0,0.0,0.0,0.0,0.0,0.0,0.0,0.0,0.0,0.0,0.0,0.0,0.0,0.0,0.0,0.0,0.0,0.0,0.0,0.0,0.0,0.0
0.0,0.0,0.0,0.0,0.0,0.0,0.0,0.0,0.0,0.0,0.0,0.0,0.0,0.0,0.0,0.0,0.0,0.0,0.0,0.0,0.0,0.0,0.0,0.0,0.0,0.0,0.0,0.0,0.0,0.0,0.0,0.0,0.0,0.0,0.0,0.0,0.0
0.0,0.0,0.0,0.0,0.0,0.0,0.0,0.0,0.0,0.0,0.0,0.0,0.0,0.0,0.0,0.0,0.0,0.0,0.0,0.0,0.0,0.0,0.0,0.0,0.0,0.0,0.0,0.0,0.0,0.0,0.0,0.0,0.0,0.0,0.0,0.0,0.0
0.0,0.0,0.0,0.0,0.0,0.0,0.0,0.0,0.0,0.0,0.0,0.0,0.0,0.0,0.0,0.0,0.0,0.0,0.0,0.0,0.0,0.0,0.0,0.0,0.0,0.0,0.0,0.0,0.0,0.0,0.0,0.0,0.0,0.0,0.0,0.0,0.0
0.0,0.0,0.0,0.0,0.0,0.0,0.0,0.0,0.0,0.0,0.0,0.0,0.0,0.0,0.0,0.0,0.0,0.0,0.0,0.0,0.0,0.0,0.0,0.0,0.0,0.0,0.0,0.0,0.0,0.0,0.0,0.0,0.0,0.0,0.0,0.0,0.0
0.0,0.0,0.0,0.0,0.0,0.0,0.0,0.0,0.0,0.0,0.0,0.0,0.0,0.0,0.0,0.0,0.0,0.0,0.0,0.0,0.0,0.0,0.0,0.0,0.0,0.0,0.0,0.0,0.0,0.0,0.0,0.0,0.0,0.0,0.0,0.0,0.0
0.0,0.0,0.0,0.0,0.0,0.0,0.0,0.0,0.0,0.0,0.0,0.0,0.0,0.0,0.0,0.0,0.0,0.0,0.0,0.0,0.0,0.0,0.0,0.0,0.0,0.0,0.0,0.0,0.0,0.0,0.0,0.0,0.0,0.0,0.0,0.0,0.0
0.0,0.0,0.0,0.0,0.0,0.0,0.0,0.0,0.0,0.0,0.0,0.0,0.0,0.0,0.0,0.0,0.0,0.0,0.0,0.0,0.0,0.0,0.0,0.0,0.0,0.0,0.0,0.0,0.0,0.0,0.0,0.0,0.0,0.0,0.0,0.0,0.0
0.0,0.0,0.0,0.0,0.0,0.0,0.0,0.0,0.0,0.0,0.0,0.0,0.0,0.0,0.0,0.0,0.0,0.0,0.0,0.0,0.0,0.0,0.0,0.0,0.0,0.0,0.0,0.0,0.0,0.0,0.0,0.0,0.0,0.0,0.0,0.0,0.0
0.0,0.0,0.0,0.0,0.0,0.0,0.0,0.0,0.0,0.0,0.0,0.0,0.0,0.0,0.0,0.0,0.0,0.0,0.0,0.0,0.0,0.0,0.0,0.0,0.0,0.0,0.0,0.0,0.0,0.0,0.0,0.0,0.0,0.0,0.0,0.0,0.0
0.0,0.0,0.0,0.0,0.0,0.0,0.0,0.0,0.0,0.0,0.0,0.0,0.0,0.0,0.0,0.0,0.0,0.0,0.0,0.0,0.0,0.0,0.0,0.0,0.0,0.0,0.0,0.0,0.0,0.0,0.0,0.0,0.1714527625590417,0.0,0.0,0.0,0.0
0.0,0.0,0.0,0.0,0.0,0.0,0.0,0.0,0.0,0.0,0.0,0.0,0.0,0.0,0.0,0.0252268146723502,1.8152150988577824,0.0,0.0,0.0,0.0,0.0,0.0,0.0,0.0,0.0,0.0,0.0,0.0,0.0,0.0,0.0,0.2133252713829145,0.0,0.0,0.0,0.0
0.0,0.0,0.0,0.0235939584672432,1.7950221337377437,0.0,0.0,0.0,0.0,0.0,1.6510783221570484,0.0,0.0,0.2923831529914262,0.0547364763915524,0.011183620430528,2.3919116139410685,0.0,0.0,0.0,0.0,22.237336349487087,0.0,0.0,0.0,0.0,0.0,0.0,0.0,0.2977441698312459,0.0,1.456149712204926,0.0,0.0,0.0,0.0,0.0
0.0,0.0,0.0,0.0942514576017856,4.189455714076603,0.5310248821042084,7.245174526795715,0.0,0.0,0.0,2.342500373581273,0.0,0.0,34.941397160291544,0.0353605404496172,0.0,0.0,0.0,0.0,0.0,0.0,0.0,0.0,0.0,0.0,0.0,0.0,0.0,50.66195563077924,0.3351686730980601,0.0,2.8462361842393684,1.2658583233132934,0.0,0.0,0.0,0.0
0.0,0.0,0.0,0.189323198050255,7.799183119088226,2.512873313389716,19.15246007665978,0.0,0.0,0.0,13.678209692425805,0.0,0.0,124.51754147186873,0.1204044263809885,0.0,0.0,0.0,0.0,0.0,0.0,45.98207149505609,0.0,0.0,0.0,0.5451300377025972,0.0031469967216253,0.0,319.0492769494652,0.471335522830466,0.0,5.84873846173281,4.915547870099537,0.0,0.0,0.0,0.0
0.0,0.0,0.0,0.2744075357913947,16.33962023071944,16.488038428127734,58.14619338661432,0.0,0.0,0.0,75.67274623326935,0.0,0.0,367.5462566316128,0.2712896469980459,0.0,0.0,0.0,0.0,0.0,0.0,203.28510017395016,0.0,0.0,0.0,21.999330212175785,0.7447340762242598,0.0,882.1374654531479,0.552419994026388,0.0,30.218635298311654,17.21286255866288,0.0,0.0,0.0,0.0
0.0,0.0,0.0,0.4552668826654552,26.31467389687881,74.26906390488148,166.91760950982564,0.0,0.0,0.0,309.9816970929504,0.0,0.0,744.8328976333141,0.438966247066852,0.0,1.1790716528891076,0.0,0.0,0.0,0.0,494.2684585571287,0.0,0.0,0.0,70.42376069426534,1.7862883836030918,0.0,1514.9529955387115,0.5866110764443573,0.0,109.22879713773726,57.14775110781192,0.0,0.0,0.0,0.0
0.0,0.0,0.0,0.4430283214896908,25.631591379642423,154.44723717868325,401.2358453571796,0.0,0.0,0.0,837.3822115957737,0.0,0.0,1037.2634856402874,0.4145690850913497,0.0,3.2309713363645467,0.0,0.0,0.0,0.0,874.2293754577636,0.0,0.0,0.0,150.10004750490182,2.762505972385398,0.0,1968.5680311441424,0.5708305768668451,0.0,258.68254989385605,114.04550275206566,0.0,0.0,0.0,0.0
0.0,0.0,0.0,3.366376593708988,118.49087989330292,183.9840414971113,584.8778142839669,0.0,0.0,0.0,1215.1849655270576,0.0,0.0,0.0,2.6189666837453838,0.0,199.31183130741104,0.0,0.0,0.0,0.0,1212.7916305541992,0.0,0.0,0.0,259.1119957208633,3.9119761109352114,0.0,2151.4032478928566,51.82031379640102,0.0,319.15101540088654,56.97913900017737,0.0,0.0,0.0,0.0
0.0,0.0,0.0,7.017921984195708,231.7444686591625,204.21468618512156,766.9228165030479,0.0,0.0,0.0,1442.8381613254546,0.0,0.0,0.0,4.598910601437092,0.0,383.4096608638762,0.0,0.0,0.0,0.0,1488.7702606201171,0.0,0.0,0.0,382.081251335144,4.838675098121163,0.0,2314.631793475151,157.9344029009342,0.0,337.6291310787201,0.0,0.0,0.0,0.0,0.0
0.0,0.0,0.0,10.456009984016417,0.0,207.8238857537508,0.0,0.0,0.0,0.0,1506.678647184372,0.0,0.0,0.0,5.988236680626868,0.0,520.488093650341,0.0,0.0,0.0,0.0,1505.39094543457,0.0,0.0,0.0,0.0,0.0,0.0,0.0,205.42986401319504,0.0,335.2641487121582,0.0,0.0,0.0,0.0,0.0
0.0,0.0,0.0,0.0,0.0,0.0,0.0,0.0,0.0,0.0,0.0,0.0,0.0,0.0,0.0,0.0,572.2241447448729,0.0,0.0,0.0,0.0,0.0,0.0,0.0,0.0,0.0,0.0,0.0,0.0,220.89826818704609,0.0,0.0,0.0,0.0,0.0,0.0,0.0
0.0,0.0,0.0,0.0,0.0,0.0,0.0,0.0,0.0,0.0,0.0,0.0,0.0,0.0,0.0,0.0,444.9610131025312,0.0,0.0,0.0,0.0,0.0,0.0,0.0,0.0,0.0,0.0,0.0,0.0,0.0,0.0,0.0,0.0,0.0,0.0,0.0,0.0
0.0,0.0,0.0,0.0,0.0,0.0,0.0,0.0,0.0,0.0,0.0,0.0,0.0,0.0,0.0,0.0,325.47084345817564,0.0,0.0,0.0,0.0,0.0,0.0,0.0,0.0,0.0,0.0,0.0,0.0,0.0,0.0,0.0,0.0,0.0,0.0,0.0,0.0
0.0,0.0,0.0,0.0,0.0,0.0,0.0,0.0,0.0,0.0,0.0,0.0,0.0,0.0,0.0,0.0,0.0,0.0,0.0,0.0,0.0,0.0,0.0,0.0,0.0,0.0,0.0,0.0,0.0,0.0,0.0,0.0,0.0,0.0,0.0,0.0,0.0
0.0,0.0,0.0,0.0,0.0,0.0,0.0,0.0,0.0,0.0,0.0,0.0,0.0,0.0,0.0,0.0,0.0,0.0,0.0,0.0,0.0,0.0,0.0,0.0,0.0,0.0,0.0,0.0,0.0,0.0,0.0,0.0,0.0,0.0,0.0,0.0,0.0
0.0,0.0,0.0,0.0,0.0,0.0,0.0,0.0,0.0,0.0,0.0,0.0,0.0,0.0,0.0,0.0,0.0,0.0,0.0,0.0,0.0,0.0,0.0,0.0,0.0,0.0,0.0,0.0,0.0,0.0,0.0,0.0,0.0,0.0,0.0,0.0,0.0
0.0,0.0,0.0,0.0,0.0,0.0,0.0,0.0,0.0,0.0,0.0,0.0,0.0,0.0,0.0,0.0,0.0,0.0,0.0,0.0,0.0,0.0,0.0,0.0,0.0,0.0,0.0,0.0,0.0,0.0,0.0,0.0,0.0,0.0,0.0,0.0,0.0
0.0,0.0,0.0,0.0,0.0,0.0,0.0,0.0,0.0,0.0,0.0,0.0,0.0,0.0,0.0,0.0,0.0,0.0,0.0,0.0,0.0,0.0,0.0,0.0,0.0,0.0,0.0,0.0,0.0,0.0,0.0,0.0,0.0,0.0,0.0,0.0,0.0
0.0,0.0,0.0,0.0,0.0,0.0,0.0,0.0,0.0,0.0,0.0,0.0,0.0,0.0,0.0,0.0,0.0,0.0,0.0,0.0,0.0,0.0,0.0,0.0,0.0,0.0,0.0,0.0,0.0,0.0,0.0,0.0,0.0,0.0,0.0,0.0,0.0
0.0,0.0,0.0,0.0,0.0,0.0,0.0,0.0,0.0,0.0,0.0,0.0,0.0,0.0,0.0,0.0,0.0,0.0,0.0,0.0,0.0,0.0,0.0,0.0,0.0,0.0,0.0,0.0,0.0,0.0,0.0,0.0,0.0,0.0,0.0,0.0,0.0
0.0,0.0,0.0,0.0,0.0,0.0,0.0,0.0,0.0,0.0,0.0,0.0,0.0,0.0,0.0,0.0,0.0,0.0,0.0,0.0,0.0,0.0,0.0,0.0,0.0,0.0,0.0,0.0,0.0,0.0,0.0,0.0,0.0,0.0,0.0,0.0,0.0
0.0,0.0,0.0,0.0,0.0,0.0,0.0,0.0,0.0,0.0,0.0,0.0,0.0,0.0,0.0,0.0,0.0,0.0,0.0,0.0,0.0,0.0,0.0,0.0,0.0,0.0,0.0,0.0,0.0,0.0,0.0,0.0,0.0,0.0,0.0,0.0,0.0
0.0,0.0,0.0,0.0,0.0,0.0,0.0,0.0,0.0,0.0,0.0,0.0,0.0,0.0,0.0,0.0,0.0,0.0,0.0,0.0,0.0,0.0,0.0,0.0,0.0,0.0,0.0,0.0,0.0,0.0,0.0,0.0,0.0,0.0,0.0,0.0,0.0
0.0,0.0,0.0,0.0,0.0,0.0,0.0,0.0,0.0,0.0,0.0,0.0,0.0,0.0,0.0,0.0,0.0,0.0,0.0,0.0,0.0,0.0,0.0,0.0,0.0,0.0,0.0,0.0,0.0,0.0,0.0,0.0,0.0,0.0,0.0,0.0,0.0
0.0,0.0,0.0,0.0,0.0,0.161957127042075,0.0,0.0,0.0,0.0,1.7265203220768512,0.0,0.0,3.1808802625163297,0.0,0.0,0.0,0.0,0.0,0.0,0.0,0.0,0.0,0.0,0.0,0.0,0.0,0.0,0.0,0.0,0.0,1.6423234492540202,0.0,0.0,0.0,0.0,0.0
0.0,0.0,0.0,0.0,0.0,0.0106166969053447,1.2537047702819062,0.0,0.0,0.0,1.6776849664746198,0.0,0.0,2.916692947037396,0.0,0.0,0.0,0.0,0.0,0.0,0.0,0.0,0.0,0.0,0.0,0.0,0.0,0.0,0.0,0.3168342396616834,0.0,1.7981679290532817,0.0,0.0,0.0,0.0,0.0
0.0,0.0,0.0,0.0542900096625064,4.036203924566454,0.29052681941539,9.463057919964175,0.0,0.0,0.0,2.257468666042941,0.0,0.0,46.967556336894525,0.0,0.0,0.0,0.0,0.0,0.0,0.0,48.51946983337399,0.0,0.0,0.0,0.2195354193448618,1.8269344847649336,0.0,135.91411196738477,0.3592699594795486,0.0,3.1450569629668657,0.0,0.0,0.0,0.0,0.0
0.0,0.0,0.0,0.5583287589251952,29.09170486778013,1.2460906687192308,49.08341412022703,0.0,0.0,0.0,4.171550361579077,0.0,0.0,165.21824145689604,0.0,0.0,0.0,0.0,0.0,0.0,0.0,227.79802322387667,0.0,0.0,0.0,22.15196565538636,4.437206845730534,0.0,949.4974819004536,0.4592687711119551,0.0,6.414960846304862,0.0,0.0,0.0,0.0,0.0
0.0,0.0,0.0,2.578818678855892,116.57703569531436,9.353967409580935,230.28436267822977,0.0,0.0,0.0,43.25070656910537,0.0,0.0,459.2998707294464,0.0,0.0,0.0,0.0,0.0,0.0,0.0,650.7554626464841,0.0,0.0,0.0,97.05639792680738,10.47046360820531,0.0,1965.9175851941109,0.5548362731933397,0.0,24.47869329154486,0.0,0.0,0.0,0.0,0.0
0.0,0.0,0.0,6.695654183626174,279.608041703701,48.019083492457845,696.5896881967782,0.0,0.0,0.0,195.2918199613689,0.0,0.0,829.8311646282673,0.0,0.0,3.63306547403322,0.0,0.0,0.0,0.0,1412.9355682373048,0.0,0.0,0.0,298.5808753490448,22.36759060621261,0.0,2531.18844884634,0.5949611514806722,0.0,85.85918495059009,0.0,0.0,0.0,0.0,0.0
0.0,0.0,0.0,13.729499101638794,541.0961196422577,174.29934512078762,1113.4849916160106,0.0,0.0,0.0,654.8878569811583,0.0,0.0,1103.447896540165,0.0,0.0,6.649721431731988,0.0,0.0,0.0,0.0,2098.53134765625,0.0,0.0,0.0,544.0117771625519,38.61605725884438,0.0,2635.4,0.5728426784276814,0.0,218.50088590383527,0.0,0.0,0.0,0.0,0.0
0.0,0.0,0.0,25.352198660373688,922.874701142311,220.32104082405567,1332.1581850767136,0.0,0.0,0.0,1018.912522470951,0.0,0.0,1167.6990346610546,0.0,0.0,213.92082264423365,0.0,0.0,0.0,0.0,1212.7916305541992,0.0,0.0,0.0,634.388971376419,3.9119761109352114,0.0,2635.4,50.15531293451783,0.0,288.0261645913124,0.0,0.0,0.0,0.0,0.0
0.0,0.0,0.0,35.64513969421387,1178.982763528824,245.18144527077675,0.0,0.0,0.0,0.0,1289.3511687994005,0.0,0.0,0.0,0.0,0.0,403.96365171670914,0.0,0.0,0.0,0.0,1488.7702606201171,0.0,0.0,0.0,667.6065675735474,4.838675098121163,0.0,0.0,161.70220512151718,0.0,323.1116701364517,0.0,0.0,0.0,0.0,0.0
0.0,0.0,0.0,0.0,0.0,249.6348641514778,0.0,0.0,0.0,0.0,1372.0187501192092,0.0,0.0,0.0,0.0,0.0,538.8006287813187,0.0,0.0,0.0,0.0,1505.39094543457,0.0,0.0,0.0,0.0,0.0,0.0,0.0,211.16761617064475,0.0,325.5972160100937,0.0,0.0,0.0,0.0,0.0
0.0,0.0,0.0,0.0,0.0,0.0,0.0,0.0,0.0,0.0,0.0,0.0,0.0,0.0,0.0,0.0,577.5575762987137,0.0,0.0,0.0,0.0,0.0,0.0,0.0,0.0,0.0,0.0,0.0,0.0,0.0,0.0,0.0,0.0,0.0,0.0,0.0,0.0
0.0,0.0,0.0,0.0,0.0,0.0,0.0,0.0,0.0,0.0,0.0,0.0,0.0,0.0,0.0,0.0,448.3932460069655,0.0,0.0,0.0,0.0,0.0,0.0,0.0,0.0,0.0,0.0,0.0,0.0,229.70324804782868,0.0,0.0,0.0,0.0,0.0,0.0,0.0
0.0,0.0,0.0,0.0,0.0,0.0,0.0,0.0,0.0,0.0,0.0,0.0,0.0,0.0,0.0,0.0,326.8280720472336,0.0,0.0,0.0,0.0,0.0,0.0,0.0,0.0,0.0,0.0,0.0,0.0,0.0,0.0,0.0,0.0,0.0,0.0,0.0,0.0
0.0,0.0,0.0,0.0,0.0,0.0,0.0,0.0,0.0,0.0,0.0,0.0,0.0,0.0,0.0,0.0,0.0,0.0,0.0,0.0,0.0,0.0,0.0,0.0,0.0,0.0,0.0,0.0,0.0,0.0,0.0,0.0,0.0,0.0,0.0,0.0,0.0
0.0,0.0,0.0,0.0,0.0,0.0,0.0,0.0,0.0,0.0,0.0,0.0,0.0,0.0,0.0,0.0,0.0,0.0,0.0,0.0,0.0,0.0,0.0,0.0,0.0,0.0,0.0,0.0,0.0,0.0,0.0,0.0,0.0,0.0,0.0,0.0,0.0
0.0,0.0,0.0,0.0,0.0,0.0,0.0,0.0,0.0,0.0,0.0,0.0,0.0,0.0,0.0,0.0,0.0,0.0,0.0,0.0,0.0,0.0,0.0,0.0,0.0,0.0,0.0,0.0,0.0,0.0,0.0,0.0,0.0,0.0,0.0,0.0,0.0
0.0,0.0,0.0,0.0,0.0,0.0,0.0,0.0,0.0,0.0,0.0,0.0,0.0,0.0,0.0,0.0,0.0,0.0,0.0,0.0,0.0,0.0,0.0,0.0,0.0,0.0,0.0,0.0,0.0,0.0,0.0,0.0,0.0,0.0,0.0,0.0,0.0
0.0,0.0,0.0,0.0,0.0,0.0,0.0,0.0,0.0,0.0,0.0,0.0,0.0,0.0,0.0,0.0,0.0,0.0,0.0,0.0,0.0,0.0,0.0,0.0,0.0,0.0,0.0,0.0,0.0,0.0,0.0,0.0,0.0,0.0,0.0,0.0,0.0
0.0,0.0,0.0,0.0,0.0,0.0,0.0,0.0,0.0,0.0,0.0,0.0,0.0,0.0,0.0,0.0,0.0,0.0,0.0,0.0,0.0,0.0,0.0,0.0,0.0,0.0,0.0,0.0,0.0,0.0,0.0,0.0,0.0,0.0,0.0,0.0,0.0
0.0,0.0,0.0,0.0,0.0,0.0,0.0,0.0,0.0,0.0,0.0,0.0,0.0,0.0,0.0,0.0,0.0,0.0,0.0,0.0,0.0,0.0,0.0,0.0,0.0,0.0,0.0,0.0,0.0,0.0,0.0,0.0,0.0,0.0,0.0,0.0,0.0
0.0,0.0,0.0,0.0,0.0,0.0,0.0,0.0,0.0,0.0,0.0,0.0,0.0,0.0,0.0,0.0,0.0,0.0,0.0,0.0,0.0,0.0,0.0,0.0,0.0,0.0,0.0,0.0,0.0,0.0,0.0,0.0,0.0,0.0,0.0,0.0,0.0
0.0,0.0,0.0,0.0,0.0,0.0,0.0,0.0,0.0,0.0,0.0,0.0,0.0,0.0,0.0,0.0,0.0,0.0,0.0,0.0,0.0,0.0,0.0,0.0,0.0,0.0,0.0,0.0,0.0,0.0,0.0,0.0,0.0,0.0,0.0,0.0,0.0
0.0,0.0,0.0,0.0,0.0,0.0,0.0,0.0,0.0,0.0,0.0,0.0,0.0,0.0,0.0,0.0,0.0,0.0,0.0,0.0,0.0,0.0,0.0,0.0,0.0,0.0,0.0,0.0,0.0,0.0,0.0,0.0,0.0,0.0,0.0,0.0,0.0
0.0,0.0,0.0,0.0,0.0,0.0,0.0,0.0,0.0,0.0,0.0,0.0,0.0,0.0,0.0,0.0,0.0,0.0,0.0,0.0,0.0,0.0,0.0,0.0,0.0,0.0,0.0,0.0,0.0047517329454422,0.0,0.0,0.0,0.0,0.0,0.0,0.0,0.0
0.0,0.0,0.0,0.0,0.0,0.0,2.542009428143479,0.0,0.0,0.0,0.0,0.0,0.0,0.0,0.0,0.0316489906981586,0.0,0.0,0.0,0.0,0.0,5.379649448394695,0.0,0.0,0.0,0.0,0.0,0.0,0.0,0.3266604416072348,0.0,0.0,0.1939908079802871,0.0,0.0,0.0,0.0
0.0,0.0,0.0,0.0267309080809313,2.77838482707733,0.0,1.9332644686102132,0.0,0.0,0.0,0.0,0.0,0.0,1.135498443618295,0.017765262722968,0.0136179532855743,0.0,0.0,0.0,0.0,0.0,12.19880456924413,0.0,0.0,0.0,1.9382828000932508,0.0,0.0,0.0,0.3626088179647733,0.0,0.0,0.0,0.0,0.0,0.0,0.0
0.0,0.0,0.0,0.081452770158645,5.017010647803441,0.4845648258924374,9.66055380627512,0.0,0.0,0.0,2.4739316022488835,0.0,0.0,35.67897295579311,0.0235525980591755,0.0,0.0,0.0,0.0,0.0,0.0,0.0,0.0,0.0,0.0,0.0,0.1056337326764993,0.0,4.762139633297826,0.4166368201374999,0.0,3.787268444895724,0.0,0.0,0.0,0.0,0.0
0.0,0.0,0.0,0.144621478393671,10.830120258033142,1.6777021666057363,31.487903652340112,0.0,0.0,0.0,16.22377432333305,0.0,0.0,125.34175900742405,0.0982445284724213,0.0,0.0,0.0,0.0,0.0,0.0,3.2022569656369613,0.0,0.0,0.0,0.014538581483066,0.4771929867565566,0.0,3.778845077752844,0.5209175713360014,0.0,11.395162135362613,0.4669067980721476,0.0,0.0,0.0,0.0
0.0,0.0,0.0,0.2482013870030594,21.454615972935954,8.799289386719451,111.70517606362696,0.0,0.0,0.0,96.04045031405973,0.0,0.0,360.4108376055955,0.2530345659702986,0.0,0.0,0.0,0.0,0.0,0.0,111.41279411315897,0.0,0.0,0.0,7.676934607326967,1.871506603807206,0.0,5.7926177188751575,0.6049162216484347,0.0,39.07556557655332,1.0836743796244173,0.0,0.0,0.0,0.0
0.0,0.0,0.0,0.3838568031787822,32.5082821249961,38.26113020256158,354.1578987464308,0.0,0.0,0.0,345.0083144843577,0.0,0.0,736.6601904481648,0.3963519237935521,0.0172082446515551,0.0,0.0,0.0,0.0,0.0,311.6671058654783,0.0,0.0,0.0,13.749073946475953,3.850588365644216,0.0,5.915789705514649,0.6551367536187158,0.0,119.76059359312052,0.9322336353361442,0.0,0.0,0.0,0.0
0.0,0.0,0.0,0.4121841620653858,34.55074463039624,94.18726640939713,604.2973156809805,0.0,0.0,0.0,843.0603525966404,0.0,0.0,1031.1776915192604,0.5592305012047276,0.0130848614498965,0.0,0.0,0.0,0.0,0.0,540.9769245147703,0.0,0.0,0.0,18.97712219208479,6.281283271312708,0.0,7.711277160048466,0.6315421536564493,0.0,231.99802434444425,0.7314061541109986,0.0,0.0,0.0,0.0
0.0,0.0,0.0,3.5490526482462834,92.16780105233174,121.91230526566504,756.0614210695027,0.0,0.0,0.0,1190.6732871890067,0.0,0.0,1115.67456766963,3.1628794446587545,0.3183497898280608,139.25560002326958,0.0,0.0,0.0,0.0,711.7417022705079,0.0,0.0,0.0,50.92089513242245,8.235252712666986,0.0,1.828690679371339,59.76412590444086,0.0,278.462877035141,6.663317434489703,0.0,0.0,0.0,0.0
0.0,0.0,0.0,7.498744696378703,158.14752262830726,145.5750767737627,881.80858694911,0.0,0.0,0.0,1396.0796327352523,0.0,0.0,0.0,5.931243064999578,0.4472459256649008,262.60883960723874,0.0,0.0,0.0,0.0,849.7124801635741,0.0,0.0,0.0,65.2597339391708,11.186093406379218,0.0,2.444413165748003,177.79332397580146,0.0,302.3729169368744,14.093395579606268,0.0,0.0,0.0,0.0
0.0,0.0,0.0,11.017122715711592,240.1946910619734,159.7205373495817,940.2942513585092,0.0,0.0,0.0,1486.4167085409165,0.0,0.0,0.0,7.76792310476303,0.6399417407810687,343.57831732034674,0.0,0.0,0.0,0.0,815.4479690551757,0.0,0.0,0.0,79.20778173208235,12.6135125875473,0.0,3.010340632498046,220.13208802938465,0.0,309.76389050483704,0.0,0.0,0.0,0.0,0.0
0.0,0.0,0.0,0.0,0.0,0.0,925.7996070683002,0.0,0.0,0.0,0.0,0.0,0.0,0.0,0.0,0.7789838500320904,370.6488562226295,0.0,0.0,0.0,0.0,611.6616531372069,0.0,0.0,0.0,0.0,0.0,0.0,0.0,233.02891511321067,0.0,0.0,0.0,0.0,0.0,0.0,0.0
0.0,0.0,0.0,0.0,0.0,0.0,0.0,0.0,0.0,0.0,0.0,0.0,0.0,0.0,0.0,0.0,263.5863432645797,0.0,0.0,0.0,0.0,0.0,0.0,0.0,0.0,0.0,0.0,0.0,0.0,0.0,0.0,0.0,0.0,0.0,0.0,0.0,0.0
0.0,0.0,0.0,0.0,0.0,0.0,0.0,0.0,0.0,0.0,0.0,0.0,0.0,0.0,0.0,0.0,0.0,0.0,0.0,0.0,0.0,0.0,0.0,0.0,0.0,0.0,0.0,0.0,0.0,0.0,0.0,0.0,0.0,0.0,0.0,0.0,0.0
0.0,0.0,0.0,0.0,0.0,0.0,0.0,0.0,0.0,0.0,0.0,0.0,0.0,0.0,0.0,0.0,0.0,0.0,0.0,0.0,0.0,0.0,0.0,0.0,0.0,0.0,0.0,0.0,0.0,0.0,0.0,0.0,0.0,0.0,0.0,0.0,0.0
0.0,0.0,0.0,0.0,0.0,0.0,0.0,0.0,0.0,0.0,0.0,0.0,0.0,0.0,0.0,0.0,0.0,0.0,0.0,0.0,0.0,0.0,0.0,0.0,0.0,0.0,0.0,0.0,0.0,0.0,0.0,0.0,0.0,0.0,0.0,0.0,0.0
0.0,0.0,0.0,0.0,0.0,0.0,0.0,0.0,0.0,0.0,0.0,0.0,0.0,0.0,0.0,0.0,0.0,0.0,0.0,0.0,0.0,0.0,0.0,0.0,0.0,0.0,0.0,0.0,0.0,0.0,0.0,0.0,0.0,0.0,0.0,0.0,0.0
0.0,0.0,0.0,0.0,0.0,0.0,0.0,0.0,0.0,0.0,0.0,0.0,0.0,0.0,0.0,0.0,0.0,0.0,0.0,0.0,0.0,0.0,0.0,0.0,0.0,0.0,0.0,0.0,0.0,0.0,0.0,0.0,0.0,0.0,0.0,0.0,0.0
0.0,0.0,0.0,0.0,0.0,0.0,0.0,0.0,0.0,0.0,0.0,0.0,0.0,0.0,0.0,0.0,0.0,0.0,0.0,0.0,0.0,0.0,0.0,0.0,0.0,0.0,0.0,0.0,0.0,0.0,0.0,0.0,0.0,0.0,0.0,0.0,0.0
0.0,0.0,0.0,0.0,0.0,0.0,0.0,0.0,0.0,0.0,0.0,0.0,0.0,0.0,0.0,0.0,0.0,0.0,0.0,0.0,0.0,0.0,0.0,0.0,0.0,0.0,0.0,0.0,0.0,0.0,0.0,0.0,0.0,0.0,0.0,0.0,0.0
0.0,0.0,0.0,0.0,0.0,0.0,0.0,0.0,0.0,0.0,0.0,0.0,0.0,0.0,0.0,0.0,0.0,0.0,0.0,0.0,0.0,0.0,0.0,0.0,0.0,0.0,0.0,0.0,0.0,0.0,0.0,0.0,0.0,0.0,0.0,0.0,0.0
0.0,0.0,0.0,0.0,0.0,0.0,0.0,0.0,0.0,0.0,0.0,0.0,0.0,0.0,0.0,0.0,0.0,0.0,0.0,0.0,0.0,0.0,0.0,0.0,0.0,0.0,0.0,0.0,0.0,0.0,0.0,0.0,0.0,0.0,0.0,0.0,0.0
0.0,0.0,0.0,0.0,0.0,0.0,0.0,0.0,0.0,0.0,0.0,0.0,0.0,0.0,0.0,0.0,0.0,0.0,0.0,0.0,0.0,0.0,0.0,0.0,0.0,0.0,0.0,0.0,0.0,0.0,0.0,0.0,0.0,0.0,0.0,0.0,0.0
0.0,0.0,0.0,0.0,0.0,0.0,0.0,0.0,0.0,0.0,0.0,0.0,0.0,0.0,0.0,0.0,0.0,0.0,0.0,0.0,0.0,0.0,0.0,0.0,0.0,0.0,0.0,0.0,0.0,0.0,0.0,0.0,0.0,0.0,0.0,0.0,0.0
0.0,0.0,0.0,0.0,0.0,0.0,0.0,0.0,0.0,0.0,0.0,0.0,0.0,0.0,0.0,0.0,0.0,0.0,0.0,0.0,0.0,0.0,0.0,0.0,0.0,0.0,0.0,0.0,0.0,0.0,0.0,0.0,0.3356641745194708,0.0,0.0,0.0,0.0
0.0,0.0,0.0,0.0,0.0,0.0,0.0,0.0,0.0,0.0,0.0,0.0,0.0,0.0,0.0,0.0146508784964671,0.0,0.0,0.0,0.0,0.0,20.91653118133535,0.0,0.0,0.0,0.0,0.0,0.0,0.0,0.2336146563291423,0.0,0.0,0.3408248340710831,0.0,0.0,0.0,0.0
0.0,0.0,0.0,0.0,2.0683375149964798,0.0,0.0,0.0,0.0,0.0,1.6569501771590371,0.0,0.0,0.5530908005311292,0.0,0.0023637842386951,0.0,0.0,0.0,0.0,0.0,25.91118698120085,0.0,0.0,0.0,0.0,0.0,0.0,0.0,0.2660689465701402,0.0,1.6374434977769412,0.0,0.0,0.0,0.0,0.0
0.0,0.0,0.0,0.0381104703992552,3.603785809129372,0.4577563251368525,5.276794515550131,0.0,0.0,0.0,2.3508843484333903,0.0,0.0,20.010419439058687,0.0,0.0,0.0,0.0,0.0,0.0,0.0,0.0,0.0,0.0,0.0,1.0418223207816153,0.0,0.0,135.64805419296027,0.3480437800288019,0.0,3.195332124829288,1.8782456750049976,0.0,0.0,0.0,0.0
0.0,0.0,0.0,0.1393274031579478,11.298026353120775,1.463719440624116,23.924244130216508,0.0,0.0,0.0,7.0039575462228765,0.0,0.0,52.862483700737215,0.0,0.0,0.0,0.0,0.0,0.0,0.0,44.02775702476495,0.0,0.0,0.0,14.834375742077818,0.0,0.0,956.0142676472664,0.4380084432661315,0.0,10.365999206900558,6.570117756724355,0.0,0.0,0.0,0.0
0.0,0.0,0.0,1.7107565216720102,64.5018742457031,15.580123092979184,120.11494336724276,0.0,0.0,0.0,67.96866056695563,0.0,0.0,142.91826453059912,0.0,0.0,0.0,0.0,0.0,0.0,0.0,271.54682769775377,0.0,0.0,0.0,71.80007721781725,1.3742218583822197,0.0,1931.961308860779,0.5083119161426962,0.0,44.617593705654095,22.892598450183865,0.0,0.0,0.0,0.0
0.0,0.0,0.0,5.200856089591978,169.78277149796477,87.07448284327981,466.9074066281319,0.0,0.0,0.0,275.27676666080936,0.0,0.0,348.7019228562712,0.0,0.0,0.0,0.0,0.0,0.0,0.0,733.9166709899903,0.0,0.0,0.0,231.346961236,4.085503028333186,0.0,2468.0747537493703,0.5470426745712617,0.0,157.03943997621536,70.9334052503109,0.0,0.0,0.0,0.0
0.0,0.0,0.0,11.129308491945263,324.3148556947707,219.2391365766525,905.3079511463642,0.0,0.0,0.0,839.1390807837248,0.0,0.0,644.0723209828137,0.0,0.3837457783520218,0.2179925084113411,0.0,0.0,0.0,0.0,1422.249496459961,0.0,0.0,0.0,493.11840176582336,8.155002741515636,0.0,2635.4,0.5182464845478217,0.0,306.83172142505646,124.11040431261064,0.0,0.0,0.0,0.0
0.0,0.0,0.0,21.82257896661758,662.062613248825,256.4017390906811,1152.9277301490306,0.0,0.0,0.0,1282.65338049531,0.0,0.0,785.1621295511723,0.0,1.0904693454504006,145.64338724613185,0.0,0.0,0.0,0.0,1778.80927734375,0.0,0.0,0.0,583.095494890213,15.197177690267557,0.0,2635.4,36.38995796516535,0.0,359.5240021944046,6.663317434489703,0.0,0.0,0.0,0.0
0.0,0.0,0.0,32.13751924037933,917.8710694313048,275.9771201312542,1273.1285329163074,0.0,0.0,0.0,1579.525418573618,0.0,0.0,0.0,0.0,0.4472459256649008,270.2853382349013,0.0,0.0,0.0,0.0,1965.975451660156,0.0,0.0,0.0,616.7111464500427,24.355815029144285,0.0,2635.4,125.1317701399326,0.0,378.1683950424194,14.093395579606268,0.0,0.0,0.0,0.0
0.0,0.0,0.0,37.360356092453,1049.0223451852796,279.0621540248394,0.0,0.0,0.0,0.0,1675.2073530435562,0.0,0.0,0.0,24.20750579237938,0.6399417407810687,358.89239828586574,0.0,0.0,0.0,0.0,2014.053594970703,0.0,0.0,0.0,621.6816164970398,27.90969675183296,0.0,0.0,183.4408449470997,0.0,376.19678699970245,0.0,0.0,0.0,0.0,0.0
0.0,0.0,0.0,38.03436136245728,1097.6360530853271,0.0,1295.977197098732,0.0,0.0,0.0,0.0,0.0,0.0,0.0,23.709873408079147,0.0,406.8173495411872,0.0,0.0,0.0,0.0,1919.2922790527343,0.0,0.0,0.0,0.0,27.45134623646736,0.0,0.0,208.284037399292,0.0,0.0,0.0,0.0,0.0,0.0,0.0
0.0,0.0,0.0,0.0,0.0,0.0,0.0,0.0,0.0,0.0,0.0,0.0,0.0,0.0,0.0,0.0,0.0,0.0,0.0,0.0,0.0,0.0,0.0,0.0,0.0,0.0,0.0,0.0,0.0,0.0,0.0,0.0,0.0,0.0,0.0,0.0,0.0
0.0,0.0,0.0,0.0,0.0,0.0,0.0,0.0,0.0,0.0,0.0,0.0,0.0,0.0,0.0,0.0,0.0,0.0,0.0,0.0,0.0,0.0,0.0,0.0,0.0,0.0,0.0,0.0,0.0,0.0,0.0,0.0,0.0,0.0,0.0,0.0,0.0
0.0,0.0,0.0,0.0,0.0,0.0,0.0,0.0,0.0,0.0,0.0,0.0,0.0,0.0,0.0,0.0,0.0,0.0,0.0,0.0,0.0,0.0,0.0,0.0,0.0,0.0,0.0,0.0,0.0,0.0,0.0,0.0,0.0,0.0,0.0,0.0,0.0
0.0,0.0,0.0,0.0,0.0,0.0,0.0,0.0,0.0,0.0,0.0,0.0,0.0,0.0,0.0,0.0,0.0,0.0,0.0,0.0,0.0,0.0,0.0,0.0,0.0,0.0,0.0,0.0,0.0,0.0,0.0,0.0,0.0,0.0,0.0,0.0,0.0
0.0,0.0,0.0,0.0,0.0,0.0,0.0,0.0,0.0,0.0,0.0,0.0,0.0,0.0,0.0,0.0,0.0,0.0,0.0,0.0,0.0,0.0,0.0,0.0,0.0,0.0,0.0,0.0,0.0,0.0,0.0,0.0,0.0,0.0,0.0,0.0,0.0
0.0,0.0,0.0,0.0,0.0,0.0,0.0,0.0,0.0,0.0,0.0,0.0,0.0,0.0,0.0,0.0,0.0,0.0,0.0,0.0,0.0,0.0,0.0,0.0,0.0,0.0,0.0,0.0,0.0,0.0,0.0,0.0,0.0,0.0,0.0,0.0,0.0
0.0,0.0,0.0,0.0,0.0,0.0,0.0,0.0,0.0,0.0,0.0,0.0,0.0,0.0,0.0,0.0,0.0,0.0,0.0,0.0,0.0,0.0,0.0,0.0,0.0,0.0,0.0,0.0,0.0,0.0,0.0,0.0,0.0,0.0,0.0,0.0,0.0
0.0,0.0,0.0,0.0,0.0,0.0,0.0,0.0,0.0,0.0,0.0,0.0,0.0,0.0,0.0,0.0,0.0,0.0,0.0,0.0,0.0,0.0,0.0,0.0,0.0,0.0,0.0,0.0,0.0,0.0,0.0,0.0,0.0,0.0,0.0,0.0,0.0
0.0,0.0,0.0,0.0,0.0,0.0,0.0,0.0,0.0,0.0,0.0,0.0,0.0,0.0,0.0,0.0,0.0,0.0,0.0,0.0,0.0,0.0,0.0,0.0,0.0,0.0,0.0,0.0,0.0,0.0,0.0,0.0,0.0,0.0,0.0,0.0,0.0
0.0,0.0,0.0,0.0,0.0,0.0,0.0,0.0,0.0,0.0,0.0,0.0,0.0,0.0,0.0,0.0,0.0,0.0,0.0,0.0,0.0,0.0,0.0,0.0,0.0,0.0,0.0,0.0,0.0,0.0,0.0,0.0,0.0,0.0,0.0,0.0,0.0
0.0,0.0,0.0,0.0,0.0,0.0,0.0,0.0,0.0,0.0,0.0,0.0,0.0,0.0,0.0,0.0,0.0,0.0,0.0,0.0,0.0,0.0,0.0,0.0,0.0,0.0,0.0,0.0,0.0,0.0,0.0,0.0,0.0,0.0,0.0,0.0,0.0
0.0,0.0,0.0,0.0,0.0,0.0,0.0,0.0,0.0,0.0,0.0,0.0,0.0,0.0,0.0,0.0,0.0,0.0,0.0,0.0,0.0,0.0,0.0,0.0,0.0,0.0,0.0,0.0,0.0,0.0,0.0,0.0,0.0,0.0,0.0,0.0,0.0
0.0,0.0,0.0,0.0,0.0,0.0,0.0,0.0,0.0,0.0,0.0,0.0,0.0,0.0,0.0,0.0,0.0,0.0,0.0,0.0,0.0,0.0,0.0,0.0,0.0,0.0,0.0,0.0,0.0,0.0,0.0,0.0,0.3285518949851245,0.0,0.0,0.0,0.0
0.0,0.0,0.0,0.0,0.0,0.0,0.0,0.0,0.0,0.0,0.0,0.0,0.0,0.0,0.0,0.0,0.0,0.0,0.0,0.0,0.0,0.0,0.0,0.0,0.0,0.0,0.0,0.0,0.0,0.0,0.0,0.0,0.3444611998274681,0.0,0.0,0.0,0.0
0.0,0.0,0.0,0.0202781241387106,0.0,0.0,0.0,0.0,0.0,0.0,1.6559139674527903,0.0,0.0,0.0,0.0,0.0122435446828591,0.918301868438666,0.0,0.0,0.0,0.0,12.155822849273452,0.0,0.0,0.0,7.010161424428185,0.3433169476687867,0.0,0.0,0.0,0.0,1.7307591140269794,0.0,0.0,0.0,0.0,0.0
0.0,0.0,0.0,0.0377645958214973,4.2298920676112015,0.2709126891568133,6.202712666615724,0.0,0.0,0.0,2.0874508102888445,0.0,0.0,37.683270224370034,0.2081755254417637,0.0,0.0,0.0,0.0,0.0,0.0,0.0,0.0,0.0,0.0,15.501333141326878,0.3758615214377583,0.0,66.7986934490501,0.3588892124593041,0.0,3.151470869779533,0.3667069934308353,0.0,0.0,0.0,0.0
0.0,0.0,0.0,0.0699966419488132,11.437308002263284,1.339464873541112,24.838579875417,0.0,0.0,0.0,2.3548533070830504,0.0,0.0,137.73466892540455,0.5114284973591555,0.0,0.0,0.0,0.0,0.0,0.0,86.51204252243006,0.0,0.0,0.0,26.9135023966431,1.0456764066591826,0.0,510.88064337372776,0.4895557321608008,0.0,7.422141566872546,1.0055869314819452,0.0,0.0,0.0,0.0
0.0,0.0,0.0,0.5489354636520117,59.564098671078526,13.258543271571364,133.5144043177365,0.0,0.0,0.0,48.04928140956906,0.0,0.0,397.9816004633903,2.087256884202359,0.0069091999903315,0.0656980514526367,0.0,0.0,0.0,0.0,344.43917350769004,0.0,0.0,0.0,92.93303372859953,2.8547889761626632,0.0,1510.8869258761406,0.5817111551761538,0.0,31.445050530135592,2.474305673502359,0.0,0.0,0.0,0.0
0.0,0.0,0.0,1.7077978216111656,168.4326359629631,70.44582547247408,513.7621142655611,0.0,0.0,0.0,225.15135752186168,0.0,0.0,781.2665402889252,4.353390026092528,0.0343925170600414,6.728595864772682,0.0,0.0,0.0,0.0,834.1946533203123,0.0,0.0,0.0,289.6614796876908,6.602596300840375,0.0,2210.2667731285096,0.6111077539622597,0.0,116.66568171977995,7.6944931820034945,0.0,0.0,0.0,0.0
0.0,0.0,0.0,3.803829289972779,348.4098222851753,195.9818479567766,948.5401083528996,0.0,0.0,0.0,739.795176973939,0.0,0.0,1081.0441839694977,8.273108053207398,0.1097428342327473,11.176206862926318,0.0,0.0,0.0,0.0,1625.3347961425782,0.0,0.0,0.0,540.224760055542,12.92055850028991,0.0,2603.641301977635,0.6025263018905878,0.0,0.0,23.46753609180449,0.0,0.0,0.0,0.0
0.0,0.0,0.0,0.0,0.0,240.0079190135002,1204.17527487278,0.0,0.0,0.0,1161.9623192191125,0.0,0.0,1170.9385457634926,15.196308240294456,0.7495454996824262,240.98394600152952,0.0,0.0,0.0,0.0,2045.45754699707,0.0,0.0,0.0,0.0,24.897386002540586,0.0,2635.4,62.755637669563285,0.0,0.0,64.04106935858725,0.0,0.0,0.0,0.0
0.0,0.0,0.0,0.0,0.0,264.74328005313873,0.0,0.0,0.0,0.0,1470.6937837421897,0.0,0.0,0.0,20.17780276536941,1.3021132573485374,459.9265634536742,0.0,0.0,0.0,0.0,2295.542169189453,0.0,0.0,0.0,0.0,0.0,0.0,0.0,182.9015431523323,0.0,0.0,86.5781062245369,0.0,0.0,0.0,0.0
0.0,0.0,0.0,0.0,0.0,0.0,0.0,0.0,0.0,0.0,0.0,0.0,0.0,0.0,0.0,1.49444755166769,613.3282041788101,0.0,0.0,0.0,0.0,0.0,0.0,0.0,0.0,0.0,0.0,0.0,0.0,0.0,0.0,0.0,0.0,0.0,0.0,0.0,0.0
0.0,0.0,0.0,0.0,0.0,0.0,0.0,0.0,0.0,0.0,0.0,0.0,0.0,0.0,0.0,0.0,657.9724815607071,0.0,0.0,0.0,0.0,0.0,0.0,0.0,0.0,0.0,0.0,0.0,0.0,0.0,0.0,0.0,0.0,0.0,0.0,0.0,0.0
0.0,0.0,0.0,0.0,0.0,0.0,0.0,0.0,0.0,0.0,0.0,0.0,0.0,0.0,0.0,0.0,518.8209443092345,0.0,0.0,0.0,0.0,0.0,0.0,0.0,0.0,0.0,0.0,0.0,0.0,0.0,0.0,0.0,0.0,0.0,0.0,0.0,0.0
0.0,0.0,0.0,0.0,0.0,0.0,0.0,0.0,0.0,0.0,0.0,0.0,0.0,0.0,0.0,0.0,0.0,0.0,0.0,0.0,0.0,0.0,0.0,0.0,0.0,0.0,0.0,0.0,0.0,0.0,0.0,0.0,0.0,0.0,0.0,0.0,0.0
0.0,0.0,0.0,0.0,0.0,0.0,0.0,0.0,0.0,0.0,0.0,0.0,0.0,0.0,0.0,0.0,0.0,0.0,0.0,0.0,0.0,0.0,0.0,0.0,0.0,0.0,0.0,0.0,0.0,0.0,0.0,0.0,0.0,0.0,0.0,0.0,0.0
0.0,0.0,0.0,0.0,0.0,0.0,0.0,0.0,0.0,0.0,0.0,0.0,0.0,0.0,0.0,0.0,0.0,0.0,0.0,0.0,0.0,0.0,0.0,0.0,0.0,0.0,0.0,0.0,0.0,0.0,0.0,0.0,0.0,0.0,0.0,0.0,0.0
0.0,0.0,0.0,0.0,0.0,0.0,0.0,0.0,0.0,0.0,0.0,0.0,0.0,0.0,0.0,0.0,0.0,0.0,0.0,0.0,0.0,0.0,0.0,0.0,0.0,0.0,0.0,0.0,0.0,0.0,0.0,0.0,0.0,0.0,0.0,0.0,0.0
0.0,0.0,0.0,0.0,0.0,0.0,0.0,0.0,0.0,0.0,0.0,0.0,0.0,0.0,0.0,0.0,0.0,0.0,0.0,0.0,0.0,0.0,0.0,0.0,0.0,0.0,0.0,0.0,0.0,0.0,0.0,0.0,0.0,0.0,0.0,0.0,0.0
0.0,0.0,0.0,0.0,0.0,0.0,0.0,0.0,0.0,0.0,0.0,0.0,0.0,0.0,0.0,0.0,0.0,0.0,0.0,0.0,0.0,0.0,0.0,0.0,0.0,0.0,0.0,0.0,0.0,0.0,0.0,0.0,0.0,0.0,0.0,0.0,0.0
0.0,0.0,0.0,0.0,0.0,0.0,0.0,0.0,0.0,0.0,0.0,0.0,0.0,0.0,0.0,0.0,0.0,0.0,0.0,0.0,0.0,0.0,0.0,0.0,0.0,0.0,0.0,0.0,0.0,0.0,0.0,0.0,0.0,0.0,0.0,0.0,0.0
0.0,0.0,0.0,0.0,0.0,0.0,0.0,0.0,0.0,0.0,0.0,0.0,0.0,0.0,0.0,0.0,0.0,0.0,0.0,0.0,0.0,0.0,0.0,0.0,0.0,0.0,0.0,0.0,0.0,0.0,0.0,0.0,0.0,0.0,0.0,0.0,0.0
0.0,0.0,0.0,0.0,0.0,0.0,0.0,0.0,0.0,0.0,0.0,0.0,0.0,0.0,0.0,0.0,0.0,0.0,0.0,0.0,0.0,0.0,0.0,0.0,0.0,0.0,0.0,0.0,0.0,0.0,0.0,0.0,0.0,0.0,0.0,0.0,0.0
0.0,0.0,0.0,0.0,0.0,0.0,0.0,0.0,0.0,0.0,0.0,0.0,0.0,0.0,0.0,0.0,0.0,0.0,0.0,0.0,0.0,0.0,0.0,0.0,0.0,0.0,0.0,0.0,0.0,0.0,0.0,0.0,0.0,0.0,0.0,0.0,0.0
0.0,0.0,0.0,0.0,0.0,0.0,0.0,0.0,0.0,0.0,0.0,0.0,0.0,0.0,0.0,0.0,0.0,0.0,0.0,0.0,0.0,0.0,0.0,0.0,0.0,0.0,0.0,0.0,0.0,0.0,0.0,0.0,0.0,0.0,0.0,0.0,0.0
0.0,0.0,0.0,0.0,0.0,0.0,0.0,0.0,0.0,0.0,0.0,0.0,0.0,0.0,0.0,0.0,0.0,0.0,0.0,0.0,0.0,0.0,0.0,0.0,0.0,0.0,0.0,0.0,0.0,0.0,0.0,0.0,0.1793127264827273,0.0,0.0,0.0,0.0
0.0,0.0,0.0,0.0236592069268198,0.0,0.0,0.0,0.0,0.0,0.0,0.0,0.0,0.0,0.0,0.0,0.0,0.0,0.0,0.0,0.0,0.0,0.0,0.0,0.0,0.0,0.0,0.0,0.0,0.0,0.3034758768975513,0.0,1.8982876688241503,0.2249498534947443,0.0,0.0,0.0,0.0
0.0,0.0,0.0,0.0284791048616156,1.930171269923327,0.0,0.0,0.0,0.0,0.0,1.765497911721395,0.0,0.0,0.0,0.0317325375974166,0.0207366319373239,0.0,0.0,0.0,0.0,0.0,17.179472637176175,0.0,0.0,0.0,0.0,0.0,0.0,0.0,0.0,0.0,1.9495809823274035,0.0,0.0,0.0,0.0,0.0
0.0,0.0,0.0,0.0703315455466467,3.5454714596271457,0.364580889698074,6.714038486406072,0.0,0.0,0.0,2.2536469805518555,0.0,0.0,27.34277828130869,0.0688101880252328,0.0,0.0,0.0,0.0,0.0,0.0,0.0,0.0,0.0,0.0,6.226298562809775,0.0,0.0,56.14032082930197,0.3475224494933713,0.0,4.206755891442281,0.0,0.0,0.0,0.0,0.0
0.0,0.0,0.0,0.1290020942687965,8.373044718056887,1.3444012571126056,38.9893247425556,0.0,0.0,0.0,6.158584187086476,0.0,0.0,89.29299095645534,0.2092889271676518,0.0,0.0,0.0,0.0,0.0,0.0,11.133827209472656,0.0,0.0,0.0,14.099069871008316,0.135025456547728,0.0,426.33207731246927,0.4564922466873959,0.0,15.217464864253984,0.6122481841593954,0.0,0.0,0.0,0.0
0.0,0.0,0.0,0.4470995943993328,35.94015184789884,16.346160335466234,182.2389111861586,0.0,0.0,0.0,65.3561322081833,0.0,0.0,284.07940771430725,1.0445251129567594,0.0,0.0,0.0,0.0,0.0,0.0,151.63202190399164,0.0,0.0,0.0,44.32971823513507,0.7333084020763545,0.0,1292.598283481598,0.5332186289131424,0.0,62.530061110854106,1.1942009609192437,0.0,0.0,0.0,0.0
0.0,0.0,0.0,0.947481196373696,86.34628255665282,88.09371235966682,588.3248833328486,0.0,0.0,0.0,275.71240702122446,0.0,0.0,662.0301161706446,2.3904660522937755,0.0032844031229607,3.109503483772104,0.0,0.0,0.0,0.0,432.0698017120358,0.0,0.0,0.0,82.89445728659626,1.4510519284754917,0.0,2007.371546328068,0.5605533361434758,0.0,208.38372385501864,2.14390012156216,0.0,0.0,0.0,0.0
0.0,0.0,0.0,2.12403368204832,154.5181633234024,212.64703232049945,1010.3867104172708,0.0,0.0,0.0,842.5974868327378,0.0,0.0,973.4246042370796,4.4520508870482445,0.0409530177712435,6.204053306579442,0.0,0.0,0.0,0.0,923.222696685791,0.0,0.0,0.0,140.3614728569984,1.8261955212801688,0.0,2335.063145565987,0.54423393309113,0.0,347.60019958019257,6.70562927611172,0.0,0.0,0.0,0.0
0.0,0.0,0.0,6.291648656129837,351.51857560873026,251.3769555389881,1223.3347954571248,0.0,0.0,0.0,1274.652163285017,0.0,0.0,1074.383980035782,9.6458430737257,0.7081544920802105,209.9473775267601,0.0,0.0,0.0,0.0,1368.8516693115234,0.0,0.0,0.0,250.6313277006149,2.6215819776058105,0.0,2466.661800432206,50.195168361067765,0.0,386.3065752983093,25.168217912316308,0.0,0.0,0.0,0.0
0.0,0.0,0.0,12.026901870965958,553.5882668495178,273.0724989771843,1314.4300775945187,0.0,0.0,0.0,1548.253567445278,0.0,0.0,0.0,14.083853200078009,1.29413490742445,397.4442845344543,0.0,0.0,0.0,0.0,1629.0093597412108,0.0,0.0,0.0,343.3516327619553,3.0243865832686403,0.0,2524.322705256939,154.85920879840847,0.0,395.0914208889008,50.29729864001272,0.0,0.0,0.0,0.0
0.0,0.0,0.0,16.2140052318573,665.6913734674454,280.826148301363,1328.3966004431247,0.0,0.0,0.0,1645.9540468990804,0.0,0.0,0.0,16.60667427778244,0.0,534.8730865001677,0.0,0.0,0.0,0.0,1658.9767852783202,0.0,0.0,0.0,366.7017196893692,2.9429081767797376,0.0,2511.7014742255205,0.0,0.0,385.594353556633,0.0,0.0,0.0,0.0,0.0
0.0,0.0,0.0,17.64952492713928,709.7845654487609,0.0,1309.01830611825,0.0,0.0,0.0,1594.335766834021,0.0,0.0,0.0,0.0,0.0,0.0,0.0,0.0,0.0,0.0,0.0,0.0,0.0,0.0,353.33978607654564,3.0020691543817466,0.0,0.0,0.0,0.0,364.8904058933258,0.0,0.0,0.0,0.0,0.0
0.0,0.0,0.0,0.0,0.0,0.0,0.0,0.0,0.0,0.0,0.0,0.0,0.0,0.0,0.0,0.0,0.0,0.0,0.0,0.0,0.0,0.0,0.0,0.0,0.0,0.0,0.0,0.0,0.0,221.4031504511833,0.0,0.0,0.0,0.0,0.0,0.0,0.0
0.0,0.0,0.0,0.0,0.0,0.0,0.0,0.0,0.0,0.0,0.0,0.0,0.0,0.0,0.0,0.0,348.6509790897368,0.0,0.0,0.0,0.0,0.0,0.0,0.0,0.0,0.0,0.0,0.0,0.0,0.0,0.0,0.0,0.0,0.0,0.0,0.0,0.0
0.0,0.0,0.0,0.0,0.0,0.0,0.0,0.0,0.0,0.0,0.0,0.0,0.0,0.0,0.0,0.0,0.0,0.0,0.0,0.0,0.0,0.0,0.0,0.0,0.0,0.0,0.0,0.0,0.0,0.0,0.0,0.0,0.0,0.0,0.0,0.0,0.0
0.0,0.0,0.0,0.0,0.0,0.0,0.0,0.0,0.0,0.0,0.0,0.0,0.0,0.0,0.0,0.0,0.0,0.0,0.0,0.0,0.0,0.0,0.0,0.0,0.0,0.0,0.0,0.0,0.0,0.0,0.0,0.0,0.0,0.0,0.0,0.0,0.0
0.0,0.0,0.0,0.0,0.0,0.0,0.0,0.0,0.0,0.0,0.0,0.0,0.0,0.0,0.0,0.0,0.0,0.0,0.0,0.0,0.0,0.0,0.0,0.0,0.0,0.0,0.0,0.0,0.0,0.0,0.0,0.0,0.0,0.0,0.0,0.0,0.0
0.0,0.0,0.0,0.0,0.0,0.0,0.0,0.0,0.0,0.0,0.0,0.0,0.0,0.0,0.0,0.0,0.0,0.0,0.0,0.0,0.0,0.0,0.0,0.0,0.0,0.0,0.0,0.0,0.0,0.0,0.0,0.0,0.0,0.0,0.0,0.0,0.0
0.0,0.0,0.0,0.0,0.0,0.0,0.0,0.0,0.0,0.0,0.0,0.0,0.0,0.0,0.0,0.0,0.0,0.0,0.0,0.0,0.0,0.0,0.0,0.0,0.0,0.0,0.0,0.0,0.0,0.0,0.0,0.0,0.0,0.0,0.0,0.0,0.0
0.0,0.0,0.0,0.0,0.0,0.0,0.0,0.0,0.0,0.0,0.0,0.0,0.0,0.0,0.0,0.0,0.0,0.0,0.0,0.0,0.0,0.0,0.0,0.0,0.0,0.0,0.0,0.0,0.0,0.0,0.0,0.0,0.0,0.0,0.0,0.0,0.0
0.0,0.0,0.0,0.0,0.0,0.0,0.0,0.0,0.0,0.0,0.0,0.0,0.0,0.0,0.0,0.0,0.0,0.0,0.0,0.0,0.0,0.0,0.0,0.0,0.0,0.0,0.0,0.0,0.0,0.0,0.0,0.0,0.0,0.0,0.0,0.0,0.0
0.0,0.0,0.0,0.0,0.0,0.0,0.0,0.0,0.0,0.0,0.0,0.0,0.0,0.0,0.0,0.0,0.0,0.0,0.0,0.0,0.0,0.0,0.0,0.0,0.0,0.0,0.0,0.0,0.0,0.0,0.0,0.0,0.0,0.0,0.0,0.0,0.0
0.0,0.0,0.0,0.0,0.0,0.0,0.0,0.0,0.0,0.0,0.0,0.0,0.0,0.0,0.0,0.0,0.0,0.0,0.0,0.0,0.0,0.0,0.0,0.0,0.0,0.0,0.0,0.0,0.0,0.0,0.0,0.0,0.0,0.0,0.0,0.0,0.0
0.0,0.0,0.0,0.0,0.0,0.0,0.0,0.0,0.0,0.0,0.0,0.0,0.0,0.0,0.0,0.0,0.0,0.0,0.0,0.0,0.0,0.0,0.0,0.0,0.0,0.0,0.0,0.0,0.0,0.0,0.0,0.0,0.0,0.0,0.0,0.0,0.0
0.0,0.0,0.0,0.0,0.0,0.0,0.0,0.0,0.0,0.0,0.0,0.0,0.0,0.0,0.0,0.0,0.0,0.0,0.0,0.0,0.0,0.0,0.0,0.0,0.0,0.0,0.0,0.0,0.0,0.0,0.0,0.0,0.2977743130177125,0.0,0.0,0.0,0.0
0.0,0.0,0.0,0.0,1.8650738447902804,0.0,0.0,0.0,0.0,0.0,0.0,0.0,0.0,0.0,0.0,0.0019363034516566,1.6137696743009564,0.0,0.0,0.0,0.0,40.69219646453852,0.0,0.0,0.0,0.4894043814390512,0.5469004731625283,0.0,0.0,0.3031829945742832,0.0,0.0,0.2621889021247361,0.0,0.0,0.0,0.0
0.0,0.0,0.0,0.0220533441752186,3.245851460844193,0.0,0.0,0.0,0.0,0.0,1.600660044979148,0.0,0.0,0.927355689927875,0.0338311985135061,0.0,2.207074558734747,0.0,0.0,0.0,0.0,44.75526337623575,0.0,0.0,0.0,0.0,0.2422633253037913,0.0,0.0,0.3354586265980944,0.0,1.748238131403872,0.0,0.0,0.0,0.0,0.0
0.0,0.0,0.0,0.0802720617502916,5.279104985296549,0.3653668188489877,8.188505952432648,0.0,0.0,0.0,2.1191399678586547,0.0,0.0,26.44870847463604,0.0274551920592768,0.0,0.0,0.0,0.0,0.0,0.0,7.009135341643945,0.0,0.0,0.0,0.0,0.2310180936008646,0.0,58.45066443905212,0.3500324510037673,0.0,3.174332186579698,0.2935556266456578,0.0,0.0,0.0,0.0
0.0,0.0,0.0,0.1758605930954208,9.119569290429244,1.3399555594660235,15.342012876644624,0.0,0.0,0.0,2.568460839241684,0.0,0.0,66.52219191193575,0.1255030609667293,0.0,0.0,0.0,0.0,0.0,0.0,49.34313759803747,0.0,0.0,0.0,0.762340041063685,0.0492908764630547,0.0,399.8210596352814,0.4659054845571302,0.0,8.571926310658446,0.8635252602398175,0.0,0.0,0.0,0.0
0.0,0.0,0.0,0.2954079546034311,17.365071691572552,7.514538072980901,51.91241108626119,0.0,0.0,0.0,36.50900331623838,0.0,0.0,169.47708187624804,0.3247724186629042,0.0013598315417765,0.0,0.0,0.0,0.0,0.0,128.8918401718138,0.0,0.0,0.0,22.62467658668756,0.8564541975036255,0.0,1101.112949246168,0.5664256267249279,0.0,36.94317479431628,1.363832538947456,0.0,0.0,0.0,0.0
0.0,0.0,0.0,0.484155638143418,39.26443828642354,38.5880933627486,174.7706846818327,0.0,0.0,0.0,156.03139804303626,0.0,0.0,412.0474937558174,0.8222247496247265,0.0282917749136684,0.0,0.0,0.0,0.0,0.0,294.6282829284663,0.0,0.0,0.0,52.12072398066518,2.237144272774454,0.0,1720.233199572563,0.6055957086384152,0.0,130.25325176119802,1.9432491920888135,0.0,0.0,0.0,0.0
0.0,0.0,0.0,0.5121512115001661,41.33953128755077,140.37485720217228,401.09481653273104,0.0,0.0,0.0,531.0558046340942,0.0,0.0,733.6195240169762,1.2804914854466902,0.0140959089621896,0.9334393858907812,0.0,0.0,0.0,0.0,524.2511619567871,0.0,0.0,0.0,76.96000578999517,4.164351895451546,0.0,2025.719204616547,0.5966510824859018,0.0,270.2270259857178,1.4248875183984446,0.0,0.0,0.0,0.0
0.0,0.0,0.0,3.8490643724799143,126.8453746140002,179.7978884279728,560.1071960449219,0.0,0.0,0.0,852.3397058725357,0.0,0.0,861.195906996727,4.122445794939995,0.3571340218186377,163.75049339532842,0.0,0.0,0.0,0.0,616.2588638305664,0.0,0.0,0.0,90.6181256473064,5.877354124188416,0.0,2131.7244760513304,56.70557923316953,0.0,336.1487834453583,9.618376802653074,0.0,0.0,0.0,0.0
0.0,0.0,0.0,7.955927371978756,211.28318110108367,204.6271284967661,693.4010586619376,0.0,0.0,0.0,1141.5351973056793,0.0,0.0,0.0,7.022698420286178,0.5459127239882939,312.7697308897972,0.0,0.0,0.0,0.0,628.5160552978516,0.0,0.0,0.0,91.4492223381996,7.62873855531215,0.0,2204.306607735157,172.03141488432885,0.0,358.31492245197296,19.847717627882936,0.0,0.0,0.0,0.0
0.0,0.0,0.0,11.686224997043604,282.75251948833454,211.684702411294,742.4124964028597,0.0,0.0,0.0,1260.5863603055475,0.0,0.0,0.0,8.866691476106642,0.7027893587946881,428.19943001270286,0.0,0.0,0.0,0.0,562.9837688446041,0.0,0.0,0.0,133.55120804309837,9.31056018322706,0.0,0.0,215.2871349155903,0.0,356.5489182472229,22.989000618457773,0.0,0.0,0.0,0.0
0.0,0.0,0.0,0.0,306.4051396846771,0.0,723.9894445687531,0.0,0.0,0.0,0.0,0.0,0.0,0.0,0.0,0.8236726149916642,485.2220905423165,0.0,0.0,0.0,0.0,422.2575435638427,0.0,0.0,0.0,140.81281132698058,9.813325330615037,0.0,0.0,0.0,0.0,0.0,0.0,0.0,0.0,0.0,0.0
0.0,0.0,0.0,0.0,0.0,0.0,0.0,0.0,0.0,0.0,0.0,0.0,0.0,0.0,0.0,0.0,0.0,0.0,0.0,0.0,0.0,0.0,0.0,0.0,0.0,0.0,0.0,0.0,0.0,225.0536591589451,0.0,0.0,0.0,0.0,0.0,0.0,0.0
0.0,0.0,0.0,0.0,0.0,0.0,0.0,0.0,0.0,0.0,0.0,0.0,0.0,0.0,0.0,0.0,254.5729628324508,0.0,0.0,0.0,0.0,0.0,0.0,0.0,0.0,0.0,0.0,0.0,0.0,0.0,0.0,0.0,0.0,0.0,0.0,0.0,0.0
0.0,0.0,0.0,0.0,0.0,0.0,0.0,0.0,0.0,0.0,0.0,0.0,0.0,0.0,0.0,0.0,0.0,0.0,0.0,0.0,0.0,0.0,0.0,0.0,0.0,0.0,0.0,0.0,0.0,0.0,0.0,0.0,0.0,0.0,0.0,0.0,0.0
0.0,0.0,0.0,0.0,0.0,0.0,0.0,0.0,0.0,0.0,0.0,0.0,0.0,0.0,0.0,0.0,0.0,0.0,0.0,0.0,0.0,0.0,0.0,0.0,0.0,0.0,0.0,0.0,0.0,0.0,0.0,0.0,0.0,0.0,0.0,0.0,0.0
0.0,0.0,0.0,0.0,0.0,0.0,0.0,0.0,0.0,0.0,0.0,0.0,0.0,0.0,0.0,0.0,0.0,0.0,0.0,0.0,0.0,0.0,0.0,0.0,0.0,0.0,0.0,0.0,0.0,0.0,0.0,0.0,0.0,0.0,0.0,0.0,0.0
0.0,0.0,0.0,0.0,0.0,0.0,0.0,0.0,0.0,0.0,0.0,0.0,0.0,0.0,0.0,0.0,0.0,0.0,0.0,0.0,0.0,0.0,0.0,0.0,0.0,0.0,0.0,0.0,0.0,0.0,0.0,0.0,0.0,0.0,0.0,0.0,0.0
0.0,0.0,0.0,0.0,0.0,0.0,0.0,0.0,0.0,0.0,0.0,0.0,0.0,0.0,0.0,0.0,0.0,0.0,0.0,0.0,0.0,0.0,0.0,0.0,0.0,0.0,0.0,0.0,0.0,0.0,0.0,0.0,0.0,0.0,0.0,0.0,0.0
0.0,0.0,0.0,0.0,0.0,0.0,0.0,0.0,0.0,0.0,0.0,0.0,0.0,0.0,0.0,0.0,0.0,0.0,0.0,0.0,0.0,0.0,0.0,0.0,0.0,0.0,0.0,0.0,0.0,0.0,0.0,0.0,0.0,0.0,0.0,0.0,0.0
0.0,0.0,0.0,0.0,0.0,0.0,0.0,0.0,0.0,0.0,0.0,0.0,0.0,0.0,0.0,0.0,0.0,0.0,0.0,0.0,0.0,0.0,0.0,0.0,0.0,0.0,0.0,0.0,0.0,0.0,0.0,0.0,0.0,0.0,0.0,0.0,0.0
0.0,0.0,0.0,0.0,0.0,0.0,0.0,0.0,0.0,0.0,0.0,0.0,0.0,0.0,0.0,0.0,0.0,0.0,0.0,0.0,0.0,0.0,0.0,0.0,0.0,0.0,0.0,0.0,0.0,0.0,0.0,0.0,0.0,0.0,0.0,0.0,0.0
0.0,0.0,0.0,0.0,0.0,0.0,0.0,0.0,0.0,0.0,0.0,0.0,0.0,0.0,0.0,0.0,0.0,0.0,0.0,0.0,0.0,0.0,0.0,0.0,0.0,0.0,0.0,0.0,0.0,0.0,0.0,0.0,0.0,0.0,0.0,0.0,0.0
0.0,0.0,0.0,0.0,0.0,0.0,0.0,0.0,0.0,0.0,0.0,0.0,0.0,0.0,0.0,0.0,0.0,0.0,0.0,0.0,0.0,0.0,0.0,0.0,0.0,0.0,0.0,0.0,0.0,0.0,0.0,0.0,0.0,0.0,0.0,0.0,0.0
0.0,0.0,0.0,0.0,0.0,0.0,0.0,0.0,0.0,0.0,0.0,0.0,0.0,0.0,0.0,0.0,0.0,0.0,0.0,0.0,0.0,0.0,0.0,0.0,0.0,0.0,0.0,0.0,0.0,0.0,0.0,0.0,0.1723472550511244,0.0,0.0,0.0,0.0
0.0,0.0,0.0,0.0,0.0,0.1693664845078792,0.0,0.0,0.0,0.0,1.653866976499356,0.0,0.0,2.6919257454572825,0.0119130715727782,0.0,0.0,0.0,0.0,0.0,0.0,19.533095264434724,0.0,0.0,0.0,0.0,0.0,0.0,0.0,0.2607589900493534,0.0,1.324660137295667,0.3568664845078959,0.0,0.0,0.0,0.0
0.0,0.0,0.0,0.031663345172997,2.3070182204245437,0.0,0.0,0.0,0.0,0.0,1.6626991279421282,0.0,0.0,0.5547495465724842,0.0040733635425537,0.0187747096642846,0.0,0.0,0.0,0.0,0.0,27.196547508239703,0.0,0.0,0.0,2.771361919678698,0.0,0.0,0.0,0.2848251305520357,0.0,1.3944012820720304,0.0074637457728385,0.0,0.0,0.0,0.0
0.0,0.0,0.0,0.0560744684189522,4.0481048524379135,0.3622863092459424,6.848431793600306,0.0,0.0,0.0,4.391766114532792,0.0,0.0,32.29939881712197,0.0543792463839038,0.0,0.0,0.0,0.0,0.0,0.0,3.261492633819413,0.0,0.0,0.0,0.0,0.5152323210611883,0.0,67.55746862292274,0.3180057689547164,0.0,2.832053825259173,0.0,0.0,0.0,0.0,0.0
0.0,0.0,0.0,0.073700617998835,7.779259558767027,1.3975134342908748,27.095670052431384,0.0,0.0,0.0,16.02331224498318,0.0,0.0,112.58923977613448,0.1560075223445891,0.0,0.0,0.0,0.0,0.0,0.0,53.5999405384061,0.0,0.0,0.0,3.950005677342373,1.338325335271656,0.0,501.8128053635357,0.4051089718937835,0.0,5.741074532270412,0.4186666924506157,0.0,0.0,0.0,0.0
0.0,0.0,0.0,0.5654028467833958,34.403219632804294,14.797933135181662,127.03997543603172,0.0,0.0,0.0,96.37752996720374,0.0,0.0,338.2738445699215,0.7180089097470027,0.0509485229849804,0.0,0.0,0.0,0.0,0.0,162.06875419616665,0.0,0.0,0.0,43.71288114190095,3.566632501035921,0.0,1472.7125244259837,0.4811822265386544,0.0,22.081901535391804,0.7563984598964213,0.0,0.0,0.0,0.0
0.0,0.0,0.0,1.98549099266529,92.59751933813084,76.65921999514102,482.3827701687813,0.0,0.0,0.0,389.04226844906793,0.0,0.0,710.3752738982438,2.099638460576533,0.135228609666228,0.0,0.0,0.0,0.0,0.0,355.331440734863,0.0,0.0,0.0,143.18648694753645,8.366971856355667,0.0,2100.963877570629,0.5116302728652837,0.0,70.45765441656107,0.7805634010583075,0.0,0.0,0.0,0.0
0.0,0.0,0.0,3.4597585722804056,176.76903197169287,200.97907325625417,920.5012570381164,0.0,0.0,0.0,1025.9576974302531,0.0,0.0,1002.8254823386668,4.047643766552207,0.141300016082823,0.092050814628601,0.0,0.0,0.0,0.0,584.9781532287597,0.0,0.0,0.0,361.76255464553833,16.748490318655964,0.0,2437.177493858338,0.492718861252033,0.0,195.573312997818,0.444146630354222,0.0,0.0,0.0,0.0
0.0,0.0,0.0,7.766569644212719,410.81386584043497,237.74564066529277,1153.94825116992,0.0,0.0,0.0,1409.7433270156384,0.0,0.0,1091.132000237703,9.250296878814696,0.4608870521187777,116.99995609521854,0.0,0.0,0.0,0.0,679.027520751953,0.0,0.0,0.0,478.2743391036987,29.79256985783577,0.0,2551.550056493282,37.16036441475153,0.0,270.3427813053131,4.637198070064185,0.0,0.0,0.0,0.0
0.0,0.0,0.0,12.662567377090452,630.5705391168594,258.6313360929489,1258.08917555809,0.0,0.0,0.0,1642.736906069517,0.0,0.0,1128.4715515375135,13.249699687957763,0.5576994158327578,212.0997241377829,0.0,0.0,0.0,0.0,737.5366416931153,0.0,0.0,0.0,527.842245054245,38.638404685258855,0.0,2573.538249087333,129.4146234989166,0.0,309.3502428531647,11.547536782920345,0.0,0.0,0.0,0.0
0.0,0.0,0.0,15.103853851556774,741.4622302055359,260.8593362867832,1272.6420265376569,0.0,0.0,0.0,1697.5542897105215,0.0,0.0,0.0,14.960280150175093,0.7019899934530249,278.0877172708511,0.0,0.0,0.0,0.0,793.5348289489746,0.0,0.0,0.0,0.0,0.0,0.0,2523.7609797358514,185.8629348993301,0.0,316.2462960481644,16.44286770373581,0.0,0.0,0.0,0.0
0.0,0.0,0.0,14.458034992218014,770.5738507509232,244.89950212836263,1238.2683471977712,0.0,0.0,0.0,1616.9588226616384,0.0,0.0,0.0,14.919883346557617,0.0,320.6606061816214,0.0,0.0,0.0,0.0,708.1587379455564,0.0,0.0,0.0,0.0,0.0,0.0,2456.8897241830828,209.5561776280403,0.0,307.47009801864624,0.0,0.0,0.0,0.0,0.0
0.0,0.0,0.0,0.0,0.0,206.41307888925076,0.0,0.0,0.0,0.0,0.0,0.0,0.0,0.0,0.0,0.0,0.0,0.0,0.0,0.0,0.0,310.8362617492674,0.0,0.0,0.0,0.0,0.0,0.0,0.0,208.99365612268448,0.0,0.0,0.0,0.0,0.0,0.0,0.0
0.0,0.0,0.0,0.0,0.0,0.0,0.0,0.0,0.0,0.0,0.0,0.0,0.0,0.0,0.0,0.0,0.0,0.0,0.0,0.0,0.0,0.0,0.0,0.0,0.0,0.0,0.0,0.0,0.0,0.0,0.0,0.0,0.0,0.0,0.0,0.0,0.0
0.0,0.0,0.0,0.0,0.0,0.0,0.0,0.0,0.0,0.0,0.0,0.0,0.0,0.0,0.0,0.0,0.0,0.0,0.0,0.0,0.0,0.0,0.0,0.0,0.0,0.0,0.0,0.0,0.0,0.0,0.0,0.0,0.0,0.0,0.0,0.0,0.0
0.0,0.0,0.0,0.0,0.0,0.0,0.0,0.0,0.0,0.0,0.0,0.0,0.0,0.0,0.0,0.0,0.0,0.0,0.0,0.0,0.0,0.0,0.0,0.0,0.0,0.0,0.0,0.0,0.0,0.0,0.0,0.0,0.0,0.0,0.0,0.0,0.0
0.0,0.0,0.0,0.0,0.0,0.0,0.0,0.0,0.0,0.0,0.0,0.0,0.0,0.0,0.0,0.0,0.0,0.0,0.0,0.0,0.0,0.0,0.0,0.0,0.0,0.0,0.0,0.0,0.0,0.0,0.0,0.0,0.0,0.0,0.0,0.0,0.0
