,YAD,AECI,HST,TAL,DUK,FPC,CPLE,CPLW,EEI,FMPP,FPL,GVL,GRID,ISNE,JEA,LGEE,MISO,NSB,NYIS,NWMT,OVEC,PJM,AEC,PNM,SEC,SCEG,SC,SEPA,SOCO,SWPP,SPA,TEC,TVA,WACM,WAUW,NBSO,ERCO
0,0.0,212.07320692241183,0.0,0.0,0.0,0.0,0.0,0.0,0.0,0.0,0.0,0.0,0.0,387.72274594306947,0.0,0.0,3781.2432637661673,0.0,303.95250422358504,0.0,0.0,1236.2463564164934,0.0,0.0,0.0,0.0,0.0,0.0,0.0,6334.396195358037,0.0,0.0,0.0,0.0,0.0,0.0,0.0
1,0.0,240.10323164463037,0.0,0.0,0.0,0.0,0.0,0.0,0.0,0.0,0.0,0.0,0.0,362.6839143395424,0.0,0.0,4209.66006295383,0.0,303.7149581253527,0.0,0.0,1564.9468311354515,0.0,0.0,0.0,0.0,0.0,0.0,0.0,6309.151307755708,0.0,0.0,0.0,0.0,0.0,0.0,0.0
2,0.0,281.4549722135067,0.0,0.0,0.0,0.0,0.0,0.0,0.0,0.0,0.0,0.0,0.0,337.9510341405868,0.0,0.0,4578.117832556365,0.0,307.4317809224129,0.0,0.0,1682.9650926142929,0.0,0.0,0.0,0.0,0.0,0.0,0.0,6283.1991062223915,0.0,0.0,0.0,0.0,0.0,0.0,0.0
3,0.0,317.56337251067157,0.0,0.0,0.0,0.0,0.0,0.0,0.0,0.0,0.0,0.0,0.0,313.7927319347858,0.0,0.0,4908.403167203067,0.0,309.87595064640044,0.0,0.0,1878.1694427520033,0.0,0.0,0.0,0.0,0.0,0.0,0.0,6250.045754575729,0.0,0.0,0.0,0.0,0.0,0.0,0.0
4,0.0,342.4144526302814,0.0,0.0,0.0,0.0,0.0,0.0,0.0,0.0,0.0,0.0,0.0,292.3363877296448,0.0,0.0,5222.547690704465,0.0,321.4405092537402,0.0,0.0,2191.1781552672387,0.0,0.0,0.0,0.0,0.0,0.0,0.0,6219.036764693259,0.0,0.0,0.0,0.0,0.0,0.0,0.0
5,0.0,361.44135105013845,0.0,0.0,0.0,0.0,0.0,0.0,0.0,0.0,0.0,0.0,0.0,268.4715953230858,0.0,0.0,5579.366574198008,0.0,329.68111204504953,0.0,0.0,2481.605298963189,0.0,0.0,0.0,0.0,0.0,0.0,0.0,6186.43451040387,0.0,0.0,0.0,0.0,0.0,0.0,0.0
6,0.0,349.4379682123661,0.0,0.0,0.0,0.0,0.0,0.0,0.0,0.0,0.0,0.0,0.0,249.66345241665837,0.0,0.0,5675.798780813811,0.0,324.4855692327022,0.0,0.0,2053.162220057845,0.0,0.0,0.0,0.0,0.0,0.0,0.0,5775.439914944767,0.0,0.0,0.0,0.0,0.0,0.0,0.0
7,0.0,337.85752816200255,0.0,0.0,0.0,0.0,0.0,0.0,0.0,0.0,0.0,0.0,0.0,238.27505699992176,0.0,0.0,5779.236877337096,0.0,344.04236542582504,0.0,0.0,1779.3090020567176,0.0,0.0,0.0,0.0,0.0,0.0,0.0,5395.62318237722,0.0,0.0,0.0,0.0,0.0,0.0,0.0
8,0.0,323.6807384312152,0.0,0.0,0.0,0.0,0.0,0.0,0.0,0.0,0.0,0.0,0.0,223.41962331533423,0.0,0.0,5891.215213164686,0.0,362.02994644045816,0.0,0.0,1629.1512274146078,0.0,0.0,0.0,0.0,0.0,0.0,0.0,5058.811209136247,0.0,0.0,0.0,0.0,0.0,0.0,0.0
9,0.0,308.3385905206203,0.0,0.0,0.0,0.0,0.0,0.0,0.0,0.0,0.0,0.0,0.0,211.59379898905755,0.0,0.0,6028.222307518125,0.0,385.16253169774996,0.0,0.0,1483.0210532605645,0.0,0.0,0.0,0.0,0.0,0.0,0.0,4781.738334068655,0.0,0.0,0.0,0.0,0.0,0.0,0.0
10,0.0,298.57889462113377,0.0,0.0,0.0,0.0,0.0,0.0,0.0,0.0,0.0,0.0,0.0,180.0037336170672,0.0,0.0,6205.827625721691,0.0,391.4417044401168,0.0,0.0,1404.515541695058,0.0,0.0,0.0,0.0,0.0,0.0,0.0,4579.118567323684,0.0,0.0,0.0,0.0,0.0,0.0,0.0
11,0.0,287.20194405913355,0.0,0.0,0.0,0.0,0.0,0.0,0.0,0.0,0.0,0.0,0.0,157.3336267471312,0.0,0.0,6362.646301716565,0.0,395.1333024144172,0.0,0.0,1343.6499696046112,0.0,0.0,0.0,0.0,0.0,0.0,0.0,4425.034060549735,0.0,0.0,0.0,0.0,0.0,0.0,0.0
12,0.0,276.1292598009109,0.0,0.0,0.0,0.0,0.0,0.0,0.0,0.0,0.0,0.0,0.0,143.18440548181522,0.0,0.0,6516.558853834866,0.0,401.80098485350607,0.0,0.0,1286.7653731450437,0.0,0.0,0.0,0.0,0.0,0.0,0.0,4301.071146732568,0.0,0.0,0.0,0.0,0.0,0.0,0.0
13,0.0,267.4031154334545,0.0,0.0,0.0,0.0,0.0,0.0,0.0,0.0,0.0,0.0,0.0,138.00589550137516,0.0,0.0,6655.439838021994,0.0,417.39220770597456,0.0,0.0,1242.388651522993,0.0,0.0,0.0,0.0,0.0,0.0,0.0,4202.388558536766,0.0,0.0,0.0,0.0,0.0,0.0,0.0
14,0.0,262.2032898724079,0.0,0.0,0.0,0.0,0.0,0.0,0.0,0.0,0.0,0.0,0.0,143.820832824707,0.0,0.0,6778.667735815046,0.0,444.65849226713175,0.0,0.0,1226.2053603865204,0.0,0.0,0.0,0.0,0.0,0.0,0.0,4122.277661991118,0.0,0.0,0.0,0.0,0.0,0.0,0.0
15,0.0,222.50672152340402,0.0,0.0,0.0,0.0,0.0,0.0,0.0,0.0,0.0,0.0,0.0,173.1990497767924,0.0,0.0,6878.089687377213,0.0,502.5343137502669,0.0,0.0,1181.9480014264582,0.0,0.0,0.0,0.0,0.0,0.0,0.0,3604.361138910055,0.0,0.0,0.0,0.0,0.0,0.0,0.0
16,0.0,196.59928041994573,0.0,0.0,0.0,0.0,0.0,0.0,0.0,0.0,0.0,0.0,0.0,216.00572674274437,0.0,0.0,7009.150740265844,0.0,568.9885905861853,0.0,0.0,1193.2854106932873,0.0,0.0,0.0,0.0,0.0,0.0,0.0,3242.6514260083436,0.0,0.0,0.0,0.0,0.0,0.0,0.0
17,0.0,176.4043304532766,0.0,0.0,0.0,0.0,0.0,0.0,0.0,0.0,0.0,0.0,0.0,266.4481867849826,0.0,0.0,7220.383785516024,0.0,627.7993015050887,0.0,0.0,1126.1706696353854,0.0,0.0,0.0,0.0,0.0,0.0,0.0,2980.290391415357,0.0,0.0,0.0,0.0,0.0,0.0,0.0
18,0.0,164.47263045608995,0.0,0.0,0.0,0.0,0.0,0.0,0.0,0.0,0.0,0.0,0.0,337.35560805201527,0.0,0.0,7415.429347395895,0.0,696.7570308446883,0.0,0.0,1163.1534912183877,0.0,0.0,0.0,0.0,0.0,0.0,0.0,2808.2407978579404,0.0,0.0,0.0,0.0,0.0,0.0,0.0
19,0.0,179.19056250751012,0.0,0.0,0.0,0.0,0.0,0.0,0.0,0.0,0.0,0.0,0.0,422.5285291552543,0.0,0.0,7621.860598564146,0.0,763.4328474283218,0.0,0.0,1244.3436408676205,0.0,0.0,0.0,0.0,0.0,0.0,0.0,2886.0878197282545,0.0,0.0,0.0,0.0,0.0,0.0,0.0
20,0.0,198.41501659154886,0.0,0.0,0.0,0.0,0.0,0.0,0.0,0.0,0.0,0.0,0.0,512.9233153104782,0.0,0.0,7792.288895368574,0.0,831.6853488206863,0.0,0.0,1323.4352178052068,0.0,0.0,0.0,0.0,0.0,0.0,0.0,2956.9964029222724,0.0,0.0,0.0,0.0,0.0,0.0,0.0
21,0.0,218.7937467724085,0.0,0.0,0.0,0.0,0.0,0.0,0.0,0.0,0.0,0.0,0.0,604.4345730185507,0.0,0.0,7935.67219352722,0.0,906.3299566507338,0.0,0.0,1398.6023593202224,0.0,0.0,0.0,0.0,0.0,0.0,0.0,3018.315928260981,0.0,0.0,0.0,0.0,0.0,0.0,0.0
22,0.0,232.73377270996568,0.0,0.0,0.0,0.0,0.0,0.0,0.0,0.0,0.0,0.0,0.0,684.1951716303824,0.0,0.0,8053.248084872959,0.0,967.177920293808,0.0,0.0,1446.2205681726327,0.0,0.0,0.0,0.0,0.0,0.0,0.0,3011.133039575813,0.0,0.0,0.0,0.0,0.0,0.0,0.0
23,0.0,233.6031691342592,0.0,0.0,0.0,0.0,0.0,0.0,0.0,0.0,0.0,0.0,0.0,737.166864323616,0.0,0.0,8074.691638648508,0.0,998.9817088127136,0.0,0.0,1423.8911974444977,0.0,0.0,0.0,0.0,0.0,0.0,0.0,2820.9502094507197,0.0,0.0,0.0,0.0,0.0,0.0,0.0
24,0.0,214.52506868541235,0.0,0.0,0.0,0.0,0.0,0.0,0.0,0.0,0.0,0.0,0.0,760.7936297655106,0.0,0.0,8181.133092850445,0.0,1026.4360383510589,0.0,0.0,1685.2170126646756,0.0,0.0,0.0,0.0,0.0,0.0,0.0,2949.778076218068,0.0,0.0,0.0,0.0,0.0,0.0,0.0
25,0.0,193.57319842278952,0.0,0.0,0.0,0.0,0.0,0.0,0.0,0.0,0.0,0.0,0.0,754.7604151248931,0.0,0.0,8220.610794365404,0.0,1019.584371805191,0.0,0.0,1888.0039572715755,0.0,0.0,0.0,0.0,0.0,0.0,0.0,3035.9486932128652,0.0,0.0,0.0,0.0,0.0,0.0,0.0
26,0.0,174.03225968778125,0.0,0.0,0.0,0.0,0.0,0.0,0.0,0.0,0.0,0.0,0.0,732.031597328186,0.0,0.0,8267.372474461792,0.0,996.0133014678955,0.0,0.0,1773.4462290242313,0.0,0.0,0.0,0.0,0.0,0.0,0.0,3109.8004400491695,0.0,0.0,0.0,0.0,0.0,0.0,0.0
27,0.0,160.35461258590212,0.0,0.0,0.0,0.0,0.0,0.0,0.0,0.0,0.0,0.0,0.0,706.1386214971541,0.0,0.0,8378.313131153582,0.0,970.1838536381722,0.0,0.0,1665.2512799888846,0.0,0.0,0.0,0.0,0.0,0.0,0.0,3173.5899591535313,0.0,0.0,0.0,0.0,0.0,0.0,0.0
28,0.0,147.49987327158442,0.0,0.0,0.0,0.0,0.0,0.0,0.0,0.0,0.0,0.0,0.0,677.9986244916915,0.0,0.0,8524.893476724625,0.0,945.5775874018668,0.0,0.0,1779.150659197568,0.0,0.0,0.0,0.0,0.0,0.0,0.0,3228.688484895228,0.0,0.0,0.0,0.0,0.0,0.0,0.0
29,0.0,137.05047902762885,0.0,0.0,0.0,0.0,0.0,0.0,0.0,0.0,0.0,0.0,0.0,650.98715955019,0.0,0.0,8664.112056672571,0.0,920.9125126481056,0.0,0.0,1983.7603632375594,0.0,0.0,0.0,0.0,0.0,0.0,0.0,3276.280659624934,0.0,0.0,0.0,0.0,0.0,0.0,0.0
30,0.0,128.1044885784387,0.0,0.0,0.0,0.0,0.0,0.0,0.0,0.0,0.0,0.0,0.0,620.8190239548683,0.0,0.0,8606.10314822197,0.0,889.1527712345122,0.0,0.0,1693.8158170893787,0.0,0.0,0.0,0.0,0.0,0.0,0.0,3020.8119581222536,0.0,0.0,0.0,0.0,0.0,0.0,0.0
31,0.0,119.69007338583467,0.0,0.0,0.0,0.0,0.0,0.0,0.0,0.0,0.0,0.0,0.0,593.538640999794,0.0,0.0,8565.508424788713,0.0,866.5292768478392,0.0,0.0,1518.3145563572643,0.0,0.0,0.0,0.0,0.0,0.0,0.0,2816.0434902638185,0.0,0.0,0.0,0.0,0.0,0.0,0.0
32,0.0,112.34447599947448,0.0,0.0,0.0,0.0,0.0,0.0,0.0,0.0,0.0,0.0,0.0,565.3004561901091,0.0,0.0,8536.16793054342,0.0,850.290419268608,0.0,0.0,1524.2110869973899,0.0,0.0,0.0,0.0,0.0,0.0,0.0,2652.1209554702027,0.0,0.0,0.0,0.0,0.0,0.0,0.0
33,0.0,106.10059898346657,0.0,0.0,0.0,0.0,0.0,0.0,0.0,0.0,0.0,0.0,0.0,535.2598750710488,0.0,0.0,8488.02475258708,0.0,826.4183109760284,0.0,0.0,1567.4781975701449,0.0,0.0,0.0,0.0,0.0,0.0,0.0,2521.930352225898,0.0,0.0,0.0,0.0,0.0,0.0,0.0
34,0.0,99.33469273298975,0.0,0.0,0.0,0.0,0.0,0.0,0.0,0.0,0.0,0.0,0.0,495.4619817852973,0.0,0.0,8318.933615028856,0.0,791.9315024137497,0.0,0.0,1394.2598896667357,0.0,0.0,0.0,0.0,0.0,0.0,0.0,2520.554236088693,0.0,0.0,0.0,0.0,0.0,0.0,0.0
35,0.0,93.84580716937776,0.0,0.0,0.0,0.0,0.0,0.0,0.0,0.0,0.0,0.0,0.0,461.6397803306579,0.0,0.0,8186.334712326525,0.0,779.3556092262266,0.0,0.0,1205.544644855708,0.0,0.0,0.0,0.0,0.0,0.0,0.0,2519.4565615296347,0.0,0.0,0.0,0.0,0.0,0.0,0.0
36,0.0,89.42685463428498,0.0,0.0,0.0,0.0,0.0,0.0,0.0,0.0,0.0,0.0,0.0,435.0851801037788,0.0,0.0,8077.839680224655,0.0,790.8306211948395,0.0,0.0,1032.0060181282456,0.0,0.0,0.0,0.0,0.0,0.0,0.0,2524.3951026111827,0.0,0.0,0.0,0.0,0.0,0.0,0.0
37,0.0,86.51238604634999,0.0,0.0,0.0,0.0,0.0,0.0,0.0,0.0,0.0,0.0,0.0,416.5216772675514,0.0,0.0,7981.3759698569775,0.0,823.5923601508141,0.0,0.0,943.8128300674252,0.0,0.0,0.0,0.0,0.0,0.0,0.0,2551.1923924148077,0.0,0.0,0.0,0.0,0.0,0.0,0.0
38,0.0,84.81785138994455,0.0,0.0,0.0,0.0,0.0,0.0,0.0,0.0,0.0,0.0,0.0,405.8508598446846,0.0,0.0,7892.255356222391,0.0,866.4132604479788,0.0,0.0,944.0215822689227,0.0,0.0,0.0,0.0,0.0,0.0,0.0,2600.6470520123835,0.0,0.0,0.0,0.0,0.0,0.0,0.0
39,0.0,64.00150518268339,0.0,0.0,0.0,0.0,0.0,0.0,0.0,0.0,0.0,0.0,0.0,410.1414875507354,0.0,0.0,7905.525047659874,0.0,929.5605067014693,0.0,0.0,997.0841514743862,0.0,0.0,0.0,0.0,0.0,0.0,0.0,1989.4768282845603,0.0,0.0,0.0,0.0,0.0,0.0,0.0
40,0.0,48.56334294676779,0.0,0.0,0.0,0.0,0.0,0.0,0.0,0.0,0.0,0.0,0.0,413.2578518867492,0.0,0.0,7875.542032450438,0.0,983.0507067084311,0.0,0.0,1004.862857964634,0.0,0.0,0.0,0.0,0.0,0.0,0.0,1558.3858023256043,0.0,0.0,0.0,0.0,0.0,0.0,0.0
41,0.0,36.65967781394711,0.0,0.0,0.0,0.0,0.0,0.0,0.0,0.0,0.0,0.0,0.0,412.2432445764542,0.0,0.0,7831.381551027296,0.0,1023.352859544754,0.0,0.0,918.0573649227617,0.0,0.0,0.0,0.0,0.0,0.0,0.0,1394.0098055332894,0.0,0.0,0.0,0.0,0.0,0.0,0.0
42,0.0,27.86715843267735,0.0,0.0,0.0,0.0,0.0,0.0,0.0,0.0,0.0,0.0,0.0,418.01892919540404,0.0,0.0,7754.559068679808,0.0,1067.09453997612,0.0,0.0,849.3599521704017,0.0,0.0,0.0,0.0,0.0,0.0,0.0,1392.173175954817,0.0,0.0,0.0,0.0,0.0,0.0,0.0
43,0.0,30.252687265723893,0.0,0.0,0.0,0.0,0.0,0.0,0.0,0.0,0.0,0.0,0.0,439.504214143753,0.0,0.0,7719.335540473459,0.0,1096.2994899988175,0.0,0.0,825.5522101588547,0.0,0.0,0.0,0.0,0.0,0.0,0.0,1515.879706552623,0.0,0.0,0.0,0.0,0.0,0.0,0.0
44,0.0,29.57860203310839,0.0,0.0,0.0,0.0,0.0,0.0,0.0,0.0,0.0,0.0,0.0,465.0028247117996,0.0,0.0,7648.654345065355,0.0,1122.7920157194137,0.0,0.0,786.6184107854958,0.0,0.0,0.0,0.0,0.0,0.0,0.0,1625.8399018883697,0.0,0.0,0.0,0.0,0.0,0.0,0.0
45,0.0,30.18815517425532,0.0,0.0,0.0,0.0,0.0,0.0,0.0,0.0,0.0,0.0,0.0,487.79723554849625,0.0,0.0,7572.636958599091,0.0,1146.0039509773255,0.0,0.0,742.1504830710588,0.0,0.0,0.0,0.0,0.0,0.0,0.0,1679.6230623826384,0.0,0.0,0.0,0.0,0.0,0.0,0.0
46,0.0,30.052736328542185,0.0,0.0,0.0,0.0,0.0,0.0,0.0,0.0,0.0,0.0,0.0,503.4632566332817,0.0,0.0,7509.715798467398,0.0,1147.822983789444,0.0,0.0,700.1528402008109,0.0,0.0,0.0,0.0,0.0,0.0,0.0,1690.038766273854,0.0,0.0,0.0,0.0,0.0,0.0,0.0
47,0.0,29.866536292433725,0.0,0.0,0.0,0.0,0.0,0.0,0.0,0.0,0.0,0.0,0.0,505.7024765849113,0.0,0.0,7486.545372366905,0.0,1113.408381652832,0.0,0.0,663.5119846969841,0.0,0.0,0.0,0.0,0.0,0.0,0.0,1689.421313033998,0.0,0.0,0.0,0.0,0.0,0.0,0.0
48,0.0,24.99384610578412,0.0,0.0,0.0,0.0,0.0,0.0,0.0,0.0,0.0,0.0,0.0,496.97228058576576,0.0,0.0,7735.864508956671,0.0,1072.3448600769043,0.0,0.0,1062.5409852728244,0.0,0.0,0.0,0.0,0.0,0.0,0.0,1904.3290320739143,0.0,0.0,0.0,0.0,0.0,0.0,0.0
49,0.0,20.5567115899175,0.0,0.0,0.0,0.0,0.0,0.0,0.0,0.0,0.0,0.0,0.0,475.8319083213806,0.0,0.0,7994.845573991537,0.0,1006.0886470079422,0.0,0.0,1442.5994213908907,0.0,0.0,0.0,0.0,0.0,0.0,0.0,2080.251133242248,0.0,0.0,0.0,0.0,0.0,0.0,0.0
50,0.0,16.726487699523485,0.0,0.0,0.0,0.0,0.0,0.0,0.0,0.0,0.0,0.0,0.0,449.5315651893616,0.0,0.0,8252.198556244373,0.0,938.5614111423492,0.0,0.0,1806.1509928911921,0.0,0.0,0.0,0.0,0.0,0.0,0.0,2232.8298858195535,0.0,0.0,0.0,0.0,0.0,0.0,0.0
51,0.0,14.498933784104866,0.0,0.0,0.0,0.0,0.0,0.0,0.0,0.0,0.0,0.0,0.0,422.98907030820845,0.0,0.0,8494.910461515186,0.0,885.3994006037713,0.0,0.0,2159.6871514812105,0.0,0.0,0.0,0.0,0.0,0.0,0.0,2365.721010759471,0.0,0.0,0.0,0.0,0.0,0.0,0.0
52,0.0,13.113413893617617,0.0,0.0,0.0,0.0,0.0,0.0,0.0,0.0,0.0,0.0,0.0,402.0721537590026,0.0,0.0,8729.330268144608,0.0,857.8873296380043,0.0,0.0,2491.5430542379618,0.0,0.0,0.0,0.0,0.0,0.0,0.0,2481.4648354470714,0.0,0.0,0.0,0.0,0.0,0.0,0.0
53,0.0,12.272993960045262,0.0,0.0,0.0,0.0,0.0,0.0,0.0,0.0,0.0,0.0,0.0,380.9374306559563,0.0,0.0,8950.685741126537,0.0,819.067364859581,0.0,0.0,2624.003667989373,0.0,0.0,0.0,0.0,0.0,0.0,0.0,2582.7445241808887,0.0,0.0,0.0,0.0,0.0,0.0,0.0
54,0.0,25.033710041642113,0.0,0.0,0.0,0.0,0.0,0.0,0.0,0.0,0.0,0.0,0.0,377.10133626461027,0.0,0.0,8844.150164604185,0.0,773.6342874407767,0.0,0.0,1974.1138619408011,0.0,0.0,0.0,0.0,0.0,0.0,0.0,2337.8114010930058,0.0,0.0,0.0,0.0,0.0,0.0,0.0
55,0.0,35.811260193586264,0.0,0.0,0.0,0.0,0.0,0.0,0.0,0.0,0.0,0.0,0.0,395.32418570518496,0.0,0.0,8754.5013769567,0.0,736.1506157994269,0.0,0.0,1493.4025015756486,0.0,0.0,0.0,0.0,0.0,0.0,0.0,2165.4857164382934,0.0,0.0,0.0,0.0,0.0,0.0,0.0
56,0.0,47.491894899308654,0.0,0.0,0.0,0.0,0.0,0.0,0.0,0.0,0.0,0.0,0.0,428.2914359092712,0.0,0.0,8679.061948210001,0.0,694.3574417710304,0.0,0.0,1102.8861705422398,0.0,0.0,0.0,0.0,0.0,0.0,0.0,2079.913387224078,0.0,0.0,0.0,0.0,0.0,0.0,0.0
57,0.0,57.29777783453456,0.0,0.0,0.0,0.0,0.0,0.0,0.0,0.0,0.0,0.0,0.0,469.8240700721741,0.0,0.0,8615.772855371237,0.0,658.1220283389091,0.0,0.0,815.7353313401334,0.0,0.0,0.0,0.0,0.0,0.0,0.0,2131.0690717354405,0.0,0.0,0.0,0.0,0.0,0.0,0.0
58,0.0,62.10395798832178,0.0,0.0,0.0,0.0,0.0,0.0,0.0,0.0,0.0,0.0,0.0,496.31832290887826,0.0,0.0,8467.068923562765,0.0,604.0676341176033,0.0,0.0,652.0247098177663,0.0,0.0,0.0,0.0,0.0,0.0,0.0,2161.628034937381,0.0,0.0,0.0,0.0,0.0,0.0,0.0
59,0.0,66.56037918627261,0.0,0.0,0.0,0.0,0.0,0.0,0.0,0.0,0.0,0.0,0.0,524.8860421299934,0.0,0.0,8345.224857240913,0.0,548.0266739487648,0.0,0.0,533.7113720308982,0.0,0.0,0.0,0.0,0.0,0.0,0.0,2189.7097721248847,0.0,0.0,0.0,0.0,0.0,0.0,0.0
60,0.0,70.79834306985136,0.0,0.0,0.0,0.0,0.0,0.0,0.0,0.0,0.0,0.0,0.0,556.258749294281,0.0,0.0,8225.928316533564,0.0,493.5943520069122,0.0,0.0,443.1008062284435,0.0,0.0,0.0,0.0,0.0,0.0,0.0,2223.7454581230877,0.0,0.0,0.0,0.0,0.0,0.0,0.0
61,0.0,74.79154021292923,0.0,0.0,0.0,0.0,0.0,0.0,0.0,0.0,0.0,0.0,0.0,588.1339179754257,0.0,0.0,8110.757600516079,0.0,440.83226310014726,0.0,0.0,374.10279181972084,0.0,0.0,0.0,0.0,0.0,0.0,0.0,2257.055026343463,0.0,0.0,0.0,0.0,0.0,0.0,0.0
62,0.0,79.42934985905879,0.0,0.0,0.0,0.0,0.0,0.0,0.0,0.0,0.0,0.0,0.0,619.2121962308884,0.0,0.0,8001.633271247147,0.0,389.2482415914535,0.0,0.0,318.7932602394368,0.0,0.0,0.0,0.0,0.0,0.0,0.0,2288.5722625091657,0.0,0.0,0.0,0.0,0.0,0.0,0.0
63,0.0,66.64237257242198,0.0,0.0,0.0,0.0,0.0,0.0,0.0,0.0,0.0,0.0,0.0,656.2848175168036,0.0,0.0,7876.6855019629,0.0,354.57635219097136,0.0,0.0,325.5475822862234,0.0,0.0,0.0,0.0,0.0,0.0,0.0,1983.5107654571516,0.0,0.0,0.0,0.0,0.0,0.0,0.0
64,0.0,55.2699460253119,0.0,0.0,0.0,0.0,0.0,0.0,0.0,0.0,0.0,0.0,0.0,689.4005599617957,0.0,0.0,7742.242268502712,0.0,311.3146547853945,0.0,0.0,250.23996068201882,0.0,0.0,0.0,0.0,0.0,0.0,0.0,1837.684944374857,0.0,0.0,0.0,0.0,0.0,0.0,0.0
65,0.0,46.65664952695365,0.0,0.0,0.0,0.0,0.0,0.0,0.0,0.0,0.0,0.0,0.0,711.9969363093376,0.0,0.0,7594.6117978692055,0.0,248.5744144558905,0.0,0.0,219.1394022300833,0.0,0.0,0.0,0.0,0.0,0.0,0.0,1790.6227126747347,0.0,0.0,0.0,0.0,0.0,0.0,0.0
66,0.0,43.3996463790535,0.0,0.0,0.0,0.0,0.0,0.0,0.0,0.0,0.0,0.0,0.0,734.068254494667,0.0,0.0,7462.015228778122,0.0,196.14937779307348,0.0,0.0,207.43705505914917,0.0,0.0,0.0,0.0,0.0,0.0,0.0,1781.4869360119098,0.0,0.0,0.0,0.0,0.0,0.0,0.0
67,0.0,51.61328649222843,0.0,0.0,0.0,0.0,0.0,0.0,0.0,0.0,0.0,0.0,0.0,760.2221677780151,0.0,0.0,7502.047551900148,0.0,140.2803525060415,0.0,0.0,241.78061453550973,0.0,0.0,0.0,0.0,0.0,0.0,0.0,1908.7833740994324,0.0,0.0,0.0,0.0,0.0,0.0,0.0
68,0.0,64.38782799839969,0.0,0.0,0.0,0.0,0.0,0.0,0.0,0.0,0.0,0.0,0.0,778.8020800828933,0.0,0.0,7493.911805212498,0.0,90.75298401117308,0.0,0.0,252.36457065157563,0.0,0.0,0.0,0.0,0.0,0.0,0.0,2020.7989745393381,0.0,0.0,0.0,0.0,0.0,0.0,0.0
69,0.0,75.76536072045562,0.0,0.0,0.0,0.0,0.0,0.0,0.0,0.0,0.0,0.0,0.0,790.207288479805,0.0,0.0,7450.562642633915,0.0,46.23425454497326,0.0,0.0,255.62641841210362,0.0,0.0,0.0,0.0,0.0,0.0,0.0,2100.456047473848,0.0,0.0,0.0,0.0,0.0,0.0,0.0
70,0.0,83.21685512512917,0.0,0.0,0.0,0.0,0.0,0.0,0.0,0.0,0.0,0.0,0.0,793.319348692894,0.0,0.0,7423.678663164375,0.0,18.228913800418336,0.0,0.0,256.6797920119012,0.0,0.0,0.0,0.0,0.0,0.0,0.0,2131.311894488334,0.0,0.0,0.0,0.0,0.0,0.0,0.0
71,0.0,85.34261607527728,0.0,0.0,0.0,0.0,0.0,0.0,0.0,0.0,0.0,0.0,0.0,787.3046955823899,0.0,0.0,7461.049891591072,0.0,14.601922940462657,0.0,0.0,269.00536819919927,0.0,0.0,0.0,0.0,0.0,0.0,0.0,2082.721127007901,0.0,0.0,0.0,0.0,0.0,0.0,0.0
72,0.0,97.14372284263366,0.0,0.0,0.0,0.0,0.0,0.0,0.0,0.0,0.0,0.0,0.0,768.8487958192825,0.0,0.0,7753.4817181527615,0.0,24.618291377648568,0.0,0.0,747.1390400312833,0.0,0.0,0.0,0.0,0.0,0.0,0.0,2302.7592225283365,0.0,0.0,0.0,0.0,0.0,0.0,0.0
73,0.0,99.9216222926974,0.0,0.0,0.0,0.0,0.0,0.0,0.0,0.0,0.0,0.0,0.0,742.1050831913948,0.0,0.0,8042.514250993727,0.0,37.44555281400674,0.0,0.0,1087.587767726182,0.0,0.0,0.0,0.0,0.0,0.0,0.0,2494.6927992776036,0.0,0.0,0.0,0.0,0.0,0.0,0.0
74,0.0,98.88976814299815,0.0,0.0,0.0,0.0,0.0,0.0,0.0,0.0,0.0,0.0,0.0,708.9059483647346,0.0,0.0,8282.948551684616,0.0,46.53400309979909,0.0,0.0,1351.2676840960978,0.0,0.0,0.0,0.0,0.0,0.0,0.0,2662.3493441179385,0.0,0.0,0.0,0.0,0.0,0.0,0.0
75,0.0,98.8057827875018,0.0,0.0,0.0,0.0,0.0,0.0,0.0,0.0,0.0,0.0,0.0,670.0764827370643,0.0,0.0,8427.957599014042,0.0,44.59027637094244,0.0,0.0,1664.0656764775513,0.0,0.0,0.0,0.0,0.0,0.0,0.0,2807.7945681080223,0.0,0.0,0.0,0.0,0.0,0.0,0.0
76,0.0,96.21788494884967,0.0,0.0,0.0,0.0,0.0,0.0,0.0,0.0,0.0,0.0,0.0,627.4237454175948,0.0,0.0,8520.534290909765,0.0,36.881366010010176,0.0,0.0,2036.747545498609,0.0,0.0,0.0,0.0,0.0,0.0,0.0,2932.4902895331365,0.0,0.0,0.0,0.0,0.0,0.0,0.0
77,0.0,95.0540277600288,0.0,0.0,0.0,0.0,0.0,0.0,0.0,0.0,0.0,0.0,0.0,580.7879010081291,0.0,0.0,8539.964716047049,0.0,19.707932082191085,0.0,0.0,2442.439207890629,0.0,0.0,0.0,0.0,0.0,0.0,0.0,3041.005119949579,0.0,0.0,0.0,0.0,0.0,0.0,0.0
78,0.0,101.96419046670198,0.0,0.0,0.0,0.0,0.0,0.0,0.0,0.0,0.0,0.0,0.0,532.1951602101326,0.0,0.0,8269.613519132137,0.0,14.275953797437088,0.0,0.0,1940.3238591089844,0.0,0.0,0.0,0.0,0.0,0.0,0.0,2971.7519985020144,0.0,0.0,0.0,0.0,0.0,0.0,0.0
79,0.0,110.16073751896613,0.0,0.0,0.0,0.0,0.0,0.0,0.0,0.0,0.0,0.0,0.0,481.64346063137054,0.0,0.0,8025.007499396801,0.0,14.043915439955853,0.0,0.0,1454.8092301771042,0.0,0.0,0.0,0.0,0.0,0.0,0.0,2924.113718186317,0.0,0.0,0.0,0.0,0.0,0.0,0.0
80,0.0,116.50619795769451,0.0,0.0,0.0,0.0,0.0,0.0,0.0,0.0,0.0,0.0,0.0,424.5748705983161,0.0,0.0,7800.355411589144,0.0,14.063569534011158,0.0,0.0,1051.07301126793,0.0,0.0,0.0,0.0,0.0,0.0,0.0,2899.2230299681405,0.0,0.0,0.0,0.0,0.0,0.0,0.0
81,0.0,121.88659834563732,0.0,0.0,0.0,0.0,0.0,0.0,0.0,0.0,0.0,0.0,0.0,360.40878186225893,0.0,0.0,7596.901848375795,0.0,14.175525063462404,0.0,0.0,777.9988673821084,0.0,0.0,0.0,0.0,0.0,0.0,0.0,2889.301650281249,0.0,0.0,0.0,0.0,0.0,0.0,0.0
82,0.0,120.8196041733026,0.0,0.0,0.0,0.0,0.0,0.0,0.0,0.0,0.0,0.0,0.0,274.75449392795554,0.0,0.0,7346.612707376478,0.0,13.995373958907935,0.0,0.0,680.3367460682983,0.0,0.0,0.0,0.0,0.0,0.0,0.0,2748.1502123936993,0.0,0.0,0.0,0.0,0.0,0.0,0.0
83,0.0,119.7323676645755,0.0,0.0,0.0,0.0,0.0,0.0,0.0,0.0,0.0,0.0,0.0,196.1563896000385,0.0,0.0,7124.5695969462395,0.0,13.734663114510363,0.0,0.0,571.6908756259828,0.0,0.0,0.0,0.0,0.0,0.0,0.0,2610.9177493154984,0.0,0.0,0.0,0.0,0.0,0.0,0.0
84,0.0,118.77970131039619,0.0,0.0,0.0,0.0,0.0,0.0,0.0,0.0,0.0,0.0,0.0,124.03307602405548,0.0,0.0,6928.814617246388,0.0,13.640215457230614,0.0,0.0,468.200874232873,0.0,0.0,0.0,0.0,0.0,0.0,0.0,2500.2647045463323,0.0,0.0,0.0,0.0,0.0,0.0,0.0
85,0.0,117.81262824833391,0.0,0.0,0.0,0.0,0.0,0.0,0.0,0.0,0.0,0.0,0.0,60.3686305731534,0.0,0.0,6755.539314717054,0.0,13.633111712895264,0.0,0.0,407.9059268150475,0.0,0.0,0.0,0.0,0.0,0.0,0.0,2434.027250035106,0.0,0.0,0.0,0.0,0.0,0.0,0.0
86,0.0,116.45909209102386,0.0,0.0,0.0,0.0,0.0,0.0,0.0,0.0,0.0,0.0,0.0,23.129838197678243,0.0,0.0,6632.549445271492,0.0,13.740487647615279,0.0,0.0,394.32072258666096,0.0,0.0,0.0,0.0,0.0,0.0,0.0,2400.797055745125,0.0,0.0,0.0,0.0,0.0,0.0,0.0
87,0.0,106.2238345518708,0.0,0.0,0.0,0.0,0.0,0.0,0.0,0.0,0.0,0.0,0.0,22.716947832703557,0.0,0.0,6199.451421916484,0.0,14.149349863640895,0.0,0.0,345.02591111809016,0.0,0.0,0.0,0.0,0.0,0.0,0.0,2053.949433286487,0.0,0.0,0.0,0.0,0.0,0.0,0.0
88,0.0,81.86304542273281,0.0,0.0,0.0,0.0,0.0,0.0,0.0,0.0,0.0,0.0,0.0,22.793006952851865,0.0,0.0,5836.079758033156,0.0,14.695942650176567,0.0,0.0,334.268020064011,0.0,0.0,0.0,0.0,0.0,0.0,0.0,1770.456490974126,0.0,0.0,0.0,0.0,0.0,0.0,0.0
89,0.0,64.41257330775261,0.0,0.0,0.0,0.0,0.0,0.0,0.0,0.0,0.0,0.0,0.0,23.061356127262115,0.0,0.0,5458.398389965295,0.0,16.438077360391567,0.0,0.0,322.1807907521718,0.0,0.0,0.0,0.0,0.0,0.0,0.0,1610.0099557518943,0.0,0.0,0.0,0.0,0.0,0.0,0.0
90,0.0,51.88222339600322,0.0,0.0,0.0,0.0,0.0,0.0,0.0,0.0,0.0,0.0,0.0,23.394998510181853,0.0,0.0,5158.562014907597,0.0,27.21066249310955,0.0,0.0,308.99155720621343,0.0,0.0,0.0,0.0,0.0,0.0,0.0,1538.4965757533892,0.0,0.0,0.0,0.0,0.0,0.0,0.0
91,0.0,49.872059793770276,0.0,0.0,0.0,0.0,0.0,0.0,0.0,0.0,0.0,0.0,0.0,24.209167075157033,0.0,0.0,5123.823877841232,0.0,34.21279243901358,0.0,0.0,375.28620032966074,0.0,0.0,0.0,0.0,0.0,0.0,0.0,1645.1138448953623,0.0,0.0,0.0,0.0,0.0,0.0,0.0
92,0.0,54.848995207250056,0.0,0.0,0.0,0.0,0.0,0.0,0.0,0.0,0.0,0.0,0.0,27.604806220531366,0.0,0.0,5094.075390562414,0.0,49.99783663451654,0.0,0.0,397.34089312478875,0.0,0.0,0.0,0.0,0.0,0.0,0.0,1717.8843705385916,0.0,0.0,0.0,0.0,0.0,0.0,0.0
93,0.0,60.46824253946543,0.0,0.0,0.0,0.0,0.0,0.0,0.0,0.0,0.0,0.0,0.0,35.03241377845401,0.0,0.0,5110.951289251445,0.0,72.48814484626052,0.0,0.0,413.3383660398419,0.0,0.0,0.0,0.0,0.0,0.0,0.0,1760.9996024653294,0.0,0.0,0.0,0.0,0.0,0.0,0.0
94,0.0,67.65679699033493,0.0,0.0,0.0,0.0,0.0,0.0,0.0,0.0,0.0,0.0,0.0,49.73041351884592,0.0,0.0,5108.218241542577,0.0,95.26060944795593,0.0,0.0,420.52476275749416,0.0,0.0,0.0,0.0,0.0,0.0,0.0,1821.78791913092,0.0,0.0,0.0,0.0,0.0,0.0,0.0
95,0.0,76.68286601006982,0.0,0.0,0.0,0.0,0.0,0.0,0.0,0.0,0.0,0.0,0.0,73.31126271188258,0.0,0.0,5059.346976876257,0.0,109.49748014658672,0.0,0.0,422.4262773267925,0.0,0.0,0.0,0.0,0.0,0.0,0.0,1924.6939598098384,0.0,0.0,0.0,0.0,0.0,0.0,0.0
96,0.0,94.20048993676892,0.0,0.0,0.0,0.0,0.0,0.0,0.0,0.0,0.0,0.0,0.0,106.06941548585883,0.0,0.0,5283.379101961849,0.0,133.88231779038887,0.0,0.0,761.4056408129628,0.0,0.0,0.0,0.0,0.0,0.0,0.0,2345.5039825111617,0.0,0.0,0.0,0.0,0.0,0.0,0.0
97,0.0,109.18047818094492,0.0,0.0,0.0,0.0,0.0,0.0,0.0,0.0,0.0,0.0,0.0,144.1884094059467,0.0,0.0,5530.4560270756465,0.0,140.01162366569042,0.0,0.0,1099.6409745164212,0.0,0.0,0.0,0.0,0.0,0.0,0.0,2771.327942487597,0.0,0.0,0.0,0.0,0.0,0.0,0.0
98,0.0,121.5615426152944,0.0,0.0,0.0,0.0,0.0,0.0,0.0,0.0,0.0,0.0,0.0,183.2191151976585,0.0,0.0,5784.8803272098285,0.0,132.28615858852845,0.0,0.0,1453.207787436247,0.0,0.0,0.0,0.0,0.0,0.0,0.0,3188.670282703638,0.0,0.0,0.0,0.0,0.0,0.0,0.0
99,0.0,131.04107223451132,0.0,0.0,0.0,0.0,0.0,0.0,0.0,0.0,0.0,0.0,0.0,219.9737245678901,0.0,0.0,6021.074067324398,0.0,114.87495439946643,0.0,0.0,1820.1806849017737,0.0,0.0,0.0,0.0,0.0,0.0,0.0,3499.8880507260546,0.0,0.0,0.0,0.0,0.0,0.0,0.0
100,0.0,139.80419428646562,0.0,0.0,0.0,0.0,0.0,0.0,0.0,0.0,0.0,0.0,0.0,254.692057865858,0.0,0.0,6244.319376483558,0.0,94.01112853139635,0.0,0.0,2169.645191596448,0.0,0.0,0.0,0.0,0.0,0.0,0.0,3851.062546825409,0.0,0.0,0.0,0.0,0.0,0.0,0.0
101,0.0,148.03697554171083,0.0,0.0,0.0,0.0,0.0,0.0,0.0,0.0,0.0,0.0,0.0,279.5637011945247,0.0,0.0,6470.058538198469,0.0,82.0699908867478,0.0,0.0,2449.742204596101,0.0,0.0,0.0,0.0,0.0,0.0,0.0,4049.8759810358274,0.0,0.0,0.0,0.0,0.0,0.0,0.0
102,0.0,138.12394008636468,0.0,0.0,0.0,0.0,0.0,0.0,0.0,0.0,0.0,0.0,0.0,301.8342644035816,0.0,0.0,6332.344748571513,0.0,65.3850822627544,0.0,0.0,1958.211606672406,0.0,0.0,0.0,0.0,0.0,0.0,0.0,4153.053411850332,0.0,0.0,0.0,0.0,0.0,0.0,0.0
103,0.0,134.46961620748039,0.0,0.0,0.0,0.0,0.0,0.0,0.0,0.0,0.0,0.0,0.0,317.99494578242303,0.0,0.0,6199.576270118354,0.0,55.62975257784122,0.0,0.0,1616.1098915487523,0.0,0.0,0.0,0.0,0.0,0.0,0.0,4295.712411996722,0.0,0.0,0.0,0.0,0.0,0.0,0.0
104,0.0,123.28555000126359,0.0,0.0,0.0,0.0,0.0,0.0,0.0,0.0,0.0,0.0,0.0,326.00624116659156,0.0,0.0,6080.717281520367,0.0,48.3500940039752,0.0,0.0,1335.8393977493038,0.0,0.0,0.0,0.0,0.0,0.0,0.0,4486.662945330142,0.0,0.0,0.0,0.0,0.0,0.0,0.0
105,0.0,115.47657425254576,0.0,0.0,0.0,0.0,0.0,0.0,0.0,0.0,0.0,0.0,0.0,319.67007904052724,0.0,0.0,5974.922237634658,0.0,32.33342087268829,0.0,0.0,1129.4832294970743,0.0,0.0,0.0,0.0,0.0,0.0,0.0,4690.438063818215,0.0,0.0,0.0,0.0,0.0,0.0,0.0
106,0.0,111.51433680206534,0.0,0.0,0.0,0.0,0.0,0.0,0.0,0.0,0.0,0.0,0.0,278.5443189978598,0.0,0.0,6072.073585450648,0.0,14.2914275292306,0.0,0.0,990.2128131464116,0.0,0.0,0.0,0.0,0.0,0.0,0.0,4605.9588890075665,0.0,0.0,0.0,0.0,0.0,0.0,0.0
107,0.0,106.93190250098698,0.0,0.0,0.0,0.0,0.0,0.0,0.0,0.0,0.0,0.0,0.0,227.20182650089262,0.0,0.0,6147.998405337333,0.0,13.96350761223568,0.0,0.0,873.6010177329182,0.0,0.0,0.0,0.0,0.0,0.0,0.0,4551.135550332068,0.0,0.0,0.0,0.0,0.0,0.0,0.0
108,0.0,103.11909782141439,0.0,0.0,0.0,0.0,0.0,0.0,0.0,0.0,0.0,0.0,0.0,175.77766775488854,0.0,0.0,6204.880568489431,0.0,14.081717474944798,0.0,0.0,804.1249093137676,0.0,0.0,0.0,0.0,0.0,0.0,0.0,4525.047020909188,0.0,0.0,0.0,0.0,0.0,0.0,0.0
109,0.0,101.08104664832351,0.0,0.0,0.0,0.0,0.0,0.0,0.0,0.0,0.0,0.0,0.0,122.19091141223898,0.0,0.0,6244.224476292728,0.0,14.592998103238491,0.0,0.0,759.5859089680016,0.0,0.0,0.0,0.0,0.0,0.0,0.0,4504.433303815126,0.0,0.0,0.0,0.0,0.0,0.0,0.0
110,0.0,99.84791942685837,0.0,0.0,0.0,0.0,0.0,0.0,0.0,0.0,0.0,0.0,0.0,67.25392704904077,0.0,0.0,6282.813071921466,0.0,17.125199976190864,0.0,0.0,773.3197299286721,0.0,0.0,0.0,0.0,0.0,0.0,0.0,4459.443292197584,0.0,0.0,0.0,0.0,0.0,0.0,0.0
111,0.0,90.73391618281597,0.0,0.0,0.0,0.0,0.0,0.0,0.0,0.0,0.0,0.0,0.0,25.51011064648621,0.0,0.0,5938.107186555861,0.0,38.86614606380448,0.0,0.0,833.9432463482015,0.0,0.0,0.0,0.0,0.0,0.0,0.0,4163.070438027381,0.0,0.0,0.0,0.0,0.0,0.0,0.0
112,0.0,76.28857531696552,0.0,0.0,0.0,0.0,0.0,0.0,0.0,0.0,0.0,0.0,0.0,22.80321803614483,0.0,0.0,5609.258189633487,0.0,73.4875858187674,0.0,0.0,956.0006131500002,0.0,0.0,0.0,0.0,0.0,0.0,0.0,3654.3750321447833,0.0,0.0,0.0,0.0,0.0,0.0,0.0
113,0.0,63.9017804637551,0.0,0.0,0.0,0.0,0.0,0.0,0.0,0.0,0.0,0.0,0.0,22.890373723208867,0.0,0.0,5296.171958833931,0.0,111.10456220060583,0.0,0.0,1075.2209784954787,0.0,0.0,0.0,0.0,0.0,0.0,0.0,3165.0457804411635,0.0,0.0,0.0,0.0,0.0,0.0,0.0
114,0.0,55.50855449438095,0.0,0.0,0.0,0.0,0.0,0.0,0.0,0.0,0.0,0.0,0.0,23.29953580982982,0.0,0.0,5009.365691125393,0.0,159.40310982763765,0.0,0.0,1208.1560153067105,0.0,0.0,0.0,0.0,0.0,0.0,0.0,2758.6266671746966,0.0,0.0,0.0,0.0,0.0,0.0,0.0
115,0.0,50.70867990553378,0.0,0.0,0.0,0.0,0.0,0.0,0.0,0.0,0.0,0.0,0.0,25.104511510580757,0.0,0.0,5197.639891028404,0.0,198.5373474419116,0.0,0.0,1274.9774587646125,0.0,0.0,0.0,0.0,0.0,0.0,0.0,2748.3411437615746,0.0,0.0,0.0,0.0,0.0,0.0,0.0
116,0.0,46.55515728592867,0.0,0.0,0.0,0.0,0.0,0.0,0.0,0.0,0.0,0.0,0.0,32.722845515608725,0.0,0.0,5408.729030251503,0.0,242.9532953888178,0.0,0.0,1331.6510323315858,0.0,0.0,0.0,0.0,0.0,0.0,0.0,2718.523305253684,0.0,0.0,0.0,0.0,0.0,0.0,0.0
117,0.0,42.546410156786436,0.0,0.0,0.0,0.0,0.0,0.0,0.0,0.0,0.0,0.0,0.0,45.15231187343595,0.0,0.0,5619.516744688151,0.0,286.5763657987117,0.0,0.0,1374.4864088371396,0.0,0.0,0.0,0.0,0.0,0.0,0.0,2664.919323723018,0.0,0.0,0.0,0.0,0.0,0.0,0.0
118,0.0,38.95339544713495,0.0,0.0,0.0,0.0,0.0,0.0,0.0,0.0,0.0,0.0,0.0,64.35590728223313,0.0,0.0,5781.251172780991,0.0,326.85960742831213,0.0,0.0,1400.2298393189906,0.0,0.0,0.0,0.0,0.0,0.0,0.0,2649.0244681537138,0.0,0.0,0.0,0.0,0.0,0.0,0.0
119,0.0,36.16515388861291,0.0,0.0,0.0,0.0,0.0,0.0,0.0,0.0,0.0,0.0,0.0,89.92886484861364,0.0,0.0,5861.8564389646035,0.0,358.633013522625,0.0,0.0,1463.8956276699898,0.0,0.0,0.0,0.0,0.0,0.0,0.0,2698.1043164581056,0.0,0.0,0.0,0.0,0.0,0.0,0.0
120,0.0,46.540035152435216,0.0,0.0,0.0,0.0,0.0,0.0,0.0,0.0,0.0,0.0,0.0,115.458131083846,0.0,0.0,5987.510514587164,0.0,405.08012288808806,0.0,0.0,1792.2417988881466,0.0,0.0,0.0,0.0,0.0,0.0,0.0,3113.858816453814,0.0,0.0,0.0,0.0,0.0,0.0,0.0
121,0.0,54.746920806169484,0.0,0.0,0.0,0.0,0.0,0.0,0.0,0.0,0.0,0.0,0.0,140.00386039614665,0.0,0.0,6124.627677604555,0.0,434.9782071709632,0.0,0.0,2230.925997398793,0.0,0.0,0.0,0.0,0.0,0.0,0.0,3568.5828425675627,0.0,0.0,0.0,0.0,0.0,0.0,0.0
122,0.0,62.96688051223751,0.0,0.0,0.0,0.0,0.0,0.0,0.0,0.0,0.0,0.0,0.0,159.23261923193928,0.0,0.0,6297.778131932018,0.0,449.8035854339599,0.0,0.0,2645.6015734255316,0.0,0.0,0.0,0.0,0.0,0.0,0.0,4071.801266446709,0.0,0.0,0.0,0.0,0.0,0.0,0.0
123,0.0,73.40315861999986,0.0,0.0,0.0,0.0,0.0,0.0,0.0,0.0,0.0,0.0,0.0,166.82941861152645,0.0,0.0,6472.65273603797,0.0,451.8097146987914,0.0,0.0,3016.487174409628,0.0,0.0,0.0,0.0,0.0,0.0,0.0,4564.714459034801,0.0,0.0,0.0,0.0,0.0,0.0,0.0
124,0.0,81.40168708562845,0.0,0.0,0.0,0.0,0.0,0.0,0.0,0.0,0.0,0.0,0.0,173.66719039678574,0.0,0.0,6662.354328155518,0.0,444.1580863237381,0.0,0.0,3217.1321004152296,0.0,0.0,0.0,0.0,0.0,0.0,0.0,5103.123197430372,0.0,0.0,0.0,0.0,0.0,0.0,0.0
125,0.0,87.97912077158685,0.0,0.0,0.0,0.0,0.0,0.0,0.0,0.0,0.0,0.0,0.0,174.94490963816637,0.0,0.0,6860.568934112787,0.0,452.5884236514568,0.0,0.0,3343.0961155593395,0.0,0.0,0.0,0.0,0.0,0.0,0.0,5614.543353042005,0.0,0.0,0.0,0.0,0.0,0.0,0.0
126,0.0,78.3187287524342,0.0,0.0,0.0,0.0,0.0,0.0,0.0,0.0,0.0,0.0,0.0,175.01879708170878,0.0,0.0,6756.395750045775,0.0,476.43945691585543,0.0,0.0,2942.5592247158283,0.0,0.0,0.0,0.0,0.0,0.0,0.0,5759.2599279671895,0.0,0.0,0.0,0.0,0.0,0.0,0.0
127,0.0,74.65087491273879,0.0,0.0,0.0,0.0,0.0,0.0,0.0,0.0,0.0,0.0,0.0,181.6363636612892,0.0,0.0,6603.265735566616,0.0,506.7873789310455,0.0,0.0,2534.5449480906123,0.0,0.0,0.0,0.0,0.0,0.0,0.0,5821.837322175502,0.0,0.0,0.0,0.0,0.0,0.0,0.0
128,0.0,73.53612958788871,0.0,0.0,0.0,0.0,0.0,0.0,0.0,0.0,0.0,0.0,0.0,196.35085973739615,0.0,0.0,6404.432722628116,0.0,540.2251787066459,0.0,0.0,2131.483351506293,0.0,0.0,0.0,0.0,0.0,0.0,0.0,5825.086048328874,0.0,0.0,0.0,0.0,0.0,0.0,0.0
129,0.0,71.96788859367369,0.0,0.0,0.0,0.0,0.0,0.0,0.0,0.0,0.0,0.0,0.0,216.31264209151266,0.0,0.0,6176.228100627659,0.0,573.7951790809632,0.0,0.0,1676.5970151230688,0.0,0.0,0.0,0.0,0.0,0.0,0.0,5794.999893391131,0.0,0.0,0.0,0.0,0.0,0.0,0.0
130,0.0,78.81258284300559,0.0,0.0,0.0,0.0,0.0,0.0,0.0,0.0,0.0,0.0,0.0,218.75839269161224,0.0,0.0,6001.296323046087,0.0,575.5246948957442,0.0,0.0,1489.4079017981883,0.0,0.0,0.0,0.0,0.0,0.0,0.0,5641.295079678296,0.0,0.0,0.0,0.0,0.0,0.0,0.0
131,0.0,85.86089984625573,0.0,0.0,0.0,0.0,0.0,0.0,0.0,0.0,0.0,0.0,0.0,222.86134270429602,0.0,0.0,5884.707549259065,0.0,571.9221396565438,0.0,0.0,1300.5847991600633,0.0,0.0,0.0,0.0,0.0,0.0,0.0,5491.909364938735,0.0,0.0,0.0,0.0,0.0,0.0,0.0
132,0.0,92.62231715172526,0.0,0.0,0.0,0.0,0.0,0.0,0.0,0.0,0.0,0.0,0.0,226.03780784010888,0.0,0.0,5806.25620625913,0.0,566.585978090763,0.0,0.0,1160.1650346659121,0.0,0.0,0.0,0.0,0.0,0.0,0.0,5349.988415780663,0.0,0.0,0.0,0.0,0.0,0.0,0.0
133,0.0,101.84675545692443,0.0,0.0,0.0,0.0,0.0,0.0,0.0,0.0,0.0,0.0,0.0,234.3497193098068,0.0,0.0,5750.090461760759,0.0,564.2160896897315,0.0,0.0,1048.3736136920747,0.0,0.0,0.0,0.0,0.0,0.0,0.0,5214.9966841816895,0.0,0.0,0.0,0.0,0.0,0.0,0.0
134,0.0,124.67371416091916,0.0,0.0,0.0,0.0,0.0,0.0,0.0,0.0,0.0,0.0,0.0,247.6434513092041,0.0,0.0,5703.325670182703,0.0,570.4237081170082,0.0,0.0,990.2873675040895,0.0,0.0,0.0,0.0,0.0,0.0,0.0,5087.229245892167,0.0,0.0,0.0,0.0,0.0,0.0,0.0
135,0.0,122.59585165679452,0.0,0.0,0.0,0.0,0.0,0.0,0.0,0.0,0.0,0.0,0.0,278.601909059286,0.0,0.0,5427.241568297146,0.0,606.8456251740456,0.0,0.0,903.905282662063,0.0,0.0,0.0,0.0,0.0,0.0,0.0,4396.896996659038,0.0,0.0,0.0,0.0,0.0,0.0,0.0
136,0.0,121.77276150584218,0.0,0.0,0.0,0.0,0.0,0.0,0.0,0.0,0.0,0.0,0.0,312.72015346884723,0.0,0.0,5118.8031132370215,0.0,663.7686538219452,0.0,0.0,864.8521963164202,0.0,0.0,0.0,0.0,0.0,0.0,0.0,3861.2119231551883,0.0,0.0,0.0,0.0,0.0,0.0,0.0
137,0.0,122.71124559938904,0.0,0.0,0.0,0.0,0.0,0.0,0.0,0.0,0.0,0.0,0.0,342.1594575822353,0.0,0.0,4799.227109551428,0.0,726.2548377990722,0.0,0.0,853.1600294105701,0.0,0.0,0.0,0.0,0.0,0.0,0.0,3527.075881963968,0.0,0.0,0.0,0.0,0.0,0.0,0.0
138,0.0,129.6554611623287,0.0,0.0,0.0,0.0,0.0,0.0,0.0,0.0,0.0,0.0,0.0,372.9264042794703,0.0,0.0,4542.240115329623,0.0,795.356861424446,0.0,0.0,970.4133707486086,0.0,0.0,0.0,0.0,0.0,0.0,0.0,3363.120440438388,0.0,0.0,0.0,0.0,0.0,0.0,0.0
139,0.0,155.08007414638988,0.0,0.0,0.0,0.0,0.0,0.0,0.0,0.0,0.0,0.0,0.0,412.664151930809,0.0,0.0,4503.089119389653,0.0,848.8692331910132,0.0,0.0,1087.8628997974097,0.0,0.0,0.0,0.0,0.0,0.0,0.0,3457.2651541352266,0.0,0.0,0.0,0.0,0.0,0.0,0.0
140,0.0,185.55316510498517,0.0,0.0,0.0,0.0,0.0,0.0,0.0,0.0,0.0,0.0,0.0,454.00641832351687,0.0,0.0,4453.237349063156,0.0,898.3731998085974,0.0,0.0,1158.641400939971,0.0,0.0,0.0,0.0,0.0,0.0,0.0,3543.905324882267,0.0,0.0,0.0,0.0,0.0,0.0,0.0
141,0.0,217.02846914827825,0.0,0.0,0.0,0.0,0.0,0.0,0.0,0.0,0.0,0.0,0.0,494.4655773282051,0.0,0.0,4402.8259009718895,0.0,944.9605129480361,0.0,0.0,1203.3149775780735,0.0,0.0,0.0,0.0,0.0,0.0,0.0,3611.2017614215606,0.0,0.0,0.0,0.0,0.0,0.0,0.0
142,0.0,248.5810812413692,0.0,0.0,0.0,0.0,0.0,0.0,0.0,0.0,0.0,0.0,0.0,536.6311865687369,0.0,0.0,4347.273118361829,0.0,976.6012738227844,0.0,0.0,1228.9255726307626,0.0,0.0,0.0,0.0,0.0,0.0,0.0,3672.566669121383,0.0,0.0,0.0,0.0,0.0,0.0,0.0
143,0.0,276.98561022877686,0.0,0.0,0.0,0.0,0.0,0.0,0.0,0.0,0.0,0.0,0.0,581.1837906479834,0.0,0.0,4289.292213246225,0.0,983.2841622948647,0.0,0.0,1225.4314331710334,0.0,0.0,0.0,0.0,0.0,0.0,0.0,3739.069004744291,0.0,0.0,0.0,0.0,0.0,0.0,0.0
144,0.0,323.8698071837425,0.0,0.0,0.0,0.0,0.0,0.0,0.0,0.0,0.0,0.0,0.0,626.8702172756196,0.0,0.0,4344.01889747381,0.0,985.9537251472473,0.0,0.0,1500.8028352394695,0.0,0.0,0.0,0.0,0.0,0.0,0.0,4391.421099492906,0.0,0.0,0.0,0.0,0.0,0.0,0.0
145,0.0,366.4867569029331,0.0,0.0,0.0,0.0,0.0,0.0,0.0,0.0,0.0,0.0,0.0,673.4838237166404,0.0,0.0,4407.354273602365,0.0,965.3208872199058,0.0,0.0,1833.103490692377,0.0,0.0,0.0,0.0,0.0,0.0,0.0,5044.935055008531,0.0,0.0,0.0,0.0,0.0,0.0,0.0
146,0.0,404.6269098222255,0.0,0.0,0.0,0.0,0.0,0.0,0.0,0.0,0.0,0.0,0.0,718.0172385811805,0.0,0.0,4481.359698235988,0.0,933.8606424093247,0.0,0.0,2226.368720367551,0.0,0.0,0.0,0.0,0.0,0.0,0.0,5676.4640590608105,0.0,0.0,0.0,0.0,0.0,0.0,0.0
147,0.0,442.2110788464546,0.0,0.0,0.0,0.0,0.0,0.0,0.0,0.0,0.0,0.0,0.0,758.7836043596268,0.0,0.0,4567.934730932115,0.0,905.797063744068,0.0,0.0,2655.358884447813,0.0,0.0,0.0,0.0,0.0,0.0,0.0,6293.920915043354,0.0,0.0,0.0,0.0,0.0,0.0,0.0
148,0.0,477.25515028238294,0.0,0.0,0.0,0.0,0.0,0.0,0.0,0.0,0.0,0.0,0.0,794.3792389631271,0.0,0.0,4669.602394387125,0.0,871.6637583971022,0.0,0.0,3127.441921404004,0.0,0.0,0.0,0.0,0.0,0.0,0.0,6833.391709172724,0.0,0.0,0.0,0.0,0.0,0.0,0.0
149,0.0,508.6200262784958,0.0,0.0,0.0,0.0,0.0,0.0,0.0,0.0,0.0,0.0,0.0,821.911547613144,0.0,0.0,4772.938589885831,0.0,827.87684520483,0.0,0.0,3150.2063565462827,0.0,0.0,0.0,0.0,0.0,0.0,0.0,7312.905714440345,0.0,0.0,0.0,0.0,0.0,0.0,0.0
150,0.0,531.561621415615,0.0,0.0,0.0,0.0,0.0,0.0,0.0,0.0,0.0,0.0,0.0,848.0664472579956,0.0,0.0,4589.737271904944,0.0,762.8215234041213,0.0,0.0,2730.0797594726087,0.0,0.0,0.0,0.0,0.0,0.0,0.0,7614.767483824491,0.0,0.0,0.0,0.0,0.0,0.0,0.0
151,0.0,549.9486768364907,0.0,0.0,0.0,0.0,0.0,0.0,0.0,0.0,0.0,0.0,0.0,869.6784348249436,0.0,0.0,4407.971124842762,0.0,695.0692501068114,0.0,0.0,2419.7431962400674,0.0,0.0,0.0,0.0,0.0,0.0,0.0,7851.277929979563,0.0,0.0,0.0,0.0,0.0,0.0,0.0
152,0.0,563.1743993997574,0.0,0.0,0.0,0.0,0.0,0.0,0.0,0.0,0.0,0.0,0.0,887.3513428926468,0.0,0.0,4226.684923827648,0.0,636.1016176700591,0.0,0.0,2186.1288951650263,0.0,0.0,0.0,0.0,0.0,0.0,0.0,8003.773511695862,0.0,0.0,0.0,0.0,0.0,0.0,0.0
153,0.0,569.3258813023567,0.0,0.0,0.0,0.0,0.0,0.0,0.0,0.0,0.0,0.0,0.0,900.5702907562256,0.0,0.0,4045.52668249607,0.0,577.6047497868537,0.0,0.0,2062.295696546137,0.0,0.0,0.0,0.0,0.0,0.0,0.0,8000.0149120032775,0.0,0.0,0.0,0.0,0.0,0.0,0.0
154,0.0,589.5121058821678,0.0,0.0,0.0,0.0,0.0,0.0,0.0,0.0,0.0,0.0,0.0,884.9881103992462,0.0,0.0,3992.8430749177933,0.0,511.03380444049833,0.0,0.0,1956.5149462848897,0.0,0.0,0.0,0.0,0.0,0.0,0.0,7789.001035708188,0.0,0.0,0.0,0.0,0.0,0.0,0.0
155,0.0,606.8264717817307,0.0,0.0,0.0,0.0,0.0,0.0,0.0,0.0,0.0,0.0,0.0,860.1597773075104,0.0,0.0,3920.6905376166096,0.0,477.49667636752116,0.0,0.0,1887.4874507367606,0.0,0.0,0.0,0.0,0.0,0.0,0.0,7432.589306652546,0.0,0.0,0.0,0.0,0.0,0.0,0.0
156,0.0,618.0303735136986,0.0,0.0,0.0,0.0,0.0,0.0,0.0,0.0,0.0,0.0,0.0,825.7694764614105,0.0,0.0,3843.550295203922,0.0,461.4014906048774,0.0,0.0,1835.5723374322056,0.0,0.0,0.0,0.0,0.0,0.0,0.0,7046.385775184631,0.0,0.0,0.0,0.0,0.0,0.0,0.0
157,0.0,627.1333367586136,0.0,0.0,0.0,0.0,0.0,0.0,0.0,0.0,0.0,0.0,0.0,787.1478641033173,0.0,0.0,3769.1695480942712,0.0,453.31810574531545,0.0,0.0,1799.1560532778499,0.0,0.0,0.0,0.0,0.0,0.0,0.0,6689.974046128988,0.0,0.0,0.0,0.0,0.0,0.0,0.0
158,0.0,639.7363304257393,0.0,0.0,0.0,0.0,0.0,0.0,0.0,0.0,0.0,0.0,0.0,746.5853613138199,0.0,0.0,3704.757210373877,0.0,458.8919023334979,0.0,0.0,1757.8942657023658,0.0,0.0,0.0,0.0,0.0,0.0,0.0,6379.113189584016,0.0,0.0,0.0,0.0,0.0,0.0,0.0
159,0.0,637.6397686600685,0.0,0.0,0.0,0.0,0.0,0.0,0.0,0.0,0.0,0.0,0.0,712.7508303403854,0.0,0.0,3379.0511988699427,0.0,477.4175338566303,0.0,0.0,1722.216410292685,0.0,0.0,0.0,0.0,0.0,0.0,0.0,5253.097617220878,0.0,0.0,0.0,0.0,0.0,0.0,0.0
160,0.0,636.2626725554467,0.0,0.0,0.0,0.0,0.0,0.0,0.0,0.0,0.0,0.0,0.0,680.3523968815804,0.0,0.0,3097.094175338744,0.0,498.60451756715764,0.0,0.0,1685.9057889640328,0.0,0.0,0.0,0.0,0.0,0.0,0.0,4270.552141705154,0.0,0.0,0.0,0.0,0.0,0.0,0.0
161,0.0,634.9479727864266,0.0,0.0,0.0,0.0,0.0,0.0,0.0,0.0,0.0,0.0,0.0,647.8191009044646,0.0,0.0,2888.573175296187,0.0,523.7593273639679,0.0,0.0,1524.7201759412885,0.0,0.0,0.0,0.0,0.0,0.0,0.0,3651.2930093258615,0.0,0.0,0.0,0.0,0.0,0.0,0.0
162,0.0,631.2032948613166,0.0,0.0,0.0,0.0,0.0,0.0,0.0,0.0,0.0,0.0,0.0,624.8808157920836,0.0,0.0,2691.2095595747232,0.0,553.5982474327087,0.0,0.0,1383.177857458591,0.0,0.0,0.0,0.0,0.0,0.0,0.0,3336.1376434534773,0.0,0.0,0.0,0.0,0.0,0.0,0.0
163,0.0,637.6536843895913,0.0,0.0,0.0,0.0,0.0,0.0,0.0,0.0,0.0,0.0,0.0,616.7880783319473,0.0,0.0,2888.860209479926,0.0,572.1321785449982,0.0,0.0,1250.4209185190493,0.0,0.0,0.0,0.0,0.0,0.0,0.0,3448.7878737241017,0.0,0.0,0.0,0.0,0.0,0.0,0.0
164,0.0,644.7993553876877,0.0,0.0,0.0,0.0,0.0,0.0,0.0,0.0,0.0,0.0,0.0,614.5786285638808,0.0,0.0,2985.3289760053135,0.0,588.9809966444968,0.0,0.0,1124.928525915741,0.0,0.0,0.0,0.0,0.0,0.0,0.0,3568.2458197742685,0.0,0.0,0.0,0.0,0.0,0.0,0.0
165,0.0,652.6308249592781,0.0,0.0,0.0,0.0,0.0,0.0,0.0,0.0,0.0,0.0,0.0,617.6958447575568,0.0,0.0,3052.2837831825,0.0,606.7548632383346,0.0,0.0,1004.9986452922218,0.0,0.0,0.0,0.0,0.0,0.0,0.0,3698.7101636350135,0.0,0.0,0.0,0.0,0.0,0.0,0.0
166,0.0,658.7791084885597,0.0,0.0,0.0,0.0,0.0,0.0,0.0,0.0,0.0,0.0,0.0,632.0453870773314,0.0,0.0,3123.4363680630913,0.0,629.1112294197081,0.0,0.0,944.603409017622,0.0,0.0,0.0,0.0,0.0,0.0,0.0,3805.8497819453464,0.0,0.0,0.0,0.0,0.0,0.0,0.0
167,0.0,653.1123765349388,0.0,0.0,0.0,0.0,0.0,0.0,0.0,0.0,0.0,0.0,0.0,662.083726465702,0.0,0.0,3246.8003931790586,0.0,659.6407938718795,0.0,0.0,1002.9404908820985,0.0,0.0,0.0,0.0,0.0,0.0,0.0,3855.213496014476,0.0,0.0,0.0,0.0,0.0,0.0,0.0
168,0.0,647.3890838742257,0.0,0.0,0.0,0.0,0.0,0.0,0.0,0.0,0.0,0.0,0.0,706.7101731538772,0.0,0.0,3514.528999984262,0.0,717.7568884611129,0.0,0.0,1295.5808015003795,0.0,0.0,0.0,0.0,0.0,0.0,0.0,4199.664532032608,0.0,0.0,0.0,0.0,0.0,0.0,0.0
169,0.0,635.6559916377067,0.0,0.0,0.0,0.0,0.0,0.0,0.0,0.0,0.0,0.0,0.0,760.5501778125763,0.0,0.0,3843.3919985741354,0.0,776.6972508192063,0.0,0.0,1605.478515833616,0.0,0.0,0.0,0.0,0.0,0.0,0.0,4470.029134741425,0.0,0.0,0.0,0.0,0.0,0.0,0.0
170,0.0,618.352735877037,0.0,0.0,0.0,0.0,0.0,0.0,0.0,0.0,0.0,0.0,0.0,815.1743398666382,0.0,0.0,4194.067650452255,0.0,831.0596783638,0.0,0.0,1864.3421450078486,0.0,0.0,0.0,0.0,0.0,0.0,0.0,4684.95023344159,0.0,0.0,0.0,0.0,0.0,0.0,0.0
171,0.0,601.5953919410706,0.0,0.0,0.0,0.0,0.0,0.0,0.0,0.0,0.0,0.0,0.0,862.9953872919083,0.0,0.0,4523.139896184205,0.0,875.3303983211517,0.0,0.0,2076.5647193983195,0.0,0.0,0.0,0.0,0.0,0.0,0.0,4871.1339916020615,0.0,0.0,0.0,0.0,0.0,0.0,0.0
172,0.0,587.4028067350388,0.0,0.0,0.0,0.0,0.0,0.0,0.0,0.0,0.0,0.0,0.0,906.8688366413116,0.0,0.0,4836.902096375823,0.0,914.2227473735808,0.0,0.0,2264.1101798459886,0.0,0.0,0.0,0.0,0.0,0.0,0.0,5051.525803324579,0.0,0.0,0.0,0.0,0.0,0.0,0.0
173,0.0,572.3090658187866,0.0,0.0,0.0,0.0,0.0,0.0,0.0,0.0,0.0,0.0,0.0,950.2292883396149,0.0,0.0,5122.642681613563,0.0,944.4143999814987,0.0,0.0,2460.8605678617955,0.0,0.0,0.0,0.0,0.0,0.0,0.0,5207.8884684652085,0.0,0.0,0.0,0.0,0.0,0.0,0.0
174,0.0,528.7068207263947,0.0,0.0,0.0,0.0,0.0,0.0,0.0,0.0,0.0,0.0,0.0,987.8816660165787,0.0,0.0,5183.679839596151,0.0,960.3126779913902,0.0,0.0,2662.2375646769997,0.0,0.0,0.0,0.0,0.0,0.0,0.0,4981.25618931055,0.0,0.0,0.0,0.0,0.0,0.0,0.0
175,0.0,489.48028700351716,0.0,0.0,0.0,0.0,0.0,0.0,0.0,0.0,0.0,0.0,0.0,1023.1526980161667,0.0,0.0,5232.839694187045,0.0,972.6655493617058,0.0,0.0,2758.1960621505978,0.0,0.0,0.0,0.0,0.0,0.0,0.0,4784.3372426688675,0.0,0.0,0.0,0.0,0.0,0.0,0.0
176,0.0,452.96415022015566,0.0,0.0,0.0,0.0,0.0,0.0,0.0,0.0,0.0,0.0,0.0,1053.6078648090363,0.0,0.0,5269.821209535003,0.0,979.0018707036971,0.0,0.0,2784.3129456281663,0.0,0.0,0.0,0.0,0.0,0.0,0.0,4614.156281390786,0.0,0.0,0.0,0.0,0.0,0.0,0.0
177,0.0,419.57262777686117,0.0,0.0,0.0,0.0,0.0,0.0,0.0,0.0,0.0,0.0,0.0,1075.8446675539017,0.0,0.0,5296.525112003088,0.0,983.403854227066,0.0,0.0,2755.043131873011,0.0,0.0,0.0,0.0,0.0,0.0,0.0,4468.320515966416,0.0,0.0,0.0,0.0,0.0,0.0,0.0
178,0.0,393.224793112278,0.0,0.0,0.0,0.0,0.0,0.0,0.0,0.0,0.0,0.0,0.0,1066.1988590717315,0.0,0.0,5417.130030751227,0.0,964.6636783242225,0.0,0.0,2778.6038226932287,0.0,0.0,0.0,0.0,0.0,0.0,0.0,4352.98097398579,0.0,0.0,0.0,0.0,0.0,0.0,0.0
179,0.0,370.7953585445881,0.0,0.0,0.0,0.0,0.0,0.0,0.0,0.0,0.0,0.0,0.0,1060.1179404020309,0.0,0.0,5529.725606754421,0.0,949.5024631142617,0.0,0.0,2783.0458999961616,0.0,0.0,0.0,0.0,0.0,0.0,0.0,4243.821750202774,0.0,0.0,0.0,0.0,0.0,0.0,0.0
180,0.0,351.5704695940018,0.0,0.0,0.0,0.0,0.0,0.0,0.0,0.0,0.0,0.0,0.0,1059.9380639314652,0.0,0.0,5630.979443147777,0.0,935.4964321494102,0.0,0.0,2773.3082682967183,0.0,0.0,0.0,0.0,0.0,0.0,0.0,4142.617276856303,0.0,0.0,0.0,0.0,0.0,0.0,0.0
181,0.0,335.01386566758157,0.0,0.0,0.0,0.0,0.0,0.0,0.0,0.0,0.0,0.0,0.0,1059.1287094831466,0.0,0.0,5717.09242081642,0.0,917.0736562490463,0.0,0.0,2744.5449700355525,0.0,0.0,0.0,0.0,0.0,0.0,0.0,4051.8872694224106,0.0,0.0,0.0,0.0,0.0,0.0,0.0
182,0.0,322.53919971585276,0.0,0.0,0.0,0.0,0.0,0.0,0.0,0.0,0.0,0.0,0.0,1058.3184583425523,0.0,0.0,5787.33489730954,0.0,893.0543488144873,0.0,0.0,2695.385416066646,0.0,0.0,0.0,0.0,0.0,0.0,0.0,3969.3217476397754,0.0,0.0,0.0,0.0,0.0,0.0,0.0
183,0.0,271.9868332922459,0.0,0.0,0.0,0.0,0.0,0.0,0.0,0.0,0.0,0.0,0.0,1065.169994354248,0.0,0.0,5521.552911221981,0.0,880.9441811442375,0.0,0.0,2489.0387847170223,0.0,0.0,0.0,0.0,0.0,0.0,0.0,3385.1028606146556,0.0,0.0,0.0,0.0,0.0,0.0,0.0
184,0.0,230.263015294075,0.0,0.0,0.0,0.0,0.0,0.0,0.0,0.0,0.0,0.0,0.0,1074.3067506313323,0.0,0.0,5255.131904587148,0.0,863.6497343897819,0.0,0.0,2272.258630536496,0.0,0.0,0.0,0.0,0.0,0.0,0.0,2805.871874769032,0.0,0.0,0.0,0.0,0.0,0.0,0.0
185,0.0,198.89707317352293,0.0,0.0,0.0,0.0,0.0,0.0,0.0,0.0,0.0,0.0,0.0,1089.1548090219499,0.0,0.0,5012.940394625066,0.0,841.8038522243498,0.0,0.0,2052.8187401846044,0.0,0.0,0.0,0.0,0.0,0.0,0.0,2424.4076359286905,0.0,0.0,0.0,0.0,0.0,0.0,0.0
186,0.0,174.33540375530717,0.0,0.0,0.0,0.0,0.0,0.0,0.0,0.0,0.0,0.0,0.0,1105.5116418361663,0.0,0.0,4785.326176270841,0.0,823.3064985871314,0.0,0.0,1842.077867424488,0.0,0.0,0.0,0.0,0.0,0.0,0.0,2150.8666295543308,0.0,0.0,0.0,0.0,0.0,0.0,0.0
187,0.0,169.27188781499856,0.0,0.0,0.0,0.0,0.0,0.0,0.0,0.0,0.0,0.0,0.0,1126.5838206529618,0.0,0.0,4945.196437910197,0.0,787.8625102639197,0.0,0.0,1822.064147476852,0.0,0.0,0.0,0.0,0.0,0.0,0.0,2146.8671959772687,0.0,0.0,0.0,0.0,0.0,0.0,0.0
188,0.0,168.52811171114436,0.0,0.0,0.0,0.0,0.0,0.0,0.0,0.0,0.0,0.0,0.0,1143.034447479248,0.0,0.0,5089.642695993183,0.0,754.1535510540009,0.0,0.0,1813.7762763530013,0.0,0.0,0.0,0.0,0.0,0.0,0.0,2141.4686838731163,0.0,0.0,0.0,0.0,0.0,0.0,0.0
189,0.0,171.06957001090043,0.0,0.0,0.0,0.0,0.0,0.0,0.0,0.0,0.0,0.0,0.0,1152.4999311447143,0.0,0.0,5240.097614109516,0.0,719.6084675192832,0.0,0.0,1819.0412521094079,0.0,0.0,0.0,0.0,0.0,0.0,0.0,2126.224369081853,0.0,0.0,0.0,0.0,0.0,0.0,0.0
190,0.0,179.1269878238439,0.0,0.0,0.0,0.0,0.0,0.0,0.0,0.0,0.0,0.0,0.0,1164.3373452186584,0.0,0.0,5377.22138902545,0.0,690.0238112926484,0.0,0.0,1815.94857083559,0.0,0.0,0.0,0.0,0.0,0.0,0.0,2130.2512852042896,0.0,0.0,0.0,0.0,0.0,0.0,0.0
191,0.0,192.44251734316344,0.0,0.0,0.0,0.0,0.0,0.0,0.0,0.0,0.0,0.0,0.0,1186.2935729503631,0.0,0.0,5491.176293581723,0.0,669.10594176054,0.0,0.0,1803.0551326498385,0.0,0.0,0.0,0.0,0.0,0.0,0.0,2202.5587661191807,0.0,0.0,0.0,0.0,0.0,0.0,0.0
192,0.0,226.11942446529864,0.0,0.0,0.0,0.0,0.0,0.0,0.0,0.0,0.0,0.0,0.0,1214.6811466932297,0.0,0.0,5632.713705241679,0.0,684.323238480091,0.0,0.0,2121.216951540112,0.0,0.0,0.0,0.0,0.0,0.0,0.0,2782.4867599412783,0.0,0.0,0.0,0.0,0.0,0.0,0.0
193,0.0,263.04833377003666,0.0,0.0,0.0,0.0,0.0,0.0,0.0,0.0,0.0,0.0,0.0,1248.3196607351304,0.0,0.0,5798.581736728547,0.0,705.0927232146263,0.0,0.0,2461.702388741075,0.0,0.0,0.0,0.0,0.0,0.0,0.0,3450.6252265274525,0.0,0.0,0.0,0.0,0.0,0.0,0.0
194,0.0,298.3665114104748,0.0,0.0,0.0,0.0,0.0,0.0,0.0,0.0,0.0,0.0,0.0,1277.5708388090134,0.0,0.0,5985.1263417601585,0.0,726.580715239048,0.0,0.0,2855.001678782701,0.0,0.0,0.0,0.0,0.0,0.0,0.0,4163.749184575675,0.0,0.0,0.0,0.0,0.0,0.0,0.0
195,0.0,329.90199537277215,0.0,0.0,0.0,0.0,0.0,0.0,0.0,0.0,0.0,0.0,0.0,1295.3677594184876,0.0,0.0,6182.565410912036,0.0,748.1664052844046,0.0,0.0,3283.491382545232,0.0,0.0,0.0,0.0,0.0,0.0,0.0,4840.96575064063,0.0,0.0,0.0,0.0,0.0,0.0,0.0
196,0.0,355.72627876996995,0.0,0.0,0.0,0.0,0.0,0.0,0.0,0.0,0.0,0.0,0.0,1299.5710044622422,0.0,0.0,6402.934155270455,0.0,760.7026975750922,0.0,0.0,3600.2948740214106,0.0,0.0,0.0,0.0,0.0,0.0,0.0,5537.079821163415,0.0,0.0,0.0,0.0,0.0,0.0,0.0
197,0.0,374.00153140425675,0.0,0.0,0.0,0.0,0.0,0.0,0.0,0.0,0.0,0.0,0.0,1296.0391129255295,0.0,0.0,6648.544794648884,0.0,780.0783848762511,0.0,0.0,3863.754381975531,0.0,0.0,0.0,0.0,0.0,0.0,0.0,6234.493526792527,0.0,0.0,0.0,0.0,0.0,0.0,0.0
198,0.0,362.55539497733116,0.0,0.0,0.0,0.0,0.0,0.0,0.0,0.0,0.0,0.0,0.0,1293.1909492492675,0.0,0.0,6522.388214737175,0.0,794.7308352708817,0.0,0.0,3781.0143342733377,0.0,0.0,0.0,0.0,0.0,0.0,0.0,6738.918289768696,0.0,0.0,0.0,0.0,0.0,0.0,0.0
199,0.0,352.0260975122452,0.0,0.0,0.0,0.0,0.0,0.0,0.0,0.0,0.0,0.0,0.0,1295.7559375047683,0.0,0.0,6381.825085774062,0.0,814.5096454739571,0.0,0.0,3778.3219001501798,0.0,0.0,0.0,0.0,0.0,0.0,0.0,7212.413617599011,0.0,0.0,0.0,0.0,0.0,0.0,0.0
200,0.0,343.0446443974971,0.0,0.0,0.0,0.0,0.0,0.0,0.0,0.0,0.0,0.0,0.0,1299.6494650363923,0.0,0.0,6239.370175957678,0.0,834.1000550031661,0.0,0.0,3795.155895665288,0.0,0.0,0.0,0.0,0.0,0.0,0.0,7658.45677549839,0.0,0.0,0.0,0.0,0.0,0.0,0.0
201,0.0,334.92577012181283,0.0,0.0,0.0,0.0,0.0,0.0,0.0,0.0,0.0,0.0,0.0,1304.2623191118241,0.0,0.0,6098.824938014148,0.0,860.6196729540824,0.0,0.0,3841.431974700093,0.0,0.0,0.0,0.0,0.0,0.0,0.0,7961.281880420446,0.0,0.0,0.0,0.0,0.0,0.0,0.0
202,0.0,343.0129412233829,0.0,0.0,0.0,0.0,0.0,0.0,0.0,0.0,0.0,0.0,0.0,1291.1153756380081,0.0,0.0,5992.101505786179,0.0,898.9164079189301,0.0,0.0,3746.5246558248996,0.0,0.0,0.0,0.0,0.0,0.0,0.0,7823.1220622420315,0.0,0.0,0.0,0.0,0.0,0.0,0.0
203,0.0,352.8160676658153,0.0,0.0,0.0,0.0,0.0,0.0,0.0,0.0,0.0,0.0,0.0,1275.9081023216247,0.0,0.0,5896.713590204714,0.0,959.9783231139182,0.0,0.0,3620.486162012815,0.0,0.0,0.0,0.0,0.0,0.0,0.0,7652.517652797699,0.0,0.0,0.0,0.0,0.0,0.0,0.0
204,0.0,361.8499011576176,0.0,0.0,0.0,0.0,0.0,0.0,0.0,0.0,0.0,0.0,0.0,1263.9205819606782,0.0,0.0,5759.987307071684,0.0,1027.253903579712,0.0,0.0,3483.293125256896,0.0,0.0,0.0,0.0,0.0,0.0,0.0,7441.01487648487,0.0,0.0,0.0,0.0,0.0,0.0,0.0
205,0.0,368.8424430191517,0.0,0.0,0.0,0.0,0.0,0.0,0.0,0.0,0.0,0.0,0.0,1253.5183238744735,0.0,0.0,5602.879652217029,0.0,1091.99010617733,0.0,0.0,3320.4603529125447,0.0,0.0,0.0,0.0,0.0,0.0,0.0,7178.866108393669,0.0,0.0,0.0,0.0,0.0,0.0,0.0
206,0.0,371.2524453699588,0.0,0.0,0.0,0.0,0.0,0.0,0.0,0.0,0.0,0.0,0.0,1245.6211549997329,0.0,0.0,5436.362876802681,0.0,1145.016892695427,0.0,0.0,3153.1276763319966,0.0,0.0,0.0,0.0,0.0,0.0,0.0,6870.123577517271,0.0,0.0,0.0,0.0,0.0,0.0,0.0
207,0.0,328.9885792315006,0.0,0.0,0.0,0.0,0.0,0.0,0.0,0.0,0.0,0.0,0.0,1246.8783175706862,0.0,0.0,5151.071900665759,0.0,1206.4792630672455,0.0,0.0,3063.82412032485,0.0,0.0,0.0,0.0,0.0,0.0,0.0,5956.718038755655,0.0,0.0,0.0,0.0,0.0,0.0,0.0
208,0.0,276.8743405044078,0.0,0.0,0.0,0.0,0.0,0.0,0.0,0.0,0.0,0.0,0.0,1253.463715314865,0.0,0.0,4860.272046238183,0.0,1256.0856703281402,0.0,0.0,2975.764600279927,0.0,0.0,0.0,0.0,0.0,0.0,0.0,4988.490969380737,0.0,0.0,0.0,0.0,0.0,0.0,0.0
209,0.0,233.16243890225886,0.0,0.0,0.0,0.0,0.0,0.0,0.0,0.0,0.0,0.0,0.0,1262.5151961565018,0.0,0.0,4592.004375234246,0.0,1283.996358704567,0.0,0.0,2965.499562728405,0.0,0.0,0.0,0.0,0.0,0.0,0.0,4177.0821968197815,0.0,0.0,0.0,0.0,0.0,0.0,0.0
210,0.0,200.83527337610712,0.0,0.0,0.0,0.0,0.0,0.0,0.0,0.0,0.0,0.0,0.0,1281.5930416822434,0.0,0.0,4327.547491401434,0.0,1309.2548540830612,0.0,0.0,2954.4685453802344,0.0,0.0,0.0,0.0,0.0,0.0,0.0,3492.463424125312,0.0,0.0,0.0,0.0,0.0,0.0,0.0
211,0.0,192.32755826711647,0.0,0.0,0.0,0.0,0.0,0.0,0.0,0.0,0.0,0.0,0.0,1315.2880473375321,0.0,0.0,4418.606169179082,0.0,1331.6124059200288,0.0,0.0,3005.0244229942555,0.0,0.0,0.0,0.0,0.0,0.0,0.0,3215.7080447793005,0.0,0.0,0.0,0.0,0.0,0.0,0.0
212,0.0,184.93011356592174,0.0,0.0,0.0,0.0,0.0,0.0,0.0,0.0,0.0,0.0,0.0,1349.3113320350647,0.0,0.0,4516.340530872345,0.0,1363.4339792728424,0.0,0.0,3060.1495366126296,0.0,0.0,0.0,0.0,0.0,0.0,0.0,2968.2935371339317,0.0,0.0,0.0,0.0,0.0,0.0,0.0
213,0.0,175.05916197001935,0.0,0.0,0.0,0.0,0.0,0.0,0.0,0.0,0.0,0.0,0.0,1378.4855739116672,0.0,0.0,4622.873384848237,0.0,1402.6806022167207,0.0,0.0,3117.5447358101605,0.0,0.0,0.0,0.0,0.0,0.0,0.0,2716.8349367752658,0.0,0.0,0.0,0.0,0.0,0.0,0.0
214,0.0,166.87337435781956,0.0,0.0,0.0,0.0,0.0,0.0,0.0,0.0,0.0,0.0,0.0,1399.8587723255155,0.0,0.0,4726.516839161514,0.0,1429.7538620471955,0.0,0.0,3193.5898778826,0.0,0.0,0.0,0.0,0.0,0.0,0.0,2506.386983947455,0.0,0.0,0.0,0.0,0.0,0.0,0.0
215,0.0,161.47903719842432,0.0,0.0,0.0,0.0,0.0,0.0,0.0,0.0,0.0,0.0,0.0,1409.1955806493756,0.0,0.0,4831.354324564336,0.0,1424.6236488580703,0.0,0.0,3307.1901313841345,0.0,0.0,0.0,0.0,0.0,0.0,0.0,2388.595167210698,0.0,0.0,0.0,0.0,0.0,0.0,0.0
216,0.0,157.6465723425149,0.0,0.0,0.0,0.0,0.0,0.0,0.0,0.0,0.0,0.0,0.0,1408.8494574308397,0.0,0.0,5301.281789600847,0.0,1408.4363672971726,0.0,0.0,3551.7829211533067,0.0,0.0,0.0,0.0,0.0,0.0,0.0,2557.400012351572,0.0,0.0,0.0,0.0,0.0,0.0,0.0
217,0.0,163.38840995728967,0.0,0.0,0.0,0.0,0.0,0.0,0.0,0.0,0.0,0.0,0.0,1398.9074714899064,0.0,0.0,5748.920544654131,0.0,1354.9386383771896,0.0,0.0,3443.5148558646442,0.0,0.0,0.0,0.0,0.0,0.0,0.0,2794.1388167619702,0.0,0.0,0.0,0.0,0.0,0.0,0.0
218,0.0,187.65977088510985,0.0,0.0,0.0,0.0,0.0,0.0,0.0,0.0,0.0,0.0,0.0,1384.760536789894,0.0,0.0,6125.062507167458,0.0,1280.9182782173157,0.0,0.0,3192.685840067267,0.0,0.0,0.0,0.0,0.0,0.0,0.0,3108.238635924457,0.0,0.0,0.0,0.0,0.0,0.0,0.0
219,0.0,220.1312419652939,0.0,0.0,0.0,0.0,0.0,0.0,0.0,0.0,0.0,0.0,0.0,1371.3565116405484,0.0,0.0,6431.888825789093,0.0,1202.3357524633407,0.0,0.0,3200.231800720095,0.0,0.0,0.0,0.0,0.0,0.0,0.0,3445.216589275002,0.0,0.0,0.0,0.0,0.0,0.0,0.0
220,0.0,257.0240292906761,0.0,0.0,0.0,0.0,0.0,0.0,0.0,0.0,0.0,0.0,0.0,1357.856988763809,0.0,0.0,6688.710911482573,0.0,1122.8804656267166,0.0,0.0,3286.447519594431,0.0,0.0,0.0,0.0,0.0,0.0,0.0,3848.1454192787405,0.0,0.0,0.0,0.0,0.0,0.0,0.0
221,0.0,292.27821140885345,0.0,0.0,0.0,0.0,0.0,0.0,0.0,0.0,0.0,0.0,0.0,1351.368523454666,0.0,0.0,6871.753154963253,0.0,1048.2069278001786,0.0,0.0,3379.3911448091267,0.0,0.0,0.0,0.0,0.0,0.0,0.0,4182.080765566228,0.0,0.0,0.0,0.0,0.0,0.0,0.0
222,0.0,310.46576128005984,0.0,0.0,0.0,0.0,0.0,0.0,0.0,0.0,0.0,0.0,0.0,1343.4101104974748,0.0,0.0,6698.929795145987,0.0,965.8358174443243,0.0,0.0,2948.3252663075923,0.0,0.0,0.0,0.0,0.0,0.0,0.0,4264.091935479639,0.0,0.0,0.0,0.0,0.0,0.0,0.0
223,0.0,326.95601298809044,0.0,0.0,0.0,0.0,0.0,0.0,0.0,0.0,0.0,0.0,0.0,1334.251026582718,0.0,0.0,6548.139614880085,0.0,887.6758000612259,0.0,0.0,2576.600417894125,0.0,0.0,0.0,0.0,0.0,0.0,0.0,4311.536933946609,0.0,0.0,0.0,0.0,0.0,0.0,0.0
224,0.0,346.64337549805634,0.0,0.0,0.0,0.0,0.0,0.0,0.0,0.0,0.0,0.0,0.0,1326.25997402668,0.0,0.0,6414.294174835084,0.0,817.6871431827545,0.0,0.0,2217.9726129680867,0.0,0.0,0.0,0.0,0.0,0.0,0.0,4337.1665771842,0.0,0.0,0.0,0.0,0.0,0.0,0.0
225,0.0,350.4560889959335,0.0,0.0,0.0,0.0,0.0,0.0,0.0,0.0,0.0,0.0,0.0,1314.5273832798005,0.0,0.0,6299.01961311698,0.0,754.8485230803489,0.0,0.0,1868.1378322452301,0.0,0.0,0.0,0.0,0.0,0.0,0.0,4290.505192872882,0.0,0.0,0.0,0.0,0.0,0.0,0.0
226,0.0,345.077855926752,0.0,0.0,0.0,0.0,0.0,0.0,0.0,0.0,0.0,0.0,0.0,1283.8619421482085,0.0,0.0,6335.535184085369,0.0,696.4896655082701,0.0,0.0,1727.2366055488583,0.0,0.0,0.0,0.0,0.0,0.0,0.0,4167.001888465881,0.0,0.0,0.0,0.0,0.0,0.0,0.0
227,0.0,333.4099656164646,0.0,0.0,0.0,0.0,0.0,0.0,0.0,0.0,0.0,0.0,0.0,1254.6655519723893,0.0,0.0,6379.526478692888,0.0,658.2458700656891,0.0,0.0,1586.9637547686696,0.0,0.0,0.0,0.0,0.0,0.0,0.0,4027.079932871461,0.0,0.0,0.0,0.0,0.0,0.0,0.0
228,0.0,317.3943356752396,0.0,0.0,0.0,0.0,0.0,0.0,0.0,0.0,0.0,0.0,0.0,1225.0815217256545,0.0,0.0,6411.429278090594,0.0,635.6265847563742,0.0,0.0,1458.0560156866904,0.0,0.0,0.0,0.0,0.0,0.0,0.0,3894.2578759074213,0.0,0.0,0.0,0.0,0.0,0.0,0.0
229,0.0,303.30923264622686,0.0,0.0,0.0,0.0,0.0,0.0,0.0,0.0,0.0,0.0,0.0,1197.3757031202317,0.0,0.0,6430.257242590188,0.0,625.012299466133,0.0,0.0,1339.2698064789172,0.0,0.0,0.0,0.0,0.0,0.0,0.0,3763.0117259532194,0.0,0.0,0.0,0.0,0.0,0.0,0.0
230,0.0,286.96593777537345,0.0,0.0,0.0,0.0,0.0,0.0,0.0,0.0,0.0,0.0,0.0,1169.4604171991348,0.0,0.0,6439.012174129484,0.0,618.334805727005,0.0,0.0,1221.8508560702196,0.0,0.0,0.0,0.0,0.0,0.0,0.0,3629.0632462412113,0.0,0.0,0.0,0.0,0.0,0.0,0.0
231,0.0,241.69725601673122,0.0,0.0,0.0,0.0,0.0,0.0,0.0,0.0,0.0,0.0,0.0,1151.648432159424,0.0,0.0,6090.005832165478,0.0,630.3156183719635,0.0,0.0,1064.9385323122144,0.0,0.0,0.0,0.0,0.0,0.0,0.0,3101.822546416521,0.0,0.0,0.0,0.0,0.0,0.0,0.0
232,0.0,202.16809726059435,0.0,0.0,0.0,0.0,0.0,0.0,0.0,0.0,0.0,0.0,0.0,1134.0122884750367,0.0,0.0,5773.40907217562,0.0,639.880005633831,0.0,0.0,918.2700529888264,0.0,0.0,0.0,0.0,0.0,0.0,0.0,2628.2485678806897,0.0,0.0,0.0,0.0,0.0,0.0,0.0
233,0.0,169.71493265926833,0.0,0.0,0.0,0.0,0.0,0.0,0.0,0.0,0.0,0.0,0.0,1109.8249110221864,0.0,0.0,5500.000066652892,0.0,625.8965021252632,0.0,0.0,784.957930076122,0.0,0.0,0.0,0.0,0.0,0.0,0.0,2353.9850598528974,0.0,0.0,0.0,0.0,0.0,0.0,0.0
234,0.0,149.38534239828581,0.0,0.0,0.0,0.0,0.0,0.0,0.0,0.0,0.0,0.0,0.0,1095.6031921863555,0.0,0.0,5208.220095500348,0.0,633.7754206776618,0.0,0.0,661.9020647093648,0.0,0.0,0.0,0.0,0.0,0.0,0.0,2236.68557845205,0.0,0.0,0.0,0.0,0.0,0.0,0.0
235,0.0,149.13283924162388,0.0,0.0,0.0,0.0,0.0,0.0,0.0,0.0,0.0,0.0,0.0,1099.18135304451,0.0,0.0,5282.0415537804365,0.0,640.5213860273361,0.0,0.0,654.2840474590652,0.0,0.0,0.0,0.0,0.0,0.0,0.0,2406.3752892315388,0.0,0.0,0.0,0.0,0.0,0.0,0.0
236,0.0,151.1412633776664,0.0,0.0,0.0,0.0,0.0,0.0,0.0,0.0,0.0,0.0,0.0,1108.583888912201,0.0,0.0,5318.902888149022,0.0,657.5204859733581,0.0,0.0,663.4149504974478,0.0,0.0,0.0,0.0,0.0,0.0,0.0,2563.0080788642167,0.0,0.0,0.0,0.0,0.0,0.0,0.0
237,0.0,155.41363081634046,0.0,0.0,0.0,0.0,0.0,0.0,0.0,0.0,0.0,0.0,0.0,1121.1313039302827,0.0,0.0,5347.199480295181,0.0,673.9872265577316,0.0,0.0,680.4634506314985,0.0,0.0,0.0,0.0,0.0,0.0,0.0,2680.3675879299617,0.0,0.0,0.0,0.0,0.0,0.0,0.0
238,0.0,164.35872347652904,0.0,0.0,0.0,0.0,0.0,0.0,0.0,0.0,0.0,0.0,0.0,1131.474200987816,0.0,0.0,5343.696729809045,0.0,674.489825963974,0.0,0.0,689.3932461284095,0.0,0.0,0.0,0.0,0.0,0.0,0.0,2808.114414310454,0.0,0.0,0.0,0.0,0.0,0.0,0.0
239,0.0,177.13340526223175,0.0,0.0,0.0,0.0,0.0,0.0,0.0,0.0,0.0,0.0,0.0,1132.8802144765855,0.0,0.0,5342.937528282403,0.0,641.1043136000633,0.0,0.0,675.9321351684625,0.0,0.0,0.0,0.0,0.0,0.0,0.0,2999.4471719920616,0.0,0.0,0.0,0.0,0.0,0.0,0.0
240,0.0,208.8272507876157,0.0,0.0,0.0,0.0,0.0,0.0,0.0,0.0,0.0,0.0,0.0,1118.7460128068924,0.0,0.0,5558.08209492266,0.0,593.7796412467956,0.0,0.0,1017.8487132780252,0.0,0.0,0.0,0.0,0.0,0.0,0.0,3676.5342808037976,0.0,0.0,0.0,0.0,0.0,0.0,0.0
241,0.0,243.56333851218224,0.0,0.0,0.0,0.0,0.0,0.0,0.0,0.0,0.0,0.0,0.0,1091.1597232818604,0.0,0.0,5897.547078356145,0.0,512.5359115123748,0.0,0.0,1364.8311275348067,0.0,0.0,0.0,0.0,0.0,0.0,0.0,4466.872258147597,0.0,0.0,0.0,0.0,0.0,0.0,0.0
242,0.0,277.193728941679,0.0,0.0,0.0,0.0,0.0,0.0,0.0,0.0,0.0,0.0,0.0,1053.8922955989838,0.0,0.0,6311.477207839487,0.0,417.55653957128527,0.0,0.0,1719.3954550534484,0.0,0.0,0.0,0.0,0.0,0.0,0.0,5281.926807320118,0.0,0.0,0.0,0.0,0.0,0.0,0.0
243,0.0,302.2199620842933,0.0,0.0,0.0,0.0,0.0,0.0,0.0,0.0,0.0,0.0,0.0,1009.5817984342575,0.0,0.0,6744.000384956598,0.0,327.50294415354716,0.0,0.0,2100.155383341014,0.0,0.0,0.0,0.0,0.0,0.0,0.0,6024.263626265525,0.0,0.0,0.0,0.0,0.0,0.0,0.0
244,0.0,322.08918297886845,0.0,0.0,0.0,0.0,0.0,0.0,0.0,0.0,0.0,0.0,0.0,964.4350460529328,0.0,0.0,7225.1319065392,0.0,246.92986568510526,0.0,0.0,2504.8754927024243,0.0,0.0,0.0,0.0,0.0,0.0,0.0,6682.641992312669,0.0,0.0,0.0,0.0,0.0,0.0,0.0
245,0.0,336.6103870153427,0.0,0.0,0.0,0.0,0.0,0.0,0.0,0.0,0.0,0.0,0.0,917.0638691425323,0.0,0.0,7644.390059441326,0.0,181.44123122692108,0.0,0.0,2951.382827559113,0.0,0.0,0.0,0.0,0.0,0.0,0.0,7236.370441693068,0.0,0.0,0.0,0.0,0.0,0.0,0.0
246,0.0,356.5679840147495,0.0,0.0,0.0,0.0,0.0,0.0,0.0,0.0,0.0,0.0,0.0,868.4785708904267,0.0,0.0,7737.53226312995,0.0,130.2172785013914,0.0,0.0,2733.2947553068393,0.0,0.0,0.0,0.0,0.0,0.0,0.0,7650.582303023338,0.0,0.0,0.0,0.0,0.0,0.0,0.0
247,0.0,373.65313315987584,0.0,0.0,0.0,0.0,0.0,0.0,0.0,0.0,0.0,0.0,0.0,823.0919533252716,0.0,0.0,7790.012846529482,0.0,93.12606627196068,0.0,0.0,2700.834469181299,0.0,0.0,0.0,0.0,0.0,0.0,0.0,8006.068304234742,0.0,0.0,0.0,0.0,0.0,0.0,0.0
248,0.0,390.67240703701975,0.0,0.0,0.0,0.0,0.0,0.0,0.0,0.0,0.0,0.0,0.0,788.9468081474304,0.0,0.0,7793.979985654354,0.0,75.31096850484607,0.0,0.0,2833.0374351829287,0.0,0.0,0.0,0.0,0.0,0.0,0.0,8308.165844929217,0.0,0.0,0.0,0.0,0.0,0.0,0.0
249,0.0,401.84028498530387,0.0,0.0,0.0,0.0,0.0,0.0,0.0,0.0,0.0,0.0,0.0,766.4578555345536,0.0,0.0,7762.675368607044,0.0,77.17734602689737,0.0,0.0,2976.4591289967298,0.0,0.0,0.0,0.0,0.0,0.0,0.0,8550.642896330355,0.0,0.0,0.0,0.0,0.0,0.0,0.0
250,0.0,396.58810710310934,0.0,0.0,0.0,0.0,0.0,0.0,0.0,0.0,0.0,0.0,0.0,729.1711041331291,0.0,0.0,7698.818430364132,0.0,91.67525362521398,0.0,0.0,2816.3896363377567,0.0,0.0,0.0,0.0,0.0,0.0,0.0,8413.470280110834,0.0,0.0,0.0,0.0,0.0,0.0,0.0
251,0.0,392.0827774465084,0.0,0.0,0.0,0.0,0.0,0.0,0.0,0.0,0.0,0.0,0.0,712.7517718672752,0.0,0.0,7586.871987223625,0.0,111.67515154480917,0.0,0.0,2641.089558836817,0.0,0.0,0.0,0.0,0.0,0.0,0.0,8223.20283267498,0.0,0.0,0.0,0.0,0.0,0.0,0.0
252,0.0,392.17948615550995,0.0,0.0,0.0,0.0,0.0,0.0,0.0,0.0,0.0,0.0,0.0,721.647811102867,0.0,0.0,7459.038318693636,0.0,136.72049568891526,0.0,0.0,2469.040505468845,0.0,0.0,0.0,0.0,0.0,0.0,0.0,8017.149555820227,0.0,0.0,0.0,0.0,0.0,0.0,0.0
253,0.0,400.2581002056598,0.0,0.0,0.0,0.0,0.0,0.0,0.0,0.0,0.0,0.0,0.0,743.212498152256,0.0,0.0,7338.543857544659,0.0,165.20738304257375,0.0,0.0,2302.2300878405567,0.0,0.0,0.0,0.0,0.0,0.0,0.0,7824.483171463012,0.0,0.0,0.0,0.0,0.0,0.0,0.0
254,0.0,410.4186027824878,0.0,0.0,0.0,0.0,0.0,0.0,0.0,0.0,0.0,0.0,0.0,772.5671993494034,0.0,0.0,7225.8109874129295,0.0,190.86811208128915,0.0,0.0,2143.3941859647625,0.0,0.0,0.0,0.0,0.0,0.0,0.0,7626.462030106783,0.0,0.0,0.0,0.0,0.0,0.0,0.0
255,0.0,385.8455847501754,0.0,0.0,0.0,0.0,0.0,0.0,0.0,0.0,0.0,0.0,0.0,814.5468346118927,0.0,0.0,6750.343918204306,0.0,227.6667860239743,0.0,0.0,2064.989493083953,0.0,0.0,0.0,0.0,0.0,0.0,0.0,6670.972758901119,0.0,0.0,0.0,0.0,0.0,0.0,0.0
256,0.0,333.49548001885415,0.0,0.0,0.0,0.0,0.0,0.0,0.0,0.0,0.0,0.0,0.0,857.6160406589509,0.0,0.0,6304.2076198607665,0.0,252.91575169563293,0.0,0.0,1984.857107037305,0.0,0.0,0.0,0.0,0.0,0.0,0.0,5780.467051073908,0.0,0.0,0.0,0.0,0.0,0.0,0.0
257,0.0,284.03331000208857,0.0,0.0,0.0,0.0,0.0,0.0,0.0,0.0,0.0,0.0,0.0,893.5516113042831,0.0,0.0,5903.751372799276,0.0,244.29851058423498,0.0,0.0,2010.9291822105642,0.0,0.0,0.0,0.0,0.0,0.0,0.0,4974.064802733063,0.0,0.0,0.0,0.0,0.0,0.0,0.0
258,0.0,237.29862297177314,0.0,0.0,0.0,0.0,0.0,0.0,0.0,0.0,0.0,0.0,0.0,931.054869055748,0.0,0.0,5500.72348614037,0.0,249.65110830068588,0.0,0.0,1981.618193256855,0.0,0.0,0.0,0.0,0.0,0.0,0.0,4248.832975384593,0.0,0.0,0.0,0.0,0.0,0.0,0.0
259,0.0,200.5470831066369,0.0,0.0,0.0,0.0,0.0,0.0,0.0,0.0,0.0,0.0,0.0,979.1937938928604,0.0,0.0,5447.848522439599,0.0,251.58366763591766,0.0,0.0,1910.6180726632476,0.0,0.0,0.0,0.0,0.0,0.0,0.0,4027.770612630247,0.0,0.0,0.0,0.0,0.0,0.0,0.0
260,0.0,168.46640274524685,0.0,0.0,0.0,0.0,0.0,0.0,0.0,0.0,0.0,0.0,0.0,1025.943832063675,0.0,0.0,5398.146881103516,0.0,264.86034256219864,0.0,0.0,1836.6029284313322,0.0,0.0,0.0,0.0,0.0,0.0,0.0,3810.199979588389,0.0,0.0,0.0,0.0,0.0,0.0,0.0
261,0.0,142.19842921793452,0.0,0.0,0.0,0.0,0.0,0.0,0.0,0.0,0.0,0.0,0.0,1072.2375435352326,0.0,0.0,5349.451804086564,0.0,275.707372045517,0.0,0.0,1781.9143930211658,0.0,0.0,0.0,0.0,0.0,0.0,0.0,3594.9075049132102,0.0,0.0,0.0,0.0,0.0,0.0,0.0
262,0.0,121.82650259435171,0.0,0.0,0.0,0.0,0.0,0.0,0.0,0.0,0.0,0.0,0.0,1101.8206770896911,0.0,0.0,5282.712078079581,0.0,263.3189902901649,0.0,0.0,1779.3014330863948,0.0,0.0,0.0,0.0,0.0,0.0,0.0,3355.3497507333755,0.0,0.0,0.0,0.0,0.0,0.0,0.0
263,0.0,104.37774188965551,0.0,0.0,0.0,0.0,0.0,0.0,0.0,0.0,0.0,0.0,0.0,1098.8704698324204,0.0,0.0,5209.996751531958,0.0,212.25846536755563,0.0,0.0,1775.019666574895,0.0,0.0,0.0,0.0,0.0,0.0,0.0,3107.954046934843,0.0,0.0,0.0,0.0,0.0,0.0,0.0
264,0.0,113.05407299548385,0.0,0.0,0.0,0.0,0.0,0.0,0.0,0.0,0.0,0.0,0.0,1065.1622828006743,0.0,0.0,5482.080654799938,0.0,156.74383253753172,0.0,0.0,1860.5061908483503,0.0,0.0,0.0,0.0,0.0,0.0,0.0,3155.6095038414,0.0,0.0,0.0,0.0,0.0,0.0,0.0
265,0.0,120.94666937291619,0.0,0.0,0.0,0.0,0.0,0.0,0.0,0.0,0.0,0.0,0.0,999.825517463684,0.0,0.0,5808.456801667808,0.0,91.96779191195958,0.0,0.0,1091.4686058796935,0.0,0.0,0.0,0.0,0.0,0.0,0.0,3158.8513593584294,0.0,0.0,0.0,0.0,0.0,0.0,0.0
266,0.0,128.4002819985151,0.0,0.0,0.0,0.0,0.0,0.0,0.0,0.0,0.0,0.0,0.0,920.7088335752487,0.0,0.0,6131.55150218308,0.0,39.93912732452141,0.0,0.0,624.1709368754176,0.0,0.0,0.0,0.0,0.0,0.0,0.0,3159.22382017076,0.0,0.0,0.0,0.0,0.0,0.0,0.0
267,0.0,134.81391828954213,0.0,0.0,0.0,0.0,0.0,0.0,0.0,0.0,0.0,0.0,0.0,843.4666848897934,0.0,0.0,6425.602466017006,0.0,14.223708995245296,0.0,0.0,637.8339501187203,0.0,0.0,0.0,0.0,0.0,0.0,0.0,3159.5507178157554,0.0,0.0,0.0,0.0,0.0,0.0,0.0
268,0.0,140.57838299274445,0.0,0.0,0.0,0.0,0.0,0.0,0.0,0.0,0.0,0.0,0.0,774.036429643631,0.0,0.0,6688.001493662596,0.0,13.880795166455158,0.0,0.0,773.9753541380159,0.0,0.0,0.0,0.0,0.0,0.0,0.0,3159.838199704884,0.0,0.0,0.0,0.0,0.0,0.0,0.0
269,0.0,145.55265309512615,0.0,0.0,0.0,0.0,0.0,0.0,0.0,0.0,0.0,0.0,0.0,712.5466983437539,0.0,0.0,6968.034065783022,0.0,13.890268369391517,0.0,0.0,727.6532557636499,0.0,0.0,0.0,0.0,0.0,0.0,0.0,3164.5413310885424,0.0,0.0,0.0,0.0,0.0,0.0,0.0
270,0.0,136.60511957108966,0.0,0.0,0.0,0.0,0.0,0.0,0.0,0.0,0.0,0.0,0.0,666.0095349192618,0.0,0.0,7044.103569567202,0.0,14.21348086316119,0.0,0.0,513.9573434550315,0.0,0.0,0.0,0.0,0.0,0.0,0.0,2880.8778885111196,0.0,0.0,0.0,0.0,0.0,0.0,0.0
271,0.0,128.45492087602608,0.0,0.0,0.0,0.0,0.0,0.0,0.0,0.0,0.0,0.0,0.0,632.0632312536239,0.0,0.0,7110.984867990017,0.0,14.635774333961214,0.0,0.0,393.09284637607567,0.0,0.0,0.0,0.0,0.0,0.0,0.0,2706.0778707414847,0.0,0.0,0.0,0.0,0.0,0.0,0.0
272,0.0,121.26448667943475,0.0,0.0,0.0,0.0,0.0,0.0,0.0,0.0,0.0,0.0,0.0,608.3384125113486,0.0,0.0,7134.299977988005,0.0,17.630648661032176,0.0,0.0,340.4487276948986,0.0,0.0,0.0,0.0,0.0,0.0,0.0,2563.356311643122,0.0,0.0,0.0,0.0,0.0,0.0,0.0
273,0.0,115.04383995383972,0.0,0.0,0.0,0.0,0.0,0.0,0.0,0.0,0.0,0.0,0.0,589.7818590402602,0.0,0.0,7115.750880032778,0.0,21.11976259611542,0.0,0.0,327.9256392270318,0.0,0.0,0.0,0.0,0.0,0.0,0.0,2466.178212000429,0.0,0.0,0.0,0.0,0.0,0.0,0.0
274,0.0,100.13789124637835,0.0,0.0,0.0,0.0,0.0,0.0,0.0,0.0,0.0,0.0,0.0,554.3702256917953,0.0,0.0,7129.541744649408,0.0,17.79405238032325,0.0,0.0,318.13086180165345,0.0,0.0,0.0,0.0,0.0,0.0,0.0,2409.8326657623033,0.0,0.0,0.0,0.0,0.0,0.0,0.0
275,0.0,87.33046120405194,0.0,0.0,0.0,0.0,0.0,0.0,0.0,0.0,0.0,0.0,0.0,528.3205528855323,0.0,0.0,7147.460767567158,0.0,17.106031259894202,0.0,0.0,326.8777531307183,0.0,0.0,0.0,0.0,0.0,0.0,0.0,2363.418805165588,0.0,0.0,0.0,0.0,0.0,0.0,0.0
276,0.0,79.46574538350104,0.0,0.0,0.0,0.0,0.0,0.0,0.0,0.0,0.0,0.0,0.0,511.4358821630478,0.0,0.0,7164.357668757439,0.0,16.20345093905921,0.0,0.0,331.7643939055495,0.0,0.0,0.0,0.0,0.0,0.0,0.0,2342.742348313331,0.0,0.0,0.0,0.0,0.0,0.0,0.0
277,0.0,73.00098421722649,0.0,0.0,0.0,0.0,0.0,0.0,0.0,0.0,0.0,0.0,0.0,506.4733629345893,0.0,0.0,7168.284358620644,0.0,16.588353649154286,0.0,0.0,340.8301659543065,0.0,0.0,0.0,0.0,0.0,0.0,0.0,2359.938827857374,0.0,0.0,0.0,0.0,0.0,0.0,0.0
278,0.0,67.7014339372515,0.0,0.0,0.0,0.0,0.0,0.0,0.0,0.0,0.0,0.0,0.0,511.28577587604525,0.0,0.0,7161.566669702528,0.0,18.900220882147483,0.0,0.0,359.1630446624007,0.0,0.0,0.0,0.0,0.0,0.0,0.0,2403.2048521712413,0.0,0.0,0.0,0.0,0.0,0.0,0.0
279,0.0,45.13892319202415,0.0,0.0,0.0,0.0,0.0,0.0,0.0,0.0,0.0,0.0,0.0,534.518938243389,0.0,0.0,6902.184223532677,0.0,28.60388562455763,0.0,0.0,340.8717952910808,0.0,0.0,0.0,0.0,0.0,0.0,0.0,2237.4314041078082,0.0,0.0,0.0,0.0,0.0,0.0,0.0
280,0.0,36.186921764910196,0.0,0.0,0.0,0.0,0.0,0.0,0.0,0.0,0.0,0.0,0.0,567.7722332835198,0.0,0.0,6615.1702644228935,0.0,36.532094103097855,0.0,0.0,340.9109268676485,0.0,0.0,0.0,0.0,0.0,0.0,0.0,2163.2545676887016,0.0,0.0,0.0,0.0,0.0,0.0,0.0
281,0.0,35.12026426345106,0.0,0.0,0.0,0.0,0.0,0.0,0.0,0.0,0.0,0.0,0.0,584.4612457513808,0.0,0.0,6307.578521311282,0.0,30.91059710830446,0.0,0.0,291.77574498318046,0.0,0.0,0.0,0.0,0.0,0.0,0.0,2198.3179562389846,0.0,0.0,0.0,0.0,0.0,0.0,0.0
282,0.0,35.430197860300524,0.0,0.0,0.0,0.0,0.0,0.0,0.0,0.0,0.0,0.0,0.0,608.5960322022437,0.0,0.0,5975.604041054844,0.0,39.9901253357528,0.0,0.0,314.8454366985699,0.0,0.0,0.0,0.0,0.0,0.0,0.0,2367.625261864064,0.0,0.0,0.0,0.0,0.0,0.0,0.0
283,0.0,39.759704659134066,0.0,0.0,0.0,0.0,0.0,0.0,0.0,0.0,0.0,0.0,0.0,645.0498461484908,0.0,0.0,6011.364688783882,0.0,43.11563945710649,0.0,0.0,384.59391451477916,0.0,0.0,0.0,0.0,0.0,0.0,0.0,2723.324071995913,0.0,0.0,0.0,0.0,0.0,0.0,0.0
284,0.0,43.22694824784991,0.0,0.0,0.0,0.0,0.0,0.0,0.0,0.0,0.0,0.0,0.0,685.1665135383606,0.0,0.0,6051.002242669461,0.0,46.688783027231665,0.0,0.0,450.7934156812727,0.0,0.0,0.0,0.0,0.0,0.0,0.0,3036.4455487042665,0.0,0.0,0.0,0.0,0.0,0.0,0.0
285,0.0,48.351976762711985,0.0,0.0,0.0,0.0,0.0,0.0,0.0,0.0,0.0,0.0,0.0,725.0425087213515,0.0,0.0,6088.051432743669,0.0,47.8857838630675,0.0,0.0,503.1253143366422,0.0,0.0,0.0,0.0,0.0,0.0,0.0,3259.3427329748865,0.0,0.0,0.0,0.0,0.0,0.0,0.0
286,0.0,54.405585636198495,0.0,0.0,0.0,0.0,0.0,0.0,0.0,0.0,0.0,0.0,0.0,759.5733212471008,0.0,0.0,6121.132705822587,0.0,34.3123208157718,0.0,0.0,511.2867079664017,0.0,0.0,0.0,0.0,0.0,0.0,0.0,3383.717161747812,0.0,0.0,0.0,0.0,0.0,0.0,0.0
287,0.0,59.944747383892455,0.0,0.0,0.0,0.0,0.0,0.0,0.0,0.0,0.0,0.0,0.0,780.6247864723206,0.0,0.0,6145.717300340533,0.0,14.190798715874367,0.0,0.0,471.3983857456586,0.0,0.0,0.0,0.0,0.0,0.0,0.0,3377.008527776599,0.0,0.0,0.0,0.0,0.0,0.0,0.0
288,0.0,78.56086525171987,0.0,0.0,0.0,0.0,0.0,0.0,0.0,0.0,0.0,0.0,0.0,779.6037229776382,0.0,0.0,6258.941395640371,0.0,13.993928014859444,0.0,0.0,959.0388735271985,0.0,0.0,0.0,0.0,0.0,0.0,0.0,3676.4540028423066,0.0,0.0,0.0,0.0,0.0,0.0,0.0
289,0.0,93.6742593303322,0.0,0.0,0.0,0.0,0.0,0.0,0.0,0.0,0.0,0.0,0.0,755.7103709220886,0.0,0.0,6363.905284985899,0.0,13.991224164329457,0.0,0.0,1365.613607686758,0.0,0.0,0.0,0.0,0.0,0.0,0.0,3929.323795744777,0.0,0.0,0.0,0.0,0.0,0.0,0.0
290,0.0,103.88762624859807,0.0,0.0,0.0,0.0,0.0,0.0,0.0,0.0,0.0,0.0,0.0,712.0619016647338,0.0,0.0,6463.7682890743,0.0,13.991185260005219,0.0,0.0,1749.5706690385932,0.0,0.0,0.0,0.0,0.0,0.0,0.0,4132.47766406238,0.0,0.0,0.0,0.0,0.0,0.0,0.0
291,0.0,112.56068182736632,0.0,0.0,0.0,0.0,0.0,0.0,0.0,0.0,0.0,0.0,0.0,649.6382653594017,0.0,0.0,6560.509310245512,0.0,13.991180628538128,0.0,0.0,2162.1647782266136,0.0,0.0,0.0,0.0,0.0,0.0,0.0,4298.799859002232,0.0,0.0,0.0,0.0,0.0,0.0,0.0
292,0.0,117.67631862759588,0.0,0.0,0.0,0.0,0.0,0.0,0.0,0.0,0.0,0.0,0.0,581.9106942415236,0.0,0.0,6653.347366601229,0.0,14.286117088980927,0.0,0.0,2627.108459615707,0.0,0.0,0.0,0.0,0.0,0.0,0.0,4414.838759440183,0.0,0.0,0.0,0.0,0.0,0.0,0.0
293,0.0,123.11609232723707,0.0,0.0,0.0,0.0,0.0,0.0,0.0,0.0,0.0,0.0,0.0,511.36737487316134,0.0,0.0,6777.651059180498,0.0,14.34198369849468,0.0,0.0,2902.633814540505,0.0,0.0,0.0,0.0,0.0,0.0,0.0,4529.105397313832,0.0,0.0,0.0,0.0,0.0,0.0,0.0
294,0.0,121.05907536149022,0.0,0.0,0.0,0.0,0.0,0.0,0.0,0.0,0.0,0.0,0.0,435.20031539201733,0.0,0.0,6591.0430577099305,0.0,15.302990903891603,0.0,0.0,2636.734070554375,0.0,0.0,0.0,0.0,0.0,0.0,0.0,4482.774165159464,0.0,0.0,0.0,0.0,0.0,0.0,0.0
295,0.0,117.49650832414619,0.0,0.0,0.0,0.0,0.0,0.0,0.0,0.0,0.0,0.0,0.0,369.0817240595817,0.0,0.0,6433.191369801759,0.0,23.510349950194335,0.0,0.0,2496.725376838445,0.0,0.0,0.0,0.0,0.0,0.0,0.0,4426.411442330479,0.0,0.0,0.0,0.0,0.0,0.0,0.0
296,0.0,113.31153503358362,0.0,0.0,0.0,0.0,0.0,0.0,0.0,0.0,0.0,0.0,0.0,322.47257866263385,0.0,0.0,6301.280882418155,0.0,36.568797554075694,0.0,0.0,2406.126921388506,0.0,0.0,0.0,0.0,0.0,0.0,0.0,4359.574976813792,0.0,0.0,0.0,0.0,0.0,0.0,0.0
297,0.0,109.38561595380303,0.0,0.0,0.0,0.0,0.0,0.0,0.0,0.0,0.0,0.0,0.0,286.9801757574081,0.0,0.0,6204.395955219865,0.0,45.00466300100075,0.0,0.0,2385.1511853128663,0.0,0.0,0.0,0.0,0.0,0.0,0.0,4262.03616876304,0.0,0.0,0.0,0.0,0.0,0.0,0.0
298,0.0,97.42263362109658,0.0,0.0,0.0,0.0,0.0,0.0,0.0,0.0,0.0,0.0,0.0,242.92974177002898,0.0,0.0,6108.2927877902985,0.0,46.27571543902149,0.0,0.0,2349.9462391689417,0.0,0.0,0.0,0.0,0.0,0.0,0.0,4224.185109919309,0.0,0.0,0.0,0.0,0.0,0.0,0.0
299,0.0,85.94077501147984,0.0,0.0,0.0,0.0,0.0,0.0,0.0,0.0,0.0,0.0,0.0,204.7534940481186,0.0,0.0,6038.875631809233,0.0,60.18412248641246,0.0,0.0,2310.9107885241506,0.0,0.0,0.0,0.0,0.0,0.0,0.0,4187.585591727495,0.0,0.0,0.0,0.0,0.0,0.0,0.0
300,0.0,76.59616624563927,0.0,0.0,0.0,0.0,0.0,0.0,0.0,0.0,0.0,0.0,0.0,174.44664015769948,0.0,0.0,5990.014090523124,0.0,87.32992961853729,0.0,0.0,2265.964426195621,0.0,0.0,0.0,0.0,0.0,0.0,0.0,4152.453135201334,0.0,0.0,0.0,0.0,0.0,0.0,0.0
301,0.0,69.73364246785641,0.0,0.0,0.0,0.0,0.0,0.0,0.0,0.0,0.0,0.0,0.0,157.55468381047245,0.0,0.0,5953.155089765785,0.0,111.13288454860438,0.0,0.0,2217.194371439516,0.0,0.0,0.0,0.0,0.0,0.0,0.0,4120.866288641094,0.0,0.0,0.0,0.0,0.0,0.0,0.0
302,0.0,64.92598937898872,0.0,0.0,0.0,0.0,0.0,0.0,0.0,0.0,0.0,0.0,0.0,148.08256462216374,0.0,0.0,5928.116607859731,0.0,134.73498201072212,0.0,0.0,2155.534057465195,0.0,0.0,0.0,0.0,0.0,0.0,0.0,4091.512037280202,0.0,0.0,0.0,0.0,0.0,0.0,0.0
303,0.0,49.99859193116422,0.0,0.0,0.0,0.0,0.0,0.0,0.0,0.0,0.0,0.0,0.0,157.73088384270656,0.0,0.0,5888.591456249355,0.0,170.7302705436944,0.0,0.0,2075.614813622832,0.0,0.0,0.0,0.0,0.0,0.0,0.0,3157.368386745451,0.0,0.0,0.0,0.0,0.0,0.0,0.0
304,0.0,37.232298861443944,0.0,0.0,0.0,0.0,0.0,0.0,0.0,0.0,0.0,0.0,0.0,168.03986351490022,0.0,0.0,5880.202123805879,0.0,217.4827010452746,0.0,0.0,1993.2725910007948,0.0,0.0,0.0,0.0,0.0,0.0,0.0,2462.4579432263968,0.0,0.0,0.0,0.0,0.0,0.0,0.0
305,0.0,24.739649073779535,0.0,0.0,0.0,0.0,0.0,0.0,0.0,0.0,0.0,0.0,0.0,167.5913604557514,0.0,0.0,5948.338516145944,0.0,238.07045441865904,0.0,0.0,1866.970545642078,0.0,0.0,0.0,0.0,0.0,0.0,0.0,2042.8374446436762,0.0,0.0,0.0,0.0,0.0,0.0,0.0
306,0.0,16.208419608324718,0.0,0.0,0.0,0.0,0.0,0.0,0.0,0.0,0.0,0.0,0.0,178.7017812669276,0.0,0.0,6012.76874488592,0.0,260.02432016730296,0.0,0.0,1739.0714475452896,0.0,0.0,0.0,0.0,0.0,0.0,0.0,1802.1548949718454,0.0,0.0,0.0,0.0,0.0,0.0,0.0
307,0.0,16.2340942695736,0.0,0.0,0.0,0.0,0.0,0.0,0.0,0.0,0.0,0.0,0.0,210.72246068716046,0.0,0.0,6133.260483488439,0.0,272.5072875976563,0.0,0.0,1739.1786241650582,0.0,0.0,0.0,0.0,0.0,0.0,0.0,1855.9847034707657,0.0,0.0,0.0,0.0,0.0,0.0,0.0
308,0.0,16.606048954278172,0.0,0.0,0.0,0.0,0.0,0.0,0.0,0.0,0.0,0.0,0.0,257.55622749924646,0.0,0.0,6200.467709615825,0.0,289.54290573596955,0.0,0.0,1724.7433867245904,0.0,0.0,0.0,0.0,0.0,0.0,0.0,1914.0166293188927,0.0,0.0,0.0,0.0,0.0,0.0,0.0
309,0.0,16.955506309121755,0.0,0.0,0.0,0.0,0.0,0.0,0.0,0.0,0.0,0.0,0.0,303.58041568994514,0.0,0.0,6251.848773181437,0.0,308.4128516435622,0.0,0.0,1688.3109049737445,0.0,0.0,0.0,0.0,0.0,0.0,0.0,1960.9251757323734,0.0,0.0,0.0,0.0,0.0,0.0,0.0
310,0.0,17.576057365536652,0.0,0.0,0.0,0.0,0.0,0.0,0.0,0.0,0.0,0.0,0.0,352.7883770585059,0.0,0.0,6264.856322288512,0.0,318.70526108145697,0.0,0.0,1654.05616736412,0.0,0.0,0.0,0.0,0.0,0.0,0.0,2008.6167938828467,0.0,0.0,0.0,0.0,0.0,0.0,0.0
311,0.0,18.602317868918142,0.0,0.0,0.0,0.0,0.0,0.0,0.0,0.0,0.0,0.0,0.0,403.75811457633966,0.0,0.0,6233.482863709331,0.0,309.7439575374125,0.0,0.0,1660.5644221857187,0.0,0.0,0.0,0.0,0.0,0.0,0.0,2061.250207626819,0.0,0.0,0.0,0.0,0.0,0.0,0.0
312,0.0,48.60255107581613,0.0,0.0,0.0,0.0,0.0,0.0,0.0,0.0,0.0,0.0,0.0,453.6751801967621,0.0,0.0,6355.2359191924315,0.0,303.998952281475,0.0,0.0,1888.059513513744,0.0,0.0,0.0,0.0,0.0,0.0,0.0,2552.988159787653,0.0,0.0,0.0,0.0,0.0,0.0,0.0
313,0.0,78.50635963976376,0.0,0.0,0.0,0.0,0.0,0.0,0.0,0.0,0.0,0.0,0.0,501.9890945315361,0.0,0.0,6473.135793566702,0.0,280.7825708150864,0.0,0.0,2112.6606847286225,0.0,0.0,0.0,0.0,0.0,0.0,0.0,2981.1239080876107,0.0,0.0,0.0,0.0,0.0,0.0,0.0
314,0.0,103.39041947722436,0.0,0.0,0.0,0.0,0.0,0.0,0.0,0.0,0.0,0.0,0.0,545.0876224160195,0.0,0.0,6597.413038551807,0.0,255.20083608031274,0.0,0.0,2388.14380479902,0.0,0.0,0.0,0.0,0.0,0.0,0.0,3344.668442505598,0.0,0.0,0.0,0.0,0.0,0.0,0.0
315,0.0,116.91093947589397,0.0,0.0,0.0,0.0,0.0,0.0,0.0,0.0,0.0,0.0,0.0,580.416177225113,0.0,0.0,6716.2148536741715,0.0,234.26939079165453,0.0,0.0,2654.521756330132,0.0,0.0,0.0,0.0,0.0,0.0,0.0,3646.6954687744374,0.0,0.0,0.0,0.0,0.0,0.0,0.0
316,0.0,122.54449532032007,0.0,0.0,0.0,0.0,0.0,0.0,0.0,0.0,0.0,0.0,0.0,606.5897280693055,0.0,0.0,6816.837837159632,0.0,233.30733502209185,0.0,0.0,2929.3053521633146,0.0,0.0,0.0,0.0,0.0,0.0,0.0,3854.7882397860285,0.0,0.0,0.0,0.0,0.0,0.0,0.0
317,0.0,123.93930872976777,0.0,0.0,0.0,0.0,0.0,0.0,0.0,0.0,0.0,0.0,0.0,613.8333876132965,0.0,0.0,6901.276448756455,0.0,244.01553905606264,0.0,0.0,3221.5245252728464,0.0,0.0,0.0,0.0,0.0,0.0,0.0,4038.198068925737,0.0,0.0,0.0,0.0,0.0,0.0,0.0
318,0.0,110.96786385923625,0.0,0.0,0.0,0.0,0.0,0.0,0.0,0.0,0.0,0.0,0.0,605.7631122946738,0.0,0.0,6798.011039465664,0.0,250.88777672648425,0.0,0.0,3443.035891422629,0.0,0.0,0.0,0.0,0.0,0.0,0.0,4082.9674969553935,0.0,0.0,0.0,0.0,0.0,0.0,0.0
319,0.0,95.2121929317712,0.0,0.0,0.0,0.0,0.0,0.0,0.0,0.0,0.0,0.0,0.0,590.2780885457992,0.0,0.0,6692.988420903681,0.0,264.0907927989959,0.0,0.0,3592.89665966928,0.0,0.0,0.0,0.0,0.0,0.0,0.0,4092.4193228900417,0.0,0.0,0.0,0.0,0.0,0.0,0.0
320,0.0,80.36954536288974,0.0,0.0,0.0,0.0,0.0,0.0,0.0,0.0,0.0,0.0,0.0,574.6403132677078,0.0,0.0,6603.723123371601,0.0,280.45026119351377,0.0,0.0,3667.9293762713664,0.0,0.0,0.0,0.0,0.0,0.0,0.0,4069.024444526432,0.0,0.0,0.0,0.0,0.0,0.0,0.0
321,0.0,72.44737104624508,0.0,0.0,0.0,0.0,0.0,0.0,0.0,0.0,0.0,0.0,0.0,557.6501018643378,0.0,0.0,6526.791739165783,0.0,298.8065514564513,0.0,0.0,3693.522789761424,0.0,0.0,0.0,0.0,0.0,0.0,0.0,4022.802780941127,0.0,0.0,0.0,0.0,0.0,0.0,0.0
322,0.0,69.87596306651824,0.0,0.0,0.0,0.0,0.0,0.0,0.0,0.0,0.0,0.0,0.0,526.2371332168578,0.0,0.0,6496.613089546561,0.0,305.8676937043666,0.0,0.0,3572.7571434348815,0.0,0.0,0.0,0.0,0.0,0.0,0.0,3935.3576609045253,0.0,0.0,0.0,0.0,0.0,0.0,0.0
323,0.0,67.59333453029387,0.0,0.0,0.0,0.0,0.0,0.0,0.0,0.0,0.0,0.0,0.0,503.8896338105202,0.0,0.0,6488.103965058923,0.0,315.23458038568486,0.0,0.0,3460.744254389405,0.0,0.0,0.0,0.0,0.0,0.0,0.0,3845.9384985625743,0.0,0.0,0.0,0.0,0.0,0.0,0.0
324,0.0,67.76306574940678,0.0,0.0,0.0,0.0,0.0,0.0,0.0,0.0,0.0,0.0,0.0,491.7036306142807,0.0,0.0,6486.991999298332,0.0,332.6847333610057,0.0,0.0,3351.497975376248,0.0,0.0,0.0,0.0,0.0,0.0,0.0,3799.6553608626123,0.0,0.0,0.0,0.0,0.0,0.0,0.0
325,0.0,69.94068804234257,0.0,0.0,0.0,0.0,0.0,0.0,0.0,0.0,0.0,0.0,0.0,484.8268975496292,0.0,0.0,6469.276389494537,0.0,355.32927313446993,0.0,0.0,3243.485741284489,0.0,0.0,0.0,0.0,0.0,0.0,0.0,3792.0687318891287,0.0,0.0,0.0,0.0,0.0,0.0,0.0
326,0.0,74.72176517397163,0.0,0.0,0.0,0.0,0.0,0.0,0.0,0.0,0.0,0.0,0.0,479.9255775690078,0.0,0.0,6433.112804889677,0.0,375.9712109684944,0.0,0.0,3135.963976469636,0.0,0.0,0.0,0.0,0.0,0.0,0.0,3804.4177966862917,0.0,0.0,0.0,0.0,0.0,0.0,0.0
327,0.0,68.33683007508515,0.0,0.0,0.0,0.0,0.0,0.0,0.0,0.0,0.0,0.0,0.0,490.138454246521,0.0,0.0,6135.935968786477,0.0,389.22556592822065,0.0,0.0,3137.2622062593696,0.0,0.0,0.0,0.0,0.0,0.0,0.0,3270.819226956366,0.0,0.0,0.0,0.0,0.0,0.0,0.0
328,0.0,63.90995876044032,0.0,0.0,0.0,0.0,0.0,0.0,0.0,0.0,0.0,0.0,0.0,508.7069337248802,0.0,0.0,5839.877710342407,0.0,388.47581661343565,0.0,0.0,3137.067835101485,0.0,0.0,0.0,0.0,0.0,0.0,0.0,2778.2452268362035,0.0,0.0,0.0,0.0,0.0,0.0,0.0
329,0.0,60.690276981890186,0.0,0.0,0.0,0.0,0.0,0.0,0.0,0.0,0.0,0.0,0.0,521.5999339461326,0.0,0.0,5774.6567763239145,0.0,371.4846605598926,0.0,0.0,3123.1000572681423,0.0,0.0,0.0,0.0,0.0,0.0,0.0,2429.7792079061264,0.0,0.0,0.0,0.0,0.0,0.0,0.0
330,0.0,60.215767438709705,0.0,0.0,0.0,0.0,0.0,0.0,0.0,0.0,0.0,0.0,0.0,534.6869783759117,0.0,0.0,5745.346230089663,0.0,350.69410079717636,0.0,0.0,3102.0767880588764,0.0,0.0,0.0,0.0,0.0,0.0,0.0,2229.4517024129623,0.0,0.0,0.0,0.0,0.0,0.0,0.0
331,0.0,71.38562332838768,0.0,0.0,0.0,0.0,0.0,0.0,0.0,0.0,0.0,0.0,0.0,553.799436223507,0.0,0.0,5940.27511140704,0.0,317.4414707839489,0.0,0.0,3114.158681246638,0.0,0.0,0.0,0.0,0.0,0.0,0.0,2410.2644310146566,0.0,0.0,0.0,0.0,0.0,0.0,0.0
332,0.0,83.51962745189661,0.0,0.0,0.0,0.0,0.0,0.0,0.0,0.0,0.0,0.0,0.0,561.8160445094107,0.0,0.0,6106.458958283066,0.0,290.30548977255813,0.0,0.0,3128.3050867795946,0.0,0.0,0.0,0.0,0.0,0.0,0.0,2585.4936827495685,0.0,0.0,0.0,0.0,0.0,0.0,0.0
333,0.0,90.898919981718,0.0,0.0,0.0,0.0,0.0,0.0,0.0,0.0,0.0,0.0,0.0,563.147453200817,0.0,0.0,6248.851249530911,0.0,271.10483487844465,0.0,0.0,3152.6253994613885,0.0,0.0,0.0,0.0,0.0,0.0,0.0,2764.179587790369,0.0,0.0,0.0,0.0,0.0,0.0,0.0
334,0.0,95.62596845179795,0.0,0.0,0.0,0.0,0.0,0.0,0.0,0.0,0.0,0.0,0.0,572.7604875802994,0.0,0.0,6301.429844602941,0.0,280.02120207548137,0.0,0.0,3181.392330828309,0.0,0.0,0.0,0.0,0.0,0.0,0.0,2943.531040525436,0.0,0.0,0.0,0.0,0.0,0.0,0.0
335,0.0,98.90303858667606,0.0,0.0,0.0,0.0,0.0,0.0,0.0,0.0,0.0,0.0,0.0,606.0447633385658,0.0,0.0,6228.6168953180295,0.0,335.7315421819686,0.0,0.0,3210.528627946973,0.0,0.0,0.0,0.0,0.0,0.0,0.0,3129.835215628147,0.0,0.0,0.0,0.0,0.0,0.0,0.0
336,0.0,126.65593408048147,0.0,0.0,0.0,0.0,0.0,0.0,0.0,0.0,0.0,0.0,0.0,664.5622287511825,0.0,0.0,6460.80849213898,0.0,452.32636412382124,0.0,0.0,3542.631430515647,0.0,0.0,0.0,0.0,0.0,0.0,0.0,3634.5329959958776,0.0,0.0,0.0,0.0,0.0,0.0,0.0
337,0.0,160.24130880832664,0.0,0.0,0.0,0.0,0.0,0.0,0.0,0.0,0.0,0.0,0.0,744.8973829388618,0.0,0.0,6768.345395386219,0.0,598.5967820763587,0.0,0.0,3722.4834867686027,0.0,0.0,0.0,0.0,0.0,0.0,0.0,4115.724882981181,0.0,0.0,0.0,0.0,0.0,0.0,0.0
338,0.0,193.36510776579377,0.0,0.0,0.0,0.0,0.0,0.0,0.0,0.0,0.0,0.0,0.0,831.4473319530487,0.0,0.0,7116.0324691236,0.0,746.0415918946267,0.0,0.0,3706.232301968336,0.0,0.0,0.0,0.0,0.0,0.0,0.0,4596.01382370591,0.0,0.0,0.0,0.0,0.0,0.0,0.0
339,0.0,218.46897160112854,0.0,0.0,0.0,0.0,0.0,0.0,0.0,0.0,0.0,0.0,0.0,909.0881500244141,0.0,0.0,7420.102792859076,0.0,869.6021997332572,0.0,0.0,3557.5186868637797,0.0,0.0,0.0,0.0,0.0,0.0,0.0,5058.7045334666955,0.0,0.0,0.0,0.0,0.0,0.0,0.0
340,0.0,242.56788690090178,0.0,0.0,0.0,0.0,0.0,0.0,0.0,0.0,0.0,0.0,0.0,979.5591959953308,0.0,0.0,7656.517837107182,0.0,971.002311694622,0.0,0.0,3268.9843912661077,0.0,0.0,0.0,0.0,0.0,0.0,0.0,5686.673463055491,0.0,0.0,0.0,0.0,0.0,0.0,0.0
341,0.0,278.91063818335533,0.0,0.0,0.0,0.0,0.0,0.0,0.0,0.0,0.0,0.0,0.0,1040.90630838871,0.0,0.0,7841.4596401453,0.0,1037.2100907325744,0.0,0.0,3193.9195822298525,0.0,0.0,0.0,0.0,0.0,0.0,0.0,6379.565205132962,0.0,0.0,0.0,0.0,0.0,0.0,0.0
342,0.0,299.88523373007774,0.0,0.0,0.0,0.0,0.0,0.0,0.0,0.0,0.0,0.0,0.0,1096.3743475437163,0.0,0.0,7713.663309395311,0.0,1067.4792852163314,0.0,0.0,2712.0065721362826,0.0,0.0,0.0,0.0,0.0,0.0,0.0,6883.453335249424,0.0,0.0,0.0,0.0,0.0,0.0,0.0
343,0.0,329.2312067091465,0.0,0.0,0.0,0.0,0.0,0.0,0.0,0.0,0.0,0.0,0.0,1145.1156702518463,0.0,0.0,7604.3732937276345,0.0,1077.6174705028534,0.0,0.0,2513.9556836396455,0.0,0.0,0.0,0.0,0.0,0.0,0.0,7422.491640901566,0.0,0.0,0.0,0.0,0.0,0.0,0.0
344,0.0,358.9014498531818,0.0,0.0,0.0,0.0,0.0,0.0,0.0,0.0,0.0,0.0,0.0,1185.296899485588,0.0,0.0,7515.904535502195,0.0,1073.4132543325425,0.0,0.0,2413.6223213195794,0.0,0.0,0.0,0.0,0.0,0.0,0.0,8002.610566091536,0.0,0.0,0.0,0.0,0.0,0.0,0.0
345,0.0,382.08022962212556,0.0,0.0,0.0,0.0,0.0,0.0,0.0,0.0,0.0,0.0,0.0,1208.9692168951035,0.0,0.0,7477.637978225946,0.0,1047.9852102041245,0.0,0.0,2417.1152497440576,0.0,0.0,0.0,0.0,0.0,0.0,0.0,8591.096479898692,0.0,0.0,0.0,0.0,0.0,0.0,0.0
346,0.0,401.7186906874179,0.0,0.0,0.0,0.0,0.0,0.0,0.0,0.0,0.0,0.0,0.0,1205.802548122406,0.0,0.0,7642.199576348066,0.0,998.490373134613,0.0,0.0,2434.727032649517,0.0,0.0,0.0,0.0,0.0,0.0,0.0,8610.56858652234,0.0,0.0,0.0,0.0,0.0,0.0,0.0
347,0.0,418.95865232348444,0.0,0.0,0.0,0.0,0.0,0.0,0.0,0.0,0.0,0.0,0.0,1199.003916954994,0.0,0.0,7851.276364803312,0.0,941.4949009299277,0.0,0.0,2415.263879603147,0.0,0.0,0.0,0.0,0.0,0.0,0.0,8657.205742800235,0.0,0.0,0.0,0.0,0.0,0.0,0.0
348,0.0,433.95975263714786,0.0,0.0,0.0,0.0,0.0,0.0,0.0,0.0,0.0,0.0,0.0,1187.6308101415634,0.0,0.0,8067.517339795826,0.0,893.5538062334059,0.0,0.0,2359.9413672387595,0.0,0.0,0.0,0.0,0.0,0.0,0.0,8758.49411023259,0.0,0.0,0.0,0.0,0.0,0.0,0.0
349,0.0,446.91327679753306,0.0,0.0,0.0,0.0,0.0,0.0,0.0,0.0,0.0,0.0,0.0,1170.615356850624,0.0,0.0,8289.673241436481,0.0,860.7990033626555,0.0,0.0,2260.4593627005806,0.0,0.0,0.0,0.0,0.0,0.0,0.0,8934.484375345706,0.0,0.0,0.0,0.0,0.0,0.0,0.0
350,0.0,457.92381722331044,0.0,0.0,0.0,0.0,0.0,0.0,0.0,0.0,0.0,0.0,0.0,1148.0355693101883,0.0,0.0,8527.02017444372,0.0,836.0071227431297,0.0,0.0,2166.6259293347593,0.0,0.0,0.0,0.0,0.0,0.0,0.0,9129.315371763707,0.0,0.0,0.0,0.0,0.0,0.0,0.0
351,0.0,449.6069804728031,0.0,0.0,0.0,0.0,0.0,0.0,0.0,0.0,0.0,0.0,0.0,1132.8295513629914,0.0,0.0,8417.510799318552,0.0,836.7466754198074,0.0,0.0,2166.007847218215,0.0,0.0,0.0,0.0,0.0,0.0,0.0,8854.254146695137,0.0,0.0,0.0,0.0,0.0,0.0,0.0
352,0.0,436.7132153928279,0.0,0.0,0.0,0.0,0.0,0.0,0.0,0.0,0.0,0.0,0.0,1118.168722319603,0.0,0.0,8325.526844680307,0.0,838.7782369971275,0.0,0.0,2157.2762830540532,0.0,0.0,0.0,0.0,0.0,0.0,0.0,8269.222354906797,0.0,0.0,0.0,0.0,0.0,0.0,0.0
353,0.0,434.5055241823196,0.0,0.0,0.0,0.0,0.0,0.0,0.0,0.0,0.0,0.0,0.0,1103.0748805761336,0.0,0.0,8018.908217459917,0.0,826.5080651044844,0.0,0.0,2194.6606385126706,0.0,0.0,0.0,0.0,0.0,0.0,0.0,7687.2888584971415,0.0,0.0,0.0,0.0,0.0,0.0,0.0
354,0.0,437.28707090020174,0.0,0.0,0.0,0.0,0.0,0.0,0.0,0.0,0.0,0.0,0.0,1088.7547945976257,0.0,0.0,7799.145045220852,0.0,819.8866528749464,0.0,0.0,2224.793163505196,0.0,0.0,0.0,0.0,0.0,0.0,0.0,7111.052927678824,0.0,0.0,0.0,0.0,0.0,0.0,0.0
355,0.0,460.46012726426125,0.0,0.0,0.0,0.0,0.0,0.0,0.0,0.0,0.0,0.0,0.0,1075.9774676799775,0.0,0.0,8042.725053876637,0.0,798.823896229267,0.0,0.0,2315.7519019424917,0.0,0.0,0.0,0.0,0.0,0.0,0.0,7088.481079226732,0.0,0.0,0.0,0.0,0.0,0.0,0.0
356,0.0,478.138069653511,0.0,0.0,0.0,0.0,0.0,0.0,0.0,0.0,0.0,0.0,0.0,1055.0410480737687,0.0,0.0,8303.867820799349,0.0,771.5938927292824,0.0,0.0,2382.7922400221223,0.0,0.0,0.0,0.0,0.0,0.0,0.0,7032.705976611376,0.0,0.0,0.0,0.0,0.0,0.0,0.0
357,0.0,486.1872530579567,0.0,0.0,0.0,0.0,0.0,0.0,0.0,0.0,0.0,0.0,0.0,1033.6272294998168,0.0,0.0,8578.015025347471,0.0,743.5577027082442,0.0,0.0,2433.7382223665713,0.0,0.0,0.0,0.0,0.0,0.0,0.0,6975.460557818413,0.0,0.0,0.0,0.0,0.0,0.0,0.0
358,0.0,484.23865814208983,0.0,0.0,0.0,0.0,0.0,0.0,0.0,0.0,0.0,0.0,0.0,1011.0512080669403,0.0,0.0,8790.771918743849,0.0,708.012459397316,0.0,0.0,2501.4835343420505,0.0,0.0,0.0,0.0,0.0,0.0,0.0,6861.120874232053,0.0,0.0,0.0,0.0,0.0,0.0,0.0
359,0.0,457.60661714673034,0.0,0.0,0.0,0.0,0.0,0.0,0.0,0.0,0.0,0.0,0.0,988.5343683242797,0.0,0.0,8822.94463917613,0.0,658.0672510504722,0.0,0.0,2630.767299869656,0.0,0.0,0.0,0.0,0.0,0.0,0.0,6617.295731657743,0.0,0.0,0.0,0.0,0.0,0.0,0.0
360,0.0,443.0763510525227,0.0,0.0,0.0,0.0,0.0,0.0,0.0,0.0,0.0,0.0,0.0,965.1262164592742,0.0,0.0,8865.551713377237,0.0,625.4027358531952,0.0,0.0,2979.2060597062105,0.0,0.0,0.0,0.0,0.0,0.0,0.0,6663.822234529256,0.0,0.0,0.0,0.0,0.0,0.0,0.0
361,0.0,413.7275163710117,0.0,0.0,0.0,0.0,0.0,0.0,0.0,0.0,0.0,0.0,0.0,942.1548434019089,0.0,0.0,8751.14331036806,0.0,581.5574291229248,0.0,0.0,3387.4324188798664,0.0,0.0,0.0,0.0,0.0,0.0,0.0,6656.636995363236,0.0,0.0,0.0,0.0,0.0,0.0,0.0
362,0.0,380.51069805622103,0.0,0.0,0.0,0.0,0.0,0.0,0.0,0.0,0.0,0.0,0.0,920.440812253952,0.0,0.0,8596.464555889366,0.0,536.8850090503691,0.0,0.0,3416.066741886735,0.0,0.0,0.0,0.0,0.0,0.0,0.0,6630.09753522873,0.0,0.0,0.0,0.0,0.0,0.0,0.0
363,0.0,350.00051718950266,0.0,0.0,0.0,0.0,0.0,0.0,0.0,0.0,0.0,0.0,0.0,900.1206892490387,0.0,0.0,8467.084480971096,0.0,504.7788783550262,0.0,0.0,3382.241316273808,0.0,0.0,0.0,0.0,0.0,0.0,0.0,6599.603481459618,0.0,0.0,0.0,0.0,0.0,0.0,0.0
364,0.0,322.03441784977906,0.0,0.0,0.0,0.0,0.0,0.0,0.0,0.0,0.0,0.0,0.0,884.6779445409775,0.0,0.0,8343.070934057234,0.0,477.5418794870375,0.0,0.0,3317.040086603164,0.0,0.0,0.0,0.0,0.0,0.0,0.0,6577.53065817356,0.0,0.0,0.0,0.0,0.0,0.0,0.0
365,0.0,296.8636687338352,0.0,0.0,0.0,0.0,0.0,0.0,0.0,0.0,0.0,0.0,0.0,871.5886583805084,0.0,0.0,8230.934690535067,0.0,450.18595936298357,0.0,0.0,3317.767010512948,0.0,0.0,0.0,0.0,0.0,0.0,0.0,6544.961672228575,0.0,0.0,0.0,0.0,0.0,0.0,0.0
366,0.0,271.8175439536571,0.0,0.0,0.0,0.0,0.0,0.0,0.0,0.0,0.0,0.0,0.0,854.1004689216613,0.0,0.0,8005.416055083275,0.0,409.2410922706127,0.0,0.0,2959.6099955409763,0.0,0.0,0.0,0.0,0.0,0.0,0.0,6074.140106773376,0.0,0.0,0.0,0.0,0.0,0.0,0.0
367,0.0,250.51233760714524,0.0,0.0,0.0,0.0,0.0,0.0,0.0,0.0,0.0,0.0,0.0,836.7542258501053,0.0,0.0,7811.321828722952,0.0,371.4222950756548,0.0,0.0,2711.3626041412354,0.0,0.0,0.0,0.0,0.0,0.0,0.0,5605.218091461062,0.0,0.0,0.0,0.0,0.0,0.0,0.0
368,0.0,231.25561923086644,0.0,0.0,0.0,0.0,0.0,0.0,0.0,0.0,0.0,0.0,0.0,817.8926625013352,0.0,0.0,7645.841565638781,0.0,339.73075850009906,0.0,0.0,2565.285715538263,0.0,0.0,0.0,0.0,0.0,0.0,0.0,5159.1601074516775,0.0,0.0,0.0,0.0,0.0,0.0,0.0
369,0.0,212.15866521298886,0.0,0.0,0.0,0.0,0.0,0.0,0.0,0.0,0.0,0.0,0.0,801.0620174884796,0.0,0.0,7502.795085370541,0.0,321.2219336450099,0.0,0.0,2434.489821119606,0.0,0.0,0.0,0.0,0.0,0.0,0.0,4745.892054587603,0.0,0.0,0.0,0.0,0.0,0.0,0.0
370,0.0,181.25164757966994,0.0,0.0,0.0,0.0,0.0,0.0,0.0,0.0,0.0,0.0,0.0,765.7257959604264,0.0,0.0,7267.189026355743,0.0,284.05444670915585,0.0,0.0,2377.1429119527334,0.0,0.0,0.0,0.0,0.0,0.0,0.0,4477.329366663097,0.0,0.0,0.0,0.0,0.0,0.0,0.0
371,0.0,152.7838384956121,0.0,0.0,0.0,0.0,0.0,0.0,0.0,0.0,0.0,0.0,0.0,724.963465297222,0.0,0.0,7064.436324387789,0.0,231.52608016133303,0.0,0.0,2312.190550026297,0.0,0.0,0.0,0.0,0.0,0.0,0.0,4236.414119386671,0.0,0.0,0.0,0.0,0.0,0.0,0.0
372,0.0,129.8620648562908,0.0,0.0,0.0,0.0,0.0,0.0,0.0,0.0,0.0,0.0,0.0,679.5268123030662,0.0,0.0,6887.587485164404,0.0,195.81205877661705,0.0,0.0,2233.2246936857696,0.0,0.0,0.0,0.0,0.0,0.0,0.0,4036.792481374739,0.0,0.0,0.0,0.0,0.0,0.0,0.0
373,0.0,112.01945533901453,0.0,0.0,0.0,0.0,0.0,0.0,0.0,0.0,0.0,0.0,0.0,635.6056589245795,0.0,0.0,6729.482989370821,0.0,173.14906723797318,0.0,0.0,2126.045046329498,0.0,0.0,0.0,0.0,0.0,0.0,0.0,3861.322576561569,0.0,0.0,0.0,0.0,0.0,0.0,0.0
374,0.0,98.3307331681251,0.0,0.0,0.0,0.0,0.0,0.0,0.0,0.0,0.0,0.0,0.0,592.7725071191786,0.0,0.0,6557.113905876873,0.0,163.5607149124144,0.0,0.0,1981.5105624988666,0.0,0.0,0.0,0.0,0.0,0.0,0.0,3693.6931526541707,0.0,0.0,0.0,0.0,0.0,0.0,0.0
375,0.0,74.99251869767899,0.0,0.0,0.0,0.0,0.0,0.0,0.0,0.0,0.0,0.0,0.0,561.0724176049231,0.0,0.0,6270.143118575215,0.0,180.21757537126524,0.0,0.0,1857.8553860619659,0.0,0.0,0.0,0.0,0.0,0.0,0.0,2834.9015789657833,0.0,0.0,0.0,0.0,0.0,0.0,0.0
376,0.0,56.93010518252846,0.0,0.0,0.0,0.0,0.0,0.0,0.0,0.0,0.0,0.0,0.0,533.369109737873,0.0,0.0,5977.960210546849,0.0,202.5176229119301,0.0,0.0,1727.1538010135291,0.0,0.0,0.0,0.0,0.0,0.0,0.0,2232.2634199336153,0.0,0.0,0.0,0.0,0.0,0.0,0.0
377,0.0,43.500212775170716,0.0,0.0,0.0,0.0,0.0,0.0,0.0,0.0,0.0,0.0,0.0,509.9522151231766,0.0,0.0,5710.091198131441,0.0,240.03169179856775,0.0,0.0,1597.27662821263,0.0,0.0,0.0,0.0,0.0,0.0,0.0,1847.6341682195662,0.0,0.0,0.0,0.0,0.0,0.0,0.0
378,0.0,32.478407903015615,0.0,0.0,0.0,0.0,0.0,0.0,0.0,0.0,0.0,0.0,0.0,494.0348960280418,0.0,0.0,5430.133690506219,0.0,288.8776640236376,0.0,0.0,1464.2754386007787,0.0,0.0,0.0,0.0,0.0,0.0,0.0,1662.6037729337797,0.0,0.0,0.0,0.0,0.0,0.0,0.0
379,0.0,28.664030339196277,0.0,0.0,0.0,0.0,0.0,0.0,0.0,0.0,0.0,0.0,0.0,495.9801802515983,0.0,0.0,5414.992831781506,0.0,336.61417384743686,0.0,0.0,1414.7946575313797,0.0,0.0,0.0,0.0,0.0,0.0,0.0,1828.9641179859623,0.0,0.0,0.0,0.0,0.0,0.0,0.0
380,0.0,30.136206156760416,0.0,0.0,0.0,0.0,0.0,0.0,0.0,0.0,0.0,0.0,0.0,505.9927358746528,0.0,0.0,5389.900287881492,0.0,391.6598354279995,0.0,0.0,1377.402581723034,0.0,0.0,0.0,0.0,0.0,0.0,0.0,1987.1894488006815,0.0,0.0,0.0,0.0,0.0,0.0,0.0
381,0.0,31.809043076634342,0.0,0.0,0.0,0.0,0.0,0.0,0.0,0.0,0.0,0.0,0.0,521.8723490595817,0.0,0.0,5349.327344819902,0.0,441.84789568185806,0.0,0.0,1354.488129588961,0.0,0.0,0.0,0.0,0.0,0.0,0.0,2153.5071235850455,0.0,0.0,0.0,0.0,0.0,0.0,0.0
382,0.0,32.91632553040978,0.0,0.0,0.0,0.0,0.0,0.0,0.0,0.0,0.0,0.0,0.0,552.2469480514525,0.0,0.0,5308.4514212310305,0.0,510.26615172624577,0.0,0.0,1379.9902612969279,0.0,0.0,0.0,0.0,0.0,0.0,0.0,2289.112330687044,0.0,0.0,0.0,0.0,0.0,0.0,0.0
383,0.0,31.791466051340024,0.0,0.0,0.0,0.0,0.0,0.0,0.0,0.0,0.0,0.0,0.0,604.2419186830521,0.0,0.0,5285.722436591981,0.0,612.2726079583168,0.0,0.0,1463.9257521718741,0.0,0.0,0.0,0.0,0.0,0.0,0.0,2339.4514943107956,0.0,0.0,0.0,0.0,0.0,0.0,0.0
384,0.0,28.92082078903906,0.0,0.0,0.0,0.0,0.0,0.0,0.0,0.0,0.0,0.0,0.0,677.8483388662338,0.0,0.0,5529.338227286933,0.0,765.1730934262274,0.0,0.0,1775.7300901293754,0.0,0.0,0.0,0.0,0.0,0.0,0.0,2520.094626678526,0.0,0.0,0.0,0.0,0.0,0.0,0.0
385,0.0,23.348367201536863,0.0,0.0,0.0,0.0,0.0,0.0,0.0,0.0,0.0,0.0,0.0,768.646233034134,0.0,0.0,5852.7012930959445,0.0,939.8374136924743,0.0,0.0,2192.774602487683,0.0,0.0,0.0,0.0,0.0,0.0,0.0,2630.5032214388234,0.0,0.0,0.0,0.0,0.0,0.0,0.0
386,0.0,19.763018768280663,0.0,0.0,0.0,0.0,0.0,0.0,0.0,0.0,0.0,0.0,0.0,865.7053706884384,0.0,0.0,6185.962371021509,0.0,1113.2242493391036,0.0,0.0,2570.8616245955222,0.0,0.0,0.0,0.0,0.0,0.0,0.0,2718.6326930165274,0.0,0.0,0.0,0.0,0.0,0.0,0.0
387,0.0,17.346430293470572,0.0,0.0,0.0,0.0,0.0,0.0,0.0,0.0,0.0,0.0,0.0,959.167875623703,0.0,0.0,6495.207866638898,0.0,1266.768545794487,0.0,0.0,2878.173021769523,0.0,0.0,0.0,0.0,0.0,0.0,0.0,2797.17437238246,0.0,0.0,0.0,0.0,0.0,0.0,0.0
388,0.0,17.187107815593464,0.0,0.0,0.0,0.0,0.0,0.0,0.0,0.0,0.0,0.0,0.0,1048.0458619594574,0.0,0.0,6772.801037132738,0.0,1401.0452274560928,0.0,0.0,3121.6773936063046,0.0,0.0,0.0,0.0,0.0,0.0,0.0,2901.9984054386605,0.0,0.0,0.0,0.0,0.0,0.0,0.0
389,0.0,17.673514816537455,0.0,0.0,0.0,0.0,0.0,0.0,0.0,0.0,0.0,0.0,0.0,1114.790523838997,0.0,0.0,7039.1251989007,0.0,1494.3997176885605,0.0,0.0,3317.4509303122754,0.0,0.0,0.0,0.0,0.0,0.0,0.0,2972.9785878956313,0.0,0.0,0.0,0.0,0.0,0.0,0.0
390,0.0,30.07553525939579,0.0,0.0,0.0,0.0,0.0,0.0,0.0,0.0,0.0,0.0,0.0,1183.5704081773758,0.0,0.0,6955.362556695938,0.0,1568.4212635040283,0.0,0.0,3650.4825969189405,0.0,0.0,0.0,0.0,0.0,0.0,0.0,2892.729917010664,0.0,0.0,0.0,0.0,0.0,0.0,0.0
391,0.0,40.8363114863634,0.0,0.0,0.0,0.0,0.0,0.0,0.0,0.0,0.0,0.0,0.0,1243.4290113925933,0.0,0.0,6889.854199558495,0.0,1630.986886405945,0.0,0.0,3985.15763836205,0.0,0.0,0.0,0.0,0.0,0.0,0.0,2807.4363909870367,0.0,0.0,0.0,0.0,0.0,0.0,0.0
392,0.0,50.447142747044545,0.0,0.0,0.0,0.0,0.0,0.0,0.0,0.0,0.0,0.0,0.0,1290.3122980356216,0.0,0.0,6824.712219387293,0.0,1679.6472590684891,0.0,0.0,4277.360462495684,0.0,0.0,0.0,0.0,0.0,0.0,0.0,2730.8038444936255,0.0,0.0,0.0,0.0,0.0,0.0,0.0
393,0.0,60.95448646545407,0.0,0.0,0.0,0.0,0.0,0.0,0.0,0.0,0.0,0.0,0.0,1318.1337899446487,0.0,0.0,6780.596076577902,0.0,1710.0920491456986,0.0,0.0,4486.432377299666,0.0,0.0,0.0,0.0,0.0,0.0,0.0,2672.909873791037,0.0,0.0,0.0,0.0,0.0,0.0,0.0
394,0.0,66.26380721479647,0.0,0.0,0.0,0.0,0.0,0.0,0.0,0.0,0.0,0.0,0.0,1315.9533033370972,0.0,0.0,6854.344415038822,0.0,1704.3188549280167,0.0,0.0,4370.869035655259,0.0,0.0,0.0,0.0,0.0,0.0,0.0,2641.7560581266875,0.0,0.0,0.0,0.0,0.0,0.0,0.0
395,0.0,70.73701285868879,0.0,0.0,0.0,0.0,0.0,0.0,0.0,0.0,0.0,0.0,0.0,1307.5182087659837,0.0,0.0,6931.729297697542,0.0,1686.0081827640533,0.0,0.0,4277.787957939505,0.0,0.0,0.0,0.0,0.0,0.0,0.0,2612.867021168768,0.0,0.0,0.0,0.0,0.0,0.0,0.0
396,0.0,74.50671665221448,0.0,0.0,0.0,0.0,0.0,0.0,0.0,0.0,0.0,0.0,0.0,1297.4456644296647,0.0,0.0,7011.363003730772,0.0,1663.7043411254883,0.0,0.0,4204.717118445039,0.0,0.0,0.0,0.0,0.0,0.0,0.0,2584.985074853897,0.0,0.0,0.0,0.0,0.0,0.0,0.0
397,0.0,77.68356407582756,0.0,0.0,0.0,0.0,0.0,0.0,0.0,0.0,0.0,0.0,0.0,1287.9949761867524,0.0,0.0,7099.847319364548,0.0,1642.5198769330977,0.0,0.0,4139.179220974445,0.0,0.0,0.0,0.0,0.0,0.0,0.0,2548.346864131092,0.0,0.0,0.0,0.0,0.0,0.0,0.0
398,0.0,80.36079893410201,0.0,0.0,0.0,0.0,0.0,0.0,0.0,0.0,0.0,0.0,0.0,1278.6544914245605,0.0,0.0,7197.001778662203,0.0,1623.198551940918,0.0,0.0,4071.3573110193015,0.0,0.0,0.0,0.0,0.0,0.0,0.0,2509.673498600721,0.0,0.0,0.0,0.0,0.0,0.0,0.0
399,0.0,68.04546247422695,0.0,0.0,0.0,0.0,0.0,0.0,0.0,0.0,0.0,0.0,0.0,1277.8784939289094,0.0,0.0,7240.363387167452,0.0,1619.7503097772599,0.0,0.0,4048.6467669457197,0.0,0.0,0.0,0.0,0.0,0.0,0.0,1831.0204271212199,0.0,0.0,0.0,0.0,0.0,0.0,0.0
400,0.0,57.74996189028018,0.0,0.0,0.0,0.0,0.0,0.0,0.0,0.0,0.0,0.0,0.0,1276.5606252908706,0.0,0.0,7261.480235368013,0.0,1612.9104997873305,0.0,0.0,4026.6137970954173,0.0,0.0,0.0,0.0,0.0,0.0,0.0,1455.3814030632361,0.0,0.0,0.0,0.0,0.0,0.0,0.0
401,0.0,49.14302706867449,0.0,0.0,0.0,0.0,0.0,0.0,0.0,0.0,0.0,0.0,0.0,1274.8168278217315,0.0,0.0,7316.420445024967,0.0,1586.7232803821564,0.0,0.0,3966.3829588562244,0.0,0.0,0.0,0.0,0.0,0.0,0.0,1390.3454058811053,0.0,0.0,0.0,0.0,0.0,0.0,0.0
402,0.0,42.05809710770839,0.0,0.0,0.0,0.0,0.0,0.0,0.0,0.0,0.0,0.0,0.0,1273.5905114650727,0.0,0.0,7330.520902067423,0.0,1565.9466817140578,0.0,0.0,3944.5401215404268,0.0,0.0,0.0,0.0,0.0,0.0,0.0,1388.4771352142084,0.0,0.0,0.0,0.0,0.0,0.0,0.0
403,0.0,47.34599015861748,0.0,0.0,0.0,0.0,0.0,0.0,0.0,0.0,0.0,0.0,0.0,1277.358143401146,0.0,0.0,7467.167842417954,0.0,1535.4063277959824,0.0,0.0,3943.642744418978,0.0,0.0,0.0,0.0,0.0,0.0,0.0,1407.9895616248232,0.0,0.0,0.0,0.0,0.0,0.0,0.0
404,0.0,52.141452956199615,0.0,0.0,0.0,0.0,0.0,0.0,0.0,0.0,0.0,0.0,0.0,1276.7299207925796,0.0,0.0,7569.740947037935,0.0,1510.840729546547,0.0,0.0,3943.338774570823,0.0,0.0,0.0,0.0,0.0,0.0,0.0,1410.9990811496957,0.0,0.0,0.0,0.0,0.0,0.0,0.0
405,0.0,56.49035690724849,0.0,0.0,0.0,0.0,0.0,0.0,0.0,0.0,0.0,0.0,0.0,1272.682341527939,0.0,0.0,7672.143698036669,0.0,1490.720154118538,0.0,0.0,3935.58391033709,0.0,0.0,0.0,0.0,0.0,0.0,0.0,1407.242831937967,0.0,0.0,0.0,0.0,0.0,0.0,0.0
406,0.0,60.43428787887088,0.0,0.0,0.0,0.0,0.0,0.0,0.0,0.0,0.0,0.0,0.0,1264.5948048830032,0.0,0.0,7730.344740480185,0.0,1456.3924605369568,0.0,0.0,3910.6710986584426,0.0,0.0,0.0,0.0,0.0,0.0,0.0,1420.798959057032,0.0,0.0,0.0,0.0,0.0,0.0,0.0
407,0.0,64.01094599515196,0.0,0.0,0.0,0.0,0.0,0.0,0.0,0.0,0.0,0.0,0.0,1252.5637949466704,0.0,0.0,7703.719013988972,0.0,1392.3109769582748,0.0,0.0,3838.4940031796696,0.0,0.0,0.0,0.0,0.0,0.0,0.0,1485.9349420785895,0.0,0.0,0.0,0.0,0.0,0.0,0.0
408,0.0,59.036416375637,0.0,0.0,0.0,0.0,0.0,0.0,0.0,0.0,0.0,0.0,0.0,1235.7320739030838,0.0,0.0,7848.027200073002,0.0,1323.8797972679138,0.0,0.0,3514.55811958909,0.0,0.0,0.0,0.0,0.0,0.0,0.0,1858.601150274276,0.0,0.0,0.0,0.0,0.0,0.0,0.0
409,0.0,54.88194686919449,0.0,0.0,0.0,0.0,0.0,0.0,0.0,0.0,0.0,0.0,0.0,1220.7296051025392,0.0,0.0,7937.177372783421,0.0,1231.487940812111,0.0,0.0,3012.9697225213044,0.0,0.0,0.0,0.0,0.0,0.0,0.0,2234.4175452336663,0.0,0.0,0.0,0.0,0.0,0.0,0.0
410,0.0,51.83302035033702,0.0,0.0,0.0,0.0,0.0,0.0,0.0,0.0,0.0,0.0,0.0,1211.0341198682786,0.0,0.0,7998.450225502253,0.0,1134.666237926483,0.0,0.0,2830.298981720209,0.0,0.0,0.0,0.0,0.0,0.0,0.0,2571.034428563713,0.0,0.0,0.0,0.0,0.0,0.0,0.0
411,0.0,48.7840798035264,0.0,0.0,0.0,0.0,0.0,0.0,0.0,0.0,0.0,0.0,0.0,1207.5085948467254,0.0,0.0,8053.336762100456,0.0,1050.1666979312897,0.0,0.0,2944.742418515682,0.0,0.0,0.0,0.0,0.0,0.0,0.0,2863.326847970484,0.0,0.0,0.0,0.0,0.0,0.0,0.0
412,0.0,46.23531995415685,0.0,0.0,0.0,0.0,0.0,0.0,0.0,0.0,0.0,0.0,0.0,1213.6241258382797,0.0,0.0,8101.391262829304,0.0,971.5353824496269,0.0,0.0,3091.1808011412622,0.0,0.0,0.0,0.0,0.0,0.0,0.0,3118.4270663976667,0.0,0.0,0.0,0.0,0.0,0.0,0.0
413,0.0,44.84025404155247,0.0,0.0,0.0,0.0,0.0,0.0,0.0,0.0,0.0,0.0,0.0,1219.1148416519165,0.0,0.0,8154.374350517988,0.0,910.6360799193383,0.0,0.0,3149.6459499835964,0.0,0.0,0.0,0.0,0.0,0.0,0.0,3334.596812850235,0.0,0.0,0.0,0.0,0.0,0.0,0.0
414,0.0,50.969543722271915,0.0,0.0,0.0,0.0,0.0,0.0,0.0,0.0,0.0,0.0,0.0,1225.4692514657975,0.0,0.0,7910.7943418622,0.0,842.2874811410903,0.0,0.0,2694.5101403385397,0.0,0.0,0.0,0.0,0.0,0.0,0.0,3367.5950327604996,0.0,0.0,0.0,0.0,0.0,0.0,0.0
415,0.0,55.52611047774553,0.0,0.0,0.0,0.0,0.0,0.0,0.0,0.0,0.0,0.0,0.0,1231.9696427822114,0.0,0.0,7697.153009802101,0.0,793.7836150169372,0.0,0.0,2306.2037972599264,0.0,0.0,0.0,0.0,0.0,0.0,0.0,3399.872197467089,0.0,0.0,0.0,0.0,0.0,0.0,0.0
416,0.0,63.02006048262116,0.0,0.0,0.0,0.0,0.0,0.0,0.0,0.0,0.0,0.0,0.0,1246.7582504749298,0.0,0.0,7511.62080311775,0.0,772.8937862396239,0.0,0.0,2011.794012759626,0.0,0.0,0.0,0.0,0.0,0.0,0.0,3473.138493764399,0.0,0.0,0.0,0.0,0.0,0.0,0.0
417,0.0,71.08339107781646,0.0,0.0,0.0,0.0,0.0,0.0,0.0,0.0,0.0,0.0,0.0,1270.0459765672683,0.0,0.0,7346.550477743149,0.0,775.427057981491,0.0,0.0,1844.5792607367036,0.0,0.0,0.0,0.0,0.0,0.0,0.0,3586.3911703586573,0.0,0.0,0.0,0.0,0.0,0.0,0.0
418,0.0,71.68655799329281,0.0,0.0,0.0,0.0,0.0,0.0,0.0,0.0,0.0,0.0,0.0,1279.3045933246613,0.0,0.0,7120.101509273052,0.0,778.2913647651671,0.0,0.0,1830.8953192904582,0.0,0.0,0.0,0.0,0.0,0.0,0.0,3516.2079817175863,0.0,0.0,0.0,0.0,0.0,0.0,0.0
419,0.0,72.65873723030089,0.0,0.0,0.0,0.0,0.0,0.0,0.0,0.0,0.0,0.0,0.0,1292.4983441352845,0.0,0.0,6920.533408790825,0.0,802.5553915143012,0.0,0.0,1812.3558833822603,0.0,0.0,0.0,0.0,0.0,0.0,0.0,3448.437832883,0.0,0.0,0.0,0.0,0.0,0.0,0.0
420,0.0,73.62941547632218,0.0,0.0,0.0,0.0,0.0,0.0,0.0,0.0,0.0,0.0,0.0,1310.6009471416473,0.0,0.0,6750.562499791384,0.0,841.6539853572845,0.0,0.0,1791.4343411341308,0.0,0.0,0.0,0.0,0.0,0.0,0.0,3390.5671861827373,0.0,0.0,0.0,0.0,0.0,0.0,0.0
421,0.0,75.6548485055565,0.0,0.0,0.0,0.0,0.0,0.0,0.0,0.0,0.0,0.0,0.0,1334.8047340631485,0.0,0.0,6604.820698529482,0.0,883.1119152665138,0.0,0.0,1770.2410728514185,0.0,0.0,0.0,0.0,0.0,0.0,0.0,3352.5537633538233,0.0,0.0,0.0,0.0,0.0,0.0,0.0
422,0.0,78.7065455451607,0.0,0.0,0.0,0.0,0.0,0.0,0.0,0.0,0.0,0.0,0.0,1353.5749244689941,0.0,0.0,6474.010508850216,0.0,927.4280458331107,0.0,0.0,1747.230797553062,0.0,0.0,0.0,0.0,0.0,0.0,0.0,3340.1902340590955,0.0,0.0,0.0,0.0,0.0,0.0,0.0
423,0.0,80.12492591589688,0.0,0.0,0.0,0.0,0.0,0.0,0.0,0.0,0.0,0.0,0.0,1371.9941495180133,0.0,0.0,6214.481434106825,0.0,991.7678244829177,0.0,0.0,1666.4718521431084,0.0,0.0,0.0,0.0,0.0,0.0,0.0,3137.906766882537,0.0,0.0,0.0,0.0,0.0,0.0,0.0
424,0.0,80.78912144154309,0.0,0.0,0.0,0.0,0.0,0.0,0.0,0.0,0.0,0.0,0.0,1388.6306606531143,0.0,0.0,5916.291421785949,0.0,1048.3281018018722,0.0,0.0,1559.2704061523077,0.0,0.0,0.0,0.0,0.0,0.0,0.0,3108.722111755609,0.0,0.0,0.0,0.0,0.0,0.0,0.0
425,0.0,82.10066492110491,0.0,0.0,0.0,0.0,0.0,0.0,0.0,0.0,0.0,0.0,0.0,1397.614889574051,0.0,0.0,5607.026479408143,0.0,1084.3051608800888,0.0,0.0,1356.3473714590073,0.0,0.0,0.0,0.0,0.0,0.0,0.0,3221.810977914928,0.0,0.0,0.0,0.0,0.0,0.0,0.0
426,0.0,82.96312452256676,0.0,0.0,0.0,0.0,0.0,0.0,0.0,0.0,0.0,0.0,0.0,1406.7034038066863,0.0,0.0,5218.636558249591,0.0,1121.7360708475112,0.0,0.0,1159.515465632826,0.0,0.0,0.0,0.0,0.0,0.0,0.0,3486.754286935925,0.0,0.0,0.0,0.0,0.0,0.0,0.0
427,0.0,99.89760643690819,0.0,0.0,0.0,0.0,0.0,0.0,0.0,0.0,0.0,0.0,0.0,1423.9359462976458,0.0,0.0,5150.449604332445,0.0,1141.8885404109956,0.0,0.0,1118.614112424105,0.0,0.0,0.0,0.0,0.0,0.0,0.0,4086.257085314393,0.0,0.0,0.0,0.0,0.0,0.0,0.0
428,0.0,118.14427711665623,0.0,0.0,0.0,0.0,0.0,0.0,0.0,0.0,0.0,0.0,0.0,1439.5591054916379,0.0,0.0,5108.548447534442,0.0,1158.9494130134583,0.0,0.0,1086.3067194990808,0.0,0.0,0.0,0.0,0.0,0.0,0.0,4630.241525909304,0.0,0.0,0.0,0.0,0.0,0.0,0.0
429,0.0,134.20847183167933,0.0,0.0,0.0,0.0,0.0,0.0,0.0,0.0,0.0,0.0,0.0,1450.6943198442457,0.0,0.0,5069.838115185498,0.0,1177.1105740070343,0.0,0.0,1050.1191696278743,0.0,0.0,0.0,0.0,0.0,0.0,0.0,5188.70745985508,0.0,0.0,0.0,0.0,0.0,0.0,0.0
430,0.0,148.1788823157548,0.0,0.0,0.0,0.0,0.0,0.0,0.0,0.0,0.0,0.0,0.0,1451.738338661194,0.0,0.0,5021.091309785842,0.0,1186.500017786026,0.0,0.0,1029.9711004570122,0.0,0.0,0.0,0.0,0.0,0.0,0.0,5742.221473059059,0.0,0.0,0.0,0.0,0.0,0.0,0.0
431,0.0,160.42371428310864,0.0,0.0,0.0,0.0,0.0,0.0,0.0,0.0,0.0,0.0,0.0,1437.8995970964431,0.0,0.0,5071.000642523169,0.0,1179.261590385437,0.0,0.0,1043.3660586163396,0.0,0.0,0.0,0.0,0.0,0.0,0.0,6175.724996405839,0.0,0.0,0.0,0.0,0.0,0.0,0.0
432,0.0,195.82558269202707,0.0,0.0,0.0,0.0,0.0,0.0,0.0,0.0,0.0,0.0,0.0,1414.8180205583571,0.0,0.0,5586.994371503591,0.0,1179.2924174308778,0.0,0.0,1343.500860889256,0.0,0.0,0.0,0.0,0.0,0.0,0.0,7216.103510928154,0.0,0.0,0.0,0.0,0.0,0.0,0.0
433,0.0,228.1482592731714,0.0,0.0,0.0,0.0,0.0,0.0,0.0,0.0,0.0,0.0,0.0,1384.666384100914,0.0,0.0,6366.432197034357,0.0,1156.9422166585923,0.0,0.0,1541.8475447461008,0.0,0.0,0.0,0.0,0.0,0.0,0.0,7979.496298980713,0.0,0.0,0.0,0.0,0.0,0.0,0.0
434,0.0,259.26858596205705,0.0,0.0,0.0,0.0,0.0,0.0,0.0,0.0,0.0,0.0,0.0,1356.4783243894574,0.0,0.0,7271.671893566847,0.0,1119.7292301893235,0.0,0.0,1718.7852446660397,0.0,0.0,0.0,0.0,0.0,0.0,0.0,8551.131796348094,0.0,0.0,0.0,0.0,0.0,0.0,0.0
435,0.0,290.6743394136429,0.0,0.0,0.0,0.0,0.0,0.0,0.0,0.0,0.0,0.0,0.0,1338.6821211338042,0.0,0.0,8144.425387889147,0.0,1071.1696382522582,0.0,0.0,1984.3828353568906,0.0,0.0,0.0,0.0,0.0,0.0,0.0,9098.68679816723,0.0,0.0,0.0,0.0,0.0,0.0,0.0
436,0.0,321.20934975743296,0.0,0.0,0.0,0.0,0.0,0.0,0.0,0.0,0.0,0.0,0.0,1322.188004732132,0.0,0.0,8937.477501451967,0.0,1022.1059055566787,0.0,0.0,2351.4441383957865,0.0,0.0,0.0,0.0,0.0,0.0,0.0,9664.403423130512,0.0,0.0,0.0,0.0,0.0,0.0,0.0
437,0.0,350.72082452774043,0.0,0.0,0.0,0.0,0.0,0.0,0.0,0.0,0.0,0.0,0.0,1297.4064789772033,0.0,0.0,9669.73437473178,0.0,974.2056566953657,0.0,0.0,2833.702899053693,0.0,0.0,0.0,0.0,0.0,0.0,0.0,10138.853407800198,0.0,0.0,0.0,0.0,0.0,0.0,0.0
438,0.0,379.6146485209465,0.0,0.0,0.0,0.0,0.0,0.0,0.0,0.0,0.0,0.0,0.0,1268.857410955429,0.0,0.0,9801.553073406218,0.0,909.7081265687942,0.0,0.0,2843.9621841877693,0.0,0.0,0.0,0.0,0.0,0.0,0.0,10000.611141985655,0.0,0.0,0.0,0.0,0.0,0.0,0.0
439,0.0,408.5989528119564,0.0,0.0,0.0,0.0,0.0,0.0,0.0,0.0,0.0,0.0,0.0,1237.8190355062484,0.0,0.0,9884.033785164356,0.0,851.7292716145514,0.0,0.0,2827.879938805103,0.0,0.0,0.0,0.0,0.0,0.0,0.0,9868.961794161794,0.0,0.0,0.0,0.0,0.0,0.0,0.0
440,0.0,435.6426581203937,0.0,0.0,0.0,0.0,0.0,0.0,0.0,0.0,0.0,0.0,0.0,1203.8824609518051,0.0,0.0,9936.487143099308,0.0,805.3260315060614,0.0,0.0,2813.542492461204,0.0,0.0,0.0,0.0,0.0,0.0,0.0,9830.438497793673,0.0,0.0,0.0,0.0,0.0,0.0,0.0
441,0.0,447.2861397922039,0.0,0.0,0.0,0.0,0.0,0.0,0.0,0.0,0.0,0.0,0.0,1166.462685251236,0.0,0.0,9966.767304807901,0.0,774.36891964674,0.0,0.0,2739.374455028772,0.0,0.0,0.0,0.0,0.0,0.0,0.0,9879.666968810558,0.0,0.0,0.0,0.0,0.0,0.0,0.0
442,0.0,432.3569187104702,0.0,0.0,0.0,0.0,0.0,0.0,0.0,0.0,0.0,0.0,0.0,1120.013218331337,0.0,0.0,10049.251128047703,0.0,745.8811726927757,0.0,0.0,2793.57948461473,0.0,0.0,0.0,0.0,0.0,0.0,0.0,9758.08491129279,0.0,0.0,0.0,0.0,0.0,0.0,0.0
443,0.0,416.2565318763256,0.0,0.0,0.0,0.0,0.0,0.0,0.0,0.0,0.0,0.0,0.0,1085.8051253557205,0.0,0.0,10075.493364423512,0.0,729.5845736861229,0.0,0.0,2853.215099027753,0.0,0.0,0.0,0.0,0.0,0.0,0.0,9734.534539580343,0.0,0.0,0.0,0.0,0.0,0.0,0.0
444,0.0,404.640320545435,0.0,0.0,0.0,0.0,0.0,0.0,0.0,0.0,0.0,0.0,0.0,1067.9887465238571,0.0,0.0,10109.259941339493,0.0,713.3117470741271,0.0,0.0,2916.376339817047,0.0,0.0,0.0,0.0,0.0,0.0,0.0,9758.75389430523,0.0,0.0,0.0,0.0,0.0,0.0,0.0
445,0.0,407.26452974081036,0.0,0.0,0.0,0.0,0.0,0.0,0.0,0.0,0.0,0.0,0.0,1056.0904470443725,0.0,0.0,10169.232194721697,0.0,699.0720826745032,0.0,0.0,2985.5500678718086,0.0,0.0,0.0,0.0,0.0,0.0,0.0,9840.243980693815,0.0,0.0,0.0,0.0,0.0,0.0,0.0
446,0.0,414.1045596957207,0.0,0.0,0.0,0.0,0.0,0.0,0.0,0.0,0.0,0.0,0.0,1045.6910583734511,0.0,0.0,10275.161032319069,0.0,686.7424501538277,0.0,0.0,3062.0090812414883,0.0,0.0,0.0,0.0,0.0,0.0,0.0,10029.577021586894,0.0,0.0,0.0,0.0,0.0,0.0,0.0
447,0.0,418.85044069290154,0.0,0.0,0.0,0.0,0.0,0.0,0.0,0.0,0.0,0.0,0.0,1043.783793902397,0.0,0.0,10222.914587914942,0.0,680.5663108825684,0.0,0.0,3085.6070113956926,0.0,0.0,0.0,0.0,0.0,0.0,0.0,9834.892839819193,0.0,0.0,0.0,0.0,0.0,0.0,0.0
448,0.0,423.54663468003275,0.0,0.0,0.0,0.0,0.0,0.0,0.0,0.0,0.0,0.0,0.0,1032.0132730722428,0.0,0.0,10181.72634935379,0.0,653.2807594180106,0.0,0.0,3077.3401820093395,0.0,0.0,0.0,0.0,0.0,0.0,0.0,9565.941418522596,0.0,0.0,0.0,0.0,0.0,0.0,0.0
449,0.0,432.8375163853168,0.0,0.0,0.0,0.0,0.0,0.0,0.0,0.0,0.0,0.0,0.0,1014.5757467269898,0.0,0.0,10039.18937420845,0.0,593.21189006567,0.0,0.0,2732.7694687664507,0.0,0.0,0.0,0.0,0.0,0.0,0.0,9165.62849290371,0.0,0.0,0.0,0.0,0.0,0.0,0.0
450,0.0,443.49500128626823,0.0,0.0,0.0,0.0,0.0,0.0,0.0,0.0,0.0,0.0,0.0,1002.0568465232849,0.0,0.0,9814.835210770367,0.0,531.6496282100677,0.0,0.0,2545.138024815917,0.0,0.0,0.0,0.0,0.0,0.0,0.0,8742.090646767616,0.0,0.0,0.0,0.0,0.0,0.0,0.0
451,0.0,469.5791665434837,0.0,0.0,0.0,0.0,0.0,0.0,0.0,0.0,0.0,0.0,0.0,996.8148731470108,0.0,0.0,9892.083966106176,0.0,461.77719522118554,0.0,0.0,2453.212880247831,0.0,0.0,0.0,0.0,0.0,0.0,0.0,8785.761857819558,0.0,0.0,0.0,0.0,0.0,0.0,0.0
452,0.0,490.36679753065107,0.0,0.0,0.0,0.0,0.0,0.0,0.0,0.0,0.0,0.0,0.0,989.4710530757905,0.0,0.0,9949.488469243048,0.0,393.6715076327323,0.0,0.0,2346.5662397816773,0.0,0.0,0.0,0.0,0.0,0.0,0.0,8776.640545654296,0.0,0.0,0.0,0.0,0.0,0.0,0.0
453,0.0,504.8743944525719,0.0,0.0,0.0,0.0,0.0,0.0,0.0,0.0,0.0,0.0,0.0,978.6083435058594,0.0,0.0,10021.410367965696,0.0,322.77066662311535,0.0,0.0,2207.3259479328985,0.0,0.0,0.0,0.0,0.0,0.0,0.0,8699.177375388144,0.0,0.0,0.0,0.0,0.0,0.0,0.0
454,0.0,500.65826507806776,0.0,0.0,0.0,0.0,0.0,0.0,0.0,0.0,0.0,0.0,0.0,960.8778677940369,0.0,0.0,9989.97584655881,0.0,260.58798083662975,0.0,0.0,2108.703627043962,0.0,0.0,0.0,0.0,0.0,0.0,0.0,8430.222337967156,0.0,0.0,0.0,0.0,0.0,0.0,0.0
455,0.0,485.9142690896988,0.0,0.0,0.0,0.0,0.0,0.0,0.0,0.0,0.0,0.0,0.0,935.5218312978744,0.0,0.0,9711.8840611279,0.0,215.13763730823993,0.0,0.0,2105.811372104287,0.0,0.0,0.0,0.0,0.0,0.0,0.0,7917.048723638058,0.0,0.0,0.0,0.0,0.0,0.0,0.0
456,0.0,467.62240735888474,0.0,0.0,0.0,0.0,0.0,0.0,0.0,0.0,0.0,0.0,0.0,902.8332730531693,0.0,0.0,9443.509432941675,0.0,211.59953727126106,0.0,0.0,2502.2360413715237,0.0,0.0,0.0,0.0,0.0,0.0,0.0,7951.5436574339865,0.0,0.0,0.0,0.0,0.0,0.0,0.0
457,0.0,441.4058462798595,0.0,0.0,0.0,0.0,0.0,0.0,0.0,0.0,0.0,0.0,0.0,869.8511377573013,0.0,0.0,9151.604224652052,0.0,223.59897952973827,0.0,0.0,2735.4322325259445,0.0,0.0,0.0,0.0,0.0,0.0,0.0,7781.287842381001,0.0,0.0,0.0,0.0,0.0,0.0,0.0
458,0.0,417.68766365647315,0.0,0.0,0.0,0.0,0.0,0.0,0.0,0.0,0.0,0.0,0.0,842.407511973381,0.0,0.0,8925.053355157375,0.0,245.4622760117053,0.0,0.0,2959.4277347356083,0.0,0.0,0.0,0.0,0.0,0.0,0.0,7564.575677269696,0.0,0.0,0.0,0.0,0.0,0.0,0.0
459,0.0,394.7938477277756,0.0,0.0,0.0,0.0,0.0,0.0,0.0,0.0,0.0,0.0,0.0,821.8659956455231,0.0,0.0,8710.341673403978,0.0,270.16167549490916,0.0,0.0,3240.3503710180516,0.0,0.0,0.0,0.0,0.0,0.0,0.0,7389.246439695358,0.0,0.0,0.0,0.0,0.0,0.0,0.0
460,0.0,373.0684480726719,0.0,0.0,0.0,0.0,0.0,0.0,0.0,0.0,0.0,0.0,0.0,811.5605803251267,0.0,0.0,8501.411124587057,0.0,297.90690563321095,0.0,0.0,3575.221902930736,0.0,0.0,0.0,0.0,0.0,0.0,0.0,7203.989494216442,0.0,0.0,0.0,0.0,0.0,0.0,0.0
461,0.0,356.22626307606697,0.0,0.0,0.0,0.0,0.0,0.0,0.0,0.0,0.0,0.0,0.0,800.7566040992737,0.0,0.0,8310.377040445805,0.0,320.35258132219303,0.0,0.0,3969.83077621758,0.0,0.0,0.0,0.0,0.0,0.0,0.0,7043.252765011786,0.0,0.0,0.0,0.0,0.0,0.0,0.0
462,0.0,335.6149634599685,0.0,0.0,0.0,0.0,0.0,0.0,0.0,0.0,0.0,0.0,0.0,795.8646097183228,0.0,0.0,7996.552999556065,0.0,341.7614308357238,0.0,0.0,3865.2742312163114,0.0,0.0,0.0,0.0,0.0,0.0,0.0,6551.419347167015,0.0,0.0,0.0,0.0,0.0,0.0,0.0
463,0.0,321.40032631158823,0.0,0.0,0.0,0.0,0.0,0.0,0.0,0.0,0.0,0.0,0.0,803.025504565239,0.0,0.0,7707.55469301343,0.0,370.20533817410455,0.0,0.0,3755.500849109888,0.0,0.0,0.0,0.0,0.0,0.0,0.0,6140.757796764373,0.0,0.0,0.0,0.0,0.0,0.0,0.0
464,0.0,313.12293616533276,0.0,0.0,0.0,0.0,0.0,0.0,0.0,0.0,0.0,0.0,0.0,817.6923414468765,0.0,0.0,7459.290348708628,0.0,398.5931936442852,0.0,0.0,3605.3200647979975,0.0,0.0,0.0,0.0,0.0,0.0,0.0,5777.598017981648,0.0,0.0,0.0,0.0,0.0,0.0,0.0
465,0.0,305.8815103590488,0.0,0.0,0.0,0.0,0.0,0.0,0.0,0.0,0.0,0.0,0.0,840.5650783538819,0.0,0.0,7220.103752166033,0.0,441.1074537634848,0.0,0.0,3467.0752439260477,0.0,0.0,0.0,0.0,0.0,0.0,0.0,5418.112583193181,0.0,0.0,0.0,0.0,0.0,0.0,0.0
466,0.0,292.21570284962655,0.0,0.0,0.0,0.0,0.0,0.0,0.0,0.0,0.0,0.0,0.0,850.64363052845,0.0,0.0,6976.498851656912,0.0,472.73268254995327,0.0,0.0,3449.351440259814,0.0,0.0,0.0,0.0,0.0,0.0,0.0,5244.378056475519,0.0,0.0,0.0,0.0,0.0,0.0,0.0
467,0.0,279.6120358407497,0.0,0.0,0.0,0.0,0.0,0.0,0.0,0.0,0.0,0.0,0.0,866.41671667099,0.0,0.0,6746.260098516939,0.0,482.957420694828,0.0,0.0,3404.6760470688337,0.0,0.0,0.0,0.0,0.0,0.0,0.0,5084.19567914009,0.0,0.0,0.0,0.0,0.0,0.0,0.0
468,0.0,269.5468672335148,0.0,0.0,0.0,0.0,0.0,0.0,0.0,0.0,0.0,0.0,0.0,891.2134861946106,0.0,0.0,6529.742201656101,0.0,488.3904206812381,0.0,0.0,3334.0169842779637,0.0,0.0,0.0,0.0,0.0,0.0,0.0,4939.219828096032,0.0,0.0,0.0,0.0,0.0,0.0,0.0
469,0.0,260.23410192131996,0.0,0.0,0.0,0.0,0.0,0.0,0.0,0.0,0.0,0.0,0.0,922.3373164176941,0.0,0.0,6328.266762912272,0.0,472.7406857252121,0.0,0.0,3224.5687651365993,0.0,0.0,0.0,0.0,0.0,0.0,0.0,4823.29230428934,0.0,0.0,0.0,0.0,0.0,0.0,0.0
470,0.0,251.46438673138618,0.0,0.0,0.0,0.0,0.0,0.0,0.0,0.0,0.0,0.0,0.0,958.1617868900299,0.0,0.0,6141.6960992217055,0.0,441.8593965411186,0.0,0.0,3069.753954434395,0.0,0.0,0.0,0.0,0.0,0.0,0.0,4741.067421424389,0.0,0.0,0.0,0.0,0.0,0.0,0.0
471,0.0,217.99561235010617,0.0,0.0,0.0,0.0,0.0,0.0,0.0,0.0,0.0,0.0,0.0,1008.1499602079391,0.0,0.0,5804.405652537941,0.0,399.88535075187684,0.0,0.0,3013.931284511089,0.0,0.0,0.0,0.0,0.0,0.0,0.0,3803.753153023123,0.0,0.0,0.0,0.0,0.0,0.0,0.0
472,0.0,188.2422395557165,0.0,0.0,0.0,0.0,0.0,0.0,0.0,0.0,0.0,0.0,0.0,1045.6970662117005,0.0,0.0,5478.5339546352625,0.0,334.3305122494697,0.0,0.0,3037.501360854506,0.0,0.0,0.0,0.0,0.0,0.0,0.0,2975.519819311796,0.0,0.0,0.0,0.0,0.0,0.0,0.0
473,0.0,163.7571767896414,0.0,0.0,0.0,0.0,0.0,0.0,0.0,0.0,0.0,0.0,0.0,1053.4930881977082,0.0,0.0,5212.50927297771,0.0,262.0599129736422,0.0,0.0,3126.0761763989926,0.0,0.0,0.0,0.0,0.0,0.0,0.0,2254.223600944875,0.0,0.0,0.0,0.0,0.0,0.0,0.0
474,0.0,148.73406661748885,0.0,0.0,0.0,0.0,0.0,0.0,0.0,0.0,0.0,0.0,0.0,1056.2132938861846,0.0,0.0,5007.138259187339,0.0,254.8193513929844,0.0,0.0,3321.8808972626925,0.0,0.0,0.0,0.0,0.0,0.0,0.0,1723.2780008748157,0.0,0.0,0.0,0.0,0.0,0.0,0.0
475,0.0,137.63857290744778,0.0,0.0,0.0,0.0,0.0,0.0,0.0,0.0,0.0,0.0,0.0,1052.149305152893,0.0,0.0,5079.006484851241,0.0,265.2262062370776,0.0,0.0,3574.505575579404,0.0,0.0,0.0,0.0,0.0,0.0,0.0,1707.718902455268,0.0,0.0,0.0,0.0,0.0,0.0,0.0
476,0.0,129.8662732422351,0.0,0.0,0.0,0.0,0.0,0.0,0.0,0.0,0.0,0.0,0.0,1020.9247763872147,0.0,0.0,5151.305261790751,0.0,318.69687256813046,0.0,0.0,3810.3107908040283,0.0,0.0,0.0,0.0,0.0,0.0,0.0,1703.7576189905385,0.0,0.0,0.0,0.0,0.0,0.0,0.0
477,0.0,120.58197064697737,0.0,0.0,0.0,0.0,0.0,0.0,0.0,0.0,0.0,0.0,0.0,1000.9454861164093,0.0,0.0,5204.426032543181,0.0,389.5952237010002,0.0,0.0,3989.1416415810586,0.0,0.0,0.0,0.0,0.0,0.0,0.0,1719.2660916686052,0.0,0.0,0.0,0.0,0.0,0.0,0.0
478,0.0,112.67081528753039,0.0,0.0,0.0,0.0,0.0,0.0,0.0,0.0,0.0,0.0,0.0,981.3349157094956,0.0,0.0,5224.789124310015,0.0,459.3388944923876,0.0,0.0,4072.638586315513,0.0,0.0,0.0,0.0,0.0,0.0,0.0,1733.9412284806356,0.0,0.0,0.0,0.0,0.0,0.0,0.0
479,0.0,107.270109437406,0.0,0.0,0.0,0.0,0.0,0.0,0.0,0.0,0.0,0.0,0.0,959.1180195331574,0.0,0.0,5224.2076661735755,0.0,504.9284488081931,0.0,0.0,4134.814649927615,0.0,0.0,0.0,0.0,0.0,0.0,0.0,1733.3593940660348,0.0,0.0,0.0,0.0,0.0,0.0,0.0
480,0.0,126.20503358244893,0.0,0.0,0.0,0.0,0.0,0.0,0.0,0.0,0.0,0.0,0.0,931.6815672874451,0.0,0.0,5396.750603705645,0.0,542.9487481713295,0.0,0.0,4452.556996482611,0.0,0.0,0.0,0.0,0.0,0.0,0.0,2099.299068474768,0.0,0.0,0.0,0.0,0.0,0.0,0.0
481,0.0,147.73412606120104,0.0,0.0,0.0,0.0,0.0,0.0,0.0,0.0,0.0,0.0,0.0,894.4291143655777,0.0,0.0,5587.986934155225,0.0,552.2880387187004,0.0,0.0,4769.888802087306,0.0,0.0,0.0,0.0,0.0,0.0,0.0,2413.6644919738155,0.0,0.0,0.0,0.0,0.0,0.0,0.0
482,0.0,169.23220273554315,0.0,0.0,0.0,0.0,0.0,0.0,0.0,0.0,0.0,0.0,0.0,853.5465821027756,0.0,0.0,5793.7978336662045,0.0,548.8244423151016,0.0,0.0,4978.723959499597,0.0,0.0,0.0,0.0,0.0,0.0,0.0,2689.119693794845,0.0,0.0,0.0,0.0,0.0,0.0,0.0
483,0.0,191.46088326573363,0.0,0.0,0.0,0.0,0.0,0.0,0.0,0.0,0.0,0.0,0.0,818.3340144395828,0.0,0.0,6006.158402085304,0.0,548.3682020425797,0.0,0.0,5261.86157925725,0.0,0.0,0.0,0.0,0.0,0.0,0.0,2936.706690573692,0.0,0.0,0.0,0.0,0.0,0.0,0.0
484,0.0,216.22550911009304,0.0,0.0,0.0,0.0,0.0,0.0,0.0,0.0,0.0,0.0,0.0,789.169098162651,0.0,0.0,6201.459883332251,0.0,546.7977419257164,0.0,0.0,5501.1591173887255,0.0,0.0,0.0,0.0,0.0,0.0,0.0,3167.9759260356427,0.0,0.0,0.0,0.0,0.0,0.0,0.0
485,0.0,230.4613424956798,0.0,0.0,0.0,0.0,0.0,0.0,0.0,0.0,0.0,0.0,0.0,767.9591874122619,0.0,0.0,6368.814036250113,0.0,529.3217120170593,0.0,0.0,5696.084323900938,0.0,0.0,0.0,0.0,0.0,0.0,0.0,3390.1064919352516,0.0,0.0,0.0,0.0,0.0,0.0,0.0
486,0.0,230.26705534458154,0.0,0.0,0.0,0.0,0.0,0.0,0.0,0.0,0.0,0.0,0.0,751.5798476219177,0.0,0.0,6181.96022772789,0.0,504.49515097141267,0.0,0.0,5710.929194015264,0.0,0.0,0.0,0.0,0.0,0.0,0.0,3550.141331395505,0.0,0.0,0.0,0.0,0.0,0.0,0.0
487,0.0,234.8054488867521,0.0,0.0,0.0,0.0,0.0,0.0,0.0,0.0,0.0,0.0,0.0,742.1958732843399,0.0,0.0,6014.950282469391,0.0,490.73431358337393,0.0,0.0,5741.80029913187,0.0,0.0,0.0,0.0,0.0,0.0,0.0,3758.8275084197508,0.0,0.0,0.0,0.0,0.0,0.0,0.0
488,0.0,246.0219617486,0.0,0.0,0.0,0.0,0.0,0.0,0.0,0.0,0.0,0.0,0.0,738.8069144964218,0.0,0.0,5873.528773501515,0.0,491.11615396738046,0.0,0.0,5761.946476060152,0.0,0.0,0.0,0.0,0.0,0.0,0.0,4003.545472106337,0.0,0.0,0.0,0.0,0.0,0.0,0.0
489,0.0,258.2709740459919,0.0,0.0,0.0,0.0,0.0,0.0,0.0,0.0,0.0,0.0,0.0,736.1618964552879,0.0,0.0,5749.388044774531,0.0,485.61806148886683,0.0,0.0,5705.446231913566,0.0,0.0,0.0,0.0,0.0,0.0,0.0,4264.577219372987,0.0,0.0,0.0,0.0,0.0,0.0,0.0
490,0.0,273.0610939443111,0.0,0.0,0.0,0.0,0.0,0.0,0.0,0.0,0.0,0.0,0.0,716.225333571434,0.0,0.0,5769.4987175911665,0.0,463.1912377238274,0.0,0.0,5612.471422541142,0.0,0.0,0.0,0.0,0.0,0.0,0.0,4264.641224774718,0.0,0.0,0.0,0.0,0.0,0.0,0.0
491,0.0,287.3070414841175,0.0,0.0,0.0,0.0,0.0,0.0,0.0,0.0,0.0,0.0,0.0,701.9681505560874,0.0,0.0,5785.016065597533,0.0,453.9907281637191,0.0,0.0,5527.417994749546,0.0,0.0,0.0,0.0,0.0,0.0,0.0,4262.518198144435,0.0,0.0,0.0,0.0,0.0,0.0,0.0
492,0.0,301.36666975021365,0.0,0.0,0.0,0.0,0.0,0.0,0.0,0.0,0.0,0.0,0.0,697.8820135235785,0.0,0.0,5792.60846979916,0.0,469.80728486180294,0.0,0.0,5425.307135438919,0.0,0.0,0.0,0.0,0.0,0.0,0.0,4263.614607059955,0.0,0.0,0.0,0.0,0.0,0.0,0.0
493,0.0,320.3406266748905,0.0,0.0,0.0,0.0,0.0,0.0,0.0,0.0,0.0,0.0,0.0,703.0613529443741,0.0,0.0,5783.522165462373,0.0,510.7006352186203,0.0,0.0,5298.079405009747,0.0,0.0,0.0,0.0,0.0,0.0,0.0,4269.461156976222,0.0,0.0,0.0,0.0,0.0,0.0,0.0
494,0.0,345.63291397690773,0.0,0.0,0.0,0.0,0.0,0.0,0.0,0.0,0.0,0.0,0.0,717.1481644272803,0.0,0.0,5759.461855605243,0.0,566.9542427182198,0.0,0.0,5136.318398863077,0.0,0.0,0.0,0.0,0.0,0.0,0.0,4275.446204456687,0.0,0.0,0.0,0.0,0.0,0.0,0.0
495,0.0,359.1615000486373,0.0,0.0,0.0,0.0,0.0,0.0,0.0,0.0,0.0,0.0,0.0,748.9677830219267,0.0,0.0,5305.462843090295,0.0,652.1242116689682,0.0,0.0,5123.534710747003,0.0,0.0,0.0,0.0,0.0,0.0,0.0,3880.4525978177767,0.0,0.0,0.0,0.0,0.0,0.0,0.0
496,0.0,376.0528670489788,0.0,0.0,0.0,0.0,0.0,0.0,0.0,0.0,0.0,0.0,0.0,782.6514903545379,0.0,0.0,4834.75361828506,0.0,728.0905290722847,0.0,0.0,5109.793699264526,0.0,0.0,0.0,0.0,0.0,0.0,0.0,3567.282122623919,0.0,0.0,0.0,0.0,0.0,0.0,0.0
497,0.0,397.32479909062386,0.0,0.0,0.0,0.0,0.0,0.0,0.0,0.0,0.0,0.0,0.0,816.4102508306503,0.0,0.0,4381.638655498622,0.0,794.5329493522643,0.0,0.0,5058.443382525443,0.0,0.0,0.0,0.0,0.0,0.0,0.0,3374.953122672437,0.0,0.0,0.0,0.0,0.0,0.0,0.0
498,0.0,417.32156213521955,0.0,0.0,0.0,0.0,0.0,0.0,0.0,0.0,0.0,0.0,0.0,855.5173323869706,0.0,0.0,3990.626922100781,0.0,865.9503212213516,0.0,0.0,5006.8272435486315,0.0,0.0,0.0,0.0,0.0,0.0,0.0,3305.671795454621,0.0,0.0,0.0,0.0,0.0,0.0,0.0
499,0.0,432.67417489886276,0.0,0.0,0.0,0.0,0.0,0.0,0.0,0.0,0.0,0.0,0.0,911.229540848732,0.0,0.0,3983.5576357543446,0.0,929.5191866040229,0.0,0.0,5004.107863891124,0.0,0.0,0.0,0.0,0.0,0.0,0.0,3532.4715011686085,0.0,0.0,0.0,0.0,0.0,0.0,0.0
500,0.0,446.2128891527653,0.0,0.0,0.0,0.0,0.0,0.0,0.0,0.0,0.0,0.0,0.0,969.8402174234391,0.0,0.0,3963.29916755855,0.0,990.339880168438,0.0,0.0,4999.457791283726,0.0,0.0,0.0,0.0,0.0,0.0,0.0,3742.026271271706,0.0,0.0,0.0,0.0,0.0,0.0,0.0
501,0.0,458.8784755468368,0.0,0.0,0.0,0.0,0.0,0.0,0.0,0.0,0.0,0.0,0.0,1027.2973890542985,0.0,0.0,3938.0028216093756,0.0,1055.3713702917098,0.0,0.0,4995.607304701209,0.0,0.0,0.0,0.0,0.0,0.0,0.0,3905.8432152330874,0.0,0.0,0.0,0.0,0.0,0.0,0.0
502,0.0,471.2386172890663,0.0,0.0,0.0,0.0,0.0,0.0,0.0,0.0,0.0,0.0,0.0,1079.207801604271,0.0,0.0,3909.3495758771887,0.0,1118.3544625282289,0.0,0.0,5012.894227400421,0.0,0.0,0.0,0.0,0.0,0.0,0.0,4072.686493697761,0.0,0.0,0.0,0.0,0.0,0.0,0.0
503,0.0,486.72480422258377,0.0,0.0,0.0,0.0,0.0,0.0,0.0,0.0,0.0,0.0,0.0,1120.372881603241,0.0,0.0,3879.6022554039955,0.0,1173.912742304802,0.0,0.0,5100.185951095819,0.0,0.0,0.0,0.0,0.0,0.0,0.0,4299.5444190144535,0.0,0.0,0.0,0.0,0.0,0.0,0.0
504,0.0,516.1673456311225,0.0,0.0,0.0,0.0,0.0,0.0,0.0,0.0,0.0,0.0,0.0,1153.3506231069564,0.0,0.0,4006.411468595265,0.0,1240.8434748411178,0.0,0.0,5213.990566796065,0.0,0.0,0.0,0.0,0.0,0.0,0.0,4867.208688575029,0.0,0.0,0.0,0.0,0.0,0.0,0.0
505,0.0,536.8242922067642,0.0,0.0,0.0,0.0,0.0,0.0,0.0,0.0,0.0,0.0,0.0,1176.0908288955688,0.0,0.0,4143.534854575992,0.0,1290.702901005745,0.0,0.0,5315.678774803877,0.0,0.0,0.0,0.0,0.0,0.0,0.0,5563.034553983806,0.0,0.0,0.0,0.0,0.0,0.0,0.0
506,0.0,550.0118587374687,0.0,0.0,0.0,0.0,0.0,0.0,0.0,0.0,0.0,0.0,0.0,1193.5918410539628,0.0,0.0,4289.842945501207,0.0,1324.356312251091,0.0,0.0,5416.046348869801,0.0,0.0,0.0,0.0,0.0,0.0,0.0,6351.444775414467,0.0,0.0,0.0,0.0,0.0,0.0,0.0
507,0.0,562.5635662078857,0.0,0.0,0.0,0.0,0.0,0.0,0.0,0.0,0.0,0.0,0.0,1209.081662106514,0.0,0.0,4444.031252682209,0.0,1345.1767801761628,0.0,0.0,5510.801985579729,0.0,0.0,0.0,0.0,0.0,0.0,0.0,7167.507138454914,0.0,0.0,0.0,0.0,0.0,0.0,0.0
508,0.0,572.9565400242806,0.0,0.0,0.0,0.0,0.0,0.0,0.0,0.0,0.0,0.0,0.0,1222.30706615448,0.0,0.0,4618.110873222349,0.0,1351.5484933376313,0.0,0.0,5601.141582244634,0.0,0.0,0.0,0.0,0.0,0.0,0.0,8062.625212943554,0.0,0.0,0.0,0.0,0.0,0.0,0.0
509,0.0,582.12347073555,0.0,0.0,0.0,0.0,0.0,0.0,0.0,0.0,0.0,0.0,0.0,1230.0634543418885,0.0,0.0,4841.337902426718,0.0,1338.979476952553,0.0,0.0,5688.797524791956,0.0,0.0,0.0,0.0,0.0,0.0,0.0,8947.397555547952,0.0,0.0,0.0,0.0,0.0,0.0,0.0
510,0.0,579.4474422812461,0.0,0.0,0.0,0.0,0.0,0.0,0.0,0.0,0.0,0.0,0.0,1236.2599566459655,0.0,0.0,4914.731143042443,0.0,1307.9116248607636,0.0,0.0,5946.263013768196,0.0,0.0,0.0,0.0,0.0,0.0,0.0,9154.03158197999,0.0,0.0,0.0,0.0,0.0,0.0,0.0
511,0.0,576.8574332356453,0.0,0.0,0.0,0.0,0.0,0.0,0.0,0.0,0.0,0.0,0.0,1242.5403893470764,0.0,0.0,4997.960555076598,0.0,1281.8793706417084,0.0,0.0,6165.72924413681,0.0,0.0,0.0,0.0,0.0,0.0,0.0,9263.401987427473,0.0,0.0,0.0,0.0,0.0,0.0,0.0
512,0.0,573.4990290284156,0.0,0.0,0.0,0.0,0.0,0.0,0.0,0.0,0.0,0.0,0.0,1243.9924928188325,0.0,0.0,5085.154772624372,0.0,1257.1162421703339,0.0,0.0,6332.605663186312,0.0,0.0,0.0,0.0,0.0,0.0,0.0,9310.627848756312,0.0,0.0,0.0,0.0,0.0,0.0,0.0
513,0.0,571.6806696295738,0.0,0.0,0.0,0.0,0.0,0.0,0.0,0.0,0.0,0.0,0.0,1234.4362638950347,0.0,0.0,5178.113398894666,0.0,1226.946642756462,0.0,0.0,6384.13279107213,0.0,0.0,0.0,0.0,0.0,0.0,0.0,9273.826550823449,0.0,0.0,0.0,0.0,0.0,0.0,0.0
514,0.0,570.6212786078453,0.0,0.0,0.0,0.0,0.0,0.0,0.0,0.0,0.0,0.0,0.0,1213.3095661878585,0.0,0.0,5318.068622127175,0.0,1185.2407329797745,0.0,0.0,6303.093945139646,0.0,0.0,0.0,0.0,0.0,0.0,0.0,9032.003294712304,0.0,0.0,0.0,0.0,0.0,0.0,0.0
515,0.0,564.4486986637115,0.0,0.0,0.0,0.0,0.0,0.0,0.0,0.0,0.0,0.0,0.0,1198.7874554395676,0.0,0.0,5434.730126798153,0.0,1161.204885649681,0.0,0.0,6221.917646706104,0.0,0.0,0.0,0.0,0.0,0.0,0.0,8746.632499003408,0.0,0.0,0.0,0.0,0.0,0.0,0.0
516,0.0,553.5429751038552,0.0,0.0,0.0,0.0,0.0,0.0,0.0,0.0,0.0,0.0,0.0,1192.1671763658524,0.0,0.0,5532.095388978718,0.0,1157.7941102027894,0.0,0.0,6168.236087107658,0.0,0.0,0.0,0.0,0.0,0.0,0.0,8443.250510925054,0.0,0.0,0.0,0.0,0.0,0.0,0.0
517,0.0,540.0486452937126,0.0,0.0,0.0,0.0,0.0,0.0,0.0,0.0,0.0,0.0,0.0,1188.310771894455,0.0,0.0,5609.254300281405,0.0,1156.6232753038407,0.0,0.0,6129.64765985012,0.0,0.0,0.0,0.0,0.0,0.0,0.0,8139.783182311057,0.0,0.0,0.0,0.0,0.0,0.0,0.0
518,0.0,525.6863218545914,0.0,0.0,0.0,0.0,0.0,0.0,0.0,0.0,0.0,0.0,0.0,1184.4731979608537,0.0,0.0,5679.030054524539,0.0,1155.7811041355133,0.0,0.0,6081.740316331387,0.0,0.0,0.0,0.0,0.0,0.0,0.0,7863.1684702038765,0.0,0.0,0.0,0.0,0.0,0.0,0.0
519,0.0,503.2445707440376,0.0,0.0,0.0,0.0,0.0,0.0,0.0,0.0,0.0,0.0,0.0,1187.3799156427383,0.0,0.0,5523.662495791911,0.0,1168.697161912918,0.0,0.0,6193.113778764009,0.0,0.0,0.0,0.0,0.0,0.0,0.0,6721.8805580854405,0.0,0.0,0.0,0.0,0.0,0.0,0.0
520,0.0,463.2040510118007,0.0,0.0,0.0,0.0,0.0,0.0,0.0,0.0,0.0,0.0,0.0,1175.214491534233,0.0,0.0,5365.7295204252005,0.0,1161.9404663801192,0.0,0.0,6290.327817034721,0.0,0.0,0.0,0.0,0.0,0.0,0.0,5594.636588266491,0.0,0.0,0.0,0.0,0.0,0.0,0.0
521,0.0,411.2952937424182,0.0,0.0,0.0,0.0,0.0,0.0,0.0,0.0,0.0,0.0,0.0,1148.3128265619277,0.0,0.0,5142.254739493132,0.0,1122.8214199781419,0.0,0.0,6366.291819745302,0.0,0.0,0.0,0.0,0.0,0.0,0.0,4725.885846391318,0.0,0.0,0.0,0.0,0.0,0.0,0.0
522,0.0,356.24584609866145,0.0,0.0,0.0,0.0,0.0,0.0,0.0,0.0,0.0,0.0,0.0,1118.9424780845643,0.0,0.0,4918.742231845855,0.0,1091.485491156578,0.0,0.0,6446.399985086918,0.0,0.0,0.0,0.0,0.0,0.0,0.0,4095.8249888420105,0.0,0.0,0.0,0.0,0.0,0.0,0.0
523,0.0,327.3617294490337,0.0,0.0,0.0,0.0,0.0,0.0,0.0,0.0,0.0,0.0,0.0,1095.0219562530517,0.0,0.0,5064.282953605056,0.0,1053.755914545059,0.0,0.0,6588.191019934416,0.0,0.0,0.0,0.0,0.0,0.0,0.0,3982.0367642253623,0.0,0.0,0.0,0.0,0.0,0.0,0.0
524,0.0,300.1865541636943,0.0,0.0,0.0,0.0,0.0,0.0,0.0,0.0,0.0,0.0,0.0,1064.4730851173401,0.0,0.0,5220.29069969058,0.0,1034.965763258934,0.0,0.0,6742.524141365289,0.0,0.0,0.0,0.0,0.0,0.0,0.0,3911.715439632533,0.0,0.0,0.0,0.0,0.0,0.0,0.0
525,0.0,275.50616617798806,0.0,0.0,0.0,0.0,0.0,0.0,0.0,0.0,0.0,0.0,0.0,1024.000430893898,0.0,0.0,5375.104414686561,0.0,1026.4598700284957,0.0,0.0,6893.987714767456,0.0,0.0,0.0,0.0,0.0,0.0,0.0,3898.31372102499,0.0,0.0,0.0,0.0,0.0,0.0,0.0
526,0.0,256.00464599132533,0.0,0.0,0.0,0.0,0.0,0.0,0.0,0.0,0.0,0.0,0.0,972.554056596756,0.0,0.0,5520.867607384918,0.0,1011.3703869819641,0.0,0.0,7043.456107592583,0.0,0.0,0.0,0.0,0.0,0.0,0.0,3936.4240559875966,0.0,0.0,0.0,0.0,0.0,0.0,0.0
527,0.0,246.59477918744088,0.0,0.0,0.0,0.0,0.0,0.0,0.0,0.0,0.0,0.0,0.0,908.925131368637,0.0,0.0,5642.665779352188,0.0,974.209865772724,0.0,0.0,7186.510252207518,0.0,0.0,0.0,0.0,0.0,0.0,0.0,4031.6601160258056,0.0,0.0,0.0,0.0,0.0,0.0,0.0
528,0.0,259.00783436894415,0.0,0.0,0.0,0.0,0.0,0.0,0.0,0.0,0.0,0.0,0.0,835.9639709472656,0.0,0.0,5805.973450362681,0.0,944.8959540009497,0.0,0.0,7124.4095755398275,0.0,0.0,0.0,0.0,0.0,0.0,0.0,4633.8457170903675,0.0,0.0,0.0,0.0,0.0,0.0,0.0
529,0.0,296.18673582673074,0.0,0.0,0.0,0.0,0.0,0.0,0.0,0.0,0.0,0.0,0.0,758.0484960317611,0.0,0.0,6056.827714219689,0.0,897.0198332309722,0.0,0.0,7066.460327714682,0.0,0.0,0.0,0.0,0.0,0.0,0.0,5289.589013293385,0.0,0.0,0.0,0.0,0.0,0.0,0.0
530,0.0,339.0208663165569,0.0,0.0,0.0,0.0,0.0,0.0,0.0,0.0,0.0,0.0,0.0,682.6883699297905,0.0,0.0,6411.291595026849,0.0,849.0930256843567,0.0,0.0,7021.358347356319,0.0,0.0,0.0,0.0,0.0,0.0,0.0,5970.557670027016,0.0,0.0,0.0,0.0,0.0,0.0,0.0
531,0.0,383.1379653453826,0.0,0.0,0.0,0.0,0.0,0.0,0.0,0.0,0.0,0.0,0.0,614.1518030405044,0.0,0.0,6862.167457818985,0.0,815.1350787997246,0.0,0.0,6989.72489554882,0.0,0.0,0.0,0.0,0.0,0.0,0.0,6635.805949193239,0.0,0.0,0.0,0.0,0.0,0.0,0.0
532,0.0,422.60586403012275,0.0,0.0,0.0,0.0,0.0,0.0,0.0,0.0,0.0,0.0,0.0,557.1574142932892,0.0,0.0,7432.939988344906,0.0,797.6844219207762,0.0,0.0,6977.658140301704,0.0,0.0,0.0,0.0,0.0,0.0,0.0,7276.43493027687,0.0,0.0,0.0,0.0,0.0,0.0,0.0
533,0.0,456.3268189251422,0.0,0.0,0.0,0.0,0.0,0.0,0.0,0.0,0.0,0.0,0.0,506.1674563646317,0.0,0.0,8057.305456966162,0.0,805.3668773412704,0.0,0.0,6962.296763652563,0.0,0.0,0.0,0.0,0.0,0.0,0.0,7839.802520835399,0.0,0.0,0.0,0.0,0.0,0.0,0.0
534,0.0,474.8610836863518,0.0,0.0,0.0,0.0,0.0,0.0,0.0,0.0,0.0,0.0,0.0,461.72550411224364,0.0,0.0,8077.29672667384,0.0,808.3361146450043,0.0,0.0,7367.1004344463345,0.0,0.0,0.0,0.0,0.0,0.0,0.0,7980.655628460646,0.0,0.0,0.0,0.0,0.0,0.0,0.0
535,0.0,486.8631759524345,0.0,0.0,0.0,0.0,0.0,0.0,0.0,0.0,0.0,0.0,0.0,427.4299836397171,0.0,0.0,8100.005097746847,0.0,813.813487792015,0.0,0.0,7704.226005721092,0.0,0.0,0.0,0.0,0.0,0.0,0.0,7841.808746647835,0.0,0.0,0.0,0.0,0.0,0.0,0.0
536,0.0,488.0281132936478,0.0,0.0,0.0,0.0,0.0,0.0,0.0,0.0,0.0,0.0,0.0,401.7437402129173,0.0,0.0,8105.868684947491,0.0,815.32555437088,0.0,0.0,7941.276467943191,0.0,0.0,0.0,0.0,0.0,0.0,0.0,7516.117440748215,0.0,0.0,0.0,0.0,0.0,0.0,0.0
537,0.0,484.3121085047722,0.0,0.0,0.0,0.0,0.0,0.0,0.0,0.0,0.0,0.0,0.0,377.3103103995323,0.0,0.0,8051.726570338009,0.0,810.3985625505447,0.0,0.0,8061.345769000053,0.0,0.0,0.0,0.0,0.0,0.0,0.0,7042.1614186704155,0.0,0.0,0.0,0.0,0.0,0.0,0.0
538,0.0,482.8575219869614,0.0,0.0,0.0,0.0,0.0,0.0,0.0,0.0,0.0,0.0,0.0,328.52283045649517,0.0,0.0,7881.444513171909,0.0,788.1858978271483,0.0,0.0,8016.17173204422,0.0,0.0,0.0,0.0,0.0,0.0,0.0,6558.507674199343,0.0,0.0,0.0,0.0,0.0,0.0,0.0
539,0.0,476.29215935468676,0.0,0.0,0.0,0.0,0.0,0.0,0.0,0.0,0.0,0.0,0.0,288.9646230161189,0.0,0.0,7617.446183949709,0.0,771.8416354656218,0.0,0.0,7963.371200591326,0.0,0.0,0.0,0.0,0.0,0.0,0.0,6164.802854293584,0.0,0.0,0.0,0.0,0.0,0.0,0.0
540,0.0,466.6289757728576,0.0,0.0,0.0,0.0,0.0,0.0,0.0,0.0,0.0,0.0,0.0,262.04399300217625,0.0,0.0,7347.619271695614,0.0,757.9989878416061,0.0,0.0,7904.348975533247,0.0,0.0,0.0,0.0,0.0,0.0,0.0,5863.109957918524,0.0,0.0,0.0,0.0,0.0,0.0,0.0
541,0.0,455.6333330333233,0.0,0.0,0.0,0.0,0.0,0.0,0.0,0.0,0.0,0.0,0.0,251.5769937336444,0.0,0.0,7067.19620862603,0.0,753.0533219456671,0.0,0.0,7845.050028920174,0.0,0.0,0.0,0.0,0.0,0.0,0.0,5618.276639863848,0.0,0.0,0.0,0.0,0.0,0.0,0.0
542,0.0,437.7988667428493,0.0,0.0,0.0,0.0,0.0,0.0,0.0,0.0,0.0,0.0,0.0,250.01713026762,0.0,0.0,6802.941960036753,0.0,755.0859506130217,0.0,0.0,7786.339039921761,0.0,0.0,0.0,0.0,0.0,0.0,0.0,5390.685726132988,0.0,0.0,0.0,0.0,0.0,0.0,0.0
543,0.0,382.68730332255365,0.0,0.0,0.0,0.0,0.0,0.0,0.0,0.0,0.0,0.0,0.0,264.2388491034507,0.0,0.0,6459.428938955067,0.0,779.6194175958633,0.0,0.0,7758.384713208676,0.0,0.0,0.0,0.0,0.0,0.0,0.0,4764.492313620447,0.0,0.0,0.0,0.0,0.0,0.0,0.0
544,0.0,322.2551056087017,0.0,0.0,0.0,0.0,0.0,0.0,0.0,0.0,0.0,0.0,0.0,279.5825317323207,0.0,0.0,6154.383165717124,0.0,794.7429289579392,0.0,0.0,7699.868700885772,0.0,0.0,0.0,0.0,0.0,0.0,0.0,4249.837896353007,0.0,0.0,0.0,0.0,0.0,0.0,0.0
545,0.0,272.41808062791824,0.0,0.0,0.0,0.0,0.0,0.0,0.0,0.0,0.0,0.0,0.0,292.0989211976527,0.0,0.0,5872.301682919263,0.0,798.1384687304496,0.0,0.0,7598.833240878582,0.0,0.0,0.0,0.0,0.0,0.0,0.0,3841.9748646169896,0.0,0.0,0.0,0.0,0.0,0.0,0.0
546,0.0,231.8618372261524,0.0,0.0,0.0,0.0,0.0,0.0,0.0,0.0,0.0,0.0,0.0,310.6297620177268,0.0,0.0,5601.764574974775,0.0,815.245463335514,0.0,0.0,7492.866445326805,0.0,0.0,0.0,0.0,0.0,0.0,0.0,3604.006397107243,0.0,0.0,0.0,0.0,0.0,0.0,0.0
547,0.0,206.17467707097526,0.0,0.0,0.0,0.0,0.0,0.0,0.0,0.0,0.0,0.0,0.0,337.1664732336997,0.0,0.0,5573.404586389661,0.0,821.3105659604073,0.0,0.0,7403.144476640225,0.0,0.0,0.0,0.0,0.0,0.0,0.0,3844.383203461765,0.0,0.0,0.0,0.0,0.0,0.0,0.0
548,0.0,194.13658907711496,0.0,0.0,0.0,0.0,0.0,0.0,0.0,0.0,0.0,0.0,0.0,364.1379681169986,0.0,0.0,5586.135991498828,0.0,826.1355913996696,0.0,0.0,7297.125001055002,0.0,0.0,0.0,0.0,0.0,0.0,0.0,4145.54308310151,0.0,0.0,0.0,0.0,0.0,0.0,0.0
549,0.0,186.9150689363479,0.0,0.0,0.0,0.0,0.0,0.0,0.0,0.0,0.0,0.0,0.0,387.9090337634086,0.0,0.0,5618.611692458391,0.0,823.137483382225,0.0,0.0,7188.168159466982,0.0,0.0,0.0,0.0,0.0,0.0,0.0,4442.046840974687,0.0,0.0,0.0,0.0,0.0,0.0,0.0
550,0.0,181.49031917452808,0.0,0.0,0.0,0.0,0.0,0.0,0.0,0.0,0.0,0.0,0.0,409.4348492026329,0.0,0.0,5687.718867078423,0.0,814.6270253777503,0.0,0.0,7083.020629262925,0.0,0.0,0.0,0.0,0.0,0.0,0.0,4631.097462552784,0.0,0.0,0.0,0.0,0.0,0.0,0.0
551,0.0,175.7422391206026,0.0,0.0,0.0,0.0,0.0,0.0,0.0,0.0,0.0,0.0,0.0,427.8234073758125,0.0,0.0,5786.974743306635,0.0,802.8447507619857,0.0,0.0,6997.81824413538,0.0,0.0,0.0,0.0,0.0,0.0,0.0,4594.594494882225,0.0,0.0,0.0,0.0,0.0,0.0,0.0
552,0.0,181.96501108109945,0.0,0.0,0.0,0.0,0.0,0.0,0.0,0.0,0.0,0.0,0.0,443.70884906053544,0.0,0.0,6168.247539088129,0.0,813.7800523042678,0.0,0.0,6968.795784330368,0.0,0.0,0.0,0.0,0.0,0.0,0.0,4704.40498266816,0.0,0.0,0.0,0.0,0.0,0.0,0.0
553,0.0,181.87042059302328,0.0,0.0,0.0,0.0,0.0,0.0,0.0,0.0,0.0,0.0,0.0,453.6010685801505,0.0,0.0,6622.182766228914,0.0,829.1267040491105,0.0,0.0,6947.158823007345,0.0,0.0,0.0,0.0,0.0,0.0,0.0,4752.572844401001,0.0,0.0,0.0,0.0,0.0,0.0,0.0
554,0.0,174.01703935861582,0.0,0.0,0.0,0.0,0.0,0.0,0.0,0.0,0.0,0.0,0.0,456.8941261291503,0.0,0.0,7110.455138236284,0.0,853.1542517900466,0.0,0.0,6929.572169083357,0.0,0.0,0.0,0.0,0.0,0.0,0.0,4779.964263442159,0.0,0.0,0.0,0.0,0.0,0.0,0.0
555,0.0,163.08693521618838,0.0,0.0,0.0,0.0,0.0,0.0,0.0,0.0,0.0,0.0,0.0,451.773520052433,0.0,0.0,7604.19593927264,0.0,889.3766230106354,0.0,0.0,6899.378638190031,0.0,0.0,0.0,0.0,0.0,0.0,0.0,4829.462497338652,0.0,0.0,0.0,0.0,0.0,0.0,0.0
556,0.0,153.14838291406622,0.0,0.0,0.0,0.0,0.0,0.0,0.0,0.0,0.0,0.0,0.0,443.99372819662096,0.0,0.0,8072.908759653566,0.0,934.1263478279112,0.0,0.0,6868.069138312339,0.0,0.0,0.0,0.0,0.0,0.0,0.0,4904.880749261379,0.0,0.0,0.0,0.0,0.0,0.0,0.0
557,0.0,139.77806020975112,0.0,0.0,0.0,0.0,0.0,0.0,0.0,0.0,0.0,0.0,0.0,444.77008436918254,0.0,0.0,8394.558954805134,0.0,966.1863565206528,0.0,0.0,6858.917344915867,0.0,0.0,0.0,0.0,0.0,0.0,0.0,4989.541815128921,0.0,0.0,0.0,0.0,0.0,0.0,0.0
558,0.0,137.05700202584268,0.0,0.0,0.0,0.0,0.0,0.0,0.0,0.0,0.0,0.0,0.0,458.18271776437757,0.0,0.0,8250.36511567235,0.0,990.4206825971602,0.0,0.0,6921.409185969829,0.0,0.0,0.0,0.0,0.0,0.0,0.0,4894.708229735494,0.0,0.0,0.0,0.0,0.0,0.0,0.0
559,0.0,133.68567807376377,0.0,0.0,0.0,0.0,0.0,0.0,0.0,0.0,0.0,0.0,0.0,486.86897970438,0.0,0.0,8115.7585294246655,0.0,1021.7715506792068,0.0,0.0,6976.432572627067,0.0,0.0,0.0,0.0,0.0,0.0,0.0,4863.131869935988,0.0,0.0,0.0,0.0,0.0,0.0,0.0
560,0.0,132.2792214632034,0.0,0.0,0.0,0.0,0.0,0.0,0.0,0.0,0.0,0.0,0.0,526.7349319338798,0.0,0.0,7978.88756239414,0.0,1056.6440530061723,0.0,0.0,7037.979806184769,0.0,0.0,0.0,0.0,0.0,0.0,0.0,4928.820577570795,0.0,0.0,0.0,0.0,0.0,0.0,0.0
561,0.0,136.07183290421958,0.0,0.0,0.0,0.0,0.0,0.0,0.0,0.0,0.0,0.0,0.0,572.0941555500029,0.0,0.0,7830.856488496063,0.0,1090.0216807603836,0.0,0.0,7118.749802291393,0.0,0.0,0.0,0.0,0.0,0.0,0.0,5055.827183288334,0.0,0.0,0.0,0.0,0.0,0.0,0.0
562,0.0,142.008953654766,0.0,0.0,0.0,0.0,0.0,0.0,0.0,0.0,0.0,0.0,0.0,603.4287981271743,0.0,0.0,7782.286259680985,0.0,1107.2440396547318,0.0,0.0,7035.224700987339,0.0,0.0,0.0,0.0,0.0,0.0,0.0,5014.26887371838,0.0,0.0,0.0,0.0,0.0,0.0,0.0
563,0.0,152.66533034741875,0.0,0.0,0.0,0.0,0.0,0.0,0.0,0.0,0.0,0.0,0.0,638.7518382787705,0.0,0.0,7731.142835527657,0.0,1129.2783817768097,0.0,0.0,6949.548195558787,0.0,0.0,0.0,0.0,0.0,0.0,0.0,4980.154356208443,0.0,0.0,0.0,0.0,0.0,0.0,0.0
564,0.0,169.4857439607381,0.0,0.0,0.0,0.0,0.0,0.0,0.0,0.0,0.0,0.0,0.0,676.6127417445182,0.0,0.0,7674.076706022022,0.0,1155.9511271476745,0.0,0.0,6866.435451757908,0.0,0.0,0.0,0.0,0.0,0.0,0.0,4948.372962155937,0.0,0.0,0.0,0.0,0.0,0.0,0.0
565,0.0,192.29069280624387,0.0,0.0,0.0,0.0,0.0,0.0,0.0,0.0,0.0,0.0,0.0,717.0748149991034,0.0,0.0,7630.208703875542,0.0,1186.0846826314926,0.0,0.0,6786.308515369892,0.0,0.0,0.0,0.0,0.0,0.0,0.0,4920.550862699746,0.0,0.0,0.0,0.0,0.0,0.0,0.0
566,0.0,221.3705695420503,0.0,0.0,0.0,0.0,0.0,0.0,0.0,0.0,0.0,0.0,0.0,757.0972848653794,0.0,0.0,7606.959712862967,0.0,1214.291666340828,0.0,0.0,6716.259814345836,0.0,0.0,0.0,0.0,0.0,0.0,0.0,4896.358990520239,0.0,0.0,0.0,0.0,0.0,0.0,0.0
567,0.0,211.16503723561755,0.0,0.0,0.0,0.0,0.0,0.0,0.0,0.0,0.0,0.0,0.0,806.1811440229416,0.0,0.0,7141.430716097355,0.0,1254.495469045639,0.0,0.0,6726.38528008461,0.0,0.0,0.0,0.0,0.0,0.0,0.0,4465.13615682721,0.0,0.0,0.0,0.0,0.0,0.0,0.0
568,0.0,200.64017260372634,0.0,0.0,0.0,0.0,0.0,0.0,0.0,0.0,0.0,0.0,0.0,847.4570551872254,0.0,0.0,6746.127082675694,0.0,1284.719964313507,0.0,0.0,6737.646091371775,0.0,0.0,0.0,0.0,0.0,0.0,0.0,4096.09872945845,0.0,0.0,0.0,0.0,0.0,0.0,0.0
569,0.0,188.91736285686494,0.0,0.0,0.0,0.0,0.0,0.0,0.0,0.0,0.0,0.0,0.0,884.0085637569427,0.0,0.0,6410.451494976877,0.0,1276.9910311937333,0.0,0.0,6729.920291984081,0.0,0.0,0.0,0.0,0.0,0.0,0.0,3877.8453721314663,0.0,0.0,0.0,0.0,0.0,0.0,0.0
570,0.0,183.55148841440672,0.0,0.0,0.0,0.0,0.0,0.0,0.0,0.0,0.0,0.0,0.0,923.2055835485459,0.0,0.0,6126.816993892191,0.0,1275.63143992424,0.0,0.0,6730.740768367052,0.0,0.0,0.0,0.0,0.0,0.0,0.0,3860.4796579658987,0.0,0.0,0.0,0.0,0.0,0.0,0.0
571,0.0,202.5146297872066,0.0,0.0,0.0,0.0,0.0,0.0,0.0,0.0,0.0,0.0,0.0,970.3689071893692,0.0,0.0,6344.983587101101,0.0,1259.7179262399673,0.0,0.0,6683.091375356913,0.0,0.0,0.0,0.0,0.0,0.0,0.0,4184.2873246699555,0.0,0.0,0.0,0.0,0.0,0.0,0.0
572,0.0,226.3033589869737,0.0,0.0,0.0,0.0,0.0,0.0,0.0,0.0,0.0,0.0,0.0,1013.7117837190629,0.0,0.0,6664.161321133373,0.0,1240.1696667671204,0.0,0.0,6643.330665975809,0.0,0.0,0.0,0.0,0.0,0.0,0.0,4561.3771378338315,0.0,0.0,0.0,0.0,0.0,0.0,0.0
573,0.0,254.9450024664402,0.0,0.0,0.0,0.0,0.0,0.0,0.0,0.0,0.0,0.0,0.0,1052.7726856231689,0.0,0.0,7078.409210681915,0.0,1214.3265246152878,0.0,0.0,6613.642742300033,0.0,0.0,0.0,0.0,0.0,0.0,0.0,4941.04090833962,0.0,0.0,0.0,0.0,0.0,0.0,0.0
574,0.0,285.00252934098245,0.0,0.0,0.0,0.0,0.0,0.0,0.0,0.0,0.0,0.0,0.0,1082.8820878744125,0.0,0.0,7482.544784814119,0.0,1177.8568256378173,0.0,0.0,6574.758822441101,0.0,0.0,0.0,0.0,0.0,0.0,0.0,5267.762448078394,0.0,0.0,0.0,0.0,0.0,0.0,0.0
575,0.0,310.2764119684696,0.0,0.0,0.0,0.0,0.0,0.0,0.0,0.0,0.0,0.0,0.0,1099.7130018949508,0.0,0.0,7764.065423041582,0.0,1126.1007062196732,0.0,0.0,6476.6062318503855,0.0,0.0,0.0,0.0,0.0,0.0,0.0,5474.277504017949,0.0,0.0,0.0,0.0,0.0,0.0,0.0
576,0.0,334.3313776910305,0.0,0.0,0.0,0.0,0.0,0.0,0.0,0.0,0.0,0.0,0.0,1101.1209881067275,0.0,0.0,8208.910845428703,0.0,1081.8576120376588,0.0,0.0,5321.624352371693,0.0,0.0,0.0,0.0,0.0,0.0,0.0,6077.6571493566025,0.0,0.0,0.0,0.0,0.0,0.0,0.0
577,0.0,348.46877692937846,0.0,0.0,0.0,0.0,0.0,0.0,0.0,0.0,0.0,0.0,0.0,1093.351597881317,0.0,0.0,8496.060931861399,0.0,1025.4747087955475,0.0,0.0,4363.042417582868,0.0,0.0,0.0,0.0,0.0,0.0,0.0,6567.129961198569,0.0,0.0,0.0,0.0,0.0,0.0,0.0
578,0.0,356.9849789500236,0.0,0.0,0.0,0.0,0.0,0.0,0.0,0.0,0.0,0.0,0.0,1083.539183974266,0.0,0.0,8671.006322175264,0.0,965.420304441452,0.0,0.0,3980.1003551512954,0.0,0.0,0.0,0.0,0.0,0.0,0.0,7021.962471044063,0.0,0.0,0.0,0.0,0.0,0.0,0.0
579,0.0,362.6024447321891,0.0,0.0,0.0,0.0,0.0,0.0,0.0,0.0,0.0,0.0,0.0,1078.153919172287,0.0,0.0,8847.577461659906,0.0,908.969640982151,0.0,0.0,3927.928956511617,0.0,0.0,0.0,0.0,0.0,0.0,0.0,7516.12394977212,0.0,0.0,0.0,0.0,0.0,0.0,0.0
580,0.0,367.8026350200176,0.0,0.0,0.0,0.0,0.0,0.0,0.0,0.0,0.0,0.0,0.0,1077.3685960769653,0.0,0.0,8996.156934201716,0.0,855.4373502016067,0.0,0.0,3915.242756733298,0.0,0.0,0.0,0.0,0.0,0.0,0.0,7950.39011375308,0.0,0.0,0.0,0.0,0.0,0.0,0.0
581,0.0,374.81189820170397,0.0,0.0,0.0,0.0,0.0,0.0,0.0,0.0,0.0,0.0,0.0,1074.3804587364198,0.0,0.0,9037.70843824744,0.0,800.942959189415,0.0,0.0,3515.464276716113,0.0,0.0,0.0,0.0,0.0,0.0,0.0,8380.632254511116,0.0,0.0,0.0,0.0,0.0,0.0,0.0
582,0.0,395.95589531064036,0.0,0.0,0.0,0.0,0.0,0.0,0.0,0.0,0.0,0.0,0.0,1067.2751588106155,0.0,0.0,8821.65648576617,0.0,736.8864929437638,0.0,0.0,2828.573256486654,0.0,0.0,0.0,0.0,0.0,0.0,0.0,8755.950528335572,0.0,0.0,0.0,0.0,0.0,0.0,0.0
583,0.0,419.20722765326497,0.0,0.0,0.0,0.0,0.0,0.0,0.0,0.0,0.0,0.0,0.0,1059.2218758106233,0.0,0.0,8620.422964721916,0.0,676.9235026359559,0.0,0.0,2435.788505047559,0.0,0.0,0.0,0.0,0.0,0.0,0.0,9174.770055365561,0.0,0.0,0.0,0.0,0.0,0.0,0.0
584,0.0,439.5308700621128,0.0,0.0,0.0,0.0,0.0,0.0,0.0,0.0,0.0,0.0,0.0,1048.3944959163666,0.0,0.0,8448.053103357553,0.0,621.9582877874375,0.0,0.0,2126.37308550328,0.0,0.0,0.0,0.0,0.0,0.0,0.0,9650.252081936598,0.0,0.0,0.0,0.0,0.0,0.0,0.0
585,0.0,449.867732065916,0.0,0.0,0.0,0.0,0.0,0.0,0.0,0.0,0.0,0.0,0.0,1027.0144826412202,0.0,0.0,8294.019203454254,0.0,561.9796468257903,0.0,0.0,1794.7601466938845,0.0,0.0,0.0,0.0,0.0,0.0,0.0,10169.654108917712,0.0,0.0,0.0,0.0,0.0,0.0,0.0
586,0.0,447.9700305640697,0.0,0.0,0.0,0.0,0.0,0.0,0.0,0.0,0.0,0.0,0.0,979.1864410161973,0.0,0.0,8114.924652338026,0.0,486.2781159579754,0.0,0.0,1749.9747006744144,0.0,0.0,0.0,0.0,0.0,0.0,0.0,10289.122903341053,0.0,0.0,0.0,0.0,0.0,0.0,0.0
587,0.0,439.57604007124894,0.0,0.0,0.0,0.0,0.0,0.0,0.0,0.0,0.0,0.0,0.0,931.1515324831009,0.0,0.0,7943.412782043219,0.0,418.35140308141706,0.0,0.0,1697.746534757316,0.0,0.0,0.0,0.0,0.0,0.0,0.0,10364.292004293202,0.0,0.0,0.0,0.0,0.0,0.0,0.0
588,0.0,424.1894235491753,0.0,0.0,0.0,0.0,0.0,0.0,0.0,0.0,0.0,0.0,0.0,884.4019426584243,0.0,0.0,7777.7722776532155,0.0,355.8686871469019,0.0,0.0,1650.2638104736795,0.0,0.0,0.0,0.0,0.0,0.0,0.0,10418.460101228953,0.0,0.0,0.0,0.0,0.0,0.0,0.0
589,0.0,405.67951131463053,0.0,0.0,0.0,0.0,0.0,0.0,0.0,0.0,0.0,0.0,0.0,836.8461368083954,0.0,0.0,7633.022261172533,0.0,300.4562133669852,0.0,0.0,1610.4897797048088,0.0,0.0,0.0,0.0,0.0,0.0,0.0,10464.777592110631,0.0,0.0,0.0,0.0,0.0,0.0,0.0
590,0.0,380.6075751006603,0.0,0.0,0.0,0.0,0.0,0.0,0.0,0.0,0.0,0.0,0.0,787.299046421051,0.0,0.0,7516.188458204269,0.0,249.81855251193036,0.0,0.0,1575.9509029492735,0.0,0.0,0.0,0.0,0.0,0.0,0.0,10489.077948021888,0.0,0.0,0.0,0.0,0.0,0.0,0.0
591,0.0,316.9877214252948,0.0,0.0,0.0,0.0,0.0,0.0,0.0,0.0,0.0,0.0,0.0,747.7250123620032,0.0,0.0,7016.395047456024,0.0,222.30661493241783,0.0,0.0,1448.299310182035,0.0,0.0,0.0,0.0,0.0,0.0,0.0,9755.638241529465,0.0,0.0,0.0,0.0,0.0,0.0,0.0
592,0.0,267.44326343536375,0.0,0.0,0.0,0.0,0.0,0.0,0.0,0.0,0.0,0.0,0.0,706.5005713343619,0.0,0.0,6554.92886787653,0.0,198.55877816677094,0.0,0.0,1301.615541538596,0.0,0.0,0.0,0.0,0.0,0.0,0.0,8941.722409927843,0.0,0.0,0.0,0.0,0.0,0.0,0.0
593,0.0,229.3422344774007,0.0,0.0,0.0,0.0,0.0,0.0,0.0,0.0,0.0,0.0,0.0,675.2523698925972,0.0,0.0,6123.624224767089,0.0,178.6894135177134,0.0,0.0,1112.936097957193,0.0,0.0,0.0,0.0,0.0,0.0,0.0,8318.977333635092,0.0,0.0,0.0,0.0,0.0,0.0,0.0
594,0.0,206.59649762213226,0.0,0.0,0.0,0.0,0.0,0.0,0.0,0.0,0.0,0.0,0.0,644.8552639245986,0.0,0.0,5746.2886200994235,0.0,175.5221865504979,0.0,0.0,949.8463590703899,0.0,0.0,0.0,0.0,0.0,0.0,0.0,7861.706832724809,0.0,0.0,0.0,0.0,0.0,0.0,0.0
595,0.0,214.63126029074184,0.0,0.0,0.0,0.0,0.0,0.0,0.0,0.0,0.0,0.0,0.0,621.4937400579452,0.0,0.0,5735.300811529158,0.0,172.76349203884592,0.0,0.0,958.7507228270166,0.0,0.0,0.0,0.0,0.0,0.0,0.0,8013.484252136945,0.0,0.0,0.0,0.0,0.0,0.0,0.0
596,0.0,222.6490070521831,0.0,0.0,0.0,0.0,0.0,0.0,0.0,0.0,0.0,0.0,0.0,593.8025823712347,0.0,0.0,5767.921585321425,0.0,178.8160859972237,0.0,0.0,988.6270381741222,0.0,0.0,0.0,0.0,0.0,0.0,0.0,8214.052591514586,0.0,0.0,0.0,0.0,0.0,0.0,0.0
597,0.0,231.7500204116105,0.0,0.0,0.0,0.0,0.0,0.0,0.0,0.0,0.0,0.0,0.0,567.2204536914826,0.0,0.0,5829.2912829071265,0.0,186.5920600026846,0.0,0.0,1062.0773858405641,0.0,0.0,0.0,0.0,0.0,0.0,0.0,8410.520969057083,0.0,0.0,0.0,0.0,0.0,0.0,0.0
598,0.0,241.8420525491237,0.0,0.0,0.0,0.0,0.0,0.0,0.0,0.0,0.0,0.0,0.0,547.770839548111,0.0,0.0,5899.485531434417,0.0,211.72145230770099,0.0,0.0,1132.70957878679,0.0,0.0,0.0,0.0,0.0,0.0,0.0,8589.049030268192,0.0,0.0,0.0,0.0,0.0,0.0,0.0
599,0.0,252.19125915169715,0.0,0.0,0.0,0.0,0.0,0.0,0.0,0.0,0.0,0.0,0.0,542.5580535054207,0.0,0.0,5955.381354898213,0.0,265.06466066241245,0.0,0.0,1150.178156773746,0.0,0.0,0.0,0.0,0.0,0.0,0.0,8707.938521564005,0.0,0.0,0.0,0.0,0.0,0.0,0.0
600,0.0,288.9076309382915,0.0,0.0,0.0,0.0,0.0,0.0,0.0,0.0,0.0,0.0,0.0,553.2649627923964,0.0,0.0,6314.9072274416685,0.0,368.9999117732047,0.0,0.0,1304.2636214956633,0.0,0.0,0.0,0.0,0.0,0.0,0.0,9391.727393710611,0.0,0.0,0.0,0.0,0.0,0.0,0.0
601,0.0,324.38892561793324,0.0,0.0,0.0,0.0,0.0,0.0,0.0,0.0,0.0,0.0,0.0,578.4229199647903,0.0,0.0,6678.057198256252,0.0,491.7290786266327,0.0,0.0,1434.6544246226545,0.0,0.0,0.0,0.0,0.0,0.0,0.0,10105.83963855505,0.0,0.0,0.0,0.0,0.0,0.0,0.0
602,0.0,356.1169572651386,0.0,0.0,0.0,0.0,0.0,0.0,0.0,0.0,0.0,0.0,0.0,612.2432832002639,0.0,0.0,7061.196494102476,0.0,617.2753038883209,0.0,0.0,1560.666124279797,0.0,0.0,0.0,0.0,0.0,0.0,0.0,10859.06967061758,0.0,0.0,0.0,0.0,0.0,0.0,0.0
603,0.0,384.1452004373074,0.0,0.0,0.0,0.0,0.0,0.0,0.0,0.0,0.0,0.0,0.0,648.9194768309592,0.0,0.0,7467.870259404181,0.0,732.596494591236,0.0,0.0,1750.4624451220034,0.0,0.0,0.0,0.0,0.0,0.0,0.0,11562.018939465284,0.0,0.0,0.0,0.0,0.0,0.0,0.0
604,0.0,410.43624994754794,0.0,0.0,0.0,0.0,0.0,0.0,0.0,0.0,0.0,0.0,0.0,689.9135576128959,0.0,0.0,7875.554478377104,0.0,837.8826520442962,0.0,0.0,2099.9492045894262,0.0,0.0,0.0,0.0,0.0,0.0,0.0,12442.773044645786,0.0,0.0,0.0,0.0,0.0,0.0,0.0
605,0.0,436.62113590836526,0.0,0.0,0.0,0.0,0.0,0.0,0.0,0.0,0.0,0.0,0.0,722.9077085852622,0.0,0.0,8428.434433579445,0.0,913.4809419512749,0.0,0.0,2655.472116243839,0.0,0.0,0.0,0.0,0.0,0.0,0.0,13274.089666819573,0.0,0.0,0.0,0.0,0.0,0.0,0.0
606,0.0,451.9815482139587,0.0,0.0,0.0,0.0,0.0,0.0,0.0,0.0,0.0,0.0,0.0,764.6702098131179,0.0,0.0,8463.37637269497,0.0,978.0492557168005,0.0,0.0,2553.6298040002584,0.0,0.0,0.0,0.0,0.0,0.0,0.0,13475.768156385422,0.0,0.0,0.0,0.0,0.0,0.0,0.0
607,0.0,459.90725757479663,0.0,0.0,0.0,0.0,0.0,0.0,0.0,0.0,0.0,0.0,0.0,814.5558015346527,0.0,0.0,8487.923629432917,0.0,1035.0003844022751,0.0,0.0,2396.661469861864,0.0,0.0,0.0,0.0,0.0,0.0,0.0,13562.711358356475,0.0,0.0,0.0,0.0,0.0,0.0,0.0
608,0.0,463.27635108232494,0.0,0.0,0.0,0.0,0.0,0.0,0.0,0.0,0.0,0.0,0.0,869.7544743299484,0.0,0.0,8496.127050846815,0.0,1082.46490483284,0.0,0.0,2247.0733359262344,0.0,0.0,0.0,0.0,0.0,0.0,0.0,13574.873107910156,0.0,0.0,0.0,0.0,0.0,0.0,0.0
609,0.0,465.19663758873935,0.0,0.0,0.0,0.0,0.0,0.0,0.0,0.0,0.0,0.0,0.0,927.298356103897,0.0,0.0,8481.582429796457,0.0,1119.07202129364,0.0,0.0,2191.701019737124,0.0,0.0,0.0,0.0,0.0,0.0,0.0,13509.914495790004,0.0,0.0,0.0,0.0,0.0,0.0,0.0
610,0.0,450.71249540448184,0.0,0.0,0.0,0.0,0.0,0.0,0.0,0.0,0.0,0.0,0.0,966.4303657054901,0.0,0.0,8499.256423532963,0.0,1134.4059865236281,0.0,0.0,2216.452158209681,0.0,0.0,0.0,0.0,0.0,0.0,0.0,13468.44188836813,0.0,0.0,0.0,0.0,0.0,0.0,0.0
611,0.0,438.33237785696986,0.0,0.0,0.0,0.0,0.0,0.0,0.0,0.0,0.0,0.0,0.0,1002.4828650236129,0.0,0.0,8525.994941234587,0.0,1142.4660732507705,0.0,0.0,2222.0195900201793,0.0,0.0,0.0,0.0,0.0,0.0,0.0,13421.540755009652,0.0,0.0,0.0,0.0,0.0,0.0,0.0
612,0.0,428.24622343182557,0.0,0.0,0.0,0.0,0.0,0.0,0.0,0.0,0.0,0.0,0.0,1032.1574611902238,0.0,0.0,8565.202721714972,0.0,1138.3661947727203,0.0,0.0,2128.502690993249,0.0,0.0,0.0,0.0,0.0,0.0,0.0,13356.8989153862,0.0,0.0,0.0,0.0,0.0,0.0,0.0
613,0.0,419.0367038547992,0.0,0.0,0.0,0.0,0.0,0.0,0.0,0.0,0.0,0.0,0.0,1056.511892414093,0.0,0.0,8617.861437439919,0.0,1126.024705696106,0.0,0.0,1927.9375419348478,0.0,0.0,0.0,0.0,0.0,0.0,0.0,13292.082055342198,0.0,0.0,0.0,0.0,0.0,0.0,0.0
614,0.0,409.6311576604843,0.0,0.0,0.0,0.0,0.0,0.0,0.0,0.0,0.0,0.0,0.0,1076.2346390247344,0.0,0.0,8675.274497151375,0.0,1105.7949313879012,0.0,0.0,1740.9269049301738,0.0,0.0,0.0,0.0,0.0,0.0,0.0,13194.387392330169,0.0,0.0,0.0,0.0,0.0,0.0,0.0
615,0.0,379.6771290242672,0.0,0.0,0.0,0.0,0.0,0.0,0.0,0.0,0.0,0.0,0.0,1104.0832110404967,0.0,0.0,8328.597877085207,0.0,1095.9040738582612,0.0,0.0,1741.9482617855067,0.0,0.0,0.0,0.0,0.0,0.0,0.0,12267.810482084751,0.0,0.0,0.0,0.0,0.0,0.0,0.0
616,0.0,339.67117416858673,0.0,0.0,0.0,0.0,0.0,0.0,0.0,0.0,0.0,0.0,0.0,1127.2986637353897,0.0,0.0,8090.235823184252,0.0,1083.2566856384278,0.0,0.0,1754.4002776220432,0.0,0.0,0.0,0.0,0.0,0.0,0.0,11043.612069916724,0.0,0.0,0.0,0.0,0.0,0.0,0.0
617,0.0,300.51618300676347,0.0,0.0,0.0,0.0,0.0,0.0,0.0,0.0,0.0,0.0,0.0,1117.2248640298844,0.0,0.0,7722.816510587931,0.0,1059.5611214637756,0.0,0.0,1791.2537455022325,0.0,0.0,0.0,0.0,0.0,0.0,0.0,9632.747146981954,0.0,0.0,0.0,0.0,0.0,0.0,0.0
618,0.0,266.48411616683006,0.0,0.0,0.0,0.0,0.0,0.0,0.0,0.0,0.0,0.0,0.0,1104.3694352149964,0.0,0.0,7322.189132034779,0.0,1034.0760473012924,0.0,0.0,1845.0296144708989,0.0,0.0,0.0,0.0,0.0,0.0,0.0,8170.748778700829,0.0,0.0,0.0,0.0,0.0,0.0,0.0
619,0.0,260.26992931365965,0.0,0.0,0.0,0.0,0.0,0.0,0.0,0.0,0.0,0.0,0.0,1098.2079935789109,0.0,0.0,7334.756406486034,0.0,995.0034785985947,0.0,0.0,1905.9551328063012,0.0,0.0,0.0,0.0,0.0,0.0,0.0,7623.858420544862,0.0,0.0,0.0,0.0,0.0,0.0,0.0
620,0.0,250.4070157349109,0.0,0.0,0.0,0.0,0.0,0.0,0.0,0.0,0.0,0.0,0.0,1083.6835514307022,0.0,0.0,7344.310988813637,0.0,963.6253997206687,0.0,0.0,1989.8364298537374,0.0,0.0,0.0,0.0,0.0,0.0,0.0,7079.341686439513,0.0,0.0,0.0,0.0,0.0,0.0,0.0
621,0.0,237.64449618458747,0.0,0.0,0.0,0.0,0.0,0.0,0.0,0.0,0.0,0.0,0.0,1064.0604273319245,0.0,0.0,7346.933967858551,0.0,937.4028477787972,0.0,0.0,2099.6022429898376,0.0,0.0,0.0,0.0,0.0,0.0,0.0,6547.9015813589085,0.0,0.0,0.0,0.0,0.0,0.0,0.0
622,0.0,225.57598156034942,0.0,0.0,0.0,0.0,0.0,0.0,0.0,0.0,0.0,0.0,0.0,1042.7677518844605,0.0,0.0,7331.739047139883,0.0,910.7406547427178,0.0,0.0,2161.12298515141,0.0,0.0,0.0,0.0,0.0,0.0,0.0,6059.330269327759,0.0,0.0,0.0,0.0,0.0,0.0,0.0
623,0.0,214.2733090102672,0.0,0.0,0.0,0.0,0.0,0.0,0.0,0.0,0.0,0.0,0.0,1024.7441474676132,0.0,0.0,7285.6922299563885,0.0,878.073175406456,0.0,0.0,2120.8484940648073,0.0,0.0,0.0,0.0,0.0,0.0,0.0,5623.733733183145,0.0,0.0,0.0,0.0,0.0,0.0,0.0
624,0.0,228.29588945209971,0.0,0.0,0.0,0.0,0.0,0.0,0.0,0.0,0.0,0.0,0.0,1007.7144367694855,0.0,0.0,7458.068314284086,0.0,867.3527739405631,0.0,0.0,2264.0346415221684,0.0,0.0,0.0,0.0,0.0,0.0,0.0,5822.546082556248,0.0,0.0,0.0,0.0,0.0,0.0,0.0
625,0.0,245.31040785312652,0.0,0.0,0.0,0.0,0.0,0.0,0.0,0.0,0.0,0.0,0.0,996.1855745077133,0.0,0.0,7607.361871868372,0.0,850.0473598718642,0.0,0.0,2432.685984112322,0.0,0.0,0.0,0.0,0.0,0.0,0.0,6065.640406391023,0.0,0.0,0.0,0.0,0.0,0.0,0.0
626,0.0,265.6599458634853,0.0,0.0,0.0,0.0,0.0,0.0,0.0,0.0,0.0,0.0,0.0,987.7392712831497,0.0,0.0,7754.755869895218,0.0,833.8495259761809,0.0,0.0,2644.9884868294002,0.0,0.0,0.0,0.0,0.0,0.0,0.0,6323.13703045249,0.0,0.0,0.0,0.0,0.0,0.0,0.0
627,0.0,288.27485802769655,0.0,0.0,0.0,0.0,0.0,0.0,0.0,0.0,0.0,0.0,0.0,977.4366357088089,0.0,0.0,7925.77845969796,0.0,824.4978453278541,0.0,0.0,2877.123659723997,0.0,0.0,0.0,0.0,0.0,0.0,0.0,6573.143576061726,0.0,0.0,0.0,0.0,0.0,0.0,0.0
628,0.0,314.3139935553074,0.0,0.0,0.0,0.0,0.0,0.0,0.0,0.0,0.0,0.0,0.0,970.9359753847123,0.0,0.0,8161.9406960606575,0.0,824.8467244863509,0.0,0.0,3109.0293414384128,0.0,0.0,0.0,0.0,0.0,0.0,0.0,6807.390328347683,0.0,0.0,0.0,0.0,0.0,0.0,0.0
629,0.0,333.29589030146593,0.0,0.0,0.0,0.0,0.0,0.0,0.0,0.0,0.0,0.0,0.0,960.2739455461502,0.0,0.0,8424.096250265835,0.0,775.0406528234481,0.0,0.0,3600.0608414590356,0.0,0.0,0.0,0.0,0.0,0.0,0.0,7023.931089162826,0.0,0.0,0.0,0.0,0.0,0.0,0.0
630,0.0,331.45553507208825,0.0,0.0,0.0,0.0,0.0,0.0,0.0,0.0,0.0,0.0,0.0,957.1974840164185,0.0,0.0,8283.554512739182,0.0,731.0480876684188,0.0,0.0,3563.8820715934035,0.0,0.0,0.0,0.0,0.0,0.0,0.0,6914.057319200039,0.0,0.0,0.0,0.0,0.0,0.0,0.0
631,0.0,329.87649255394933,0.0,0.0,0.0,0.0,0.0,0.0,0.0,0.0,0.0,0.0,0.0,956.6535504817963,0.0,0.0,8169.727178931234,0.0,702.5411923766136,0.0,0.0,3547.162518909573,0.0,0.0,0.0,0.0,0.0,0.0,0.0,6793.009724867344,0.0,0.0,0.0,0.0,0.0,0.0,0.0
632,0.0,334.78913785815234,0.0,0.0,0.0,0.0,0.0,0.0,0.0,0.0,0.0,0.0,0.0,956.6590203046799,0.0,0.0,8086.729183346031,0.0,682.9546955108641,0.0,0.0,3531.356389564275,0.0,0.0,0.0,0.0,0.0,0.0,0.0,6664.03052329421,0.0,0.0,0.0,0.0,0.0,0.0,0.0
633,0.0,336.72878293991084,0.0,0.0,0.0,0.0,0.0,0.0,0.0,0.0,0.0,0.0,0.0,958.2588089942932,0.0,0.0,8028.518028587101,0.0,672.5822839617728,0.0,0.0,3519.4891523748634,0.0,0.0,0.0,0.0,0.0,0.0,0.0,6541.536479204892,0.0,0.0,0.0,0.0,0.0,0.0,0.0
634,0.0,344.53317856192587,0.0,0.0,0.0,0.0,0.0,0.0,0.0,0.0,0.0,0.0,0.0,954.9265211582184,0.0,0.0,7969.658129900692,0.0,659.7039300322532,0.0,0.0,3450.867353636026,0.0,0.0,0.0,0.0,0.0,0.0,0.0,6372.487726473808,0.0,0.0,0.0,0.0,0.0,0.0,0.0
635,0.0,342.1840575277805,0.0,0.0,0.0,0.0,0.0,0.0,0.0,0.0,0.0,0.0,0.0,954.822325515747,0.0,0.0,7915.983515411615,0.0,649.9683341026306,0.0,0.0,3381.137154883146,0.0,0.0,0.0,0.0,0.0,0.0,0.0,6201.607045125961,0.0,0.0,0.0,0.0,0.0,0.0,0.0
636,0.0,330.02019490599633,0.0,0.0,0.0,0.0,0.0,0.0,0.0,0.0,0.0,0.0,0.0,958.5305067539215,0.0,0.0,7845.4610055685025,0.0,639.0320247530938,0.0,0.0,3316.7146208792924,0.0,0.0,0.0,0.0,0.0,0.0,0.0,6037.398474892972,0.0,0.0,0.0,0.0,0.0,0.0,0.0
637,0.0,314.3902775645256,0.0,0.0,0.0,0.0,0.0,0.0,0.0,0.0,0.0,0.0,0.0,960.4684381008149,0.0,0.0,7742.328612118958,0.0,625.8433847546577,0.0,0.0,3255.5833779305217,0.0,0.0,0.0,0.0,0.0,0.0,0.0,5879.105522552131,0.0,0.0,0.0,0.0,0.0,0.0,0.0
638,0.0,298.14397196173667,0.0,0.0,0.0,0.0,0.0,0.0,0.0,0.0,0.0,0.0,0.0,959.5088876962661,0.0,0.0,7625.517367392778,0.0,605.1919913172721,0.0,0.0,3203.302986118197,0.0,0.0,0.0,0.0,0.0,0.0,0.0,5725.075257644056,0.0,0.0,0.0,0.0,0.0,0.0,0.0
639,0.0,253.76471854448317,0.0,0.0,0.0,0.0,0.0,0.0,0.0,0.0,0.0,0.0,0.0,961.1795150756836,0.0,0.0,7273.796257674694,0.0,594.0767072558403,0.0,0.0,3175.619931301474,0.0,0.0,0.0,0.0,0.0,0.0,0.0,4925.3415042936795,0.0,0.0,0.0,0.0,0.0,0.0,0.0
640,0.0,217.03322462439533,0.0,0.0,0.0,0.0,0.0,0.0,0.0,0.0,0.0,0.0,0.0,955.3395376205444,0.0,0.0,6996.50490090251,0.0,571.3550998687745,0.0,0.0,3147.8987288743256,0.0,0.0,0.0,0.0,0.0,0.0,0.0,4254.797049343585,0.0,0.0,0.0,0.0,0.0,0.0,0.0
641,0.0,186.82228805422778,0.0,0.0,0.0,0.0,0.0,0.0,0.0,0.0,0.0,0.0,0.0,932.7320422887802,0.0,0.0,6693.410026669502,0.0,512.0736836791039,0.0,0.0,3091.875027099252,0.0,0.0,0.0,0.0,0.0,0.0,0.0,3722.2912724047883,0.0,0.0,0.0,0.0,0.0,0.0,0.0
642,0.0,159.44050907492638,0.0,0.0,0.0,0.0,0.0,0.0,0.0,0.0,0.0,0.0,0.0,912.4199895143508,0.0,0.0,6475.507131531833,0.0,459.60949074029924,0.0,0.0,3059.6902514934536,0.0,0.0,0.0,0.0,0.0,0.0,0.0,3316.9363845467565,0.0,0.0,0.0,0.0,0.0,0.0,0.0
643,0.0,134.88055106699463,0.0,0.0,0.0,0.0,0.0,0.0,0.0,0.0,0.0,0.0,0.0,901.4954978466034,0.0,0.0,6559.092030346394,0.0,401.4675192177295,0.0,0.0,3084.761103272438,0.0,0.0,0.0,0.0,0.0,0.0,0.0,3293.989905607699,0.0,0.0,0.0,0.0,0.0,0.0,0.0
644,0.0,114.11635377556081,0.0,0.0,0.0,0.0,0.0,0.0,0.0,0.0,0.0,0.0,0.0,889.4335520267487,0.0,0.0,6666.955431669949,0.0,347.7894224405289,0.0,0.0,3135.6388135045763,0.0,0.0,0.0,0.0,0.0,0.0,0.0,3267.4128377795214,0.0,0.0,0.0,0.0,0.0,0.0,0.0
645,0.0,96.61708542555567,0.0,0.0,0.0,0.0,0.0,0.0,0.0,0.0,0.0,0.0,0.0,871.6455086708069,0.0,0.0,6763.028651088476,0.0,291.664754986763,0.0,0.0,3164.399386936426,0.0,0.0,0.0,0.0,0.0,0.0,0.0,3223.9061603873965,0.0,0.0,0.0,0.0,0.0,0.0,0.0
646,0.0,83.21646935641763,0.0,0.0,0.0,0.0,0.0,0.0,0.0,0.0,0.0,0.0,0.0,852.1775123357772,0.0,0.0,6799.797029942274,0.0,236.71556130945683,0.0,0.0,3239.936196961999,0.0,0.0,0.0,0.0,0.0,0.0,0.0,3171.146182289718,0.0,0.0,0.0,0.0,0.0,0.0,0.0
647,0.0,74.11887180358167,0.0,0.0,0.0,0.0,0.0,0.0,0.0,0.0,0.0,0.0,0.0,832.9005114555359,0.0,0.0,6735.715287148951,0.0,185.55389996469003,0.0,0.0,3273.1815366894,0.0,0.0,0.0,0.0,0.0,0.0,0.0,3111.5520907044393,0.0,0.0,0.0,0.0,0.0,0.0,0.0
648,0.0,66.39949259161942,0.0,0.0,0.0,0.0,0.0,0.0,0.0,0.0,0.0,0.0,0.0,811.4627511978149,0.0,0.0,6971.394465982914,0.0,157.35228134691698,0.0,0.0,3578.457789123058,0.0,0.0,0.0,0.0,0.0,0.0,0.0,3433.5213197678327,0.0,0.0,0.0,0.0,0.0,0.0,0.0
649,0.0,60.91550278365608,0.0,0.0,0.0,0.0,0.0,0.0,0.0,0.0,0.0,0.0,0.0,788.0075229883194,0.0,0.0,7183.333039700983,0.0,134.1223537653683,0.0,0.0,3833.1484935790295,0.0,0.0,0.0,0.0,0.0,0.0,0.0,3721.516698560117,0.0,0.0,0.0,0.0,0.0,0.0,0.0
650,0.0,56.89198421984905,0.0,0.0,0.0,0.0,0.0,0.0,0.0,0.0,0.0,0.0,0.0,758.8229691505433,0.0,0.0,7396.874026477337,0.0,118.0950393751262,0.0,0.0,4060.845827794075,0.0,0.0,0.0,0.0,0.0,0.0,0.0,3995.1278577476737,0.0,0.0,0.0,0.0,0.0,0.0,0.0
651,0.0,53.272470706701185,0.0,0.0,0.0,0.0,0.0,0.0,0.0,0.0,0.0,0.0,0.0,721.5631185173988,0.0,0.0,7646.564985126255,0.0,109.00218734294158,0.0,0.0,4320.384911879896,0.0,0.0,0.0,0.0,0.0,0.0,0.0,4277.321526566147,0.0,0.0,0.0,0.0,0.0,0.0,0.0
652,0.0,50.74830185919996,0.0,0.0,0.0,0.0,0.0,0.0,0.0,0.0,0.0,0.0,0.0,674.7483839988708,0.0,0.0,7938.687997132538,0.0,108.01112006306629,0.0,0.0,4568.717681264878,0.0,0.0,0.0,0.0,0.0,0.0,0.0,4539.477526906132,0.0,0.0,0.0,0.0,0.0,0.0,0.0
653,0.0,48.59501806497572,0.0,0.0,0.0,0.0,0.0,0.0,0.0,0.0,0.0,0.0,0.0,618.486009991169,0.0,0.0,8222.40222993493,0.0,104.09740433394904,0.0,0.0,4861.544491311908,0.0,0.0,0.0,0.0,0.0,0.0,0.0,4759.318362841008,0.0,0.0,0.0,0.0,0.0,0.0,0.0
654,0.0,47.17904348820445,0.0,0.0,0.0,0.0,0.0,0.0,0.0,0.0,0.0,0.0,0.0,563.3535130858421,0.0,0.0,8109.614131003616,0.0,102.36651760488732,0.0,0.0,4913.0437653869385,0.0,0.0,0.0,0.0,0.0,0.0,0.0,4889.492331913113,0.0,0.0,0.0,0.0,0.0,0.0,0.0
655,0.0,46.33712081015102,0.0,0.0,0.0,0.0,0.0,0.0,0.0,0.0,0.0,0.0,0.0,522.9929453969002,0.0,0.0,8004.816316992044,0.0,110.45139935463648,0.0,0.0,4957.0727685123675,0.0,0.0,0.0,0.0,0.0,0.0,0.0,4978.7328577101225,0.0,0.0,0.0,0.0,0.0,0.0,0.0
656,0.0,45.62935446202746,0.0,0.0,0.0,0.0,0.0,0.0,0.0,0.0,0.0,0.0,0.0,501.3275598049164,0.0,0.0,7915.5479079782945,0.0,120.03429766446338,0.0,0.0,4976.055443322658,0.0,0.0,0.0,0.0,0.0,0.0,0.0,5024.038918599486,0.0,0.0,0.0,0.0,0.0,0.0,0.0
657,0.0,44.10411615818736,0.0,0.0,0.0,0.0,0.0,0.0,0.0,0.0,0.0,0.0,0.0,491.42224857807156,0.0,0.0,7854.082143396137,0.0,134.64012956321238,0.0,0.0,4952.430264875293,0.0,0.0,0.0,0.0,0.0,0.0,0.0,5032.259815791248,0.0,0.0,0.0,0.0,0.0,0.0,0.0
658,0.0,51.84765851944676,0.0,0.0,0.0,0.0,0.0,0.0,0.0,0.0,0.0,0.0,0.0,468.1811953186988,0.0,0.0,7810.476283580063,0.0,124.18937582075586,0.0,0.0,4832.982527661324,0.0,0.0,0.0,0.0,0.0,0.0,0.0,4938.210567778348,0.0,0.0,0.0,0.0,0.0,0.0,0.0
659,0.0,60.23197673857211,0.0,0.0,0.0,0.0,0.0,0.0,0.0,0.0,0.0,0.0,0.0,450.6416702270508,0.0,0.0,7770.6104247272,0.0,118.96579966396084,0.0,0.0,4708.596794208884,0.0,0.0,0.0,0.0,0.0,0.0,0.0,4855.711944296955,0.0,0.0,0.0,0.0,0.0,0.0,0.0
660,0.0,66.47489283978938,0.0,0.0,0.0,0.0,0.0,0.0,0.0,0.0,0.0,0.0,0.0,443.07784670591354,0.0,0.0,7736.529588162897,0.0,114.87998602539301,0.0,0.0,4574.763169240951,0.0,0.0,0.0,0.0,0.0,0.0,0.0,4785.8889216452835,0.0,0.0,0.0,0.0,0.0,0.0,0.0
661,0.0,70.71989174187178,0.0,0.0,0.0,0.0,0.0,0.0,0.0,0.0,0.0,0.0,0.0,439.86437059640883,0.0,0.0,7720.531905174255,0.0,104.98428212851277,0.0,0.0,4424.031666648387,0.0,0.0,0.0,0.0,0.0,0.0,0.0,4725.381397038697,0.0,0.0,0.0,0.0,0.0,0.0,0.0
662,0.0,73.96337194293734,0.0,0.0,0.0,0.0,0.0,0.0,0.0,0.0,0.0,0.0,0.0,443.1708785295486,0.0,0.0,7742.761108070612,0.0,84.29510332941994,0.0,0.0,4258.348722839355,0.0,0.0,0.0,0.0,0.0,0.0,0.0,4676.427389863133,0.0,0.0,0.0,0.0,0.0,0.0,0.0
663,0.0,62.955524884164305,0.0,0.0,0.0,0.0,0.0,0.0,0.0,0.0,0.0,0.0,0.0,466.6788770794868,0.0,0.0,7478.350507527588,0.0,69.47779493480913,0.0,0.0,4246.108789551257,0.0,0.0,0.0,0.0,0.0,0.0,0.0,4153.913326230645,0.0,0.0,0.0,0.0,0.0,0.0,0.0
664,0.0,51.900340497493666,0.0,0.0,0.0,0.0,0.0,0.0,0.0,0.0,0.0,0.0,0.0,494.34640692472453,0.0,0.0,7276.05052614212,0.0,51.50560521185391,0.0,0.0,4238.193160387873,0.0,0.0,0.0,0.0,0.0,0.0,0.0,3734.880447861552,0.0,0.0,0.0,0.0,0.0,0.0,0.0
665,0.0,42.27485703974962,0.0,0.0,0.0,0.0,0.0,0.0,0.0,0.0,0.0,0.0,0.0,513.5772281527519,0.0,0.0,7007.592665821314,0.0,26.72153139337887,0.0,0.0,4177.347721758484,0.0,0.0,0.0,0.0,0.0,0.0,0.0,3402.742677009104,0.0,0.0,0.0,0.0,0.0,0.0,0.0
666,0.0,36.691612449288286,0.0,0.0,0.0,0.0,0.0,0.0,0.0,0.0,0.0,0.0,0.0,520.1903785228728,0.0,0.0,6688.277637660502,0.0,16.39280569516113,0.0,0.0,4131.861540466547,0.0,0.0,0.0,0.0,0.0,0.0,0.0,3132.45437452495,0.0,0.0,0.0,0.0,0.0,0.0,0.0
667,0.0,36.264145646989284,0.0,0.0,0.0,0.0,0.0,0.0,0.0,0.0,0.0,0.0,0.0,521.2545729160308,0.0,0.0,6916.580271333454,0.0,14.088456259667852,0.0,0.0,4146.989490070939,0.0,0.0,0.0,0.0,0.0,0.0,0.0,3238.0654570549723,0.0,0.0,0.0,0.0,0.0,0.0,0.0
668,0.0,36.74046479612583,0.0,0.0,0.0,0.0,0.0,0.0,0.0,0.0,0.0,0.0,0.0,503.2033503770828,0.0,0.0,7180.657165467739,0.0,13.888537126965735,0.0,0.0,4158.3947173118595,0.0,0.0,0.0,0.0,0.0,0.0,0.0,3318.55351537466,0.0,0.0,0.0,0.0,0.0,0.0,0.0
669,0.0,36.637836290895876,0.0,0.0,0.0,0.0,0.0,0.0,0.0,0.0,0.0,0.0,0.0,481.8553938508033,0.0,0.0,7457.848954826592,0.0,13.788836459629113,0.0,0.0,4171.890796914697,0.0,0.0,0.0,0.0,0.0,0.0,0.0,3372.31009735465,0.0,0.0,0.0,0.0,0.0,0.0,0.0
670,0.0,37.31082734316586,0.0,0.0,0.0,0.0,0.0,0.0,0.0,0.0,0.0,0.0,0.0,461.58324388265606,0.0,0.0,7715.912132769823,0.0,14.129156666807779,0.0,0.0,4206.285409095883,0.0,0.0,0.0,0.0,0.0,0.0,0.0,3453.0700882285832,0.0,0.0,0.0,0.0,0.0,0.0,0.0
671,0.0,38.936197176575604,0.0,0.0,0.0,0.0,0.0,0.0,0.0,0.0,0.0,0.0,0.0,450.1844916701317,0.0,0.0,7941.842261672018,0.0,20.256197754666083,0.0,0.0,4292.475696229934,0.0,0.0,0.0,0.0,0.0,0.0,0.0,3580.486400839686,0.0,0.0,0.0,0.0,0.0,0.0,0.0
672,0.0,49.1374088734388,0.0,0.0,0.0,0.0,0.0,0.0,0.0,0.0,0.0,0.0,0.0,449.7166424751282,0.0,0.0,8578.007246643305,0.0,69.52784442156542,0.0,0.0,4451.243931511044,0.0,0.0,0.0,0.0,0.0,0.0,0.0,4064.470297467707,0.0,0.0,0.0,0.0,0.0,0.0,0.0
673,0.0,58.806098426878386,0.0,0.0,0.0,0.0,0.0,0.0,0.0,0.0,0.0,0.0,0.0,455.45148276090623,0.0,0.0,9228.375367552042,0.0,148.5499593973158,0.0,0.0,4590.0748934447765,0.0,0.0,0.0,0.0,0.0,0.0,0.0,4672.563199338317,0.0,0.0,0.0,0.0,0.0,0.0,0.0
674,0.0,68.75107553154227,0.0,0.0,0.0,0.0,0.0,0.0,0.0,0.0,0.0,0.0,0.0,460.84006532430647,0.0,0.0,9915.73122677207,0.0,231.49771335124967,0.0,0.0,4718.096457481384,0.0,0.0,0.0,0.0,0.0,0.0,0.0,5426.50633113086,0.0,0.0,0.0,0.0,0.0,0.0,0.0
675,0.0,77.85697763264172,0.0,0.0,0.0,0.0,0.0,0.0,0.0,0.0,0.0,0.0,0.0,461.4645218253135,0.0,0.0,10620.108446449041,0.0,300.2873760104179,0.0,0.0,4841.735284942389,0.0,0.0,0.0,0.0,0.0,0.0,0.0,6249.907618623972,0.0,0.0,0.0,0.0,0.0,0.0,0.0
676,0.0,86.71417113840577,0.0,0.0,0.0,0.0,0.0,0.0,0.0,0.0,0.0,0.0,0.0,454.37226877212527,0.0,0.0,11273.18822363019,0.0,341.5929491758346,0.0,0.0,4964.318695181607,0.0,0.0,0.0,0.0,0.0,0.0,0.0,7189.3926464974875,0.0,0.0,0.0,0.0,0.0,0.0,0.0
677,0.0,93.2399258449673,0.0,0.0,0.0,0.0,0.0,0.0,0.0,0.0,0.0,0.0,0.0,435.86386767625805,0.0,0.0,11841.437342524527,0.0,349.5626000225543,0.0,0.0,5089.414398050309,0.0,0.0,0.0,0.0,0.0,0.0,0.0,8159.354370743036,0.0,0.0,0.0,0.0,0.0,0.0,0.0
678,0.0,91.76073429733513,0.0,0.0,0.0,0.0,0.0,0.0,0.0,0.0,0.0,0.0,0.0,407.3568545222282,0.0,0.0,11792.006789028645,0.0,325.26685698628415,0.0,0.0,5341.386631125211,0.0,0.0,0.0,0.0,0.0,0.0,0.0,8750.980526971814,0.0,0.0,0.0,0.0,0.0,0.0,0.0
679,0.0,89.13316540718078,0.0,0.0,0.0,0.0,0.0,0.0,0.0,0.0,0.0,0.0,0.0,367.0122479557991,0.0,0.0,11750.057015329598,0.0,285.67117703557017,0.0,0.0,5559.45532681346,0.0,0.0,0.0,0.0,0.0,0.0,0.0,9266.94000353217,0.0,0.0,0.0,0.0,0.0,0.0,0.0
680,0.0,87.26029338240623,0.0,0.0,0.0,0.0,0.0,0.0,0.0,0.0,0.0,0.0,0.0,310.42560760378825,0.0,0.0,11712.635225325823,0.0,246.5667438387871,0.0,0.0,5757.712091302872,0.0,0.0,0.0,0.0,0.0,0.0,0.0,9776.681192588805,0.0,0.0,0.0,0.0,0.0,0.0,0.0
681,0.0,85.05496588200329,0.0,0.0,0.0,0.0,0.0,0.0,0.0,0.0,0.0,0.0,0.0,252.61825522184373,0.0,0.0,11678.029326230286,0.0,215.88341467678546,0.0,0.0,5969.721372109651,0.0,0.0,0.0,0.0,0.0,0.0,0.0,10180.238505011797,0.0,0.0,0.0,0.0,0.0,0.0,0.0
682,0.0,85.08645863682031,0.0,0.0,0.0,0.0,0.0,0.0,0.0,0.0,0.0,0.0,0.0,185.9519418299198,0.0,0.0,11704.06464907527,0.0,184.200903904438,0.0,0.0,5902.035400861501,0.0,0.0,0.0,0.0,0.0,0.0,0.0,10012.317259865997,0.0,0.0,0.0,0.0,0.0,0.0,0.0
683,0.0,85.07522224634883,0.0,0.0,0.0,0.0,0.0,0.0,0.0,0.0,0.0,0.0,0.0,132.86293936967837,0.0,0.0,11690.568597346544,0.0,159.5288189619779,0.0,0.0,5852.034177392721,0.0,0.0,0.0,0.0,0.0,0.0,0.0,9790.29734737277,0.0,0.0,0.0,0.0,0.0,0.0,0.0
684,0.0,86.0024138376116,0.0,0.0,0.0,0.0,0.0,0.0,0.0,0.0,0.0,0.0,0.0,91.05702702701085,0.0,0.0,11666.849772602318,0.0,149.43262070417387,0.0,0.0,5797.855487823486,0.0,0.0,0.0,0.0,0.0,0.0,0.0,9602.221994543073,0.0,0.0,0.0,0.0,0.0,0.0,0.0
685,0.0,88.92815388590095,0.0,0.0,0.0,0.0,0.0,0.0,0.0,0.0,0.0,0.0,0.0,63.630640152096724,0.0,0.0,11651.290808528662,0.0,158.31091353595255,0.0,0.0,5728.411093389988,0.0,0.0,0.0,0.0,0.0,0.0,0.0,9480.880770909785,0.0,0.0,0.0,0.0,0.0,0.0,0.0
686,0.0,93.40270621329539,0.0,0.0,0.0,0.0,0.0,0.0,0.0,0.0,0.0,0.0,0.0,48.09849522411815,0.0,0.0,11646.806385576725,0.0,178.17329763770087,0.0,0.0,5699.380156338215,0.0,0.0,0.0,0.0,0.0,0.0,0.0,9405.358012992143,0.0,0.0,0.0,0.0,0.0,0.0,0.0
687,0.0,84.45689812749623,0.0,0.0,0.0,0.0,0.0,0.0,0.0,0.0,0.0,0.0,0.0,49.88124836832272,0.0,0.0,11452.835062742231,0.0,233.90047405362128,0.0,0.0,5921.169152319431,0.0,0.0,0.0,0.0,0.0,0.0,0.0,8763.87707300186,0.0,0.0,0.0,0.0,0.0,0.0,0.0
688,0.0,75.37368624061347,0.0,0.0,0.0,0.0,0.0,0.0,0.0,0.0,0.0,0.0,0.0,57.20682635605335,0.0,0.0,11271.772499471903,0.0,301.5099944174289,0.0,0.0,6162.211792248488,0.0,0.0,0.0,0.0,0.0,0.0,0.0,7941.994196140766,0.0,0.0,0.0,0.0,0.0,0.0,0.0
689,0.0,73.82157037854192,0.0,0.0,0.0,0.0,0.0,0.0,0.0,0.0,0.0,0.0,0.0,67.28249790668475,0.0,0.0,10934.672242105005,0.0,366.26961371302593,0.0,0.0,6305.010408425331,0.0,0.0,0.0,0.0,0.0,0.0,0.0,7288.376096242666,0.0,0.0,0.0,0.0,0.0,0.0,0.0
690,0.0,72.2605116963386,0.0,0.0,0.0,0.0,0.0,0.0,0.0,0.0,0.0,0.0,0.0,85.37868395894759,0.0,0.0,10640.813801199196,0.0,448.1479359626769,0.0,0.0,6454.295934927463,0.0,0.0,0.0,0.0,0.0,0.0,0.0,6719.790438187122,0.0,0.0,0.0,0.0,0.0,0.0,0.0
691,0.0,75.09319030344483,0.0,0.0,0.0,0.0,0.0,0.0,0.0,0.0,0.0,0.0,0.0,118.94549064040174,0.0,0.0,10834.480976700781,0.0,526.1071032881737,0.0,0.0,6725.791267293692,0.0,0.0,0.0,0.0,0.0,0.0,0.0,6726.81005885601,0.0,0.0,0.0,0.0,0.0,0.0,0.0
692,0.0,76.93322990387675,0.0,0.0,0.0,0.0,0.0,0.0,0.0,0.0,0.0,0.0,0.0,163.21431403160088,0.0,0.0,11046.29509115219,0.0,608.5140797257424,0.0,0.0,6998.506717675924,0.0,0.0,0.0,0.0,0.0,0.0,0.0,6752.424514371157,0.0,0.0,0.0,0.0,0.0,0.0,0.0
693,0.0,82.04867732673884,0.0,0.0,0.0,0.0,0.0,0.0,0.0,0.0,0.0,0.0,0.0,212.53682783842075,0.0,0.0,11249.489623516796,0.0,684.2739744901658,0.0,0.0,7224.843151026964,0.0,0.0,0.0,0.0,0.0,0.0,0.0,6852.457363414764,0.0,0.0,0.0,0.0,0.0,0.0,0.0
694,0.0,99.57447955012314,0.0,0.0,0.0,0.0,0.0,0.0,0.0,0.0,0.0,0.0,0.0,258.61223957538596,0.0,0.0,11523.783845573662,0.0,742.4259944438933,0.0,0.0,7393.473754638433,0.0,0.0,0.0,0.0,0.0,0.0,0.0,7107.367373698949,0.0,0.0,0.0,0.0,0.0,0.0,0.0
695,0.0,128.54140320718287,0.0,0.0,0.0,0.0,0.0,0.0,0.0,0.0,0.0,0.0,0.0,291.26127610802644,0.0,0.0,11984.770079106092,0.0,770.1737144589423,0.0,0.0,7518.989686739445,0.0,0.0,0.0,0.0,0.0,0.0,0.0,7550.8380207061755,0.0,0.0,0.0,0.0,0.0,0.0,0.0
696,0.0,182.132476785779,0.0,0.0,0.0,0.0,0.0,0.0,0.0,0.0,0.0,0.0,0.0,306.9927781462669,0.0,0.0,12742.77835252881,0.0,798.22158318758,0.0,0.0,7468.546435403824,0.0,0.0,0.0,0.0,0.0,0.0,0.0,8941.806304013728,0.0,0.0,0.0,0.0,0.0,0.0,0.0
697,0.0,232.5842627853155,0.0,0.0,0.0,0.0,0.0,0.0,0.0,0.0,0.0,0.0,0.0,306.0656431674957,0.0,0.0,13725.492386817932,0.0,797.9701056361197,0.0,0.0,7345.48406072259,0.0,0.0,0.0,0.0,0.0,0.0,0.0,10556.311102384328,0.0,0.0,0.0,0.0,0.0,0.0,0.0
698,0.0,277.35981990694995,0.0,0.0,0.0,0.0,0.0,0.0,0.0,0.0,0.0,0.0,0.0,295.991238194704,0.0,0.0,14735.247530400753,0.0,785.1554806947707,0.0,0.0,7216.787950050831,0.0,0.0,0.0,0.0,0.0,0.0,0.0,12204.962240159512,0.0,0.0,0.0,0.0,0.0,0.0,0.0
699,0.0,317.6353639662266,0.0,0.0,0.0,0.0,0.0,0.0,0.0,0.0,0.0,0.0,0.0,283.31821900606155,0.0,0.0,15597.765805780888,0.0,771.3126552224159,0.0,0.0,7114.3870477974415,0.0,0.0,0.0,0.0,0.0,0.0,0.0,13609.87574557066,0.0,0.0,0.0,0.0,0.0,0.0,0.0
700,0.0,361.9740765988826,0.0,0.0,0.0,0.0,0.0,0.0,0.0,0.0,0.0,0.0,0.0,272.9580157876014,0.0,0.0,16324.726159393787,0.0,761.6005352735519,0.0,0.0,7058.75874903202,0.0,0.0,0.0,0.0,0.0,0.0,0.0,14815.659405887127,0.0,0.0,0.0,0.0,0.0,0.0,0.0
701,0.0,403.4937878787517,0.0,0.0,0.0,0.0,0.0,0.0,0.0,0.0,0.0,0.0,0.0,262.4551936626433,0.0,0.0,16923.286554813385,0.0,757.5630815625191,0.0,0.0,6961.713650178909,0.0,0.0,0.0,0.0,0.0,0.0,0.0,15831.47069451809,0.0,0.0,0.0,0.0,0.0,0.0,0.0
702,0.0,424.0681098103523,0.0,0.0,0.0,0.0,0.0,0.0,0.0,0.0,0.0,0.0,0.0,248.88653581142418,0.0,0.0,17138.91845726967,0.0,748.9185851931571,0.0,0.0,7298.873130440712,0.0,0.0,0.0,0.0,0.0,0.0,0.0,15996.413699615001,0.0,0.0,0.0,0.0,0.0,0.0,0.0
703,0.0,442.2259204208851,0.0,0.0,0.0,0.0,0.0,0.0,0.0,0.0,0.0,0.0,0.0,235.41398095488546,0.0,0.0,17327.65782368183,0.0,745.798295366764,0.0,0.0,7567.859197765589,0.0,0.0,0.0,0.0,0.0,0.0,0.0,16108.685683274269,0.0,0.0,0.0,0.0,0.0,0.0,0.0
704,0.0,458.575331479311,0.0,0.0,0.0,0.0,0.0,0.0,0.0,0.0,0.0,0.0,0.0,224.63562771081922,0.0,0.0,17496.28612834215,0.0,745.1503345847129,0.0,0.0,7752.571744000912,0.0,0.0,0.0,0.0,0.0,0.0,0.0,16181.322050702573,0.0,0.0,0.0,0.0,0.0,0.0,0.0
705,0.0,471.4581266999245,0.0,0.0,0.0,0.0,0.0,0.0,0.0,0.0,0.0,0.0,0.0,217.96872063875196,0.0,0.0,17636.990440785885,0.0,741.1585878968239,0.0,0.0,7909.736265850067,0.0,0.0,0.0,0.0,0.0,0.0,0.0,16231.105958425998,0.0,0.0,0.0,0.0,0.0,0.0,0.0
706,0.0,483.3110737681389,0.0,0.0,0.0,0.0,0.0,0.0,0.0,0.0,0.0,0.0,0.0,200.48219006061552,0.0,0.0,17947.701444268227,0.0,760.5734611153601,0.0,0.0,7873.356766891479,0.0,0.0,0.0,0.0,0.0,0.0,0.0,16314.08878096342,0.0,0.0,0.0,0.0,0.0,0.0,0.0
707,0.0,487.8132611632347,0.0,0.0,0.0,0.0,0.0,0.0,0.0,0.0,0.0,0.0,0.0,202.3106352806091,0.0,0.0,18226.371965289116,0.0,791.9122355103493,0.0,0.0,7847.524173939228,0.0,0.0,0.0,0.0,0.0,0.0,0.0,16375.39076809883,0.0,0.0,0.0,0.0,0.0,0.0,0.0
708,0.0,494.16792393922805,0.0,0.0,0.0,0.0,0.0,0.0,0.0,0.0,0.0,0.0,0.0,211.29513320922842,0.0,0.0,18455.821957826614,0.0,831.3822359681128,0.0,0.0,7823.675256729126,0.0,0.0,0.0,0.0,0.0,0.0,0.0,16430.908402657507,0.0,0.0,0.0,0.0,0.0,0.0,0.0
709,0.0,499.9340860247612,0.0,0.0,0.0,0.0,0.0,0.0,0.0,0.0,0.0,0.0,0.0,225.4285278558731,0.0,0.0,18654.0326744318,0.0,863.3348242640495,0.0,0.0,7809.743507194519,0.0,0.0,0.0,0.0,0.0,0.0,0.0,16497.41326956749,0.0,0.0,0.0,0.0,0.0,0.0,0.0
710,0.0,498.587121963501,0.0,0.0,0.0,0.0,0.0,0.0,0.0,0.0,0.0,0.0,0.0,237.60610214471814,0.0,0.0,18846.8076325655,0.0,878.6052976369857,0.0,0.0,7793.066340744495,0.0,0.0,0.0,0.0,0.0,0.0,0.0,16574.882225632668,0.0,0.0,0.0,0.0,0.0,0.0,0.0
711,0.0,471.51956913471224,0.0,0.0,0.0,0.0,0.0,0.0,0.0,0.0,0.0,0.0,0.0,253.57087867856018,0.0,0.0,18889.954548835754,0.0,902.8159698843956,0.0,0.0,7874.977132058144,0.0,0.0,0.0,0.0,0.0,0.0,0.0,16036.16358537674,0.0,0.0,0.0,0.0,0.0,0.0,0.0
712,0.0,434.6437275767326,0.0,0.0,0.0,0.0,0.0,0.0,0.0,0.0,0.0,0.0,0.0,260.828974968195,0.0,0.0,18907.321283757687,0.0,918.9803682923316,0.0,0.0,7933.763810759783,0.0,0.0,0.0,0.0,0.0,0.0,0.0,15277.92305135727,0.0,0.0,0.0,0.0,0.0,0.0,0.0
713,0.0,389.14975689053534,0.0,0.0,0.0,0.0,0.0,0.0,0.0,0.0,0.0,0.0,0.0,261.9613852262497,0.0,0.0,18877.763763666153,0.0,920.8701254606246,0.0,0.0,7935.183144074678,0.0,0.0,0.0,0.0,0.0,0.0,0.0,14456.708434283733,0.0,0.0,0.0,0.0,0.0,0.0,0.0
714,0.0,333.272660011053,0.0,0.0,0.0,0.0,0.0,0.0,0.0,0.0,0.0,0.0,0.0,263.7031427204608,0.0,0.0,18816.937408566475,0.0,919.1579795002938,0.0,0.0,7936.985770046711,0.0,0.0,0.0,0.0,0.0,0.0,0.0,13525.902104949952,0.0,0.0,0.0,0.0,0.0,0.0,0.0
715,0.0,293.19951125979424,0.0,0.0,0.0,0.0,0.0,0.0,0.0,0.0,0.0,0.0,0.0,278.10305672883976,0.0,0.0,18852.678998470306,0.0,904.0987899541853,0.0,0.0,7988.07934731245,0.0,0.0,0.0,0.0,0.0,0.0,0.0,13053.38602360487,0.0,0.0,0.0,0.0,0.0,0.0,0.0
716,0.0,254.86897096037865,0.0,0.0,0.0,0.0,0.0,0.0,0.0,0.0,0.0,0.0,0.0,292.67428379654876,0.0,0.0,18881.57844018936,0.0,889.6241878986359,0.0,0.0,8045.171182179451,0.0,0.0,0.0,0.0,0.0,0.0,0.0,12483.884039628505,0.0,0.0,0.0,0.0,0.0,0.0,0.0
717,0.0,225.66197291314597,0.0,0.0,0.0,0.0,0.0,0.0,0.0,0.0,0.0,0.0,0.0,305.1134008049965,0.0,0.0,18908.49897956848,0.0,876.1843074798583,0.0,0.0,8097.3395532310005,0.0,0.0,0.0,0.0,0.0,0.0,0.0,11884.725496292112,0.0,0.0,0.0,0.0,0.0,0.0,0.0
718,0.0,208.36702170073983,0.0,0.0,0.0,0.0,0.0,0.0,0.0,0.0,0.0,0.0,0.0,310.0961180269718,0.0,0.0,18933.908894598484,0.0,854.7498478055,0.0,0.0,8104.989057397843,0.0,0.0,0.0,0.0,0.0,0.0,0.0,11424.358869677782,0.0,0.0,0.0,0.0,0.0,0.0,0.0
719,0.0,205.2617378801107,0.0,0.0,0.0,0.0,0.0,0.0,0.0,0.0,0.0,0.0,0.0,302.6678967952728,0.0,0.0,18960.995898246765,0.0,816.8045411586761,0.0,0.0,8011.023621189594,0.0,0.0,0.0,0.0,0.0,0.0,0.0,11330.944974720478,0.0,0.0,0.0,0.0,0.0,0.0,0.0
720,0.0,238.65044070482253,0.0,0.0,0.0,0.0,0.0,0.0,0.0,0.0,0.0,0.0,0.0,286.7962865889072,0.0,0.0,19031.274934649467,0.0,788.2708500504493,0.0,0.0,7808.890332859754,0.0,0.0,0.0,0.0,0.0,0.0,0.0,12340.934303081036,0.0,0.0,0.0,0.0,0.0,0.0,0.0
721,0.0,288.39260866641996,0.0,0.0,0.0,0.0,0.0,0.0,0.0,0.0,0.0,0.0,0.0,262.621664583683,0.0,0.0,19113.81009733677,0.0,747.2009852170943,0.0,0.0,7502.261656808853,0.0,0.0,0.0,0.0,0.0,0.0,0.0,13528.042850589753,0.0,0.0,0.0,0.0,0.0,0.0,0.0
722,0.0,339.92297592759127,0.0,0.0,0.0,0.0,0.0,0.0,0.0,0.0,0.0,0.0,0.0,237.6411403954029,0.0,0.0,19207.51547920704,0.0,704.6453160762786,0.0,0.0,7201.155907022953,0.0,0.0,0.0,0.0,0.0,0.0,0.0,14732.942730104924,0.0,0.0,0.0,0.0,0.0,0.0,0.0
723,0.0,386.0772423684596,0.0,0.0,0.0,0.0,0.0,0.0,0.0,0.0,0.0,0.0,0.0,218.71743627190588,0.0,0.0,19311.07959073782,0.0,672.1342839956283,0.0,0.0,7049.717159843445,0.0,0.0,0.0,0.0,0.0,0.0,0.0,15817.427113831043,0.0,0.0,0.0,0.0,0.0,0.0,0.0
724,0.0,424.4529246211052,0.0,0.0,0.0,0.0,0.0,0.0,0.0,0.0,0.0,0.0,0.0,204.27726078033447,0.0,0.0,19424.687565088272,0.0,645.6005567431449,0.0,0.0,6945.950815343856,0.0,0.0,0.0,0.0,0.0,0.0,0.0,16764.701273643972,0.0,0.0,0.0,0.0,0.0,0.0,0.0
725,0.0,458.39178974032404,0.0,0.0,0.0,0.0,0.0,0.0,0.0,0.0,0.0,0.0,0.0,192.49947674274435,0.0,0.0,19546.887896060944,0.0,619.7442538142203,0.0,0.0,6876.768610042333,0.0,0.0,0.0,0.0,0.0,0.0,0.0,17563.540759432315,0.0,0.0,0.0,0.0,0.0,0.0,0.0
726,0.0,483.90322172641754,0.0,0.0,0.0,0.0,0.0,0.0,0.0,0.0,0.0,0.0,0.0,181.85569459199905,0.0,0.0,19392.160135746002,0.0,589.697251188755,0.0,0.0,6606.002926415205,0.0,0.0,0.0,0.0,0.0,0.0,0.0,17681.595649218558,0.0,0.0,0.0,0.0,0.0,0.0,0.0
727,0.0,507.25061749219896,0.0,0.0,0.0,0.0,0.0,0.0,0.0,0.0,0.0,0.0,0.0,170.01538868546484,0.0,0.0,19240.525188207626,0.0,568.4036473989487,0.0,0.0,6440.956381630897,0.0,0.0,0.0,0.0,0.0,0.0,0.0,17792.419736671447,0.0,0.0,0.0,0.0,0.0,0.0,0.0
728,0.0,528.3809794306756,0.0,0.0,0.0,0.0,0.0,0.0,0.0,0.0,0.0,0.0,0.0,156.83820426464072,0.0,0.0,19093.699035584927,0.0,553.9411390304565,0.0,0.0,6338.78497055769,0.0,0.0,0.0,0.0,0.0,0.0,0.0,17892.469219887258,0.0,0.0,0.0,0.0,0.0,0.0,0.0
729,0.0,545.679465687275,0.0,0.0,0.0,0.0,0.0,0.0,0.0,0.0,0.0,0.0,0.0,143.52095651030538,0.0,0.0,18949.729223132133,0.0,556.2148114800453,0.0,0.0,6333.010148960352,0.0,0.0,0.0,0.0,0.0,0.0,0.0,17960.458144247532,0.0,0.0,0.0,0.0,0.0,0.0,0.0
730,0.0,555.3622322916984,0.0,0.0,0.0,0.0,0.0,0.0,0.0,0.0,0.0,0.0,0.0,127.51650134325014,0.0,0.0,19074.54786592722,0.0,556.6040029287338,0.0,0.0,6260.480036705732,0.0,0.0,0.0,0.0,0.0,0.0,0.0,18147.541955769062,0.0,0.0,0.0,0.0,0.0,0.0,0.0
731,0.0,563.6011297345161,0.0,0.0,0.0,0.0,0.0,0.0,0.0,0.0,0.0,0.0,0.0,117.33942510485643,0.0,0.0,19192.379676640034,0.0,563.8589109420776,0.0,0.0,6195.882810866833,0.0,0.0,0.0,0.0,0.0,0.0,0.0,18311.685074150562,0.0,0.0,0.0,0.0,0.0,0.0,0.0
732,0.0,571.2537709593773,0.0,0.0,0.0,0.0,0.0,0.0,0.0,0.0,0.0,0.0,0.0,108.04796699285498,0.0,0.0,19305.62049615383,0.0,573.111411499977,0.0,0.0,6133.025237166881,0.0,0.0,0.0,0.0,0.0,0.0,0.0,18460.189177763463,0.0,0.0,0.0,0.0,0.0,0.0,0.0
733,0.0,578.367402112484,0.0,0.0,0.0,0.0,0.0,0.0,0.0,0.0,0.0,0.0,0.0,100.14667333364483,0.0,0.0,19420.88533449173,0.0,588.9531337380408,0.0,0.0,6066.894840699434,0.0,0.0,0.0,0.0,0.0,0.0,0.0,18599.948046147823,0.0,0.0,0.0,0.0,0.0,0.0,0.0
734,0.0,584.7691426992417,0.0,0.0,0.0,0.0,0.0,0.0,0.0,0.0,0.0,0.0,0.0,91.98703702539204,0.0,0.0,19538.441779077053,0.0,599.4908849596976,0.0,0.0,5990.113389194012,0.0,0.0,0.0,0.0,0.0,0.0,0.0,18731.839674305917,0.0,0.0,0.0,0.0,0.0,0.0,0.0
735,0.0,579.7792314291,0.0,0.0,0.0,0.0,0.0,0.0,0.0,0.0,0.0,0.0,0.0,94.35238234996787,0.0,0.0,19473.180006861687,0.0,618.4267533183098,0.0,0.0,6028.8992151975635,0.0,0.0,0.0,0.0,0.0,0.0,0.0,18393.83474162817,0.0,0.0,0.0,0.0,0.0,0.0,0.0
736,0.0,574.5962394118309,0.0,0.0,0.0,0.0,0.0,0.0,0.0,0.0,0.0,0.0,0.0,87.99384214729066,0.0,0.0,19404.696295380592,0.0,627.2492165923118,0.0,0.0,6072.557036018372,0.0,0.0,0.0,0.0,0.0,0.0,0.0,18033.581965243815,0.0,0.0,0.0,0.0,0.0,0.0,0.0
737,0.0,570.0165616035462,0.0,0.0,0.0,0.0,0.0,0.0,0.0,0.0,0.0,0.0,0.0,77.08447655737392,0.0,0.0,19308.50172817707,0.0,625.6896645069121,0.0,0.0,6101.257360446453,0.0,0.0,0.0,0.0,0.0,0.0,0.0,17689.2603864789,0.0,0.0,0.0,0.0,0.0,0.0,0.0
738,0.0,568.3255199074745,0.0,0.0,0.0,0.0,0.0,0.0,0.0,0.0,0.0,0.0,0.0,73.90162809342132,0.0,0.0,19222.377471387386,0.0,641.1285602569579,0.0,0.0,6139.031366497278,0.0,0.0,0.0,0.0,0.0,0.0,0.0,17360.606751477717,0.0,0.0,0.0,0.0,0.0,0.0,0.0
739,0.0,581.1190692901612,0.0,0.0,0.0,0.0,0.0,0.0,0.0,0.0,0.0,0.0,0.0,85.63398906290519,0.0,0.0,19273.734032034874,0.0,654.6071523308752,0.0,0.0,6192.903664147854,0.0,0.0,0.0,0.0,0.0,0.0,0.0,17476.410965442657,0.0,0.0,0.0,0.0,0.0,0.0,0.0
740,0.0,593.0790776968003,0.0,0.0,0.0,0.0,0.0,0.0,0.0,0.0,0.0,0.0,0.0,100.62091146111476,0.0,0.0,19331.368006944656,0.0,672.3817303180695,0.0,0.0,6268.293030631542,0.0,0.0,0.0,0.0,0.0,0.0,0.0,17578.094936883448,0.0,0.0,0.0,0.0,0.0,0.0,0.0
741,0.0,604.0257628798485,0.0,0.0,0.0,0.0,0.0,0.0,0.0,0.0,0.0,0.0,0.0,114.46210772097109,0.0,0.0,19391.186241984367,0.0,685.0284071445463,0.0,0.0,6349.521403580904,0.0,0.0,0.0,0.0,0.0,0.0,0.0,17657.17234507799,0.0,0.0,0.0,0.0,0.0,0.0,0.0
742,0.0,611.3202424049377,0.0,0.0,0.0,0.0,0.0,0.0,0.0,0.0,0.0,0.0,0.0,130.96648004055015,0.0,0.0,19442.354557991028,0.0,696.0268448472023,0.0,0.0,6414.316633683443,0.0,0.0,0.0,0.0,0.0,0.0,0.0,17726.46162776947,0.0,0.0,0.0,0.0,0.0,0.0,0.0
743,0.0,605.9025907874108,0.0,0.0,0.0,0.0,0.0,0.0,0.0,0.0,0.0,0.0,0.0,151.69964192509647,0.0,0.0,19463.689987778664,0.0,705.1952231407164,0.0,0.0,6437.52915186882,0.0,0.0,0.0,0.0,0.0,0.0,0.0,17798.098498415948,0.0,0.0,0.0,0.0,0.0,0.0,0.0
744,0.0,588.442726957798,0.0,0.0,0.0,0.0,0.0,0.0,0.0,0.0,0.0,0.0,0.0,171.0877653956413,0.0,0.0,19485.0580881238,0.0,731.9541656732558,0.0,0.0,6429.297745263577,0.0,0.0,0.0,0.0,0.0,0.0,0.0,18263.152345466613,0.0,0.0,0.0,0.0,0.0,0.0,0.0
745,0.0,563.2503186821938,0.0,0.0,0.0,0.0,0.0,0.0,0.0,0.0,0.0,0.0,0.0,192.86893637776367,0.0,0.0,19439.439099669456,0.0,755.7789663076401,0.0,0.0,6384.527588564158,0.0,0.0,0.0,0.0,0.0,0.0,0.0,18689.42398164272,0.0,0.0,0.0,0.0,0.0,0.0,0.0
746,0.0,533.853508400917,0.0,0.0,0.0,0.0,0.0,0.0,0.0,0.0,0.0,0.0,0.0,213.4669667363167,0.0,0.0,19358.05829668045,0.0,774.7665885329245,0.0,0.0,6308.244478064776,0.0,0.0,0.0,0.0,0.0,0.0,0.0,19070.229362618924,0.0,0.0,0.0,0.0,0.0,0.0,0.0
747,0.0,502.1659333705902,0.0,0.0,0.0,0.0,0.0,0.0,0.0,0.0,0.0,0.0,0.0,231.4039058446884,0.0,0.0,19286.425765752792,0.0,788.5628177404403,0.0,0.0,6255.996178686619,0.0,0.0,0.0,0.0,0.0,0.0,0.0,19412.566412317752,0.0,0.0,0.0,0.0,0.0,0.0,0.0
748,0.0,483.4188084483147,0.0,0.0,0.0,0.0,0.0,0.0,0.0,0.0,0.0,0.0,0.0,243.10997691750526,0.0,0.0,19182.1833512187,0.0,795.9118668079375,0.0,0.0,6243.308162355423,0.0,0.0,0.0,0.0,0.0,0.0,0.0,19673.364196336268,0.0,0.0,0.0,0.0,0.0,0.0,0.0
749,0.0,477.1245219826698,0.0,0.0,0.0,0.0,0.0,0.0,0.0,0.0,0.0,0.0,0.0,245.8074290394783,0.0,0.0,19051.6520280838,0.0,785.1451654911041,0.0,0.0,6210.268698620796,0.0,0.0,0.0,0.0,0.0,0.0,0.0,19901.125067913534,0.0,0.0,0.0,0.0,0.0,0.0,0.0
750,0.0,485.38395634889605,0.0,0.0,0.0,0.0,0.0,0.0,0.0,0.0,0.0,0.0,0.0,244.84778896570197,0.0,0.0,18807.254477620125,0.0,757.2738408803939,0.0,0.0,6025.909169161319,0.0,0.0,0.0,0.0,0.0,0.0,0.0,19781.863839030266,0.0,0.0,0.0,0.0,0.0,0.0,0.0
751,0.0,499.5088145971298,0.0,0.0,0.0,0.0,0.0,0.0,0.0,0.0,0.0,0.0,0.0,244.19741805791847,0.0,0.0,18578.666365504265,0.0,728.619450032711,0.0,0.0,6007.383357399702,0.0,0.0,0.0,0.0,0.0,0.0,0.0,19664.827249872684,0.0,0.0,0.0,0.0,0.0,0.0,0.0
752,0.0,512.9322751879693,0.0,0.0,0.0,0.0,0.0,0.0,0.0,0.0,0.0,0.0,0.0,239.55943418145176,0.0,0.0,18361.657632410526,0.0,707.2566632390021,0.0,0.0,6082.936819159984,0.0,0.0,0.0,0.0,0.0,0.0,0.0,19507.586589729784,0.0,0.0,0.0,0.0,0.0,0.0,0.0
753,0.0,527.2416290760041,0.0,0.0,0.0,0.0,0.0,0.0,0.0,0.0,0.0,0.0,0.0,228.66399534344666,0.0,0.0,18155.360174953938,0.0,681.7112392067908,0.0,0.0,6196.740223824978,0.0,0.0,0.0,0.0,0.0,0.0,0.0,19300.148337233066,0.0,0.0,0.0,0.0,0.0,0.0,0.0
754,0.0,526.858217060566,0.0,0.0,0.0,0.0,0.0,0.0,0.0,0.0,0.0,0.0,0.0,193.80940965414038,0.0,0.0,18205.59971368313,0.0,655.5362320542336,0.0,0.0,6102.528341943025,0.0,0.0,0.0,0.0,0.0,0.0,0.0,19276.68258283138,0.0,0.0,0.0,0.0,0.0,0.0,0.0
755,0.0,526.0973408818245,0.0,0.0,0.0,0.0,0.0,0.0,0.0,0.0,0.0,0.0,0.0,155.06878381371487,0.0,0.0,18242.07094603777,0.0,633.4734934806822,0.0,0.0,5999.167694252729,0.0,0.0,0.0,0.0,0.0,0.0,0.0,19180.607943546773,0.0,0.0,0.0,0.0,0.0,0.0,0.0
756,0.0,523.2372095704079,0.0,0.0,0.0,0.0,0.0,0.0,0.0,0.0,0.0,0.0,0.0,117.00947597324848,0.0,0.0,18266.47585248947,0.0,623.2343496203422,0.0,0.0,5887.361892235279,0.0,0.0,0.0,0.0,0.0,0.0,0.0,19052.087989771368,0.0,0.0,0.0,0.0,0.0,0.0,0.0
757,0.0,519.7590627551078,0.0,0.0,0.0,0.0,0.0,0.0,0.0,0.0,0.0,0.0,0.0,79.81525761038064,0.0,0.0,18301.977858304977,0.0,624.2338572859765,0.0,0.0,5764.34493137598,0.0,0.0,0.0,0.0,0.0,0.0,0.0,18908.9314109087,0.0,0.0,0.0,0.0,0.0,0.0,0.0
758,0.0,510.77354153394697,0.0,0.0,0.0,0.0,0.0,0.0,0.0,0.0,0.0,0.0,0.0,47.90440057665107,0.0,0.0,18340.124623537064,0.0,626.9231020212172,0.0,0.0,5648.579649603367,0.0,0.0,0.0,0.0,0.0,0.0,0.0,18742.880425298215,0.0,0.0,0.0,0.0,0.0,0.0,0.0
759,0.0,465.9773212373256,0.0,0.0,0.0,0.0,0.0,0.0,0.0,0.0,0.0,0.0,0.0,29.252548331767322,0.0,0.0,18181.827993750572,0.0,650.5594426989555,0.0,0.0,5787.726388978958,0.0,0.0,0.0,0.0,0.0,0.0,0.0,17983.361229693888,0.0,0.0,0.0,0.0,0.0,0.0,0.0
760,0.0,410.13181530833236,0.0,0.0,0.0,0.0,0.0,0.0,0.0,0.0,0.0,0.0,0.0,23.704542288184047,0.0,0.0,18023.9343008399,0.0,687.371203315258,0.0,0.0,5929.080240100622,0.0,0.0,0.0,0.0,0.0,0.0,0.0,17053.736649811268,0.0,0.0,0.0,0.0,0.0,0.0,0.0
761,0.0,391.718780118227,0.0,0.0,0.0,0.0,0.0,0.0,0.0,0.0,0.0,0.0,0.0,23.811327129602322,0.0,0.0,17831.201347708702,0.0,707.4754759788513,0.0,0.0,6035.550826317072,0.0,0.0,0.0,0.0,0.0,0.0,0.0,16044.885677409173,0.0,0.0,0.0,0.0,0.0,0.0,0.0
762,0.0,395.8704370200633,0.0,0.0,0.0,0.0,0.0,0.0,0.0,0.0,0.0,0.0,0.0,29.59542944729321,0.0,0.0,17648.924528717995,0.0,739.5626361846922,0.0,0.0,6178.349442493915,0.0,0.0,0.0,0.0,0.0,0.0,0.0,14968.092067039013,0.0,0.0,0.0,0.0,0.0,0.0,0.0
763,0.0,402.1424470961094,0.0,0.0,0.0,0.0,0.0,0.0,0.0,0.0,0.0,0.0,0.0,47.61845101416111,0.0,0.0,17645.151857197285,0.0,768.0266700267791,0.0,0.0,6367.613664722443,0.0,0.0,0.0,0.0,0.0,0.0,0.0,14457.777360653878,0.0,0.0,0.0,0.0,0.0,0.0,0.0
764,0.0,407.8308943212032,0.0,0.0,0.0,0.0,0.0,0.0,0.0,0.0,0.0,0.0,0.0,67.26059619784343,0.0,0.0,17661.631819844246,0.0,800.4591524243355,0.0,0.0,6552.881470620632,0.0,0.0,0.0,0.0,0.0,0.0,0.0,13929.817413687706,0.0,0.0,0.0,0.0,0.0,0.0,0.0
765,0.0,412.04943650364874,0.0,0.0,0.0,0.0,0.0,0.0,0.0,0.0,0.0,0.0,0.0,92.10861168503754,0.0,0.0,17677.654394686222,0.0,838.9247247457503,0.0,0.0,6735.118660801649,0.0,0.0,0.0,0.0,0.0,0.0,0.0,13332.919671320915,0.0,0.0,0.0,0.0,0.0,0.0,0.0
766,0.0,411.0209350347519,0.0,0.0,0.0,0.0,0.0,0.0,0.0,0.0,0.0,0.0,0.0,121.10728121399869,0.0,0.0,17670.863585948944,0.0,875.147095966339,0.0,0.0,6908.313656276465,0.0,0.0,0.0,0.0,0.0,0.0,0.0,12752.90489051342,0.0,0.0,0.0,0.0,0.0,0.0,0.0
767,0.0,405.9382428824901,0.0,0.0,0.0,0.0,0.0,0.0,0.0,0.0,0.0,0.0,0.0,151.77169114947313,0.0,0.0,17592.28000497818,0.0,901.9339606881142,0.0,0.0,7071.099198246002,0.0,0.0,0.0,0.0,0.0,0.0,0.0,12293.913114392757,0.0,0.0,0.0,0.0,0.0,0.0,0.0
768,0.0,408.85499101281164,0.0,0.0,0.0,0.0,0.0,0.0,0.0,0.0,0.0,0.0,0.0,182.33625440001484,0.0,0.0,17308.79913330078,0.0,943.4735229849814,0.0,0.0,7017.337104803324,0.0,0.0,0.0,0.0,0.0,0.0,0.0,12834.781178987027,0.0,0.0,0.0,0.0,0.0,0.0,0.0
769,0.0,399.66760754585266,0.0,0.0,0.0,0.0,0.0,0.0,0.0,0.0,0.0,0.0,0.0,209.61903600692742,0.0,0.0,16852.20475614071,0.0,969.386322402954,0.0,0.0,6957.709967637062,0.0,0.0,0.0,0.0,0.0,0.0,0.0,13495.046438741683,0.0,0.0,0.0,0.0,0.0,0.0,0.0
770,0.0,389.7054321706295,0.0,0.0,0.0,0.0,0.0,0.0,0.0,0.0,0.0,0.0,0.0,232.6740032017231,0.0,0.0,16387.977914452553,0.0,987.6272780179976,0.0,0.0,6902.207011020184,0.0,0.0,0.0,0.0,0.0,0.0,0.0,14166.24107285738,0.0,0.0,0.0,0.0,0.0,0.0,0.0
771,0.0,381.2981151223182,0.0,0.0,0.0,0.0,0.0,0.0,0.0,0.0,0.0,0.0,0.0,252.34019094705582,0.0,0.0,15972.814471423626,0.0,1002.9361073493958,0.0,0.0,6856.6720855593685,0.0,0.0,0.0,0.0,0.0,0.0,0.0,14756.4287348032,0.0,0.0,0.0,0.0,0.0,0.0,0.0
772,0.0,373.7687515497207,0.0,0.0,0.0,0.0,0.0,0.0,0.0,0.0,0.0,0.0,0.0,269.10791057944294,0.0,0.0,15601.896297693253,0.0,1022.7912144899368,0.0,0.0,6808.4577446043495,0.0,0.0,0.0,0.0,0.0,0.0,0.0,15187.418690085411,0.0,0.0,0.0,0.0,0.0,0.0,0.0
773,0.0,367.017462426424,0.0,0.0,0.0,0.0,0.0,0.0,0.0,0.0,0.0,0.0,0.0,275.5065497398375,0.0,0.0,15240.606603980064,0.0,1036.479371190071,0.0,0.0,6729.954806488752,0.0,0.0,0.0,0.0,0.0,0.0,0.0,15485.045977807045,0.0,0.0,0.0,0.0,0.0,0.0,0.0
774,0.0,350.2696855545044,0.0,0.0,0.0,0.0,0.0,0.0,0.0,0.0,0.0,0.0,0.0,284.04588478803635,0.0,0.0,14699.924434781075,0.0,1053.718210697174,0.0,0.0,7082.937067830562,0.0,0.0,0.0,0.0,0.0,0.0,0.0,15194.672635614872,0.0,0.0,0.0,0.0,0.0,0.0,0.0
775,0.0,334.8025485813617,0.0,0.0,0.0,0.0,0.0,0.0,0.0,0.0,0.0,0.0,0.0,296.5217437624931,0.0,0.0,14199.77709299326,0.0,1080.013087630272,0.0,0.0,7343.9460459530355,0.0,0.0,0.0,0.0,0.0,0.0,0.0,14888.736940491199,0.0,0.0,0.0,0.0,0.0,0.0,0.0
776,0.0,320.6005646467209,0.0,0.0,0.0,0.0,0.0,0.0,0.0,0.0,0.0,0.0,0.0,306.85641366839405,0.0,0.0,13737.689394950867,0.0,1101.1744315385818,0.0,0.0,7485.915102982521,0.0,0.0,0.0,0.0,0.0,0.0,0.0,14570.927339315414,0.0,0.0,0.0,0.0,0.0,0.0,0.0
777,0.0,308.15443155169487,0.0,0.0,0.0,0.0,0.0,0.0,0.0,0.0,0.0,0.0,0.0,311.9496033787727,0.0,0.0,13326.38885641098,0.0,1112.6554903507233,0.0,0.0,7550.756352424622,0.0,0.0,0.0,0.0,0.0,0.0,0.0,14232.320683538914,0.0,0.0,0.0,0.0,0.0,0.0,0.0
778,0.0,284.36128354668614,0.0,0.0,0.0,0.0,0.0,0.0,0.0,0.0,0.0,0.0,0.0,298.2855823040008,0.0,0.0,13067.526027679443,0.0,1106.6953182458878,0.0,0.0,7475.519576382637,0.0,0.0,0.0,0.0,0.0,0.0,0.0,13983.827847599983,0.0,0.0,0.0,0.0,0.0,0.0,0.0
779,0.0,261.0316752254963,0.0,0.0,0.0,0.0,0.0,0.0,0.0,0.0,0.0,0.0,0.0,287.9189229011535,0.0,0.0,12791.40847736597,0.0,1093.2150069713593,0.0,0.0,7400.57344880104,0.0,0.0,0.0,0.0,0.0,0.0,0.0,13819.425814712047,0.0,0.0,0.0,0.0,0.0,0.0,0.0
780,0.0,236.24021390676498,0.0,0.0,0.0,0.0,0.0,0.0,0.0,0.0,0.0,0.0,0.0,282.56770998835555,0.0,0.0,12548.926821738482,0.0,1077.9201683759688,0.0,0.0,7341.116462087632,0.0,0.0,0.0,0.0,0.0,0.0,0.0,13702.6915335536,0.0,0.0,0.0,0.0,0.0,0.0,0.0
781,0.0,211.08326829671856,0.0,0.0,0.0,0.0,0.0,0.0,0.0,0.0,0.0,0.0,0.0,279.14667203426353,0.0,0.0,12331.36735638976,0.0,1062.9594475269319,0.0,0.0,7277.665481114387,0.0,0.0,0.0,0.0,0.0,0.0,0.0,13599.42659252882,0.0,0.0,0.0,0.0,0.0,0.0,0.0
782,0.0,190.06365704834457,0.0,0.0,0.0,0.0,0.0,0.0,0.0,0.0,0.0,0.0,0.0,277.3335602521895,0.0,0.0,12126.58985772729,0.0,1044.3365922451019,0.0,0.0,7209.080316191912,0.0,0.0,0.0,0.0,0.0,0.0,0.0,13534.570678341388,0.0,0.0,0.0,0.0,0.0,0.0,0.0
783,0.0,159.2820072323084,0.0,0.0,0.0,0.0,0.0,0.0,0.0,0.0,0.0,0.0,0.0,283.5242340564727,0.0,0.0,11685.111836373806,0.0,1037.5857064247132,0.0,0.0,7126.795920503139,0.0,0.0,0.0,0.0,0.0,0.0,0.0,12635.134951329232,0.0,0.0,0.0,0.0,0.0,0.0,0.0
784,0.0,133.81445468366147,0.0,0.0,0.0,0.0,0.0,0.0,0.0,0.0,0.0,0.0,0.0,277.5587645173072,0.0,0.0,11254.779142349958,0.0,1020.3241023302078,0.0,0.0,7029.349968981743,0.0,0.0,0.0,0.0,0.0,0.0,0.0,11394.102756893633,0.0,0.0,0.0,0.0,0.0,0.0,0.0
785,0.0,116.09893842190502,0.0,0.0,0.0,0.0,0.0,0.0,0.0,0.0,0.0,0.0,0.0,268.0665370047092,0.0,0.0,10708.046697050331,0.0,976.6906722545623,0.0,0.0,6884.295799648762,0.0,0.0,0.0,0.0,0.0,0.0,0.0,10020.168589144943,0.0,0.0,0.0,0.0,0.0,0.0,0.0
786,0.0,102.89335999935865,0.0,0.0,0.0,0.0,0.0,0.0,0.0,0.0,0.0,0.0,0.0,259.2116783618926,0.0,0.0,10160.733182549475,0.0,953.6986761093139,0.0,0.0,6753.622068411112,0.0,0.0,0.0,0.0,0.0,0.0,0.0,8772.889901435376,0.0,0.0,0.0,0.0,0.0,0.0,0.0
787,0.0,105.64871652871365,0.0,0.0,0.0,0.0,0.0,0.0,0.0,0.0,0.0,0.0,0.0,259.25895646214474,0.0,0.0,10105.598505288363,0.0,926.2285180687903,0.0,0.0,6549.087297177315,0.0,0.0,0.0,0.0,0.0,0.0,0.0,8343.378217804431,0.0,0.0,0.0,0.0,0.0,0.0,0.0
788,0.0,108.14831541627638,0.0,0.0,0.0,0.0,0.0,0.0,0.0,0.0,0.0,0.0,0.0,256.62440730333327,0.0,0.0,10058.002170234919,0.0,896.7943808197974,0.0,0.0,6327.488433730602,0.0,0.0,0.0,0.0,0.0,0.0,0.0,7950.937594985962,0.0,0.0,0.0,0.0,0.0,0.0,0.0
789,0.0,110.7412843599915,0.0,0.0,0.0,0.0,0.0,0.0,0.0,0.0,0.0,0.0,0.0,249.70335522294033,0.0,0.0,10017.748931914566,0.0,858.296973645687,0.0,0.0,6117.294494765997,0.0,0.0,0.0,0.0,0.0,0.0,0.0,7575.27144999504,0.0,0.0,0.0,0.0,0.0,0.0,0.0
790,0.0,114.19366883933542,0.0,0.0,0.0,0.0,0.0,0.0,0.0,0.0,0.0,0.0,0.0,238.2810872554778,0.0,0.0,9988.18285524845,0.0,805.9132274389267,0.0,0.0,5805.0217889249325,0.0,0.0,0.0,0.0,0.0,0.0,0.0,7308.104224473237,0.0,0.0,0.0,0.0,0.0,0.0,0.0
791,0.0,122.86438876390451,0.0,0.0,0.0,0.0,0.0,0.0,0.0,0.0,0.0,0.0,0.0,222.49954978823652,0.0,0.0,9980.738635361195,0.0,735.2845536708832,0.0,0.0,5198.62374048829,0.0,0.0,0.0,0.0,0.0,0.0,0.0,7252.551875120402,0.0,0.0,0.0,0.0,0.0,0.0,0.0
792,0.0,159.22540444135663,0.0,0.0,0.0,0.0,0.0,0.0,0.0,0.0,0.0,0.0,0.0,200.5597763597965,0.0,0.0,10403.616997182367,0.0,678.5220035076142,0.0,0.0,4123.537792423367,0.0,0.0,0.0,0.0,0.0,0.0,0.0,8208.961088371278,0.0,0.0,0.0,0.0,0.0,0.0,0.0
793,0.0,201.49576552212238,0.0,0.0,0.0,0.0,0.0,0.0,0.0,0.0,0.0,0.0,0.0,178.36821174025533,0.0,0.0,10832.83500289917,0.0,612.0233238697052,0.0,0.0,3913.440130761265,0.0,0.0,0.0,0.0,0.0,0.0,0.0,9573.916419255731,0.0,0.0,0.0,0.0,0.0,0.0,0.0
794,0.0,249.6648809015751,0.0,0.0,0.0,0.0,0.0,0.0,0.0,0.0,0.0,0.0,0.0,159.55249178409574,0.0,0.0,11275.755196005106,0.0,547.541562962532,0.0,0.0,4000.3176804006093,0.0,0.0,0.0,0.0,0.0,0.0,0.0,11116.948519027232,0.0,0.0,0.0,0.0,0.0,0.0,0.0
795,0.0,301.633341139555,0.0,0.0,0.0,0.0,0.0,0.0,0.0,0.0,0.0,0.0,0.0,144.975368964672,0.0,0.0,11722.03345569968,0.0,493.7069003641604,0.0,0.0,4226.458834317325,0.0,0.0,0.0,0.0,0.0,0.0,0.0,12653.43398720026,0.0,0.0,0.0,0.0,0.0,0.0,0.0
796,0.0,352.8732456028461,0.0,0.0,0.0,0.0,0.0,0.0,0.0,0.0,0.0,0.0,0.0,138.69047521948812,0.0,0.0,12121.349344730377,0.0,449.62146873474114,0.0,0.0,4443.557490769028,0.0,0.0,0.0,0.0,0.0,0.0,0.0,13997.731122660636,0.0,0.0,0.0,0.0,0.0,0.0,0.0
797,0.0,397.1736899793148,0.0,0.0,0.0,0.0,0.0,0.0,0.0,0.0,0.0,0.0,0.0,136.33437142968168,0.0,0.0,12440.584252238274,0.0,405.031777781248,0.0,0.0,4569.377392718196,0.0,0.0,0.0,0.0,0.0,0.0,0.0,15093.195506489277,0.0,0.0,0.0,0.0,0.0,0.0,0.0
798,0.0,417.7383887350559,0.0,0.0,0.0,0.0,0.0,0.0,0.0,0.0,0.0,0.0,0.0,130.38699265718446,0.0,0.0,12337.116596639156,0.0,378.41054914593695,0.0,0.0,4402.320832175016,0.0,0.0,0.0,0.0,0.0,0.0,0.0,15503.463622558116,0.0,0.0,0.0,0.0,0.0,0.0,0.0
799,0.0,434.3210004866123,0.0,0.0,0.0,0.0,0.0,0.0,0.0,0.0,0.0,0.0,0.0,121.23281813263891,0.0,0.0,12226.941364437342,0.0,380.9123417317867,0.0,0.0,4365.182316872478,0.0,0.0,0.0,0.0,0.0,0.0,0.0,15823.126125872135,0.0,0.0,0.0,0.0,0.0,0.0,0.0
800,0.0,443.25175657868385,0.0,0.0,0.0,0.0,0.0,0.0,0.0,0.0,0.0,0.0,0.0,107.78723129630087,0.0,0.0,12105.701703429222,0.0,395.17515605688084,0.0,0.0,4416.33462934792,0.0,0.0,0.0,0.0,0.0,0.0,0.0,16059.775431203841,0.0,0.0,0.0,0.0,0.0,0.0,0.0
801,0.0,425.56393851041787,0.0,0.0,0.0,0.0,0.0,0.0,0.0,0.0,0.0,0.0,0.0,96.51504719853399,0.0,0.0,11971.43271294236,0.0,418.21973602771754,0.0,0.0,4537.1989750474695,0.0,0.0,0.0,0.0,0.0,0.0,0.0,16204.65328527689,0.0,0.0,0.0,0.0,0.0,0.0,0.0
802,0.0,416.00660986304285,0.0,0.0,0.0,0.0,0.0,0.0,0.0,0.0,0.0,0.0,0.0,71.82409857213489,0.0,0.0,11892.388632684946,0.0,437.7767693519592,0.0,0.0,4407.695103862881,0.0,0.0,0.0,0.0,0.0,0.0,0.0,16307.709937536716,0.0,0.0,0.0,0.0,0.0,0.0,0.0
803,0.0,406.21229297518727,0.0,0.0,0.0,0.0,0.0,0.0,0.0,0.0,0.0,0.0,0.0,55.346066588163254,0.0,0.0,11756.454999506472,0.0,465.5055188775062,0.0,0.0,4269.852649453282,0.0,0.0,0.0,0.0,0.0,0.0,0.0,16372.58176267147,0.0,0.0,0.0,0.0,0.0,0.0,0.0
804,0.0,397.84546059966084,0.0,0.0,0.0,0.0,0.0,0.0,0.0,0.0,0.0,0.0,0.0,45.050576530396874,0.0,0.0,11575.698917180298,0.0,501.6845543861388,0.0,0.0,4120.491736006737,0.0,0.0,0.0,0.0,0.0,0.0,0.0,16439.94003493786,0.0,0.0,0.0,0.0,0.0,0.0,0.0
805,0.0,395.1221579432487,0.0,0.0,0.0,0.0,0.0,0.0,0.0,0.0,0.0,0.0,0.0,38.22116920277462,0.0,0.0,11385.370361506937,0.0,544.7572286486626,0.0,0.0,3966.5485679268836,0.0,0.0,0.0,0.0,0.0,0.0,0.0,16533.986751663684,0.0,0.0,0.0,0.0,0.0,0.0,0.0
806,0.0,394.2695108950138,0.0,0.0,0.0,0.0,0.0,0.0,0.0,0.0,0.0,0.0,0.0,34.06086451038706,0.0,0.0,11196.770233899355,0.0,591.9833730220795,0.0,0.0,3799.3406279772516,0.0,0.0,0.0,0.0,0.0,0.0,0.0,16642.62091418505,0.0,0.0,0.0,0.0,0.0,0.0,0.0
807,0.0,376.8304926037788,0.0,0.0,0.0,0.0,0.0,0.0,0.0,0.0,0.0,0.0,0.0,44.23540198877452,0.0,0.0,10688.234337538479,0.0,659.6342727661133,0.0,0.0,3774.564360523224,0.0,0.0,0.0,0.0,0.0,0.0,0.0,16166.524869692326,0.0,0.0,0.0,0.0,0.0,0.0,0.0
808,0.0,366.9985527455807,0.0,0.0,0.0,0.0,0.0,0.0,0.0,0.0,0.0,0.0,0.0,63.286545699834754,0.0,0.0,10163.425392061472,0.0,726.9355819582939,0.0,0.0,3749.772046852112,0.0,0.0,0.0,0.0,0.0,0.0,0.0,15616.652655363083,0.0,0.0,0.0,0.0,0.0,0.0,0.0
809,0.0,358.80740645527834,0.0,0.0,0.0,0.0,0.0,0.0,0.0,0.0,0.0,0.0,0.0,91.20089009404172,0.0,0.0,9490.445356011389,0.0,766.7151570916176,0.0,0.0,3674.082646384835,0.0,0.0,0.0,0.0,0.0,0.0,0.0,15035.525554692746,0.0,0.0,0.0,0.0,0.0,0.0,0.0
810,0.0,360.06167380213736,0.0,0.0,0.0,0.0,0.0,0.0,0.0,0.0,0.0,0.0,0.0,122.78130481541152,0.0,0.0,8778.795825809239,0.0,816.9581428408623,0.0,0.0,3606.7754264116284,0.0,0.0,0.0,0.0,0.0,0.0,0.0,14601.816273868084,0.0,0.0,0.0,0.0,0.0,0.0,0.0
811,0.0,368.01440100073813,0.0,0.0,0.0,0.0,0.0,0.0,0.0,0.0,0.0,0.0,0.0,165.77593969106672,0.0,0.0,8392.040210396051,0.0,861.6476363539696,0.0,0.0,3675.123833942413,0.0,0.0,0.0,0.0,0.0,0.0,0.0,14722.006123495103,0.0,0.0,0.0,0.0,0.0,0.0,0.0
812,0.0,384.28026157021515,0.0,0.0,0.0,0.0,0.0,0.0,0.0,0.0,0.0,0.0,0.0,209.16777561903,0.0,0.0,8007.265053063629,0.0,908.5419157266616,0.0,0.0,3745.169810137152,0.0,0.0,0.0,0.0,0.0,0.0,0.0,14883.681598591804,0.0,0.0,0.0,0.0,0.0,0.0,0.0
813,0.0,400.8019358932972,0.0,0.0,0.0,0.0,0.0,0.0,0.0,0.0,0.0,0.0,0.0,250.48874557018277,0.0,0.0,7676.693462103605,0.0,956.2970996260643,0.0,0.0,3814.6662790864707,0.0,0.0,0.0,0.0,0.0,0.0,0.0,15182.512332510949,0.0,0.0,0.0,0.0,0.0,0.0,0.0
814,0.0,417.05576047897335,0.0,0.0,0.0,0.0,0.0,0.0,0.0,0.0,0.0,0.0,0.0,297.0798898696899,0.0,0.0,7476.435390561817,0.0,999.515846657753,0.0,0.0,3874.9915780752895,0.0,0.0,0.0,0.0,0.0,0.0,0.0,15566.615618932246,0.0,0.0,0.0,0.0,0.0,0.0,0.0
815,0.0,430.33335841298106,0.0,0.0,0.0,0.0,0.0,0.0,0.0,0.0,0.0,0.0,0.0,355.1328238487243,0.0,0.0,7549.997040122747,0.0,1032.7759759426117,0.0,0.0,3884.6535200715066,0.0,0.0,0.0,0.0,0.0,0.0,0.0,16034.6043125391,0.0,0.0,0.0,0.0,0.0,0.0,0.0
816,0.0,458.0194878637791,0.0,0.0,0.0,0.0,0.0,0.0,0.0,0.0,0.0,0.0,0.0,423.660513484478,0.0,0.0,8132.026911318302,0.0,1075.3611679077148,0.0,0.0,4258.872798344493,0.0,0.0,0.0,0.0,0.0,0.0,0.0,17077.161903619766,0.0,0.0,0.0,0.0,0.0,0.0,0.0
817,0.0,483.1363976955414,0.0,0.0,0.0,0.0,0.0,0.0,0.0,0.0,0.0,0.0,0.0,502.6294673204422,0.0,0.0,8834.734043210745,0.0,1105.6406775951386,0.0,0.0,4511.349124842882,0.0,0.0,0.0,0.0,0.0,0.0,0.0,17976.79290134907,0.0,0.0,0.0,0.0,0.0,0.0,0.0
818,0.0,505.6754466891289,0.0,0.0,0.0,0.0,0.0,0.0,0.0,0.0,0.0,0.0,0.0,584.6903057932853,0.0,0.0,9506.369919180868,0.0,1127.362480902672,0.0,0.0,4432.818332916499,0.0,0.0,0.0,0.0,0.0,0.0,0.0,18744.018781256676,0.0,0.0,0.0,0.0,0.0,0.0,0.0
819,0.0,527.1724432110786,0.0,0.0,0.0,0.0,0.0,0.0,0.0,0.0,0.0,0.0,0.0,663.2258434176445,0.0,0.0,10169.687248915432,0.0,1144.3913408041,0.0,0.0,4182.205184152723,0.0,0.0,0.0,0.0,0.0,0.0,0.0,19374.895074856282,0.0,0.0,0.0,0.0,0.0,0.0,0.0
820,0.0,547.0975234150886,0.0,0.0,0.0,0.0,0.0,0.0,0.0,0.0,0.0,0.0,0.0,736.130691564083,0.0,0.0,10832.813222527504,0.0,1156.8911149024964,0.0,0.0,3932.234186831117,0.0,0.0,0.0,0.0,0.0,0.0,0.0,19931.091167521477,0.0,0.0,0.0,0.0,0.0,0.0,0.0
821,0.0,565.3455898761749,0.0,0.0,0.0,0.0,0.0,0.0,0.0,0.0,0.0,0.0,0.0,804.9481024742126,0.0,0.0,11491.991503775118,0.0,1155.249100470543,0.0,0.0,3653.071184769273,0.0,0.0,0.0,0.0,0.0,0.0,0.0,20367.239162635804,0.0,0.0,0.0,0.0,0.0,0.0,0.0
822,0.0,569.6303439974785,0.0,0.0,0.0,0.0,0.0,0.0,0.0,0.0,0.0,0.0,0.0,868.2577155828476,0.0,0.0,11683.076927363873,0.0,1139.2945631027221,0.0,0.0,2958.724728772044,0.0,0.0,0.0,0.0,0.0,0.0,0.0,20278.305645799635,0.0,0.0,0.0,0.0,0.0,0.0,0.0
823,0.0,575.2193049788475,0.0,0.0,0.0,0.0,0.0,0.0,0.0,0.0,0.0,0.0,0.0,925.3599764108658,0.0,0.0,11868.335323661566,0.0,1118.0540174007415,0.0,0.0,2431.337344980239,0.0,0.0,0.0,0.0,0.0,0.0,0.0,20191.644501531126,0.0,0.0,0.0,0.0,0.0,0.0,0.0
824,0.0,581.5461362957955,0.0,0.0,0.0,0.0,0.0,0.0,0.0,0.0,0.0,0.0,0.0,975.3660835742951,0.0,0.0,12061.19662541151,0.0,1091.5195194721223,0.0,0.0,1998.942052531242,0.0,0.0,0.0,0.0,0.0,0.0,0.0,20109.188186705112,0.0,0.0,0.0,0.0,0.0,0.0,0.0
825,0.0,584.6123101830483,0.0,0.0,0.0,0.0,0.0,0.0,0.0,0.0,0.0,0.0,0.0,1030.2723450183869,0.0,0.0,12263.586839765308,0.0,1064.6260050296783,0.0,0.0,1506.4577643468974,0.0,0.0,0.0,0.0,0.0,0.0,0.0,20034.704702937604,0.0,0.0,0.0,0.0,0.0,0.0,0.0
826,0.0,601.2565327048302,0.0,0.0,0.0,0.0,0.0,0.0,0.0,0.0,0.0,0.0,0.0,1072.9007371425628,0.0,0.0,12481.244316786526,0.0,1034.6040197372436,0.0,0.0,1328.1547735601664,0.0,0.0,0.0,0.0,0.0,0.0,0.0,20172.526775097846,0.0,0.0,0.0,0.0,0.0,0.0,0.0
827,0.0,616.1936655521392,0.0,0.0,0.0,0.0,0.0,0.0,0.0,0.0,0.0,0.0,0.0,1118.2250345945358,0.0,0.0,12711.616085767746,0.0,1029.042465043068,0.0,0.0,1123.2403427749873,0.0,0.0,0.0,0.0,0.0,0.0,0.0,20307.970883858205,0.0,0.0,0.0,0.0,0.0,0.0,0.0
828,0.0,630.9610040545464,0.0,0.0,0.0,0.0,0.0,0.0,0.0,0.0,0.0,0.0,0.0,1167.8097860574721,0.0,0.0,12962.889232844112,0.0,1027.739548110962,0.0,0.0,928.561127798259,0.0,0.0,0.0,0.0,0.0,0.0,0.0,20441.057279515266,0.0,0.0,0.0,0.0,0.0,0.0,0.0
829,0.0,645.7694725155831,0.0,0.0,0.0,0.0,0.0,0.0,0.0,0.0,0.0,0.0,0.0,1216.02959253788,0.0,0.0,13232.49834138155,0.0,1033.1151920080185,0.0,0.0,750.5473473675545,0.0,0.0,0.0,0.0,0.0,0.0,0.0,20571.311526548863,0.0,0.0,0.0,0.0,0.0,0.0,0.0
830,0.0,658.6969607949256,0.0,0.0,0.0,0.0,0.0,0.0,0.0,0.0,0.0,0.0,0.0,1258.8227070331573,0.0,0.0,13503.870882153511,0.0,1041.6394629001618,0.0,0.0,609.1598521728068,0.0,0.0,0.0,0.0,0.0,0.0,0.0,20703.181457960607,0.0,0.0,0.0,0.0,0.0,0.0,0.0
831,0.0,663.7544306874275,0.0,0.0,0.0,0.0,0.0,0.0,0.0,0.0,0.0,0.0,0.0,1301.7909455299377,0.0,0.0,13676.144287586212,0.0,1064.998300886154,0.0,0.0,551.3180080365389,0.0,0.0,0.0,0.0,0.0,0.0,0.0,20367.333181869984,0.0,0.0,0.0,0.0,0.0,0.0,0.0
832,0.0,668.0509121775627,0.0,0.0,0.0,0.0,0.0,0.0,0.0,0.0,0.0,0.0,0.0,1323.1695240974427,0.0,0.0,13834.061316609383,0.0,1074.3709083557128,0.0,0.0,512.5542077366259,0.0,0.0,0.0,0.0,0.0,0.0,0.0,19926.21229249239,0.0,0.0,0.0,0.0,0.0,0.0,0.0
833,0.0,672.7092026352882,0.0,0.0,0.0,0.0,0.0,0.0,0.0,0.0,0.0,0.0,0.0,1328.840833735466,0.0,0.0,13836.261134147644,0.0,1047.9932726621628,0.0,0.0,503.4573272198434,0.0,0.0,0.0,0.0,0.0,0.0,0.0,19446.808217406273,0.0,0.0,0.0,0.0,0.0,0.0,0.0
834,0.0,677.851176917553,0.0,0.0,0.0,0.0,0.0,0.0,0.0,0.0,0.0,0.0,0.0,1333.5090137243271,0.0,0.0,13881.937685012817,0.0,1021.7722620725632,0.0,0.0,472.7022922631344,0.0,0.0,0.0,0.0,0.0,0.0,0.0,18994.6292196393,0.0,0.0,0.0,0.0,0.0,0.0,0.0
835,0.0,686.7263823151588,0.0,0.0,0.0,0.0,0.0,0.0,0.0,0.0,0.0,0.0,0.0,1344.4760982751845,0.0,0.0,14201.300163269043,0.0,988.5470503449438,0.0,0.0,444.65414816290115,0.0,0.0,0.0,0.0,0.0,0.0,0.0,19007.78468017578,0.0,0.0,0.0,0.0,0.0,0.0,0.0
836,0.0,695.3630002856255,0.0,0.0,0.0,0.0,0.0,0.0,0.0,0.0,0.0,0.0,0.0,1351.1265062093735,0.0,0.0,14531.185672521591,0.0,962.9144806265831,0.0,0.0,441.5622616309665,0.0,0.0,0.0,0.0,0.0,0.0,0.0,19047.9019641757,0.0,0.0,0.0,0.0,0.0,0.0,0.0
837,0.0,703.7258487224578,0.0,0.0,0.0,0.0,0.0,0.0,0.0,0.0,0.0,0.0,0.0,1355.8619381189344,0.0,0.0,14855.498518109322,0.0,941.9701116919517,0.0,0.0,484.98801782168374,0.0,0.0,0.0,0.0,0.0,0.0,0.0,19079.696376276017,0.0,0.0,0.0,0.0,0.0,0.0,0.0
838,0.0,712.0601923584939,0.0,0.0,0.0,0.0,0.0,0.0,0.0,0.0,0.0,0.0,0.0,1357.4662999391555,0.0,0.0,15162.499079704285,0.0,913.1324184894561,0.0,0.0,634.8392491657282,0.0,0.0,0.0,0.0,0.0,0.0,0.0,19090.067421031,0.0,0.0,0.0,0.0,0.0,0.0,0.0
839,0.0,720.3383119583129,0.0,0.0,0.0,0.0,0.0,0.0,0.0,0.0,0.0,0.0,0.0,1355.4404927492142,0.0,0.0,15425.422392010689,0.0,864.4466727972031,0.0,0.0,909.7337682589888,0.0,0.0,0.0,0.0,0.0,0.0,0.0,19040.66103669405,0.0,0.0,0.0,0.0,0.0,0.0,0.0
840,0.0,727.5441348195076,0.0,0.0,0.0,0.0,0.0,0.0,0.0,0.0,0.0,0.0,0.0,1351.7306077957153,0.0,0.0,15890.450440227985,0.0,817.6355078816414,0.0,0.0,1347.0466207265854,0.0,0.0,0.0,0.0,0.0,0.0,0.0,19227.229912102222,0.0,0.0,0.0,0.0,0.0,0.0,0.0
841,0.0,735.1122155427933,0.0,0.0,0.0,0.0,0.0,0.0,0.0,0.0,0.0,0.0,0.0,1343.5092846632003,0.0,0.0,16272.062776446342,0.0,749.7780076503752,0.0,0.0,1764.1610703706733,0.0,0.0,0.0,0.0,0.0,0.0,0.0,19340.37989076376,0.0,0.0,0.0,0.0,0.0,0.0,0.0
842,0.0,742.8203513503074,0.0,0.0,0.0,0.0,0.0,0.0,0.0,0.0,0.0,0.0,0.0,1332.1873789787292,0.0,0.0,16610.51263898611,0.0,674.3995382905006,0.0,0.0,2125.0006798043837,0.0,0.0,0.0,0.0,0.0,0.0,0.0,19411.9545640707,0.0,0.0,0.0,0.0,0.0,0.0,0.0
843,0.0,751.5877098441124,0.0,0.0,0.0,0.0,0.0,0.0,0.0,0.0,0.0,0.0,0.0,1318.3107073307037,0.0,0.0,16936.31277281046,0.0,603.6151879429817,0.0,0.0,2387.6536382809277,0.0,0.0,0.0,0.0,0.0,0.0,0.0,19470.34484784603,0.0,0.0,0.0,0.0,0.0,0.0,0.0
844,0.0,759.0569776654244,0.0,0.0,0.0,0.0,0.0,0.0,0.0,0.0,0.0,0.0,0.0,1303.3745937585832,0.0,0.0,17250.24104833603,0.0,538.9564086556434,0.0,0.0,2602.9909953385586,0.0,0.0,0.0,0.0,0.0,0.0,0.0,19475.481190931798,0.0,0.0,0.0,0.0,0.0,0.0,0.0
845,0.0,758.017899119854,0.0,0.0,0.0,0.0,0.0,0.0,0.0,0.0,0.0,0.0,0.0,1278.9887783050538,0.0,0.0,17524.718847811222,0.0,472.09079825282095,0.0,0.0,2795.277356037497,0.0,0.0,0.0,0.0,0.0,0.0,0.0,19475.20636547804,0.0,0.0,0.0,0.0,0.0,0.0,0.0
846,0.0,752.782947564125,0.0,0.0,0.0,0.0,0.0,0.0,0.0,0.0,0.0,0.0,0.0,1249.6755491256713,0.0,0.0,17454.441367149353,0.0,400.03145316243155,0.0,0.0,3178.796174007654,0.0,0.0,0.0,0.0,0.0,0.0,0.0,19147.773534071446,0.0,0.0,0.0,0.0,0.0,0.0,0.0
847,0.0,738.2830940723419,0.0,0.0,0.0,0.0,0.0,0.0,0.0,0.0,0.0,0.0,0.0,1217.8173279285431,0.0,0.0,17374.02823495865,0.0,341.9745227873325,0.0,0.0,3469.262070831656,0.0,0.0,0.0,0.0,0.0,0.0,0.0,18825.317936277388,0.0,0.0,0.0,0.0,0.0,0.0,0.0
848,0.0,715.8751783847808,0.0,0.0,0.0,0.0,0.0,0.0,0.0,0.0,0.0,0.0,0.0,1184.6506533622742,0.0,0.0,17280.984042942524,0.0,303.97986322641356,0.0,0.0,3691.8258266150947,0.0,0.0,0.0,0.0,0.0,0.0,0.0,18520.559651255608,0.0,0.0,0.0,0.0,0.0,0.0,0.0
849,0.0,687.2913160443306,0.0,0.0,0.0,0.0,0.0,0.0,0.0,0.0,0.0,0.0,0.0,1143.9029836177826,0.0,0.0,17176.16289281845,0.0,278.64619728326795,0.0,0.0,3806.405807635188,0.0,0.0,0.0,0.0,0.0,0.0,0.0,18205.06292324066,0.0,0.0,0.0,0.0,0.0,0.0,0.0
850,0.0,655.0486829638481,0.0,0.0,0.0,0.0,0.0,0.0,0.0,0.0,0.0,0.0,0.0,1091.614973950386,0.0,0.0,17260.96165841818,0.0,270.4771784484385,0.0,0.0,3658.7630504518747,0.0,0.0,0.0,0.0,0.0,0.0,0.0,18028.44562215805,0.0,0.0,0.0,0.0,0.0,0.0,0.0
851,0.0,621.0862228274345,0.0,0.0,0.0,0.0,0.0,0.0,0.0,0.0,0.0,0.0,0.0,1054.9673399686812,0.0,0.0,17290.453837394714,0.0,285.39506748914715,0.0,0.0,3520.630553099513,0.0,0.0,0.0,0.0,0.0,0.0,0.0,17812.752480900286,0.0,0.0,0.0,0.0,0.0,0.0,0.0
852,0.0,591.7406426310539,0.0,0.0,0.0,0.0,0.0,0.0,0.0,0.0,0.0,0.0,0.0,1027.4561932563781,0.0,0.0,17292.756333827972,0.0,296.3782695174216,0.0,0.0,3389.8372321307656,0.0,0.0,0.0,0.0,0.0,0.0,0.0,17605.016259753706,0.0,0.0,0.0,0.0,0.0,0.0,0.0
853,0.0,570.1928088068962,0.0,0.0,0.0,0.0,0.0,0.0,0.0,0.0,0.0,0.0,0.0,1006.5572553873062,0.0,0.0,17298.0489641428,0.0,310.9615072667597,0.0,0.0,3265.6815953761334,0.0,0.0,0.0,0.0,0.0,0.0,0.0,17381.331483590602,0.0,0.0,0.0,0.0,0.0,0.0,0.0
854,0.0,557.6089492678642,0.0,0.0,0.0,0.0,0.0,0.0,0.0,0.0,0.0,0.0,0.0,990.9383106470108,0.0,0.0,17323.78091752529,0.0,327.9059484899044,0.0,0.0,3140.236811596155,0.0,0.0,0.0,0.0,0.0,0.0,0.0,17139.87851861715,0.0,0.0,0.0,0.0,0.0,0.0,0.0
855,0.0,545.8436488509178,0.0,0.0,0.0,0.0,0.0,0.0,0.0,0.0,0.0,0.0,0.0,985.0564576625824,0.0,0.0,17226.881599724293,0.0,347.91880710721006,0.0,0.0,3131.547330906987,0.0,0.0,0.0,0.0,0.0,0.0,0.0,16180.577129077912,0.0,0.0,0.0,0.0,0.0,0.0,0.0
856,0.0,540.0004452466965,0.0,0.0,0.0,0.0,0.0,0.0,0.0,0.0,0.0,0.0,0.0,978.9545563936233,0.0,0.0,17136.304812669754,0.0,350.40284450054156,0.0,0.0,3093.9661822199823,0.0,0.0,0.0,0.0,0.0,0.0,0.0,15002.09520791769,0.0,0.0,0.0,0.0,0.0,0.0,0.0
857,0.0,531.1764699339867,0.0,0.0,0.0,0.0,0.0,0.0,0.0,0.0,0.0,0.0,0.0,957.7702910423279,0.0,0.0,17002.157947838306,0.0,297.37113751173,0.0,0.0,3057.006294617057,0.0,0.0,0.0,0.0,0.0,0.0,0.0,13738.10640939474,0.0,0.0,0.0,0.0,0.0,0.0,0.0
858,0.0,526.3011950969696,0.0,0.0,0.0,0.0,0.0,0.0,0.0,0.0,0.0,0.0,0.0,942.7602900266647,0.0,0.0,16858.79798579216,0.0,248.46143629848947,0.0,0.0,3023.2075117796653,0.0,0.0,0.0,0.0,0.0,0.0,0.0,12491.655814170837,0.0,0.0,0.0,0.0,0.0,0.0,0.0
859,0.0,541.379505264759,0.0,0.0,0.0,0.0,0.0,0.0,0.0,0.0,0.0,0.0,0.0,948.2370174407959,0.0,0.0,16927.135457634926,0.0,193.2369778543709,0.0,0.0,3137.392998066544,0.0,0.0,0.0,0.0,0.0,0.0,0.0,11925.809731954334,0.0,0.0,0.0,0.0,0.0,0.0,0.0
860,0.0,554.5596650362015,0.0,0.0,0.0,0.0,0.0,0.0,0.0,0.0,0.0,0.0,0.0,954.5786942243576,0.0,0.0,17010.74719297886,0.0,148.77788686454278,0.0,0.0,3247.6910611957305,0.0,0.0,0.0,0.0,0.0,0.0,0.0,11442.181300354003,0.0,0.0,0.0,0.0,0.0,0.0,0.0
861,0.0,568.0488886713981,0.0,0.0,0.0,0.0,0.0,0.0,0.0,0.0,0.0,0.0,0.0,953.6418301343917,0.0,0.0,17098.932806372643,0.0,115.65622733235344,0.0,0.0,3352.1143923193213,0.0,0.0,0.0,0.0,0.0,0.0,0.0,10941.169435578584,0.0,0.0,0.0,0.0,0.0,0.0,0.0
862,0.0,573.738289797306,0.0,0.0,0.0,0.0,0.0,0.0,0.0,0.0,0.0,0.0,0.0,949.3618282318115,0.0,0.0,17170.5606700778,0.0,104.26861300170404,0.0,0.0,3432.3012749522923,0.0,0.0,0.0,0.0,0.0,0.0,0.0,10461.54550012946,0.0,0.0,0.0,0.0,0.0,0.0,0.0
863,0.0,566.4775334715844,0.0,0.0,0.0,0.0,0.0,0.0,0.0,0.0,0.0,0.0,0.0,945.1579555034638,0.0,0.0,17184.568560540676,0.0,126.70487754940982,0.0,0.0,3597.9248780339954,0.0,0.0,0.0,0.0,0.0,0.0,0.0,10014.829743093253,0.0,0.0,0.0,0.0,0.0,0.0,0.0
864,0.0,557.081722676754,0.0,0.0,0.0,0.0,0.0,0.0,0.0,0.0,0.0,0.0,0.0,941.5487690925598,0.0,0.0,16980.136436343193,0.0,214.099388346076,0.0,0.0,3987.769841399788,0.0,0.0,0.0,0.0,0.0,0.0,0.0,10419.041574031115,0.0,0.0,0.0,0.0,0.0,0.0,0.0
865,0.0,541.1501762866974,0.0,0.0,0.0,0.0,0.0,0.0,0.0,0.0,0.0,0.0,0.0,941.2299949884415,0.0,0.0,16679.663763284683,0.0,333.5775616645813,0.0,0.0,4622.626309973001,0.0,0.0,0.0,0.0,0.0,0.0,0.0,10807.955752342938,0.0,0.0,0.0,0.0,0.0,0.0,0.0
866,0.0,525.2649782538414,0.0,0.0,0.0,0.0,0.0,0.0,0.0,0.0,0.0,0.0,0.0,942.7554478883743,0.0,0.0,16358.661534190178,0.0,464.34496954083437,0.0,0.0,5273.341587924957,0.0,0.0,0.0,0.0,0.0,0.0,0.0,11193.807796519995,0.0,0.0,0.0,0.0,0.0,0.0,0.0
867,0.0,513.0295730710029,0.0,0.0,0.0,0.0,0.0,0.0,0.0,0.0,0.0,0.0,0.0,940.6989738225936,0.0,0.0,16113.825264811516,0.0,585.5353629231452,0.0,0.0,5761.924677425623,0.0,0.0,0.0,0.0,0.0,0.0,0.0,11559.595412898063,0.0,0.0,0.0,0.0,0.0,0.0,0.0
868,0.0,509.01342619657515,0.0,0.0,0.0,0.0,0.0,0.0,0.0,0.0,0.0,0.0,0.0,940.1704633951188,0.0,0.0,15918.642019867897,0.0,699.7864994525909,0.0,0.0,6117.966013813018,0.0,0.0,0.0,0.0,0.0,0.0,0.0,11970.18608726263,0.0,0.0,0.0,0.0,0.0,0.0,0.0
869,0.0,505.3318179488182,0.0,0.0,0.0,0.0,0.0,0.0,0.0,0.0,0.0,0.0,0.0,946.5254112243653,0.0,0.0,15783.816852033138,0.0,809.4651551842688,0.0,0.0,6364.468606173992,0.0,0.0,0.0,0.0,0.0,0.0,0.0,12224.908782303333,0.0,0.0,0.0,0.0,0.0,0.0,0.0
870,0.0,483.30153475999833,0.0,0.0,0.0,0.0,0.0,0.0,0.0,0.0,0.0,0.0,0.0,940.6941316843033,0.0,0.0,15468.388842344284,0.0,894.3259051561356,0.0,0.0,6939.256817990541,0.0,0.0,0.0,0.0,0.0,0.0,0.0,11754.392417746782,0.0,0.0,0.0,0.0,0.0,0.0,0.0
871,0.0,457.88380950093267,0.0,0.0,0.0,0.0,0.0,0.0,0.0,0.0,0.0,0.0,0.0,932.9252794742584,0.0,0.0,15145.768642783165,0.0,972.6183602690696,0.0,0.0,7401.762685418129,0.0,0.0,0.0,0.0,0.0,0.0,0.0,11213.322573411462,0.0,0.0,0.0,0.0,0.0,0.0,0.0
872,0.0,423.0588546931743,0.0,0.0,0.0,0.0,0.0,0.0,0.0,0.0,0.0,0.0,0.0,922.5818444013596,0.0,0.0,14825.97989153862,0.0,1044.964989709854,0.0,0.0,7784.270591711998,0.0,0.0,0.0,0.0,0.0,0.0,0.0,10610.91892004609,0.0,0.0,0.0,0.0,0.0,0.0,0.0
873,0.0,377.1948827147483,0.0,0.0,0.0,0.0,0.0,0.0,0.0,0.0,0.0,0.0,0.0,908.6233047485351,0.0,0.0,14506.082238435745,0.0,1107.9420351028443,0.0,0.0,8086.427520096302,0.0,0.0,0.0,0.0,0.0,0.0,0.0,9950.454050225018,0.0,0.0,0.0,0.0,0.0,0.0,0.0
874,0.0,348.40837256312363,0.0,0.0,0.0,0.0,0.0,0.0,0.0,0.0,0.0,0.0,0.0,885.5127650499344,0.0,0.0,14293.07020354271,0.0,1152.2422778844834,0.0,0.0,8050.843065780401,0.0,0.0,0.0,0.0,0.0,0.0,0.0,9388.544481021167,0.0,0.0,0.0,0.0,0.0,0.0,0.0
875,0.0,323.7433592140674,0.0,0.0,0.0,0.0,0.0,0.0,0.0,0.0,0.0,0.0,0.0,867.9825207233429,0.0,0.0,14028.816732823849,0.0,1188.7199207544327,0.0,0.0,8015.507479208708,0.0,0.0,0.0,0.0,0.0,0.0,0.0,8793.73902822733,0.0,0.0,0.0,0.0,0.0,0.0,0.0
876,0.0,306.685901248455,0.0,0.0,0.0,0.0,0.0,0.0,0.0,0.0,0.0,0.0,0.0,850.3479014158249,0.0,0.0,13750.561594605446,0.0,1220.618561720848,0.0,0.0,7980.437714874744,0.0,0.0,0.0,0.0,0.0,0.0,0.0,8245.956933796404,0.0,0.0,0.0,0.0,0.0,0.0,0.0
877,0.0,297.7076465070247,0.0,0.0,0.0,0.0,0.0,0.0,0.0,0.0,0.0,0.0,0.0,834.1375881195069,0.0,0.0,13478.888795852661,0.0,1250.9478689432144,0.0,0.0,7945.194166982174,0.0,0.0,0.0,0.0,0.0,0.0,0.0,7809.854501849412,0.0,0.0,0.0,0.0,0.0,0.0,0.0
878,0.0,296.36287080645553,0.0,0.0,0.0,0.0,0.0,0.0,0.0,0.0,0.0,0.0,0.0,818.0938802480698,0.0,0.0,13232.50300860405,0.0,1274.2107873916625,0.0,0.0,7909.8749293863775,0.0,0.0,0.0,0.0,0.0,0.0,0.0,7476.8680266022675,0.0,0.0,0.0,0.0,0.0,0.0,0.0
879,0.0,253.2670348227024,0.0,0.0,0.0,0.0,0.0,0.0,0.0,0.0,0.0,0.0,0.0,811.1969716072083,0.0,0.0,12787.18386313319,0.0,1304.048047542572,0.0,0.0,7946.844202512502,0.0,0.0,0.0,0.0,0.0,0.0,0.0,6525.038996505737,0.0,0.0,0.0,0.0,0.0,0.0,0.0
880,0.0,215.49860863387576,0.0,0.0,0.0,0.0,0.0,0.0,0.0,0.0,0.0,0.0,0.0,796.3888160228729,0.0,0.0,12323.014583855867,0.0,1308.5108551979065,0.0,0.0,7974.0125673472885,0.0,0.0,0.0,0.0,0.0,0.0,0.0,5576.464478361606,0.0,0.0,0.0,0.0,0.0,0.0,0.0
881,0.0,185.9486692160368,0.0,0.0,0.0,0.0,0.0,0.0,0.0,0.0,0.0,0.0,0.0,770.3113009214401,0.0,0.0,11656.644112735987,0.0,1287.5879466295241,0.0,0.0,7966.864431774617,0.0,0.0,0.0,0.0,0.0,0.0,0.0,4763.524638733268,0.0,0.0,0.0,0.0,0.0,0.0,0.0
882,0.0,160.6827684938907,0.0,0.0,0.0,0.0,0.0,0.0,0.0,0.0,0.0,0.0,0.0,745.3017463207245,0.0,0.0,11011.133792579172,0.0,1271.791575717926,0.0,0.0,7968.4109237909315,0.0,0.0,0.0,0.0,0.0,0.0,0.0,4120.4645372211935,0.0,0.0,0.0,0.0,0.0,0.0,0.0
883,0.0,153.47917607724668,0.0,0.0,0.0,0.0,0.0,0.0,0.0,0.0,0.0,0.0,0.0,730.5195051431655,0.0,0.0,10969.37615287304,0.0,1248.6366704940797,0.0,0.0,8022.541777467728,0.0,0.0,0.0,0.0,0.0,0.0,0.0,3903.9277541428787,0.0,0.0,0.0,0.0,0.0,0.0,0.0
884,0.0,147.2015267640352,0.0,0.0,0.0,0.0,0.0,0.0,0.0,0.0,0.0,0.0,0.0,714.1194517612456,0.0,0.0,10987.846685916184,0.0,1225.7486563444138,0.0,0.0,8077.339306050539,0.0,0.0,0.0,0.0,0.0,0.0,0.0,3717.8604351878153,0.0,0.0,0.0,0.0,0.0,0.0,0.0
885,0.0,141.91054756343362,0.0,0.0,0.0,0.0,0.0,0.0,0.0,0.0,0.0,0.0,0.0,695.488966012001,0.0,0.0,11027.447290956974,0.0,1203.026041150093,0.0,0.0,8123.814600384236,0.0,0.0,0.0,0.0,0.0,0.0,0.0,3558.39622015655,0.0,0.0,0.0,0.0,0.0,0.0,0.0
886,0.0,136.6031276017427,0.0,0.0,0.0,0.0,0.0,0.0,0.0,0.0,0.0,0.0,0.0,685.2387421011923,0.0,0.0,11068.745209246872,0.0,1187.8764453649521,0.0,0.0,8138.226525396109,0.0,0.0,0.0,0.0,0.0,0.0,0.0,3412.8551688700913,0.0,0.0,0.0,0.0,0.0,0.0,0.0
887,0.0,130.06719561517232,0.0,0.0,0.0,0.0,0.0,0.0,0.0,0.0,0.0,0.0,0.0,692.2011989474296,0.0,0.0,11101.821815103292,0.0,1186.9900492429733,0.0,0.0,8077.846124303341,0.0,0.0,0.0,0.0,0.0,0.0,0.0,3275.819242152572,0.0,0.0,0.0,0.0,0.0,0.0,0.0
888,0.0,127.50448496639729,0.0,0.0,0.0,0.0,0.0,0.0,0.0,0.0,0.0,0.0,0.0,715.8506955385208,0.0,0.0,11255.199192374943,0.0,1221.2905913114548,0.0,0.0,7885.917019003629,0.0,0.0,0.0,0.0,0.0,0.0,0.0,3384.7481188118454,0.0,0.0,0.0,0.0,0.0,0.0,0.0
889,0.0,127.76167345941067,0.0,0.0,0.0,0.0,0.0,0.0,0.0,0.0,0.0,0.0,0.0,751.6428850889206,0.0,0.0,11395.2220903337,0.0,1266.1658770561219,0.0,0.0,7714.87948282957,0.0,0.0,0.0,0.0,0.0,0.0,0.0,3488.279206591843,0.0,0.0,0.0,0.0,0.0,0.0,0.0
890,0.0,131.060009971261,0.0,0.0,0.0,0.0,0.0,0.0,0.0,0.0,0.0,0.0,0.0,787.4523808002472,0.0,0.0,11550.803952366112,0.0,1314.7067356348039,0.0,0.0,7562.440420532226,0.0,0.0,0.0,0.0,0.0,0.0,0.0,3600.2528599888087,0.0,0.0,0.0,0.0,0.0,0.0,0.0
891,0.0,134.01344119906423,0.0,0.0,0.0,0.0,0.0,0.0,0.0,0.0,0.0,0.0,0.0,813.4257899284363,0.0,0.0,11761.799747139215,0.0,1359.4042916059493,0.0,0.0,7442.27060354948,0.0,0.0,0.0,0.0,0.0,0.0,0.0,3742.1416256397947,0.0,0.0,0.0,0.0,0.0,0.0,0.0
892,0.0,141.46776925027368,0.0,0.0,0.0,0.0,0.0,0.0,0.0,0.0,0.0,0.0,0.0,827.9765051603317,0.0,0.0,11992.416545301676,0.0,1406.0984915971756,0.0,0.0,7345.459234499931,0.0,0.0,0.0,0.0,0.0,0.0,0.0,3864.4049609929325,0.0,0.0,0.0,0.0,0.0,0.0,0.0
893,0.0,142.93242783844465,0.0,0.0,0.0,0.0,0.0,0.0,0.0,0.0,0.0,0.0,0.0,833.009011220932,0.0,0.0,12233.624049186707,0.0,1451.2776608705522,0.0,0.0,7263.625343924761,0.0,0.0,0.0,0.0,0.0,0.0,0.0,3969.7213293850423,0.0,0.0,0.0,0.0,0.0,0.0,0.0
894,0.0,151.65426562428468,0.0,0.0,0.0,0.0,0.0,0.0,0.0,0.0,0.0,0.0,0.0,830.1416583299637,0.0,0.0,12072.306948572397,0.0,1485.378419971466,0.0,0.0,7139.310153275728,0.0,0.0,0.0,0.0,0.0,0.0,0.0,3895.588248071073,0.0,0.0,0.0,0.0,0.0,0.0,0.0
895,0.0,161.31886602938167,0.0,0.0,0.0,0.0,0.0,0.0,0.0,0.0,0.0,0.0,0.0,831.7085384130478,0.0,0.0,11924.103965312243,0.0,1522.779451417923,0.0,0.0,7065.69919205904,0.0,0.0,0.0,0.0,0.0,0.0,0.0,3835.3703750282525,0.0,0.0,0.0,0.0,0.0,0.0,0.0
896,0.0,176.28795455396167,0.0,0.0,0.0,0.0,0.0,0.0,0.0,0.0,0.0,0.0,0.0,838.4018979072571,0.0,0.0,11785.240094274282,0.0,1559.1946102380753,0.0,0.0,7034.845646953583,0.0,0.0,0.0,0.0,0.0,0.0,0.0,3816.7567363351563,0.0,0.0,0.0,0.0,0.0,0.0,0.0
897,0.0,189.50643869340414,0.0,0.0,0.0,0.0,0.0,0.0,0.0,0.0,0.0,0.0,0.0,842.959336400032,0.0,0.0,11654.817672997713,0.0,1584.2168044567109,0.0,0.0,6978.253364127874,0.0,0.0,0.0,0.0,0.0,0.0,0.0,3798.0501632451997,0.0,0.0,0.0,0.0,0.0,0.0,0.0
898,0.0,195.04411347806447,0.0,0.0,0.0,0.0,0.0,0.0,0.0,0.0,0.0,0.0,0.0,822.6862897396088,0.0,0.0,11628.951925903557,0.0,1610.7905475854873,0.0,0.0,6894.429742634296,0.0,0.0,0.0,0.0,0.0,0.0,0.0,3717.785581412911,0.0,0.0,0.0,0.0,0.0,0.0,0.0
899,0.0,207.77464929521082,0.0,0.0,0.0,0.0,0.0,0.0,0.0,0.0,0.0,0.0,0.0,812.6456676483155,0.0,0.0,11597.340827912092,0.0,1650.3773351192474,0.0,0.0,6809.197081625462,0.0,0.0,0.0,0.0,0.0,0.0,0.0,3655.467463323474,0.0,0.0,0.0,0.0,0.0,0.0,0.0
900,0.0,230.5951551407575,0.0,0.0,0.0,0.0,0.0,0.0,0.0,0.0,0.0,0.0,0.0,816.0070083141327,0.0,0.0,11602.508998960255,0.0,1703.5341880559922,0.0,0.0,6721.013127708435,0.0,0.0,0.0,0.0,0.0,0.0,0.0,3642.166272974014,0.0,0.0,0.0,0.0,0.0,0.0,0.0
901,0.0,258.69369238615036,0.0,0.0,0.0,0.0,0.0,0.0,0.0,0.0,0.0,0.0,0.0,829.3699649572372,0.0,0.0,11655.446192294357,0.0,1758.4812623739242,0.0,0.0,6633.9814738333225,0.0,0.0,0.0,0.0,0.0,0.0,0.0,3675.6660493373856,0.0,0.0,0.0,0.0,0.0,0.0,0.0
902,0.0,285.441099268198,0.0,0.0,0.0,0.0,0.0,0.0,0.0,0.0,0.0,0.0,0.0,845.8374495983123,0.0,0.0,11742.342096537352,0.0,1803.5753015756604,0.0,0.0,6544.722726130485,0.0,0.0,0.0,0.0,0.0,0.0,0.0,3738.206197464466,0.0,0.0,0.0,0.0,0.0,0.0,0.0
903,0.0,295.254718619585,0.0,0.0,0.0,0.0,0.0,0.0,0.0,0.0,0.0,0.0,0.0,870.6461451292038,0.0,0.0,11624.528954714537,0.0,1851.226207065582,0.0,0.0,6626.898734164238,0.0,0.0,0.0,0.0,0.0,0.0,0.0,3398.473842164874,0.0,0.0,0.0,0.0,0.0,0.0,0.0
904,0.0,308.0254024386406,0.0,0.0,0.0,0.0,0.0,0.0,0.0,0.0,0.0,0.0,0.0,890.4986431121827,0.0,0.0,11537.618270933628,0.0,1869.041275191307,0.0,0.0,6706.30389354229,0.0,0.0,0.0,0.0,0.0,0.0,0.0,3188.656903043389,0.0,0.0,0.0,0.0,0.0,0.0,0.0
905,0.0,319.7639936327934,0.0,0.0,0.0,0.0,0.0,0.0,0.0,0.0,0.0,0.0,0.0,910.1813972473144,0.0,0.0,11456.138678401709,0.0,1867.4305620670318,0.0,0.0,6759.64394119978,0.0,0.0,0.0,0.0,0.0,0.0,0.0,3014.281779889762,0.0,0.0,0.0,0.0,0.0,0.0,0.0
906,0.0,337.05521340966226,0.0,0.0,0.0,0.0,0.0,0.0,0.0,0.0,0.0,0.0,0.0,936.6083533287049,0.0,0.0,11379.401761800049,0.0,1870.1273357152938,0.0,0.0,6835.759928834438,0.0,0.0,0.0,0.0,0.0,0.0,0.0,2925.547330701349,0.0,0.0,0.0,0.0,0.0,0.0,0.0
907,0.0,369.76969072222704,0.0,0.0,0.0,0.0,0.0,0.0,0.0,0.0,0.0,0.0,0.0,975.2007335186005,0.0,0.0,11647.419347465036,0.0,1864.6162899494168,0.0,0.0,6921.601740574837,0.0,0.0,0.0,0.0,0.0,0.0,0.0,3154.3312038689837,0.0,0.0,0.0,0.0,0.0,0.0,0.0
908,0.0,406.2975268185138,0.0,0.0,0.0,0.0,0.0,0.0,0.0,0.0,0.0,0.0,0.0,1014.9563029289245,0.0,0.0,11935.90892675519,0.0,1862.5654614686966,0.0,0.0,7023.606634300947,0.0,0.0,0.0,0.0,0.0,0.0,0.0,3382.890515711903,0.0,0.0,0.0,0.0,0.0,0.0,0.0
909,0.0,441.0754038155079,0.0,0.0,0.0,0.0,0.0,0.0,0.0,0.0,0.0,0.0,0.0,1053.0447420597077,0.0,0.0,12219.492477327583,0.0,1862.0997359514236,0.0,0.0,7117.249935132265,0.0,0.0,0.0,0.0,0.0,0.0,0.0,3597.263409954308,0.0,0.0,0.0,0.0,0.0,0.0,0.0
910,0.0,470.2086849689484,0.0,0.0,0.0,0.0,0.0,0.0,0.0,0.0,0.0,0.0,0.0,1091.3586992979049,0.0,0.0,12395.232851207256,0.0,1851.740544462204,0.0,0.0,7154.778101027012,0.0,0.0,0.0,0.0,0.0,0.0,0.0,3808.0997345417722,0.0,0.0,0.0,0.0,0.0,0.0,0.0
911,0.0,493.3260223031044,0.0,0.0,0.0,0.0,0.0,0.0,0.0,0.0,0.0,0.0,0.0,1129.8054566621781,0.0,0.0,12480.201970428228,0.0,1821.5665581226351,0.0,0.0,7141.5935602426525,0.0,0.0,0.0,0.0,0.0,0.0,0.0,4008.944345822929,0.0,0.0,0.0,0.0,0.0,0.0,0.0
912,0.0,509.19792183637617,0.0,0.0,0.0,0.0,0.0,0.0,0.0,0.0,0.0,0.0,0.0,1162.198734140396,0.0,0.0,12659.450539886951,0.0,1792.7574985027316,0.0,0.0,6519.031218785048,0.0,0.0,0.0,0.0,0.0,0.0,0.0,4622.701183328031,0.0,0.0,0.0,0.0,0.0,0.0,0.0
913,0.0,513.6369834423065,0.0,0.0,0.0,0.0,0.0,0.0,0.0,0.0,0.0,0.0,0.0,1190.7192873477936,0.0,0.0,12623.777402579784,0.0,1748.3835079431533,0.0,0.0,4444.6792121708395,0.0,0.0,0.0,0.0,0.0,0.0,0.0,5227.649141815304,0.0,0.0,0.0,0.0,0.0,0.0,0.0
914,0.0,513.0182384848595,0.0,0.0,0.0,0.0,0.0,0.0,0.0,0.0,0.0,0.0,0.0,1211.1391225337982,0.0,0.0,12496.737939745186,0.0,1703.3449574232102,0.0,0.0,3392.0255728304387,0.0,0.0,0.0,0.0,0.0,0.0,0.0,5829.510738134384,0.0,0.0,0.0,0.0,0.0,0.0,0.0
915,0.0,512.8134303689003,0.0,0.0,0.0,0.0,0.0,0.0,0.0,0.0,0.0,0.0,0.0,1221.6484456777573,0.0,0.0,12444.273691624401,0.0,1670.4261783838272,0.0,0.0,3155.6669144958255,0.0,0.0,0.0,0.0,0.0,0.0,0.0,6421.119536966085,0.0,0.0,0.0,0.0,0.0,0.0,0.0
916,0.0,516.7464195370674,0.0,0.0,0.0,0.0,0.0,0.0,0.0,0.0,0.0,0.0,0.0,1226.543399143219,0.0,0.0,12440.869730681181,0.0,1649.3911067962647,0.0,0.0,2770.4823175370693,0.0,0.0,0.0,0.0,0.0,0.0,0.0,7014.155981707573,0.0,0.0,0.0,0.0,0.0,0.0,0.0
917,0.0,521.8608990311623,0.0,0.0,0.0,0.0,0.0,0.0,0.0,0.0,0.0,0.0,0.0,1221.7768520116806,0.0,0.0,12523.614918380976,0.0,1626.566288089752,0.0,0.0,2357.194436529278,0.0,0.0,0.0,0.0,0.0,0.0,0.0,7581.029766476155,0.0,0.0,0.0,0.0,0.0,0.0,0.0
918,0.0,528.6769131302833,0.0,0.0,0.0,0.0,0.0,0.0,0.0,0.0,0.0,0.0,0.0,1219.6869313240052,0.0,0.0,12261.849077254534,0.0,1591.7723947286606,0.0,0.0,1391.2634856954214,0.0,0.0,0.0,0.0,0.0,0.0,0.0,8008.776781404017,0.0,0.0,0.0,0.0,0.0,0.0,0.0
919,0.0,534.4906019210815,0.0,0.0,0.0,0.0,0.0,0.0,0.0,0.0,0.0,0.0,0.0,1222.7777399301528,0.0,0.0,12003.795233756304,0.0,1552.125138759613,0.0,0.0,857.3141073927279,0.0,0.0,0.0,0.0,0.0,0.0,0.0,8408.185675925015,0.0,0.0,0.0,0.0,0.0,0.0,0.0
920,0.0,543.6503503203392,0.0,0.0,0.0,0.0,0.0,0.0,0.0,0.0,0.0,0.0,0.0,1229.0093925714493,0.0,0.0,11755.055610626936,0.0,1504.2391177654267,0.0,0.0,535.5996787469832,0.0,0.0,0.0,0.0,0.0,0.0,0.0,8734.517035841942,0.0,0.0,0.0,0.0,0.0,0.0,0.0
921,0.0,546.5283812999726,0.0,0.0,0.0,0.0,0.0,0.0,0.0,0.0,0.0,0.0,0.0,1234.356189274788,0.0,0.0,11543.215048581362,0.0,1464.107402920723,0.0,0.0,367.70708758681917,0.0,0.0,0.0,0.0,0.0,0.0,0.0,8926.784923291207,0.0,0.0,0.0,0.0,0.0,0.0,0.0
922,0.0,539.9640847921371,0.0,0.0,0.0,0.0,0.0,0.0,0.0,0.0,0.0,0.0,0.0,1229.9828417062758,0.0,0.0,11388.45928493142,0.0,1417.981013393402,0.0,0.0,316.0614296257489,0.0,0.0,0.0,0.0,0.0,0.0,0.0,8752.983136659861,0.0,0.0,0.0,0.0,0.0,0.0,0.0
923,0.0,531.7329868912697,0.0,0.0,0.0,0.0,0.0,0.0,0.0,0.0,0.0,0.0,0.0,1236.7115308761597,0.0,0.0,11231.659277826548,0.0,1361.469229388237,0.0,0.0,300.7810409590593,0.0,0.0,0.0,0.0,0.0,0.0,0.0,8538.374109494685,0.0,0.0,0.0,0.0,0.0,0.0,0.0
924,0.0,522.0228377223015,0.0,0.0,0.0,0.0,0.0,0.0,0.0,0.0,0.0,0.0,0.0,1246.2892804145813,0.0,0.0,11085.884806007147,0.0,1291.1355467319488,0.0,0.0,307.408847666904,0.0,0.0,0.0,0.0,0.0,0.0,0.0,8330.33485712409,0.0,0.0,0.0,0.0,0.0,0.0,0.0
925,0.0,507.43629148006437,0.0,0.0,0.0,0.0,0.0,0.0,0.0,0.0,0.0,0.0,0.0,1254.7580906152725,0.0,0.0,10946.137274175882,0.0,1209.6519588708877,0.0,0.0,323.4336067199702,0.0,0.0,0.0,0.0,0.0,0.0,0.0,8111.65552034378,0.0,0.0,0.0,0.0,0.0,0.0,0.0
926,0.0,475.689855158329,0.0,0.0,0.0,0.0,0.0,0.0,0.0,0.0,0.0,0.0,0.0,1254.4038074970244,0.0,0.0,10809.999061077833,0.0,1117.8304027557374,0.0,0.0,341.18761057779096,0.0,0.0,0.0,0.0,0.0,0.0,0.0,7888.226765787601,0.0,0.0,0.0,0.0,0.0,0.0,0.0
927,0.0,418.0984582364559,0.0,0.0,0.0,0.0,0.0,0.0,0.0,0.0,0.0,0.0,0.0,1256.6375576257706,0.0,0.0,10291.655774503946,0.0,1034.7444013595582,0.0,0.0,317.0519429270177,0.0,0.0,0.0,0.0,0.0,0.0,0.0,6922.464085185527,0.0,0.0,0.0,0.0,0.0,0.0,0.0
928,0.0,352.1080207586288,0.0,0.0,0.0,0.0,0.0,0.0,0.0,0.0,0.0,0.0,0.0,1242.9352029561996,0.0,0.0,9746.154698073862,0.0,945.6669858336448,0.0,0.0,325.5763065285974,0.0,0.0,0.0,0.0,0.0,0.0,0.0,5789.642605105042,0.0,0.0,0.0,0.0,0.0,0.0,0.0
929,0.0,292.7906805932522,0.0,0.0,0.0,0.0,0.0,0.0,0.0,0.0,0.0,0.0,0.0,1202.9406650543212,0.0,0.0,9078.627533644438,0.0,840.971107017994,0.0,0.0,310.17367899119796,0.0,0.0,0.0,0.0,0.0,0.0,0.0,4837.74125252068,0.0,0.0,0.0,0.0,0.0,0.0,0.0
930,0.0,271.3086659252643,0.0,0.0,0.0,0.0,0.0,0.0,0.0,0.0,0.0,0.0,0.0,1151.722857618332,0.0,0.0,8462.173785030842,0.0,759.2942572951317,0.0,0.0,329.7172523472451,0.0,0.0,0.0,0.0,0.0,0.0,0.0,4058.749227067828,0.0,0.0,0.0,0.0,0.0,0.0,0.0
931,0.0,270.3672780454159,0.0,0.0,0.0,0.0,0.0,0.0,0.0,0.0,0.0,0.0,0.0,1099.0989470243453,0.0,0.0,8418.75928133726,0.0,695.9938243389129,0.0,0.0,488.47080382592947,0.0,0.0,0.0,0.0,0.0,0.0,0.0,3784.2202955096955,0.0,0.0,0.0,0.0,0.0,0.0,0.0
932,0.0,268.23143801093096,0.0,0.0,0.0,0.0,0.0,0.0,0.0,0.0,0.0,0.0,0.0,1033.4860901355744,0.0,0.0,8444.82494112849,0.0,662.6620814561844,0.0,0.0,637.4684445418409,0.0,0.0,0.0,0.0,0.0,0.0,0.0,3521.4824607551086,0.0,0.0,0.0,0.0,0.0,0.0,0.0
933,0.0,259.7673919200897,0.0,0.0,0.0,0.0,0.0,0.0,0.0,0.0,0.0,0.0,0.0,957.9652319431304,0.0,0.0,8471.059398800133,0.0,639.4368668556214,0.0,0.0,768.3255719304085,0.0,0.0,0.0,0.0,0.0,0.0,0.0,3269.5626237303013,0.0,0.0,0.0,0.0,0.0,0.0,0.0
934,0.0,247.68520004153245,0.0,0.0,0.0,0.0,0.0,0.0,0.0,0.0,0.0,0.0,0.0,884.7640269994736,0.0,0.0,8451.2431499362,0.0,621.9688994050026,0.0,0.0,871.7186905033885,0.0,0.0,0.0,0.0,0.0,0.0,0.0,3073.5563868850463,0.0,0.0,0.0,0.0,0.0,0.0,0.0
935,0.0,236.13904430866236,0.0,0.0,0.0,0.0,0.0,0.0,0.0,0.0,0.0,0.0,0.0,825.613990020752,0.0,0.0,8350.054654657839,0.0,601.652809369564,0.0,0.0,933.032951154559,0.0,0.0,0.0,0.0,0.0,0.0,0.0,3024.17423058152,0.0,0.0,0.0,0.0,0.0,0.0,0.0
936,0.0,249.76310462951653,0.0,0.0,0.0,0.0,0.0,0.0,0.0,0.0,0.0,0.0,0.0,785.7733245134353,0.0,0.0,8643.573944061993,0.0,599.7473422646523,0.0,0.0,1303.1858001217238,0.0,0.0,0.0,0.0,0.0,0.0,0.0,3575.4194873422384,0.0,0.0,0.0,0.0,0.0,0.0,0.0
937,0.0,266.8012881875038,0.0,0.0,0.0,0.0,0.0,0.0,0.0,0.0,0.0,0.0,0.0,764.8860436439514,0.0,0.0,8912.485302835703,0.0,587.2379050731657,0.0,0.0,1768.3332381919026,0.0,0.0,0.0,0.0,0.0,0.0,0.0,4362.135916107893,0.0,0.0,0.0,0.0,0.0,0.0,0.0
938,0.0,285.9164224326611,0.0,0.0,0.0,0.0,0.0,0.0,0.0,0.0,0.0,0.0,0.0,753.2841009616852,0.0,0.0,9213.925646692514,0.0,568.0718416810034,0.0,0.0,2278.074173194169,0.0,0.0,0.0,0.0,0.0,0.0,0.0,5255.0911865979415,0.0,0.0,0.0,0.0,0.0,0.0,0.0
939,0.0,302.2797492206097,0.0,0.0,0.0,0.0,0.0,0.0,0.0,0.0,0.0,0.0,0.0,742.0116478562354,0.0,0.0,9638.022153586147,0.0,544.6598863244056,0.0,0.0,2796.6503672540184,0.0,0.0,0.0,0.0,0.0,0.0,0.0,6086.98964318633,0.0,0.0,0.0,0.0,0.0,0.0,0.0
940,0.0,319.12917264103885,0.0,0.0,0.0,0.0,0.0,0.0,0.0,0.0,0.0,0.0,0.0,729.7986093878746,0.0,0.0,10124.8492423594,0.0,520.070337831974,0.0,0.0,3202.1140522599217,0.0,0.0,0.0,0.0,0.0,0.0,0.0,6984.262927812337,0.0,0.0,0.0,0.0,0.0,0.0,0.0
941,0.0,336.2339609205722,0.0,0.0,0.0,0.0,0.0,0.0,0.0,0.0,0.0,0.0,0.0,712.2078383326531,0.0,0.0,10639.806459009647,0.0,500.8253690600395,0.0,0.0,3279.6396849274633,0.0,0.0,0.0,0.0,0.0,0.0,0.0,7801.549710571765,0.0,0.0,0.0,0.0,0.0,0.0,0.0
942,0.0,337.34901486039155,0.0,0.0,0.0,0.0,0.0,0.0,0.0,0.0,0.0,0.0,0.0,691.2026872634888,0.0,0.0,10483.175249785183,0.0,467.3061443865299,0.0,0.0,2813.5821538656946,0.0,0.0,0.0,0.0,0.0,0.0,0.0,8540.923477190732,0.0,0.0,0.0,0.0,0.0,0.0,0.0
943,0.0,335.8532422721385,0.0,0.0,0.0,0.0,0.0,0.0,0.0,0.0,0.0,0.0,0.0,674.9733192563056,0.0,0.0,10347.132714748383,0.0,437.4249556958675,0.0,0.0,2504.7129112198945,0.0,0.0,0.0,0.0,0.0,0.0,0.0,9213.938468325136,0.0,0.0,0.0,0.0,0.0,0.0,0.0
944,0.0,328.8800028741359,0.0,0.0,0.0,0.0,0.0,0.0,0.0,0.0,0.0,0.0,0.0,662.6833894252777,0.0,0.0,10211.483004271984,0.0,405.40499252080906,0.0,0.0,2250.3502459377046,0.0,0.0,0.0,0.0,0.0,0.0,0.0,9767.366056156157,0.0,0.0,0.0,0.0,0.0,0.0,0.0
945,0.0,326.8343345224857,0.0,0.0,0.0,0.0,0.0,0.0,0.0,0.0,0.0,0.0,0.0,650.1352122187615,0.0,0.0,10097.612887591122,0.0,377.3963986337185,0.0,0.0,2019.2246223047373,0.0,0.0,0.0,0.0,0.0,0.0,0.0,10276.26107210517,0.0,0.0,0.0,0.0,0.0,0.0,0.0
946,0.0,318.0082550168037,0.0,0.0,0.0,0.0,0.0,0.0,0.0,0.0,0.0,0.0,0.0,619.6571797728537,0.0,0.0,10108.853115111588,0.0,364.2702723264693,0.0,0.0,1967.191735821962,0.0,0.0,0.0,0.0,0.0,0.0,0.0,10398.849135428667,0.0,0.0,0.0,0.0,0.0,0.0,0.0
947,0.0,305.77871351838104,0.0,0.0,0.0,0.0,0.0,0.0,0.0,0.0,0.0,0.0,0.0,600.8013104200363,0.0,0.0,10115.096303075552,0.0,365.7539424538612,0.0,0.0,1956.1074329227206,0.0,0.0,0.0,0.0,0.0,0.0,0.0,10520.198314535615,0.0,0.0,0.0,0.0,0.0,0.0,0.0
948,0.0,283.6116858422756,0.0,0.0,0.0,0.0,0.0,0.0,0.0,0.0,0.0,0.0,0.0,597.0990473508833,0.0,0.0,10108.802553534506,0.0,385.4550625741481,0.0,0.0,1968.129077106714,0.0,0.0,0.0,0.0,0.0,0.0,0.0,10622.185317200421,0.0,0.0,0.0,0.0,0.0,0.0,0.0
949,0.0,271.5849604904651,0.0,0.0,0.0,0.0,0.0,0.0,0.0,0.0,0.0,0.0,0.0,599.4154725074768,0.0,0.0,10090.104882329702,0.0,417.5226001799106,0.0,0.0,1981.2109826534981,0.0,0.0,0.0,0.0,0.0,0.0,0.0,10675.456615287065,0.0,0.0,0.0,0.0,0.0,0.0,0.0
950,0.0,258.6637006223201,0.0,0.0,0.0,0.0,0.0,0.0,0.0,0.0,0.0,0.0,0.0,597.6575969696044,0.0,0.0,10059.0110681653,0.0,459.4061508059501,0.0,0.0,1959.6194351524105,0.0,0.0,0.0,0.0,0.0,0.0,0.0,10668.648899507521,0.0,0.0,0.0,0.0,0.0,0.0,0.0
951,0.0,225.50752514898778,0.0,0.0,0.0,0.0,0.0,0.0,0.0,0.0,0.0,0.0,0.0,597.1879543900488,0.0,0.0,9683.063962191341,0.0,523.1817945241928,0.0,0.0,2023.1177978798746,0.0,0.0,0.0,0.0,0.0,0.0,0.0,10017.259778684376,0.0,0.0,0.0,0.0,0.0,0.0,0.0
952,0.0,188.11033471226688,0.0,0.0,0.0,0.0,0.0,0.0,0.0,0.0,0.0,0.0,0.0,586.972566974163,0.0,0.0,9337.1457657814,0.0,610.6862007737159,0.0,0.0,2091.993459883332,0.0,0.0,0.0,0.0,0.0,0.0,0.0,9417.151641082764,0.0,0.0,0.0,0.0,0.0,0.0,0.0
953,0.0,157.5224530130625,0.0,0.0,0.0,0.0,0.0,0.0,0.0,0.0,0.0,0.0,0.0,561.1072092652321,0.0,0.0,8994.519516974686,0.0,660.8276944041252,0.0,0.0,2102.6348266392943,0.0,0.0,0.0,0.0,0.0,0.0,0.0,8850.815935623647,0.0,0.0,0.0,0.0,0.0,0.0,0.0
954,0.0,134.48583252131934,0.0,0.0,0.0,0.0,0.0,0.0,0.0,0.0,0.0,0.0,0.0,557.3819908738135,0.0,0.0,8713.417373031376,0.0,715.4864765644073,0.0,0.0,2148.8611018493766,0.0,0.0,0.0,0.0,0.0,0.0,0.0,8197.074887496234,0.0,0.0,0.0,0.0,0.0,0.0,0.0
955,0.0,125.88225038051598,0.0,0.0,0.0,0.0,0.0,0.0,0.0,0.0,0.0,0.0,0.0,600.2258133172987,0.0,0.0,8845.854478687048,0.0,755.306304705143,0.0,0.0,2216.2506722196936,0.0,0.0,0.0,0.0,0.0,0.0,0.0,8139.503294283151,0.0,0.0,0.0,0.0,0.0,0.0,0.0
956,0.0,117.79230174422258,0.0,0.0,0.0,0.0,0.0,0.0,0.0,0.0,0.0,0.0,0.0,668.595505774021,0.0,0.0,8953.596532225609,0.0,788.4408137798308,0.0,0.0,2278.5478393569583,0.0,0.0,0.0,0.0,0.0,0.0,0.0,8075.848656618595,0.0,0.0,0.0,0.0,0.0,0.0,0.0
957,0.0,113.47067514806983,0.0,0.0,0.0,0.0,0.0,0.0,0.0,0.0,0.0,0.0,0.0,738.0913540601729,0.0,0.0,9070.709590673445,0.0,813.4252448678017,0.0,0.0,2317.5854093134394,0.0,0.0,0.0,0.0,0.0,0.0,0.0,7986.445043611527,0.0,0.0,0.0,0.0,0.0,0.0,0.0
958,0.0,111.96096578836436,0.0,0.0,0.0,0.0,0.0,0.0,0.0,0.0,0.0,0.0,0.0,803.8793349504471,0.0,0.0,9247.262839138506,0.0,831.8815748214722,0.0,0.0,2415.9830831632016,0.0,0.0,0.0,0.0,0.0,0.0,0.0,7994.007082939147,0.0,0.0,0.0,0.0,0.0,0.0,0.0
959,0.0,114.02702376991509,0.0,0.0,0.0,0.0,0.0,0.0,0.0,0.0,0.0,0.0,0.0,852.142810344696,0.0,0.0,9575.498485237358,0.0,845.3247750759124,0.0,0.0,2506.8042177200314,0.0,0.0,0.0,0.0,0.0,0.0,0.0,8214.859710478782,0.0,0.0,0.0,0.0,0.0,0.0,0.0
960,0.0,136.8953719496726,0.0,0.0,0.0,0.0,0.0,0.0,0.0,0.0,0.0,0.0,0.0,876.7483154058457,0.0,0.0,10256.739505112171,0.0,884.1479411244392,0.0,0.0,2645.8474135816095,0.0,0.0,0.0,0.0,0.0,0.0,0.0,9454.089628517628,0.0,0.0,0.0,0.0,0.0,0.0,0.0
961,0.0,166.7367420941591,0.0,0.0,0.0,0.0,0.0,0.0,0.0,0.0,0.0,0.0,0.0,880.1929587841034,0.0,0.0,11043.862690359352,0.0,919.3895973205566,0.0,0.0,2781.239943677187,0.0,0.0,0.0,0.0,0.0,0.0,0.0,10891.541021203993,0.0,0.0,0.0,0.0,0.0,0.0,0.0
962,0.0,201.22321642041203,0.0,0.0,0.0,0.0,0.0,0.0,0.0,0.0,0.0,0.0,0.0,872.674911403656,0.0,0.0,11842.357563227415,0.0,953.2918183922768,0.0,0.0,2950.873284476995,0.0,0.0,0.0,0.0,0.0,0.0,0.0,12377.969202649594,0.0,0.0,0.0,0.0,0.0,0.0,0.0
963,0.0,243.86160085201263,0.0,0.0,0.0,0.0,0.0,0.0,0.0,0.0,0.0,0.0,0.0,863.233817768097,0.0,0.0,12583.226239889858,0.0,987.7515347242354,0.0,0.0,3076.4228228062393,0.0,0.0,0.0,0.0,0.0,0.0,0.0,13749.75900863409,0.0,0.0,0.0,0.0,0.0,0.0,0.0
964,0.0,289.8771588921547,0.0,0.0,0.0,0.0,0.0,0.0,0.0,0.0,0.0,0.0,0.0,859.9144423007965,0.0,0.0,13258.704795718193,0.0,1018.4143668651581,0.0,0.0,3192.227160465717,0.0,0.0,0.0,0.0,0.0,0.0,0.0,14822.849707627296,0.0,0.0,0.0,0.0,0.0,0.0,0.0
965,0.0,333.9166552841663,0.0,0.0,0.0,0.0,0.0,0.0,0.0,0.0,0.0,0.0,0.0,863.2577594518661,0.0,0.0,13818.942627191544,0.0,1048.578512263298,0.0,0.0,3312.6525058865545,0.0,0.0,0.0,0.0,0.0,0.0,0.0,15732.472780275344,0.0,0.0,0.0,0.0,0.0,0.0,0.0
966,0.0,357.4686347186565,0.0,0.0,0.0,0.0,0.0,0.0,0.0,0.0,0.0,0.0,0.0,872.0778936862946,0.0,0.0,13981.724457800388,0.0,1060.5226881504059,0.0,0.0,3683.463325443864,0.0,0.0,0.0,0.0,0.0,0.0,0.0,15979.465647816658,0.0,0.0,0.0,0.0,0.0,0.0,0.0
967,0.0,386.0499720275402,0.0,0.0,0.0,0.0,0.0,0.0,0.0,0.0,0.0,0.0,0.0,889.2945647239685,0.0,0.0,14129.953888654709,0.0,1067.0046672821045,0.0,0.0,3981.2160213768484,0.0,0.0,0.0,0.0,0.0,0.0,0.0,16117.362935364246,0.0,0.0,0.0,0.0,0.0,0.0,0.0
968,0.0,412.17961590886114,0.0,0.0,0.0,0.0,0.0,0.0,0.0,0.0,0.0,0.0,0.0,904.3901998519898,0.0,0.0,14263.851834952831,0.0,1062.2303879022597,0.0,0.0,4210.755945727228,0.0,0.0,0.0,0.0,0.0,0.0,0.0,16178.831264221668,0.0,0.0,0.0,0.0,0.0,0.0,0.0
969,0.0,434.9507433593273,0.0,0.0,0.0,0.0,0.0,0.0,0.0,0.0,0.0,0.0,0.0,916.8249006509781,0.0,0.0,14394.871660709381,0.0,1055.9875555038452,0.0,0.0,4365.975544962286,0.0,0.0,0.0,0.0,0.0,0.0,0.0,16087.645625114441,0.0,0.0,0.0,0.0,0.0,0.0,0.0
970,0.0,436.3228174567222,0.0,0.0,0.0,0.0,0.0,0.0,0.0,0.0,0.0,0.0,0.0,933.6073932886123,0.0,0.0,14590.369165301323,0.0,1053.2501138687135,0.0,0.0,4230.329302981495,0.0,0.0,0.0,0.0,0.0,0.0,0.0,16018.03233767748,0.0,0.0,0.0,0.0,0.0,0.0,0.0
971,0.0,432.4676273167133,0.0,0.0,0.0,0.0,0.0,0.0,0.0,0.0,0.0,0.0,0.0,956.9317044258117,0.0,0.0,14776.606900453568,0.0,1044.7808573961258,0.0,0.0,4096.431190386414,0.0,0.0,0.0,0.0,0.0,0.0,0.0,15853.617286741734,0.0,0.0,0.0,0.0,0.0,0.0,0.0
972,0.0,428.5488344371318,0.0,0.0,0.0,0.0,0.0,0.0,0.0,0.0,0.0,0.0,0.0,975.8483246803283,0.0,0.0,14941.898141026497,0.0,1035.8942501544952,0.0,0.0,3958.79461196959,0.0,0.0,0.0,0.0,0.0,0.0,0.0,15645.272110247612,0.0,0.0,0.0,0.0,0.0,0.0,0.0
973,0.0,425.1028958022594,0.0,0.0,0.0,0.0,0.0,0.0,0.0,0.0,0.0,0.0,0.0,990.1317359447479,0.0,0.0,15096.15295612812,0.0,1030.8028079032897,0.0,0.0,3809.52392064929,0.0,0.0,0.0,0.0,0.0,0.0,0.0,15406.223144769669,0.0,0.0,0.0,0.0,0.0,0.0,0.0
974,0.0,423.40119286179544,0.0,0.0,0.0,0.0,0.0,0.0,0.0,0.0,0.0,0.0,0.0,1000.9503282546997,0.0,0.0,15247.89369404316,0.0,1029.0040498018266,0.0,0.0,3652.0999344974757,0.0,0.0,0.0,0.0,0.0,0.0,0.0,15173.331715905666,0.0,0.0,0.0,0.0,0.0,0.0,0.0
975,0.0,406.13404505252834,0.0,0.0,0.0,0.0,0.0,0.0,0.0,0.0,0.0,0.0,0.0,1017.254973578453,0.0,0.0,15219.257172524929,0.0,1046.5457057476044,0.0,0.0,3582.773918759822,0.0,0.0,0.0,0.0,0.0,0.0,0.0,14137.526152288914,0.0,0.0,0.0,0.0,0.0,0.0,0.0
976,0.0,361.9965493798256,0.0,0.0,0.0,0.0,0.0,0.0,0.0,0.0,0.0,0.0,0.0,1016.8997040987015,0.0,0.0,15189.581416130066,0.0,1051.9858493089675,0.0,0.0,3505.0027486950157,0.0,0.0,0.0,0.0,0.0,0.0,0.0,12955.579983961583,0.0,0.0,0.0,0.0,0.0,0.0,0.0
977,0.0,311.141151112318,0.0,0.0,0.0,0.0,0.0,0.0,0.0,0.0,0.0,0.0,0.0,1003.0695707798004,0.0,0.0,15089.575283885002,0.0,1020.8935727119446,0.0,0.0,3429.671511903405,0.0,0.0,0.0,0.0,0.0,0.0,0.0,11682.547981560228,0.0,0.0,0.0,0.0,0.0,0.0,0.0
978,0.0,264.93500930070877,0.0,0.0,0.0,0.0,0.0,0.0,0.0,0.0,0.0,0.0,0.0,984.7996449947357,0.0,0.0,15006.23424744606,0.0,996.7494750261307,0.0,0.0,3350.370804315805,0.0,0.0,0.0,0.0,0.0,0.0,0.0,10457.612603241203,0.0,0.0,0.0,0.0,0.0,0.0,0.0
979,0.0,238.49374846816062,0.0,0.0,0.0,0.0,0.0,0.0,0.0,0.0,0.0,0.0,0.0,969.1063644647598,0.0,0.0,15235.385537743568,0.0,964.7915512800216,0.0,0.0,3401.4719505518674,0.0,0.0,0.0,0.0,0.0,0.0,0.0,9902.376953214407,0.0,0.0,0.0,0.0,0.0,0.0,0.0
980,0.0,214.98988491296768,0.0,0.0,0.0,0.0,0.0,0.0,0.0,0.0,0.0,0.0,0.0,944.3520981550216,0.0,0.0,15495.883450090885,0.0,942.5605088949203,0.0,0.0,3450.009637919068,0.0,0.0,0.0,0.0,0.0,0.0,0.0,9467.313072192666,0.0,0.0,0.0,0.0,0.0,0.0,0.0
981,0.0,191.18666483759876,0.0,0.0,0.0,0.0,0.0,0.0,0.0,0.0,0.0,0.0,0.0,921.4292361497879,0.0,0.0,15797.885416388512,0.0,922.6285119891165,0.0,0.0,3495.661731040477,0.0,0.0,0.0,0.0,0.0,0.0,0.0,9188.031106734274,0.0,0.0,0.0,0.0,0.0,0.0,0.0
982,0.0,172.40288487374775,0.0,0.0,0.0,0.0,0.0,0.0,0.0,0.0,0.0,0.0,0.0,903.0809394598007,0.0,0.0,16051.396496653557,0.0,901.9072241544723,0.0,0.0,3539.1896683305504,0.0,0.0,0.0,0.0,0.0,0.0,0.0,9038.842109161615,0.0,0.0,0.0,0.0,0.0,0.0,0.0
983,0.0,163.28743675053116,0.0,0.0,0.0,0.0,0.0,0.0,0.0,0.0,0.0,0.0,0.0,897.3044478178024,0.0,0.0,16206.0682502985,0.0,875.568537247181,0.0,0.0,3575.32029954493,0.0,0.0,0.0,0.0,0.0,0.0,0.0,8946.154331982134,0.0,0.0,0.0,0.0,0.0,0.0,0.0
984,0.0,188.65628862082957,0.0,0.0,0.0,0.0,0.0,0.0,0.0,0.0,0.0,0.0,0.0,905.1633279323578,0.0,0.0,16308.253975450993,0.0,862.981024634838,0.0,0.0,3959.401643389463,0.0,0.0,0.0,0.0,0.0,0.0,0.0,9491.004472756384,0.0,0.0,0.0,0.0,0.0,0.0,0.0
985,0.0,225.09356025159354,0.0,0.0,0.0,0.0,0.0,0.0,0.0,0.0,0.0,0.0,0.0,928.0670903921127,0.0,0.0,16300.006993293762,0.0,842.6859799861907,0.0,0.0,4328.80281791389,0.0,0.0,0.0,0.0,0.0,0.0,0.0,9988.842826765776,0.0,0.0,0.0,0.0,0.0,0.0,0.0
986,0.0,262.49251821041105,0.0,0.0,0.0,0.0,0.0,0.0,0.0,0.0,0.0,0.0,0.0,960.5301305294037,0.0,0.0,16224.699802517891,0.0,817.3046506881714,0.0,0.0,4646.231203579902,0.0,0.0,0.0,0.0,0.0,0.0,0.0,10370.552238839862,0.0,0.0,0.0,0.0,0.0,0.0,0.0
987,0.0,294.58118047714225,0.0,0.0,0.0,0.0,0.0,0.0,0.0,0.0,0.0,0.0,0.0,997.4069590568542,0.0,0.0,16158.840625822544,0.0,790.5832341551779,0.0,0.0,4839.484878686069,0.0,0.0,0.0,0.0,0.0,0.0,0.0,10640.723017281294,0.0,0.0,0.0,0.0,0.0,0.0,0.0
988,0.0,320.3076890408993,0.0,0.0,0.0,0.0,0.0,0.0,0.0,0.0,0.0,0.0,0.0,1030.973020362854,0.0,0.0,16077.246686339378,0.0,758.8741795182227,0.0,0.0,4945.888252446055,0.0,0.0,0.0,0.0,0.0,0.0,0.0,10695.553588205576,0.0,0.0,0.0,0.0,0.0,0.0,0.0
989,0.0,333.61547513008117,0.0,0.0,0.0,0.0,0.0,0.0,0.0,0.0,0.0,0.0,0.0,1048.3236572265625,0.0,0.0,15959.542446374893,0.0,706.5328797817231,0.0,0.0,4789.427947595715,0.0,0.0,0.0,0.0,0.0,0.0,0.0,10591.936436665059,0.0,0.0,0.0,0.0,0.0,0.0,0.0
990,0.0,328.07429335713385,0.0,0.0,0.0,0.0,0.0,0.0,0.0,0.0,0.0,0.0,0.0,1063.5036710977554,0.0,0.0,15659.125779986382,0.0,642.6556846618653,0.0,0.0,4244.905626028775,0.0,0.0,0.0,0.0,0.0,0.0,0.0,9799.760021680593,0.0,0.0,0.0,0.0,0.0,0.0,0.0
991,0.0,322.66208458542826,0.0,0.0,0.0,0.0,0.0,0.0,0.0,0.0,0.0,0.0,0.0,1077.1949964523315,0.0,0.0,15325.229570865631,0.0,578.9780946612357,0.0,0.0,3894.6133767396213,0.0,0.0,0.0,0.0,0.0,0.0,0.0,9070.329873913526,0.0,0.0,0.0,0.0,0.0,0.0,0.0
992,0.0,317.7839761018753,0.0,0.0,0.0,0.0,0.0,0.0,0.0,0.0,0.0,0.0,0.0,1086.8581110954285,0.0,0.0,14957.355981945992,0.0,514.3132685303686,0.0,0.0,3607.958002334833,0.0,0.0,0.0,0.0,0.0,0.0,0.0,8450.25349742174,0.0,0.0,0.0,0.0,0.0,0.0,0.0
993,0.0,306.1289915084838,0.0,0.0,0.0,0.0,0.0,0.0,0.0,0.0,0.0,0.0,0.0,1096.5618458986282,0.0,0.0,14537.77267920971,0.0,450.2749724566935,0.0,0.0,3360.7802578210826,0.0,0.0,0.0,0.0,0.0,0.0,0.0,7977.63471814394,0.0,0.0,0.0,0.0,0.0,0.0,0.0
994,0.0,299.57922796010973,0.0,0.0,0.0,0.0,0.0,0.0,0.0,0.0,0.0,0.0,0.0,1083.456239938736,0.0,0.0,14174.404515743256,0.0,369.6426853120326,0.0,0.0,3364.4451532512903,0.0,0.0,0.0,0.0,0.0,0.0,0.0,7723.10801704526,0.0,0.0,0.0,0.0,0.0,0.0,0.0
995,0.0,299.83700562715524,0.0,0.0,0.0,0.0,0.0,0.0,0.0,0.0,0.0,0.0,0.0,1065.6265003919602,0.0,0.0,13802.093953967094,0.0,292.4288803756237,0.0,0.0,3378.220679238438,0.0,0.0,0.0,0.0,0.0,0.0,0.0,7674.607110255956,0.0,0.0,0.0,0.0,0.0,0.0,0.0
996,0.0,305.631868904829,0.0,0.0,0.0,0.0,0.0,0.0,0.0,0.0,0.0,0.0,0.0,1049.8906269788743,0.0,0.0,13467.556779623032,0.0,224.74512315094452,0.0,0.0,3419.3059584259986,0.0,0.0,0.0,0.0,0.0,0.0,0.0,7715.510539698601,0.0,0.0,0.0,0.0,0.0,0.0,0.0
997,0.0,312.97816768884655,0.0,0.0,0.0,0.0,0.0,0.0,0.0,0.0,0.0,0.0,0.0,1036.707636475563,0.0,0.0,13198.814996600151,0.0,165.46474440991864,0.0,0.0,3462.9973854750397,0.0,0.0,0.0,0.0,0.0,0.0,0.0,7811.406542438268,0.0,0.0,0.0,0.0,0.0,0.0,0.0
998,0.0,322.3329888045788,0.0,0.0,0.0,0.0,0.0,0.0,0.0,0.0,0.0,0.0,0.0,1021.7205011129379,0.0,0.0,12999.943090140818,0.0,117.58910531252623,0.0,0.0,3505.4272165507073,0.0,0.0,0.0,0.0,0.0,0.0,0.0,7922.140226781367,0.0,0.0,0.0,0.0,0.0,0.0,0.0
999,0.0,327.0119564652442,0.0,0.0,0.0,0.0,0.0,0.0,0.0,0.0,0.0,0.0,0.0,1016.5468556880951,0.0,0.0,12594.582370102406,0.0,90.97999259531485,0.0,0.0,3464.0951889306302,0.0,0.0,0.0,0.0,0.0,0.0,0.0,7743.642541015147,0.0,0.0,0.0,0.0,0.0,0.0,0.0
1000,0.0,338.6934538900852,0.0,0.0,0.0,0.0,0.0,0.0,0.0,0.0,0.0,0.0,0.0,1003.8900442123413,0.0,0.0,12187.347760230303,0.0,70.30776126086697,0.0,0.0,3415.0697571158403,0.0,0.0,0.0,0.0,0.0,0.0,0.0,7835.120362973214,0.0,0.0,0.0,0.0,0.0,0.0,0.0
1001,0.0,354.71483529210093,0.0,0.0,0.0,0.0,0.0,0.0,0.0,0.0,0.0,0.0,0.0,976.1519446849823,0.0,0.0,11762.534056812525,0.0,43.993046827614236,0.0,0.0,3368.301392251253,0.0,0.0,0.0,0.0,0.0,0.0,0.0,7958.9740698337555,0.0,0.0,0.0,0.0,0.0,0.0,0.0
1002,0.0,375.40864732861513,0.0,0.0,0.0,0.0,0.0,0.0,0.0,0.0,0.0,0.0,0.0,955.9236429691315,0.0,0.0,11291.245707482098,0.0,41.58173458427185,0.0,0.0,3335.423601722717,0.0,0.0,0.0,0.0,0.0,0.0,0.0,8215.253144812583,0.0,0.0,0.0,0.0,0.0,0.0,0.0
1003,0.0,395.53160583972925,0.0,0.0,0.0,0.0,0.0,0.0,0.0,0.0,0.0,0.0,0.0,951.0787249326706,0.0,0.0,11254.884154856205,0.0,42.128403326868884,0.0,0.0,3341.91929205358,0.0,0.0,0.0,0.0,0.0,0.0,0.0,8996.291173446176,0.0,0.0,0.0,0.0,0.0,0.0,0.0
1004,0.0,413.58459958434105,0.0,0.0,0.0,0.0,0.0,0.0,0.0,0.0,0.0,0.0,0.0,949.7472265720368,0.0,0.0,11231.898084044456,0.0,53.592929653823184,0.0,0.0,3365.3549434840675,0.0,0.0,0.0,0.0,0.0,0.0,0.0,9762.10242549181,0.0,0.0,0.0,0.0,0.0,0.0,0.0
1005,0.0,430.37880898118016,0.0,0.0,0.0,0.0,0.0,0.0,0.0,0.0,0.0,0.0,0.0,950.3864784955979,0.0,0.0,11215.104639619587,0.0,66.24386743009076,0.0,0.0,3391.865413418412,0.0,0.0,0.0,0.0,0.0,0.0,0.0,10355.828103542326,0.0,0.0,0.0,0.0,0.0,0.0,0.0
1006,0.0,445.66636009812356,0.0,0.0,0.0,0.0,0.0,0.0,0.0,0.0,0.0,0.0,0.0,946.8353080749512,0.0,0.0,11212.91571226716,0.0,73.13973669856772,0.0,0.0,3427.098061993718,0.0,0.0,0.0,0.0,0.0,0.0,0.0,10807.798812544346,0.0,0.0,0.0,0.0,0.0,0.0,0.0
1007,0.0,460.2692068219185,0.0,0.0,0.0,0.0,0.0,0.0,0.0,0.0,0.0,0.0,0.0,932.2803783893585,0.0,0.0,11231.221336781977,0.0,65.58201224654903,0.0,0.0,3462.7273246139284,0.0,0.0,0.0,0.0,0.0,0.0,0.0,11108.991598916054,0.0,0.0,0.0,0.0,0.0,0.0,0.0
1008,0.0,496.2734635949135,0.0,0.0,0.0,0.0,0.0,0.0,0.0,0.0,0.0,0.0,0.0,908.2581716537476,0.0,0.0,11773.015082806349,0.0,63.710432660579656,0.0,0.0,3729.934986671805,0.0,0.0,0.0,0.0,0.0,0.0,0.0,12142.025764799118,0.0,0.0,0.0,0.0,0.0,0.0,0.0
1009,0.0,527.8770392417907,0.0,0.0,0.0,0.0,0.0,0.0,0.0,0.0,0.0,0.0,0.0,871.4800689458847,0.0,0.0,12240.678555995226,0.0,48.09304387122384,0.0,0.0,3966.4271616429087,0.0,0.0,0.0,0.0,0.0,0.0,0.0,13041.886748039722,0.0,0.0,0.0,0.0,0.0,0.0,0.0
1010,0.0,553.4180702090264,0.0,0.0,0.0,0.0,0.0,0.0,0.0,0.0,0.0,0.0,0.0,827.137828874588,0.0,0.0,12650.405462682245,0.0,30.47686947137108,0.0,0.0,4171.924100384115,0.0,0.0,0.0,0.0,0.0,0.0,0.0,13774.833215165138,0.0,0.0,0.0,0.0,0.0,0.0,0.0
1011,0.0,573.8261608958244,0.0,0.0,0.0,0.0,0.0,0.0,0.0,0.0,0.0,0.0,0.0,781.1098969936371,0.0,0.0,13005.467525839804,0.0,19.765234446525486,0.0,0.0,4349.920245113968,0.0,0.0,0.0,0.0,0.0,0.0,0.0,14369.802840006352,0.0,0.0,0.0,0.0,0.0,0.0,0.0
1012,0.0,583.2354385256767,0.0,0.0,0.0,0.0,0.0,0.0,0.0,0.0,0.0,0.0,0.0,732.3395214557646,0.0,0.0,13287.274420380592,0.0,17.05420328974715,0.0,0.0,4492.770633047819,0.0,0.0,0.0,0.0,0.0,0.0,0.0,14678.136748826504,0.0,0.0,0.0,0.0,0.0,0.0,0.0
1013,0.0,589.8819949507713,0.0,0.0,0.0,0.0,0.0,0.0,0.0,0.0,0.0,0.0,0.0,676.9908768773078,0.0,0.0,13424.545212805271,0.0,17.472195053845574,0.0,0.0,4554.532825362682,0.0,0.0,0.0,0.0,0.0,0.0,0.0,14971.483991718293,0.0,0.0,0.0,0.0,0.0,0.0,0.0
1014,0.0,575.2764268040657,0.0,0.0,0.0,0.0,0.0,0.0,0.0,0.0,0.0,0.0,0.0,631.5575416445731,0.0,0.0,13197.030561864376,0.0,15.681547577679057,0.0,0.0,4207.685668605565,0.0,0.0,0.0,0.0,0.0,0.0,0.0,14954.810765373706,0.0,0.0,0.0,0.0,0.0,0.0,0.0
1015,0.0,557.5335349917411,0.0,0.0,0.0,0.0,0.0,0.0,0.0,0.0,0.0,0.0,0.0,596.8508429288864,0.0,0.0,12973.496273845434,0.0,16.40320982299728,0.0,0.0,3923.1223575979466,0.0,0.0,0.0,0.0,0.0,0.0,0.0,15052.761449992657,0.0,0.0,0.0,0.0,0.0,0.0,0.0
1016,0.0,543.2047664165497,0.0,0.0,0.0,0.0,0.0,0.0,0.0,0.0,0.0,0.0,0.0,565.3286571621895,0.0,0.0,12760.745603412388,0.0,17.23657379336642,0.0,0.0,3654.612227126956,0.0,0.0,0.0,0.0,0.0,0.0,0.0,15211.04066106081,0.0,0.0,0.0,0.0,0.0,0.0,0.0
1017,0.0,530.6843693375588,0.0,0.0,0.0,0.0,0.0,0.0,0.0,0.0,0.0,0.0,0.0,525.1593091011047,0.0,0.0,12543.302040755749,0.0,24.43640254661431,0.0,0.0,3487.728844624757,0.0,0.0,0.0,0.0,0.0,0.0,0.0,15364.099634957314,0.0,0.0,0.0,0.0,0.0,0.0,0.0
1018,0.0,521.9466939926148,0.0,0.0,0.0,0.0,0.0,0.0,0.0,0.0,0.0,0.0,0.0,491.4228762626648,0.0,0.0,12439.41978022456,0.0,37.58692001253349,0.0,0.0,3412.3231291651723,0.0,0.0,0.0,0.0,0.0,0.0,0.0,15517.141251456738,0.0,0.0,0.0,0.0,0.0,0.0,0.0
1019,0.0,521.0250574707985,0.0,0.0,0.0,0.0,0.0,0.0,0.0,0.0,0.0,0.0,0.0,477.69788011312477,0.0,0.0,12320.684861958025,0.0,55.93123515397299,0.0,0.0,3357.622180643678,0.0,0.0,0.0,0.0,0.0,0.0,0.0,15709.451085948944,0.0,0.0,0.0,0.0,0.0,0.0,0.0
1020,0.0,521.9872628331184,0.0,0.0,0.0,0.0,0.0,0.0,0.0,0.0,0.0,0.0,0.0,475.21955716609955,0.0,0.0,12229.74169793725,0.0,78.4838273361324,0.0,0.0,3273.760411539674,0.0,0.0,0.0,0.0,0.0,0.0,0.0,15913.890848100185,0.0,0.0,0.0,0.0,0.0,0.0,0.0
1021,0.0,521.4464010715485,0.0,0.0,0.0,0.0,0.0,0.0,0.0,0.0,0.0,0.0,0.0,475.8925247192383,0.0,0.0,12170.889577955006,0.0,104.29783200174566,0.0,0.0,3167.1075645178557,0.0,0.0,0.0,0.0,0.0,0.0,0.0,16119.123264718055,0.0,0.0,0.0,0.0,0.0,0.0,0.0
1022,0.0,518.1786174416542,0.0,0.0,0.0,0.0,0.0,0.0,0.0,0.0,0.0,0.0,0.0,476.9069526910782,0.0,0.0,12121.294115930796,0.0,127.10666658878317,0.0,0.0,3049.434599465131,0.0,0.0,0.0,0.0,0.0,0.0,0.0,16324.947279286385,0.0,0.0,0.0,0.0,0.0,0.0,0.0
1023,0.0,498.2803025722504,0.0,0.0,0.0,0.0,0.0,0.0,0.0,0.0,0.0,0.0,0.0,483.7831925749778,0.0,0.0,11794.734780579804,0.0,155.68664272725582,0.0,0.0,3012.4934829086064,0.0,0.0,0.0,0.0,0.0,0.0,0.0,15961.584635925294,0.0,0.0,0.0,0.0,0.0,0.0,0.0
1024,0.0,476.9512487053871,0.0,0.0,0.0,0.0,0.0,0.0,0.0,0.0,0.0,0.0,0.0,481.98635575771334,0.0,0.0,11442.314365357159,0.0,171.81717584729182,0.0,0.0,2993.9713042527437,0.0,0.0,0.0,0.0,0.0,0.0,0.0,15489.33470133543,0.0,0.0,0.0,0.0,0.0,0.0,0.0
1025,0.0,457.70240001082414,0.0,0.0,0.0,0.0,0.0,0.0,0.0,0.0,0.0,0.0,0.0,453.73678295612336,0.0,0.0,11029.162495225668,0.0,149.628416904807,0.0,0.0,2848.021877110004,0.0,0.0,0.0,0.0,0.0,0.0,0.0,14795.271696567535,0.0,0.0,0.0,0.0,0.0,0.0,0.0
1026,0.0,445.47574827075005,0.0,0.0,0.0,0.0,0.0,0.0,0.0,0.0,0.0,0.0,0.0,425.3432910442352,0.0,0.0,10518.34821641445,0.0,125.32167691290373,0.0,0.0,2688.104974892735,0.0,0.0,0.0,0.0,0.0,0.0,0.0,13778.021190428733,0.0,0.0,0.0,0.0,0.0,0.0,0.0
1027,0.0,461.6772485911846,0.0,0.0,0.0,0.0,0.0,0.0,0.0,0.0,0.0,0.0,0.0,409.5468909025192,0.0,0.0,10361.825131177902,0.0,92.29246146529903,0.0,0.0,2621.2558290034526,0.0,0.0,0.0,0.0,0.0,0.0,0.0,13171.636184108258,0.0,0.0,0.0,0.0,0.0,0.0,0.0
1028,0.0,481.5008505821228,0.0,0.0,0.0,0.0,0.0,0.0,0.0,0.0,0.0,0.0,0.0,396.27364832162857,0.0,0.0,10226.874726206064,0.0,62.190933503210545,0.0,0.0,2485.212518839538,0.0,0.0,0.0,0.0,0.0,0.0,0.0,12552.658386206627,0.0,0.0,0.0,0.0,0.0,0.0,0.0
1029,0.0,502.6125272870064,0.0,0.0,0.0,0.0,0.0,0.0,0.0,0.0,0.0,0.0,0.0,383.23762568235395,0.0,0.0,10112.205736607313,0.0,33.138288351893344,0.0,0.0,2351.677414061129,0.0,0.0,0.0,0.0,0.0,0.0,0.0,12049.86883468032,0.0,0.0,0.0,0.0,0.0,0.0,0.0
1030,0.0,514.5352213382721,0.0,0.0,0.0,0.0,0.0,0.0,0.0,0.0,0.0,0.0,0.0,369.92871716618527,0.0,0.0,9906.704040586948,0.0,19.20129588916889,0.0,0.0,2277.955188980698,0.0,0.0,0.0,0.0,0.0,0.0,0.0,11535.157644259929,0.0,0.0,0.0,0.0,0.0,0.0,0.0
1031,0.0,510.99299483299257,0.0,0.0,0.0,0.0,0.0,0.0,0.0,0.0,0.0,0.0,0.0,354.61493922472,0.0,0.0,9547.397138565779,0.0,24.014012741297442,0.0,0.0,2307.9467797458174,0.0,0.0,0.0,0.0,0.0,0.0,0.0,10949.849580568076,0.0,0.0,0.0,0.0,0.0,0.0,0.0
1032,0.0,502.63205419778825,0.0,0.0,0.0,0.0,0.0,0.0,0.0,0.0,0.0,0.0,0.0,336.0063103497028,0.0,0.0,9326.44849181175,0.0,66.86449144035566,0.0,0.0,2444.45482468754,0.0,0.0,0.0,0.0,0.0,0.0,0.0,11112.878932636977,0.0,0.0,0.0,0.0,0.0,0.0,0.0
1033,0.0,488.5718367576599,0.0,0.0,0.0,0.0,0.0,0.0,0.0,0.0,0.0,0.0,0.0,314.53855573534963,0.0,0.0,9075.191680014132,0.0,128.80809718668442,0.0,0.0,2646.852875599265,0.0,0.0,0.0,0.0,0.0,0.0,0.0,11073.526097333432,0.0,0.0,0.0,0.0,0.0,0.0,0.0
1034,0.0,474.54595974683764,0.0,0.0,0.0,0.0,0.0,0.0,0.0,0.0,0.0,0.0,0.0,290.4236982703208,0.0,0.0,8854.811656534672,0.0,194.33391676843166,0.0,0.0,2917.879234564304,0.0,0.0,0.0,0.0,0.0,0.0,0.0,10950.21046978235,0.0,0.0,0.0,0.0,0.0,0.0,0.0
1035,0.0,468.10182668566705,0.0,0.0,0.0,0.0,0.0,0.0,0.0,0.0,0.0,0.0,0.0,265.24516201019276,0.0,0.0,8666.85949498415,0.0,241.80036388933658,0.0,0.0,3141.306761240959,0.0,0.0,0.0,0.0,0.0,0.0,0.0,10879.092151373623,0.0,0.0,0.0,0.0,0.0,0.0,0.0
1036,0.0,465.9408485591411,0.0,0.0,0.0,0.0,0.0,0.0,0.0,0.0,0.0,0.0,0.0,236.0026145994663,0.0,0.0,8517.428254336117,0.0,277.667527514696,0.0,0.0,3354.8361940473314,0.0,0.0,0.0,0.0,0.0,0.0,0.0,10756.017357707024,0.0,0.0,0.0,0.0,0.0,0.0,0.0
1037,0.0,464.01727951169016,0.0,0.0,0.0,0.0,0.0,0.0,0.0,0.0,0.0,0.0,0.0,195.35046499967572,0.0,0.0,8470.037277072668,0.0,294.6955870985985,0.0,0.0,3565.8999590814115,0.0,0.0,0.0,0.0,0.0,0.0,0.0,10477.092665338516,0.0,0.0,0.0,0.0,0.0,0.0,0.0
1038,0.0,441.97122890353205,0.0,0.0,0.0,0.0,0.0,0.0,0.0,0.0,0.0,0.0,0.0,154.0095212280749,0.0,0.0,8198.847535848618,0.0,294.95240010023116,0.0,0.0,4026.751855114102,0.0,0.0,0.0,0.0,0.0,0.0,0.0,9686.807483410834,0.0,0.0,0.0,0.0,0.0,0.0,0.0
1039,0.0,421.3062022268772,0.0,0.0,0.0,0.0,0.0,0.0,0.0,0.0,0.0,0.0,0.0,121.16076890826211,0.0,0.0,7958.870622962713,0.0,303.8857221722602,0.0,0.0,4463.431184765695,0.0,0.0,0.0,0.0,0.0,0.0,0.0,8964.94805366993,0.0,0.0,0.0,0.0,0.0,0.0,0.0
1040,0.0,400.50510440468787,0.0,0.0,0.0,0.0,0.0,0.0,0.0,0.0,0.0,0.0,0.0,97.79024449288839,0.0,0.0,7746.931271374226,0.0,318.0329943597316,0.0,0.0,4878.218932932616,0.0,0.0,0.0,0.0,0.0,0.0,0.0,8332.404726725816,0.0,0.0,0.0,0.0,0.0,0.0,0.0
1041,0.0,373.19032292962066,0.0,0.0,0.0,0.0,0.0,0.0,0.0,0.0,0.0,0.0,0.0,87.45503096729517,0.0,0.0,7560.334160089493,0.0,345.33292189836493,0.0,0.0,5249.008256614208,0.0,0.0,0.0,0.0,0.0,0.0,0.0,7806.942075264454,0.0,0.0,0.0,0.0,0.0,0.0,0.0
1042,0.0,354.0189365923405,0.0,0.0,0.0,0.0,0.0,0.0,0.0,0.0,0.0,0.0,0.0,69.92564410269249,0.0,0.0,7295.579740822315,0.0,361.1241055667399,0.0,0.0,5105.77548429966,0.0,0.0,0.0,0.0,0.0,0.0,0.0,7318.794211399555,0.0,0.0,0.0,0.0,0.0,0.0,0.0
1043,0.0,332.64922971725457,0.0,0.0,0.0,0.0,0.0,0.0,0.0,0.0,0.0,0.0,0.0,60.25781061649311,0.0,0.0,7060.339280903338,0.0,386.36700957417474,0.0,0.0,4940.382886192202,0.0,0.0,0.0,0.0,0.0,0.0,0.0,6868.651814889907,0.0,0.0,0.0,0.0,0.0,0.0,0.0
1044,0.0,314.1160591363907,0.0,0.0,0.0,0.0,0.0,0.0,0.0,0.0,0.0,0.0,0.0,59.147369319200465,0.0,0.0,6826.520768105982,0.0,424.68324857354145,0.0,0.0,4770.821601989865,0.0,0.0,0.0,0.0,0.0,0.0,0.0,6470.6785217523575,0.0,0.0,0.0,0.0,0.0,0.0,0.0
1045,0.0,300.20941972732544,0.0,0.0,0.0,0.0,0.0,0.0,0.0,0.0,0.0,0.0,0.0,62.60375936627381,0.0,0.0,6583.355364382265,0.0,460.9015885651111,0.0,0.0,4608.800828781723,0.0,0.0,0.0,0.0,0.0,0.0,0.0,6128.364615249634,0.0,0.0,0.0,0.0,0.0,0.0,0.0
1046,0.0,286.99441452026366,0.0,0.0,0.0,0.0,0.0,0.0,0.0,0.0,0.0,0.0,0.0,73.67965752482414,0.0,0.0,6352.069597661493,0.0,506.9463160634041,0.0,0.0,4465.128450670838,0.0,0.0,0.0,0.0,0.0,0.0,0.0,5828.570907405019,0.0,0.0,0.0,0.0,0.0,0.0,0.0
1047,0.0,240.80457319021218,0.0,0.0,0.0,0.0,0.0,0.0,0.0,0.0,0.0,0.0,0.0,111.36467480063423,0.0,0.0,6053.0017585754385,0.0,582.4009637951851,0.0,0.0,4436.1053853482,0.0,0.0,0.0,0.0,0.0,0.0,0.0,4989.980451017616,0.0,0.0,0.0,0.0,0.0,0.0,0.0
1048,0.0,204.7020506054163,0.0,0.0,0.0,0.0,0.0,0.0,0.0,0.0,0.0,0.0,0.0,159.13635931611054,0.0,0.0,5778.357883766292,0.0,671.0227911591529,0.0,0.0,4406.113491824269,0.0,0.0,0.0,0.0,0.0,0.0,0.0,4246.8397676199675,0.0,0.0,0.0,0.0,0.0,0.0,0.0
1049,0.0,172.70795077085495,0.0,0.0,0.0,0.0,0.0,0.0,0.0,0.0,0.0,0.0,0.0,197.29935840964308,0.0,0.0,5503.864137947558,0.0,757.4103691220283,0.0,0.0,4367.805419227481,0.0,0.0,0.0,0.0,0.0,0.0,0.0,3661.9077808648344,0.0,0.0,0.0,0.0,0.0,0.0,0.0
1050,0.0,144.80137203633777,0.0,0.0,0.0,0.0,0.0,0.0,0.0,0.0,0.0,0.0,0.0,246.7354158759117,0.0,0.0,5234.11695741117,0.0,839.9457520604134,0.0,0.0,4333.82316454947,0.0,0.0,0.0,0.0,0.0,0.0,0.0,3188.461993938683,0.0,0.0,0.0,0.0,0.0,0.0,0.0
1051,0.0,139.29540042579166,0.0,0.0,0.0,0.0,0.0,0.0,0.0,0.0,0.0,0.0,0.0,305.03700262308115,0.0,0.0,5195.7562778145075,0.0,896.0226968765257,0.0,0.0,4413.782372555137,0.0,0.0,0.0,0.0,0.0,0.0,0.0,3045.6464156061397,0.0,0.0,0.0,0.0,0.0,0.0,0.0
1052,0.0,133.77483974397174,0.0,0.0,0.0,0.0,0.0,0.0,0.0,0.0,0.0,0.0,0.0,363.8797655761242,0.0,0.0,5183.62927801907,0.0,947.3163513302802,0.0,0.0,4499.80190371871,0.0,0.0,0.0,0.0,0.0,0.0,0.0,2915.835505422949,0.0,0.0,0.0,0.0,0.0,0.0,0.0
1053,0.0,132.02403896749016,0.0,0.0,0.0,0.0,0.0,0.0,0.0,0.0,0.0,0.0,0.0,423.02664171457286,0.0,0.0,5189.477696746587,0.0,995.018892121315,0.0,0.0,4568.509080442786,0.0,0.0,0.0,0.0,0.0,0.0,0.0,2795.3258095934984,0.0,0.0,0.0,0.0,0.0,0.0,0.0
1054,0.0,130.1198565512895,0.0,0.0,0.0,0.0,0.0,0.0,0.0,0.0,0.0,0.0,0.0,477.930347585678,0.0,0.0,5189.0319769978505,0.0,1034.3495780467988,0.0,0.0,4636.868387290834,0.0,0.0,0.0,0.0,0.0,0.0,0.0,2710.0049818307148,0.0,0.0,0.0,0.0,0.0,0.0,0.0
1055,0.0,127.87840005755422,0.0,0.0,0.0,0.0,0.0,0.0,0.0,0.0,0.0,0.0,0.0,524.2498389601707,0.0,0.0,5155.888085350392,0.0,1064.85981631279,0.0,0.0,4713.708574005961,0.0,0.0,0.0,0.0,0.0,0.0,0.0,2684.340985411404,0.0,0.0,0.0,0.0,0.0,0.0,0.0
1056,0.0,117.20717477649443,0.0,0.0,0.0,0.0,0.0,0.0,0.0,0.0,0.0,0.0,0.0,564.6968477845192,0.0,0.0,5319.425228133796,0.0,1109.5937719106673,0.0,0.0,4944.080782333015,0.0,0.0,0.0,0.0,0.0,0.0,0.0,2937.4792755499466,0.0,0.0,0.0,0.0,0.0,0.0,0.0
1057,0.0,105.60658357143397,0.0,0.0,0.0,0.0,0.0,0.0,0.0,0.0,0.0,0.0,0.0,598.4527388453482,0.0,0.0,5536.523805260658,0.0,1146.390593266487,0.0,0.0,5206.087350744009,0.0,0.0,0.0,0.0,0.0,0.0,0.0,3231.754958379267,0.0,0.0,0.0,0.0,0.0,0.0,0.0
1058,0.0,93.42729020118713,0.0,0.0,0.0,0.0,0.0,0.0,0.0,0.0,0.0,0.0,0.0,629.6070566058157,0.0,0.0,5801.347454994917,0.0,1178.4219090938568,0.0,0.0,5309.6381309688095,0.0,0.0,0.0,0.0,0.0,0.0,0.0,3521.0582893639785,0.0,0.0,0.0,0.0,0.0,0.0,0.0
1059,0.0,81.9316000297665,0.0,0.0,0.0,0.0,0.0,0.0,0.0,0.0,0.0,0.0,0.0,662.7164773702622,0.0,0.0,6052.765674903987,0.0,1205.5670196533204,0.0,0.0,5377.992593675852,0.0,0.0,0.0,0.0,0.0,0.0,0.0,3770.303279176354,0.0,0.0,0.0,0.0,0.0,0.0,0.0
1060,0.0,70.78285620957608,0.0,0.0,0.0,0.0,0.0,0.0,0.0,0.0,0.0,0.0,0.0,696.0668393492698,0.0,0.0,6287.959462597964,0.0,1228.6237525939941,0.0,0.0,5445.08213006258,0.0,0.0,0.0,0.0,0.0,0.0,0.0,3956.120723935962,0.0,0.0,0.0,0.0,0.0,0.0,0.0
1061,0.0,59.97153376042839,0.0,0.0,0.0,0.0,0.0,0.0,0.0,0.0,0.0,0.0,0.0,728.9354534029959,0.0,0.0,6525.487250477074,0.0,1246.1620887041092,0.0,0.0,5359.636932367086,0.0,0.0,0.0,0.0,0.0,0.0,0.0,4126.492254969477,0.0,0.0,0.0,0.0,0.0,0.0,0.0
1062,0.0,66.89129860103122,0.0,0.0,0.0,0.0,0.0,0.0,0.0,0.0,0.0,0.0,0.0,758.9132660627365,0.0,0.0,6395.326193660498,0.0,1249.8263573169709,0.0,0.0,5019.420496371388,0.0,0.0,0.0,0.0,0.0,0.0,0.0,4121.836133202909,0.0,0.0,0.0,0.0,0.0,0.0,0.0
1063,0.0,76.71795693486925,0.0,0.0,0.0,0.0,0.0,0.0,0.0,0.0,0.0,0.0,0.0,788.6310827970505,0.0,0.0,6282.501923754811,0.0,1256.6558521032334,0.0,0.0,4800.622757461666,0.0,0.0,0.0,0.0,0.0,0.0,0.0,4129.500870463251,0.0,0.0,0.0,0.0,0.0,0.0,0.0
1064,0.0,85.31653109639883,0.0,0.0,0.0,0.0,0.0,0.0,0.0,0.0,0.0,0.0,0.0,816.8155557394027,0.0,0.0,6192.68744970858,0.0,1260.0044991970062,0.0,0.0,4614.174797710775,0.0,0.0,0.0,0.0,0.0,0.0,0.0,4140.159758719802,0.0,0.0,0.0,0.0,0.0,0.0,0.0
1065,0.0,92.05432532876725,0.0,0.0,0.0,0.0,0.0,0.0,0.0,0.0,0.0,0.0,0.0,838.4826898813247,0.0,0.0,6128.069365262983,0.0,1250.4823805570602,0.0,0.0,4400.693503555654,0.0,0.0,0.0,0.0,0.0,0.0,0.0,4070.811533200739,0.0,0.0,0.0,0.0,0.0,0.0,0.0
1066,0.0,92.62707262784237,0.0,0.0,0.0,0.0,0.0,0.0,0.0,0.0,0.0,0.0,0.0,843.1981255531311,0.0,0.0,6259.742602169514,0.0,1223.6093779563903,0.0,0.0,4346.8569314450015,0.0,0.0,0.0,0.0,0.0,0.0,0.0,3938.225247547029,0.0,0.0,0.0,0.0,0.0,0.0,0.0
1067,0.0,93.13536849617955,0.0,0.0,0.0,0.0,0.0,0.0,0.0,0.0,0.0,0.0,0.0,846.461099076271,0.0,0.0,6400.447303548453,0.0,1193.7710507154466,0.0,0.0,4292.93498134911,0.0,0.0,0.0,0.0,0.0,0.0,0.0,3808.5524733155953,0.0,0.0,0.0,0.0,0.0,0.0,0.0
1068,0.0,93.81382343620056,0.0,0.0,0.0,0.0,0.0,0.0,0.0,0.0,0.0,0.0,0.0,845.7449109554291,0.0,0.0,6535.2534135580045,0.0,1164.3057307243348,0.0,0.0,4236.924600961805,0.0,0.0,0.0,0.0,0.0,0.0,0.0,3687.07239050567,0.0,0.0,0.0,0.0,0.0,0.0,0.0
1069,0.0,94.74556008428331,0.0,0.0,0.0,0.0,0.0,0.0,0.0,0.0,0.0,0.0,0.0,845.7652658700943,0.0,0.0,6649.02318495512,0.0,1138.9597339630127,0.0,0.0,4176.624430954455,0.0,0.0,0.0,0.0,0.0,0.0,0.0,3569.2800313502535,0.0,0.0,0.0,0.0,0.0,0.0,0.0
1070,0.0,95.80605931431052,0.0,0.0,0.0,0.0,0.0,0.0,0.0,0.0,0.0,0.0,0.0,848.9184842586517,0.0,0.0,6736.945100277662,0.0,1117.4894082069397,0.0,0.0,4110.949383741618,0.0,0.0,0.0,0.0,0.0,0.0,0.0,3452.95147934854,0.0,0.0,0.0,0.0,0.0,0.0,0.0
1071,0.0,81.11249381750814,0.0,0.0,0.0,0.0,0.0,0.0,0.0,0.0,0.0,0.0,0.0,865.2450088739395,0.0,0.0,6530.6499764323235,0.0,1117.103714442253,0.0,0.0,4097.26256608665,0.0,0.0,0.0,0.0,0.0,0.0,0.0,2932.038454790412,0.0,0.0,0.0,0.0,0.0,0.0,0.0
1072,0.0,67.6500916287303,0.0,0.0,0.0,0.0,0.0,0.0,0.0,0.0,0.0,0.0,0.0,879.1461602210999,0.0,0.0,6301.611088410019,0.0,1118.7377849817276,0.0,0.0,4095.4405635505914,0.0,0.0,0.0,0.0,0.0,0.0,0.0,2472.9976801842445,0.0,0.0,0.0,0.0,0.0,0.0,0.0
1073,0.0,55.71931046247476,0.0,0.0,0.0,0.0,0.0,0.0,0.0,0.0,0.0,0.0,0.0,889.2858668088913,0.0,0.0,6180.684520244597,0.0,1111.0485713243484,0.0,0.0,4072.900169929862,0.0,0.0,0.0,0.0,0.0,0.0,0.0,2081.0273343428958,0.0,0.0,0.0,0.0,0.0,0.0,0.0
1074,0.0,45.214807404577726,0.0,0.0,0.0,0.0,0.0,0.0,0.0,0.0,0.0,0.0,0.0,903.2348118543625,0.0,0.0,6060.858249783514,0.0,1119.253545165062,0.0,0.0,4072.023077648878,0.0,0.0,0.0,0.0,0.0,0.0,0.0,1853.145684210955,0.0,0.0,0.0,0.0,0.0,0.0,0.0
1075,0.0,46.38417056500907,0.0,0.0,0.0,0.0,0.0,0.0,0.0,0.0,0.0,0.0,0.0,927.8085740089416,0.0,0.0,6217.851168751715,0.0,1124.169391822815,0.0,0.0,4073.590460023284,0.0,0.0,0.0,0.0,0.0,0.0,0.0,1916.5667202398174,0.0,0.0,0.0,0.0,0.0,0.0,0.0
1076,0.0,51.58664039522404,0.0,0.0,0.0,0.0,0.0,0.0,0.0,0.0,0.0,0.0,0.0,945.8078780651092,0.0,0.0,6312.772751018403,0.0,1136.3348110437394,0.0,0.0,4093.8389694303273,0.0,0.0,0.0,0.0,0.0,0.0,0.0,1996.4917479917406,0.0,0.0,0.0,0.0,0.0,0.0,0.0
1077,0.0,57.221332503855216,0.0,0.0,0.0,0.0,0.0,0.0,0.0,0.0,0.0,0.0,0.0,962.4630403995513,0.0,0.0,6385.385787606238,0.0,1159.08647480011,0.0,0.0,4120.0463777929535,0.0,0.0,0.0,0.0,0.0,0.0,0.0,2070.493744796513,0.0,0.0,0.0,0.0,0.0,0.0,0.0
1078,0.0,61.97411525398488,0.0,0.0,0.0,0.0,0.0,0.0,0.0,0.0,0.0,0.0,0.0,972.9622309207916,0.0,0.0,6419.9181779474,0.0,1171.3199506521225,0.0,0.0,4130.79128806293,0.0,0.0,0.0,0.0,0.0,0.0,0.0,2155.1553530827146,0.0,0.0,0.0,0.0,0.0,0.0,0.0
1079,0.0,65.38139284998178,0.0,0.0,0.0,0.0,0.0,0.0,0.0,0.0,0.0,0.0,0.0,974.4650871753693,0.0,0.0,6413.066306382416,0.0,1155.258585715294,0.0,0.0,4121.94528106749,0.0,0.0,0.0,0.0,0.0,0.0,0.0,2261.7346529185756,0.0,0.0,0.0,0.0,0.0,0.0,0.0
1080,0.0,73.6604873925447,0.0,0.0,0.0,0.0,0.0,0.0,0.0,0.0,0.0,0.0,0.0,964.7344516038895,0.0,0.0,6656.597309201956,0.0,1130.4687799930573,0.0,0.0,3896.762358793616,0.0,0.0,0.0,0.0,0.0,0.0,0.0,2709.650963252781,0.0,0.0,0.0,0.0,0.0,0.0,0.0
1081,0.0,79.7550789311528,0.0,0.0,0.0,0.0,0.0,0.0,0.0,0.0,0.0,0.0,0.0,949.4870961427689,0.0,0.0,6940.534012943504,0.0,1075.3689932346344,0.0,0.0,2538.658834840357,0.0,0.0,0.0,0.0,0.0,0.0,0.0,3138.542843163012,0.0,0.0,0.0,0.0,0.0,0.0,0.0
1082,0.0,84.63270345032215,0.0,0.0,0.0,0.0,0.0,0.0,0.0,0.0,0.0,0.0,0.0,933.4773729085922,0.0,0.0,7332.973527491093,0.0,1008.0741458654404,0.0,0.0,1860.5170901656152,0.0,0.0,0.0,0.0,0.0,0.0,0.0,3531.519014003873,0.0,0.0,0.0,0.0,0.0,0.0,0.0
1083,0.0,88.46053206771612,0.0,0.0,0.0,0.0,0.0,0.0,0.0,0.0,0.0,0.0,0.0,921.6613897800446,0.0,0.0,7729.489083021877,0.0,944.927077460289,0.0,0.0,1637.263952565193,0.0,0.0,0.0,0.0,0.0,0.0,0.0,3882.9495317101478,0.0,0.0,0.0,0.0,0.0,0.0,0.0
1084,0.0,93.07044011503459,0.0,0.0,0.0,0.0,0.0,0.0,0.0,0.0,0.0,0.0,0.0,912.2186820983886,0.0,0.0,8129.533836632965,0.0,885.9038970589638,0.0,0.0,1563.509483671188,0.0,0.0,0.0,0.0,0.0,0.0,0.0,4157.022108370065,0.0,0.0,0.0,0.0,0.0,0.0,0.0
1085,0.0,100.68335417658085,0.0,0.0,0.0,0.0,0.0,0.0,0.0,0.0,0.0,0.0,0.0,904.325099992752,0.0,0.0,8496.271734744309,0.0,828.8274445772171,0.0,0.0,1388.182157877087,0.0,0.0,0.0,0.0,0.0,0.0,0.0,4402.164966672658,0.0,0.0,0.0,0.0,0.0,0.0,0.0
1086,0.0,105.70961187332863,0.0,0.0,0.0,0.0,0.0,0.0,0.0,0.0,0.0,0.0,0.0,895.4755542516708,0.0,0.0,8464.062454402445,0.0,764.6634986519813,0.0,0.0,857.6035448178641,0.0,0.0,0.0,0.0,0.0,0.0,0.0,4494.214859509467,0.0,0.0,0.0,0.0,0.0,0.0,0.0
1087,0.0,119.21389451622956,0.0,0.0,0.0,0.0,0.0,0.0,0.0,0.0,0.0,0.0,0.0,888.2090290546417,0.0,0.0,8427.509545654057,0.0,709.8338042378424,0.0,0.0,545.858131294325,0.0,0.0,0.0,0.0,0.0,0.0,0.0,4591.079983586072,0.0,0.0,0.0,0.0,0.0,0.0,0.0
1088,0.0,142.7907314836979,0.0,0.0,0.0,0.0,0.0,0.0,0.0,0.0,0.0,0.0,0.0,881.1644351959228,0.0,0.0,8373.225080758331,0.0,657.1313538074493,0.0,0.0,372.5127782240501,0.0,0.0,0.0,0.0,0.0,0.0,0.0,4684.535825586319,0.0,0.0,0.0,0.0,0.0,0.0,0.0
1089,0.0,161.09994579255581,0.0,0.0,0.0,0.0,0.0,0.0,0.0,0.0,0.0,0.0,0.0,869.2746542930603,0.0,0.0,8299.902237415314,0.0,596.6561602830886,0.0,0.0,291.5689985588184,0.0,0.0,0.0,0.0,0.0,0.0,0.0,4674.838464805482,0.0,0.0,0.0,0.0,0.0,0.0,0.0
1090,0.0,155.92183550298213,0.0,0.0,0.0,0.0,0.0,0.0,0.0,0.0,0.0,0.0,0.0,842.0257900714874,0.0,0.0,8107.315523922443,0.0,523.4642769694327,0.0,0.0,290.6952366247773,0.0,0.0,0.0,0.0,0.0,0.0,0.0,4488.695930463075,0.0,0.0,0.0,0.0,0.0,0.0,0.0
1091,0.0,150.46698175370685,0.0,0.0,0.0,0.0,0.0,0.0,0.0,0.0,0.0,0.0,0.0,814.841846370697,0.0,0.0,7879.058784604073,0.0,451.5197626233101,0.0,0.0,296.3125857945532,0.0,0.0,0.0,0.0,0.0,0.0,0.0,4306.552106472848,0.0,0.0,0.0,0.0,0.0,0.0,0.0
1092,0.0,144.86526936292643,0.0,0.0,0.0,0.0,0.0,0.0,0.0,0.0,0.0,0.0,0.0,785.123581290245,0.0,0.0,7661.510209441183,0.0,384.39262623786914,0.0,0.0,297.4259813290085,0.0,0.0,0.0,0.0,0.0,0.0,0.0,4129.1002038806655,0.0,0.0,0.0,0.0,0.0,0.0,0.0
1093,0.0,139.69912491738793,0.0,0.0,0.0,0.0,0.0,0.0,0.0,0.0,0.0,0.0,0.0,757.5185508966446,0.0,0.0,7483.6050221919995,0.0,325.5136511981487,0.0,0.0,291.63636239469,0.0,0.0,0.0,0.0,0.0,0.0,0.0,3959.4182677686194,0.0,0.0,0.0,0.0,0.0,0.0,0.0
1094,0.0,135.75553061664104,0.0,0.0,0.0,0.0,0.0,0.0,0.0,0.0,0.0,0.0,0.0,734.3577067613601,0.0,0.0,7348.175449043512,0.0,275.0459837138651,0.0,0.0,285.0493902817363,0.0,0.0,0.0,0.0,0.0,0.0,0.0,3796.493421694636,0.0,0.0,0.0,0.0,0.0,0.0,0.0
1095,0.0,126.4965905606746,0.0,0.0,0.0,0.0,0.0,0.0,0.0,0.0,0.0,0.0,0.0,725.6189921855926,0.0,0.0,6860.102211862801,0.0,246.86355789601782,0.0,0.0,305.0776804972433,0.0,0.0,0.0,0.0,0.0,0.0,0.0,3209.8376284420474,0.0,0.0,0.0,0.0,0.0,0.0,0.0
1096,0.0,118.07451610565178,0.0,0.0,0.0,0.0,0.0,0.0,0.0,0.0,0.0,0.0,0.0,715.6445459842682,0.0,0.0,6412.860559657215,0.0,223.80301603674886,0.0,0.0,310.5385412055996,0.0,0.0,0.0,0.0,0.0,0.0,0.0,2703.4532876580947,0.0,0.0,0.0,0.0,0.0,0.0,0.0
1097,0.0,110.72994275987143,0.0,0.0,0.0,0.0,0.0,0.0,0.0,0.0,0.0,0.0,0.0,703.041849887371,0.0,0.0,5992.953662827611,0.0,195.9124393433331,0.0,0.0,322.22726422995254,0.0,0.0,0.0,0.0,0.0,0.0,0.0,2291.657359033821,0.0,0.0,0.0,0.0,0.0,0.0,0.0
1098,0.0,106.52208286374805,0.0,0.0,0.0,0.0,0.0,0.0,0.0,0.0,0.0,0.0,0.0,695.3280545830727,0.0,0.0,5594.035654515026,0.0,184.21717702746386,0.0,0.0,317.8006654713294,0.0,0.0,0.0,0.0,0.0,0.0,0.0,2001.6358657449464,0.0,0.0,0.0,0.0,0.0,0.0,0.0
1099,0.0,119.67242622077458,0.0,0.0,0.0,0.0,0.0,0.0,0.0,0.0,0.0,0.0,0.0,699.2671789169311,0.0,0.0,5569.913503959774,0.0,171.01436844468097,0.0,0.0,383.05953285098036,0.0,0.0,0.0,0.0,0.0,0.0,0.0,2148.885897418856,0.0,0.0,0.0,0.0,0.0,0.0,0.0
1100,0.0,135.15620034635063,0.0,0.0,0.0,0.0,0.0,0.0,0.0,0.0,0.0,0.0,0.0,697.6112572908401,0.0,0.0,5550.203434407711,0.0,166.0385276138781,0.0,0.0,426.9890797063702,0.0,0.0,0.0,0.0,0.0,0.0,0.0,2300.8556946486215,0.0,0.0,0.0,0.0,0.0,0.0,0.0
1101,0.0,151.60058064758778,0.0,0.0,0.0,0.0,0.0,0.0,0.0,0.0,0.0,0.0,0.0,695.5441125869751,0.0,0.0,5539.082609996199,0.0,172.0355143249034,0.0,0.0,465.54091099239844,0.0,0.0,0.0,0.0,0.0,0.0,0.0,2433.845539784431,0.0,0.0,0.0,0.0,0.0,0.0,0.0
1102,0.0,167.86046530902385,0.0,0.0,0.0,0.0,0.0,0.0,0.0,0.0,0.0,0.0,0.0,690.9446640610695,0.0,0.0,5575.941610753534,0.0,191.30213613212092,0.0,0.0,523.8284161012617,0.0,0.0,0.0,0.0,0.0,0.0,0.0,2560.5643020004018,0.0,0.0,0.0,0.0,0.0,0.0,0.0
1103,0.0,182.74959450066083,0.0,0.0,0.0,0.0,0.0,0.0,0.0,0.0,0.0,0.0,0.0,685.2484263777733,0.0,0.0,5666.757592961192,0.0,226.81748610138885,0.0,0.0,624.7969285659484,0.0,0.0,0.0,0.0,0.0,0.0,0.0,2681.2575161427244,0.0,0.0,0.0,0.0,0.0,0.0,0.0
1104,0.0,213.96989841163156,0.0,0.0,0.0,0.0,0.0,0.0,0.0,0.0,0.0,0.0,0.0,682.7399297356604,0.0,0.0,6080.008252635597,0.0,298.60664992332454,0.0,0.0,953.0781580187379,0.0,0.0,0.0,0.0,0.0,0.0,0.0,3138.9753316402434,0.0,0.0,0.0,0.0,0.0,0.0,0.0
1105,0.0,238.09027647972107,0.0,0.0,0.0,0.0,0.0,0.0,0.0,0.0,0.0,0.0,0.0,683.2279545068741,0.0,0.0,6607.827945560215,0.0,375.0974420785903,0.0,0.0,1214.6171154431993,0.0,0.0,0.0,0.0,0.0,0.0,0.0,3541.304969832301,0.0,0.0,0.0,0.0,0.0,0.0,0.0
1106,0.0,252.34133019447327,0.0,0.0,0.0,0.0,0.0,0.0,0.0,0.0,0.0,0.0,0.0,688.0336422562599,0.0,0.0,7265.149450123308,0.0,447.23000140190123,0.0,0.0,1436.2160545796146,0.0,0.0,0.0,0.0,0.0,0.0,0.0,3856.9141593158233,0.0,0.0,0.0,0.0,0.0,0.0,0.0
1107,0.0,260.654884403944,0.0,0.0,0.0,0.0,0.0,0.0,0.0,0.0,0.0,0.0,0.0,698.5657413840294,0.0,0.0,7966.074480891228,0.0,509.1533546686172,0.0,0.0,1719.7970646187664,0.0,0.0,0.0,0.0,0.0,0.0,0.0,4092.0681972116226,0.0,0.0,0.0,0.0,0.0,0.0,0.0
1108,0.0,261.84072339534754,0.0,0.0,0.0,0.0,0.0,0.0,0.0,0.0,0.0,0.0,0.0,707.0374210000039,0.0,0.0,8688.64764535427,0.0,558.0267303586006,0.0,0.0,2040.2194321855898,0.0,0.0,0.0,0.0,0.0,0.0,0.0,4207.1506327480065,0.0,0.0,0.0,0.0,0.0,0.0,0.0
1109,0.0,257.240480607748,0.0,0.0,0.0,0.0,0.0,0.0,0.0,0.0,0.0,0.0,0.0,700.4852905392647,0.0,0.0,9356.26426488161,0.0,578.9386716127394,0.0,0.0,2463.1495758667584,0.0,0.0,0.0,0.0,0.0,0.0,0.0,4265.715575331448,0.0,0.0,0.0,0.0,0.0,0.0,0.0
1110,0.0,246.83145881295204,0.0,0.0,0.0,0.0,0.0,0.0,0.0,0.0,0.0,0.0,0.0,692.8964941382408,0.0,0.0,9268.258339554071,0.0,581.6522815704345,0.0,0.0,2622.2334372103214,0.0,0.0,0.0,0.0,0.0,0.0,0.0,4125.043635538221,0.0,0.0,0.0,0.0,0.0,0.0,0.0
1111,0.0,235.5357581555843,0.0,0.0,0.0,0.0,0.0,0.0,0.0,0.0,0.0,0.0,0.0,684.8999269247054,0.0,0.0,9213.083213031292,0.0,578.5089307427405,0.0,0.0,2752.5865468651054,0.0,0.0,0.0,0.0,0.0,0.0,0.0,3951.8761171251535,0.0,0.0,0.0,0.0,0.0,0.0,0.0
1112,0.0,223.11734429597848,0.0,0.0,0.0,0.0,0.0,0.0,0.0,0.0,0.0,0.0,0.0,673.904327559471,0.0,0.0,9156.88285329938,0.0,568.8726334691047,0.0,0.0,2841.359669432044,0.0,0.0,0.0,0.0,0.0,0.0,0.0,3805.5250539749845,0.0,0.0,0.0,0.0,0.0,0.0,0.0
1113,0.0,210.57590528726573,0.0,0.0,0.0,0.0,0.0,0.0,0.0,0.0,0.0,0.0,0.0,663.9297916889191,0.0,0.0,9075.141896307468,0.0,554.8247488617897,0.0,0.0,2891.5337681829924,0.0,0.0,0.0,0.0,0.0,0.0,0.0,3767.8088765710577,0.0,0.0,0.0,0.0,0.0,0.0,0.0
1114,0.0,184.38418771326536,0.0,0.0,0.0,0.0,0.0,0.0,0.0,0.0,0.0,0.0,0.0,632.0801339030264,0.0,0.0,8995.675432413815,0.0,518.3519671797751,0.0,0.0,2888.553713187575,0.0,0.0,0.0,0.0,0.0,0.0,0.0,3617.2667252510782,0.0,0.0,0.0,0.0,0.0,0.0,0.0
1115,0.0,162.2864721536636,0.0,0.0,0.0,0.0,0.0,0.0,0.0,0.0,0.0,0.0,0.0,596.3959061026572,0.0,0.0,8908.802086412905,0.0,477.5750185608864,0.0,0.0,2891.757506945729,0.0,0.0,0.0,0.0,0.0,0.0,0.0,3530.0436352521183,0.0,0.0,0.0,0.0,0.0,0.0,0.0
1116,0.0,145.61911753714082,0.0,0.0,0.0,0.0,0.0,0.0,0.0,0.0,0.0,0.0,0.0,563.6530531406403,0.0,0.0,8851.784184873104,0.0,438.63714033365244,0.0,0.0,2924.8151362091303,0.0,0.0,0.0,0.0,0.0,0.0,0.0,3496.762634414434,0.0,0.0,0.0,0.0,0.0,0.0,0.0
1117,0.0,132.5628386199474,0.0,0.0,0.0,0.0,0.0,0.0,0.0,0.0,0.0,0.0,0.0,534.2702406406403,0.0,0.0,8841.171698778866,0.0,401.5748803317546,0.0,0.0,2963.4392890065906,0.0,0.0,0.0,0.0,0.0,0.0,0.0,3552.8165402203786,0.0,0.0,0.0,0.0,0.0,0.0,0.0
1118,0.0,123.53611730039114,0.0,0.0,0.0,0.0,0.0,0.0,0.0,0.0,0.0,0.0,0.0,503.85233141183846,0.0,0.0,8867.669854521751,0.0,370.1496420025825,0.0,0.0,3002.375283381343,0.0,0.0,0.0,0.0,0.0,0.0,0.0,3687.797423446177,0.0,0.0,0.0,0.0,0.0,0.0,0.0
1119,0.0,105.3272659823298,0.0,0.0,0.0,0.0,0.0,0.0,0.0,0.0,0.0,0.0,0.0,483.9800613641738,0.0,0.0,8515.84139868617,0.0,360.8361394643783,0.0,0.0,3065.2809957325458,0.0,0.0,0.0,0.0,0.0,0.0,0.0,3772.818293690681,0.0,0.0,0.0,0.0,0.0,0.0,0.0
1120,0.0,91.73852103352542,0.0,0.0,0.0,0.0,0.0,0.0,0.0,0.0,0.0,0.0,0.0,457.3222966909408,0.0,0.0,8217.115044713019,0.0,354.3861137509346,0.0,0.0,3125.517889147997,0.0,0.0,0.0,0.0,0.0,0.0,0.0,4022.4274272292837,0.0,0.0,0.0,0.0,0.0,0.0,0.0
1121,0.0,84.19074577242132,0.0,0.0,0.0,0.0,0.0,0.0,0.0,0.0,0.0,0.0,0.0,416.24800678491584,0.0,0.0,7946.912421047686,0.0,335.2215027868748,0.0,0.0,3147.2989636659618,0.0,0.0,0.0,0.0,0.0,0.0,0.0,4242.9072323441505,0.0,0.0,0.0,0.0,0.0,0.0,0.0
1122,0.0,78.19989796131841,0.0,0.0,0.0,0.0,0.0,0.0,0.0,0.0,0.0,0.0,0.0,383.31644493341446,0.0,0.0,7661.647114634514,0.0,344.4197596013546,0.0,0.0,3190.5943821877236,0.0,0.0,0.0,0.0,0.0,0.0,0.0,4508.565810769795,0.0,0.0,0.0,0.0,0.0,0.0,0.0
1123,0.0,88.89840059727425,0.0,0.0,0.0,0.0,0.0,0.0,0.0,0.0,0.0,0.0,0.0,366.37109056115145,0.0,0.0,7802.251859664915,0.0,357.80284711718554,0.0,0.0,3258.885265544057,0.0,0.0,0.0,0.0,0.0,0.0,0.0,5248.634958109259,0.0,0.0,0.0,0.0,0.0,0.0,0.0
1124,0.0,104.09324097186321,0.0,0.0,0.0,0.0,0.0,0.0,0.0,0.0,0.0,0.0,0.0,353.51359935402866,0.0,0.0,7983.772588610647,0.0,385.4863045990466,0.0,0.0,3340.5926029354328,0.0,0.0,0.0,0.0,0.0,0.0,0.0,5956.243241623043,0.0,0.0,0.0,0.0,0.0,0.0,0.0
1125,0.0,120.71711594760419,0.0,0.0,0.0,0.0,0.0,0.0,0.0,0.0,0.0,0.0,0.0,343.17404247522353,0.0,0.0,8172.091127127407,0.0,414.8325254857538,0.0,0.0,3417.297153702378,0.0,0.0,0.0,0.0,0.0,0.0,0.0,6439.6695318698885,0.0,0.0,0.0,0.0,0.0,0.0,0.0
1126,0.0,134.35865509808062,0.0,0.0,0.0,0.0,0.0,0.0,0.0,0.0,0.0,0.0,0.0,337.82610248923294,0.0,0.0,8305.971182405949,0.0,446.81460696458817,0.0,0.0,3493.021976950765,0.0,0.0,0.0,0.0,0.0,0.0,0.0,6626.670895755291,0.0,0.0,0.0,0.0,0.0,0.0,0.0
1127,0.0,140.81405260562894,0.0,0.0,0.0,0.0,0.0,0.0,0.0,0.0,0.0,0.0,0.0,340.23907898664476,0.0,0.0,8328.315510123966,0.0,479.6008889913559,0.0,0.0,3548.037491878867,0.0,0.0,0.0,0.0,0.0,0.0,0.0,6491.824893969297,0.0,0.0,0.0,0.0,0.0,0.0,0.0
1128,0.0,156.5410574108362,0.0,0.0,0.0,0.0,0.0,0.0,0.0,0.0,0.0,0.0,0.0,346.9552817165851,0.0,0.0,8424.955797076223,0.0,540.4195669412612,0.0,0.0,3718.729883006215,0.0,0.0,0.0,0.0,0.0,0.0,0.0,6723.847729754448,0.0,0.0,0.0,0.0,0.0,0.0,0.0
1129,0.0,168.2202261954546,0.0,0.0,0.0,0.0,0.0,0.0,0.0,0.0,0.0,0.0,0.0,361.22871727943414,0.0,0.0,8399.368527591228,0.0,598.9777332186698,0.0,0.0,3828.293756014108,0.0,0.0,0.0,0.0,0.0,0.0,0.0,6850.915447974205,0.0,0.0,0.0,0.0,0.0,0.0,0.0
1130,0.0,180.6040050387382,0.0,0.0,0.0,0.0,0.0,0.0,0.0,0.0,0.0,0.0,0.0,380.9077949762344,0.0,0.0,8367.69519996643,0.0,653.783003127575,0.0,0.0,3925.139639568328,0.0,0.0,0.0,0.0,0.0,0.0,0.0,6972.926377844809,0.0,0.0,0.0,0.0,0.0,0.0,0.0
1131,0.0,197.32364183664322,0.0,0.0,0.0,0.0,0.0,0.0,0.0,0.0,0.0,0.0,0.0,401.3204117894172,0.0,0.0,8388.848608076572,0.0,704.3661534667015,0.0,0.0,4018.6061292529107,0.0,0.0,0.0,0.0,0.0,0.0,0.0,7131.170150893926,0.0,0.0,0.0,0.0,0.0,0.0,0.0
1132,0.0,217.82999833524218,0.0,0.0,0.0,0.0,0.0,0.0,0.0,0.0,0.0,0.0,0.0,427.37228149175644,0.0,0.0,8504.730297654865,0.0,744.2734829902649,0.0,0.0,4109.795569905638,0.0,0.0,0.0,0.0,0.0,0.0,0.0,7381.182482302189,0.0,0.0,0.0,0.0,0.0,0.0,0.0
1133,0.0,239.11254953742022,0.0,0.0,0.0,0.0,0.0,0.0,0.0,0.0,0.0,0.0,0.0,448.48534947633743,0.0,0.0,8811.579174518583,0.0,737.550637924671,0.0,0.0,4266.612524637579,0.0,0.0,0.0,0.0,0.0,0.0,0.0,7713.896301770209,0.0,0.0,0.0,0.0,0.0,0.0,0.0
1134,0.0,238.3738375246525,0.0,0.0,0.0,0.0,0.0,0.0,0.0,0.0,0.0,0.0,0.0,473.4203889489174,0.0,0.0,8709.613586694002,0.0,728.9776365876197,0.0,0.0,4558.205289763211,0.0,0.0,0.0,0.0,0.0,0.0,0.0,7850.235762929917,0.0,0.0,0.0,0.0,0.0,0.0,0.0
1135,0.0,237.84279533028604,0.0,0.0,0.0,0.0,0.0,0.0,0.0,0.0,0.0,0.0,0.0,503.53449883460996,0.0,0.0,8607.669001370668,0.0,728.5768257141112,0.0,0.0,4837.678619608282,0.0,0.0,0.0,0.0,0.0,0.0,0.0,8027.396929121017,0.0,0.0,0.0,0.0,0.0,0.0,0.0
1136,0.0,237.109189492464,0.0,0.0,0.0,0.0,0.0,0.0,0.0,0.0,0.0,0.0,0.0,530.9627911806107,0.0,0.0,8531.772962689398,0.0,736.8737471461295,0.0,0.0,5072.909198606013,0.0,0.0,0.0,0.0,0.0,0.0,0.0,8250.283265018463,0.0,0.0,0.0,0.0,0.0,0.0,0.0
1137,0.0,240.09871464371682,0.0,0.0,0.0,0.0,0.0,0.0,0.0,0.0,0.0,0.0,0.0,548.8248116493224,0.0,0.0,8502.1376555562,0.0,748.5403017759322,0.0,0.0,5273.143583661318,0.0,0.0,0.0,0.0,0.0,0.0,0.0,8402.2140081048,0.0,0.0,0.0,0.0,0.0,0.0,0.0
1138,0.0,243.43806889057154,0.0,0.0,0.0,0.0,0.0,0.0,0.0,0.0,0.0,0.0,0.0,544.7984839916228,0.0,0.0,8415.921610057352,0.0,751.3118902921676,0.0,0.0,5143.556756561995,0.0,0.0,0.0,0.0,0.0,0.0,0.0,8306.248575776815,0.0,0.0,0.0,0.0,0.0,0.0,0.0
1139,0.0,245.64267395138734,0.0,0.0,0.0,0.0,0.0,0.0,0.0,0.0,0.0,0.0,0.0,542.3204748868941,0.0,0.0,8324.540504992006,0.0,756.4571613073348,0.0,0.0,5022.159858110547,0.0,0.0,0.0,0.0,0.0,0.0,0.0,8229.984512358904,0.0,0.0,0.0,0.0,0.0,0.0,0.0
1140,0.0,254.8342096924781,0.0,0.0,0.0,0.0,0.0,0.0,0.0,0.0,0.0,0.0,0.0,538.883094716072,0.0,0.0,8242.29626584053,0.0,759.1519193410874,0.0,0.0,4905.001280280948,0.0,0.0,0.0,0.0,0.0,0.0,0.0,8167.978827416896,0.0,0.0,0.0,0.0,0.0,0.0,0.0
1141,0.0,267.9456886053085,0.0,0.0,0.0,0.0,0.0,0.0,0.0,0.0,0.0,0.0,0.0,532.2117938518525,0.0,0.0,8178.965167999268,0.0,760.9819194674492,0.0,0.0,4783.476314851641,0.0,0.0,0.0,0.0,0.0,0.0,0.0,8114.920880669354,0.0,0.0,0.0,0.0,0.0,0.0,0.0
1142,0.0,285.8318899869919,0.0,0.0,0.0,0.0,0.0,0.0,0.0,0.0,0.0,0.0,0.0,523.529346716404,0.0,0.0,8125.006630808113,0.0,765.0032482624054,0.0,0.0,4661.394273206591,0.0,0.0,0.0,0.0,0.0,0.0,0.0,8061.64162710905,0.0,0.0,0.0,0.0,0.0,0.0,0.0
1143,0.0,283.77376481294624,0.0,0.0,0.0,0.0,0.0,0.0,0.0,0.0,0.0,0.0,0.0,525.0798173308372,0.0,0.0,7966.82201436162,0.0,786.4077108502387,0.0,0.0,4586.1138998955485,0.0,0.0,0.0,0.0,0.0,0.0,0.0,7702.58217177391,0.0,0.0,0.0,0.0,0.0,0.0,0.0
1144,0.0,284.83579308986657,0.0,0.0,0.0,0.0,0.0,0.0,0.0,0.0,0.0,0.0,0.0,519.0736827969552,0.0,0.0,7866.168693929911,0.0,799.6960644841195,0.0,0.0,4506.558269387484,0.0,0.0,0.0,0.0,0.0,0.0,0.0,7447.424818581343,0.0,0.0,0.0,0.0,0.0,0.0,0.0
1145,0.0,290.73979384303095,0.0,0.0,0.0,0.0,0.0,0.0,0.0,0.0,0.0,0.0,0.0,507.17327609062187,0.0,0.0,7829.827365934847,0.0,775.0646623492241,0.0,0.0,4410.99214733541,0.0,0.0,0.0,0.0,0.0,0.0,0.0,7199.917014926672,0.0,0.0,0.0,0.0,0.0,0.0,0.0
1146,0.0,302.1464275538921,0.0,0.0,0.0,0.0,0.0,0.0,0.0,0.0,0.0,0.0,0.0,503.22047719955447,0.0,0.0,7840.005022466181,0.0,766.5332775235175,0.0,0.0,4326.595706167817,0.0,0.0,0.0,0.0,0.0,0.0,0.0,7022.821662199496,0.0,0.0,0.0,0.0,0.0,0.0,0.0
1147,0.0,319.2411718189716,0.0,0.0,0.0,0.0,0.0,0.0,0.0,0.0,0.0,0.0,0.0,510.05762130022043,0.0,0.0,8209.732276588677,0.0,750.8315219283104,0.0,0.0,4328.289036208391,0.0,0.0,0.0,0.0,0.0,0.0,0.0,7400.998120743036,0.0,0.0,0.0,0.0,0.0,0.0,0.0
1148,0.0,334.0966058671474,0.0,0.0,0.0,0.0,0.0,0.0,0.0,0.0,0.0,0.0,0.0,519.9635153770447,0.0,0.0,8677.07915651798,0.0,742.1098393797873,0.0,0.0,4338.484741991759,0.0,0.0,0.0,0.0,0.0,0.0,0.0,7847.955434888601,0.0,0.0,0.0,0.0,0.0,0.0,0.0
1149,0.0,347.62432220578194,0.0,0.0,0.0,0.0,0.0,0.0,0.0,0.0,0.0,0.0,0.0,529.2037051081658,0.0,0.0,9162.106253147125,0.0,732.3817130804061,0.0,0.0,4355.768334344029,0.0,0.0,0.0,0.0,0.0,0.0,0.0,8292.15653902292,0.0,0.0,0.0,0.0,0.0,0.0,0.0
1150,0.0,356.7403875589371,0.0,0.0,0.0,0.0,0.0,0.0,0.0,0.0,0.0,0.0,0.0,530.6754909753798,0.0,0.0,9647.379156827927,0.0,718.9303318023682,0.0,0.0,4348.278686830401,0.0,0.0,0.0,0.0,0.0,0.0,0.0,8583.057835376261,0.0,0.0,0.0,0.0,0.0,0.0,0.0
1151,0.0,360.4136070907116,0.0,0.0,0.0,0.0,0.0,0.0,0.0,0.0,0.0,0.0,0.0,517.1311783194541,0.0,0.0,10091.025880903004,0.0,696.2079537391662,0.0,0.0,4312.772041529416,0.0,0.0,0.0,0.0,0.0,0.0,0.0,8616.993716341258,0.0,0.0,0.0,0.0,0.0,0.0,0.0
1152,0.0,383.6533523440361,0.0,0.0,0.0,0.0,0.0,0.0,0.0,0.0,0.0,0.0,0.0,489.949207341671,0.0,0.0,10595.601638972757,0.0,684.1547568202019,0.0,0.0,4659.207143542169,0.0,0.0,0.0,0.0,0.0,0.0,0.0,8981.658887708187,0.0,0.0,0.0,0.0,0.0,0.0,0.0
1153,0.0,394.78231675028803,0.0,0.0,0.0,0.0,0.0,0.0,0.0,0.0,0.0,0.0,0.0,451.86520683765406,0.0,0.0,11040.4385047853,0.0,663.6209804177283,0.0,0.0,4973.435065796971,0.0,0.0,0.0,0.0,0.0,0.0,0.0,9076.941595751046,0.0,0.0,0.0,0.0,0.0,0.0,0.0
1154,0.0,403.84560894370077,0.0,0.0,0.0,0.0,0.0,0.0,0.0,0.0,0.0,0.0,0.0,412.7664196848869,0.0,0.0,11420.128723204136,0.0,642.4061634421348,0.0,0.0,5219.0436113834385,0.0,0.0,0.0,0.0,0.0,0.0,0.0,9102.143813085557,0.0,0.0,0.0,0.0,0.0,0.0,0.0
1155,0.0,415.90914364457126,0.0,0.0,0.0,0.0,0.0,0.0,0.0,0.0,0.0,0.0,0.0,380.65066846609113,0.0,0.0,11732.463142246006,0.0,630.7222389578819,0.0,0.0,5346.45481365323,0.0,0.0,0.0,0.0,0.0,0.0,0.0,9154.751190733909,0.0,0.0,0.0,0.0,0.0,0.0,0.0
1156,0.0,430.7921005368233,0.0,0.0,0.0,0.0,0.0,0.0,0.0,0.0,0.0,0.0,0.0,356.74442645907396,0.0,0.0,12005.394535332918,0.0,622.8103591799735,0.0,0.0,5459.035678231716,0.0,0.0,0.0,0.0,0.0,0.0,0.0,9447.974038946628,0.0,0.0,0.0,0.0,0.0,0.0,0.0
1157,0.0,447.7275714218616,0.0,0.0,0.0,0.0,0.0,0.0,0.0,0.0,0.0,0.0,0.0,330.9001634359359,0.0,0.0,12354.494999617338,0.0,612.0997986555099,0.0,0.0,5560.158332777023,0.0,0.0,0.0,0.0,0.0,0.0,0.0,9809.26030368209,0.0,0.0,0.0,0.0,0.0,0.0,0.0
1158,0.0,461.74183328747745,0.0,0.0,0.0,0.0,0.0,0.0,0.0,0.0,0.0,0.0,0.0,318.63056610226624,0.0,0.0,12241.413643538952,0.0,606.582587480545,0.0,0.0,5941.787027478218,0.0,0.0,0.0,0.0,0.0,0.0,0.0,9733.126420742274,0.0,0.0,0.0,0.0,0.0,0.0,0.0
1159,0.0,475.4459371089935,0.0,0.0,0.0,0.0,0.0,0.0,0.0,0.0,0.0,0.0,0.0,315.7900467276573,0.0,0.0,12143.436975210905,0.0,611.9992550611496,0.0,0.0,6351.953767883778,0.0,0.0,0.0,0.0,0.0,0.0,0.0,9746.501741641758,0.0,0.0,0.0,0.0,0.0,0.0,0.0
1160,0.0,488.7437633514404,0.0,0.0,0.0,0.0,0.0,0.0,0.0,0.0,0.0,0.0,0.0,318.1497148692607,0.0,0.0,12056.320933640001,0.0,632.8819699048996,0.0,0.0,6816.376098597049,0.0,0.0,0.0,0.0,0.0,0.0,0.0,9869.801458245514,0.0,0.0,0.0,0.0,0.0,0.0,0.0
1161,0.0,495.31844054460527,0.0,0.0,0.0,0.0,0.0,0.0,0.0,0.0,0.0,0.0,0.0,327.45648400187486,0.0,0.0,12000.732757925985,0.0,669.222195291519,0.0,0.0,7275.4244603812695,0.0,0.0,0.0,0.0,0.0,0.0,0.0,9954.57353913188,0.0,0.0,0.0,0.0,0.0,0.0,0.0
1162,0.0,515.0343920230865,0.0,0.0,0.0,0.0,0.0,0.0,0.0,0.0,0.0,0.0,0.0,324.6350193381309,0.0,0.0,12049.30376461148,0.0,704.8822100639343,0.0,0.0,7157.182611519098,0.0,0.0,0.0,0.0,0.0,0.0,0.0,9912.476788640022,0.0,0.0,0.0,0.0,0.0,0.0,0.0
1163,0.0,533.5846205949783,0.0,0.0,0.0,0.0,0.0,0.0,0.0,0.0,0.0,0.0,0.0,332.75988079905505,0.0,0.0,12117.860595911741,0.0,746.1043130755423,0.0,0.0,7043.833345073462,0.0,0.0,0.0,0.0,0.0,0.0,0.0,9976.527753537892,0.0,0.0,0.0,0.0,0.0,0.0,0.0
1164,0.0,552.8444952607155,0.0,0.0,0.0,0.0,0.0,0.0,0.0,0.0,0.0,0.0,0.0,340.18101816177364,0.0,0.0,12205.656496226788,0.0,775.7875565648078,0.0,0.0,6934.080853325128,0.0,0.0,0.0,0.0,0.0,0.0,0.0,10160.445286542175,0.0,0.0,0.0,0.0,0.0,0.0,0.0
1165,0.0,573.3203129053115,0.0,0.0,0.0,0.0,0.0,0.0,0.0,0.0,0.0,0.0,0.0,345.9470409214496,0.0,0.0,12307.30004569888,0.0,801.9701519131661,0.0,0.0,6839.7575562000275,0.0,0.0,0.0,0.0,0.0,0.0,0.0,10439.26800420284,0.0,0.0,0.0,0.0,0.0,0.0,0.0
1166,0.0,593.818350827694,0.0,0.0,0.0,0.0,0.0,0.0,0.0,0.0,0.0,0.0,0.0,353.9162590205669,0.0,0.0,12425.880167752504,0.0,831.2679387688637,0.0,0.0,6754.857929885387,0.0,0.0,0.0,0.0,0.0,0.0,0.0,10788.751238924266,0.0,0.0,0.0,0.0,0.0,0.0,0.0
1167,0.0,600.8911325812339,0.0,0.0,0.0,0.0,0.0,0.0,0.0,0.0,0.0,0.0,0.0,373.99788429737083,0.0,0.0,12412.38100454211,0.0,876.0755235791205,0.0,0.0,6849.6614024877545,0.0,0.0,0.0,0.0,0.0,0.0,0.0,10689.051796549558,0.0,0.0,0.0,0.0,0.0,0.0,0.0
1168,0.0,609.8140891313553,0.0,0.0,0.0,0.0,0.0,0.0,0.0,0.0,0.0,0.0,0.0,400.4644293427467,0.0,0.0,12426.771607249975,0.0,910.9042752146721,0.0,0.0,6927.450435322523,0.0,0.0,0.0,0.0,0.0,0.0,0.0,10808.10979924202,0.0,0.0,0.0,0.0,0.0,0.0,0.0
1169,0.0,615.3246619105339,0.0,0.0,0.0,0.0,0.0,0.0,0.0,0.0,0.0,0.0,0.0,419.998870575428,0.0,0.0,12546.596321970223,0.0,907.8309373497963,0.0,0.0,6982.91040018797,0.0,0.0,0.0,0.0,0.0,0.0,0.0,10750.747941243646,0.0,0.0,0.0,0.0,0.0,0.0,0.0
1170,0.0,620.2176680803299,0.0,0.0,0.0,0.0,0.0,0.0,0.0,0.0,0.0,0.0,0.0,436.87506755590437,0.0,0.0,12633.756702154875,0.0,922.8308441162109,0.0,0.0,7043.401005488634,0.0,0.0,0.0,0.0,0.0,0.0,0.0,10753.893969464301,0.0,0.0,0.0,0.0,0.0,0.0,0.0
1171,0.0,631.2553666234016,0.0,0.0,0.0,0.0,0.0,0.0,0.0,0.0,0.0,0.0,0.0,460.1731504440307,0.0,0.0,12985.808406800032,0.0,920.8280939698218,0.0,0.0,7153.577965092659,0.0,0.0,0.0,0.0,0.0,0.0,0.0,11446.269690591096,0.0,0.0,0.0,0.0,0.0,0.0,0.0
1172,0.0,641.5675955414772,0.0,0.0,0.0,0.0,0.0,0.0,0.0,0.0,0.0,0.0,0.0,481.09625416994095,0.0,0.0,13404.770191073418,0.0,918.3918681383133,0.0,0.0,7249.553719818592,0.0,0.0,0.0,0.0,0.0,0.0,0.0,12197.189019167423,0.0,0.0,0.0,0.0,0.0,0.0,0.0
1173,0.0,651.8320733070374,0.0,0.0,0.0,0.0,0.0,0.0,0.0,0.0,0.0,0.0,0.0,497.40968707799914,0.0,0.0,13817.629581928253,0.0,911.640863752365,0.0,0.0,7331.414253169298,0.0,0.0,0.0,0.0,0.0,0.0,0.0,12899.004994630814,0.0,0.0,0.0,0.0,0.0,0.0,0.0
1174,0.0,661.3361237883568,0.0,0.0,0.0,0.0,0.0,0.0,0.0,0.0,0.0,0.0,0.0,514.8225095510483,0.0,0.0,14149.341530919075,0.0,906.614573276043,0.0,0.0,7380.367325627803,0.0,0.0,0.0,0.0,0.0,0.0,0.0,13409.655277359485,0.0,0.0,0.0,0.0,0.0,0.0,0.0
1175,0.0,668.1005150198937,0.0,0.0,0.0,0.0,0.0,0.0,0.0,0.0,0.0,0.0,0.0,539.6540707349777,0.0,0.0,14327.30894780159,0.0,909.6066937327383,0.0,0.0,7374.2606803715225,0.0,0.0,0.0,0.0,0.0,0.0,0.0,13576.3788621068,0.0,0.0,0.0,0.0,0.0,0.0,0.0
1176,0.0,665.6146494984627,0.0,0.0,0.0,0.0,0.0,0.0,0.0,0.0,0.0,0.0,0.0,576.599989402294,0.0,0.0,14558.597826004028,0.0,943.425266802311,0.0,0.0,7149.366590005159,0.0,0.0,0.0,0.0,0.0,0.0,0.0,14348.677441310883,0.0,0.0,0.0,0.0,0.0,0.0,0.0
1177,0.0,662.866068470478,0.0,0.0,0.0,0.0,0.0,0.0,0.0,0.0,0.0,0.0,0.0,625.9101288557051,0.0,0.0,14551.352740943432,0.0,985.0754507660865,0.0,0.0,6923.646573597192,0.0,0.0,0.0,0.0,0.0,0.0,0.0,14869.471676182748,0.0,0.0,0.0,0.0,0.0,0.0,0.0
1178,0.0,659.593178665638,0.0,0.0,0.0,0.0,0.0,0.0,0.0,0.0,0.0,0.0,0.0,684.3568004131317,0.0,0.0,14471.05006635189,0.0,1029.076137661934,0.0,0.0,6711.992126119137,0.0,0.0,0.0,0.0,0.0,0.0,0.0,15322.308808588981,0.0,0.0,0.0,0.0,0.0,0.0,0.0
1179,0.0,656.627444922924,0.0,0.0,0.0,0.0,0.0,0.0,0.0,0.0,0.0,0.0,0.0,748.0535155773163,0.0,0.0,14432.193883299828,0.0,1069.4353798151017,0.0,0.0,6546.521113479137,0.0,0.0,0.0,0.0,0.0,0.0,0.0,15762.754205930232,0.0,0.0,0.0,0.0,0.0,0.0,0.0
1180,0.0,654.2259715676307,0.0,0.0,0.0,0.0,0.0,0.0,0.0,0.0,0.0,0.0,0.0,814.9308879137039,0.0,0.0,14431.710047900677,0.0,1104.1913321971892,0.0,0.0,6425.795431315899,0.0,0.0,0.0,0.0,0.0,0.0,0.0,16429.7816182971,0.0,0.0,0.0,0.0,0.0,0.0,0.0
1181,0.0,652.5439077615738,0.0,0.0,0.0,0.0,0.0,0.0,0.0,0.0,0.0,0.0,0.0,855.7392637252808,0.0,0.0,14480.011133551598,0.0,1111.9193167924882,0.0,0.0,6351.783617430925,0.0,0.0,0.0,0.0,0.0,0.0,0.0,16913.93728083372,0.0,0.0,0.0,0.0,0.0,0.0,0.0
1182,0.0,642.2238231897354,0.0,0.0,0.0,0.0,0.0,0.0,0.0,0.0,0.0,0.0,0.0,896.6495934486389,0.0,0.0,14285.465742349625,0.0,1108.4075234889983,0.0,0.0,6175.616135931015,0.0,0.0,0.0,0.0,0.0,0.0,0.0,16868.495615279673,0.0,0.0,0.0,0.0,0.0,0.0,0.0
1183,0.0,634.5436310648918,0.0,0.0,0.0,0.0,0.0,0.0,0.0,0.0,0.0,0.0,0.0,938.0871782302856,0.0,0.0,14090.438071489334,0.0,1118.6767237186432,0.0,0.0,5978.265831327439,0.0,0.0,0.0,0.0,0.0,0.0,0.0,16826.976721465588,0.0,0.0,0.0,0.0,0.0,0.0,0.0
1184,0.0,629.4468829035759,0.0,0.0,0.0,0.0,0.0,0.0,0.0,0.0,0.0,0.0,0.0,975.0604908466339,0.0,0.0,13904.542599320412,0.0,1138.6988897323608,0.0,0.0,5846.520333892107,0.0,0.0,0.0,0.0,0.0,0.0,0.0,16774.65863376856,0.0,0.0,0.0,0.0,0.0,0.0,0.0
1185,0.0,624.6658197999001,0.0,0.0,0.0,0.0,0.0,0.0,0.0,0.0,0.0,0.0,0.0,1005.448495388031,0.0,0.0,13722.279781997204,0.0,1156.705085539818,0.0,0.0,5699.271768683195,0.0,0.0,0.0,0.0,0.0,0.0,0.0,16696.5387753129,0.0,0.0,0.0,0.0,0.0,0.0,0.0
1186,0.0,628.8035609722137,0.0,0.0,0.0,0.0,0.0,0.0,0.0,0.0,0.0,0.0,0.0,1014.9168484687805,0.0,0.0,13734.786382555962,0.0,1143.3412056446075,0.0,0.0,5631.430784922838,0.0,0.0,0.0,0.0,0.0,0.0,0.0,16750.27727667093,0.0,0.0,0.0,0.0,0.0,0.0,0.0
1187,0.0,632.6852078318595,0.0,0.0,0.0,0.0,0.0,0.0,0.0,0.0,0.0,0.0,0.0,1024.8263741493224,0.0,0.0,13763.580033898354,0.0,1122.5550031661987,0.0,0.0,5561.9530870199205,0.0,0.0,0.0,0.0,0.0,0.0,0.0,16796.498578643797,0.0,0.0,0.0,0.0,0.0,0.0,0.0
1188,0.0,637.1881807923317,0.0,0.0,0.0,0.0,0.0,0.0,0.0,0.0,0.0,0.0,0.0,1034.8051244735718,0.0,0.0,13782.404497981071,0.0,1100.9715658664704,0.0,0.0,5482.76288639903,0.0,0.0,0.0,0.0,0.0,0.0,0.0,16853.140104663373,0.0,0.0,0.0,0.0,0.0,0.0,0.0
1189,0.0,640.5138718128204,0.0,0.0,0.0,0.0,0.0,0.0,0.0,0.0,0.0,0.0,0.0,1044.2839688539505,0.0,0.0,13799.642106413841,0.0,1078.8434383869171,0.0,0.0,5394.126610815525,0.0,0.0,0.0,0.0,0.0,0.0,0.0,16877.188778316973,0.0,0.0,0.0,0.0,0.0,0.0,0.0
1190,0.0,641.8781183123589,0.0,0.0,0.0,0.0,0.0,0.0,0.0,0.0,0.0,0.0,0.0,1053.1084968805312,0.0,0.0,13823.163352072239,0.0,1058.5166774511338,0.0,0.0,5278.877835577727,0.0,0.0,0.0,0.0,0.0,0.0,0.0,16848.483982896803,0.0,0.0,0.0,0.0,0.0,0.0,0.0
1191,0.0,633.7214246749878,0.0,0.0,0.0,0.0,0.0,0.0,0.0,0.0,0.0,0.0,0.0,1070.0725697040557,0.0,0.0,13625.44891679287,0.0,1057.885078716278,0.0,0.0,5357.664761459828,0.0,0.0,0.0,0.0,0.0,0.0,0.0,16077.546512913705,0.0,0.0,0.0,0.0,0.0,0.0,0.0
1192,0.0,624.1899355173111,0.0,0.0,0.0,0.0,0.0,0.0,0.0,0.0,0.0,0.0,0.0,1082.2139624595643,0.0,0.0,13425.055495798588,0.0,1057.5241651535034,0.0,0.0,5435.742626202106,0.0,0.0,0.0,0.0,0.0,0.0,0.0,15335.666772091388,0.0,0.0,0.0,0.0,0.0,0.0,0.0
1193,0.0,605.9405784845352,0.0,0.0,0.0,0.0,0.0,0.0,0.0,0.0,0.0,0.0,0.0,1090.6929949522018,0.0,0.0,13234.810172259808,0.0,1039.7939899683,0.0,0.0,5495.940766489506,0.0,0.0,0.0,0.0,0.0,0.0,0.0,14364.394564366341,0.0,0.0,0.0,0.0,0.0,0.0,0.0
1194,0.0,585.1048035621643,0.0,0.0,0.0,0.0,0.0,0.0,0.0,0.0,0.0,0.0,0.0,1100.4173536777496,0.0,0.0,13003.923453062771,0.0,1024.490733218193,0.0,0.0,5562.476859766245,0.0,0.0,0.0,0.0,0.0,0.0,0.0,13195.32035242319,0.0,0.0,0.0,0.0,0.0,0.0,0.0
1195,0.0,559.7163967251778,0.0,0.0,0.0,0.0,0.0,0.0,0.0,0.0,0.0,0.0,0.0,1115.0440187454224,0.0,0.0,13040.646715432404,0.0,994.4326447129248,0.0,0.0,5641.490249240398,0.0,0.0,0.0,0.0,0.0,0.0,0.0,12530.043144261837,0.0,0.0,0.0,0.0,0.0,0.0,0.0
1196,0.0,534.5088382601738,0.0,0.0,0.0,0.0,0.0,0.0,0.0,0.0,0.0,0.0,0.0,1126.2458573341369,0.0,0.0,13064.26363915205,0.0,975.6127927541731,0.0,0.0,5717.018884778023,0.0,0.0,0.0,0.0,0.0,0.0,0.0,11840.364328706264,0.0,0.0,0.0,0.0,0.0,0.0,0.0
1197,0.0,506.0274922013283,0.0,0.0,0.0,0.0,0.0,0.0,0.0,0.0,0.0,0.0,0.0,1132.218634915352,0.0,0.0,13078.42554795742,0.0,966.4600651144981,0.0,0.0,5798.998705101013,0.0,0.0,0.0,0.0,0.0,0.0,0.0,11150.438893467186,0.0,0.0,0.0,0.0,0.0,0.0,0.0
1198,0.0,478.85618863105776,0.0,0.0,0.0,0.0,0.0,0.0,0.0,0.0,0.0,0.0,0.0,1131.6179407596587,0.0,0.0,13108.29421621561,0.0,951.4751568913458,0.0,0.0,5867.993805456162,0.0,0.0,0.0,0.0,0.0,0.0,0.0,10522.74551255703,0.0,0.0,0.0,0.0,0.0,0.0,0.0
1199,0.0,458.2629570186138,0.0,0.0,0.0,0.0,0.0,0.0,0.0,0.0,0.0,0.0,0.0,1123.94189620018,0.0,0.0,13170.208034157753,0.0,915.228835427761,0.0,0.0,5918.971123337746,0.0,0.0,0.0,0.0,0.0,0.0,0.0,10032.420741808415,0.0,0.0,0.0,0.0,0.0,0.0,0.0
1200,0.0,461.68347700238223,0.0,0.0,0.0,0.0,0.0,0.0,0.0,0.0,0.0,0.0,0.0,1111.2014233350753,0.0,0.0,13341.485765457153,0.0,884.2828687310217,0.0,0.0,5913.842994564771,0.0,0.0,0.0,0.0,0.0,0.0,0.0,10559.902637130022,0.0,0.0,0.0,0.0,0.0,0.0,0.0
1201,0.0,469.7798504412174,0.0,0.0,0.0,0.0,0.0,0.0,0.0,0.0,0.0,0.0,0.0,1096.947782254219,0.0,0.0,13594.299873828888,0.0,829.0742980718612,0.0,0.0,5650.022598105669,0.0,0.0,0.0,0.0,0.0,0.0,0.0,11290.121100014447,0.0,0.0,0.0,0.0,0.0,0.0,0.0
1202,0.0,480.7792526721954,0.0,0.0,0.0,0.0,0.0,0.0,0.0,0.0,0.0,0.0,0.0,1084.26613240242,0.0,0.0,13869.454420566559,0.0,763.882270181179,0.0,0.0,5171.345776963234,0.0,0.0,0.0,0.0,0.0,0.0,0.0,12100.261697751284,0.0,0.0,0.0,0.0,0.0,0.0,0.0
1203,0.0,489.68924739360807,0.0,0.0,0.0,0.0,0.0,0.0,0.0,0.0,0.0,0.0,0.0,1076.4671513319015,0.0,0.0,14123.354436039925,0.0,704.811841404438,0.0,0.0,4972.960339978336,0.0,0.0,0.0,0.0,0.0,0.0,0.0,12794.263228404521,0.0,0.0,0.0,0.0,0.0,0.0,0.0
1204,0.0,502.579196870327,0.0,0.0,0.0,0.0,0.0,0.0,0.0,0.0,0.0,0.0,0.0,1067.2440435886383,0.0,0.0,14344.078278243542,0.0,647.152105653286,0.0,0.0,4863.812760338187,0.0,0.0,0.0,0.0,0.0,0.0,0.0,13483.946383309365,0.0,0.0,0.0,0.0,0.0,0.0,0.0
1205,0.0,509.5063123583794,0.0,0.0,0.0,0.0,0.0,0.0,0.0,0.0,0.0,0.0,0.0,1057.0558259487152,0.0,0.0,14530.252228021622,0.0,596.2289092898369,0.0,0.0,4871.312096133828,0.0,0.0,0.0,0.0,0.0,0.0,0.0,14072.884312665463,0.0,0.0,0.0,0.0,0.0,0.0,0.0
1206,0.0,493.08906211853025,0.0,0.0,0.0,0.0,0.0,0.0,0.0,0.0,0.0,0.0,0.0,1042.9374957323075,0.0,0.0,14353.138912856579,0.0,536.3123966813088,0.0,0.0,4568.668937095999,0.0,0.0,0.0,0.0,0.0,0.0,0.0,14114.012665045262,0.0,0.0,0.0,0.0,0.0,0.0,0.0
1207,0.0,475.3746189951897,0.0,0.0,0.0,0.0,0.0,0.0,0.0,0.0,0.0,0.0,0.0,1027.1124014377594,0.0,0.0,14172.501844704151,0.0,482.62511107325554,0.0,0.0,4304.66446327865,0.0,0.0,0.0,0.0,0.0,0.0,0.0,14168.856254017353,0.0,0.0,0.0,0.0,0.0,0.0,0.0
1208,0.0,457.02743101716044,0.0,0.0,0.0,0.0,0.0,0.0,0.0,0.0,0.0,0.0,0.0,1001.5164997577667,0.0,0.0,13993.91991019249,0.0,432.5887554526328,0.0,0.0,4028.869653010368,0.0,0.0,0.0,0.0,0.0,0.0,0.0,14181.424455952645,0.0,0.0,0.0,0.0,0.0,0.0,0.0
1209,0.0,432.11552569270134,0.0,0.0,0.0,0.0,0.0,0.0,0.0,0.0,0.0,0.0,0.0,965.4907218694686,0.0,0.0,13798.185932993889,0.0,385.3091083705424,0.0,0.0,3841.1001510411497,0.0,0.0,0.0,0.0,0.0,0.0,0.0,14015.91733545065,0.0,0.0,0.0,0.0,0.0,0.0,0.0
1210,0.0,428.65892581343644,0.0,0.0,0.0,0.0,0.0,0.0,0.0,0.0,0.0,0.0,0.0,913.0419352769852,0.0,0.0,13752.022435247898,0.0,327.8827392816543,0.0,0.0,3864.2978340446944,0.0,0.0,0.0,0.0,0.0,0.0,0.0,13770.039680671693,0.0,0.0,0.0,0.0,0.0,0.0,0.0
1211,0.0,425.87002844810485,0.0,0.0,0.0,0.0,0.0,0.0,0.0,0.0,0.0,0.0,0.0,864.1303307056427,0.0,0.0,13665.713045299053,0.0,281.9369251012802,0.0,0.0,3878.923809537291,0.0,0.0,0.0,0.0,0.0,0.0,0.0,13444.223980093002,0.0,0.0,0.0,0.0,0.0,0.0,0.0
1212,0.0,423.60240982174867,0.0,0.0,0.0,0.0,0.0,0.0,0.0,0.0,0.0,0.0,0.0,819.5980815410614,0.0,0.0,13548.37440443039,0.0,246.13148967027655,0.0,0.0,3874.111155447363,0.0,0.0,0.0,0.0,0.0,0.0,0.0,13103.07880499363,0.0,0.0,0.0,0.0,0.0,0.0,0.0
1213,0.0,421.64455645680425,0.0,0.0,0.0,0.0,0.0,0.0,0.0,0.0,0.0,0.0,0.0,780.8069046735764,0.0,0.0,13428.118749499321,0.0,225.31131815910328,0.0,0.0,3842.143457910418,0.0,0.0,0.0,0.0,0.0,0.0,0.0,12787.025193822385,0.0,0.0,0.0,0.0,0.0,0.0,0.0
1214,0.0,419.69831823706625,0.0,0.0,0.0,0.0,0.0,0.0,0.0,0.0,0.0,0.0,0.0,749.5014942646027,0.0,0.0,13323.529404759407,0.0,219.4809901624918,0.0,0.0,3781.90474794209,0.0,0.0,0.0,0.0,0.0,0.0,0.0,12493.787881112099,0.0,0.0,0.0,0.0,0.0,0.0,0.0
1215,0.0,381.66584388613694,0.0,0.0,0.0,0.0,0.0,0.0,0.0,0.0,0.0,0.0,0.0,734.687375676632,0.0,0.0,13022.351203233002,0.0,236.3343730360269,0.0,0.0,3761.1139975011342,0.0,0.0,0.0,0.0,0.0,0.0,0.0,11460.948262721298,0.0,0.0,0.0,0.0,0.0,0.0,0.0
1216,0.0,344.62660472989074,0.0,0.0,0.0,0.0,0.0,0.0,0.0,0.0,0.0,0.0,0.0,723.4532561659812,0.0,0.0,12728.379193246363,0.0,259.936878067255,0.0,0.0,3728.311593917012,0.0,0.0,0.0,0.0,0.0,0.0,0.0,10476.86267982721,0.0,0.0,0.0,0.0,0.0,0.0,0.0
1217,0.0,308.62358241677276,0.0,0.0,0.0,0.0,0.0,0.0,0.0,0.0,0.0,0.0,0.0,702.6369484901428,0.0,0.0,12433.059911698101,0.0,260.52736419439304,0.0,0.0,3744.685396036505,0.0,0.0,0.0,0.0,0.0,0.0,0.0,9589.33412721157,0.0,0.0,0.0,0.0,0.0,0.0,0.0
1218,0.0,278.8184184193611,0.0,0.0,0.0,0.0,0.0,0.0,0.0,0.0,0.0,0.0,0.0,696.5542812705039,0.0,0.0,12198.559206545351,0.0,265.0650756418705,0.0,0.0,3740.564243075251,0.0,0.0,0.0,0.0,0.0,0.0,0.0,8894.329483652115,0.0,0.0,0.0,0.0,0.0,0.0,0.0
1219,0.0,293.71610466241833,0.0,0.0,0.0,0.0,0.0,0.0,0.0,0.0,0.0,0.0,0.0,712.0592564225196,0.0,0.0,12328.069185823202,0.0,261.27171877622595,0.0,0.0,3810.305038386583,0.0,0.0,0.0,0.0,0.0,0.0,0.0,8871.355522167682,0.0,0.0,0.0,0.0,0.0,0.0,0.0
1220,0.0,314.98486638665196,0.0,0.0,0.0,0.0,0.0,0.0,0.0,0.0,0.0,0.0,0.0,733.7376440525055,0.0,0.0,12506.122168451548,0.0,269.56342332363124,0.0,0.0,3886.601773032546,0.0,0.0,0.0,0.0,0.0,0.0,0.0,8866.394922727344,0.0,0.0,0.0,0.0,0.0,0.0,0.0
1221,0.0,342.27585645318027,0.0,0.0,0.0,0.0,0.0,0.0,0.0,0.0,0.0,0.0,0.0,756.6396131277085,0.0,0.0,12703.855272620916,0.0,287.9860510170459,0.0,0.0,3958.906027212739,0.0,0.0,0.0,0.0,0.0,0.0,0.0,8905.936519724131,0.0,0.0,0.0,0.0,0.0,0.0,0.0
1222,0.0,373.6228327810764,0.0,0.0,0.0,0.0,0.0,0.0,0.0,0.0,0.0,0.0,0.0,778.0817671775818,0.0,0.0,12928.568034321068,0.0,316.62953383326527,0.0,0.0,4024.8941270381206,0.0,0.0,0.0,0.0,0.0,0.0,0.0,9009.686744642257,0.0,0.0,0.0,0.0,0.0,0.0,0.0
1223,0.0,402.2137090981006,0.0,0.0,0.0,0.0,0.0,0.0,0.0,0.0,0.0,0.0,0.0,795.1711079120636,0.0,0.0,13177.196421980858,0.0,350.5253523647785,0.0,0.0,4100.721888282895,0.0,0.0,0.0,0.0,0.0,0.0,0.0,9210.406238019465,0.0,0.0,0.0,0.0,0.0,0.0,0.0
1224,0.0,439.05874527096745,0.0,0.0,0.0,0.0,0.0,0.0,0.0,0.0,0.0,0.0,0.0,810.242711687088,0.0,0.0,13539.79604947567,0.0,401.37509736418724,0.0,0.0,4203.783107507228,0.0,0.0,0.0,0.0,0.0,0.0,0.0,10142.865136200187,0.0,0.0,0.0,0.0,0.0,0.0,0.0
1225,0.0,471.7699400424957,0.0,0.0,0.0,0.0,0.0,0.0,0.0,0.0,0.0,0.0,0.0,821.219570183754,0.0,0.0,13895.564418971539,0.0,439.6540178537368,0.0,0.0,4288.464444717764,0.0,0.0,0.0,0.0,0.0,0.0,0.0,11155.162275147439,0.0,0.0,0.0,0.0,0.0,0.0,0.0
1226,0.0,500.9147521734238,0.0,0.0,0.0,0.0,0.0,0.0,0.0,0.0,0.0,0.0,0.0,829.9451930522919,0.0,0.0,14233.592675745487,0.0,459.9799191892146,0.0,0.0,4365.683079949021,0.0,0.0,0.0,0.0,0.0,0.0,0.0,12232.346426951884,0.0,0.0,0.0,0.0,0.0,0.0,0.0
1227,0.0,526.8287583589554,0.0,0.0,0.0,0.0,0.0,0.0,0.0,0.0,0.0,0.0,0.0,839.0016953706742,0.0,0.0,14551.362075388432,0.0,462.5800322651862,0.0,0.0,4436.619167053698,0.0,0.0,0.0,0.0,0.0,0.0,0.0,13364.306184589863,0.0,0.0,0.0,0.0,0.0,0.0,0.0
1228,0.0,549.1888106703758,0.0,0.0,0.0,0.0,0.0,0.0,0.0,0.0,0.0,0.0,0.0,841.8938866376877,0.0,0.0,14837.08476960659,0.0,453.2277291476727,0.0,0.0,4502.190670752525,0.0,0.0,0.0,0.0,0.0,0.0,0.0,14447.179223287105,0.0,0.0,0.0,0.0,0.0,0.0,0.0
1229,0.0,570.6085973381996,0.0,0.0,0.0,0.0,0.0,0.0,0.0,0.0,0.0,0.0,0.0,824.2021480321885,0.0,0.0,14992.758420348167,0.0,469.5938075721262,0.0,0.0,4562.509006288647,0.0,0.0,0.0,0.0,0.0,0.0,0.0,15390.134284126758,0.0,0.0,0.0,0.0,0.0,0.0,0.0
1230,0.0,583.524863255024,0.0,0.0,0.0,0.0,0.0,0.0,0.0,0.0,0.0,0.0,0.0,811.0557425737381,0.0,0.0,14817.765579938889,0.0,485.1428507268428,0.0,0.0,4989.291150346398,0.0,0.0,0.0,0.0,0.0,0.0,0.0,15610.134952759743,0.0,0.0,0.0,0.0,0.0,0.0,0.0
1231,0.0,594.7459913134575,0.0,0.0,0.0,0.0,0.0,0.0,0.0,0.0,0.0,0.0,0.0,797.8298005104065,0.0,0.0,14620.72944766283,0.0,504.90935975313187,0.0,0.0,5368.005791473389,0.0,0.0,0.0,0.0,0.0,0.0,0.0,15809.245994007588,0.0,0.0,0.0,0.0,0.0,0.0,0.0
1232,0.0,604.3231554865837,0.0,0.0,0.0,0.0,0.0,0.0,0.0,0.0,0.0,0.0,0.0,780.3330924749374,0.0,0.0,14402.835498034954,0.0,518.8328098058699,0.0,0.0,5695.455796605349,0.0,0.0,0.0,0.0,0.0,0.0,0.0,15972.165415894986,0.0,0.0,0.0,0.0,0.0,0.0,0.0
1233,0.0,611.4719126343728,0.0,0.0,0.0,0.0,0.0,0.0,0.0,0.0,0.0,0.0,0.0,756.6800539493561,0.0,0.0,14162.655560970306,0.0,535.8082559227943,0.0,0.0,5992.2672153890135,0.0,0.0,0.0,0.0,0.0,0.0,0.0,16083.365580284595,0.0,0.0,0.0,0.0,0.0,0.0,0.0
1234,0.0,611.5152309536934,0.0,0.0,0.0,0.0,0.0,0.0,0.0,0.0,0.0,0.0,0.0,708.4938734292984,0.0,0.0,14095.925169408321,0.0,539.5894301772116,0.0,0.0,5879.376325786114,0.0,0.0,0.0,0.0,0.0,0.0,0.0,16214.431285631657,0.0,0.0,0.0,0.0,0.0,0.0,0.0
1235,0.0,610.8742096066475,0.0,0.0,0.0,0.0,0.0,0.0,0.0,0.0,0.0,0.0,0.0,654.4078164100647,0.0,0.0,13999.881509065628,0.0,553.949142205715,0.0,0.0,5765.110911172628,0.0,0.0,0.0,0.0,0.0,0.0,0.0,16322.080415868759,0.0,0.0,0.0,0.0,0.0,0.0,0.0
1236,0.0,611.286406981945,0.0,0.0,0.0,0.0,0.0,0.0,0.0,0.0,0.0,0.0,0.0,600.3434145092963,0.0,0.0,13893.691307008266,0.0,575.9192217946052,0.0,0.0,5648.939932590723,0.0,0.0,0.0,0.0,0.0,0.0,0.0,16410.757911098004,0.0,0.0,0.0,0.0,0.0,0.0,0.0
1237,0.0,611.4986218571663,0.0,0.0,0.0,0.0,0.0,0.0,0.0,0.0,0.0,0.0,0.0,549.0272847652434,0.0,0.0,13812.62320792675,0.0,610.5304649114609,0.0,0.0,5524.438848030567,0.0,0.0,0.0,0.0,0.0,0.0,0.0,16498.759914290906,0.0,0.0,0.0,0.0,0.0,0.0,0.0
1238,0.0,613.2695106625557,0.0,0.0,0.0,0.0,0.0,0.0,0.0,0.0,0.0,0.0,0.0,501.4080827713013,0.0,0.0,13763.441572964191,0.0,650.4129549503326,0.0,0.0,5390.345758759975,0.0,0.0,0.0,0.0,0.0,0.0,0.0,16609.135602319242,0.0,0.0,0.0,0.0,0.0,0.0,0.0
1239,0.0,608.604374563694,0.0,0.0,0.0,0.0,0.0,0.0,0.0,0.0,0.0,0.0,0.0,471.4500870108604,0.0,0.0,13517.96589410305,0.0,700.3233050227165,0.0,0.0,5444.022474217415,0.0,0.0,0.0,0.0,0.0,0.0,0.0,16274.79886622429,0.0,0.0,0.0,0.0,0.0,0.0,0.0
1240,0.0,602.0380580306053,0.0,0.0,0.0,0.0,0.0,0.0,0.0,0.0,0.0,0.0,0.0,447.43496414422987,0.0,0.0,13293.805420398712,0.0,734.6930300951004,0.0,0.0,5482.171295678616,0.0,0.0,0.0,0.0,0.0,0.0,0.0,15950.99951660633,0.0,0.0,0.0,0.0,0.0,0.0,0.0
1241,0.0,595.7804686903953,0.0,0.0,0.0,0.0,0.0,0.0,0.0,0.0,0.0,0.0,0.0,410.57772834300994,0.0,0.0,13048.47831478715,0.0,755.9187551021575,0.0,0.0,5514.6379397392275,0.0,0.0,0.0,0.0,0.0,0.0,0.0,15653.715037477017,0.0,0.0,0.0,0.0,0.0,0.0,0.0
1242,0.0,593.1473657727241,0.0,0.0,0.0,0.0,0.0,0.0,0.0,0.0,0.0,0.0,0.0,381.00006461143494,0.0,0.0,12802.282327920198,0.0,770.1449030280113,0.0,0.0,5534.368126058578,0.0,0.0,0.0,0.0,0.0,0.0,0.0,15492.693357670307,0.0,0.0,0.0,0.0,0.0,0.0,0.0
1243,0.0,604.2051523447037,0.0,0.0,0.0,0.0,0.0,0.0,0.0,0.0,0.0,0.0,0.0,364.3326848447323,0.0,0.0,12867.022149085997,0.0,754.2080912113189,0.0,0.0,5469.833268535137,0.0,0.0,0.0,0.0,0.0,0.0,0.0,15906.447417652607,0.0,0.0,0.0,0.0,0.0,0.0,0.0
1244,0.0,614.7764495015144,0.0,0.0,0.0,0.0,0.0,0.0,0.0,0.0,0.0,0.0,0.0,348.30417590737335,0.0,0.0,12964.250506073235,0.0,734.4390033841133,0.0,0.0,5294.95977820158,0.0,0.0,0.0,0.0,0.0,0.0,0.0,16328.638619065285,0.0,0.0,0.0,0.0,0.0,0.0,0.0
1245,0.0,624.372242796421,0.0,0.0,0.0,0.0,0.0,0.0,0.0,0.0,0.0,0.0,0.0,332.34260504841797,0.0,0.0,13087.668204247952,0.0,708.0570993304252,0.0,0.0,5064.525807076691,0.0,0.0,0.0,0.0,0.0,0.0,0.0,16693.483873426914,0.0,0.0,0.0,0.0,0.0,0.0,0.0
1246,0.0,632.0289240717888,0.0,0.0,0.0,0.0,0.0,0.0,0.0,0.0,0.0,0.0,0.0,328.8136725962161,0.0,0.0,13204.575904905796,0.0,697.7656087756156,0.0,0.0,5026.072107490897,0.0,0.0,0.0,0.0,0.0,0.0,0.0,16884.674155807494,0.0,0.0,0.0,0.0,0.0,0.0,0.0
1247,0.0,626.3799234509468,0.0,0.0,0.0,0.0,0.0,0.0,0.0,0.0,0.0,0.0,0.0,349.1901302933693,0.0,0.0,13250.635168015957,0.0,723.0481729626656,0.0,0.0,5043.675110390782,0.0,0.0,0.0,0.0,0.0,0.0,0.0,16827.58278391361,0.0,0.0,0.0,0.0,0.0,0.0,0.0
1248,0.0,608.16064234972,0.0,0.0,0.0,0.0,0.0,0.0,0.0,0.0,0.0,0.0,0.0,387.72731907367705,0.0,0.0,13421.432175397873,0.0,802.0737782120705,0.0,0.0,5132.002269226313,0.0,0.0,0.0,0.0,0.0,0.0,0.0,16672.479976511,0.0,0.0,0.0,0.0,0.0,0.0,0.0
1249,0.0,580.146034348011,0.0,0.0,0.0,0.0,0.0,0.0,0.0,0.0,0.0,0.0,0.0,447.29288325309756,0.0,0.0,13410.162388801575,0.0,912.4739053726195,0.0,0.0,5270.41996538043,0.0,0.0,0.0,0.0,0.0,0.0,0.0,16169.86761507988,0.0,0.0,0.0,0.0,0.0,0.0,0.0
1250,0.0,548.3950529694557,0.0,0.0,0.0,0.0,0.0,0.0,0.0,0.0,0.0,0.0,0.0,514.3661380171776,0.0,0.0,13345.012629926205,0.0,1031.838122367859,0.0,0.0,5548.911448395253,0.0,0.0,0.0,0.0,0.0,0.0,0.0,15586.352425861358,0.0,0.0,0.0,0.0,0.0,0.0,0.0
1251,0.0,520.8446579933167,0.0,0.0,0.0,0.0,0.0,0.0,0.0,0.0,0.0,0.0,0.0,575.7267007946969,0.0,0.0,13261.235986053944,0.0,1140.0763844013213,0.0,0.0,5751.435295593738,0.0,0.0,0.0,0.0,0.0,0.0,0.0,15028.411914789676,0.0,0.0,0.0,0.0,0.0,0.0,0.0
1252,0.0,495.44267209768293,0.0,0.0,0.0,0.0,0.0,0.0,0.0,0.0,0.0,0.0,0.0,633.5108960986137,0.0,0.0,13198.707650482655,0.0,1238.379445385933,0.0,0.0,5890.176943677664,0.0,0.0,0.0,0.0,0.0,0.0,0.0,14545.73163100481,0.0,0.0,0.0,0.0,0.0,0.0,0.0
1253,0.0,471.24501403570173,0.0,0.0,0.0,0.0,0.0,0.0,0.0,0.0,0.0,0.0,0.0,677.3631386756897,0.0,0.0,13165.147209227085,0.0,1327.5483342409134,0.0,0.0,6004.142021548748,0.0,0.0,0.0,0.0,0.0,0.0,0.0,14089.323214149475,0.0,0.0,0.0,0.0,0.0,0.0,0.0
1254,0.0,446.14241271615026,0.0,0.0,0.0,0.0,0.0,0.0,0.0,0.0,0.0,0.0,0.0,722.236624085903,0.0,0.0,12920.314051330088,0.0,1401.270620584488,0.0,0.0,6616.606751078367,0.0,0.0,0.0,0.0,0.0,0.0,0.0,13324.667675459385,0.0,0.0,0.0,0.0,0.0,0.0,0.0
1255,0.0,434.41689557433125,0.0,0.0,0.0,0.0,0.0,0.0,0.0,0.0,0.0,0.0,0.0,770.5428268671036,0.0,0.0,12697.139139443636,0.0,1470.6716665506362,0.0,0.0,7088.750037038326,0.0,0.0,0.0,0.0,0.0,0.0,0.0,12536.592668759822,0.0,0.0,0.0,0.0,0.0,0.0,0.0
1256,0.0,424.15042583942414,0.0,0.0,0.0,0.0,0.0,0.0,0.0,0.0,0.0,0.0,0.0,816.3704376935959,0.0,0.0,12506.067717522381,0.0,1532.8809999465943,0.0,0.0,7440.8561143755915,0.0,0.0,0.0,0.0,0.0,0.0,0.0,11740.724913996457,0.0,0.0,0.0,0.0,0.0,0.0,0.0
1257,0.0,413.34020458459855,0.0,0.0,0.0,0.0,0.0,0.0,0.0,0.0,0.0,0.0,0.0,867.8207574367523,0.0,0.0,12345.37213537097,0.0,1588.1637333631516,0.0,0.0,7701.71976826787,0.0,0.0,0.0,0.0,0.0,0.0,0.0,10985.887876254319,0.0,0.0,0.0,0.0,0.0,0.0,0.0
1258,0.0,403.38838183879847,0.0,0.0,0.0,0.0,0.0,0.0,0.0,0.0,0.0,0.0,0.0,905.01976749897,0.0,0.0,12359.476481765509,0.0,1612.4210611581802,0.0,0.0,7677.357977628708,0.0,0.0,0.0,0.0,0.0,0.0,0.0,10374.998625391721,0.0,0.0,0.0,0.0,0.0,0.0,0.0
1259,0.0,385.1181512117385,0.0,0.0,0.0,0.0,0.0,0.0,0.0,0.0,0.0,0.0,0.0,941.7729421615601,0.0,0.0,12370.313772410154,0.0,1628.3623191833497,0.0,0.0,7654.424603068828,0.0,0.0,0.0,0.0,0.0,0.0,0.0,9791.155815303326,0.0,0.0,0.0,0.0,0.0,0.0,0.0
1260,0.0,367.5813861429691,0.0,0.0,0.0,0.0,0.0,0.0,0.0,0.0,0.0,0.0,0.0,977.0618183374405,0.0,0.0,12364.674211889505,0.0,1642.9177829504013,0.0,0.0,7631.89995290637,0.0,0.0,0.0,0.0,0.0,0.0,0.0,9243.278255188465,0.0,0.0,0.0,0.0,0.0,0.0,0.0
1261,0.0,357.69162306189537,0.0,0.0,0.0,0.0,0.0,0.0,0.0,0.0,0.0,0.0,0.0,1011.6656216144562,0.0,0.0,12308.244380384684,0.0,1657.1851324081422,0.0,0.0,7609.78160507083,0.0,0.0,0.0,0.0,0.0,0.0,0.0,8764.506278645991,0.0,0.0,0.0,0.0,0.0,0.0,0.0
1262,0.0,359.3235790193081,0.0,0.0,0.0,0.0,0.0,0.0,0.0,0.0,0.0,0.0,0.0,1046.498081421852,0.0,0.0,12193.466488927603,0.0,1669.3356123685837,0.0,0.0,7588.062293350697,0.0,0.0,0.0,0.0,0.0,0.0,0.0,8368.314288383723,0.0,0.0,0.0,0.0,0.0,0.0,0.0
1263,0.0,337.3012075960636,0.0,0.0,0.0,0.0,0.0,0.0,0.0,0.0,0.0,0.0,0.0,1093.3293599128724,0.0,0.0,11706.55850163102,0.0,1694.7311695337296,0.0,0.0,7689.778355169296,0.0,0.0,0.0,0.0,0.0,0.0,0.0,7191.874754279851,0.0,0.0,0.0,0.0,0.0,0.0,0.0
1264,0.0,310.6049185752869,0.0,0.0,0.0,0.0,0.0,0.0,0.0,0.0,0.0,0.0,0.0,1135.0693093299865,0.0,0.0,11214.782601267098,0.0,1710.873040485382,0.0,0.0,7772.293453073502,0.0,0.0,0.0,0.0,0.0,0.0,0.0,6192.491518759727,0.0,0.0,0.0,0.0,0.0,0.0,0.0
1265,0.0,282.44843185544016,0.0,0.0,0.0,0.0,0.0,0.0,0.0,0.0,0.0,0.0,0.0,1160.978963637352,0.0,0.0,10746.559839248657,0.0,1692.5065239429473,0.0,0.0,7833.043825435639,0.0,0.0,0.0,0.0,0.0,0.0,0.0,5351.186076179146,0.0,0.0,0.0,0.0,0.0,0.0,0.0
1266,0.0,265.5305520236492,0.0,0.0,0.0,0.0,0.0,0.0,0.0,0.0,0.0,0.0,0.0,1193.7667857170104,0.0,0.0,10302.740427941082,0.0,1690.5640643835068,0.0,0.0,7898.457894551754,0.0,0.0,0.0,0.0,0.0,0.0,0.0,4581.629965713621,0.0,0.0,0.0,0.0,0.0,0.0,0.0
1267,0.0,264.1649307847023,0.0,0.0,0.0,0.0,0.0,0.0,0.0,0.0,0.0,0.0,0.0,1234.3518851518631,0.0,0.0,10325.885962188244,0.0,1683.8402115106583,0.0,0.0,7966.42906460166,0.0,0.0,0.0,0.0,0.0,0.0,0.0,4343.103891822696,0.0,0.0,0.0,0.0,0.0,0.0,0.0
1268,0.0,262.16816387772553,0.0,0.0,0.0,0.0,0.0,0.0,0.0,0.0,0.0,0.0,0.0,1271.2968622922897,0.0,0.0,10345.246378988026,0.0,1676.2958849668503,0.0,0.0,8047.814266616106,0.0,0.0,0.0,0.0,0.0,0.0,0.0,4114.748891007899,0.0,0.0,0.0,0.0,0.0,0.0,0.0
1269,0.0,260.0969646513461,0.0,0.0,0.0,0.0,0.0,0.0,0.0,0.0,0.0,0.0,0.0,1300.15582716465,0.0,0.0,10353.558702260256,0.0,1660.3498843193054,0.0,0.0,8132.330600273609,0.0,0.0,0.0,0.0,0.0,0.0,0.0,3893.7776545882207,0.0,0.0,0.0,0.0,0.0,0.0,0.0
1270,0.0,256.08558728098865,0.0,0.0,0.0,0.0,0.0,0.0,0.0,0.0,0.0,0.0,0.0,1319.8797394752503,0.0,0.0,10312.150326371193,0.0,1654.4213692188264,0.0,0.0,8254.7795855999,0.0,0.0,0.0,0.0,0.0,0.0,0.0,3684.551590192317,0.0,0.0,0.0,0.0,0.0,0.0,0.0
1271,0.0,248.09453571438783,0.0,0.0,0.0,0.0,0.0,0.0,0.0,0.0,0.0,0.0,0.0,1331.7528419017792,0.0,0.0,10163.193586677311,0.0,1673.031300854683,0.0,0.0,8366.348024708033,0.0,0.0,0.0,0.0,0.0,0.0,0.0,3511.2047120094294,0.0,0.0,0.0,0.0,0.0,0.0,0.0
1272,0.0,257.31564238071434,0.0,0.0,0.0,0.0,0.0,0.0,0.0,0.0,0.0,0.0,0.0,1339.337603187561,0.0,0.0,10219.003455460072,0.0,1739.2154260635375,0.0,0.0,8243.664704060555,0.0,0.0,0.0,0.0,0.0,0.0,0.0,3670.4902904957535,0.0,0.0,0.0,0.0,0.0,0.0,0.0
1273,0.0,263.64474622607224,0.0,0.0,0.0,0.0,0.0,0.0,0.0,0.0,0.0,0.0,0.0,1343.7385688781737,0.0,0.0,10218.395160794256,0.0,1824.2496967315674,0.0,0.0,8232.317909270525,0.0,0.0,0.0,0.0,0.0,0.0,0.0,3868.3613626897336,0.0,0.0,0.0,0.0,0.0,0.0,0.0
1274,0.0,270.31688963770864,0.0,0.0,0.0,0.0,0.0,0.0,0.0,0.0,0.0,0.0,0.0,1347.563409781456,0.0,0.0,10203.560394078493,0.0,1910.8937319993972,0.0,0.0,8262.724582368135,0.0,0.0,0.0,0.0,0.0,0.0,0.0,4109.50731870234,0.0,0.0,0.0,0.0,0.0,0.0,0.0
1275,0.0,276.82894604802124,0.0,0.0,0.0,0.0,0.0,0.0,0.0,0.0,0.0,0.0,0.0,1352.463474392891,0.0,0.0,10202.096441954372,0.0,1985.6228770732878,0.0,0.0,8268.546634340286,0.0,0.0,0.0,0.0,0.0,0.0,0.0,4394.753358119725,0.0,0.0,0.0,0.0,0.0,0.0,0.0
1276,0.0,291.74711310267446,0.0,0.0,0.0,0.0,0.0,0.0,0.0,0.0,0.0,0.0,0.0,1356.8743933677674,0.0,0.0,10217.983667343853,0.0,1989.2,0.0,0.0,8260.314016699791,0.0,0.0,0.0,0.0,0.0,0.0,0.0,4681.227071768046,0.0,0.0,0.0,0.0,0.0,0.0,0.0
1277,0.0,314.1143477261066,0.0,0.0,0.0,0.0,0.0,0.0,0.0,0.0,0.0,0.0,0.0,1348.5616076231004,0.0,0.0,10201.814074993132,0.0,1989.2,0.0,0.0,8195.043455260991,0.0,0.0,0.0,0.0,0.0,0.0,0.0,4969.975689271091,0.0,0.0,0.0,0.0,0.0,0.0,0.0
1278,0.0,326.3287109792233,0.0,0.0,0.0,0.0,0.0,0.0,0.0,0.0,0.0,0.0,0.0,1346.5786623239517,0.0,0.0,9899.364055335522,0.0,1989.2,0.0,0.0,8701.759375584126,0.0,0.0,0.0,0.0,0.0,0.0,0.0,5205.525692787765,0.0,0.0,0.0,0.0,0.0,0.0,0.0
1279,0.0,346.72268954515454,0.0,0.0,0.0,0.0,0.0,0.0,0.0,0.0,0.0,0.0,0.0,1349.669560599327,0.0,0.0,9621.511076122522,0.0,1989.2,0.0,0.0,9108.736854654551,0.0,0.0,0.0,0.0,0.0,0.0,0.0,5424.9683934271325,0.0,0.0,0.0,0.0,0.0,0.0,0.0
1280,0.0,367.1455656945705,0.0,0.0,0.0,0.0,0.0,0.0,0.0,0.0,0.0,0.0,0.0,1359.045644044876,0.0,0.0,9351.18321532011,0.0,1989.2,0.0,0.0,9409.481715935468,0.0,0.0,0.0,0.0,0.0,0.0,0.0,5574.640866830944,0.0,0.0,0.0,0.0,0.0,0.0,0.0
1281,0.0,378.777600556612,0.0,0.0,0.0,0.0,0.0,0.0,0.0,0.0,0.0,0.0,0.0,1368.0615262031556,0.0,0.0,9070.256870090961,0.0,1989.2,0.0,0.0,9624.450766897202,0.0,0.0,0.0,0.0,0.0,0.0,0.0,5545.486225536466,0.0,0.0,0.0,0.0,0.0,0.0,0.0
1282,0.0,381.70141877532,0.0,0.0,0.0,0.0,0.0,0.0,0.0,0.0,0.0,0.0,0.0,1358.817166852951,0.0,0.0,8800.42451274395,0.0,1989.2,0.0,0.0,9525.478910958767,0.0,0.0,0.0,0.0,0.0,0.0,0.0,5214.644835278392,0.0,0.0,0.0,0.0,0.0,0.0,0.0
1283,0.0,387.88712888360016,0.0,0.0,0.0,0.0,0.0,0.0,0.0,0.0,0.0,0.0,0.0,1351.238054728508,0.0,0.0,8527.68525364995,0.0,1989.2,0.0,0.0,9430.98727993369,0.0,0.0,0.0,0.0,0.0,0.0,0.0,4888.950274866818,0.0,0.0,0.0,0.0,0.0,0.0,0.0
1284,0.0,393.27206731438633,0.0,0.0,0.0,0.0,0.0,0.0,0.0,0.0,0.0,0.0,0.0,1347.2366551160812,0.0,0.0,8280.59704941511,0.0,1989.2,0.0,0.0,9340.773025417328,0.0,0.0,0.0,0.0,0.0,0.0,0.0,4600.725995400548,0.0,0.0,0.0,0.0,0.0,0.0,0.0
1285,0.0,395.05473960042,0.0,0.0,0.0,0.0,0.0,0.0,0.0,0.0,0.0,0.0,0.0,1346.5204669952393,0.0,0.0,8077.166044443846,0.0,1989.2,0.0,0.0,9254.640565216541,0.0,0.0,0.0,0.0,0.0,0.0,0.0,4361.838309070467,0.0,0.0,0.0,0.0,0.0,0.0,0.0
1286,0.0,388.3778547406196,0.0,0.0,0.0,0.0,0.0,0.0,0.0,0.0,0.0,0.0,0.0,1347.5810746192933,0.0,0.0,7934.121119916439,0.0,1989.2,0.0,0.0,9172.407033008336,0.0,0.0,0.0,0.0,0.0,0.0,0.0,4171.999010762573,0.0,0.0,0.0,0.0,0.0,0.0,0.0
1287,0.0,347.13676666617386,0.0,0.0,0.0,0.0,0.0,0.0,0.0,0.0,0.0,0.0,0.0,1356.7738741636276,0.0,0.0,7506.9473576545715,0.0,1989.2,0.0,0.0,9247.711021506786,0.0,0.0,0.0,0.0,0.0,0.0,0.0,3653.018623885511,0.0,0.0,0.0,0.0,0.0,0.0,0.0
1288,0.0,305.0903899133205,0.0,0.0,0.0,0.0,0.0,0.0,0.0,0.0,0.0,0.0,0.0,1361.5510919332507,0.0,0.0,7129.612530857323,0.0,1989.2,0.0,0.0,9314.736978542805,0.0,0.0,0.0,0.0,0.0,0.0,0.0,3208.7130137562754,0.0,0.0,0.0,0.0,0.0,0.0,0.0
1289,0.0,262.80486461520195,0.0,0.0,0.0,0.0,0.0,0.0,0.0,0.0,0.0,0.0,0.0,1350.9460020542144,0.0,0.0,6792.669403314589,0.0,1989.2,0.0,0.0,9266.34158781767,0.0,0.0,0.0,0.0,0.0,0.0,0.0,2784.129384446144,0.0,0.0,0.0,0.0,0.0,0.0,0.0
1290,0.0,218.68660126626492,0.0,0.0,0.0,0.0,0.0,0.0,0.0,0.0,0.0,0.0,0.0,1345.4494577407836,0.0,0.0,6507.877819985151,0.0,1989.2,0.0,0.0,9189.644303262234,0.0,0.0,0.0,0.0,0.0,0.0,0.0,2384.7179586380703,0.0,0.0,0.0,0.0,0.0,0.0,0.0
1291,0.0,204.12244363725185,0.0,0.0,0.0,0.0,0.0,0.0,0.0,0.0,0.0,0.0,0.0,1349.9663657426834,0.0,0.0,6570.471496671436,0.0,1989.2,0.0,0.0,9103.855777072906,0.0,0.0,0.0,0.0,0.0,0.0,0.0,2460.169659711419,0.0,0.0,0.0,0.0,0.0,0.0,0.0
1292,0.0,191.5243457257747,0.0,0.0,0.0,0.0,0.0,0.0,0.0,0.0,0.0,0.0,0.0,1351.6612934827804,0.0,0.0,6636.8868507146835,0.0,1960.615266418457,0.0,0.0,9010.019921636582,0.0,0.0,0.0,0.0,0.0,0.0,0.0,2612.4866048827766,0.0,0.0,0.0,0.0,0.0,0.0,0.0
1293,0.0,180.05674653053276,0.0,0.0,0.0,0.0,0.0,0.0,0.0,0.0,0.0,0.0,0.0,1349.7230034589768,0.0,0.0,6630.634328305721,0.0,1927.0186480760576,0.0,0.0,8909.639631700516,0.0,0.0,0.0,0.0,0.0,0.0,0.0,2869.110115709901,0.0,0.0,0.0,0.0,0.0,0.0,0.0
1294,0.0,172.15237368643278,0.0,0.0,0.0,0.0,0.0,0.0,0.0,0.0,0.0,0.0,0.0,1347.883618593216,0.0,0.0,6606.742038458586,0.0,1889.1019750118257,0.0,0.0,8751.711552125216,0.0,0.0,0.0,0.0,0.0,0.0,0.0,3255.980822128057,0.0,0.0,0.0,0.0,0.0,0.0,0.0
1295,0.0,180.70154139697544,0.0,0.0,0.0,0.0,0.0,0.0,0.0,0.0,0.0,0.0,0.0,1348.599537706375,0.0,0.0,6579.252097934483,0.0,1844.7144679784772,0.0,0.0,8533.272885167598,0.0,0.0,0.0,0.0,0.0,0.0,0.0,3786.7931680142865,0.0,0.0,0.0,0.0,0.0,0.0,0.0
1296,0.0,217.50519510805603,0.0,0.0,0.0,0.0,0.0,0.0,0.0,0.0,0.0,0.0,0.0,1348.0863607168199,0.0,0.0,6668.054562568663,0.0,1820.5442858695983,0.0,0.0,7490.6393514990805,0.0,0.0,0.0,0.0,0.0,0.0,0.0,4759.061618009208,0.0,0.0,0.0,0.0,0.0,0.0,0.0
1297,0.0,267.62719795703885,0.0,0.0,0.0,0.0,0.0,0.0,0.0,0.0,0.0,0.0,0.0,1349.396248793602,0.0,0.0,6746.5059055686,0.0,1790.1920954942702,0.0,0.0,5955.558920359612,0.0,0.0,0.0,0.0,0.0,0.0,0.0,5836.6985085874785,0.0,0.0,0.0,0.0,0.0,0.0,0.0
1298,0.0,318.29877392649644,0.0,0.0,0.0,0.0,0.0,0.0,0.0,0.0,0.0,0.0,0.0,1348.8671106815339,0.0,0.0,6810.498193264008,0.0,1758.0294090270995,0.0,0.0,4963.754352754355,0.0,0.0,0.0,0.0,0.0,0.0,0.0,7019.7667603135105,0.0,0.0,0.0,0.0,0.0,0.0,0.0
1299,0.0,367.2962820231914,0.0,0.0,0.0,0.0,0.0,0.0,0.0,0.0,0.0,0.0,0.0,1344.069268989563,0.0,0.0,6871.059294551609,0.0,1726.665972995758,0.0,0.0,4702.246125349402,0.0,0.0,0.0,0.0,0.0,0.0,0.0,8271.83825929165,0.0,0.0,0.0,0.0,0.0,0.0,0.0
1300,0.0,413.30319884419436,0.0,0.0,0.0,0.0,0.0,0.0,0.0,0.0,0.0,0.0,0.0,1334.9389688968658,0.0,0.0,6927.35533234477,0.0,1695.0356458902359,0.0,0.0,4576.5285558789965,0.0,0.0,0.0,0.0,0.0,0.0,0.0,9373.328552806375,0.0,0.0,0.0,0.0,0.0,0.0,0.0
1301,0.0,454.56861138939854,0.0,0.0,0.0,0.0,0.0,0.0,0.0,0.0,0.0,0.0,0.0,1325.4367208480835,0.0,0.0,6979.155279129742,0.0,1669.52401304245,0.0,0.0,4609.861998420953,0.0,0.0,0.0,0.0,0.0,0.0,0.0,10451.774732023476,0.0,0.0,0.0,0.0,0.0,0.0,0.0
1302,0.0,480.77594207525254,0.0,0.0,0.0,0.0,0.0,0.0,0.0,0.0,0.0,0.0,0.0,1311.3290612697601,0.0,0.0,6735.809409469366,0.0,1635.9858475208282,0.0,0.0,4330.859155771135,0.0,0.0,0.0,0.0,0.0,0.0,0.0,11198.243334698676,0.0,0.0,0.0,0.0,0.0,0.0,0.0
1303,0.0,501.34922593832016,0.0,0.0,0.0,0.0,0.0,0.0,0.0,0.0,0.0,0.0,0.0,1297.6865159749984,0.0,0.0,6503.784665852783,0.0,1611.6418483018874,0.0,0.0,4161.814378103613,0.0,0.0,0.0,0.0,0.0,0.0,0.0,11877.642231833936,0.0,0.0,0.0,0.0,0.0,0.0,0.0
1304,0.0,517.4671196579933,0.0,0.0,0.0,0.0,0.0,0.0,0.0,0.0,0.0,0.0,0.0,1285.1449294567108,0.0,0.0,6269.485429137945,0.0,1594.7191045761108,0.0,0.0,4073.127844557166,0.0,0.0,0.0,0.0,0.0,0.0,0.0,12455.590035939216,0.0,0.0,0.0,0.0,0.0,0.0,0.0
1305,0.0,532.0560787081719,0.0,0.0,0.0,0.0,0.0,0.0,0.0,0.0,0.0,0.0,0.0,1272.0261421203613,0.0,0.0,6036.226594105361,0.0,1578.1206376552582,0.0,0.0,3978.8977971464396,0.0,0.0,0.0,0.0,0.0,0.0,0.0,12918.79098085165,0.0,0.0,0.0,0.0,0.0,0.0,0.0
1306,0.0,524.5142022013664,0.0,0.0,0.0,0.0,0.0,0.0,0.0,0.0,0.0,0.0,0.0,1250.1408427476883,0.0,0.0,5882.4171098172665,0.0,1537.9023699522018,0.0,0.0,3904.1033517301084,0.0,0.0,0.0,0.0,0.0,0.0,0.0,13093.84177684784,0.0,0.0,0.0,0.0,0.0,0.0,0.0
1307,0.0,513.8926288604737,0.0,0.0,0.0,0.0,0.0,0.0,0.0,0.0,0.0,0.0,0.0,1237.7593158006669,0.0,0.0,5731.978138044476,0.0,1513.867945408821,0.0,0.0,3818.8567638158797,0.0,0.0,0.0,0.0,0.0,0.0,0.0,13178.308656835556,0.0,0.0,0.0,0.0,0.0,0.0,0.0
1308,0.0,502.8196359872818,0.0,0.0,0.0,0.0,0.0,0.0,0.0,0.0,0.0,0.0,0.0,1235.0186655282973,0.0,0.0,5611.945731922983,0.0,1502.0707908153533,0.0,0.0,3725.8913399666544,0.0,0.0,0.0,0.0,0.0,0.0,0.0,13148.339664328098,0.0,0.0,0.0,0.0,0.0,0.0,0.0
1309,0.0,492.148740363121,0.0,0.0,0.0,0.0,0.0,0.0,0.0,0.0,0.0,0.0,0.0,1235.4742748737335,0.0,0.0,5515.677655965088,0.0,1496.7339178562165,0.0,0.0,3610.3912749141455,0.0,0.0,0.0,0.0,0.0,0.0,0.0,12998.133089351653,0.0,0.0,0.0,0.0,0.0,0.0,0.0
1310,0.0,482.9402869105339,0.0,0.0,0.0,0.0,0.0,0.0,0.0,0.0,0.0,0.0,0.0,1237.4737193107605,0.0,0.0,5439.655602276325,0.0,1501.6220201730728,0.0,0.0,3464.106693765521,0.0,0.0,0.0,0.0,0.0,0.0,0.0,12788.779737377166,0.0,0.0,0.0,0.0,0.0,0.0,0.0
1311,0.0,469.8107399940491,0.0,0.0,0.0,0.0,0.0,0.0,0.0,0.0,0.0,0.0,0.0,1250.3877021312715,0.0,0.0,5135.7669112831345,0.0,1537.8557736873627,0.0,0.0,3383.194098258018,0.0,0.0,0.0,0.0,0.0,0.0,0.0,11729.689225578308,0.0,0.0,0.0,0.0,0.0,0.0,0.0
1312,0.0,445.8861500680447,0.0,0.0,0.0,0.0,0.0,0.0,0.0,0.0,0.0,0.0,0.0,1257.121323108673,0.0,0.0,4833.814728692172,0.0,1560.6868763685227,0.0,0.0,3307.659104785323,0.0,0.0,0.0,0.0,0.0,0.0,0.0,10674.572111260892,0.0,0.0,0.0,0.0,0.0,0.0,0.0
1313,0.0,427.71537762880325,0.0,0.0,0.0,0.0,0.0,0.0,0.0,0.0,0.0,0.0,0.0,1255.1755905389787,0.0,0.0,4557.846140563487,0.0,1576.5351789951324,0.0,0.0,3235.1962049871677,0.0,0.0,0.0,0.0,0.0,0.0,0.0,9756.00347009301,0.0,0.0,0.0,0.0,0.0,0.0,0.0
1314,0.0,412.47577405571934,0.0,0.0,0.0,0.0,0.0,0.0,0.0,0.0,0.0,0.0,0.0,1253.7610584735871,0.0,0.0,4286.651732116938,0.0,1603.3392950057982,0.0,0.0,3171.6120101362467,0.0,0.0,0.0,0.0,0.0,0.0,0.0,8968.039116799831,0.0,0.0,0.0,0.0,0.0,0.0,0.0
1315,0.0,397.9638004124164,0.0,0.0,0.0,0.0,0.0,0.0,0.0,0.0,0.0,0.0,0.0,1261.7496002912521,0.0,0.0,4353.207880705595,0.0,1627.3147924661637,0.0,0.0,3213.2065296471114,0.0,0.0,0.0,0.0,0.0,0.0,0.0,8790.580705183744,0.0,0.0,0.0,0.0,0.0,0.0,0.0
1316,0.0,383.12755660414695,0.0,0.0,0.0,0.0,0.0,0.0,0.0,0.0,0.0,0.0,0.0,1270.3989146471024,0.0,0.0,4413.511895820497,0.0,1659.263942360878,0.0,0.0,3267.9874064952132,0.0,0.0,0.0,0.0,0.0,0.0,0.0,8691.067854827643,0.0,0.0,0.0,0.0,0.0,0.0,0.0
1317,0.0,367.7019704282284,0.0,0.0,0.0,0.0,0.0,0.0,0.0,0.0,0.0,0.0,0.0,1279.4780136108398,0.0,0.0,4471.306112036107,0.0,1693.6336081504821,0.0,0.0,3334.5234997719526,0.0,0.0,0.0,0.0,0.0,0.0,0.0,8677.40324397683,0.0,0.0,0.0,0.0,0.0,0.0,0.0
1318,0.0,355.2196171581745,0.0,0.0,0.0,0.0,0.0,0.0,0.0,0.0,0.0,0.0,0.0,1289.2818192720413,0.0,0.0,4524.787036791442,0.0,1720.2768306970597,0.0,0.0,3408.241032090783,0.0,0.0,0.0,0.0,0.0,0.0,0.0,8703.82988103032,0.0,0.0,0.0,0.0,0.0,0.0,0.0
1319,0.0,347.6278011381626,0.0,0.0,0.0,0.0,0.0,0.0,0.0,0.0,0.0,0.0,0.0,1299.2814625263213,0.0,0.0,4572.24141049385,0.0,1727.2791940689087,0.0,0.0,3487.324056091905,0.0,0.0,0.0,0.0,0.0,0.0,0.0,8714.162594866753,0.0,0.0,0.0,0.0,0.0,0.0,0.0
1320,0.0,371.29161141514777,0.0,0.0,0.0,0.0,0.0,0.0,0.0,0.0,0.0,0.0,0.0,1305.988900089264,0.0,0.0,4692.619191080331,0.0,1731.6642227172852,0.0,0.0,3738.3211030304433,0.0,0.0,0.0,0.0,0.0,0.0,0.0,9320.556279885768,0.0,0.0,0.0,0.0,0.0,0.0,0.0
1321,0.0,393.9390123188495,0.0,0.0,0.0,0.0,0.0,0.0,0.0,0.0,0.0,0.0,0.0,1309.1657911539078,0.0,0.0,4807.921756133436,0.0,1713.3005517482757,0.0,0.0,3958.5505883663886,0.0,0.0,0.0,0.0,0.0,0.0,0.0,9830.779859936236,0.0,0.0,0.0,0.0,0.0,0.0,0.0
1322,0.0,412.93061640858645,0.0,0.0,0.0,0.0,0.0,0.0,0.0,0.0,0.0,0.0,0.0,1307.4711324214936,0.0,0.0,4924.103314757346,0.0,1683.9707521915436,0.0,0.0,4169.162940010428,0.0,0.0,0.0,0.0,0.0,0.0,0.0,10232.129166805742,0.0,0.0,0.0,0.0,0.0,0.0,0.0
1323,0.0,427.18556989431374,0.0,0.0,0.0,0.0,0.0,0.0,0.0,0.0,0.0,0.0,0.0,1299.9348821878434,0.0,0.0,5058.048711150884,0.0,1655.093398809433,0.0,0.0,4377.2318148672575,0.0,0.0,0.0,0.0,0.0,0.0,0.0,10531.78510031104,0.0,0.0,0.0,0.0,0.0,0.0,0.0
1324,0.0,437.82518318295473,0.0,0.0,0.0,0.0,0.0,0.0,0.0,0.0,0.0,0.0,0.0,1289.6604027509688,0.0,0.0,5211.333132907748,0.0,1631.0778261899948,0.0,0.0,4588.848720252513,0.0,0.0,0.0,0.0,0.0,0.0,0.0,10742.473525410891,0.0,0.0,0.0,0.0,0.0,0.0,0.0
1325,0.0,446.7184565842151,0.0,0.0,0.0,0.0,0.0,0.0,0.0,0.0,0.0,0.0,0.0,1277.542682671547,0.0,0.0,5373.611681357026,0.0,1596.2815615177155,0.0,0.0,4761.860243886708,0.0,0.0,0.0,0.0,0.0,0.0,0.0,10923.222610223293,0.0,0.0,0.0,0.0,0.0,0.0,0.0
1326,0.0,439.3946025252342,0.0,0.0,0.0,0.0,0.0,0.0,0.0,0.0,0.0,0.0,0.0,1262.7345270872115,0.0,0.0,5181.508803263305,0.0,1559.8531233549118,0.0,0.0,5232.698033845425,0.0,0.0,0.0,0.0,0.0,0.0,0.0,10308.229058176279,0.0,0.0,0.0,0.0,0.0,0.0,0.0
1327,0.0,423.33197894096367,0.0,0.0,0.0,0.0,0.0,0.0,0.0,0.0,0.0,0.0,0.0,1245.1920877456664,0.0,0.0,4994.87979929149,0.0,1520.1455175161361,0.0,0.0,5621.681951147318,0.0,0.0,0.0,0.0,0.0,0.0,0.0,9683.355531066656,0.0,0.0,0.0,0.0,0.0,0.0,0.0
1328,0.0,397.77156134247775,0.0,0.0,0.0,0.0,0.0,0.0,0.0,0.0,0.0,0.0,0.0,1224.4521334171295,0.0,0.0,4815.317359119652,0.0,1478.4423347473144,0.0,0.0,5938.816963523626,0.0,0.0,0.0,0.0,0.0,0.0,0.0,9066.93722600937,0.0,0.0,0.0,0.0,0.0,0.0,0.0
1329,0.0,364.0339412391186,0.0,0.0,0.0,0.0,0.0,0.0,0.0,0.0,0.0,0.0,0.0,1204.3092864751816,0.0,0.0,4651.281212463974,0.0,1428.0216192245484,0.0,0.0,6195.014498591423,0.0,0.0,0.0,0.0,0.0,0.0,0.0,8475.156299656628,0.0,0.0,0.0,0.0,0.0,0.0,0.0
1330,0.0,341.012835663557,0.0,0.0,0.0,0.0,0.0,0.0,0.0,0.0,0.0,0.0,0.0,1164.102411842346,0.0,0.0,4676.962215334177,0.0,1361.193327331543,0.0,0.0,6053.885294508934,0.0,0.0,0.0,0.0,0.0,0.0,0.0,7934.0669282495965,0.0,0.0,0.0,0.0,0.0,0.0,0.0
1331,0.0,317.6677685379982,0.0,0.0,0.0,0.0,0.0,0.0,0.0,0.0,0.0,0.0,0.0,1125.1900918483734,0.0,0.0,4742.271048709749,0.0,1299.1059978961944,0.0,0.0,5906.142626917363,0.0,0.0,0.0,0.0,0.0,0.0,0.0,7444.605688005685,0.0,0.0,0.0,0.0,0.0,0.0,0.0
1332,0.0,291.9863738715648,0.0,0.0,0.0,0.0,0.0,0.0,0.0,0.0,0.0,0.0,0.0,1086.622550034523,0.0,0.0,4832.125972017644,0.0,1246.5451740264893,0.0,0.0,5754.466516828537,0.0,0.0,0.0,0.0,0.0,0.0,0.0,6979.831728982925,0.0,0.0,0.0,0.0,0.0,0.0,0.0
1333,0.0,263.08654591441154,0.0,0.0,0.0,0.0,0.0,0.0,0.0,0.0,0.0,0.0,0.0,1051.7594233512878,0.0,0.0,4930.055968120692,0.0,1199.10661945343,0.0,0.0,5599.424334257841,0.0,0.0,0.0,0.0,0.0,0.0,0.0,6533.404538673162,0.0,0.0,0.0,0.0,0.0,0.0,0.0
1334,0.0,234.47781201303002,0.0,0.0,0.0,0.0,0.0,0.0,0.0,0.0,0.0,0.0,0.0,1022.5620468139648,0.0,0.0,5031.708463102577,0.0,1163.705670428276,0.0,0.0,5440.093270343542,0.0,0.0,0.0,0.0,0.0,0.0,0.0,6116.682363790273,0.0,0.0,0.0,0.0,0.0,0.0,0.0
1335,0.0,196.38695332109927,0.0,0.0,0.0,0.0,0.0,0.0,0.0,0.0,0.0,0.0,0.0,1009.8665879011154,0.0,0.0,4755.619305059312,0.0,1149.4127108097077,0.0,0.0,5444.286479902267,0.0,0.0,0.0,0.0,0.0,0.0,0.0,4850.487367776035,0.0,0.0,0.0,0.0,0.0,0.0,0.0
1336,0.0,170.62721253633492,0.0,0.0,0.0,0.0,0.0,0.0,0.0,0.0,0.0,0.0,0.0,997.5777789354324,0.0,0.0,4464.709381967782,0.0,1134.4885081529617,0.0,0.0,5450.835758543015,0.0,0.0,0.0,0.0,0.0,0.0,0.0,3761.5659994214757,0.0,0.0,0.0,0.0,0.0,0.0,0.0
1337,0.0,149.65693759918207,0.0,0.0,0.0,0.0,0.0,0.0,0.0,0.0,0.0,0.0,0.0,974.997453379631,0.0,0.0,4235.245387762783,0.0,1101.9720220565796,0.0,0.0,5452.288395327329,0.0,0.0,0.0,0.0,0.0,0.0,0.0,2922.2365880146617,0.0,0.0,0.0,0.0,0.0,0.0,0.0
1338,0.0,130.58676294386387,0.0,0.0,0.0,0.0,0.0,0.0,0.0,0.0,0.0,0.0,0.0,961.8128488302231,0.0,0.0,3992.918139412999,0.0,1090.3603039979935,0.0,0.0,5458.682055938244,0.0,0.0,0.0,0.0,0.0,0.0,0.0,2205.557256464659,0.0,0.0,0.0,0.0,0.0,0.0,0.0
1339,0.0,105.82996469736094,0.0,0.0,0.0,0.0,0.0,0.0,0.0,0.0,0.0,0.0,0.0,964.4768319129944,0.0,0.0,4192.479627996681,0.0,1072.0650453567505,0.0,0.0,5536.557677793503,0.0,0.0,0.0,0.0,0.0,0.0,0.0,2136.2392255842688,0.0,0.0,0.0,0.0,0.0,0.0,0.0
1340,0.0,85.03093599826092,0.0,0.0,0.0,0.0,0.0,0.0,0.0,0.0,0.0,0.0,0.0,970.9972194671631,0.0,0.0,4372.435281664131,0.0,1062.0547923088075,0.0,0.0,5617.489952623844,0.0,0.0,0.0,0.0,0.0,0.0,0.0,2077.953628610074,0.0,0.0,0.0,0.0,0.0,0.0,0.0
1341,0.0,68.59667686522003,0.0,0.0,0.0,0.0,0.0,0.0,0.0,0.0,0.0,0.0,0.0,976.2184792518616,0.0,0.0,4550.174393579364,0.0,1059.111995124817,0.0,0.0,5687.858366954327,0.0,0.0,0.0,0.0,0.0,0.0,0.0,2028.0192901119588,0.0,0.0,0.0,0.0,0.0,0.0,0.0
1342,0.0,56.306366273760794,0.0,0.0,0.0,0.0,0.0,0.0,0.0,0.0,0.0,0.0,0.0,983.0479566335678,0.0,0.0,4755.157638967035,0.0,1057.9809982538222,0.0,0.0,5723.176999032497,0.0,0.0,0.0,0.0,0.0,0.0,0.0,1995.1716817826016,0.0,0.0,0.0,0.0,0.0,0.0,0.0
1343,0.0,48.02948113381858,0.0,0.0,0.0,0.0,0.0,0.0,0.0,0.0,0.0,0.0,0.0,992.8123975038528,0.0,0.0,5010.141227930783,0.0,1052.273845052719,0.0,0.0,5722.384376460313,0.0,0.0,0.0,0.0,0.0,0.0,0.0,2002.616197067499,0.0,0.0,0.0,0.0,0.0,0.0,0.0
1344,0.0,60.31353525817391,0.0,0.0,0.0,0.0,0.0,0.0,0.0,0.0,0.0,0.0,0.0,1007.3801498889923,0.0,0.0,5456.414431467652,0.0,1062.161857008934,0.0,0.0,5723.853362220526,0.0,0.0,0.0,0.0,0.0,0.0,0.0,2391.6330733120435,0.0,0.0,0.0,0.0,0.0,0.0,0.0
1345,0.0,68.93275856673714,0.0,0.0,0.0,0.0,0.0,0.0,0.0,0.0,0.0,0.0,0.0,1023.3280910253525,0.0,0.0,5904.402450338005,0.0,1060.4430120944976,0.0,0.0,5645.063408750296,0.0,0.0,0.0,0.0,0.0,0.0,0.0,2803.0912559181447,0.0,0.0,0.0,0.0,0.0,0.0,0.0
1346,0.0,75.94640548378227,0.0,0.0,0.0,0.0,0.0,0.0,0.0,0.0,0.0,0.0,0.0,1037.5674746990203,0.0,0.0,6284.888819128274,0.0,1048.269174718857,0.0,0.0,5508.662086290121,0.0,0.0,0.0,0.0,0.0,0.0,0.0,3217.1700438708062,0.0,0.0,0.0,0.0,0.0,0.0,0.0
1347,0.0,82.44120049774641,0.0,0.0,0.0,0.0,0.0,0.0,0.0,0.0,0.0,0.0,0.0,1047.5633518457412,0.0,0.0,6583.141450017689,0.0,1030.0387714385986,0.0,0.0,5345.311596375704,0.0,0.0,0.0,0.0,0.0,0.0,0.0,3590.9662909388544,0.0,0.0,0.0,0.0,0.0,0.0,0.0
1348,0.0,89.23759650439024,0.0,0.0,0.0,0.0,0.0,0.0,0.0,0.0,0.0,0.0,0.0,1051.403077840805,0.0,0.0,6800.968502789734,0.0,999.8147504329681,0.0,0.0,5052.096346771717,0.0,0.0,0.0,0.0,0.0,0.0,0.0,3967.013937053083,0.0,0.0,0.0,0.0,0.0,0.0,0.0
1349,0.0,97.19847394376988,0.0,0.0,0.0,0.0,0.0,0.0,0.0,0.0,0.0,0.0,0.0,1048.404269862175,0.0,0.0,6943.076093465088,0.0,950.1503646135329,0.0,0.0,4669.92541103661,0.0,0.0,0.0,0.0,0.0,0.0,0.0,4329.914439716935,0.0,0.0,0.0,0.0,0.0,0.0,0.0
1350,0.0,83.3024536952376,0.0,0.0,0.0,0.0,0.0,0.0,0.0,0.0,0.0,0.0,0.0,1038.0958057880403,0.0,0.0,6936.330401211975,0.0,882.9457456350325,0.0,0.0,3833.2898819446564,0.0,0.0,0.0,0.0,0.0,0.0,0.0,4373.522006979583,0.0,0.0,0.0,0.0,0.0,0.0,0.0
1351,0.0,70.98025756627315,0.0,0.0,0.0,0.0,0.0,0.0,0.0,0.0,0.0,0.0,0.0,1023.1986086606979,0.0,0.0,6919.407830297945,0.0,816.3715397357939,0.0,0.0,3388.0094771772624,0.0,0.0,0.0,0.0,0.0,0.0,0.0,4403.161932167411,0.0,0.0,0.0,0.0,0.0,0.0,0.0
1352,0.0,59.767342874407674,0.0,0.0,0.0,0.0,0.0,0.0,0.0,0.0,0.0,0.0,0.0,995.2814396858215,0.0,0.0,6863.501505583525,0.0,747.2900872349738,0.0,0.0,3022.5983610481026,0.0,0.0,0.0,0.0,0.0,0.0,0.0,4409.963862147926,0.0,0.0,0.0,0.0,0.0,0.0,0.0
1353,0.0,48.75833149552336,0.0,0.0,0.0,0.0,0.0,0.0,0.0,0.0,0.0,0.0,0.0,958.4818163633347,0.0,0.0,6776.060314178467,0.0,670.7871421098708,0.0,0.0,2759.386509802937,0.0,0.0,0.0,0.0,0.0,0.0,0.0,4301.201327210665,0.0,0.0,0.0,0.0,0.0,0.0,0.0
1354,0.0,45.37906772196287,0.0,0.0,0.0,0.0,0.0,0.0,0.0,0.0,0.0,0.0,0.0,903.7622462511063,0.0,0.0,6755.2445018291455,0.0,591.6852992057799,0.0,0.0,2731.788227453828,0.0,0.0,0.0,0.0,0.0,0.0,0.0,4171.544825538992,0.0,0.0,0.0,0.0,0.0,0.0,0.0
1355,0.0,42.54846525192261,0.0,0.0,0.0,0.0,0.0,0.0,0.0,0.0,0.0,0.0,0.0,851.6356411933899,0.0,0.0,6734.522033929823,0.0,537.6955824971199,0.0,0.0,2750.669780820608,0.0,0.0,0.0,0.0,0.0,0.0,0.0,4040.328327804804,0.0,0.0,0.0,0.0,0.0,0.0,0.0
1356,0.0,40.40446094870566,0.0,0.0,0.0,0.0,0.0,0.0,0.0,0.0,0.0,0.0,0.0,806.085735964775,0.0,0.0,6710.020671546459,0.0,503.27937972545624,0.0,0.0,2763.992985141277,0.0,0.0,0.0,0.0,0.0,0.0,0.0,3928.4259120583515,0.0,0.0,0.0,0.0,0.0,0.0,0.0
1357,0.0,39.488646027445725,0.0,0.0,0.0,0.0,0.0,0.0,0.0,0.0,0.0,0.0,0.0,769.7086340427398,0.0,0.0,6684.078693151474,0.0,486.0586214661597,0.0,0.0,2731.9819930940866,0.0,0.0,0.0,0.0,0.0,0.0,0.0,3847.1224176883684,0.0,0.0,0.0,0.0,0.0,0.0,0.0
1358,0.0,39.70796606093637,0.0,0.0,0.0,0.0,0.0,0.0,0.0,0.0,0.0,0.0,0.0,743.2550013661385,0.0,0.0,6660.601008236406,0.0,483.16348763704286,0.0,0.0,2637.3716806143516,0.0,0.0,0.0,0.0,0.0,0.0,0.0,3783.0736224651323,0.0,0.0,0.0,0.0,0.0,0.0,0.0
1359,0.0,34.51665546745055,0.0,0.0,0.0,0.0,0.0,0.0,0.0,0.0,0.0,0.0,0.0,735.2595101833342,0.0,0.0,6389.504611462353,0.0,505.9511953234671,0.0,0.0,2599.7853850275274,0.0,0.0,0.0,0.0,0.0,0.0,0.0,3310.029948571323,0.0,0.0,0.0,0.0,0.0,0.0,0.0
1360,0.0,29.758058130741034,0.0,0.0,0.0,0.0,0.0,0.0,0.0,0.0,0.0,0.0,0.0,733.1881061911582,0.0,0.0,6104.237360373138,0.0,532.5201365470886,0.0,0.0,2556.5338665336367,0.0,0.0,0.0,0.0,0.0,0.0,0.0,2796.4428304180497,0.0,0.0,0.0,0.0,0.0,0.0,0.0
1361,0.0,25.939035560935714,0.0,0.0,0.0,0.0,0.0,0.0,0.0,0.0,0.0,0.0,0.0,734.5266435861588,0.0,0.0,5876.080966338514,0.0,543.9244834423064,0.0,0.0,2534.563113619387,0.0,0.0,0.0,0.0,0.0,0.0,0.0,2296.380740714073,0.0,0.0,0.0,0.0,0.0,0.0,0.0
1362,0.0,25.95788562297816,0.0,0.0,0.0,0.0,0.0,0.0,0.0,0.0,0.0,0.0,0.0,753.0291713476181,0.0,0.0,5687.984509825706,0.0,573.8027672767638,0.0,0.0,2495.834054893255,0.0,0.0,0.0,0.0,0.0,0.0,0.0,1902.0640725612625,0.0,0.0,0.0,0.0,0.0,0.0,0.0
1363,0.0,25.63789749070993,0.0,0.0,0.0,0.0,0.0,0.0,0.0,0.0,0.0,0.0,0.0,787.636740732193,0.0,0.0,5829.64015778899,0.0,604.8821202278136,0.0,0.0,2594.952748855948,0.0,0.0,0.0,0.0,0.0,0.0,0.0,1925.5146392405013,0.0,0.0,0.0,0.0,0.0,0.0,0.0
1364,0.0,26.93731906525786,0.0,0.0,0.0,0.0,0.0,0.0,0.0,0.0,0.0,0.0,0.0,823.9668559789658,0.0,0.0,5941.373464435339,0.0,646.1660551786423,0.0,0.0,2797.2870690375566,0.0,0.0,0.0,0.0,0.0,0.0,0.0,1958.336030668018,0.0,0.0,0.0,0.0,0.0,0.0,0.0
1365,0.0,29.46878069490189,0.0,0.0,0.0,0.0,0.0,0.0,0.0,0.0,0.0,0.0,0.0,857.6800644874572,0.0,0.0,6044.039135634899,0.0,686.9603143692016,0.0,0.0,3051.346824127436,0.0,0.0,0.0,0.0,0.0,0.0,0.0,2007.7840004354694,0.0,0.0,0.0,0.0,0.0,0.0,0.0
1366,0.0,31.75385710895054,0.0,0.0,0.0,0.0,0.0,0.0,0.0,0.0,0.0,0.0,0.0,884.5452340841293,0.0,0.0,6158.880423530936,0.0,719.4153835058212,0.0,0.0,3309.194697484374,0.0,0.0,0.0,0.0,0.0,0.0,0.0,2088.2919474393116,0.0,0.0,0.0,0.0,0.0,0.0,0.0
1367,0.0,31.560053922235902,0.0,0.0,0.0,0.0,0.0,0.0,0.0,0.0,0.0,0.0,0.0,899.6541402578354,0.0,0.0,6266.042574673889,0.0,733.2212758064269,0.0,0.0,3519.4049854248756,0.0,0.0,0.0,0.0,0.0,0.0,0.0,2219.309919944404,0.0,0.0,0.0,0.0,0.0,0.0,0.0
1368,0.0,37.59331524968145,0.0,0.0,0.0,0.0,0.0,0.0,0.0,0.0,0.0,0.0,0.0,903.0673097372055,0.0,0.0,6426.996798738837,0.0,756.4084308624266,0.0,0.0,3743.3865607291455,0.0,0.0,0.0,0.0,0.0,0.0,0.0,2814.0661934465147,0.0,0.0,0.0,0.0,0.0,0.0,0.0
1369,0.0,43.8934092879295,0.0,0.0,0.0,0.0,0.0,0.0,0.0,0.0,0.0,0.0,0.0,896.6493244409561,0.0,0.0,6596.4912621080875,0.0,760.1705160617828,0.0,0.0,4042.1447186797855,0.0,0.0,0.0,0.0,0.0,0.0,0.0,3399.569889467953,0.0,0.0,0.0,0.0,0.0,0.0,0.0
1370,0.0,49.245234735310035,0.0,0.0,0.0,0.0,0.0,0.0,0.0,0.0,0.0,0.0,0.0,886.496077799797,0.0,0.0,6767.747213035822,0.0,755.2060575246811,0.0,0.0,4352.707139986754,0.0,0.0,0.0,0.0,0.0,0.0,0.0,3940.0166755706055,0.0,0.0,0.0,0.0,0.0,0.0,0.0
1371,0.0,53.97811883389949,0.0,0.0,0.0,0.0,0.0,0.0,0.0,0.0,0.0,0.0,0.0,877.3451537847519,0.0,0.0,6938.408870965242,0.0,750.9781282424925,0.0,0.0,4610.044561985135,0.0,0.0,0.0,0.0,0.0,0.0,0.0,4471.422065857052,0.0,0.0,0.0,0.0,0.0,0.0,0.0
1372,0.0,57.948695902526374,0.0,0.0,0.0,0.0,0.0,0.0,0.0,0.0,0.0,0.0,0.0,870.2469377279282,0.0,0.0,7112.954435884951,0.0,749.1367458224296,0.0,0.0,4816.823078781365,0.0,0.0,0.0,0.0,0.0,0.0,0.0,4928.714625126123,0.0,0.0,0.0,0.0,0.0,0.0,0.0
1373,0.0,63.62439171820871,0.0,0.0,0.0,0.0,0.0,0.0,0.0,0.0,0.0,0.0,0.0,863.1493493556976,0.0,0.0,7259.740139245987,0.0,737.9881448388098,0.0,0.0,4726.162255015969,0.0,0.0,0.0,0.0,0.0,0.0,0.0,5353.290660575031,0.0,0.0,0.0,0.0,0.0,0.0,0.0
1374,0.0,61.4848342761397,0.0,0.0,0.0,0.0,0.0,0.0,0.0,0.0,0.0,0.0,0.0,856.0115891695023,0.0,0.0,7093.965841144323,0.0,718.0150056838988,0.0,0.0,4235.171627435087,0.0,0.0,0.0,0.0,0.0,0.0,0.0,5626.19378260672,0.0,0.0,0.0,0.0,0.0,0.0,0.0
1375,0.0,61.40954625159497,0.0,0.0,0.0,0.0,0.0,0.0,0.0,0.0,0.0,0.0,0.0,854.493847823143,0.0,0.0,6925.187407493591,0.0,701.3560703277587,0.0,0.0,3857.6725629419084,0.0,0.0,0.0,0.0,0.0,0.0,0.0,5890.732085695863,0.0,0.0,0.0,0.0,0.0,0.0,0.0
1376,0.0,66.28319384604686,0.0,0.0,0.0,0.0,0.0,0.0,0.0,0.0,0.0,0.0,0.0,852.1579644441605,0.0,0.0,6753.378390699623,0.0,673.5445027589797,0.0,0.0,3565.819122478366,0.0,0.0,0.0,0.0,0.0,0.0,0.0,6095.970649725198,0.0,0.0,0.0,0.0,0.0,0.0,0.0
1377,0.0,67.60927028506994,0.0,0.0,0.0,0.0,0.0,0.0,0.0,0.0,0.0,0.0,0.0,855.0164400815963,0.0,0.0,6594.455575227737,0.0,664.2933657050132,0.0,0.0,3534.4309053093193,0.0,0.0,0.0,0.0,0.0,0.0,0.0,6240.160716938972,0.0,0.0,0.0,0.0,0.0,0.0,0.0
1378,0.0,72.92545771747824,0.0,0.0,0.0,0.0,0.0,0.0,0.0,0.0,0.0,0.0,0.0,853.2163303375244,0.0,0.0,6388.339750513434,0.0,662.623251235485,0.0,0.0,3458.425727400184,0.0,0.0,0.0,0.0,0.0,0.0,0.0,6028.330319756268,0.0,0.0,0.0,0.0,0.0,0.0,0.0
1379,0.0,75.4320635676384,0.0,0.0,0.0,0.0,0.0,0.0,0.0,0.0,0.0,0.0,0.0,864.3748586893082,0.0,0.0,6221.78758199513,0.0,679.6763577938079,0.0,0.0,3356.9791209250684,0.0,0.0,0.0,0.0,0.0,0.0,0.0,5809.277075713872,0.0,0.0,0.0,0.0,0.0,0.0,0.0
1380,0.0,78.2575879186391,0.0,0.0,0.0,0.0,0.0,0.0,0.0,0.0,0.0,0.0,0.0,881.605697464943,0.0,0.0,6077.993957191706,0.0,700.625054371357,0.0,0.0,3228.7825622946025,0.0,0.0,0.0,0.0,0.0,0.0,0.0,5603.228138208389,0.0,0.0,0.0,0.0,0.0,0.0,0.0
1381,0.0,88.31034178733819,0.0,0.0,0.0,0.0,0.0,0.0,0.0,0.0,0.0,0.0,0.0,901.3559725284576,0.0,0.0,5949.147890314459,0.0,727.2644235372542,0.0,0.0,3073.7406824827194,0.0,0.0,0.0,0.0,0.0,0.0,0.0,5424.275182381271,0.0,0.0,0.0,0.0,0.0,0.0,0.0
1382,0.0,100.04934680610894,0.0,0.0,0.0,0.0,0.0,0.0,0.0,0.0,0.0,0.0,0.0,921.9231342554092,0.0,0.0,5825.25646905601,0.0,757.9506130933761,0.0,0.0,2899.757908576727,0.0,0.0,0.0,0.0,0.0,0.0,0.0,5265.428601396084,0.0,0.0,0.0,0.0,0.0,0.0,0.0
1383,0.0,99.71483623534438,0.0,0.0,0.0,0.0,0.0,0.0,0.0,0.0,0.0,0.0,0.0,954.7392918109894,0.0,0.0,5543.687602862714,0.0,808.5341191291809,0.0,0.0,2799.393059340119,0.0,0.0,0.0,0.0,0.0,0.0,0.0,4700.2063006371245,0.0,0.0,0.0,0.0,0.0,0.0,0.0
1384,0.0,100.33996391147369,0.0,0.0,0.0,0.0,0.0,0.0,0.0,0.0,0.0,0.0,0.0,980.8806514024734,0.0,0.0,5263.423225358128,0.0,850.3745415329934,0.0,0.0,2696.876805979013,0.0,0.0,0.0,0.0,0.0,0.0,0.0,4187.590292689203,0.0,0.0,0.0,0.0,0.0,0.0,0.0
1385,0.0,101.19515703320496,0.0,0.0,0.0,0.0,0.0,0.0,0.0,0.0,0.0,0.0,0.0,978.8890081882477,0.0,0.0,4983.217188134789,0.0,837.6491964578629,0.0,0.0,2623.6400546550744,0.0,0.0,0.0,0.0,0.0,0.0,0.0,3811.889432904124,0.0,0.0,0.0,0.0,0.0,0.0,0.0
1386,0.0,102.05854247957465,0.0,0.0,0.0,0.0,0.0,0.0,0.0,0.0,0.0,0.0,0.0,964.8090564012527,0.0,0.0,4698.484722957013,0.0,808.6606285810469,0.0,0.0,2560.2363040566443,0.0,0.0,0.0,0.0,0.0,0.0,0.0,3597.4644664704797,0.0,0.0,0.0,0.0,0.0,0.0,0.0
1387,0.0,101.58874632865185,0.0,0.0,0.0,0.0,0.0,0.0,0.0,0.0,0.0,0.0,0.0,962.123642373085,0.0,0.0,4684.949777707456,0.0,764.8909666776657,0.0,0.0,2575.3930157482623,0.0,0.0,0.0,0.0,0.0,0.0,0.0,3821.6059591442327,0.0,0.0,0.0,0.0,0.0,0.0,0.0
1388,0.0,91.39648446589703,0.0,0.0,0.0,0.0,0.0,0.0,0.0,0.0,0.0,0.0,0.0,961.8267475605011,0.0,0.0,4640.030483692884,0.0,720.1975012183188,0.0,0.0,2584.601122283935,0.0,0.0,0.0,0.0,0.0,0.0,0.0,4048.902520349621,0.0,0.0,0.0,0.0,0.0,0.0,0.0
1389,0.0,86.36646026372908,0.0,0.0,0.0,0.0,0.0,0.0,0.0,0.0,0.0,0.0,0.0,961.20094602108,0.0,0.0,4588.866445973514,0.0,679.5037263393401,0.0,0.0,2594.138630408049,0.0,0.0,0.0,0.0,0.0,0.0,0.0,4258.740071380137,0.0,0.0,0.0,0.0,0.0,0.0,0.0
1390,0.0,86.27127358764405,0.0,0.0,0.0,0.0,0.0,0.0,0.0,0.0,0.0,0.0,0.0,951.660947227478,0.0,0.0,4535.912528425455,0.0,637.6385237336158,0.0,0.0,2602.013992649316,0.0,0.0,0.0,0.0,0.0,0.0,0.0,4432.347310519218,0.0,0.0,0.0,0.0,0.0,0.0,0.0
1391,0.0,95.67072463631622,0.0,0.0,0.0,0.0,0.0,0.0,0.0,0.0,0.0,0.0,0.0,926.6983793020248,0.0,0.0,4487.466758877038,0.0,596.218416237831,0.0,0.0,2588.3347439646723,0.0,0.0,0.0,0.0,0.0,0.0,0.0,4556.077707538007,0.0,0.0,0.0,0.0,0.0,0.0,0.0
1392,0.0,131.56000830531116,0.0,0.0,0.0,0.0,0.0,0.0,0.0,0.0,0.0,0.0,0.0,893.4883048295975,0.0,0.0,4572.591841116546,0.0,583.6178614139556,0.0,0.0,2756.604761829972,0.0,0.0,0.0,0.0,0.0,0.0,0.0,4957.555748435854,0.0,0.0,0.0,0.0,0.0,0.0,0.0
1393,0.0,170.89931274354456,0.0,0.0,0.0,0.0,0.0,0.0,0.0,0.0,0.0,0.0,0.0,855.4224623441696,0.0,0.0,4659.128369227052,0.0,576.8139767885207,0.0,0.0,2981.1418995559216,0.0,0.0,0.0,0.0,0.0,0.0,0.0,5348.558600196241,0.0,0.0,0.0,0.0,0.0,0.0,0.0
1394,0.0,215.3528582006693,0.0,0.0,0.0,0.0,0.0,0.0,0.0,0.0,0.0,0.0,0.0,825.7024935483932,0.0,0.0,4766.537494227288,0.0,578.846664738655,0.0,0.0,3197.215717425942,0.0,0.0,0.0,0.0,0.0,0.0,0.0,5781.247049105166,0.0,0.0,0.0,0.0,0.0,0.0,0.0
1395,0.0,262.9814484894275,0.0,0.0,0.0,0.0,0.0,0.0,0.0,0.0,0.0,0.0,0.0,815.7961959600449,0.0,0.0,4882.731109842656,0.0,589.6178122639656,0.0,0.0,3386.701861864328,0.0,0.0,0.0,0.0,0.0,0.0,0.0,6293.599803197383,0.0,0.0,0.0,0.0,0.0,0.0,0.0
1396,0.0,305.3168010771274,0.0,0.0,0.0,0.0,0.0,0.0,0.0,0.0,0.0,0.0,0.0,820.974055838585,0.0,0.0,5002.674060866235,0.0,599.3750464081764,0.0,0.0,3561.84056891799,0.0,0.0,0.0,0.0,0.0,0.0,0.0,6966.978576445578,0.0,0.0,0.0,0.0,0.0,0.0,0.0
1397,0.0,340.3810166537761,0.0,0.0,0.0,0.0,0.0,0.0,0.0,0.0,0.0,0.0,0.0,825.2562994718552,0.0,0.0,5168.09170538187,0.0,590.1756039381028,0.0,0.0,3739.1691304653878,0.0,0.0,0.0,0.0,0.0,0.0,0.0,7769.126816052199,0.0,0.0,0.0,0.0,0.0,0.0,0.0
1398,0.0,335.16727536320684,0.0,0.0,0.0,0.0,0.0,0.0,0.0,0.0,0.0,0.0,0.0,835.7620358467102,0.0,0.0,5124.212035179137,0.0,561.3960078597069,0.0,0.0,3977.8114985257384,0.0,0.0,0.0,0.0,0.0,0.0,0.0,8445.684162640571,0.0,0.0,0.0,0.0,0.0,0.0,0.0
1399,0.0,325.85751203298565,0.0,0.0,0.0,0.0,0.0,0.0,0.0,0.0,0.0,0.0,0.0,847.4041503429413,0.0,0.0,5048.878007873891,0.0,534.9929398536682,0.0,0.0,4102.913862088322,0.0,0.0,0.0,0.0,0.0,0.0,0.0,9168.722448933122,0.0,0.0,0.0,0.0,0.0,0.0,0.0
1400,0.0,315.02543522715564,0.0,0.0,0.0,0.0,0.0,0.0,0.0,0.0,0.0,0.0,0.0,868.537214565277,0.0,0.0,4930.906180486083,0.0,509.7209872841835,0.0,0.0,4162.669368991255,0.0,0.0,0.0,0.0,0.0,0.0,0.0,9946.397481882572,0.0,0.0,0.0,0.0,0.0,0.0,0.0
1401,0.0,304.350948446989,0.0,0.0,0.0,0.0,0.0,0.0,0.0,0.0,0.0,0.0,0.0,889.5510187149048,0.0,0.0,4771.007526576517,0.0,488.3431130230425,0.0,0.0,4151.938688385487,0.0,0.0,0.0,0.0,0.0,0.0,0.0,10647.870648753642,0.0,0.0,0.0,0.0,0.0,0.0,0.0
1402,0.0,291.23635532855985,0.0,0.0,0.0,0.0,0.0,0.0,0.0,0.0,0.0,0.0,0.0,888.3710613489151,0.0,0.0,4727.343715414403,0.0,448.7217339873313,0.0,0.0,4084.9632920712233,0.0,0.0,0.0,0.0,0.0,0.0,0.0,10856.052376425265,0.0,0.0,0.0,0.0,0.0,0.0,0.0
1403,0.0,283.5665158331394,0.0,0.0,0.0,0.0,0.0,0.0,0.0,0.0,0.0,0.0,0.0,883.3748713254929,0.0,0.0,4675.977042451501,0.0,411.32998029589635,0.0,0.0,4012.1407148033377,0.0,0.0,0.0,0.0,0.0,0.0,0.0,11066.279384052754,0.0,0.0,0.0,0.0,0.0,0.0,0.0
1404,0.0,275.5664863765239,0.0,0.0,0.0,0.0,0.0,0.0,0.0,0.0,0.0,0.0,0.0,876.017242193222,0.0,0.0,4623.086132407187,0.0,368.26053694486615,0.0,0.0,3949.1686982721085,0.0,0.0,0.0,0.0,0.0,0.0,0.0,11304.168296825885,0.0,0.0,0.0,0.0,0.0,0.0,0.0
1405,0.0,264.04465511441225,0.0,0.0,0.0,0.0,0.0,0.0,0.0,0.0,0.0,0.0,0.0,867.0528301715851,0.0,0.0,4580.461167186499,0.0,325.8841982126235,0.0,0.0,3884.6011427968742,0.0,0.0,0.0,0.0,0.0,0.0,0.0,11596.51025713682,0.0,0.0,0.0,0.0,0.0,0.0,0.0
1406,0.0,252.45728525519365,0.0,0.0,0.0,0.0,0.0,0.0,0.0,0.0,0.0,0.0,0.0,857.6342435121536,0.0,0.0,4557.087716907262,0.0,284.4295881390571,0.0,0.0,3820.1916274219748,0.0,0.0,0.0,0.0,0.0,0.0,0.0,11965.489464902877,0.0,0.0,0.0,0.0,0.0,0.0,0.0
1407,0.0,214.88990769088267,0.0,0.0,0.0,0.0,0.0,0.0,0.0,0.0,0.0,0.0,0.0,855.9573392868042,0.0,0.0,4294.176461592315,0.0,259.1710334777831,0.0,0.0,3728.7460528135293,0.0,0.0,0.0,0.0,0.0,0.0,0.0,11951.679485851524,0.0,0.0,0.0,0.0,0.0,0.0,0.0
1408,0.0,193.82718854248517,0.0,0.0,0.0,0.0,0.0,0.0,0.0,0.0,0.0,0.0,0.0,848.1725259542466,0.0,0.0,4035.122276738286,0.0,230.16844522356985,0.0,0.0,3611.1209236532445,0.0,0.0,0.0,0.0,0.0,0.0,0.0,12022.358083534238,0.0,0.0,0.0,0.0,0.0,0.0,0.0
1409,0.0,177.13583209812637,0.0,0.0,0.0,0.0,0.0,0.0,0.0,0.0,0.0,0.0,0.0,811.9961934328079,0.0,0.0,3774.4672345668064,0.0,164.81047001183018,0.0,0.0,3411.9183406323195,0.0,0.0,0.0,0.0,0.0,0.0,0.0,12063.964487558602,0.0,0.0,0.0,0.0,0.0,0.0,0.0
1410,0.0,161.4408250540495,0.0,0.0,0.0,0.0,0.0,0.0,0.0,0.0,0.0,0.0,0.0,774.3258819103241,0.0,0.0,3524.091361016035,0.0,111.1149589180945,0.0,0.0,3160.186498054862,0.0,0.0,0.0,0.0,0.0,0.0,0.0,12040.30563211441,0.0,0.0,0.0,0.0,0.0,0.0,0.0
1411,0.0,176.31930702924726,0.0,0.0,0.0,0.0,0.0,0.0,0.0,0.0,0.0,0.0,0.0,748.5865543007851,0.0,0.0,3535.5396688729516,0.0,56.50983508378255,0.0,0.0,3015.9821727097033,0.0,0.0,0.0,0.0,0.0,0.0,0.0,12509.277911555768,0.0,0.0,0.0,0.0,0.0,0.0,0.0
1412,0.0,195.92985246777533,0.0,0.0,0.0,0.0,0.0,0.0,0.0,0.0,0.0,0.0,0.0,724.1568009257315,0.0,0.0,3559.6641530394554,0.0,18.081777646392563,0.0,0.0,2867.6887868374583,0.0,0.0,0.0,0.0,0.0,0.0,0.0,12853.738349497318,0.0,0.0,0.0,0.0,0.0,0.0,0.0
1413,0.0,218.00632970631116,0.0,0.0,0.0,0.0,0.0,0.0,0.0,0.0,0.0,0.0,0.0,695.7967108011245,0.0,0.0,3591.524947434663,0.0,13.865804033540115,0.0,0.0,2701.586522072553,0.0,0.0,0.0,0.0,0.0,0.0,0.0,12994.065672636032,0.0,0.0,0.0,0.0,0.0,0.0,0.0
1414,0.0,249.14949390292162,0.0,0.0,0.0,0.0,0.0,0.0,0.0,0.0,0.0,0.0,0.0,667.58672696352,0.0,0.0,3642.69598598778,0.0,13.915126379951811,0.0,0.0,2556.742467355728,0.0,0.0,0.0,0.0,0.0,0.0,0.0,13209.2684674263,0.0,0.0,0.0,0.0,0.0,0.0,0.0
1415,0.0,286.9477014362812,0.0,0.0,0.0,0.0,0.0,0.0,0.0,0.0,0.0,0.0,0.0,641.7231626391409,0.0,0.0,3768.7934477478266,0.0,14.195452414080446,0.0,0.0,2505.105438020825,0.0,0.0,0.0,0.0,0.0,0.0,0.0,13696.069686567784,0.0,0.0,0.0,0.0,0.0,0.0,0.0
1416,0.0,328.4823104023933,0.0,0.0,0.0,0.0,0.0,0.0,0.0,0.0,0.0,0.0,0.0,616.5761002779005,0.0,0.0,4669.811641529202,0.0,25.473395454883452,0.0,0.0,2995.9658793121575,0.0,0.0,0.0,0.0,0.0,0.0,0.0,14395.478769636155,0.0,0.0,0.0,0.0,0.0,0.0,0.0
1417,0.0,370.61546407341956,0.0,0.0,0.0,0.0,0.0,0.0,0.0,0.0,0.0,0.0,0.0,593.6796458601951,0.0,0.0,5883.26382176578,0.0,45.027079302072494,0.0,0.0,3518.1052418410777,0.0,0.0,0.0,0.0,0.0,0.0,0.0,15078.275377249718,0.0,0.0,0.0,0.0,0.0,0.0,0.0
1418,0.0,409.58999964594835,0.0,0.0,0.0,0.0,0.0,0.0,0.0,0.0,0.0,0.0,0.0,570.106816458702,0.0,0.0,7183.083343297243,0.0,68.62440450042473,0.0,0.0,3882.1058046609164,0.0,0.0,0.0,0.0,0.0,0.0,0.0,15678.68365317583,0.0,0.0,0.0,0.0,0.0,0.0,0.0
1419,0.0,443.476484388113,0.0,0.0,0.0,0.0,0.0,0.0,0.0,0.0,0.0,0.0,0.0,543.1496013998985,0.0,0.0,8234.346430182457,0.0,92.8341578647494,0.0,0.0,4124.422453674674,0.0,0.0,0.0,0.0,0.0,0.0,0.0,16189.09961104393,0.0,0.0,0.0,0.0,0.0,0.0,0.0
1420,0.0,474.1970564961433,0.0,0.0,0.0,0.0,0.0,0.0,0.0,0.0,0.0,0.0,0.0,512.8596053242683,0.0,0.0,9073.328680366278,0.0,109.4477715358138,0.0,0.0,4277.704396507143,0.0,0.0,0.0,0.0,0.0,0.0,0.0,16663.25596641302,0.0,0.0,0.0,0.0,0.0,0.0,0.0
1421,0.0,503.91207686662676,0.0,0.0,0.0,0.0,0.0,0.0,0.0,0.0,0.0,0.0,0.0,471.7558590769768,0.0,0.0,9856.62785464525,0.0,116.58948649168,0.0,0.0,4360.391158658266,0.0,0.0,0.0,0.0,0.0,0.0,0.0,17102.265039145947,0.0,0.0,0.0,0.0,0.0,0.0,0.0
1422,0.0,542.7830861449241,0.0,0.0,0.0,0.0,0.0,0.0,0.0,0.0,0.0,0.0,0.0,432.53893271684643,0.0,0.0,10349.404874235392,0.0,111.68065002262583,0.0,0.0,4259.112886083125,0.0,0.0,0.0,0.0,0.0,0.0,0.0,17262.168613290785,0.0,0.0,0.0,0.0,0.0,0.0,0.0
1423,0.0,576.3242587924003,0.0,0.0,0.0,0.0,0.0,0.0,0.0,0.0,0.0,0.0,0.0,396.5502330541611,0.0,0.0,10741.243872821331,0.0,105.38277356326573,0.0,0.0,4152.47184665501,0.0,0.0,0.0,0.0,0.0,0.0,0.0,17409.273999989033,0.0,0.0,0.0,0.0,0.0,0.0,0.0
1424,0.0,604.3583937048912,0.0,0.0,0.0,0.0,0.0,0.0,0.0,0.0,0.0,0.0,0.0,370.68196109533307,0.0,0.0,11090.077527552843,0.0,101.05703510493024,0.0,0.0,4049.4248570948835,0.0,0.0,0.0,0.0,0.0,0.0,0.0,17522.421085751055,0.0,0.0,0.0,0.0,0.0,0.0,0.0
1425,0.0,626.0841019749641,0.0,0.0,0.0,0.0,0.0,0.0,0.0,0.0,0.0,0.0,0.0,343.70226147770876,0.0,0.0,11343.055766582489,0.0,105.77341002970923,0.0,0.0,3926.8132902860643,0.0,0.0,0.0,0.0,0.0,0.0,0.0,17554.225622999667,0.0,0.0,0.0,0.0,0.0,0.0,0.0
1426,0.0,637.9323356509209,0.0,0.0,0.0,0.0,0.0,0.0,0.0,0.0,0.0,0.0,0.0,296.31743242740623,0.0,0.0,11398.988538891077,0.0,94.55400317609302,0.0,0.0,3817.3011890351772,0.0,0.0,0.0,0.0,0.0,0.0,0.0,17682.940847492217,0.0,0.0,0.0,0.0,0.0,0.0,0.0
1427,0.0,645.5129293084144,0.0,0.0,0.0,0.0,0.0,0.0,0.0,0.0,0.0,0.0,0.0,246.93813558220853,0.0,0.0,11347.095247656107,0.0,84.89170299321404,0.0,0.0,3712.9269048392766,0.0,0.0,0.0,0.0,0.0,0.0,0.0,17766.547089874744,0.0,0.0,0.0,0.0,0.0,0.0,0.0
1428,0.0,650.2679004192353,0.0,0.0,0.0,0.0,0.0,0.0,0.0,0.0,0.0,0.0,0.0,199.77537237405775,0.0,0.0,11262.235030293463,0.0,81.07174298018214,0.0,0.0,3624.563717705011,0.0,0.0,0.0,0.0,0.0,0.0,0.0,17811.777573764324,0.0,0.0,0.0,0.0,0.0,0.0,0.0
1429,0.0,653.2716218590737,0.0,0.0,0.0,0.0,0.0,0.0,0.0,0.0,0.0,0.0,0.0,156.46547170281403,0.0,0.0,11161.859409600496,0.0,87.00376317501055,0.0,0.0,3578.309437304735,0.0,0.0,0.0,0.0,0.0,0.0,0.0,17825.59984763861,0.0,0.0,0.0,0.0,0.0,0.0,0.0
1430,0.0,654.4515410542488,0.0,0.0,0.0,0.0,0.0,0.0,0.0,0.0,0.0,0.0,0.0,118.7571516364812,0.0,0.0,11021.71127450466,0.0,104.13538977503768,0.0,0.0,3585.6377143710847,0.0,0.0,0.0,0.0,0.0,0.0,0.0,17813.883604609968,0.0,0.0,0.0,0.0,0.0,0.0,0.0
1431,0.0,664.3804140686989,0.0,0.0,0.0,0.0,0.0,0.0,0.0,0.0,0.0,0.0,0.0,95.90619314312933,0.0,0.0,11048.566472768782,0.0,139.10307060480102,0.0,0.0,3767.7671224147075,0.0,0.0,0.0,0.0,0.0,0.0,0.0,17377.533106529714,0.0,0.0,0.0,0.0,0.0,0.0,0.0
1432,0.0,666.5228752970695,0.0,0.0,0.0,0.0,0.0,0.0,0.0,0.0,0.0,0.0,0.0,76.6012602984904,0.0,0.0,11068.677534520626,0.0,172.29610660374152,0.0,0.0,3943.6245788902042,0.0,0.0,0.0,0.0,0.0,0.0,0.0,16886.694846117498,0.0,0.0,0.0,0.0,0.0,0.0,0.0
1433,0.0,668.5001433491707,0.0,0.0,0.0,0.0,0.0,0.0,0.0,0.0,0.0,0.0,0.0,40.40867242738598,0.0,0.0,11042.548089355229,0.0,157.102893513441,0.0,0.0,3985.8367263793943,0.0,0.0,0.0,0.0,0.0,0.0,0.0,16361.282097172738,0.0,0.0,0.0,0.0,0.0,0.0,0.0
1434,0.0,678.8651173710823,0.0,0.0,0.0,0.0,0.0,0.0,0.0,0.0,0.0,0.0,0.0,23.5696629568933,0.0,0.0,11016.270070940256,0.0,137.5888994872569,0.0,0.0,4029.7994253247975,0.0,0.0,0.0,0.0,0.0,0.0,0.0,15899.150078630448,0.0,0.0,0.0,0.0,0.0,0.0,0.0
1435,0.0,691.8195954322815,0.0,0.0,0.0,0.0,0.0,0.0,0.0,0.0,0.0,0.0,0.0,23.481047342717623,0.0,0.0,11178.904884040356,0.0,110.99288085401056,0.0,0.0,3927.7706136524675,0.0,0.0,0.0,0.0,0.0,0.0,0.0,15902.880472552777,0.0,0.0,0.0,0.0,0.0,0.0,0.0
1436,0.0,707.5279851436615,0.0,0.0,0.0,0.0,0.0,0.0,0.0,0.0,0.0,0.0,0.0,23.504862929135513,0.0,0.0,11447.767236977816,0.0,88.87174133211364,0.0,0.0,3868.9430625110863,0.0,0.0,0.0,0.0,0.0,0.0,0.0,16048.036044979095,0.0,0.0,0.0,0.0,0.0,0.0,0.0
1437,0.0,722.9080085277558,0.0,0.0,0.0,0.0,0.0,0.0,0.0,0.0,0.0,0.0,0.0,23.446273896470615,0.0,0.0,11760.781514763832,0.0,63.57539389878504,0.0,0.0,3825.5350177109235,0.0,0.0,0.0,0.0,0.0,0.0,0.0,16277.651265144348,0.0,0.0,0.0,0.0,0.0,0.0,0.0
1438,0.0,737.650994503498,0.0,0.0,0.0,0.0,0.0,0.0,0.0,0.0,0.0,0.0,0.0,23.717409822344706,0.0,0.0,12096.725078821182,0.0,44.311424995958696,0.0,0.0,3822.029373416304,0.0,0.0,0.0,0.0,0.0,0.0,0.0,16510.05813333988,0.0,0.0,0.0,0.0,0.0,0.0,0.0
1439,0.0,749.2546367883682,0.0,0.0,0.0,0.0,0.0,0.0,0.0,0.0,0.0,0.0,0.0,27.087566094100442,0.0,0.0,12429.837972432375,0.0,36.24926337152713,0.0,0.0,3885.150952801108,0.0,0.0,0.0,0.0,0.0,0.0,0.0,16681.351052868366,0.0,0.0,0.0,0.0,0.0,0.0,0.0
1440,0.0,739.4593659996987,0.0,0.0,0.0,0.0,0.0,0.0,0.0,0.0,0.0,0.0,0.0,41.171009376644975,0.0,0.0,12783.002031773329,0.0,55.82297738790506,0.0,0.0,4372.580228465796,0.0,0.0,0.0,0.0,0.0,0.0,0.0,17060.011348855496,0.0,0.0,0.0,0.0,0.0,0.0,0.0
1441,0.0,725.1592705607414,0.0,0.0,0.0,0.0,0.0,0.0,0.0,0.0,0.0,0.0,0.0,63.132572427392,0.0,0.0,13119.991831541061,0.0,81.00692467093455,0.0,0.0,4758.444518959522,0.0,0.0,0.0,0.0,0.0,0.0,0.0,17386.926351249218,0.0,0.0,0.0,0.0,0.0,0.0,0.0
1442,0.0,709.4746722579002,0.0,0.0,0.0,0.0,0.0,0.0,0.0,0.0,0.0,0.0,0.0,87.09378727525467,0.0,0.0,13437.74411803484,0.0,106.12216321229921,0.0,0.0,5035.843042659759,0.0,0.0,0.0,0.0,0.0,0.0,0.0,17719.543258583544,0.0,0.0,0.0,0.0,0.0,0.0,0.0
1443,0.0,694.4104461550712,0.0,0.0,0.0,0.0,0.0,0.0,0.0,0.0,0.0,0.0,0.0,106.91541102230539,0.0,0.0,13720.414448738098,0.0,123.18731899559491,0.0,0.0,5199.546549350023,0.0,0.0,0.0,0.0,0.0,0.0,0.0,18079.7193731308,0.0,0.0,0.0,0.0,0.0,0.0,0.0
1444,0.0,678.9747598528862,0.0,0.0,0.0,0.0,0.0,0.0,0.0,0.0,0.0,0.0,0.0,121.18421741127959,0.0,0.0,14014.391903817654,0.0,139.31519921123973,0.0,0.0,5279.674091255665,0.0,0.0,0.0,0.0,0.0,0.0,0.0,18428.89957662821,0.0,0.0,0.0,0.0,0.0,0.0,0.0
1445,0.0,663.7252525448799,0.0,0.0,0.0,0.0,0.0,0.0,0.0,0.0,0.0,0.0,0.0,133.98528425693505,0.0,0.0,14327.324505209923,0.0,158.8129942178726,0.0,0.0,5308.2024486780165,0.0,0.0,0.0,0.0,0.0,0.0,0.0,18736.268703460693,0.0,0.0,0.0,0.0,0.0,0.0,0.0
1446,0.0,655.5996448516846,0.0,0.0,0.0,0.0,0.0,0.0,0.0,0.0,0.0,0.0,0.0,144.57360599040982,0.0,0.0,14318.34632486105,0.0,166.0379347860813,0.0,0.0,5388.288815385104,0.0,0.0,0.0,0.0,0.0,0.0,0.0,18666.92445567846,0.0,0.0,0.0,0.0,0.0,0.0,0.0
1447,0.0,642.7260800242424,0.0,0.0,0.0,0.0,0.0,0.0,0.0,0.0,0.0,0.0,0.0,153.56982817053787,0.0,0.0,14353.4998447299,0.0,170.92840841412539,0.0,0.0,5428.2287579834465,0.0,0.0,0.0,0.0,0.0,0.0,0.0,18603.68277941942,0.0,0.0,0.0,0.0,0.0,0.0,0.0
1448,0.0,628.7208521604538,0.0,0.0,0.0,0.0,0.0,0.0,0.0,0.0,0.0,0.0,0.0,161.77050496339797,0.0,0.0,14412.519984722137,0.0,178.8900560855865,0.0,0.0,5445.069414192438,0.0,0.0,0.0,0.0,0.0,0.0,0.0,18534.629268038272,0.0,0.0,0.0,0.0,0.0,0.0,0.0
1449,0.0,614.6182141900063,0.0,0.0,0.0,0.0,0.0,0.0,0.0,0.0,0.0,0.0,0.0,174.70820529460906,0.0,0.0,14467.459416508675,0.0,184.63636556267736,0.0,0.0,5438.248258137703,0.0,0.0,0.0,0.0,0.0,0.0,0.0,18421.338983750342,0.0,0.0,0.0,0.0,0.0,0.0,0.0
1450,0.0,600.0644933581352,0.0,0.0,0.0,0.0,0.0,0.0,0.0,0.0,0.0,0.0,0.0,173.69415841698645,0.0,0.0,14527.111187279224,0.0,175.2239941686391,0.0,0.0,5320.490823376179,0.0,0.0,0.0,0.0,0.0,0.0,0.0,18426.922279810904,0.0,0.0,0.0,0.0,0.0,0.0,0.0
1451,0.0,585.1957608103752,0.0,0.0,0.0,0.0,0.0,0.0,0.0,0.0,0.0,0.0,0.0,182.3814028561115,0.0,0.0,14570.942629516125,0.0,164.44364299178125,0.0,0.0,5203.013137757778,0.0,0.0,0.0,0.0,0.0,0.0,0.0,18361.16088807583,0.0,0.0,0.0,0.0,0.0,0.0,0.0
1452,0.0,569.6263600587845,0.0,0.0,0.0,0.0,0.0,0.0,0.0,0.0,0.0,0.0,0.0,197.33150482773777,0.0,0.0,14600.212337553501,0.0,155.40453079938877,0.0,0.0,5096.959147667885,0.0,0.0,0.0,0.0,0.0,0.0,0.0,18239.145618855953,0.0,0.0,0.0,0.0,0.0,0.0,0.0
1453,0.0,552.5713429570199,0.0,0.0,0.0,0.0,0.0,0.0,0.0,0.0,0.0,0.0,0.0,215.84104920625677,0.0,0.0,14619.13170182705,0.0,151.92319402396672,0.0,0.0,4999.237382867932,0.0,0.0,0.0,0.0,0.0,0.0,0.0,18069.322292280198,0.0,0.0,0.0,0.0,0.0,0.0,0.0
1454,0.0,533.2708433389664,0.0,0.0,0.0,0.0,0.0,0.0,0.0,0.0,0.0,0.0,0.0,234.74072197675704,0.0,0.0,14631.8763307333,0.0,156.39114446043953,0.0,0.0,4905.197467991708,0.0,0.0,0.0,0.0,0.0,0.0,0.0,17865.199302625657,0.0,0.0,0.0,0.0,0.0,0.0,0.0
1455,0.0,510.2638779401779,0.0,0.0,0.0,0.0,0.0,0.0,0.0,0.0,0.0,0.0,0.0,260.1286583006382,0.0,0.0,14594.354973316193,0.0,178.01396034657944,0.0,0.0,5051.859286621212,0.0,0.0,0.0,0.0,0.0,0.0,0.0,17274.223325562478,0.0,0.0,0.0,0.0,0.0,0.0,0.0
1456,0.0,487.32862343788145,0.0,0.0,0.0,0.0,0.0,0.0,0.0,0.0,0.0,0.0,0.0,271.08919699788095,0.0,0.0,14554.023947954178,0.0,190.83135675787906,0.0,0.0,5212.212161529064,0.0,0.0,0.0,0.0,0.0,0.0,0.0,16776.407391524313,0.0,0.0,0.0,0.0,0.0,0.0,0.0
1457,0.0,462.9926217019558,0.0,0.0,0.0,0.0,0.0,0.0,0.0,0.0,0.0,0.0,0.0,260.8592383325099,0.0,0.0,14541.509568691254,0.0,175.38699217140672,0.0,0.0,5311.626650851965,0.0,0.0,0.0,0.0,0.0,0.0,0.0,16326.82911041975,0.0,0.0,0.0,0.0,0.0,0.0,0.0
1458,0.0,439.8992721676826,0.0,0.0,0.0,0.0,0.0,0.0,0.0,0.0,0.0,0.0,0.0,244.37538905739785,0.0,0.0,14549.989911973476,0.0,159.84187650084488,0.0,0.0,5417.351844871044,0.0,0.0,0.0,0.0,0.0,0.0,0.0,15944.072468721866,0.0,0.0,0.0,0.0,0.0,0.0,0.0
1459,0.0,431.39695782065394,0.0,0.0,0.0,0.0,0.0,0.0,0.0,0.0,0.0,0.0,0.0,236.55466319918622,0.0,0.0,14754.649174332619,0.0,137.77660358846188,0.0,0.0,5408.759549760818,0.0,0.0,0.0,0.0,0.0,0.0,0.0,15833.186183929443,0.0,0.0,0.0,0.0,0.0,0.0,0.0
1460,0.0,427.1306083738803,0.0,0.0,0.0,0.0,0.0,0.0,0.0,0.0,0.0,0.0,0.0,226.4886198818683,0.0,0.0,14970.495769023895,0.0,119.10149053633195,0.0,0.0,5454.413762193918,0.0,0.0,0.0,0.0,0.0,0.0,0.0,15758.707039511204,0.0,0.0,0.0,0.0,0.0,0.0,0.0
1461,0.0,422.4889831244945,0.0,0.0,0.0,0.0,0.0,0.0,0.0,0.0,0.0,0.0,0.0,215.1494080364703,0.0,0.0,15183.93874412775,0.0,103.50230897068968,0.0,0.0,5491.2286283254625,0.0,0.0,0.0,0.0,0.0,0.0,0.0,15672.1023067832,0.0,0.0,0.0,0.0,0.0,0.0,0.0
1462,0.0,423.2739312708378,0.0,0.0,0.0,0.0,0.0,0.0,0.0,0.0,0.0,0.0,0.0,205.90912863612172,0.0,0.0,15394.226676821709,0.0,99.60304341912257,0.0,0.0,5559.317268794775,0.0,0.0,0.0,0.0,0.0,0.0,0.0,15510.99528644085,0.0,0.0,0.0,0.0,0.0,0.0,0.0
1463,0.0,431.481013315916,0.0,0.0,0.0,0.0,0.0,0.0,0.0,0.0,0.0,0.0,0.0,204.1844307124614,0.0,0.0,15595.091487288475,0.0,118.30351468026635,0.0,0.0,5682.834387212992,0.0,0.0,0.0,0.0,0.0,0.0,0.0,15226.047577285766,0.0,0.0,0.0,0.0,0.0,0.0,0.0
1464,0.0,440.404979878664,0.0,0.0,0.0,0.0,0.0,0.0,0.0,0.0,0.0,0.0,0.0,211.1216232538222,0.0,0.0,15936.671500384808,0.0,193.87210391461838,0.0,0.0,5878.9760786354545,0.0,0.0,0.0,0.0,0.0,0.0,0.0,15258.926826703548,0.0,0.0,0.0,0.0,0.0,0.0,0.0
1465,0.0,452.32949756383897,0.0,0.0,0.0,0.0,0.0,0.0,0.0,0.0,0.0,0.0,0.0,234.34433915615082,0.0,0.0,16241.05997312069,0.0,297.8363294839858,0.0,0.0,6080.7920757293705,0.0,0.0,0.0,0.0,0.0,0.0,0.0,15237.326992487908,0.0,0.0,0.0,0.0,0.0,0.0,0.0
1466,0.0,459.3219552576541,0.0,0.0,0.0,0.0,0.0,0.0,0.0,0.0,0.0,0.0,0.0,274.3549726843833,0.0,0.0,16516.547448396683,0.0,415.4656359314917,0.0,0.0,6243.895514452457,0.0,0.0,0.0,0.0,0.0,0.0,0.0,15232.047450876236,0.0,0.0,0.0,0.0,0.0,0.0,0.0
1467,0.0,451.05907001495353,0.0,0.0,0.0,0.0,0.0,0.0,0.0,0.0,0.0,0.0,0.0,330.8696758985519,0.0,0.0,16771.77606654167,0.0,531.3196602582932,0.0,0.0,6330.786688238382,0.0,0.0,0.0,0.0,0.0,0.0,0.0,15292.001346838475,0.0,0.0,0.0,0.0,0.0,0.0,0.0
1468,0.0,437.4256670773029,0.0,0.0,0.0,0.0,0.0,0.0,0.0,0.0,0.0,0.0,0.0,399.3158562064171,0.0,0.0,16997.44872033596,0.0,636.6021421790122,0.0,0.0,6351.829636770487,0.0,0.0,0.0,0.0,0.0,0.0,0.0,15454.353760421276,0.0,0.0,0.0,0.0,0.0,0.0,0.0
1469,0.0,406.770493286848,0.0,0.0,0.0,0.0,0.0,0.0,0.0,0.0,0.0,0.0,0.0,463.8634875059127,0.0,0.0,17233.485719561577,0.0,714.2398189902304,0.0,0.0,6317.278195524215,0.0,0.0,0.0,0.0,0.0,0.0,0.0,15642.350281739235,0.0,0.0,0.0,0.0,0.0,0.0,0.0
1470,0.0,372.1570239007473,0.0,0.0,0.0,0.0,0.0,0.0,0.0,0.0,0.0,0.0,0.0,531.7744770288466,0.0,0.0,17162.47548496723,0.0,764.3993345856666,0.0,0.0,6454.2547597289085,0.0,0.0,0.0,0.0,0.0,0.0,0.0,15537.864537119865,0.0,0.0,0.0,0.0,0.0,0.0,0.0
1471,0.0,338.0616909921169,0.0,0.0,0.0,0.0,0.0,0.0,0.0,0.0,0.0,0.0,0.0,598.0968416810035,0.0,0.0,17084.76000738144,0.0,809.7557000875472,0.0,0.0,6516.781720805168,0.0,0.0,0.0,0.0,0.0,0.0,0.0,15469.641287899018,0.0,0.0,0.0,0.0,0.0,0.0,0.0
1472,0.0,309.97430596947663,0.0,0.0,0.0,0.0,0.0,0.0,0.0,0.0,0.0,0.0,0.0,671.3149044394493,0.0,0.0,16998.128579080105,0.0,849.716561961174,0.0,0.0,6524.19567861557,0.0,0.0,0.0,0.0,0.0,0.0,0.0,15428.45652397871,0.0,0.0,0.0,0.0,0.0,0.0,0.0
1473,0.0,287.4788558542728,0.0,0.0,0.0,0.0,0.0,0.0,0.0,0.0,0.0,0.0,0.0,741.9416610240935,0.0,0.0,16887.58074694872,0.0,887.6383926272391,0.0,0.0,6471.367293351888,0.0,0.0,0.0,0.0,0.0,0.0,0.0,15333.624385035038,0.0,0.0,0.0,0.0,0.0,0.0,0.0
1474,0.0,260.05911723375317,0.0,0.0,0.0,0.0,0.0,0.0,0.0,0.0,0.0,0.0,0.0,788.0196283340454,0.0,0.0,16976.66091132164,0.0,901.923526918888,0.0,0.0,6357.604458367825,0.0,0.0,0.0,0.0,0.0,0.0,0.0,15142.374798214436,0.0,0.0,0.0,0.0,0.0,0.0,0.0
1475,0.0,237.26582561731334,0.0,0.0,0.0,0.0,0.0,0.0,0.0,0.0,0.0,0.0,0.0,828.038556265831,0.0,0.0,17047.423783123493,0.0,913.5353635430336,0.0,0.0,6231.542954885959,0.0,0.0,0.0,0.0,0.0,0.0,0.0,14939.138482260703,0.0,0.0,0.0,0.0,0.0,0.0,0.0
1476,0.0,215.85020525157444,0.0,0.0,0.0,0.0,0.0,0.0,0.0,0.0,0.0,0.0,0.0,863.5593170642853,0.0,0.0,17114.30663728714,0.0,915.0125125646591,0.0,0.0,6093.197920846939,0.0,0.0,0.0,0.0,0.0,0.0,0.0,14751.481876635551,0.0,0.0,0.0,0.0,0.0,0.0,0.0
1477,0.0,195.05121162235733,0.0,0.0,0.0,0.0,0.0,0.0,0.0,0.0,0.0,0.0,0.0,895.4379828453064,0.0,0.0,17201.284995794296,0.0,912.7259164690971,0.0,0.0,5947.7211002111435,0.0,0.0,0.0,0.0,0.0,0.0,0.0,14608.174866998195,0.0,0.0,0.0,0.0,0.0,0.0,0.0
1478,0.0,178.49755356609822,0.0,0.0,0.0,0.0,0.0,0.0,0.0,0.0,0.0,0.0,0.0,924.9238252878189,0.0,0.0,17307.165605425835,0.0,906.8547278165817,0.0,0.0,5806.13170273304,0.0,0.0,0.0,0.0,0.0,0.0,0.0,14505.048785150051,0.0,0.0,0.0,0.0,0.0,0.0,0.0
1479,0.0,160.6617686480283,0.0,0.0,0.0,0.0,0.0,0.0,0.0,0.0,0.0,0.0,0.0,960.3052401065827,0.0,0.0,17368.776053905487,0.0,914.4360468149184,0.0,0.0,5861.829636025429,0.0,0.0,0.0,0.0,0.0,0.0,0.0,14391.143759715556,0.0,0.0,0.0,0.0,0.0,0.0,0.0
1480,0.0,155.65320020020005,0.0,0.0,0.0,0.0,0.0,0.0,0.0,0.0,0.0,0.0,0.0,987.8197942495347,0.0,0.0,17423.74660050869,0.0,913.9173817753792,0.0,0.0,5918.171234554053,0.0,0.0,0.0,0.0,0.0,0.0,0.0,14370.59983382225,0.0,0.0,0.0,0.0,0.0,0.0,0.0
1481,0.0,154.86640036404134,0.0,0.0,0.0,0.0,0.0,0.0,0.0,0.0,0.0,0.0,0.0,985.2674493551254,0.0,0.0,17457.565294742584,0.0,863.1218212366105,0.0,0.0,6007.25801525116,0.0,0.0,0.0,0.0,0.0,0.0,0.0,14322.820705461501,0.0,0.0,0.0,0.0,0.0,0.0,0.0
1482,0.0,166.17127530276773,0.0,0.0,0.0,0.0,0.0,0.0,0.0,0.0,0.0,0.0,0.0,979.624833869934,0.0,0.0,17431.46774226427,0.0,818.5029335141181,0.0,0.0,6055.136293923855,0.0,0.0,0.0,0.0,0.0,0.0,0.0,14208.685694515705,0.0,0.0,0.0,0.0,0.0,0.0,0.0
1483,0.0,178.6902415305376,0.0,0.0,0.0,0.0,0.0,0.0,0.0,0.0,0.0,0.0,0.0,984.3931743860245,0.0,0.0,17510.70317864418,0.0,765.4725307464599,0.0,0.0,5887.766378009319,0.0,0.0,0.0,0.0,0.0,0.0,0.0,14393.432043230534,0.0,0.0,0.0,0.0,0.0,0.0,0.0
1484,0.0,196.2744351089,0.0,0.0,0.0,0.0,0.0,0.0,0.0,0.0,0.0,0.0,0.0,989.0232449531555,0.0,0.0,17639.084467947483,0.0,718.0626690387726,0.0,0.0,5717.110923457146,0.0,0.0,0.0,0.0,0.0,0.0,0.0,14469.591962265968,0.0,0.0,0.0,0.0,0.0,0.0,0.0
1485,0.0,212.40185380876062,0.0,0.0,0.0,0.0,0.0,0.0,0.0,0.0,0.0,0.0,0.0,988.3439108848572,0.0,0.0,17772.456573843956,0.0,671.4663449168204,0.0,0.0,5548.05221888423,0.0,0.0,0.0,0.0,0.0,0.0,0.0,14382.710957634448,0.0,0.0,0.0,0.0,0.0,0.0,0.0
1486,0.0,225.83478326797479,0.0,0.0,0.0,0.0,0.0,0.0,0.0,0.0,0.0,0.0,0.0,981.3333016633987,0.0,0.0,17895.31653892994,0.0,632.9645508170127,0.0,0.0,5384.042925792933,0.0,0.0,0.0,0.0,0.0,0.0,0.0,14335.461229884624,0.0,0.0,0.0,0.0,0.0,0.0,0.0
1487,0.0,231.9721390217542,0.0,0.0,0.0,0.0,0.0,0.0,0.0,0.0,0.0,0.0,0.0,966.2625945806503,0.0,0.0,17973.246708750725,0.0,608.7983406543732,0.0,0.0,5221.843524885177,0.0,0.0,0.0,0.0,0.0,0.0,0.0,14524.504980826378,0.0,0.0,0.0,0.0,0.0,0.0,0.0
1488,0.0,261.09892523288727,0.0,0.0,0.0,0.0,0.0,0.0,0.0,0.0,0.0,0.0,0.0,943.9674171686172,0.0,0.0,17799.579359531403,0.0,618.7499037504195,0.0,0.0,3992.8156197756525,0.0,0.0,0.0,0.0,0.0,0.0,0.0,15181.2568141222,0.0,0.0,0.0,0.0,0.0,0.0,0.0
1489,0.0,276.00227876901624,0.0,0.0,0.0,0.0,0.0,0.0,0.0,0.0,0.0,0.0,0.0,917.0263874053956,0.0,0.0,17556.76244175434,0.0,640.6593370556831,0.0,0.0,3587.812128165364,0.0,0.0,0.0,0.0,0.0,0.0,0.0,15877.058451497554,0.0,0.0,0.0,0.0,0.0,0.0,0.0
1490,0.0,287.0436526358127,0.0,0.0,0.0,0.0,0.0,0.0,0.0,0.0,0.0,0.0,0.0,889.2038194656373,0.0,0.0,17280.966929793358,0.0,666.9325757741929,0.0,0.0,3225.5121615976095,0.0,0.0,0.0,0.0,0.0,0.0,0.0,16505.801231706144,0.0,0.0,0.0,0.0,0.0,0.0,0.0
1491,0.0,301.75720796585085,0.0,0.0,0.0,0.0,0.0,0.0,0.0,0.0,0.0,0.0,0.0,862.7199234247207,0.0,0.0,17007.660603165627,0.0,689.2406857728957,0.0,0.0,2812.141324675083,0.0,0.0,0.0,0.0,0.0,0.0,0.0,17013.560061371325,0.0,0.0,0.0,0.0,0.0,0.0,0.0
1492,0.0,324.0623548686504,0.0,0.0,0.0,0.0,0.0,0.0,0.0,0.0,0.0,0.0,0.0,838.497664642334,0.0,0.0,16736.059368491173,0.0,708.7825427055358,0.0,0.0,2504.612698052823,0.0,0.0,0.0,0.0,0.0,0.0,0.0,17454.530519974232,0.0,0.0,0.0,0.0,0.0,0.0,0.0
1493,0.0,338.0498233437538,0.0,0.0,0.0,0.0,0.0,0.0,0.0,0.0,0.0,0.0,0.0,809.8572236776351,0.0,0.0,16489.735810875893,0.0,728.3714701652527,0.0,0.0,2184.238771896064,0.0,0.0,0.0,0.0,0.0,0.0,0.0,17765.920777130126,0.0,0.0,0.0,0.0,0.0,0.0,0.0
1494,0.0,352.8106809318066,0.0,0.0,0.0,0.0,0.0,0.0,0.0,0.0,0.0,0.0,0.0,785.2370128631592,0.0,0.0,16147.46349310875,0.0,734.4430346131325,0.0,0.0,2102.146930812299,0.0,0.0,0.0,0.0,0.0,0.0,0.0,17659.216178584098,0.0,0.0,0.0,0.0,0.0,0.0,0.0
1495,0.0,369.8824754655361,0.0,0.0,0.0,0.0,0.0,0.0,0.0,0.0,0.0,0.0,0.0,764.9687186717987,0.0,0.0,15795.70426774025,0.0,740.3213371992111,0.0,0.0,2025.1160060450425,0.0,0.0,0.0,0.0,0.0,0.0,0.0,17499.089851176737,0.0,0.0,0.0,0.0,0.0,0.0,0.0
1496,0.0,384.01378657221795,0.0,0.0,0.0,0.0,0.0,0.0,0.0,0.0,0.0,0.0,0.0,746.3806913018227,0.0,0.0,15440.401064753532,0.0,744.2415888547897,0.0,0.0,1939.8872809007762,0.0,0.0,0.0,0.0,0.0,0.0,0.0,17270.288982224465,0.0,0.0,0.0,0.0,0.0,0.0,0.0
1497,0.0,393.2284684360027,0.0,0.0,0.0,0.0,0.0,0.0,0.0,0.0,0.0,0.0,0.0,729.4562522768973,0.0,0.0,15093.554868936539,0.0,741.0096695542336,0.0,0.0,1842.0757481127969,0.0,0.0,0.0,0.0,0.0,0.0,0.0,16942.38026884794,0.0,0.0,0.0,0.0,0.0,0.0,0.0
1498,0.0,394.63653826117513,0.0,0.0,0.0,0.0,0.0,0.0,0.0,0.0,0.0,0.0,0.0,700.1993802070616,0.0,0.0,14853.746753931046,0.0,721.6717453837394,0.0,0.0,1738.30894947499,0.0,0.0,0.0,0.0,0.0,0.0,0.0,16655.696819984914,0.0,0.0,0.0,0.0,0.0,0.0,0.0
1499,0.0,401.41293742060657,0.0,0.0,0.0,0.0,0.0,0.0,0.0,0.0,0.0,0.0,0.0,677.591750371456,0.0,0.0,14606.424410700798,0.0,703.1825727701187,0.0,0.0,1611.1054397508497,0.0,0.0,0.0,0.0,0.0,0.0,0.0,16314.43592890501,0.0,0.0,0.0,0.0,0.0,0.0,0.0
1500,0.0,409.023017835617,0.0,0.0,0.0,0.0,0.0,0.0,0.0,0.0,0.0,0.0,0.0,662.9224475860595,0.0,0.0,14345.920275390148,0.0,685.8730089068412,0.0,0.0,1490.2948337405917,0.0,0.0,0.0,0.0,0.0,0.0,0.0,15921.273527657986,0.0,0.0,0.0,0.0,0.0,0.0,0.0
1501,0.0,416.16557462811465,0.0,0.0,0.0,0.0,0.0,0.0,0.0,0.0,0.0,0.0,0.0,656.9902004957198,0.0,0.0,14073.979889214039,0.0,670.5750876069068,0.0,0.0,1375.7805513828994,0.0,0.0,0.0,0.0,0.0,0.0,0.0,15488.16163058281,0.0,0.0,0.0,0.0,0.0,0.0,0.0
1502,0.0,422.03949944972993,0.0,0.0,0.0,0.0,0.0,0.0,0.0,0.0,0.0,0.0,0.0,656.5353981733322,0.0,0.0,13789.38510710001,0.0,659.2444884896278,0.0,0.0,1266.9732726484535,0.0,0.0,0.0,0.0,0.0,0.0,0.0,15026.305883944035,0.0,0.0,0.0,0.0,0.0,0.0,0.0
1503,0.0,440.0542810499668,0.0,0.0,0.0,0.0,0.0,0.0,0.0,0.0,0.0,0.0,0.0,671.2300773501396,0.0,0.0,13502.654292821884,0.0,666.9026379704476,0.0,0.0,1212.9740433655675,0.0,0.0,0.0,0.0,0.0,0.0,0.0,14053.689924395085,0.0,0.0,0.0,0.0,0.0,0.0,0.0
1504,0.0,447.4674931704997,0.0,0.0,0.0,0.0,0.0,0.0,0.0,0.0,0.0,0.0,0.0,680.3479582548141,0.0,0.0,13221.09009385109,0.0,667.2986469388009,0.0,0.0,1167.5313079632817,0.0,0.0,0.0,0.0,0.0,0.0,0.0,13064.655313658714,0.0,0.0,0.0,0.0,0.0,0.0,0.0
1505,0.0,451.9119695663452,0.0,0.0,0.0,0.0,0.0,0.0,0.0,0.0,0.0,0.0,0.0,678.4856629014015,0.0,0.0,12920.182591229677,0.0,630.9022214770317,0.0,0.0,1106.6960117541244,0.0,0.0,0.0,0.0,0.0,0.0,0.0,12087.06067404747,0.0,0.0,0.0,0.0,0.0,0.0,0.0
1506,0.0,427.85590966343875,0.0,0.0,0.0,0.0,0.0,0.0,0.0,0.0,0.0,0.0,0.0,676.8172772526741,0.0,0.0,12598.996784716843,0.0,601.5679164290427,0.0,0.0,1084.2520468153054,0.0,0.0,0.0,0.0,0.0,0.0,0.0,11137.331165772675,0.0,0.0,0.0,0.0,0.0,0.0,0.0
1507,0.0,395.745476013422,0.0,0.0,0.0,0.0,0.0,0.0,0.0,0.0,0.0,0.0,0.0,683.9714020729065,0.0,0.0,12454.631814092398,0.0,555.2635007143019,0.0,0.0,1101.9044750913974,0.0,0.0,0.0,0.0,0.0,0.0,0.0,10597.559510093926,0.0,0.0,0.0,0.0,0.0,0.0,0.0
1508,0.0,366.8379607379436,0.0,0.0,0.0,0.0,0.0,0.0,0.0,0.0,0.0,0.0,0.0,684.8648214221,0.0,0.0,12379.363516837358,0.0,501.2686264038086,0.0,0.0,1085.5834286950524,0.0,0.0,0.0,0.0,0.0,0.0,0.0,10168.62712959051,0.0,0.0,0.0,0.0,0.0,0.0,0.0
1509,0.0,337.5126369059086,0.0,0.0,0.0,0.0,0.0,0.0,0.0,0.0,0.0,0.0,0.0,681.0424464225769,0.0,0.0,12395.827922075987,0.0,440.662625426054,0.0,0.0,1054.845840214937,0.0,0.0,0.0,0.0,0.0,0.0,0.0,9883.822618961334,0.0,0.0,0.0,0.0,0.0,0.0,0.0
1510,0.0,310.30615122914315,0.0,0.0,0.0,0.0,0.0,0.0,0.0,0.0,0.0,0.0,0.0,670.9611145019531,0.0,0.0,12436.211064755917,0.0,379.3917977154254,0.0,0.0,1022.4298325657842,0.0,0.0,0.0,0.0,0.0,0.0,0.0,9794.889825350047,0.0,0.0,0.0,0.0,0.0,0.0,0.0
1511,0.0,288.8099683284759,0.0,0.0,0.0,0.0,0.0,0.0,0.0,0.0,0.0,0.0,0.0,654.2838935375214,0.0,0.0,12461.220376521349,0.0,324.4640495836735,0.0,0.0,1010.0969523221248,0.0,0.0,0.0,0.0,0.0,0.0,0.0,9908.91852223873,0.0,0.0,0.0,0.0,0.0,0.0,0.0
1512,0.0,302.2816009104252,0.0,0.0,0.0,0.0,0.0,0.0,0.0,0.0,0.0,0.0,0.0,635.3110058426856,0.0,0.0,12414.350572437048,0.0,301.2132841050625,0.0,0.0,1283.6984263703218,0.0,0.0,0.0,0.0,0.0,0.0,0.0,10965.750402742624,0.0,0.0,0.0,0.0,0.0,0.0,0.0
1513,0.0,328.02213742733,0.0,0.0,0.0,0.0,0.0,0.0,0.0,0.0,0.0,0.0,0.0,613.6815327763557,0.0,0.0,12324.99659767747,0.0,288.98383948206896,0.0,0.0,1317.9281863778826,0.0,0.0,0.0,0.0,0.0,0.0,0.0,12116.135037380454,0.0,0.0,0.0,0.0,0.0,0.0,0.0
1514,0.0,362.3921657145023,0.0,0.0,0.0,0.0,0.0,0.0,0.0,0.0,0.0,0.0,0.0,592.6976333141326,0.0,0.0,12225.727886587381,0.0,285.7996428191661,0.0,0.0,1289.5524193972344,0.0,0.0,0.0,0.0,0.0,0.0,0.0,13200.873273038864,0.0,0.0,0.0,0.0,0.0,0.0,0.0
1515,0.0,391.13406697511675,0.0,0.0,0.0,0.0,0.0,0.0,0.0,0.0,0.0,0.0,0.0,575.4749096035957,0.0,0.0,12149.78128632903,0.0,290.2424128949642,0.0,0.0,1339.3330830708137,0.0,0.0,0.0,0.0,0.0,0.0,0.0,14098.99128432274,0.0,0.0,0.0,0.0,0.0,0.0,0.0
1516,0.0,415.2010125696659,0.0,0.0,0.0,0.0,0.0,0.0,0.0,0.0,0.0,0.0,0.0,560.2734199523926,0.0,0.0,12101.314514279366,0.0,298.0778178870678,0.0,0.0,1382.6011019200087,0.0,0.0,0.0,0.0,0.0,0.0,0.0,14878.72461527586,0.0,0.0,0.0,0.0,0.0,0.0,0.0
1517,0.0,432.8853517055511,0.0,0.0,0.0,0.0,0.0,0.0,0.0,0.0,0.0,0.0,0.0,543.7393110752105,0.0,0.0,12062.827819675207,0.0,301.82294821143137,0.0,0.0,1433.7836902767417,0.0,0.0,0.0,0.0,0.0,0.0,0.0,15550.690207111835,0.0,0.0,0.0,0.0,0.0,0.0,0.0
1518,0.0,443.61665169596665,0.0,0.0,0.0,0.0,0.0,0.0,0.0,0.0,0.0,0.0,0.0,525.0175420522688,0.0,0.0,11829.720280438662,0.0,294.790647035837,0.0,0.0,1302.6249394208185,0.0,0.0,0.0,0.0,0.0,0.0,0.0,15730.926525485516,0.0,0.0,0.0,0.0,0.0,0.0,0.0
1519,0.0,451.24482817053797,0.0,0.0,0.0,0.0,0.0,0.0,0.0,0.0,0.0,0.0,0.0,508.71684217453003,0.0,0.0,11599.763894259928,0.0,293.14578703045845,0.0,0.0,1172.0761718831955,0.0,0.0,0.0,0.0,0.0,0.0,0.0,15895.88544152975,0.0,0.0,0.0,0.0,0.0,0.0,0.0
1520,0.0,453.32932589650153,0.0,0.0,0.0,0.0,0.0,0.0,0.0,0.0,0.0,0.0,0.0,491.2383369922638,0.0,0.0,11386.737857699394,0.0,290.4739121496676,0.0,0.0,1045.9140767857425,0.0,0.0,0.0,0.0,0.0,0.0,0.0,16018.605131781102,0.0,0.0,0.0,0.0,0.0,0.0,0.0
1521,0.0,434.80401096940034,0.0,0.0,0.0,0.0,0.0,0.0,0.0,0.0,0.0,0.0,0.0,472.15739787817,0.0,0.0,11168.143046826122,0.0,277.6020793259143,0.0,0.0,926.9178286515175,0.0,0.0,0.0,0.0,0.0,0.0,0.0,15980.38558986187,0.0,0.0,0.0,0.0,0.0,0.0,0.0
1522,0.0,410.7873135030269,0.0,0.0,0.0,0.0,0.0,0.0,0.0,0.0,0.0,0.0,0.0,451.31795554161073,0.0,0.0,10690.509608507155,0.0,282.57077658176416,0.0,0.0,877.1898450113827,0.0,0.0,0.0,0.0,0.0,0.0,0.0,15784.974567091465,0.0,0.0,0.0,0.0,0.0,0.0,0.0
1523,0.0,389.22062610983846,0.0,0.0,0.0,0.0,0.0,0.0,0.0,0.0,0.0,0.0,0.0,441.32575483322137,0.0,0.0,10145.919418334961,0.0,299.9199413418769,0.0,0.0,839.0445809662336,0.0,0.0,0.0,0.0,0.0,0.0,0.0,15544.56015304327,0.0,0.0,0.0,0.0,0.0,0.0,0.0
1524,0.0,375.34714878201487,0.0,0.0,0.0,0.0,0.0,0.0,0.0,0.0,0.0,0.0,0.0,434.6731500029564,0.0,0.0,9598.367097616196,0.0,316.44984772801394,0.0,0.0,811.5730031803246,0.0,0.0,0.0,0.0,0.0,0.0,0.0,15336.118064415456,0.0,0.0,0.0,0.0,0.0,0.0,0.0
1525,0.0,368.0485450387001,0.0,0.0,0.0,0.0,0.0,0.0,0.0,0.0,0.0,0.0,0.0,431.6232305645942,0.0,0.0,9085.899844169615,0.0,336.5098065137863,0.0,0.0,791.3244180835775,0.0,0.0,0.0,0.0,0.0,0.0,0.0,15153.441585302353,0.0,0.0,0.0,0.0,0.0,0.0,0.0
1526,0.0,362.14078479409216,0.0,0.0,0.0,0.0,0.0,0.0,0.0,0.0,0.0,0.0,0.0,430.839387011528,0.0,0.0,8598.564028143881,0.0,358.81213644146914,0.0,0.0,782.906360670179,0.0,0.0,0.0,0.0,0.0,0.0,0.0,14992.739570891858,0.0,0.0,0.0,0.0,0.0,0.0,0.0
1527,0.0,362.34172119498254,0.0,0.0,0.0,0.0,0.0,0.0,0.0,0.0,0.0,0.0,0.0,438.3486468076706,0.0,0.0,8402.740595847366,0.0,407.3418498575686,0.0,0.0,842.8516216590998,0.0,0.0,0.0,0.0,0.0,0.0,0.0,14543.846906971932,0.0,0.0,0.0,0.0,0.0,0.0,0.0
1528,0.0,358.2301842391491,0.0,0.0,0.0,0.0,0.0,0.0,0.0,0.0,0.0,0.0,0.0,437.10054082870477,0.0,0.0,8226.182680159807,0.0,433.86217920184134,0.0,0.0,868.4935522489242,0.0,0.0,0.0,0.0,0.0,0.0,0.0,13979.15726133585,0.0,0.0,0.0,0.0,0.0,0.0,0.0
1529,0.0,353.13514748811724,0.0,0.0,0.0,0.0,0.0,0.0,0.0,0.0,0.0,0.0,0.0,432.97965697050097,0.0,0.0,8037.994823873041,0.0,415.1586696982384,0.0,0.0,853.108106274157,0.0,0.0,0.0,0.0,0.0,0.0,0.0,13340.331279873848,0.0,0.0,0.0,0.0,0.0,0.0,0.0
1530,0.0,361.47580370306963,0.0,0.0,0.0,0.0,0.0,0.0,0.0,0.0,0.0,0.0,0.0,438.72521272897717,0.0,0.0,7864.589616984127,0.0,397.71219225525846,0.0,0.0,845.0652427196496,0.0,0.0,0.0,0.0,0.0,0.0,0.0,12838.407428526878,0.0,0.0,0.0,0.0,0.0,0.0,0.0
1531,0.0,386.42982094287873,0.0,0.0,0.0,0.0,0.0,0.0,0.0,0.0,0.0,0.0,0.0,456.3897815585136,0.0,0.0,7753.617845475672,0.0,357.93098684549324,0.0,0.0,858.7244336329398,0.0,0.0,0.0,0.0,0.0,0.0,0.0,13023.746821641922,0.0,0.0,0.0,0.0,0.0,0.0,0.0
1532,0.0,411.6830824792385,0.0,0.0,0.0,0.0,0.0,0.0,0.0,0.0,0.0,0.0,0.0,477.6354254961014,0.0,0.0,7767.365149348974,0.0,312.7104085505007,0.0,0.0,867.0688449650994,0.0,0.0,0.0,0.0,0.0,0.0,0.0,13448.31454000473,0.0,0.0,0.0,0.0,0.0,0.0,0.0
1533,0.0,436.12639805674553,0.0,0.0,0.0,0.0,0.0,0.0,0.0,0.0,0.0,0.0,0.0,492.77513304948803,0.0,0.0,7798.256717205046,0.0,269.419899713993,0.0,0.0,874.5373750515276,0.0,0.0,0.0,0.0,0.0,0.0,0.0,13934.770057654381,0.0,0.0,0.0,0.0,0.0,0.0,0.0
1534,0.0,460.115881294012,0.0,0.0,0.0,0.0,0.0,0.0,0.0,0.0,0.0,0.0,0.0,507.7794849038124,0.0,0.0,7843.146063208578,0.0,236.87184553742395,0.0,0.0,881.0328383132809,0.0,0.0,0.0,0.0,0.0,0.0,0.0,14458.726231694221,0.0,0.0,0.0,0.0,0.0,0.0,0.0
1535,0.0,485.039822602272,0.0,0.0,0.0,0.0,0.0,0.0,0.0,0.0,0.0,0.0,0.0,526.1905052185058,0.0,0.0,7877.82508212328,0.0,223.11914471089824,0.0,0.0,886.7958523169154,0.0,0.0,0.0,0.0,0.0,0.0,0.0,14984.522289824487,0.0,0.0,0.0,0.0,0.0,0.0,0.0
1536,0.0,498.5038520336151,0.0,0.0,0.0,0.0,0.0,0.0,0.0,0.0,0.0,0.0,0.0,546.9643545150756,0.0,0.0,8009.343522816896,0.0,254.0293490707873,0.0,0.0,947.6546123340723,0.0,0.0,0.0,0.0,0.0,0.0,0.0,15671.34870646,0.0,0.0,0.0,0.0,0.0,0.0,0.0
1537,0.0,511.81789458990096,0.0,0.0,0.0,0.0,0.0,0.0,0.0,0.0,0.0,0.0,0.0,572.430953168869,0.0,0.0,8104.847341090439,0.0,296.8289964914322,0.0,0.0,971.8714571915566,0.0,0.0,0.0,0.0,0.0,0.0,0.0,16290.00973186493,0.0,0.0,0.0,0.0,0.0,0.0,0.0
1538,0.0,523.5257365107536,0.0,0.0,0.0,0.0,0.0,0.0,0.0,0.0,0.0,0.0,0.0,598.900143456459,0.0,0.0,8179.76559665799,0.0,339.7149003565311,0.0,0.0,989.7526197507968,0.0,0.0,0.0,0.0,0.0,0.0,0.0,16827.78962622881,0.0,0.0,0.0,0.0,0.0,0.0,0.0
1539,0.0,532.2781131505966,0.0,0.0,0.0,0.0,0.0,0.0,0.0,0.0,0.0,0.0,0.0,621.7950734972952,0.0,0.0,8244.680438667536,0.0,372.62508339285847,0.0,0.0,1020.3083258740598,0.0,0.0,0.0,0.0,0.0,0.0,0.0,17276.466769134997,0.0,0.0,0.0,0.0,0.0,0.0,0.0
1540,0.0,540.2524995088577,0.0,0.0,0.0,0.0,0.0,0.0,0.0,0.0,0.0,0.0,0.0,642.4206995606422,0.0,0.0,8310.82042658329,0.0,396.2909172534942,0.0,0.0,1024.1927214436225,0.0,0.0,0.0,0.0,0.0,0.0,0.0,17715.487413465977,0.0,0.0,0.0,0.0,0.0,0.0,0.0
1541,0.0,548.8471458435058,0.0,0.0,0.0,0.0,0.0,0.0,0.0,0.0,0.0,0.0,0.0,672.3821924209594,0.0,0.0,8421.596174746752,0.0,414.81402925848954,0.0,0.0,1057.63644388318,0.0,0.0,0.0,0.0,0.0,0.0,0.0,18094.341533720493,0.0,0.0,0.0,0.0,0.0,0.0,0.0
1542,0.0,567.0751242756844,0.0,0.0,0.0,0.0,0.0,0.0,0.0,0.0,0.0,0.0,0.0,695.6941740393638,0.0,0.0,8375.182980597017,0.0,400.9720041036605,0.0,0.0,935.2099383987485,0.0,0.0,0.0,0.0,0.0,0.0,0.0,18086.997908306123,0.0,0.0,0.0,0.0,0.0,0.0,0.0
1543,0.0,577.3428004145622,0.0,0.0,0.0,0.0,0.0,0.0,0.0,0.0,0.0,0.0,0.0,712.6992705345153,0.0,0.0,8342.371628552675,0.0,370.52303459048267,0.0,0.0,858.8407687067986,0.0,0.0,0.0,0.0,0.0,0.0,0.0,18093.800561511518,0.0,0.0,0.0,0.0,0.0,0.0,0.0
1544,0.0,582.9621739983559,0.0,0.0,0.0,0.0,0.0,0.0,0.0,0.0,0.0,0.0,0.0,721.1134721755982,0.0,0.0,8334.276331126688,0.0,332.33137835264193,0.0,0.0,821.4361284077158,0.0,0.0,0.0,0.0,0.0,0.0,0.0,18110.22933784723,0.0,0.0,0.0,0.0,0.0,0.0,0.0
1545,0.0,578.0571599006653,0.0,0.0,0.0,0.0,0.0,0.0,0.0,0.0,0.0,0.0,0.0,723.6258694291114,0.0,0.0,8347.364000886679,0.0,294.05204288363456,0.0,0.0,796.1939908303312,0.0,0.0,0.0,0.0,0.0,0.0,0.0,18112.05475744009,0.0,0.0,0.0,0.0,0.0,0.0,0.0
1546,0.0,578.8278556466103,0.0,0.0,0.0,0.0,0.0,0.0,0.0,0.0,0.0,0.0,0.0,703.8784637808799,0.0,0.0,7933.498823583126,0.0,250.02207029461854,0.0,0.0,738.9222415387629,0.0,0.0,0.0,0.0,0.0,0.0,0.0,18289.79450353384,0.0,0.0,0.0,0.0,0.0,0.0,0.0
1547,0.0,578.1152917385101,0.0,0.0,0.0,0.0,0.0,0.0,0.0,0.0,0.0,0.0,0.0,683.3209414958953,0.0,0.0,7561.769331008196,0.0,217.471215006709,0.0,0.0,725.960909689217,0.0,0.0,0.0,0.0,0.0,0.0,0.0,18484.26099461317,0.0,0.0,0.0,0.0,0.0,0.0,0.0
1548,0.0,577.4663025140762,0.0,0.0,0.0,0.0,0.0,0.0,0.0,0.0,0.0,0.0,0.0,664.6809508085249,0.0,0.0,7309.428167849777,0.0,201.87353033125382,0.0,0.0,765.4884947843849,0.0,0.0,0.0,0.0,0.0,0.0,0.0,18670.659188950063,0.0,0.0,0.0,0.0,0.0,0.0,0.0
1549,0.0,576.9582100510597,0.0,0.0,0.0,0.0,0.0,0.0,0.0,0.0,0.0,0.0,0.0,648.7030153155325,0.0,0.0,7146.185060083866,0.0,197.83995964229086,0.0,0.0,855.5044422782948,0.0,0.0,0.0,0.0,0.0,0.0,0.0,18836.778157699107,0.0,0.0,0.0,0.0,0.0,0.0,0.0
1550,0.0,576.6381482720375,0.0,0.0,0.0,0.0,0.0,0.0,0.0,0.0,0.0,0.0,0.0,632.9618514180182,0.0,0.0,7100.337377727032,0.0,203.56842500269414,0.0,0.0,1010.913568530231,0.0,0.0,0.0,0.0,0.0,0.0,0.0,18993.14805508852,0.0,0.0,0.0,0.0,0.0,0.0,0.0
1551,0.0,590.9841431736946,0.0,0.0,0.0,0.0,0.0,0.0,0.0,0.0,0.0,0.0,0.0,626.6268549919128,0.0,0.0,7609.630142003298,0.0,232.14758600294584,0.0,0.0,1495.940982842445,0.0,0.0,0.0,0.0,0.0,0.0,0.0,19108.859696269035,0.0,0.0,0.0,0.0,0.0,0.0,0.0
1552,0.0,600.4696767568588,0.0,0.0,0.0,0.0,0.0,0.0,0.0,0.0,0.0,0.0,0.0,617.3746944189072,0.0,0.0,8088.214137971399,0.0,261.3969536483287,0.0,0.0,1985.1801506906743,0.0,0.0,0.0,0.0,0.0,0.0,0.0,19165.618384718895,0.0,0.0,0.0,0.0,0.0,0.0,0.0
1553,0.0,608.2095718502999,0.0,0.0,0.0,0.0,0.0,0.0,0.0,0.0,0.0,0.0,0.0,596.8046184420584,0.0,0.0,8419.955646038054,0.0,279.2894450843334,0.0,0.0,2380.716979739069,0.0,0.0,0.0,0.0,0.0,0.0,0.0,19204.028858006,0.0,0.0,0.0,0.0,0.0,0.0,0.0
1554,0.0,619.6199089407921,0.0,0.0,0.0,0.0,0.0,0.0,0.0,0.0,0.0,0.0,0.0,573.3510042786598,0.0,0.0,8745.087589174507,0.0,328.34908726811403,0.0,0.0,2957.558804583549,0.0,0.0,0.0,0.0,0.0,0.0,0.0,19300.958349096774,0.0,0.0,0.0,0.0,0.0,0.0,0.0
1555,0.0,629.9875763297081,0.0,0.0,0.0,0.0,0.0,0.0,0.0,0.0,0.0,0.0,0.0,560.122192800045,0.0,0.0,9283.645394265652,0.0,383.91077580451946,0.0,0.0,3460.476918357611,0.0,0.0,0.0,0.0,0.0,0.0,0.0,19656.84284721613,0.0,0.0,0.0,0.0,0.0,0.0,0.0
1556,0.0,644.3787412405014,0.0,0.0,0.0,0.0,0.0,0.0,0.0,0.0,0.0,0.0,0.0,556.5942467093466,0.0,0.0,9886.626427263021,0.0,446.3340607523917,0.0,0.0,3933.874231320619,0.0,0.0,0.0,0.0,0.0,0.0,0.0,20000.930101120473,0.0,0.0,0.0,0.0,0.0,0.0,0.0
1557,0.0,658.0726046562195,0.0,0.0,0.0,0.0,0.0,0.0,0.0,0.0,0.0,0.0,0.0,559.9311525106428,0.0,0.0,10528.512649148703,0.0,511.3257721304893,0.0,0.0,4299.264154332876,0.0,0.0,0.0,0.0,0.0,0.0,0.0,20327.866800260545,0.0,0.0,0.0,0.0,0.0,0.0,0.0
1558,0.0,671.9750356793404,0.0,0.0,0.0,0.0,0.0,0.0,0.0,0.0,0.0,0.0,0.0,566.109989976883,0.0,0.0,11206.734753936527,0.0,573.3675131082534,0.0,0.0,4569.255683675407,0.0,0.0,0.0,0.0,0.0,0.0,0.0,20599.94110658169,0.0,0.0,0.0,0.0,0.0,0.0,0.0
1559,0.0,684.5187191605568,0.0,0.0,0.0,0.0,0.0,0.0,0.0,0.0,0.0,0.0,0.0,570.4997021794318,0.0,0.0,11892.766677707434,0.0,625.5290081739425,0.0,0.0,4720.814323344825,0.0,0.0,0.0,0.0,0.0,0.0,0.0,20770.904235565664,0.0,0.0,0.0,0.0,0.0,0.0,0.0
1560,0.0,693.5576027154923,0.0,0.0,0.0,0.0,0.0,0.0,0.0,0.0,0.0,0.0,0.0,574.9728964328766,0.0,0.0,12427.020525783299,0.0,688.563083600998,0.0,0.0,5025.763899019361,0.0,0.0,0.0,0.0,0.0,0.0,0.0,20898.17301030159,0.0,0.0,0.0,0.0,0.0,0.0,0.0
1561,0.0,702.2324328303337,0.0,0.0,0.0,0.0,0.0,0.0,0.0,0.0,0.0,0.0,0.0,577.7374435544014,0.0,0.0,12960.667634934187,0.0,736.1606938719748,0.0,0.0,5125.892596381903,0.0,0.0,0.0,0.0,0.0,0.0,0.0,20926.206653034686,0.0,0.0,0.0,0.0,0.0,0.0,0.0
1562,0.0,711.170371234417,0.0,0.0,0.0,0.0,0.0,0.0,0.0,0.0,0.0,0.0,0.0,582.2997690200805,0.0,0.0,13457.990529239178,0.0,772.2551921367645,0.0,0.0,5111.488543099165,0.0,0.0,0.0,0.0,0.0,0.0,0.0,20884.90617313385,0.0,0.0,0.0,0.0,0.0,0.0,0.0
1563,0.0,720.7672867655754,0.0,0.0,0.0,0.0,0.0,0.0,0.0,0.0,0.0,0.0,0.0,592.826263821125,0.0,0.0,13896.099593818188,0.0,802.3798552036284,0.0,0.0,5042.272126051784,0.0,0.0,0.0,0.0,0.0,0.0,0.0,20836.32715805769,0.0,0.0,0.0,0.0,0.0,0.0,0.0
1564,0.0,729.9011676192283,0.0,0.0,0.0,0.0,0.0,0.0,0.0,0.0,0.0,0.0,0.0,606.9477324604989,0.0,0.0,14255.710643172264,0.0,823.4870739340781,0.0,0.0,4930.989188504219,0.0,0.0,0.0,0.0,0.0,0.0,0.0,20793.358921587467,0.0,0.0,0.0,0.0,0.0,0.0,0.0
1565,0.0,738.8432582974434,0.0,0.0,0.0,0.0,0.0,0.0,0.0,0.0,0.0,0.0,0.0,621.4962059617042,0.0,0.0,14567.94471693039,0.0,828.1084037423133,0.0,0.0,4620.417684432863,0.0,0.0,0.0,0.0,0.0,0.0,0.0,20723.436093902586,0.0,0.0,0.0,0.0,0.0,0.0,0.0
1566,0.0,734.8874877333641,0.0,0.0,0.0,0.0,0.0,0.0,0.0,0.0,0.0,0.0,0.0,636.9425374388694,0.0,0.0,14522.193490505219,0.0,815.2901032686234,0.0,0.0,4483.72874110043,0.0,0.0,0.0,0.0,0.0,0.0,0.0,20367.388146960737,0.0,0.0,0.0,0.0,0.0,0.0,0.0
1567,0.0,724.2164798855781,0.0,0.0,0.0,0.0,0.0,0.0,0.0,0.0,0.0,0.0,0.0,654.830606818199,0.0,0.0,14433.163109838963,0.0,794.0460598826409,0.0,0.0,4313.853798767924,0.0,0.0,0.0,0.0,0.0,0.0,0.0,20022.910351622104,0.0,0.0,0.0,0.0,0.0,0.0,0.0
1568,0.0,710.8099650621414,0.0,0.0,0.0,0.0,0.0,0.0,0.0,0.0,0.0,0.0,0.0,674.9497810840606,0.0,0.0,14318.873721003532,0.0,754.0846051812172,0.0,0.0,4104.438555470109,0.0,0.0,0.0,0.0,0.0,0.0,0.0,19690.94723957777,0.0,0.0,0.0,0.0,0.0,0.0,0.0
1569,0.0,699.6791209101677,0.0,0.0,0.0,0.0,0.0,0.0,0.0,0.0,0.0,0.0,0.0,718.1245726466178,0.0,0.0,14185.769202530384,0.0,718.2644676208496,0.0,0.0,3912.465247383713,0.0,0.0,0.0,0.0,0.0,0.0,0.0,19361.891491544247,0.0,0.0,0.0,0.0,0.0,0.0,0.0
1570,0.0,688.4631551384925,0.0,0.0,0.0,0.0,0.0,0.0,0.0,0.0,0.0,0.0,0.0,737.8815280675886,0.0,0.0,14130.591742396355,0.0,683.721518266201,0.0,0.0,3782.590799412131,0.0,0.0,0.0,0.0,0.0,0.0,0.0,19272.592022919656,0.0,0.0,0.0,0.0,0.0,0.0,0.0
1571,0.0,676.81355727911,0.0,0.0,0.0,0.0,0.0,0.0,0.0,0.0,0.0,0.0,0.0,752.7681442260742,0.0,0.0,14078.787128388882,0.0,656.6319556713104,0.0,0.0,3655.58832153976,0.0,0.0,0.0,0.0,0.0,0.0,0.0,19196.95427224636,0.0,0.0,0.0,0.0,0.0,0.0,0.0
1572,0.0,659.4398250818252,0.0,0.0,0.0,0.0,0.0,0.0,0.0,0.0,0.0,0.0,0.0,766.3784085988998,0.0,0.0,14030.957432210445,0.0,642.1137214899063,0.0,0.0,3547.804973110556,0.0,0.0,0.0,0.0,0.0,0.0,0.0,19105.05987275839,0.0,0.0,0.0,0.0,0.0,0.0,0.0
1573,0.0,641.5059286594391,0.0,0.0,0.0,0.0,0.0,0.0,0.0,0.0,0.0,0.0,0.0,782.9144901990891,0.0,0.0,13982.234740793705,0.0,646.4852929472924,0.0,0.0,3448.035044941306,0.0,0.0,0.0,0.0,0.0,0.0,0.0,19009.7214763999,0.0,0.0,0.0,0.0,0.0,0.0,0.0
1574,0.0,629.0493307113647,0.0,0.0,0.0,0.0,0.0,0.0,0.0,0.0,0.0,0.0,0.0,799.7036183595658,0.0,0.0,13929.306881904602,0.0,658.5788021564483,0.0,0.0,3398.567282500863,0.0,0.0,0.0,0.0,0.0,0.0,0.0,18945.61337673664,0.0,0.0,0.0,0.0,0.0,0.0,0.0
1575,0.0,624.3227521777153,0.0,0.0,0.0,0.0,0.0,0.0,0.0,0.0,0.0,0.0,0.0,823.7750535011292,0.0,0.0,13860.437346696854,0.0,687.0685054421425,0.0,0.0,3570.452240592241,0.0,0.0,0.0,0.0,0.0,0.0,0.0,18575.55222455263,0.0,0.0,0.0,0.0,0.0,0.0,0.0
1576,0.0,622.2502062678337,0.0,0.0,0.0,0.0,0.0,0.0,0.0,0.0,0.0,0.0,0.0,837.1918116807938,0.0,0.0,13789.232644498348,0.0,705.7081970334052,0.0,0.0,3725.8659082263707,0.0,0.0,0.0,0.0,0.0,0.0,0.0,18377.909329807757,0.0,0.0,0.0,0.0,0.0,0.0,0.0
1577,0.0,622.5275108456611,0.0,0.0,0.0,0.0,0.0,0.0,0.0,0.0,0.0,0.0,0.0,838.0001797676086,0.0,0.0,13706.143638074398,0.0,688.2434901356697,0.0,0.0,3793.2533592849963,0.0,0.0,0.0,0.0,0.0,0.0,0.0,18192.63647338152,0.0,0.0,0.0,0.0,0.0,0.0,0.0
1578,0.0,627.0286882281304,0.0,0.0,0.0,0.0,0.0,0.0,0.0,0.0,0.0,0.0,0.0,834.7431244134902,0.0,0.0,13605.101382434368,0.0,672.3976773858069,0.0,0.0,3844.4438193708656,0.0,0.0,0.0,0.0,0.0,0.0,0.0,17959.024712538718,0.0,0.0,0.0,0.0,0.0,0.0,0.0
1579,0.0,644.61687977314,0.0,0.0,0.0,0.0,0.0,0.0,0.0,0.0,0.0,0.0,0.0,841.2217261075973,0.0,0.0,13659.913243472576,0.0,652.4259017348289,0.0,0.0,3705.1278378188604,0.0,0.0,0.0,0.0,0.0,0.0,0.0,18066.222550451756,0.0,0.0,0.0,0.0,0.0,0.0,0.0
1580,0.0,660.50606174469,0.0,0.0,0.0,0.0,0.0,0.0,0.0,0.0,0.0,0.0,0.0,850.1603133916855,0.0,0.0,13687.149598240852,0.0,635.0544466495514,0.0,0.0,3578.501689150929,0.0,0.0,0.0,0.0,0.0,0.0,0.0,18222.183102560044,0.0,0.0,0.0,0.0,0.0,0.0,0.0
1581,0.0,676.2719660639763,0.0,0.0,0.0,0.0,0.0,0.0,0.0,0.0,0.0,0.0,0.0,856.9955296039582,0.0,0.0,13705.14018523693,0.0,617.641730749607,0.0,0.0,3467.0997673898933,0.0,0.0,0.0,0.0,0.0,0.0,0.0,18334.62287439108,0.0,0.0,0.0,0.0,0.0,0.0,0.0
1582,0.0,692.5957901358604,0.0,0.0,0.0,0.0,0.0,0.0,0.0,0.0,0.0,0.0,0.0,863.0379801750183,0.0,0.0,13738.675734639168,0.0,589.2706523060798,0.0,0.0,3394.992911955714,0.0,0.0,0.0,0.0,0.0,0.0,0.0,18433.12899571657,0.0,0.0,0.0,0.0,0.0,0.0,0.0
1583,0.0,710.8871188044548,0.0,0.0,0.0,0.0,0.0,0.0,0.0,0.0,0.0,0.0,0.0,868.1211493492126,0.0,0.0,13812.483191251755,0.0,538.1865031957625,0.0,0.0,3326.6454127013685,0.0,0.0,0.0,0.0,0.0,0.0,0.0,18518.89189468622,0.0,0.0,0.0,0.0,0.0,0.0,0.0
1584,0.0,722.2669871807099,0.0,0.0,0.0,0.0,0.0,0.0,0.0,0.0,0.0,0.0,0.0,867.6374735355378,0.0,0.0,13891.447928726673,0.0,485.52884090542796,0.0,0.0,2869.1253774046895,0.0,0.0,0.0,0.0,0.0,0.0,0.0,18735.487620592117,0.0,0.0,0.0,0.0,0.0,0.0,0.0
1585,0.0,727.7256004214287,0.0,0.0,0.0,0.0,0.0,0.0,0.0,0.0,0.0,0.0,0.0,865.5067533493042,0.0,0.0,14047.194699287415,0.0,412.95954534411425,0.0,0.0,2380.7381728559726,0.0,0.0,0.0,0.0,0.0,0.0,0.0,18921.778777647018,0.0,0.0,0.0,0.0,0.0,0.0,0.0
1586,0.0,725.0924413919449,0.0,0.0,0.0,0.0,0.0,0.0,0.0,0.0,0.0,0.0,0.0,860.4441184282302,0.0,0.0,14190.310410022736,0.0,337.9697338879107,0.0,0.0,2089.566242480278,0.0,0.0,0.0,0.0,0.0,0.0,0.0,19074.54267579317,0.0,0.0,0.0,0.0,0.0,0.0,0.0
1587,0.0,718.4602495908737,0.0,0.0,0.0,0.0,0.0,0.0,0.0,0.0,0.0,0.0,0.0,851.5441785812378,0.0,0.0,14233.88826650381,0.0,272.92739501595497,0.0,0.0,1917.932725583017,0.0,0.0,0.0,0.0,0.0,0.0,0.0,19168.61398216486,0.0,0.0,0.0,0.0,0.0,0.0,0.0
1588,0.0,702.2026935696601,0.0,0.0,0.0,0.0,0.0,0.0,0.0,0.0,0.0,0.0,0.0,838.2617449045181,0.0,0.0,14208.50324332714,0.0,225.94859322011453,0.0,0.0,1847.189344462752,0.0,0.0,0.0,0.0,0.0,0.0,0.0,19274.621391928194,0.0,0.0,0.0,0.0,0.0,0.0,0.0
1589,0.0,686.9328176736832,0.0,0.0,0.0,0.0,0.0,0.0,0.0,0.0,0.0,0.0,0.0,825.8641671657563,0.0,0.0,14176.327411413193,0.0,194.8361901193856,0.0,0.0,1656.1223448827855,0.0,0.0,0.0,0.0,0.0,0.0,0.0,19331.017021489144,0.0,0.0,0.0,0.0,0.0,0.0,0.0
1590,0.0,668.806177175045,0.0,0.0,0.0,0.0,0.0,0.0,0.0,0.0,0.0,0.0,0.0,807.7568116903306,0.0,0.0,13980.419191241264,0.0,169.50534010827542,0.0,0.0,1461.8037156522269,0.0,0.0,0.0,0.0,0.0,0.0,0.0,19064.634494960308,0.0,0.0,0.0,0.0,0.0,0.0,0.0
1591,0.0,642.5664419174194,0.0,0.0,0.0,0.0,0.0,0.0,0.0,0.0,0.0,0.0,0.0,780.647114109993,0.0,0.0,13781.257916986942,0.0,150.81216062903397,0.0,0.0,1289.5601397469636,0.0,0.0,0.0,0.0,0.0,0.0,0.0,18800.255301344394,0.0,0.0,0.0,0.0,0.0,0.0,0.0
1592,0.0,609.3897154927254,0.0,0.0,0.0,0.0,0.0,0.0,0.0,0.0,0.0,0.0,0.0,741.6700977683067,0.0,0.0,13593.091063201427,0.0,135.48284909725172,0.0,0.0,1146.1985435575243,0.0,0.0,0.0,0.0,0.0,0.0,0.0,18548.17093065977,0.0,0.0,0.0,0.0,0.0,0.0,0.0
1593,0.0,575.1974774837494,0.0,0.0,0.0,0.0,0.0,0.0,0.0,0.0,0.0,0.0,0.0,689.8138902664183,0.0,0.0,13412.124177992344,0.0,113.35992368161678,0.0,0.0,1041.0140767782925,0.0,0.0,0.0,0.0,0.0,0.0,0.0,18306.035241401194,0.0,0.0,0.0,0.0,0.0,0.0,0.0
1594,0.0,530.3234581589699,0.0,0.0,0.0,0.0,0.0,0.0,0.0,0.0,0.0,0.0,0.0,612.3007163405418,0.0,0.0,13366.65609639883,0.0,88.52839770317075,0.0,0.0,1010.2204779177899,0.0,0.0,0.0,0.0,0.0,0.0,0.0,18285.00675483942,0.0,0.0,0.0,0.0,0.0,0.0,0.0
1595,0.0,487.9149357676506,0.0,0.0,0.0,0.0,0.0,0.0,0.0,0.0,0.0,0.0,0.0,537.7816427588463,0.0,0.0,13320.119220852852,0.0,69.8053841650485,0.0,0.0,978.0588633611794,0.0,0.0,0.0,0.0,0.0,0.0,0.0,18241.34711538553,0.0,0.0,0.0,0.0,0.0,0.0,0.0
1596,0.0,449.12239885926243,0.0,0.0,0.0,0.0,0.0,0.0,0.0,0.0,0.0,0.0,0.0,472.2428078174591,0.0,0.0,13312.153827786446,0.0,57.12956985235208,0.0,0.0,936.7819378450512,0.0,0.0,0.0,0.0,0.0,0.0,0.0,18221.213981223107,0.0,0.0,0.0,0.0,0.0,0.0,0.0
1597,0.0,418.005032068491,0.0,0.0,0.0,0.0,0.0,0.0,0.0,0.0,0.0,0.0,0.0,414.4228793263435,0.0,0.0,13331.063857614994,0.0,50.203318159282134,0.0,0.0,896.1937129385769,0.0,0.0,0.0,0.0,0.0,0.0,0.0,18225.479561555385,0.0,0.0,0.0,0.0,0.0,0.0,0.0
1598,0.0,389.66317997574805,0.0,0.0,0.0,0.0,0.0,0.0,0.0,0.0,0.0,0.0,0.0,363.2998746812343,0.0,0.0,13366.567419171333,0.0,49.892594879865584,0.0,0.0,858.504933493584,0.0,0.0,0.0,0.0,0.0,0.0,0.0,18262.486978578567,0.0,0.0,0.0,0.0,0.0,0.0,0.0
1599,0.0,369.05928711891175,0.0,0.0,0.0,0.0,0.0,0.0,0.0,0.0,0.0,0.0,0.0,329.55108990669237,0.0,0.0,13469.222978055477,0.0,66.15744054764507,0.0,0.0,819.0807405330239,0.0,0.0,0.0,0.0,0.0,0.0,0.0,17935.34777647257,0.0,0.0,0.0,0.0,0.0,0.0,0.0
1600,0.0,349.82306358218193,0.0,0.0,0.0,0.0,0.0,0.0,0.0,0.0,0.0,0.0,0.0,304.20258562564845,0.0,0.0,13579.800369262695,0.0,85.45291083753096,0.0,0.0,799.986499100178,0.0,0.0,0.0,0.0,0.0,0.0,0.0,17686.393523061277,0.0,0.0,0.0,0.0,0.0,0.0,0.0
1601,0.0,340.1660522997379,0.0,0.0,0.0,0.0,0.0,0.0,0.0,0.0,0.0,0.0,0.0,279.83974791169163,0.0,0.0,13648.68701761961,0.0,88.37500351071346,0.0,0.0,775.696613679081,0.0,0.0,0.0,0.0,0.0,0.0,0.0,17424.218718874454,0.0,0.0,0.0,0.0,0.0,0.0,0.0
1602,0.0,336.4640193521976,0.0,0.0,0.0,0.0,0.0,0.0,0.0,0.0,0.0,0.0,0.0,263.9182367801666,0.0,0.0,13676.632790207863,0.0,117.09682852029786,0.0,0.0,777.8566464297469,0.0,0.0,0.0,0.0,0.0,0.0,0.0,17076.458929038046,0.0,0.0,0.0,0.0,0.0,0.0,0.0
1603,0.0,345.836599856615,0.0,0.0,0.0,0.0,0.0,0.0,0.0,0.0,0.0,0.0,0.0,261.8744060754775,0.0,0.0,13798.045916318893,0.0,148.3730892241001,0.0,0.0,706.0418018706141,0.0,0.0,0.0,0.0,0.0,0.0,0.0,16898.377820801736,0.0,0.0,0.0,0.0,0.0,0.0,0.0
1604,0.0,356.5357197225094,0.0,0.0,0.0,0.0,0.0,0.0,0.0,0.0,0.0,0.0,0.0,263.276406866312,0.0,0.0,13899.108396589756,0.0,182.3741198688744,0.0,0.0,696.421564900875,0.0,0.0,0.0,0.0,0.0,0.0,0.0,16597.11560484171,0.0,0.0,0.0,0.0,0.0,0.0,0.0
1605,0.0,359.81997216939925,0.0,0.0,0.0,0.0,0.0,0.0,0.0,0.0,0.0,0.0,0.0,269.19379128217696,0.0,0.0,14006.022018134594,0.0,219.5634228676556,0.0,0.0,715.0920953750609,0.0,0.0,0.0,0.0,0.0,0.0,0.0,16238.481405735016,0.0,0.0,0.0,0.0,0.0,0.0,0.0
1606,0.0,356.3721818447113,0.0,0.0,0.0,0.0,0.0,0.0,0.0,0.0,0.0,0.0,0.0,271.909625595808,0.0,0.0,14098.447025299072,0.0,244.2835713237522,0.0,0.0,729.27377230972,0.0,0.0,0.0,0.0,0.0,0.0,0.0,15917.013733124733,0.0,0.0,0.0,0.0,0.0,0.0,0.0
1607,0.0,345.14274923801423,0.0,0.0,0.0,0.0,0.0,0.0,0.0,0.0,0.0,0.0,0.0,263.768803012371,0.0,0.0,14164.026168644428,0.0,240.67325004041186,0.0,0.0,701.885301817953,0.0,0.0,0.0,0.0,0.0,0.0,0.0,15751.609310555457,0.0,0.0,0.0,0.0,0.0,0.0,0.0
1608,0.0,346.7631461620331,0.0,0.0,0.0,0.0,0.0,0.0,0.0,0.0,0.0,0.0,0.0,244.79470478296278,0.0,0.0,14112.745839297771,0.0,233.9218010336159,0.0,0.0,1366.8272163882843,0.0,0.0,0.0,0.0,0.0,0.0,0.0,16043.630159020424,0.0,0.0,0.0,0.0,0.0,0.0,0.0
1609,0.0,341.25481785535806,0.0,0.0,0.0,0.0,0.0,0.0,0.0,0.0,0.0,0.0,0.0,213.95723323822014,0.0,0.0,13969.569454669952,0.0,200.3611080557108,0.0,0.0,1976.3376254215834,0.0,0.0,0.0,0.0,0.0,0.0,0.0,16460.951164102553,0.0,0.0,0.0,0.0,0.0,0.0,0.0
1610,0.0,334.0318247795105,0.0,0.0,0.0,0.0,0.0,0.0,0.0,0.0,0.0,0.0,0.0,178.58897737860673,0.0,0.0,13773.262964844704,0.0,155.8883375644683,0.0,0.0,2479.6543211728326,0.0,0.0,0.0,0.0,0.0,0.0,0.0,16846.447381639482,0.0,0.0,0.0,0.0,0.0,0.0,0.0
1611,0.0,324.9376149773598,0.0,0.0,0.0,0.0,0.0,0.0,0.0,0.0,0.0,0.0,0.0,144.22241646051404,0.0,0.0,13541.62093347311,0.0,113.57842518687238,0.0,0.0,2782.7600956767797,0.0,0.0,0.0,0.0,0.0,0.0,0.0,17111.69299865961,0.0,0.0,0.0,0.0,0.0,0.0,0.0
1612,0.0,329.99399068951607,0.0,0.0,0.0,0.0,0.0,0.0,0.0,0.0,0.0,0.0,0.0,113.35057918429365,0.0,0.0,13303.659482836723,0.0,77.2205335319041,0.0,0.0,2904.9998746633523,0.0,0.0,0.0,0.0,0.0,0.0,0.0,17202.96831765175,0.0,0.0,0.0,0.0,0.0,0.0,0.0
1613,0.0,334.66064180731775,0.0,0.0,0.0,0.0,0.0,0.0,0.0,0.0,0.0,0.0,0.0,86.15525309592482,0.0,0.0,13087.716432213783,0.0,46.30426750779147,0.0,0.0,2721.667605856061,0.0,0.0,0.0,0.0,0.0,0.0,0.0,17143.710164022446,0.0,0.0,0.0,0.0,0.0,0.0,0.0
1614,0.0,332.29185358285906,0.0,0.0,0.0,0.0,0.0,0.0,0.0,0.0,0.0,0.0,0.0,66.55230457335699,0.0,0.0,12724.7115342319,0.0,19.89203660711631,0.0,0.0,2690.7522979527707,0.0,0.0,0.0,0.0,0.0,0.0,0.0,16738.79246560335,0.0,0.0,0.0,0.0,0.0,0.0,0.0
1615,0.0,334.5558249413967,0.0,0.0,0.0,0.0,0.0,0.0,0.0,0.0,0.0,0.0,0.0,55.899561104178304,0.0,0.0,12348.564515560865,0.0,14.763947408832424,0.0,0.0,2657.6362362384793,0.0,0.0,0.0,0.0,0.0,0.0,0.0,16304.986272644997,0.0,0.0,0.0,0.0,0.0,0.0,0.0
1616,0.0,331.32283063530923,0.0,0.0,0.0,0.0,0.0,0.0,0.0,0.0,0.0,0.0,0.0,48.77937048226581,0.0,0.0,11942.91909494996,0.0,14.720381049811742,0.0,0.0,2625.576500022411,0.0,0.0,0.0,0.0,0.0,0.0,0.0,15831.57339245081,0.0,0.0,0.0,0.0,0.0,0.0,0.0
1617,0.0,343.26552854776384,0.0,0.0,0.0,0.0,0.0,0.0,0.0,0.0,0.0,0.0,0.0,47.327844256162564,0.0,0.0,11484.945553541183,0.0,14.84111598841843,0.0,0.0,2594.134997302294,0.0,0.0,0.0,0.0,0.0,0.0,0.0,15350.896441578865,0.0,0.0,0.0,0.0,0.0,0.0,0.0
1618,0.0,350.75968195796014,0.0,0.0,0.0,0.0,0.0,0.0,0.0,0.0,0.0,0.0,0.0,35.001926241070024,0.0,0.0,10841.754842966795,0.0,14.514750391803599,0.0,0.0,2600.620091074705,0.0,0.0,0.0,0.0,0.0,0.0,0.0,14992.033703410625,0.0,0.0,0.0,0.0,0.0,0.0,0.0
1619,0.0,358.8356868088245,0.0,0.0,0.0,0.0,0.0,0.0,0.0,0.0,0.0,0.0,0.0,29.384673136472568,0.0,0.0,10252.566230326891,0.0,14.74524554442604,0.0,0.0,2605.7960557401175,0.0,0.0,0.0,0.0,0.0,0.0,0.0,14630.729358053208,0.0,0.0,0.0,0.0,0.0,0.0,0.0
1620,0.0,365.1168992221355,0.0,0.0,0.0,0.0,0.0,0.0,0.0,0.0,0.0,0.0,0.0,28.89748621210449,0.0,0.0,9714.11654922366,0.0,15.31137015428375,0.0,0.0,2605.6634473800655,0.0,0.0,0.0,0.0,0.0,0.0,0.0,14246.925486731529,0.0,0.0,0.0,0.0,0.0,0.0,0.0
1621,0.0,373.0967845380306,0.0,0.0,0.0,0.0,0.0,0.0,0.0,0.0,0.0,0.0,0.0,31.61287217959759,0.0,0.0,9223.25931382179,0.0,16.546442576497626,0.0,0.0,2609.2296434372665,0.0,0.0,0.0,0.0,0.0,0.0,0.0,13797.89685653448,0.0,0.0,0.0,0.0,0.0,0.0,0.0
1622,0.0,380.7789405763149,0.0,0.0,0.0,0.0,0.0,0.0,0.0,0.0,0.0,0.0,0.0,34.7861512556671,0.0,0.0,8774.53698527813,0.0,19.41041959971172,0.0,0.0,2614.77890971899,0.0,0.0,0.0,0.0,0.0,0.0,0.0,13289.019921207428,0.0,0.0,0.0,0.0,0.0,0.0,0.0
1623,0.0,394.2218439102173,0.0,0.0,0.0,0.0,0.0,0.0,0.0,0.0,0.0,0.0,0.0,46.72342882752413,0.0,0.0,8556.538023144007,0.0,29.868969027698,0.0,0.0,2729.211144438386,0.0,0.0,0.0,0.0,0.0,0.0,0.0,12215.101852953434,0.0,0.0,0.0,0.0,0.0,0.0,0.0
1624,0.0,406.12745191454883,0.0,0.0,0.0,0.0,0.0,0.0,0.0,0.0,0.0,0.0,0.0,60.15752679407596,0.0,0.0,8368.00090304017,0.0,37.673509922623595,0.0,0.0,2849.842668610811,0.0,0.0,0.0,0.0,0.0,0.0,0.0,11117.286265045404,0.0,0.0,0.0,0.0,0.0,0.0,0.0
1625,0.0,399.093106752634,0.0,0.0,0.0,0.0,0.0,0.0,0.0,0.0,0.0,0.0,0.0,50.119387419521765,0.0,0.0,8252.640386641026,0.0,19.65453497096882,0.0,0.0,2973.798181790113,0.0,0.0,0.0,0.0,0.0,0.0,0.0,10080.538339412211,0.0,0.0,0.0,0.0,0.0,0.0,0.0
1626,0.0,363.65832876563064,0.0,0.0,0.0,0.0,0.0,0.0,0.0,0.0,0.0,0.0,0.0,37.773778602480846,0.0,0.0,8240.581839442251,0.0,14.63659317735577,0.0,0.0,3122.2532408684488,0.0,0.0,0.0,0.0,0.0,0.0,0.0,9146.342978298664,0.0,0.0,0.0,0.0,0.0,0.0,0.0
1627,0.0,334.1125696778297,0.0,0.0,0.0,0.0,0.0,0.0,0.0,0.0,0.0,0.0,0.0,38.273253013193525,0.0,0.0,8281.68529012799,0.0,14.25887757800507,0.0,0.0,3188.172311684489,0.0,0.0,0.0,0.0,0.0,0.0,0.0,8989.193444490433,0.0,0.0,0.0,0.0,0.0,0.0,0.0
1628,0.0,306.15758047699927,0.0,0.0,0.0,0.0,0.0,0.0,0.0,0.0,0.0,0.0,0.0,44.29657601714123,0.0,0.0,8345.36254030466,0.0,14.259764967113725,0.0,0.0,3200.530018150806,0.0,0.0,0.0,0.0,0.0,0.0,0.0,8796.044669139383,0.0,0.0,0.0,0.0,0.0,0.0,0.0
1629,0.0,286.3939339578152,0.0,0.0,0.0,0.0,0.0,0.0,0.0,0.0,0.0,0.0,0.0,51.79438056945796,0.0,0.0,8367.855441272259,0.0,14.181054108962384,0.0,0.0,3202.9999245464796,0.0,0.0,0.0,0.0,0.0,0.0,0.0,8618.2260915339,0.0,0.0,0.0,0.0,0.0,0.0,0.0
1630,0.0,270.2559241533279,0.0,0.0,0.0,0.0,0.0,0.0,0.0,0.0,0.0,0.0,0.0,61.48890185952186,0.0,0.0,8328.34273558855,0.0,14.575733846239677,0.0,0.0,3224.646574151516,0.0,0.0,0.0,0.0,0.0,0.0,0.0,8371.750329780578,0.0,0.0,0.0,0.0,0.0,0.0,0.0
1631,0.0,257.1250024974346,0.0,0.0,0.0,0.0,0.0,0.0,0.0,0.0,0.0,0.0,0.0,73.43714709877959,0.0,0.0,8192.446440190077,0.0,24.6177689481526,0.0,0.0,3291.4266910314554,0.0,0.0,0.0,0.0,0.0,0.0,0.0,8037.0823566913605,0.0,0.0,0.0,0.0,0.0,0.0,0.0
1632,0.0,237.09855630397797,0.0,0.0,0.0,0.0,0.0,0.0,0.0,0.0,0.0,0.0,0.0,85.23259036988014,0.0,0.0,8089.15925052762,0.0,85.89690921604632,0.0,0.0,3189.1369012624027,0.0,0.0,0.0,0.0,0.0,0.0,0.0,7740.697569310664,0.0,0.0,0.0,0.0,0.0,0.0,0.0
1633,0.0,216.9040412038564,0.0,0.0,0.0,0.0,0.0,0.0,0.0,0.0,0.0,0.0,0.0,99.8075443148613,0.0,0.0,8037.097939282654,0.0,182.405762052536,0.0,0.0,3048.00315579772,0.0,0.0,0.0,0.0,0.0,0.0,0.0,7592.717080509662,0.0,0.0,0.0,0.0,0.0,0.0,0.0
1634,0.0,196.25702641904354,0.0,0.0,0.0,0.0,0.0,0.0,0.0,0.0,0.0,0.0,0.0,117.02040441036225,0.0,0.0,8008.847241491079,0.0,287.35895777344706,0.0,0.0,3028.1670038938523,0.0,0.0,0.0,0.0,0.0,0.0,0.0,7525.850601160526,0.0,0.0,0.0,0.0,0.0,0.0,0.0
1635,0.0,180.08168823122975,0.0,0.0,0.0,0.0,0.0,0.0,0.0,0.0,0.0,0.0,0.0,136.76511998176568,0.0,0.0,7976.223356217146,0.0,375.257713073492,0.0,0.0,3160.613993498683,0.0,0.0,0.0,0.0,0.0,0.0,0.0,7437.094274419545,0.0,0.0,0.0,0.0,0.0,0.0,0.0
1636,0.0,171.85711332857602,0.0,0.0,0.0,0.0,0.0,0.0,0.0,0.0,0.0,0.0,0.0,160.32748050093645,0.0,0.0,7935.758537143467,0.0,444.5780158936977,0.0,0.0,3300.391076722741,0.0,0.0,0.0,0.0,0.0,0.0,0.0,7313.057591664791,0.0,0.0,0.0,0.0,0.0,0.0,0.0
1637,0.0,167.74915350079536,0.0,0.0,0.0,0.0,0.0,0.0,0.0,0.0,0.0,0.0,0.0,163.50484232902525,0.0,0.0,7871.027272552252,0.0,463.2159586429595,0.0,0.0,3228.1422274053093,0.0,0.0,0.0,0.0,0.0,0.0,0.0,7208.223252654076,0.0,0.0,0.0,0.0,0.0,0.0,0.0
1638,0.0,158.42546041309828,0.0,0.0,0.0,0.0,0.0,0.0,0.0,0.0,0.0,0.0,0.0,168.4767768263817,0.0,0.0,7645.526528120041,0.0,454.391272264719,0.0,0.0,3165.36821513772,0.0,0.0,0.0,0.0,0.0,0.0,0.0,7013.257013183831,0.0,0.0,0.0,0.0,0.0,0.0,0.0
1639,0.0,161.6896388590335,0.0,0.0,0.0,0.0,0.0,0.0,0.0,0.0,0.0,0.0,0.0,173.15573953986157,0.0,0.0,7460.765968888998,0.0,432.4131598591803,0.0,0.0,3105.2805818170305,0.0,0.0,0.0,0.0,0.0,0.0,0.0,6800.174713736773,0.0,0.0,0.0,0.0,0.0,0.0,0.0
1640,0.0,168.08036750257008,0.0,0.0,0.0,0.0,0.0,0.0,0.0,0.0,0.0,0.0,0.0,178.42515169978142,0.0,0.0,7318.178432166576,0.0,404.8428732037544,0.0,0.0,3038.0436018884184,0.0,0.0,0.0,0.0,0.0,0.0,0.0,6548.938685834408,0.0,0.0,0.0,0.0,0.0,0.0,0.0
1641,0.0,168.9418661892414,0.0,0.0,0.0,0.0,0.0,0.0,0.0,0.0,0.0,0.0,0.0,182.0657223403453,0.0,0.0,7217.605232387779,0.0,371.34122587442397,0.0,0.0,2985.9645446866753,0.0,0.0,0.0,0.0,0.0,0.0,0.0,6188.367690503596,0.0,0.0,0.0,0.0,0.0,0.0,0.0
1642,0.0,157.15027738809582,0.0,0.0,0.0,0.0,0.0,0.0,0.0,0.0,0.0,0.0,0.0,165.58350952863688,0.0,0.0,6880.2490556538105,0.0,306.24811130166034,0.0,0.0,2889.331197819113,0.0,0.0,0.0,0.0,0.0,0.0,0.0,5915.0997015207995,0.0,0.0,0.0,0.0,0.0,0.0,0.0
1643,0.0,146.40719391703607,0.0,0.0,0.0,0.0,0.0,0.0,0.0,0.0,0.0,0.0,0.0,150.56785935163495,0.0,0.0,6569.0355478823185,0.0,245.1717607498168,0.0,0.0,2802.459400597215,0.0,0.0,0.0,0.0,0.0,0.0,0.0,5663.413104519247,0.0,0.0,0.0,0.0,0.0,0.0,0.0
1644,0.0,136.55661090910428,0.0,0.0,0.0,0.0,0.0,0.0,0.0,0.0,0.0,0.0,0.0,134.40074420571324,0.0,0.0,6252.009014487265,0.0,197.84738481044758,0.0,0.0,2733.396482267976,0.0,0.0,0.0,0.0,0.0,0.0,0.0,5430.917279663681,0.0,0.0,0.0,0.0,0.0,0.0,0.0
1645,0.0,127.4992946237325,0.0,0.0,0.0,0.0,0.0,0.0,0.0,0.0,0.0,0.0,0.0,117.56180478930472,0.0,0.0,5954.325006872415,0.0,158.7479461878538,0.0,0.0,2664.8243359744547,0.0,0.0,0.0,0.0,0.0,0.0,0.0,5215.927836212514,0.0,0.0,0.0,0.0,0.0,0.0,0.0
1646,0.0,119.4669728189706,0.0,0.0,0.0,0.0,0.0,0.0,0.0,0.0,0.0,0.0,0.0,98.31389036476608,0.0,0.0,5688.301492020488,0.0,125.29431791007516,0.0,0.0,2603.0133994907137,0.0,0.0,0.0,0.0,0.0,0.0,0.0,5024.532157966493,0.0,0.0,0.0,0.0,0.0,0.0,0.0
1647,0.0,102.82446872144936,0.0,0.0,0.0,0.0,0.0,0.0,0.0,0.0,0.0,0.0,0.0,88.82999088168137,0.0,0.0,5756.346095651386,0.0,110.73108809888355,0.0,0.0,2599.846542307734,0.0,0.0,0.0,0.0,0.0,0.0,0.0,4322.125669389963,0.0,0.0,0.0,0.0,0.0,0.0,0.0
1648,0.0,86.51756236106152,0.0,0.0,0.0,0.0,0.0,0.0,0.0,0.0,0.0,0.0,0.0,77.4946123957634,0.0,0.0,5839.060946404933,0.0,98.4611903890966,0.0,0.0,2631.275026398897,0.0,0.0,0.0,0.0,0.0,0.0,0.0,3779.6509607285243,0.0,0.0,0.0,0.0,0.0,0.0,0.0
1649,0.0,75.49003408402199,0.0,0.0,0.0,0.0,0.0,0.0,0.0,0.0,0.0,0.0,0.0,48.67200839519493,0.0,0.0,6035.696864351628,0.0,100.18878692388517,0.0,0.0,2701.5623013675213,0.0,0.0,0.0,0.0,0.0,0.0,0.0,3427.0640064418303,0.0,0.0,0.0,0.0,0.0,0.0,0.0
1650,0.0,69.54780014455318,0.0,0.0,0.0,0.0,0.0,0.0,0.0,0.0,0.0,0.0,0.0,29.352493092417685,0.0,0.0,6344.350400581954,0.0,101.24226415008299,0.0,0.0,2754.5081570506095,0.0,0.0,0.0,0.0,0.0,0.0,0.0,3198.0714828968034,0.0,0.0,0.0,0.0,0.0,0.0,0.0
1651,0.0,61.46461999565363,0.0,0.0,0.0,0.0,0.0,0.0,0.0,0.0,0.0,0.0,0.0,24.198532865196384,0.0,0.0,6698.440514653921,0.0,87.50305756628507,0.0,0.0,2659.20937103033,0.0,0.0,0.0,0.0,0.0,0.0,0.0,3089.526638647914,0.0,0.0,0.0,0.0,0.0,0.0,0.0
1652,0.0,55.11197724491355,0.0,0.0,0.0,0.0,0.0,0.0,0.0,0.0,0.0,0.0,0.0,23.48112860545509,0.0,0.0,7007.549105077982,0.0,73.19433613866559,0.0,0.0,2317.542568941414,0.0,0.0,0.0,0.0,0.0,0.0,0.0,3002.863686317204,0.0,0.0,0.0,0.0,0.0,0.0,0.0
1653,0.0,53.498538185656024,0.0,0.0,0.0,0.0,0.0,0.0,0.0,0.0,0.0,0.0,0.0,23.395500097423724,0.0,0.0,7244.535884082317,0.0,60.58803829550724,0.0,0.0,1859.2567052274942,0.0,0.0,0.0,0.0,0.0,0.0,0.0,2925.2558710753906,0.0,0.0,0.0,0.0,0.0,0.0,0.0
1654,0.0,52.64284707158801,0.0,0.0,0.0,0.0,0.0,0.0,0.0,0.0,0.0,0.0,0.0,24.365589438378723,0.0,0.0,7376.507823228834,0.0,56.47426541596642,0.0,0.0,1617.4241675555704,0.0,0.0,0.0,0.0,0.0,0.0,0.0,2867.2384097248305,0.0,0.0,0.0,0.0,0.0,0.0,0.0
1655,0.0,51.36126028597354,0.0,0.0,0.0,0.0,0.0,0.0,0.0,0.0,0.0,0.0,0.0,36.80776080489151,0.0,0.0,7399.288536250591,0.0,65.72024486809957,0.0,0.0,1558.816570691764,0.0,0.0,0.0,0.0,0.0,0.0,0.0,2846.3001454666237,0.0,0.0,0.0,0.0,0.0,0.0,0.0
1656,0.0,71.37415547668934,0.0,0.0,0.0,0.0,0.0,0.0,0.0,0.0,0.0,0.0,0.0,65.29014294296493,0.0,0.0,7428.404225945473,0.0,102.80440244674682,0.0,0.0,1161.4921022325746,0.0,0.0,0.0,0.0,0.0,0.0,0.0,3315.403509417176,0.0,0.0,0.0,0.0,0.0,0.0,0.0
1657,0.0,88.1844619497656,0.0,0.0,0.0,0.0,0.0,0.0,0.0,0.0,0.0,0.0,0.0,111.45278602540492,0.0,0.0,7466.2460659742355,0.0,148.04009785056112,0.0,0.0,1230.6598508007817,0.0,0.0,0.0,0.0,0.0,0.0,0.0,3786.050054451823,0.0,0.0,0.0,0.0,0.0,0.0,0.0
1658,0.0,104.2186929568648,0.0,0.0,0.0,0.0,0.0,0.0,0.0,0.0,0.0,0.0,0.0,165.40473150610924,0.0,0.0,7507.373630642889,0.0,195.38738658428184,0.0,0.0,1396.3917658478022,0.0,0.0,0.0,0.0,0.0,0.0,0.0,4242.936161339283,0.0,0.0,0.0,0.0,0.0,0.0,0.0
1659,0.0,119.25578198432922,0.0,0.0,0.0,0.0,0.0,0.0,0.0,0.0,0.0,0.0,0.0,215.29637590050694,0.0,0.0,7543.774854660032,0.0,237.24940274059773,0.0,0.0,1434.5463397264477,0.0,0.0,0.0,0.0,0.0,0.0,0.0,4678.061154863238,0.0,0.0,0.0,0.0,0.0,0.0,0.0
1660,0.0,139.64654814898958,0.0,0.0,0.0,0.0,0.0,0.0,0.0,0.0,0.0,0.0,0.0,260.59975800514223,0.0,0.0,7580.322318315506,0.0,277.63708580732333,0.0,0.0,1500.7463707208628,0.0,0.0,0.0,0.0,0.0,0.0,0.0,5060.866614240407,0.0,0.0,0.0,0.0,0.0,0.0,0.0
1661,0.0,162.91983423829075,0.0,0.0,0.0,0.0,0.0,0.0,0.0,0.0,0.0,0.0,0.0,296.19377856254573,0.0,0.0,7596.178428888321,0.0,314.40239836573585,0.0,0.0,1414.535041849315,0.0,0.0,0.0,0.0,0.0,0.0,0.0,5414.851923829317,0.0,0.0,0.0,0.0,0.0,0.0,0.0
1662,0.0,171.81765269637103,0.0,0.0,0.0,0.0,0.0,0.0,0.0,0.0,0.0,0.0,0.0,331.15753653645515,0.0,0.0,7375.893305599688,0.0,333.0254314959049,0.0,0.0,1361.2837025240055,0.0,0.0,0.0,0.0,0.0,0.0,0.0,5575.184370326995,0.0,0.0,0.0,0.0,0.0,0.0,0.0
1663,0.0,178.04021423757067,0.0,0.0,0.0,0.0,0.0,0.0,0.0,0.0,0.0,0.0,0.0,364.54192798733703,0.0,0.0,7157.0472425818425,0.0,346.9251684367655,0.0,0.0,1331.4151832163325,0.0,0.0,0.0,0.0,0.0,0.0,0.0,5740.478862714766,0.0,0.0,0.0,0.0,0.0,0.0,0.0
1664,0.0,182.19274087250224,0.0,0.0,0.0,0.0,0.0,0.0,0.0,0.0,0.0,0.0,0.0,387.6692134141922,0.0,0.0,6938.7884717285615,0.0,351.1804863631724,0.0,0.0,1287.9882159903643,0.0,0.0,0.0,0.0,0.0,0.0,0.0,5828.966511413454,0.0,0.0,0.0,0.0,0.0,0.0,0.0
1665,0.0,186.06222549676895,0.0,0.0,0.0,0.0,0.0,0.0,0.0,0.0,0.0,0.0,0.0,406.27382959127425,0.0,0.0,6748.960086733101,0.0,344.5450241148472,0.0,0.0,1229.210090225189,0.0,0.0,0.0,0.0,0.0,0.0,0.0,5813.569415366649,0.0,0.0,0.0,0.0,0.0,0.0,0.0
1666,0.0,184.2737736940383,0.0,0.0,0.0,0.0,0.0,0.0,0.0,0.0,0.0,0.0,0.0,404.3532492399216,0.0,0.0,6425.637081250547,0.0,321.42559963464726,0.0,0.0,1136.6176652334627,0.0,0.0,0.0,0.0,0.0,0.0,0.0,5561.465517610311,0.0,0.0,0.0,0.0,0.0,0.0,0.0
1667,0.0,182.63016050755974,0.0,0.0,0.0,0.0,0.0,0.0,0.0,0.0,0.0,0.0,0.0,405.9651432752609,0.0,0.0,6111.243639215826,0.0,293.10458549857134,0.0,0.0,1061.798847732693,0.0,0.0,0.0,0.0,0.0,0.0,0.0,5337.840045887232,0.0,0.0,0.0,0.0,0.0,0.0,0.0
1668,0.0,179.91457322537897,0.0,0.0,0.0,0.0,0.0,0.0,0.0,0.0,0.0,0.0,0.0,409.55330225229255,0.0,0.0,5819.2131937891245,0.0,259.6280444264412,0.0,0.0,1007.4230621762572,0.0,0.0,0.0,0.0,0.0,0.0,0.0,5132.117282801866,0.0,0.0,0.0,0.0,0.0,0.0,0.0
1669,0.0,176.73438013494015,0.0,0.0,0.0,0.0,0.0,0.0,0.0,0.0,0.0,0.0,0.0,411.93585846424105,0.0,0.0,5535.9827963858825,0.0,224.13182797431932,0.0,0.0,967.7640040665859,0.0,0.0,0.0,0.0,0.0,0.0,0.0,4934.774164769053,0.0,0.0,0.0,0.0,0.0,0.0,0.0
1670,0.0,171.84437594711778,0.0,0.0,0.0,0.0,0.0,0.0,0.0,0.0,0.0,0.0,0.0,416.90756878852847,0.0,0.0,5252.237059831617,0.0,189.04913855195042,0.0,0.0,941.7012387268236,0.0,0.0,0.0,0.0,0.0,0.0,0.0,4740.575628507137,0.0,0.0,0.0,0.0,0.0,0.0,0.0
1671,0.0,155.4234363555908,0.0,0.0,0.0,0.0,0.0,0.0,0.0,0.0,0.0,0.0,0.0,437.1455996155738,0.0,0.0,5181.713383182882,0.0,166.59912039935585,0.0,0.0,950.6653973489992,0.0,0.0,0.0,0.0,0.0,0.0,0.0,4458.283239492772,0.0,0.0,0.0,0.0,0.0,0.0,0.0
1672,0.0,138.92229895591734,0.0,0.0,0.0,0.0,0.0,0.0,0.0,0.0,0.0,0.0,0.0,460.25071432590477,0.0,0.0,5082.52673742175,0.0,143.8519917756317,0.0,0.0,969.2389693133533,0.0,0.0,0.0,0.0,0.0,0.0,0.0,4103.930893278122,0.0,0.0,0.0,0.0,0.0,0.0,0.0
1673,0.0,124.3144582808017,0.0,0.0,0.0,0.0,0.0,0.0,0.0,0.0,0.0,0.0,0.0,476.6327441930771,0.0,0.0,4984.713810816405,0.0,133.868193668127,0.0,0.0,996.0254795953625,0.0,0.0,0.0,0.0,0.0,0.0,0.0,3762.2172634243966,0.0,0.0,0.0,0.0,0.0,0.0,0.0
1674,0.0,112.81962381452317,0.0,0.0,0.0,0.0,0.0,0.0,0.0,0.0,0.0,0.0,0.0,502.77038251161576,0.0,0.0,4875.725219935179,0.0,141.5655735284089,0.0,0.0,1020.2786555103952,0.0,0.0,0.0,0.0,0.0,0.0,0.0,3419.59598634839,0.0,0.0,0.0,0.0,0.0,0.0,0.0
1675,0.0,102.14188254922622,0.0,0.0,0.0,0.0,0.0,0.0,0.0,0.0,0.0,0.0,0.0,536.370159447193,0.0,0.0,4777.162426248193,0.0,144.11814181506622,0.0,0.0,1002.2399069890372,0.0,0.0,0.0,0.0,0.0,0.0,0.0,3388.227192088961,0.0,0.0,0.0,0.0,0.0,0.0,0.0
1676,0.0,92.40592194646592,0.0,0.0,0.0,0.0,0.0,0.0,0.0,0.0,0.0,0.0,0.0,562.7466765880583,0.0,0.0,4692.926838830112,0.0,140.4828180193901,0.0,0.0,960.7180495932697,0.0,0.0,0.0,0.0,0.0,0.0,0.0,3353.0419401466834,0.0,0.0,0.0,0.0,0.0,0.0,0.0
1677,0.0,84.27307582944628,0.0,0.0,0.0,0.0,0.0,0.0,0.0,0.0,0.0,0.0,0.0,581.5532727003097,0.0,0.0,4643.42160977423,0.0,136.7404888063668,0.0,0.0,923.3363432742648,0.0,0.0,0.0,0.0,0.0,0.0,0.0,3320.160159441829,0.0,0.0,0.0,0.0,0.0,0.0,0.0
1678,0.0,77.64039305001492,0.0,0.0,0.0,0.0,0.0,0.0,0.0,0.0,0.0,0.0,0.0,597.5328670740128,0.0,0.0,4610.040467649698,0.0,131.1450391829013,0.0,0.0,908.5720070041714,0.0,0.0,0.0,0.0,0.0,0.0,0.0,3297.7947916924954,0.0,0.0,0.0,0.0,0.0,0.0,0.0
1679,0.0,72.60836285054683,0.0,0.0,0.0,0.0,0.0,0.0,0.0,0.0,0.0,0.0,0.0,615.0793415307998,0.0,0.0,4567.794325321911,0.0,124.15313922166811,0.0,0.0,924.4738081343468,0.0,0.0,0.0,0.0,0.0,0.0,0.0,3294.7916003853084,0.0,0.0,0.0,0.0,0.0,0.0,0.0
1680,0.0,81.024784040451,0.0,0.0,0.0,0.0,0.0,0.0,0.0,0.0,0.0,0.0,0.0,637.8673858523367,0.0,0.0,4701.832677230239,0.0,135.8286159098148,0.0,0.0,1110.844185939431,0.0,0.0,0.0,0.0,0.0,0.0,0.0,3636.0604469388704,0.0,0.0,0.0,0.0,0.0,0.0,0.0
1681,0.0,88.87132664769884,0.0,0.0,0.0,0.0,0.0,0.0,0.0,0.0,0.0,0.0,0.0,664.315907382965,0.0,0.0,4806.839349448679,0.0,144.17932164371,0.0,0.0,1045.268594996631,0.0,0.0,0.0,0.0,0.0,0.0,0.0,3971.9987645268425,0.0,0.0,0.0,0.0,0.0,0.0,0.0
1682,0.0,97.52998253256077,0.0,0.0,0.0,0.0,0.0,0.0,0.0,0.0,0.0,0.0,0.0,691.5769666194915,0.0,0.0,4908.59024503827,0.0,150.9351131141185,0.0,0.0,1012.4767122812565,0.0,0.0,0.0,0.0,0.0,0.0,0.0,4320.27638337612,0.0,0.0,0.0,0.0,0.0,0.0,0.0
1683,0.0,107.8955176725983,0.0,0.0,0.0,0.0,0.0,0.0,0.0,0.0,0.0,0.0,0.0,716.7600760102271,0.0,0.0,5002.375358626245,0.0,157.0827225476503,0.0,0.0,1103.5756280489263,0.0,0.0,0.0,0.0,0.0,0.0,0.0,4674.369091859459,0.0,0.0,0.0,0.0,0.0,0.0,0.0
1684,0.0,114.82822329998014,0.0,0.0,0.0,0.0,0.0,0.0,0.0,0.0,0.0,0.0,0.0,740.0555584907531,0.0,0.0,5097.2685486227265,0.0,163.687535598874,0.0,0.0,1205.5357891604299,0.0,0.0,0.0,0.0,0.0,0.0,0.0,4987.322237977385,0.0,0.0,0.0,0.0,0.0,0.0,0.0
1685,0.0,121.97089231610295,0.0,0.0,0.0,0.0,0.0,0.0,0.0,0.0,0.0,0.0,0.0,759.1506205081939,0.0,0.0,5212.976384162903,0.0,172.96440137922755,0.0,0.0,1391.8744529798628,0.0,0.0,0.0,0.0,0.0,0.0,0.0,5283.742463377118,0.0,0.0,0.0,0.0,0.0,0.0,0.0
1686,0.0,120.35738311707968,0.0,0.0,0.0,0.0,0.0,0.0,0.0,0.0,0.0,0.0,0.0,774.4221866607666,0.0,0.0,5036.526203528045,0.0,169.7598559021948,0.0,0.0,1259.9854478672144,0.0,0.0,0.0,0.0,0.0,0.0,0.0,5252.530970528721,0.0,0.0,0.0,0.0,0.0,0.0,0.0
1687,0.0,117.1922911182046,0.0,0.0,0.0,0.0,0.0,0.0,0.0,0.0,0.0,0.0,0.0,788.3150884389877,0.0,0.0,4858.17451865971,0.0,158.54494712948792,0.0,0.0,1131.297511683404,0.0,0.0,0.0,0.0,0.0,0.0,0.0,5281.168506035208,0.0,0.0,0.0,0.0,0.0,0.0,0.0
1688,0.0,112.3618075355887,0.0,0.0,0.0,0.0,0.0,0.0,0.0,0.0,0.0,0.0,0.0,793.2730793714524,0.0,0.0,4684.110455527901,0.0,134.01533352732642,0.0,0.0,1006.2385183207683,0.0,0.0,0.0,0.0,0.0,0.0,0.0,5295.332865276931,0.0,0.0,0.0,0.0,0.0,0.0,0.0
1689,0.0,106.32299815267322,0.0,0.0,0.0,0.0,0.0,0.0,0.0,0.0,0.0,0.0,0.0,790.3217960834503,0.0,0.0,4512.3815593868485,0.0,97.44787724614125,0.0,0.0,848.1128886200488,0.0,0.0,0.0,0.0,0.0,0.0,0.0,5145.824925532937,0.0,0.0,0.0,0.0,0.0,0.0,0.0
1690,0.0,102.6792653784155,0.0,0.0,0.0,0.0,0.0,0.0,0.0,0.0,0.0,0.0,0.0,775.3269491672515,0.0,0.0,4189.046107977626,0.0,64.15353438705198,0.0,0.0,841.6297627799205,0.0,0.0,0.0,0.0,0.0,0.0,0.0,4973.800825652479,0.0,0.0,0.0,0.0,0.0,0.0,0.0
1691,0.0,101.0316963091492,0.0,0.0,0.0,0.0,0.0,0.0,0.0,0.0,0.0,0.0,0.0,769.4753147125244,0.0,0.0,3860.1971110552536,0.0,45.566500724851984,0.0,0.0,829.4717257507144,0.0,0.0,0.0,0.0,0.0,0.0,0.0,4812.288076153397,0.0,0.0,0.0,0.0,0.0,0.0,0.0
1692,0.0,100.90192371457806,0.0,0.0,0.0,0.0,0.0,0.0,0.0,0.0,0.0,0.0,0.0,774.5948895931244,0.0,0.0,3539.741724863647,0.0,40.4821872279047,0.0,0.0,807.7609669670455,0.0,0.0,0.0,0.0,0.0,0.0,0.0,4671.419419193267,0.0,0.0,0.0,0.0,0.0,0.0,0.0
1693,0.0,101.39636697918172,0.0,0.0,0.0,0.0,0.0,0.0,0.0,0.0,0.0,0.0,0.0,781.3021478176117,0.0,0.0,3247.8804662525645,0.0,41.52727594077581,0.0,0.0,788.5642416760319,0.0,0.0,0.0,0.0,0.0,0.0,0.0,4551.672906416653,0.0,0.0,0.0,0.0,0.0,0.0,0.0
1694,0.0,101.5077208712697,0.0,0.0,0.0,0.0,0.0,0.0,0.0,0.0,0.0,0.0,0.0,782.3029460668564,0.0,0.0,2972.5077268630266,0.0,44.619939991831735,0.0,0.0,771.8463541656731,0.0,0.0,0.0,0.0,0.0,0.0,0.0,4456.705886033177,0.0,0.0,0.0,0.0,0.0,0.0,0.0
1695,0.0,100.74948896169658,0.0,0.0,0.0,0.0,0.0,0.0,0.0,0.0,0.0,0.0,0.0,786.559095954895,0.0,0.0,2887.689903438089,0.0,56.93402560353275,0.0,0.0,803.2511473797255,0.0,0.0,0.0,0.0,0.0,0.0,0.0,4169.1968759715555,0.0,0.0,0.0,0.0,0.0,0.0,0.0
1696,0.0,95.85786454528571,0.0,0.0,0.0,0.0,0.0,0.0,0.0,0.0,0.0,0.0,0.0,781.1149184703827,0.0,0.0,2816.122324690221,0.0,60.410901349782826,0.0,0.0,830.4518317177884,0.0,0.0,0.0,0.0,0.0,0.0,0.0,3849.5213546097275,0.0,0.0,0.0,0.0,0.0,0.0,0.0
1697,0.0,92.34700454324476,0.0,0.0,0.0,0.0,0.0,0.0,0.0,0.0,0.0,0.0,0.0,761.9836300849914,0.0,0.0,2750.304764062166,0.0,45.739769469201384,0.0,0.0,844.9031910650427,0.0,0.0,0.0,0.0,0.0,0.0,0.0,3551.0710369765743,0.0,0.0,0.0,0.0,0.0,0.0,0.0
1698,0.0,92.23837207406757,0.0,0.0,0.0,0.0,0.0,0.0,0.0,0.0,0.0,0.0,0.0,741.9691446423531,0.0,0.0,2698.01864826679,0.0,37.982365794479826,0.0,0.0,859.9767954625187,0.0,0.0,0.0,0.0,0.0,0.0,0.0,3261.789764350651,0.0,0.0,0.0,0.0,0.0,0.0,0.0
1699,0.0,93.87969870418303,0.0,0.0,0.0,0.0,0.0,0.0,0.0,0.0,0.0,0.0,0.0,726.9922315716743,0.0,0.0,2847.117738246916,0.0,25.99876871146244,0.0,0.0,840.8164769187565,0.0,0.0,0.0,0.0,0.0,0.0,0.0,3234.1799313962456,0.0,0.0,0.0,0.0,0.0,0.0,0.0
1700,0.0,102.51104917824263,0.0,0.0,0.0,0.0,0.0,0.0,0.0,0.0,0.0,0.0,0.0,703.9413667440415,0.0,0.0,2975.5950945466743,0.0,18.76241065040223,0.0,0.0,822.2896811909974,0.0,0.0,0.0,0.0,0.0,0.0,0.0,3195.5022265166026,0.0,0.0,0.0,0.0,0.0,0.0,0.0
1701,0.0,113.94425884634255,0.0,0.0,0.0,0.0,0.0,0.0,0.0,0.0,0.0,0.0,0.0,673.2384438753128,0.0,0.0,3087.5174237042656,0.0,15.644881178438544,0.0,0.0,807.2915394276374,0.0,0.0,0.0,0.0,0.0,0.0,0.0,3144.8616589248168,0.0,0.0,0.0,0.0,0.0,0.0,0.0
1702,0.0,125.28848920762539,0.0,0.0,0.0,0.0,0.0,0.0,0.0,0.0,0.0,0.0,0.0,641.1284314870833,0.0,0.0,3169.2887176424256,0.0,16.375663708895388,0.0,0.0,801.7947261102491,0.0,0.0,0.0,0.0,0.0,0.0,0.0,3118.4903485745185,0.0,0.0,0.0,0.0,0.0,0.0,0.0
1703,0.0,131.39293538331984,0.0,0.0,0.0,0.0,0.0,0.0,0.0,0.0,0.0,0.0,0.0,614.1024401307105,0.0,0.0,3214.3577517122026,0.0,24.411175871267893,0.0,0.0,824.509433117508,0.0,0.0,0.0,0.0,0.0,0.0,0.0,3144.578877997397,0.0,0.0,0.0,0.0,0.0,0.0,0.0
1704,0.0,140.35984151065347,0.0,0.0,0.0,0.0,0.0,0.0,0.0,0.0,0.0,0.0,0.0,592.2601371526719,0.0,0.0,3375.0653908550717,0.0,64.67755710780605,0.0,0.0,1419.481969472765,0.0,0.0,0.0,0.0,0.0,0.0,0.0,3411.7620144665243,0.0,0.0,0.0,0.0,0.0,0.0,0.0
1705,0.0,139.31743834018704,0.0,0.0,0.0,0.0,0.0,0.0,0.0,0.0,0.0,0.0,0.0,578.449686229229,0.0,0.0,3530.1249129027105,0.0,114.85794024169431,0.0,0.0,2051.2858723148693,0.0,0.0,0.0,0.0,0.0,0.0,0.0,3684.0117028206573,0.0,0.0,0.0,0.0,0.0,0.0,0.0
1706,0.0,133.2695248156786,0.0,0.0,0.0,0.0,0.0,0.0,0.0,0.0,0.0,0.0,0.0,569.3254836440086,0.0,0.0,3685.1953251361847,0.0,165.56721469461917,0.0,0.0,2622.567682939768,0.0,0.0,0.0,0.0,0.0,0.0,0.0,3935.678772750495,0.0,0.0,0.0,0.0,0.0,0.0,0.0
1707,0.0,126.84667215943337,0.0,0.0,0.0,0.0,0.0,0.0,0.0,0.0,0.0,0.0,0.0,560.0572722792624,0.0,0.0,3838.2522197961785,0.0,202.25464450120907,0.0,0.0,3013.6242870748038,0.0,0.0,0.0,0.0,0.0,0.0,0.0,4123.638047987222,0.0,0.0,0.0,0.0,0.0,0.0,0.0
1708,0.0,124.07233580946915,0.0,0.0,0.0,0.0,0.0,0.0,0.0,0.0,0.0,0.0,0.0,554.4535284042357,0.0,0.0,3992.4082453548885,0.0,230.2385915726422,0.0,0.0,3256.036607873439,0.0,0.0,0.0,0.0,0.0,0.0,0.0,4340.841644403336,0.0,0.0,0.0,0.0,0.0,0.0,0.0
1709,0.0,118.74454725980756,0.0,0.0,0.0,0.0,0.0,0.0,0.0,0.0,0.0,0.0,0.0,547.5293154835701,0.0,0.0,4151.858068034052,0.0,256.2408635258673,0.0,0.0,3317.998318246007,0.0,0.0,0.0,0.0,0.0,0.0,0.0,4557.617091691493,0.0,0.0,0.0,0.0,0.0,0.0,0.0
1710,0.0,110.88495865613217,0.0,0.0,0.0,0.0,0.0,0.0,0.0,0.0,0.0,0.0,0.0,537.5109761953354,0.0,0.0,4156.131299167871,0.0,262.9585213482379,0.0,0.0,3362.46662440896,0.0,0.0,0.0,0.0,0.0,0.0,0.0,4521.1029140353185,0.0,0.0,0.0,0.0,0.0,0.0,0.0
1711,0.0,115.42636820822955,0.0,0.0,0.0,0.0,0.0,0.0,0.0,0.0,0.0,0.0,0.0,520.6524440526962,0.0,0.0,4190.260363698004,0.0,260.58623199462886,0.0,0.0,3405.7659787952894,0.0,0.0,0.0,0.0,0.0,0.0,0.0,4493.242483660579,0.0,0.0,0.0,0.0,0.0,0.0,0.0
1712,0.0,133.1905614674091,0.0,0.0,0.0,0.0,0.0,0.0,0.0,0.0,0.0,0.0,0.0,510.35496445894233,0.0,0.0,4234.889512047172,0.0,255.1919436633586,0.0,0.0,3440.188444787264,0.0,0.0,0.0,0.0,0.0,0.0,0.0,4499.441967317461,0.0,0.0,0.0,0.0,0.0,0.0,0.0
1713,0.0,150.04162615835665,0.0,0.0,0.0,0.0,0.0,0.0,0.0,0.0,0.0,0.0,0.0,504.8658626914024,0.0,0.0,4256.624767228959,0.0,253.59003403186787,0.0,0.0,3471.6556820064784,0.0,0.0,0.0,0.0,0.0,0.0,0.0,4554.678267398475,0.0,0.0,0.0,0.0,0.0,0.0,0.0
1714,0.0,160.6670151025056,0.0,0.0,0.0,0.0,0.0,0.0,0.0,0.0,0.0,0.0,0.0,481.5851756334305,0.0,0.0,3933.841992750764,0.0,243.55338532626618,0.0,0.0,3431.026660349965,0.0,0.0,0.0,0.0,0.0,0.0,0.0,4346.11250731647,0.0,0.0,0.0,0.0,0.0,0.0,0.0
1715,0.0,173.18593924641604,0.0,0.0,0.0,0.0,0.0,0.0,0.0,0.0,0.0,0.0,0.0,464.3185588359832,0.0,0.0,3640.495001643896,0.0,238.60395497381677,0.0,0.0,3396.9160359352823,0.0,0.0,0.0,0.0,0.0,0.0,0.0,4204.275090631841,0.0,0.0,0.0,0.0,0.0,0.0,0.0
1716,0.0,189.7849637031555,0.0,0.0,0.0,0.0,0.0,0.0,0.0,0.0,0.0,0.0,0.0,458.41733729839325,0.0,0.0,3368.2555242925882,0.0,231.45713428854933,0.0,0.0,3366.087619811296,0.0,0.0,0.0,0.0,0.0,0.0,0.0,4090.553041091561,0.0,0.0,0.0,0.0,0.0,0.0,0.0
1717,0.0,208.0057738512754,0.0,0.0,0.0,0.0,0.0,0.0,0.0,0.0,0.0,0.0,0.0,453.28130811452866,0.0,0.0,3122.3294584602104,0.0,224.6286917716264,0.0,0.0,3337.297981533408,0.0,0.0,0.0,0.0,0.0,0.0,0.0,3993.262660786508,0.0,0.0,0.0,0.0,0.0,0.0,0.0
1718,0.0,222.4303112626075,0.0,0.0,0.0,0.0,0.0,0.0,0.0,0.0,0.0,0.0,0.0,442.03414173126214,0.0,0.0,2894.2527961432916,0.0,215.60474115014068,0.0,0.0,3308.420240440965,0.0,0.0,0.0,0.0,0.0,0.0,0.0,3916.6738693982356,0.0,0.0,0.0,0.0,0.0,0.0,0.0
1719,0.0,244.2326963245868,0.0,0.0,0.0,0.0,0.0,0.0,0.0,0.0,0.0,0.0,0.0,435.3102946996688,0.0,0.0,3013.324532300233,0.0,219.3296560466289,0.0,0.0,3500.2451967090365,0.0,0.0,0.0,0.0,0.0,0.0,0.0,4026.8383757621045,0.0,0.0,0.0,0.0,0.0,0.0,0.0
1720,0.0,267.1494339287281,0.0,0.0,0.0,0.0,0.0,0.0,0.0,0.0,0.0,0.0,0.0,416.58641844987864,0.0,0.0,3107.49119132757,0.0,217.8960354059933,0.0,0.0,3704.9298335552216,0.0,0.0,0.0,0.0,0.0,0.0,0.0,4136.94430091083,0.0,0.0,0.0,0.0,0.0,0.0,0.0
1721,0.0,291.0226534903049,0.0,0.0,0.0,0.0,0.0,0.0,0.0,0.0,0.0,0.0,0.0,364.8470723688602,0.0,0.0,3150.7859029769893,0.0,205.97741039693338,0.0,0.0,3904.0549103200433,0.0,0.0,0.0,0.0,0.0,0.0,0.0,4230.068182691931,0.0,0.0,0.0,0.0,0.0,0.0,0.0
1722,0.0,309.33106820583345,0.0,0.0,0.0,0.0,0.0,0.0,0.0,0.0,0.0,0.0,0.0,320.602257913351,0.0,0.0,3132.7408650517445,0.0,218.92531784772868,0.0,0.0,4102.658939167857,0.0,0.0,0.0,0.0,0.0,0.0,0.0,4284.06487533152,0.0,0.0,0.0,0.0,0.0,0.0,0.0
1723,0.0,329.7882006168365,0.0,0.0,0.0,0.0,0.0,0.0,0.0,0.0,0.0,0.0,0.0,291.9786075115204,0.0,0.0,3136.29728859663,0.0,236.49249503016472,0.0,0.0,4163.539497819543,0.0,0.0,0.0,0.0,0.0,0.0,0.0,4435.372921797632,0.0,0.0,0.0,0.0,0.0,0.0,0.0
1724,0.0,349.88585270047184,0.0,0.0,0.0,0.0,0.0,0.0,0.0,0.0,0.0,0.0,0.0,264.3648792028426,0.0,0.0,3138.536777526138,0.0,254.4207043409347,0.0,0.0,4241.539856305718,0.0,0.0,0.0,0.0,0.0,0.0,0.0,4557.171946778893,0.0,0.0,0.0,0.0,0.0,0.0,0.0
1725,0.0,364.9510888159275,0.0,0.0,0.0,0.0,0.0,0.0,0.0,0.0,0.0,0.0,0.0,234.48355063199998,0.0,0.0,3142.7014957368374,0.0,270.4333981156348,0.0,0.0,4302.823084178567,0.0,0.0,0.0,0.0,0.0,0.0,0.0,4659.772967365384,0.0,0.0,0.0,0.0,0.0,0.0,0.0
1726,0.0,382.2242125332356,0.0,0.0,0.0,0.0,0.0,0.0,0.0,0.0,0.0,0.0,0.0,217.87647342085836,0.0,0.0,3169.9915235638614,0.0,299.7874739706515,0.0,0.0,4372.131237146257,0.0,0.0,0.0,0.0,0.0,0.0,0.0,4782.000864699482,0.0,0.0,0.0,0.0,0.0,0.0,0.0
1727,0.0,404.1394665062427,0.0,0.0,0.0,0.0,0.0,0.0,0.0,0.0,0.0,0.0,0.0,228.6760782718658,0.0,0.0,3284.173955217003,0.0,355.9061242222786,0.0,0.0,4453.830702808498,0.0,0.0,0.0,0.0,0.0,0.0,0.0,4955.888715091348,0.0,0.0,0.0,0.0,0.0,0.0,0.0
1728,0.0,421.3053605496883,0.0,0.0,0.0,0.0,0.0,0.0,0.0,0.0,0.0,0.0,0.0,267.6953960716724,0.0,0.0,3736.9645460397005,0.0,456.8818307638167,0.0,0.0,4857.042467764019,0.0,0.0,0.0,0.0,0.0,0.0,0.0,5477.532015970349,0.0,0.0,0.0,0.0,0.0,0.0,0.0
1729,0.0,442.90004773735996,0.0,0.0,0.0,0.0,0.0,0.0,0.0,0.0,0.0,0.0,0.0,331.47911280393595,0.0,0.0,4354.3606846630555,0.0,575.4729410290718,0.0,0.0,5159.484897708893,0.0,0.0,0.0,0.0,0.0,0.0,0.0,6075.532314664126,0.0,0.0,0.0,0.0,0.0,0.0,0.0
1730,0.0,464.51712353825565,0.0,0.0,0.0,0.0,0.0,0.0,0.0,0.0,0.0,0.0,0.0,403.2414404869079,0.0,0.0,5005.257757455111,0.0,692.6352770209311,0.0,0.0,5385.29574176073,0.0,0.0,0.0,0.0,0.0,0.0,0.0,6737.0791289031495,0.0,0.0,0.0,0.0,0.0,0.0,0.0
1731,0.0,481.2086763739586,0.0,0.0,0.0,0.0,0.0,0.0,0.0,0.0,0.0,0.0,0.0,467.16349442005156,0.0,0.0,5525.997662782669,0.0,791.0615276217461,0.0,0.0,5530.495840841531,0.0,0.0,0.0,0.0,0.0,0.0,0.0,7224.709163755178,0.0,0.0,0.0,0.0,0.0,0.0,0.0
1732,0.0,500.5491276025772,0.0,0.0,0.0,0.0,0.0,0.0,0.0,0.0,0.0,0.0,0.0,521.6106942534446,0.0,0.0,5913.4658074975,0.0,873.2333292722701,0.0,0.0,5622.053133451938,0.0,0.0,0.0,0.0,0.0,0.0,0.0,8293.966770893334,0.0,0.0,0.0,0.0,0.0,0.0,0.0
1733,0.0,508.9441281080246,0.0,0.0,0.0,0.0,0.0,0.0,0.0,0.0,0.0,0.0,0.0,566.5746110796929,0.0,0.0,6741.059256911276,0.0,949.224723291397,0.0,0.0,5816.292894011736,0.0,0.0,0.0,0.0,0.0,0.0,0.0,9168.456302177907,0.0,0.0,0.0,0.0,0.0,0.0,0.0
1734,0.0,497.1775932312012,0.0,0.0,0.0,0.0,0.0,0.0,0.0,0.0,0.0,0.0,0.0,597.7448002934455,0.0,0.0,6968.709257304667,0.0,984.7829495310783,0.0,0.0,5957.9168059945105,0.0,0.0,0.0,0.0,0.0,0.0,0.0,9577.106564193962,0.0,0.0,0.0,0.0,0.0,0.0,0.0
1735,0.0,472.94845644235613,0.0,0.0,0.0,0.0,0.0,0.0,0.0,0.0,0.0,0.0,0.0,618.0479309797287,0.0,0.0,6972.096105098724,0.0,1001.5168776035309,0.0,0.0,6033.505993294716,0.0,0.0,0.0,0.0,0.0,0.0,0.0,9853.857965803147,0.0,0.0,0.0,0.0,0.0,0.0,0.0
1736,0.0,447.82346650958056,0.0,0.0,0.0,0.0,0.0,0.0,0.0,0.0,0.0,0.0,0.0,626.9330305695532,0.0,0.0,6925.472108066082,0.0,1000.3276650428772,0.0,0.0,6060.747020244598,0.0,0.0,0.0,0.0,0.0,0.0,0.0,10045.502433407304,0.0,0.0,0.0,0.0,0.0,0.0,0.0
1737,0.0,423.5582778811455,0.0,0.0,0.0,0.0,0.0,0.0,0.0,0.0,0.0,0.0,0.0,624.0041645884513,0.0,0.0,6872.611923903227,0.0,972.5978484272956,0.0,0.0,5995.430439466238,0.0,0.0,0.0,0.0,0.0,0.0,0.0,10122.144020211697,0.0,0.0,0.0,0.0,0.0,0.0,0.0
1738,0.0,396.2057051002979,0.0,0.0,0.0,0.0,0.0,0.0,0.0,0.0,0.0,0.0,0.0,605.2367987632751,0.0,0.0,6541.522271245718,0.0,931.0362922191619,0.0,0.0,5883.286153095961,0.0,0.0,0.0,0.0,0.0,0.0,0.0,9800.326306760311,0.0,0.0,0.0,0.0,0.0,0.0,0.0
1739,0.0,391.8336690545082,0.0,0.0,0.0,0.0,0.0,0.0,0.0,0.0,0.0,0.0,0.0,586.4346861124037,0.0,0.0,6227.501818075776,0.0,899.3479272723197,0.0,0.0,5802.714161252976,0.0,0.0,0.0,0.0,0.0,0.0,0.0,9510.015161907671,0.0,0.0,0.0,0.0,0.0,0.0,0.0
1740,0.0,395.806469553709,0.0,0.0,0.0,0.0,0.0,0.0,0.0,0.0,0.0,0.0,0.0,569.7120476841926,0.0,0.0,5932.488239601253,0.0,882.5577991247177,0.0,0.0,5814.70159369111,0.0,0.0,0.0,0.0,0.0,0.0,0.0,9270.945946133135,0.0,0.0,0.0,0.0,0.0,0.0,0.0
1741,0.0,402.3900124132633,0.0,0.0,0.0,0.0,0.0,0.0,0.0,0.0,0.0,0.0,0.0,556.7417525887488,0.0,0.0,5658.299418985844,0.0,878.5278150439261,0.0,0.0,5900.138314139843,0.0,0.0,0.0,0.0,0.0,0.0,0.0,9061.156489557026,0.0,0.0,0.0,0.0,0.0,0.0,0.0
1742,0.0,410.414254117012,0.0,0.0,0.0,0.0,0.0,0.0,0.0,0.0,0.0,0.0,0.0,543.7930229425431,0.0,0.0,5372.925599649547,0.0,889.8044668316841,0.0,0.0,6031.649476253986,0.0,0.0,0.0,0.0,0.0,0.0,0.0,8873.655377280713,0.0,0.0,0.0,0.0,0.0,0.0,0.0
1743,0.0,430.66534395217894,0.0,0.0,0.0,0.0,0.0,0.0,0.0,0.0,0.0,0.0,0.0,540.4404250264167,0.0,0.0,5524.534877464174,0.0,918.2208373188972,0.0,0.0,6267.194016140699,0.0,0.0,0.0,0.0,0.0,0.0,0.0,8939.283695638178,0.0,0.0,0.0,0.0,0.0,0.0,0.0
1744,0.0,440.9596732020378,0.0,0.0,0.0,0.0,0.0,0.0,0.0,0.0,0.0,0.0,0.0,533.2488184690476,0.0,0.0,5698.992931962013,0.0,940.6226733922958,0.0,0.0,6448.246813845634,0.0,0.0,0.0,0.0,0.0,0.0,0.0,8881.918944740293,0.0,0.0,0.0,0.0,0.0,0.0,0.0
1745,0.0,454.31549100279807,0.0,0.0,0.0,0.0,0.0,0.0,0.0,0.0,0.0,0.0,0.0,525.464632821083,0.0,0.0,5676.729891702531,0.0,956.6171673536301,0.0,0.0,6555.583290266991,0.0,0.0,0.0,0.0,0.0,0.0,0.0,8724.755669659375,0.0,0.0,0.0,0.0,0.0,0.0,0.0
1746,0.0,449.5979464709759,0.0,0.0,0.0,0.0,0.0,0.0,0.0,0.0,0.0,0.0,0.0,524.4207036733626,0.0,0.0,5656.255953401326,0.0,983.5018486618995,0.0,0.0,6693.231373518705,0.0,0.0,0.0,0.0,0.0,0.0,0.0,8320.282754540443,0.0,0.0,0.0,0.0,0.0,0.0,0.0
1747,0.0,428.1363565027713,0.0,0.0,0.0,0.0,0.0,0.0,0.0,0.0,0.0,0.0,0.0,538.2905156254767,0.0,0.0,5768.340857475996,0.0,1002.6093406677246,0.0,0.0,6733.500112187862,0.0,0.0,0.0,0.0,0.0,0.0,0.0,8054.792687511444,0.0,0.0,0.0,0.0,0.0,0.0,0.0
1748,0.0,405.85702103376383,0.0,0.0,0.0,0.0,0.0,0.0,0.0,0.0,0.0,0.0,0.0,555.2566060066222,0.0,0.0,5879.085101887584,0.0,1025.8502059221269,0.0,0.0,6796.869953799248,0.0,0.0,0.0,0.0,0.0,0.0,0.0,7767.118420565127,0.0,0.0,0.0,0.0,0.0,0.0,0.0
1749,0.0,386.26746141314504,0.0,0.0,0.0,0.0,0.0,0.0,0.0,0.0,0.0,0.0,0.0,574.8092949271202,0.0,0.0,5994.677034735679,0.0,1060.1276277065276,0.0,0.0,6833.78473033905,0.0,0.0,0.0,0.0,0.0,0.0,0.0,7487.026443243026,0.0,0.0,0.0,0.0,0.0,0.0,0.0
1750,0.0,367.89847399592395,0.0,0.0,0.0,0.0,0.0,0.0,0.0,0.0,0.0,0.0,0.0,598.3418180108071,0.0,0.0,6098.786822363732,0.0,1104.521300148964,0.0,0.0,6869.3183211743835,0.0,0.0,0.0,0.0,0.0,0.0,0.0,7187.515877938271,0.0,0.0,0.0,0.0,0.0,0.0,0.0
1751,0.0,356.55866945385935,0.0,0.0,0.0,0.0,0.0,0.0,0.0,0.0,0.0,0.0,0.0,626.2289477944373,0.0,0.0,6185.335018530487,0.0,1157.114255285263,0.0,0.0,6914.951946008206,0.0,0.0,0.0,0.0,0.0,0.0,0.0,6943.815130043029,0.0,0.0,0.0,0.0,0.0,0.0,0.0
1752,0.0,348.93371940851205,0.0,0.0,0.0,0.0,0.0,0.0,0.0,0.0,0.0,0.0,0.0,652.7924701094628,0.0,0.0,6448.5581998825055,0.0,1232.2570755958557,0.0,0.0,6687.260969728231,0.0,0.0,0.0,0.0,0.0,0.0,0.0,6962.187934851646,0.0,0.0,0.0,0.0,0.0,0.0,0.0
1753,0.0,363.3069004833698,0.0,0.0,0.0,0.0,0.0,0.0,0.0,0.0,0.0,0.0,0.0,680.1254440665246,0.0,0.0,6718.646476596592,0.0,1304.0555171728133,0.0,0.0,6526.829074770212,0.0,0.0,0.0,0.0,0.0,0.0,0.0,7079.461741769313,0.0,0.0,0.0,0.0,0.0,0.0,0.0
1754,0.0,383.37921808362006,0.0,0.0,0.0,0.0,0.0,0.0,0.0,0.0,0.0,0.0,0.0,705.1814921617507,0.0,0.0,6970.417460739611,0.0,1368.8444814443587,0.0,0.0,6413.144957077503,0.0,0.0,0.0,0.0,0.0,0.0,0.0,7213.307523548603,0.0,0.0,0.0,0.0,0.0,0.0,0.0
1755,0.0,395.61327658295625,0.0,0.0,0.0,0.0,0.0,0.0,0.0,0.0,0.0,0.0,0.0,725.5308025002479,0.0,0.0,7196.602731138466,0.0,1424.296170783043,0.0,0.0,6308.889959853887,0.0,0.0,0.0,0.0,0.0,0.0,0.0,7288.70805646181,0.0,0.0,0.0,0.0,0.0,0.0,0.0
1756,0.0,408.0851369440555,0.0,0.0,0.0,0.0,0.0,0.0,0.0,0.0,0.0,0.0,0.0,742.1008239030838,0.0,0.0,7391.882432013748,0.0,1479.4072212696076,0.0,0.0,6220.540094107389,0.0,0.0,0.0,0.0,0.0,0.0,0.0,7406.592988401651,0.0,0.0,0.0,0.0,0.0,0.0,0.0
1757,0.0,399.81509744524953,0.0,0.0,0.0,0.0,0.0,0.0,0.0,0.0,0.0,0.0,0.0,761.9696416854858,0.0,0.0,7536.583442658186,0.0,1541.271884584427,0.0,0.0,6208.037366169691,0.0,0.0,0.0,0.0,0.0,0.0,0.0,7477.254951912165,0.0,0.0,0.0,0.0,0.0,0.0,0.0
1758,0.0,394.7498560667038,0.0,0.0,0.0,0.0,0.0,0.0,0.0,0.0,0.0,0.0,0.0,777.2706193447113,0.0,0.0,7335.356922447681,0.0,1585.4754964351655,0.0,0.0,6542.1232389628885,0.0,0.0,0.0,0.0,0.0,0.0,0.0,7566.274532508849,0.0,0.0,0.0,0.0,0.0,0.0,0.0
1759,0.0,387.6996312618256,0.0,0.0,0.0,0.0,0.0,0.0,0.0,0.0,0.0,0.0,0.0,790.0717982769013,0.0,0.0,7154.081222683191,0.0,1619.3757611751557,0.0,0.0,6790.29039927721,0.0,0.0,0.0,0.0,0.0,0.0,0.0,7624.961338484286,0.0,0.0,0.0,0.0,0.0,0.0,0.0
1760,0.0,379.5733221709728,0.0,0.0,0.0,0.0,0.0,0.0,0.0,0.0,0.0,0.0,0.0,797.6322592020035,0.0,0.0,6974.15590596199,0.0,1634.3528440713883,0.0,0.0,6951.886099112034,0.0,0.0,0.0,0.0,0.0,0.0,0.0,7678.96454014778,0.0,0.0,0.0,0.0,0.0,0.0,0.0
1761,0.0,360.5518665969372,0.0,0.0,0.0,0.0,0.0,0.0,0.0,0.0,0.0,0.0,0.0,808.8872716426849,0.0,0.0,6815.204309284687,0.0,1632.4483254909514,0.0,0.0,7093.314428901673,0.0,0.0,0.0,0.0,0.0,0.0,0.0,7691.487902140618,0.0,0.0,0.0,0.0,0.0,0.0,0.0
1762,0.0,311.7371988415718,0.0,0.0,0.0,0.0,0.0,0.0,0.0,0.0,0.0,0.0,0.0,805.0655691623688,0.0,0.0,6510.160480722785,0.0,1622.1964358329774,0.0,0.0,7103.067501300573,0.0,0.0,0.0,0.0,0.0,0.0,0.0,7397.279298418759,0.0,0.0,0.0,0.0,0.0,0.0,0.0
1763,0.0,265.1364226520061,0.0,0.0,0.0,0.0,0.0,0.0,0.0,0.0,0.0,0.0,0.0,802.6508665323257,0.0,0.0,6226.926971837878,0.0,1607.552877855301,0.0,0.0,7092.026492911577,0.0,0.0,0.0,0.0,0.0,0.0,0.0,7103.420012313127,0.0,0.0,0.0,0.0,0.0,0.0,0.0
1764,0.0,226.92786943316455,0.0,0.0,0.0,0.0,0.0,0.0,0.0,0.0,0.0,0.0,0.0,800.9762937068939,0.0,0.0,5908.721964761615,0.0,1594.8034046888351,0.0,0.0,7099.328429961204,0.0,0.0,0.0,0.0,0.0,0.0,0.0,6812.094906181096,0.0,0.0,0.0,0.0,0.0,0.0,0.0
1765,0.0,199.21563396155832,0.0,0.0,0.0,0.0,0.0,0.0,0.0,0.0,0.0,0.0,0.0,800.8088812589646,0.0,0.0,5556.447011306881,0.0,1580.4085972547532,0.0,0.0,7121.838547700643,0.0,0.0,0.0,0.0,0.0,0.0,0.0,6532.1114125907425,0.0,0.0,0.0,0.0,0.0,0.0,0.0
1766,0.0,177.33581459820272,0.0,0.0,0.0,0.0,0.0,0.0,0.0,0.0,0.0,0.0,0.0,800.2723902702331,0.0,0.0,5162.6765604764205,0.0,1569.2189725875855,0.0,0.0,7154.3227517724035,0.0,0.0,0.0,0.0,0.0,0.0,0.0,6261.49223472476,0.0,0.0,0.0,0.0,0.0,0.0,0.0
1767,0.0,156.10001856386657,0.0,0.0,0.0,0.0,0.0,0.0,0.0,0.0,0.0,0.0,0.0,811.7557902336121,0.0,0.0,4985.91717635095,0.0,1577.796005153656,0.0,0.0,7311.476374304295,0.0,0.0,0.0,0.0,0.0,0.0,0.0,5836.003851091861,0.0,0.0,0.0,0.0,0.0,0.0,0.0
1768,0.0,142.90193106830117,0.0,0.0,0.0,0.0,0.0,0.0,0.0,0.0,0.0,0.0,0.0,820.0333359718322,0.0,0.0,4811.643866077064,0.0,1585.870082616806,0.0,0.0,7475.045456081629,0.0,0.0,0.0,0.0,0.0,0.0,0.0,5500.758744549749,0.0,0.0,0.0,0.0,0.0,0.0,0.0
1769,0.0,132.12637288570397,0.0,0.0,0.0,0.0,0.0,0.0,0.0,0.0,0.0,0.0,0.0,813.0644229412079,0.0,0.0,4689.140943512319,0.0,1571.6067643880845,0.0,0.0,7544.190724807978,0.0,0.0,0.0,0.0,0.0,0.0,0.0,5217.2415742039675,0.0,0.0,0.0,0.0,0.0,0.0,0.0
1770,0.0,131.1328290760517,0.0,0.0,0.0,0.0,0.0,0.0,0.0,0.0,0.0,0.0,0.0,801.6997450351715,0.0,0.0,4543.929649874566,0.0,1576.2608182907104,0.0,0.0,7678.5871784091,0.0,0.0,0.0,0.0,0.0,0.0,0.0,5010.946017014979,0.0,0.0,0.0,0.0,0.0,0.0,0.0
1771,0.0,122.80036518573758,0.0,0.0,0.0,0.0,0.0,0.0,0.0,0.0,0.0,0.0,0.0,794.3590633869171,0.0,0.0,4389.4492523521185,0.0,1574.6307789802552,0.0,0.0,7733.872754198313,0.0,0.0,0.0,0.0,0.0,0.0,0.0,5011.966125705837,0.0,0.0,0.0,0.0,0.0,0.0,0.0
1772,0.0,115.376807449758,0.0,0.0,0.0,0.0,0.0,0.0,0.0,0.0,0.0,0.0,0.0,782.473227930069,0.0,0.0,4196.368202209471,0.0,1573.8801404237747,0.0,0.0,7802.933250457048,0.0,0.0,0.0,0.0,0.0,0.0,0.0,5020.32407401204,0.0,0.0,0.0,0.0,0.0,0.0,0.0
1773,0.0,106.17602728754275,0.0,0.0,0.0,0.0,0.0,0.0,0.0,0.0,0.0,0.0,0.0,762.7060950517655,0.0,0.0,3993.743070989846,0.0,1578.3069041490555,0.0,0.0,7888.008476883173,0.0,0.0,0.0,0.0,0.0,0.0,0.0,5033.591996017097,0.0,0.0,0.0,0.0,0.0,0.0,0.0
1774,0.0,96.15122411549088,0.0,0.0,0.0,0.0,0.0,0.0,0.0,0.0,0.0,0.0,0.0,747.5081921696661,0.0,0.0,3799.1941793709984,0.0,1581.750403690338,0.0,0.0,7944.775148785115,0.0,0.0,0.0,0.0,0.0,0.0,0.0,5040.733118465541,0.0,0.0,0.0,0.0,0.0,0.0,0.0
1775,0.0,85.9418551638722,0.0,0.0,0.0,0.0,0.0,0.0,0.0,0.0,0.0,0.0,0.0,748.543288898468,0.0,0.0,3691.5419698655605,0.0,1580.3863069295883,0.0,0.0,7885.836485159397,0.0,0.0,0.0,0.0,0.0,0.0,0.0,5023.469379007816,0.0,0.0,0.0,0.0,0.0,0.0,0.0
1776,0.0,108.63487497121096,0.0,0.0,0.0,0.0,0.0,0.0,0.0,0.0,0.0,0.0,0.0,768.3467378139496,0.0,0.0,4025.962074711919,0.0,1599.313520002365,0.0,0.0,7078.158928245306,0.0,0.0,0.0,0.0,0.0,0.0,0.0,4968.698474135994,0.0,0.0,0.0,0.0,0.0,0.0,0.0
1777,0.0,133.0555424183607,0.0,0.0,0.0,0.0,0.0,0.0,0.0,0.0,0.0,0.0,0.0,808.754740524292,0.0,0.0,4459.820466399191,0.0,1611.177782702446,0.0,0.0,5646.725554633141,0.0,0.0,0.0,0.0,0.0,0.0,0.0,4852.572786712644,0.0,0.0,0.0,0.0,0.0,0.0,0.0
1778,0.0,158.01856560409067,0.0,0.0,0.0,0.0,0.0,0.0,0.0,0.0,0.0,0.0,0.0,861.0242783308029,0.0,0.0,4925.673835128544,0.0,1620.718871831894,0.0,0.0,4531.134110507369,0.0,0.0,0.0,0.0,0.0,0.0,0.0,4727.458137276768,0.0,0.0,0.0,0.0,0.0,0.0,0.0
1779,0.0,179.60020679533483,0.0,0.0,0.0,0.0,0.0,0.0,0.0,0.0,0.0,0.0,0.0,914.8134405374527,0.0,0.0,5368.70759731531,0.0,1635.1588527441024,0.0,0.0,4246.74912444055,0.0,0.0,0.0,0.0,0.0,0.0,0.0,4612.299763128161,0.0,0.0,0.0,0.0,0.0,0.0,0.0
1780,0.0,189.7284731358289,0.0,0.0,0.0,0.0,0.0,0.0,0.0,0.0,0.0,0.0,0.0,975.2059343338012,0.0,0.0,5775.472762390971,0.0,1643.0281674861908,0.0,0.0,4092.605832785368,0.0,0.0,0.0,0.0,0.0,0.0,0.0,4502.549664619564,0.0,0.0,0.0,0.0,0.0,0.0,0.0
1781,0.0,192.76920031607142,0.0,0.0,0.0,0.0,0.0,0.0,0.0,0.0,0.0,0.0,0.0,1033.5542387485505,0.0,0.0,6182.882393106817,0.0,1640.278750729561,0.0,0.0,3461.144501540065,0.0,0.0,0.0,0.0,0.0,0.0,0.0,4400.851951906085,0.0,0.0,0.0,0.0,0.0,0.0,0.0
1782,0.0,184.14767642319194,0.0,0.0,0.0,0.0,0.0,0.0,0.0,0.0,0.0,0.0,0.0,1086.6482851028443,0.0,0.0,6363.627585247159,0.0,1629.430832004547,0.0,0.0,3452.2497503757477,0.0,0.0,0.0,0.0,0.0,0.0,0.0,4052.135697168111,0.0,0.0,0.0,0.0,0.0,0.0,0.0
1783,0.0,171.89402087330814,0.0,0.0,0.0,0.0,0.0,0.0,0.0,0.0,0.0,0.0,0.0,1139.3519116401671,0.0,0.0,6527.64895236492,0.0,1625.2244816541672,0.0,0.0,3444.700156617165,0.0,0.0,0.0,0.0,0.0,0.0,0.0,3735.4192503958934,0.0,0.0,0.0,0.0,0.0,0.0,0.0
1784,0.0,162.40234304666518,0.0,0.0,0.0,0.0,0.0,0.0,0.0,0.0,0.0,0.0,0.0,1187.107769536972,0.0,0.0,6681.6361800432205,0.0,1614.63456158638,0.0,0.0,3437.457560294866,0.0,0.0,0.0,0.0,0.0,0.0,0.0,3451.67896517515,0.0,0.0,0.0,0.0,0.0,0.0,0.0
1785,0.0,156.18842272460452,0.0,0.0,0.0,0.0,0.0,0.0,0.0,0.0,0.0,0.0,0.0,1229.2217293024064,0.0,0.0,6800.948278158903,0.0,1599.972151684761,0.0,0.0,3430.516814509034,0.0,0.0,0.0,0.0,0.0,0.0,0.0,3248.5493248909697,0.0,0.0,0.0,0.0,0.0,0.0,0.0
1786,0.0,138.60288246273996,0.0,0.0,0.0,0.0,0.0,0.0,0.0,0.0,0.0,0.0,0.0,1261.0795918226243,0.0,0.0,6682.891662895678,0.0,1576.610349559784,0.0,0.0,3374.8812495321035,0.0,0.0,0.0,0.0,0.0,0.0,0.0,3177.2747899085284,0.0,0.0,0.0,0.0,0.0,0.0,0.0
1787,0.0,123.25857424736016,0.0,0.0,0.0,0.0,0.0,0.0,0.0,0.0,0.0,0.0,0.0,1297.2509925365448,0.0,0.0,6605.917495816944,0.0,1548.7673621177673,0.0,0.0,3319.3489253103735,0.0,0.0,0.0,0.0,0.0,0.0,0.0,3114.462347614764,0.0,0.0,0.0,0.0,0.0,0.0,0.0
1788,0.0,109.62378254234784,0.0,0.0,0.0,0.0,0.0,0.0,0.0,0.0,0.0,0.0,0.0,1327.45149872303,0.0,0.0,6530.869335889816,0.0,1523.0461053609847,0.0,0.0,3263.0297309339044,0.0,0.0,0.0,0.0,0.0,0.0,0.0,3039.1554723232985,0.0,0.0,0.0,0.0,0.0,0.0,0.0
1789,0.0,97.77207694798702,0.0,0.0,0.0,0.0,0.0,0.0,0.0,0.0,0.0,0.0,0.0,1351.3623362779617,0.0,0.0,6455.772559061646,0.0,1499.696041226387,0.0,0.0,3210.572527974844,0.0,0.0,0.0,0.0,0.0,0.0,0.0,2962.73989329338,0.0,0.0,0.0,0.0,0.0,0.0,0.0
1790,0.0,87.27829826027154,0.0,0.0,0.0,0.0,0.0,0.0,0.0,0.0,0.0,0.0,0.0,1369.6718958616257,0.0,0.0,6387.661447510122,0.0,1489.6106176137923,0.0,0.0,3175.8463948935264,0.0,0.0,0.0,0.0,0.0,0.0,0.0,2882.907438325881,0.0,0.0,0.0,0.0,0.0,0.0,0.0
1791,0.0,76.41923167258496,0.0,0.0,0.0,0.0,0.0,0.0,0.0,0.0,0.0,0.0,0.0,1395.6560652971268,0.0,0.0,6610.269680798054,0.0,1506.2923175573349,0.0,0.0,3287.230756643414,0.0,0.0,0.0,0.0,0.0,0.0,0.0,2546.467564284801,0.0,0.0,0.0,0.0,0.0,0.0,0.0
1792,0.0,70.8618476137518,0.0,0.0,0.0,0.0,0.0,0.0,0.0,0.0,0.0,0.0,0.0,1418.9706921577454,0.0,0.0,6821.123903155325,0.0,1533.6106523990632,0.0,0.0,3408.689115133881,0.0,0.0,0.0,0.0,0.0,0.0,0.0,2248.0355080798263,0.0,0.0,0.0,0.0,0.0,0.0,0.0
1793,0.0,67.40822166055435,0.0,0.0,0.0,0.0,0.0,0.0,0.0,0.0,0.0,0.0,0.0,1438.904251122475,0.0,0.0,7121.622245937584,0.0,1568.6753494977952,0.0,0.0,3476.984237113595,0.0,0.0,0.0,0.0,0.0,0.0,0.0,2002.5644864886979,0.0,0.0,0.0,0.0,0.0,0.0,0.0
1794,0.0,64.95220060944554,0.0,0.0,0.0,0.0,0.0,0.0,0.0,0.0,0.0,0.0,0.0,1459.0348133802415,0.0,0.0,7421.324827283621,0.0,1626.5259757995605,0.0,0.0,3544.770421528816,0.0,0.0,0.0,0.0,0.0,0.0,0.0,1828.7426303669804,0.0,0.0,0.0,0.0,0.0,0.0,0.0
1795,0.0,62.53351495563982,0.0,0.0,0.0,0.0,0.0,0.0,0.0,0.0,0.0,0.0,0.0,1485.3936208486557,0.0,0.0,7658.601751953362,0.0,1674.209012556076,0.0,0.0,3505.860767170787,0.0,0.0,0.0,0.0,0.0,0.0,0.0,1937.6389619067309,0.0,0.0,0.0,0.0,0.0,0.0,0.0
1796,0.0,60.944316199421884,0.0,0.0,0.0,0.0,0.0,0.0,0.0,0.0,0.0,0.0,0.0,1504.4,0.0,0.0,7804.588582396507,0.0,1709.584469985962,0.0,0.0,3469.3268612176175,0.0,0.0,0.0,0.0,0.0,0.0,0.0,2059.449739292262,0.0,0.0,0.0,0.0,0.0,0.0,0.0
1797,0.0,65.49067761898034,0.0,0.0,0.0,0.0,0.0,0.0,0.0,0.0,0.0,0.0,0.0,1504.4,0.0,0.0,7896.907021313904,0.0,1737.4460722208023,0.0,0.0,3436.7796833127736,0.0,0.0,0.0,0.0,0.0,0.0,0.0,2158.7580978140218,0.0,0.0,0.0,0.0,0.0,0.0,0.0
1798,0.0,78.06372862011193,0.0,0.0,0.0,0.0,0.0,0.0,0.0,0.0,0.0,0.0,0.0,1504.4,0.0,0.0,7952.060367465019,0.0,1732.2732939958573,0.0,0.0,3406.3823957383634,0.0,0.0,0.0,0.0,0.0,0.0,0.0,2237.7521543413377,0.0,0.0,0.0,0.0,0.0,0.0,0.0
1799,0.0,96.40575431138275,0.0,0.0,0.0,0.0,0.0,0.0,0.0,0.0,0.0,0.0,0.0,1503.7621827840806,0.0,0.0,7988.522265374659,0.0,1672.8375647306443,0.0,0.0,3402.2893993467087,0.0,0.0,0.0,0.0,0.0,0.0,0.0,2299.924542617797,0.0,0.0,0.0,0.0,0.0,0.0,0.0
1800,0.0,127.20284188985825,0.0,0.0,0.0,0.0,0.0,0.0,0.0,0.0,0.0,0.0,0.0,1448.865515947342,0.0,0.0,8042.2847792208195,0.0,1591.7470216989518,0.0,0.0,3448.1216339617963,0.0,0.0,0.0,0.0,0.0,0.0,0.0,2881.9164394363756,0.0,0.0,0.0,0.0,0.0,0.0,0.0
1801,0.0,154.88612366616724,0.0,0.0,0.0,0.0,0.0,0.0,0.0,0.0,0.0,0.0,0.0,1375.66897380352,0.0,0.0,8060.9490019977075,0.0,1458.4509957790374,0.0,0.0,3263.3276456058024,0.0,0.0,0.0,0.0,0.0,0.0,0.0,3382.6858430713414,0.0,0.0,0.0,0.0,0.0,0.0,0.0
1802,0.0,179.3161407440901,0.0,0.0,0.0,0.0,0.0,0.0,0.0,0.0,0.0,0.0,0.0,1305.495809006691,0.0,0.0,8041.816501230001,0.0,1305.7479219675065,0.0,0.0,2919.3839458644384,0.0,0.0,0.0,0.0,0.0,0.0,0.0,3814.069594299793,0.0,0.0,0.0,0.0,0.0,0.0,0.0
1803,0.0,199.5909378200769,0.0,0.0,0.0,0.0,0.0,0.0,0.0,0.0,0.0,0.0,0.0,1250.3732653856277,0.0,0.0,7988.046986550091,0.0,1164.031725716591,0.0,0.0,2515.736056838929,0.0,0.0,0.0,0.0,0.0,0.0,0.0,4195.122679796815,0.0,0.0,0.0,0.0,0.0,0.0,0.0
1804,0.0,212.89740528166294,0.0,0.0,0.0,0.0,0.0,0.0,0.0,0.0,0.0,0.0,0.0,1205.0835802555084,0.0,0.0,7920.1809041798115,0.0,1035.2423767089845,0.0,0.0,2051.9022892579433,0.0,0.0,0.0,0.0,0.0,0.0,0.0,4519.176242959498,0.0,0.0,0.0,0.0,0.0,0.0,0.0
1805,0.0,220.7864315450191,0.0,0.0,0.0,0.0,0.0,0.0,0.0,0.0,0.0,0.0,0.0,1154.270719051361,0.0,0.0,7883.644330710171,0.0,887.7560689449309,0.0,0.0,1679.9596058785905,0.0,0.0,0.0,0.0,0.0,0.0,0.0,4781.667458030581,0.0,0.0,0.0,0.0,0.0,0.0,0.0
1806,0.0,217.51871805489063,0.0,0.0,0.0,0.0,0.0,0.0,0.0,0.0,0.0,0.0,0.0,1113.716465830803,0.0,0.0,7678.371328592299,0.0,756.9837109565734,0.0,0.0,1623.3751947820178,0.0,0.0,0.0,0.0,0.0,0.0,0.0,4719.141774401068,0.0,0.0,0.0,0.0,0.0,0.0,0.0
1807,0.0,213.56286332309242,0.0,0.0,0.0,0.0,0.0,0.0,0.0,0.0,0.0,0.0,0.0,1078.8053661108017,0.0,0.0,7492.8328989446145,0.0,639.0798066735267,0.0,0.0,1547.7434698686004,0.0,0.0,0.0,0.0,0.0,0.0,0.0,4620.789699974655,0.0,0.0,0.0,0.0,0.0,0.0,0.0
1808,0.0,206.38811237812038,0.0,0.0,0.0,0.0,0.0,0.0,0.0,0.0,0.0,0.0,0.0,1046.1361764192582,0.0,0.0,7332.511472463608,0.0,535.307375717163,0.0,0.0,1462.3862236082546,0.0,0.0,0.0,0.0,0.0,0.0,0.0,4490.583185783028,0.0,0.0,0.0,0.0,0.0,0.0,0.0
1809,0.0,193.15066244602195,0.0,0.0,0.0,0.0,0.0,0.0,0.0,0.0,0.0,0.0,0.0,1018.0703358650208,0.0,0.0,7171.2208194434625,0.0,439.6653705060482,0.0,0.0,1375.9777987495056,0.0,0.0,0.0,0.0,0.0,0.0,0.0,4311.521022999285,0.0,0.0,0.0,0.0,0.0,0.0,0.0
1810,0.0,176.2779105395078,0.0,0.0,0.0,0.0,0.0,0.0,0.0,0.0,0.0,0.0,0.0,973.7870084762574,0.0,0.0,6772.319535344837,0.0,345.13144937157614,0.0,0.0,1349.3242752760646,0.0,0.0,0.0,0.0,0.0,0.0,0.0,4143.729596719144,0.0,0.0,0.0,0.0,0.0,0.0,0.0
1811,0.0,160.48038721382616,0.0,0.0,0.0,0.0,0.0,0.0,0.0,0.0,0.0,0.0,0.0,936.9553732395173,0.0,0.0,6422.004426404832,0.0,263.11879234313955,0.0,0.0,1324.647312712669,0.0,0.0,0.0,0.0,0.0,0.0,0.0,3996.514279839395,0.0,0.0,0.0,0.0,0.0,0.0,0.0
1812,0.0,147.19762699306006,0.0,0.0,0.0,0.0,0.0,0.0,0.0,0.0,0.0,0.0,0.0,906.9942838907242,0.0,0.0,6114.725387200711,0.0,195.26047697365266,0.0,0.0,1298.02270270586,0.0,0.0,0.0,0.0,0.0,0.0,0.0,3867.498193797467,0.0,0.0,0.0,0.0,0.0,0.0,0.0
1813,0.0,136.54851678013802,0.0,0.0,0.0,0.0,0.0,0.0,0.0,0.0,0.0,0.0,0.0,875.5350907564164,0.0,0.0,5837.69267234206,0.0,141.06155133545383,0.0,0.0,1261.8698944084344,0.0,0.0,0.0,0.0,0.0,0.0,0.0,3753.3009855121372,0.0,0.0,0.0,0.0,0.0,0.0,0.0
1814,0.0,126.6958155512809,0.0,0.0,0.0,0.0,0.0,0.0,0.0,0.0,0.0,0.0,0.0,841.8504867315293,0.0,0.0,5571.272832512855,0.0,97.88765913695094,0.0,0.0,1219.5299827001986,0.0,0.0,0.0,0.0,0.0,0.0,0.0,3643.3165621429675,0.0,0.0,0.0,0.0,0.0,0.0,0.0
1815,0.0,110.46715711355209,0.0,0.0,0.0,0.0,0.0,0.0,0.0,0.0,0.0,0.0,0.0,825.7135228633881,0.0,0.0,5625.015121728182,0.0,76.60075430124996,0.0,0.0,1073.4452223680908,0.0,0.0,0.0,0.0,0.0,0.0,0.0,3288.823187077044,0.0,0.0,0.0,0.0,0.0,0.0,0.0
1816,0.0,98.1699096992611,0.0,0.0,0.0,0.0,0.0,0.0,0.0,0.0,0.0,0.0,0.0,811.6212863922119,0.0,0.0,5680.993010520934,0.0,58.8146161720155,0.0,0.0,980.6276205092663,0.0,0.0,0.0,0.0,0.0,0.0,0.0,2971.6887163251627,0.0,0.0,0.0,0.0,0.0,0.0,0.0
1817,0.0,86.21948238462203,0.0,0.0,0.0,0.0,0.0,0.0,0.0,0.0,0.0,0.0,0.0,781.0201380968094,0.0,0.0,5780.9664722085,0.0,32.49581122696381,0.0,0.0,940.0357624970368,0.0,0.0,0.0,0.0,0.0,0.0,0.0,2673.756046898661,0.0,0.0,0.0,0.0,0.0,0.0,0.0
1818,0.0,76.85943585634224,0.0,0.0,0.0,0.0,0.0,0.0,0.0,0.0,0.0,0.0,0.0,759.6337583065033,0.0,0.0,5941.846798583864,0.0,20.368410793691677,0.0,0.0,893.4193825565272,0.0,0.0,0.0,0.0,0.0,0.0,0.0,2440.7071358174067,0.0,0.0,0.0,0.0,0.0,0.0,0.0
1819,0.0,68.07071980386971,0.0,0.0,0.0,0.0,0.0,0.0,0.0,0.0,0.0,0.0,0.0,755.3751873493195,0.0,0.0,6237.453503251076,0.0,15.39678367171428,0.0,0.0,889.0575363390145,0.0,0.0,0.0,0.0,0.0,0.0,0.0,2417.1439268633703,0.0,0.0,0.0,0.0,0.0,0.0,0.0
1820,0.0,63.777773357927785,0.0,0.0,0.0,0.0,0.0,0.0,0.0,0.0,0.0,0.0,0.0,754.7058065652848,0.0,0.0,6590.328194797037,0.0,15.624030313268177,0.0,0.0,886.463347450643,0.0,0.0,0.0,0.0,0.0,0.0,0.0,2401.5736184582092,0.0,0.0,0.0,0.0,0.0,0.0,0.0
1821,0.0,60.68730305582284,0.0,0.0,0.0,0.0,0.0,0.0,0.0,0.0,0.0,0.0,0.0,758.3543577671051,0.0,0.0,6851.082026511429,0.0,15.458115412481003,0.0,0.0,884.9204885400825,0.0,0.0,0.0,0.0,0.0,0.0,0.0,2411.8985576272007,0.0,0.0,0.0,0.0,0.0,0.0,0.0
1822,0.0,59.249781543016354,0.0,0.0,0.0,0.0,0.0,0.0,0.0,0.0,0.0,0.0,0.0,762.9681982040405,0.0,0.0,6996.301876723766,0.0,17.87164798118164,0.0,0.0,924.5696312986308,0.0,0.0,0.0,0.0,0.0,0.0,0.0,2484.3958850726467,0.0,0.0,0.0,0.0,0.0,0.0,0.0
1823,0.0,65.76991805434227,0.0,0.0,0.0,0.0,0.0,0.0,0.0,0.0,0.0,0.0,0.0,764.6808804512024,0.0,0.0,6956.123313963411,0.0,32.20429186299433,0.0,0.0,949.3356049530207,0.0,0.0,0.0,0.0,0.0,0.0,0.0,2657.1659914150823,0.0,0.0,0.0,0.0,0.0,0.0,0.0
1824,0.0,108.24481370598072,0.0,0.0,0.0,0.0,0.0,0.0,0.0,0.0,0.0,0.0,0.0,761.1467471837998,0.0,0.0,7073.349941492081,0.0,79.90546544492229,0.0,0.0,1032.9554697655137,0.0,0.0,0.0,0.0,0.0,0.0,0.0,3443.1163442283855,0.0,0.0,0.0,0.0,0.0,0.0,0.0
1825,0.0,156.5754539519548,0.0,0.0,0.0,0.0,0.0,0.0,0.0,0.0,0.0,0.0,0.0,751.8443270087242,0.0,0.0,7254.404726058245,0.0,146.64392910599707,0.0,0.0,1262.9244033537796,0.0,0.0,0.0,0.0,0.0,0.0,0.0,4354.523612651229,0.0,0.0,0.0,0.0,0.0,0.0,0.0
1826,0.0,208.84085790216923,0.0,0.0,0.0,0.0,0.0,0.0,0.0,0.0,0.0,0.0,0.0,738.6763112664223,0.0,0.0,7453.473433732985,0.0,220.26687233149988,0.0,0.0,1421.1898319363586,0.0,0.0,0.0,0.0,0.0,0.0,0.0,5362.416673702,0.0,0.0,0.0,0.0,0.0,0.0,0.0
1827,0.0,264.0654164850711,0.0,0.0,0.0,0.0,0.0,0.0,0.0,0.0,0.0,0.0,0.0,724.0653831481933,0.0,0.0,7618.327511131762,0.0,285.8510113477707,0.0,0.0,1385.3643816053868,0.0,0.0,0.0,0.0,0.0,0.0,0.0,6380.535049694777,0.0,0.0,0.0,0.0,0.0,0.0,0.0
1828,0.0,315.655683106184,0.0,0.0,0.0,0.0,0.0,0.0,0.0,0.0,0.0,0.0,0.0,708.8953673958779,0.0,0.0,7751.118547827005,0.0,341.1100909352301,0.0,0.0,1349.5630006000397,0.0,0.0,0.0,0.0,0.0,0.0,0.0,7330.074349826574,0.0,0.0,0.0,0.0,0.0,0.0,0.0
1829,0.0,354.5434137046337,0.0,0.0,0.0,0.0,0.0,0.0,0.0,0.0,0.0,0.0,0.0,683.0014948725699,0.0,0.0,7853.258378624916,0.0,371.75223338603973,0.0,0.0,1242.3457354612647,0.0,0.0,0.0,0.0,0.0,0.0,0.0,8130.796389973163,0.0,0.0,0.0,0.0,0.0,0.0,0.0
1830,0.0,385.67755792737006,0.0,0.0,0.0,0.0,0.0,0.0,0.0,0.0,0.0,0.0,0.0,658.547665309906,0.0,0.0,7582.275550931692,0.0,386.59142453670484,0.0,0.0,1176.342724764347,0.0,0.0,0.0,0.0,0.0,0.0,0.0,8475.664726746083,0.0,0.0,0.0,0.0,0.0,0.0,0.0
1831,0.0,416.08864533305166,0.0,0.0,0.0,0.0,0.0,0.0,0.0,0.0,0.0,0.0,0.0,634.2338094115256,0.0,0.0,7332.089866697786,0.0,400.1001322627067,0.0,0.0,1116.0060723200438,0.0,0.0,0.0,0.0,0.0,0.0,0.0,8693.822618389127,0.0,0.0,0.0,0.0,0.0,0.0,0.0
1832,0.0,446.9001466333866,0.0,0.0,0.0,0.0,0.0,0.0,0.0,0.0,0.0,0.0,0.0,602.3466698884963,0.0,0.0,7087.4978486299515,0.0,401.68307140469534,0.0,0.0,1044.2713074669236,0.0,0.0,0.0,0.0,0.0,0.0,0.0,8809.059824049471,0.0,0.0,0.0,0.0,0.0,0.0,0.0
1833,0.0,476.603692138195,0.0,0.0,0.0,0.0,0.0,0.0,0.0,0.0,0.0,0.0,0.0,561.5288788080214,0.0,0.0,6865.99224665761,0.0,372.92339434027673,0.0,0.0,974.6653912067407,0.0,0.0,0.0,0.0,0.0,0.0,0.0,8896.781215989588,0.0,0.0,0.0,0.0,0.0,0.0,0.0
1834,0.0,479.0617823123932,0.0,0.0,0.0,0.0,0.0,0.0,0.0,0.0,0.0,0.0,0.0,503.712985432148,0.0,0.0,6518.213773146272,0.0,324.9258327960967,0.0,0.0,937.0922656282781,0.0,0.0,0.0,0.0,0.0,0.0,0.0,8572.351937502623,0.0,0.0,0.0,0.0,0.0,0.0,0.0
1835,0.0,480.68941766023636,0.0,0.0,0.0,0.0,0.0,0.0,0.0,0.0,0.0,0.0,0.0,448.3690933227539,0.0,0.0,6185.36418867111,0.0,277.15582820177065,0.0,0.0,910.1189531587058,0.0,0.0,0.0,0.0,0.0,0.0,0.0,8179.995931994915,0.0,0.0,0.0,0.0,0.0,0.0,0.0
1836,0.0,480.1624155163765,0.0,0.0,0.0,0.0,0.0,0.0,0.0,0.0,0.0,0.0,0.0,394.4327390789985,0.0,0.0,5885.350848093629,0.0,228.9998037874697,0.0,0.0,891.0550632968541,0.0,0.0,0.0,0.0,0.0,0.0,0.0,7773.135651552676,0.0,0.0,0.0,0.0,0.0,0.0,0.0
1837,0.0,474.2298819065094,0.0,0.0,0.0,0.0,0.0,0.0,0.0,0.0,0.0,0.0,0.0,342.152575469017,0.0,0.0,5611.102520391343,0.0,182.34510094821454,0.0,0.0,873.4571316070849,0.0,0.0,0.0,0.0,0.0,0.0,0.0,7351.298107105493,0.0,0.0,0.0,0.0,0.0,0.0,0.0
1838,0.0,456.09931358098976,0.0,0.0,0.0,0.0,0.0,0.0,0.0,0.0,0.0,0.0,0.0,290.7516858875751,0.0,0.0,5365.108001962303,0.0,138.97143319249153,0.0,0.0,856.1496969982975,0.0,0.0,0.0,0.0,0.0,0.0,0.0,6893.665270531176,0.0,0.0,0.0,0.0,0.0,0.0,0.0
1839,0.0,467.0977057993412,0.0,0.0,0.0,0.0,0.0,0.0,0.0,0.0,0.0,0.0,0.0,251.6720655322074,0.0,0.0,5445.834615930913,0.0,112.66867906004175,0.0,0.0,900.9998577140265,0.0,0.0,0.0,0.0,0.0,0.0,0.0,6024.752887895703,0.0,0.0,0.0,0.0,0.0,0.0,0.0
1840,0.0,455.39682174324986,0.0,0.0,0.0,0.0,0.0,0.0,0.0,0.0,0.0,0.0,0.0,209.48605654239645,0.0,0.0,5572.098541960118,0.0,85.6580070242284,0.0,0.0,934.6221321634948,0.0,0.0,0.0,0.0,0.0,0.0,0.0,5024.359307220578,0.0,0.0,0.0,0.0,0.0,0.0,0.0
1841,0.0,438.16855942010875,0.0,0.0,0.0,0.0,0.0,0.0,0.0,0.0,0.0,0.0,0.0,155.37605783939355,0.0,0.0,5862.280378341674,0.0,57.702011783421014,0.0,0.0,964.0498346395791,0.0,0.0,0.0,0.0,0.0,0.0,0.0,4243.033796697854,0.0,0.0,0.0,0.0,0.0,0.0,0.0
1842,0.0,413.9464927196503,0.0,0.0,0.0,0.0,0.0,0.0,0.0,0.0,0.0,0.0,0.0,113.27126675248141,0.0,0.0,6175.812328889964,0.0,43.39613592922681,0.0,0.0,999.3163165122271,0.0,0.0,0.0,0.0,0.0,0.0,0.0,3701.1521324366327,0.0,0.0,0.0,0.0,0.0,0.0,0.0
1843,0.0,394.3638909637928,0.0,0.0,0.0,0.0,0.0,0.0,0.0,0.0,0.0,0.0,0.0,89.27727780193077,0.0,0.0,6459.1874101907015,0.0,30.101420512050346,0.0,0.0,957.9714216426011,0.0,0.0,0.0,0.0,0.0,0.0,0.0,3624.471491488813,0.0,0.0,0.0,0.0,0.0,0.0,0.0
1844,0.0,381.9406234323978,0.0,0.0,0.0,0.0,0.0,0.0,0.0,0.0,0.0,0.0,0.0,64.86092437207688,0.0,0.0,6682.547066301107,0.0,24.981064937636106,0.0,0.0,948.6613610766827,0.0,0.0,0.0,0.0,0.0,0.0,0.0,3571.816742610931,0.0,0.0,0.0,0.0,0.0,0.0,0.0
1845,0.0,358.443409126997,0.0,0.0,0.0,0.0,0.0,0.0,0.0,0.0,0.0,0.0,0.0,43.35585895255208,0.0,0.0,6902.960538208485,0.0,29.90127629004411,0.0,0.0,989.4600033581248,0.0,0.0,0.0,0.0,0.0,0.0,0.0,3537.272629523277,0.0,0.0,0.0,0.0,0.0,0.0,0.0
1846,0.0,334.45072751641266,0.0,0.0,0.0,0.0,0.0,0.0,0.0,0.0,0.0,0.0,0.0,31.83236283361907,0.0,0.0,7037.759258449078,0.0,41.006787955760835,0.0,0.0,1044.3802249498663,0.0,0.0,0.0,0.0,0.0,0.0,0.0,3546.2344706028684,0.0,0.0,0.0,0.0,0.0,0.0,0.0
1847,0.0,312.87887783646585,0.0,0.0,0.0,0.0,0.0,0.0,0.0,0.0,0.0,0.0,0.0,35.267361165583125,0.0,0.0,7015.661515653132,0.0,57.639927892386915,0.0,0.0,1067.255469817668,0.0,0.0,0.0,0.0,0.0,0.0,0.0,3580.022813692687,0.0,0.0,0.0,0.0,0.0,0.0,0.0
1848,0.0,309.3218939244747,0.0,0.0,0.0,0.0,0.0,0.0,0.0,0.0,0.0,0.0,0.0,54.909853817522524,0.0,0.0,7129.042351841925,0.0,95.33235643208009,0.0,0.0,1619.0393858224154,0.0,0.0,0.0,0.0,0.0,0.0,0.0,3971.6707820445295,0.0,0.0,0.0,0.0,0.0,0.0,0.0
1849,0.0,310.9040787041187,0.0,0.0,0.0,0.0,0.0,0.0,0.0,0.0,0.0,0.0,0.0,85.59428240805853,0.0,0.0,7310.000680476427,0.0,130.11310383677477,0.0,0.0,1922.0939940869798,0.0,0.0,0.0,0.0,0.0,0.0,0.0,4334.829837602376,0.0,0.0,0.0,0.0,0.0,0.0,0.0
1850,0.0,316.49202967286107,0.0,0.0,0.0,0.0,0.0,0.0,0.0,0.0,0.0,0.0,0.0,119.8603633522986,0.0,0.0,7500.72206071019,0.0,160.55713805854302,0.0,0.0,2086.822036600113,0.0,0.0,0.0,0.0,0.0,0.0,0.0,4653.80491566956,0.0,0.0,0.0,0.0,0.0,0.0,0.0
1851,0.0,321.4457488238811,0.0,0.0,0.0,0.0,0.0,0.0,0.0,0.0,0.0,0.0,0.0,149.92526724934567,0.0,0.0,7649.757365316151,0.0,185.404373973608,0.0,0.0,2118.6123174726963,0.0,0.0,0.0,0.0,0.0,0.0,0.0,4912.523428162933,0.0,0.0,0.0,0.0,0.0,0.0,0.0
1852,0.0,328.5750351727009,0.0,0.0,0.0,0.0,0.0,0.0,0.0,0.0,0.0,0.0,0.0,179.18164613842953,0.0,0.0,7771.143265962601,0.0,206.41484320759773,0.0,0.0,2145.908446526527,0.0,0.0,0.0,0.0,0.0,0.0,0.0,5161.126917508243,0.0,0.0,0.0,0.0,0.0,0.0,0.0
1853,0.0,339.2113378643989,0.0,0.0,0.0,0.0,0.0,0.0,0.0,0.0,0.0,0.0,0.0,205.34466084837905,0.0,0.0,7874.551803410051,0.0,223.66565783619876,0.0,0.0,2215.4718251734967,0.0,0.0,0.0,0.0,0.0,0.0,0.0,5436.398239403961,0.0,0.0,0.0,0.0,0.0,0.0,0.0
1854,0.0,338.56810010075566,0.0,0.0,0.0,0.0,0.0,0.0,0.0,0.0,0.0,0.0,0.0,230.10168448686588,0.0,0.0,7660.551873087883,0.0,228.57350131869305,0.0,0.0,2076.990246909857,0.0,0.0,0.0,0.0,0.0,0.0,0.0,5470.888833850621,0.0,0.0,0.0,0.0,0.0,0.0,0.0
1855,0.0,335.3009898126125,0.0,0.0,0.0,0.0,0.0,0.0,0.0,0.0,0.0,0.0,0.0,249.3976279914378,0.0,0.0,7497.089405864475,0.0,227.37428478896604,0.0,0.0,1942.418041817843,0.0,0.0,0.0,0.0,0.0,0.0,0.0,5478.739801517129,0.0,0.0,0.0,0.0,0.0,0.0,0.0
1856,0.0,331.31289884448046,0.0,0.0,0.0,0.0,0.0,0.0,0.0,0.0,0.0,0.0,0.0,273.8728660821914,0.0,0.0,7341.177726775408,0.0,233.93828164637077,0.0,0.0,1802.7746266096826,0.0,0.0,0.0,0.0,0.0,0.0,0.0,5409.722451379895,0.0,0.0,0.0,0.0,0.0,0.0,0.0
1857,0.0,325.97621657252313,0.0,0.0,0.0,0.0,0.0,0.0,0.0,0.0,0.0,0.0,0.0,300.36153700947756,0.0,0.0,7155.524172306059,0.0,244.6284488946199,0.0,0.0,1664.6905706673856,0.0,0.0,0.0,0.0,0.0,0.0,0.0,5337.999516972899,0.0,0.0,0.0,0.0,0.0,0.0,0.0
1858,0.0,317.11428161859504,0.0,0.0,0.0,0.0,0.0,0.0,0.0,0.0,0.0,0.0,0.0,308.84014357328414,0.0,0.0,6816.084858596323,0.0,248.0500138074159,0.0,0.0,1641.0513139352202,0.0,0.0,0.0,0.0,0.0,0.0,0.0,5196.968496027588,0.0,0.0,0.0,0.0,0.0,0.0,0.0
1859,0.0,304.00064240098,0.0,0.0,0.0,0.0,0.0,0.0,0.0,0.0,0.0,0.0,0.0,323.84814944863314,0.0,0.0,6502.280653402208,0.0,257.7328628838061,0.0,0.0,1619.3954301863907,0.0,0.0,0.0,0.0,0.0,0.0,0.0,5078.879614672063,0.0,0.0,0.0,0.0,0.0,0.0,0.0
1860,0.0,292.3447600185871,0.0,0.0,0.0,0.0,0.0,0.0,0.0,0.0,0.0,0.0,0.0,340.9817867815494,0.0,0.0,6216.889331981538,0.0,268.3098000228404,0.0,0.0,1605.0375476226207,0.0,0.0,0.0,0.0,0.0,0.0,0.0,4966.8882422655815,0.0,0.0,0.0,0.0,0.0,0.0,0.0
1861,0.0,281.9247964203357,0.0,0.0,0.0,0.0,0.0,0.0,0.0,0.0,0.0,0.0,0.0,359.0540143370628,0.0,0.0,5956.9219272583705,0.0,273.44025034308424,0.0,0.0,1601.004951614141,0.0,0.0,0.0,0.0,0.0,0.0,0.0,4851.216378453373,0.0,0.0,0.0,0.0,0.0,0.0,0.0
1862,0.0,273.9840771496295,0.0,0.0,0.0,0.0,0.0,0.0,0.0,0.0,0.0,0.0,0.0,378.64225710630416,0.0,0.0,5723.072299644351,0.0,277.81122897267335,0.0,0.0,1593.7255700960754,0.0,0.0,0.0,0.0,0.0,0.0,0.0,4734.8303300738335,0.0,0.0,0.0,0.0,0.0,0.0,0.0
1863,0.0,258.68109528422355,0.0,0.0,0.0,0.0,0.0,0.0,0.0,0.0,0.0,0.0,0.0,412.8176208138466,0.0,0.0,5574.120616108177,0.0,299.2222126662729,0.0,0.0,1622.2790564998982,0.0,0.0,0.0,0.0,0.0,0.0,0.0,4389.119436317682,0.0,0.0,0.0,0.0,0.0,0.0,0.0
1864,0.0,244.1551778554916,0.0,0.0,0.0,0.0,0.0,0.0,0.0,0.0,0.0,0.0,0.0,445.842707669735,0.0,0.0,5423.486009925602,0.0,319.22943941950797,0.0,0.0,1647.263470637798,0.0,0.0,0.0,0.0,0.0,0.0,0.0,4042.6017852097743,0.0,0.0,0.0,0.0,0.0,0.0,0.0
1865,0.0,230.9604430407285,0.0,0.0,0.0,0.0,0.0,0.0,0.0,0.0,0.0,0.0,0.0,460.975824534893,0.0,0.0,5299.361616477369,0.0,298.0770768523215,0.0,0.0,1610.9552713796493,0.0,0.0,0.0,0.0,0.0,0.0,0.0,3781.699856808781,0.0,0.0,0.0,0.0,0.0,0.0,0.0
1866,0.0,218.18670112788675,0.0,0.0,0.0,0.0,0.0,0.0,0.0,0.0,0.0,0.0,0.0,478.52400270700457,0.0,0.0,5143.124787554143,0.0,286.4875898361205,0.0,0.0,1575.7812066346407,0.0,0.0,0.0,0.0,0.0,0.0,0.0,3582.459358307719,0.0,0.0,0.0,0.0,0.0,0.0,0.0
1867,0.0,219.14669007360936,0.0,0.0,0.0,0.0,0.0,0.0,0.0,0.0,0.0,0.0,0.0,508.8097394943237,0.0,0.0,5106.720840990543,0.0,273.3365944027899,0.0,0.0,1511.799338082969,0.0,0.0,0.0,0.0,0.0,0.0,0.0,3650.185390424727,0.0,0.0,0.0,0.0,0.0,0.0,0.0
1868,0.0,222.0141860604286,0.0,0.0,0.0,0.0,0.0,0.0,0.0,0.0,0.0,0.0,0.0,539.3975719094276,0.0,0.0,5078.003032013772,0.0,262.1670962393284,0.0,0.0,1454.497691358625,0.0,0.0,0.0,0.0,0.0,0.0,0.0,3713.729374682902,0.0,0.0,0.0,0.0,0.0,0.0,0.0
1869,0.0,220.24866996109486,0.0,0.0,0.0,0.0,0.0,0.0,0.0,0.0,0.0,0.0,0.0,565.8685555815696,0.0,0.0,5054.8154927641135,0.0,246.09969927966586,0.0,0.0,1404.3202622607341,0.0,0.0,0.0,0.0,0.0,0.0,0.0,3762.7318379253143,0.0,0.0,0.0,0.0,0.0,0.0,0.0
1870,0.0,221.90256563723085,0.0,0.0,0.0,0.0,0.0,0.0,0.0,0.0,0.0,0.0,0.0,595.6985036849975,0.0,0.0,5033.374661535024,0.0,234.38419189453126,0.0,0.0,1346.5039255544539,0.0,0.0,0.0,0.0,0.0,0.0,0.0,3818.4360645025968,0.0,0.0,0.0,0.0,0.0,0.0,0.0
1871,0.0,233.68851520121098,0.0,0.0,0.0,0.0,0.0,0.0,0.0,0.0,0.0,0.0,0.0,635.3186277270316,0.0,0.0,5007.47157666087,0.0,233.89589445888984,0.0,0.0,1279.329768079519,0.0,0.0,0.0,0.0,0.0,0.0,0.0,3937.994538810847,0.0,0.0,0.0,0.0,0.0,0.0,0.0
1872,0.0,245.29186289906502,0.0,0.0,0.0,0.0,0.0,0.0,0.0,0.0,0.0,0.0,0.0,683.7616657495497,0.0,0.0,5160.230158016084,0.0,272.50788042545304,0.0,0.0,1174.4011324971912,0.0,0.0,0.0,0.0,0.0,0.0,0.0,4553.740244731307,0.0,0.0,0.0,0.0,0.0,0.0,0.0
1873,0.0,268.25876446366306,0.0,0.0,0.0,0.0,0.0,0.0,0.0,0.0,0.0,0.0,0.0,742.0887633919716,0.0,0.0,5315.731121525168,0.0,316.8436039507389,0.0,0.0,987.3096588894716,0.0,0.0,0.0,0.0,0.0,0.0,0.0,5428.751582765577,0.0,0.0,0.0,0.0,0.0,0.0,0.0
1874,0.0,298.4609195351601,0.0,0.0,0.0,0.0,0.0,0.0,0.0,0.0,0.0,0.0,0.0,802.8323570489883,0.0,0.0,5479.406336307526,0.0,355.27849743366227,0.0,0.0,1003.2556628063321,0.0,0.0,0.0,0.0,0.0,0.0,0.0,6658.098632842302,0.0,0.0,0.0,0.0,0.0,0.0,0.0
1875,0.0,322.63296255469317,0.0,0.0,0.0,0.0,0.0,0.0,0.0,0.0,0.0,0.0,0.0,858.5982773780822,0.0,0.0,5656.643721804023,0.0,376.10231483578684,0.0,0.0,1268.280660892277,0.0,0.0,0.0,0.0,0.0,0.0,0.0,8034.530819320678,0.0,0.0,0.0,0.0,0.0,0.0,0.0
1876,0.0,358.2490939199924,0.0,0.0,0.0,0.0,0.0,0.0,0.0,0.0,0.0,0.0,0.0,907.8204064846038,0.0,0.0,5825.657850190995,0.0,378.8597051262854,0.0,0.0,1579.6005090594288,0.0,0.0,0.0,0.0,0.0,0.0,0.0,9589.118606197833,0.0,0.0,0.0,0.0,0.0,0.0,0.0
1877,0.0,389.4019233763218,0.0,0.0,0.0,0.0,0.0,0.0,0.0,0.0,0.0,0.0,0.0,942.961149096489,0.0,0.0,6028.984231591223,0.0,358.055628889799,0.0,0.0,1862.2195029705763,0.0,0.0,0.0,0.0,0.0,0.0,0.0,11022.46786737442,0.0,0.0,0.0,0.0,0.0,0.0,0.0
1878,0.0,411.0176524937152,0.0,0.0,0.0,0.0,0.0,0.0,0.0,0.0,0.0,0.0,0.0,970.501707315445,0.0,0.0,5974.974743887782,0.0,328.57877839803683,0.0,0.0,1749.4242851525546,0.0,0.0,0.0,0.0,0.0,0.0,0.0,11803.840025901794,0.0,0.0,0.0,0.0,0.0,0.0,0.0
1879,0.0,432.183982104063,0.0,0.0,0.0,0.0,0.0,0.0,0.0,0.0,0.0,0.0,0.0,991.6516293525696,0.0,0.0,5924.79082289338,0.0,302.60791149735445,0.0,0.0,1646.8449065789578,0.0,0.0,0.0,0.0,0.0,0.0,0.0,12470.881902766228,0.0,0.0,0.0,0.0,0.0,0.0,0.0
1880,0.0,449.4569935977459,0.0,0.0,0.0,0.0,0.0,0.0,0.0,0.0,0.0,0.0,0.0,1006.2908481121063,0.0,0.0,5880.777747914194,0.0,287.3993886291981,0.0,0.0,1567.4003885552288,0.0,0.0,0.0,0.0,0.0,0.0,0.0,12992.442756009103,0.0,0.0,0.0,0.0,0.0,0.0,0.0
1881,0.0,455.57486452460284,0.0,0.0,0.0,0.0,0.0,0.0,0.0,0.0,0.0,0.0,0.0,1017.6133814811707,0.0,0.0,5835.592811152339,0.0,273.3746539473532,0.0,0.0,1532.4639894783488,0.0,0.0,0.0,0.0,0.0,0.0,0.0,13298.53032835722,0.0,0.0,0.0,0.0,0.0,0.0,0.0
1882,0.0,461.90820481181146,0.0,0.0,0.0,0.0,0.0,0.0,0.0,0.0,0.0,0.0,0.0,1003.577995300293,0.0,0.0,5416.03634494543,0.0,245.80001000761976,0.0,0.0,1433.6304943174118,0.0,0.0,0.0,0.0,0.0,0.0,0.0,13314.69585083723,0.0,0.0,0.0,0.0,0.0,0.0,0.0
1883,0.0,467.662078410387,0.0,0.0,0.0,0.0,0.0,0.0,0.0,0.0,0.0,0.0,0.0,982.7255060911178,0.0,0.0,4989.922431126235,0.0,214.6909415632486,0.0,0.0,1325.0701153948899,0.0,0.0,0.0,0.0,0.0,0.0,0.0,13273.467693424225,0.0,0.0,0.0,0.0,0.0,0.0,0.0
1884,0.0,473.2460734963417,0.0,0.0,0.0,0.0,0.0,0.0,0.0,0.0,0.0,0.0,0.0,959.6206155538559,0.0,0.0,4565.1238961815825,0.0,184.08767379522322,0.0,0.0,1223.6999555200337,0.0,0.0,0.0,0.0,0.0,0.0,0.0,13062.854483711719,0.0,0.0,0.0,0.0,0.0,0.0,0.0
1885,0.0,478.708614563942,0.0,0.0,0.0,0.0,0.0,0.0,0.0,0.0,0.0,0.0,0.0,935.0345687150955,0.0,0.0,4146.605498045682,0.0,162.27684257328502,0.0,0.0,1154.1907707005737,0.0,0.0,0.0,0.0,0.0,0.0,0.0,12710.635289275646,0.0,0.0,0.0,0.0,0.0,0.0,0.0
1886,0.0,481.29003850221636,0.0,0.0,0.0,0.0,0.0,0.0,0.0,0.0,0.0,0.0,0.0,907.041180896759,0.0,0.0,3751.158347532151,0.0,140.528495401144,0.0,0.0,1094.3794047966592,0.0,0.0,0.0,0.0,0.0,0.0,0.0,12288.091154122352,0.0,0.0,0.0,0.0,0.0,0.0,0.0
1887,0.0,479.5342998862267,0.0,0.0,0.0,0.0,0.0,0.0,0.0,0.0,0.0,0.0,0.0,885.8129776239396,0.0,0.0,3669.228368028996,0.0,135.56566714048387,0.0,0.0,1272.7355297550557,0.0,0.0,0.0,0.0,0.0,0.0,0.0,11490.988131266831,0.0,0.0,0.0,0.0,0.0,0.0,0.0
1888,0.0,455.8461370825767,0.0,0.0,0.0,0.0,0.0,0.0,0.0,0.0,0.0,0.0,0.0,864.8737782716751,0.0,0.0,3590.9582688361384,0.0,129.43508668541898,0.0,0.0,1434.2892974942913,0.0,0.0,0.0,0.0,0.0,0.0,0.0,10724.019719415903,0.0,0.0,0.0,0.0,0.0,0.0,0.0
1889,0.0,420.096207100153,0.0,0.0,0.0,0.0,0.0,0.0,0.0,0.0,0.0,0.0,0.0,835.5981204986572,0.0,0.0,3543.8344900608063,0.0,111.77050048559904,0.0,0.0,1527.4427345663305,0.0,0.0,0.0,0.0,0.0,0.0,0.0,9938.932354688644,0.0,0.0,0.0,0.0,0.0,0.0,0.0
1890,0.0,395.09979738593097,0.0,0.0,0.0,0.0,0.0,0.0,0.0,0.0,0.0,0.0,0.0,813.8567402362823,0.0,0.0,3573.040412724017,0.0,101.30425911694752,0.0,0.0,1609.2748085886235,0.0,0.0,0.0,0.0,0.0,0.0,0.0,9083.74063283205,0.0,0.0,0.0,0.0,0.0,0.0,0.0
1891,0.0,368.96443009972575,0.0,0.0,0.0,0.0,0.0,0.0,0.0,0.0,0.0,0.0,0.0,800.4784501552582,0.0,0.0,3621.4717916697264,0.0,81.0463180780409,0.0,0.0,1560.8538347437973,0.0,0.0,0.0,0.0,0.0,0.0,0.0,8668.321709179878,0.0,0.0,0.0,0.0,0.0,0.0,0.0
1892,0.0,345.59941522479056,0.0,0.0,0.0,0.0,0.0,0.0,0.0,0.0,0.0,0.0,0.0,784.5969539165496,0.0,0.0,3648.882000476121,0.0,69.3742279186844,0.0,0.0,1515.8924858540288,0.0,0.0,0.0,0.0,0.0,0.0,0.0,8287.215466654301,0.0,0.0,0.0,0.0,0.0,0.0,0.0
1893,0.0,326.1634055793285,0.0,0.0,0.0,0.0,0.0,0.0,0.0,0.0,0.0,0.0,0.0,768.5572811603546,0.0,0.0,3642.627922326325,0.0,61.9451767399907,0.0,0.0,1492.9144543692464,0.0,0.0,0.0,0.0,0.0,0.0,0.0,7967.107456815243,0.0,0.0,0.0,0.0,0.0,0.0,0.0
1894,0.0,311.4386559426784,0.0,0.0,0.0,0.0,0.0,0.0,0.0,0.0,0.0,0.0,0.0,758.8914764404296,0.0,0.0,3611.787304982543,0.0,64.40694603919975,0.0,0.0,1465.1959767714134,0.0,0.0,0.0,0.0,0.0,0.0,0.0,7850.862075674533,0.0,0.0,0.0,0.0,0.0,0.0,0.0
1895,0.0,315.40870696306223,0.0,0.0,0.0,0.0,0.0,0.0,0.0,0.0,0.0,0.0,0.0,762.9178040981293,0.0,0.0,3579.8631141483784,0.0,80.33796296417711,0.0,0.0,1399.4644650399682,0.0,0.0,0.0,0.0,0.0,0.0,0.0,8040.318788021803,0.0,0.0,0.0,0.0,0.0,0.0,0.0
1896,0.0,333.3937493026257,0.0,0.0,0.0,0.0,0.0,0.0,0.0,0.0,0.0,0.0,0.0,782.2281619310379,0.0,0.0,3622.5394188165656,0.0,129.13925079405297,0.0,0.0,1535.8966688990583,0.0,0.0,0.0,0.0,0.0,0.0,0.0,9263.982737004755,0.0,0.0,0.0,0.0,0.0,0.0,0.0
1897,0.0,353.7121172010898,0.0,0.0,0.0,0.0,0.0,0.0,0.0,0.0,0.0,0.0,0.0,813.664220404625,0.0,0.0,3674.6687937229863,0.0,186.42532718479634,0.0,0.0,1357.1970640674228,0.0,0.0,0.0,0.0,0.0,0.0,0.0,10910.5777464509,0.0,0.0,0.0,0.0,0.0,0.0,0.0
1898,0.0,375.8861027419567,0.0,0.0,0.0,0.0,0.0,0.0,0.0,0.0,0.0,0.0,0.0,849.0798888683319,0.0,0.0,3752.435999691485,0.0,238.09080323278891,0.0,0.0,1307.4875487148756,0.0,0.0,0.0,0.0,0.0,0.0,0.0,12495.704427039624,0.0,0.0,0.0,0.0,0.0,0.0,0.0
1899,0.0,395.3846209466457,0.0,0.0,0.0,0.0,0.0,0.0,0.0,0.0,0.0,0.0,0.0,880.7201241731643,0.0,0.0,3855.0394412577143,0.0,270.94183687567704,0.0,0.0,1647.7739219963546,0.0,0.0,0.0,0.0,0.0,0.0,0.0,13779.107474195956,0.0,0.0,0.0,0.0,0.0,0.0,0.0
1900,0.0,422.61108242869375,0.0,0.0,0.0,0.0,0.0,0.0,0.0,0.0,0.0,0.0,0.0,906.9613752841949,0.0,0.0,3961.381716981529,0.0,284.6325130939484,0.0,0.0,2048.691986185312,0.0,0.0,0.0,0.0,0.0,0.0,0.0,14899.60556396246,0.0,0.0,0.0,0.0,0.0,0.0,0.0
1901,0.0,447.3926680684089,0.0,0.0,0.0,0.0,0.0,0.0,0.0,0.0,0.0,0.0,0.0,920.2120660543442,0.0,0.0,4133.267354011536,0.0,274.23707018494594,0.0,0.0,2415.8527454942464,0.0,0.0,0.0,0.0,0.0,0.0,0.0,15743.710248434543,0.0,0.0,0.0,0.0,0.0,0.0,0.0
1902,0.0,479.81542006731036,0.0,0.0,0.0,0.0,0.0,0.0,0.0,0.0,0.0,0.0,0.0,926.9018387794495,0.0,0.0,4210.548390969632,0.0,255.5593486905098,0.0,0.0,2282.062112277746,0.0,0.0,0.0,0.0,0.0,0.0,0.0,16145.011822462082,0.0,0.0,0.0,0.0,0.0,0.0,0.0
1903,0.0,509.2357411980629,0.0,0.0,0.0,0.0,0.0,0.0,0.0,0.0,0.0,0.0,0.0,928.1902959108353,0.0,0.0,4273.37348410487,0.0,239.57776355445378,0.0,0.0,2171.2469370961185,0.0,0.0,0.0,0.0,0.0,0.0,0.0,16487.924559164047,0.0,0.0,0.0,0.0,0.0,0.0,0.0
1904,0.0,531.2634432435036,0.0,0.0,0.0,0.0,0.0,0.0,0.0,0.0,0.0,0.0,0.0,923.9110113620758,0.0,0.0,4336.608514949678,0.0,232.98250985145563,0.0,0.0,2094.0965739771714,0.0,0.0,0.0,0.0,0.0,0.0,0.0,16770.303373551367,0.0,0.0,0.0,0.0,0.0,0.0,0.0
1905,0.0,542.6358487486839,0.0,0.0,0.0,0.0,0.0,0.0,0.0,0.0,0.0,0.0,0.0,917.2128097295761,0.0,0.0,4369.401198104023,0.0,226.8351671904324,0.0,0.0,2062.908631762862,0.0,0.0,0.0,0.0,0.0,0.0,0.0,16976.747915065287,0.0,0.0,0.0,0.0,0.0,0.0,0.0
1906,0.0,550.2405143737793,0.0,0.0,0.0,0.0,0.0,0.0,0.0,0.0,0.0,0.0,0.0,886.0116846323014,0.0,0.0,4008.5525569170713,0.0,206.60668228268605,0.0,0.0,1942.4601252928371,0.0,0.0,0.0,0.0,0.0,0.0,0.0,17154.259122097494,0.0,0.0,0.0,0.0,0.0,0.0,0.0
1907,0.0,559.2177310466766,0.0,0.0,0.0,0.0,0.0,0.0,0.0,0.0,0.0,0.0,0.0,848.8084601163864,0.0,0.0,3632.0201034545885,0.0,182.60652318596834,0.0,0.0,1821.3818804919717,0.0,0.0,0.0,0.0,0.0,0.0,0.0,17330.370165765285,0.0,0.0,0.0,0.0,0.0,0.0,0.0
1908,0.0,567.0999256968498,0.0,0.0,0.0,0.0,0.0,0.0,0.0,0.0,0.0,0.0,0.0,810.1291904449463,0.0,0.0,3279.5211233198634,0.0,158.09150796830642,0.0,0.0,1709.071076774597,0.0,0.0,0.0,0.0,0.0,0.0,0.0,17526.734398925306,0.0,0.0,0.0,0.0,0.0,0.0,0.0
1909,0.0,572.2332026481629,0.0,0.0,0.0,0.0,0.0,0.0,0.0,0.0,0.0,0.0,0.0,770.7075492382049,0.0,0.0,2958.5756787657715,0.0,141.4948195308446,0.0,0.0,1611.3779226824631,0.0,0.0,0.0,0.0,0.0,0.0,0.0,17713.554956591128,0.0,0.0,0.0,0.0,0.0,0.0,0.0
1910,0.0,576.0632266402245,0.0,0.0,0.0,0.0,0.0,0.0,0.0,0.0,0.0,0.0,0.0,728.5829636693,0.0,0.0,2666.1897465586644,0.0,124.23499391973003,0.0,0.0,1532.746312071383,0.0,0.0,0.0,0.0,0.0,0.0,0.0,17842.867564833163,0.0,0.0,0.0,0.0,0.0,0.0,0.0
1911,0.0,577.4729237079621,0.0,0.0,0.0,0.0,0.0,0.0,0.0,0.0,0.0,0.0,0.0,693.894467806816,0.0,0.0,2685.5563863217826,0.0,123.09322240352617,0.0,0.0,1573.5009786352512,0.0,0.0,0.0,0.0,0.0,0.0,0.0,17644.213601708412,0.0,0.0,0.0,0.0,0.0,0.0,0.0
1912,0.0,571.7489015936851,0.0,0.0,0.0,0.0,0.0,0.0,0.0,0.0,0.0,0.0,0.0,660.1335552692414,0.0,0.0,2695.94601254165,0.0,120.23511067032796,0.0,0.0,1612.4696709617972,0.0,0.0,0.0,0.0,0.0,0.0,0.0,17435.330345904826,0.0,0.0,0.0,0.0,0.0,0.0,0.0
1913,0.0,554.1436520576477,0.0,0.0,0.0,0.0,0.0,0.0,0.0,0.0,0.0,0.0,0.0,618.6448590278626,0.0,0.0,2658.778197228908,0.0,105.4674367830156,0.0,0.0,1603.8063789099456,0.0,0.0,0.0,0.0,0.0,0.0,0.0,17176.223461651804,0.0,0.0,0.0,0.0,0.0,0.0,0.0
1914,0.0,543.7111755251884,0.0,0.0,0.0,0.0,0.0,0.0,0.0,0.0,0.0,0.0,0.0,585.2701070189474,0.0,0.0,2601.2519573718287,0.0,97.41456773430107,0.0,0.0,1595.4376711830496,0.0,0.0,0.0,0.0,0.0,0.0,0.0,16822.0978464365,0.0,0.0,0.0,0.0,0.0,0.0,0.0
1915,0.0,528.2777336955071,0.0,0.0,0.0,0.0,0.0,0.0,0.0,0.0,0.0,0.0,0.0,560.8105386257172,0.0,0.0,2577.1414748728257,0.0,79.16717993766065,0.0,0.0,1449.8533711686728,0.0,0.0,0.0,0.0,0.0,0.0,0.0,16711.65996106863,0.0,0.0,0.0,0.0,0.0,0.0,0.0
1916,0.0,513.220802128315,0.0,0.0,0.0,0.0,0.0,0.0,0.0,0.0,0.0,0.0,0.0,534.3740327715874,0.0,0.0,2546.5486092567444,0.0,69.17003579437728,0.0,0.0,1309.520271384716,0.0,0.0,0.0,0.0,0.0,0.0,0.0,16601.723993766307,0.0,0.0,0.0,0.0,0.0,0.0,0.0
1917,0.0,499.70969488620756,0.0,0.0,0.0,0.0,0.0,0.0,0.0,0.0,0.0,0.0,0.0,508.28010820150377,0.0,0.0,2538.242120012641,0.0,63.13278125524519,0.0,0.0,1166.4819459177545,0.0,0.0,0.0,0.0,0.0,0.0,0.0,16559.778397274018,0.0,0.0,0.0,0.0,0.0,0.0,0.0
1918,0.0,486.39823347330093,0.0,0.0,0.0,0.0,0.0,0.0,0.0,0.0,0.0,0.0,0.0,482.19048775434493,0.0,0.0,2600.5433174222685,0.0,60.247177132964055,0.0,0.0,1050.0456749260418,0.0,0.0,0.0,0.0,0.0,0.0,0.0,16558.893170022966,0.0,0.0,0.0,0.0,0.0,0.0,0.0
1919,0.0,472.1713078379631,0.0,0.0,0.0,0.0,0.0,0.0,0.0,0.0,0.0,0.0,0.0,456.5911786437035,0.0,0.0,2790.6260660439707,0.0,58.47959436327215,0.0,0.0,950.6996847845605,0.0,0.0,0.0,0.0,0.0,0.0,0.0,16574.169125902652,0.0,0.0,0.0,0.0,0.0,0.0,0.0
1920,0.0,436.95118559002873,0.0,0.0,0.0,0.0,0.0,0.0,0.0,0.0,0.0,0.0,0.0,428.3288279771805,0.0,0.0,3297.370137900114,0.0,74.25066634863597,0.0,0.0,1555.6848335310813,0.0,0.0,0.0,0.0,0.0,0.0,0.0,16728.26231137514,0.0,0.0,0.0,0.0,0.0,0.0,0.0
1921,0.0,400.77301025390625,0.0,0.0,0.0,0.0,0.0,0.0,0.0,0.0,0.0,0.0,0.0,402.8991730451583,0.0,0.0,3891.705530151724,0.0,86.91288267374033,0.0,0.0,2055.7960703507056,0.0,0.0,0.0,0.0,0.0,0.0,0.0,16837.1799780488,0.0,0.0,0.0,0.0,0.0,0.0,0.0
1922,0.0,370.9709043502807,0.0,0.0,0.0,0.0,0.0,0.0,0.0,0.0,0.0,0.0,0.0,381.2752594709396,0.0,0.0,4399.825265839694,0.0,96.325165143609,0.0,0.0,2419.4336253538722,0.0,0.0,0.0,0.0,0.0,0.0,0.0,16907.332791244982,0.0,0.0,0.0,0.0,0.0,0.0,0.0
1923,0.0,343.3183017075061,0.0,0.0,0.0,0.0,0.0,0.0,0.0,0.0,0.0,0.0,0.0,365.3336400151253,0.0,0.0,4843.57466880977,0.0,103.72204059362404,0.0,0.0,2585.5993180900814,0.0,0.0,0.0,0.0,0.0,0.0,0.0,16929.145253574847,0.0,0.0,0.0,0.0,0.0,0.0,0.0
1924,0.0,317.9268087208271,0.0,0.0,0.0,0.0,0.0,0.0,0.0,0.0,0.0,0.0,0.0,352.380045813322,0.0,0.0,5197.519710049033,0.0,106.90662259459486,0.0,0.0,2521.3363379806274,0.0,0.0,0.0,0.0,0.0,0.0,0.0,17000.679426288603,0.0,0.0,0.0,0.0,0.0,0.0,0.0
1925,0.0,292.17552679181097,0.0,0.0,0.0,0.0,0.0,0.0,0.0,0.0,0.0,0.0,0.0,350.2463665425777,0.0,0.0,5501.861899495125,0.0,111.14938739240165,0.0,0.0,2405.256641180813,0.0,0.0,0.0,0.0,0.0,0.0,0.0,16989.562013459206,0.0,0.0,0.0,0.0,0.0,0.0,0.0
1926,0.0,273.54676973819727,0.0,0.0,0.0,0.0,0.0,0.0,0.0,0.0,0.0,0.0,0.0,353.4890524029732,0.0,0.0,5540.349760904906,0.0,109.297178454697,0.0,0.0,2151.929411038756,0.0,0.0,0.0,0.0,0.0,0.0,0.0,16679.479346883298,0.0,0.0,0.0,0.0,0.0,0.0,0.0
1927,0.0,256.13418011069297,0.0,0.0,0.0,0.0,0.0,0.0,0.0,0.0,0.0,0.0,0.0,346.643187969923,0.0,0.0,5579.855465754865,0.0,96.73357903361308,0.0,0.0,1906.5423335239288,0.0,0.0,0.0,0.0,0.0,0.0,0.0,16347.770809996127,0.0,0.0,0.0,0.0,0.0,0.0,0.0
1928,0.0,227.99340469837185,0.0,0.0,0.0,0.0,0.0,0.0,0.0,0.0,0.0,0.0,0.0,343.059131360054,0.0,0.0,5618.028289645909,0.0,81.7345392778515,0.0,0.0,1674.2082480892536,0.0,0.0,0.0,0.0,0.0,0.0,0.0,15964.762486040592,0.0,0.0,0.0,0.0,0.0,0.0,0.0
1929,0.0,197.59784623682492,0.0,0.0,0.0,0.0,0.0,0.0,0.0,0.0,0.0,0.0,0.0,344.9452563107014,0.0,0.0,5612.983799993991,0.0,75.25270094275473,0.0,0.0,1468.267616307735,0.0,0.0,0.0,0.0,0.0,0.0,0.0,15577.08502227068,0.0,0.0,0.0,0.0,0.0,0.0,0.0
1930,0.0,174.09653576910495,0.0,0.0,0.0,0.0,0.0,0.0,0.0,0.0,0.0,0.0,0.0,327.6903637647628,0.0,0.0,5242.552573144434,0.0,64.89348722249258,0.0,0.0,1334.24037707895,0.0,0.0,0.0,0.0,0.0,0.0,0.0,15189.547864127158,0.0,0.0,0.0,0.0,0.0,0.0,0.0
1931,0.0,154.4889642566442,0.0,0.0,0.0,0.0,0.0,0.0,0.0,0.0,0.0,0.0,0.0,310.5163976967334,0.0,0.0,4851.434271499514,0.0,55.632620382308886,0.0,0.0,1221.5203191362318,0.0,0.0,0.0,0.0,0.0,0.0,0.0,14862.874418842792,0.0,0.0,0.0,0.0,0.0,0.0,0.0
1932,0.0,138.36794230341906,0.0,0.0,0.0,0.0,0.0,0.0,0.0,0.0,0.0,0.0,0.0,295.3426606714725,0.0,0.0,4452.748457506298,0.0,52.86903504133216,0.0,0.0,1127.4292380206282,0.0,0.0,0.0,0.0,0.0,0.0,0.0,14591.950040078164,0.0,0.0,0.0,0.0,0.0,0.0,0.0
1933,0.0,124.35109929442406,0.0,0.0,0.0,0.0,0.0,0.0,0.0,0.0,0.0,0.0,0.0,284.10109861493106,0.0,0.0,4095.3473380058995,0.0,58.17971242219197,0.0,0.0,1047.0233093865215,0.0,0.0,0.0,0.0,0.0,0.0,0.0,14356.60543242693,0.0,0.0,0.0,0.0,0.0,0.0,0.0
1934,0.0,108.93049304187294,0.0,0.0,0.0,0.0,0.0,0.0,0.0,0.0,0.0,0.0,0.0,274.7128874063492,0.0,0.0,3814.6216833442427,0.0,71.13786838352665,0.0,0.0,978.2052472472191,0.0,0.0,0.0,0.0,0.0,0.0,0.0,14142.325472581386,0.0,0.0,0.0,0.0,0.0,0.0,0.0
1935,0.0,114.2681502565741,0.0,0.0,0.0,0.0,0.0,0.0,0.0,0.0,0.0,0.0,0.0,278.8564351618289,0.0,0.0,3895.081876695155,0.0,103.04085181355472,0.0,0.0,931.543907622993,0.0,0.0,0.0,0.0,0.0,0.0,0.0,13911.386750888825,0.0,0.0,0.0,0.0,0.0,0.0,0.0
1936,0.0,113.97069452404973,0.0,0.0,0.0,0.0,0.0,0.0,0.0,0.0,0.0,0.0,0.0,288.3193184196948,0.0,0.0,4004.4189535230375,0.0,134.57637093365187,0.0,0.0,908.0891823872919,0.0,0.0,0.0,0.0,0.0,0.0,0.0,13574.277170610429,0.0,0.0,0.0,0.0,0.0,0.0,0.0
1937,0.0,112.01461569517849,0.0,0.0,0.0,0.0,0.0,0.0,0.0,0.0,0.0,0.0,0.0,282.52841244935985,0.0,0.0,4061.4948064088812,0.0,155.5306104511021,0.0,0.0,868.6612049415701,0.0,0.0,0.0,0.0,0.0,0.0,0.0,13233.975275719165,0.0,0.0,0.0,0.0,0.0,0.0,0.0
1938,0.0,122.56856728792191,0.0,0.0,0.0,0.0,0.0,0.0,0.0,0.0,0.0,0.0,0.0,282.9566278457641,0.0,0.0,4138.119709670542,0.0,169.48891877830025,0.0,0.0,841.6801721222694,0.0,0.0,0.0,0.0,0.0,0.0,0.0,13058.947622919082,0.0,0.0,0.0,0.0,0.0,0.0,0.0
1939,0.0,119.52532910406589,0.0,0.0,0.0,0.0,0.0,0.0,0.0,0.0,0.0,0.0,0.0,298.35595023035995,0.0,0.0,4194.3274591714135,0.0,172.14407591521737,0.0,0.0,775.0607444822781,0.0,0.0,0.0,0.0,0.0,0.0,0.0,13403.162164402009,0.0,0.0,0.0,0.0,0.0,0.0,0.0
1940,0.0,117.11473056524989,0.0,0.0,0.0,0.0,0.0,0.0,0.0,0.0,0.0,0.0,0.0,316.9197893261908,0.0,0.0,4342.173010975121,0.0,177.84067678153508,0.0,0.0,697.8730663396416,0.0,0.0,0.0,0.0,0.0,0.0,0.0,13874.299779129029,0.0,0.0,0.0,0.0,0.0,0.0,0.0
1941,0.0,114.22601729929443,0.0,0.0,0.0,0.0,0.0,0.0,0.0,0.0,0.0,0.0,0.0,337.76678629517556,0.0,0.0,4592.856921210884,0.0,181.62574887871742,0.0,0.0,654.0114131480451,0.0,0.0,0.0,0.0,0.0,0.0,0.0,14366.23589490652,0.0,0.0,0.0,0.0,0.0,0.0,0.0
1942,0.0,108.27070930749177,0.0,0.0,0.0,0.0,0.0,0.0,0.0,0.0,0.0,0.0,0.0,363.9327600896358,0.0,0.0,4844.135124444962,0.0,191.59054685533044,0.0,0.0,628.1827939052127,0.0,0.0,0.0,0.0,0.0,0.0,0.0,14790.907757651807,0.0,0.0,0.0,0.0,0.0,0.0,0.0
1943,0.0,97.69171080440282,0.0,0.0,0.0,0.0,0.0,0.0,0.0,0.0,0.0,0.0,0.0,397.6424939155578,0.0,0.0,5004.185463085769,0.0,214.27774058878404,0.0,0.0,602.0840759564184,0.0,0.0,0.0,0.0,0.0,0.0,0.0,15039.160482931136,0.0,0.0,0.0,0.0,0.0,0.0,0.0
1944,0.0,117.58753571212286,0.0,0.0,0.0,0.0,0.0,0.0,0.0,0.0,0.0,0.0,0.0,438.6357228398323,0.0,0.0,5352.9059376716605,0.0,274.55112071037274,0.0,0.0,1179.1256080828605,0.0,0.0,0.0,0.0,0.0,0.0,0.0,15454.609782028198,0.0,0.0,0.0,0.0,0.0,0.0,0.0
1945,0.0,139.44092641174788,0.0,0.0,0.0,0.0,0.0,0.0,0.0,0.0,0.0,0.0,0.0,484.40836642980577,0.0,0.0,5677.752791300414,0.0,344.42159736752507,0.0,0.0,1681.6100955471397,0.0,0.0,0.0,0.0,0.0,0.0,0.0,15697.455678117276,0.0,0.0,0.0,0.0,0.0,0.0,0.0
1946,0.0,165.75262506902214,0.0,0.0,0.0,0.0,0.0,0.0,0.0,0.0,0.0,0.0,0.0,530.7156179547309,0.0,0.0,5986.8718829751015,0.0,416.0618428468704,0.0,0.0,2162.6257285192605,0.0,0.0,0.0,0.0,0.0,0.0,0.0,15871.167061638833,0.0,0.0,0.0,0.0,0.0,0.0,0.0
1947,0.0,197.55876435935488,0.0,0.0,0.0,0.0,0.0,0.0,0.0,0.0,0.0,0.0,0.0,574.0408296465873,0.0,0.0,6336.69071058929,0.0,481.6448406696318,0.0,0.0,2636.4198069065806,0.0,0.0,0.0,0.0,0.0,0.0,0.0,16085.827437770367,0.0,0.0,0.0,0.0,0.0,0.0,0.0
1948,0.0,227.29879657030096,0.0,0.0,0.0,0.0,0.0,0.0,0.0,0.0,0.0,0.0,0.0,614.6174553394318,0.0,0.0,6737.740861713884,0.0,542.961019706726,0.0,0.0,2984.44620923996,0.0,0.0,0.0,0.0,0.0,0.0,0.0,16231.749628567695,0.0,0.0,0.0,0.0,0.0,0.0,0.0
1949,0.0,257.6293354690075,0.0,0.0,0.0,0.0,0.0,0.0,0.0,0.0,0.0,0.0,0.0,650.1733216404914,0.0,0.0,7178.150866985319,0.0,603.0195145726203,0.0,0.0,3348.4637265533206,0.0,0.0,0.0,0.0,0.0,0.0,0.0,16366.50088789463,0.0,0.0,0.0,0.0,0.0,0.0,0.0
1950,0.0,275.14699446558944,0.0,0.0,0.0,0.0,0.0,0.0,0.0,0.0,0.0,0.0,0.0,681.1244040966034,0.0,0.0,7389.952535510061,0.0,641.8972207784652,0.0,0.0,3348.879111644625,0.0,0.0,0.0,0.0,0.0,0.0,0.0,16147.793345344067,0.0,0.0,0.0,0.0,0.0,0.0,0.0
1951,0.0,286.90763760209086,0.0,0.0,0.0,0.0,0.0,0.0,0.0,0.0,0.0,0.0,0.0,709.9525227546691,0.0,0.0,7607.825482636688,0.0,666.5034277319907,0.0,0.0,3348.988104817271,0.0,0.0,0.0,0.0,0.0,0.0,0.0,15976.990772283078,0.0,0.0,0.0,0.0,0.0,0.0,0.0
1952,0.0,292.2174984276295,0.0,0.0,0.0,0.0,0.0,0.0,0.0,0.0,0.0,0.0,0.0,729.1371643304825,0.0,0.0,7816.392765969036,0.0,669.8341121435164,0.0,0.0,3341.5783856302496,0.0,0.0,0.0,0.0,0.0,0.0,0.0,15810.767659151554,0.0,0.0,0.0,0.0,0.0,0.0,0.0
1953,0.0,290.15805462598803,0.0,0.0,0.0,0.0,0.0,0.0,0.0,0.0,0.0,0.0,0.0,739.7368292212485,0.0,0.0,7974.421808332205,0.0,651.1068598866461,0.0,0.0,3271.9269041687244,0.0,0.0,0.0,0.0,0.0,0.0,0.0,15537.398780298234,0.0,0.0,0.0,0.0,0.0,0.0,0.0
1954,0.0,288.3330179214477,0.0,0.0,0.0,0.0,0.0,0.0,0.0,0.0,0.0,0.0,0.0,737.6497779488562,0.0,0.0,7698.50572645664,0.0,632.0099794983864,0.0,0.0,3301.4386222153903,0.0,0.0,0.0,0.0,0.0,0.0,0.0,15348.01222076416,0.0,0.0,0.0,0.0,0.0,0.0,0.0
1955,0.0,298.27462831735613,0.0,0.0,0.0,0.0,0.0,0.0,0.0,0.0,0.0,0.0,0.0,744.0934086441994,0.0,0.0,7400.627251237631,0.0,625.3192064166068,0.0,0.0,3321.9798993945124,0.0,0.0,0.0,0.0,0.0,0.0,0.0,15124.762825977803,0.0,0.0,0.0,0.0,0.0,0.0,0.0
1956,0.0,312.8458279788494,0.0,0.0,0.0,0.0,0.0,0.0,0.0,0.0,0.0,0.0,0.0,760.9247261762619,0.0,0.0,7107.1180741488915,0.0,632.8137947082519,0.0,0.0,3311.0445538312197,0.0,0.0,0.0,0.0,0.0,0.0,0.0,14900.995602178573,0.0,0.0,0.0,0.0,0.0,0.0,0.0
1957,0.0,326.76368975043295,0.0,0.0,0.0,0.0,0.0,0.0,0.0,0.0,0.0,0.0,0.0,778.787822675705,0.0,0.0,6878.568855553864,0.0,647.1962120413779,0.0,0.0,3265.1759881585836,0.0,0.0,0.0,0.0,0.0,0.0,0.0,14684.496788406372,0.0,0.0,0.0,0.0,0.0,0.0,0.0
1958,0.0,337.3591149866581,0.0,0.0,0.0,0.0,0.0,0.0,0.0,0.0,0.0,0.0,0.0,790.4147830724717,0.0,0.0,6710.6079637110215,0.0,663.8887607336043,0.0,0.0,3202.98327281177,0.0,0.0,0.0,0.0,0.0,0.0,0.0,14485.767609894276,0.0,0.0,0.0,0.0,0.0,0.0,0.0
1959,0.0,335.25570757985116,0.0,0.0,0.0,0.0,0.0,0.0,0.0,0.0,0.0,0.0,0.0,804.7928850412369,0.0,0.0,7043.685075283049,0.0,695.4040199637413,0.0,0.0,3352.3726455867286,0.0,0.0,0.0,0.0,0.0,0.0,0.0,14006.949346959591,0.0,0.0,0.0,0.0,0.0,0.0,0.0
1960,0.0,325.22942445874213,0.0,0.0,0.0,0.0,0.0,0.0,0.0,0.0,0.0,0.0,0.0,808.990391254425,0.0,0.0,7363.153343915939,0.0,714.9136863470078,0.0,0.0,3498.8316158115863,0.0,0.0,0.0,0.0,0.0,0.0,0.0,13294.03331606388,0.0,0.0,0.0,0.0,0.0,0.0,0.0
1961,0.0,317.83568313717836,0.0,0.0,0.0,0.0,0.0,0.0,0.0,0.0,0.0,0.0,0.0,799.0429354906082,0.0,0.0,7594.523898512123,0.0,707.9093666434288,0.0,0.0,3700.7375322729345,0.0,0.0,0.0,0.0,0.0,0.0,0.0,12462.553245067596,0.0,0.0,0.0,0.0,0.0,0.0,0.0
1962,0.0,316.4368998169899,0.0,0.0,0.0,0.0,0.0,0.0,0.0,0.0,0.0,0.0,0.0,787.776445388794,0.0,0.0,7797.355943262577,0.0,706.8299457907675,0.0,0.0,3885.763131120801,0.0,0.0,0.0,0.0,0.0,0.0,0.0,11571.86492295861,0.0,0.0,0.0,0.0,0.0,0.0,0.0
1963,0.0,345.3666634261608,0.0,0.0,0.0,0.0,0.0,0.0,0.0,0.0,0.0,0.0,0.0,781.1323143005371,0.0,0.0,7852.251814305782,0.0,696.5935289382935,0.0,0.0,3904.6265189588066,0.0,0.0,0.0,0.0,0.0,0.0,0.0,11169.822043430806,0.0,0.0,0.0,0.0,0.0,0.0,0.0
1964,0.0,375.4802740573883,0.0,0.0,0.0,0.0,0.0,0.0,0.0,0.0,0.0,0.0,0.0,766.0189246654511,0.0,0.0,7903.466802537441,0.0,685.7629800677298,0.0,0.0,3907.649565705657,0.0,0.0,0.0,0.0,0.0,0.0,0.0,10743.141785198448,0.0,0.0,0.0,0.0,0.0,0.0,0.0
1965,0.0,400.7536236226559,0.0,0.0,0.0,0.0,0.0,0.0,0.0,0.0,0.0,0.0,0.0,742.8765523910522,0.0,0.0,7947.710516095161,0.0,670.4296669483184,0.0,0.0,3892.2512524813415,0.0,0.0,0.0,0.0,0.0,0.0,0.0,10288.307105678317,0.0,0.0,0.0,0.0,0.0,0.0,0.0
1966,0.0,419.46601533293716,0.0,0.0,0.0,0.0,0.0,0.0,0.0,0.0,0.0,0.0,0.0,720.2290645837784,0.0,0.0,7997.060171067715,0.0,664.0015165805816,0.0,0.0,3865.376866453886,0.0,0.0,0.0,0.0,0.0,0.0,0.0,9822.088143348692,0.0,0.0,0.0,0.0,0.0,0.0,0.0
1967,0.0,432.79835034012797,0.0,0.0,0.0,0.0,0.0,0.0,0.0,0.0,0.0,0.0,0.0,707.7206556797028,0.0,0.0,8058.700956493616,0.0,677.8180797815323,0.0,0.0,3839.7746729582545,0.0,0.0,0.0,0.0,0.0,0.0,0.0,9380.806698048113,0.0,0.0,0.0,0.0,0.0,0.0,0.0
1968,0.0,438.36683050990104,0.0,0.0,0.0,0.0,0.0,0.0,0.0,0.0,0.0,0.0,0.0,704.404732477665,0.0,0.0,8113.809964030981,0.0,737.4605280995368,0.0,0.0,3865.375958177447,0.0,0.0,0.0,0.0,0.0,0.0,0.0,9056.536529034374,0.0,0.0,0.0,0.0,0.0,0.0,0.0
1969,0.0,439.6519593536853,0.0,0.0,0.0,0.0,0.0,0.0,0.0,0.0,0.0,0.0,0.0,715.8706917762755,0.0,0.0,8110.153195202351,0.0,811.9373063802719,0.0,0.0,3847.3666529506445,0.0,0.0,0.0,0.0,0.0,0.0,0.0,8772.440778785942,0.0,0.0,0.0,0.0,0.0,0.0,0.0
1970,0.0,440.99280722737313,0.0,0.0,0.0,0.0,0.0,0.0,0.0,0.0,0.0,0.0,0.0,736.5620453834533,0.0,0.0,8079.771910339594,0.0,886.9185811161993,0.0,0.0,3801.88713235259,0.0,0.0,0.0,0.0,0.0,0.0,0.0,8570.916336119175,0.0,0.0,0.0,0.0,0.0,0.0,0.0
1971,0.0,447.63925142884256,0.0,0.0,0.0,0.0,0.0,0.0,0.0,0.0,0.0,0.0,0.0,758.7155454158783,0.0,0.0,8047.291931092739,0.0,948.6055739402769,0.0,0.0,3753.9664674460882,0.0,0.0,0.0,0.0,0.0,0.0,0.0,8465.86213674545,0.0,0.0,0.0,0.0,0.0,0.0,0.0
1972,0.0,455.4064729750156,0.0,0.0,0.0,0.0,0.0,0.0,0.0,0.0,0.0,0.0,0.0,784.7683118104935,0.0,0.0,7993.817229300737,0.0,998.9199361562729,0.0,0.0,3655.2676999568935,0.0,0.0,0.0,0.0,0.0,0.0,0.0,8392.697815155982,0.0,0.0,0.0,0.0,0.0,0.0,0.0
1973,0.0,463.16567053198816,0.0,0.0,0.0,0.0,0.0,0.0,0.0,0.0,0.0,0.0,0.0,800.2442341327667,0.0,0.0,7942.375880777836,0.0,1020.39334461689,0.0,0.0,3090.8507940351965,0.0,0.0,0.0,0.0,0.0,0.0,0.0,8299.352626562119,0.0,0.0,0.0,0.0,0.0,0.0,0.0
1974,0.0,462.4496276915073,0.0,0.0,0.0,0.0,0.0,0.0,0.0,0.0,0.0,0.0,0.0,820.6090124130249,0.0,0.0,7681.860855281351,0.0,1031.4545627832413,0.0,0.0,3011.3962849706413,0.0,0.0,0.0,0.0,0.0,0.0,0.0,7982.369671422242,0.0,0.0,0.0,0.0,0.0,0.0,0.0
1975,0.0,466.04796600937846,0.0,0.0,0.0,0.0,0.0,0.0,0.0,0.0,0.0,0.0,0.0,843.8099386930465,0.0,0.0,7465.856352895498,0.0,1038.7763417720794,0.0,0.0,2964.306087487936,0.0,0.0,0.0,0.0,0.0,0.0,0.0,7681.625284475088,0.0,0.0,0.0,0.0,0.0,0.0,0.0
1976,0.0,464.8929043471813,0.0,0.0,0.0,0.0,0.0,0.0,0.0,0.0,0.0,0.0,0.0,866.4177030324936,0.0,0.0,7284.618768781424,0.0,1040.3701000213623,0.0,0.0,2925.2256771594284,0.0,0.0,0.0,0.0,0.0,0.0,0.0,7357.920677316189,0.0,0.0,0.0,0.0,0.0,0.0,0.0
1977,0.0,459.90686479210854,0.0,0.0,0.0,0.0,0.0,0.0,0.0,0.0,0.0,0.0,0.0,883.8325430631637,0.0,0.0,7121.844716876745,0.0,1031.619843173027,0.0,0.0,2859.279963567853,0.0,0.0,0.0,0.0,0.0,0.0,0.0,6987.9709017634395,0.0,0.0,0.0,0.0,0.0,0.0,0.0
1978,0.0,454.0706190526485,0.0,0.0,0.0,0.0,0.0,0.0,0.0,0.0,0.0,0.0,0.0,871.5881203651428,0.0,0.0,6709.2420232593995,0.0,998.1665705919265,0.0,0.0,2804.1239685505625,0.0,0.0,0.0,0.0,0.0,0.0,0.0,6682.050394362212,0.0,0.0,0.0,0.0,0.0,0.0,0.0
1979,0.0,448.151327830553,0.0,0.0,0.0,0.0,0.0,0.0,0.0,0.0,0.0,0.0,0.0,854.084866476059,0.0,0.0,6306.0686748325825,0.0,958.8032791376113,0.0,0.0,2750.4890338093037,0.0,0.0,0.0,0.0,0.0,0.0,0.0,6389.437947946787,0.0,0.0,0.0,0.0,0.0,0.0,0.0
1980,0.0,434.52398496866226,0.0,0.0,0.0,0.0,0.0,0.0,0.0,0.0,0.0,0.0,0.0,833.6661073207855,0.0,0.0,5875.520121768117,0.0,917.9563175559044,0.0,0.0,2704.222643056512,0.0,0.0,0.0,0.0,0.0,0.0,0.0,6124.031051778792,0.0,0.0,0.0,0.0,0.0,0.0,0.0
1981,0.0,411.0549949049949,0.0,0.0,0.0,0.0,0.0,0.0,0.0,0.0,0.0,0.0,0.0,806.0818801879883,0.0,0.0,5450.187578782439,0.0,882.1039894461632,0.0,0.0,2663.200943219662,0.0,0.0,0.0,0.0,0.0,0.0,0.0,5873.853101873396,0.0,0.0,0.0,0.0,0.0,0.0,0.0
1982,0.0,388.59812166094775,0.0,0.0,0.0,0.0,0.0,0.0,0.0,0.0,0.0,0.0,0.0,767.752230834961,0.0,0.0,5017.765135884284,0.0,846.5192045211791,0.0,0.0,2625.7620911747217,0.0,0.0,0.0,0.0,0.0,0.0,0.0,5628.008353826403,0.0,0.0,0.0,0.0,0.0,0.0,0.0
1983,0.0,376.6332315266132,0.0,0.0,0.0,0.0,0.0,0.0,0.0,0.0,0.0,0.0,0.0,733.4405699014662,0.0,0.0,4983.6290705204,0.0,827.3265824437141,0.0,0.0,2629.595623263717,0.0,0.0,0.0,0.0,0.0,0.0,0.0,4997.258624580501,0.0,0.0,0.0,0.0,0.0,0.0,0.0
1984,0.0,365.1615081131458,0.0,0.0,0.0,0.0,0.0,0.0,0.0,0.0,0.0,0.0,0.0,696.00667129755,0.0,0.0,4938.515697836874,0.0,807.4355499386787,0.0,0.0,2667.1137981176375,0.0,0.0,0.0,0.0,0.0,0.0,0.0,4652.634737816452,0.0,0.0,0.0,0.0,0.0,0.0,0.0
1985,0.0,360.05872793197625,0.0,0.0,0.0,0.0,0.0,0.0,0.0,0.0,0.0,0.0,0.0,661.9285987019538,0.0,0.0,4925.112601622937,0.0,772.3575734972952,0.0,0.0,2727.934107765555,0.0,0.0,0.0,0.0,0.0,0.0,0.0,4367.45993604958,0.0,0.0,0.0,0.0,0.0,0.0,0.0
1986,0.0,352.43223481178285,0.0,0.0,0.0,0.0,0.0,0.0,0.0,0.0,0.0,0.0,0.0,627.6918115735054,0.0,0.0,4875.899851843714,0.0,744.0517653942109,0.0,0.0,2773.448445627093,0.0,0.0,0.0,0.0,0.0,0.0,0.0,4160.485270699859,0.0,0.0,0.0,0.0,0.0,0.0,0.0
1987,0.0,336.40358693003657,0.0,0.0,0.0,0.0,0.0,0.0,0.0,0.0,0.0,0.0,0.0,607.154644203186,0.0,0.0,4762.477788522838,0.0,710.0391597867012,0.0,0.0,2708.5302954465146,0.0,0.0,0.0,0.0,0.0,0.0,0.0,4017.467189401387,0.0,0.0,0.0,0.0,0.0,0.0,0.0
1988,0.0,324.36238473057745,0.0,0.0,0.0,0.0,0.0,0.0,0.0,0.0,0.0,0.0,0.0,587.6617646574974,0.0,0.0,4648.569945126771,0.0,680.2598189115524,0.0,0.0,2656.4473023802043,0.0,0.0,0.0,0.0,0.0,0.0,0.0,3940.674086984992,0.0,0.0,0.0,0.0,0.0,0.0,0.0
1989,0.0,314.86416987776755,0.0,0.0,0.0,0.0,0.0,0.0,0.0,0.0,0.0,0.0,0.0,565.573633491993,0.0,0.0,4537.773194462059,0.0,652.376163482666,0.0,0.0,2580.0754835486414,0.0,0.0,0.0,0.0,0.0,0.0,0.0,3889.1370821565383,0.0,0.0,0.0,0.0,0.0,0.0,0.0
1990,0.0,303.3476131260395,0.0,0.0,0.0,0.0,0.0,0.0,0.0,0.0,0.0,0.0,0.0,545.3018870353699,0.0,0.0,4428.304268598555,0.0,624.9748327493668,0.0,0.0,2546.24127793014,0.0,0.0,0.0,0.0,0.0,0.0,0.0,3786.324879905581,0.0,0.0,0.0,0.0,0.0,0.0,0.0
1991,0.0,281.3874977588654,0.0,0.0,0.0,0.0,0.0,0.0,0.0,0.0,0.0,0.0,0.0,529.5555671572686,0.0,0.0,4331.652313590048,0.0,594.9621548533439,0.0,0.0,2518.491616174578,0.0,0.0,0.0,0.0,0.0,0.0,0.0,3617.9147347420453,0.0,0.0,0.0,0.0,0.0,0.0,0.0
1992,0.0,265.3339362323284,0.0,0.0,0.0,0.0,0.0,0.0,0.0,0.0,0.0,0.0,0.0,517.388170325756,0.0,0.0,4336.012277275324,0.0,581.6021283388138,0.0,0.0,2595.7529403984545,0.0,0.0,0.0,0.0,0.0,0.0,0.0,3720.145825803278,0.0,0.0,0.0,0.0,0.0,0.0,0.0
1993,0.0,256.0868778526783,0.0,0.0,0.0,0.0,0.0,0.0,0.0,0.0,0.0,0.0,0.0,509.1380633711815,0.0,0.0,4363.698630079625,0.0,562.221757698059,0.0,0.0,3001.039814257622,0.0,0.0,0.0,0.0,0.0,0.0,0.0,3843.89755795598,0.0,0.0,0.0,0.0,0.0,0.0,0.0
1994,0.0,249.46209281086917,0.0,0.0,0.0,0.0,0.0,0.0,0.0,0.0,0.0,0.0,0.0,501.47762125730515,0.0,0.0,4421.66592246294,0.0,540.4133422493934,0.0,0.0,3395.094336158037,0.0,0.0,0.0,0.0,0.0,0.0,0.0,3964.215418386458,0.0,0.0,0.0,0.0,0.0,0.0,0.0
1995,0.0,244.08021247386932,0.0,0.0,0.0,0.0,0.0,0.0,0.0,0.0,0.0,0.0,0.0,491.22811470031735,0.0,0.0,4499.440129265188,0.0,519.2442322969437,0.0,0.0,3674.103233984112,0.0,0.0,0.0,0.0,0.0,0.0,0.0,4060.50774835944,0.0,0.0,0.0,0.0,0.0,0.0,0.0
1996,0.0,239.64275005459785,0.0,0.0,0.0,0.0,0.0,0.0,0.0,0.0,0.0,0.0,0.0,478.68531764745705,0.0,0.0,4611.472138151525,0.0,502.4072707533835,0.0,0.0,3860.130964502692,0.0,0.0,0.0,0.0,0.0,0.0,0.0,4135.6207993835205,0.0,0.0,0.0,0.0,0.0,0.0,0.0
1997,0.0,235.98392320275306,0.0,0.0,0.0,0.0,0.0,0.0,0.0,0.0,0.0,0.0,0.0,453.3273980975151,0.0,0.0,4891.6124453246575,0.0,470.8749973654746,0.0,0.0,3796.4392902731893,0.0,0.0,0.0,0.0,0.0,0.0,0.0,4195.399674925206,0.0,0.0,0.0,0.0,0.0,0.0,0.0
1998,0.0,230.17508808374404,0.0,0.0,0.0,0.0,0.0,0.0,0.0,0.0,0.0,0.0,0.0,427.3305404663086,0.0,0.0,4932.503926321863,0.0,415.1918680548668,0.0,0.0,3664.476714769006,0.0,0.0,0.0,0.0,0.0,0.0,0.0,3892.044807779788,0.0,0.0,0.0,0.0,0.0,0.0,0.0
1999,0.0,223.8092450290918,0.0,0.0,0.0,0.0,0.0,0.0,0.0,0.0,0.0,0.0,0.0,397.6793031334876,0.0,0.0,4989.4607650339585,0.0,357.49318351745603,0.0,0.0,3537.0467414528125,0.0,0.0,0.0,0.0,0.0,0.0,0.0,3643.534976056218,0.0,0.0,0.0,0.0,0.0,0.0,0.0
2000,0.0,217.23559187650673,0.0,0.0,0.0,0.0,0.0,0.0,0.0,0.0,0.0,0.0,0.0,362.07855738401406,0.0,0.0,5058.467205435038,0.0,305.98842308521256,0.0,0.0,3417.8088160961865,0.0,0.0,0.0,0.0,0.0,0.0,0.0,3445.9763370096684,0.0,0.0,0.0,0.0,0.0,0.0,0.0
2001,0.0,209.64743715226643,0.0,0.0,0.0,0.0,0.0,0.0,0.0,0.0,0.0,0.0,0.0,329.33911185264583,0.0,0.0,5130.261533409356,0.0,271.2476767361163,0.0,0.0,3308.5016825616353,0.0,0.0,0.0,0.0,0.0,0.0,0.0,3291.772859743236,0.0,0.0,0.0,0.0,0.0,0.0,0.0
2002,0.0,186.2864903837442,0.0,0.0,0.0,0.0,0.0,0.0,0.0,0.0,0.0,0.0,0.0,281.03586815595617,0.0,0.0,4933.857420846819,0.0,246.53689495921134,0.0,0.0,3255.3187667280436,0.0,0.0,0.0,0.0,0.0,0.0,0.0,3253.852009698748,0.0,0.0,0.0,0.0,0.0,0.0,0.0
2003,0.0,167.5431810647249,0.0,0.0,0.0,0.0,0.0,0.0,0.0,0.0,0.0,0.0,0.0,246.40278787612914,0.0,0.0,4701.779004171489,0.0,231.0552711457013,0.0,0.0,3191.3591509491202,0.0,0.0,0.0,0.0,0.0,0.0,0.0,3211.936427038906,0.0,0.0,0.0,0.0,0.0,0.0,0.0
2004,0.0,151.55566314160825,0.0,0.0,0.0,0.0,0.0,0.0,0.0,0.0,0.0,0.0,0.0,229.49065595269192,0.0,0.0,4445.110547885298,0.0,227.51471087336535,0.0,0.0,3115.907113391161,0.0,0.0,0.0,0.0,0.0,0.0,0.0,3166.0460004478687,0.0,0.0,0.0,0.0,0.0,0.0,0.0
2005,0.0,137.6989071339368,0.0,0.0,0.0,0.0,0.0,0.0,0.0,0.0,0.0,0.0,0.0,221.1877786576747,0.0,0.0,4150.851114779709,0.0,238.45517001748078,0.0,0.0,3042.5659102767704,0.0,0.0,0.0,0.0,0.0,0.0,0.0,3128.6867345213877,0.0,0.0,0.0,0.0,0.0,0.0,0.0
2006,0.0,131.87069941163062,0.0,0.0,0.0,0.0,0.0,0.0,0.0,0.0,0.0,0.0,0.0,211.2957160592079,0.0,0.0,3800.893437296151,0.0,238.59503291547298,0.0,0.0,2971.5290044873955,0.0,0.0,0.0,0.0,0.0,0.0,0.0,3119.1549922376867,0.0,0.0,0.0,0.0,0.0,0.0,0.0
2007,0.0,118.90361022055143,0.0,0.0,0.0,0.0,0.0,0.0,0.0,0.0,0.0,0.0,0.0,210.6505235493182,0.0,0.0,3703.9501698166123,0.0,258.8288829147814,0.0,0.0,3025.8284948229784,0.0,0.0,0.0,0.0,0.0,0.0,0.0,3057.003577482699,0.0,0.0,0.0,0.0,0.0,0.0,0.0
2008,0.0,107.76218899190421,0.0,0.0,0.0,0.0,0.0,0.0,0.0,0.0,0.0,0.0,0.0,204.84020419120787,0.0,0.0,3602.8838001936665,0.0,278.82813613414754,0.0,0.0,3080.0577451139684,0.0,0.0,0.0,0.0,0.0,0.0,0.0,2944.2716228008267,0.0,0.0,0.0,0.0,0.0,0.0,0.0
2009,0.0,102.55732038170093,0.0,0.0,0.0,0.0,0.0,0.0,0.0,0.0,0.0,0.0,0.0,185.39213684201235,0.0,0.0,3544.89667211473,0.0,271.580905240774,0.0,0.0,3156.893693205714,0.0,0.0,0.0,0.0,0.0,0.0,0.0,2840.8334694176892,0.0,0.0,0.0,0.0,0.0,0.0,0.0
2010,0.0,100.39144649952642,0.0,0.0,0.0,0.0,0.0,0.0,0.0,0.0,0.0,0.0,0.0,178.19192203879354,0.0,0.0,3497.0899231135836,0.0,275.84407813549035,0.0,0.0,3210.46474583745,0.0,0.0,0.0,0.0,0.0,0.0,0.0,2766.3678854659197,0.0,0.0,0.0,0.0,0.0,0.0,0.0
2011,0.0,105.25317734777924,0.0,0.0,0.0,0.0,0.0,0.0,0.0,0.0,0.0,0.0,0.0,187.8242801368236,0.0,0.0,3511.9005758464323,0.0,270.48215820193286,0.0,0.0,3136.0311889261006,0.0,0.0,0.0,0.0,0.0,0.0,0.0,2872.5796062573772,0.0,0.0,0.0,0.0,0.0,0.0,0.0
2012,0.0,114.02284343987698,0.0,0.0,0.0,0.0,0.0,0.0,0.0,0.0,0.0,0.0,0.0,203.94602265357972,0.0,0.0,3539.0295844972134,0.0,264.56876021027557,0.0,0.0,3048.56295684278,0.0,0.0,0.0,0.0,0.0,0.0,0.0,2983.707990577815,0.0,0.0,0.0,0.0,0.0,0.0,0.0
2013,0.0,122.76822714507577,0.0,0.0,0.0,0.0,0.0,0.0,0.0,0.0,0.0,0.0,0.0,227.31072977781287,0.0,0.0,3510.0430212914935,0.0,259.8639009654521,0.0,0.0,2959.1434442102905,0.0,0.0,0.0,0.0,0.0,0.0,0.0,3089.349086940288,0.0,0.0,0.0,0.0,0.0,0.0,0.0
2014,0.0,131.17292096614835,0.0,0.0,0.0,0.0,0.0,0.0,0.0,0.0,0.0,0.0,0.0,257.8068978250027,0.0,0.0,3429.6003300249577,0.0,266.56003913879397,0.0,0.0,2929.930549111962,0.0,0.0,0.0,0.0,0.0,0.0,0.0,3258.1175900310263,0.0,0.0,0.0,0.0,0.0,0.0,0.0
2015,0.0,140.01121881902216,0.0,0.0,0.0,0.0,0.0,0.0,0.0,0.0,0.0,0.0,0.0,294.10083153843874,0.0,0.0,3290.247567430137,0.0,294.65651974678036,0.0,0.0,2983.778626057506,0.0,0.0,0.0,0.0,0.0,0.0,0.0,3591.195914837718,0.0,0.0,0.0,0.0,0.0,0.0,0.0
2016,0.0,179.48593508899208,0.0,0.0,0.0,0.0,0.0,0.0,0.0,0.0,0.0,0.0,0.0,335.6557260870932,0.0,0.0,3259.942513868212,0.0,362.1964124858379,0.0,0.0,3445.68684758842,0.0,0.0,0.0,0.0,0.0,0.0,0.0,4385.1825616925935,0.0,0.0,0.0,0.0,0.0,0.0,0.0
2017,0.0,223.1199114114046,0.0,0.0,0.0,0.0,0.0,0.0,0.0,0.0,0.0,0.0,0.0,377.1477849245071,0.0,0.0,3226.58431892097,0.0,442.51793929934496,0.0,0.0,3900.5474494725468,0.0,0.0,0.0,0.0,0.0,0.0,0.0,5418.12632446587,0.0,0.0,0.0,0.0,0.0,0.0,0.0
2018,0.0,269.8412298023701,0.0,0.0,0.0,0.0,0.0,0.0,0.0,0.0,0.0,0.0,0.0,415.8687956213951,0.0,0.0,3196.9735147058964,0.0,521.9439108014105,0.0,0.0,4251.8669594138855,0.0,0.0,0.0,0.0,0.0,0.0,0.0,6593.435819697379,0.0,0.0,0.0,0.0,0.0,0.0,0.0
2019,0.0,319.3542651772499,0.0,0.0,0.0,0.0,0.0,0.0,0.0,0.0,0.0,0.0,0.0,450.06639729738237,0.0,0.0,3183.9371843934055,0.0,587.7378960371018,0.0,0.0,4421.152127578854,0.0,0.0,0.0,0.0,0.0,0.0,0.0,7649.548814672231,0.0,0.0,0.0,0.0,0.0,0.0,0.0
2020,0.0,366.94813628196715,0.0,0.0,0.0,0.0,0.0,0.0,0.0,0.0,0.0,0.0,0.0,482.3625181674957,0.0,0.0,3210.5726342648245,0.0,643.2318539977074,0.0,0.0,4451.265427386761,0.0,0.0,0.0,0.0,0.0,0.0,0.0,8533.043218916655,0.0,0.0,0.0,0.0,0.0,0.0,0.0
2021,0.0,400.88147438764565,0.0,0.0,0.0,0.0,0.0,0.0,0.0,0.0,0.0,0.0,0.0,495.3114719867706,0.0,0.0,3256.2666872143723,0.0,660.128454017639,0.0,0.0,4227.647162657975,0.0,0.0,0.0,0.0,0.0,0.0,0.0,9135.2610034883,0.0,0.0,0.0,0.0,0.0,0.0,0.0
2022,0.0,414.7787711799145,0.0,0.0,0.0,0.0,0.0,0.0,0.0,0.0,0.0,0.0,0.0,510.81613329648974,0.0,0.0,3231.8329995572544,0.0,660.4028147220612,0.0,0.0,4127.207834753394,0.0,0.0,0.0,0.0,0.0,0.0,0.0,9002.685204595326,0.0,0.0,0.0,0.0,0.0,0.0,0.0
2023,0.0,419.2063859760761,0.0,0.0,0.0,0.0,0.0,0.0,0.0,0.0,0.0,0.0,0.0,529.9672385811806,0.0,0.0,3214.1660066545,0.0,660.1411998152732,0.0,0.0,4013.7410978883504,0.0,0.0,0.0,0.0,0.0,0.0,0.0,8664.464750903844,0.0,0.0,0.0,0.0,0.0,0.0,0.0
2024,0.0,409.06010774374005,0.0,0.0,0.0,0.0,0.0,0.0,0.0,0.0,0.0,0.0,0.0,547.5186448454857,0.0,0.0,3203.247428551315,0.0,651.0332306742667,0.0,0.0,3879.564447185397,0.0,0.0,0.0,0.0,0.0,0.0,0.0,8213.675791352987,0.0,0.0,0.0,0.0,0.0,0.0,0.0
2025,0.0,400.0826946794986,0.0,0.0,0.0,0.0,0.0,0.0,0.0,0.0,0.0,0.0,0.0,560.637477016449,0.0,0.0,3203.7573226094246,0.0,627.5555899977683,0.0,0.0,3695.4011054366824,0.0,0.0,0.0,0.0,0.0,0.0,0.0,7749.211372578144,0.0,0.0,0.0,0.0,0.0,0.0,0.0
2026,0.0,389.0855649769306,0.0,0.0,0.0,0.0,0.0,0.0,0.0,0.0,0.0,0.0,0.0,557.3417293906211,0.0,0.0,3126.1775834113337,0.0,574.37816593647,0.0,0.0,3536.79726819098,0.0,0.0,0.0,0.0,0.0,0.0,0.0,7335.400177830456,0.0,0.0,0.0,0.0,0.0,0.0,0.0
2027,0.0,370.7042890727519,0.0,0.0,0.0,0.0,0.0,0.0,0.0,0.0,0.0,0.0,0.0,554.9332139372825,0.0,0.0,3065.347338959574,0.0,513.212505877018,0.0,0.0,3388.650114825368,0.0,0.0,0.0,0.0,0.0,0.0,0.0,6903.657345449924,0.0,0.0,0.0,0.0,0.0,0.0,0.0
2028,0.0,348.152671033144,0.0,0.0,0.0,0.0,0.0,0.0,0.0,0.0,0.0,0.0,0.0,548.384984087944,0.0,0.0,2953.8084999173857,0.0,449.1306666016579,0.0,0.0,3248.8052136272186,0.0,0.0,0.0,0.0,0.0,0.0,0.0,6490.1904057443135,0.0,0.0,0.0,0.0,0.0,0.0,0.0
2029,0.0,328.59122343063353,0.0,0.0,0.0,0.0,0.0,0.0,0.0,0.0,0.0,0.0,0.0,535.3208501458167,0.0,0.0,2774.940698027611,0.0,387.51540594100953,0.0,0.0,3123.112773138285,0.0,0.0,0.0,0.0,0.0,0.0,0.0,6132.99542414546,0.0,0.0,0.0,0.0,0.0,0.0,0.0
2030,0.0,313.3460086762905,0.0,0.0,0.0,0.0,0.0,0.0,0.0,0.0,0.0,0.0,0.0,515.6464800834656,0.0,0.0,2582.1641841530795,0.0,324.73171133399006,0.0,0.0,2979.902102217078,0.0,0.0,0.0,0.0,0.0,0.0,0.0,5820.695711705087,0.0,0.0,0.0,0.0,0.0,0.0,0.0
2031,0.0,290.4199003994465,0.0,0.0,0.0,0.0,0.0,0.0,0.0,0.0,0.0,0.0,0.0,499.324842441082,0.0,0.0,2552.7742951363316,0.0,281.3272313535213,0.0,0.0,3130.235779729485,0.0,0.0,0.0,0.0,0.0,0.0,0.0,5298.794219544529,0.0,0.0,0.0,0.0,0.0,0.0,0.0
2032,0.0,272.3048750460148,0.0,0.0,0.0,0.0,0.0,0.0,0.0,0.0,0.0,0.0,0.0,481.99720573425293,0.0,0.0,2511.806582838295,0.0,248.3455532848833,0.0,0.0,3299.650528666377,0.0,0.0,0.0,0.0,0.0,0.0,0.0,4711.885659196971,0.0,0.0,0.0,0.0,0.0,0.0,0.0
2033,0.0,254.0568927526474,0.0,0.0,0.0,0.0,0.0,0.0,0.0,0.0,0.0,0.0,0.0,442.7539166212082,0.0,0.0,2490.4859325885764,0.0,199.52013736367215,0.0,0.0,3447.6478164196014,0.0,0.0,0.0,0.0,0.0,0.0,0.0,4212.283359709381,0.0,0.0,0.0,0.0,0.0,0.0,0.0
2034,0.0,235.28514877259727,0.0,0.0,0.0,0.0,0.0,0.0,0.0,0.0,0.0,0.0,0.0,412.50754462480546,0.0,0.0,2471.6237417906523,0.0,151.90893651545048,0.0,0.0,3614.503950628638,0.0,0.0,0.0,0.0,0.0,0.0,0.0,3748.185254335403,0.0,0.0,0.0,0.0,0.0,0.0,0.0
2035,0.0,221.6526576519012,0.0,0.0,0.0,0.0,0.0,0.0,0.0,0.0,0.0,0.0,0.0,395.5605537891388,0.0,0.0,2651.2262422889453,0.0,116.51210023313752,0.0,0.0,3766.901232209801,0.0,0.0,0.0,0.0,0.0,0.0,0.0,3595.15629427135,0.0,0.0,0.0,0.0,0.0,0.0,0.0
2036,0.0,206.89786013960833,0.0,0.0,0.0,0.0,0.0,0.0,0.0,0.0,0.0,0.0,0.0,370.6666276574134,0.0,0.0,2762.54805548489,0.0,107.3389052137732,0.0,0.0,4062.9524236142634,0.0,0.0,0.0,0.0,0.0,0.0,0.0,3454.7899169892057,0.0,0.0,0.0,0.0,0.0,0.0,0.0
2037,0.0,193.14078676700592,0.0,0.0,0.0,0.0,0.0,0.0,0.0,0.0,0.0,0.0,0.0,333.4360540270805,0.0,0.0,2850.042919948697,0.0,117.68169019371256,0.0,0.0,4501.746826332806,0.0,0.0,0.0,0.0,0.0,0.0,0.0,3342.9970698118195,0.0,0.0,0.0,0.0,0.0,0.0,0.0
2038,0.0,179.8266880989074,0.0,0.0,0.0,0.0,0.0,0.0,0.0,0.0,0.0,0.0,0.0,292.19926106333725,0.0,0.0,2933.8110072463746,0.0,134.36710272133337,0.0,0.0,4856.087566468119,0.0,0.0,0.0,0.0,0.0,0.0,0.0,3252.8843348115684,0.0,0.0,0.0,0.0,0.0,0.0,0.0
2039,0.0,173.38958304226395,0.0,0.0,0.0,0.0,0.0,0.0,0.0,0.0,0.0,0.0,0.0,255.5513356566429,0.0,0.0,3036.3246047794814,0.0,143.34430887103065,0.0,0.0,5056.218105250597,0.0,0.0,0.0,0.0,0.0,0.0,0.0,3177.492842209337,0.0,0.0,0.0,0.0,0.0,0.0,0.0
2040,0.0,175.82903006672854,0.0,0.0,0.0,0.0,0.0,0.0,0.0,0.0,0.0,0.0,0.0,225.86974529027935,0.0,0.0,3280.024794414638,0.0,166.26667739152904,0.0,0.0,5183.6178026855,0.0,0.0,0.0,0.0,0.0,0.0,0.0,3432.23723399639,0.0,0.0,0.0,0.0,0.0,0.0,0.0
2041,0.0,181.1701311439275,0.0,0.0,0.0,0.0,0.0,0.0,0.0,0.0,0.0,0.0,0.0,207.04380304217335,0.0,0.0,3559.312166675923,0.0,171.72921502292152,0.0,0.0,5051.010048151015,0.0,0.0,0.0,0.0,0.0,0.0,0.0,3658.3726576596487,0.0,0.0,0.0,0.0,0.0,0.0,0.0
2042,0.0,186.18170157372953,0.0,0.0,0.0,0.0,0.0,0.0,0.0,0.0,0.0,0.0,0.0,194.42776864767066,0.0,0.0,3879.768330737947,0.0,168.94142748713483,0.0,0.0,4680.304285901784,0.0,0.0,0.0,0.0,0.0,0.0,0.0,3858.823111382125,0.0,0.0,0.0,0.0,0.0,0.0,0.0
2043,0.0,190.6700012952089,0.0,0.0,0.0,0.0,0.0,0.0,0.0,0.0,0.0,0.0,0.0,181.7757320582866,0.0,0.0,4251.677511379121,0.0,165.08079948723304,0.0,0.0,4446.632612031698,0.0,0.0,0.0,0.0,0.0,0.0,0.0,4039.8484680980428,0.0,0.0,0.0,0.0,0.0,0.0,0.0
2044,0.0,194.46214981377125,0.0,0.0,0.0,0.0,0.0,0.0,0.0,0.0,0.0,0.0,0.0,169.47365204691883,0.0,0.0,4672.912621945141,0.0,164.1349279165266,0.0,0.0,4358.012685424089,0.0,0.0,0.0,0.0,0.0,0.0,0.0,4190.430758398771,0.0,0.0,0.0,0.0,0.0,0.0,0.0
2045,0.0,197.61249141991135,0.0,0.0,0.0,0.0,0.0,0.0,0.0,0.0,0.0,0.0,0.0,157.3410692930221,0.0,0.0,5126.588040366768,0.0,172.77276979386804,0.0,0.0,4201.944755995272,0.0,0.0,0.0,0.0,0.0,0.0,0.0,4324.658041301369,0.0,0.0,0.0,0.0,0.0,0.0,0.0
2046,0.0,196.75100676119322,0.0,0.0,0.0,0.0,0.0,0.0,0.0,0.0,0.0,0.0,0.0,149.31659253239627,0.0,0.0,5211.618611350654,0.0,171.09142123758792,0.0,0.0,4179.11522770822,0.0,0.0,0.0,0.0,0.0,0.0,0.0,4115.642073732613,0.0,0.0,0.0,0.0,0.0,0.0,0.0
2047,0.0,195.79180338084694,0.0,0.0,0.0,0.0,0.0,0.0,0.0,0.0,0.0,0.0,0.0,139.1946180343627,0.0,0.0,5303.53216871619,0.0,169.48914108872398,0.0,0.0,4158.3916897237295,0.0,0.0,0.0,0.0,0.0,0.0,0.0,3943.003594318031,0.0,0.0,0.0,0.0,0.0,0.0,0.0
2048,0.0,194.74843228161333,0.0,0.0,0.0,0.0,0.0,0.0,0.0,0.0,0.0,0.0,0.0,126.09525529444213,0.0,0.0,5437.561575114726,0.0,163.560047981143,0.0,0.0,4115.8649758279325,0.0,0.0,0.0,0.0,0.0,0.0,0.0,3841.4255753219113,0.0,0.0,0.0,0.0,0.0,0.0,0.0
2049,0.0,193.62473712265486,0.0,0.0,0.0,0.0,0.0,0.0,0.0,0.0,0.0,0.0,0.0,114.84159910082806,0.0,0.0,5660.4813455045205,0.0,157.4918478310108,0.0,0.0,4093.1293027728793,0.0,0.0,0.0,0.0,0.0,0.0,0.0,3751.968805286287,0.0,0.0,0.0,0.0,0.0,0.0,0.0
2050,0.0,177.0957822918891,0.0,0.0,0.0,0.0,0.0,0.0,0.0,0.0,0.0,0.0,0.0,89.54434078335763,0.0,0.0,5657.723405942321,0.0,150.0318658620119,0.0,0.0,3989.5791280657054,0.0,0.0,0.0,0.0,0.0,0.0,0.0,3746.031129035352,0.0,0.0,0.0,0.0,0.0,0.0,0.0
2051,0.0,160.86893346011635,0.0,0.0,0.0,0.0,0.0,0.0,0.0,0.0,0.0,0.0,0.0,70.17771551012979,0.0,0.0,5642.577879995106,0.0,164.40334552228435,0.0,0.0,3888.43164729774,0.0,0.0,0.0,0.0,0.0,0.0,0.0,3692.397856897114,0.0,0.0,0.0,0.0,0.0,0.0,0.0
2052,0.0,146.94203768670556,0.0,0.0,0.0,0.0,0.0,0.0,0.0,0.0,0.0,0.0,0.0,58.43268315792072,0.0,0.0,5599.571758270262,0.0,186.76860412061203,0.0,0.0,3783.1454535573716,0.0,0.0,0.0,0.0,0.0,0.0,0.0,3604.4349078476416,0.0,0.0,0.0,0.0,0.0,0.0,0.0
2053,0.0,134.56921467483036,0.0,0.0,0.0,0.0,0.0,0.0,0.0,0.0,0.0,0.0,0.0,56.884017136693004,0.0,0.0,5517.583438485861,0.0,204.38840959072112,0.0,0.0,3697.442002594471,0.0,0.0,0.0,0.0,0.0,0.0,0.0,3508.0680857121943,0.0,0.0,0.0,0.0,0.0,0.0,0.0
2054,0.0,124.016925394535,0.0,0.0,0.0,0.0,0.0,0.0,0.0,0.0,0.0,0.0,0.0,62.87120904624456,0.0,0.0,5380.894882068038,0.0,219.53352952599505,0.0,0.0,3635.192065832018,0.0,0.0,0.0,0.0,0.0,0.0,0.0,3403.8575281590224,0.0,0.0,0.0,0.0,0.0,0.0,0.0
2055,0.0,108.97717806994909,0.0,0.0,0.0,0.0,0.0,0.0,0.0,0.0,0.0,0.0,0.0,80.34299464076746,0.0,0.0,5533.16262719035,0.0,252.48524014949788,0.0,0.0,3784.816076686978,0.0,0.0,0.0,0.0,0.0,0.0,0.0,3080.720652529597,0.0,0.0,0.0,0.0,0.0,0.0,0.0
2056,0.0,94.22787250131361,0.0,0.0,0.0,0.0,0.0,0.0,0.0,0.0,0.0,0.0,0.0,97.92597007751465,0.0,0.0,5649.38619081676,0.0,277.61959738731383,0.0,0.0,3926.618616369366,0.0,0.0,0.0,0.0,0.0,0.0,0.0,2802.630923283099,0.0,0.0,0.0,0.0,0.0,0.0,0.0
2057,0.0,79.83911338448519,0.0,0.0,0.0,0.0,0.0,0.0,0.0,0.0,0.0,0.0,0.0,111.27511765956868,0.0,0.0,5755.3613117039195,0.0,297.07626496553405,0.0,0.0,4045.0596805304285,0.0,0.0,0.0,0.0,0.0,0.0,0.0,2607.211945039033,0.0,0.0,0.0,0.0,0.0,0.0,0.0
2058,0.0,69.53805071711533,0.0,0.0,0.0,0.0,0.0,0.0,0.0,0.0,0.0,0.0,0.0,128.62075546383852,0.0,0.0,5830.401692926884,0.0,325.4720050454138,0.0,0.0,4213.624282720685,0.0,0.0,0.0,0.0,0.0,0.0,0.0,2469.1902628123744,0.0,0.0,0.0,0.0,0.0,0.0,0.0
2059,0.0,65.46425596922631,0.0,0.0,0.0,0.0,0.0,0.0,0.0,0.0,0.0,0.0,0.0,159.78798559308052,0.0,0.0,5881.94377566874,0.0,351.1898530423641,0.0,0.0,4192.237097418309,0.0,0.0,0.0,0.0,0.0,0.0,0.0,2685.3238480210284,0.0,0.0,0.0,0.0,0.0,0.0,0.0
2060,0.0,65.10511932671064,0.0,0.0,0.0,0.0,0.0,0.0,0.0,0.0,0.0,0.0,0.0,193.43652017116545,0.0,0.0,5906.307843923569,0.0,387.05113285183893,0.0,0.0,4211.464098590613,0.0,0.0,0.0,0.0,0.0,0.0,0.0,2863.8408800527445,0.0,0.0,0.0,0.0,0.0,0.0,0.0
2061,0.0,65.43264397680758,0.0,0.0,0.0,0.0,0.0,0.0,0.0,0.0,0.0,0.0,0.0,231.09746125936508,0.0,0.0,5911.960628241299,0.0,421.36018199920653,0.0,0.0,4229.628416329621,0.0,0.0,0.0,0.0,0.0,0.0,0.0,3019.3651467531913,0.0,0.0,0.0,0.0,0.0,0.0,0.0
2062,0.0,66.7064312204718,0.0,0.0,0.0,0.0,0.0,0.0,0.0,0.0,0.0,0.0,0.0,266.4743253648281,0.0,0.0,5906.23122368753,0.0,450.8132897377013,0.0,0.0,4245.168117919564,0.0,0.0,0.0,0.0,0.0,0.0,0.0,3133.59815467,0.0,0.0,0.0,0.0,0.0,0.0,0.0
2063,0.0,69.1711215466261,0.0,0.0,0.0,0.0,0.0,0.0,0.0,0.0,0.0,0.0,0.0,293.20696384310713,0.0,0.0,5896.285372540354,0.0,469.76608332991594,0.0,0.0,4246.028558465839,0.0,0.0,0.0,0.0,0.0,0.0,0.0,3271.9203368335957,0.0,0.0,0.0,0.0,0.0,0.0,0.0
2064,0.0,86.69470735341305,0.0,0.0,0.0,0.0,0.0,0.0,0.0,0.0,0.0,0.0,0.0,311.3479676961898,0.0,0.0,6135.3506212979555,0.0,501.22025165557864,0.0,0.0,4205.767388767004,0.0,0.0,0.0,0.0,0.0,0.0,0.0,3727.8868632882813,0.0,0.0,0.0,0.0,0.0,0.0,0.0
2065,0.0,118.1631727695465,0.0,0.0,0.0,0.0,0.0,0.0,0.0,0.0,0.0,0.0,0.0,317.5582566440105,0.0,0.0,6370.069908037782,0.0,521.9379825234412,0.0,0.0,3937.13191614747,0.0,0.0,0.0,0.0,0.0,0.0,0.0,4220.24968174398,0.0,0.0,0.0,0.0,0.0,0.0,0.0
2066,0.0,148.69013106822962,0.0,0.0,0.0,0.0,0.0,0.0,0.0,0.0,0.0,0.0,0.0,315.8590023636818,0.0,0.0,6599.453392654657,0.0,537.5977066278457,0.0,0.0,3460.3982010662558,0.0,0.0,0.0,0.0,0.0,0.0,0.0,4782.247122770546,0.0,0.0,0.0,0.0,0.0,0.0,0.0
2067,0.0,180.0185484141111,0.0,0.0,0.0,0.0,0.0,0.0,0.0,0.0,0.0,0.0,0.0,312.40711819529525,0.0,0.0,6819.806968539951,0.0,549.5575924515723,0.0,0.0,2844.441148629784,0.0,0.0,0.0,0.0,0.0,0.0,0.0,5357.202222329378,0.0,0.0,0.0,0.0,0.0,0.0,0.0
2068,0.0,209.82879053056237,0.0,0.0,0.0,0.0,0.0,0.0,0.0,0.0,0.0,0.0,0.0,303.59982907772064,0.0,0.0,7031.887114673853,0.0,567.9552917361258,0.0,0.0,2287.044008544087,0.0,0.0,0.0,0.0,0.0,0.0,0.0,5876.919213744997,0.0,0.0,0.0,0.0,0.0,0.0,0.0
2069,0.0,241.56640326976776,0.0,0.0,0.0,0.0,0.0,0.0,0.0,0.0,0.0,0.0,0.0,296.9235964059829,0.0,0.0,7243.503650039433,0.0,579.5043478965758,0.0,0.0,2114.4598289743058,0.0,0.0,0.0,0.0,0.0,0.0,0.0,6435.3164413273325,0.0,0.0,0.0,0.0,0.0,0.0,0.0
2070,0.0,278.66021116375924,0.0,0.0,0.0,0.0,0.0,0.0,0.0,0.0,0.0,0.0,0.0,290.5733337938785,0.0,0.0,7029.754971861839,0.0,567.4886769771576,0.0,0.0,1930.0827395036818,0.0,0.0,0.0,0.0,0.0,0.0,0.0,6874.287906366586,0.0,0.0,0.0,0.0,0.0,0.0,0.0
2071,0.0,313.9316476643085,0.0,0.0,0.0,0.0,0.0,0.0,0.0,0.0,0.0,0.0,0.0,280.799365568161,0.0,0.0,6818.161772608757,0.0,555.7623653054237,0.0,0.0,1732.7571097433568,0.0,0.0,0.0,0.0,0.0,0.0,0.0,7279.69378157854,0.0,0.0,0.0,0.0,0.0,0.0,0.0
2072,0.0,343.87588478922845,0.0,0.0,0.0,0.0,0.0,0.0,0.0,0.0,0.0,0.0,0.0,263.5435539126395,0.0,0.0,6618.466101378201,0.0,545.3888866662979,0.0,0.0,1518.4256688416,0.0,0.0,0.0,0.0,0.0,0.0,0.0,7612.753302538394,0.0,0.0,0.0,0.0,0.0,0.0,0.0
2073,0.0,357.7410014569759,0.0,0.0,0.0,0.0,0.0,0.0,0.0,0.0,0.0,0.0,0.0,240.7577737390994,0.0,0.0,6439.014507740736,0.0,537.3347874999047,0.0,0.0,1245.3488001264623,0.0,0.0,0.0,0.0,0.0,0.0,0.0,7849.729505515098,0.0,0.0,0.0,0.0,0.0,0.0,0.0
2074,0.0,346.70178789496424,0.0,0.0,0.0,0.0,0.0,0.0,0.0,0.0,0.0,0.0,0.0,197.1360483288764,0.0,0.0,6150.939144447446,0.0,514.2028839945792,0.0,0.0,1111.550446560234,0.0,0.0,0.0,0.0,0.0,0.0,0.0,7737.481388276816,0.0,0.0,0.0,0.0,0.0,0.0,0.0
2075,0.0,331.7042787373066,0.0,0.0,0.0,0.0,0.0,0.0,0.0,0.0,0.0,0.0,0.0,154.4586071372032,0.0,0.0,5870.911628484726,0.0,497.59807381629935,0.0,0.0,983.4780190430581,0.0,0.0,0.0,0.0,0.0,0.0,0.0,7620.347163760661,0.0,0.0,0.0,0.0,0.0,0.0,0.0
2076,0.0,320.53351103067394,0.0,0.0,0.0,0.0,0.0,0.0,0.0,0.0,0.0,0.0,0.0,116.7035133600234,0.0,0.0,5586.116544738411,0.0,487.52317289710027,0.0,0.0,892.0528049647808,0.0,0.0,0.0,0.0,0.0,0.0,0.0,7499.515813666581,0.0,0.0,0.0,0.0,0.0,0.0,0.0
2077,0.0,309.0188901364803,0.0,0.0,0.0,0.0,0.0,0.0,0.0,0.0,0.0,0.0,0.0,87.47217460274696,0.0,0.0,5293.080312862992,0.0,483.4483413934707,0.0,0.0,827.3272850789123,0.0,0.0,0.0,0.0,0.0,0.0,0.0,7357.485295939446,0.0,0.0,0.0,0.0,0.0,0.0,0.0
2078,0.0,299.6365461766719,0.0,0.0,0.0,0.0,0.0,0.0,0.0,0.0,0.0,0.0,0.0,67.81633804887522,0.0,0.0,4974.717009156942,0.0,478.60378227829915,0.0,0.0,767.0915270090097,0.0,0.0,0.0,0.0,0.0,0.0,0.0,7210.776959699391,0.0,0.0,0.0,0.0,0.0,0.0,0.0
2079,0.0,301.8342775404453,0.0,0.0,0.0,0.0,0.0,0.0,0.0,0.0,0.0,0.0,0.0,61.047684425115584,0.0,0.0,4855.718003883956,0.0,490.22581554055216,0.0,0.0,814.9046368472274,0.0,0.0,0.0,0.0,0.0,0.0,0.0,6782.242352879048,0.0,0.0,0.0,0.0,0.0,0.0,0.0
2080,0.0,302.0064285814762,0.0,0.0,0.0,0.0,0.0,0.0,0.0,0.0,0.0,0.0,0.0,50.86522242873902,0.0,0.0,4735.7120453566295,0.0,499.5815570592879,0.0,0.0,864.8112481869753,0.0,0.0,0.0,0.0,0.0,0.0,0.0,6415.404613977671,0.0,0.0,0.0,0.0,0.0,0.0,0.0
2081,0.0,302.41037752032275,0.0,0.0,0.0,0.0,0.0,0.0,0.0,0.0,0.0,0.0,0.0,45.68777727037658,0.0,0.0,4582.023519918323,0.0,490.67882490158064,0.0,0.0,916.2093251287935,0.0,0.0,0.0,0.0,0.0,0.0,0.0,6166.307162040471,0.0,0.0,0.0,0.0,0.0,0.0,0.0
2082,0.0,297.1823277175426,0.0,0.0,0.0,0.0,0.0,0.0,0.0,0.0,0.0,0.0,0.0,52.14800237715232,0.0,0.0,4449.221981972456,0.0,505.5772988319396,0.0,0.0,966.4952175714075,0.0,0.0,0.0,0.0,0.0,0.0,0.0,5974.184281179307,0.0,0.0,0.0,0.0,0.0,0.0,0.0
2083,0.0,300.57493207454684,0.0,0.0,0.0,0.0,0.0,0.0,0.0,0.0,0.0,0.0,0.0,68.96797675192354,0.0,0.0,4385.226193860173,0.0,515.2737088441849,0.0,0.0,1072.791717470437,0.0,0.0,0.0,0.0,0.0,0.0,0.0,6036.9338029086575,0.0,0.0,0.0,0.0,0.0,0.0,0.0
2084,0.0,305.5510678946972,0.0,0.0,0.0,0.0,0.0,0.0,0.0,0.0,0.0,0.0,0.0,85.6988087058066,0.0,0.0,4358.217755123971,0.0,529.9742968559264,0.0,0.0,1307.2656265050168,0.0,0.0,0.0,0.0,0.0,0.0,0.0,6184.581608265637,0.0,0.0,0.0,0.0,0.0,0.0,0.0
2085,0.0,311.7081329226493,0.0,0.0,0.0,0.0,0.0,0.0,0.0,0.0,0.0,0.0,0.0,101.52213203310961,0.0,0.0,4395.66677059233,0.0,550.6642241001128,0.0,0.0,1515.7479185208674,0.0,0.0,0.0,0.0,0.0,0.0,0.0,6342.724129831791,0.0,0.0,0.0,0.0,0.0,0.0,0.0
2086,0.0,317.87218387126916,0.0,0.0,0.0,0.0,0.0,0.0,0.0,0.0,0.0,0.0,0.0,115.43185800015917,0.0,0.0,4551.156066045163,0.0,564.6876249194145,0.0,0.0,1678.876486225426,0.0,0.0,0.0,0.0,0.0,0.0,0.0,6536.903500634432,0.0,0.0,0.0,0.0,0.0,0.0,0.0
2087,0.0,325.1567035496235,0.0,0.0,0.0,0.0,0.0,0.0,0.0,0.0,0.0,0.0,0.0,126.40834661126135,0.0,0.0,4871.756525069473,0.0,561.0460616111756,0.0,0.0,1756.1129842266437,0.0,0.0,0.0,0.0,0.0,0.0,0.0,6790.408284980058,0.0,0.0,0.0,0.0,0.0,0.0,0.0
2088,0.0,318.33221656680104,0.0,0.0,0.0,0.0,0.0,0.0,0.0,0.0,0.0,0.0,0.0,131.52686787843695,0.0,0.0,5436.780593216417,0.0,558.3954099655151,0.0,0.0,2418.9879643812765,0.0,0.0,0.0,0.0,0.0,0.0,0.0,7867.091965168714,0.0,0.0,0.0,0.0,0.0,0.0,0.0
2089,0.0,320.6021077215671,0.0,0.0,0.0,0.0,0.0,0.0,0.0,0.0,0.0,0.0,0.0,133.47423691153523,0.0,0.0,6176.806836217641,0.0,535.4019317507743,0.0,0.0,2959.9602874875063,0.0,0.0,0.0,0.0,0.0,0.0,0.0,9090.909237825868,0.0,0.0,0.0,0.0,0.0,0.0,0.0
2090,0.0,330.0588840007782,0.0,0.0,0.0,0.0,0.0,0.0,0.0,0.0,0.0,0.0,0.0,133.56643929481507,0.0,0.0,7022.58689597249,0.0,503.26615966558444,0.0,0.0,3312.353077420592,0.0,0.0,0.0,0.0,0.0,0.0,0.0,10389.590410536526,0.0,0.0,0.0,0.0,0.0,0.0,0.0
2091,0.0,350.49435725212095,0.0,0.0,0.0,0.0,0.0,0.0,0.0,0.0,0.0,0.0,0.0,132.83987196087836,0.0,0.0,7817.542458444832,0.0,470.98621186017976,0.0,0.0,3494.067705890536,0.0,0.0,0.0,0.0,0.0,0.0,0.0,11627.208983546494,0.0,0.0,0.0,0.0,0.0,0.0,0.0
2092,0.0,354.3346497058868,0.0,0.0,0.0,0.0,0.0,0.0,0.0,0.0,0.0,0.0,0.0,131.81246436834323,0.0,0.0,8468.52665272355,0.0,443.3329293131827,0.0,0.0,3617.0425832748415,0.0,0.0,0.0,0.0,0.0,0.0,0.0,12851.036381351947,0.0,0.0,0.0,0.0,0.0,0.0,0.0
2093,0.0,342.56253170371053,0.0,0.0,0.0,0.0,0.0,0.0,0.0,0.0,0.0,0.0,0.0,127.86843064427376,0.0,0.0,9192.321851611137,0.0,417.34166913628576,0.0,0.0,3576.829249468445,0.0,0.0,0.0,0.0,0.0,0.0,0.0,13779.268030118943,0.0,0.0,0.0,0.0,0.0,0.0,0.0
2094,0.0,360.7235126316547,0.0,0.0,0.0,0.0,0.0,0.0,0.0,0.0,0.0,0.0,0.0,123.98003667592994,0.0,0.0,9659.579276442526,0.0,384.44191986918446,0.0,0.0,3419.8215566843746,0.0,0.0,0.0,0.0,0.0,0.0,0.0,14241.42174540758,0.0,0.0,0.0,0.0,0.0,0.0,0.0
2095,0.0,385.4419444262981,0.0,0.0,0.0,0.0,0.0,0.0,0.0,0.0,0.0,0.0,0.0,118.26750161051744,0.0,0.0,10008.132119953632,0.0,349.9246992409229,0.0,0.0,3276.605133345723,0.0,0.0,0.0,0.0,0.0,0.0,0.0,14599.312469339371,0.0,0.0,0.0,0.0,0.0,0.0,0.0
2096,0.0,398.6213747441768,0.0,0.0,0.0,0.0,0.0,0.0,0.0,0.0,0.0,0.0,0.0,102.82164089679718,0.0,0.0,10265.583113878965,0.0,310.3386527419089,0.0,0.0,3073.9504943400616,0.0,0.0,0.0,0.0,0.0,0.0,0.0,14877.483561384677,0.0,0.0,0.0,0.0,0.0,0.0,0.0
2097,0.0,415.5040163576603,0.0,0.0,0.0,0.0,0.0,0.0,0.0,0.0,0.0,0.0,0.0,85.95668619573114,0.0,0.0,10405.949052691458,0.0,261.3037611186504,0.0,0.0,2813.6081911236042,0.0,0.0,0.0,0.0,0.0,0.0,0.0,15187.654461395741,0.0,0.0,0.0,0.0,0.0,0.0,0.0
2098,0.0,421.97494280934336,0.0,0.0,0.0,0.0,0.0,0.0,0.0,0.0,0.0,0.0,0.0,58.73084454834454,0.0,0.0,10336.188855856655,0.0,218.68016873300073,0.0,0.0,2699.0681742668153,0.0,0.0,0.0,0.0,0.0,0.0,0.0,15354.995680189133,0.0,0.0,0.0,0.0,0.0,0.0,0.0
2099,0.0,434.8271851480007,0.0,0.0,0.0,0.0,0.0,0.0,0.0,0.0,0.0,0.0,0.0,43.02543065100903,0.0,0.0,10323.302654534578,0.0,194.55556026101112,0.0,0.0,2576.643409645557,0.0,0.0,0.0,0.0,0.0,0.0,0.0,15521.506636822223,0.0,0.0,0.0,0.0,0.0,0.0,0.0
2100,0.0,448.05310410261154,0.0,0.0,0.0,0.0,0.0,0.0,0.0,0.0,0.0,0.0,0.0,36.66774230599392,0.0,0.0,10375.476756989954,0.0,180.42017427086824,0.0,0.0,2466.825219234823,0.0,0.0,0.0,0.0,0.0,0.0,0.0,15686.85898720026,0.0,0.0,0.0,0.0,0.0,0.0,0.0
2101,0.0,463.8062990963459,0.0,0.0,0.0,0.0,0.0,0.0,0.0,0.0,0.0,0.0,0.0,37.6096614986657,0.0,0.0,10477.44856777787,0.0,171.1357351154089,0.0,0.0,2369.5167202144853,0.0,0.0,0.0,0.0,0.0,0.0,0.0,15841.564020919799,0.0,0.0,0.0,0.0,0.0,0.0,0.0
2102,0.0,480.1013097524643,0.0,0.0,0.0,0.0,0.0,0.0,0.0,0.0,0.0,0.0,0.0,40.98766382783638,0.0,0.0,10560.244317054747,0.0,171.04328362047656,0.0,0.0,2278.2293370857824,0.0,0.0,0.0,0.0,0.0,0.0,0.0,15986.965489804745,0.0,0.0,0.0,0.0,0.0,0.0,0.0
2103,0.0,502.96154276132586,0.0,0.0,0.0,0.0,0.0,0.0,0.0,0.0,0.0,0.0,0.0,53.474092562496594,0.0,0.0,10790.04979637265,0.0,184.92101182937614,0.0,0.0,2328.2927774906157,0.0,0.0,0.0,0.0,0.0,0.0,0.0,16008.844488823413,0.0,0.0,0.0,0.0,0.0,0.0,0.0
2104,0.0,512.9616216659546,0.0,0.0,0.0,0.0,0.0,0.0,0.0,0.0,0.0,0.0,0.0,65.27786386311048,0.0,0.0,10977.871275693176,0.0,190.54383527636514,0.0,0.0,2351.7025430426,0.0,0.0,0.0,0.0,0.0,0.0,0.0,15966.207489347458,0.0,0.0,0.0,0.0,0.0,0.0,0.0
2105,0.0,513.1447145104408,0.0,0.0,0.0,0.0,0.0,0.0,0.0,0.0,0.0,0.0,0.0,80.67521912902579,0.0,0.0,10954.112779557703,0.0,172.70874439179894,0.0,0.0,2253.490914483368,0.0,0.0,0.0,0.0,0.0,0.0,0.0,15816.385670006275,0.0,0.0,0.0,0.0,0.0,0.0,0.0
2106,0.0,509.02930583953855,0.0,0.0,0.0,0.0,0.0,0.0,0.0,0.0,0.0,0.0,0.0,102.19937008321276,0.0,0.0,10884.179895490408,0.0,162.3365255117415,0.0,0.0,2156.5602584615344,0.0,0.0,0.0,0.0,0.0,0.0,0.0,15558.843844389916,0.0,0.0,0.0,0.0,0.0,0.0,0.0
2107,0.0,491.1218941926956,0.0,0.0,0.0,0.0,0.0,0.0,0.0,0.0,0.0,0.0,0.0,134.891391801834,0.0,0.0,10850.56578117609,0.0,143.1758716732263,0.0,0.0,2032.9268806591629,0.0,0.0,0.0,0.0,0.0,0.0,0.0,15543.609835553169,0.0,0.0,0.0,0.0,0.0,0.0,0.0
2108,0.0,476.9771723628044,0.0,0.0,0.0,0.0,0.0,0.0,0.0,0.0,0.0,0.0,0.0,163.75360718369475,0.0,0.0,10779.444311112164,0.0,121.40399664789422,0.0,0.0,1953.0460871860382,0.0,0.0,0.0,0.0,0.0,0.0,0.0,15440.985671770573,0.0,0.0,0.0,0.0,0.0,0.0,0.0
2109,0.0,462.57021197676653,0.0,0.0,0.0,0.0,0.0,0.0,0.0,0.0,0.0,0.0,0.0,188.24655494689932,0.0,0.0,10721.529524981974,0.0,96.36355074346054,0.0,0.0,1836.3434641286726,0.0,0.0,0.0,0.0,0.0,0.0,0.0,15247.632947003842,0.0,0.0,0.0,0.0,0.0,0.0,0.0
2110,0.0,443.8439045369625,0.0,0.0,0.0,0.0,0.0,0.0,0.0,0.0,0.0,0.0,0.0,211.273702263832,0.0,0.0,10643.776709616184,0.0,85.15369582772242,0.0,0.0,1779.1131171047687,0.0,0.0,0.0,0.0,0.0,0.0,0.0,14860.435704553127,0.0,0.0,0.0,0.0,0.0,0.0,0.0
2111,0.0,419.8231109082698,0.0,0.0,0.0,0.0,0.0,0.0,0.0,0.0,0.0,0.0,0.0,235.3540819108485,0.0,0.0,10512.832337290049,0.0,103.4003351792693,0.0,0.0,1766.4241924971343,0.0,0.0,0.0,0.0,0.0,0.0,0.0,14276.984159123898,0.0,0.0,0.0,0.0,0.0,0.0,0.0
2112,0.0,405.9315094649792,0.0,0.0,0.0,0.0,0.0,0.0,0.0,0.0,0.0,0.0,0.0,262.3737740039825,0.0,0.0,10380.801279991863,0.0,177.67487766742698,0.0,0.0,2663.8094884335997,0.0,0.0,0.0,0.0,0.0,0.0,0.0,14006.23914012909,0.0,0.0,0.0,0.0,0.0,0.0,0.0
2113,0.0,391.5190781772136,0.0,0.0,0.0,0.0,0.0,0.0,0.0,0.0,0.0,0.0,0.0,290.7619530141354,0.0,0.0,10203.640514731405,0.0,283.3282919406891,0.0,0.0,3488.507843050361,0.0,0.0,0.0,0.0,0.0,0.0,0.0,13711.82586376667,0.0,0.0,0.0,0.0,0.0,0.0,0.0
2114,0.0,378.5702674090862,0.0,0.0,0.0,0.0,0.0,0.0,0.0,0.0,0.0,0.0,0.0,318.2224814474582,0.0,0.0,10028.139724940062,0.0,396.4064593911169,0.0,0.0,4088.2645741671317,0.0,0.0,0.0,0.0,0.0,0.0,0.0,13403.97072981596,0.0,0.0,0.0,0.0,0.0,0.0,0.0
2115,0.0,366.20097944140434,0.0,0.0,0.0,0.0,0.0,0.0,0.0,0.0,0.0,0.0,0.0,343.1574312508106,0.0,0.0,9876.521112680433,0.0,491.82126334905615,0.0,0.0,4461.989447298645,0.0,0.0,0.0,0.0,0.0,0.0,0.0,13119.714423644542,0.0,0.0,0.0,0.0,0.0,0.0,0.0
2116,0.0,354.9733985245228,0.0,0.0,0.0,0.0,0.0,0.0,0.0,0.0,0.0,0.0,0.0,363.22921532988545,0.0,0.0,9748.298508942125,0.0,576.8060921788216,0.0,0.0,4720.828855767845,0.0,0.0,0.0,0.0,0.0,0.0,0.0,12850.142475402356,0.0,0.0,0.0,0.0,0.0,0.0,0.0
2117,0.0,344.33732028007506,0.0,0.0,0.0,0.0,0.0,0.0,0.0,0.0,0.0,0.0,0.0,376.5591512799263,0.0,0.0,9654.550344198942,0.0,642.2767491340636,0.0,0.0,4784.661010086536,0.0,0.0,0.0,0.0,0.0,0.0,0.0,12574.067289054394,0.0,0.0,0.0,0.0,0.0,0.0,0.0
2118,0.0,325.8487305343151,0.0,0.0,0.0,0.0,0.0,0.0,0.0,0.0,0.0,0.0,0.0,384.6993685960769,0.0,0.0,9274.4439651072,0.0,695.677847123146,0.0,0.0,4849.732658985256,0.0,0.0,0.0,0.0,0.0,0.0,0.0,12136.095320796967,0.0,0.0,0.0,0.0,0.0,0.0,0.0
2119,0.0,308.82858692407603,0.0,0.0,0.0,0.0,0.0,0.0,0.0,0.0,0.0,0.0,0.0,389.298503279686,0.0,0.0,8938.432726323603,0.0,732.0430305600166,0.0,0.0,4890.133703255652,0.0,0.0,0.0,0.0,0.0,0.0,0.0,11713.309628534314,0.0,0.0,0.0,0.0,0.0,0.0,0.0
2120,0.0,294.5830041110515,0.0,0.0,0.0,0.0,0.0,0.0,0.0,0.0,0.0,0.0,0.0,388.8443734765052,0.0,0.0,8646.819997310638,0.0,738.3556387901306,0.0,0.0,4935.488789981603,0.0,0.0,0.0,0.0,0.0,0.0,0.0,11285.27187720537,0.0,0.0,0.0,0.0,0.0,0.0,0.0
2121,0.0,287.1272872924804,0.0,0.0,0.0,0.0,0.0,0.0,0.0,0.0,0.0,0.0,0.0,388.42274876832954,0.0,0.0,8409.570298105478,0.0,734.1997973680495,0.0,0.0,4959.795175758004,0.0,0.0,0.0,0.0,0.0,0.0,0.0,10852.601147305964,0.0,0.0,0.0,0.0,0.0,0.0,0.0
2122,0.0,265.80022539496423,0.0,0.0,0.0,0.0,0.0,0.0,0.0,0.0,0.0,0.0,0.0,373.6237842798233,0.0,0.0,8070.374457836149,0.0,712.9531455397606,0.0,0.0,4855.910755321383,0.0,0.0,0.0,0.0,0.0,0.0,0.0,10381.330459201336,0.0,0.0,0.0,0.0,0.0,0.0,0.0
2123,0.0,249.92821363806723,0.0,0.0,0.0,0.0,0.0,0.0,0.0,0.0,0.0,0.0,0.0,360.0531985402106,0.0,0.0,7764.096537858248,0.0,691.8852905750274,0.0,0.0,4760.893534997104,0.0,0.0,0.0,0.0,0.0,0.0,0.0,9906.92820737362,0.0,0.0,0.0,0.0,0.0,0.0,0.0
2124,0.0,244.20685683488847,0.0,0.0,0.0,0.0,0.0,0.0,0.0,0.0,0.0,0.0,0.0,342.74903275370593,0.0,0.0,7489.382265776394,0.0,682.5366333484649,0.0,0.0,4677.827113294601,0.0,0.0,0.0,0.0,0.0,0.0,0.0,9443.390239667891,0.0,0.0,0.0,0.0,0.0,0.0,0.0
2125,0.0,230.86092874109744,0.0,0.0,0.0,0.0,0.0,0.0,0.0,0.0,0.0,0.0,0.0,331.3504150450229,0.0,0.0,7227.397843062878,0.0,685.7172137618064,0.0,0.0,4623.333554559945,0.0,0.0,0.0,0.0,0.0,0.0,0.0,8994.171401327849,0.0,0.0,0.0,0.0,0.0,0.0,0.0
2126,0.0,216.70571400225157,0.0,0.0,0.0,0.0,0.0,0.0,0.0,0.0,0.0,0.0,0.0,337.28548671603204,0.0,0.0,6978.600657522678,0.0,696.8453621864319,0.0,0.0,4599.655090561509,0.0,0.0,0.0,0.0,0.0,0.0,0.0,8554.750813639163,0.0,0.0,0.0,0.0,0.0,0.0,0.0
2127,0.0,208.35521016418934,0.0,0.0,0.0,0.0,0.0,0.0,0.0,0.0,0.0,0.0,0.0,367.76811470985405,0.0,0.0,6897.185628235338,0.0,732.5667939186096,0.0,0.0,4834.2229305177925,0.0,0.0,0.0,0.0,0.0,0.0,0.0,7670.97001234293,0.0,0.0,0.0,0.0,0.0,0.0,0.0
2128,0.0,204.3514640003442,0.0,0.0,0.0,0.0,0.0,0.0,0.0,0.0,0.0,0.0,0.0,393.75295666456225,0.0,0.0,6811.625327497721,0.0,765.9326836824417,0.0,0.0,5070.521339848638,0.0,0.0,0.0,0.0,0.0,0.0,0.0,6782.27128187418,0.0,0.0,0.0,0.0,0.0,0.0,0.0
2129,0.0,190.96622958183286,0.0,0.0,0.0,0.0,0.0,0.0,0.0,0.0,0.0,0.0,0.0,413.08586630821225,0.0,0.0,6737.393931508064,0.0,796.1920372247696,0.0,0.0,5294.925869214535,0.0,0.0,0.0,0.0,0.0,0.0,0.0,5938.907179677484,0.0,0.0,0.0,0.0,0.0,0.0,0.0
2130,0.0,166.01261915266514,0.0,0.0,0.0,0.0,0.0,0.0,0.0,0.0,0.0,0.0,0.0,440.0890368461608,0.0,0.0,6666.393031358717,0.0,842.4176661252974,0.0,0.0,5530.319029694796,0.0,0.0,0.0,0.0,0.0,0.0,0.0,5151.249835345149,0.0,0.0,0.0,0.0,0.0,0.0,0.0
2131,0.0,160.1310070127248,0.0,0.0,0.0,0.0,0.0,0.0,0.0,0.0,0.0,0.0,0.0,475.9819697737694,0.0,0.0,6620.208531111479,0.0,877.3968181729317,0.0,0.0,5725.672942686081,0.0,0.0,0.0,0.0,0.0,0.0,0.0,4967.384736144542,0.0,0.0,0.0,0.0,0.0,0.0,0.0
2132,0.0,154.43551775515073,0.0,0.0,0.0,0.0,0.0,0.0,0.0,0.0,0.0,0.0,0.0,507.5343292355537,0.0,0.0,6573.707437604666,0.0,915.1675370335578,0.0,0.0,5903.027844250202,0.0,0.0,0.0,0.0,0.0,0.0,0.0,4728.208844700454,0.0,0.0,0.0,0.0,0.0,0.0,0.0
2133,0.0,150.24719178378572,0.0,0.0,0.0,0.0,0.0,0.0,0.0,0.0,0.0,0.0,0.0,541.0326454401015,0.0,0.0,6530.24315020442,0.0,944.4647903442383,0.0,0.0,6042.683823949099,0.0,0.0,0.0,0.0,0.0,0.0,0.0,4480.939343643188,0.0,0.0,0.0,0.0,0.0,0.0,0.0
2134,0.0,142.20617264807217,0.0,0.0,0.0,0.0,0.0,0.0,0.0,0.0,0.0,0.0,0.0,580.8518351674079,0.0,0.0,6512.2109471410495,0.0,976.4080119609832,0.0,0.0,6151.497157859802,0.0,0.0,0.0,0.0,0.0,0.0,0.0,4234.13270650804,0.0,0.0,0.0,0.0,0.0,0.0,0.0
2135,0.0,140.483483889699,0.0,0.0,0.0,0.0,0.0,0.0,0.0,0.0,0.0,0.0,0.0,633.0643433451653,0.0,0.0,6507.98438823223,0.0,1017.6530574083329,0.0,0.0,6212.200299847126,0.0,0.0,0.0,0.0,0.0,0.0,0.0,4046.8420526713135,0.0,0.0,0.0,0.0,0.0,0.0,0.0
2136,0.0,167.03013673424715,0.0,0.0,0.0,0.0,0.0,0.0,0.0,0.0,0.0,0.0,0.0,691.8132898688316,0.0,0.0,6598.26480665803,0.0,1093.0263691663743,0.0,0.0,6050.826824980974,0.0,0.0,0.0,0.0,0.0,0.0,0.0,4449.440730518102,0.0,0.0,0.0,0.0,0.0,0.0,0.0
2137,0.0,210.8589192420244,0.0,0.0,0.0,0.0,0.0,0.0,0.0,0.0,0.0,0.0,0.0,759.0224831819535,0.0,0.0,6695.426266789436,0.0,1171.9027003765107,0.0,0.0,5830.974274367094,0.0,0.0,0.0,0.0,0.0,0.0,0.0,4875.427054479717,0.0,0.0,0.0,0.0,0.0,0.0,0.0
2138,0.0,261.64736208915707,0.0,0.0,0.0,0.0,0.0,0.0,0.0,0.0,0.0,0.0,0.0,826.6796191215515,0.0,0.0,6795.12669596076,0.0,1245.0357158899308,0.0,0.0,5619.858737576008,0.0,0.0,0.0,0.0,0.0,0.0,0.0,5303.0008570492255,0.0,0.0,0.0,0.0,0.0,0.0,0.0
2139,0.0,304.6778558671474,0.0,0.0,0.0,0.0,0.0,0.0,0.0,0.0,0.0,0.0,0.0,888.0088873386383,0.0,0.0,6895.4004156291485,0.0,1301.6358312368393,0.0,0.0,5434.411698460579,0.0,0.0,0.0,0.0,0.0,0.0,0.0,5675.621140465139,0.0,0.0,0.0,0.0,0.0,0.0,0.0
2140,0.0,332.39041398167603,0.0,0.0,0.0,0.0,0.0,0.0,0.0,0.0,0.0,0.0,0.0,941.74828312397,0.0,0.0,6993.485985815523,0.0,1350.5687861204146,0.0,0.0,5309.816758668423,0.0,0.0,0.0,0.0,0.0,0.0,0.0,5955.947442647814,0.0,0.0,0.0,0.0,0.0,0.0,0.0
2141,0.0,355.0598948836326,0.0,0.0,0.0,0.0,0.0,0.0,0.0,0.0,0.0,0.0,0.0,974.4927949666977,0.0,0.0,7077.591668874025,0.0,1384.0004797697068,0.0,0.0,5152.776367932558,0.0,0.0,0.0,0.0,0.0,0.0,0.0,6204.991737556457,0.0,0.0,0.0,0.0,0.0,0.0,0.0
2142,0.0,368.0872902452946,0.0,0.0,0.0,0.0,0.0,0.0,0.0,0.0,0.0,0.0,0.0,1004.5653431653976,0.0,0.0,6856.758924812077,0.0,1401.063960814476,0.0,0.0,5088.292373889684,0.0,0.0,0.0,0.0,0.0,0.0,0.0,6194.606228303909,0.0,0.0,0.0,0.0,0.0,0.0,0.0
2143,0.0,380.4585982382297,0.0,0.0,0.0,0.0,0.0,0.0,0.0,0.0,0.0,0.0,0.0,1029.9163581848145,0.0,0.0,6664.272556602955,0.0,1408.3615524291993,0.0,0.0,4989.150367498397,0.0,0.0,0.0,0.0,0.0,0.0,0.0,6138.961306166649,0.0,0.0,0.0,0.0,0.0,0.0,0.0
2144,0.0,387.3691607415676,0.0,0.0,0.0,0.0,0.0,0.0,0.0,0.0,0.0,0.0,0.0,1049.6529138565063,0.0,0.0,6506.662397459148,0.0,1395.3417497873306,0.0,0.0,4831.41332873404,0.0,0.0,0.0,0.0,0.0,0.0,0.0,5995.42828875482,0.0,0.0,0.0,0.0,0.0,0.0,0.0
2145,0.0,386.6796587884426,0.0,0.0,0.0,0.0,0.0,0.0,0.0,0.0,0.0,0.0,0.0,1059.9559977769852,0.0,0.0,6417.374152749776,0.0,1375.725907945633,0.0,0.0,4654.094758227467,0.0,0.0,0.0,0.0,0.0,0.0,0.0,5791.848440983889,0.0,0.0,0.0,0.0,0.0,0.0,0.0
2146,0.0,375.20417588353155,0.0,0.0,0.0,0.0,0.0,0.0,0.0,0.0,0.0,0.0,0.0,1043.7460431575776,0.0,0.0,6098.103463202715,0.0,1335.1691355705261,0.0,0.0,4521.610226529836,0.0,0.0,0.0,0.0,0.0,0.0,0.0,5494.002016124128,0.0,0.0,0.0,0.0,0.0,0.0,0.0
2147,0.0,362.7922990500927,0.0,0.0,0.0,0.0,0.0,0.0,0.0,0.0,0.0,0.0,0.0,1025.112598323822,0.0,0.0,5820.801994115112,0.0,1297.4439458847046,0.0,0.0,4391.913497981429,0.0,0.0,0.0,0.0,0.0,0.0,0.0,5227.295484849808,0.0,0.0,0.0,0.0,0.0,0.0,0.0
2148,0.0,348.2065383732318,0.0,0.0,0.0,0.0,0.0,0.0,0.0,0.0,0.0,0.0,0.0,1004.2657582759857,0.0,0.0,5553.676236882804,0.0,1264.4243861198424,0.0,0.0,4262.153492841124,0.0,0.0,0.0,0.0,0.0,0.0,0.0,4989.379089531302,0.0,0.0,0.0,0.0,0.0,0.0,0.0
2149,0.0,337.0501914024353,0.0,0.0,0.0,0.0,0.0,0.0,0.0,0.0,0.0,0.0,0.0,984.2146429538727,0.0,0.0,5283.442109465597,0.0,1235.0604396820067,0.0,0.0,4130.419802999496,0.0,0.0,0.0,0.0,0.0,0.0,0.0,4781.1192535728205,0.0,0.0,0.0,0.0,0.0,0.0,0.0
2150,0.0,327.7445522904396,0.0,0.0,0.0,0.0,0.0,0.0,0.0,0.0,0.0,0.0,0.0,965.0482042312622,0.0,0.0,4995.470980808139,0.0,1211.3715151786805,0.0,0.0,3996.6673173934223,0.0,0.0,0.0,0.0,0.0,0.0,0.0,4600.174898043273,0.0,0.0,0.0,0.0,0.0,0.0,0.0
2151,0.0,322.6437921345234,0.0,0.0,0.0,0.0,0.0,0.0,0.0,0.0,0.0,0.0,0.0,959.1347876787186,0.0,0.0,4975.662510648369,0.0,1215.673310804367,0.0,0.0,3988.028397426009,0.0,0.0,0.0,0.0,0.0,0.0,0.0,4400.610394796729,0.0,0.0,0.0,0.0,0.0,0.0,0.0
2152,0.0,317.54867121577263,0.0,0.0,0.0,0.0,0.0,0.0,0.0,0.0,0.0,0.0,0.0,951.4748835802078,0.0,0.0,4932.603882670401,0.0,1227.628276157379,0.0,0.0,3976.892020010948,0.0,0.0,0.0,0.0,0.0,0.0,0.0,4257.304831609129,0.0,0.0,0.0,0.0,0.0,0.0,0.0
2153,0.0,314.8711557984352,0.0,0.0,0.0,0.0,0.0,0.0,0.0,0.0,0.0,0.0,0.0,936.4612957954407,0.0,0.0,4889.788728132843,0.0,1242.9239447116852,0.0,0.0,3960.974172663688,0.0,0.0,0.0,0.0,0.0,0.0,0.0,4120.715134641528,0.0,0.0,0.0,0.0,0.0,0.0,0.0
2154,0.0,309.1812216103077,0.0,0.0,0.0,0.0,0.0,0.0,0.0,0.0,0.0,0.0,0.0,930.3277412891388,0.0,0.0,4828.194614931939,0.0,1256.8597848653794,0.0,0.0,3947.140516984463,0.0,0.0,0.0,0.0,0.0,0.0,0.0,3997.5032898604863,0.0,0.0,0.0,0.0,0.0,0.0,0.0
2155,0.0,308.2065594255924,0.0,0.0,0.0,0.0,0.0,0.0,0.0,0.0,0.0,0.0,0.0,939.6973685503006,0.0,0.0,4722.103980287909,0.0,1259.269274163246,0.0,0.0,3787.2884051531555,0.0,0.0,0.0,0.0,0.0,0.0,0.0,3896.9189818471664,0.0,0.0,0.0,0.0,0.0,0.0,0.0
2156,0.0,309.9891755998134,0.0,0.0,0.0,0.0,0.0,0.0,0.0,0.0,0.0,0.0,0.0,951.0134457349777,0.0,0.0,4613.762966528534,0.0,1260.292257809639,0.0,0.0,3641.207277926803,0.0,0.0,0.0,0.0,0.0,0.0,0.0,3873.779763478041,0.0,0.0,0.0,0.0,0.0,0.0,0.0
2157,0.0,310.13304628729816,0.0,0.0,0.0,0.0,0.0,0.0,0.0,0.0,0.0,0.0,0.0,955.906695485115,0.0,0.0,4527.209714204071,0.0,1257.410521888733,0.0,0.0,3551.600963106751,0.0,0.0,0.0,0.0,0.0,0.0,0.0,3869.5159912079557,0.0,0.0,0.0,0.0,0.0,0.0,0.0
2158,0.0,308.7702586948871,0.0,0.0,0.0,0.0,0.0,0.0,0.0,0.0,0.0,0.0,0.0,955.2748861074448,0.0,0.0,4439.273797214029,0.0,1245.3235930681228,0.0,0.0,3474.1210470199585,0.0,0.0,0.0,0.0,0.0,0.0,0.0,3843.3048751682045,0.0,0.0,0.0,0.0,0.0,0.0,0.0
2159,0.0,305.2924485504627,0.0,0.0,0.0,0.0,0.0,0.0,0.0,0.0,0.0,0.0,0.0,948.2045571804047,0.0,0.0,4334.122441098094,0.0,1218.142794275284,0.0,0.0,3365.8529817312956,0.0,0.0,0.0,0.0,0.0,0.0,0.0,3735.703116160631,0.0,0.0,0.0,0.0,0.0,0.0,0.0
2160,0.0,320.87930007576944,0.0,0.0,0.0,0.0,0.0,0.0,0.0,0.0,0.0,0.0,0.0,935.9032841920853,0.0,0.0,4345.741880446672,0.0,1198.2728664398194,0.0,0.0,3653.646729272604,0.0,0.0,0.0,0.0,0.0,0.0,0.0,4019.0477973729357,0.0,0.0,0.0,0.0,0.0,0.0,0.0
2161,0.0,324.91525442004206,0.0,0.0,0.0,0.0,0.0,0.0,0.0,0.0,0.0,0.0,0.0,922.0597901582718,0.0,0.0,4412.901267543434,0.0,1165.440284562111,0.0,0.0,3757.9347272068258,0.0,0.0,0.0,0.0,0.0,0.0,0.0,4163.528239375352,0.0,0.0,0.0,0.0,0.0,0.0,0.0
2162,0.0,322.5549110233784,0.0,0.0,0.0,0.0,0.0,0.0,0.0,0.0,0.0,0.0,0.0,910.377234840393,0.0,0.0,4499.1406491547805,0.0,1127.899938583374,0.0,0.0,3767.460427737236,0.0,0.0,0.0,0.0,0.0,0.0,0.0,4264.806120046972,0.0,0.0,0.0,0.0,0.0,0.0,0.0
2163,0.0,316.4862501561641,0.0,0.0,0.0,0.0,0.0,0.0,0.0,0.0,0.0,0.0,0.0,902.4564829587937,0.0,0.0,4555.183101192115,0.0,1093.3700907230377,0.0,0.0,3800.9867276430127,0.0,0.0,0.0,0.0,0.0,0.0,0.0,4379.993061578272,0.0,0.0,0.0,0.0,0.0,0.0,0.0
2164,0.0,305.3004725396633,0.0,0.0,0.0,0.0,0.0,0.0,0.0,0.0,0.0,0.0,0.0,901.4796263933182,0.0,0.0,4591.912197589872,0.0,1060.7273323059082,0.0,0.0,3903.4054926663634,0.0,0.0,0.0,0.0,0.0,0.0,0.0,4466.0824965804795,0.0,0.0,0.0,0.0,0.0,0.0,0.0
2165,0.0,306.03800620436664,0.0,0.0,0.0,0.0,0.0,0.0,0.0,0.0,0.0,0.0,0.0,915.7881450414658,0.0,0.0,4625.083314701913,0.0,1028.7810279846192,0.0,0.0,3951.5729060053823,0.0,0.0,0.0,0.0,0.0,0.0,0.0,4559.583178523183,0.0,0.0,0.0,0.0,0.0,0.0,0.0
2166,0.0,310.4022707641124,0.0,0.0,0.0,0.0,0.0,0.0,0.0,0.0,0.0,0.0,0.0,930.2397757768631,0.0,0.0,4540.690208524465,0.0,986.8197279930114,0.0,0.0,3830.712193411588,0.0,0.0,0.0,0.0,0.0,0.0,0.0,4386.802585420011,0.0,0.0,0.0,0.0,0.0,0.0,0.0
2167,0.0,321.0721563756466,0.0,0.0,0.0,0.0,0.0,0.0,0.0,0.0,0.0,0.0,0.0,944.6124079227448,0.0,0.0,4451.3502354323855,0.0,939.1222855210304,0.0,0.0,3715.9405660629272,0.0,0.0,0.0,0.0,0.0,0.0,0.0,4242.833825019001,0.0,0.0,0.0,0.0,0.0,0.0,0.0
2168,0.0,336.1595286011696,0.0,0.0,0.0,0.0,0.0,0.0,0.0,0.0,0.0,0.0,0.0,964.1186930179596,0.0,0.0,4358.319656148552,0.0,883.2742908000946,0.0,0.0,3588.1430435478687,0.0,0.0,0.0,0.0,0.0,0.0,0.0,4086.9123270541418,0.0,0.0,0.0,0.0,0.0,0.0,0.0
2169,0.0,342.258181232214,0.0,0.0,0.0,0.0,0.0,0.0,0.0,0.0,0.0,0.0,0.0,984.4717246294022,0.0,0.0,4269.127867370844,0.0,853.4407061815261,0.0,0.0,3476.059914457798,0.0,0.0,0.0,0.0,0.0,0.0,0.0,3960.0528975993393,0.0,0.0,0.0,0.0,0.0,0.0,0.0
2170,0.0,331.367776197195,0.0,0.0,0.0,0.0,0.0,0.0,0.0,0.0,0.0,0.0,0.0,978.781763792038,0.0,0.0,3836.6957010924816,0.0,808.9948648929595,0.0,0.0,3365.094268146157,0.0,0.0,0.0,0.0,0.0,0.0,0.0,3827.9873338580132,0.0,0.0,0.0,0.0,0.0,0.0,0.0
2171,0.0,322.6155117809773,0.0,0.0,0.0,0.0,0.0,0.0,0.0,0.0,0.0,0.0,0.0,970.5356022834778,0.0,0.0,3402.471710309385,0.0,771.1786168575286,0.0,0.0,3266.043392157554,0.0,0.0,0.0,0.0,0.0,0.0,0.0,3720.9572841167433,0.0,0.0,0.0,0.0,0.0,0.0,0.0
2172,0.0,315.35638269782066,0.0,0.0,0.0,0.0,0.0,0.0,0.0,0.0,0.0,0.0,0.0,964.5784271478653,0.0,0.0,3030.5434718430024,0.0,732.3719314217566,0.0,0.0,3170.116684359312,0.0,0.0,0.0,0.0,0.0,0.0,0.0,3626.7171047359693,0.0,0.0,0.0,0.0,0.0,0.0,0.0
2173,0.0,307.1099382162094,0.0,0.0,0.0,0.0,0.0,0.0,0.0,0.0,0.0,0.0,0.0,961.199152636528,0.0,0.0,2704.234610766171,0.0,692.0450576663017,0.0,0.0,3083.7862198948856,0.0,0.0,0.0,0.0,0.0,0.0,0.0,3539.4835279762747,0.0,0.0,0.0,0.0,0.0,0.0,0.0
2174,0.0,300.13075096607207,0.0,0.0,0.0,0.0,0.0,0.0,0.0,0.0,0.0,0.0,0.0,960.1994304180146,0.0,0.0,2437.216977521776,0.0,656.0629595518112,0.0,0.0,3008.7117225766183,0.0,0.0,0.0,0.0,0.0,0.0,0.0,3458.8931333363053,0.0,0.0,0.0,0.0,0.0,0.0,0.0
2175,0.0,313.857327568531,0.0,0.0,0.0,0.0,0.0,0.0,0.0,0.0,0.0,0.0,0.0,973.839106297493,0.0,0.0,2399.112217292189,0.0,647.9999679684638,0.0,0.0,3056.300261065364,0.0,0.0,0.0,0.0,0.0,0.0,0.0,3277.795815744995,0.0,0.0,0.0,0.0,0.0,0.0,0.0
2176,0.0,324.7057329118252,0.0,0.0,0.0,0.0,0.0,0.0,0.0,0.0,0.0,0.0,0.0,989.5740830183029,0.0,0.0,2369.877124488352,0.0,655.0871649980545,0.0,0.0,3097.4500278800724,0.0,0.0,0.0,0.0,0.0,0.0,0.0,3132.8839701026673,0.0,0.0,0.0,0.0,0.0,0.0,0.0
2177,0.0,324.0089925348758,0.0,0.0,0.0,0.0,0.0,0.0,0.0,0.0,0.0,0.0,0.0,987.9505319833755,0.0,0.0,2338.644071519374,0.0,628.7258913516997,0.0,0.0,3174.2983890831465,0.0,0.0,0.0,0.0,0.0,0.0,0.0,3007.330142359434,0.0,0.0,0.0,0.0,0.0,0.0,0.0
2178,0.0,307.5750770866871,0.0,0.0,0.0,0.0,0.0,0.0,0.0,0.0,0.0,0.0,0.0,984.4693932294846,0.0,0.0,2312.727373912928,0.0,608.921056008339,0.0,0.0,3228.3117723405358,0.0,0.0,0.0,0.0,0.0,0.0,0.0,2913.185971081257,0.0,0.0,0.0,0.0,0.0,0.0,0.0
2179,0.0,295.9951139867306,0.0,0.0,0.0,0.0,0.0,0.0,0.0,0.0,0.0,0.0,0.0,994.7886176109314,0.0,0.0,2389.4172293543797,0.0,590.835717689991,0.0,0.0,3198.854550880193,0.0,0.0,0.0,0.0,0.0,0.0,0.0,2999.5455305755136,0.0,0.0,0.0,0.0,0.0,0.0,0.0
2180,0.0,289.37094617485997,0.0,0.0,0.0,0.0,0.0,0.0,0.0,0.0,0.0,0.0,0.0,1011.4738191366196,0.0,0.0,2421.422707647085,0.0,598.256202507019,0.0,0.0,3132.0284146606923,0.0,0.0,0.0,0.0,0.0,0.0,0.0,3092.14037335813,0.0,0.0,0.0,0.0,0.0,0.0,0.0
2181,0.0,287.73464155197144,0.0,0.0,0.0,0.0,0.0,0.0,0.0,0.0,0.0,0.0,0.0,1029.7342399835586,0.0,0.0,2441.9787112772456,0.0,615.3870287895202,0.0,0.0,3071.845715072751,0.0,0.0,0.0,0.0,0.0,0.0,0.0,3165.480438593029,0.0,0.0,0.0,0.0,0.0,0.0,0.0
2182,0.0,282.4416423261165,0.0,0.0,0.0,0.0,0.0,0.0,0.0,0.0,0.0,0.0,0.0,1052.0002748966217,0.0,0.0,2458.5761323571182,0.0,623.5798496603965,0.0,0.0,3040.55922486484,0.0,0.0,0.0,0.0,0.0,0.0,0.0,3200.5937296599136,0.0,0.0,0.0,0.0,0.0,0.0,0.0
2183,0.0,268.34180994629855,0.0,0.0,0.0,0.0,0.0,0.0,0.0,0.0,0.0,0.0,0.0,1079.5643264532089,0.0,0.0,2531.4081394672394,0.0,601.5514358162878,0.0,0.0,3070.353416883945,0.0,0.0,0.0,0.0,0.0,0.0,0.0,3209.94864346087,0.0,0.0,0.0,0.0,0.0,0.0,0.0
2184,0.0,264.74560387730594,0.0,0.0,0.0,0.0,0.0,0.0,0.0,0.0,0.0,0.0,0.0,1114.7240789413452,0.0,0.0,2788.8466874659052,0.0,574.0326658964157,0.0,0.0,2972.5208423584695,0.0,0.0,0.0,0.0,0.0,0.0,0.0,3581.439611229299,0.0,0.0,0.0,0.0,0.0,0.0,0.0
2185,0.0,262.9387193441391,0.0,0.0,0.0,0.0,0.0,0.0,0.0,0.0,0.0,0.0,0.0,1155.3179659605025,0.0,0.0,3260.473021492361,0.0,525.034914934635,0.0,0.0,2759.5542381852865,0.0,0.0,0.0,0.0,0.0,0.0,0.0,3910.6642322719085,0.0,0.0,0.0,0.0,0.0,0.0,0.0
2186,0.0,259.8387942016124,0.0,0.0,0.0,0.0,0.0,0.0,0.0,0.0,0.0,0.0,0.0,1199.3371278047562,0.0,0.0,3854.2137318104506,0.0,484.1780234873295,0.0,0.0,2785.2848014175893,0.0,0.0,0.0,0.0,0.0,0.0,0.0,4197.7364145070305,0.0,0.0,0.0,0.0,0.0,0.0,0.0
2187,0.0,256.8564513623714,0.0,0.0,0.0,0.0,0.0,0.0,0.0,0.0,0.0,0.0,0.0,1241.7660955667495,0.0,0.0,4464.192876011131,0.0,473.1522267818451,0.0,0.0,3047.5356961905954,0.0,0.0,0.0,0.0,0.0,0.0,0.0,4421.815348228812,0.0,0.0,0.0,0.0,0.0,0.0,0.0
2188,0.0,254.64373814463616,0.0,0.0,0.0,0.0,0.0,0.0,0.0,0.0,0.0,0.0,0.0,1281.1767074584961,0.0,0.0,5040.421389639376,0.0,510.73608632087706,0.0,0.0,3152.667482936382,0.0,0.0,0.0,0.0,0.0,0.0,0.0,4602.837812045214,0.0,0.0,0.0,0.0,0.0,0.0,0.0
2189,0.0,253.08944093585015,0.0,0.0,0.0,0.0,0.0,0.0,0.0,0.0,0.0,0.0,0.0,1296.5749762296678,0.0,0.0,5598.313163936136,0.0,558.4054287552833,0.0,0.0,2423.205848783254,0.0,0.0,0.0,0.0,0.0,0.0,0.0,4749.475995472073,0.0,0.0,0.0,0.0,0.0,0.0,0.0
2190,0.0,245.7665127217769,0.0,0.0,0.0,0.0,0.0,0.0,0.0,0.0,0.0,0.0,0.0,1300.328709435463,0.0,0.0,5929.171011209487,0.0,595.274219405651,0.0,0.0,2277.970629680157,0.0,0.0,0.0,0.0,0.0,0.0,0.0,4496.691181492804,0.0,0.0,0.0,0.0,0.0,0.0,0.0
2191,0.0,238.30193023681636,0.0,0.0,0.0,0.0,0.0,0.0,0.0,0.0,0.0,0.0,0.0,1290.4867943525314,0.0,0.0,6208.858597800135,0.0,640.9334013462066,0.0,0.0,2147.431323355436,0.0,0.0,0.0,0.0,0.0,0.0,0.0,4258.963547867535,0.0,0.0,0.0,0.0,0.0,0.0,0.0
2192,0.0,231.66304710209366,0.0,0.0,0.0,0.0,0.0,0.0,0.0,0.0,0.0,0.0,0.0,1265.635954284668,0.0,0.0,6447.5706933885795,0.0,695.8444910168647,0.0,0.0,2014.2118446394798,0.0,0.0,0.0,0.0,0.0,0.0,0.0,4061.3550063043817,0.0,0.0,0.0,0.0,0.0,0.0,0.0
2193,0.0,225.25990372002124,0.0,0.0,0.0,0.0,0.0,0.0,0.0,0.0,0.0,0.0,0.0,1229.8218854427337,0.0,0.0,6647.406770229338,0.0,744.7335766434669,0.0,0.0,1877.836105298996,0.0,0.0,0.0,0.0,0.0,0.0,0.0,3894.614064159989,0.0,0.0,0.0,0.0,0.0,0.0,0.0
2194,0.0,210.60203936398028,0.0,0.0,0.0,0.0,0.0,0.0,0.0,0.0,0.0,0.0,0.0,1160.6610862255097,0.0,0.0,6556.236468046902,0.0,787.5698904633522,0.0,0.0,1875.860604044795,0.0,0.0,0.0,0.0,0.0,0.0,0.0,3712.5183346241697,0.0,0.0,0.0,0.0,0.0,0.0,0.0
2195,0.0,198.3833835572004,0.0,0.0,0.0,0.0,0.0,0.0,0.0,0.0,0.0,0.0,0.0,1090.8457913160323,0.0,0.0,6413.315224915742,0.0,819.9761698722839,0.0,0.0,1880.692786078155,0.0,0.0,0.0,0.0,0.0,0.0,0.0,3590.7724666714666,0.0,0.0,0.0,0.0,0.0,0.0,0.0
2196,0.0,188.55492263138288,0.0,0.0,0.0,0.0,0.0,0.0,0.0,0.0,0.0,0.0,0.0,1032.4126598119735,0.0,0.0,6234.9024772197,0.0,848.8505591154097,0.0,0.0,1931.9159441158176,0.0,0.0,0.0,0.0,0.0,0.0,0.0,3513.035194176434,0.0,0.0,0.0,0.0,0.0,0.0,0.0
2197,0.0,180.30254432559005,0.0,0.0,0.0,0.0,0.0,0.0,0.0,0.0,0.0,0.0,0.0,981.4108655452728,0.0,0.0,6042.5596261024475,0.0,883.9502923369406,0.0,0.0,2018.192820270359,0.0,0.0,0.0,0.0,0.0,0.0,0.0,3451.990313485263,0.0,0.0,0.0,0.0,0.0,0.0,0.0
2198,0.0,173.44246842563146,0.0,0.0,0.0,0.0,0.0,0.0,0.0,0.0,0.0,0.0,0.0,943.6478360414505,0.0,0.0,5847.479060053824,0.0,920.4894114494323,0.0,0.0,2121.497457580268,0.0,0.0,0.0,0.0,0.0,0.0,0.0,3402.6251529663787,0.0,0.0,0.0,0.0,0.0,0.0,0.0
2199,0.0,167.3685330480337,0.0,0.0,0.0,0.0,0.0,0.0,0.0,0.0,0.0,0.0,0.0,931.7947298526764,0.0,0.0,5750.048845693467,0.0,971.2852684020996,0.0,0.0,2367.046813818812,0.0,0.0,0.0,0.0,0.0,0.0,0.0,3182.2925241142507,0.0,0.0,0.0,0.0,0.0,0.0,0.0
2200,0.0,165.56319158971306,0.0,0.0,0.0,0.0,0.0,0.0,0.0,0.0,0.0,0.0,0.0,932.5546765565872,0.0,0.0,5632.941621273755,0.0,1003.7858667135239,0.0,0.0,2574.152612891793,0.0,0.0,0.0,0.0,0.0,0.0,0.0,2967.573385961352,0.0,0.0,0.0,0.0,0.0,0.0,0.0
2201,0.0,164.72972075343125,0.0,0.0,0.0,0.0,0.0,0.0,0.0,0.0,0.0,0.0,0.0,933.9955713748932,0.0,0.0,5552.187781840562,0.0,967.1204159975051,0.0,0.0,2633.0249723374845,0.0,0.0,0.0,0.0,0.0,0.0,0.0,2757.882287968693,0.0,0.0,0.0,0.0,0.0,0.0,0.0
2202,0.0,161.60973563790319,0.0,0.0,0.0,0.0,0.0,0.0,0.0,0.0,0.0,0.0,0.0,943.9696588993072,0.0,0.0,5505.5649516135445,0.0,934.9302223205566,0.0,0.0,2695.664256933331,0.0,0.0,0.0,0.0,0.0,0.0,0.0,2547.6370189130303,0.0,0.0,0.0,0.0,0.0,0.0,0.0
2203,0.0,160.1891949623823,0.0,0.0,0.0,0.0,0.0,0.0,0.0,0.0,0.0,0.0,0.0,971.3487228393554,0.0,0.0,5628.225004002451,0.0,894.8755158066748,0.0,0.0,2657.757945281267,0.0,0.0,0.0,0.0,0.0,0.0,0.0,2646.0064507365228,0.0,0.0,0.0,0.0,0.0,0.0,0.0
2204,0.0,164.69740034937857,0.0,0.0,0.0,0.0,0.0,0.0,0.0,0.0,0.0,0.0,0.0,997.7437566757202,0.0,0.0,5820.895727500318,0.0,848.3226459622383,0.0,0.0,2612.528503462672,0.0,0.0,0.0,0.0,0.0,0.0,0.0,2780.6159579873083,0.0,0.0,0.0,0.0,0.0,0.0,0.0
2205,0.0,179.02978813648215,0.0,0.0,0.0,0.0,0.0,0.0,0.0,0.0,0.0,0.0,0.0,1014.727287721634,0.0,0.0,5967.104251012206,0.0,796.1715253829955,0.0,0.0,2568.5452169179916,0.0,0.0,0.0,0.0,0.0,0.0,0.0,2914.181128513811,0.0,0.0,0.0,0.0,0.0,0.0,0.0
2206,0.0,193.21955372393126,0.0,0.0,0.0,0.0,0.0,0.0,0.0,0.0,0.0,0.0,0.0,1029.1227855205536,0.0,0.0,6103.450544446707,0.0,748.332159936428,0.0,0.0,2529.019448375702,0.0,0.0,0.0,0.0,0.0,0.0,0.0,3035.619987505673,0.0,0.0,0.0,0.0,0.0,0.0,0.0
2207,0.0,199.66983102858063,0.0,0.0,0.0,0.0,0.0,0.0,0.0,0.0,0.0,0.0,0.0,1044.8481676340102,0.0,0.0,6247.174160912632,0.0,715.978938615322,0.0,0.0,2499.0190776050085,0.0,0.0,0.0,0.0,0.0,0.0,0.0,3118.5760507225973,0.0,0.0,0.0,0.0,0.0,0.0,0.0
2208,0.0,203.95994382798662,0.0,0.0,0.0,0.0,0.0,0.0,0.0,0.0,0.0,0.0,0.0,1061.5338175058364,0.0,0.0,6607.87306204438,0.0,727.3226392269135,0.0,0.0,2715.6651096314185,0.0,0.0,0.0,0.0,0.0,0.0,0.0,3383.1273718595503,0.0,0.0,0.0,0.0,0.0,0.0,0.0
2209,0.0,200.1540198594331,0.0,0.0,0.0,0.0,0.0,0.0,0.0,0.0,0.0,0.0,0.0,1080.3272322416306,0.0,0.0,6926.54945859313,0.0,753.1206079006195,0.0,0.0,2967.190167939663,0.0,0.0,0.0,0.0,0.0,0.0,0.0,3595.8028573125603,0.0,0.0,0.0,0.0,0.0,0.0,0.0
2210,0.0,194.33253152668473,0.0,0.0,0.0,0.0,0.0,0.0,0.0,0.0,0.0,0.0,0.0,1096.9788974761964,0.0,0.0,7181.280239671467,0.0,781.8202315092087,0.0,0.0,3212.723629340529,0.0,0.0,0.0,0.0,0.0,0.0,0.0,3781.764223822951,0.0,0.0,0.0,0.0,0.0,0.0,0.0
2211,0.0,191.95863712728016,0.0,0.0,0.0,0.0,0.0,0.0,0.0,0.0,0.0,0.0,0.0,1105.800107741356,0.0,0.0,7344.07451620698,0.0,800.3683312058449,0.0,0.0,3394.739502829313,0.0,0.0,0.0,0.0,0.0,0.0,0.0,3972.0204612731914,0.0,0.0,0.0,0.0,0.0,0.0,0.0
2212,0.0,192.36230550706384,0.0,0.0,0.0,0.0,0.0,0.0,0.0,0.0,0.0,0.0,0.0,1110.5625300884246,0.0,0.0,7418.991216033697,0.0,811.7256668567657,0.0,0.0,3493.8070305526257,0.0,0.0,0.0,0.0,0.0,0.0,0.0,4190.302385982871,0.0,0.0,0.0,0.0,0.0,0.0,0.0
2213,0.0,194.74773088395594,0.0,0.0,0.0,0.0,0.0,0.0,0.0,0.0,0.0,0.0,0.0,1114.821459722519,0.0,0.0,7450.849676817654,0.0,810.365601325035,0.0,0.0,3289.2562131017444,0.0,0.0,0.0,0.0,0.0,0.0,0.0,4450.502786251902,0.0,0.0,0.0,0.0,0.0,0.0,0.0
2214,0.0,183.54806559383863,0.0,0.0,0.0,0.0,0.0,0.0,0.0,0.0,0.0,0.0,0.0,1120.6571330547333,0.0,0.0,7295.120019406078,0.0,801.7082998752593,0.0,0.0,3327.3620428115123,0.0,0.0,0.0,0.0,0.0,0.0,0.0,4498.863025802373,0.0,0.0,0.0,0.0,0.0,0.0,0.0
2215,0.0,169.9246786147355,0.0,0.0,0.0,0.0,0.0,0.0,0.0,0.0,0.0,0.0,0.0,1127.788078379631,0.0,0.0,7144.513416558504,0.0,791.2955167531967,0.0,0.0,3366.876609277725,0.0,0.0,0.0,0.0,0.0,0.0,0.0,4531.104390877485,0.0,0.0,0.0,0.0,0.0,0.0,0.0
2216,0.0,149.84227491617196,0.0,0.0,0.0,0.0,0.0,0.0,0.0,0.0,0.0,0.0,0.0,1132.8461401700974,0.0,0.0,7008.900265991688,0.0,774.0386552810668,0.0,0.0,3402.801667258143,0.0,0.0,0.0,0.0,0.0,0.0,0.0,4510.176794186233,0.0,0.0,0.0,0.0,0.0,0.0,0.0
2217,0.0,135.21134423017497,0.0,0.0,0.0,0.0,0.0,0.0,0.0,0.0,0.0,0.0,0.0,1139.485160112381,0.0,0.0,6901.966419816015,0.0,758.5935348391533,0.0,0.0,3423.3471830606454,0.0,0.0,0.0,0.0,0.0,0.0,0.0,4404.267743006347,0.0,0.0,0.0,0.0,0.0,0.0,0.0
2218,0.0,124.5800354897976,0.0,0.0,0.0,0.0,0.0,0.0,0.0,0.0,0.0,0.0,0.0,1130.144944357872,0.0,0.0,6662.351994544266,0.0,729.6104209780692,0.0,0.0,3374.912736448646,0.0,0.0,0.0,0.0,0.0,0.0,0.0,4114.862798926234,0.0,0.0,0.0,0.0,0.0,0.0,0.0
2219,0.0,114.23849516361946,0.0,0.0,0.0,0.0,0.0,0.0,0.0,0.0,0.0,0.0,0.0,1125.8921122312545,0.0,0.0,6413.891237959265,0.0,707.4850205063818,0.0,0.0,3324.718050098419,0.0,0.0,0.0,0.0,0.0,0.0,0.0,3845.275301349161,0.0,0.0,0.0,0.0,0.0,0.0,0.0
2220,0.0,109.16144224852317,0.0,0.0,0.0,0.0,0.0,0.0,0.0,0.0,0.0,0.0,0.0,1126.0472399950027,0.0,0.0,6166.250356793404,0.0,688.4493199467659,0.0,0.0,3275.1733869194986,0.0,0.0,0.0,0.0,0.0,0.0,0.0,3596.9459142327296,0.0,0.0,0.0,0.0,0.0,0.0,0.0
2221,0.0,102.20721072703597,0.0,0.0,0.0,0.0,0.0,0.0,0.0,0.0,0.0,0.0,0.0,1131.2287763118743,0.0,0.0,5910.985567674041,0.0,671.3755829811096,0.0,0.0,3231.5915585607286,0.0,0.0,0.0,0.0,0.0,0.0,0.0,3371.6541323900224,0.0,0.0,0.0,0.0,0.0,0.0,0.0
2222,0.0,95.4313726857304,0.0,0.0,0.0,0.0,0.0,0.0,0.0,0.0,0.0,0.0,0.0,1139.7499533414841,0.0,0.0,5633.565862283109,0.0,655.624385547638,0.0,0.0,3185.4017657876016,0.0,0.0,0.0,0.0,0.0,0.0,0.0,3170.9538044720884,0.0,0.0,0.0,0.0,0.0,0.0,0.0
2223,0.0,90.59124488532541,0.0,0.0,0.0,0.0,0.0,0.0,0.0,0.0,0.0,0.0,0.0,1161.4752828121186,0.0,0.0,5699.69729362428,0.0,658.5139467954634,0.0,0.0,3293.574764809012,0.0,0.0,0.0,0.0,0.0,0.0,0.0,2986.3135890081517,0.0,0.0,0.0,0.0,0.0,0.0,0.0
2224,0.0,86.38149121552703,0.0,0.0,0.0,0.0,0.0,0.0,0.0,0.0,0.0,0.0,0.0,1183.870620751381,0.0,0.0,5753.864689022303,0.0,660.5838050484656,0.0,0.0,3402.229453101754,0.0,0.0,0.0,0.0,0.0,0.0,0.0,2816.415227851271,0.0,0.0,0.0,0.0,0.0,0.0,0.0
2225,0.0,80.67334874421351,0.0,0.0,0.0,0.0,0.0,0.0,0.0,0.0,0.0,0.0,0.0,1203.5739988088608,0.0,0.0,5842.823505610227,0.0,631.5563476681708,0.0,0.0,3434.8901655614377,0.0,0.0,0.0,0.0,0.0,0.0,0.0,2654.0957210004312,0.0,0.0,0.0,0.0,0.0,0.0,0.0
2226,0.0,75.1286108851432,0.0,0.0,0.0,0.0,0.0,0.0,0.0,0.0,0.0,0.0,0.0,1229.2202945947647,0.0,0.0,5950.581894427536,0.0,601.1410211324691,0.0,0.0,3491.6171760588886,0.0,0.0,0.0,0.0,0.0,0.0,0.0,2526.5047495812164,0.0,0.0,0.0,0.0,0.0,0.0,0.0
2227,0.0,69.9876536294818,0.0,0.0,0.0,0.0,0.0,0.0,0.0,0.0,0.0,0.0,0.0,1259.6354689121247,0.0,0.0,6106.920624375343,0.0,560.742000234127,0.0,0.0,3484.9038021415467,0.0,0.0,0.0,0.0,0.0,0.0,0.0,2730.474777173994,0.0,0.0,0.0,0.0,0.0,0.0,0.0
2228,0.0,65.79041990786791,0.0,0.0,0.0,0.0,0.0,0.0,0.0,0.0,0.0,0.0,0.0,1280.2191297769546,0.0,0.0,6306.1390721052885,0.0,527.4803295969963,0.0,0.0,3489.285024923086,0.0,0.0,0.0,0.0,0.0,0.0,0.0,2912.1673088401553,0.0,0.0,0.0,0.0,0.0,0.0,0.0
2229,0.0,62.50796303898095,0.0,0.0,0.0,0.0,0.0,0.0,0.0,0.0,0.0,0.0,0.0,1291.8570298194886,0.0,0.0,6500.223186150191,0.0,502.5134462118149,0.0,0.0,3496.639036488533,0.0,0.0,0.0,0.0,0.0,0.0,0.0,3050.071467024086,0.0,0.0,0.0,0.0,0.0,0.0,0.0
2230,0.0,62.58722097426648,0.0,0.0,0.0,0.0,0.0,0.0,0.0,0.0,0.0,0.0,0.0,1289.7916785001755,0.0,0.0,6632.46387952566,0.0,482.4425497531891,0.0,0.0,3513.001031014323,0.0,0.0,0.0,0.0,0.0,0.0,0.0,3184.1862884581087,0.0,0.0,0.0,0.0,0.0,0.0,0.0
2231,0.0,65.10400410443539,0.0,0.0,0.0,0.0,0.0,0.0,0.0,0.0,0.0,0.0,0.0,1270.6932090520859,0.0,0.0,6661.539897829294,0.0,466.0256363451479,0.0,0.0,3538.280180856585,0.0,0.0,0.0,0.0,0.0,0.0,0.0,3302.5568659037353,0.0,0.0,0.0,0.0,0.0,0.0,0.0
2232,0.0,79.45781257599592,0.0,0.0,0.0,0.0,0.0,0.0,0.0,0.0,0.0,0.0,0.0,1238.587321448326,0.0,0.0,6890.085227072239,0.0,474.8347313523291,0.0,0.0,3396.293261057138,0.0,0.0,0.0,0.0,0.0,0.0,0.0,3593.705505165458,0.0,0.0,0.0,0.0,0.0,0.0,0.0
2233,0.0,107.52372080236671,0.0,0.0,0.0,0.0,0.0,0.0,0.0,0.0,0.0,0.0,0.0,1195.1881326436996,0.0,0.0,7036.664016902445,0.0,484.18647128343576,0.0,0.0,3388.4121463984247,0.0,0.0,0.0,0.0,0.0,0.0,0.0,4016.078959247468,0.0,0.0,0.0,0.0,0.0,0.0,0.0
2234,0.0,139.98526710569857,0.0,0.0,0.0,0.0,0.0,0.0,0.0,0.0,0.0,0.0,0.0,1147.3287964582444,0.0,0.0,7181.963987767696,0.0,495.1860650002955,0.0,0.0,3419.9284305453302,0.0,0.0,0.0,0.0,0.0,0.0,0.0,4445.595705452561,0.0,0.0,0.0,0.0,0.0,0.0,0.0
2235,0.0,172.75711874663827,0.0,0.0,0.0,0.0,0.0,0.0,0.0,0.0,0.0,0.0,0.0,1104.1599678993225,0.0,0.0,7327.325410395861,0.0,506.9848498702049,0.0,0.0,3446.9045435339212,0.0,0.0,0.0,0.0,0.0,0.0,0.0,4867.106352254748,0.0,0.0,0.0,0.0,0.0,0.0,0.0
2236,0.0,202.87701390087602,0.0,0.0,0.0,0.0,0.0,0.0,0.0,0.0,0.0,0.0,0.0,1067.786721754074,0.0,0.0,7457.490356564522,0.0,522.4266504764556,0.0,0.0,3441.6840733230115,0.0,0.0,0.0,0.0,0.0,0.0,0.0,5259.370869815349,0.0,0.0,0.0,0.0,0.0,0.0,0.0
2237,0.0,229.4013342440128,0.0,0.0,0.0,0.0,0.0,0.0,0.0,0.0,0.0,0.0,0.0,1031.826850748062,0.0,0.0,7574.5777452886105,0.0,529.0754513502121,0.0,0.0,3154.107403850555,0.0,0.0,0.0,0.0,0.0,0.0,0.0,5627.1173407763235,0.0,0.0,0.0,0.0,0.0,0.0,0.0
2238,0.0,254.65490439534187,0.0,0.0,0.0,0.0,0.0,0.0,0.0,0.0,0.0,0.0,0.0,1001.4675403594971,0.0,0.0,7378.460277974604,0.0,528.2371928453446,0.0,0.0,3002.777044326067,0.0,0.0,0.0,0.0,0.0,0.0,0.0,5865.956571039556,0.0,0.0,0.0,0.0,0.0,0.0,0.0
2239,0.0,276.11088318228724,0.0,0.0,0.0,0.0,0.0,0.0,0.0,0.0,0.0,0.0,0.0,976.6008288383484,0.0,0.0,7166.639940559864,0.0,535.430268919468,0.0,0.0,2866.9276511818166,0.0,0.0,0.0,0.0,0.0,0.0,0.0,6105.474547851085,0.0,0.0,0.0,0.0,0.0,0.0,0.0
2240,0.0,286.9723625779152,0.0,0.0,0.0,0.0,0.0,0.0,0.0,0.0,0.0,0.0,0.0,960.6753050088882,0.0,0.0,6944.307462334631,0.0,564.0939671635628,0.0,0.0,2762.4646586537356,0.0,0.0,0.0,0.0,0.0,0.0,0.0,6300.479841464758,0.0,0.0,0.0,0.0,0.0,0.0,0.0
2241,0.0,297.30324867367744,0.0,0.0,0.0,0.0,0.0,0.0,0.0,0.0,0.0,0.0,0.0,952.1824634552001,0.0,0.0,6730.80848056078,0.0,590.8609128713607,0.0,0.0,2721.604026505351,0.0,0.0,0.0,0.0,0.0,0.0,0.0,6514.044531905651,0.0,0.0,0.0,0.0,0.0,0.0,0.0
2242,0.0,291.95040619969365,0.0,0.0,0.0,0.0,0.0,0.0,0.0,0.0,0.0,0.0,0.0,932.2648656129837,0.0,0.0,6411.483729019761,0.0,603.7061870098114,0.0,0.0,2547.8695148259403,0.0,0.0,0.0,0.0,0.0,0.0,0.0,6396.313646864891,0.0,0.0,0.0,0.0,0.0,0.0,0.0
2243,0.0,277.51435183882705,0.0,0.0,0.0,0.0,0.0,0.0,0.0,0.0,0.0,0.0,0.0,921.4599926948547,0.0,0.0,6113.641813710332,0.0,618.0978524565696,0.0,0.0,2385.782134678959,0.0,0.0,0.0,0.0,0.0,0.0,0.0,6272.135212033986,0.0,0.0,0.0,0.0,0.0,0.0,0.0
2244,0.0,267.49491435885426,0.0,0.0,0.0,0.0,0.0,0.0,0.0,0.0,0.0,0.0,0.0,918.94073574543,0.0,0.0,5840.323430091141,0.0,645.808935713768,0.0,0.0,2245.016846689582,0.0,0.0,0.0,0.0,0.0,0.0,0.0,6156.210219514369,0.0,0.0,0.0,0.0,0.0,0.0,0.0
2245,0.0,259.8478001475334,0.0,0.0,0.0,0.0,0.0,0.0,0.0,0.0,0.0,0.0,0.0,922.8649301528931,0.0,0.0,5572.05420334637,0.0,671.706558740139,0.0,0.0,2113.4601193740964,0.0,0.0,0.0,0.0,0.0,0.0,0.0,6035.301122745871,0.0,0.0,0.0,0.0,0.0,0.0,0.0
2246,0.0,255.438898640871,0.0,0.0,0.0,0.0,0.0,0.0,0.0,0.0,0.0,0.0,0.0,931.2290066957473,0.0,0.0,5293.218773797154,0.0,688.3809669017792,0.0,0.0,1990.6782507330179,0.0,0.0,0.0,0.0,0.0,0.0,0.0,5906.714993894098,0.0,0.0,0.0,0.0,0.0,0.0,0.0
2247,0.0,271.3916272401809,0.0,0.0,0.0,0.0,0.0,0.0,0.0,0.0,0.0,0.0,0.0,953.7071093320847,0.0,0.0,5131.870558366178,0.0,714.0150186896324,0.0,0.0,2034.4075226336713,0.0,0.0,0.0,0.0,0.0,0.0,0.0,5746.257067880034,0.0,0.0,0.0,0.0,0.0,0.0,0.0
2248,0.0,293.80697774291036,0.0,0.0,0.0,0.0,0.0,0.0,0.0,0.0,0.0,0.0,0.0,973.5220359086991,0.0,0.0,4963.4779484421,0.0,736.9435229778289,0.0,0.0,2063.101337747275,0.0,0.0,0.0,0.0,0.0,0.0,0.0,5639.574889305234,0.0,0.0,0.0,0.0,0.0,0.0,0.0
2249,0.0,315.9595566272735,0.0,0.0,0.0,0.0,0.0,0.0,0.0,0.0,0.0,0.0,0.0,976.5258653640747,0.0,0.0,4790.415393471716,0.0,717.1351306676864,0.0,0.0,2039.6252680152654,0.0,0.0,0.0,0.0,0.0,0.0,0.0,5585.955358439683,0.0,0.0,0.0,0.0,0.0,0.0,0.0
2250,0.0,333.7437747895718,0.0,0.0,0.0,0.0,0.0,0.0,0.0,0.0,0.0,0.0,0.0,981.4366902828217,0.0,0.0,4615.958894714711,0.0,704.4132239937782,0.0,0.0,2014.268763296306,0.0,0.0,0.0,0.0,0.0,0.0,0.0,5579.038074091076,0.0,0.0,0.0,0.0,0.0,0.0,0.0
2251,0.0,345.22514943480485,0.0,0.0,0.0,0.0,0.0,0.0,0.0,0.0,0.0,0.0,0.0,992.1084043979645,0.0,0.0,4560.197253897784,0.0,684.5705069541931,0.0,0.0,1840.978096036613,0.0,0.0,0.0,0.0,0.0,0.0,0.0,5674.977470323442,0.0,0.0,0.0,0.0,0.0,0.0,0.0
2252,0.0,355.9746857643127,0.0,0.0,0.0,0.0,0.0,0.0,0.0,0.0,0.0,0.0,0.0,996.9239109277726,0.0,0.0,4500.302009686828,0.0,664.8850078463554,0.0,0.0,1672.1064964100715,0.0,0.0,0.0,0.0,0.0,0.0,0.0,5803.277925348281,0.0,0.0,0.0,0.0,0.0,0.0,0.0
2253,0.0,366.6226036012173,0.0,0.0,0.0,0.0,0.0,0.0,0.0,0.0,0.0,0.0,0.0,996.9063357591629,0.0,0.0,4439.492378801107,0.0,643.029521870613,0.0,0.0,1514.0721484914418,0.0,0.0,0.0,0.0,0.0,0.0,0.0,5936.838394913076,0.0,0.0,0.0,0.0,0.0,0.0,0.0
2254,0.0,378.3074396789074,0.0,0.0,0.0,0.0,0.0,0.0,0.0,0.0,0.0,0.0,0.0,990.7063363552094,0.0,0.0,4409.28922626376,0.0,619.1975480198859,0.0,0.0,1365.4013737589119,0.0,0.0,0.0,0.0,0.0,0.0,0.0,6095.451374262571,0.0,0.0,0.0,0.0,0.0,0.0,0.0
2255,0.0,391.01351074576377,0.0,0.0,0.0,0.0,0.0,0.0,0.0,0.0,0.0,0.0,0.0,977.1764156103134,0.0,0.0,4491.706152647732,0.0,594.334883761406,0.0,0.0,1302.0347111150618,0.0,0.0,0.0,0.0,0.0,0.0,0.0,6291.615274131298,0.0,0.0,0.0,0.0,0.0,0.0,0.0
2256,0.0,400.9781269848346,0.0,0.0,0.0,0.0,0.0,0.0,0.0,0.0,0.0,0.0,0.0,953.7012808322906,0.0,0.0,4672.535743728279,0.0,590.0703770041465,0.0,0.0,2013.0643887385718,0.0,0.0,0.0,0.0,0.0,0.0,0.0,7249.390659177303,0.0,0.0,0.0,0.0,0.0,0.0,0.0
2257,0.0,414.7334047794342,0.0,0.0,0.0,0.0,0.0,0.0,0.0,0.0,0.0,0.0,0.0,926.037786102295,0.0,0.0,4932.700338602065,0.0,586.7552246809005,0.0,0.0,2694.469570657611,0.0,0.0,0.0,0.0,0.0,0.0,0.0,8315.00755227804,0.0,0.0,0.0,0.0,0.0,0.0,0.0
2258,0.0,428.06077389121054,0.0,0.0,0.0,0.0,0.0,0.0,0.0,0.0,0.0,0.0,0.0,896.927388715744,0.0,0.0,5224.0863183885795,0.0,587.5692958116531,0.0,0.0,3281.1607452034946,0.0,0.0,0.0,0.0,0.0,0.0,0.0,9404.82282658219,0.0,0.0,0.0,0.0,0.0,0.0,0.0
2259,0.0,439.77641535401347,0.0,0.0,0.0,0.0,0.0,0.0,0.0,0.0,0.0,0.0,0.0,870.4042175531388,0.0,0.0,5489.368911668658,0.0,594.9508318424224,0.0,0.0,3600.6121652573343,0.0,0.0,0.0,0.0,0.0,0.0,0.0,10515.806169849633,0.0,0.0,0.0,0.0,0.0,0.0,0.0
2260,0.0,447.4465073525905,0.0,0.0,0.0,0.0,0.0,0.0,0.0,0.0,0.0,0.0,0.0,842.7816119909287,0.0,0.0,5742.2650853693485,0.0,605.3043321847915,0.0,0.0,3648.188896152377,0.0,0.0,0.0,0.0,0.0,0.0,0.0,11547.62676438689,0.0,0.0,0.0,0.0,0.0,0.0,0.0
2261,0.0,453.76197602748863,0.0,0.0,0.0,0.0,0.0,0.0,0.0,0.0,0.0,0.0,0.0,824.1979335784912,0.0,0.0,5920.14032460749,0.0,587.7219489693641,0.0,0.0,2844.1099304884674,0.0,0.0,0.0,0.0,0.0,0.0,0.0,12452.12434232235,0.0,0.0,0.0,0.0,0.0,0.0,0.0
2262,0.0,458.913966268301,0.0,0.0,0.0,0.0,0.0,0.0,0.0,0.0,0.0,0.0,0.0,811.4216826915741,0.0,0.0,5937.754811257122,0.0,575.6579033017158,0.0,0.0,2659.419788405299,0.0,0.0,0.0,0.0,0.0,0.0,0.0,12977.315784454346,0.0,0.0,0.0,0.0,0.0,0.0,0.0
2263,0.0,463.0629859149456,0.0,0.0,0.0,0.0,0.0,0.0,0.0,0.0,0.0,0.0,0.0,805.7067041397095,0.0,0.0,5952.640139549971,0.0,573.3619405269621,0.0,0.0,2488.6580655097955,0.0,0.0,0.0,0.0,0.0,0.0,0.0,13504.762241756916,0.0,0.0,0.0,0.0,0.0,0.0,0.0
2264,0.0,466.35545874238016,0.0,0.0,0.0,0.0,0.0,0.0,0.0,0.0,0.0,0.0,0.0,803.1365150690078,0.0,0.0,5987.423393100498,0.0,571.1270390152931,0.0,0.0,2302.6139860153194,0.0,0.0,0.0,0.0,0.0,0.0,0.0,14000.79614969492,0.0,0.0,0.0,0.0,0.0,0.0,0.0
2265,0.0,468.0481837928295,0.0,0.0,0.0,0.0,0.0,0.0,0.0,0.0,0.0,0.0,0.0,805.9051421403885,0.0,0.0,6040.681069046258,0.0,570.3750369548798,0.0,0.0,2116.51843752265,0.0,0.0,0.0,0.0,0.0,0.0,0.0,14436.414744198322,0.0,0.0,0.0,0.0,0.0,0.0,0.0
2266,0.0,460.79758370518687,0.0,0.0,0.0,0.0,0.0,0.0,0.0,0.0,0.0,0.0,0.0,799.1350257873535,0.0,0.0,5716.801886215804,0.0,555.7925995230675,0.0,0.0,1955.4813276976342,0.0,0.0,0.0,0.0,0.0,0.0,0.0,14577.621508789063,0.0,0.0,0.0,0.0,0.0,0.0,0.0
2267,0.0,448.4439228773117,0.0,0.0,0.0,0.0,0.0,0.0,0.0,0.0,0.0,0.0,0.0,797.1833750486373,0.0,0.0,5361.612641245126,0.0,542.1395975112914,0.0,0.0,1778.3998173415662,0.0,0.0,0.0,0.0,0.0,0.0,0.0,14712.837078487873,0.0,0.0,0.0,0.0,0.0,0.0,0.0
2268,0.0,436.19339556097987,0.0,0.0,0.0,0.0,0.0,0.0,0.0,0.0,0.0,0.0,0.0,795.0853841304779,0.0,0.0,5025.65857593715,0.0,532.3962355375289,0.0,0.0,1626.42079706043,0.0,0.0,0.0,0.0,0.0,0.0,0.0,14852.462873494625,0.0,0.0,0.0,0.0,0.0,0.0,0.0
2269,0.0,423.9867196261883,0.0,0.0,0.0,0.0,0.0,0.0,0.0,0.0,0.0,0.0,0.0,794.9424513816833,0.0,0.0,4751.405581012367,0.0,523.3327284812926,0.0,0.0,1497.3223199263216,0.0,0.0,0.0,0.0,0.0,0.0,0.0,14988.57090269327,0.0,0.0,0.0,0.0,0.0,0.0,0.0
2270,0.0,413.60721264481543,0.0,0.0,0.0,0.0,0.0,0.0,0.0,0.0,0.0,0.0,0.0,797.1878585100173,0.0,0.0,4534.2338840663415,0.0,515.1298295378684,0.0,0.0,1387.8836376875638,0.0,0.0,0.0,0.0,0.0,0.0,0.0,15132.741442835331,0.0,0.0,0.0,0.0,0.0,0.0,0.0
2271,0.0,405.97578168511393,0.0,0.0,0.0,0.0,0.0,0.0,0.0,0.0,0.0,0.0,0.0,815.9700645923615,0.0,0.0,4729.457967206836,0.0,528.2056544065474,0.0,0.0,1337.2030234426256,0.0,0.0,0.0,0.0,0.0,0.0,0.0,15333.251200997829,0.0,0.0,0.0,0.0,0.0,0.0,0.0
2272,0.0,408.75435447692865,0.0,0.0,0.0,0.0,0.0,0.0,0.0,0.0,0.0,0.0,0.0,839.9520995140076,0.0,0.0,4936.74759837985,0.0,536.165493953228,0.0,0.0,1289.966593453288,0.0,0.0,0.0,0.0,0.0,0.0,0.0,15589.796422731877,0.0,0.0,0.0,0.0,0.0,0.0,0.0
2273,0.0,414.24761676192276,0.0,0.0,0.0,0.0,0.0,0.0,0.0,0.0,0.0,0.0,0.0,849.4737161159516,0.0,0.0,5156.42364913225,0.0,523.2520446181297,0.0,0.0,1219.5439852952952,0.0,0.0,0.0,0.0,0.0,0.0,0.0,15849.37918895483,0.0,0.0,0.0,0.0,0.0,0.0,0.0
2274,0.0,419.15566089749336,0.0,0.0,0.0,0.0,0.0,0.0,0.0,0.0,0.0,0.0,0.0,871.9243799686432,0.0,0.0,5443.98950730264,0.0,525.7144141554833,0.0,0.0,1141.4751276277007,0.0,0.0,0.0,0.0,0.0,0.0,0.0,16100.841586244107,0.0,0.0,0.0,0.0,0.0,0.0,0.0
2275,0.0,418.50481998324386,0.0,0.0,0.0,0.0,0.0,0.0,0.0,0.0,0.0,0.0,0.0,911.913896393776,0.0,0.0,5765.389228180051,0.0,513.0503674745559,0.0,0.0,1040.5842349536717,0.0,0.0,0.0,0.0,0.0,0.0,0.0,16618.789207994938,0.0,0.0,0.0,0.0,0.0,0.0,0.0
2276,0.0,425.06378586888314,0.0,0.0,0.0,0.0,0.0,0.0,0.0,0.0,0.0,0.0,0.0,956.6914805650711,0.0,0.0,6186.974380433559,0.0,502.20879200696936,0.0,0.0,946.5667999193067,0.0,0.0,0.0,0.0,0.0,0.0,0.0,17058.76306271553,0.0,0.0,0.0,0.0,0.0,0.0,0.0
2277,0.0,426.3727622330189,0.0,0.0,0.0,0.0,0.0,0.0,0.0,0.0,0.0,0.0,0.0,1002.5676921129227,0.0,0.0,6609.25844925642,0.0,488.3842552721499,0.0,0.0,865.785980185121,0.0,0.0,0.0,0.0,0.0,0.0,0.0,17456.340028619765,0.0,0.0,0.0,0.0,0.0,0.0,0.0
2278,0.0,424.5923905313014,0.0,0.0,0.0,0.0,0.0,0.0,0.0,0.0,0.0,0.0,0.0,1038.274516558647,0.0,0.0,6989.6386387348175,0.0,475.47551891803727,0.0,0.0,799.6963047780092,0.0,0.0,0.0,0.0,0.0,0.0,0.0,17777.76430773735,0.0,0.0,0.0,0.0,0.0,0.0,0.0
2279,0.0,419.49106925725937,0.0,0.0,0.0,0.0,0.0,0.0,0.0,0.0,0.0,0.0,0.0,1051.7825580120086,0.0,0.0,7258.154839336872,0.0,467.2003542661666,0.0,0.0,766.7062664195894,0.0,0.0,0.0,0.0,0.0,0.0,0.0,17997.870567202568,0.0,0.0,0.0,0.0,0.0,0.0,0.0
2280,0.0,435.34975445866587,0.0,0.0,0.0,0.0,0.0,0.0,0.0,0.0,0.0,0.0,0.0,1046.0867686748504,0.0,0.0,7687.238273471592,0.0,489.998495721817,0.0,0.0,1639.3381531924008,0.0,0.0,0.0,0.0,0.0,0.0,0.0,18277.287052488326,0.0,0.0,0.0,0.0,0.0,0.0,0.0
2281,0.0,449.2073240876198,0.0,0.0,0.0,0.0,0.0,0.0,0.0,0.0,0.0,0.0,0.0,1022.0480628013611,0.0,0.0,8109.0828455090505,0.0,517.5515903711319,0.0,0.0,2578.997662174702,0.0,0.0,0.0,0.0,0.0,0.0,0.0,18462.221439671517,0.0,0.0,0.0,0.0,0.0,0.0,0.0
2282,0.0,462.3746061980724,0.0,0.0,0.0,0.0,0.0,0.0,0.0,0.0,0.0,0.0,0.0,993.2223652124405,0.0,0.0,8531.35835775733,0.0,546.3016043424606,0.0,0.0,3385.382741716504,0.0,0.0,0.0,0.0,0.0,0.0,0.0,18587.61995487213,0.0,0.0,0.0,0.0,0.0,0.0,0.0
2283,0.0,473.32350779771804,0.0,0.0,0.0,0.0,0.0,0.0,0.0,0.0,0.0,0.0,0.0,974.2707739591599,0.0,0.0,8948.856189906595,0.0,573.1389779925346,0.0,0.0,3933.2008957207204,0.0,0.0,0.0,0.0,0.0,0.0,0.0,18672.87370352745,0.0,0.0,0.0,0.0,0.0,0.0,0.0
2284,0.0,487.08627651929856,0.0,0.0,0.0,0.0,0.0,0.0,0.0,0.0,0.0,0.0,0.0,960.5701230049133,0.0,0.0,9355.36815816164,0.0,593.021118080616,0.0,0.0,4304.043807712196,0.0,0.0,0.0,0.0,0.0,0.0,0.0,18751.38265696764,0.0,0.0,0.0,0.0,0.0,0.0,0.0
2285,0.0,499.1942517757416,0.0,0.0,0.0,0.0,0.0,0.0,0.0,0.0,0.0,0.0,0.0,943.7892444133759,0.0,0.0,9730.771532714367,0.0,576.5782091736794,0.0,0.0,4332.351453959942,0.0,0.0,0.0,0.0,0.0,0.0,0.0,18876.228628361227,0.0,0.0,0.0,0.0,0.0,0.0,0.0
2286,0.0,516.3066151499748,0.0,0.0,0.0,0.0,0.0,0.0,0.0,0.0,0.0,0.0,0.0,932.3649364709854,0.0,0.0,9678.364069133997,0.0,559.671827495098,0.0,0.0,4284.8646424323315,0.0,0.0,0.0,0.0,0.0,0.0,0.0,18670.003947210313,0.0,0.0,0.0,0.0,0.0,0.0,0.0
2287,0.0,528.3749193549156,0.0,0.0,0.0,0.0,0.0,0.0,0.0,0.0,0.0,0.0,0.0,921.7202127933502,0.0,0.0,9723.752807945013,0.0,547.4692972540855,0.0,0.0,4237.124724537134,0.0,0.0,0.0,0.0,0.0,0.0,0.0,18489.06610070467,0.0,0.0,0.0,0.0,0.0,0.0,0.0
2288,0.0,537.7618644833565,0.0,0.0,0.0,0.0,0.0,0.0,0.0,0.0,0.0,0.0,0.0,914.9056205034256,0.0,0.0,9777.29362872243,0.0,537.1856320261954,0.0,0.0,4177.519083246588,0.0,0.0,0.0,0.0,0.0,0.0,0.0,18369.14673718214,0.0,0.0,0.0,0.0,0.0,0.0,0.0
2289,0.0,549.0967872977257,0.0,0.0,0.0,0.0,0.0,0.0,0.0,0.0,0.0,0.0,0.0,912.9469755649567,0.0,0.0,9820.879263907671,0.0,526.0957209944725,0.0,0.0,4111.225802537799,0.0,0.0,0.0,0.0,0.0,0.0,0.0,18272.16372745037,0.0,0.0,0.0,0.0,0.0,0.0,0.0
2290,0.0,538.6409121394157,0.0,0.0,0.0,0.0,0.0,0.0,0.0,0.0,0.0,0.0,0.0,892.7954307079315,0.0,0.0,9505.364910602568,0.0,514.9241775751112,0.0,0.0,3990.958497217297,0.0,0.0,0.0,0.0,0.0,0.0,0.0,18350.19824537039,0.0,0.0,0.0,0.0,0.0,0.0,0.0
2291,0.0,529.0693030357361,0.0,0.0,0.0,0.0,0.0,0.0,0.0,0.0,0.0,0.0,0.0,872.9069753646851,0.0,0.0,9148.812447726725,0.0,518.2154389381409,0.0,0.0,3894.5946056932207,0.0,0.0,0.0,0.0,0.0,0.0,0.0,18412.86134172678,0.0,0.0,0.0,0.0,0.0,0.0,0.0
2292,0.0,517.1191703081131,0.0,0.0,0.0,0.0,0.0,0.0,0.0,0.0,0.0,0.0,0.0,860.7791226625443,0.0,0.0,8740.311464816332,0.0,530.384770822525,0.0,0.0,3814.213957419991,0.0,0.0,0.0,0.0,0.0,0.0,0.0,18514.838942468166,0.0,0.0,0.0,0.0,0.0,0.0,0.0
2293,0.0,505.30494039058686,0.0,0.0,0.0,0.0,0.0,0.0,0.0,0.0,0.0,0.0,0.0,859.1219456672668,0.0,0.0,8289.523112446068,0.0,546.650542783737,0.0,0.0,3743.8576534420254,0.0,0.0,0.0,0.0,0.0,0.0,0.0,18599.470717728138,0.0,0.0,0.0,0.0,0.0,0.0,0.0
2294,0.0,494.9176899790764,0.0,0.0,0.0,0.0,0.0,0.0,0.0,0.0,0.0,0.0,0.0,863.1677315473556,0.0,0.0,7868.609651297329,0.0,568.8690172195435,0.0,0.0,3665.3198980629445,0.0,0.0,0.0,0.0,0.0,0.0,0.0,18618.981878495215,0.0,0.0,0.0,0.0,0.0,0.0,0.0
2295,0.0,473.2905140519142,0.0,0.0,0.0,0.0,0.0,0.0,0.0,0.0,0.0,0.0,0.0,886.9872858285904,0.0,0.0,7898.633893638849,0.0,612.2500805020331,0.0,0.0,3802.0330621004105,0.0,0.0,0.0,0.0,0.0,0.0,0.0,18258.292274284362,0.0,0.0,0.0,0.0,0.0,0.0,0.0
2296,0.0,459.2218517839908,0.0,0.0,0.0,0.0,0.0,0.0,0.0,0.0,0.0,0.0,0.0,910.966092658043,0.0,0.0,7889.7653930187225,0.0,649.5721472859383,0.0,0.0,3914.0598780512805,0.0,0.0,0.0,0.0,0.0,0.0,0.0,17918.139363718034,0.0,0.0,0.0,0.0,0.0,0.0,0.0
2297,0.0,445.563394922018,0.0,0.0,0.0,0.0,0.0,0.0,0.0,0.0,0.0,0.0,0.0,924.594649553299,0.0,0.0,7940.279520004986,0.0,640.4440812826157,0.0,0.0,4103.195125025511,0.0,0.0,0.0,0.0,0.0,0.0,0.0,17570.492396962643,0.0,0.0,0.0,0.0,0.0,0.0,0.0
2298,0.0,429.5822456896305,0.0,0.0,0.0,0.0,0.0,0.0,0.0,0.0,0.0,0.0,0.0,934.4589819431305,0.0,0.0,8027.152866005896,0.0,631.1260139703751,0.0,0.0,4218.015193784236,0.0,0.0,0.0,0.0,0.0,0.0,0.0,17192.297857797144,0.0,0.0,0.0,0.0,0.0,0.0,0.0
2299,0.0,420.5726805567741,0.0,0.0,0.0,0.0,0.0,0.0,0.0,0.0,0.0,0.0,0.0,953.09601354599,0.0,0.0,8082.3528843820095,0.0,609.5527140259743,0.0,0.0,4117.739355638622,0.0,0.0,0.0,0.0,0.0,0.0,0.0,16985.643581068514,0.0,0.0,0.0,0.0,0.0,0.0,0.0
2300,0.0,411.04727953076355,0.0,0.0,0.0,0.0,0.0,0.0,0.0,0.0,0.0,0.0,0.0,970.0174934864044,0.0,0.0,8139.321780085564,0.0,591.3718118667601,0.0,0.0,4088.9312490731472,0.0,0.0,0.0,0.0,0.0,0.0,0.0,16693.117921638488,0.0,0.0,0.0,0.0,0.0,0.0,0.0
2301,0.0,391.9533274948597,0.0,0.0,0.0,0.0,0.0,0.0,0.0,0.0,0.0,0.0,0.0,987.4275810480118,0.0,0.0,8200.615635305641,0.0,568.5033017516137,0.0,0.0,4086.880360874534,0.0,0.0,0.0,0.0,0.0,0.0,0.0,16354.46353302002,0.0,0.0,0.0,0.0,0.0,0.0,0.0
2302,0.0,370.79504992961876,0.0,0.0,0.0,0.0,0.0,0.0,0.0,0.0,0.0,0.0,0.0,1007.6019018888474,0.0,0.0,8251.45568999648,0.0,544.9418352246284,0.0,0.0,4060.64207111299,0.0,0.0,0.0,0.0,0.0,0.0,0.0,15956.880781316757,0.0,0.0,0.0,0.0,0.0,0.0,0.0
2303,0.0,350.5208700835704,0.0,0.0,0.0,0.0,0.0,0.0,0.0,0.0,0.0,0.0,0.0,1034.3479010820388,0.0,0.0,8229.620089530943,0.0,522.612324142456,0.0,0.0,3963.114980229735,0.0,0.0,0.0,0.0,0.0,0.0,0.0,15490.296590423584,0.0,0.0,0.0,0.0,0.0,0.0,0.0
2304,0.0,321.8876293480396,0.0,0.0,0.0,0.0,0.0,0.0,0.0,0.0,0.0,0.0,0.0,1063.4715695142745,0.0,0.0,8198.737078249453,0.0,529.4448423504829,0.0,0.0,3890.280595368147,0.0,0.0,0.0,0.0,0.0,0.0,0.0,15392.444264388085,0.0,0.0,0.0,0.0,0.0,0.0,0.0
2305,0.0,301.57703293561934,0.0,0.0,0.0,0.0,0.0,0.0,0.0,0.0,0.0,0.0,0.0,1097.378104877472,0.0,0.0,8139.191875725985,0.0,536.9469595551491,0.0,0.0,3338.8205556035036,0.0,0.0,0.0,0.0,0.0,0.0,0.0,15279.579236328602,0.0,0.0,0.0,0.0,0.0,0.0,0.0
2306,0.0,283.7553601384163,0.0,0.0,0.0,0.0,0.0,0.0,0.0,0.0,0.0,0.0,0.0,1130.385347557068,0.0,0.0,8072.437370181084,0.0,540.8503156185149,0.0,0.0,2910.5010022938245,0.0,0.0,0.0,0.0,0.0,0.0,0.0,15188.694458770751,0.0,0.0,0.0,0.0,0.0,0.0,0.0
2307,0.0,269.5539934337139,0.0,0.0,0.0,0.0,0.0,0.0,0.0,0.0,0.0,0.0,0.0,1158.8116584062577,0.0,0.0,8007.737998276947,0.0,539.0549959182738,0.0,0.0,2865.952162286639,0.0,0.0,0.0,0.0,0.0,0.0,0.0,15131.662391316891,0.0,0.0,0.0,0.0,0.0,0.0,0.0
2308,0.0,257.36476827263834,0.0,0.0,0.0,0.0,0.0,0.0,0.0,0.0,0.0,0.0,0.0,1174.4913092136383,0.0,0.0,7953.471424400806,0.0,524.2607411146163,0.0,0.0,2905.955078718066,0.0,0.0,0.0,0.0,0.0,0.0,0.0,15145.530951583385,0.0,0.0,0.0,0.0,0.0,0.0,0.0
2309,0.0,251.20444875955582,0.0,0.0,0.0,0.0,0.0,0.0,0.0,0.0,0.0,0.0,0.0,1174.1804260015488,0.0,0.0,7916.107196807861,0.0,467.67515004873275,0.0,0.0,2955.129467868805,0.0,0.0,0.0,0.0,0.0,0.0,0.0,15169.181851553916,0.0,0.0,0.0,0.0,0.0,0.0,0.0
2310,0.0,256.65916222929957,0.0,0.0,0.0,0.0,0.0,0.0,0.0,0.0,0.0,0.0,0.0,1163.3034590244292,0.0,0.0,7614.869099259375,0.0,398.32683611512186,0.0,0.0,2857.5091272711747,0.0,0.0,0.0,0.0,0.0,0.0,0.0,14899.790709531308,0.0,0.0,0.0,0.0,0.0,0.0,0.0
2311,0.0,265.20392516255373,0.0,0.0,0.0,0.0,0.0,0.0,0.0,0.0,0.0,0.0,0.0,1140.4272250175477,0.0,0.0,7350.490391403437,0.0,338.0512180685996,0.0,0.0,2776.4239592403173,0.0,0.0,0.0,0.0,0.0,0.0,0.0,14696.011974918842,0.0,0.0,0.0,0.0,0.0,0.0,0.0
2312,0.0,270.7773151159287,0.0,0.0,0.0,0.0,0.0,0.0,0.0,0.0,0.0,0.0,0.0,1105.9436681747436,0.0,0.0,7098.6618448495865,0.0,287.26318644285186,0.0,0.0,2706.4721410363913,0.0,0.0,0.0,0.0,0.0,0.0,0.0,14483.943636751175,0.0,0.0,0.0,0.0,0.0,0.0,0.0
2313,0.0,272.12621503472326,0.0,0.0,0.0,0.0,0.0,0.0,0.0,0.0,0.0,0.0,0.0,1066.3426885128022,0.0,0.0,6861.3926988840085,0.0,251.16187065839762,0.0,0.0,2625.5468296587464,0.0,0.0,0.0,0.0,0.0,0.0,0.0,14323.114334762096,0.0,0.0,0.0,0.0,0.0,0.0,0.0
2314,0.0,265.99625201225274,0.0,0.0,0.0,0.0,0.0,0.0,0.0,0.0,0.0,0.0,0.0,1011.3635259866714,0.0,0.0,6383.167690113186,0.0,234.766758492589,0.0,0.0,2574.0472528249024,0.0,0.0,0.0,0.0,0.0,0.0,0.0,14152.343583595753,0.0,0.0,0.0,0.0,0.0,0.0,0.0
2315,0.0,264.6699090421199,0.0,0.0,0.0,0.0,0.0,0.0,0.0,0.0,0.0,0.0,0.0,975.3511088132858,0.0,0.0,5933.446187019348,0.0,242.9102709114551,0.0,0.0,2505.545346575975,0.0,0.0,0.0,0.0,0.0,0.0,0.0,14020.392650997639,0.0,0.0,0.0,0.0,0.0,0.0,0.0
2316,0.0,267.386001330614,0.0,0.0,0.0,0.0,0.0,0.0,0.0,0.0,0.0,0.0,0.0,953.1214796066284,0.0,0.0,5542.803164198993,0.0,251.8468238949774,0.0,0.0,2441.1249318838118,0.0,0.0,0.0,0.0,0.0,0.0,0.0,13914.781568467617,0.0,0.0,0.0,0.0,0.0,0.0,0.0
2317,0.0,270.5490522623062,0.0,0.0,0.0,0.0,0.0,0.0,0.0,0.0,0.0,0.0,0.0,932.1677538394928,0.0,0.0,5139.388287007807,0.0,247.9968667954205,0.0,0.0,2398.5623410686844,0.0,0.0,0.0,0.0,0.0,0.0,0.0,13834.684413194656,0.0,0.0,0.0,0.0,0.0,0.0,0.0
2318,0.0,273.31376543641085,0.0,0.0,0.0,0.0,0.0,0.0,0.0,0.0,0.0,0.0,0.0,908.5674408197403,0.0,0.0,4736.578593000768,0.0,233.6750661045311,0.0,0.0,2378.2761381894343,0.0,0.0,0.0,0.0,0.0,0.0,0.0,13773.84384353161,0.0,0.0,0.0,0.0,0.0,0.0,0.0
2319,0.0,288.3176152288914,0.0,0.0,0.0,0.0,0.0,0.0,0.0,0.0,0.0,0.0,0.0,888.5614291191101,0.0,0.0,4764.865850701928,0.0,229.91259556710713,0.0,0.0,2410.465152418613,0.0,0.0,0.0,0.0,0.0,0.0,0.0,13834.729253137111,0.0,0.0,0.0,0.0,0.0,0.0,0.0
2320,0.0,298.8625959455967,0.0,0.0,0.0,0.0,0.0,0.0,0.0,0.0,0.0,0.0,0.0,854.5288188219071,0.0,0.0,4792.999090060592,0.0,219.28145914673803,0.0,0.0,2447.2489857718347,0.0,0.0,0.0,0.0,0.0,0.0,0.0,14009.228951776027,0.0,0.0,0.0,0.0,0.0,0.0,0.0
2321,0.0,311.5971718132496,0.0,0.0,0.0,0.0,0.0,0.0,0.0,0.0,0.0,0.0,0.0,819.5145098209381,0.0,0.0,4835.11688376963,0.0,200.2935701489448,0.0,0.0,2511.994109290838,0.0,0.0,0.0,0.0,0.0,0.0,0.0,14251.099940729142,0.0,0.0,0.0,0.0,0.0,0.0,0.0
2322,0.0,330.3867172658443,0.0,0.0,0.0,0.0,0.0,0.0,0.0,0.0,0.0,0.0,0.0,776.2743045568466,0.0,0.0,4878.776416644453,0.0,186.07008994817724,0.0,0.0,2558.240517961979,0.0,0.0,0.0,0.0,0.0,0.0,0.0,14543.627046608925,0.0,0.0,0.0,0.0,0.0,0.0,0.0
2323,0.0,343.4517355978489,0.0,0.0,0.0,0.0,0.0,0.0,0.0,0.0,0.0,0.0,0.0,743.3261538982391,0.0,0.0,4922.287376269696,0.0,171.38636788725836,0.0,0.0,2512.4530916512003,0.0,0.0,0.0,0.0,0.0,0.0,0.0,15121.530010771752,0.0,0.0,0.0,0.0,0.0,0.0,0.0
2324,0.0,357.83650376200677,0.0,0.0,0.0,0.0,0.0,0.0,0.0,0.0,0.0,0.0,0.0,714.719428563118,0.0,0.0,5057.2125004529935,0.0,165.05547091960904,0.0,0.0,2469.3968525916334,0.0,0.0,0.0,0.0,0.0,0.0,0.0,15691.198336470126,0.0,0.0,0.0,0.0,0.0,0.0,0.0
2325,0.0,371.4983273327351,0.0,0.0,0.0,0.0,0.0,0.0,0.0,0.0,0.0,0.0,0.0,687.760061442852,0.0,0.0,5259.662221893668,0.0,164.62564112544055,0.0,0.0,2444.32600081265,0.0,0.0,0.0,0.0,0.0,0.0,0.0,16219.104764795304,0.0,0.0,0.0,0.0,0.0,0.0,0.0
2326,0.0,378.1555450022221,0.0,0.0,0.0,0.0,0.0,0.0,0.0,0.0,0.0,0.0,0.0,663.0744369268416,0.0,0.0,5465.846110269427,0.0,170.4161014527081,0.0,0.0,2421.263953757285,0.0,0.0,0.0,0.0,0.0,0.0,0.0,16651.82178108692,0.0,0.0,0.0,0.0,0.0,0.0,0.0
2327,0.0,380.574918025732,0.0,0.0,0.0,0.0,0.0,0.0,0.0,0.0,0.0,0.0,0.0,639.7813306808471,0.0,0.0,5601.288907214999,0.0,181.41117485761634,0.0,0.0,2645.9657922774554,0.0,0.0,0.0,0.0,0.0,0.0,0.0,16861.934519183636,0.0,0.0,0.0,0.0,0.0,0.0,0.0
2328,0.0,396.5406365096569,0.0,0.0,0.0,0.0,0.0,0.0,0.0,0.0,0.0,0.0,0.0,615.9103510975837,0.0,0.0,5779.061078622936,0.0,215.87809404730794,0.0,0.0,3794.9781762421126,0.0,0.0,0.0,0.0,0.0,0.0,0.0,16889.660068118574,0.0,0.0,0.0,0.0,0.0,0.0,0.0
2329,0.0,401.05558934211723,0.0,0.0,0.0,0.0,0.0,0.0,0.0,0.0,0.0,0.0,0.0,591.9842697739601,0.0,0.0,5945.778933539986,0.0,250.56637513637537,0.0,0.0,4665.932325053214,0.0,0.0,0.0,0.0,0.0,0.0,0.0,16620.44973231554,0.0,0.0,0.0,0.0,0.0,0.0,0.0
2330,0.0,402.0505359470844,0.0,0.0,0.0,0.0,0.0,0.0,0.0,0.0,0.0,0.0,0.0,566.6751751184463,0.0,0.0,6088.390584245323,0.0,283.7275911033153,0.0,0.0,5172.791753053665,0.0,0.0,0.0,0.0,0.0,0.0,0.0,16266.329902899266,0.0,0.0,0.0,0.0,0.0,0.0,0.0
2331,0.0,416.7934658110142,0.0,0.0,0.0,0.0,0.0,0.0,0.0,0.0,0.0,0.0,0.0,540.7340469121933,0.0,0.0,6228.366032108664,0.0,311.597255796194,0.0,0.0,5316.580996066332,0.0,0.0,0.0,0.0,0.0,0.0,0.0,15937.167117583751,0.0,0.0,0.0,0.0,0.0,0.0,0.0
2332,0.0,399.5623417854309,0.0,0.0,0.0,0.0,0.0,0.0,0.0,0.0,0.0,0.0,0.0,510.50489140748977,0.0,0.0,6365.13976533711,0.0,344.457582014799,0.0,0.0,5337.184944319725,0.0,0.0,0.0,0.0,0.0,0.0,0.0,15586.443552196026,0.0,0.0,0.0,0.0,0.0,0.0,0.0
2333,0.0,400.6708025872707,0.0,0.0,0.0,0.0,0.0,0.0,0.0,0.0,0.0,0.0,0.0,483.42357413768764,0.0,0.0,6492.423090547321,0.0,369.1539284348488,0.0,0.0,5347.829944181442,0.0,0.0,0.0,0.0,0.0,0.0,0.0,15260.293721723556,0.0,0.0,0.0,0.0,0.0,0.0,0.0
2334,0.0,411.2181680560112,0.0,0.0,0.0,0.0,0.0,0.0,0.0,0.0,0.0,0.0,0.0,457.636856341362,0.0,0.0,6301.893455371259,0.0,369.08987339138986,0.0,0.0,5435.1637513518335,0.0,0.0,0.0,0.0,0.0,0.0,0.0,14584.87690076828,0.0,0.0,0.0,0.0,0.0,0.0,0.0
2335,0.0,424.5232327222824,0.0,0.0,0.0,0.0,0.0,0.0,0.0,0.0,0.0,0.0,0.0,429.348725771904,0.0,0.0,6127.669150933623,0.0,368.2280499815939,0.0,0.0,5458.330250197649,0.0,0.0,0.0,0.0,0.0,0.0,0.0,13940.432908451558,0.0,0.0,0.0,0.0,0.0,0.0,0.0
2336,0.0,433.6193783819675,0.0,0.0,0.0,0.0,0.0,0.0,0.0,0.0,0.0,0.0,0.0,394.4576671242714,0.0,0.0,5977.408311486244,0.0,367.73087494969354,0.0,0.0,5454.571802294255,0.0,0.0,0.0,0.0,0.0,0.0,0.0,13327.780435335637,0.0,0.0,0.0,0.0,0.0,0.0,0.0
2337,0.0,422.55477422475815,0.0,0.0,0.0,0.0,0.0,0.0,0.0,0.0,0.0,0.0,0.0,354.87356769442556,0.0,0.0,5847.666137889028,0.0,368.6548267126083,0.0,0.0,5417.169584065676,0.0,0.0,0.0,0.0,0.0,0.0,0.0,12697.306254768371,0.0,0.0,0.0,0.0,0.0,0.0,0.0
2338,0.0,380.68035212159157,0.0,0.0,0.0,0.0,0.0,0.0,0.0,0.0,0.0,0.0,0.0,293.83310164213174,0.0,0.0,5534.598964914678,0.0,353.6843242049216,0.0,0.0,5271.24346935153,0.0,0.0,0.0,0.0,0.0,0.0,0.0,12119.089411008357,0.0,0.0,0.0,0.0,0.0,0.0,0.0
2339,0.0,340.0911430299282,0.0,0.0,0.0,0.0,0.0,0.0,0.0,0.0,0.0,0.0,0.0,233.28252099752427,0.0,0.0,5178.30281034112,0.0,344.4987835466862,0.0,0.0,5151.784530061484,0.0,0.0,0.0,0.0,0.0,0.0,0.0,11531.51331409812,0.0,0.0,0.0,0.0,0.0,0.0,0.0
2340,0.0,307.97296594977377,0.0,0.0,0.0,0.0,0.0,0.0,0.0,0.0,0.0,0.0,0.0,179.12665648460376,0.0,0.0,4778.341288864611,0.0,341.16836590766894,0.0,0.0,5032.793958655,0.0,0.0,0.0,0.0,0.0,0.0,0.0,10965.251377576587,0.0,0.0,0.0,0.0,0.0,0.0,0.0
2341,0.0,283.48397535681727,0.0,0.0,0.0,0.0,0.0,0.0,0.0,0.0,0.0,0.0,0.0,134.64312012791632,0.0,0.0,4354.644218429921,0.0,343.22452983856186,0.0,0.0,4874.490458151698,0.0,0.0,0.0,0.0,0.0,0.0,0.0,10448.999718165398,0.0,0.0,0.0,0.0,0.0,0.0,0.0
2342,0.0,262.97853067517275,0.0,0.0,0.0,0.0,0.0,0.0,0.0,0.0,0.0,0.0,0.0,100.2200339704752,0.0,0.0,3919.297371700404,0.0,343.9532634079456,0.0,0.0,4725.53796634376,0.0,0.0,0.0,0.0,0.0,0.0,0.0,9960.612466865776,0.0,0.0,0.0,0.0,0.0,0.0,0.0
2343,0.0,244.17896926403046,0.0,0.0,0.0,0.0,0.0,0.0,0.0,0.0,0.0,0.0,0.0,80.28094913959504,0.0,0.0,3810.660767182707,0.0,360.64175122976286,0.0,0.0,4866.278125351668,0.0,0.0,0.0,0.0,0.0,0.0,0.0,8787.470838207004,0.0,0.0,0.0,0.0,0.0,0.0,0.0
2344,0.0,224.21789333224297,0.0,0.0,0.0,0.0,0.0,0.0,0.0,0.0,0.0,0.0,0.0,58.216894161701205,0.0,0.0,3700.028536111115,0.0,374.60317190289487,0.0,0.0,5055.887795385718,0.0,0.0,0.0,0.0,0.0,0.0,0.0,7696.744300556182,0.0,0.0,0.0,0.0,0.0,0.0,0.0
2345,0.0,205.5971462398767,0.0,0.0,0.0,0.0,0.0,0.0,0.0,0.0,0.0,0.0,0.0,42.746514518558854,0.0,0.0,3579.139694660901,0.0,369.8872267782688,0.0,0.0,5244.8604608774185,0.0,0.0,0.0,0.0,0.0,0.0,0.0,6622.792963957787,0.0,0.0,0.0,0.0,0.0,0.0,0.0
2346,0.0,186.18565745651713,0.0,0.0,0.0,0.0,0.0,0.0,0.0,0.0,0.0,0.0,0.0,40.43419733345495,0.0,0.0,3467.1570805460206,0.0,388.5916848063469,0.0,0.0,5485.680270320177,0.0,0.0,0.0,0.0,0.0,0.0,0.0,5690.150728270411,0.0,0.0,0.0,0.0,0.0,0.0,0.0
2347,0.0,185.52468836009496,0.0,0.0,0.0,0.0,0.0,0.0,0.0,0.0,0.0,0.0,0.0,48.76180091798303,0.0,0.0,3291.56683565676,0.0,401.74789712429043,0.0,0.0,5755.622449976206,0.0,0.0,0.0,0.0,0.0,0.0,0.0,5365.047042584419,0.0,0.0,0.0,0.0,0.0,0.0,0.0
2348,0.0,185.24920741617672,0.0,0.0,0.0,0.0,0.0,0.0,0.0,0.0,0.0,0.0,0.0,57.335888396203394,0.0,0.0,3170.13970787823,0.0,419.59370337128627,0.0,0.0,6041.138542968035,0.0,0.0,0.0,0.0,0.0,0.0,0.0,5151.354702952504,0.0,0.0,0.0,0.0,0.0,0.0,0.0
2349,0.0,185.30426713228223,0.0,0.0,0.0,0.0,0.0,0.0,0.0,0.0,0.0,0.0,0.0,65.58836037665601,0.0,0.0,3104.759699359534,0.0,443.14263159036625,0.0,0.0,6281.280172669887,0.0,0.0,0.0,0.0,0.0,0.0,0.0,4951.902299562095,0.0,0.0,0.0,0.0,0.0,0.0,0.0
2350,0.0,187.8405350893735,0.0,0.0,0.0,0.0,0.0,0.0,0.0,0.0,0.0,0.0,0.0,78.0140886485576,0.0,0.0,3117.6388998478637,0.0,479.06799608469004,0.0,0.0,6443.431132167578,0.0,0.0,0.0,0.0,0.0,0.0,0.0,4805.997827774285,0.0,0.0,0.0,0.0,0.0,0.0,0.0
2351,0.0,193.65211968719953,0.0,0.0,0.0,0.0,0.0,0.0,0.0,0.0,0.0,0.0,0.0,99.06501585841166,0.0,0.0,3211.420901954172,0.0,533.3834123849867,0.0,0.0,6488.923065876961,0.0,0.0,0.0,0.0,0.0,0.0,0.0,4758.305124786496,0.0,0.0,0.0,0.0,0.0,0.0,0.0
2352,0.0,233.33604885041706,0.0,0.0,0.0,0.0,0.0,0.0,0.0,0.0,0.0,0.0,0.0,131.67468760013568,0.0,0.0,3347.0958932191133,0.0,622.723391342163,0.0,0.0,6400.099685347081,0.0,0.0,0.0,0.0,0.0,0.0,0.0,5139.8029935836785,0.0,0.0,0.0,0.0,0.0,0.0,0.0
2353,0.0,276.8210903942585,0.0,0.0,0.0,0.0,0.0,0.0,0.0,0.0,0.0,0.0,0.0,172.68732991218565,0.0,0.0,3476.08975547552,0.0,718.246208524704,0.0,0.0,6209.520884352923,0.0,0.0,0.0,0.0,0.0,0.0,0.0,5607.493356928228,0.0,0.0,0.0,0.0,0.0,0.0,0.0
2354,0.0,317.860400390625,0.0,0.0,0.0,0.0,0.0,0.0,0.0,0.0,0.0,0.0,0.0,216.23864256143568,0.0,0.0,3586.3400521725407,0.0,807.823200035095,0.0,0.0,6011.724313259125,0.0,0.0,0.0,0.0,0.0,0.0,0.0,6166.281125944853,0.0,0.0,0.0,0.0,0.0,0.0,0.0
2355,0.0,343.6326961934566,0.0,0.0,0.0,0.0,0.0,0.0,0.0,0.0,0.0,0.0,0.0,256.31215663552285,0.0,0.0,3672.802682593464,0.0,878.5322612524031,0.0,0.0,5837.308594250679,0.0,0.0,0.0,0.0,0.0,0.0,0.0,6784.314392155409,0.0,0.0,0.0,0.0,0.0,0.0,0.0
2356,0.0,358.8814179360867,0.0,0.0,0.0,0.0,0.0,0.0,0.0,0.0,0.0,0.0,0.0,293.4370326638221,0.0,0.0,3736.633951112627,0.0,940.1507824659346,0.0,0.0,5671.631705617905,0.0,0.0,0.0,0.0,0.0,0.0,0.0,7527.843085700273,0.0,0.0,0.0,0.0,0.0,0.0,0.0
2357,0.0,365.4234941661358,0.0,0.0,0.0,0.0,0.0,0.0,0.0,0.0,0.0,0.0,0.0,320.6889008045196,0.0,0.0,3761.0905859470354,0.0,983.1989136576652,0.0,0.0,5558.33996334672,0.0,0.0,0.0,0.0,0.0,0.0,0.0,8293.97327991724,0.0,0.0,0.0,0.0,0.0,0.0,0.0
2358,0.0,361.61933771967887,0.0,0.0,0.0,0.0,0.0,0.0,0.0,0.0,0.0,0.0,0.0,346.8448988974094,0.0,0.0,3627.505732491611,0.0,1012.8935987234115,0.0,0.0,5550.373167943954,0.0,0.0,0.0,0.0,0.0,0.0,0.0,8620.085502696036,0.0,0.0,0.0,0.0,0.0,0.0,0.0
2359,0.0,361.53761086463925,0.0,0.0,0.0,0.0,0.0,0.0,0.0,0.0,0.0,0.0,0.0,375.39589480757706,0.0,0.0,3537.774101644752,0.0,1036.1218960285187,0.0,0.0,5596.23749499321,0.0,0.0,0.0,0.0,0.0,0.0,0.0,8967.01936972141,0.0,0.0,0.0,0.0,0.0,0.0,0.0
2360,0.0,374.3287754952907,0.0,0.0,0.0,0.0,0.0,0.0,0.0,0.0,0.0,0.0,0.0,413.3382851839066,0.0,0.0,3463.489421531557,0.0,1055.2695224761962,0.0,0.0,5654.358709824085,0.0,0.0,0.0,0.0,0.0,0.0,0.0,9257.188039273022,0.0,0.0,0.0,0.0,0.0,0.0,0.0
2361,0.0,393.7906526863575,0.0,0.0,0.0,0.0,0.0,0.0,0.0,0.0,0.0,0.0,0.0,448.94373856782914,0.0,0.0,3402.0003208369017,0.0,1066.2425278663636,0.0,0.0,5690.592884552479,0.0,0.0,0.0,0.0,0.0,0.0,0.0,9487.642200297118,0.0,0.0,0.0,0.0,0.0,0.0,0.0
2362,0.0,391.3954638540745,0.0,0.0,0.0,0.0,0.0,0.0,0.0,0.0,0.0,0.0,0.0,464.19669835567476,0.0,0.0,3102.2950169444066,0.0,1059.1041697978974,0.0,0.0,5659.32637642622,0.0,0.0,0.0,0.0,0.0,0.0,0.0,9268.01399247646,0.0,0.0,0.0,0.0,0.0,0.0,0.0
2363,0.0,390.2783337771892,0.0,0.0,0.0,0.0,0.0,0.0,0.0,0.0,0.0,0.0,0.0,480.54120165109634,0.0,0.0,2844.8603582978226,0.0,1048.6382693052292,0.0,0.0,5609.784740835428,0.0,0.0,0.0,0.0,0.0,0.0,0.0,9093.168592345715,0.0,0.0,0.0,0.0,0.0,0.0,0.0
2364,0.0,388.0013725340366,0.0,0.0,0.0,0.0,0.0,0.0,0.0,0.0,0.0,0.0,0.0,498.8629562497139,0.0,0.0,2637.2630793750277,0.0,1037.7266808748245,0.0,0.0,5549.024680191278,0.0,0.0,0.0,0.0,0.0,0.0,0.0,8947.507485729455,0.0,0.0,0.0,0.0,0.0,0.0,0.0
2365,0.0,384.37977586984636,0.0,0.0,0.0,0.0,0.0,0.0,0.0,0.0,0.0,0.0,0.0,519.2343252182006,0.0,0.0,2460.6374889612175,0.0,1020.2347038984299,0.0,0.0,5488.782942634821,0.0,0.0,0.0,0.0,0.0,0.0,0.0,8816.50397772193,0.0,0.0,0.0,0.0,0.0,0.0,0.0
2366,0.0,381.26251217722887,0.0,0.0,0.0,0.0,0.0,0.0,0.0,0.0,0.0,0.0,0.0,537.83100566864,0.0,0.0,2299.3942860364914,0.0,999.1454478502274,0.0,0.0,5434.830716657639,0.0,0.0,0.0,0.0,0.0,0.0,0.0,8691.03024713397,0.0,0.0,0.0,0.0,0.0,0.0,0.0
2367,0.0,387.06817697882644,0.0,0.0,0.0,0.0,0.0,0.0,0.0,0.0,0.0,0.0,0.0,565.46127794981,0.0,0.0,2286.533754438161,0.0,991.2317303061485,0.0,0.0,5589.840806794166,0.0,0.0,0.0,0.0,0.0,0.0,0.0,8610.562077498436,0.0,0.0,0.0,0.0,0.0,0.0,0.0
2368,0.0,375.7399314701557,0.0,0.0,0.0,0.0,0.0,0.0,0.0,0.0,0.0,0.0,0.0,584.7629378676413,0.0,0.0,2303.4473798423983,0.0,975.4121798276901,0.0,0.0,5746.822462320328,0.0,0.0,0.0,0.0,0.0,0.0,0.0,8370.427551478146,0.0,0.0,0.0,0.0,0.0,0.0,0.0
2369,0.0,363.6087259232998,0.0,0.0,0.0,0.0,0.0,0.0,0.0,0.0,0.0,0.0,0.0,567.9757824301719,0.0,0.0,2322.15282975137,0.0,927.4997779965399,0.0,0.0,5923.895192670822,0.0,0.0,0.0,0.0,0.0,0.0,0.0,8091.18102403879,0.0,0.0,0.0,0.0,0.0,0.0,0.0
2370,0.0,347.7731026768684,0.0,0.0,0.0,0.0,0.0,0.0,0.0,0.0,0.0,0.0,0.0,548.7882714390754,0.0,0.0,2337.636729329823,0.0,882.5151155233382,0.0,0.0,6080.113290470838,0.0,0.0,0.0,0.0,0.0,0.0,0.0,7689.514944672584,0.0,0.0,0.0,0.0,0.0,0.0,0.0
2371,0.0,340.36146168708797,0.0,0.0,0.0,0.0,0.0,0.0,0.0,0.0,0.0,0.0,0.0,536.2052129030227,0.0,0.0,2518.985937848687,0.0,831.1667430639267,0.0,0.0,6060.678596752882,0.0,0.0,0.0,0.0,0.0,0.0,0.0,7319.607116162776,0.0,0.0,0.0,0.0,0.0,0.0,0.0
2372,0.0,331.366261178255,0.0,0.0,0.0,0.0,0.0,0.0,0.0,0.0,0.0,0.0,0.0,520.0985123991966,0.0,0.0,2751.3630567640053,0.0,784.6458859205246,0.0,0.0,6051.265825259686,0.0,0.0,0.0,0.0,0.0,0.0,0.0,6891.047196471691,0.0,0.0,0.0,0.0,0.0,0.0,0.0
2373,0.0,319.44078959226607,0.0,0.0,0.0,0.0,0.0,0.0,0.0,0.0,0.0,0.0,0.0,503.8797701954841,0.0,0.0,2937.208745226262,0.0,747.8455668807029,0.0,0.0,6041.864558601379,0.0,0.0,0.0,0.0,0.0,0.0,0.0,6502.5401937663555,0.0,0.0,0.0,0.0,0.0,0.0,0.0
2374,0.0,305.8218354463577,0.0,0.0,0.0,0.0,0.0,0.0,0.0,0.0,0.0,0.0,0.0,494.88760554790497,0.0,0.0,3094.826294139027,0.0,724.8631152629853,0.0,0.0,6031.878361916542,0.0,0.0,0.0,0.0,0.0,0.0,0.0,6099.019042587281,0.0,0.0,0.0,0.0,0.0,0.0,0.0
2375,0.0,294.4634578943252,0.0,0.0,0.0,0.0,0.0,0.0,0.0,0.0,0.0,0.0,0.0,502.36687098741527,0.0,0.0,3212.5480361878863,0.0,720.6508366346359,0.0,0.0,6014.529070901871,0.0,0.0,0.0,0.0,0.0,0.0,0.0,5682.201040408014,0.0,0.0,0.0,0.0,0.0,0.0,0.0
2376,0.0,278.5244766891002,0.0,0.0,0.0,0.0,0.0,0.0,0.0,0.0,0.0,0.0,0.0,524.4106158852577,0.0,0.0,3400.4854182004915,0.0,758.3516018152236,0.0,0.0,5867.302304327488,0.0,0.0,0.0,0.0,0.0,0.0,0.0,5757.494897651672,0.0,0.0,0.0,0.0,0.0,0.0,0.0
2377,0.0,268.42889547944065,0.0,0.0,0.0,0.0,0.0,0.0,0.0,0.0,0.0,0.0,0.0,561.3199943423272,0.0,0.0,3564.3539337813845,0.0,803.7387350797653,0.0,0.0,5715.668580472469,0.0,0.0,0.0,0.0,0.0,0.0,0.0,5807.673324546217,0.0,0.0,0.0,0.0,0.0,0.0,0.0
2378,0.0,267.0235751330853,0.0,0.0,0.0,0.0,0.0,0.0,0.0,0.0,0.0,0.0,0.0,604.4598597407341,0.0,0.0,3722.743519082664,0.0,846.1619664907455,0.0,0.0,5565.1144945442675,0.0,0.0,0.0,0.0,0.0,0.0,0.0,5840.21410472095,0.0,0.0,0.0,0.0,0.0,0.0,0.0
2379,0.0,275.9876335859298,0.0,0.0,0.0,0.0,0.0,0.0,0.0,0.0,0.0,0.0,0.0,644.7056059837341,0.0,0.0,3874.691559463738,0.0,873.8191024184227,0.0,0.0,5431.538517326117,0.0,0.0,0.0,0.0,0.0,0.0,0.0,5877.071090969443,0.0,0.0,0.0,0.0,0.0,0.0,0.0
2380,0.0,288.65594140291216,0.0,0.0,0.0,0.0,0.0,0.0,0.0,0.0,0.0,0.0,0.0,681.2000849246978,0.0,0.0,4032.560360521077,0.0,896.2586423397063,0.0,0.0,5313.43896510601,0.0,0.0,0.0,0.0,0.0,0.0,0.0,5871.590131229161,0.0,0.0,0.0,0.0,0.0,0.0,0.0
2381,0.0,305.0608750998974,0.0,0.0,0.0,0.0,0.0,0.0,0.0,0.0,0.0,0.0,0.0,708.487686252594,0.0,0.0,4185.59002971649,0.0,905.8911455154417,0.0,0.0,5213.103483474255,0.0,0.0,0.0,0.0,0.0,0.0,0.0,5859.831579545139,0.0,0.0,0.0,0.0,0.0,0.0,0.0
2382,0.0,318.9859191834927,0.0,0.0,0.0,0.0,0.0,0.0,0.0,0.0,0.0,0.0,0.0,731.193862569332,0.0,0.0,4157.24559853971,0.0,899.9705743074417,0.0,0.0,5191.740216118097,0.0,0.0,0.0,0.0,0.0,0.0,0.0,5499.4468146204945,0.0,0.0,0.0,0.0,0.0,0.0,0.0
2383,0.0,329.0638812839985,0.0,0.0,0.0,0.0,0.0,0.0,0.0,0.0,0.0,0.0,0.0,748.6215252995491,0.0,0.0,4148.543951123951,0.0,896.2984803676605,0.0,0.0,5149.878360575438,0.0,0.0,0.0,0.0,0.0,0.0,0.0,5195.976231494545,0.0,0.0,0.0,0.0,0.0,0.0,0.0
2384,0.0,327.8349764764309,0.0,0.0,0.0,0.0,0.0,0.0,0.0,0.0,0.0,0.0,0.0,778.4871617555618,0.0,0.0,4146.332854464649,0.0,903.5112976074219,0.0,0.0,5114.372623550892,0.0,0.0,0.0,0.0,0.0,0.0,0.0,4937.208539709449,0.0,0.0,0.0,0.0,0.0,0.0,0.0
2385,0.0,325.9582607924938,0.0,0.0,0.0,0.0,0.0,0.0,0.0,0.0,0.0,0.0,0.0,803.5865649223327,0.0,0.0,4136.21198247373,0.0,901.4345625519751,0.0,0.0,5067.721426346897,0.0,0.0,0.0,0.0,0.0,0.0,0.0,4734.57430846691,0.0,0.0,0.0,0.0,0.0,0.0,0.0
2386,0.0,335.35878497958186,0.0,0.0,0.0,0.0,0.0,0.0,0.0,0.0,0.0,0.0,0.0,806.6745041131974,0.0,0.0,3798.9989338964224,0.0,881.0544471144676,0.0,0.0,5013.931479093432,0.0,0.0,0.0,0.0,0.0,0.0,0.0,4457.183937677739,0.0,0.0,0.0,0.0,0.0,0.0,0.0
2387,0.0,337.40299442410463,0.0,0.0,0.0,0.0,0.0,0.0,0.0,0.0,0.0,0.0,0.0,809.0110151767731,0.0,0.0,3484.8571329414835,0.0,861.0664872646332,0.0,0.0,4957.984678056836,0.0,0.0,0.0,0.0,0.0,0.0,0.0,4182.857509085534,0.0,0.0,0.0,0.0,0.0,0.0,0.0
2388,0.0,339.3072610080242,0.0,0.0,0.0,0.0,0.0,0.0,0.0,0.0,0.0,0.0,0.0,812.3422269821167,0.0,0.0,3204.0373559594136,0.0,843.9558171272278,0.0,0.0,4909.595948025584,0.0,0.0,0.0,0.0,0.0,0.0,0.0,3909.831438824534,0.0,0.0,0.0,0.0,0.0,0.0,0.0
2389,0.0,342.6768875777721,0.0,0.0,0.0,0.0,0.0,0.0,0.0,0.0,0.0,0.0,0.0,814.803736948967,0.0,0.0,2950.1377294212566,0.0,833.5188466310501,0.0,0.0,4873.210393890738,0.0,0.0,0.0,0.0,0.0,0.0,0.0,3656.3429270386696,0.0,0.0,0.0,0.0,0.0,0.0,0.0
2390,0.0,344.54793596863743,0.0,0.0,0.0,0.0,0.0,0.0,0.0,0.0,0.0,0.0,0.0,816.4990233659744,0.0,0.0,2722.967675074934,0.0,832.2343073606492,0.0,0.0,4852.388459292054,0.0,0.0,0.0,0.0,0.0,0.0,0.0,3428.827228695153,0.0,0.0,0.0,0.0,0.0,0.0,0.0
2391,0.0,339.6842201650142,0.0,0.0,0.0,0.0,0.0,0.0,0.0,0.0,0.0,0.0,0.0,827.9526531457901,0.0,0.0,2837.8256871849285,0.0,855.0177466869354,0.0,0.0,5009.727672976254,0.0,0.0,0.0,0.0,0.0,0.0,0.0,3220.307393392919,0.0,0.0,0.0,0.0,0.0,0.0,0.0
2392,0.0,330.7218170106411,0.0,0.0,0.0,0.0,0.0,0.0,0.0,0.0,0.0,0.0,0.0,832.461221909523,0.0,0.0,2944.79648220539,0.0,871.4629083395004,0.0,0.0,5153.086392956972,0.0,0.0,0.0,0.0,0.0,0.0,0.0,3033.503108286856,0.0,0.0,0.0,0.0,0.0,0.0,0.0
2393,0.0,317.55562908053395,0.0,0.0,0.0,0.0,0.0,0.0,0.0,0.0,0.0,0.0,0.0,811.8392722845077,0.0,0.0,3014.259921476244,0.0,860.0674538612365,0.0,0.0,5329.061319851875,0.0,0.0,0.0,0.0,0.0,0.0,0.0,2871.352836057543,0.0,0.0,0.0,0.0,0.0,0.0,0.0
2394,0.0,299.9487803578376,0.0,0.0,0.0,0.0,0.0,0.0,0.0,0.0,0.0,0.0,0.0,789.8791887760162,0.0,0.0,3031.3104520738116,0.0,838.5963574290275,0.0,0.0,5483.609400039912,0.0,0.0,0.0,0.0,0.0,0.0,0.0,2735.374444918334,0.0,0.0,0.0,0.0,0.0,0.0,0.0
2395,0.0,298.27774252295495,0.0,0.0,0.0,0.0,0.0,0.0,0.0,0.0,0.0,0.0,0.0,781.2910288333893,0.0,0.0,3041.752584546803,0.0,806.5852570295334,0.0,0.0,5370.088772106171,0.0,0.0,0.0,0.0,0.0,0.0,0.0,2870.3594866871827,0.0,0.0,0.0,0.0,0.0,0.0,0.0
2396,0.0,314.6346164524555,0.0,0.0,0.0,0.0,0.0,0.0,0.0,0.0,0.0,0.0,0.0,774.3452504634857,0.0,0.0,3059.8761873841268,0.0,779.7436150193214,0.0,0.0,5248.245304405689,0.0,0.0,0.0,0.0,0.0,0.0,0.0,3115.6014267981036,0.0,0.0,0.0,0.0,0.0,0.0,0.0
2397,0.0,341.8428696513175,0.0,0.0,0.0,0.0,0.0,0.0,0.0,0.0,0.0,0.0,0.0,765.8602998018265,0.0,0.0,3110.715464204548,0.0,756.2715469241141,0.0,0.0,5117.2785026371475,0.0,0.0,0.0,0.0,0.0,0.0,0.0,3396.1237229228,0.0,0.0,0.0,0.0,0.0,0.0,0.0
2398,0.0,364.60998510718343,0.0,0.0,0.0,0.0,0.0,0.0,0.0,0.0,0.0,0.0,0.0,761.5113422632218,0.0,0.0,3173.1695131510487,0.0,741.0520567417145,0.0,0.0,5052.886547273398,0.0,0.0,0.0,0.0,0.0,0.0,0.0,3603.29691350162,0.0,0.0,0.0,0.0,0.0,0.0,0.0
2399,0.0,368.20563005805013,0.0,0.0,0.0,0.0,0.0,0.0,0.0,0.0,0.0,0.0,0.0,765.9268343687057,0.0,0.0,3207.0932198911896,0.0,737.5638579845429,0.0,0.0,5030.825420853495,0.0,0.0,0.0,0.0,0.0,0.0,0.0,3679.750823450087,0.0,0.0,0.0,0.0,0.0,0.0,0.0
2400,0.0,349.7480701446533,0.0,0.0,0.0,0.0,0.0,0.0,0.0,0.0,0.0,0.0,0.0,780.8300393342972,0.0,0.0,3228.827308267354,0.0,766.7548172712325,0.0,0.0,5216.339369666576,0.0,0.0,0.0,0.0,0.0,0.0,0.0,3751.6737295359353,0.0,0.0,0.0,0.0,0.0,0.0,0.0
2401,0.0,335.04988945126536,0.0,0.0,0.0,0.0,0.0,0.0,0.0,0.0,0.0,0.0,0.0,804.335661649704,0.0,0.0,3317.730507120489,0.0,802.3669908404349,0.0,0.0,5500.929020690918,0.0,0.0,0.0,0.0,0.0,0.0,0.0,3747.485534265637,0.0,0.0,0.0,0.0,0.0,0.0,0.0
2402,0.0,325.5880350530147,0.0,0.0,0.0,0.0,0.0,0.0,0.0,0.0,0.0,0.0,0.0,831.2246832609177,0.0,0.0,3468.095581203697,0.0,838.0530900359153,0.0,0.0,5777.766835069657,0.0,0.0,0.0,0.0,0.0,0.0,0.0,3748.7952945202574,0.0,0.0,0.0,0.0,0.0,0.0,0.0
2403,0.0,316.80241216421126,0.0,0.0,0.0,0.0,0.0,0.0,0.0,0.0,0.0,0.0,0.0,856.3248037815094,0.0,0.0,3600.8982859551893,0.0,869.8419985771179,0.0,0.0,5985.9026196241375,0.0,0.0,0.0,0.0,0.0,0.0,0.0,3742.5412073850616,0.0,0.0,0.0,0.0,0.0,0.0,0.0
2404,0.0,308.6038871705532,0.0,0.0,0.0,0.0,0.0,0.0,0.0,0.0,0.0,0.0,0.0,879.9725518226624,0.0,0.0,3715.1456697881213,0.0,894.3270908117294,0.0,0.0,6113.635957270861,0.0,0.0,0.0,0.0,0.0,0.0,0.0,3765.60304069221,0.0,0.0,0.0,0.0,0.0,0.0,0.0
2405,0.0,298.90344534516333,0.0,0.0,0.0,0.0,0.0,0.0,0.0,0.0,0.0,0.0,0.0,896.2189121484756,0.0,0.0,3795.4444550275794,0.0,910.6590816378593,0.0,0.0,6100.791111874581,0.0,0.0,0.0,0.0,0.0,0.0,0.0,3809.640203532575,0.0,0.0,0.0,0.0,0.0,0.0,0.0
2406,0.0,292.25200719237324,0.0,0.0,0.0,0.0,0.0,0.0,0.0,0.0,0.0,0.0,0.0,915.358450102806,0.0,0.0,3720.362846672535,0.0,911.3175947546957,0.0,0.0,6251.307050192356,0.0,0.0,0.0,0.0,0.0,0.0,0.0,3675.4031570941206,0.0,0.0,0.0,0.0,0.0,0.0,0.0
2407,0.0,288.8337597370147,0.0,0.0,0.0,0.0,0.0,0.0,0.0,0.0,0.0,0.0,0.0,937.4107135772705,0.0,0.0,3664.8018964231014,0.0,924.591305541992,0.0,0.0,6405.824854499102,0.0,0.0,0.0,0.0,0.0,0.0,0.0,3618.0134549379345,0.0,0.0,0.0,0.0,0.0,0.0,0.0
2408,0.0,290.6482754766941,0.0,0.0,0.0,0.0,0.0,0.0,0.0,0.0,0.0,0.0,0.0,962.6258797168732,0.0,0.0,3637.0443684756733,0.0,946.027602982521,0.0,0.0,6581.586033672094,0.0,0.0,0.0,0.0,0.0,0.0,0.0,3647.364090174435,0.0,0.0,0.0,0.0,0.0,0.0,0.0
2409,0.0,304.0128186643123,0.0,0.0,0.0,0.0,0.0,0.0,0.0,0.0,0.0,0.0,0.0,985.0644382238388,0.0,0.0,3631.5292672216883,0.0,957.625033891201,0.0,0.0,6697.045529043675,0.0,0.0,0.0,0.0,0.0,0.0,0.0,3722.3050136774764,0.0,0.0,0.0,0.0,0.0,0.0,0.0
2410,0.0,310.235001450777,0.0,0.0,0.0,0.0,0.0,0.0,0.0,0.0,0.0,0.0,0.0,983.3248552083969,0.0,0.0,3317.359462931752,0.0,946.7593303322791,0.0,0.0,6675.202086210251,0.0,0.0,0.0,0.0,0.0,0.0,0.0,3567.0814277201875,0.0,0.0,0.0,0.0,0.0,0.0,0.0
2411,0.0,318.27032523751257,0.0,0.0,0.0,0.0,0.0,0.0,0.0,0.0,0.0,0.0,0.0,979.9328476667404,0.0,0.0,3080.3450695276238,0.0,936.5205421686172,0.0,0.0,6663.197699278593,0.0,0.0,0.0,0.0,0.0,0.0,0.0,3424.5970863819116,0.0,0.0,0.0,0.0,0.0,0.0,0.0
2412,0.0,326.7485956728458,0.0,0.0,0.0,0.0,0.0,0.0,0.0,0.0,0.0,0.0,0.0,976.6095267534256,0.0,0.0,2915.084554836153,0.0,927.7005687713623,0.0,0.0,6686.303646361828,0.0,0.0,0.0,0.0,0.0,0.0,0.0,3293.250769782066,0.0,0.0,0.0,0.0,0.0,0.0,0.0
2413,0.0,334.8594179034233,0.0,0.0,0.0,0.0,0.0,0.0,0.0,0.0,0.0,0.0,0.0,972.4624146461487,0.0,0.0,2810.017208725213,0.0,927.8343700051307,0.0,0.0,6741.728491204977,0.0,0.0,0.0,0.0,0.0,0.0,0.0,3172.461366730927,0.0,0.0,0.0,0.0,0.0,0.0,0.0
2414,0.0,343.0882993876934,0.0,0.0,0.0,0.0,0.0,0.0,0.0,0.0,0.0,0.0,0.0,970.9462873458863,0.0,0.0,2762.716464430092,0.0,929.1579173445701,0.0,0.0,6798.934768903256,0.0,0.0,0.0,0.0,0.0,0.0,0.0,3065.2074788898217,0.0,0.0,0.0,0.0,0.0,0.0,0.0
2415,0.0,359.98446394801135,0.0,0.0,0.0,0.0,0.0,0.0,0.0,0.0,0.0,0.0,0.0,978.2427620649338,0.0,0.0,3115.7805674225083,0.0,946.7312302947045,0.0,0.0,6940.294069683552,0.0,0.0,0.0,0.0,0.0,0.0,0.0,3046.7128106892105,0.0,0.0,0.0,0.0,0.0,0.0,0.0
2416,0.0,360.7890512287616,0.0,0.0,0.0,0.0,0.0,0.0,0.0,0.0,0.0,0.0,0.0,980.5627739906311,0.0,0.0,3485.4043647795893,0.0,956.4509384393692,0.0,0.0,7056.076305949688,0.0,0.0,0.0,0.0,0.0,0.0,0.0,3014.202767571806,0.0,0.0,0.0,0.0,0.0,0.0,0.0
2417,0.0,360.66857916712763,0.0,0.0,0.0,0.0,0.0,0.0,0.0,0.0,0.0,0.0,0.0,966.8971837043762,0.0,0.0,3675.7185298502445,0.0,928.7345197319985,0.0,0.0,7081.350611650943,0.0,0.0,0.0,0.0,0.0,0.0,0.0,2979.644913211465,0.0,0.0,0.0,0.0,0.0,0.0,0.0
2418,0.0,355.1980702221393,0.0,0.0,0.0,0.0,0.0,0.0,0.0,0.0,0.0,0.0,0.0,946.3599714994431,0.0,0.0,3828.0959547013035,0.0,893.5425425052642,0.0,0.0,7105.078425335884,0.0,0.0,0.0,0.0,0.0,0.0,0.0,2923.283456026017,0.0,0.0,0.0,0.0,0.0,0.0,0.0
2419,0.0,340.7423206150532,0.0,0.0,0.0,0.0,0.0,0.0,0.0,0.0,0.0,0.0,0.0,931.1032007694245,0.0,0.0,3955.414673015474,0.0,840.5110133647919,0.0,0.0,7005.5609980165955,0.0,0.0,0.0,0.0,0.0,0.0,0.0,2781.5821864247305,0.0,0.0,0.0,0.0,0.0,0.0,0.0
2420,0.0,326.523138409853,0.0,0.0,0.0,0.0,0.0,0.0,0.0,0.0,0.0,0.0,0.0,911.5522603988647,0.0,0.0,4002.6037929058075,0.0,790.3799535036086,0.0,0.0,6908.5710012674335,0.0,0.0,0.0,0.0,0.0,0.0,0.0,2645.8948932990434,0.0,0.0,0.0,0.0,0.0,0.0,0.0
2421,0.0,314.04549853205674,0.0,0.0,0.0,0.0,0.0,0.0,0.0,0.0,0.0,0.0,0.0,890.9342562198639,0.0,0.0,4016.223914965986,0.0,737.3723153233528,0.0,0.0,6813.224984872341,0.0,0.0,0.0,0.0,0.0,0.0,0.0,2526.553024841844,0.0,0.0,0.0,0.0,0.0,0.0,0.0
2422,0.0,310.159587174654,0.0,0.0,0.0,0.0,0.0,0.0,0.0,0.0,0.0,0.0,0.0,872.4371982812881,0.0,0.0,4136.912065848706,0.0,710.7835143685339,0.0,0.0,6735.519513469934,0.0,0.0,0.0,0.0,0.0,0.0,0.0,2415.59405594915,0.0,0.0,0.0,0.0,0.0,0.0,0.0
2423,0.0,320.7459784090518,0.0,0.0,0.0,0.0,0.0,0.0,0.0,0.0,0.0,0.0,0.0,859.5814107894897,0.0,0.0,4485.200822353361,0.0,737.7291383743286,0.0,0.0,6754.886389213801,0.0,0.0,0.0,0.0,0.0,0.0,0.0,2359.3985788732757,0.0,0.0,0.0,0.0,0.0,0.0,0.0
2424,0.0,321.91882751584046,0.0,0.0,0.0,0.0,0.0,0.0,0.0,0.0,0.0,0.0,0.0,848.792857670784,0.0,0.0,5199.66274304688,0.0,837.7926015019417,0.0,0.0,6654.924511957169,0.0,0.0,0.0,0.0,0.0,0.0,0.0,3151.4643404513595,0.0,0.0,0.0,0.0,0.0,0.0,0.0
2425,0.0,332.24331686496737,0.0,0.0,0.0,0.0,0.0,0.0,0.0,0.0,0.0,0.0,0.0,845.8808495044708,0.0,0.0,6364.18998555839,0.0,988.3662971496581,0.0,0.0,6811.8873964369295,0.0,0.0,0.0,0.0,0.0,0.0,0.0,4095.5620965987428,0.0,0.0,0.0,0.0,0.0,0.0,0.0
2426,0.0,345.8768320262432,0.0,0.0,0.0,0.0,0.0,0.0,0.0,0.0,0.0,0.0,0.0,850.5735091924668,0.0,0.0,7723.410803586245,0.0,1160.0620322227478,0.0,0.0,7034.648853725195,0.0,0.0,0.0,0.0,0.0,0.0,0.0,5260.935205227136,0.0,0.0,0.0,0.0,0.0,0.0,0.0
2427,0.0,355.9536157786846,0.0,0.0,0.0,0.0,0.0,0.0,0.0,0.0,0.0,0.0,0.0,859.6490213871002,0.0,0.0,8856.911906659603,0.0,1325.5506231307984,0.0,0.0,7183.988271296024,0.0,0.0,0.0,0.0,0.0,0.0,0.0,6377.2863235414015,0.0,0.0,0.0,0.0,0.0,0.0,0.0
2428,0.0,368.78739733099934,0.0,0.0,0.0,0.0,0.0,0.0,0.0,0.0,0.0,0.0,0.0,884.6963267326355,0.0,0.0,9795.168313026426,0.0,1479.4397082328796,0.0,0.0,7236.590798485279,0.0,0.0,0.0,0.0,0.0,0.0,0.0,7710.54343123436,0.0,0.0,0.0,0.0,0.0,0.0,0.0
2429,0.0,370.57514773607255,0.0,0.0,0.0,0.0,0.0,0.0,0.0,0.0,0.0,0.0,0.0,924.4833700418473,0.0,0.0,10676.71952176094,0.0,1592.218082666397,0.0,0.0,7069.394060611725,0.0,0.0,0.0,0.0,0.0,0.0,0.0,8806.000582814217,0.0,0.0,0.0,0.0,0.0,0.0,0.0
2430,0.0,382.7524491369724,0.0,0.0,0.0,0.0,0.0,0.0,0.0,0.0,0.0,0.0,0.0,974.068928527832,0.0,0.0,11198.391315847633,0.0,1678.888795185089,0.0,0.0,7462.998077398539,0.0,0.0,0.0,0.0,0.0,0.0,0.0,9322.92773426175,0.0,0.0,0.0,0.0,0.0,0.0,0.0
2431,0.0,384.6967795550823,0.0,0.0,0.0,0.0,0.0,0.0,0.0,0.0,0.0,0.0,0.0,1037.1278264760972,0.0,0.0,11529.951580107212,0.0,1756.9505810022354,0.0,0.0,7804.596607375145,0.0,0.0,0.0,0.0,0.0,0.0,0.0,9601.261551904678,0.0,0.0,0.0,0.0,0.0,0.0,0.0
2432,0.0,382.75258941650384,0.0,0.0,0.0,0.0,0.0,0.0,0.0,0.0,0.0,0.0,0.0,1110.7051041603088,0.0,0.0,11758.252658039331,0.0,1828.5689214944837,0.0,0.0,8021.273218041659,0.0,0.0,0.0,0.0,0.0,0.0,0.0,9728.329993349314,0.0,0.0,0.0,0.0,0.0,0.0,0.0
2433,0.0,377.0467194736004,0.0,0.0,0.0,0.0,0.0,0.0,0.0,0.0,0.0,0.0,0.0,1182.5463855981827,0.0,0.0,11890.350612193344,0.0,1884.052623534203,0.0,0.0,8127.247885322571,0.0,0.0,0.0,0.0,0.0,0.0,0.0,9784.07978309393,0.0,0.0,0.0,0.0,0.0,0.0,0.0
2434,0.0,351.70123817324634,0.0,0.0,0.0,0.0,0.0,0.0,0.0,0.0,0.0,0.0,0.0,1226.3538383960724,0.0,0.0,11926.093757838009,0.0,1908.823458766937,0.0,0.0,8110.185609662532,0.0,0.0,0.0,0.0,0.0,0.0,0.0,9452.04145566225,0.0,0.0,0.0,0.0,0.0,0.0,0.0
2435,0.0,322.740416675806,0.0,0.0,0.0,0.0,0.0,0.0,0.0,0.0,0.0,0.0,0.0,1259.1439918756485,0.0,0.0,11936.179625660181,0.0,1921.7015755653383,0.0,0.0,8066.267416262626,0.0,0.0,0.0,0.0,0.0,0.0,0.0,9160.351844191551,0.0,0.0,0.0,0.0,0.0,0.0,0.0
2436,0.0,290.3403899610042,0.0,0.0,0.0,0.0,0.0,0.0,0.0,0.0,0.0,0.0,0.0,1281.6452291727066,0.0,0.0,11923.652800470589,0.0,1925.99068467617,0.0,0.0,8026.430411660671,0.0,0.0,0.0,0.0,0.0,0.0,0.0,8888.992807275057,0.0,0.0,0.0,0.0,0.0,0.0,0.0
2437,0.0,261.1379509985447,0.0,0.0,0.0,0.0,0.0,0.0,0.0,0.0,0.0,0.0,0.0,1295.8487451553344,0.0,0.0,11904.346056729553,0.0,1927.010822749138,0.0,0.0,8011.27854411006,0.0,0.0,0.0,0.0,0.0,0.0,0.0,8599.089561253786,0.0,0.0,0.0,0.0,0.0,0.0,0.0
2438,0.0,234.65059431195255,0.0,0.0,0.0,0.0,0.0,0.0,0.0,0.0,0.0,0.0,0.0,1303.4895497083664,0.0,0.0,11886.265236765144,0.0,1923.3116958618161,0.0,0.0,8000.330785435438,0.0,0.0,0.0,0.0,0.0,0.0,0.0,8301.21493062377,0.0,0.0,0.0,0.0,0.0,0.0,0.0
2439,0.0,208.8452907353639,0.0,0.0,0.0,0.0,0.0,0.0,0.0,0.0,0.0,0.0,0.0,1314.0323194742202,0.0,0.0,11936.739692360161,0.0,1935.6913630485535,0.0,0.0,8116.527801275253,0.0,0.0,0.0,0.0,0.0,0.0,0.0,7865.648408311606,0.0,0.0,0.0,0.0,0.0,0.0,0.0
2440,0.0,181.6757967710495,0.0,0.0,0.0,0.0,0.0,0.0,0.0,0.0,0.0,0.0,0.0,1317.7722436189651,0.0,0.0,11977.596558123825,0.0,1945.3071484804154,0.0,0.0,8228.907634001971,0.0,0.0,0.0,0.0,0.0,0.0,0.0,7453.228698229789,0.0,0.0,0.0,0.0,0.0,0.0,0.0
2441,0.0,157.27345684468747,0.0,0.0,0.0,0.0,0.0,0.0,0.0,0.0,0.0,0.0,0.0,1308.5627655982971,0.0,0.0,11943.831536948679,0.0,1939.0670430898667,0.0,0.0,8278.38750679493,0.0,0.0,0.0,0.0,0.0,0.0,0.0,7153.668953633308,0.0,0.0,0.0,0.0,0.0,0.0,0.0
2442,0.0,136.33586703836912,0.0,0.0,0.0,0.0,0.0,0.0,0.0,0.0,0.0,0.0,0.0,1305.849643778801,0.0,0.0,11901.485827207565,0.0,1916.0846507549286,0.0,0.0,8317.519083362818,0.0,0.0,0.0,0.0,0.0,0.0,0.0,7005.4852386415005,0.0,0.0,0.0,0.0,0.0,0.0,0.0
2443,0.0,112.32938192188735,0.0,0.0,0.0,0.0,0.0,0.0,0.0,0.0,0.0,0.0,0.0,1314.2225079059601,0.0,0.0,11952.700037568806,0.0,1872.9129149675366,0.0,0.0,8285.64281898737,0.0,0.0,0.0,0.0,0.0,0.0,0.0,7071.846183800696,0.0,0.0,0.0,0.0,0.0,0.0,0.0
2444,0.0,97.08951181769368,0.0,0.0,0.0,0.0,0.0,0.0,0.0,0.0,0.0,0.0,0.0,1319.9948747634887,0.0,0.0,11994.44211986661,0.0,1835.9097895383834,0.0,0.0,8284.086033171416,0.0,0.0,0.0,0.0,0.0,0.0,0.0,7208.505310356617,0.0,0.0,0.0,0.0,0.0,0.0,0.0
2445,0.0,82.5423630818724,0.0,0.0,0.0,0.0,0.0,0.0,0.0,0.0,0.0,0.0,0.0,1323.176159620285,0.0,0.0,12035.768041491507,0.0,1804.7368883609772,0.0,0.0,8299.202175182105,0.0,0.0,0.0,0.0,0.0,0.0,0.0,7471.6304320335375,0.0,0.0,0.0,0.0,0.0,0.0,0.0
2446,0.0,71.01164511144161,0.0,0.0,0.0,0.0,0.0,0.0,0.0,0.0,0.0,0.0,0.0,1332.55762321949,0.0,0.0,12076.503559470177,0.0,1783.8371000766754,0.0,0.0,8302.705700165034,0.0,0.0,0.0,0.0,0.0,0.0,0.0,7795.792117315531,0.0,0.0,0.0,0.0,0.0,0.0,0.0
2447,0.0,65.75399632751935,0.0,0.0,0.0,0.0,0.0,0.0,0.0,0.0,0.0,0.0,0.0,1354.4859638214111,0.0,0.0,12113.890345305204,0.0,1777.9634808301926,0.0,0.0,8244.049813270569,0.0,0.0,0.0,0.0,0.0,0.0,0.0,8108.259256315231,0.0,0.0,0.0,0.0,0.0,0.0,0.0
2448,0.0,99.4958037748932,0.0,0.0,0.0,0.0,0.0,0.0,0.0,0.0,0.0,0.0,0.0,1386.9838852882385,0.0,0.0,12153.532177478075,0.0,1807.8052464723587,0.0,0.0,7552.255614066124,0.0,0.0,0.0,0.0,0.0,0.0,0.0,9142.243739688394,0.0,0.0,0.0,0.0,0.0,0.0,0.0
2449,0.0,139.8052323549985,0.0,0.0,0.0,0.0,0.0,0.0,0.0,0.0,0.0,0.0,0.0,1426.8630188941954,0.0,0.0,12175.410560816525,0.0,1844.7731579303743,0.0,0.0,6927.663577526808,0.0,0.0,0.0,0.0,0.0,0.0,0.0,10047.86448585987,0.0,0.0,0.0,0.0,0.0,0.0,0.0
2450,0.0,186.58050225377082,0.0,0.0,0.0,0.0,0.0,0.0,0.0,0.0,0.0,0.0,0.0,1464.6681032657625,0.0,0.0,12180.734305948019,0.0,1881.2963299751282,0.0,0.0,6377.324956405163,0.0,0.0,0.0,0.0,0.0,0.0,0.0,10908.680727595089,0.0,0.0,0.0,0.0,0.0,0.0,0.0
2451,0.0,237.19372193813325,0.0,0.0,0.0,0.0,0.0,0.0,0.0,0.0,0.0,0.0,0.0,1493.5198945999146,0.0,0.0,12176.953855723143,0.0,1909.7711532831192,0.0,0.0,5951.699956530332,0.0,0.0,0.0,0.0,0.0,0.0,0.0,11780.523255825043,0.0,0.0,0.0,0.0,0.0,0.0,0.0
2452,0.0,287.4846353709698,0.0,0.0,0.0,0.0,0.0,0.0,0.0,0.0,0.0,0.0,0.0,1504.4,0.0,0.0,12163.296006947756,0.0,1933.8308322906494,0.0,0.0,5644.526920133829,0.0,0.0,0.0,0.0,0.0,0.0,0.0,12640.268401515485,0.0,0.0,0.0,0.0,0.0,0.0,0.0
2453,0.0,327.00468998551366,0.0,0.0,0.0,0.0,0.0,0.0,0.0,0.0,0.0,0.0,0.0,1504.4,0.0,0.0,12157.449532896278,0.0,1953.0360816001892,0.0,0.0,5349.8862820386885,0.0,0.0,0.0,0.0,0.0,0.0,0.0,13430.6157807827,0.0,0.0,0.0,0.0,0.0,0.0,0.0
2454,0.0,331.3592472016811,0.0,0.0,0.0,0.0,0.0,0.0,0.0,0.0,0.0,0.0,0.0,1504.4,0.0,0.0,11920.105711370705,0.0,1953.52350461483,0.0,0.0,5331.264192974568,0.0,0.0,0.0,0.0,0.0,0.0,0.0,13675.625565707684,0.0,0.0,0.0,0.0,0.0,0.0,0.0
2455,0.0,321.15234015583985,0.0,0.0,0.0,0.0,0.0,0.0,0.0,0.0,0.0,0.0,0.0,1504.4,0.0,0.0,11690.856409400702,0.0,1954.7197125434877,0.0,0.0,5291.912207990885,0.0,0.0,0.0,0.0,0.0,0.0,0.0,13897.298330259324,0.0,0.0,0.0,0.0,0.0,0.0,0.0
2456,0.0,320.0459274351597,0.0,0.0,0.0,0.0,0.0,0.0,0.0,0.0,0.0,0.0,0.0,1504.4,0.0,0.0,11457.08301308751,0.0,1956.1062181949612,0.0,0.0,5240.085954397917,0.0,0.0,0.0,0.0,0.0,0.0,0.0,14005.919474732877,0.0,0.0,0.0,0.0,0.0,0.0,0.0
2457,0.0,332.8857690632343,0.0,0.0,0.0,0.0,0.0,0.0,0.0,0.0,0.0,0.0,0.0,1504.4,0.0,0.0,11235.647419452667,0.0,1967.9060997962952,0.0,0.0,5157.647151714564,0.0,0.0,0.0,0.0,0.0,0.0,0.0,14018.834824609756,0.0,0.0,0.0,0.0,0.0,0.0,0.0
2458,0.0,343.2703261077404,0.0,0.0,0.0,0.0,0.0,0.0,0.0,0.0,0.0,0.0,0.0,1504.4,0.0,0.0,10817.996346831322,0.0,1967.0074914216998,0.0,0.0,5035.331985783576,0.0,0.0,0.0,0.0,0.0,0.0,0.0,13985.423281681538,0.0,0.0,0.0,0.0,0.0,0.0,0.0
2459,0.0,352.99349321722985,0.0,0.0,0.0,0.0,0.0,0.0,0.0,0.0,0.0,0.0,0.0,1504.4,0.0,0.0,10341.51260098815,0.0,1961.1867524147033,0.0,0.0,4920.291508609056,0.0,0.0,0.0,0.0,0.0,0.0,0.0,13962.75162819624,0.0,0.0,0.0,0.0,0.0,0.0,0.0
2460,0.0,364.05273869633675,0.0,0.0,0.0,0.0,0.0,0.0,0.0,0.0,0.0,0.0,0.0,1504.4,0.0,0.0,9826.028766065834,0.0,1949.3828395843507,0.0,0.0,4809.962261322141,0.0,0.0,0.0,0.0,0.0,0.0,0.0,13959.886211228371,0.0,0.0,0.0,0.0,0.0,0.0,0.0
2461,0.0,371.3440198481083,0.0,0.0,0.0,0.0,0.0,0.0,0.0,0.0,0.0,0.0,0.0,1504.4,0.0,0.0,9336.616813898087,0.0,1934.087882423401,0.0,0.0,4691.161519691348,0.0,0.0,0.0,0.0,0.0,0.0,0.0,13960.080035495757,0.0,0.0,0.0,0.0,0.0,0.0,0.0
2462,0.0,375.7668370842933,0.0,0.0,0.0,0.0,0.0,0.0,0.0,0.0,0.0,0.0,0.0,1504.4,0.0,0.0,8870.747109889984,0.0,1915.3549983024598,0.0,0.0,4572.072551670671,0.0,0.0,0.0,0.0,0.0,0.0,0.0,13956.988972365856,0.0,0.0,0.0,0.0,0.0,0.0,0.0
2463,0.0,388.8035470068454,0.0,0.0,0.0,0.0,0.0,0.0,0.0,0.0,0.0,0.0,0.0,1504.4,0.0,0.0,8662.077147662638,0.0,1910.9941570281985,0.0,0.0,4712.795453426241,0.0,0.0,0.0,0.0,0.0,0.0,0.0,13780.620460641385,0.0,0.0,0.0,0.0,0.0,0.0,0.0
2464,0.0,401.0108962833881,0.0,0.0,0.0,0.0,0.0,0.0,0.0,0.0,0.0,0.0,0.0,1504.4,0.0,0.0,8466.4909658432,0.0,1894.781265306473,0.0,0.0,4860.233545652031,0.0,0.0,0.0,0.0,0.0,0.0,0.0,13512.008955037594,0.0,0.0,0.0,0.0,0.0,0.0,0.0
2465,0.0,408.20406593084334,0.0,0.0,0.0,0.0,0.0,0.0,0.0,0.0,0.0,0.0,0.0,1504.4,0.0,0.0,8281.539050489662,0.0,1847.6850095033649,0.0,0.0,4892.960865050553,0.0,0.0,0.0,0.0,0.0,0.0,0.0,13209.28148547411,0.0,0.0,0.0,0.0,0.0,0.0,0.0
2466,0.0,407.6041184306144,0.0,0.0,0.0,0.0,0.0,0.0,0.0,0.0,0.0,0.0,0.0,1504.4,0.0,0.0,8109.707475453615,0.0,1794.0836542844772,0.0,0.0,4906.2244258850815,0.0,0.0,0.0,0.0,0.0,0.0,0.0,12931.438737523556,0.0,0.0,0.0,0.0,0.0,0.0,0.0
2467,0.0,411.52291131019587,0.0,0.0,0.0,0.0,0.0,0.0,0.0,0.0,0.0,0.0,0.0,1504.4,0.0,0.0,8034.297605782745,0.0,1734.0535558700562,0.0,0.0,4807.295561698078,0.0,0.0,0.0,0.0,0.0,0.0,0.0,13238.252427649499,0.0,0.0,0.0,0.0,0.0,0.0,0.0
2468,0.0,400.91848012804985,0.0,0.0,0.0,0.0,0.0,0.0,0.0,0.0,0.0,0.0,0.0,1504.4,0.0,0.0,8070.908076941967,0.0,1679.611689400673,0.0,0.0,4754.336990144849,0.0,0.0,0.0,0.0,0.0,0.0,0.0,13671.911082732677,0.0,0.0,0.0,0.0,0.0,0.0,0.0
2469,0.0,415.4219247758389,0.0,0.0,0.0,0.0,0.0,0.0,0.0,0.0,0.0,0.0,0.0,1499.0877259492877,0.0,0.0,8133.833126425741,0.0,1621.1532960414886,0.0,0.0,4725.342384150625,0.0,0.0,0.0,0.0,0.0,0.0,0.0,14019.13713260889,0.0,0.0,0.0,0.0,0.0,0.0,0.0
2470,0.0,429.35507701635356,0.0,0.0,0.0,0.0,0.0,0.0,0.0,0.0,0.0,0.0,0.0,1478.6596411943437,0.0,0.0,8191.312305122614,0.0,1547.755286502838,0.0,0.0,4697.31842291057,0.0,0.0,0.0,0.0,0.0,0.0,0.0,14349.979246091843,0.0,0.0,0.0,0.0,0.0,0.0,0.0
2471,0.0,439.7307403385639,0.0,0.0,0.0,0.0,0.0,0.0,0.0,0.0,0.0,0.0,0.0,1449.1203558921811,0.0,0.0,8244.50775143504,0.0,1444.1135740756988,0.0,0.0,4670.345034751296,0.0,0.0,0.0,0.0,0.0,0.0,0.0,14654.819978749752,0.0,0.0,0.0,0.0,0.0,0.0,0.0
2472,0.0,442.53484400510786,0.0,0.0,0.0,0.0,0.0,0.0,0.0,0.0,0.0,0.0,0.0,1408.1340763330459,0.0,0.0,8421.182347685097,0.0,1343.6760958909988,0.0,0.0,3796.429904749989,0.0,0.0,0.0,0.0,0.0,0.0,0.0,15181.029721510411,0.0,0.0,0.0,0.0,0.0,0.0,0.0
2473,0.0,435.3933252811432,0.0,0.0,0.0,0.0,0.0,0.0,0.0,0.0,0.0,0.0,0.0,1360.6182629585267,0.0,0.0,8600.164107590914,0.0,1221.2672338962554,0.0,0.0,3252.5754691243174,0.0,0.0,0.0,0.0,0.0,0.0,0.0,15643.70560516119,0.0,0.0,0.0,0.0,0.0,0.0,0.0
2474,0.0,423.7886168718338,0.0,0.0,0.0,0.0,0.0,0.0,0.0,0.0,0.0,0.0,0.0,1313.6118604660035,0.0,0.0,8781.943867385386,0.0,1092.5876765966416,0.0,0.0,3050.8481803625823,0.0,0.0,0.0,0.0,0.0,0.0,0.0,16058.10188883543,0.0,0.0,0.0,0.0,0.0,0.0,0.0
2475,0.0,418.06254667639735,0.0,0.0,0.0,0.0,0.0,0.0,0.0,0.0,0.0,0.0,0.0,1273.2487820386887,0.0,0.0,8965.686194241045,0.0,972.2422110319136,0.0,0.0,2988.5549490898848,0.0,0.0,0.0,0.0,0.0,0.0,0.0,16396.744705855846,0.0,0.0,0.0,0.0,0.0,0.0,0.0
2476,0.0,406.123103249073,0.0,0.0,0.0,0.0,0.0,0.0,0.0,0.0,0.0,0.0,0.0,1230.958442902565,0.0,0.0,9155.66237461567,0.0,856.0526461720467,0.0,0.0,2924.7288499474525,0.0,0.0,0.0,0.0,0.0,0.0,0.0,16710.288726699353,0.0,0.0,0.0,0.0,0.0,0.0,0.0
2477,0.0,399.50639830827714,0.0,0.0,0.0,0.0,0.0,0.0,0.0,0.0,0.0,0.0,0.0,1188.5254400253295,0.0,0.0,9342.511515915392,0.0,734.9734376430512,0.0,0.0,2219.875452107191,0.0,0.0,0.0,0.0,0.0,0.0,0.0,16970.51660951376,0.0,0.0,0.0,0.0,0.0,0.0,0.0
2478,0.0,397.31279116272924,0.0,0.0,0.0,0.0,0.0,0.0,0.0,0.0,0.0,0.0,0.0,1149.9998634099961,0.0,0.0,9300.28093099594,0.0,621.481061410904,0.0,0.0,2150.094692632556,0.0,0.0,0.0,0.0,0.0,0.0,0.0,16929.913318395615,0.0,0.0,0.0,0.0,0.0,0.0,0.0
2479,0.0,394.3494702279568,0.0,0.0,0.0,0.0,0.0,0.0,0.0,0.0,0.0,0.0,0.0,1115.6695512771607,0.0,0.0,9255.607832968233,0.0,513.1356161117552,0.0,0.0,2084.3674195244907,0.0,0.0,0.0,0.0,0.0,0.0,0.0,16916.788233304025,0.0,0.0,0.0,0.0,0.0,0.0,0.0
2480,0.0,387.449540913105,0.0,0.0,0.0,0.0,0.0,0.0,0.0,0.0,0.0,0.0,0.0,1083.422165632248,0.0,0.0,9216.47395017743,0.0,421.94788183569904,0.0,0.0,2019.9727393314242,0.0,0.0,0.0,0.0,0.0,0.0,0.0,16868.39436379671,0.0,0.0,0.0,0.0,0.0,0.0,0.0
2481,0.0,377.63513599634166,0.0,0.0,0.0,0.0,0.0,0.0,0.0,0.0,0.0,0.0,0.0,1036.1781396865845,0.0,0.0,9124.556892395018,0.0,351.1664659857749,0.0,0.0,1944.3896072074767,0.0,0.0,0.0,0.0,0.0,0.0,0.0,16812.57876058817,0.0,0.0,0.0,0.0,0.0,0.0,0.0
2482,0.0,368.0236033380031,0.0,0.0,0.0,0.0,0.0,0.0,0.0,0.0,0.0,0.0,0.0,962.260656952858,0.0,0.0,8710.768724262713,0.0,285.54914343357075,0.0,0.0,1902.9652381494639,0.0,0.0,0.0,0.0,0.0,0.0,0.0,16868.8615670681,0.0,0.0,0.0,0.0,0.0,0.0,0.0
2483,0.0,361.1408442378044,0.0,0.0,0.0,0.0,0.0,0.0,0.0,0.0,0.0,0.0,0.0,895.1327487945557,0.0,0.0,8317.48055309057,0.0,240.86282154917717,0.0,0.0,1869.2291263863444,0.0,0.0,0.0,0.0,0.0,0.0,0.0,16937.306123101713,0.0,0.0,0.0,0.0,0.0,0.0,0.0
2484,0.0,355.22635057568544,0.0,0.0,0.0,0.0,0.0,0.0,0.0,0.0,0.0,0.0,0.0,846.7652570962906,0.0,0.0,7943.10630109906,0.0,216.41177245080462,0.0,0.0,1840.6620158359406,0.0,0.0,0.0,0.0,0.0,0.0,0.0,16999.240208780764,0.0,0.0,0.0,0.0,0.0,0.0,0.0
2485,0.0,351.9620739340782,0.0,0.0,0.0,0.0,0.0,0.0,0.0,0.0,0.0,0.0,0.0,817.2791456460952,0.0,0.0,7569.936970382929,0.0,209.04280436933033,0.0,0.0,1807.5751703470942,0.0,0.0,0.0,0.0,0.0,0.0,0.0,17026.45371450186,0.0,0.0,0.0,0.0,0.0,0.0,0.0
2486,0.0,351.93261523246764,0.0,0.0,0.0,0.0,0.0,0.0,0.0,0.0,0.0,0.0,0.0,802.6759739160537,0.0,0.0,7179.928300887346,0.0,213.48160249888892,0.0,0.0,1772.0147853568196,0.0,0.0,0.0,0.0,0.0,0.0,0.0,17019.72916958332,0.0,0.0,0.0,0.0,0.0,0.0,0.0
2487,0.0,367.62411528825754,0.0,0.0,0.0,0.0,0.0,0.0,0.0,0.0,0.0,0.0,0.0,807.1237469434739,0.0,0.0,7312.191163569689,0.0,241.34785843193526,0.0,0.0,1837.755682611465,0.0,0.0,0.0,0.0,0.0,0.0,0.0,16765.26249614954,0.0,0.0,0.0,0.0,0.0,0.0,0.0
2488,0.0,380.2324676334858,0.0,0.0,0.0,0.0,0.0,0.0,0.0,0.0,0.0,0.0,0.0,814.362654018402,0.0,0.0,7427.206305503843,0.0,285.045061957836,0.0,0.0,1903.9822050020089,0.0,0.0,0.0,0.0,0.0,0.0,0.0,16516.973609626293,0.0,0.0,0.0,0.0,0.0,0.0,0.0
2489,0.0,390.5989566743374,0.0,0.0,0.0,0.0,0.0,0.0,0.0,0.0,0.0,0.0,0.0,815.9193118095397,0.0,0.0,7479.402966201305,0.0,295.53814360499376,0.0,0.0,1959.882078422606,0.0,0.0,0.0,0.0,0.0,0.0,0.0,16285.917725503445,0.0,0.0,0.0,0.0,0.0,0.0,0.0
2490,0.0,403.00780346989626,0.0,0.0,0.0,0.0,0.0,0.0,0.0,0.0,0.0,0.0,0.0,830.8758699655533,0.0,0.0,7526.005960732698,0.0,306.8461559832095,0.0,0.0,2032.6466773778197,0.0,0.0,0.0,0.0,0.0,0.0,0.0,16094.563994300366,0.0,0.0,0.0,0.0,0.0,0.0,0.0
2491,0.0,412.2546093463897,0.0,0.0,0.0,0.0,0.0,0.0,0.0,0.0,0.0,0.0,0.0,859.7030022621154,0.0,0.0,7666.259108334778,0.0,311.2549273848532,0.0,0.0,1997.301251144707,0.0,0.0,0.0,0.0,0.0,0.0,0.0,16290.73729609251,0.0,0.0,0.0,0.0,0.0,0.0,0.0
2492,0.0,428.8833169519901,0.0,0.0,0.0,0.0,0.0,0.0,0.0,0.0,0.0,0.0,0.0,892.5095652103424,0.0,0.0,7818.41600692272,0.0,315.4873621582985,0.0,0.0,1958.9084060803048,0.0,0.0,0.0,0.0,0.0,0.0,0.0,16502.148946070673,0.0,0.0,0.0,0.0,0.0,0.0,0.0
2493,0.0,446.0252512514591,0.0,0.0,0.0,0.0,0.0,0.0,0.0,0.0,0.0,0.0,0.0,926.842298412323,0.0,0.0,7971.926400035618,0.0,319.7762637794018,0.0,0.0,1916.3050942048426,0.0,0.0,0.0,0.0,0.0,0.0,0.0,16639.01925429106,0.0,0.0,0.0,0.0,0.0,0.0,0.0
2494,0.0,459.5168315827847,0.0,0.0,0.0,0.0,0.0,0.0,0.0,0.0,0.0,0.0,0.0,950.8296238183975,0.0,0.0,8120.7345664799195,0.0,319.38298181891435,0.0,0.0,1869.1861346349115,0.0,0.0,0.0,0.0,0.0,0.0,0.0,16806.47184971571,0.0,0.0,0.0,0.0,0.0,0.0,0.0
2495,0.0,466.6928590714931,0.0,0.0,0.0,0.0,0.0,0.0,0.0,0.0,0.0,0.0,0.0,952.923579621315,0.0,0.0,8266.395469218493,0.0,310.67754275202753,0.0,0.0,1817.4787138760084,0.0,0.0,0.0,0.0,0.0,0.0,0.0,17090.224791371824,0.0,0.0,0.0,0.0,0.0,0.0,0.0
2496,0.0,474.07097325325014,0.0,0.0,0.0,0.0,0.0,0.0,0.0,0.0,0.0,0.0,0.0,933.3404479980469,0.0,0.0,8419.007422000168,0.0,314.27087951898557,0.0,0.0,1728.671379563212,0.0,0.0,0.0,0.0,0.0,0.0,0.0,17540.125630772112,0.0,0.0,0.0,0.0,0.0,0.0,0.0
2497,0.0,464.45610194206233,0.0,0.0,0.0,0.0,0.0,0.0,0.0,0.0,0.0,0.0,0.0,894.3817690134049,0.0,0.0,8582.68380358815,0.0,310.3006228387355,0.0,0.0,1751.0644810214635,0.0,0.0,0.0,0.0,0.0,0.0,0.0,18002.68869134188,0.0,0.0,0.0,0.0,0.0,0.0,0.0
2498,0.0,450.55381119847294,0.0,0.0,0.0,0.0,0.0,0.0,0.0,0.0,0.0,0.0,0.0,849.1624742269516,0.0,0.0,8779.753384292126,0.0,302.49592632651314,0.0,0.0,1817.121609856188,0.0,0.0,0.0,0.0,0.0,0.0,0.0,18455.638646829128,0.0,0.0,0.0,0.0,0.0,0.0,0.0
2499,0.0,444.4763127207756,0.0,0.0,0.0,0.0,0.0,0.0,0.0,0.0,0.0,0.0,0.0,809.2785881519318,0.0,0.0,9021.916890919207,0.0,297.8736776351927,0.0,0.0,1915.5737802922717,0.0,0.0,0.0,0.0,0.0,0.0,0.0,18885.45987070799,0.0,0.0,0.0,0.0,0.0,0.0,0.0
2500,0.0,427.00873351693156,0.0,0.0,0.0,0.0,0.0,0.0,0.0,0.0,0.0,0.0,0.0,775.7345854759217,0.0,0.0,9297.29313072562,0.0,285.0387779831885,0.0,0.0,1912.9585496664042,0.0,0.0,0.0,0.0,0.0,0.0,0.0,19283.087462353706,0.0,0.0,0.0,0.0,0.0,0.0,0.0
2501,0.0,423.6849502980709,0.0,0.0,0.0,0.0,0.0,0.0,0.0,0.0,0.0,0.0,0.0,738.5486671209334,0.0,0.0,9580.92490926385,0.0,259.20959692597376,0.0,0.0,1754.0287925586094,0.0,0.0,0.0,0.0,0.0,0.0,0.0,19643.654118335246,0.0,0.0,0.0,0.0,0.0,0.0,0.0
2502,0.0,433.22780209779734,0.0,0.0,0.0,0.0,0.0,0.0,0.0,0.0,0.0,0.0,0.0,704.2678972363472,0.0,0.0,9585.13241034746,0.0,215.47231824100012,0.0,0.0,1661.3231357708573,0.0,0.0,0.0,0.0,0.0,0.0,0.0,19624.333888936042,0.0,0.0,0.0,0.0,0.0,0.0,0.0
2503,0.0,446.8903831779956,0.0,0.0,0.0,0.0,0.0,0.0,0.0,0.0,0.0,0.0,0.0,675.2145743131637,0.0,0.0,9580.385067194698,0.0,162.85732473134982,0.0,0.0,1568.879819494485,0.0,0.0,0.0,0.0,0.0,0.0,0.0,19604.378668093683,0.0,0.0,0.0,0.0,0.0,0.0,0.0
2504,0.0,466.8402648031712,0.0,0.0,0.0,0.0,0.0,0.0,0.0,0.0,0.0,0.0,0.0,654.8718546628951,0.0,0.0,9608.053917914629,0.0,119.14296625107512,0.0,0.0,1484.8395740702747,0.0,0.0,0.0,0.0,0.0,0.0,0.0,19584.8342389822,0.0,0.0,0.0,0.0,0.0,0.0,0.0
2505,0.0,483.6147508978844,0.0,0.0,0.0,0.0,0.0,0.0,0.0,0.0,0.0,0.0,0.0,640.1942574739455,0.0,0.0,9596.935816049574,0.0,79.79285780489433,0.0,0.0,1387.6974410176272,0.0,0.0,0.0,0.0,0.0,0.0,0.0,19568.901594913004,0.0,0.0,0.0,0.0,0.0,0.0,0.0
2506,0.0,485.33934745788576,0.0,0.0,0.0,0.0,0.0,0.0,0.0,0.0,0.0,0.0,0.0,614.8110512018203,0.0,0.0,9251.860831171274,0.0,31.823033191263608,0.0,0.0,1284.389170601964,0.0,0.0,0.0,0.0,0.0,0.0,0.0,19730.052008748055,0.0,0.0,0.0,0.0,0.0,0.0,0.0
2507,0.0,486.92781676054,0.0,0.0,0.0,0.0,0.0,0.0,0.0,0.0,0.0,0.0,0.0,596.0697791218756,0.0,0.0,8952.820995420216,0.0,14.63892095275217,0.0,0.0,1184.8595572404554,0.0,0.0,0.0,0.0,0.0,0.0,0.0,19878.859866809846,0.0,0.0,0.0,0.0,0.0,0.0,0.0
2508,0.0,486.53907412290573,0.0,0.0,0.0,0.0,0.0,0.0,0.0,0.0,0.0,0.0,0.0,578.2714238047598,0.0,0.0,8692.644343554974,0.0,14.25615983307361,0.0,0.0,1104.1299794353536,0.0,0.0,0.0,0.0,0.0,0.0,0.0,20017.153481590747,0.0,0.0,0.0,0.0,0.0,0.0,0.0
2509,0.0,484.70623787641523,0.0,0.0,0.0,0.0,0.0,0.0,0.0,0.0,0.0,0.0,0.0,558.5521294593811,0.0,0.0,8494.861455678938,0.0,14.254896368831368,0.0,0.0,1043.443110734224,0.0,0.0,0.0,0.0,0.0,0.0,0.0,20147.71292952299,0.0,0.0,0.0,0.0,0.0,0.0,0.0
2510,0.0,485.8020454645157,0.0,0.0,0.0,0.0,0.0,0.0,0.0,0.0,0.0,0.0,0.0,533.1197396159171,0.0,0.0,8343.578883439302,0.0,14.541704604402165,0.0,0.0,1006.515088496357,0.0,0.0,0.0,0.0,0.0,0.0,0.0,20271.67945946455,0.0,0.0,0.0,0.0,0.0,0.0,0.0
2511,0.0,497.2735444307327,0.0,0.0,0.0,0.0,0.0,0.0,0.0,0.0,0.0,0.0,0.0,511.30971755981443,0.0,0.0,8618.948900282383,0.0,17.220813836902355,0.0,0.0,989.3910500384859,0.0,0.0,0.0,0.0,0.0,0.0,0.0,20271.51601064205,0.0,0.0,0.0,0.0,0.0,0.0,0.0
2512,0.0,497.08338149785993,0.0,0.0,0.0,0.0,0.0,0.0,0.0,0.0,0.0,0.0,0.0,477.0287235021591,0.0,0.0,8893.988322198391,0.0,20.82395819872599,0.0,0.0,959.4220904946319,0.0,0.0,0.0,0.0,0.0,0.0,0.0,20247.29520946741,0.0,0.0,0.0,0.0,0.0,0.0,0.0
2513,0.0,502.7466345191002,0.0,0.0,0.0,0.0,0.0,0.0,0.0,0.0,0.0,0.0,0.0,438.03484934568405,0.0,0.0,9148.244602322577,0.0,16.330660668760395,0.0,0.0,901.5625349678099,0.0,0.0,0.0,0.0,0.0,0.0,0.0,20208.705376410486,0.0,0.0,0.0,0.0,0.0,0.0,0.0
2514,0.0,502.262950694561,0.0,0.0,0.0,0.0,0.0,0.0,0.0,0.0,0.0,0.0,0.0,386.74310963153835,0.0,0.0,9355.297371953726,0.0,16.676042143255305,0.0,0.0,869.8512741453944,0.0,0.0,0.0,0.0,0.0,0.0,0.0,20142.829715144635,0.0,0.0,0.0,0.0,0.0,0.0,0.0
2515,0.0,490.1674322605133,0.0,0.0,0.0,0.0,0.0,0.0,0.0,0.0,0.0,0.0,0.0,335.73371589779845,0.0,0.0,9546.316676557064,0.0,18.200643324851814,0.0,0.0,930.8399933829902,0.0,0.0,0.0,0.0,0.0,0.0,0.0,20375.514301693438,0.0,0.0,0.0,0.0,0.0,0.0,0.0
2516,0.0,485.3781207203865,0.0,0.0,0.0,0.0,0.0,0.0,0.0,0.0,0.0,0.0,0.0,274.84893804192535,0.0,0.0,9699.744615405798,0.0,26.57496213093386,0.0,0.0,993.8824770279224,0.0,0.0,0.0,0.0,0.0,0.0,0.0,20584.1516610384,0.0,0.0,0.0,0.0,0.0,0.0,0.0
2517,0.0,485.574231505394,0.0,0.0,0.0,0.0,0.0,0.0,0.0,0.0,0.0,0.0,0.0,215.33524751067154,0.0,0.0,9867.438697695732,0.0,27.788289814814906,0.0,0.0,1042.9163103997705,0.0,0.0,0.0,0.0,0.0,0.0,0.0,20758.642680978774,0.0,0.0,0.0,0.0,0.0,0.0,0.0
2518,0.0,489.1438966870308,0.0,0.0,0.0,0.0,0.0,0.0,0.0,0.0,0.0,0.0,0.0,160.72424441575996,0.0,0.0,10035.260350733994,0.0,28.10273308865717,0.0,0.0,1076.9427678644654,0.0,0.0,0.0,0.0,0.0,0.0,0.0,20864.107672083377,0.0,0.0,0.0,0.0,0.0,0.0,0.0
2519,0.0,495.88713376522065,0.0,0.0,0.0,0.0,0.0,0.0,0.0,0.0,0.0,0.0,0.0,127.49690861701956,0.0,0.0,10203.969553917645,0.0,27.632674370705914,0.0,0.0,1058.1240369513625,0.0,0.0,0.0,0.0,0.0,0.0,0.0,20831.98925523758,0.0,0.0,0.0,0.0,0.0,0.0,0.0
2520,0.0,505.6690499424934,0.0,0.0,0.0,0.0,0.0,0.0,0.0,0.0,0.0,0.0,0.0,121.29706613421428,0.0,0.0,10570.442198216915,0.0,42.466752381622726,0.0,0.0,1409.2995850771663,0.0,0.0,0.0,0.0,0.0,0.0,0.0,20816.428348755835,0.0,0.0,0.0,0.0,0.0,0.0,0.0
2521,0.0,517.6158720731735,0.0,0.0,0.0,0.0,0.0,0.0,0.0,0.0,0.0,0.0,0.0,138.3924371242523,0.0,0.0,10928.508396923542,0.0,54.386362966895085,0.0,0.0,1815.3380576893683,0.0,0.0,0.0,0.0,0.0,0.0,0.0,20679.187749397755,0.0,0.0,0.0,0.0,0.0,0.0,0.0
2522,0.0,528.7899784326553,0.0,0.0,0.0,0.0,0.0,0.0,0.0,0.0,0.0,0.0,0.0,168.8405648827552,0.0,0.0,11270.059628814457,0.0,63.11493713855741,0.0,0.0,2224.5515619724983,0.0,0.0,0.0,0.0,0.0,0.0,0.0,20482.84376653433,0.0,0.0,0.0,0.0,0.0,0.0,0.0
2523,0.0,540.4196565985679,0.0,0.0,0.0,0.0,0.0,0.0,0.0,0.0,0.0,0.0,0.0,200.48772713541985,0.0,0.0,11591.39167496562,0.0,66.41132646203039,0.0,0.0,2526.069366502762,0.0,0.0,0.0,0.0,0.0,0.0,0.0,20318.612414717674,0.0,0.0,0.0,0.0,0.0,0.0,0.0
2524,0.0,548.9052215695381,0.0,0.0,0.0,0.0,0.0,0.0,0.0,0.0,0.0,0.0,0.0,232.81973811388013,0.0,0.0,11886.738181978464,0.0,70.61123722046598,0.0,0.0,2757.3722554206847,0.0,0.0,0.0,0.0,0.0,0.0,0.0,20218.505073511602,0.0,0.0,0.0,0.0,0.0,0.0,0.0
2525,0.0,548.4511647820473,0.0,0.0,0.0,0.0,0.0,0.0,0.0,0.0,0.0,0.0,0.0,266.64052727818483,0.0,0.0,12179.84908941388,0.0,85.70271365046499,0.0,0.0,2926.581733882427,0.0,0.0,0.0,0.0,0.0,0.0,0.0,20063.93745251894,0.0,0.0,0.0,0.0,0.0,0.0,0.0
2526,0.0,537.6342662215233,0.0,0.0,0.0,0.0,0.0,0.0,0.0,0.0,0.0,0.0,0.0,296.8087973773479,0.0,0.0,12080.97942584753,0.0,89.92552238255733,0.0,0.0,2787.631787735224,0.0,0.0,0.0,0.0,0.0,0.0,0.0,19598.079379403593,0.0,0.0,0.0,0.0,0.0,0.0,0.0
2527,0.0,526.7339293956757,0.0,0.0,0.0,0.0,0.0,0.0,0.0,0.0,0.0,0.0,0.0,317.2174014925957,0.0,0.0,11966.14086049795,0.0,83.39032954573618,0.0,0.0,2607.820603922009,0.0,0.0,0.0,0.0,0.0,0.0,0.0,19114.32582989931,0.0,0.0,0.0,0.0,0.0,0.0,0.0
2528,0.0,514.9736229300499,0.0,0.0,0.0,0.0,0.0,0.0,0.0,0.0,0.0,0.0,0.0,338.422089010477,0.0,0.0,11808.977587908505,0.0,59.94238213151692,0.0,0.0,2415.251163733005,0.0,0.0,0.0,0.0,0.0,0.0,0.0,18651.027972853182,0.0,0.0,0.0,0.0,0.0,0.0,0.0
2529,0.0,505.956230199337,0.0,0.0,0.0,0.0,0.0,0.0,0.0,0.0,0.0,0.0,0.0,362.69976337552066,0.0,0.0,11610.475947767496,0.0,44.40372828394155,0.0,0.0,2241.726161152124,0.0,0.0,0.0,0.0,0.0,0.0,0.0,18202.242346215247,0.0,0.0,0.0,0.0,0.0,0.0,0.0
2530,0.0,488.80817971229555,0.0,0.0,0.0,0.0,0.0,0.0,0.0,0.0,0.0,0.0,0.0,361.58625090718266,0.0,0.0,11411.986753553152,0.0,25.779957824200228,0.0,0.0,2200.4010969847436,0.0,0.0,0.0,0.0,0.0,0.0,0.0,17861.875361084938,0.0,0.0,0.0,0.0,0.0,0.0,0.0
2531,0.0,474.9546781897545,0.0,0.0,0.0,0.0,0.0,0.0,0.0,0.0,0.0,0.0,0.0,361.84532772302623,0.0,0.0,11206.829654127358,0.0,17.843979596346482,0.0,0.0,2156.7535699635737,0.0,0.0,0.0,0.0,0.0,0.0,0.0,17493.696040034294,0.0,0.0,0.0,0.0,0.0,0.0,0.0
2532,0.0,462.3269111573696,0.0,0.0,0.0,0.0,0.0,0.0,0.0,0.0,0.0,0.0,0.0,359.82214335799216,0.0,0.0,10996.66695857048,0.0,15.52687880545844,0.0,0.0,2113.7266985088577,0.0,0.0,0.0,0.0,0.0,0.0,0.0,17099.294031345846,0.0,0.0,0.0,0.0,0.0,0.0,0.0
2533,0.0,451.41052635312076,0.0,0.0,0.0,0.0,0.0,0.0,0.0,0.0,0.0,0.0,0.0,353.2146197319031,0.0,0.0,10755.743377387522,0.0,15.456311919167488,0.0,0.0,2084.601906225085,0.0,0.0,0.0,0.0,0.0,0.0,0.0,16700.63222812414,0.0,0.0,0.0,0.0,0.0,0.0,0.0
2534,0.0,444.6844594895839,0.0,0.0,0.0,0.0,0.0,0.0,0.0,0.0,0.0,0.0,0.0,340.45957561731325,0.0,0.0,10493.993093669415,0.0,15.432549713738124,0.0,0.0,2066.1626834839576,0.0,0.0,0.0,0.0,0.0,0.0,0.0,16314.062744867802,0.0,0.0,0.0,0.0,0.0,0.0,0.0
2535,0.0,446.6235715091228,0.0,0.0,0.0,0.0,0.0,0.0,0.0,0.0,0.0,0.0,0.0,333.5608960092068,0.0,0.0,10534.382459312677,0.0,17.21105811446888,0.0,0.0,2136.1132906526323,0.0,0.0,0.0,0.0,0.0,0.0,0.0,15566.673476922511,0.0,0.0,0.0,0.0,0.0,0.0,0.0
2536,0.0,446.0829903066158,0.0,0.0,0.0,0.0,0.0,0.0,0.0,0.0,0.0,0.0,0.0,320.0304148316382,0.0,0.0,10584.393304139374,0.0,17.485033480823,0.0,0.0,2201.0824556931843,0.0,0.0,0.0,0.0,0.0,0.0,0.0,14651.73759431839,0.0,0.0,0.0,0.0,0.0,0.0,0.0
2537,0.0,442.66392922997477,0.0,0.0,0.0,0.0,0.0,0.0,0.0,0.0,0.0,0.0,0.0,297.64415590167044,0.0,0.0,10591.21756130457,0.0,21.80293734930451,0.0,0.0,2249.52522817254,0.0,0.0,0.0,0.0,0.0,0.0,0.0,13691.345581662656,0.0,0.0,0.0,0.0,0.0,0.0,0.0
2538,0.0,436.14205325245854,0.0,0.0,0.0,0.0,0.0,0.0,0.0,0.0,0.0,0.0,0.0,275.792796331644,0.0,0.0,10604.217331707476,0.0,29.10750395357595,0.0,0.0,2301.728416487574,0.0,0.0,0.0,0.0,0.0,0.0,0.0,12693.743649017812,0.0,0.0,0.0,0.0,0.0,0.0,0.0
2539,0.0,430.13200117349623,0.0,0.0,0.0,0.0,0.0,0.0,0.0,0.0,0.0,0.0,0.0,268.48964125514027,0.0,0.0,10618.947085916994,0.0,28.486187075823384,0.0,0.0,2308.3294668853277,0.0,0.0,0.0,0.0,0.0,0.0,0.0,12167.51799530983,0.0,0.0,0.0,0.0,0.0,0.0,0.0
2540,0.0,419.027950412035,0.0,0.0,0.0,0.0,0.0,0.0,0.0,0.0,0.0,0.0,0.0,266.0457512915134,0.0,0.0,10664.144468605518,0.0,32.57539094835504,0.0,0.0,2317.3145915552964,0.0,0.0,0.0,0.0,0.0,0.0,0.0,11632.930415558814,0.0,0.0,0.0,0.0,0.0,0.0,0.0
2541,0.0,414.23050265908233,0.0,0.0,0.0,0.0,0.0,0.0,0.0,0.0,0.0,0.0,0.0,266.30677841305726,0.0,0.0,10735.087806344032,0.0,31.145527353882674,0.0,0.0,2326.108069896698,0.0,0.0,0.0,0.0,0.0,0.0,0.0,11107.895913225411,0.0,0.0,0.0,0.0,0.0,0.0,0.0
2542,0.0,414.6148685753345,0.0,0.0,0.0,0.0,0.0,0.0,0.0,0.0,0.0,0.0,0.0,272.09149720668785,0.0,0.0,10856.169559657572,0.0,36.19825053960081,0.0,0.0,2337.2530759379265,0.0,0.0,0.0,0.0,0.0,0.0,0.0,10648.48755957484,0.0,0.0,0.0,0.0,0.0,0.0,0.0
2543,0.0,417.71128672957417,0.0,0.0,0.0,0.0,0.0,0.0,0.0,0.0,0.0,0.0,0.0,285.11153630614274,0.0,0.0,11041.896233946083,0.0,56.406349581479944,0.0,0.0,2316.2063429206605,0.0,0.0,0.0,0.0,0.0,0.0,0.0,10310.745157527923,0.0,0.0,0.0,0.0,0.0,0.0,0.0
2544,0.0,416.0127821624279,0.0,0.0,0.0,0.0,0.0,0.0,0.0,0.0,0.0,0.0,0.0,302.0035374879837,0.0,0.0,11270.534129768608,0.0,118.21134477853765,0.0,0.0,2423.593682822585,0.0,0.0,0.0,0.0,0.0,0.0,0.0,10964.167986708879,0.0,0.0,0.0,0.0,0.0,0.0,0.0
2545,0.0,418.0135610640049,0.0,0.0,0.0,0.0,0.0,0.0,0.0,0.0,0.0,0.0,0.0,322.7217694461345,0.0,0.0,11515.946023255585,0.0,201.94524767398835,0.0,0.0,2402.49911391288,0.0,0.0,0.0,0.0,0.0,0.0,0.0,11765.257425093649,0.0,0.0,0.0,0.0,0.0,0.0,0.0
2546,0.0,420.594199436903,0.0,0.0,0.0,0.0,0.0,0.0,0.0,0.0,0.0,0.0,0.0,343.62588571310044,0.0,0.0,11759.509696632622,0.0,292.1449158608913,0.0,0.0,2508.2126517176625,0.0,0.0,0.0,0.0,0.0,0.0,0.0,12541.911264514923,0.0,0.0,0.0,0.0,0.0,0.0,0.0
2547,0.0,423.55869871973994,0.0,0.0,0.0,0.0,0.0,0.0,0.0,0.0,0.0,0.0,0.0,359.76596558690073,0.0,0.0,11981.215211302042,0.0,375.67687196731566,0.0,0.0,2761.143116435408,0.0,0.0,0.0,0.0,0.0,0.0,0.0,13240.772143125534,0.0,0.0,0.0,0.0,0.0,0.0,0.0
2548,0.0,425.6705228984356,0.0,0.0,0.0,0.0,0.0,0.0,0.0,0.0,0.0,0.0,0.0,377.67844741344453,0.0,0.0,12185.494872897863,0.0,447.8713225126265,0.0,0.0,3040.249502599239,0.0,0.0,0.0,0.0,0.0,0.0,0.0,13885.95527126789,0.0,0.0,0.0,0.0,0.0,0.0,0.0
2549,0.0,414.76637046933166,0.0,0.0,0.0,0.0,0.0,0.0,0.0,0.0,0.0,0.0,0.0,389.03281335830684,0.0,0.0,12331.928978830574,0.0,498.9526853322982,0.0,0.0,3219.890838718414,0.0,0.0,0.0,0.0,0.0,0.0,0.0,14549.62836664915,0.0,0.0,0.0,0.0,0.0,0.0,0.0
2550,0.0,408.39190022349356,0.0,0.0,0.0,0.0,0.0,0.0,0.0,0.0,0.0,0.0,0.0,400.6828635811806,0.0,0.0,12209.682753503323,0.0,532.4574153661727,0.0,0.0,3266.2162674397227,0.0,0.0,0.0,0.0,0.0,0.0,0.0,14558.069847428798,0.0,0.0,0.0,0.0,0.0,0.0,0.0
2551,0.0,407.8296598613262,0.0,0.0,0.0,0.0,0.0,0.0,0.0,0.0,0.0,0.0,0.0,411.09574747085566,0.0,0.0,12055.565621465445,0.0,558.9692672729492,0.0,0.0,3307.1674244731666,0.0,0.0,0.0,0.0,0.0,0.0,0.0,14422.89188542366,0.0,0.0,0.0,0.0,0.0,0.0,0.0
2552,0.0,395.4693497836589,0.0,0.0,0.0,0.0,0.0,0.0,0.0,0.0,0.0,0.0,0.0,424.7384272694587,0.0,0.0,11861.687643080948,0.0,575.2905279159545,0.0,0.0,3353.2140123277904,0.0,0.0,0.0,0.0,0.0,0.0,0.0,14245.891275155544,0.0,0.0,0.0,0.0,0.0,0.0,0.0
2553,0.0,373.04039216637614,0.0,0.0,0.0,0.0,0.0,0.0,0.0,0.0,0.0,0.0,0.0,441.6219771265983,0.0,0.0,11629.390644818544,0.0,589.7706432700156,0.0,0.0,3398.191256055236,0.0,0.0,0.0,0.0,0.0,0.0,0.0,13994.307376086712,0.0,0.0,0.0,0.0,0.0,0.0,0.0
2554,0.0,334.29849616885184,0.0,0.0,0.0,0.0,0.0,0.0,0.0,0.0,0.0,0.0,0.0,449.381010556221,0.0,0.0,11357.90998005867,0.0,586.7353649497031,0.0,0.0,3366.6704305261374,0.0,0.0,0.0,0.0,0.0,0.0,0.0,13553.42949026823,0.0,0.0,0.0,0.0,0.0,0.0,0.0
2555,0.0,294.5597738206386,0.0,0.0,0.0,0.0,0.0,0.0,0.0,0.0,0.0,0.0,0.0,465.60307052135465,0.0,0.0,11032.13784956932,0.0,577.0864404439926,0.0,0.0,3338.3794360131023,0.0,0.0,0.0,0.0,0.0,0.0,0.0,13074.812283849717,0.0,0.0,0.0,0.0,0.0,0.0,0.0
2556,0.0,263.37989847064017,0.0,0.0,0.0,0.0,0.0,0.0,0.0,0.0,0.0,0.0,0.0,482.3989238739013,0.0,0.0,10564.458818972109,0.0,568.6614089250564,0.0,0.0,3316.2247571200132,0.0,0.0,0.0,0.0,0.0,0.0,0.0,12567.886609244346,0.0,0.0,0.0,0.0,0.0,0.0,0.0
2557,0.0,245.4170202970504,0.0,0.0,0.0,0.0,0.0,0.0,0.0,0.0,0.0,0.0,0.0,504.84017245769496,0.0,0.0,10035.748853355646,0.0,572.5538569569586,0.0,0.0,3294.4306639730926,0.0,0.0,0.0,0.0,0.0,0.0,0.0,12036.921662908791,0.0,0.0,0.0,0.0,0.0,0.0,0.0
2558,0.0,239.43373355269426,0.0,0.0,0.0,0.0,0.0,0.0,0.0,0.0,0.0,0.0,0.0,532.8855684280395,0.0,0.0,9490.174657106398,0.0,569.5323915243149,0.0,0.0,3273.011688995361,0.0,0.0,0.0,0.0,0.0,0.0,0.0,11507.141358923911,0.0,0.0,0.0,0.0,0.0,0.0,0.0
2559,0.0,247.0903306603431,0.0,0.0,0.0,0.0,0.0,0.0,0.0,0.0,0.0,0.0,0.0,566.5267277121544,0.0,0.0,9265.437003552912,0.0,575.1928298950195,0.0,0.0,3457.078147923946,0.0,0.0,0.0,0.0,0.0,0.0,0.0,10600.905148380994,0.0,0.0,0.0,0.0,0.0,0.0,0.0
2560,0.0,266.6270890653133,0.0,0.0,0.0,0.0,0.0,0.0,0.0,0.0,0.0,0.0,0.0,588.3016891002654,0.0,0.0,9053.051932215689,0.0,575.8658080101012,0.0,0.0,3648.7956248134374,0.0,0.0,0.0,0.0,0.0,0.0,0.0,9832.708700686691,0.0,0.0,0.0,0.0,0.0,0.0,0.0
2561,0.0,289.80205323100085,0.0,0.0,0.0,0.0,0.0,0.0,0.0,0.0,0.0,0.0,0.0,585.1331821084021,0.0,0.0,8850.262670338152,0.0,547.0507608294486,0.0,0.0,3854.4515119314187,0.0,0.0,0.0,0.0,0.0,0.0,0.0,9107.929612112044,0.0,0.0,0.0,0.0,0.0,0.0,0.0
2562,0.0,306.036042290926,0.0,0.0,0.0,0.0,0.0,0.0,0.0,0.0,0.0,0.0,0.0,589.979490017891,0.0,0.0,8671.628618508576,0.0,543.680771934986,0.0,0.0,4055.0828137904405,0.0,0.0,0.0,0.0,0.0,0.0,0.0,8383.77900595665,0.0,0.0,0.0,0.0,0.0,0.0,0.0
2563,0.0,322.5081979393959,0.0,0.0,0.0,0.0,0.0,0.0,0.0,0.0,0.0,0.0,0.0,610.1777525424956,0.0,0.0,8641.830736458302,0.0,536.4857988119126,0.0,0.0,4083.7819271832705,0.0,0.0,0.0,0.0,0.0,0.0,0.0,8100.4477044045925,0.0,0.0,0.0,0.0,0.0,0.0,0.0
2564,0.0,327.75742995142934,0.0,0.0,0.0,0.0,0.0,0.0,0.0,0.0,0.0,0.0,0.0,630.874351799488,0.0,0.0,8634.113484054804,0.0,528.9903212785721,0.0,0.0,4152.839395853877,0.0,0.0,0.0,0.0,0.0,0.0,0.0,7901.215884602069,0.0,0.0,0.0,0.0,0.0,0.0,0.0
2565,0.0,323.4240268886089,0.0,0.0,0.0,0.0,0.0,0.0,0.0,0.0,0.0,0.0,0.0,642.402810549736,0.0,0.0,8650.031046390533,0.0,523.2643754363058,0.0,0.0,4227.974142175913,0.0,0.0,0.0,0.0,0.0,0.0,0.0,7738.685557699204,0.0,0.0,0.0,0.0,0.0,0.0,0.0
2566,0.0,315.4306747376919,0.0,0.0,0.0,0.0,0.0,0.0,0.0,0.0,0.0,0.0,0.0,651.4027315855026,0.0,0.0,8698.141553789375,0.0,520.3816909909249,0.0,0.0,4324.19543429911,0.0,0.0,0.0,0.0,0.0,0.0,0.0,7537.2341607451435,0.0,0.0,0.0,0.0,0.0,0.0,0.0
2567,0.0,308.42864997982974,0.0,0.0,0.0,0.0,0.0,0.0,0.0,0.0,0.0,0.0,0.0,661.6406259775162,0.0,0.0,8782.847752809523,0.0,522.7701349020003,0.0,0.0,4445.904477086663,0.0,0.0,0.0,0.0,0.0,0.0,0.0,7226.844123595953,0.0,0.0,0.0,0.0,0.0,0.0,0.0
2568,0.0,308.63811537623405,0.0,0.0,0.0,0.0,0.0,0.0,0.0,0.0,0.0,0.0,0.0,676.8412637710571,0.0,0.0,8799.735319554806,0.0,552.2783163428305,0.0,0.0,4875.270062094926,0.0,0.0,0.0,0.0,0.0,0.0,0.0,7133.856931316852,0.0,0.0,0.0,0.0,0.0,0.0,0.0
2569,0.0,310.97601404786104,0.0,0.0,0.0,0.0,0.0,0.0,0.0,0.0,0.0,0.0,0.0,695.8189936041831,0.0,0.0,8825.194240421057,0.0,582.8806207656859,0.0,0.0,5159.659892302751,0.0,0.0,0.0,0.0,0.0,0.0,0.0,6976.423893356322,0.0,0.0,0.0,0.0,0.0,0.0,0.0
2570,0.0,314.94873037934303,0.0,0.0,0.0,0.0,0.0,0.0,0.0,0.0,0.0,0.0,0.0,715.28577940464,0.0,0.0,8844.340742856262,0.0,610.5019498944282,0.0,0.0,5285.520969450474,0.0,0.0,0.0,0.0,0.0,0.0,0.0,6785.394166898726,0.0,0.0,0.0,0.0,0.0,0.0,0.0
2571,0.0,318.9547210156917,0.0,0.0,0.0,0.0,0.0,0.0,0.0,0.0,0.0,0.0,0.0,732.6479835987091,0.0,0.0,8851.002425104378,0.0,634.0519748449325,0.0,0.0,5239.442894679308,0.0,0.0,0.0,0.0,0.0,0.0,0.0,6593.00333122015,0.0,0.0,0.0,0.0,0.0,0.0,0.0
2572,0.0,324.3594669163227,0.0,0.0,0.0,0.0,0.0,0.0,0.0,0.0,0.0,0.0,0.0,743.6341676950453,0.0,0.0,8850.672608047722,0.0,643.2429991602897,0.0,0.0,4936.550565138459,0.0,0.0,0.0,0.0,0.0,0.0,0.0,6401.920086121559,0.0,0.0,0.0,0.0,0.0,0.0,0.0
2573,0.0,318.12580926418303,0.0,0.0,0.0,0.0,0.0,0.0,0.0,0.0,0.0,0.0,0.0,750.97390781641,0.0,0.0,8841.514739632605,0.0,639.5244868040085,0.0,0.0,4503.669950312376,0.0,0.0,0.0,0.0,0.0,0.0,0.0,6214.595440715551,0.0,0.0,0.0,0.0,0.0,0.0,0.0
2574,0.0,309.4281977534294,0.0,0.0,0.0,0.0,0.0,0.0,0.0,0.0,0.0,0.0,0.0,754.4154576063156,0.0,0.0,8634.033363401888,0.0,617.0724382162094,0.0,0.0,4335.071136376261,0.0,0.0,0.0,0.0,0.0,0.0,0.0,5985.825308820605,0.0,0.0,0.0,0.0,0.0,0.0,0.0
2575,0.0,302.65362222790714,0.0,0.0,0.0,0.0,0.0,0.0,0.0,0.0,0.0,0.0,0.0,756.0501276254654,0.0,0.0,8396.270269721746,0.0,591.5130234479905,0.0,0.0,4156.409527775645,0.0,0.0,0.0,0.0,0.0,0.0,0.0,5735.166775983571,0.0,0.0,0.0,0.0,0.0,0.0,0.0
2576,0.0,299.1435477912426,0.0,0.0,0.0,0.0,0.0,0.0,0.0,0.0,0.0,0.0,0.0,748.2566163778304,0.0,0.0,8147.691665768623,0.0,551.0770100951195,0.0,0.0,3918.936111491918,0.0,0.0,0.0,0.0,0.0,0.0,0.0,5516.507327887415,0.0,0.0,0.0,0.0,0.0,0.0,0.0
2577,0.0,297.4293319165707,0.0,0.0,0.0,0.0,0.0,0.0,0.0,0.0,0.0,0.0,0.0,749.762655889988,0.0,0.0,7883.291955411434,0.0,529.1211583733559,0.0,0.0,3662.363458254933,0.0,0.0,0.0,0.0,0.0,0.0,0.0,5278.273436847328,0.0,0.0,0.0,0.0,0.0,0.0,0.0
2578,0.0,276.3129979312419,0.0,0.0,0.0,0.0,0.0,0.0,0.0,0.0,0.0,0.0,0.0,748.9387750267981,0.0,0.0,7463.647978782654,0.0,500.53838112354265,0.0,0.0,3516.6737981736655,0.0,0.0,0.0,0.0,0.0,0.0,0.0,5197.428467050194,0.0,0.0,0.0,0.0,0.0,0.0,0.0
2579,0.0,256.7438630104064,0.0,0.0,0.0,0.0,0.0,0.0,0.0,0.0,0.0,0.0,0.0,753.9321404695511,0.0,0.0,7082.002972006796,0.0,472.5951168596744,0.0,0.0,3368.2108673661946,0.0,0.0,0.0,0.0,0.0,0.0,0.0,5077.611439847945,0.0,0.0,0.0,0.0,0.0,0.0,0.0
2580,0.0,239.93924487233156,0.0,0.0,0.0,0.0,0.0,0.0,0.0,0.0,0.0,0.0,0.0,767.0187365531922,0.0,0.0,6727.673662781715,0.0,447.248023366928,0.0,0.0,3211.3818022817372,0.0,0.0,0.0,0.0,0.0,0.0,0.0,4932.730692875385,0.0,0.0,0.0,0.0,0.0,0.0,0.0
2581,0.0,227.86914508938787,0.0,0.0,0.0,0.0,0.0,0.0,0.0,0.0,0.0,0.0,0.0,784.4029097080231,0.0,0.0,6389.594455495475,0.0,431.42192214131353,0.0,0.0,3054.6308489710086,0.0,0.0,0.0,0.0,0.0,0.0,0.0,4753.792201545834,0.0,0.0,0.0,0.0,0.0,0.0,0.0
2582,0.0,221.1292326360941,0.0,0.0,0.0,0.0,0.0,0.0,0.0,0.0,0.0,0.0,0.0,800.9727966070175,0.0,0.0,6068.48799176514,0.0,425.3039985597133,0.0,0.0,2897.514768531918,0.0,0.0,0.0,0.0,0.0,0.0,0.0,4562.940388408301,0.0,0.0,0.0,0.0,0.0,0.0,0.0
2583,0.0,215.15248291790476,0.0,0.0,0.0,0.0,0.0,0.0,0.0,0.0,0.0,0.0,0.0,822.4208688259125,0.0,0.0,6039.070488348603,0.0,437.3489255309105,0.0,0.0,2936.821036934852,0.0,0.0,0.0,0.0,0.0,0.0,0.0,4176.826536825298,0.0,0.0,0.0,0.0,0.0,0.0,0.0
2584,0.0,218.80425370931624,0.0,0.0,0.0,0.0,0.0,0.0,0.0,0.0,0.0,0.0,0.0,837.0439471244812,0.0,0.0,6058.522304922342,0.0,443.95400535464273,0.0,0.0,2990.5498269081113,0.0,0.0,0.0,0.0,0.0,0.0,0.0,3934.756661030649,0.0,0.0,0.0,0.0,0.0,0.0,0.0
2585,0.0,226.4417868286371,0.0,0.0,0.0,0.0,0.0,0.0,0.0,0.0,0.0,0.0,0.0,826.6471588611603,0.0,0.0,6151.752019032834,0.0,427.18207702040667,0.0,0.0,2987.3511800497768,0.0,0.0,0.0,0.0,0.0,0.0,0.0,3732.926294240355,0.0,0.0,0.0,0.0,0.0,0.0,0.0
2586,0.0,232.99292511641974,0.0,0.0,0.0,0.0,0.0,0.0,0.0,0.0,0.0,0.0,0.0,816.0400065898896,0.0,0.0,6242.103223666548,0.0,415.57433090806,0.0,0.0,2976.2232798814775,0.0,0.0,0.0,0.0,0.0,0.0,0.0,3542.3558155804867,0.0,0.0,0.0,0.0,0.0,0.0,0.0
2587,0.0,247.56094043254848,0.0,0.0,0.0,0.0,0.0,0.0,0.0,0.0,0.0,0.0,0.0,814.6436773777008,0.0,0.0,6385.300999730824,0.0,389.2460777699947,0.0,0.0,2875.934423106909,0.0,0.0,0.0,0.0,0.0,0.0,0.0,3368.7055445611463,0.0,0.0,0.0,0.0,0.0,0.0,0.0
2588,0.0,268.15046866536136,0.0,0.0,0.0,0.0,0.0,0.0,0.0,0.0,0.0,0.0,0.0,811.2132017374039,0.0,0.0,6499.513768330216,0.0,371.69490693807603,0.0,0.0,2829.899340087175,0.0,0.0,0.0,0.0,0.0,0.0,0.0,3245.729109477996,0.0,0.0,0.0,0.0,0.0,0.0,0.0
2589,0.0,288.31786773204806,0.0,0.0,0.0,0.0,0.0,0.0,0.0,0.0,0.0,0.0,0.0,809.6447076082229,0.0,0.0,6670.115919172762,0.0,354.70632968544953,0.0,0.0,2784.709256914258,0.0,0.0,0.0,0.0,0.0,0.0,0.0,3155.2876687705498,0.0,0.0,0.0,0.0,0.0,0.0,0.0
2590,0.0,306.44414350390434,0.0,0.0,0.0,0.0,0.0,0.0,0.0,0.0,0.0,0.0,0.0,812.6416325330734,0.0,0.0,6814.022724121807,0.0,349.0968152225017,0.0,0.0,2731.587498360872,0.0,0.0,0.0,0.0,0.0,0.0,0.0,3095.5955802142607,0.0,0.0,0.0,0.0,0.0,0.0,0.0
2591,0.0,320.77173373103136,0.0,0.0,0.0,0.0,0.0,0.0,0.0,0.0,0.0,0.0,0.0,824.2599846839905,0.0,0.0,6942.441351205111,0.0,362.16967595219603,0.0,0.0,2707.3156270891427,0.0,0.0,0.0,0.0,0.0,0.0,0.0,3030.2862040281298,0.0,0.0,0.0,0.0,0.0,0.0,0.0
2592,0.0,319.5557907521724,0.0,0.0,0.0,0.0,0.0,0.0,0.0,0.0,0.0,0.0,0.0,840.7672824621201,0.0,0.0,7114.244145035742,0.0,412.8093227803707,0.0,0.0,3318.8817684620617,0.0,0.0,0.0,0.0,0.0,0.0,0.0,3641.5197099328043,0.0,0.0,0.0,0.0,0.0,0.0,0.0
2593,0.0,312.34550700187685,0.0,0.0,0.0,0.0,0.0,0.0,0.0,0.0,0.0,0.0,0.0,866.2001654863358,0.0,0.0,7276.463575333357,0.0,480.73043343424786,0.0,0.0,3747.8343904495237,0.0,0.0,0.0,0.0,0.0,0.0,0.0,4110.980166167019,0.0,0.0,0.0,0.0,0.0,0.0,0.0
2594,0.0,302.8488352239131,0.0,0.0,0.0,0.0,0.0,0.0,0.0,0.0,0.0,0.0,0.0,897.0528359651565,0.0,0.0,7421.909785836933,0.0,557.0477345347405,0.0,0.0,4012.005684372782,0.0,0.0,0.0,0.0,0.0,0.0,0.0,4453.904474467037,0.0,0.0,0.0,0.0,0.0,0.0,0.0
2595,0.0,291.9231919705868,0.0,0.0,0.0,0.0,0.0,0.0,0.0,0.0,0.0,0.0,0.0,930.9123846530914,0.0,0.0,7539.707370251417,0.0,633.3374395012855,0.0,0.0,4169.922864630818,0.0,0.0,0.0,0.0,0.0,0.0,0.0,4674.55676871538,0.0,0.0,0.0,0.0,0.0,0.0,0.0
2596,0.0,284.5341079294681,0.0,0.0,0.0,0.0,0.0,0.0,0.0,0.0,0.0,0.0,0.0,963.9314636707306,0.0,0.0,7635.676355034113,0.0,712.9405775904655,0.0,0.0,4278.3341348379845,0.0,0.0,0.0,0.0,0.0,0.0,0.0,4858.290602600575,0.0,0.0,0.0,0.0,0.0,0.0,0.0
2597,0.0,273.92131608724594,0.0,0.0,0.0,0.0,0.0,0.0,0.0,0.0,0.0,0.0,0.0,991.2583401203156,0.0,0.0,7712.124681711197,0.0,782.3613647222519,0.0,0.0,4279.169143643975,0.0,0.0,0.0,0.0,0.0,0.0,0.0,4944.695363649725,0.0,0.0,0.0,0.0,0.0,0.0,0.0
2598,0.0,286.22559852004053,0.0,0.0,0.0,0.0,0.0,0.0,0.0,0.0,0.0,0.0,0.0,1016.4436464071274,0.0,0.0,7441.210306614636,0.0,836.5943186759947,0.0,0.0,4154.965368238091,0.0,0.0,0.0,0.0,0.0,0.0,0.0,4961.826391342281,0.0,0.0,0.0,0.0,0.0,0.0,0.0
2599,0.0,292.9659738957881,0.0,0.0,0.0,0.0,0.0,0.0,0.0,0.0,0.0,0.0,0.0,1033.6661459445954,0.0,0.0,7197.130127280951,0.0,879.2764972686766,0.0,0.0,4024.537779915333,0.0,0.0,0.0,0.0,0.0,0.0,0.0,4954.974920457601,0.0,0.0,0.0,0.0,0.0,0.0,0.0
2600,0.0,280.9329359650611,0.0,0.0,0.0,0.0,0.0,0.0,0.0,0.0,0.0,0.0,0.0,1043.9921851873398,0.0,0.0,6963.9199091494065,0.0,885.8051912307739,0.0,0.0,3852.7660536199805,0.0,0.0,0.0,0.0,0.0,0.0,0.0,4906.473652055859,0.0,0.0,0.0,0.0,0.0,0.0,0.0
2601,0.0,276.5203030228614,0.0,0.0,0.0,0.0,0.0,0.0,0.0,0.0,0.0,0.0,0.0,1058.6119457244872,0.0,0.0,6757.932821989059,0.0,889.504555249214,0.0,0.0,3697.6003454536194,0.0,0.0,0.0,0.0,0.0,0.0,0.0,4896.6027173042285,0.0,0.0,0.0,0.0,0.0,0.0,0.0
2602,0.0,255.27000208497043,0.0,0.0,0.0,0.0,0.0,0.0,0.0,0.0,0.0,0.0,0.0,1060.5444969177247,0.0,0.0,6369.874662563205,0.0,888.7485219597816,0.0,0.0,3581.5301855564117,0.0,0.0,0.0,0.0,0.0,0.0,0.0,4708.094152772424,0.0,0.0,0.0,0.0,0.0,0.0,0.0
2603,0.0,235.6535087943077,0.0,0.0,0.0,0.0,0.0,0.0,0.0,0.0,0.0,0.0,0.0,1065.1433625936509,0.0,0.0,5964.2187407016745,0.0,898.6021499037741,0.0,0.0,3476.646358278393,0.0,0.0,0.0,0.0,0.0,0.0,0.0,4527.296250280738,0.0,0.0,0.0,0.0,0.0,0.0,0.0
2604,0.0,222.26934050023547,0.0,0.0,0.0,0.0,0.0,0.0,0.0,0.0,0.0,0.0,0.0,1068.6333786010741,0.0,0.0,5549.174700781701,0.0,912.0995939016342,0.0,0.0,3377.2079510092735,0.0,0.0,0.0,0.0,0.0,0.0,0.0,4356.094457086919,0.0,0.0,0.0,0.0,0.0,0.0,0.0
2605,0.0,209.99269313514228,0.0,0.0,0.0,0.0,0.0,0.0,0.0,0.0,0.0,0.0,0.0,1070.6484254837037,0.0,0.0,5136.957830891013,0.0,925.3811300158501,0.0,0.0,3286.4090692251916,0.0,0.0,0.0,0.0,0.0,0.0,0.0,4206.198868808149,0.0,0.0,0.0,0.0,0.0,0.0,0.0
2606,0.0,198.15256761610502,0.0,0.0,0.0,0.0,0.0,0.0,0.0,0.0,0.0,0.0,0.0,1069.7012494325638,0.0,0.0,4716.359018325806,0.0,932.1789677977561,0.0,0.0,3202.18792541027,0.0,0.0,0.0,0.0,0.0,0.0,0.0,4077.5378861814734,0.0,0.0,0.0,0.0,0.0,0.0,0.0
2607,0.0,190.6677989065647,0.0,0.0,0.0,0.0,0.0,0.0,0.0,0.0,0.0,0.0,0.0,1075.3765045166015,0.0,0.0,4649.609180003405,0.0,950.467883181572,0.0,0.0,3270.8887441992756,0.0,0.0,0.0,0.0,0.0,0.0,0.0,4121.782252949474,0.0,0.0,0.0,0.0,0.0,0.0,0.0
2608,0.0,183.19262531697746,0.0,0.0,0.0,0.0,0.0,0.0,0.0,0.0,0.0,0.0,0.0,1071.1911036491394,0.0,0.0,4593.8436498343945,0.0,961.6508088946342,0.0,0.0,3340.4312324881553,0.0,0.0,0.0,0.0,0.0,0.0,0.0,4193.066913080213,0.0,0.0,0.0,0.0,0.0,0.0,0.0
2609,0.0,180.646004730463,0.0,0.0,0.0,0.0,0.0,0.0,0.0,0.0,0.0,0.0,0.0,1047.1221792459487,0.0,0.0,4537.075444698334,0.0,941.0015496373176,0.0,0.0,3431.0660189956425,0.0,0.0,0.0,0.0,0.0,0.0,0.0,4254.6820565879325,0.0,0.0,0.0,0.0,0.0,0.0,0.0
2610,0.0,185.14512000381944,0.0,0.0,0.0,0.0,0.0,0.0,0.0,0.0,0.0,0.0,0.0,1017.1202007293701,0.0,0.0,4480.630833655594,0.0,924.6128844738006,0.0,0.0,3523.3169320464135,0.0,0.0,0.0,0.0,0.0,0.0,0.0,4299.876740846037,0.0,0.0,0.0,0.0,0.0,0.0,0.0
2611,0.0,198.9876937508583,0.0,0.0,0.0,0.0,0.0,0.0,0.0,0.0,0.0,0.0,0.0,999.7644527196884,0.0,0.0,4220.062135100363,0.0,903.8888696312903,0.0,0.0,3491.6647091925142,0.0,0.0,0.0,0.0,0.0,0.0,0.0,4437.421094653009,0.0,0.0,0.0,0.0,0.0,0.0,0.0
2612,0.0,219.62045613527295,0.0,0.0,0.0,0.0,0.0,0.0,0.0,0.0,0.0,0.0,0.0,991.2430963516235,0.0,0.0,4001.158898606895,0.0,895.1066593647002,0.0,0.0,3465.423089084029,0.0,0.0,0.0,0.0,0.0,0.0,0.0,4606.819165000318,0.0,0.0,0.0,0.0,0.0,0.0,0.0
2613,0.0,240.68463419079774,0.0,0.0,0.0,0.0,0.0,0.0,0.0,0.0,0.0,0.0,0.0,993.2922175407409,0.0,0.0,3881.521650657057,0.0,898.6416915178298,0.0,0.0,3442.04253975749,0.0,0.0,0.0,0.0,0.0,0.0,0.0,4775.670838952064,0.0,0.0,0.0,0.0,0.0,0.0,0.0
2614,0.0,261.43556805253024,0.0,0.0,0.0,0.0,0.0,0.0,0.0,0.0,0.0,0.0,0.0,1000.2675867557525,0.0,0.0,3882.253626719116,0.0,908.6753612637518,0.0,0.0,3420.376513588428,0.0,0.0,0.0,0.0,0.0,0.0,0.0,4987.6563678711655,0.0,0.0,0.0,0.0,0.0,0.0,0.0
2615,0.0,283.3407780110836,0.0,0.0,0.0,0.0,0.0,0.0,0.0,0.0,0.0,0.0,0.0,1006.9812114953995,0.0,0.0,3998.922521159052,0.0,918.799970793724,0.0,0.0,3400.5776010185477,0.0,0.0,0.0,0.0,0.0,0.0,0.0,5423.4304557234045,0.0,0.0,0.0,0.0,0.0,0.0,0.0
2616,0.0,327.30216675996775,0.0,0.0,0.0,0.0,0.0,0.0,0.0,0.0,0.0,0.0,0.0,1011.8431666851044,0.0,0.0,4447.781754896043,0.0,949.4898358821868,0.0,0.0,3520.9793312519787,0.0,0.0,0.0,0.0,0.0,0.0,0.0,6988.971121770142,0.0,0.0,0.0,0.0,0.0,0.0,0.0
2617,0.0,362.2521106302738,0.0,0.0,0.0,0.0,0.0,0.0,0.0,0.0,0.0,0.0,0.0,1011.9611713886261,0.0,0.0,4919.795079454778,0.0,970.1832015275954,0.0,0.0,3561.521763888001,0.0,0.0,0.0,0.0,0.0,0.0,0.0,8670.177504217625,0.0,0.0,0.0,0.0,0.0,0.0,0.0
2618,0.0,390.8959284424781,0.0,0.0,0.0,0.0,0.0,0.0,0.0,0.0,0.0,0.0,0.0,1009.8355623483658,0.0,0.0,5348.627261444925,0.0,982.1778863430023,0.0,0.0,3506.5068544775245,0.0,0.0,0.0,0.0,0.0,0.0,0.0,10235.93766901493,0.0,0.0,0.0,0.0,0.0,0.0,0.0
2619,0.0,417.712970083952,0.0,0.0,0.0,0.0,0.0,0.0,0.0,0.0,0.0,0.0,0.0,1008.2173914670944,0.0,0.0,5707.211910784243,0.0,988.105512201786,0.0,0.0,3249.910888811946,0.0,0.0,0.0,0.0,0.0,0.0,0.0,11530.845777535436,0.0,0.0,0.0,0.0,0.0,0.0,0.0
2620,0.0,439.3648071527481,0.0,0.0,0.0,0.0,0.0,0.0,0.0,0.0,0.0,0.0,0.0,1008.8426549911499,0.0,0.0,5994.458064213395,0.0,990.4774162173271,0.0,0.0,3079.923925718665,0.0,0.0,0.0,0.0,0.0,0.0,0.0,12521.212568497658,0.0,0.0,0.0,0.0,0.0,0.0,0.0
2621,0.0,458.9975728690624,0.0,0.0,0.0,0.0,0.0,0.0,0.0,0.0,0.0,0.0,0.0,1003.0666116952896,0.0,0.0,6320.968393728136,0.0,984.8671903610228,0.0,0.0,2945.370643052459,0.0,0.0,0.0,0.0,0.0,0.0,0.0,13396.240902316571,0.0,0.0,0.0,0.0,0.0,0.0,0.0
2622,0.0,480.4095880508423,0.0,0.0,0.0,0.0,0.0,0.0,0.0,0.0,0.0,0.0,0.0,991.5858121395111,0.0,0.0,6443.815912887452,0.0,965.7075887918472,0.0,0.0,2911.0111508935684,0.0,0.0,0.0,0.0,0.0,0.0,0.0,13670.623742449283,0.0,0.0,0.0,0.0,0.0,0.0,0.0
2623,0.0,498.2606073260307,0.0,0.0,0.0,0.0,0.0,0.0,0.0,0.0,0.0,0.0,0.0,968.1801710128784,0.0,0.0,6585.076013743876,0.0,936.3860295414923,0.0,0.0,2872.366410496831,0.0,0.0,0.0,0.0,0.0,0.0,0.0,13862.315942895413,0.0,0.0,0.0,0.0,0.0,0.0,0.0
2624,0.0,507.2738477826118,0.0,0.0,0.0,0.0,0.0,0.0,0.0,0.0,0.0,0.0,0.0,938.5361520528793,0.0,0.0,6719.705936104059,0.0,882.1290067791939,0.0,0.0,2832.147627031803,0.0,0.0,0.0,0.0,0.0,0.0,0.0,13968.846967470647,0.0,0.0,0.0,0.0,0.0,0.0,0.0
2625,0.0,512.2871015667915,0.0,0.0,0.0,0.0,0.0,0.0,0.0,0.0,0.0,0.0,0.0,919.8570655822754,0.0,0.0,6848.040553182362,0.0,832.9085896968841,0.0,0.0,2789.9388098895547,0.0,0.0,0.0,0.0,0.0,0.0,0.0,14056.579931008815,0.0,0.0,0.0,0.0,0.0,0.0,0.0
2626,0.0,503.8651112794876,0.0,0.0,0.0,0.0,0.0,0.0,0.0,0.0,0.0,0.0,0.0,903.7872639656067,0.0,0.0,6611.195346593857,0.0,775.0810243964195,0.0,0.0,2800.3885303169486,0.0,0.0,0.0,0.0,0.0,0.0,0.0,14080.031220912933,0.0,0.0,0.0,0.0,0.0,0.0,0.0
2627,0.0,494.7580518722534,0.0,0.0,0.0,0.0,0.0,0.0,0.0,0.0,0.0,0.0,0.0,896.2412397861481,0.0,0.0,6398.997353091835,0.0,734.1469764113426,0.0,0.0,2814.371143332123,0.0,0.0,0.0,0.0,0.0,0.0,0.0,14101.030778479577,0.0,0.0,0.0,0.0,0.0,0.0,0.0
2628,0.0,485.6006601691246,0.0,0.0,0.0,0.0,0.0,0.0,0.0,0.0,0.0,0.0,0.0,895.4437216758728,0.0,0.0,6191.926303505896,0.0,695.163746857643,0.0,0.0,2828.786095932126,0.0,0.0,0.0,0.0,0.0,0.0,0.0,14118.590678524972,0.0,0.0,0.0,0.0,0.0,0.0,0.0
2629,0.0,476.89979417324065,0.0,0.0,0.0,0.0,0.0,0.0,0.0,0.0,0.0,0.0,0.0,894.6471002578735,0.0,0.0,5986.195524647832,0.0,656.7032135725021,0.0,0.0,2838.4017158299685,0.0,0.0,0.0,0.0,0.0,0.0,0.0,14128.354214382172,0.0,0.0,0.0,0.0,0.0,0.0,0.0
2630,0.0,469.1212099850178,0.0,0.0,0.0,0.0,0.0,0.0,0.0,0.0,0.0,0.0,0.0,891.2208390712738,0.0,0.0,5781.9582569897175,0.0,616.9116040349006,0.0,0.0,2843.751766812801,0.0,0.0,0.0,0.0,0.0,0.0,0.0,14130.840661513805,0.0,0.0,0.0,0.0,0.0,0.0,0.0
2631,0.0,474.63562642335893,0.0,0.0,0.0,0.0,0.0,0.0,0.0,0.0,0.0,0.0,0.0,890.5413256645203,0.0,0.0,5970.347970649598,0.0,601.0418410420418,0.0,0.0,2946.6046879738565,0.0,0.0,0.0,0.0,0.0,0.0,0.0,13896.028347373009,0.0,0.0,0.0,0.0,0.0,0.0,0.0
2632,0.0,486.04209179878234,0.0,0.0,0.0,0.0,0.0,0.0,0.0,0.0,0.0,0.0,0.0,882.4377382278442,0.0,0.0,6155.963409468531,0.0,592.6834433674812,0.0,0.0,3051.6668401926754,0.0,0.0,0.0,0.0,0.0,0.0,0.0,13717.678199481965,0.0,0.0,0.0,0.0,0.0,0.0,0.0
2633,0.0,496.58600639104844,0.0,0.0,0.0,0.0,0.0,0.0,0.0,0.0,0.0,0.0,0.0,850.6399540901184,0.0,0.0,6333.98566621542,0.0,562.2749936342238,0.0,0.0,3058.289083707333,0.0,0.0,0.0,0.0,0.0,0.0,0.0,13501.18951085806,0.0,0.0,0.0,0.0,0.0,0.0,0.0
2634,0.0,507.29892976284026,0.0,0.0,0.0,0.0,0.0,0.0,0.0,0.0,0.0,0.0,0.0,822.5815560817719,0.0,0.0,6501.255809128283,0.0,537.7370804429054,0.0,0.0,3129.069855540991,0.0,0.0,0.0,0.0,0.0,0.0,0.0,13321.450771200656,0.0,0.0,0.0,0.0,0.0,0.0,0.0
2635,0.0,516.9657606124878,0.0,0.0,0.0,0.0,0.0,0.0,0.0,0.0,0.0,0.0,0.0,810.9746815919876,0.0,0.0,6518.3845157027245,0.0,502.84151711463926,0.0,0.0,3134.386300295591,0.0,0.0,0.0,0.0,0.0,0.0,0.0,13584.75091329813,0.0,0.0,0.0,0.0,0.0,0.0,0.0
2636,0.0,519.5992002010346,0.0,0.0,0.0,0.0,0.0,0.0,0.0,0.0,0.0,0.0,0.0,799.0298437833786,0.0,0.0,6537.338106274605,0.0,464.9792063593863,0.0,0.0,3147.9944006592036,0.0,0.0,0.0,0.0,0.0,0.0,0.0,13978.72911220789,0.0,0.0,0.0,0.0,0.0,0.0,0.0
2637,0.0,520.5671850800514,0.0,0.0,0.0,0.0,0.0,0.0,0.0,0.0,0.0,0.0,0.0,783.4452423572541,0.0,0.0,6571.213585048912,0.0,425.4617203950882,0.0,0.0,3163.0624040186403,0.0,0.0,0.0,0.0,0.0,0.0,0.0,14444.167714893818,0.0,0.0,0.0,0.0,0.0,0.0,0.0
2638,0.0,520.1459537029266,0.0,0.0,0.0,0.0,0.0,0.0,0.0,0.0,0.0,0.0,0.0,768.7638790607452,0.0,0.0,6620.930394858122,0.0,376.7080069959162,0.0,0.0,3183.8649620532983,0.0,0.0,0.0,0.0,0.0,0.0,0.0,14870.278795146942,0.0,0.0,0.0,0.0,0.0,0.0,0.0
2639,0.0,521.3569588422775,0.0,0.0,0.0,0.0,0.0,0.0,0.0,0.0,0.0,0.0,0.0,758.7487230300903,0.0,0.0,6688.711689352989,0.0,315.1603287041186,0.0,0.0,3209.3139595896,0.0,0.0,0.0,0.0,0.0,0.0,0.0,15164.919164121151,0.0,0.0,0.0,0.0,0.0,0.0,0.0
2640,0.0,529.5749826908111,0.0,0.0,0.0,0.0,0.0,0.0,0.0,0.0,0.0,0.0,0.0,749.8531769752502,0.0,0.0,6950.914693653582,0.0,273.6166462540625,0.0,0.0,2608.3916070431465,0.0,0.0,0.0,0.0,0.0,0.0,0.0,15581.707875692844,0.0,0.0,0.0,0.0,0.0,0.0,0.0
2641,0.0,537.3185250520706,0.0,0.0,0.0,0.0,0.0,0.0,0.0,0.0,0.0,0.0,0.0,745.5630424499511,0.0,0.0,7225.419718593359,0.0,228.59617698192585,0.0,0.0,2552.8435393631453,0.0,0.0,0.0,0.0,0.0,0.0,0.0,15833.860229516029,0.0,0.0,0.0,0.0,0.0,0.0,0.0
2642,0.0,543.8488739132881,0.0,0.0,0.0,0.0,0.0,0.0,0.0,0.0,0.0,0.0,0.0,742.130369913578,0.0,0.0,7498.349555939436,0.0,189.39428289532646,0.0,0.0,2569.2191580355166,0.0,0.0,0.0,0.0,0.0,0.0,0.0,15990.244591403007,0.0,0.0,0.0,0.0,0.0,0.0,0.0
2643,0.0,548.9710968375206,0.0,0.0,0.0,0.0,0.0,0.0,0.0,0.0,0.0,0.0,0.0,734.0520691990852,0.0,0.0,7757.896910637615,0.0,161.46500936746585,0.0,0.0,2555.9244130432608,0.0,0.0,0.0,0.0,0.0,0.0,0.0,16123.808315479755,0.0,0.0,0.0,0.0,0.0,0.0,0.0
2644,0.0,552.5592789173127,0.0,0.0,0.0,0.0,0.0,0.0,0.0,0.0,0.0,0.0,0.0,725.7299578547478,0.0,0.0,8014.22232607007,0.0,144.31699107885342,0.0,0.0,2609.16121994555,0.0,0.0,0.0,0.0,0.0,0.0,0.0,16257.165197241306,0.0,0.0,0.0,0.0,0.0,0.0,0.0
2645,0.0,550.6179785370826,0.0,0.0,0.0,0.0,0.0,0.0,0.0,0.0,0.0,0.0,0.0,705.4671334862708,0.0,0.0,8256.841664761303,0.0,139.6897033512592,0.0,0.0,2322.293914371729,0.0,0.0,0.0,0.0,0.0,0.0,0.0,16379.479881560803,0.0,0.0,0.0,0.0,0.0,0.0,0.0
2646,0.0,554.472074496746,0.0,0.0,0.0,0.0,0.0,0.0,0.0,0.0,0.0,0.0,0.0,686.1355688810347,0.0,0.0,8371.63200214505,0.0,131.4220083296298,0.0,0.0,2254.6242920994755,0.0,0.0,0.0,0.0,0.0,0.0,0.0,16191.361858463288,0.0,0.0,0.0,0.0,0.0,0.0,0.0
2647,0.0,557.4381449103355,0.0,0.0,0.0,0.0,0.0,0.0,0.0,0.0,0.0,0.0,0.0,666.6229172706604,0.0,0.0,8467.66088294983,0.0,125.71848619878278,0.0,0.0,2181.3943528488276,0.0,0.0,0.0,0.0,0.0,0.0,0.0,15944.962035322189,0.0,0.0,0.0,0.0,0.0,0.0,0.0
2648,0.0,549.7119972109795,0.0,0.0,0.0,0.0,0.0,0.0,0.0,0.0,0.0,0.0,0.0,643.682928442955,0.0,0.0,8523.316733390093,0.0,131.75317675769327,0.0,0.0,2105.293200396001,0.0,0.0,0.0,0.0,0.0,0.0,0.0,15582.642282235622,0.0,0.0,0.0,0.0,0.0,0.0,0.0
2649,0.0,543.063364648819,0.0,0.0,0.0,0.0,0.0,0.0,0.0,0.0,0.0,0.0,0.0,617.0252086043358,0.0,0.0,8515.354451805353,0.0,143.23085645139216,0.0,0.0,2028.7404831737272,0.0,0.0,0.0,0.0,0.0,0.0,0.0,15256.92204734087,0.0,0.0,0.0,0.0,0.0,0.0,0.0
2650,0.0,536.3922312498092,0.0,0.0,0.0,0.0,0.0,0.0,0.0,0.0,0.0,0.0,0.0,565.7072854757309,0.0,0.0,8171.156126886604,0.0,143.13298058211797,0.0,0.0,2004.1131730556478,0.0,0.0,0.0,0.0,0.0,0.0,0.0,14778.702614605427,0.0,0.0,0.0,0.0,0.0,0.0,0.0
2651,0.0,520.1099860310554,0.0,0.0,0.0,0.0,0.0,0.0,0.0,0.0,0.0,0.0,0.0,511.28546203374856,0.0,0.0,7823.538283616304,0.0,141.47064697742448,0.0,0.0,1980.3403996869918,0.0,0.0,0.0,0.0,0.0,0.0,0.0,14225.062398660182,0.0,0.0,0.0,0.0,0.0,0.0,0.0
2652,0.0,498.5955387353897,0.0,0.0,0.0,0.0,0.0,0.0,0.0,0.0,0.0,0.0,0.0,456.1264230370521,0.0,0.0,7431.103436291218,0.0,145.28346341550332,0.0,0.0,1954.7073247924445,0.0,0.0,0.0,0.0,0.0,0.0,0.0,13672.544627726078,0.0,0.0,0.0,0.0,0.0,0.0,0.0
2653,0.0,477.9568284988403,0.0,0.0,0.0,0.0,0.0,0.0,0.0,0.0,0.0,0.0,0.0,401.05337682962414,0.0,0.0,7010.0981864333135,0.0,152.88852516710742,0.0,0.0,1926.926478879153,0.0,0.0,0.0,0.0,0.0,0.0,0.0,13134.931075084209,0.0,0.0,0.0,0.0,0.0,0.0,0.0
2654,0.0,462.0136950194836,0.0,0.0,0.0,0.0,0.0,0.0,0.0,0.0,0.0,0.0,0.0,347.76089247465126,0.0,0.0,6551.057406812904,0.0,162.3475521087645,0.0,0.0,1898.5202846378083,0.0,0.0,0.0,0.0,0.0,0.0,0.0,12608.990371978283,0.0,0.0,0.0,0.0,0.0,0.0,0.0
2655,0.0,452.8554335832596,0.0,0.0,0.0,0.0,0.0,0.0,0.0,0.0,0.0,0.0,0.0,309.7586927235126,0.0,0.0,6647.819041550158,0.0,188.72028215229497,0.0,0.0,1957.6381814807653,0.0,0.0,0.0,0.0,0.0,0.0,0.0,11685.74246584773,0.0,0.0,0.0,0.0,0.0,0.0,0.0
2656,0.0,446.08949927687644,0.0,0.0,0.0,0.0,0.0,0.0,0.0,0.0,0.0,0.0,0.0,271.77137806415556,0.0,0.0,6754.3942894637585,0.0,208.40924930274477,0.0,0.0,2014.0303407311437,0.0,0.0,0.0,0.0,0.0,0.0,0.0,10901.525863873956,0.0,0.0,0.0,0.0,0.0,0.0,0.0
2657,0.0,440.98612992167466,0.0,0.0,0.0,0.0,0.0,0.0,0.0,0.0,0.0,0.0,0.0,228.0275455832481,0.0,0.0,6891.5063963234425,0.0,214.58064595162867,0.0,0.0,2058.4577744543553,0.0,0.0,0.0,0.0,0.0,0.0,0.0,10139.157162249086,0.0,0.0,0.0,0.0,0.0,0.0,0.0
2658,0.0,436.5832043230533,0.0,0.0,0.0,0.0,0.0,0.0,0.0,0.0,0.0,0.0,0.0,185.87697835564603,0.0,0.0,7035.034378379583,0.0,210.60364585518823,0.0,0.0,2127.5190276101225,0.0,0.0,0.0,0.0,0.0,0.0,0.0,9451.694307720662,0.0,0.0,0.0,0.0,0.0,0.0,0.0
2659,0.0,432.12526109218595,0.0,0.0,0.0,0.0,0.0,0.0,0.0,0.0,0.0,0.0,0.0,152.3138088822364,0.0,0.0,7189.20518347621,0.0,185.55850920081136,0.0,0.0,2084.444320262968,0.0,0.0,0.0,0.0,0.0,0.0,0.0,9103.548315799237,0.0,0.0,0.0,0.0,0.0,0.0,0.0
2660,0.0,431.84761984348296,0.0,0.0,0.0,0.0,0.0,0.0,0.0,0.0,0.0,0.0,0.0,117.99829217195507,0.0,0.0,7353.75044631958,0.0,160.76787351965896,0.0,0.0,2038.483867290615,0.0,0.0,0.0,0.0,0.0,0.0,0.0,8837.070323586462,0.0,0.0,0.0,0.0,0.0,0.0,0.0
2661,0.0,432.3493436157703,0.0,0.0,0.0,0.0,0.0,0.0,0.0,0.0,0.0,0.0,0.0,88.70389353036872,0.0,0.0,7507.29273211956,0.0,138.69486420452594,0.0,0.0,1993.446525938808,0.0,0.0,0.0,0.0,0.0,0.0,0.0,8577.329894340039,0.0,0.0,0.0,0.0,0.0,0.0,0.0
2662,0.0,431.8470026135444,0.0,0.0,0.0,0.0,0.0,0.0,0.0,0.0,0.0,0.0,0.0,68.04423239082095,0.0,0.0,7652.934188097715,0.0,125.1581750065087,0.0,0.0,1937.8386633932591,0.0,0.0,0.0,0.0,0.0,0.0,0.0,8323.30221840739,0.0,0.0,0.0,0.0,0.0,0.0,0.0
2663,0.0,426.849796807766,0.0,0.0,0.0,0.0,0.0,0.0,0.0,0.0,0.0,0.0,0.0,59.642236973345256,0.0,0.0,7800.034151107073,0.0,127.82607794106003,0.0,0.0,1891.6687013223766,0.0,0.0,0.0,0.0,0.0,0.0,0.0,8057.322528135776,0.0,0.0,0.0,0.0,0.0,0.0,0.0
2664,0.0,423.2255067765712,0.0,0.0,0.0,0.0,0.0,0.0,0.0,0.0,0.0,0.0,0.0,61.79434887468803,0.0,0.0,8006.554857373238,0.0,165.4703910946846,0.0,0.0,2215.9321699485176,0.0,0.0,0.0,0.0,0.0,0.0,0.0,8189.3493993461125,0.0,0.0,0.0,0.0,0.0,0.0,0.0
2665,0.0,416.8603510916233,0.0,0.0,0.0,0.0,0.0,0.0,0.0,0.0,0.0,0.0,0.0,72.07803061604491,0.0,0.0,8216.310726702213,0.0,219.93039809465407,0.0,0.0,2771.7321059167384,0.0,0.0,0.0,0.0,0.0,0.0,0.0,8305.334419530629,0.0,0.0,0.0,0.0,0.0,0.0,0.0
2666,0.0,412.01099991202346,0.0,0.0,0.0,0.0,0.0,0.0,0.0,0.0,0.0,0.0,0.0,85.29682155847549,0.0,0.0,8427.093384981155,0.0,281.682335203886,0.0,0.0,3357.38269842267,0.0,0.0,0.0,0.0,0.0,0.0,0.0,8469.077594554423,0.0,0.0,0.0,0.0,0.0,0.0,0.0
2667,0.0,418.8169419407844,0.0,0.0,0.0,0.0,0.0,0.0,0.0,0.0,0.0,0.0,0.0,98.4421173602342,0.0,0.0,8622.847586810589,0.0,338.1901472628116,0.0,0.0,3752.035471737385,0.0,0.0,0.0,0.0,0.0,0.0,0.0,8709.650394850967,0.0,0.0,0.0,0.0,0.0,0.0,0.0
2668,0.0,413.07894798517225,0.0,0.0,0.0,0.0,0.0,0.0,0.0,0.0,0.0,0.0,0.0,110.39892601072782,0.0,0.0,8815.060922503471,0.0,392.28185999393446,0.0,0.0,3977.5490066349503,0.0,0.0,0.0,0.0,0.0,0.0,0.0,9071.107340657709,0.0,0.0,0.0,0.0,0.0,0.0,0.0
2669,0.0,408.9694591104984,0.0,0.0,0.0,0.0,0.0,0.0,0.0,0.0,0.0,0.0,0.0,125.73635421097273,0.0,0.0,8966.261040478943,0.0,436.0049552738665,0.0,0.0,4005.5214988768103,0.0,0.0,0.0,0.0,0.0,0.0,0.0,9509.126318532226,0.0,0.0,0.0,0.0,0.0,0.0,0.0
2670,0.0,407.36334264278406,0.0,0.0,0.0,0.0,0.0,0.0,0.0,0.0,0.0,0.0,0.0,139.9570306420326,0.0,0.0,8867.418602377176,0.0,459.78238896727555,0.0,0.0,3885.4046646863217,0.0,0.0,0.0,0.0,0.0,0.0,0.0,9321.39449751973,0.0,0.0,0.0,0.0,0.0,0.0,0.0
2671,0.0,393.37873587012285,0.0,0.0,0.0,0.0,0.0,0.0,0.0,0.0,0.0,0.0,0.0,152.42941493391987,0.0,0.0,8771.683756589888,0.0,478.46992176175104,0.0,0.0,3751.286749193072,0.0,0.0,0.0,0.0,0.0,0.0,0.0,9091.435022312402,0.0,0.0,0.0,0.0,0.0,0.0,0.0
2672,0.0,381.48356466293336,0.0,0.0,0.0,0.0,0.0,0.0,0.0,0.0,0.0,0.0,0.0,162.55076174736013,0.0,0.0,8627.741947472095,0.0,470.1949053168297,0.0,0.0,3599.2803292393683,0.0,0.0,0.0,0.0,0.0,0.0,0.0,9092.381723678112,0.0,0.0,0.0,0.0,0.0,0.0,0.0
2673,0.0,377.31187584400175,0.0,0.0,0.0,0.0,0.0,0.0,0.0,0.0,0.0,0.0,0.0,174.6598735809325,0.0,0.0,8423.298933088778,0.0,492.7674757957457,0.0,0.0,3450.8500963836905,0.0,0.0,0.0,0.0,0.0,0.0,0.0,9143.14560111165,0.0,0.0,0.0,0.0,0.0,0.0,0.0
2674,0.0,367.96538733243943,0.0,0.0,0.0,0.0,0.0,0.0,0.0,0.0,0.0,0.0,0.0,168.7753081023692,0.0,0.0,7967.038262337446,0.0,524.9717194914817,0.0,0.0,3450.281818091869,0.0,0.0,0.0,0.0,0.0,0.0,0.0,8998.909970730543,0.0,0.0,0.0,0.0,0.0,0.0,0.0
2675,0.0,371.12361264824864,0.0,0.0,0.0,0.0,0.0,0.0,0.0,0.0,0.0,0.0,0.0,162.71882429718966,0.0,0.0,7531.720196813345,0.0,557.6794518351555,0.0,0.0,3404.450188994407,0.0,0.0,0.0,0.0,0.0,0.0,0.0,9017.195988553762,0.0,0.0,0.0,0.0,0.0,0.0,0.0
2676,0.0,379.3093722045421,0.0,0.0,0.0,0.0,0.0,0.0,0.0,0.0,0.0,0.0,0.0,155.68227825164794,0.0,0.0,7125.66950571537,0.0,598.837825858593,0.0,0.0,3294.7976076543328,0.0,0.0,0.0,0.0,0.0,0.0,0.0,9247.979216897487,0.0,0.0,0.0,0.0,0.0,0.0,0.0
2677,0.0,387.0565898895264,0.0,0.0,0.0,0.0,0.0,0.0,0.0,0.0,0.0,0.0,0.0,150.0822332322597,0.0,0.0,6757.6706796586495,0.0,638.5338715553283,0.0,0.0,3230.050516203046,0.0,0.0,0.0,0.0,0.0,0.0,0.0,9663.304844540358,0.0,0.0,0.0,0.0,0.0,0.0,0.0
2678,0.0,394.7388300955295,0.0,0.0,0.0,0.0,0.0,0.0,0.0,0.0,0.0,0.0,0.0,144.25324025750152,0.0,0.0,6484.893693849443,0.0,673.8381896495818,0.0,0.0,3213.6624844193457,0.0,0.0,0.0,0.0,0.0,0.0,0.0,10147.663733267784,0.0,0.0,0.0,0.0,0.0,0.0,0.0
2679,0.0,420.42356341481207,0.0,0.0,0.0,0.0,0.0,0.0,0.0,0.0,0.0,0.0,0.0,148.66996531486512,0.0,0.0,6834.265245974062,0.0,720.2462316632269,0.0,0.0,3371.149141645431,0.0,0.0,0.0,0.0,0.0,0.0,0.0,10959.6890550375,0.0,0.0,0.0,0.0,0.0,0.0,0.0
2680,0.0,442.74624525904653,0.0,0.0,0.0,0.0,0.0,0.0,0.0,0.0,0.0,0.0,0.0,151.99156009554864,0.0,0.0,7233.072407752274,0.0,756.6508381485938,0.0,0.0,3513.520565137267,0.0,0.0,0.0,0.0,0.0,0.0,0.0,11501.792387723921,0.0,0.0,0.0,0.0,0.0,0.0,0.0
2681,0.0,462.2946468651295,0.0,0.0,0.0,0.0,0.0,0.0,0.0,0.0,0.0,0.0,0.0,146.5589275240897,0.0,0.0,7535.208945631979,0.0,787.1882872104645,0.0,0.0,3535.871431741118,0.0,0.0,0.0,0.0,0.0,0.0,0.0,11722.60885401964,0.0,0.0,0.0,0.0,0.0,0.0,0.0
2682,0.0,451.79073999524115,0.0,0.0,0.0,0.0,0.0,0.0,0.0,0.0,0.0,0.0,0.0,143.85977168679233,0.0,0.0,7760.015051782129,0.0,805.9849003195762,0.0,0.0,3538.1003421217197,0.0,0.0,0.0,0.0,0.0,0.0,0.0,11205.169659358264,0.0,0.0,0.0,0.0,0.0,0.0,0.0
2683,0.0,436.25256546735756,0.0,0.0,0.0,0.0,0.0,0.0,0.0,0.0,0.0,0.0,0.0,152.10821976065625,0.0,0.0,7867.578972995279,0.0,803.8083923459052,0.0,0.0,3521.918489089608,0.0,0.0,0.0,0.0,0.0,0.0,0.0,10721.01472004652,0.0,0.0,0.0,0.0,0.0,0.0,0.0
2684,0.0,425.95969512462614,0.0,0.0,0.0,0.0,0.0,0.0,0.0,0.0,0.0,0.0,0.0,159.76729441881167,0.0,0.0,7987.309565395117,0.0,783.8465762019157,0.0,0.0,3507.57801515758,0.0,0.0,0.0,0.0,0.0,0.0,0.0,10247.086180514096,0.0,0.0,0.0,0.0,0.0,0.0,0.0
2685,0.0,425.2684256494045,0.0,0.0,0.0,0.0,0.0,0.0,0.0,0.0,0.0,0.0,0.0,167.61965109705923,0.0,0.0,8110.102633625269,0.0,769.6816673874855,0.0,0.0,3485.393665900826,0.0,0.0,0.0,0.0,0.0,0.0,0.0,9787.517270940541,0.0,0.0,0.0,0.0,0.0,0.0,0.0
2686,0.0,423.1216999232768,0.0,0.0,0.0,0.0,0.0,0.0,0.0,0.0,0.0,0.0,0.0,177.626310968399,0.0,0.0,8221.7604868412,0.0,743.668027961254,0.0,0.0,3431.6012965768573,0.0,0.0,0.0,0.0,0.0,0.0,0.0,9356.358081036806,0.0,0.0,0.0,0.0,0.0,0.0,0.0
2687,0.0,411.5938366413116,0.0,0.0,0.0,0.0,0.0,0.0,0.0,0.0,0.0,0.0,0.0,190.65850024819375,0.0,0.0,8299.39117655158,0.0,697.7599176287652,0.0,0.0,3332.7314703583716,0.0,0.0,0.0,0.0,0.0,0.0,0.0,8976.508080124855,0.0,0.0,0.0,0.0,0.0,0.0,0.0
2688,0.0,397.488533359766,0.0,0.0,0.0,0.0,0.0,0.0,0.0,0.0,0.0,0.0,0.0,208.11328791975976,0.0,0.0,8449.719301789999,0.0,656.2510638117789,0.0,0.0,2161.5132412612434,0.0,0.0,0.0,0.0,0.0,0.0,0.0,9160.289646852014,0.0,0.0,0.0,0.0,0.0,0.0,0.0
2689,0.0,378.51460449099534,0.0,0.0,0.0,0.0,0.0,0.0,0.0,0.0,0.0,0.0,0.0,225.76806038618085,0.0,0.0,8521.500405967234,0.0,595.5823712944984,0.0,0.0,1866.974632886052,0.0,0.0,0.0,0.0,0.0,0.0,0.0,9304.26057692766,0.0,0.0,0.0,0.0,0.0,0.0,0.0
2690,0.0,357.09139500260346,0.0,0.0,0.0,0.0,0.0,0.0,0.0,0.0,0.0,0.0,0.0,241.3916006743908,0.0,0.0,8555.079516112804,0.0,528.9436657309531,0.0,0.0,1696.6641720011821,0.0,0.0,0.0,0.0,0.0,0.0,0.0,9380.664945971965,0.0,0.0,0.0,0.0,0.0,0.0,0.0
2691,0.0,338.6584962308407,0.0,0.0,0.0,0.0,0.0,0.0,0.0,0.0,0.0,0.0,0.0,252.81483258605002,0.0,0.0,8565.160716712475,0.0,468.4085965991018,0.0,0.0,1632.6209947898983,0.0,0.0,0.0,0.0,0.0,0.0,0.0,9451.232167023418,0.0,0.0,0.0,0.0,0.0,0.0,0.0
2692,0.0,322.64090237617495,0.0,0.0,0.0,0.0,0.0,0.0,0.0,0.0,0.0,0.0,0.0,263.51746016740793,0.0,0.0,8559.50871026516,0.0,410.3399875164031,0.0,0.0,1450.0268519684664,0.0,0.0,0.0,0.0,0.0,0.0,0.0,9312.113352656363,0.0,0.0,0.0,0.0,0.0,0.0,0.0
2693,0.0,316.6618240177631,0.0,0.0,0.0,0.0,0.0,0.0,0.0,0.0,0.0,0.0,0.0,269.6162678480148,0.0,0.0,8514.08574515581,0.0,356.2769676506519,0.0,0.0,1304.632987247407,0.0,0.0,0.0,0.0,0.0,0.0,0.0,9100.785596764088,0.0,0.0,0.0,0.0,0.0,0.0,0.0
2694,0.0,309.9004067122936,0.0,0.0,0.0,0.0,0.0,0.0,0.0,0.0,0.0,0.0,0.0,269.2810394406318,0.0,0.0,8190.590441375969,0.0,294.48803808689115,0.0,0.0,1170.450054299086,0.0,0.0,0.0,0.0,0.0,0.0,0.0,8620.313318532706,0.0,0.0,0.0,0.0,0.0,0.0,0.0
2695,0.0,303.4144984066486,0.0,0.0,0.0,0.0,0.0,0.0,0.0,0.0,0.0,0.0,0.0,262.6085952937602,0.0,0.0,7906.848205238581,0.0,230.5250311434269,0.0,0.0,1043.6463375873857,0.0,0.0,0.0,0.0,0.0,0.0,0.0,8157.504361504315,0.0,0.0,0.0,0.0,0.0,0.0,0.0
2696,0.0,294.695648574829,0.0,0.0,0.0,0.0,0.0,0.0,0.0,0.0,0.0,0.0,0.0,248.46908072233197,0.0,0.0,7652.0388592481595,0.0,171.05638511478887,0.0,0.0,928.4198151223354,0.0,0.0,0.0,0.0,0.0,0.0,0.0,7700.396586191654,0.0,0.0,0.0,0.0,0.0,0.0,0.0
2697,0.0,288.5007080733776,0.0,0.0,0.0,0.0,0.0,0.0,0.0,0.0,0.0,0.0,0.0,236.18163921236984,0.0,0.0,7423.406408518553,0.0,127.49631747901427,0.0,0.0,833.0217242114244,0.0,0.0,0.0,0.0,0.0,0.0,0.0,7286.1941267848015,0.0,0.0,0.0,0.0,0.0,0.0,0.0
2698,0.0,287.1249586522579,0.0,0.0,0.0,0.0,0.0,0.0,0.0,0.0,0.0,0.0,0.0,211.22593098282806,0.0,0.0,7069.823077023029,0.0,89.86093379408113,0.0,0.0,806.9488921411328,0.0,0.0,0.0,0.0,0.0,0.0,0.0,6861.028301447629,0.0,0.0,0.0,0.0,0.0,0.0,0.0
2699,0.0,286.08206450343124,0.0,0.0,0.0,0.0,0.0,0.0,0.0,0.0,0.0,0.0,0.0,188.70431635379788,0.0,0.0,6734.306563824413,0.0,73.13487551063284,0.0,0.0,795.3369563207029,0.0,0.0,0.0,0.0,0.0,0.0,0.0,6452.157455843687,0.0,0.0,0.0,0.0,0.0,0.0,0.0
2700,0.0,284.9330629169941,0.0,0.0,0.0,0.0,0.0,0.0,0.0,0.0,0.0,0.0,0.0,169.55274030566216,0.0,0.0,6416.454320982097,0.0,73.67242211550473,0.0,0.0,821.3730788849289,0.0,0.0,0.0,0.0,0.0,0.0,0.0,6112.656170892715,0.0,0.0,0.0,0.0,0.0,0.0,0.0
2701,0.0,283.48240422606466,0.0,0.0,0.0,0.0,0.0,0.0,0.0,0.0,0.0,0.0,0.0,153.26490796208375,0.0,0.0,6111.4723331183195,0.0,82.1346832200883,0.0,0.0,877.2616745397444,0.0,0.0,0.0,0.0,0.0,0.0,0.0,5821.47028554976,0.0,0.0,0.0,0.0,0.0,0.0,0.0
2702,0.0,277.7985581696033,0.0,0.0,0.0,0.0,0.0,0.0,0.0,0.0,0.0,0.0,0.0,138.6357545733451,0.0,0.0,5842.469574570656,0.0,93.36243412494646,0.0,0.0,924.7370569221671,0.0,0.0,0.0,0.0,0.0,0.0,0.0,5591.398348873853,0.0,0.0,0.0,0.0,0.0,0.0,0.0
2703,0.0,262.07106238603586,0.0,0.0,0.0,0.0,0.0,0.0,0.0,0.0,0.0,0.0,0.0,131.74458476305009,0.0,0.0,5873.051550000904,0.0,123.03217596113674,0.0,0.0,1041.0465476609766,0.0,0.0,0.0,0.0,0.0,0.0,0.0,5269.1383834093795,0.0,0.0,0.0,0.0,0.0,0.0,0.0
2704,0.0,248.45589578747743,0.0,0.0,0.0,0.0,0.0,0.0,0.0,0.0,0.0,0.0,0.0,127.87403497099868,0.0,0.0,5911.260544866322,0.0,146.44622103571882,0.0,0.0,1137.4739428460596,0.0,0.0,0.0,0.0,0.0,0.0,0.0,4921.44006768763,0.0,0.0,0.0,0.0,0.0,0.0,0.0
2705,0.0,241.97543032765384,0.0,0.0,0.0,0.0,0.0,0.0,0.0,0.0,0.0,0.0,0.0,96.20311037302012,0.0,0.0,5905.152706354855,0.0,135.47037007212623,0.0,0.0,1174.7653513491152,0.0,0.0,0.0,0.0,0.0,0.0,0.0,4662.720108744501,0.0,0.0,0.0,0.0,0.0,0.0,0.0
2706,0.0,256.64777153134344,0.0,0.0,0.0,0.0,0.0,0.0,0.0,0.0,0.0,0.0,0.0,72.180152657628,0.0,0.0,5892.62471435964,0.0,132.2810158073901,0.0,0.0,1187.8674660466609,0.0,0.0,0.0,0.0,0.0,0.0,0.0,4390.271171936392,0.0,0.0,0.0,0.0,0.0,0.0,0.0
2707,0.0,292.06187231540673,0.0,0.0,0.0,0.0,0.0,0.0,0.0,0.0,0.0,0.0,0.0,60.45984099060293,0.0,0.0,5921.217675134538,0.0,123.33640036582929,0.0,0.0,1143.4438924983135,0.0,0.0,0.0,0.0,0.0,0.0,0.0,4334.075152441859,0.0,0.0,0.0,0.0,0.0,0.0,0.0
2708,0.0,325.25254252552986,0.0,0.0,0.0,0.0,0.0,0.0,0.0,0.0,0.0,0.0,0.0,58.93297019600858,0.0,0.0,5949.850307300686,0.0,116.21043239831913,0.0,0.0,1102.4520144045343,0.0,0.0,0.0,0.0,0.0,0.0,0.0,4301.581020271778,0.0,0.0,0.0,0.0,0.0,0.0,0.0
2709,0.0,354.37384380698205,0.0,0.0,0.0,0.0,0.0,0.0,0.0,0.0,0.0,0.0,0.0,75.47151769995683,0.0,0.0,5977.027154982089,0.0,106.85494283139693,0.0,0.0,1055.4364469692102,0.0,0.0,0.0,0.0,0.0,0.0,0.0,4283.170969381927,0.0,0.0,0.0,0.0,0.0,0.0,0.0
2710,0.0,373.12326931357376,0.0,0.0,0.0,0.0,0.0,0.0,0.0,0.0,0.0,0.0,0.0,101.44207983016966,0.0,0.0,5975.431742757557,0.0,94.50792563557623,0.0,0.0,1009.63017392233,0.0,0.0,0.0,0.0,0.0,0.0,0.0,4245.560021197794,0.0,0.0,0.0,0.0,0.0,0.0,0.0
2711,0.0,371.59652300477023,0.0,0.0,0.0,0.0,0.0,0.0,0.0,0.0,0.0,0.0,0.0,130.8439694583415,0.0,0.0,5946.093193188308,0.0,77.00043139159669,0.0,0.0,967.7885275304311,0.0,0.0,0.0,0.0,0.0,0.0,0.0,4148.104384008048,0.0,0.0,0.0,0.0,0.0,0.0,0.0
2712,0.0,343.52911378741265,0.0,0.0,0.0,0.0,0.0,0.0,0.0,0.0,0.0,0.0,0.0,156.14806505441655,0.0,0.0,6105.768598288297,0.0,78.95559228658668,0.0,0.0,1297.8611808791748,0.0,0.0,0.0,0.0,0.0,0.0,0.0,4273.013999190925,0.0,0.0,0.0,0.0,0.0,0.0,0.0
2713,0.0,325.3151071965694,0.0,0.0,0.0,0.0,0.0,0.0,0.0,0.0,0.0,0.0,0.0,173.28080569505684,0.0,0.0,6280.259323343633,0.0,75.94822133481492,0.0,0.0,1475.3081211224198,0.0,0.0,0.0,0.0,0.0,0.0,0.0,4377.435376796127,0.0,0.0,0.0,0.0,0.0,0.0,0.0
2714,0.0,308.7328601717948,0.0,0.0,0.0,0.0,0.0,0.0,0.0,0.0,0.0,0.0,0.0,182.56062922477716,0.0,0.0,6445.616682901977,0.0,73.69945506304502,0.0,0.0,1543.126549351215,0.0,0.0,0.0,0.0,0.0,0.0,0.0,4471.364931091666,0.0,0.0,0.0,0.0,0.0,0.0,0.0
2715,0.0,293.13212097287175,0.0,0.0,0.0,0.0,0.0,0.0,0.0,0.0,0.0,0.0,0.0,185.88854568600655,0.0,0.0,6583.983105808495,0.0,75.92328551560637,0.0,0.0,1517.4748547896738,0.0,0.0,0.0,0.0,0.0,0.0,0.0,4568.35011049807,0.0,0.0,0.0,0.0,0.0,0.0,0.0
2716,0.0,279.13637600541114,0.0,0.0,0.0,0.0,0.0,0.0,0.0,0.0,0.0,0.0,0.0,184.43751824498173,0.0,0.0,6699.925469279289,0.0,85.40689999014137,0.0,0.0,1500.9834308713675,0.0,0.0,0.0,0.0,0.0,0.0,0.0,4672.37733054459,0.0,0.0,0.0,0.0,0.0,0.0,0.0
2717,0.0,266.47053710818284,0.0,0.0,0.0,0.0,0.0,0.0,0.0,0.0,0.0,0.0,0.0,181.93709183335292,0.0,0.0,6815.981401830912,0.0,94.35014451742161,0.0,0.0,1316.5424592912195,0.0,0.0,0.0,0.0,0.0,0.0,0.0,4794.641389122606,0.0,0.0,0.0,0.0,0.0,0.0,0.0
2718,0.0,246.76712661981583,0.0,0.0,0.0,0.0,0.0,0.0,0.0,0.0,0.0,0.0,0.0,170.8594002902508,0.0,0.0,6648.172194719313,0.0,102.32136635780323,0.0,0.0,1198.042962679266,0.0,0.0,0.0,0.0,0.0,0.0,0.0,4690.851386836171,0.0,0.0,0.0,0.0,0.0,0.0,0.0
2719,0.0,229.21076450049875,0.0,0.0,0.0,0.0,0.0,0.0,0.0,0.0,0.0,0.0,0.0,151.17841712236392,0.0,0.0,6488.3995558172455,0.0,108.29821174442766,0.0,0.0,1093.9155782952903,0.0,0.0,0.0,0.0,0.0,0.0,0.0,4563.81910663545,0.0,0.0,0.0,0.0,0.0,0.0,0.0
2720,0.0,211.36173719465734,0.0,0.0,0.0,0.0,0.0,0.0,0.0,0.0,0.0,0.0,0.0,141.10531235337245,0.0,0.0,6347.288417145608,0.0,128.05886659622192,0.0,0.0,1011.0884874343865,0.0,0.0,0.0,0.0,0.0,0.0,0.0,4400.172120520471,0.0,0.0,0.0,0.0,0.0,0.0,0.0
2721,0.0,192.91204696297643,0.0,0.0,0.0,0.0,0.0,0.0,0.0,0.0,0.0,0.0,0.0,144.143933469057,0.0,0.0,6228.710628703237,0.0,165.44535894095878,0.0,0.0,957.4515090711408,0.0,0.0,0.0,0.0,0.0,0.0,0.0,4243.386368826031,0.0,0.0,0.0,0.0,0.0,0.0,0.0
2722,0.0,170.60452933609486,0.0,0.0,0.0,0.0,0.0,0.0,0.0,0.0,0.0,0.0,0.0,139.8539110302925,0.0,0.0,5848.370888486503,0.0,189.54944075047956,0.0,0.0,882.5439075484866,0.0,0.0,0.0,0.0,0.0,0.0,0.0,3981.0177403718235,0.0,0.0,0.0,0.0,0.0,0.0,0.0
2723,0.0,152.69734213650227,0.0,0.0,0.0,0.0,0.0,0.0,0.0,0.0,0.0,0.0,0.0,148.0071976363659,0.0,0.0,5429.679025247693,0.0,220.99757705330845,0.0,0.0,816.8489539436994,0.0,0.0,0.0,0.0,0.0,0.0,0.0,3719.9031838566066,0.0,0.0,0.0,0.0,0.0,0.0,0.0
2724,0.0,136.91759222745893,0.0,0.0,0.0,0.0,0.0,0.0,0.0,0.0,0.0,0.0,0.0,163.5784607648849,0.0,0.0,5006.177978157996,0.0,253.2812596738338,0.0,0.0,757.3241492561993,0.0,0.0,0.0,0.0,0.0,0.0,0.0,3482.013186246155,0.0,0.0,0.0,0.0,0.0,0.0,0.0
2725,0.0,122.89346871078014,0.0,0.0,0.0,0.0,0.0,0.0,0.0,0.0,0.0,0.0,0.0,180.86296657323828,0.0,0.0,4594.810931697488,0.0,282.39031980037674,0.0,0.0,704.694827912002,0.0,0.0,0.0,0.0,0.0,0.0,0.0,3273.65246041715,0.0,0.0,0.0,0.0,0.0,0.0,0.0
2726,0.0,111.61202045381062,0.0,0.0,0.0,0.0,0.0,0.0,0.0,0.0,0.0,0.0,0.0,200.00221310257902,0.0,0.0,4192.564415872096,0.0,310.22767537832243,0.0,0.0,662.0921215541658,0.0,0.0,0.0,0.0,0.0,0.0,0.0,3089.9475555270897,0.0,0.0,0.0,0.0,0.0,0.0,0.0
2727,0.0,101.6517598941922,0.0,0.0,0.0,0.0,0.0,0.0,0.0,0.0,0.0,0.0,0.0,230.36820384860036,0.0,0.0,4094.838999688623,0.0,352.00650297403337,0.0,0.0,805.5689174719148,0.0,0.0,0.0,0.0,0.0,0.0,0.0,2924.8635215789077,0.0,0.0,0.0,0.0,0.0,0.0,0.0
2728,0.0,92.88452765196557,0.0,0.0,0.0,0.0,0.0,0.0,0.0,0.0,0.0,0.0,0.0,252.10765622258182,0.0,0.0,3993.53343491256,0.0,376.0303751826286,0.0,0.0,929.5241278924038,0.0,0.0,0.0,0.0,0.0,0.0,0.0,2745.8264908596875,0.0,0.0,0.0,0.0,0.0,0.0,0.0
2729,0.0,87.23183066546909,0.0,0.0,0.0,0.0,0.0,0.0,0.0,0.0,0.0,0.0,0.0,258.0096847832203,0.0,0.0,3925.2313561737537,0.0,376.82811390757547,0.0,0.0,960.6708949081598,0.0,0.0,0.0,0.0,0.0,0.0,0.0,2600.8781223610044,0.0,0.0,0.0,0.0,0.0,0.0,0.0
2730,0.0,80.60566387027497,0.0,0.0,0.0,0.0,0.0,0.0,0.0,0.0,0.0,0.0,0.0,264.2202651560306,0.0,0.0,3910.8174173533907,0.0,360.71825565695764,0.0,0.0,973.6690119534725,0.0,0.0,0.0,0.0,0.0,0.0,0.0,2443.952065040169,0.0,0.0,0.0,0.0,0.0,0.0,0.0
2731,0.0,77.28639765232799,0.0,0.0,0.0,0.0,0.0,0.0,0.0,0.0,0.0,0.0,0.0,279.2772528469562,0.0,0.0,3945.634897202252,0.0,331.76270828843116,0.0,0.0,921.9465289436275,0.0,0.0,0.0,0.0,0.0,0.0,0.0,2650.573977455495,0.0,0.0,0.0,0.0,0.0,0.0,0.0
2732,0.0,73.36900756806133,0.0,0.0,0.0,0.0,0.0,0.0,0.0,0.0,0.0,0.0,0.0,293.1315520226954,0.0,0.0,4031.025622189045,0.0,308.6134349286556,0.0,0.0,873.4501681543882,0.0,0.0,0.0,0.0,0.0,0.0,0.0,2826.7222672045214,0.0,0.0,0.0,0.0,0.0,0.0,0.0
2733,0.0,70.66342923045157,0.0,0.0,0.0,0.0,0.0,0.0,0.0,0.0,0.0,0.0,0.0,303.1621087431907,0.0,0.0,4063.1100543290354,0.0,282.7206434488296,0.0,0.0,828.7485863260924,0.0,0.0,0.0,0.0,0.0,0.0,0.0,2968.2382104307394,0.0,0.0,0.0,0.0,0.0,0.0,0.0
2734,0.0,71.26945784837005,0.0,0.0,0.0,0.0,0.0,0.0,0.0,0.0,0.0,0.0,0.0,311.7457179725169,0.0,0.0,4047.9516935199485,0.0,260.2372046291827,0.0,0.0,787.1602733708916,0.0,0.0,0.0,0.0,0.0,0.0,0.0,3094.8177518576367,0.0,0.0,0.0,0.0,0.0,0.0,0.0
2735,0.0,74.95782055556765,0.0,0.0,0.0,0.0,0.0,0.0,0.0,0.0,0.0,0.0,0.0,321.67012874484055,0.0,0.0,4001.6400114595876,0.0,243.23997209072112,0.0,0.0,764.6485661476846,0.0,0.0,0.0,0.0,0.0,0.0,0.0,3220.568115961551,0.0,0.0,0.0,0.0,0.0,0.0,0.0
2736,0.0,103.01409157812591,0.0,0.0,0.0,0.0,0.0,0.0,0.0,0.0,0.0,0.0,0.0,336.09124952554697,0.0,0.0,4203.756026491523,0.0,253.3933634102343,0.0,0.0,1261.3914597943417,0.0,0.0,0.0,0.0,0.0,0.0,0.0,3559.691877526043,0.0,0.0,0.0,0.0,0.0,0.0,0.0
2737,0.0,136.35225168764583,0.0,0.0,0.0,0.0,0.0,0.0,0.0,0.0,0.0,0.0,0.0,354.270519721508,0.0,0.0,4416.782840922474,0.0,267.2795245945452,0.0,0.0,1712.371601973474,0.0,0.0,0.0,0.0,0.0,0.0,0.0,3996.412305131553,0.0,0.0,0.0,0.0,0.0,0.0,0.0
2738,0.0,168.91483432352538,0.0,0.0,0.0,0.0,0.0,0.0,0.0,0.0,0.0,0.0,0.0,374.8434426963329,0.0,0.0,4674.02692131698,0.0,281.74772410988794,0.0,0.0,2067.945024615526,0.0,0.0,0.0,0.0,0.0,0.0,0.0,4409.750149196387,0.0,0.0,0.0,0.0,0.0,0.0,0.0
2739,0.0,201.58287911117077,0.0,0.0,0.0,0.0,0.0,0.0,0.0,0.0,0.0,0.0,0.0,395.1073655128479,0.0,0.0,5015.808013916016,0.0,294.0756374299526,0.0,0.0,2177.6077483758327,0.0,0.0,0.0,0.0,0.0,0.0,0.0,4760.190210431813,0.0,0.0,0.0,0.0,0.0,0.0,0.0
2740,0.0,234.72215090095992,0.0,0.0,0.0,0.0,0.0,0.0,0.0,0.0,0.0,0.0,0.0,415.2393176436424,0.0,0.0,5411.212770491838,0.0,306.7799667596817,0.0,0.0,2016.319802874326,0.0,0.0,0.0,0.0,0.0,0.0,0.0,4886.77879216969,0.0,0.0,0.0,0.0,0.0,0.0,0.0
2741,0.0,266.900241369009,0.0,0.0,0.0,0.0,0.0,0.0,0.0,0.0,0.0,0.0,0.0,433.6595738887787,0.0,0.0,5880.242184132338,0.0,318.13030704259864,0.0,0.0,1835.8047048211092,0.0,0.0,0.0,0.0,0.0,0.0,0.0,5052.9574269711975,0.0,0.0,0.0,0.0,0.0,0.0,0.0
2742,0.0,296.9118126690388,0.0,0.0,0.0,0.0,0.0,0.0,0.0,0.0,0.0,0.0,0.0,449.534838116169,0.0,0.0,5907.4221432954055,0.0,321.23678398132313,0.0,0.0,1666.898439310491,0.0,0.0,0.0,0.0,0.0,0.0,0.0,5107.759430512785,0.0,0.0,0.0,0.0,0.0,0.0,0.0
2743,0.0,315.54071000218386,0.0,0.0,0.0,0.0,0.0,0.0,0.0,0.0,0.0,0.0,0.0,459.4326619625091,0.0,0.0,5916.848377004264,0.0,318.6799769759178,0.0,0.0,1496.8563741132612,0.0,0.0,0.0,0.0,0.0,0.0,0.0,5195.208889898658,0.0,0.0,0.0,0.0,0.0,0.0,0.0
2744,0.0,315.25591449737544,0.0,0.0,0.0,0.0,0.0,0.0,0.0,0.0,0.0,0.0,0.0,462.11538591384885,0.0,0.0,5908.313971728085,0.0,293.8869996249675,0.0,0.0,1346.2609616070984,0.0,0.0,0.0,0.0,0.0,0.0,0.0,5205.743745088576,0.0,0.0,0.0,0.0,0.0,0.0,0.0
2745,0.0,305.12400088906287,0.0,0.0,0.0,0.0,0.0,0.0,0.0,0.0,0.0,0.0,0.0,475.59988919496533,0.0,0.0,5891.965858116744,0.0,278.41090393066395,0.0,0.0,1206.9178831413378,0.0,0.0,0.0,0.0,0.0,0.0,0.0,5166.538086047767,0.0,0.0,0.0,0.0,0.0,0.0,0.0
2746,0.0,281.9736136972904,0.0,0.0,0.0,0.0,0.0,0.0,0.0,0.0,0.0,0.0,0.0,482.4558189988136,0.0,0.0,5728.230358377099,0.0,252.97263352274894,0.0,0.0,1079.0337716057893,0.0,0.0,0.0,0.0,0.0,0.0,0.0,4975.3463572174305,0.0,0.0,0.0,0.0,0.0,0.0,0.0
2747,0.0,263.6395558834075,0.0,0.0,0.0,0.0,0.0,0.0,0.0,0.0,0.0,0.0,0.0,493.33619340658186,0.0,0.0,5546.72246429324,0.0,231.79778796136372,0.0,0.0,976.9724890507757,0.0,0.0,0.0,0.0,0.0,0.0,0.0,4789.4283841997385,0.0,0.0,0.0,0.0,0.0,0.0,0.0
2748,0.0,246.6497407078743,0.0,0.0,0.0,0.0,0.0,0.0,0.0,0.0,0.0,0.0,0.0,504.0509487509727,0.0,0.0,5335.055756285787,0.0,210.26852030158037,0.0,0.0,893.5660692013801,0.0,0.0,0.0,0.0,0.0,0.0,0.0,4623.289165154099,0.0,0.0,0.0,0.0,0.0,0.0,0.0
2749,0.0,231.1782831251621,0.0,0.0,0.0,0.0,0.0,0.0,0.0,0.0,0.0,0.0,0.0,514.0365139365196,0.0,0.0,5087.0251620411855,0.0,192.05934025645254,0.0,0.0,822.9450783312313,0.0,0.0,0.0,0.0,0.0,0.0,0.0,4485.970457509159,0.0,0.0,0.0,0.0,0.0,0.0,0.0
2750,0.0,216.9519606918096,0.0,0.0,0.0,0.0,0.0,0.0,0.0,0.0,0.0,0.0,0.0,525.990228998661,0.0,0.0,4804.320216104388,0.0,184.59975844621655,0.0,0.0,761.4308454841374,0.0,0.0,0.0,0.0,0.0,0.0,0.0,4376.0384679436675,0.0,0.0,0.0,0.0,0.0,0.0,0.0
2751,0.0,203.98863099217414,0.0,0.0,0.0,0.0,0.0,0.0,0.0,0.0,0.0,0.0,0.0,551.830882835388,0.0,0.0,4627.428205072878,0.0,209.35984867513173,0.0,0.0,809.6364064335817,0.0,0.0,0.0,0.0,0.0,0.0,0.0,4364.949622496962,0.0,0.0,0.0,0.0,0.0,0.0,0.0
2752,0.0,192.1372971385717,0.0,0.0,0.0,0.0,0.0,0.0,0.0,0.0,0.0,0.0,0.0,579.9380160689353,0.0,0.0,4470.114803493023,0.0,248.30510760843737,0.0,0.0,852.6399654597043,0.0,0.0,0.0,0.0,0.0,0.0,0.0,4270.0447994530205,0.0,0.0,0.0,0.0,0.0,0.0,0.0
2753,0.0,181.4871067732572,0.0,0.0,0.0,0.0,0.0,0.0,0.0,0.0,0.0,0.0,0.0,596.5935819149017,0.0,0.0,4299.989098280667,0.0,283.00603075027465,0.0,0.0,891.584588460624,0.0,0.0,0.0,0.0,0.0,0.0,0.0,4198.988316771387,0.0,0.0,0.0,0.0,0.0,0.0,0.0
2754,0.0,171.47893373966218,0.0,0.0,0.0,0.0,0.0,0.0,0.0,0.0,0.0,0.0,0.0,616.7035202503205,0.0,0.0,4142.301929965615,0.0,316.9106824159621,0.0,0.0,927.1785796791314,0.0,0.0,0.0,0.0,0.0,0.0,0.0,4097.573384985326,0.0,0.0,0.0,0.0,0.0,0.0,0.0
2755,0.0,168.67352547347545,0.0,0.0,0.0,0.0,0.0,0.0,0.0,0.0,0.0,0.0,0.0,651.8193348169327,0.0,0.0,4092.625958353281,0.0,345.3516848981379,0.0,0.0,875.6074003860348,0.0,0.0,0.0,0.0,0.0,0.0,0.0,3959.839907872677,0.0,0.0,0.0,0.0,0.0,0.0,0.0
2756,0.0,162.60609906613823,0.0,0.0,0.0,0.0,0.0,0.0,0.0,0.0,0.0,0.0,0.0,687.1392813801764,0.0,0.0,3984.0585843026624,0.0,371.2276400685309,0.0,0.0,829.021599085629,0.0,0.0,0.0,0.0,0.0,0.0,0.0,3847.2905674725753,0.0,0.0,0.0,0.0,0.0,0.0,0.0
2757,0.0,155.26804871857163,0.0,0.0,0.0,0.0,0.0,0.0,0.0,0.0,0.0,0.0,0.0,725.2035994887351,0.0,0.0,3910.606225535272,0.0,386.61647151112555,0.0,0.0,784.0503348447381,0.0,0.0,0.0,0.0,0.0,0.0,0.0,3755.321675822139,0.0,0.0,0.0,0.0,0.0,0.0,0.0
2758,0.0,149.7784757852554,0.0,0.0,0.0,0.0,0.0,0.0,0.0,0.0,0.0,0.0,0.0,759.796149277687,0.0,0.0,3891.0886789113283,0.0,389.8751273453235,0.0,0.0,743.9272231645882,0.0,0.0,0.0,0.0,0.0,0.0,0.0,3683.1499803781508,0.0,0.0,0.0,0.0,0.0,0.0,0.0
2759,0.0,150.3098686784505,0.0,0.0,0.0,0.0,0.0,0.0,0.0,0.0,0.0,0.0,0.0,785.6015182733536,0.0,0.0,3876.4857175797224,0.0,377.5077316939831,0.0,0.0,705.7216344259675,0.0,0.0,0.0,0.0,0.0,0.0,0.0,3636.22823511064,0.0,0.0,0.0,0.0,0.0,0.0,0.0
2760,0.0,165.38211877048013,0.0,0.0,0.0,0.0,0.0,0.0,0.0,0.0,0.0,0.0,0.0,797.180326294899,0.0,0.0,3954.1895271092644,0.0,373.37106825113295,0.0,0.0,1206.892224331945,0.0,0.0,0.0,0.0,0.0,0.0,0.0,4253.262727764248,0.0,0.0,0.0,0.0,0.0,0.0,0.0
2761,0.0,195.0199292868375,0.0,0.0,0.0,0.0,0.0,0.0,0.0,0.0,0.0,0.0,0.0,797.183464717865,0.0,0.0,4052.96779090166,0.0,357.71522716879844,0.0,0.0,1640.32893140763,0.0,0.0,0.0,0.0,0.0,0.0,0.0,4804.990013906358,0.0,0.0,0.0,0.0,0.0,0.0,0.0
2762,0.0,226.56214666664596,0.0,0.0,0.0,0.0,0.0,0.0,0.0,0.0,0.0,0.0,0.0,789.499170589447,0.0,0.0,4171.023628294466,0.0,337.0836045384407,0.0,0.0,1981.723401944339,0.0,0.0,0.0,0.0,0.0,0.0,0.0,5309.232885825633,0.0,0.0,0.0,0.0,0.0,0.0,0.0
2763,0.0,255.0021242916584,0.0,0.0,0.0,0.0,0.0,0.0,0.0,0.0,0.0,0.0,0.0,777.2440772533416,0.0,0.0,4298.133488401769,0.0,316.91219412684427,0.0,0.0,2163.1101426199075,0.0,0.0,0.0,0.0,0.0,0.0,0.0,5750.393552571533,0.0,0.0,0.0,0.0,0.0,0.0,0.0
2764,0.0,281.54842643737794,0.0,0.0,0.0,0.0,0.0,0.0,0.0,0.0,0.0,0.0,0.0,763.0870099306106,0.0,0.0,4461.595955625175,0.0,295.6982367515564,0.0,0.0,2165.573691080511,0.0,0.0,0.0,0.0,0.0,0.0,0.0,6280.952046525477,0.0,0.0,0.0,0.0,0.0,0.0,0.0
2765,0.0,302.99259368777274,0.0,0.0,0.0,0.0,0.0,0.0,0.0,0.0,0.0,0.0,0.0,740.10649061203,0.0,0.0,4625.489751994609,0.0,256.74873909950253,0.0,0.0,1648.8812623545523,0.0,0.0,0.0,0.0,0.0,0.0,0.0,6700.402225649356,0.0,0.0,0.0,0.0,0.0,0.0,0.0
2766,0.0,344.31176134943956,0.0,0.0,0.0,0.0,0.0,0.0,0.0,0.0,0.0,0.0,0.0,715.0012141108512,0.0,0.0,4489.234858334063,0.0,218.35246834754938,0.0,0.0,1468.3107594385742,0.0,0.0,0.0,0.0,0.0,0.0,0.0,6958.231894767284,0.0,0.0,0.0,0.0,0.0,0.0,0.0
2767,0.0,377.06986559629433,0.0,0.0,0.0,0.0,0.0,0.0,0.0,0.0,0.0,0.0,0.0,678.7097463011742,0.0,0.0,4350.298645347357,0.0,182.31267326772206,0.0,0.0,1319.5423449888824,0.0,0.0,0.0,0.0,0.0,0.0,0.0,7171.638922184706,0.0,0.0,0.0,0.0,0.0,0.0,0.0
2768,0.0,384.16391372680664,0.0,0.0,0.0,0.0,0.0,0.0,0.0,0.0,0.0,0.0,0.0,640.4801229715347,0.0,0.0,4206.838726952671,0.0,142.44793842136858,0.0,0.0,1139.2288086153567,0.0,0.0,0.0,0.0,0.0,0.0,0.0,7308.279244893788,0.0,0.0,0.0,0.0,0.0,0.0,0.0
2769,0.0,385.8183424651623,0.0,0.0,0.0,0.0,0.0,0.0,0.0,0.0,0.0,0.0,0.0,602.2964551210403,0.0,0.0,4077.974769055842,0.0,109.45439638644451,0.0,0.0,985.7128332205109,0.0,0.0,0.0,0.0,0.0,0.0,0.0,7437.58896023631,0.0,0.0,0.0,0.0,0.0,0.0,0.0
2770,0.0,374.8707875490188,0.0,0.0,0.0,0.0,0.0,0.0,0.0,0.0,0.0,0.0,0.0,539.4949526906014,0.0,0.0,3646.239963605999,0.0,70.1351149857044,0.0,0.0,1021.162938313186,0.0,0.0,0.0,0.0,0.0,0.0,0.0,7215.255891370773,0.0,0.0,0.0,0.0,0.0,0.0,0.0
2771,0.0,366.9495671331882,0.0,0.0,0.0,0.0,0.0,0.0,0.0,0.0,0.0,0.0,0.0,473.9120901584625,0.0,0.0,3213.749845981597,0.0,40.46066757887599,0.0,0.0,1041.2861812613899,0.0,0.0,0.0,0.0,0.0,0.0,0.0,6979.808585786818,0.0,0.0,0.0,0.0,0.0,0.0,0.0
2772,0.0,360.778558319807,0.0,0.0,0.0,0.0,0.0,0.0,0.0,0.0,0.0,0.0,0.0,409.2503099322319,0.0,0.0,2802.7425645887847,0.0,23.63123865351067,0.0,0.0,1052.810695474595,0.0,0.0,0.0,0.0,0.0,0.0,0.0,6744.245564222335,0.0,0.0,0.0,0.0,0.0,0.0,0.0
2773,0.0,356.0408977031708,0.0,0.0,0.0,0.0,0.0,0.0,0.0,0.0,0.0,0.0,0.0,352.38105459213244,0.0,0.0,2428.13728508353,0.0,17.754395905882,0.0,0.0,1058.1006488330663,0.0,0.0,0.0,0.0,0.0,0.0,0.0,6505.807000541686,0.0,0.0,0.0,0.0,0.0,0.0,0.0
2774,0.0,354.0935653030872,0.0,0.0,0.0,0.0,0.0,0.0,0.0,0.0,0.0,0.0,0.0,305.87372860312456,0.0,0.0,2074.6220172494636,0.0,18.871942996233695,0.0,0.0,1062.0089623488482,0.0,0.0,0.0,0.0,0.0,0.0,0.0,6264.15587195158,0.0,0.0,0.0,0.0,0.0,0.0,0.0
2775,0.0,355.11174219846725,0.0,0.0,0.0,0.0,0.0,0.0,0.0,0.0,0.0,0.0,0.0,279.5899294435977,0.0,0.0,2025.3937100619064,0.0,29.82681897133575,0.0,0.0,1004.7226049445561,0.0,0.0,0.0,0.0,0.0,0.0,0.0,5993.166402947902,0.0,0.0,0.0,0.0,0.0,0.0,0.0
2776,0.0,338.1291935026645,0.0,0.0,0.0,0.0,0.0,0.0,0.0,0.0,0.0,0.0,0.0,261.5765921533108,0.0,0.0,1989.2779644876705,0.0,41.930710077285575,0.0,0.0,973.4738838985553,0.0,0.0,0.0,0.0,0.0,0.0,0.0,5638.283571285007,0.0,0.0,0.0,0.0,0.0,0.0,0.0
2777,0.0,310.7629013836384,0.0,0.0,0.0,0.0,0.0,0.0,0.0,0.0,0.0,0.0,0.0,250.65176422595977,0.0,0.0,2008.2290269806963,0.0,48.45473552048192,0.0,0.0,874.8016078054903,0.0,0.0,0.0,0.0,0.0,0.0,0.0,5306.449554881452,0.0,0.0,0.0,0.0,0.0,0.0,0.0
2778,0.0,281.4695051729679,0.0,0.0,0.0,0.0,0.0,0.0,0.0,0.0,0.0,0.0,0.0,258.7901657402515,0.0,0.0,2057.9553657025076,0.0,71.4786109805106,0.0,0.0,928.375460956245,0.0,0.0,0.0,0.0,0.0,0.0,0.0,5082.45740814507,0.0,0.0,0.0,0.0,0.0,0.0,0.0
2779,0.0,261.31762102246284,0.0,0.0,0.0,0.0,0.0,0.0,0.0,0.0,0.0,0.0,0.0,283.81834912300104,0.0,0.0,2211.557158589362,0.0,96.25625632256263,0.0,0.0,992.1562976561487,0.0,0.0,0.0,0.0,0.0,0.0,0.0,5088.035280019045,0.0,0.0,0.0,0.0,0.0,0.0,0.0
2780,0.0,246.68012525439258,0.0,0.0,0.0,0.0,0.0,0.0,0.0,0.0,0.0,0.0,0.0,308.45940803289415,0.0,0.0,2255.990283593533,0.0,123.3393867358564,0.0,0.0,1005.9090410426252,0.0,0.0,0.0,0.0,0.0,0.0,0.0,5107.677706101536,0.0,0.0,0.0,0.0,0.0,0.0,0.0
2781,0.0,229.28404652774333,0.0,0.0,0.0,0.0,0.0,0.0,0.0,0.0,0.0,0.0,0.0,332.07507690787304,0.0,0.0,2257.478349700569,0.0,146.50293983519063,0.0,0.0,1009.284271978586,0.0,0.0,0.0,0.0,0.0,0.0,0.0,5134.295997747778,0.0,0.0,0.0,0.0,0.0,0.0,0.0
2782,0.0,216.0191298633813,0.0,0.0,0.0,0.0,0.0,0.0,0.0,0.0,0.0,0.0,0.0,361.9790469586849,0.0,0.0,2226.597672030329,0.0,179.8267388254404,0.0,0.0,976.7949210070072,0.0,0.0,0.0,0.0,0.0,0.0,0.0,5177.127544716,0.0,0.0,0.0,0.0,0.0,0.0,0.0
2783,0.0,208.81280199587343,0.0,0.0,0.0,0.0,0.0,0.0,0.0,0.0,0.0,0.0,0.0,405.04060870409006,0.0,0.0,2196.5248127877703,0.0,233.41837166845784,0.0,0.0,891.752543912083,0.0,0.0,0.0,0.0,0.0,0.0,0.0,5261.161936226487,0.0,0.0,0.0,0.0,0.0,0.0,0.0
2784,0.0,239.3106522917747,0.0,0.0,0.0,0.0,0.0,0.0,0.0,0.0,0.0,0.0,0.0,461.6864979982376,0.0,0.0,2235.9414514750238,0.0,329.0797771692275,0.0,0.0,1389.6779377922408,0.0,0.0,0.0,0.0,0.0,0.0,0.0,5874.843558344244,0.0,0.0,0.0,0.0,0.0,0.0,0.0
2785,0.0,268.6456273555756,0.0,0.0,0.0,0.0,0.0,0.0,0.0,0.0,0.0,0.0,0.0,530.8159129858017,0.0,0.0,2269.8305429816237,0.0,435.8235796093941,0.0,0.0,1997.7958076655862,0.0,0.0,0.0,0.0,0.0,0.0,0.0,6620.964651465416,0.0,0.0,0.0,0.0,0.0,0.0,0.0
2786,0.0,294.1183983027935,0.0,0.0,0.0,0.0,0.0,0.0,0.0,0.0,0.0,0.0,0.0,605.1507611393929,0.0,0.0,2299.6634292006484,0.0,537.9772942662238,0.0,0.0,2587.3468419581645,0.0,0.0,0.0,0.0,0.0,0.0,0.0,7412.068523955344,0.0,0.0,0.0,0.0,0.0,0.0,0.0
2787,0.0,304.7381199538707,0.0,0.0,0.0,0.0,0.0,0.0,0.0,0.0,0.0,0.0,0.0,677.5969960212708,0.0,0.0,2333.180698648094,0.0,623.4618176460265,0.0,0.0,2944.2489216506483,0.0,0.0,0.0,0.0,0.0,0.0,0.0,8165.056998908519,0.0,0.0,0.0,0.0,0.0,0.0,0.0
2788,0.0,327.05462949872015,0.0,0.0,0.0,0.0,0.0,0.0,0.0,0.0,0.0,0.0,0.0,749.5161103487014,0.0,0.0,2368.865115076301,0.0,690.2187330722808,0.0,0.0,2991.893773278594,0.0,0.0,0.0,0.0,0.0,0.0,0.0,8559.601482897997,0.0,0.0,0.0,0.0,0.0,0.0,0.0
2789,0.0,335.7763690888881,0.0,0.0,0.0,0.0,0.0,0.0,0.0,0.0,0.0,0.0,0.0,802.0815566062927,0.0,0.0,2480.6260361224413,0.0,712.39019626379,0.0,0.0,2270.865939997136,0.0,0.0,0.0,0.0,0.0,0.0,0.0,9026.854656803605,0.0,0.0,0.0,0.0,0.0,0.0,0.0
2790,0.0,326.41798487305635,0.0,0.0,0.0,0.0,0.0,0.0,0.0,0.0,0.0,0.0,0.0,850.0745896100998,0.0,0.0,2746.800846770405,0.0,720.5126484751701,0.0,0.0,2240.1863298296926,0.0,0.0,0.0,0.0,0.0,0.0,0.0,9296.567633897064,0.0,0.0,0.0,0.0,0.0,0.0,0.0
2791,0.0,323.0229115962982,0.0,0.0,0.0,0.0,0.0,0.0,0.0,0.0,0.0,0.0,0.0,893.6724854230881,0.0,0.0,2989.6582138091326,0.0,724.7758510112762,0.0,0.0,2203.271704669297,0.0,0.0,0.0,0.0,0.0,0.0,0.0,9534.933151865005,0.0,0.0,0.0,0.0,0.0,0.0,0.0
2792,0.0,326.71936141848556,0.0,0.0,0.0,0.0,0.0,0.0,0.0,0.0,0.0,0.0,0.0,931.1266044378281,0.0,0.0,3207.7341851145006,0.0,719.4642917990683,0.0,0.0,2156.9017704024905,0.0,0.0,0.0,0.0,0.0,0.0,0.0,9708.488318812848,0.0,0.0,0.0,0.0,0.0,0.0,0.0
2793,0.0,322.1137599527836,0.0,0.0,0.0,0.0,0.0,0.0,0.0,0.0,0.0,0.0,0.0,956.1836837291718,0.0,0.0,3404.287259861826,0.0,697.7174118757248,0.0,0.0,2103.2927215397353,0.0,0.0,0.0,0.0,0.0,0.0,0.0,9803.067329049109,0.0,0.0,0.0,0.0,0.0,0.0,0.0
2794,0.0,316.2585484206676,0.0,0.0,0.0,0.0,0.0,0.0,0.0,0.0,0.0,0.0,0.0,950.6049127340317,0.0,0.0,3167.9134427458025,0.0,643.7091396570205,0.0,0.0,2066.540526482463,0.0,0.0,0.0,0.0,0.0,0.0,0.0,9445.557744628191,0.0,0.0,0.0,0.0,0.0,0.0,0.0
2795,0.0,316.13605633378023,0.0,0.0,0.0,0.0,0.0,0.0,0.0,0.0,0.0,0.0,0.0,936.7889471530914,0.0,0.0,2929.2701886892305,0.0,582.8833477735519,0.0,0.0,2008.7603694543243,0.0,0.0,0.0,0.0,0.0,0.0,0.0,9012.737307178972,0.0,0.0,0.0,0.0,0.0,0.0,0.0
2796,0.0,321.77596684098245,0.0,0.0,0.0,0.0,0.0,0.0,0.0,0.0,0.0,0.0,0.0,916.948464846611,0.0,0.0,2773.0796430557957,0.0,517.9579145431518,0.0,0.0,1934.3642032563687,0.0,0.0,0.0,0.0,0.0,0.0,0.0,8532.526836353538,0.0,0.0,0.0,0.0,0.0,0.0,0.0
2797,0.0,335.18461391329765,0.0,0.0,0.0,0.0,0.0,0.0,0.0,0.0,0.0,0.0,0.0,892.0594256877899,0.0,0.0,2721.5406717956066,0.0,452.636353778839,0.0,0.0,1854.8353669032454,0.0,0.0,0.0,0.0,0.0,0.0,0.0,8046.641943132877,0.0,0.0,0.0,0.0,0.0,0.0,0.0
2798,0.0,343.6547481358051,0.0,0.0,0.0,0.0,0.0,0.0,0.0,0.0,0.0,0.0,0.0,863.7920087099076,0.0,0.0,2779.226764023304,0.0,384.8254794538021,0.0,0.0,1793.122372895479,0.0,0.0,0.0,0.0,0.0,0.0,0.0,7641.298265260458,0.0,0.0,0.0,0.0,0.0,0.0,0.0
2799,0.0,334.5341657817363,0.0,0.0,0.0,0.0,0.0,0.0,0.0,0.0,0.0,0.0,0.0,846.8134094715118,0.0,0.0,3080.5788195878245,0.0,323.4969399571418,0.0,0.0,1844.3823161289095,0.0,0.0,0.0,0.0,0.0,0.0,0.0,7437.712631690501,0.0,0.0,0.0,0.0,0.0,0.0,0.0
2800,0.0,331.7508515417575,0.0,0.0,0.0,0.0,0.0,0.0,0.0,0.0,0.0,0.0,0.0,822.1693466424942,0.0,0.0,3365.170490220189,0.0,257.912460064888,0.0,0.0,1914.9537302434435,0.0,0.0,0.0,0.0,0.0,0.0,0.0,7493.155774086713,0.0,0.0,0.0,0.0,0.0,0.0,0.0
2801,0.0,316.8416343212128,0.0,0.0,0.0,0.0,0.0,0.0,0.0,0.0,0.0,0.0,0.0,778.8920183181763,0.0,0.0,3611.690071180462,0.0,200.30188455879687,0.0,0.0,1993.7146188676356,0.0,0.0,0.0,0.0,0.0,0.0,0.0,7544.290665882825,0.0,0.0,0.0,0.0,0.0,0.0,0.0
2802,0.0,296.5867849946022,0.0,0.0,0.0,0.0,0.0,0.0,0.0,0.0,0.0,0.0,0.0,731.1310941100121,0.0,0.0,3729.4713203161946,0.0,160.75915895104396,0.0,0.0,2083.7228460118167,0.0,0.0,0.0,0.0,0.0,0.0,0.0,7554.744881498814,0.0,0.0,0.0,0.0,0.0,0.0,0.0
2803,0.0,305.524022001028,0.0,0.0,0.0,0.0,0.0,0.0,0.0,0.0,0.0,0.0,0.0,688.4549979567527,0.0,0.0,3767.735932916402,0.0,134.3789592772722,0.0,0.0,2101.1376843094827,0.0,0.0,0.0,0.0,0.0,0.0,0.0,7551.181552523374,0.0,0.0,0.0,0.0,0.0,0.0,0.0
2804,0.0,328.4964505791664,0.0,0.0,0.0,0.0,0.0,0.0,0.0,0.0,0.0,0.0,0.0,640.1180386304854,0.0,0.0,3757.4855455011107,0.0,131.60113124847396,0.0,0.0,2094.7310050696133,0.0,0.0,0.0,0.0,0.0,0.0,0.0,7479.973554229737,0.0,0.0,0.0,0.0,0.0,0.0,0.0
2805,0.0,343.9263854205608,0.0,0.0,0.0,0.0,0.0,0.0,0.0,0.0,0.0,0.0,0.0,594.811361181736,0.0,0.0,3744.580675289034,0.0,141.45757512450203,0.0,0.0,2118.628515069186,0.0,0.0,0.0,0.0,0.0,0.0,0.0,7391.741565525532,0.0,0.0,0.0,0.0,0.0,0.0,0.0
2806,0.0,361.21028260588645,0.0,0.0,0.0,0.0,0.0,0.0,0.0,0.0,0.0,0.0,0.0,556.7255224585533,0.0,0.0,3739.227760016918,0.0,159.32983631193633,0.0,0.0,2154.6869383066883,0.0,0.0,0.0,0.0,0.0,0.0,0.0,7298.736292624472,0.0,0.0,0.0,0.0,0.0,0.0,0.0
2807,0.0,385.5510257899761,0.0,0.0,0.0,0.0,0.0,0.0,0.0,0.0,0.0,0.0,0.0,531.1175154328345,0.0,0.0,3790.521702095866,0.0,174.73476302921753,0.0,0.0,2184.3644168034193,0.0,0.0,0.0,0.0,0.0,0.0,0.0,7223.334313261509,0.0,0.0,0.0,0.0,0.0,0.0,0.0
2808,0.0,408.11361368894575,0.0,0.0,0.0,0.0,0.0,0.0,0.0,0.0,0.0,0.0,0.0,514.0330168366432,0.0,0.0,3879.9421847760677,0.0,209.70265134870988,0.0,0.0,2761.1603736877437,0.0,0.0,0.0,0.0,0.0,0.0,0.0,7657.355304008723,0.0,0.0,0.0,0.0,0.0,0.0,0.0
2809,0.0,436.48270806670183,0.0,0.0,0.0,0.0,0.0,0.0,0.0,0.0,0.0,0.0,0.0,507.50585925579065,0.0,0.0,4002.3233706206074,0.0,229.64483007192612,0.0,0.0,3089.09055429697,0.0,0.0,0.0,0.0,0.0,0.0,0.0,8167.676519417762,0.0,0.0,0.0,0.0,0.0,0.0,0.0
2810,0.0,465.8576627969741,0.0,0.0,0.0,0.0,0.0,0.0,0.0,0.0,0.0,0.0,0.0,506.23986426591875,0.0,0.0,4131.395797789097,0.0,238.47762337028965,0.0,0.0,3203.426208955049,0.0,0.0,0.0,0.0,0.0,0.0,0.0,8673.174548113344,0.0,0.0,0.0,0.0,0.0,0.0,0.0
2811,0.0,491.73962913751603,0.0,0.0,0.0,0.0,0.0,0.0,0.0,0.0,0.0,0.0,0.0,505.8849086284637,0.0,0.0,4224.529833838342,0.0,241.45658304989325,0.0,0.0,3288.0439668148756,0.0,0.0,0.0,0.0,0.0,0.0,0.0,9087.36760559678,0.0,0.0,0.0,0.0,0.0,0.0,0.0
2812,0.0,514.0705594182015,0.0,0.0,0.0,0.0,0.0,0.0,0.0,0.0,0.0,0.0,0.0,507.87991443872454,0.0,0.0,4306.870917856691,0.0,239.62770929634559,0.0,0.0,3323.8091681420797,0.0,0.0,0.0,0.0,0.0,0.0,0.0,9345.224757260085,0.0,0.0,0.0,0.0,0.0,0.0,0.0
2813,0.0,532.8677360773087,0.0,0.0,0.0,0.0,0.0,0.0,0.0,0.0,0.0,0.0,0.0,510.40289266109465,0.0,0.0,4378.85776875913,0.0,234.6936035424469,0.0,0.0,3305.1501425027845,0.0,0.0,0.0,0.0,0.0,0.0,0.0,9594.308467924595,0.0,0.0,0.0,0.0,0.0,0.0,0.0
2814,0.0,556.7747349500656,0.0,0.0,0.0,0.0,0.0,0.0,0.0,0.0,0.0,0.0,0.0,508.1160135149956,0.0,0.0,4325.177709177135,0.0,222.38088143467903,0.0,0.0,3265.5190138936036,0.0,0.0,0.0,0.0,0.0,0.0,0.0,9399.829682022333,0.0,0.0,0.0,0.0,0.0,0.0,0.0
2815,0.0,579.2724856495857,0.0,0.0,0.0,0.0,0.0,0.0,0.0,0.0,0.0,0.0,0.0,494.026780962944,0.0,0.0,4257.369189217687,0.0,204.52243313491326,0.0,0.0,3205.4189674615855,0.0,0.0,0.0,0.0,0.0,0.0,0.0,9149.771064221859,0.0,0.0,0.0,0.0,0.0,0.0,0.0
2816,0.0,599.9673076987267,0.0,0.0,0.0,0.0,0.0,0.0,0.0,0.0,0.0,0.0,0.0,483.432003045082,0.0,0.0,4170.266760379075,0.0,182.10957046449167,0.0,0.0,3095.9035358637566,0.0,0.0,0.0,0.0,0.0,0.0,0.0,8886.76455142498,0.0,0.0,0.0,0.0,0.0,0.0,0.0
2817,0.0,617.2916615009308,0.0,0.0,0.0,0.0,0.0,0.0,0.0,0.0,0.0,0.0,0.0,477.4394533991814,0.0,0.0,4061.476137518882,0.0,165.64835799932467,0.0,0.0,2988.3963034719222,0.0,0.0,0.0,0.0,0.0,0.0,0.0,8593.271217107773,0.0,0.0,0.0,0.0,0.0,0.0,0.0
2818,0.0,609.8405739068985,0.0,0.0,0.0,0.0,0.0,0.0,0.0,0.0,0.0,0.0,0.0,459.181319117546,0.0,0.0,3678.539476916194,0.0,144.87694657444942,0.0,0.0,2956.948140057921,0.0,0.0,0.0,0.0,0.0,0.0,0.0,8162.177117443084,0.0,0.0,0.0,0.0,0.0,0.0,0.0
2819,0.0,602.1042699694633,0.0,0.0,0.0,0.0,0.0,0.0,0.0,0.0,0.0,0.0,0.0,449.82837033271784,0.0,0.0,3305.930990770458,0.0,125.26491365134713,0.0,0.0,2918.847457247972,0.0,0.0,0.0,0.0,0.0,0.0,0.0,7774.6233251273625,0.0,0.0,0.0,0.0,0.0,0.0,0.0
2820,0.0,595.2319196105003,0.0,0.0,0.0,0.0,0.0,0.0,0.0,0.0,0.0,0.0,0.0,444.3440658688545,0.0,0.0,2973.0401791632153,0.0,116.07930629998432,0.0,0.0,2861.630582991242,0.0,0.0,0.0,0.0,0.0,0.0,0.0,7453.350200009346,0.0,0.0,0.0,0.0,0.0,0.0,0.0
2821,0.0,591.8131390929223,0.0,0.0,0.0,0.0,0.0,0.0,0.0,0.0,0.0,0.0,0.0,440.90211256742475,0.0,0.0,2684.7139526605597,0.0,118.75582005828612,0.0,0.0,2794.1783415466543,0.0,0.0,0.0,0.0,0.0,0.0,0.0,7140.324731403589,0.0,0.0,0.0,0.0,0.0,0.0,0.0
2822,0.0,590.0348996400833,0.0,0.0,0.0,0.0,0.0,0.0,0.0,0.0,0.0,0.0,0.0,435.54836649894713,0.0,0.0,2456.069444939493,0.0,125.8583046346902,0.0,0.0,2738.973299601674,0.0,0.0,0.0,0.0,0.0,0.0,0.0,6828.747882229089,0.0,0.0,0.0,0.0,0.0,0.0,0.0
2823,0.0,585.5494896769524,0.0,0.0,0.0,0.0,0.0,0.0,0.0,0.0,0.0,0.0,0.0,440.1721602201461,0.0,0.0,2440.7127271741615,0.0,140.54654700756058,0.0,0.0,2723.2455847889187,0.0,0.0,0.0,0.0,0.0,0.0,0.0,6532.429631537199,0.0,0.0,0.0,0.0,0.0,0.0,0.0
2824,0.0,579.4389132857323,0.0,0.0,0.0,0.0,0.0,0.0,0.0,0.0,0.0,0.0,0.0,443.6515055894851,0.0,0.0,2436.7521999478336,0.0,145.74023723304256,0.0,0.0,2709.450682237744,0.0,0.0,0.0,0.0,0.0,0.0,0.0,6219.697792232037,0.0,0.0,0.0,0.0,0.0,0.0,0.0
2825,0.0,576.8815613150597,0.0,0.0,0.0,0.0,0.0,0.0,0.0,0.0,0.0,0.0,0.0,435.5231246113777,0.0,0.0,2447.6112709641448,0.0,135.49990771710864,0.0,0.0,2734.7755486607552,0.0,0.0,0.0,0.0,0.0,0.0,0.0,6038.0070686280715,0.0,0.0,0.0,0.0,0.0,0.0,0.0
2826,0.0,576.1891976594925,0.0,0.0,0.0,0.0,0.0,0.0,0.0,0.0,0.0,0.0,0.0,426.48800840377805,0.0,0.0,2555.0550111979237,0.0,126.9852702766656,0.0,0.0,2728.963790488243,0.0,0.0,0.0,0.0,0.0,0.0,0.0,5900.824688872695,0.0,0.0,0.0,0.0,0.0,0.0,0.0
2827,0.0,587.2611805200577,0.0,0.0,0.0,0.0,0.0,0.0,0.0,0.0,0.0,0.0,0.0,421.74513394832604,0.0,0.0,2648.8027870059013,0.0,111.09503249377012,0.0,0.0,2674.563784226775,0.0,0.0,0.0,0.0,0.0,0.0,0.0,5775.5136838823555,0.0,0.0,0.0,0.0,0.0,0.0,0.0
2828,0.0,590.4867680668831,0.0,0.0,0.0,0.0,0.0,0.0,0.0,0.0,0.0,0.0,0.0,417.26915994882586,0.0,0.0,2774.4588073045006,0.0,103.26334008574477,0.0,0.0,2627.609222692251,0.0,0.0,0.0,0.0,0.0,0.0,0.0,5702.944576367735,0.0,0.0,0.0,0.0,0.0,0.0,0.0
2829,0.0,590.5357536792756,0.0,0.0,0.0,0.0,0.0,0.0,0.0,0.0,0.0,0.0,0.0,414.1786203503608,0.0,0.0,2907.3400769680725,0.0,96.50419172793613,0.0,0.0,2586.3416826993225,0.0,0.0,0.0,0.0,0.0,0.0,0.0,5660.673528680204,0.0,0.0,0.0,0.0,0.0,0.0,0.0
2830,0.0,577.023692536354,0.0,0.0,0.0,0.0,0.0,0.0,0.0,0.0,0.0,0.0,0.0,411.5070602178573,0.0,0.0,2967.623478516935,0.0,96.91189422458402,0.0,0.0,2549.8086850225927,0.0,0.0,0.0,0.0,0.0,0.0,0.0,5580.149309116601,0.0,0.0,0.0,0.0,0.0,0.0,0.0
2831,0.0,543.4657985687256,0.0,0.0,0.0,0.0,0.0,0.0,0.0,0.0,0.0,0.0,0.0,408.92629017829887,0.0,0.0,3005.8040811121464,0.0,106.62432540804139,0.0,0.0,2520.1045637503266,0.0,0.0,0.0,0.0,0.0,0.0,0.0,5384.62148552835,0.0,0.0,0.0,0.0,0.0,0.0,0.0
2832,0.0,495.9763515472412,0.0,0.0,0.0,0.0,0.0,0.0,0.0,0.0,0.0,0.0,0.0,404.1668717503547,0.0,0.0,2806.6050801426168,0.0,141.71278749108313,0.0,0.0,3292.083374896645,0.0,0.0,0.0,0.0,0.0,0.0,0.0,5524.122885856032,0.0,0.0,0.0,0.0,0.0,0.0,0.0
2833,0.0,449.62684405446055,0.0,0.0,0.0,0.0,0.0,0.0,0.0,0.0,0.0,0.0,0.0,398.1444622516632,0.0,0.0,2687.249421283602,0.0,180.3291455626487,0.0,0.0,3928.4839134156705,0.0,0.0,0.0,0.0,0.0,0.0,0.0,5564.885648059844,0.0,0.0,0.0,0.0,0.0,0.0,0.0
2834,0.0,405.52385714650154,0.0,0.0,0.0,0.0,0.0,0.0,0.0,0.0,0.0,0.0,0.0,389.5960706114768,0.0,0.0,2633.8906221836783,0.0,216.29117645621284,0.0,0.0,4349.107640460134,0.0,0.0,0.0,0.0,0.0,0.0,0.0,5576.811626303195,0.0,0.0,0.0,0.0,0.0,0.0,0.0
2835,0.0,371.6700294792652,0.0,0.0,0.0,0.0,0.0,0.0,0.0,0.0,0.0,0.0,0.0,376.87169337272644,0.0,0.0,2559.5993301719413,0.0,244.27189261615274,0.0,0.0,4575.772567123175,0.0,0.0,0.0,0.0,0.0,0.0,0.0,5613.5257756382225,0.0,0.0,0.0,0.0,0.0,0.0,0.0
2836,0.0,344.8074811577797,0.0,0.0,0.0,0.0,0.0,0.0,0.0,0.0,0.0,0.0,0.0,361.9588489651679,0.0,0.0,2478.301370382307,0.0,264.99841215610496,0.0,0.0,4692.0265016198155,0.0,0.0,0.0,0.0,0.0,0.0,0.0,5639.115279895066,0.0,0.0,0.0,0.0,0.0,0.0,0.0
2837,0.0,333.9516690552234,0.0,0.0,0.0,0.0,0.0,0.0,0.0,0.0,0.0,0.0,0.0,350.51082351207725,0.0,0.0,2287.74062038958,0.0,278.28555049300184,0.0,0.0,4729.68576208055,0.0,0.0,0.0,0.0,0.0,0.0,0.0,5717.53202216327,0.0,0.0,0.0,0.0,0.0,0.0,0.0
2838,0.0,323.57123622894284,0.0,0.0,0.0,0.0,0.0,0.0,0.0,0.0,0.0,0.0,0.0,338.58416613936413,0.0,0.0,2456.282581433652,0.0,279.2035146951675,0.0,0.0,4655.030282959342,0.0,0.0,0.0,0.0,0.0,0.0,0.0,5660.763570177555,0.0,0.0,0.0,0.0,0.0,0.0,0.0
2839,0.0,313.26380487084384,0.0,0.0,0.0,0.0,0.0,0.0,0.0,0.0,0.0,0.0,0.0,328.17128224968906,0.0,0.0,2584.5479680448766,0.0,273.46698687672614,0.0,0.0,4552.0777541488405,0.0,0.0,0.0,0.0,0.0,0.0,0.0,5622.585613688826,0.0,0.0,0.0,0.0,0.0,0.0,0.0
2840,0.0,306.2414115250111,0.0,0.0,0.0,0.0,0.0,0.0,0.0,0.0,0.0,0.0,0.0,320.457173103094,0.0,0.0,2670.186055824159,0.0,264.6593739390373,0.0,0.0,4429.56821705997,0.0,0.0,0.0,0.0,0.0,0.0,0.0,5656.33779553473,0.0,0.0,0.0,0.0,0.0,0.0,0.0
2841,0.0,300.6669273912906,0.0,0.0,0.0,0.0,0.0,0.0,0.0,0.0,0.0,0.0,0.0,312.6017452538013,0.0,0.0,2744.174367308615,0.0,257.49196730852117,0.0,0.0,4320.776984542608,0.0,0.0,0.0,0.0,0.0,0.0,0.0,5740.637610575556,0.0,0.0,0.0,0.0,0.0,0.0,0.0
2842,0.0,279.56411635279653,0.0,0.0,0.0,0.0,0.0,0.0,0.0,0.0,0.0,0.0,0.0,290.13937956690785,0.0,0.0,2470.03533039987,0.0,237.22239943444728,0.0,0.0,4218.033359313011,0.0,0.0,0.0,0.0,0.0,0.0,0.0,5548.188916906714,0.0,0.0,0.0,0.0,0.0,0.0,0.0
2843,0.0,261.79353336095807,0.0,0.0,0.0,0.0,0.0,0.0,0.0,0.0,0.0,0.0,0.0,274.1999345898627,0.0,0.0,2250.4168420583,0.0,224.09004843533032,0.0,0.0,4113.237937608361,0.0,0.0,0.0,0.0,0.0,0.0,0.0,5376.616470962761,0.0,0.0,0.0,0.0,0.0,0.0,0.0
2844,0.0,249.71810295581818,0.0,0.0,0.0,0.0,0.0,0.0,0.0,0.0,0.0,0.0,0.0,260.1167098760604,0.0,0.0,2075.255981639027,0.0,221.91349599957462,0.0,0.0,3996.3639530628916,0.0,0.0,0.0,0.0,0.0,0.0,0.0,5217.516399657726,0.0,0.0,0.0,0.0,0.0,0.0,0.0
2845,0.0,244.65056099295617,0.0,0.0,0.0,0.0,0.0,0.0,0.0,0.0,0.0,0.0,0.0,245.02105233073235,0.0,0.0,1928.76470223069,0.0,229.30519902706126,0.0,0.0,3888.934226927161,0.0,0.0,0.0,0.0,0.0,0.0,0.0,5078.497390323875,0.0,0.0,0.0,0.0,0.0,0.0,0.0
2846,0.0,243.7757497787475,0.0,0.0,0.0,0.0,0.0,0.0,0.0,0.0,0.0,0.0,0.0,234.20990256667136,0.0,0.0,1811.4194494634842,0.0,240.1256994664669,0.0,0.0,3796.518915840983,0.0,0.0,0.0,0.0,0.0,0.0,0.0,4973.222245749831,0.0,0.0,0.0,0.0,0.0,0.0,0.0
2847,0.0,247.59455140829087,0.0,0.0,0.0,0.0,0.0,0.0,0.0,0.0,0.0,0.0,0.0,247.5606641948223,0.0,0.0,1904.833907797932,0.0,265.53234251141544,0.0,0.0,3881.6434919536114,0.0,0.0,0.0,0.0,0.0,0.0,0.0,4872.94675475955,0.0,0.0,0.0,0.0,0.0,0.0,0.0
2848,0.0,250.10544279813766,0.0,0.0,0.0,0.0,0.0,0.0,0.0,0.0,0.0,0.0,0.0,274.3236781239509,0.0,0.0,1976.201184913516,0.0,289.58819777965545,0.0,0.0,3966.6708824872967,0.0,0.0,0.0,0.0,0.0,0.0,0.0,4762.316853186488,0.0,0.0,0.0,0.0,0.0,0.0,0.0
2849,0.0,251.07351184487342,0.0,0.0,0.0,0.0,0.0,0.0,0.0,0.0,0.0,0.0,0.0,300.9115007996559,0.0,0.0,2032.866711154579,0.0,278.68221157193176,0.0,0.0,4005.518471288681,0.0,0.0,0.0,0.0,0.0,0.0,0.0,4655.796315371989,0.0,0.0,0.0,0.0,0.0,0.0,0.0
2850,0.0,253.8885012030601,0.0,0.0,0.0,0.0,0.0,0.0,0.0,0.0,0.0,0.0,0.0,336.0027011632919,0.0,0.0,2070.976138606667,0.0,281.2085768699645,0.0,0.0,4046.712138131261,0.0,0.0,0.0,0.0,0.0,0.0,0.0,4503.4981740474705,0.0,0.0,0.0,0.0,0.0,0.0,0.0
2851,0.0,261.02337067723266,0.0,0.0,0.0,0.0,0.0,0.0,0.0,0.0,0.0,0.0,0.0,383.999545109272,0.0,0.0,2193.2068065255876,0.0,285.82569760084147,0.0,0.0,3980.682863107323,0.0,0.0,0.0,0.0,0.0,0.0,0.0,4425.878787207604,0.0,0.0,0.0,0.0,0.0,0.0,0.0
2852,0.0,269.9963509082794,0.0,0.0,0.0,0.0,0.0,0.0,0.0,0.0,0.0,0.0,0.0,428.20342556238177,0.0,0.0,2271.43879006803,0.0,305.39532851576786,0.0,0.0,3895.1280667215583,0.0,0.0,0.0,0.0,0.0,0.0,0.0,4307.600420933961,0.0,0.0,0.0,0.0,0.0,0.0,0.0
2853,0.0,278.3990667879581,0.0,0.0,0.0,0.0,0.0,0.0,0.0,0.0,0.0,0.0,0.0,465.4903563022613,0.0,0.0,2325.2639224827267,0.0,325.77499933242797,0.0,0.0,3788.314454770088,0.0,0.0,0.0,0.0,0.0,0.0,0.0,4185.219923150537,0.0,0.0,0.0,0.0,0.0,0.0,0.0
2854,0.0,285.86075951457025,0.0,0.0,0.0,0.0,0.0,0.0,0.0,0.0,0.0,0.0,0.0,491.18390777111046,0.0,0.0,2371.0353735387316,0.0,348.11962752342214,0.0,0.0,3679.291914519667,0.0,0.0,0.0,0.0,0.0,0.0,0.0,4085.605459699033,0.0,0.0,0.0,0.0,0.0,0.0,0.0
2855,0.0,291.99111531972886,0.0,0.0,0.0,0.0,0.0,0.0,0.0,0.0,0.0,0.0,0.0,500.3479234933853,0.0,0.0,2422.351095989346,0.0,370.4989064991474,0.0,0.0,3576.0493427664037,0.0,0.0,0.0,0.0,0.0,0.0,0.0,4037.198210531472,0.0,0.0,0.0,0.0,0.0,0.0,0.0
2856,0.0,313.2397609591484,0.0,0.0,0.0,0.0,0.0,0.0,0.0,0.0,0.0,0.0,0.0,497.6089769363403,0.0,0.0,2403.4076177328807,0.0,415.50814168453206,0.0,0.0,3871.0221072793006,0.0,0.0,0.0,0.0,0.0,0.0,0.0,4357.514870747924,0.0,0.0,0.0,0.0,0.0,0.0,0.0
2857,0.0,327.58634503483773,0.0,0.0,0.0,0.0,0.0,0.0,0.0,0.0,0.0,0.0,0.0,480.8654455780983,0.0,0.0,2401.169684544204,0.0,459.62140657901756,0.0,0.0,4113.303636270762,0.0,0.0,0.0,0.0,0.0,0.0,0.0,4687.534677544234,0.0,0.0,0.0,0.0,0.0,0.0,0.0
2858,0.0,336.61249120831485,0.0,0.0,0.0,0.0,0.0,0.0,0.0,0.0,0.0,0.0,0.0,457.46141849756236,0.0,0.0,2402.2236989587545,0.0,503.7969776749611,0.0,0.0,4292.82659369409,0.0,0.0,0.0,0.0,0.0,0.0,0.0,4994.316184163094,0.0,0.0,0.0,0.0,0.0,0.0,0.0
2859,0.0,342.7213842451572,0.0,0.0,0.0,0.0,0.0,0.0,0.0,0.0,0.0,0.0,0.0,431.32759112119675,0.0,0.0,2394.4551071077562,0.0,548.6499730944632,0.0,0.0,4403.987519440054,0.0,0.0,0.0,0.0,0.0,0.0,0.0,5217.401768514514,0.0,0.0,0.0,0.0,0.0,0.0,0.0
2860,0.0,341.7548021614551,0.0,0.0,0.0,0.0,0.0,0.0,0.0,0.0,0.0,0.0,0.0,408.3796665668487,0.0,0.0,2374.8551062196484,0.0,591.7164226651191,0.0,0.0,4431.0387166142455,0.0,0.0,0.0,0.0,0.0,0.0,0.0,5464.725149825214,0.0,0.0,0.0,0.0,0.0,0.0,0.0
2861,0.0,332.3020378768444,0.0,0.0,0.0,0.0,0.0,0.0,0.0,0.0,0.0,0.0,0.0,385.2777351140976,0.0,0.0,2362.736662998795,0.0,638.1594415187835,0.0,0.0,4450.118274244666,0.0,0.0,0.0,0.0,0.0,0.0,0.0,5661.276336616276,0.0,0.0,0.0,0.0,0.0,0.0,0.0
2862,0.0,319.2393481850624,0.0,0.0,0.0,0.0,0.0,0.0,0.0,0.0,0.0,0.0,0.0,365.45110670328137,0.0,0.0,2467.0654211491346,0.0,659.7575809478759,0.0,0.0,4375.414959231019,0.0,0.0,0.0,0.0,0.0,0.0,0.0,5365.957582706212,0.0,0.0,0.0,0.0,0.0,0.0,0.0
2863,0.0,305.9477784097195,0.0,0.0,0.0,0.0,0.0,0.0,0.0,0.0,0.0,0.0,0.0,344.0849249064922,0.0,0.0,2535.9512916356316,0.0,664.8593976855278,0.0,0.0,4274.371627494693,0.0,0.0,0.0,0.0,0.0,0.0,0.0,5045.513634911179,0.0,0.0,0.0,0.0,0.0,0.0,0.0
2864,0.0,297.6557430803776,0.0,0.0,0.0,0.0,0.0,0.0,0.0,0.0,0.0,0.0,0.0,312.8233627498149,0.0,0.0,2580.4567585885516,0.0,642.7564061045647,0.0,0.0,4144.317643547058,0.0,0.0,0.0,0.0,0.0,0.0,0.0,4769.629018318652,0.0,0.0,0.0,0.0,0.0,0.0,0.0
2865,0.0,290.83209777474406,0.0,0.0,0.0,0.0,0.0,0.0,0.0,0.0,0.0,0.0,0.0,292.96898171305656,0.0,0.0,2611.499233305452,0.0,623.2705713987349,0.0,0.0,3999.8099538713695,0.0,0.0,0.0,0.0,0.0,0.0,0.0,4543.995512720942,0.0,0.0,0.0,0.0,0.0,0.0,0.0
2866,0.0,281.8453982055187,0.0,0.0,0.0,0.0,0.0,0.0,0.0,0.0,0.0,0.0,0.0,271.36874081492425,0.0,0.0,2449.376258939504,0.0,590.1059466719627,0.0,0.0,3870.264301970601,0.0,0.0,0.0,0.0,0.0,0.0,0.0,4382.8414827615015,0.0,0.0,0.0,0.0,0.0,0.0,0.0
2867,0.0,274.29597465991975,0.0,0.0,0.0,0.0,0.0,0.0,0.0,0.0,0.0,0.0,0.0,270.21617739796636,0.0,0.0,2309.910316199063,0.0,579.3761785268782,0.0,0.0,3746.845277407765,0.0,0.0,0.0,0.0,0.0,0.0,0.0,4236.60324269235,0.0,0.0,0.0,0.0,0.0,0.0,0.0
2868,0.0,267.79177390336986,0.0,0.0,0.0,0.0,0.0,0.0,0.0,0.0,0.0,0.0,0.0,272.5418384850025,0.0,0.0,2185.488387316465,0.0,570.9282638549805,0.0,0.0,3628.382414612174,0.0,0.0,0.0,0.0,0.0,0.0,0.0,4111.095520535111,0.0,0.0,0.0,0.0,0.0,0.0,0.0
2869,0.0,260.7940416991711,0.0,0.0,0.0,0.0,0.0,0.0,0.0,0.0,0.0,0.0,0.0,270.2852227032184,0.0,0.0,2074.506503492592,0.0,563.6361262559891,0.0,0.0,3508.5686419934036,0.0,0.0,0.0,0.0,0.0,0.0,0.0,4010.0382234513745,0.0,0.0,0.0,0.0,0.0,0.0,0.0
2870,0.0,255.26859928965564,0.0,0.0,0.0,0.0,0.0,0.0,0.0,0.0,0.0,0.0,0.0,272.26316894292825,0.0,0.0,1964.7935207858668,0.0,537.1957100987435,0.0,0.0,3372.264807870984,0.0,0.0,0.0,0.0,0.0,0.0,0.0,3927.7030487924794,0.0,0.0,0.0,0.0,0.0,0.0,0.0
2871,0.0,240.02015810608864,0.0,0.0,0.0,0.0,0.0,0.0,0.0,0.0,0.0,0.0,0.0,282.2872694790363,0.0,0.0,2015.4568044245232,0.0,521.5209874510765,0.0,0.0,3557.5435130864375,0.0,0.0,0.0,0.0,0.0,0.0,0.0,3661.1368231445545,0.0,0.0,0.0,0.0,0.0,0.0,0.0
2872,0.0,223.2926235705614,0.0,0.0,0.0,0.0,0.0,0.0,0.0,0.0,0.0,0.0,0.0,290.86321198940277,0.0,0.0,2058.15683414042,0.0,478.1521067798137,0.0,0.0,3739.6704990595576,0.0,0.0,0.0,0.0,0.0,0.0,0.0,3487.068166533111,0.0,0.0,0.0,0.0,0.0,0.0,0.0
2873,0.0,208.20480245053758,0.0,0.0,0.0,0.0,0.0,0.0,0.0,0.0,0.0,0.0,0.0,280.9299463808536,0.0,0.0,2089.2821520566927,0.0,438.1212319433689,0.0,0.0,3888.0725753456354,0.0,0.0,0.0,0.0,0.0,0.0,0.0,3346.7502453178167,0.0,0.0,0.0,0.0,0.0,0.0,0.0
2874,0.0,197.40552299916743,0.0,0.0,0.0,0.0,0.0,0.0,0.0,0.0,0.0,0.0,0.0,273.08884319066993,0.0,0.0,2151.3530998229962,0.0,403.74839452505114,0.0,0.0,4033.3653186231845,0.0,0.0,0.0,0.0,0.0,0.0,0.0,3219.871288791297,0.0,0.0,0.0,0.0,0.0,0.0,0.0
2875,0.0,200.24256429970262,0.0,0.0,0.0,0.0,0.0,0.0,0.0,0.0,0.0,0.0,0.0,271.70580744147287,0.0,0.0,2348.584477573631,0.0,356.0911161363125,0.0,0.0,4018.7566003829243,0.0,0.0,0.0,0.0,0.0,0.0,0.0,3342.0453058719622,0.0,0.0,0.0,0.0,0.0,0.0,0.0
2876,0.0,202.65147247016426,0.0,0.0,0.0,0.0,0.0,0.0,0.0,0.0,0.0,0.0,0.0,261.7551460027695,0.0,0.0,2504.9033718258124,0.0,307.00284036993975,0.0,0.0,4008.349568948149,0.0,0.0,0.0,0.0,0.0,0.0,0.0,3450.9166861534104,0.0,0.0,0.0,0.0,0.0,0.0,0.0
2877,0.0,200.02688452005384,0.0,0.0,0.0,0.0,0.0,0.0,0.0,0.0,0.0,0.0,0.0,255.98091850876804,0.0,0.0,2631.1902450323105,0.0,254.36933581233023,0.0,0.0,3997.232870855927,0.0,0.0,0.0,0.0,0.0,0.0,0.0,3533.3643222808837,0.0,0.0,0.0,0.0,0.0,0.0,0.0
2878,0.0,199.45531556904317,0.0,0.0,0.0,0.0,0.0,0.0,0.0,0.0,0.0,0.0,0.0,251.91332058906548,0.0,0.0,2732.6101567596197,0.0,210.2574492424726,0.0,0.0,3984.9838548034427,0.0,0.0,0.0,0.0,0.0,0.0,0.0,3602.8864833831785,0.0,0.0,0.0,0.0,0.0,0.0,0.0
2879,0.0,205.2034377068281,0.0,0.0,0.0,0.0,0.0,0.0,0.0,0.0,0.0,0.0,0.0,251.79567456245414,0.0,0.0,2818.0561105459906,0.0,183.12944176495074,0.0,0.0,3968.123519271612,0.0,0.0,0.0,0.0,0.0,0.0,0.0,3665.8985357433553,0.0,0.0,0.0,0.0,0.0,0.0,0.0
2880,0.0,220.4603237181901,0.0,0.0,0.0,0.0,0.0,0.0,0.0,0.0,0.0,0.0,0.0,253.98409689664837,0.0,0.0,3008.13263620436,0.0,199.16856083869928,0.0,0.0,2710.833078977465,0.0,0.0,0.0,0.0,0.0,0.0,0.0,3973.375423082709,0.0,0.0,0.0,0.0,0.0,0.0,0.0
2881,0.0,246.46577813029285,0.0,0.0,0.0,0.0,0.0,0.0,0.0,0.0,0.0,0.0,0.0,260.05918706655495,0.0,0.0,3207.027100905774,0.0,233.06408295631408,0.0,0.0,2492.0678866401304,0.0,0.0,0.0,0.0,0.0,0.0,0.0,4264.33674710095,0.0,0.0,0.0,0.0,0.0,0.0,0.0
2882,0.0,279.01093804836273,0.0,0.0,0.0,0.0,0.0,0.0,0.0,0.0,0.0,0.0,0.0,269.1464235126972,0.0,0.0,3411.0084491968155,0.0,276.60046712160107,0.0,0.0,2451.5717761024835,0.0,0.0,0.0,0.0,0.0,0.0,0.0,4538.468628200888,0.0,0.0,0.0,0.0,0.0,0.0,0.0
2883,0.0,304.9758095920086,0.0,0.0,0.0,0.0,0.0,0.0,0.0,0.0,0.0,0.0,0.0,279.80970872044566,0.0,0.0,3617.8107445538035,0.0,322.51954476833345,0.0,0.0,2489.683055470884,0.0,0.0,0.0,0.0,0.0,0.0,0.0,4762.157020488379,0.0,0.0,0.0,0.0,0.0,0.0,0.0
2884,0.0,328.78943840861314,0.0,0.0,0.0,0.0,0.0,0.0,0.0,0.0,0.0,0.0,0.0,293.1867882668972,0.0,0.0,3829.3417141735545,0.0,364.85287384390824,0.0,0.0,2577.9664656579494,0.0,0.0,0.0,0.0,0.0,0.0,0.0,5001.622925108672,0.0,0.0,0.0,0.0,0.0,0.0,0.0
2885,0.0,349.19242292046545,0.0,0.0,0.0,0.0,0.0,0.0,0.0,0.0,0.0,0.0,0.0,302.8087447345257,0.0,0.0,4036.678795441983,0.0,397.8258966267108,0.0,0.0,2474.30427019,0.0,0.0,0.0,0.0,0.0,0.0,0.0,5202.0755485057825,0.0,0.0,0.0,0.0,0.0,0.0,0.0
2886,0.0,354.2997762143612,0.0,0.0,0.0,0.0,0.0,0.0,0.0,0.0,0.0,0.0,0.0,316.52194938063616,0.0,0.0,4039.10652901232,0.0,426.41412789225575,0.0,0.0,2452.103874716163,0.0,0.0,0.0,0.0,0.0,0.0,0.0,5172.308697351813,0.0,0.0,0.0,0.0,0.0,0.0,0.0
2887,0.0,352.82599945664407,0.0,0.0,0.0,0.0,0.0,0.0,0.0,0.0,0.0,0.0,0.0,329.1003226995467,0.0,0.0,4054.246220931411,0.0,453.05483092069625,0.0,0.0,2457.910940127074,0.0,0.0,0.0,0.0,0.0,0.0,0.0,5081.603279563784,0.0,0.0,0.0,0.0,0.0,0.0,0.0
2888,0.0,342.00612697005266,0.0,0.0,0.0,0.0,0.0,0.0,0.0,0.0,0.0,0.0,0.0,344.63098808526985,0.0,0.0,4062.0727641284466,0.0,465.0439727962017,0.0,0.0,2451.59705646336,0.0,0.0,0.0,0.0,0.0,0.0,0.0,4883.097577539085,0.0,0.0,0.0,0.0,0.0,0.0,0.0
2889,0.0,323.28669322729104,0.0,0.0,0.0,0.0,0.0,0.0,0.0,0.0,0.0,0.0,0.0,363.9167541325092,0.0,0.0,4116.10714368522,0.0,480.94613382816317,0.0,0.0,2430.5105106621972,0.0,0.0,0.0,0.0,0.0,0.0,0.0,4690.005936953425,0.0,0.0,0.0,0.0,0.0,0.0,0.0
2890,0.0,305.00369716286656,0.0,0.0,0.0,0.0,0.0,0.0,0.0,0.0,0.0,0.0,0.0,361.73180648088453,0.0,0.0,3919.113405346868,0.0,481.5348711133003,0.0,0.0,2379.4853568881745,0.0,0.0,0.0,0.0,0.0,0.0,0.0,4419.15605035126,0.0,0.0,0.0,0.0,0.0,0.0,0.0
2891,0.0,279.2172331273556,0.0,0.0,0.0,0.0,0.0,0.0,0.0,0.0,0.0,0.0,0.0,360.3490621566771,0.0,0.0,3730.336312219499,0.0,477.7596844196318,0.0,0.0,2330.4883844017972,0.0,0.0,0.0,0.0,0.0,0.0,0.0,4156.243556788562,0.0,0.0,0.0,0.0,0.0,0.0,0.0
2892,0.0,253.60421070456505,0.0,0.0,0.0,0.0,0.0,0.0,0.0,0.0,0.0,0.0,0.0,358.2011478960513,0.0,0.0,3564.4663360565887,0.0,476.04424826502793,0.0,0.0,2282.330810724198,0.0,0.0,0.0,0.0,0.0,0.0,0.0,3898.0681861788016,0.0,0.0,0.0,0.0,0.0,0.0,0.0
2893,0.0,231.40244981646538,0.0,0.0,0.0,0.0,0.0,0.0,0.0,0.0,0.0,0.0,0.0,358.76124430894845,0.0,0.0,3399.0381902903305,0.0,481.0195851922034,0.0,0.0,2235.5582072362304,0.0,0.0,0.0,0.0,0.0,0.0,0.0,3646.8086534678937,0.0,0.0,0.0,0.0,0.0,0.0,0.0
2894,0.0,229.86376571953295,0.0,0.0,0.0,0.0,0.0,0.0,0.0,0.0,0.0,0.0,0.0,362.7134603500365,0.0,0.0,3229.331368297337,0.0,486.7145557820797,0.0,0.0,2189.5063211023803,0.0,0.0,0.0,0.0,0.0,0.0,0.0,3410.8684701293705,0.0,0.0,0.0,0.0,0.0,0.0,0.0
2895,0.0,249.77410254478454,0.0,0.0,0.0,0.0,0.0,0.0,0.0,0.0,0.0,0.0,0.0,381.00822451114647,0.0,0.0,3365.659770712255,0.0,514.7331091761589,0.0,0.0,2252.1854184821245,0.0,0.0,0.0,0.0,0.0,0.0,0.0,3187.7597425818444,0.0,0.0,0.0,0.0,0.0,0.0,0.0
2896,0.0,274.6682484805584,0.0,0.0,0.0,0.0,0.0,0.0,0.0,0.0,0.0,0.0,0.0,400.73827916383743,0.0,0.0,3500.153954684733,0.0,533.4464892625807,0.0,0.0,2310.8241995036597,0.0,0.0,0.0,0.0,0.0,0.0,0.0,2954.170220904052,0.0,0.0,0.0,0.0,0.0,0.0,0.0
2897,0.0,293.87930586934084,0.0,0.0,0.0,0.0,0.0,0.0,0.0,0.0,0.0,0.0,0.0,414.2891376733779,0.0,0.0,3654.444162890314,0.0,532.0234061360358,0.0,0.0,2312.784865576028,0.0,0.0,0.0,0.0,0.0,0.0,0.0,2774.890005819499,0.0,0.0,0.0,0.0,0.0,0.0,0.0
2898,0.0,302.972225099802,0.0,0.0,0.0,0.0,0.0,0.0,0.0,0.0,0.0,0.0,0.0,436.58453925848,0.0,0.0,3799.0008785724617,0.0,553.567242538929,0.0,0.0,2320.256044802069,0.0,0.0,0.0,0.0,0.0,0.0,0.0,2625.5151394531126,0.0,0.0,0.0,0.0,0.0,0.0,0.0
2899,0.0,298.9667955815792,0.0,0.0,0.0,0.0,0.0,0.0,0.0,0.0,0.0,0.0,0.0,471.38018984794616,0.0,0.0,3931.01054443419,0.0,565.3964691162108,0.0,0.0,2269.234826892614,0.0,0.0,0.0,0.0,0.0,0.0,0.0,2809.694299057124,0.0,0.0,0.0,0.0,0.0,0.0,0.0
2900,0.0,286.9269400656223,0.0,0.0,0.0,0.0,0.0,0.0,0.0,0.0,0.0,0.0,0.0,503.8513450503349,0.0,0.0,3970.814951524137,0.0,580.5205733060836,0.0,0.0,2270.9261890009047,0.0,0.0,0.0,0.0,0.0,0.0,0.0,2954.392250941693,0.0,0.0,0.0,0.0,0.0,0.0,0.0
2901,0.0,271.8849342405796,0.0,0.0,0.0,0.0,0.0,0.0,0.0,0.0,0.0,0.0,0.0,534.8782876729965,0.0,0.0,3954.580406993626,0.0,583.7775692224502,0.0,0.0,2261.9277429431677,0.0,0.0,0.0,0.0,0.0,0.0,0.0,3069.745353388785,0.0,0.0,0.0,0.0,0.0,0.0,0.0
2902,0.0,253.9928972303867,0.0,0.0,0.0,0.0,0.0,0.0,0.0,0.0,0.0,0.0,0.0,560.9064846992492,0.0,0.0,3909.3892472684383,0.0,582.6617487430573,0.0,0.0,2269.5009518891575,0.0,0.0,0.0,0.0,0.0,0.0,0.0,3168.996034726499,0.0,0.0,0.0,0.0,0.0,0.0,0.0
2903,0.0,237.17753368020058,0.0,0.0,0.0,0.0,0.0,0.0,0.0,0.0,0.0,0.0,0.0,578.1977156996726,0.0,0.0,3851.7237686067797,0.0,578.3788050413131,0.0,0.0,2286.6873586624856,0.0,0.0,0.0,0.0,0.0,0.0,0.0,3270.4167523115875,0.0,0.0,0.0,0.0,0.0,0.0,0.0
2904,0.0,238.9923019230365,0.0,0.0,0.0,0.0,0.0,0.0,0.0,0.0,0.0,0.0,0.0,587.1598859906196,0.0,0.0,3985.788568109274,0.0,595.0889014363289,0.0,0.0,2672.096602660417,0.0,0.0,0.0,0.0,0.0,0.0,0.0,3444.693697687983,0.0,0.0,0.0,0.0,0.0,0.0,0.0
2905,0.0,240.59477112293237,0.0,0.0,0.0,0.0,0.0,0.0,0.0,0.0,0.0,0.0,0.0,584.9932532787321,0.0,0.0,4124.063202306628,0.0,608.0766320943833,0.0,0.0,2911.7044685751193,0.0,0.0,0.0,0.0,0.0,0.0,0.0,3534.1783118814215,0.0,0.0,0.0,0.0,0.0,0.0,0.0
2906,0.0,242.01829975247378,0.0,0.0,0.0,0.0,0.0,0.0,0.0,0.0,0.0,0.0,0.0,574.4976495265961,0.0,0.0,4280.297697618603,0.0,615.5673077225684,0.0,0.0,3052.7734236538404,0.0,0.0,0.0,0.0,0.0,0.0,0.0,3592.60367206335,0.0,0.0,0.0,0.0,0.0,0.0,0.0
2907,0.0,243.22532095313068,0.0,0.0,0.0,0.0,0.0,0.0,0.0,0.0,0.0,0.0,0.0,558.6664577245712,0.0,0.0,4463.761935800314,0.0,617.1573311567306,0.0,0.0,3097.776401880383,0.0,0.0,0.0,0.0,0.0,0.0,0.0,3630.851781365275,0.0,0.0,0.0,0.0,0.0,0.0,0.0
2908,0.0,245.22186341285706,0.0,0.0,0.0,0.0,0.0,0.0,0.0,0.0,0.0,0.0,0.0,539.3579829454422,0.0,0.0,4647.331964358687,0.0,610.4208510518074,0.0,0.0,3073.870263254642,0.0,0.0,0.0,0.0,0.0,0.0,0.0,3678.0454591870293,0.0,0.0,0.0,0.0,0.0,0.0,0.0
2909,0.0,246.36685300469392,0.0,0.0,0.0,0.0,0.0,0.0,0.0,0.0,0.0,0.0,0.0,517.6008657336234,0.0,0.0,4851.106399118899,0.0,607.0490243911743,0.0,0.0,2916.9309939622876,0.0,0.0,0.0,0.0,0.0,0.0,0.0,3721.423040938376,0.0,0.0,0.0,0.0,0.0,0.0,0.0
2910,0.0,246.5292125344276,0.0,0.0,0.0,0.0,0.0,0.0,0.0,0.0,0.0,0.0,0.0,495.27443859577176,0.0,0.0,4753.087336853146,0.0,580.5342083454132,0.0,0.0,2768.7614364445203,0.0,0.0,0.0,0.0,0.0,0.0,0.0,3559.5598889857524,0.0,0.0,0.0,0.0,0.0,0.0,0.0
2911,0.0,246.22864961028094,0.0,0.0,0.0,0.0,0.0,0.0,0.0,0.0,0.0,0.0,0.0,476.1149492383003,0.0,0.0,4662.252685755491,0.0,538.3193559050559,0.0,0.0,2623.31428617239,0.0,0.0,0.0,0.0,0.0,0.0,0.0,3393.988401469588,0.0,0.0,0.0,0.0,0.0,0.0,0.0
2912,0.0,245.49807381033898,0.0,0.0,0.0,0.0,0.0,0.0,0.0,0.0,0.0,0.0,0.0,462.43016973733904,0.0,0.0,4580.688694283366,0.0,488.6681605041027,0.0,0.0,2486.2190405130377,0.0,0.0,0.0,0.0,0.0,0.0,0.0,3250.5776090621935,0.0,0.0,0.0,0.0,0.0,0.0,0.0
2913,0.0,245.11252954602242,0.0,0.0,0.0,0.0,0.0,0.0,0.0,0.0,0.0,0.0,0.0,450.8805042147636,0.0,0.0,4506.283833190797,0.0,447.0814091145992,0.0,0.0,2394.7236620798703,0.0,0.0,0.0,0.0,0.0,0.0,0.0,3122.457237032055,0.0,0.0,0.0,0.0,0.0,0.0,0.0
2914,0.0,232.5033214956522,0.0,0.0,0.0,0.0,0.0,0.0,0.0,0.0,0.0,0.0,0.0,423.6700632572174,0.0,0.0,4223.34902654588,0.0,411.34818010926244,0.0,0.0,2254.105666252971,0.0,0.0,0.0,0.0,0.0,0.0,0.0,3035.489083802698,0.0,0.0,0.0,0.0,0.0,0.0,0.0
2915,0.0,223.08133454024787,0.0,0.0,0.0,0.0,0.0,0.0,0.0,0.0,0.0,0.0,0.0,401.92074726819993,0.0,0.0,3951.8267457187176,0.0,393.69323477149004,0.0,0.0,2172.1402269735927,0.0,0.0,0.0,0.0,0.0,0.0,0.0,2978.9486284598697,0.0,0.0,0.0,0.0,0.0,0.0,0.0
2916,0.0,217.0929416209459,0.0,0.0,0.0,0.0,0.0,0.0,0.0,0.0,0.0,0.0,0.0,386.6870215296745,0.0,0.0,3701.373085126281,0.0,388.2516980648039,0.0,0.0,2168.12397994101,0.0,0.0,0.0,0.0,0.0,0.0,0.0,2928.156545256078,0.0,0.0,0.0,0.0,0.0,0.0,0.0
2917,0.0,214.66950049102306,0.0,0.0,0.0,0.0,0.0,0.0,0.0,0.0,0.0,0.0,0.0,377.567347240448,0.0,0.0,3479.8141990303993,0.0,391.324591308832,0.0,0.0,2229.128064188361,0.0,0.0,0.0,0.0,0.0,0.0,0.0,2880.838472755252,0.0,0.0,0.0,0.0,0.0,0.0,0.0
2918,0.0,212.3800824254751,0.0,0.0,0.0,0.0,0.0,0.0,0.0,0.0,0.0,0.0,0.0,374.24597663283345,0.0,0.0,3324.952256068585,0.0,396.7816601037979,0.0,0.0,2284.838410592078,0.0,0.0,0.0,0.0,0.0,0.0,0.0,2839.259732082485,0.0,0.0,0.0,0.0,0.0,0.0,0.0
2919,0.0,205.897007766366,0.0,0.0,0.0,0.0,0.0,0.0,0.0,0.0,0.0,0.0,0.0,388.32048101425164,0.0,0.0,3328.40677858889,0.0,420.9681746184824,0.0,0.0,2628.991316673159,0.0,0.0,0.0,0.0,0.0,0.0,0.0,2511.1604489505285,0.0,0.0,0.0,0.0,0.0,0.0,0.0
2920,0.0,198.9381049364805,0.0,0.0,0.0,0.0,0.0,0.0,0.0,0.0,0.0,0.0,0.0,406.50253095626823,0.0,0.0,3331.8562449514843,0.0,442.59687432050697,0.0,0.0,2922.5187106132503,0.0,0.0,0.0,0.0,0.0,0.0,0.0,2241.985551166533,0.0,0.0,0.0,0.0,0.0,0.0,0.0
2921,0.0,195.18526274263854,0.0,0.0,0.0,0.0,0.0,0.0,0.0,0.0,0.0,0.0,0.0,431.8197855114937,0.0,0.0,3327.0984005480996,0.0,456.4122222244739,0.0,0.0,3061.395389127731,0.0,0.0,0.0,0.0,0.0,0.0,0.0,2024.2814831346273,0.0,0.0,0.0,0.0,0.0,0.0,0.0
2922,0.0,187.80221072137357,0.0,0.0,0.0,0.0,0.0,0.0,0.0,0.0,0.0,0.0,0.0,466.62426851987834,0.0,0.0,3318.9089808016993,0.0,484.3485504031181,0.0,0.0,3193.5844282239677,0.0,0.0,0.0,0.0,0.0,0.0,0.0,1861.3318666085584,0.0,0.0,0.0,0.0,0.0,0.0,0.0
2923,0.0,185.6185914784669,0.0,0.0,0.0,0.0,0.0,0.0,0.0,0.0,0.0,0.0,0.0,510.4512692093849,0.0,0.0,3511.9624165445543,0.0,509.463166475296,0.0,0.0,3097.3800905942912,0.0,0.0,0.0,0.0,0.0,0.0,0.0,1924.230553469061,0.0,0.0,0.0,0.0,0.0,0.0,0.0
2924,0.0,183.55544429719444,0.0,0.0,0.0,0.0,0.0,0.0,0.0,0.0,0.0,0.0,0.0,548.3569176197051,0.0,0.0,3651.8985819518566,0.0,539.4211856484412,0.0,0.0,3036.6618106663223,0.0,0.0,0.0,0.0,0.0,0.0,0.0,1962.1418207839124,0.0,0.0,0.0,0.0,0.0,0.0,0.0
2925,0.0,181.32403181791298,0.0,0.0,0.0,0.0,0.0,0.0,0.0,0.0,0.0,0.0,0.0,582.6762901067733,0.0,0.0,3723.668407008051,0.0,563.6477456808091,0.0,0.0,2976.565700098872,0.0,0.0,0.0,0.0,0.0,0.0,0.0,1990.9607049286362,0.0,0.0,0.0,0.0,0.0,0.0,0.0
2926,0.0,178.83144690692419,0.0,0.0,0.0,0.0,0.0,0.0,0.0,0.0,0.0,0.0,0.0,611.6727179050446,0.0,0.0,3777.063377082348,0.0,581.5690485477447,0.0,0.0,2915.994258195162,0.0,0.0,0.0,0.0,0.0,0.0,0.0,1992.1261818200328,0.0,0.0,0.0,0.0,0.0,0.0,0.0
2927,0.0,178.53969353735445,0.0,0.0,0.0,0.0,0.0,0.0,0.0,0.0,0.0,0.0,0.0,635.1230591416358,0.0,0.0,3857.7876574397073,0.0,589.6004424095154,0.0,0.0,2833.40135127604,0.0,0.0,0.0,0.0,0.0,0.0,0.0,1962.522417876123,0.0,0.0,0.0,0.0,0.0,0.0,0.0
2928,0.0,183.34707308113576,0.0,0.0,0.0,0.0,0.0,0.0,0.0,0.0,0.0,0.0,0.0,650.2085616469382,0.0,0.0,4206.891233205795,0.0,607.5155205845832,0.0,0.0,2448.1531749665733,0.0,0.0,0.0,0.0,0.0,0.0,0.0,2510.2142900034783,0.0,0.0,0.0,0.0,0.0,0.0,0.0
2929,0.0,192.3122537702321,0.0,0.0,0.0,0.0,0.0,0.0,0.0,0.0,0.0,0.0,0.0,662.1826764583587,0.0,0.0,4593.813312888145,0.0,613.6197498440741,0.0,0.0,1881.4944914147256,0.0,0.0,0.0,0.0,0.0,0.0,0.0,2986.849317836761,0.0,0.0,0.0,0.0,0.0,0.0,0.0
2930,0.0,197.87958364784708,0.0,0.0,0.0,0.0,0.0,0.0,0.0,0.0,0.0,0.0,0.0,672.9586310505867,0.0,0.0,5002.9708184301835,0.0,609.9527542233467,0.0,0.0,1529.4568375691772,0.0,0.0,0.0,0.0,0.0,0.0,0.0,3387.5950935453156,0.0,0.0,0.0,0.0,0.0,0.0,0.0
2931,0.0,197.53862021863458,0.0,0.0,0.0,0.0,0.0,0.0,0.0,0.0,0.0,0.0,0.0,684.0504006624221,0.0,0.0,5409.600634053349,0.0,598.2728609681128,0.0,0.0,1323.7665873259305,0.0,0.0,0.0,0.0,0.0,0.0,0.0,3700.9988087624306,0.0,0.0,0.0,0.0,0.0,0.0,0.0
2932,0.0,188.21029790639878,0.0,0.0,0.0,0.0,0.0,0.0,0.0,0.0,0.0,0.0,0.0,694.1913177847861,0.0,0.0,5792.790102541445,0.0,578.5605660438538,0.0,0.0,1269.981030075251,0.0,0.0,0.0,0.0,0.0,0.0,0.0,3932.8632582992295,0.0,0.0,0.0,0.0,0.0,0.0,0.0
2933,0.0,173.30600449740888,0.0,0.0,0.0,0.0,0.0,0.0,0.0,0.0,0.0,0.0,0.0,696.0583207726478,0.0,0.0,6150.993984311817,0.0,549.690563726425,0.0,0.0,1172.1300629518923,0.0,0.0,0.0,0.0,0.0,0.0,0.0,4129.1569770336155,0.0,0.0,0.0,0.0,0.0,0.0,0.0
2934,0.0,152.30663558542722,0.0,0.0,0.0,0.0,0.0,0.0,0.0,0.0,0.0,0.0,0.0,694.5093745350837,0.0,0.0,6035.447556883097,0.0,522.6700655698776,0.0,0.0,1089.6382017865772,0.0,0.0,0.0,0.0,0.0,0.0,0.0,4180.367084217071,0.0,0.0,0.0,0.0,0.0,0.0,0.0
2935,0.0,140.3834224998951,0.0,0.0,0.0,0.0,0.0,0.0,0.0,0.0,0.0,0.0,0.0,685.4426499247551,0.0,0.0,5934.108932614326,0.0,504.61436864137636,0.0,0.0,1026.277745698392,0.0,0.0,0.0,0.0,0.0,0.0,0.0,4227.669968995451,0.0,0.0,0.0,0.0,0.0,0.0,0.0
2936,0.0,127.25985149145126,0.0,0.0,0.0,0.0,0.0,0.0,0.0,0.0,0.0,0.0,0.0,674.789587008953,0.0,0.0,5841.817330226301,0.0,484.81552085876456,0.0,0.0,973.8493805162607,0.0,0.0,0.0,0.0,0.0,0.0,0.0,4261.511107501386,0.0,0.0,0.0,0.0,0.0,0.0,0.0
2937,0.0,115.22968227714294,0.0,0.0,0.0,0.0,0.0,0.0,0.0,0.0,0.0,0.0,0.0,668.5478914141655,0.0,0.0,5763.442218527198,0.0,487.99138829112053,0.0,0.0,894.7801320411259,0.0,0.0,0.0,0.0,0.0,0.0,0.0,4289.483999344706,0.0,0.0,0.0,0.0,0.0,0.0,0.0
2938,0.0,104.80337804406881,0.0,0.0,0.0,0.0,0.0,0.0,0.0,0.0,0.0,0.0,0.0,652.4684503555296,0.0,0.0,5386.623897686599,0.0,477.0299726843833,0.0,0.0,876.120500884205,0.0,0.0,0.0,0.0,0.0,0.0,0.0,4171.907161203025,0.0,0.0,0.0,0.0,0.0,0.0,0.0
2939,0.0,96.53877437710756,0.0,0.0,0.0,0.0,0.0,0.0,0.0,0.0,0.0,0.0,0.0,631.3379417061806,0.0,0.0,4998.74270378053,0.0,486.02708302736283,0.0,0.0,843.6717195935547,0.0,0.0,0.0,0.0,0.0,0.0,0.0,4074.3354464203117,0.0,0.0,0.0,0.0,0.0,0.0,0.0
2940,0.0,90.19441513270134,0.0,0.0,0.0,0.0,0.0,0.0,0.0,0.0,0.0,0.0,0.0,605.4145680069923,0.0,0.0,4618.51186542213,0.0,501.02615983486174,0.0,0.0,827.1357144400472,0.0,0.0,0.0,0.0,0.0,0.0,0.0,3993.3002684801813,0.0,0.0,0.0,0.0,0.0,0.0,0.0
2941,0.0,85.03608425706616,0.0,0.0,0.0,0.0,0.0,0.0,0.0,0.0,0.0,0.0,0.0,583.7150632739066,0.0,0.0,4239.565291121601,0.0,513.6318722605704,0.0,0.0,810.531134415417,0.0,0.0,0.0,0.0,0.0,0.0,0.0,3927.3363737791774,0.0,0.0,0.0,0.0,0.0,0.0,0.0
2942,0.0,80.71888348013161,0.0,0.0,0.0,0.0,0.0,0.0,0.0,0.0,0.0,0.0,0.0,558.2182909250258,0.0,0.0,3879.4330685883747,0.0,492.2489293217659,0.0,0.0,792.4979112423956,0.0,0.0,0.0,0.0,0.0,0.0,0.0,3874.736589992046,0.0,0.0,0.0,0.0,0.0,0.0,0.0
2943,0.0,69.47120050638914,0.0,0.0,0.0,0.0,0.0,0.0,0.0,0.0,0.0,0.0,0.0,544.3893681406973,0.0,0.0,3746.9127307981244,0.0,479.08779653310773,0.0,0.0,769.980073153227,0.0,0.0,0.0,0.0,0.0,0.0,0.0,3597.6261072307807,0.0,0.0,0.0,0.0,0.0,0.0,0.0
2944,0.0,58.8141504719853,0.0,0.0,0.0,0.0,0.0,0.0,0.0,0.0,0.0,0.0,0.0,529.7037903904913,0.0,0.0,3622.8155628144727,0.0,456.99633545279505,0.0,0.0,752.4264199398451,0.0,0.0,0.0,0.0,0.0,0.0,0.0,3364.955985179542,0.0,0.0,0.0,0.0,0.0,0.0,0.0
2945,0.0,48.50624917745585,0.0,0.0,0.0,0.0,0.0,0.0,0.0,0.0,0.0,0.0,0.0,516.4812109231949,0.0,0.0,3519.510871067642,0.0,399.38903532028195,0.0,0.0,775.5455370314412,0.0,0.0,0.0,0.0,0.0,0.0,0.0,3140.7324064821005,0.0,0.0,0.0,0.0,0.0,0.0,0.0
2946,0.0,40.484862162172746,0.0,0.0,0.0,0.0,0.0,0.0,0.0,0.0,0.0,0.0,0.0,504.56466375589366,0.0,0.0,3447.006347402928,0.0,361.45949789285646,0.0,0.0,773.2491871252656,0.0,0.0,0.0,0.0,0.0,0.0,0.0,2918.599309295416,0.0,0.0,0.0,0.0,0.0,0.0,0.0
2947,0.0,34.40221191868179,0.0,0.0,0.0,0.0,0.0,0.0,0.0,0.0,0.0,0.0,0.0,505.2152140021324,0.0,0.0,3570.2665268182755,0.0,328.28639572858805,0.0,0.0,736.4250111602247,0.0,0.0,0.0,0.0,0.0,0.0,0.0,3000.7270992204544,0.0,0.0,0.0,0.0,0.0,0.0,0.0
2948,0.0,34.58746156096456,0.0,0.0,0.0,0.0,0.0,0.0,0.0,0.0,0.0,0.0,0.0,508.52185643911355,0.0,0.0,3630.5969895273433,0.0,308.836812442541,0.0,0.0,705.8745276264845,0.0,0.0,0.0,0.0,0.0,0.0,0.0,3038.99997897446,0.0,0.0,0.0,0.0,0.0,0.0,0.0
2949,0.0,37.63523077368733,0.0,0.0,0.0,0.0,0.0,0.0,0.0,0.0,0.0,0.0,0.0,514.4219122767448,0.0,0.0,3607.9629050791264,0.0,289.2947480201721,0.0,0.0,679.472293967753,0.0,0.0,0.0,0.0,0.0,0.0,0.0,3063.9787198215704,0.0,0.0,0.0,0.0,0.0,0.0,0.0
2950,0.0,39.72164331525556,0.0,0.0,0.0,0.0,0.0,0.0,0.0,0.0,0.0,0.0,0.0,519.7476367115974,0.0,0.0,3587.620815813539,0.0,263.4500348746776,0.0,0.0,661.2633949935436,0.0,0.0,0.0,0.0,0.0,0.0,0.0,3087.2831950753907,0.0,0.0,0.0,0.0,0.0,0.0,0.0
2951,0.0,40.68592481464141,0.0,0.0,0.0,0.0,0.0,0.0,0.0,0.0,0.0,0.0,0.0,520.1778696656227,0.0,0.0,3625.611229091882,0.0,222.43508071601383,0.0,0.0,634.3758768025779,0.0,0.0,0.0,0.0,0.0,0.0,0.0,3123.387665838003,0.0,0.0,0.0,0.0,0.0,0.0,0.0
2952,0.0,47.26346371024846,0.0,0.0,0.0,0.0,0.0,0.0,0.0,0.0,0.0,0.0,0.0,516.117467701435,0.0,0.0,4050.2503006011248,0.0,192.90008863806722,0.0,0.0,1233.008880740404,0.0,0.0,0.0,0.0,0.0,0.0,0.0,3213.421207714081,0.0,0.0,0.0,0.0,0.0,0.0,0.0
2953,0.0,52.873557803034736,0.0,0.0,0.0,0.0,0.0,0.0,0.0,0.0,0.0,0.0,0.0,504.41554383039477,0.0,0.0,4512.347333088515,0.0,152.89689885973922,0.0,0.0,1862.0370907858014,0.0,0.0,0.0,0.0,0.0,0.0,0.0,3312.952500304579,0.0,0.0,0.0,0.0,0.0,0.0,0.0
2954,0.0,57.96093529164787,0.0,0.0,0.0,0.0,0.0,0.0,0.0,0.0,0.0,0.0,0.0,487.67694427967064,0.0,0.0,4936.949844688177,0.0,114.39574204981325,0.0,0.0,2462.385261243581,0.0,0.0,0.0,0.0,0.0,0.0,0.0,3387.8561777263876,0.0,0.0,0.0,0.0,0.0,0.0,0.0
2955,0.0,63.25302971452471,0.0,0.0,0.0,0.0,0.0,0.0,0.0,0.0,0.0,0.0,0.0,468.3144437909126,0.0,0.0,5245.901305288075,0.0,84.08617599308482,0.0,0.0,2879.828809717297,0.0,0.0,0.0,0.0,0.0,0.0,0.0,3409.4625209659334,0.0,0.0,0.0,0.0,0.0,0.0,0.0
2956,0.0,75.14467990547415,0.0,0.0,0.0,0.0,0.0,0.0,0.0,0.0,0.0,0.0,0.0,449.7529585123062,0.0,0.0,5546.697572439907,0.0,70.79346507489669,0.0,0.0,3079.799491846561,0.0,0.0,0.0,0.0,0.0,0.0,0.0,3445.1941693037747,0.0,0.0,0.0,0.0,0.0,0.0,0.0
2957,0.0,83.65344711095088,0.0,0.0,0.0,0.0,0.0,0.0,0.0,0.0,0.0,0.0,0.0,424.29783751964567,0.0,0.0,5843.236554801462,0.0,71.19437969326962,0.0,0.0,2894.0796670407053,0.0,0.0,0.0,0.0,0.0,0.0,0.0,3481.8858986675727,0.0,0.0,0.0,0.0,0.0,0.0,0.0
2958,0.0,85.90625221878284,0.0,0.0,0.0,0.0,0.0,0.0,0.0,0.0,0.0,0.0,0.0,385.99405773878095,0.0,0.0,5897.348721399903,0.0,71.24677826017127,0.0,0.0,2872.041550290584,0.0,0.0,0.0,0.0,0.0,0.0,0.0,3219.4934037923813,0.0,0.0,0.0,0.0,0.0,0.0,0.0
2959,0.0,86.75308468043798,0.0,0.0,0.0,0.0,0.0,0.0,0.0,0.0,0.0,0.0,0.0,350.4572237312793,0.0,0.0,5943.842814072965,0.0,68.07997368276105,0.0,0.0,2844.714237079024,0.0,0.0,0.0,0.0,0.0,0.0,0.0,3009.5730435132978,0.0,0.0,0.0,0.0,0.0,0.0,0.0
2960,0.0,100.22554491162296,0.0,0.0,0.0,0.0,0.0,0.0,0.0,0.0,0.0,0.0,0.0,325.71674406528473,0.0,0.0,5984.298298701644,0.0,58.49058390855781,0.0,0.0,2809.6459865391253,0.0,0.0,0.0,0.0,0.0,0.0,0.0,2917.2081862419827,0.0,0.0,0.0,0.0,0.0,0.0,0.0
2961,0.0,113.79919578284021,0.0,0.0,0.0,0.0,0.0,0.0,0.0,0.0,0.0,0.0,0.0,314.77682929039,0.0,0.0,6024.595097765325,0.0,59.510129153728435,0.0,0.0,2784.48642642796,0.0,0.0,0.0,0.0,0.0,0.0,0.0,3004.975141349434,0.0,0.0,0.0,0.0,0.0,0.0,0.0
2962,0.0,100.2920724794268,0.0,0.0,0.0,0.0,0.0,0.0,0.0,0.0,0.0,0.0,0.0,296.5601446092129,0.0,0.0,5846.998336136339,0.0,59.13028215318905,0.0,0.0,2743.697548118233,0.0,0.0,0.0,0.0,0.0,0.0,0.0,2825.9975958764553,0.0,0.0,0.0,0.0,0.0,0.0,0.0
2963,0.0,98.76844739019863,0.0,0.0,0.0,0.0,0.0,0.0,0.0,0.0,0.0,0.0,0.0,288.443936228752,0.0,0.0,5685.040270298719,0.0,66.29360568225374,0.0,0.0,2693.494384521246,0.0,0.0,0.0,0.0,0.0,0.0,0.0,2682.0494473844747,0.0,0.0,0.0,0.0,0.0,0.0,0.0
2964,0.0,104.17599186748261,0.0,0.0,0.0,0.0,0.0,0.0,0.0,0.0,0.0,0.0,0.0,285.9790412485599,0.0,0.0,5518.8626463860255,0.0,77.05234087556586,0.0,0.0,2660.8984624475243,0.0,0.0,0.0,0.0,0.0,0.0,0.0,2586.349981005488,0.0,0.0,0.0,0.0,0.0,0.0,0.0
2965,0.0,107.9711213260889,0.0,0.0,0.0,0.0,0.0,0.0,0.0,0.0,0.0,0.0,0.0,287.21309157609926,0.0,0.0,5324.74625071883,0.0,89.193424515426,0.0,0.0,2650.505660676956,0.0,0.0,0.0,0.0,0.0,0.0,0.0,2513.453071814775,0.0,0.0,0.0,0.0,0.0,0.0,0.0
2966,0.0,112.1040438964963,0.0,0.0,0.0,0.0,0.0,0.0,0.0,0.0,0.0,0.0,0.0,293.2454543590546,0.0,0.0,5098.785006999969,0.0,102.53840802460907,0.0,0.0,2653.4566508263347,0.0,0.0,0.0,0.0,0.0,0.0,0.0,2451.419904327392,0.0,0.0,0.0,0.0,0.0,0.0,0.0
2967,0.0,130.9067545831203,0.0,0.0,0.0,0.0,0.0,0.0,0.0,0.0,0.0,0.0,0.0,312.9510293126106,0.0,0.0,5207.876276776193,0.0,134.46457843184461,0.0,0.0,2789.66723523438,0.0,0.0,0.0,0.0,0.0,0.0,0.0,2537.146099634468,0.0,0.0,0.0,0.0,0.0,0.0,0.0
2968,0.0,141.6528119802474,0.0,0.0,0.0,0.0,0.0,0.0,0.0,0.0,0.0,0.0,0.0,332.1746097505092,0.0,0.0,5339.743592351673,0.0,159.79222717285145,0.0,0.0,2930.873945572972,0.0,0.0,0.0,0.0,0.0,0.0,0.0,2553.416851334272,0.0,0.0,0.0,0.0,0.0,0.0,0.0
2969,0.0,151.8176772505045,0.0,0.0,0.0,0.0,0.0,0.0,0.0,0.0,0.0,0.0,0.0,343.3463418960571,0.0,0.0,5452.751050740479,0.0,156.829896312952,0.0,0.0,3056.314187970757,0.0,0.0,0.0,0.0,0.0,0.0,0.0,2565.474275699257,0.0,0.0,0.0,0.0,0.0,0.0,0.0
2970,0.0,165.67833302915093,0.0,0.0,0.0,0.0,0.0,0.0,0.0,0.0,0.0,0.0,0.0,359.313404995203,0.0,0.0,5572.616214722393,0.0,162.55533825159065,0.0,0.0,3187.888323917985,0.0,0.0,0.0,0.0,0.0,0.0,0.0,2509.188937932251,0.0,0.0,0.0,0.0,0.0,0.0,0.0
2971,0.0,193.2790883570909,0.0,0.0,0.0,0.0,0.0,0.0,0.0,0.0,0.0,0.0,0.0,386.7007409214973,0.0,0.0,5576.792600989342,0.0,168.3808939844368,0.0,0.0,3256.6345565289253,0.0,0.0,0.0,0.0,0.0,0.0,0.0,2519.057341396807,0.0,0.0,0.0,0.0,0.0,0.0,0.0
2972,0.0,216.0380255162716,0.0,0.0,0.0,0.0,0.0,0.0,0.0,0.0,0.0,0.0,0.0,408.60343612432473,0.0,0.0,5581.371924132107,0.0,188.407017123699,0.0,0.0,3324.6553790241474,0.0,0.0,0.0,0.0,0.0,0.0,0.0,2523.149709370731,0.0,0.0,0.0,0.0,0.0,0.0,0.0
2973,0.0,235.30090216398236,0.0,0.0,0.0,0.0,0.0,0.0,0.0,0.0,0.0,0.0,0.0,430.9861307024956,0.0,0.0,5586.380631744861,0.0,203.9008087277412,0.0,0.0,3376.2142965853213,0.0,0.0,0.0,0.0,0.0,0.0,0.0,2509.3400919318174,0.0,0.0,0.0,0.0,0.0,0.0,0.0
2974,0.0,243.88250250220293,0.0,0.0,0.0,0.0,0.0,0.0,0.0,0.0,0.0,0.0,0.0,448.12339963912956,0.0,0.0,5610.593793138861,0.0,213.4492044597863,0.0,0.0,3428.5785525888205,0.0,0.0,0.0,0.0,0.0,0.0,0.0,2480.6649487316595,0.0,0.0,0.0,0.0,0.0,0.0,0.0
2975,0.0,241.54611884951592,0.0,0.0,0.0,0.0,0.0,0.0,0.0,0.0,0.0,0.0,0.0,455.23403488397594,0.0,0.0,5668.059359103441,0.0,210.2306237846613,0.0,0.0,3487.9816482335323,0.0,0.0,0.0,0.0,0.0,0.0,0.0,2449.9322307527054,0.0,0.0,0.0,0.0,0.0,0.0,0.0
2976,0.0,235.0887013167143,0.0,0.0,0.0,0.0,0.0,0.0,0.0,0.0,0.0,0.0,0.0,448.36676192283625,0.0,0.0,5885.744839459656,0.0,220.3035387307404,0.0,0.0,3277.0047749787564,0.0,0.0,0.0,0.0,0.0,0.0,0.0,2828.078675463794,0.0,0.0,0.0,0.0,0.0,0.0,0.0
2977,0.0,225.6936480313539,0.0,0.0,0.0,0.0,0.0,0.0,0.0,0.0,0.0,0.0,0.0,429.9232365131378,0.0,0.0,6165.258572012186,0.0,215.80605064928517,0.0,0.0,3376.2164158970118,0.0,0.0,0.0,0.0,0.0,0.0,0.0,3110.530535563825,0.0,0.0,0.0,0.0,0.0,0.0,0.0
2978,0.0,217.74187473356722,0.0,0.0,0.0,0.0,0.0,0.0,0.0,0.0,0.0,0.0,0.0,404.5982704043388,0.0,0.0,6459.209190562366,0.0,202.64257619082912,0.0,0.0,3547.087737482786,0.0,0.0,0.0,0.0,0.0,0.0,0.0,3334.3621263772234,0.0,0.0,0.0,0.0,0.0,0.0,0.0
2979,0.0,215.7865464001894,0.0,0.0,0.0,0.0,0.0,0.0,0.0,0.0,0.0,0.0,0.0,378.44807839393616,0.0,0.0,6701.642229288815,0.0,185.91687360405913,0.0,0.0,3731.877789974212,0.0,0.0,0.0,0.0,0.0,0.0,0.0,3498.8220172554256,0.0,0.0,0.0,0.0,0.0,0.0,0.0
2980,0.0,215.87946756184098,0.0,0.0,0.0,0.0,0.0,0.0,0.0,0.0,0.0,0.0,0.0,349.75098889470087,0.0,0.0,6899.001177787779,0.0,166.68493222296237,0.0,0.0,3870.268540593982,0.0,0.0,0.0,0.0,0.0,0.0,0.0,3725.087983009219,0.0,0.0,0.0,0.0,0.0,0.0,0.0
2981,0.0,206.2071377545595,0.0,0.0,0.0,0.0,0.0,0.0,0.0,0.0,0.0,0.0,0.0,310.16664287447924,0.0,0.0,7019.025027334688,0.0,155.20105747878534,0.0,0.0,4017.166813856363,0.0,0.0,0.0,0.0,0.0,0.0,0.0,3883.3360954076047,0.0,0.0,0.0,0.0,0.0,0.0,0.0
2982,0.0,194.57089450657367,0.0,0.0,0.0,0.0,0.0,0.0,0.0,0.0,0.0,0.0,0.0,267.9341628074646,0.0,0.0,6932.528170615435,0.0,153.1699849843978,0.0,0.0,3920.9019244641067,0.0,0.0,0.0,0.0,0.0,0.0,0.0,3690.742395150661,0.0,0.0,0.0,0.0,0.0,0.0,0.0
2983,0.0,191.13135261833668,0.0,0.0,0.0,0.0,0.0,0.0,0.0,0.0,0.0,0.0,0.0,224.34310427308083,0.0,0.0,6854.1530589163285,0.0,162.17115619778616,0.0,0.0,3809.146683168411,0.0,0.0,0.0,0.0,0.0,0.0,0.0,3551.6514249414186,0.0,0.0,0.0,0.0,0.0,0.0,0.0
2984,0.0,187.16550998389718,0.0,0.0,0.0,0.0,0.0,0.0,0.0,0.0,0.0,0.0,0.0,186.5933458149432,0.0,0.0,6768.195266395807,0.0,179.06522187888612,0.0,0.0,3710.218727257847,0.0,0.0,0.0,0.0,0.0,0.0,0.0,3452.361689460276,0.0,0.0,0.0,0.0,0.0,0.0,0.0
2985,0.0,182.34758141934867,0.0,0.0,0.0,0.0,0.0,0.0,0.0,0.0,0.0,0.0,0.0,156.6954060196876,0.0,0.0,6716.136288762093,0.0,204.24719800949094,0.0,0.0,3620.6130179554225,0.0,0.0,0.0,0.0,0.0,0.0,0.0,3366.565160533784,0.0,0.0,0.0,0.0,0.0,0.0,0.0
2986,0.0,170.1069438099861,0.0,0.0,0.0,0.0,0.0,0.0,0.0,0.0,0.0,0.0,0.0,119.40734320580958,0.0,0.0,6411.6307465285045,0.0,224.90509773194776,0.0,0.0,3513.302578791976,0.0,0.0,0.0,0.0,0.0,0.0,0.0,3291.618451231718,0.0,0.0,0.0,0.0,0.0,0.0,0.0
2987,0.0,159.44922043383113,0.0,0.0,0.0,0.0,0.0,0.0,0.0,0.0,0.0,0.0,0.0,92.22975481152534,0.0,0.0,6135.988475039601,0.0,243.3328830271959,0.0,0.0,3413.2253504276277,0.0,0.0,0.0,0.0,0.0,0.0,0.0,3228.942698439955,0.0,0.0,0.0,0.0,0.0,0.0,0.0
2988,0.0,151.9827722311019,0.0,0.0,0.0,0.0,0.0,0.0,0.0,0.0,0.0,0.0,0.0,72.83278771340844,0.0,0.0,5876.921455323695,0.0,256.0405470132827,0.0,0.0,3307.4919819205998,0.0,0.0,0.0,0.0,0.0,0.0,0.0,3170.583874946832,0.0,0.0,0.0,0.0,0.0,0.0,0.0
2989,0.0,143.8973826795816,0.0,0.0,0.0,0.0,0.0,0.0,0.0,0.0,0.0,0.0,0.0,59.53641047179689,0.0,0.0,5619.666873678565,0.0,265.97886040806765,0.0,0.0,3206.9115684092044,0.0,0.0,0.0,0.0,0.0,0.0,0.0,3114.2142814815024,0.0,0.0,0.0,0.0,0.0,0.0,0.0
2990,0.0,135.46468906402583,0.0,0.0,0.0,0.0,0.0,0.0,0.0,0.0,0.0,0.0,0.0,49.7178430140018,0.0,0.0,5347.024070516227,0.0,270.8424492955207,0.0,0.0,3111.1129275888206,0.0,0.0,0.0,0.0,0.0,0.0,0.0,3062.386901864408,0.0,0.0,0.0,0.0,0.0,0.0,0.0
2991,0.0,129.17824422419068,0.0,0.0,0.0,0.0,0.0,0.0,0.0,0.0,0.0,0.0,0.0,46.596815878152725,0.0,0.0,5384.518980339168,0.0,296.1258138000964,0.0,0.0,3076.577835318446,0.0,0.0,0.0,0.0,0.0,0.0,0.0,2865.811487039923,0.0,0.0,0.0,0.0,0.0,0.0,0.0
2992,0.0,119.47031147181985,0.0,0.0,0.0,0.0,0.0,0.0,0.0,0.0,0.0,0.0,0.0,42.54226483106607,0.0,0.0,5420.733515456318,0.0,323.5904289007186,0.0,0.0,3089.3315503120416,0.0,0.0,0.0,0.0,0.0,0.0,0.0,2704.943673326073,0.0,0.0,0.0,0.0,0.0,0.0,0.0
2993,0.0,110.2740412965417,0.0,0.0,0.0,0.0,0.0,0.0,0.0,0.0,0.0,0.0,0.0,39.71154181957242,0.0,0.0,5510.037706509231,0.0,354.93391627669337,0.0,0.0,3103.3916695833204,0.0,0.0,0.0,0.0,0.0,0.0,0.0,2570.7133167177435,0.0,0.0,0.0,0.0,0.0,0.0,0.0
2994,0.0,95.37226590514177,0.0,0.0,0.0,0.0,0.0,0.0,0.0,0.0,0.0,0.0,0.0,41.545535323023664,0.0,0.0,5598.891899526118,0.0,395.8656225919723,0.0,0.0,3185.2697629451745,0.0,0.0,0.0,0.0,0.0,0.0,0.0,2456.456261573731,0.0,0.0,0.0,0.0,0.0,0.0,0.0
2995,0.0,85.74773634821169,0.0,0.0,0.0,0.0,0.0,0.0,0.0,0.0,0.0,0.0,0.0,48.58765206933021,0.0,0.0,5707.7428073436,0.0,416.6432883501052,0.0,0.0,3185.980035120249,0.0,0.0,0.0,0.0,0.0,0.0,0.0,2434.84340931028,0.0,0.0,0.0,0.0,0.0,0.0,0.0
2996,0.0,77.05421398580069,0.0,0.0,0.0,0.0,0.0,0.0,0.0,0.0,0.0,0.0,0.0,57.341397449374085,0.0,0.0,5819.8596041053515,0.0,431.767777878046,0.0,0.0,3229.0532286733387,0.0,0.0,0.0,0.0,0.0,0.0,0.0,2415.3212193638087,0.0,0.0,0.0,0.0,0.0,0.0,0.0
2997,0.0,68.37739891558884,0.0,0.0,0.0,0.0,0.0,0.0,0.0,0.0,0.0,0.0,0.0,77.24037211388338,0.0,0.0,5935.07154725492,0.0,447.026276129484,0.0,0.0,3270.915386974811,0.0,0.0,0.0,0.0,0.0,0.0,0.0,2401.1675276890396,0.0,0.0,0.0,0.0,0.0,0.0,0.0
2998,0.0,61.35639433711761,0.0,0.0,0.0,0.0,0.0,0.0,0.0,0.0,0.0,0.0,0.0,106.2661609798669,0.0,0.0,6027.376762375234,0.0,464.7252685725687,0.0,0.0,3261.7514832258225,0.0,0.0,0.0,0.0,0.0,0.0,0.0,2386.0139776200053,0.0,0.0,0.0,0.0,0.0,0.0,0.0
2999,0.0,55.44236359745261,0.0,0.0,0.0,0.0,0.0,0.0,0.0,0.0,0.0,0.0,0.0,143.94421768188465,0.0,0.0,6071.7838287204495,0.0,489.3815101921557,0.0,0.0,3161.1468490093944,0.0,0.0,0.0,0.0,0.0,0.0,0.0,2398.7101903587577,0.0,0.0,0.0,0.0,0.0,0.0,0.0
3000,0.0,62.12066528052084,0.0,0.0,0.0,0.0,0.0,0.0,0.0,0.0,0.0,0.0,0.0,185.10914075970646,0.0,0.0,6188.245809629558,0.0,540.6530225276947,0.0,0.0,3436.4787410527465,0.0,0.0,0.0,0.0,0.0,0.0,0.0,2879.591090646384,0.0,0.0,0.0,0.0,0.0,0.0,0.0
3001,0.0,69.09629644453523,0.0,0.0,0.0,0.0,0.0,0.0,0.0,0.0,0.0,0.0,0.0,226.91932359933844,0.0,0.0,6307.161193832754,0.0,598.667921411991,0.0,0.0,3157.1516437143086,0.0,0.0,0.0,0.0,0.0,0.0,0.0,3381.9734665662045,0.0,0.0,0.0,0.0,0.0,0.0,0.0
3002,0.0,75.9692570194602,0.0,0.0,0.0,0.0,0.0,0.0,0.0,0.0,0.0,0.0,0.0,266.8334282040596,0.0,0.0,6422.991932898758,0.0,659.2558707833289,0.0,0.0,2608.754009342193,0.0,0.0,0.0,0.0,0.0,0.0,0.0,3861.3189604371787,0.0,0.0,0.0,0.0,0.0,0.0,0.0
3003,0.0,80.57329436838621,0.0,0.0,0.0,0.0,0.0,0.0,0.0,0.0,0.0,0.0,0.0,303.6231654942036,0.0,0.0,6531.9116822481155,0.0,718.1678959727286,0.0,0.0,2274.024319933354,0.0,0.0,0.0,0.0,0.0,0.0,0.0,4228.2499953478555,0.0,0.0,0.0,0.0,0.0,0.0,0.0
3004,0.0,84.5422161385416,0.0,0.0,0.0,0.0,0.0,0.0,0.0,0.0,0.0,0.0,0.0,340.45991187691675,0.0,0.0,6632.276412755251,0.0,777.0683017373085,0.0,0.0,2118.817436568438,0.0,0.0,0.0,0.0,0.0,0.0,0.0,4608.373013651371,0.0,0.0,0.0,0.0,0.0,0.0,0.0
3005,0.0,90.14758281111718,0.0,0.0,0.0,0.0,0.0,0.0,0.0,0.0,0.0,0.0,0.0,369.4439653217792,0.0,0.0,6725.721985906361,0.0,832.8234003424644,0.0,0.0,1985.9411349669097,0.0,0.0,0.0,0.0,0.0,0.0,0.0,4924.428432884812,0.0,0.0,0.0,0.0,0.0,0.0,0.0
3006,0.0,95.82736777514212,0.0,0.0,0.0,0.0,0.0,0.0,0.0,0.0,0.0,0.0,0.0,401.0051796197891,0.0,0.0,6664.743946075439,0.0,870.9079029560088,0.0,0.0,1923.495464631915,0.0,0.0,0.0,0.0,0.0,0.0,0.0,4946.04634772241,0.0,0.0,0.0,0.0,0.0,0.0,0.0
3007,0.0,102.2491753488779,0.0,0.0,0.0,0.0,0.0,0.0,0.0,0.0,0.0,0.0,0.0,428.7677588462829,0.0,0.0,6633.948056280611,0.0,900.9073015093803,0.0,0.0,1899.3204761803145,0.0,0.0,0.0,0.0,0.0,0.0,0.0,4899.536479023098,0.0,0.0,0.0,0.0,0.0,0.0,0.0
3008,0.0,102.08635991066691,0.0,0.0,0.0,0.0,0.0,0.0,0.0,0.0,0.0,0.0,0.0,457.0119963288307,0.0,0.0,6656.6867642998695,0.0,915.5653837680816,0.0,0.0,1931.0741232365367,0.0,0.0,0.0,0.0,0.0,0.0,0.0,4719.152261161803,0.0,0.0,0.0,0.0,0.0,0.0,0.0
3009,0.0,103.37261099070311,0.0,0.0,0.0,0.0,0.0,0.0,0.0,0.0,0.0,0.0,0.0,484.06269155740733,0.0,0.0,6783.438415080307,0.0,946.1501997709274,0.0,0.0,2000.5596928685904,0.0,0.0,0.0,0.0,0.0,0.0,0.0,4507.98578441739,0.0,0.0,0.0,0.0,0.0,0.0,0.0
3010,0.0,114.08364760279647,0.0,0.0,0.0,0.0,0.0,0.0,0.0,0.0,0.0,0.0,0.0,492.6734929800033,0.0,0.0,6705.147313386202,0.0,960.4144665241241,0.0,0.0,1978.4646574616422,0.0,0.0,0.0,0.0,0.0,0.0,0.0,4295.386237576603,0.0,0.0,0.0,0.0,0.0,0.0,0.0
3011,0.0,124.20185590088361,0.0,0.0,0.0,0.0,0.0,0.0,0.0,0.0,0.0,0.0,0.0,499.4638745784759,0.0,0.0,6601.477411478758,0.0,977.2528508543967,0.0,0.0,1961.9173745423554,0.0,0.0,0.0,0.0,0.0,0.0,0.0,4105.244631269573,0.0,0.0,0.0,0.0,0.0,0.0,0.0
3012,0.0,130.10798890292637,0.0,0.0,0.0,0.0,0.0,0.0,0.0,0.0,0.0,0.0,0.0,508.16824584007264,0.0,0.0,6474.474508553743,0.0,987.3424242615699,0.0,0.0,1944.2784947231407,0.0,0.0,0.0,0.0,0.0,0.0,0.0,3936.611371231079,0.0,0.0,0.0,0.0,0.0,0.0,0.0
3013,0.0,128.59160925149914,0.0,0.0,0.0,0.0,0.0,0.0,0.0,0.0,0.0,0.0,0.0,517.6153473138809,0.0,0.0,6342.330271109939,0.0,983.80359801054,0.0,0.0,1925.6859246432782,0.0,0.0,0.0,0.0,0.0,0.0,0.0,3800.0487951964137,0.0,0.0,0.0,0.0,0.0,0.0,0.0
3014,0.0,120.35844924151897,0.0,0.0,0.0,0.0,0.0,0.0,0.0,0.0,0.0,0.0,0.0,523.6265481591224,0.0,0.0,6201.5361146330815,0.0,974.783011686802,0.0,0.0,1910.799425192177,0.0,0.0,0.0,0.0,0.0,0.0,0.0,3682.1475906968103,0.0,0.0,0.0,0.0,0.0,0.0,0.0
3015,0.0,110.14396008700128,0.0,0.0,0.0,0.0,0.0,0.0,0.0,0.0,0.0,0.0,0.0,535.4501980066299,0.0,0.0,6318.517712980507,0.0,977.341419327259,0.0,0.0,2055.7863820686925,0.0,0.0,0.0,0.0,0.0,0.0,0.0,3350.8849219471203,0.0,0.0,0.0,0.0,0.0,0.0,0.0
3016,0.0,101.21010381728408,0.0,0.0,0.0,0.0,0.0,0.0,0.0,0.0,0.0,0.0,0.0,542.7815988898277,0.0,0.0,6408.9622620642185,0.0,972.7905174612998,0.0,0.0,2200.9836049407722,0.0,0.0,0.0,0.0,0.0,0.0,0.0,3062.466818213463,0.0,0.0,0.0,0.0,0.0,0.0,0.0
3017,0.0,93.66019630730146,0.0,0.0,0.0,0.0,0.0,0.0,0.0,0.0,0.0,0.0,0.0,542.1107833981514,0.0,0.0,6500.870374336837,0.0,936.1846459388731,0.0,0.0,2282.1423433631653,0.0,0.0,0.0,0.0,0.0,0.0,0.0,2806.66471004188,0.0,0.0,0.0,0.0,0.0,0.0,0.0
3018,0.0,87.58189122229808,0.0,0.0,0.0,0.0,0.0,0.0,0.0,0.0,0.0,0.0,0.0,537.9114838004111,0.0,0.0,6574.7046674788,0.0,892.043458855152,0.0,0.0,2343.4682602286334,0.0,0.0,0.0,0.0,0.0,0.0,0.0,2607.7852815613132,0.0,0.0,0.0,0.0,0.0,0.0,0.0
3019,0.0,82.8942823424935,0.0,0.0,0.0,0.0,0.0,0.0,0.0,0.0,0.0,0.0,0.0,540.7475421309471,0.0,0.0,6617.854695230721,0.0,837.6008809924126,0.0,0.0,2340.6415525719517,0.0,0.0,0.0,0.0,0.0,0.0,0.0,2725.689198154211,0.0,0.0,0.0,0.0,0.0,0.0,0.0
3020,0.0,80.95722541809074,0.0,0.0,0.0,0.0,0.0,0.0,0.0,0.0,0.0,0.0,0.0,542.7936594009399,0.0,0.0,6563.294864207506,0.0,784.805060184002,0.0,0.0,2334.1233067095277,0.0,0.0,0.0,0.0,0.0,0.0,0.0,2842.5554678529484,0.0,0.0,0.0,0.0,0.0,0.0,0.0
3021,0.0,79.07773921340697,0.0,0.0,0.0,0.0,0.0,0.0,0.0,0.0,0.0,0.0,0.0,543.3576340079308,0.0,0.0,6418.624579444526,0.0,739.3320854544639,0.0,0.0,2329.3014184758067,0.0,0.0,0.0,0.0,0.0,0.0,0.0,3010.159398083388,0.0,0.0,0.0,0.0,0.0,0.0,0.0
3022,0.0,77.4431880846619,0.0,0.0,0.0,0.0,0.0,0.0,0.0,0.0,0.0,0.0,0.0,538.7790335774421,0.0,0.0,6268.921084150671,0.0,691.9058024168013,0.0,0.0,2325.6063985437145,0.0,0.0,0.0,0.0,0.0,0.0,0.0,3178.868415927885,0.0,0.0,0.0,0.0,0.0,0.0,0.0
3023,0.0,75.97580105960367,0.0,0.0,0.0,0.0,0.0,0.0,0.0,0.0,0.0,0.0,0.0,525.8402123808861,0.0,0.0,6110.538888618348,0.0,636.9596766233443,0.0,0.0,2323.7105228573078,0.0,0.0,0.0,0.0,0.0,0.0,0.0,3269.8005647152663,0.0,0.0,0.0,0.0,0.0,0.0,0.0
3024,0.0,88.69739405661818,0.0,0.0,0.0,0.0,0.0,0.0,0.0,0.0,0.0,0.0,0.0,508.82256219387057,0.0,0.0,6272.421501025556,0.0,595.1833389043808,0.0,0.0,2571.626090598106,0.0,0.0,0.0,0.0,0.0,0.0,0.0,3630.1090294152496,0.0,0.0,0.0,0.0,0.0,0.0,0.0
3025,0.0,104.04820422828197,0.0,0.0,0.0,0.0,0.0,0.0,0.0,0.0,0.0,0.0,0.0,487.0087740302086,0.0,0.0,6420.046915501354,0.0,541.4612246632574,0.0,0.0,2784.3177897691726,0.0,0.0,0.0,0.0,0.0,0.0,0.0,3930.0260471016154,0.0,0.0,0.0,0.0,0.0,0.0,0.0
3026,0.0,123.32884026467795,0.0,0.0,0.0,0.0,0.0,0.0,0.0,0.0,0.0,0.0,0.0,465.81868017911904,0.0,0.0,6555.218235671518,0.0,482.79904674887655,0.0,0.0,2936.849496263266,0.0,0.0,0.0,0.0,0.0,0.0,0.0,4170.833533871173,0.0,0.0,0.0,0.0,0.0,0.0,0.0
3027,0.0,147.126196655631,0.0,0.0,0.0,0.0,0.0,0.0,0.0,0.0,0.0,0.0,0.0,450.9430485010147,0.0,0.0,6682.267810821533,0.0,422.8696697771549,0.0,0.0,3053.4313185542824,0.0,0.0,0.0,0.0,0.0,0.0,0.0,4385.385426270961,0.0,0.0,0.0,0.0,0.0,0.0,0.0
3028,0.0,176.60408850610253,0.0,0.0,0.0,0.0,0.0,0.0,0.0,0.0,0.0,0.0,0.0,439.1224474072456,0.0,0.0,6801.559684306383,0.0,368.60494025349607,0.0,0.0,3019.5577542901037,0.0,0.0,0.0,0.0,0.0,0.0,0.0,4571.99046292305,0.0,0.0,0.0,0.0,0.0,0.0,0.0
3029,0.0,206.0570947676897,0.0,0.0,0.0,0.0,0.0,0.0,0.0,0.0,0.0,0.0,0.0,426.85883549451825,0.0,0.0,6909.086267739534,0.0,311.35007624626155,0.0,0.0,2149.4354353174567,0.0,0.0,0.0,0.0,0.0,0.0,0.0,4740.406755498051,0.0,0.0,0.0,0.0,0.0,0.0,0.0
3030,0.0,218.19234036505216,0.0,0.0,0.0,0.0,0.0,0.0,0.0,0.0,0.0,0.0,0.0,416.9707407593727,0.0,0.0,6871.280209749935,0.0,262.9663763165474,0.0,0.0,1986.3730204135175,0.0,0.0,0.0,0.0,0.0,0.0,0.0,4516.285151508449,0.0,0.0,0.0,0.0,0.0,0.0,0.0
3031,0.0,233.7486109524965,0.0,0.0,0.0,0.0,0.0,0.0,0.0,0.0,0.0,0.0,0.0,413.22144618034355,0.0,0.0,6831.7161646187305,0.0,236.58038175106037,0.0,0.0,1840.4051249831905,0.0,0.0,0.0,0.0,0.0,0.0,0.0,4379.60939078033,0.0,0.0,0.0,0.0,0.0,0.0,0.0
3032,0.0,241.25534743666643,0.0,0.0,0.0,0.0,0.0,0.0,0.0,0.0,0.0,0.0,0.0,415.01483073234556,0.0,0.0,6762.802290797234,0.0,210.41385203599916,0.0,0.0,1719.5834682762622,0.0,0.0,0.0,0.0,0.0,0.0,0.0,4287.597105637192,0.0,0.0,0.0,0.0,0.0,0.0,0.0
3033,0.0,255.3167151689529,0.0,0.0,0.0,0.0,0.0,0.0,0.0,0.0,0.0,0.0,0.0,418.57761331796644,0.0,0.0,6687.854476153849,0.0,204.72596573829642,0.0,0.0,1762.334223693609,0.0,0.0,0.0,0.0,0.0,0.0,0.0,4205.730580699443,0.0,0.0,0.0,0.0,0.0,0.0,0.0
3034,0.0,259.9301442325115,0.0,0.0,0.0,0.0,0.0,0.0,0.0,0.0,0.0,0.0,0.0,406.4221873283386,0.0,0.0,6452.821707636118,0.0,201.02267423570134,0.0,0.0,1783.5795664921393,0.0,0.0,0.0,0.0,0.0,0.0,0.0,4102.417906832695,0.0,0.0,0.0,0.0,0.0,0.0,0.0
3035,0.0,264.16299492716786,0.0,0.0,0.0,0.0,0.0,0.0,0.0,0.0,0.0,0.0,0.0,396.83538119792934,0.0,0.0,6229.859932243824,0.0,197.27578024864175,0.0,0.0,1836.812740288674,0.0,0.0,0.0,0.0,0.0,0.0,0.0,4036.2475314289327,0.0,0.0,0.0,0.0,0.0,0.0,0.0
3036,0.0,267.95087894797325,0.0,0.0,0.0,0.0,0.0,0.0,0.0,0.0,0.0,0.0,0.0,388.07474249601364,0.0,0.0,6013.030498281121,0.0,196.1743210226297,0.0,0.0,1901.1441438898441,0.0,0.0,0.0,0.0,0.0,0.0,0.0,3997.826932993531,0.0,0.0,0.0,0.0,0.0,0.0,0.0
3037,0.0,272.5491017103195,0.0,0.0,0.0,0.0,0.0,0.0,0.0,0.0,0.0,0.0,0.0,380.5498354196548,0.0,0.0,5794.855348497629,0.0,196.94803540110584,0.0,0.0,1976.857916441559,0.0,0.0,0.0,0.0,0.0,0.0,0.0,3975.3863498568535,0.0,0.0,0.0,0.0,0.0,0.0,0.0
3038,0.0,281.23627642393114,0.0,0.0,0.0,0.0,0.0,0.0,0.0,0.0,0.0,0.0,0.0,376.96239379644396,0.0,0.0,5571.16509746015,0.0,197.67365662455555,0.0,0.0,2064.5265748590227,0.0,0.0,0.0,0.0,0.0,0.0,0.0,3980.370454105735,0.0,0.0,0.0,0.0,0.0,0.0,0.0
3039,0.0,297.7480470120907,0.0,0.0,0.0,0.0,0.0,0.0,0.0,0.0,0.0,0.0,0.0,388.3562142014503,0.0,0.0,5423.635361045599,0.0,221.28803303241725,0.0,0.0,2304.8080791324373,0.0,0.0,0.0,0.0,0.0,0.0,0.0,3887.5058484435062,0.0,0.0,0.0,0.0,0.0,0.0,0.0
3040,0.0,314.52522647380823,0.0,0.0,0.0,0.0,0.0,0.0,0.0,0.0,0.0,0.0,0.0,402.11725738048546,0.0,0.0,5266.642442077398,0.0,237.53646478056905,0.0,0.0,2510.2499157696957,0.0,0.0,0.0,0.0,0.0,0.0,0.0,3805.5597687691434,0.0,0.0,0.0,0.0,0.0,0.0,0.0
3041,0.0,331.17564935088154,0.0,0.0,0.0,0.0,0.0,0.0,0.0,0.0,0.0,0.0,0.0,400.65183802843086,0.0,0.0,5136.920493111014,0.0,222.5635168582199,0.0,0.0,2614.592410290241,0.0,0.0,0.0,0.0,0.0,0.0,0.0,3816.0045824617127,0.0,0.0,0.0,0.0,0.0,0.0,0.0
3042,0.0,346.9057543337345,0.0,0.0,0.0,0.0,0.0,0.0,0.0,0.0,0.0,0.0,0.0,395.12754108905784,0.0,0.0,4975.440817579625,0.0,205.41453522443769,0.0,0.0,2696.623396852612,0.0,0.0,0.0,0.0,0.0,0.0,0.0,3878.918637850879,0.0,0.0,0.0,0.0,0.0,0.0,0.0
3043,0.0,377.800216948986,0.0,0.0,0.0,0.0,0.0,0.0,0.0,0.0,0.0,0.0,0.0,399.56908210515974,0.0,0.0,4956.207971528171,0.0,173.85851908326137,0.0,0.0,2676.9855519711973,0.0,0.0,0.0,0.0,0.0,0.0,0.0,4055.6559942632907,0.0,0.0,0.0,0.0,0.0,0.0,0.0
3044,0.0,410.33639897704126,0.0,0.0,0.0,0.0,0.0,0.0,0.0,0.0,0.0,0.0,0.0,406.747462451458,0.0,0.0,4942.310149729251,0.0,147.61861210763453,0.0,0.0,2648.3591006934644,0.0,0.0,0.0,0.0,0.0,0.0,0.0,4315.935226044058,0.0,0.0,0.0,0.0,0.0,0.0,0.0
3045,0.0,438.64315313100815,0.0,0.0,0.0,0.0,0.0,0.0,0.0,0.0,0.0,0.0,0.0,416.61699565649025,0.0,0.0,4908.102131351828,0.0,126.08526875674715,0.0,0.0,2613.9626719594,0.0,0.0,0.0,0.0,0.0,0.0,0.0,4623.714782994984,0.0,0.0,0.0,0.0,0.0,0.0,0.0
3046,0.0,462.51886966824526,0.0,0.0,0.0,0.0,0.0,0.0,0.0,0.0,0.0,0.0,0.0,429.0961723923683,0.0,0.0,4877.588219583034,0.0,111.12538527697325,0.0,0.0,2576.5525820016856,0.0,0.0,0.0,0.0,0.0,0.0,0.0,4878.939757713673,0.0,0.0,0.0,0.0,0.0,0.0,0.0
3047,0.0,479.9572707295418,0.0,0.0,0.0,0.0,0.0,0.0,0.0,0.0,0.0,0.0,0.0,443.6867007613182,0.0,0.0,4847.914796799421,0.0,103.99427452832455,0.0,0.0,2542.0377745717765,0.0,0.0,0.0,0.0,0.0,0.0,0.0,4951.284665516018,0.0,0.0,0.0,0.0,0.0,0.0,0.0
3048,0.0,480.1546159744263,0.0,0.0,0.0,0.0,0.0,0.0,0.0,0.0,0.0,0.0,0.0,456.47362228631965,0.0,0.0,4989.245683863757,0.0,125.00565523505205,0.0,0.0,2503.37759347558,0.0,0.0,0.0,0.0,0.0,0.0,0.0,5193.251481765508,0.0,0.0,0.0,0.0,0.0,0.0,0.0
3049,0.0,471.73941521644593,0.0,0.0,0.0,0.0,0.0,0.0,0.0,0.0,0.0,0.0,0.0,466.446768283844,0.0,0.0,5154.313675627111,0.0,143.84975385069836,0.0,0.0,2633.607177534699,0.0,0.0,0.0,0.0,0.0,0.0,0.0,5286.91886704266,0.0,0.0,0.0,0.0,0.0,0.0,0.0
3050,0.0,458.1169821381569,0.0,0.0,0.0,0.0,0.0,0.0,0.0,0.0,0.0,0.0,0.0,470.1138810157775,0.0,0.0,5361.000846162438,0.0,154.2116427063941,0.0,0.0,2705.5338914752006,0.0,0.0,0.0,0.0,0.0,0.0,0.0,5350.796619582175,0.0,0.0,0.0,0.0,0.0,0.0,0.0
3051,0.0,444.16587411761276,0.0,0.0,0.0,0.0,0.0,0.0,0.0,0.0,0.0,0.0,0.0,465.3689441680908,0.0,0.0,5623.436822652815,0.0,151.76089259386058,0.0,0.0,2554.625880494714,0.0,0.0,0.0,0.0,0.0,0.0,0.0,5407.16295853555,0.0,0.0,0.0,0.0,0.0,0.0,0.0
3052,0.0,429.17206833958625,0.0,0.0,0.0,0.0,0.0,0.0,0.0,0.0,0.0,0.0,0.0,450.7232692241668,0.0,0.0,5889.179137349128,0.0,136.12883872687817,0.0,0.0,2209.019580732286,0.0,0.0,0.0,0.0,0.0,0.0,0.0,5496.990381321311,0.0,0.0,0.0,0.0,0.0,0.0,0.0
3053,0.0,419.6734887599945,0.0,0.0,0.0,0.0,0.0,0.0,0.0,0.0,0.0,0.0,0.0,427.0682131409645,0.0,0.0,6122.219779729843,0.0,114.8191026106476,0.0,0.0,1849.7588585078713,0.0,0.0,0.0,0.0,0.0,0.0,0.0,5591.812395116686,0.0,0.0,0.0,0.0,0.0,0.0,0.0
3054,0.0,412.95042387843125,0.0,0.0,0.0,0.0,0.0,0.0,0.0,0.0,0.0,0.0,0.0,386.61564482450484,0.0,0.0,6072.632874280214,0.0,94.63391636311997,0.0,0.0,1663.5199537172912,0.0,0.0,0.0,0.0,0.0,0.0,0.0,5444.095160171389,0.0,0.0,0.0,0.0,0.0,0.0,0.0
3055,0.0,406.23002430796623,0.0,0.0,0.0,0.0,0.0,0.0,0.0,0.0,0.0,0.0,0.0,342.47941980361935,0.0,0.0,6029.087299421429,0.0,81.72443156391374,0.0,0.0,1332.1327216029165,0.0,0.0,0.0,0.0,0.0,0.0,0.0,5266.148571762442,0.0,0.0,0.0,0.0,0.0,0.0,0.0
3056,0.0,398.5273313462734,0.0,0.0,0.0,0.0,0.0,0.0,0.0,0.0,0.0,0.0,0.0,302.1630366265773,0.0,0.0,6009.162148699164,0.0,85.14201712012273,0.0,0.0,1046.3452053353183,0.0,0.0,0.0,0.0,0.0,0.0,0.0,5039.382857617735,0.0,0.0,0.0,0.0,0.0,0.0,0.0
3057,0.0,387.76407567858695,0.0,0.0,0.0,0.0,0.0,0.0,0.0,0.0,0.0,0.0,0.0,269.77948825955383,0.0,0.0,5990.963092431424,0.0,108.68134152889236,0.0,0.0,832.7161648795003,0.0,0.0,0.0,0.0,0.0,0.0,0.0,4821.0785129368305,0.0,0.0,0.0,0.0,0.0,0.0,0.0
3058,0.0,370.1675234735012,0.0,0.0,0.0,0.0,0.0,0.0,0.0,0.0,0.0,0.0,0.0,235.68670991063118,0.0,0.0,5736.312432006,0.0,133.1392081469297,0.0,0.0,803.0935614176087,0.0,0.0,0.0,0.0,0.0,0.0,0.0,4557.051168224214,0.0,0.0,0.0,0.0,0.0,0.0,0.0
3059,0.0,349.1125758111477,0.0,0.0,0.0,0.0,0.0,0.0,0.0,0.0,0.0,0.0,0.0,218.84001410603523,0.0,0.0,5478.7595370560875,0.0,168.99168446362015,0.0,0.0,774.7317213423546,0.0,0.0,0.0,0.0,0.0,0.0,0.0,4313.39055930972,0.0,0.0,0.0,0.0,0.0,0.0,0.0
3060,0.0,326.04125016331665,0.0,0.0,0.0,0.0,0.0,0.0,0.0,0.0,0.0,0.0,0.0,219.58382034897795,0.0,0.0,5228.084961265326,0.0,220.83114064931857,0.0,0.0,733.2404425866899,0.0,0.0,0.0,0.0,0.0,0.0,0.0,4070.21668073833,0.0,0.0,0.0,0.0,0.0,0.0,0.0
3061,0.0,300.72954817414285,0.0,0.0,0.0,0.0,0.0,0.0,0.0,0.0,0.0,0.0,0.0,235.85223930478088,0.0,0.0,4974.618219614027,0.0,276.46008549928655,0.0,0.0,690.028434117883,0.0,0.0,0.0,0.0,0.0,0.0,0.0,3817.936316111684,0.0,0.0,0.0,0.0,0.0,0.0,0.0
3062,0.0,276.9920630872249,0.0,0.0,0.0,0.0,0.0,0.0,0.0,0.0,0.0,0.0,0.0,259.3238545656203,0.0,0.0,4688.576209589839,0.0,332.58836920261376,0.0,0.0,654.479326893389,0.0,0.0,0.0,0.0,0.0,0.0,0.0,3568.4475995153184,0.0,0.0,0.0,0.0,0.0,0.0,0.0
3063,0.0,249.92061048746103,0.0,0.0,0.0,0.0,0.0,0.0,0.0,0.0,0.0,0.0,0.0,295.82216686606404,0.0,0.0,4768.655635371802,0.0,406.2500685453414,0.0,0.0,745.1638415358956,0.0,0.0,0.0,0.0,0.0,0.0,0.0,3329.7707332372647,0.0,0.0,0.0,0.0,0.0,0.0,0.0
3064,0.0,225.1344517350197,0.0,0.0,0.0,0.0,0.0,0.0,0.0,0.0,0.0,0.0,0.0,332.22101357579226,0.0,0.0,4826.1071996688825,0.0,469.1767532169818,0.0,0.0,843.3275585129849,0.0,0.0,0.0,0.0,0.0,0.0,0.0,3126.1348355382665,0.0,0.0,0.0,0.0,0.0,0.0,0.0
3065,0.0,201.10982847511764,0.0,0.0,0.0,0.0,0.0,0.0,0.0,0.0,0.0,0.0,0.0,345.2086148321628,0.0,0.0,4940.687900975345,0.0,487.05747702121727,0.0,0.0,893.2324289895588,0.0,0.0,0.0,0.0,0.0,0.0,0.0,2945.500020256638,0.0,0.0,0.0,0.0,0.0,0.0,0.0
3066,0.0,178.77511064708224,0.0,0.0,0.0,0.0,0.0,0.0,0.0,0.0,0.0,0.0,0.0,357.8578268408775,0.0,0.0,5076.321665108202,0.0,497.34025300741183,0.0,0.0,955.6709844924508,0.0,0.0,0.0,0.0,0.0,0.0,0.0,2796.96499878019,0.0,0.0,0.0,0.0,0.0,0.0,0.0
3067,0.0,163.95945987403385,0.0,0.0,0.0,0.0,0.0,0.0,0.0,0.0,0.0,0.0,0.0,377.3260025143623,0.0,0.0,5247.040107578037,0.0,493.16185448765754,0.0,0.0,964.1066776067009,0.0,0.0,0.0,0.0,0.0,0.0,0.0,2930.7910726815444,0.0,0.0,0.0,0.0,0.0,0.0,0.0
3068,0.0,161.47804121375074,0.0,0.0,0.0,0.0,0.0,0.0,0.0,0.0,0.0,0.0,0.0,391.3674862027168,0.0,0.0,5476.3139124661675,0.0,487.55886113047586,0.0,0.0,984.9572229132048,0.0,0.0,0.0,0.0,0.0,0.0,0.0,3088.0606618195757,0.0,0.0,0.0,0.0,0.0,0.0,0.0
3069,0.0,160.3736064344644,0.0,0.0,0.0,0.0,0.0,0.0,0.0,0.0,0.0,0.0,0.0,402.62846164703365,0.0,0.0,5672.124509900808,0.0,471.2718362927435,0.0,0.0,1010.5827288374304,0.0,0.0,0.0,0.0,0.0,0.0,0.0,3281.9883503645656,0.0,0.0,0.0,0.0,0.0,0.0,0.0
3070,0.0,160.5659577280283,0.0,0.0,0.0,0.0,0.0,0.0,0.0,0.0,0.0,0.0,0.0,407.7081785559654,0.0,0.0,5847.683639973401,0.0,445.09611774683,0.0,0.0,1028.3259847573936,0.0,0.0,0.0,0.0,0.0,0.0,0.0,3466.7234890937802,0.0,0.0,0.0,0.0,0.0,0.0,0.0
3071,0.0,160.55981348454952,0.0,0.0,0.0,0.0,0.0,0.0,0.0,0.0,0.0,0.0,0.0,404.8818045020103,0.0,0.0,6002.116976335643,0.0,407.27174797058103,0.0,0.0,1033.7272776693098,0.0,0.0,0.0,0.0,0.0,0.0,0.0,3602.3820340305547,0.0,0.0,0.0,0.0,0.0,0.0,0.0
3072,0.0,174.1754570335149,0.0,0.0,0.0,0.0,0.0,0.0,0.0,0.0,0.0,0.0,0.0,397.82039766311647,0.0,0.0,6392.591979146003,0.0,382.522817724943,0.0,0.0,1522.92890342474,0.0,0.0,0.0,0.0,0.0,0.0,0.0,3903.9906747072937,0.0,0.0,0.0,0.0,0.0,0.0,0.0
3073,0.0,183.3572152912616,0.0,0.0,0.0,0.0,0.0,0.0,0.0,0.0,0.0,0.0,0.0,386.08417531251905,0.0,0.0,6721.889418363571,0.0,349.2783687353133,0.0,0.0,1771.683264456689,0.0,0.0,0.0,0.0,0.0,0.0,0.0,4137.348222005366,0.0,0.0,0.0,0.0,0.0,0.0,0.0
3074,0.0,192.34533168375484,0.0,0.0,0.0,0.0,0.0,0.0,0.0,0.0,0.0,0.0,0.0,373.91989448666567,0.0,0.0,6994.333864569662,0.0,312.9404850184917,0.0,0.0,1696.4764615371823,0.0,0.0,0.0,0.0,0.0,0.0,0.0,4398.904668921231,0.0,0.0,0.0,0.0,0.0,0.0,0.0
3075,0.0,201.0507988482713,0.0,0.0,0.0,0.0,0.0,0.0,0.0,0.0,0.0,0.0,0.0,365.30012614130965,0.0,0.0,7212.474399119616,0.0,276.6988172531128,0.0,0.0,1524.5420023798938,0.0,0.0,0.0,0.0,0.0,0.0,0.0,4760.5301261246195,0.0,0.0,0.0,0.0,0.0,0.0,0.0
3076,0.0,223.87666337192053,0.0,0.0,0.0,0.0,0.0,0.0,0.0,0.0,0.0,0.0,0.0,358.1292107582092,0.0,0.0,7397.591223001478,0.0,244.2060442686079,0.0,0.0,1400.9797728985543,0.0,0.0,0.0,0.0,0.0,0.0,0.0,5194.552201709151,0.0,0.0,0.0,0.0,0.0,0.0,0.0
3077,0.0,244.57840120196337,0.0,0.0,0.0,0.0,0.0,0.0,0.0,0.0,0.0,0.0,0.0,334.86912520527835,0.0,0.0,7546.929897069929,0.0,191.60541201233858,0.0,0.0,1070.7325034044682,0.0,0.0,0.0,0.0,0.0,0.0,0.0,5712.742465406655,0.0,0.0,0.0,0.0,0.0,0.0,0.0
3078,0.0,258.2632586717605,0.0,0.0,0.0,0.0,0.0,0.0,0.0,0.0,0.0,0.0,0.0,316.7383660614489,0.0,0.0,7325.90579688549,0.0,147.96691325902938,0.0,0.0,927.553622158616,0.0,0.0,0.0,0.0,0.0,0.0,0.0,6146.280341935158,0.0,0.0,0.0,0.0,0.0,0.0,0.0
3079,0.0,273.3798651516437,0.0,0.0,0.0,0.0,0.0,0.0,0.0,0.0,0.0,0.0,0.0,304.6894446969032,0.0,0.0,7098.479045301676,0.0,116.91823173612347,0.0,0.0,838.581435672193,0.0,0.0,0.0,0.0,0.0,0.0,0.0,6630.652248710393,0.0,0.0,0.0,0.0,0.0,0.0,0.0
3080,0.0,305.1633352696895,0.0,0.0,0.0,0.0,0.0,0.0,0.0,0.0,0.0,0.0,0.0,296.7356945395469,0.0,0.0,6875.988659381865,0.0,96.9778314962982,0.0,0.0,768.2772818997495,0.0,0.0,0.0,0.0,0.0,0.0,0.0,7113.515508389473,0.0,0.0,0.0,0.0,0.0,0.0,0.0
3081,0.0,334.5393000125885,0.0,0.0,0.0,0.0,0.0,0.0,0.0,0.0,0.0,0.0,0.0,292.5033966660499,0.0,0.0,6684.291051775217,0.0,78.5129870533943,0.0,0.0,717.3625594027336,0.0,0.0,0.0,0.0,0.0,0.0,0.0,7645.735973113775,0.0,0.0,0.0,0.0,0.0,0.0,0.0
3082,0.0,348.617557400465,0.0,0.0,0.0,0.0,0.0,0.0,0.0,0.0,0.0,0.0,0.0,271.7808157503605,0.0,0.0,6339.342859774826,0.0,56.607925853133196,0.0,0.0,676.0465779997409,0.0,0.0,0.0,0.0,0.0,0.0,0.0,7613.670351684093,0.0,0.0,0.0,0.0,0.0,0.0,0.0
3083,0.0,361.2174649178981,0.0,0.0,0.0,0.0,0.0,0.0,0.0,0.0,0.0,0.0,0.0,252.71263208389283,0.0,0.0,6022.915675535797,0.0,44.88583807945245,0.0,0.0,643.0556313648818,0.0,0.0,0.0,0.0,0.0,0.0,0.0,7595.943386691808,0.0,0.0,0.0,0.0,0.0,0.0,0.0
3084,0.0,372.86052575111387,0.0,0.0,0.0,0.0,0.0,0.0,0.0,0.0,0.0,0.0,0.0,233.90016263723373,0.0,0.0,5725.541260346769,0.0,38.440480884909576,0.0,0.0,618.0072215829042,0.0,0.0,0.0,0.0,0.0,0.0,0.0,7603.8460649371145,0.0,0.0,0.0,0.0,0.0,0.0,0.0
3085,0.0,382.76426067352287,0.0,0.0,0.0,0.0,0.0,0.0,0.0,0.0,0.0,0.0,0.0,213.2696944355964,0.0,0.0,5413.144222736357,0.0,35.96698841601606,0.0,0.0,599.7423500731583,0.0,0.0,0.0,0.0,0.0,0.0,0.0,7614.111518859862,0.0,0.0,0.0,0.0,0.0,0.0,0.0
3086,0.0,395.0860499918461,0.0,0.0,0.0,0.0,0.0,0.0,0.0,0.0,0.0,0.0,0.0,191.69294687509537,0.0,0.0,5073.9129893630725,0.0,35.861353912949475,0.0,0.0,586.1402670409525,0.0,0.0,0.0,0.0,0.0,0.0,0.0,7634.794303929805,0.0,0.0,0.0,0.0,0.0,0.0,0.0
3087,0.0,417.4228720128536,0.0,0.0,0.0,0.0,0.0,0.0,0.0,0.0,0.0,0.0,0.0,178.8656966149807,0.0,0.0,5033.789266467093,0.0,45.66567340493189,0.0,0.0,660.7583932936187,0.0,0.0,0.0,0.0,0.0,0.0,0.0,7869.374462884664,0.0,0.0,0.0,0.0,0.0,0.0,0.0
3088,0.0,431.65459520816796,0.0,0.0,0.0,0.0,0.0,0.0,0.0,0.0,0.0,0.0,0.0,164.2851215302943,0.0,0.0,5016.275125101209,0.0,50.38244107812631,0.0,0.0,726.8637364692977,0.0,0.0,0.0,0.0,0.0,0.0,0.0,8131.113162469863,0.0,0.0,0.0,0.0,0.0,0.0,0.0
3089,0.0,447.32513750195506,0.0,0.0,0.0,0.0,0.0,0.0,0.0,0.0,0.0,0.0,0.0,138.1181389570236,0.0,0.0,4963.27648000419,0.0,39.78056070953592,0.0,0.0,780.2906759060918,0.0,0.0,0.0,0.0,0.0,0.0,0.0,8388.166811293362,0.0,0.0,0.0,0.0,0.0,0.0,0.0
3090,0.0,460.77917903065673,0.0,0.0,0.0,0.0,0.0,0.0,0.0,0.0,0.0,0.0,0.0,115.9634956419467,0.0,0.0,4904.337238535285,0.0,37.02295551896086,0.0,0.0,828.6232441775501,0.0,0.0,0.0,0.0,0.0,0.0,0.0,8559.633304792642,0.0,0.0,0.0,0.0,0.0,0.0,0.0
3091,0.0,457.331781488657,0.0,0.0,0.0,0.0,0.0,0.0,0.0,0.0,0.0,0.0,0.0,105.82502200603481,0.0,0.0,4888.274992302058,0.0,25.087320057302623,0.0,0.0,788.4458629801861,0.0,0.0,0.0,0.0,0.0,0.0,0.0,8887.670028972625,0.0,0.0,0.0,0.0,0.0,0.0,0.0
3092,0.0,448.46633954644204,0.0,0.0,0.0,0.0,0.0,0.0,0.0,0.0,0.0,0.0,0.0,96.70195149481292,0.0,0.0,4862.137768432497,0.0,20.356124437600275,0.0,0.0,758.0537979952984,0.0,0.0,0.0,0.0,0.0,0.0,0.0,9162.474509209393,0.0,0.0,0.0,0.0,0.0,0.0,0.0
3093,0.0,442.14006934761994,0.0,0.0,0.0,0.0,0.0,0.0,0.0,0.0,0.0,0.0,0.0,87.4215619280933,0.0,0.0,4839.119415998458,0.0,18.716725858300883,0.0,0.0,730.1962784126395,0.0,0.0,0.0,0.0,0.0,0.0,0.0,9392.170007336139,0.0,0.0,0.0,0.0,0.0,0.0,0.0
3094,0.0,436.22055367827414,0.0,0.0,0.0,0.0,0.0,0.0,0.0,0.0,0.0,0.0,0.0,83.51901143044229,0.0,0.0,4818.549799636005,0.0,20.56176899000989,0.0,0.0,697.7398524619634,0.0,0.0,0.0,0.0,0.0,0.0,0.0,9535.219548916817,0.0,0.0,0.0,0.0,0.0,0.0,0.0
3095,0.0,430.657853025198,0.0,0.0,0.0,0.0,0.0,0.0,0.0,0.0,0.0,0.0,0.0,89.60908196568484,0.0,0.0,4795.436158075928,0.0,27.10924447774882,0.0,0.0,640.2913677133614,0.0,0.0,0.0,0.0,0.0,0.0,0.0,9578.574710696936,0.0,0.0,0.0,0.0,0.0,0.0,0.0
3096,0.0,415.73037140965454,0.0,0.0,0.0,0.0,0.0,0.0,0.0,0.0,0.0,0.0,0.0,102.25079538524142,0.0,0.0,5009.854971617458,0.0,53.59221826046697,0.0,0.0,1348.9011698350307,0.0,0.0,0.0,0.0,0.0,0.0,0.0,9725.787857902049,0.0,0.0,0.0,0.0,0.0,0.0,0.0
3097,0.0,400.7180487334728,0.0,0.0,0.0,0.0,0.0,0.0,0.0,0.0,0.0,0.0,0.0,122.66331132054324,0.0,0.0,5230.480802148581,0.0,81.88530279695978,0.0,0.0,2119.6077884495253,0.0,0.0,0.0,0.0,0.0,0.0,0.0,9804.506546556948,0.0,0.0,0.0,0.0,0.0,0.0,0.0
3098,0.0,385.3958766281604,0.0,0.0,0.0,0.0,0.0,0.0,0.0,0.0,0.0,0.0,0.0,144.7019899070263,0.0,0.0,5464.929001048207,0.0,107.11587598621843,0.0,0.0,2846.0948172658677,0.0,0.0,0.0,0.0,0.0,0.0,0.0,9835.564715731141,0.0,0.0,0.0,0.0,0.0,0.0,0.0
3099,0.0,370.4446036040782,0.0,0.0,0.0,0.0,0.0,0.0,0.0,0.0,0.0,0.0,0.0,161.31657691597928,0.0,0.0,5724.699604555963,0.0,127.35535784959788,0.0,0.0,3410.4968880057336,0.0,0.0,0.0,0.0,0.0,0.0,0.0,9826.906267488,0.0,0.0,0.0,0.0,0.0,0.0,0.0
3100,0.0,355.9439084351062,0.0,0.0,0.0,0.0,0.0,0.0,0.0,0.0,0.0,0.0,0.0,175.54869738221166,0.0,0.0,5981.203930184243,0.0,136.92653298974028,0.0,0.0,3741.4934098720546,0.0,0.0,0.0,0.0,0.0,0.0,0.0,9755.48057850599,0.0,0.0,0.0,0.0,0.0,0.0,0.0
3101,0.0,343.18879564404483,0.0,0.0,0.0,0.0,0.0,0.0,0.0,0.0,0.0,0.0,0.0,179.12432508468626,0.0,0.0,6246.821396678686,0.0,127.7255639880894,0.0,0.0,3734.955938825011,0.0,0.0,0.0,0.0,0.0,0.0,0.0,9642.548290532826,0.0,0.0,0.0,0.0,0.0,0.0,0.0
3102,0.0,362.46721526384346,0.0,0.0,0.0,0.0,0.0,0.0,0.0,0.0,0.0,0.0,0.0,184.77906833291053,0.0,0.0,6064.2373188734055,0.0,115.97276773452742,0.0,0.0,3567.2820530623194,0.0,0.0,0.0,0.0,0.0,0.0,0.0,9393.285220098494,0.0,0.0,0.0,0.0,0.0,0.0,0.0
3103,0.0,372.2696683645248,0.0,0.0,0.0,0.0,0.0,0.0,0.0,0.0,0.0,0.0,0.0,192.088343334198,0.0,0.0,5903.1800269782525,0.0,104.42001381069409,0.0,0.0,3412.3213126122946,0.0,0.0,0.0,0.0,0.0,0.0,0.0,9113.753018832207,0.0,0.0,0.0,0.0,0.0,0.0,0.0
3104,0.0,365.9092541277408,0.0,0.0,0.0,0.0,0.0,0.0,0.0,0.0,0.0,0.0,0.0,201.21920385956756,0.0,0.0,5745.603705197571,0.0,90.885858951509,0.0,0.0,3303.999356254935,0.0,0.0,0.0,0.0,0.0,0.0,0.0,8865.180628156662,0.0,0.0,0.0,0.0,0.0,0.0,0.0
3105,0.0,367.1941865801811,0.0,0.0,0.0,0.0,0.0,0.0,0.0,0.0,0.0,0.0,0.0,210.39882202744477,0.0,0.0,5607.360963687299,0.0,82.888582329452,0.0,0.0,3238.158699971437,0.0,0.0,0.0,0.0,0.0,0.0,0.0,8631.78366510272,0.0,0.0,0.0,0.0,0.0,0.0,0.0
3106,0.0,356.56214838624,0.0,0.0,0.0,0.0,0.0,0.0,0.0,0.0,0.0,0.0,0.0,196.3179062962532,0.0,0.0,5190.419697821139,0.0,72.87504649758336,0.0,0.0,3159.5040796905755,0.0,0.0,0.0,0.0,0.0,0.0,0.0,8251.312414020298,0.0,0.0,0.0,0.0,0.0,0.0,0.0
3107,0.0,345.0405415713787,0.0,0.0,0.0,0.0,0.0,0.0,0.0,0.0,0.0,0.0,0.0,177.5739889740944,0.0,0.0,4767.453436642883,0.0,67.36724646389483,0.0,0.0,3114.979460388422,0.0,0.0,0.0,0.0,0.0,0.0,0.0,7915.359270322322,0.0,0.0,0.0,0.0,0.0,0.0,0.0
3108,0.0,337.2049758374691,0.0,0.0,0.0,0.0,0.0,0.0,0.0,0.0,0.0,0.0,0.0,155.19086846709243,0.0,0.0,4348.530545890329,0.0,68.1520393118262,0.0,0.0,3092.7645324915643,0.0,0.0,0.0,0.0,0.0,0.0,0.0,7620.446245568991,0.0,0.0,0.0,0.0,0.0,0.0,0.0
3109,0.0,332.104327905178,0.0,0.0,0.0,0.0,0.0,0.0,0.0,0.0,0.0,0.0,0.0,140.12352398037905,0.0,0.0,3928.6551528125988,0.0,76.69397647231806,0.0,0.0,3104.946336087584,0.0,0.0,0.0,0.0,0.0,0.0,0.0,7337.79694507718,0.0,0.0,0.0,0.0,0.0,0.0,0.0
3110,0.0,328.2054266631603,0.0,0.0,0.0,0.0,0.0,0.0,0.0,0.0,0.0,0.0,0.0,130.07610944509506,0.0,0.0,3520.6088351607323,0.0,98.56299374252549,0.0,0.0,3143.898982197046,0.0,0.0,0.0,0.0,0.0,0.0,0.0,7061.671856212615,0.0,0.0,0.0,0.0,0.0,0.0,0.0
3111,0.0,331.4545250594616,0.0,0.0,0.0,0.0,0.0,0.0,0.0,0.0,0.0,0.0,0.0,126.83689826726913,0.0,0.0,3408.5250978916883,0.0,138.88578439652906,0.0,0.0,3375.184008345008,0.0,0.0,0.0,0.0,0.0,0.0,0.0,6471.463943970202,0.0,0.0,0.0,0.0,0.0,0.0,0.0
3112,0.0,341.5566152393818,0.0,0.0,0.0,0.0,0.0,0.0,0.0,0.0,0.0,0.0,0.0,119.62336758375163,0.0,0.0,3302.5993717759834,0.0,184.67417315542684,0.0,0.0,3575.9906075567005,0.0,0.0,0.0,0.0,0.0,0.0,0.0,5970.499812036752,0.0,0.0,0.0,0.0,0.0,0.0,0.0
3113,0.0,351.9307915985584,0.0,0.0,0.0,0.0,0.0,0.0,0.0,0.0,0.0,0.0,0.0,116.07792478501788,0.0,0.0,3210.250984847544,0.0,223.15939771831032,0.0,0.0,3678.9685681074857,0.0,0.0,0.0,0.0,0.0,0.0,0.0,5512.812371984124,0.0,0.0,0.0,0.0,0.0,0.0,0.0
3114,0.0,355.36688261032106,0.0,0.0,0.0,0.0,0.0,0.0,0.0,0.0,0.0,0.0,0.0,109.56505823731408,0.0,0.0,3117.6439560055715,0.0,270.079509562254,0.0,0.0,3752.525638255477,0.0,0.0,0.0,0.0,0.0,0.0,0.0,5111.665929692983,0.0,0.0,0.0,0.0,0.0,0.0,0.0
3115,0.0,354.34836904406546,0.0,0.0,0.0,0.0,0.0,0.0,0.0,0.0,0.0,0.0,0.0,112.94599162936211,0.0,0.0,3136.279397577045,0.0,305.1338025331496,0.0,0.0,3678.591936144233,0.0,0.0,0.0,0.0,0.0,0.0,0.0,5089.6354150623065,0.0,0.0,0.0,0.0,0.0,0.0,0.0
3116,0.0,364.974375218153,0.0,0.0,0.0,0.0,0.0,0.0,0.0,0.0,0.0,0.0,0.0,119.99937307238575,0.0,0.0,3170.6554359644647,0.0,340.80161299109443,0.0,0.0,3610.9852877050635,0.0,0.0,0.0,0.0,0.0,0.0,0.0,5068.905620375274,0.0,0.0,0.0,0.0,0.0,0.0,0.0
3117,0.0,376.51786563992493,0.0,0.0,0.0,0.0,0.0,0.0,0.0,0.0,0.0,0.0,0.0,135.21339399814605,0.0,0.0,3179.587721958756,0.0,378.491410857439,0.0,0.0,3548.316332745552,0.0,0.0,0.0,0.0,0.0,0.0,0.0,5049.865279003978,0.0,0.0,0.0,0.0,0.0,0.0,0.0
3118,0.0,388.748389095068,0.0,0.0,0.0,0.0,0.0,0.0,0.0,0.0,0.0,0.0,0.0,153.37044864296902,0.0,0.0,3148.2586019933224,0.0,410.5619126021862,0.0,0.0,3521.9990229338405,0.0,0.0,0.0,0.0,0.0,0.0,0.0,5030.494062250853,0.0,0.0,0.0,0.0,0.0,0.0,0.0
3119,0.0,396.91167587041855,0.0,0.0,0.0,0.0,0.0,0.0,0.0,0.0,0.0,0.0,0.0,169.73566552996635,0.0,0.0,3065.691157683728,0.0,428.73682720065113,0.0,0.0,3577.805949398875,0.0,0.0,0.0,0.0,0.0,0.0,0.0,5009.31839942634,0.0,0.0,0.0,0.0,0.0,0.0,0.0
3120,0.0,418.44556590914726,0.0,0.0,0.0,0.0,0.0,0.0,0.0,0.0,0.0,0.0,0.0,185.62646495103834,0.0,0.0,3185.0927108973256,0.0,455.7082392156123,0.0,0.0,4163.9258180648085,0.0,0.0,0.0,0.0,0.0,0.0,0.0,4914.5701545685515,0.0,0.0,0.0,0.0,0.0,0.0,0.0
3121,0.0,434.3401065587997,0.0,0.0,0.0,0.0,0.0,0.0,0.0,0.0,0.0,0.0,0.0,198.52484532594679,0.0,0.0,3305.027494281529,0.0,462.6333867669104,0.0,0.0,4620.341994729638,0.0,0.0,0.0,0.0,0.0,0.0,0.0,4785.048534336686,0.0,0.0,0.0,0.0,0.0,0.0,0.0
3122,0.0,437.89021677374836,0.0,0.0,0.0,0.0,0.0,0.0,0.0,0.0,0.0,0.0,0.0,211.75060805082313,0.0,0.0,3476.5136948525897,0.0,456.4768108129501,0.0,0.0,4934.345269945263,0.0,0.0,0.0,0.0,0.0,0.0,0.0,4653.70221773684,0.0,0.0,0.0,0.0,0.0,0.0,0.0
3123,0.0,444.7697775006294,0.0,0.0,0.0,0.0,0.0,0.0,0.0,0.0,0.0,0.0,0.0,230.90393264889718,0.0,0.0,3723.1273981332756,0.0,445.5587902009486,0.0,0.0,5091.0468735694885,0.0,0.0,0.0,0.0,0.0,0.0,0.0,4540.079973229765,0.0,0.0,0.0,0.0,0.0,0.0,0.0
3124,0.0,425.34383992552756,0.0,0.0,0.0,0.0,0.0,0.0,0.0,0.0,0.0,0.0,0.0,249.31389935016622,0.0,0.0,4066.97451455891,0.0,431.0003919363022,0.0,0.0,5112.801305311918,0.0,0.0,0.0,0.0,0.0,0.0,0.0,4485.457329457998,0.0,0.0,0.0,0.0,0.0,0.0,0.0
3125,0.0,408.34684243798256,0.0,0.0,0.0,0.0,0.0,0.0,0.0,0.0,0.0,0.0,0.0,267.17800462841984,0.0,0.0,4540.282993361352,0.0,415.9401056587696,0.0,0.0,5018.005401679873,0.0,0.0,0.0,0.0,0.0,0.0,0.0,4436.619038262962,0.0,0.0,0.0,0.0,0.0,0.0,0.0
3126,0.0,388.0740373313427,0.0,0.0,0.0,0.0,0.0,0.0,0.0,0.0,0.0,0.0,0.0,284.4598876118659,0.0,0.0,4733.3356512337905,0.0,396.01907606720926,0.0,0.0,4997.348167875409,0.0,0.0,0.0,0.0,0.0,0.0,0.0,4184.033834350108,0.0,0.0,0.0,0.0,0.0,0.0,0.0
3127,0.0,374.2066481351852,0.0,0.0,0.0,0.0,0.0,0.0,0.0,0.0,0.0,0.0,0.0,291.1908409297466,0.0,0.0,4939.433584928512,0.0,395.81170490384096,0.0,0.0,4942.0577479451895,0.0,0.0,0.0,0.0,0.0,0.0,0.0,3921.104706615209,0.0,0.0,0.0,0.0,0.0,0.0,0.0
3128,0.0,370.39808691143986,0.0,0.0,0.0,0.0,0.0,0.0,0.0,0.0,0.0,0.0,0.0,290.4992670118809,0.0,0.0,5233.18312397599,0.0,390.0164871335028,0.0,0.0,4853.06149213314,0.0,0.0,0.0,0.0,0.0,0.0,0.0,3654.2307487815615,0.0,0.0,0.0,0.0,0.0,0.0,0.0
3129,0.0,368.1600953221321,0.0,0.0,0.0,0.0,0.0,0.0,0.0,0.0,0.0,0.0,0.0,289.1801430046558,0.0,0.0,5555.550515651702,0.0,389.61075578927995,0.0,0.0,4752.574933853745,0.0,0.0,0.0,0.0,0.0,0.0,0.0,3411.0749508321287,0.0,0.0,0.0,0.0,0.0,0.0,0.0
3130,0.0,376.02582115530964,0.0,0.0,0.0,0.0,0.0,0.0,0.0,0.0,0.0,0.0,0.0,273.154974246025,0.0,0.0,5612.9176810085755,0.0,381.6376665413378,0.0,0.0,4628.888876017927,0.0,0.0,0.0,0.0,0.0,0.0,0.0,3288.8821299046263,0.0,0.0,0.0,0.0,0.0,0.0,0.0
3131,0.0,374.37245854139326,0.0,0.0,0.0,0.0,0.0,0.0,0.0,0.0,0.0,0.0,0.0,265.03715181946745,0.0,0.0,5671.325636982917,0.0,375.9105054020882,0.0,0.0,4496.175155898929,0.0,0.0,0.0,0.0,0.0,0.0,0.0,3139.0020909607397,0.0,0.0,0.0,0.0,0.0,0.0,0.0
3132,0.0,366.6673808276653,0.0,0.0,0.0,0.0,0.0,0.0,0.0,0.0,0.0,0.0,0.0,264.7885214686394,0.0,0.0,5703.1599837839585,0.0,370.38843303918827,0.0,0.0,4368.243813988565,0.0,0.0,0.0,0.0,0.0,0.0,0.0,2949.6938205197434,0.0,0.0,0.0,0.0,0.0,0.0,0.0
3133,0.0,361.6078067421913,0.0,0.0,0.0,0.0,0.0,0.0,0.0,0.0,0.0,0.0,0.0,272.58066526055325,0.0,0.0,5717.018912062047,0.0,370.6646315097808,0.0,0.0,4235.943056890368,0.0,0.0,0.0,0.0,0.0,0.0,0.0,2738.6600555405016,0.0,0.0,0.0,0.0,0.0,0.0,0.0
3134,0.0,352.7532785475253,0.0,0.0,0.0,0.0,0.0,0.0,0.0,0.0,0.0,0.0,0.0,285.78755261301995,0.0,0.0,5717.4393510222435,0.0,386.2699043810367,0.0,0.0,4111.011449298262,0.0,0.0,0.0,0.0,0.0,0.0,0.0,2564.389438381791,0.0,0.0,0.0,0.0,0.0,0.0,0.0
3135,0.0,322.5986221253872,0.0,0.0,0.0,0.0,0.0,0.0,0.0,0.0,0.0,0.0,0.0,313.57546339631074,0.0,0.0,5946.188871249556,0.0,430.45727275013917,0.0,0.0,4202.594173648952,0.0,0.0,0.0,0.0,0.0,0.0,0.0,2400.3103254020198,0.0,0.0,0.0,0.0,0.0,0.0,0.0
3136,0.0,296.05678086876867,0.0,0.0,0.0,0.0,0.0,0.0,0.0,0.0,0.0,0.0,0.0,344.66322417259215,0.0,0.0,6170.951805591582,0.0,476.87014631032946,0.0,0.0,4303.6583957433695,0.0,0.0,0.0,0.0,0.0,0.0,0.0,2311.0332767486566,0.0,0.0,0.0,0.0,0.0,0.0,0.0
3137,0.0,256.39560504555703,0.0,0.0,0.0,0.0,0.0,0.0,0.0,0.0,0.0,0.0,0.0,374.48079792261115,0.0,0.0,6429.887365207076,0.0,512.6812136054039,0.0,0.0,4421.51543815434,0.0,0.0,0.0,0.0,0.0,0.0,0.0,2233.7255998313426,0.0,0.0,0.0,0.0,0.0,0.0,0.0
3138,0.0,213.38493276536457,0.0,0.0,0.0,0.0,0.0,0.0,0.0,0.0,0.0,0.0,0.0,421.1652878880501,0.0,0.0,6752.455058515072,0.0,568.0622971534727,0.0,0.0,4538.136316332221,0.0,0.0,0.0,0.0,0.0,0.0,0.0,2108.8810748875126,0.0,0.0,0.0,0.0,0.0,0.0,0.0
3139,0.0,204.40294658839693,0.0,0.0,0.0,0.0,0.0,0.0,0.0,0.0,0.0,0.0,0.0,482.25868120193473,0.0,0.0,7076.302737593651,0.0,621.0126088857651,0.0,0.0,4444.648330771922,0.0,0.0,0.0,0.0,0.0,0.0,0.0,2185.6640521556137,0.0,0.0,0.0,0.0,0.0,0.0,0.0
3140,0.0,199.33111207187167,0.0,0.0,0.0,0.0,0.0,0.0,0.0,0.0,0.0,0.0,0.0,542.686459839344,0.0,0.0,7329.259196251629,0.0,674.249137878418,0.0,0.0,4395.337700155377,0.0,0.0,0.0,0.0,0.0,0.0,0.0,2221.967409759759,0.0,0.0,0.0,0.0,0.0,0.0,0.0
3141,0.0,197.91487797796725,0.0,0.0,0.0,0.0,0.0,0.0,0.0,0.0,0.0,0.0,0.0,601.4722155809401,0.0,0.0,7520.5398653149605,0.0,729.9937434315681,0.0,0.0,4374.166987404226,0.0,0.0,0.0,0.0,0.0,0.0,0.0,2250.1777001693827,0.0,0.0,0.0,0.0,0.0,0.0,0.0
3142,0.0,197.67797390520573,0.0,0.0,0.0,0.0,0.0,0.0,0.0,0.0,0.0,0.0,0.0,649.2940700292586,0.0,0.0,7694.510583996771,0.0,770.7446076273917,0.0,0.0,4336.263400581479,0.0,0.0,0.0,0.0,0.0,0.0,0.0,2255.6667961895464,0.0,0.0,0.0,0.0,0.0,0.0,0.0
3143,0.0,197.4768411129713,0.0,0.0,0.0,0.0,0.0,0.0,0.0,0.0,0.0,0.0,0.0,676.6196462750434,0.0,0.0,7890.932976514099,0.0,781.1272158145904,0.0,0.0,4245.057308194041,0.0,0.0,0.0,0.0,0.0,0.0,0.0,2274.1330778136844,0.0,0.0,0.0,0.0,0.0,0.0,0.0
3144,0.0,182.70044055283068,0.0,0.0,0.0,0.0,0.0,0.0,0.0,0.0,0.0,0.0,0.0,679.8260833501814,0.0,0.0,8199.130680680273,0.0,790.4320630669592,0.0,0.0,4281.929395741224,0.0,0.0,0.0,0.0,0.0,0.0,0.0,2642.742898473143,0.0,0.0,0.0,0.0,0.0,0.0,0.0
3145,0.0,171.007776877284,0.0,0.0,0.0,0.0,0.0,0.0,0.0,0.0,0.0,0.0,0.0,662.529696369171,0.0,0.0,8459.226434022186,0.0,772.5187040925026,0.0,0.0,4020.1380888462063,0.0,0.0,0.0,0.0,0.0,0.0,0.0,2946.300630196929,0.0,0.0,0.0,0.0,0.0,0.0,0.0
3146,0.0,162.11065981686113,0.0,0.0,0.0,0.0,0.0,0.0,0.0,0.0,0.0,0.0,0.0,634.1679921984671,0.0,0.0,8665.744028806685,0.0,747.513701879978,0.0,0.0,3672.033877497911,0.0,0.0,0.0,0.0,0.0,0.0,0.0,3196.6832527428846,0.0,0.0,0.0,0.0,0.0,0.0,0.0
3147,0.0,155.2411992162466,0.0,0.0,0.0,0.0,0.0,0.0,0.0,0.0,0.0,0.0,0.0,604.415249300003,0.0,0.0,8824.363474816082,0.0,733.8293392777442,0.0,0.0,3422.2866189390415,0.0,0.0,0.0,0.0,0.0,0.0,0.0,3396.804277533293,0.0,0.0,0.0,0.0,0.0,0.0,0.0
3148,0.0,149.21577250063416,0.0,0.0,0.0,0.0,0.0,0.0,0.0,0.0,0.0,0.0,0.0,572.4410857915877,0.0,0.0,8858.86980649829,0.0,732.0182503581046,0.0,0.0,3203.9003292560574,0.0,0.0,0.0,0.0,0.0,0.0,0.0,3561.4428049564362,0.0,0.0,0.0,0.0,0.0,0.0,0.0
3149,0.0,144.22807764708992,0.0,0.0,0.0,0.0,0.0,0.0,0.0,0.0,0.0,0.0,0.0,534.4389981269835,0.0,0.0,8742.072563439606,0.0,733.3139940738678,0.0,0.0,3049.778230717778,0.0,0.0,0.0,0.0,0.0,0.0,0.0,3687.8686610966915,0.0,0.0,0.0,0.0,0.0,0.0,0.0
3150,0.0,135.52057642936703,0.0,0.0,0.0,0.0,0.0,0.0,0.0,0.0,0.0,0.0,0.0,497.2837914824486,0.0,0.0,8462.519937366245,0.0,734.4137489199637,0.0,0.0,2954.328670808673,0.0,0.0,0.0,0.0,0.0,0.0,0.0,3468.7698538869618,0.0,0.0,0.0,0.0,0.0,0.0,0.0
3151,0.0,126.06134525835512,0.0,0.0,0.0,0.0,0.0,0.0,0.0,0.0,0.0,0.0,0.0,455.6629227995872,0.0,0.0,8238.812962114811,0.0,741.4479471445082,0.0,0.0,2858.9390571445224,0.0,0.0,0.0,0.0,0.0,0.0,0.0,3286.5829980164754,0.0,0.0,0.0,0.0,0.0,0.0,0.0
3152,0.0,115.65596371740102,0.0,0.0,0.0,0.0,0.0,0.0,0.0,0.0,0.0,0.0,0.0,419.4269154071808,0.0,0.0,8072.585943430662,0.0,763.1142617702484,0.0,0.0,2782.6592769920826,0.0,0.0,0.0,0.0,0.0,0.0,0.0,3126.6128871828314,0.0,0.0,0.0,0.0,0.0,0.0,0.0
3153,0.0,108.16557681262492,0.0,0.0,0.0,0.0,0.0,0.0,0.0,0.0,0.0,0.0,0.0,402.29587848186486,0.0,0.0,7972.456907659767,0.0,797.9370258450508,0.0,0.0,2709.1458041131496,0.0,0.0,0.0,0.0,0.0,0.0,0.0,3006.9625633150335,0.0,0.0,0.0,0.0,0.0,0.0,0.0
3154,0.0,105.17455768436191,0.0,0.0,0.0,0.0,0.0,0.0,0.0,0.0,0.0,0.0,0.0,381.85263962745665,0.0,0.0,7683.703630298376,0.0,825.665182542801,0.0,0.0,2650.1378087192775,0.0,0.0,0.0,0.0,0.0,0.0,0.0,2998.182251679897,0.0,0.0,0.0,0.0,0.0,0.0,0.0
3155,0.0,102.659485964477,0.0,0.0,0.0,0.0,0.0,0.0,0.0,0.0,0.0,0.0,0.0,372.9037627995014,0.0,0.0,7428.367666035891,0.0,855.3320047020911,0.0,0.0,2574.9173816531898,0.0,0.0,0.0,0.0,0.0,0.0,0.0,2984.0052360028026,0.0,0.0,0.0,0.0,0.0,0.0,0.0
3156,0.0,100.54838422536845,0.0,0.0,0.0,0.0,0.0,0.0,0.0,0.0,0.0,0.0,0.0,375.3411517441272,0.0,0.0,7195.764964699745,0.0,880.0265429973603,0.0,0.0,2502.9721994251013,0.0,0.0,0.0,0.0,0.0,0.0,0.0,2963.8786108642807,0.0,0.0,0.0,0.0,0.0,0.0,0.0
3157,0.0,98.67751819789405,0.0,0.0,0.0,0.0,0.0,0.0,0.0,0.0,0.0,0.0,0.0,378.7642969250679,0.0,0.0,6990.396284520626,0.0,887.1532223582267,0.0,0.0,2437.7786901041864,0.0,0.0,0.0,0.0,0.0,0.0,0.0,2945.1868638843284,0.0,0.0,0.0,0.0,0.0,0.0,0.0
3158,0.0,97.01613860875366,0.0,0.0,0.0,0.0,0.0,0.0,0.0,0.0,0.0,0.0,0.0,386.68401761054986,0.0,0.0,6805.324577122925,0.0,878.3906346917153,0.0,0.0,2399.752637341618,0.0,0.0,0.0,0.0,0.0,0.0,0.0,2926.63976188004,0.0,0.0,0.0,0.0,0.0,0.0,0.0
3159,0.0,93.21534185707563,0.0,0.0,0.0,0.0,0.0,0.0,0.0,0.0,0.0,0.0,0.0,409.2755518198013,0.0,0.0,6895.382524609566,0.0,844.7471829533575,0.0,0.0,2476.0240916267035,0.0,0.0,0.0,0.0,0.0,0.0,0.0,2686.8471404209718,0.0,0.0,0.0,0.0,0.0,0.0,0.0
3160,0.0,96.84049460738893,0.0,0.0,0.0,0.0,0.0,0.0,0.0,0.0,0.0,0.0,0.0,429.1108333110809,0.0,0.0,6969.670705139635,0.0,795.2278620958328,0.0,0.0,2538.795227685571,0.0,0.0,0.0,0.0,0.0,0.0,0.0,2488.697445842624,0.0,0.0,0.0,0.0,0.0,0.0,0.0
3161,0.0,97.01092722415925,0.0,0.0,0.0,0.0,0.0,0.0,0.0,0.0,0.0,0.0,0.0,438.98157705068587,0.0,0.0,7087.497070759533,0.0,736.3060552477837,0.0,0.0,2553.8278082638976,0.0,0.0,0.0,0.0,0.0,0.0,0.0,2303.355521440505,0.0,0.0,0.0,0.0,0.0,0.0,0.0
3162,0.0,90.1419295459985,0.0,0.0,0.0,0.0,0.0,0.0,0.0,0.0,0.0,0.0,0.0,447.8721464633942,0.0,0.0,7199.459071308373,0.0,670.9616113305091,0.0,0.0,2571.154997885227,0.0,0.0,0.0,0.0,0.0,0.0,0.0,2148.0491262346486,0.0,0.0,0.0,0.0,0.0,0.0,0.0
3163,0.0,78.76906813234085,0.0,0.0,0.0,0.0,0.0,0.0,0.0,0.0,0.0,0.0,0.0,465.1432018876075,0.0,0.0,7374.272223651409,0.0,599.6217220544816,0.0,0.0,2518.0526158958673,0.0,0.0,0.0,0.0,0.0,0.0,0.0,2183.310859207808,0.0,0.0,0.0,0.0,0.0,0.0,0.0
3164,0.0,69.69860064089292,0.0,0.0,0.0,0.0,0.0,0.0,0.0,0.0,0.0,0.0,0.0,482.3237362265587,0.0,0.0,7585.265684813261,0.0,546.7015259742735,0.0,0.0,2485.301378551125,0.0,0.0,0.0,0.0,0.0,0.0,0.0,2207.8923687905067,0.0,0.0,0.0,0.0,0.0,0.0,0.0
3165,0.0,62.99185026884079,0.0,0.0,0.0,0.0,0.0,0.0,0.0,0.0,0.0,0.0,0.0,497.3154895544052,0.0,0.0,7758.10926926136,0.0,505.1643349885941,0.0,0.0,2469.471482639014,0.0,0.0,0.0,0.0,0.0,0.0,0.0,2225.7440900742986,0.0,0.0,0.0,0.0,0.0,0.0,0.0
3166,0.0,57.73756819367408,0.0,0.0,0.0,0.0,0.0,0.0,0.0,0.0,0.0,0.0,0.0,516.1212786436081,0.0,0.0,7899.702687591314,0.0,478.5070624232291,0.0,0.0,2465.8053761735555,0.0,0.0,0.0,0.0,0.0,0.0,0.0,2238.7516511231643,0.0,0.0,0.0,0.0,0.0,0.0,0.0
3167,0.0,53.768323780596226,0.0,0.0,0.0,0.0,0.0,0.0,0.0,0.0,0.0,0.0,0.0,543.271013534069,0.0,0.0,8015.700279861689,0.0,466.1540724873542,0.0,0.0,2458.7265723690384,0.0,0.0,0.0,0.0,0.0,0.0,0.0,2257.942423269151,0.0,0.0,0.0,0.0,0.0,0.0,0.0
3168,0.0,63.29137512445447,0.0,0.0,0.0,0.0,0.0,0.0,0.0,0.0,0.0,0.0,0.0,576.7397837281227,0.0,0.0,8130.7473144829255,0.0,484.5508825302124,0.0,0.0,3034.1240862965583,0.0,0.0,0.0,0.0,0.0,0.0,0.0,2606.644936734436,0.0,0.0,0.0,0.0,0.0,0.0,0.0
3169,0.0,70.60456793904302,0.0,0.0,0.0,0.0,0.0,0.0,0.0,0.0,0.0,0.0,0.0,616.2376886129379,0.0,0.0,8176.038041621447,0.0,507.06144322156905,0.0,0.0,3390.3579772889616,0.0,0.0,0.0,0.0,0.0,0.0,0.0,2886.0182093337176,0.0,0.0,0.0,0.0,0.0,0.0,0.0
3170,0.0,76.28062848150726,0.0,0.0,0.0,0.0,0.0,0.0,0.0,0.0,0.0,0.0,0.0,655.3857490062713,0.0,0.0,8203.616659373045,0.0,528.0208699822426,0.0,0.0,3592.050448787212,0.0,0.0,0.0,0.0,0.0,0.0,0.0,3124.6822383701783,0.0,0.0,0.0,0.0,0.0,0.0,0.0
3171,0.0,81.0712025374174,0.0,0.0,0.0,0.0,0.0,0.0,0.0,0.0,0.0,0.0,0.0,688.5084408164024,0.0,0.0,8263.225647270678,0.0,543.542998754978,0.0,0.0,3632.20565290153,0.0,0.0,0.0,0.0,0.0,0.0,0.0,3315.8790297746655,0.0,0.0,0.0,0.0,0.0,0.0,0.0
3172,0.0,84.99373386651271,0.0,0.0,0.0,0.0,0.0,0.0,0.0,0.0,0.0,0.0,0.0,715.8069817900657,0.0,0.0,8329.830023825169,0.0,554.516241276264,0.0,0.0,3508.8738228768107,0.0,0.0,0.0,0.0,0.0,0.0,0.0,3520.4037708491082,0.0,0.0,0.0,0.0,0.0,0.0,0.0
3173,0.0,88.44177669435737,0.0,0.0,0.0,0.0,0.0,0.0,0.0,0.0,0.0,0.0,0.0,730.6110574245453,0.0,0.0,8379.15245333314,0.0,549.2161236405371,0.0,0.0,2959.1825000971553,0.0,0.0,0.0,0.0,0.0,0.0,0.0,3675.113505530356,0.0,0.0,0.0,0.0,0.0,0.0,0.0
3174,0.0,85.20042874217032,0.0,0.0,0.0,0.0,0.0,0.0,0.0,0.0,0.0,0.0,0.0,740.1112879157066,0.0,0.0,8374.620580285786,0.0,528.6985907196997,0.0,0.0,2831.584192880988,0.0,0.0,0.0,0.0,0.0,0.0,0.0,3548.1665658652764,0.0,0.0,0.0,0.0,0.0,0.0,0.0
3175,0.0,82.03984673023218,0.0,0.0,0.0,0.0,0.0,0.0,0.0,0.0,0.0,0.0,0.0,746.9520187854766,0.0,0.0,8370.878245711325,0.0,500.94280824661257,0.0,0.0,2689.5806213468313,0.0,0.0,0.0,0.0,0.0,0.0,0.0,3434.8563928931953,0.0,0.0,0.0,0.0,0.0,0.0,0.0
3176,0.0,77.9376804471015,0.0,0.0,0.0,0.0,0.0,0.0,0.0,0.0,0.0,0.0,0.0,751.6443197965622,0.0,0.0,8367.786988675593,0.0,488.757084673643,0.0,0.0,2593.447734797001,0.0,0.0,0.0,0.0,0.0,0.0,0.0,3298.077211007476,0.0,0.0,0.0,0.0,0.0,0.0,0.0
3177,0.0,75.64820626974105,0.0,0.0,0.0,0.0,0.0,0.0,0.0,0.0,0.0,0.0,0.0,751.1161232113838,0.0,0.0,8365.234017968176,0.0,489.9714331328869,0.0,0.0,2495.121814785897,0.0,0.0,0.0,0.0,0.0,0.0,0.0,3206.65109962821,0.0,0.0,0.0,0.0,0.0,0.0,0.0
3178,0.0,82.81261159926648,0.0,0.0,0.0,0.0,0.0,0.0,0.0,0.0,0.0,0.0,0.0,729.1692659139633,0.0,0.0,8179.6613620221615,0.0,475.472288006544,0.0,0.0,2444.4767747014757,0.0,0.0,0.0,0.0,0.0,0.0,0.0,3179.618038514256,0.0,0.0,0.0,0.0,0.0,0.0,0.0
3179,0.0,88.33207810074087,0.0,0.0,0.0,0.0,0.0,0.0,0.0,0.0,0.0,0.0,0.0,707.034641253948,0.0,0.0,8020.298271894455,0.0,457.228516459465,0.0,0.0,2385.1623873889444,0.0,0.0,0.0,0.0,0.0,0.0,0.0,3152.2591645926236,0.0,0.0,0.0,0.0,0.0,0.0,0.0
3180,0.0,92.71352690309281,0.0,0.0,0.0,0.0,0.0,0.0,0.0,0.0,0.0,0.0,0.0,686.0486345648766,0.0,0.0,7884.3778625130635,0.0,436.7437669157982,0.0,0.0,2319.458880847692,0.0,0.0,0.0,0.0,0.0,0.0,0.0,3125.6191762000317,0.0,0.0,0.0,0.0,0.0,0.0,0.0
3181,0.0,97.83772776871912,0.0,0.0,0.0,0.0,0.0,0.0,0.0,0.0,0.0,0.0,0.0,667.5426097035408,0.0,0.0,7766.829974502323,0.0,415.9742228984832,0.0,0.0,2250.54628226906,0.0,0.0,0.0,0.0,0.0,0.0,0.0,3104.8134429007764,0.0,0.0,0.0,0.0,0.0,0.0,0.0
3182,0.0,103.38885536044829,0.0,0.0,0.0,0.0,0.0,0.0,0.0,0.0,0.0,0.0,0.0,651.2221377611161,0.0,0.0,7647.105605065823,0.0,389.4274534344673,0.0,0.0,2171.1736694633955,0.0,0.0,0.0,0.0,0.0,0.0,0.0,3086.125673657654,0.0,0.0,0.0,0.0,0.0,0.0,0.0
3183,0.0,95.10039715915917,0.0,0.0,0.0,0.0,0.0,0.0,0.0,0.0,0.0,0.0,0.0,650.9194592833518,0.0,0.0,7789.655026137829,0.0,382.0226192712782,0.0,0.0,2110.5089778453107,0.0,0.0,0.0,0.0,0.0,0.0,0.0,2804.895882795751,0.0,0.0,0.0,0.0,0.0,0.0,0.0
3184,0.0,88.12725595682853,0.0,0.0,0.0,0.0,0.0,0.0,0.0,0.0,0.0,0.0,0.0,651.6311639428137,0.0,0.0,7888.523911833761,0.0,372.42580432891845,0.0,0.0,2023.1618492871523,0.0,0.0,0.0,0.0,0.0,0.0,0.0,2582.8517422690966,0.0,0.0,0.0,0.0,0.0,0.0,0.0
3185,0.0,82.39098743945354,0.0,0.0,0.0,0.0,0.0,0.0,0.0,0.0,0.0,0.0,0.0,640.8394275665283,0.0,0.0,7930.467462569473,0.0,345.3851796686649,0.0,0.0,1863.9582468330857,0.0,0.0,0.0,0.0,0.0,0.0,0.0,2426.549647212027,0.0,0.0,0.0,0.0,0.0,0.0,0.0
3186,0.0,77.42803789526222,0.0,0.0,0.0,0.0,0.0,0.0,0.0,0.0,0.0,0.0,0.0,630.6867189407347,0.0,0.0,7935.096569418905,0.0,306.07601339221003,0.0,0.0,1707.0329044461241,0.0,0.0,0.0,0.0,0.0,0.0,0.0,2342.2523634582744,0.0,0.0,0.0,0.0,0.0,0.0,0.0
3187,0.0,73.7931287035346,0.0,0.0,0.0,0.0,0.0,0.0,0.0,0.0,0.0,0.0,0.0,630.9757676959038,0.0,0.0,7884.965932548044,0.0,250.35414278507233,0.0,0.0,1588.654208600521,0.0,0.0,0.0,0.0,0.0,0.0,0.0,2528.4296125948426,0.0,0.0,0.0,0.0,0.0,0.0,0.0
3188,0.0,70.7818812668323,0.0,0.0,0.0,0.0,0.0,0.0,0.0,0.0,0.0,0.0,0.0,633.2678028225898,0.0,0.0,7767.757196038961,0.0,199.688515278697,0.0,0.0,1523.7463522195808,0.0,0.0,0.0,0.0,0.0,0.0,0.0,2689.8311662688834,0.0,0.0,0.0,0.0,0.0,0.0,0.0
3189,0.0,68.20613864958284,0.0,0.0,0.0,0.0,0.0,0.0,0.0,0.0,0.0,0.0,0.0,639.550835931301,0.0,0.0,7640.624388754366,0.0,156.47316218614566,0.0,0.0,1486.8530715554953,0.0,0.0,0.0,0.0,0.0,0.0,0.0,2860.7912215471265,0.0,0.0,0.0,0.0,0.0,0.0,0.0
3190,0.0,66.26431923508639,0.0,0.0,0.0,0.0,0.0,0.0,0.0,0.0,0.0,0.0,0.0,651.6944704174995,0.0,0.0,7520.952914506195,0.0,124.52957005202761,0.0,0.0,1446.3896589696408,0.0,0.0,0.0,0.0,0.0,0.0,0.0,3009.882041342555,0.0,0.0,0.0,0.0,0.0,0.0,0.0
3191,0.0,64.98036873936645,0.0,0.0,0.0,0.0,0.0,0.0,0.0,0.0,0.0,0.0,0.0,672.2290822148323,0.0,0.0,7443.617037683725,0.0,107.82453492432829,0.0,0.0,1400.6246368110171,0.0,0.0,0.0,0.0,0.0,0.0,0.0,3100.814370936154,0.0,0.0,0.0,0.0,0.0,0.0,0.0
3192,0.0,76.35483635365954,0.0,0.0,0.0,0.0,0.0,0.0,0.0,0.0,0.0,0.0,0.0,701.951203072071,0.0,0.0,7503.454719483851,0.0,123.68559075891969,0.0,0.0,1614.627887159586,0.0,0.0,0.0,0.0,0.0,0.0,0.0,3473.694292083382,0.0,0.0,0.0,0.0,0.0,0.0,0.0
3193,0.0,88.71502719372502,0.0,0.0,0.0,0.0,0.0,0.0,0.0,0.0,0.0,0.0,0.0,736.9591007232666,0.0,0.0,7578.695013403891,0.0,147.28138201534728,0.0,0.0,1808.4604371160265,0.0,0.0,0.0,0.0,0.0,0.0,0.0,3791.1252850353703,0.0,0.0,0.0,0.0,0.0,0.0,0.0
3194,0.0,103.02410052269691,0.0,0.0,0.0,0.0,0.0,0.0,0.0,0.0,0.0,0.0,0.0,773.3463352680207,0.0,0.0,7655.747745394707,0.0,174.06280754208552,0.0,0.0,1988.583916644752,0.0,0.0,0.0,0.0,0.0,0.0,0.0,4061.4678293853985,0.0,0.0,0.0,0.0,0.0,0.0,0.0
3195,0.0,117.81286672353741,0.0,0.0,0.0,0.0,0.0,0.0,0.0,0.0,0.0,0.0,0.0,806.5134581804275,0.0,0.0,7710.401698738335,0.0,195.89529179930682,0.0,0.0,2155.9595849767325,0.0,0.0,0.0,0.0,0.0,0.0,0.0,4285.005790898203,0.0,0.0,0.0,0.0,0.0,0.0,0.0
3196,0.0,141.3901385575532,0.0,0.0,0.0,0.0,0.0,0.0,0.0,0.0,0.0,0.0,0.0,839.378664803505,0.0,0.0,7756.872455298899,0.0,223.04372219443317,0.0,0.0,2329.3998150900006,0.0,0.0,0.0,0.0,0.0,0.0,0.0,4511.211005762218,0.0,0.0,0.0,0.0,0.0,0.0,0.0
3197,0.0,167.11953687965865,0.0,0.0,0.0,0.0,0.0,0.0,0.0,0.0,0.0,0.0,0.0,867.85671479702,0.0,0.0,7775.400550752878,0.0,258.53857514262194,0.0,0.0,2387.5393468290567,0.0,0.0,0.0,0.0,0.0,0.0,0.0,4696.747477656602,0.0,0.0,0.0,0.0,0.0,0.0,0.0
3198,0.0,176.54023326337335,0.0,0.0,0.0,0.0,0.0,0.0,0.0,0.0,0.0,0.0,0.0,895.4817414283752,0.0,0.0,7670.18424245715,0.0,281.8969388663769,0.0,0.0,2249.5960737347596,0.0,0.0,0.0,0.0,0.0,0.0,0.0,4466.916736477613,0.0,0.0,0.0,0.0,0.0,0.0,0.0
3199,0.0,182.29966193139543,0.0,0.0,0.0,0.0,0.0,0.0,0.0,0.0,0.0,0.0,0.0,931.7385969161987,0.0,0.0,7575.126921802759,0.0,305.6340009868144,0.0,0.0,2130.626998203993,0.0,0.0,0.0,0.0,0.0,0.0,0.0,4270.548887193202,0.0,0.0,0.0,0.0,0.0,0.0,0.0
3200,0.0,180.03473667204378,0.0,0.0,0.0,0.0,0.0,0.0,0.0,0.0,0.0,0.0,0.0,970.1764770269394,0.0,0.0,7524.773036122322,0.0,330.29928323030464,0.0,0.0,2043.0609750241038,0.0,0.0,0.0,0.0,0.0,0.0,0.0,4084.884766107796,0.0,0.0,0.0,0.0,0.0,0.0,0.0
3201,0.0,178.98959805071354,0.0,0.0,0.0,0.0,0.0,0.0,0.0,0.0,0.0,0.0,0.0,1005.0082194805145,0.0,0.0,7560.386277407406,0.0,357.3411528289317,0.0,0.0,1945.0689979836343,0.0,0.0,0.0,0.0,0.0,0.0,0.0,3927.9992093801493,0.0,0.0,0.0,0.0,0.0,0.0,0.0
3202,0.0,175.11356237232678,0.0,0.0,0.0,0.0,0.0,0.0,0.0,0.0,0.0,0.0,0.0,1022.110651922226,0.0,0.0,7377.1013383567315,0.0,371.10347228646265,0.0,0.0,1937.9468996688724,0.0,0.0,0.0,0.0,0.0,0.0,0.0,3753.661151501535,0.0,0.0,0.0,0.0,0.0,0.0,0.0
3203,0.0,177.16108241379254,0.0,0.0,0.0,0.0,0.0,0.0,0.0,0.0,0.0,0.0,0.0,1040.1693170070648,0.0,0.0,7200.024583101273,0.0,389.09463990926736,0.0,0.0,1938.5537797093389,0.0,0.0,0.0,0.0,0.0,0.0,0.0,3619.285607498882,0.0,0.0,0.0,0.0,0.0,0.0,0.0
3204,0.0,183.33736573755735,0.0,0.0,0.0,0.0,0.0,0.0,0.0,0.0,0.0,0.0,0.0,1055.8339930534362,0.0,0.0,7022.125618815422,0.0,408.12533107399935,0.0,0.0,1938.6270473420616,0.0,0.0,0.0,0.0,0.0,0.0,0.0,3527.8291206747294,0.0,0.0,0.0,0.0,0.0,0.0,0.0
3205,0.0,190.3458293259144,0.0,0.0,0.0,0.0,0.0,0.0,0.0,0.0,0.0,0.0,0.0,1070.93850543499,0.0,0.0,6845.454911917446,0.0,431.4752470016479,0.0,0.0,1945.1911611646406,0.0,0.0,0.0,0.0,0.0,0.0,0.0,3461.037133488058,0.0,0.0,0.0,0.0,0.0,0.0,0.0
3206,0.0,196.9599390953779,0.0,0.0,0.0,0.0,0.0,0.0,0.0,0.0,0.0,0.0,0.0,1085.572971725464,0.0,0.0,6673.782022446392,0.0,462.8046843588352,0.0,0.0,1955.440001119673,0.0,0.0,0.0,0.0,0.0,0.0,0.0,3420.399489188193,0.0,0.0,0.0,0.0,0.0,0.0,0.0
3207,0.0,205.17745793759823,0.0,0.0,0.0,0.0,0.0,0.0,0.0,0.0,0.0,0.0,0.0,1104.3564331769944,0.0,0.0,6759.496341526508,0.0,510.97973854541766,0.0,0.0,2103.29378119558,0.0,0.0,0.0,0.0,0.0,0.0,0.0,3255.738903406262,0.0,0.0,0.0,0.0,0.0,0.0,0.0
3208,0.0,211.26985410153867,0.0,0.0,0.0,0.0,0.0,0.0,0.0,0.0,0.0,0.0,0.0,1110.362926387787,0.0,0.0,6784.458981066942,0.0,561.8594806313515,0.0,0.0,2247.705042189359,0.0,0.0,0.0,0.0,0.0,0.0,0.0,3158.8332787364707,0.0,0.0,0.0,0.0,0.0,0.0,0.0
3209,0.0,216.3465142339468,0.0,0.0,0.0,0.0,0.0,0.0,0.0,0.0,0.0,0.0,0.0,1095.9415141820907,0.0,0.0,6765.979113578795,0.0,585.9822365164757,0.0,0.0,2308.123590892553,0.0,0.0,0.0,0.0,0.0,0.0,0.0,3041.5894856512546,0.0,0.0,0.0,0.0,0.0,0.0,0.0
3210,0.0,228.51946696937082,0.0,0.0,0.0,0.0,0.0,0.0,0.0,0.0,0.0,0.0,0.0,1076.7159834384918,0.0,0.0,6796.694104850292,0.0,609.3947254180908,0.0,0.0,2347.3494768306614,0.0,0.0,0.0,0.0,0.0,0.0,0.0,2935.2125079751,0.0,0.0,0.0,0.0,0.0,0.0,0.0
3211,0.0,266.1516536772251,0.0,0.0,0.0,0.0,0.0,0.0,0.0,0.0,0.0,0.0,0.0,1057.2498701572417,0.0,0.0,6873.550813496111,0.0,615.6655392885207,0.0,0.0,2303.259013666212,0.0,0.0,0.0,0.0,0.0,0.0,0.0,3054.0445028930903,0.0,0.0,0.0,0.0,0.0,0.0,0.0
3212,0.0,301.81974458098404,0.0,0.0,0.0,0.0,0.0,0.0,0.0,0.0,0.0,0.0,0.0,1027.532681107521,0.0,0.0,6946.861210912466,0.0,617.8736449837684,0.0,0.0,2245.2375578641886,0.0,0.0,0.0,0.0,0.0,0.0,0.0,3189.5779299259166,0.0,0.0,0.0,0.0,0.0,0.0,0.0
3213,0.0,333.0723408401012,0.0,0.0,0.0,0.0,0.0,0.0,0.0,0.0,0.0,0.0,0.0,997.221343755722,0.0,0.0,7013.354351997374,0.0,620.6732149720191,0.0,0.0,2174.2151844978334,0.0,0.0,0.0,0.0,0.0,0.0,0.0,3318.8070056945085,0.0,0.0,0.0,0.0,0.0,0.0,0.0
3214,0.0,361.2876607954502,0.0,0.0,0.0,0.0,0.0,0.0,0.0,0.0,0.0,0.0,0.0,969.4100741386413,0.0,0.0,7021.828472316265,0.0,625.5911958098411,0.0,0.0,2111.3473169982426,0.0,0.0,0.0,0.0,0.0,0.0,0.0,3426.8531863898024,0.0,0.0,0.0,0.0,0.0,0.0,0.0
3215,0.0,385.82866703867904,0.0,0.0,0.0,0.0,0.0,0.0,0.0,0.0,0.0,0.0,0.0,949.3071300029754,0.0,0.0,6924.7533558011055,0.0,636.0027339935301,0.0,0.0,2081.707986111938,0.0,0.0,0.0,0.0,0.0,0.0,0.0,3505.720859369635,0.0,0.0,0.0,0.0,0.0,0.0,0.0
3216,0.0,399.4688875615596,0.0,0.0,0.0,0.0,0.0,0.0,0.0,0.0,0.0,0.0,0.0,937.0721225738525,0.0,0.0,7031.2337035238725,0.0,678.0656446695327,0.0,0.0,2491.447079694271,0.0,0.0,0.0,0.0,0.0,0.0,0.0,3760.277212688327,0.0,0.0,0.0,0.0,0.0,0.0,0.0
3217,0.0,411.4927512109279,0.0,0.0,0.0,0.0,0.0,0.0,0.0,0.0,0.0,0.0,0.0,933.9176488161087,0.0,0.0,7136.040851980446,0.0,720.1615758538246,0.0,0.0,2975.334077247977,0.0,0.0,0.0,0.0,0.0,0.0,0.0,3934.106481865048,0.0,0.0,0.0,0.0,0.0,0.0,0.0
3218,0.0,420.3511230647564,0.0,0.0,0.0,0.0,0.0,0.0,0.0,0.0,0.0,0.0,0.0,936.5821699142456,0.0,0.0,7245.62801414728,0.0,757.7142526507378,0.0,0.0,3423.782247474789,0.0,0.0,0.0,0.0,0.0,0.0,0.0,4071.9054108291853,0.0,0.0,0.0,0.0,0.0,0.0,0.0
3219,0.0,426.6778982698917,0.0,0.0,0.0,0.0,0.0,0.0,0.0,0.0,0.0,0.0,0.0,942.3434177875519,0.0,0.0,7345.442012399433,0.0,785.6199612736701,0.0,0.0,3755.895343843102,0.0,0.0,0.0,0.0,0.0,0.0,0.0,4194.265296703576,0.0,0.0,0.0,0.0,0.0,0.0,0.0
3220,0.0,429.1439002096652,0.0,0.0,0.0,0.0,0.0,0.0,0.0,0.0,0.0,0.0,0.0,951.0570249795913,0.0,0.0,7429.327558130026,0.0,805.9725102186203,0.0,0.0,3982.4600573390717,0.0,0.0,0.0,0.0,0.0,0.0,0.0,4307.5689606517535,0.0,0.0,0.0,0.0,0.0,0.0,0.0
3221,0.0,431.0194375455379,0.0,0.0,0.0,0.0,0.0,0.0,0.0,0.0,0.0,0.0,0.0,965.2490633010864,0.0,0.0,7486.278562813995,0.0,820.152417576313,0.0,0.0,4073.0591183066367,0.0,0.0,0.0,0.0,0.0,0.0,0.0,4407.541782030461,0.0,0.0,0.0,0.0,0.0,0.0,0.0
3222,0.0,428.1889052152634,0.0,0.0,0.0,0.0,0.0,0.0,0.0,0.0,0.0,0.0,0.0,969.8489153385162,0.0,0.0,7282.061130851505,0.0,816.8553465008735,0.0,0.0,4042.8307701498265,0.0,0.0,0.0,0.0,0.0,0.0,0.0,4225.902407392859,0.0,0.0,0.0,0.0,0.0,0.0,0.0
3223,0.0,421.83797387480735,0.0,0.0,0.0,0.0,0.0,0.0,0.0,0.0,0.0,0.0,0.0,958.7184534549713,0.0,0.0,7100.528733849525,0.0,798.4440121769906,0.0,0.0,4012.5161357313395,0.0,0.0,0.0,0.0,0.0,0.0,0.0,4039.1122251719235,0.0,0.0,0.0,0.0,0.0,0.0,0.0
3224,0.0,409.41061018109315,0.0,0.0,0.0,0.0,0.0,0.0,0.0,0.0,0.0,0.0,0.0,941.6861423492431,0.0,0.0,6985.753953874109,0.0,756.4502845048903,0.0,0.0,3942.532527852058,0.0,0.0,0.0,0.0,0.0,0.0,0.0,3874.372446265816,0.0,0.0,0.0,0.0,0.0,0.0,0.0
3225,0.0,402.760013705492,0.0,0.0,0.0,0.0,0.0,0.0,0.0,0.0,0.0,0.0,0.0,930.8472847938538,0.0,0.0,6963.187155216932,0.0,717.2224542021751,0.0,0.0,3834.8057953208686,0.0,0.0,0.0,0.0,0.0,0.0,0.0,3730.107525277138,0.0,0.0,0.0,0.0,0.0,0.0,0.0
3226,0.0,406.365646559,0.0,0.0,0.0,0.0,0.0,0.0,0.0,0.0,0.0,0.0,0.0,914.574561715126,0.0,0.0,6743.78413698077,0.0,683.1129805326461,0.0,0.0,3715.2557256281375,0.0,0.0,0.0,0.0,0.0,0.0,0.0,3615.301723256706,0.0,0.0,0.0,0.0,0.0,0.0,0.0
3227,0.0,408.6351449310779,0.0,0.0,0.0,0.0,0.0,0.0,0.0,0.0,0.0,0.0,0.0,908.4454010009765,0.0,0.0,6524.815170437096,0.0,669.4528053045273,0.0,0.0,3641.575129884481,0.0,0.0,0.0,0.0,0.0,0.0,0.0,3492.2215054035187,0.0,0.0,0.0,0.0,0.0,0.0,0.0
3228,0.0,409.23357741236686,0.0,0.0,0.0,0.0,0.0,0.0,0.0,0.0,0.0,0.0,0.0,904.4650736570359,0.0,0.0,6297.178393840789,0.0,660.8822345614433,0.0,0.0,3582.8980498731135,0.0,0.0,0.0,0.0,0.0,0.0,0.0,3353.945971244572,0.0,0.0,0.0,0.0,0.0,0.0,0.0
3229,0.0,407.2590588390827,0.0,0.0,0.0,0.0,0.0,0.0,0.0,0.0,0.0,0.0,0.0,900.0540650129318,0.0,0.0,6062.4408271461725,0.0,650.7084203243254,0.0,0.0,3536.625906702876,0.0,0.0,0.0,0.0,0.0,0.0,0.0,3197.856685107946,0.0,0.0,0.0,0.0,0.0,0.0,0.0
3230,0.0,400.82752287983897,0.0,0.0,0.0,0.0,0.0,0.0,0.0,0.0,0.0,0.0,0.0,896.4051551342011,0.0,0.0,5830.138772726057,0.0,638.4937371134757,0.0,0.0,3497.347794869542,0.0,0.0,0.0,0.0,0.0,0.0,0.0,3045.8948433518394,0.0,0.0,0.0,0.0,0.0,0.0,0.0
3231,0.0,395.7312797248363,0.0,0.0,0.0,0.0,0.0,0.0,0.0,0.0,0.0,0.0,0.0,904.3499383687973,0.0,0.0,5917.438391715287,0.0,647.1376406550407,0.0,0.0,3660.1505940914153,0.0,0.0,0.0,0.0,0.0,0.0,0.0,2830.9294471278768,0.0,0.0,0.0,0.0,0.0,0.0,0.0
3232,0.0,399.56562432646746,0.0,0.0,0.0,0.0,0.0,0.0,0.0,0.0,0.0,0.0,0.0,909.3199449777603,0.0,0.0,5995.891290456056,0.0,654.7670379877089,0.0,0.0,3820.120176342129,0.0,0.0,0.0,0.0,0.0,0.0,0.0,2654.829251833258,0.0,0.0,0.0,0.0,0.0,0.0,0.0
3233,0.0,405.16353514194486,0.0,0.0,0.0,0.0,0.0,0.0,0.0,0.0,0.0,0.0,0.0,905.0047030687332,0.0,0.0,6085.479015275834,0.0,649.6359355568885,0.0,0.0,3902.3579471737144,0.0,0.0,0.0,0.0,0.0,0.0,0.0,2515.225695991515,0.0,0.0,0.0,0.0,0.0,0.0,0.0
3234,0.0,412.677496021986,0.0,0.0,0.0,0.0,0.0,0.0,0.0,0.0,0.0,0.0,0.0,902.8261891841888,0.0,0.0,6143.564543962477,0.0,656.2496410250662,0.0,0.0,3983.897858941555,0.0,0.0,0.0,0.0,0.0,0.0,0.0,2395.683494243026,0.0,0.0,0.0,0.0,0.0,0.0,0.0
3235,0.0,429.4657014548778,0.0,0.0,0.0,0.0,0.0,0.0,0.0,0.0,0.0,0.0,0.0,915.1365187644958,0.0,0.0,6177.064311325548,0.0,660.8038034439087,0.0,0.0,3949.0736320048572,0.0,0.0,0.0,0.0,0.0,0.0,0.0,2620.7373351007695,0.0,0.0,0.0,0.0,0.0,0.0,0.0
3236,0.0,451.8841100513935,0.0,0.0,0.0,0.0,0.0,0.0,0.0,0.0,0.0,0.0,0.0,933.779468536377,0.0,0.0,6176.586698889732,0.0,674.7730198025703,0.0,0.0,3924.5507736772297,0.0,0.0,0.0,0.0,0.0,0.0,0.0,2812.717198242246,0.0,0.0,0.0,0.0,0.0,0.0,0.0
3237,0.0,471.89927777051923,0.0,0.0,0.0,0.0,0.0,0.0,0.0,0.0,0.0,0.0,0.0,953.6148396968841,0.0,0.0,6153.651578590274,0.0,687.4786237120628,0.0,0.0,3907.725255408883,0.0,0.0,0.0,0.0,0.0,0.0,0.0,2969.7622260555618,0.0,0.0,0.0,0.0,0.0,0.0,0.0
3238,0.0,484.98752639293673,0.0,0.0,0.0,0.0,0.0,0.0,0.0,0.0,0.0,0.0,0.0,966.2612495422363,0.0,0.0,6118.347151860593,0.0,695.5247789859772,0.0,0.0,3896.1159687280656,0.0,0.0,0.0,0.0,0.0,0.0,0.0,3080.2053548038007,0.0,0.0,0.0,0.0,0.0,0.0,0.0
3239,0.0,489.00670330524446,0.0,0.0,0.0,0.0,0.0,0.0,0.0,0.0,0.0,0.0,0.0,962.4670755147934,0.0,0.0,6088.51193203032,0.0,693.0970305919648,0.0,0.0,3885.9429698556655,0.0,0.0,0.0,0.0,0.0,0.0,0.0,3234.8427669972166,0.0,0.0,0.0,0.0,0.0,0.0,0.0
3240,0.0,479.4900276660919,0.0,0.0,0.0,0.0,0.0,0.0,0.0,0.0,0.0,0.0,0.0,944.8030447006225,0.0,0.0,6266.26932390034,0.0,704.2619936227798,0.0,0.0,3851.1029994606965,0.0,0.0,0.0,0.0,0.0,0.0,0.0,3695.640435639024,0.0,0.0,0.0,0.0,0.0,0.0,0.0
3241,0.0,455.44850072264666,0.0,0.0,0.0,0.0,0.0,0.0,0.0,0.0,0.0,0.0,0.0,912.0109184980392,0.0,0.0,6432.625469073651,0.0,704.7881875753403,0.0,0.0,3808.246278458834,0.0,0.0,0.0,0.0,0.0,0.0,0.0,4175.478807264566,0.0,0.0,0.0,0.0,0.0,0.0,0.0
3242,0.0,427.9033241450786,0.0,0.0,0.0,0.0,0.0,0.0,0.0,0.0,0.0,0.0,0.0,873.9807643651963,0.0,0.0,6592.945728749035,0.0,700.0410597085953,0.0,0.0,3798.3630197703837,0.0,0.0,0.0,0.0,0.0,0.0,0.0,4694.998719900845,0.0,0.0,0.0,0.0,0.0,0.0,0.0
3243,0.0,403.2865108430385,0.0,0.0,0.0,0.0,0.0,0.0,0.0,0.0,0.0,0.0,0.0,839.1891937255859,0.0,0.0,6753.657646179197,0.0,694.506300830841,0.0,0.0,3838.121609839797,0.0,0.0,0.0,0.0,0.0,0.0,0.0,5221.792466750741,0.0,0.0,0.0,0.0,0.0,0.0,0.0
3244,0.0,381.6490664541721,0.0,0.0,0.0,0.0,0.0,0.0,0.0,0.0,0.0,0.0,0.0,809.5170186281205,0.0,0.0,6924.8817044198495,0.0,687.0658377170562,0.0,0.0,3924.382137018442,0.0,0.0,0.0,0.0,0.0,0.0,0.0,5748.068746200203,0.0,0.0,0.0,0.0,0.0,0.0,0.0
3245,0.0,363.6174232542515,0.0,0.0,0.0,0.0,0.0,0.0,0.0,0.0,0.0,0.0,0.0,780.6820851087571,0.0,0.0,7096.946640580891,0.0,671.4876274347304,0.0,0.0,3951.2474402815105,0.0,0.0,0.0,0.0,0.0,0.0,0.0,6211.5513872027395,0.0,0.0,0.0,0.0,0.0,0.0,0.0
3246,0.0,355.9564774811268,0.0,0.0,0.0,0.0,0.0,0.0,0.0,0.0,0.0,0.0,0.0,753.2464398860932,0.0,0.0,6875.1322240531445,0.0,646.5471841692923,0.0,0.0,3853.610145190358,0.0,0.0,0.0,0.0,0.0,0.0,0.0,6455.129186868667,0.0,0.0,0.0,0.0,0.0,0.0,0.0
3247,0.0,345.7904759466648,0.0,0.0,0.0,0.0,0.0,0.0,0.0,0.0,0.0,0.0,0.0,716.9669877529143,0.0,0.0,6660.571449160576,0.0,606.5765406370161,0.0,0.0,3761.391930091381,0.0,0.0,0.0,0.0,0.0,0.0,0.0,6589.8283740043635,0.0,0.0,0.0,0.0,0.0,0.0,0.0
3248,0.0,332.1080312848091,0.0,0.0,0.0,0.0,0.0,0.0,0.0,0.0,0.0,0.0,0.0,687.9502947092057,0.0,0.0,6485.219621554016,0.0,564.7715693354605,0.0,0.0,3677.101757267117,0.0,0.0,0.0,0.0,0.0,0.0,0.0,6593.29406762123,0.0,0.0,0.0,0.0,0.0,0.0,0.0
3249,0.0,322.4071686208248,0.0,0.0,0.0,0.0,0.0,0.0,0.0,0.0,0.0,0.0,0.0,672.4788110136985,0.0,0.0,6372.307063356041,0.0,547.4395372986794,0.0,0.0,3603.1202192634346,0.0,0.0,0.0,0.0,0.0,0.0,0.0,6640.776673781872,0.0,0.0,0.0,0.0,0.0,0.0,0.0
3250,0.0,309.39893544316294,0.0,0.0,0.0,0.0,0.0,0.0,0.0,0.0,0.0,0.0,0.0,646.2594840288161,0.0,0.0,6107.820620447395,0.0,534.9190142273903,0.0,0.0,3496.1488699704405,0.0,0.0,0.0,0.0,0.0,0.0,0.0,6515.330425739288,0.0,0.0,0.0,0.0,0.0,0.0,0.0
3251,0.0,300.69245826601974,0.0,0.0,0.0,0.0,0.0,0.0,0.0,0.0,0.0,0.0,0.0,626.1498595356941,0.0,0.0,5850.262669339775,0.0,540.6036992549896,0.0,0.0,3489.025560620427,0.0,0.0,0.0,0.0,0.0,0.0,0.0,6398.976560866833,0.0,0.0,0.0,0.0,0.0,0.0,0.0
3252,0.0,291.3660016715526,0.0,0.0,0.0,0.0,0.0,0.0,0.0,0.0,0.0,0.0,0.0,609.1666423320769,0.0,0.0,5594.609333947299,0.0,548.7771939396857,0.0,0.0,3558.3966874212024,0.0,0.0,0.0,0.0,0.0,0.0,0.0,6266.272027945519,0.0,0.0,0.0,0.0,0.0,0.0,0.0
3253,0.0,276.10109167099,0.0,0.0,0.0,0.0,0.0,0.0,0.0,0.0,0.0,0.0,0.0,593.5651382565497,0.0,0.0,5325.166300743817,0.0,563.709636902809,0.0,0.0,3700.075398749113,0.0,0.0,0.0,0.0,0.0,0.0,0.0,6119.964358288049,0.0,0.0,0.0,0.0,0.0,0.0,0.0
3254,0.0,267.7443874776363,0.0,0.0,0.0,0.0,0.0,0.0,0.0,0.0,0.0,0.0,0.0,577.8083270788193,0.0,0.0,5045.245741963386,0.0,577.0049859046936,0.0,0.0,3863.2200126707553,0.0,0.0,0.0,0.0,0.0,0.0,0.0,5956.725271004438,0.0,0.0,0.0,0.0,0.0,0.0,0.0
3255,0.0,268.6334791481495,0.0,0.0,0.0,0.0,0.0,0.0,0.0,0.0,0.0,0.0,0.0,572.1853939890862,0.0,0.0,4879.414659321307,0.0,586.4466578125954,0.0,0.0,4214.85075867176,0.0,0.0,0.0,0.0,0.0,0.0,0.0,5736.536202290653,0.0,0.0,0.0,0.0,0.0,0.0,0.0
3256,0.0,260.0845078289509,0.0,0.0,0.0,0.0,0.0,0.0,0.0,0.0,0.0,0.0,0.0,557.9710280299187,0.0,0.0,4702.9419204443675,0.0,615.6367871403694,0.0,0.0,4450.553035899996,0.0,0.0,0.0,0.0,0.0,0.0,0.0,5544.671874323486,0.0,0.0,0.0,0.0,0.0,0.0,0.0
3257,0.0,250.13007588386535,0.0,0.0,0.0,0.0,0.0,0.0,0.0,0.0,0.0,0.0,0.0,528.4101772785185,0.0,0.0,4523.85437016189,0.0,634.9036312580108,0.0,0.0,4512.229547470808,0.0,0.0,0.0,0.0,0.0,0.0,0.0,5367.265534898637,0.0,0.0,0.0,0.0,0.0,0.0,0.0
3258,0.0,233.6465435653925,0.0,0.0,0.0,0.0,0.0,0.0,0.0,0.0,0.0,0.0,0.0,490.44149140119555,0.0,0.0,4373.524689182639,0.0,641.5619766592979,0.0,0.0,4538.926819592714,0.0,0.0,0.0,0.0,0.0,0.0,0.0,5275.008799746633,0.0,0.0,0.0,0.0,0.0,0.0,0.0
3259,0.0,235.4635983645916,0.0,0.0,0.0,0.0,0.0,0.0,0.0,0.0,0.0,0.0,0.0,471.2978286623955,0.0,0.0,4289.832833185792,0.0,610.5497910976409,0.0,0.0,4355.2276071041815,0.0,0.0,0.0,0.0,0.0,0.0,0.0,5353.478699043392,0.0,0.0,0.0,0.0,0.0,0.0,0.0
3260,0.0,243.88783312439918,0.0,0.0,0.0,0.0,0.0,0.0,0.0,0.0,0.0,0.0,0.0,466.1598267555237,0.0,0.0,4235.591929033399,0.0,564.5972779631613,0.0,0.0,4169.641904452443,0.0,0.0,0.0,0.0,0.0,0.0,0.0,5535.673148775099,0.0,0.0,0.0,0.0,0.0,0.0,0.0
3261,0.0,247.21212134957307,0.0,0.0,0.0,0.0,0.0,0.0,0.0,0.0,0.0,0.0,0.0,477.76239712238305,0.0,0.0,4218.774370625614,0.0,537.1633417010307,0.0,0.0,3987.059871983528,0.0,0.0,0.0,0.0,0.0,0.0,0.0,5767.913313636183,0.0,0.0,0.0,0.0,0.0,0.0,0.0
3262,0.0,250.40583738684649,0.0,0.0,0.0,0.0,0.0,0.0,0.0,0.0,0.0,0.0,0.0,498.2354061603546,0.0,0.0,4245.741582229733,0.0,501.9051456093787,0.0,0.0,3842.830114898085,0.0,0.0,0.0,0.0,0.0,0.0,0.0,6022.553199428319,0.0,0.0,0.0,0.0,0.0,0.0,0.0
3263,0.0,254.5431857764721,0.0,0.0,0.0,0.0,0.0,0.0,0.0,0.0,0.0,0.0,0.0,520.6606487870216,0.0,0.0,4310.1562535613775,0.0,446.01102888584137,0.0,0.0,3720.799845010042,0.0,0.0,0.0,0.0,0.0,0.0,0.0,6231.832059240341,0.0,0.0,0.0,0.0,0.0,0.0,0.0
3264,0.0,251.4884306430816,0.0,0.0,0.0,0.0,0.0,0.0,0.0,0.0,0.0,0.0,0.0,535.0816126465797,0.0,0.0,4418.126612067221,0.0,391.70945511460303,0.0,0.0,2384.6063708290458,0.0,0.0,0.0,0.0,0.0,0.0,0.0,6979.4202140271655,0.0,0.0,0.0,0.0,0.0,0.0,0.0
3265,0.0,259.6401583850384,0.0,0.0,0.0,0.0,0.0,0.0,0.0,0.0,0.0,0.0,0.0,541.6527081489563,0.0,0.0,4523.509384632111,0.0,322.15510388016696,0.0,0.0,1878.9280049577353,0.0,0.0,0.0,0.0,0.0,0.0,0.0,7600.385433894396,0.0,0.0,0.0,0.0,0.0,0.0,0.0
3266,0.0,271.0487279534339,0.0,0.0,0.0,0.0,0.0,0.0,0.0,0.0,0.0,0.0,0.0,538.9544265866278,0.0,0.0,4620.532383829354,0.0,258.8501654326915,0.0,0.0,1724.4304854914546,0.0,0.0,0.0,0.0,0.0,0.0,0.0,8181.717207205295,0.0,0.0,0.0,0.0,0.0,0.0,0.0
3267,0.0,280.1142646193504,0.0,0.0,0.0,0.0,0.0,0.0,0.0,0.0,0.0,0.0,0.0,528.5409598469734,0.0,0.0,4719.616739630697,0.0,215.75154013335688,0.0,0.0,1935.4144735783336,0.0,0.0,0.0,0.0,0.0,0.0,0.0,8813.80128635168,0.0,0.0,0.0,0.0,0.0,0.0,0.0
3268,0.0,294.2686657369137,0.0,0.0,0.0,0.0,0.0,0.0,0.0,0.0,0.0,0.0,0.0,505.4861944079399,0.0,0.0,4833.132925271987,0.0,193.58231486678125,0.0,0.0,2166.2915322259064,0.0,0.0,0.0,0.0,0.0,0.0,0.0,9601.827836984394,0.0,0.0,0.0,0.0,0.0,0.0,0.0
3269,0.0,302.29355272650713,0.0,0.0,0.0,0.0,0.0,0.0,0.0,0.0,0.0,0.0,0.0,459.66965773105613,0.0,0.0,4943.932009547947,0.0,167.70708591043942,0.0,0.0,1840.7850872933861,0.0,0.0,0.0,0.0,0.0,0.0,0.0,10409.194867312908,0.0,0.0,0.0,0.0,0.0,0.0,0.0
3270,0.0,336.91313830018044,0.0,0.0,0.0,0.0,0.0,0.0,0.0,0.0,0.0,0.0,0.0,410.10019487142563,0.0,0.0,4867.088524699211,0.0,153.99297817349427,0.0,0.0,1620.670347547531,0.0,0.0,0.0,0.0,0.0,0.0,0.0,10753.31611278653,0.0,0.0,0.0,0.0,0.0,0.0,0.0
3271,0.0,349.447451108694,0.0,0.0,0.0,0.0,0.0,0.0,0.0,0.0,0.0,0.0,0.0,367.4425033271312,0.0,0.0,4778.904855981468,0.0,146.97493450641633,0.0,0.0,1421.7166322708126,0.0,0.0,0.0,0.0,0.0,0.0,0.0,10907.291412603856,0.0,0.0,0.0,0.0,0.0,0.0,0.0
3272,0.0,373.02490530610083,0.0,0.0,0.0,0.0,0.0,0.0,0.0,0.0,0.0,0.0,0.0,329.91012549400324,0.0,0.0,4661.524987980723,0.0,149.94848463237284,0.0,0.0,1261.6136090733107,0.0,0.0,0.0,0.0,0.0,0.0,0.0,11058.907552868126,0.0,0.0,0.0,0.0,0.0,0.0,0.0
3273,0.0,395.37393164634705,0.0,0.0,0.0,0.0,0.0,0.0,0.0,0.0,0.0,0.0,0.0,295.0333018362522,0.0,0.0,4531.210301756857,0.0,157.9747357130049,0.0,0.0,1179.0372781991957,0.0,0.0,0.0,0.0,0.0,0.0,0.0,11271.908851128817,0.0,0.0,0.0,0.0,0.0,0.0,0.0
3274,0.0,396.9635231852531,0.0,0.0,0.0,0.0,0.0,0.0,0.0,0.0,0.0,0.0,0.0,242.6310759902,0.0,0.0,4101.312437295911,0.0,155.9494581103324,0.0,0.0,1069.3470033869146,0.0,0.0,0.0,0.0,0.0,0.0,0.0,11046.990976548195,0.0,0.0,0.0,0.0,0.0,0.0,0.0
3275,0.0,398.382731205225,0.0,0.0,0.0,0.0,0.0,0.0,0.0,0.0,0.0,0.0,0.0,199.48264718055717,0.0,0.0,3662.413056373594,0.0,153.01707987487316,0.0,0.0,969.4045026943079,0.0,0.0,0.0,0.0,0.0,0.0,0.0,10831.312299787996,0.0,0.0,0.0,0.0,0.0,0.0,0.0
3276,0.0,399.75508586168286,0.0,0.0,0.0,0.0,0.0,0.0,0.0,0.0,0.0,0.0,0.0,168.21169217228885,0.0,0.0,3213.692672505974,0.0,148.5981562972067,0.0,0.0,882.3048794656985,0.0,0.0,0.0,0.0,0.0,0.0,0.0,10634.24943139553,0.0,0.0,0.0,0.0,0.0,0.0,0.0
3277,0.0,401.04966954588883,0.0,0.0,0.0,0.0,0.0,0.0,0.0,0.0,0.0,0.0,0.0,145.3372515499591,0.0,0.0,2783.8671499937773,0.0,145.5499395102261,0.0,0.0,811.2947678312653,0.0,0.0,0.0,0.0,0.0,0.0,0.0,10454.66763153672,0.0,0.0,0.0,0.0,0.0,0.0,0.0
3278,0.0,400.2087218105793,0.0,0.0,0.0,0.0,0.0,0.0,0.0,0.0,0.0,0.0,0.0,129.1077490389346,0.0,0.0,2387.2601946890354,0.0,144.93403589129449,0.0,0.0,755.850924872607,0.0,0.0,0.0,0.0,0.0,0.0,0.0,10345.768045485018,0.0,0.0,0.0,0.0,0.0,0.0,0.0
3279,0.0,407.73628980517384,0.0,0.0,0.0,0.0,0.0,0.0,0.0,0.0,0.0,0.0,0.0,130.93088135719296,0.0,0.0,2337.5581644177437,0.0,157.53214530050744,0.0,0.0,800.2663239330046,0.0,0.0,0.0,0.0,0.0,0.0,0.0,10480.569930553434,0.0,0.0,0.0,0.0,0.0,0.0,0.0
3280,0.0,412.9646201670169,0.0,0.0,0.0,0.0,0.0,0.0,0.0,0.0,0.0,0.0,0.0,143.36614258885382,0.0,0.0,2316.7104593813397,0.0,178.02520925402635,0.0,0.0,837.2446798235178,0.0,0.0,0.0,0.0,0.0,0.0,0.0,10679.42495019436,0.0,0.0,0.0,0.0,0.0,0.0,0.0
3281,0.0,424.58139261603355,0.0,0.0,0.0,0.0,0.0,0.0,0.0,0.0,0.0,0.0,0.0,147.91542118191708,0.0,0.0,2379.563555851578,0.0,164.5921167135237,0.0,0.0,800.2161416597663,0.0,0.0,0.0,0.0,0.0,0.0,0.0,10723.677634048461,0.0,0.0,0.0,0.0,0.0,0.0,0.0
3282,0.0,436.4735057294368,0.0,0.0,0.0,0.0,0.0,0.0,0.0,0.0,0.0,0.0,0.0,167.40664184689507,0.0,0.0,2433.9775361716747,0.0,164.85502102077004,0.0,0.0,777.4773653268808,0.0,0.0,0.0,0.0,0.0,0.0,0.0,10708.51811737418,0.0,0.0,0.0,0.0,0.0,0.0,0.0
3283,0.0,446.0973549306392,0.0,0.0,0.0,0.0,0.0,0.0,0.0,0.0,0.0,0.0,0.0,201.5720746874809,0.0,0.0,2462.3106882274146,0.0,153.0909610390662,0.0,0.0,735.8442440673709,0.0,0.0,0.0,0.0,0.0,0.0,0.0,11093.380066692827,0.0,0.0,0.0,0.0,0.0,0.0,0.0
3284,0.0,460.9792176425457,0.0,0.0,0.0,0.0,0.0,0.0,0.0,0.0,0.0,0.0,0.0,237.82877325415612,0.0,0.0,2531.137440562246,0.0,145.65701903104772,0.0,0.0,712.3002806715659,0.0,0.0,0.0,0.0,0.0,0.0,0.0,11634.988713562489,0.0,0.0,0.0,0.0,0.0,0.0,0.0
3285,0.0,472.9159677028656,0.0,0.0,0.0,0.0,0.0,0.0,0.0,0.0,0.0,0.0,0.0,273.5205556869506,0.0,0.0,2685.916929259896,0.0,143.72598622739307,0.0,0.0,707.2486741885534,0.0,0.0,0.0,0.0,0.0,0.0,0.0,12247.159518909455,0.0,0.0,0.0,0.0,0.0,0.0,0.0
3286,0.0,478.62506407499313,0.0,0.0,0.0,0.0,0.0,0.0,0.0,0.0,0.0,0.0,0.0,301.17934278249743,0.0,0.0,2741.8955959230657,0.0,137.96885764300802,0.0,0.0,694.1227929241951,0.0,0.0,0.0,0.0,0.0,0.0,0.0,12768.052112364769,0.0,0.0,0.0,0.0,0.0,0.0,0.0
3287,0.0,468.4696957290172,0.0,0.0,0.0,0.0,0.0,0.0,0.0,0.0,0.0,0.0,0.0,313.0644384682178,0.0,0.0,2664.308855891227,0.0,121.24628222286698,0.0,0.0,671.5663530863814,0.0,0.0,0.0,0.0,0.0,0.0,0.0,12998.251698231697,0.0,0.0,0.0,0.0,0.0,0.0,0.0
3288,0.0,463.3850116074085,0.0,0.0,0.0,0.0,0.0,0.0,0.0,0.0,0.0,0.0,0.0,310.6958482384681,0.0,0.0,2653.8616672605253,0.0,115.96086671650399,0.0,0.0,1276.2171047240492,0.0,0.0,0.0,0.0,0.0,0.0,0.0,13362.538622987271,0.0,0.0,0.0,0.0,0.0,0.0,0.0
3289,0.0,448.36954666972156,0.0,0.0,0.0,0.0,0.0,0.0,0.0,0.0,0.0,0.0,0.0,293.3629434645175,0.0,0.0,2801.1164264827958,0.0,98.46859332621091,0.0,0.0,1971.9956099063158,0.0,0.0,0.0,0.0,0.0,0.0,0.0,13415.475791180133,0.0,0.0,0.0,0.0,0.0,0.0,0.0
3290,0.0,430.0407072544097,0.0,0.0,0.0,0.0,0.0,0.0,0.0,0.0,0.0,0.0,0.0,268.23619118332863,0.0,0.0,3093.456853270529,0.0,77.43107632398592,0.0,0.0,2671.4547539770597,0.0,0.0,0.0,0.0,0.0,0.0,0.0,13295.110921132564,0.0,0.0,0.0,0.0,0.0,0.0,0.0
3291,0.0,414.1683027148247,0.0,0.0,0.0,0.0,0.0,0.0,0.0,0.0,0.0,0.0,0.0,242.64605075120923,0.0,0.0,3428.148045957086,0.0,59.51814714968193,0.0,0.0,3250.031084060669,0.0,0.0,0.0,0.0,0.0,0.0,0.0,13149.768756687641,0.0,0.0,0.0,0.0,0.0,0.0,0.0
3292,0.0,398.46734781861306,0.0,0.0,0.0,0.0,0.0,0.0,0.0,0.0,0.0,0.0,0.0,216.01834768652915,0.0,0.0,3770.0959917604923,0.0,45.26824906021345,0.0,0.0,3715.042583423853,0.0,0.0,0.0,0.0,0.0,0.0,0.0,12985.038379704953,0.0,0.0,0.0,0.0,0.0,0.0,0.0
3293,0.0,385.7960660755634,0.0,0.0,0.0,0.0,0.0,0.0,0.0,0.0,0.0,0.0,0.0,192.00938957929603,0.0,0.0,4190.41866032779,0.0,34.18781586289405,0.0,0.0,4035.705644246935,0.0,0.0,0.0,0.0,0.0,0.0,0.0,12822.156565511226,0.0,0.0,0.0,0.0,0.0,0.0,0.0
3294,0.0,371.26226493716234,0.0,0.0,0.0,0.0,0.0,0.0,0.0,0.0,0.0,0.0,0.0,165.18040151596057,0.0,0.0,4349.640955910086,0.0,25.97389588020741,0.0,0.0,4004.599295532703,0.0,0.0,0.0,0.0,0.0,0.0,0.0,12416.184405219556,0.0,0.0,0.0,0.0,0.0,0.0,0.0
3295,0.0,358.53195356726644,0.0,0.0,0.0,0.0,0.0,0.0,0.0,0.0,0.0,0.0,0.0,137.8466205358505,0.0,0.0,4496.771255865691,0.0,16.50283638685925,0.0,0.0,3943.7020851463076,0.0,0.0,0.0,0.0,0.0,0.0,0.0,12032.167905783652,0.0,0.0,0.0,0.0,0.0,0.0,0.0
3296,0.0,340.8556664764881,0.0,0.0,0.0,0.0,0.0,0.0,0.0,0.0,0.0,0.0,0.0,115.86205732822418,0.0,0.0,4637.4549547433835,0.0,14.702083049341892,0.0,0.0,3885.6444496661425,0.0,0.0,0.0,0.0,0.0,0.0,0.0,11690.107127988336,0.0,0.0,0.0,0.0,0.0,0.0,0.0
3297,0.0,331.0748164236545,0.0,0.0,0.0,0.0,0.0,0.0,0.0,0.0,0.0,0.0,0.0,98.764937788248,0.0,0.0,4771.975975245236,0.0,14.841726415790518,0.0,0.0,3832.210546776652,0.0,0.0,0.0,0.0,0.0,0.0,0.0,11395.498580908776,0.0,0.0,0.0,0.0,0.0,0.0,0.0
3298,0.0,334.3467803835868,0.0,0.0,0.0,0.0,0.0,0.0,0.0,0.0,0.0,0.0,0.0,65.84508897960175,0.0,0.0,4620.5580535531035,0.0,14.674340561032285,0.0,0.0,3768.9727080076927,0.0,0.0,0.0,0.0,0.0,0.0,0.0,10998.591321241855,0.0,0.0,0.0,0.0,0.0,0.0,0.0
3299,0.0,346.9861906170845,0.0,0.0,0.0,0.0,0.0,0.0,0.0,0.0,0.0,0.0,0.0,35.563684336840986,0.0,0.0,4430.513809517025,0.0,14.921687770076089,0.0,0.0,3724.433859041333,0.0,0.0,0.0,0.0,0.0,0.0,0.0,10613.051710212228,0.0,0.0,0.0,0.0,0.0,0.0,0.0
3300,0.0,357.6844968616962,0.0,0.0,0.0,0.0,0.0,0.0,0.0,0.0,0.0,0.0,0.0,23.57604068070643,0.0,0.0,4220.51485568285,0.0,15.232910321652751,0.0,0.0,3692.537007066607,0.0,0.0,0.0,0.0,0.0,0.0,0.0,10242.87411882281,0.0,0.0,0.0,0.0,0.0,0.0,0.0
3301,0.0,366.2151476740837,0.0,0.0,0.0,0.0,0.0,0.0,0.0,0.0,0.0,0.0,0.0,23.459935843944535,0.0,0.0,4004.928458645939,0.0,16.5543216284364,0.0,0.0,3661.311068621277,0.0,0.0,0.0,0.0,0.0,0.0,0.0,9864.193572539089,0.0,0.0,0.0,0.0,0.0,0.0,0.0
3302,0.0,375.40976956486696,0.0,0.0,0.0,0.0,0.0,0.0,0.0,0.0,0.0,0.0,0.0,23.7343208782374,0.0,0.0,3782.2074341475954,0.0,20.55420487783847,0.0,0.0,3628.9730970561504,0.0,0.0,0.0,0.0,0.0,0.0,0.0,9482.254174953698,0.0,0.0,0.0,0.0,0.0,0.0,0.0
3303,0.0,373.8528351008892,0.0,0.0,0.0,0.0,0.0,0.0,0.0,0.0,0.0,0.0,0.0,24.590541508793798,0.0,0.0,3799.854202419517,0.0,34.21686442494378,0.0,0.0,3832.455478656292,0.0,0.0,0.0,0.0,0.0,0.0,0.0,8965.70454689264,0.0,0.0,0.0,0.0,0.0,0.0,0.0
3304,0.0,342.33087408542633,0.0,0.0,0.0,0.0,0.0,0.0,0.0,0.0,0.0,0.0,0.0,25.04839538708327,0.0,0.0,3814.827819004654,0.0,47.79345834404224,0.0,0.0,4029.755828055739,0.0,0.0,0.0,0.0,0.0,0.0,0.0,8505.651799875497,0.0,0.0,0.0,0.0,0.0,0.0,0.0
3305,0.0,311.4925793945789,0.0,0.0,0.0,0.0,0.0,0.0,0.0,0.0,0.0,0.0,0.0,25.515434756874907,0.0,0.0,3834.1018921881905,0.0,39.70539755523189,0.0,0.0,4204.385294786096,0.0,0.0,0.0,0.0,0.0,0.0,0.0,8157.8392146229735,0.0,0.0,0.0,0.0,0.0,0.0,0.0
3306,0.0,285.2353653073311,0.0,0.0,0.0,0.0,0.0,0.0,0.0,0.0,0.0,0.0,0.0,24.423420485854017,0.0,0.0,3852.5459776371695,0.0,34.48630465865126,0.0,0.0,4356.108635249733,0.0,0.0,0.0,0.0,0.0,0.0,0.0,7891.04951248765,0.0,0.0,0.0,0.0,0.0,0.0,0.0
3307,0.0,292.2812414467334,0.0,0.0,0.0,0.0,0.0,0.0,0.0,0.0,0.0,0.0,0.0,28.493204092979358,0.0,0.0,3891.0828448832012,0.0,25.478669769689258,0.0,0.0,4350.881201586128,0.0,0.0,0.0,0.0,0.0,0.0,0.0,7823.926288306712,0.0,0.0,0.0,0.0,0.0,0.0,0.0
3308,0.0,306.2759202897549,0.0,0.0,0.0,0.0,0.0,0.0,0.0,0.0,0.0,0.0,0.0,39.570604211092,0.0,0.0,3864.7422078996883,0.0,22.32778817638752,0.0,0.0,4345.216584196687,0.0,0.0,0.0,0.0,0.0,0.0,0.0,7802.5615021765225,0.0,0.0,0.0,0.0,0.0,0.0,0.0
3309,0.0,322.14175974726675,0.0,0.0,0.0,0.0,0.0,0.0,0.0,0.0,0.0,0.0,0.0,52.255874457955244,0.0,0.0,3850.023343876002,0.0,21.555418775975554,0.0,0.0,4339.026377508044,0.0,0.0,0.0,0.0,0.0,0.0,0.0,7797.761458659172,0.0,0.0,0.0,0.0,0.0,0.0,0.0
3310,0.0,345.69519808888435,0.0,0.0,0.0,0.0,0.0,0.0,0.0,0.0,0.0,0.0,0.0,67.83644637316458,0.0,0.0,3902.4059156030394,0.0,26.684394437074644,0.0,0.0,4289.337903892993,0.0,0.0,0.0,0.0,0.0,0.0,0.0,7792.280137306451,0.0,0.0,0.0,0.0,0.0,0.0,0.0
3311,0.0,378.8767781853676,0.0,0.0,0.0,0.0,0.0,0.0,0.0,0.0,0.0,0.0,0.0,84.91757676899434,0.0,0.0,4009.334316685795,0.0,42.09315971434101,0.0,0.0,4191.973394492268,0.0,0.0,0.0,0.0,0.0,0.0,0.0,7762.965663313866,0.0,0.0,0.0,0.0,0.0,0.0,0.0
3312,0.0,407.8646736323833,0.0,0.0,0.0,0.0,0.0,0.0,0.0,0.0,0.0,0.0,0.0,100.38908288180828,0.0,0.0,4153.735069349407,0.0,91.39168926924464,0.0,0.0,4290.125985082984,0.0,0.0,0.0,0.0,0.0,0.0,0.0,8082.889974033833,0.0,0.0,0.0,0.0,0.0,0.0,0.0
3313,0.0,437.98661686778064,0.0,0.0,0.0,0.0,0.0,0.0,0.0,0.0,0.0,0.0,0.0,115.84345096349715,0.0,0.0,4360.024748101829,0.0,149.76377431154242,0.0,0.0,4388.797504279018,0.0,0.0,0.0,0.0,0.0,0.0,0.0,8314.692949455977,0.0,0.0,0.0,0.0,0.0,0.0,0.0
3314,0.0,463.4594158709049,0.0,0.0,0.0,0.0,0.0,0.0,0.0,0.0,0.0,0.0,0.0,130.5231553792953,0.0,0.0,4593.678352370857,0.0,210.56906917393198,0.0,0.0,4469.691025981306,0.0,0.0,0.0,0.0,0.0,0.0,0.0,8483.409018743036,0.0,0.0,0.0,0.0,0.0,0.0,0.0
3315,0.0,481.0711463212967,0.0,0.0,0.0,0.0,0.0,0.0,0.0,0.0,0.0,0.0,0.0,144.82707847952832,0.0,0.0,4863.92725932598,0.0,265.45391139388084,0.0,0.0,4518.982280033826,0.0,0.0,0.0,0.0,0.0,0.0,0.0,8649.590184831619,0.0,0.0,0.0,0.0,0.0,0.0,0.0
3316,0.0,495.091524374485,0.0,0.0,0.0,0.0,0.0,0.0,0.0,0.0,0.0,0.0,0.0,157.24474212527264,0.0,0.0,5080.977608487009,0.0,312.7267113149166,0.0,0.0,4578.316043910384,0.0,0.0,0.0,0.0,0.0,0.0,0.0,8741.523638463019,0.0,0.0,0.0,0.0,0.0,0.0,0.0
3317,0.0,509.2864662766457,0.0,0.0,0.0,0.0,0.0,0.0,0.0,0.0,0.0,0.0,0.0,171.31875332593916,0.0,0.0,5281.664286628364,0.0,349.4844356775282,0.0,0.0,4656.957342803478,0.0,0.0,0.0,0.0,0.0,0.0,0.0,8861.968063247203,0.0,0.0,0.0,0.0,0.0,0.0,0.0
3318,0.0,528.807204759121,0.0,0.0,0.0,0.0,0.0,0.0,0.0,0.0,0.0,0.0,0.0,177.29666447043417,0.0,0.0,5318.936725512145,0.0,363.74499725699405,0.0,0.0,4596.625988638401,0.0,0.0,0.0,0.0,0.0,0.0,0.0,8731.321828329561,0.0,0.0,0.0,0.0,0.0,0.0,0.0
3319,0.0,549.478796517849,0.0,0.0,0.0,0.0,0.0,0.0,0.0,0.0,0.0,0.0,0.0,173.0581794202327,0.0,0.0,5338.513001352548,0.0,352.0927890598774,0.0,0.0,4474.767685756087,0.0,0.0,0.0,0.0,0.0,0.0,0.0,8550.136638915537,0.0,0.0,0.0,0.0,0.0,0.0,0.0
3320,0.0,568.264863038063,0.0,0.0,0.0,0.0,0.0,0.0,0.0,0.0,0.0,0.0,0.0,176.35433055758475,0.0,0.0,5335.417466029523,0.0,338.01855325698847,0.0,0.0,4330.547919711471,0.0,0.0,0.0,0.0,0.0,0.0,0.0,8301.239520269632,0.0,0.0,0.0,0.0,0.0,0.0,0.0
3321,0.0,584.9453899025917,0.0,0.0,0.0,0.0,0.0,0.0,0.0,0.0,0.0,0.0,0.0,197.61120556592934,0.0,0.0,5325.071011617778,0.0,334.2074708402156,0.0,0.0,4183.412586298585,0.0,0.0,0.0,0.0,0.0,0.0,0.0,8055.594743901491,0.0,0.0,0.0,0.0,0.0,0.0,0.0
3322,0.0,580.8842974662781,0.0,0.0,0.0,0.0,0.0,0.0,0.0,0.0,0.0,0.0,0.0,206.84128509163855,0.0,0.0,4930.2648263275605,0.0,359.2065447747706,0.0,0.0,4071.0793784290554,0.0,0.0,0.0,0.0,0.0,0.0,0.0,7701.487932533025,0.0,0.0,0.0,0.0,0.0,0.0,0.0
3323,0.0,576.4078653931617,0.0,0.0,0.0,0.0,0.0,0.0,0.0,0.0,0.0,0.0,0.0,218.8021736919879,0.0,0.0,4530.391204208135,0.0,393.725336396694,0.0,0.0,3962.665080633759,0.0,0.0,0.0,0.0,0.0,0.0,0.0,7400.264047491551,0.0,0.0,0.0,0.0,0.0,0.0,0.0
3324,0.0,574.185613167286,0.0,0.0,0.0,0.0,0.0,0.0,0.0,0.0,0.0,0.0,0.0,225.28485533595082,0.0,0.0,4151.67993570864,0.0,428.35495717525464,0.0,0.0,3850.1471898883583,0.0,0.0,0.0,0.0,0.0,0.0,0.0,7105.7806183159355,0.0,0.0,0.0,0.0,0.0,0.0,0.0
3325,0.0,571.9464151740074,0.0,0.0,0.0,0.0,0.0,0.0,0.0,0.0,0.0,0.0,0.0,228.03646767139426,0.0,0.0,3802.4390658140182,0.0,458.51160330176356,0.0,0.0,3741.3623153060676,0.0,0.0,0.0,0.0,0.0,0.0,0.0,6861.357368767261,0.0,0.0,0.0,0.0,0.0,0.0,0.0
3326,0.0,569.741557610035,0.0,0.0,0.0,0.0,0.0,0.0,0.0,0.0,0.0,0.0,0.0,228.5369564652443,0.0,0.0,3479.666792586445,0.0,482.04354700446123,0.0,0.0,3639.0395248264076,0.0,0.0,0.0,0.0,0.0,0.0,0.0,6659.601494139432,0.0,0.0,0.0,0.0,0.0,0.0,0.0
3327,0.0,568.9305735826492,0.0,0.0,0.0,0.0,0.0,0.0,0.0,0.0,0.0,0.0,0.0,236.4717415809631,0.0,0.0,3588.0509781539417,0.0,515.8706271529197,0.0,0.0,3665.0979758530857,0.0,0.0,0.0,0.0,0.0,0.0,0.0,6679.780914694071,0.0,0.0,0.0,0.0,0.0,0.0,0.0
3328,0.0,562.9254312872887,0.0,0.0,0.0,0.0,0.0,0.0,0.0,0.0,0.0,0.0,0.0,238.8304457783699,0.0,0.0,3719.7032125592223,0.0,547.0806986331938,0.0,0.0,3679.136296489835,0.0,0.0,0.0,0.0,0.0,0.0,0.0,6668.630956745148,0.0,0.0,0.0,0.0,0.0,0.0,0.0
3329,0.0,559.9230004191398,0.0,0.0,0.0,0.0,0.0,0.0,0.0,0.0,0.0,0.0,0.0,227.39163383841512,0.0,0.0,3837.1445323228836,0.0,533.6224405527114,0.0,0.0,3648.051443651318,0.0,0.0,0.0,0.0,0.0,0.0,0.0,6633.738972491025,0.0,0.0,0.0,0.0,0.0,0.0,0.0
3330,0.0,553.3893409609794,0.0,0.0,0.0,0.0,0.0,0.0,0.0,0.0,0.0,0.0,0.0,206.16943840384482,0.0,0.0,3945.967047870159,0.0,515.4485337615013,0.0,0.0,3617.236046156287,0.0,0.0,0.0,0.0,0.0,0.0,0.0,6560.59417797327,0.0,0.0,0.0,0.0,0.0,0.0,0.0
3331,0.0,545.9790466547013,0.0,0.0,0.0,0.0,0.0,0.0,0.0,0.0,0.0,0.0,0.0,193.5045118629932,0.0,0.0,3973.6113956719637,0.0,494.2380740702152,0.0,0.0,3460.678252968192,0.0,0.0,0.0,0.0,0.0,0.0,0.0,6475.163962447643,0.0,0.0,0.0,0.0,0.0,0.0,0.0
3332,0.0,545.165649819374,0.0,0.0,0.0,0.0,0.0,0.0,0.0,0.0,0.0,0.0,0.0,179.83253264427177,0.0,0.0,4023.3091476559616,0.0,489.4008956611156,0.0,0.0,3313.9383225649594,0.0,0.0,0.0,0.0,0.0,0.0,0.0,6419.021461594105,0.0,0.0,0.0,0.0,0.0,0.0,0.0
3333,0.0,545.3208550930024,0.0,0.0,0.0,0.0,0.0,0.0,0.0,0.0,0.0,0.0,0.0,169.23096228241917,0.0,0.0,4111.337242290378,0.0,486.81299483776075,0.0,0.0,3184.188005706668,0.0,0.0,0.0,0.0,0.0,0.0,0.0,6375.473198771477,0.0,0.0,0.0,0.0,0.0,0.0,0.0
3334,0.0,546.895128107071,0.0,0.0,0.0,0.0,0.0,0.0,0.0,0.0,0.0,0.0,0.0,164.22201681137085,0.0,0.0,4204.98622855544,0.0,487.9029087424277,0.0,0.0,3060.775641837716,0.0,0.0,0.0,0.0,0.0,0.0,0.0,6335.170769202709,0.0,0.0,0.0,0.0,0.0,0.0,0.0
3335,0.0,548.8643721699715,0.0,0.0,0.0,0.0,0.0,0.0,0.0,0.0,0.0,0.0,0.0,168.9291356623172,0.0,0.0,4291.6942770928135,0.0,492.2799045741557,0.0,0.0,2950.2238668233153,0.0,0.0,0.0,0.0,0.0,0.0,0.0,6283.25479453802,0.0,0.0,0.0,0.0,0.0,0.0,0.0
3336,0.0,548.7327899694443,0.0,0.0,0.0,0.0,0.0,0.0,0.0,0.0,0.0,0.0,0.0,182.50637934207913,0.0,0.0,4315.056059315801,0.0,520.7656062722206,0.0,0.0,3136.519841650128,0.0,0.0,0.0,0.0,0.0,0.0,0.0,6914.251866692304,0.0,0.0,0.0,0.0,0.0,0.0,0.0
3337,0.0,550.0454136013984,0.0,0.0,0.0,0.0,0.0,0.0,0.0,0.0,0.0,0.0,0.0,206.25648480653763,0.0,0.0,4308.124456033109,0.0,553.2031869888306,0.0,0.0,3136.5816044479607,0.0,0.0,0.0,0.0,0.0,0.0,0.0,7526.330822479725,0.0,0.0,0.0,0.0,0.0,0.0,0.0
3338,0.0,552.5710623979569,0.0,0.0,0.0,0.0,0.0,0.0,0.0,0.0,0.0,0.0,0.0,237.57442649006845,0.0,0.0,4295.989677533507,0.0,590.6993672966958,0.0,0.0,3038.0820522576564,0.0,0.0,0.0,0.0,0.0,0.0,0.0,8052.58034260869,0.0,0.0,0.0,0.0,0.0,0.0,0.0
3339,0.0,556.0929203152657,0.0,0.0,0.0,0.0,0.0,0.0,0.0,0.0,0.0,0.0,0.0,272.79212771654124,0.0,0.0,4286.1223912984115,0.0,630.3117057085037,0.0,0.0,2807.718623936176,0.0,0.0,0.0,0.0,0.0,0.0,0.0,8548.638116967677,0.0,0.0,0.0,0.0,0.0,0.0,0.0
3340,0.0,559.3498182535171,0.0,0.0,0.0,0.0,0.0,0.0,0.0,0.0,0.0,0.0,0.0,315.10232858657827,0.0,0.0,4288.530289173126,0.0,676.9086226582527,0.0,0.0,2809.424972605705,0.0,0.0,0.0,0.0,0.0,0.0,0.0,9018.923772788048,0.0,0.0,0.0,0.0,0.0,0.0,0.0
3341,0.0,558.6801798820495,0.0,0.0,0.0,0.0,0.0,0.0,0.0,0.0,0.0,0.0,0.0,355.40167461037623,0.0,0.0,4307.074330970643,0.0,723.4655237317085,0.0,0.0,3042.745446252823,0.0,0.0,0.0,0.0,0.0,0.0,0.0,9411.668873280285,0.0,0.0,0.0,0.0,0.0,0.0,0.0
3342,0.0,567.8205135941505,0.0,0.0,0.0,0.0,0.0,0.0,0.0,0.0,0.0,0.0,0.0,394.21807094812385,0.0,0.0,4259.157902240752,0.0,752.1068723678588,0.0,0.0,2962.9046169430017,0.0,0.0,0.0,0.0,0.0,0.0,0.0,9192.207007181645,0.0,0.0,0.0,0.0,0.0,0.0,0.0
3343,0.0,565.2273061752319,0.0,0.0,0.0,0.0,0.0,0.0,0.0,0.0,0.0,0.0,0.0,429.8384094238281,0.0,0.0,4201.1439376324415,0.0,776.6789917230606,0.0,0.0,2889.425355809927,0.0,0.0,0.0,0.0,0.0,0.0,0.0,8908.953813916443,0.0,0.0,0.0,0.0,0.0,0.0,0.0
3344,0.0,548.2664446949959,0.0,0.0,0.0,0.0,0.0,0.0,0.0,0.0,0.0,0.0,0.0,461.82709934711454,0.0,0.0,4117.472306266425,0.0,797.3366098523139,0.0,0.0,2832.94479098618,0.0,0.0,0.0,0.0,0.0,0.0,0.0,8574.865143954752,0.0,0.0,0.0,0.0,0.0,0.0,0.0
3345,0.0,533.6628965735435,0.0,0.0,0.0,0.0,0.0,0.0,0.0,0.0,0.0,0.0,0.0,497.2122354388237,0.0,0.0,4022.539444878696,0.0,817.4012223362921,0.0,0.0,2795.9709764778613,0.0,0.0,0.0,0.0,0.0,0.0,0.0,8260.612362730502,0.0,0.0,0.0,0.0,0.0,0.0,0.0
3346,0.0,522.2174896001816,0.0,0.0,0.0,0.0,0.0,0.0,0.0,0.0,0.0,0.0,0.0,519.1272601604462,0.0,0.0,3678.717220306394,0.0,823.4833391189574,0.0,0.0,2774.402135887742,0.0,0.0,0.0,0.0,0.0,0.0,0.0,7762.632979869842,0.0,0.0,0.0,0.0,0.0,0.0,0.0
3347,0.0,508.85322697162627,0.0,0.0,0.0,0.0,0.0,0.0,0.0,0.0,0.0,0.0,0.0,538.4182046055794,0.0,0.0,3371.2864963710294,0.0,825.8697081327439,0.0,0.0,2777.1266624450677,0.0,0.0,0.0,0.0,0.0,0.0,0.0,7315.144095438719,0.0,0.0,0.0,0.0,0.0,0.0,0.0
3348,0.0,492.7445355892181,0.0,0.0,0.0,0.0,0.0,0.0,0.0,0.0,0.0,0.0,0.0,549.0934606552124,0.0,0.0,3124.3126390874363,0.0,820.3038257956505,0.0,0.0,2808.111907634139,0.0,0.0,0.0,0.0,0.0,0.0,0.0,6915.030779886245,0.0,0.0,0.0,0.0,0.0,0.0,0.0
3349,0.0,481.24430737495425,0.0,0.0,0.0,0.0,0.0,0.0,0.0,0.0,0.0,0.0,0.0,555.8058748602867,0.0,0.0,2914.2397875636816,0.0,813.3992197275162,0.0,0.0,2897.0252075314515,0.0,0.0,0.0,0.0,0.0,0.0,0.0,6560.233288758992,0.0,0.0,0.0,0.0,0.0,0.0,0.0
3350,0.0,473.82626963853835,0.0,0.0,0.0,0.0,0.0,0.0,0.0,0.0,0.0,0.0,0.0,567.3824859857558,0.0,0.0,2766.115758150816,0.0,809.7177591085434,0.0,0.0,3016.484146821499,0.0,0.0,0.0,0.0,0.0,0.0,0.0,6231.938373297452,0.0,0.0,0.0,0.0,0.0,0.0,0.0
3351,0.0,479.6209926366806,0.0,0.0,0.0,0.0,0.0,0.0,0.0,0.0,0.0,0.0,0.0,600.3580305933951,0.0,0.0,2734.3506418168527,0.0,826.8344168066978,0.0,0.0,3342.949580293893,0.0,0.0,0.0,0.0,0.0,0.0,0.0,5889.183661231397,0.0,0.0,0.0,0.0,0.0,0.0,0.0
3352,0.0,490.880332839489,0.0,0.0,0.0,0.0,0.0,0.0,0.0,0.0,0.0,0.0,0.0,642.1258671402932,0.0,0.0,2716.017013967035,0.0,840.4038893818855,0.0,0.0,3617.7204602569336,0.0,0.0,0.0,0.0,0.0,0.0,0.0,5615.6397619575255,0.0,0.0,0.0,0.0,0.0,0.0,0.0
3353,0.0,497.6781667113304,0.0,0.0,0.0,0.0,0.0,0.0,0.0,0.0,0.0,0.0,0.0,678.835776400566,0.0,0.0,2731.5689772069436,0.0,832.3871976494788,0.0,0.0,3727.406345066428,0.0,0.0,0.0,0.0,0.0,0.0,0.0,5334.107120677828,0.0,0.0,0.0,0.0,0.0,0.0,0.0
3354,0.0,500.0912552118301,0.0,0.0,0.0,0.0,0.0,0.0,0.0,0.0,0.0,0.0,0.0,721.829211950302,0.0,0.0,2722.4624482393256,0.0,834.1316527247429,0.0,0.0,3845.7953347116704,0.0,0.0,0.0,0.0,0.0,0.0,0.0,5020.24777378738,0.0,0.0,0.0,0.0,0.0,0.0,0.0
3355,0.0,508.77820547819135,0.0,0.0,0.0,0.0,0.0,0.0,0.0,0.0,0.0,0.0,0.0,775.2354865550994,0.0,0.0,2727.4314844608302,0.0,830.4236334204674,0.0,0.0,3845.7090484499927,0.0,0.0,0.0,0.0,0.0,0.0,0.0,4973.865915891527,0.0,0.0,0.0,0.0,0.0,0.0,0.0
3356,0.0,524.482947921753,0.0,0.0,0.0,0.0,0.0,0.0,0.0,0.0,0.0,0.0,0.0,826.0756968736648,0.0,0.0,2731.628873229026,0.0,832.9356226444244,0.0,0.0,3830.7806169033047,0.0,0.0,0.0,0.0,0.0,0.0,0.0,5072.643246546386,0.0,0.0,0.0,0.0,0.0,0.0,0.0
3357,0.0,539.9099930047989,0.0,0.0,0.0,0.0,0.0,0.0,0.0,0.0,0.0,0.0,0.0,872.4971869945526,0.0,0.0,2753.4166346639377,0.0,838.3971080064772,0.0,0.0,3811.731032395363,0.0,0.0,0.0,0.0,0.0,0.0,0.0,5273.517871659993,0.0,0.0,0.0,0.0,0.0,0.0,0.0
3358,0.0,548.8256550192833,0.0,0.0,0.0,0.0,0.0,0.0,0.0,0.0,0.0,0.0,0.0,918.1614204883575,0.0,0.0,2766.372844323515,0.0,845.5536658883094,0.0,0.0,3764.2393767267463,0.0,0.0,0.0,0.0,0.0,0.0,0.0,5501.963275584577,0.0,0.0,0.0,0.0,0.0,0.0,0.0
3359,0.0,546.4507786631584,0.0,0.0,0.0,0.0,0.0,0.0,0.0,0.0,0.0,0.0,0.0,965.8280575037003,0.0,0.0,2759.9954737126823,0.0,853.1683610916136,0.0,0.0,3679.9155976742504,0.0,0.0,0.0,0.0,0.0,0.0,0.0,5687.3728215128185,0.0,0.0,0.0,0.0,0.0,0.0,0.0
3360,0.0,537.15114351511,0.0,0.0,0.0,0.0,0.0,0.0,0.0,0.0,0.0,0.0,0.0,1018.1600050926208,0.0,0.0,2750.7512616813174,0.0,881.633462023735,0.0,0.0,3881.075516420603,0.0,0.0,0.0,0.0,0.0,0.0,0.0,6173.852567195892,0.0,0.0,0.0,0.0,0.0,0.0,0.0
3361,0.0,512.9524754405022,0.0,0.0,0.0,0.0,0.0,0.0,0.0,0.0,0.0,0.0,0.0,1072.6898351192474,0.0,0.0,2729.4488913863893,0.0,904.2801359772682,0.0,0.0,3876.226228514314,0.0,0.0,0.0,0.0,0.0,0.0,0.0,6515.99289972782,0.0,0.0,0.0,0.0,0.0,0.0,0.0
3362,0.0,484.75819741487504,0.0,0.0,0.0,0.0,0.0,0.0,0.0,0.0,0.0,0.0,0.0,1126.1825508594513,0.0,0.0,2721.2166887670746,0.0,918.0675320506095,0.0,0.0,3798.134436866641,0.0,0.0,0.0,0.0,0.0,0.0,0.0,6720.335749745368,0.0,0.0,0.0,0.0,0.0,0.0,0.0
3363,0.0,457.0103449702263,0.0,0.0,0.0,0.0,0.0,0.0,0.0,0.0,0.0,0.0,0.0,1175.7239024162293,0.0,0.0,2715.6564710289217,0.0,920.9810435414314,0.0,0.0,3755.2698441356415,0.0,0.0,0.0,0.0,0.0,0.0,0.0,6813.725778281689,0.0,0.0,0.0,0.0,0.0,0.0,0.0
3364,0.0,434.53675040602684,0.0,0.0,0.0,0.0,0.0,0.0,0.0,0.0,0.0,0.0,0.0,1219.139142012596,0.0,0.0,2711.484751984475,0.0,908.8758556246756,0.0,0.0,3769.9064161866904,0.0,0.0,0.0,0.0,0.0,0.0,0.0,6823.179050666094,0.0,0.0,0.0,0.0,0.0,0.0,0.0
3365,0.0,410.70968281030656,0.0,0.0,0.0,0.0,0.0,0.0,0.0,0.0,0.0,0.0,0.0,1251.6984869003295,0.0,0.0,2708.6634159833193,0.0,881.1135520458221,0.0,0.0,3724.70452542007,0.0,0.0,0.0,0.0,0.0,0.0,0.0,6770.256346970797,0.0,0.0,0.0,0.0,0.0,0.0,0.0
3366,0.0,386.77959392666816,0.0,0.0,0.0,0.0,0.0,0.0,0.0,0.0,0.0,0.0,0.0,1271.721266746521,0.0,0.0,2716.2670993059864,0.0,840.9064295053482,0.0,0.0,3658.953182986378,0.0,0.0,0.0,0.0,0.0,0.0,0.0,6275.595843076706,0.0,0.0,0.0,0.0,0.0,0.0,0.0
3367,0.0,363.5984013497829,0.0,0.0,0.0,0.0,0.0,0.0,0.0,0.0,0.0,0.0,0.0,1273.416194486618,0.0,0.0,2725.299341648816,0.0,788.4524332046508,0.0,0.0,3560.6982599169014,0.0,0.0,0.0,0.0,0.0,0.0,0.0,5824.746132636069,0.0,0.0,0.0,0.0,0.0,0.0,0.0
3368,0.0,342.46831997036935,0.0,0.0,0.0,0.0,0.0,0.0,0.0,0.0,0.0,0.0,0.0,1274.0913141012193,0.0,0.0,2750.734926402569,0.0,726.1391178131103,0.0,0.0,3446.2321162104604,0.0,0.0,0.0,0.0,0.0,0.0,0.0,5409.514885839819,0.0,0.0,0.0,0.0,0.0,0.0,0.0
3369,0.0,324.3707734465599,0.0,0.0,0.0,0.0,0.0,0.0,0.0,0.0,0.0,0.0,0.0,1272.9225653886795,0.0,0.0,2773.6241523474446,0.0,657.4922080874442,0.0,0.0,3309.860766872763,0.0,0.0,0.0,0.0,0.0,0.0,0.0,5032.507881924509,0.0,0.0,0.0,0.0,0.0,0.0,0.0
3370,0.0,308.8532200098037,0.0,0.0,0.0,0.0,0.0,0.0,0.0,0.0,0.0,0.0,0.0,1260.1155579566955,0.0,0.0,2581.627842500806,0.0,573.3847051143646,0.0,0.0,3159.520125907659,0.0,0.0,0.0,0.0,0.0,0.0,0.0,4759.3682653576125,0.0,0.0,0.0,0.0,0.0,0.0,0.0
3371,0.0,292.70202392935755,0.0,0.0,0.0,0.0,0.0,0.0,0.0,0.0,0.0,0.0,0.0,1257.1809531450272,0.0,0.0,2417.7982204407444,0.0,500.9801563978194,0.0,0.0,3025.258702737093,0.0,0.0,0.0,0.0,0.0,0.0,0.0,4583.902338281273,0.0,0.0,0.0,0.0,0.0,0.0,0.0
3372,0.0,278.7304070413112,0.0,0.0,0.0,0.0,0.0,0.0,0.0,0.0,0.0,0.0,0.0,1255.0364238977431,0.0,0.0,2266.242615684867,0.0,440.44016679525356,0.0,0.0,2894.3588106662037,0.0,0.0,0.0,0.0,0.0,0.0,0.0,4489.234009772539,0.0,0.0,0.0,0.0,0.0,0.0,0.0
3373,0.0,269.35165423750874,0.0,0.0,0.0,0.0,0.0,0.0,0.0,0.0,0.0,0.0,0.0,1252.5934754610062,0.0,0.0,2115.819979190825,0.0,391.8769882500171,0.0,0.0,2786.367466932535,0.0,0.0,0.0,0.0,0.0,0.0,0.0,4476.832511171697,0.0,0.0,0.0,0.0,0.0,0.0,0.0
3374,0.0,261.30165721178054,0.0,0.0,0.0,0.0,0.0,0.0,0.0,0.0,0.0,0.0,0.0,1250.2188549757004,0.0,0.0,1996.6755121499293,0.0,352.99474691152557,0.0,0.0,2696.6854624092575,0.0,0.0,0.0,0.0,0.0,0.0,0.0,4521.236349025368,0.0,0.0,0.0,0.0,0.0,0.0,0.0
3375,0.0,247.68649061322213,0.0,0.0,0.0,0.0,0.0,0.0,0.0,0.0,0.0,0.0,0.0,1257.072722387314,0.0,0.0,2099.7250624001013,0.0,330.4916262090206,0.0,0.0,2766.6136654257775,0.0,0.0,0.0,0.0,0.0,0.0,0.0,4623.775533884763,0.0,0.0,0.0,0.0,0.0,0.0,0.0
3376,0.0,232.84993818998328,0.0,0.0,0.0,0.0,0.0,0.0,0.0,0.0,0.0,0.0,0.0,1257.4672669887543,0.0,0.0,2215.5523010492316,0.0,311.70645467638957,0.0,0.0,2849.2746930778026,0.0,0.0,0.0,0.0,0.0,0.0,0.0,4629.396437638997,0.0,0.0,0.0,0.0,0.0,0.0,0.0
3377,0.0,220.59976157248016,0.0,0.0,0.0,0.0,0.0,0.0,0.0,0.0,0.0,0.0,0.0,1246.721844768524,0.0,0.0,2272.3306185007095,0.0,308.5045028209685,0.0,0.0,2922.4881319731476,0.0,0.0,0.0,0.0,0.0,0.0,0.0,4653.073373705149,0.0,0.0,0.0,0.0,0.0,0.0,0.0
3378,0.0,214.68181703388692,0.0,0.0,0.0,0.0,0.0,0.0,0.0,0.0,0.0,0.0,0.0,1240.9249982118606,0.0,0.0,2330.5172703415133,0.0,314.5685087144375,0.0,0.0,3009.1676773488516,0.0,0.0,0.0,0.0,0.0,0.0,0.0,4657.638730749488,0.0,0.0,0.0,0.0,0.0,0.0,0.0
3379,0.0,244.72788307070726,0.0,0.0,0.0,0.0,0.0,0.0,0.0,0.0,0.0,0.0,0.0,1253.9085643529893,0.0,0.0,2490.5182142108674,0.0,311.57935239672656,0.0,0.0,3007.3032885789867,0.0,0.0,0.0,0.0,0.0,0.0,0.0,4645.67659126222,0.0,0.0,0.0,0.0,0.0,0.0,0.0
3380,0.0,271.7284383952617,0.0,0.0,0.0,0.0,0.0,0.0,0.0,0.0,0.0,0.0,0.0,1268.077557682991,0.0,0.0,2620.9207997918115,0.0,321.1719879031181,0.0,0.0,3060.2721539318563,0.0,0.0,0.0,0.0,0.0,0.0,0.0,4572.211046510934,0.0,0.0,0.0,0.0,0.0,0.0,0.0
3381,0.0,296.43598449826237,0.0,0.0,0.0,0.0,0.0,0.0,0.0,0.0,0.0,0.0,0.0,1276.552734398842,0.0,0.0,2724.4032349288454,0.0,326.8939617991446,0.0,0.0,3118.9446925610305,0.0,0.0,0.0,0.0,0.0,0.0,0.0,4493.7017314583045,0.0,0.0,0.0,0.0,0.0,0.0,0.0
3382,0.0,314.22202629446986,0.0,0.0,0.0,0.0,0.0,0.0,0.0,0.0,0.0,0.0,0.0,1277.481259250641,0.0,0.0,2814.4639049619436,0.0,331.6948295056818,0.0,0.0,3170.255347895622,0.0,0.0,0.0,0.0,0.0,0.0,0.0,4413.543102070688,0.0,0.0,0.0,0.0,0.0,0.0,0.0
3383,0.0,323.40430358648297,0.0,0.0,0.0,0.0,0.0,0.0,0.0,0.0,0.0,0.0,0.0,1268.0849105596542,0.0,0.0,2946.550579994917,0.0,332.93437314629557,0.0,0.0,3178.851578870416,0.0,0.0,0.0,0.0,0.0,0.0,0.0,4318.614774218201,0.0,0.0,0.0,0.0,0.0,0.0,0.0
3384,0.0,311.16410084366794,0.0,0.0,0.0,0.0,0.0,0.0,0.0,0.0,0.0,0.0,0.0,1249.1774365663528,0.0,0.0,3247.148101255297,0.0,357.22813020944596,0.0,0.0,2424.2005628630513,0.0,0.0,0.0,0.0,0.0,0.0,0.0,4496.221446934343,0.0,0.0,0.0,0.0,0.0,0.0,0.0
3385,0.0,299.67010104060165,0.0,0.0,0.0,0.0,0.0,0.0,0.0,0.0,0.0,0.0,0.0,1224.069963169098,0.0,0.0,3620.5609054118386,0.0,373.4718786180018,0.0,0.0,1864.778117698431,0.0,0.0,0.0,0.0,0.0,0.0,0.0,4629.165005677937,0.0,0.0,0.0,0.0,0.0,0.0,0.0
3386,0.0,293.0172600924968,0.0,0.0,0.0,0.0,0.0,0.0,0.0,0.0,0.0,0.0,0.0,1199.1826277256012,0.0,0.0,4036.0055485963812,0.0,381.2018195450305,0.0,0.0,1549.7219987109295,0.0,0.0,0.0,0.0,0.0,0.0,0.0,4751.270316395164,0.0,0.0,0.0,0.0,0.0,0.0,0.0
3387,0.0,298.388731688261,0.0,0.0,0.0,0.0,0.0,0.0,0.0,0.0,0.0,0.0,0.0,1177.080956506729,0.0,0.0,4414.621916905045,0.0,379.5798723340034,0.0,0.0,1445.2193447783584,0.0,0.0,0.0,0.0,0.0,0.0,0.0,4882.420277440547,0.0,0.0,0.0,0.0,0.0,0.0,0.0
3388,0.0,299.86879296898843,0.0,0.0,0.0,0.0,0.0,0.0,0.0,0.0,0.0,0.0,0.0,1159.2278132915496,0.0,0.0,4758.984372481702,0.0,371.52233476638787,0.0,0.0,1355.2064248725767,0.0,0.0,0.0,0.0,0.0,0.0,0.0,5040.2105884909615,0.0,0.0,0.0,0.0,0.0,0.0,0.0
3389,0.0,306.4039955019951,0.0,0.0,0.0,0.0,0.0,0.0,0.0,0.0,0.0,0.0,0.0,1146.1224763393402,0.0,0.0,4970.747147485614,0.0,351.4868004858492,0.0,0.0,1387.905739080906,0.0,0.0,0.0,0.0,0.0,0.0,0.0,5200.044371435045,0.0,0.0,0.0,0.0,0.0,0.0,0.0
3390,0.0,308.39097089767455,0.0,0.0,0.0,0.0,0.0,0.0,0.0,0.0,0.0,0.0,0.0,1128.3711973667146,0.0,0.0,4934.229631841181,0.0,305.62098841667165,0.0,0.0,1270.477857287228,0.0,0.0,0.0,0.0,0.0,0.0,0.0,5153.403960645198,0.0,0.0,0.0,0.0,0.0,0.0,0.0
3391,0.0,301.48579512834544,0.0,0.0,0.0,0.0,0.0,0.0,0.0,0.0,0.0,0.0,0.0,1108.6965134620666,0.0,0.0,4900.090066060422,0.0,254.5869036138057,0.0,0.0,1167.1392353005701,0.0,0.0,0.0,0.0,0.0,0.0,0.0,5060.934597378968,0.0,0.0,0.0,0.0,0.0,0.0,0.0
3392,0.0,297.91295962929723,0.0,0.0,0.0,0.0,0.0,0.0,0.0,0.0,0.0,0.0,0.0,1086.1697204351426,0.0,0.0,4869.099708661437,0.0,212.3493755102157,0.0,0.0,1076.4407180629669,0.0,0.0,0.0,0.0,0.0,0.0,0.0,4942.488804545997,0.0,0.0,0.0,0.0,0.0,0.0,0.0
3393,0.0,287.366183334589,0.0,0.0,0.0,0.0,0.0,0.0,0.0,0.0,0.0,0.0,0.0,1059.4449728488921,0.0,0.0,4853.257988691328,0.0,181.6646087408065,0.0,0.0,1002.8588216923175,0.0,0.0,0.0,0.0,0.0,0.0,0.0,4820.091672590375,0.0,0.0,0.0,0.0,0.0,0.0,0.0
3394,0.0,272.29612160325047,0.0,0.0,0.0,0.0,0.0,0.0,0.0,0.0,0.0,0.0,0.0,1013.1442671775818,0.0,0.0,4529.12094181776,0.0,156.47790480852112,0.0,0.0,937.9953194774687,0.0,0.0,0.0,0.0,0.0,0.0,0.0,4525.343543109297,0.0,0.0,0.0,0.0,0.0,0.0,0.0
3395,0.0,258.4236542880535,0.0,0.0,0.0,0.0,0.0,0.0,0.0,0.0,0.0,0.0,0.0,973.6280249357224,0.0,0.0,4226.451173767446,0.0,143.39262433648102,0.0,0.0,863.6587967656544,0.0,0.0,0.0,0.0,0.0,0.0,0.0,4237.04007051885,0.0,0.0,0.0,0.0,0.0,0.0,0.0
3396,0.0,249.7836976647377,0.0,0.0,0.0,0.0,0.0,0.0,0.0,0.0,0.0,0.0,0.0,929.9214500188828,0.0,0.0,3943.742338478565,0.0,137.17464624345294,0.0,0.0,799.3455586932599,0.0,0.0,0.0,0.0,0.0,0.0,0.0,3960.193203225732,0.0,0.0,0.0,0.0,0.0,0.0,0.0
3397,0.0,245.0464578866958,0.0,0.0,0.0,0.0,0.0,0.0,0.0,0.0,0.0,0.0,0.0,878.2701815366745,0.0,0.0,3667.971329435705,0.0,139.22651217281808,0.0,0.0,746.0123987987631,0.0,0.0,0.0,0.0,0.0,0.0,0.0,3701.011465197801,0.0,0.0,0.0,0.0,0.0,0.0,0.0
3398,0.0,234.55631243884562,0.0,0.0,0.0,0.0,0.0,0.0,0.0,0.0,0.0,0.0,0.0,829.5364807128906,0.0,0.0,3371.7761657983065,0.0,146.90458066761494,0.0,0.0,697.8355999365443,0.0,0.0,0.0,0.0,0.0,0.0,0.0,3463.2144019842144,0.0,0.0,0.0,0.0,0.0,0.0,0.0
3399,0.0,212.8218507260084,0.0,0.0,0.0,0.0,0.0,0.0,0.0,0.0,0.0,0.0,0.0,803.5134845018387,0.0,0.0,3383.232252359388,0.0,166.85424384176716,0.0,0.0,838.4342191994184,0.0,0.0,0.0,0.0,0.0,0.0,0.0,3229.779831236601,0.0,0.0,0.0,0.0,0.0,0.0,0.0
3400,0.0,190.57963322103015,0.0,0.0,0.0,0.0,0.0,0.0,0.0,0.0,0.0,0.0,0.0,778.6527808189392,0.0,0.0,3350.8954012691975,0.0,189.84275712370854,0.0,0.0,949.0006780162452,0.0,0.0,0.0,0.0,0.0,0.0,0.0,3008.3372330024836,0.0,0.0,0.0,0.0,0.0,0.0,0.0
3401,0.0,169.53418248295782,0.0,0.0,0.0,0.0,0.0,0.0,0.0,0.0,0.0,0.0,0.0,759.0318984508515,0.0,0.0,3260.2727198600764,0.0,229.72527680397033,0.0,0.0,986.7806635536245,0.0,0.0,0.0,0.0,0.0,0.0,0.0,2818.945068475602,0.0,0.0,0.0,0.0,0.0,0.0,0.0
3402,0.0,149.57810050249097,0.0,0.0,0.0,0.0,0.0,0.0,0.0,0.0,0.0,0.0,0.0,749.7733713626861,0.0,0.0,3171.760011956095,0.0,275.2808917284012,0.0,0.0,995.3778028048567,0.0,0.0,0.0,0.0,0.0,0.0,0.0,2644.2580545932046,0.0,0.0,0.0,0.0,0.0,0.0,0.0
3403,0.0,136.56194153130053,0.0,0.0,0.0,0.0,0.0,0.0,0.0,0.0,0.0,0.0,0.0,757.4778410673141,0.0,0.0,3180.4919963181014,0.0,314.84070559740064,0.0,0.0,948.1866352580487,0.0,0.0,0.0,0.0,0.0,0.0,0.0,2814.8038828223935,0.0,0.0,0.0,0.0,0.0,0.0,0.0
3404,0.0,127.56511377990243,0.0,0.0,0.0,0.0,0.0,0.0,0.0,0.0,0.0,0.0,0.0,770.2331093549728,0.0,0.0,3190.9384070783835,0.0,362.717804533243,0.0,0.0,906.4308966793116,0.0,0.0,0.0,0.0,0.0,0.0,0.0,2961.844179281591,0.0,0.0,0.0,0.0,0.0,0.0,0.0
3405,0.0,117.96382152736184,0.0,0.0,0.0,0.0,0.0,0.0,0.0,0.0,0.0,0.0,0.0,786.9318509340286,0.0,0.0,3205.740114301442,0.0,413.8630445480347,0.0,0.0,872.1968980483703,0.0,0.0,0.0,0.0,0.0,0.0,0.0,3079.9616280198084,0.0,0.0,0.0,0.0,0.0,0.0,0.0
3406,0.0,106.16622174829236,0.0,0.0,0.0,0.0,0.0,0.0,0.0,0.0,0.0,0.0,0.0,799.7200278282165,0.0,0.0,3220.5184854120002,0.0,459.49848373532285,0.0,0.0,836.0055636920029,0.0,0.0,0.0,0.0,0.0,0.0,0.0,3185.7336280852537,0.0,0.0,0.0,0.0,0.0,0.0,0.0
3407,0.0,95.50290121883147,0.0,0.0,0.0,0.0,0.0,0.0,0.0,0.0,0.0,0.0,0.0,800.4428514719009,0.0,0.0,3232.0045199841243,0.0,489.33879694938656,0.0,0.0,793.7907670631998,0.0,0.0,0.0,0.0,0.0,0.0,0.0,3302.0639881491643,0.0,0.0,0.0,0.0,0.0,0.0,0.0
3408,0.0,104.12857738584275,0.0,0.0,0.0,0.0,0.0,0.0,0.0,0.0,0.0,0.0,0.0,789.0151360988617,0.0,0.0,3423.7519112974396,0.0,523.3619548916816,0.0,0.0,1229.1955578021696,0.0,0.0,0.0,0.0,0.0,0.0,0.0,3447.074915599823,0.0,0.0,0.0,0.0,0.0,0.0,0.0
3409,0.0,110.6248663768172,0.0,0.0,0.0,0.0,0.0,0.0,0.0,0.0,0.0,0.0,0.0,762.9410284280777,0.0,0.0,3609.808791577816,0.0,536.1911041140556,0.0,0.0,1610.7319867551325,0.0,0.0,0.0,0.0,0.0,0.0,0.0,3632.2602618157857,0.0,0.0,0.0,0.0,0.0,0.0,0.0
3410,0.0,117.17113696485751,0.0,0.0,0.0,0.0,0.0,0.0,0.0,0.0,0.0,0.0,0.0,729.3523256421088,0.0,0.0,3814.4952794015385,0.0,535.7195688843726,0.0,0.0,1902.1455186635253,0.0,0.0,0.0,0.0,0.0,0.0,0.0,3849.1250273764117,0.0,0.0,0.0,0.0,0.0,0.0,0.0
3411,0.0,126.14063124954694,0.0,0.0,0.0,0.0,0.0,0.0,0.0,0.0,0.0,0.0,0.0,692.3754710912705,0.0,0.0,4063.8424193263054,0.0,528.6391893744468,0.0,0.0,1999.1461119711394,0.0,0.0,0.0,0.0,0.0,0.0,0.0,4073.207938835025,0.0,0.0,0.0,0.0,0.0,0.0,0.0
3412,0.0,134.8126838296652,0.0,0.0,0.0,0.0,0.0,0.0,0.0,0.0,0.0,0.0,0.0,662.8555991768837,0.0,0.0,4347.991870626807,0.0,521.4743911862373,0.0,0.0,2021.6591059193006,0.0,0.0,0.0,0.0,0.0,0.0,0.0,4331.205034512281,0.0,0.0,0.0,0.0,0.0,0.0,0.0
3413,0.0,141.66092013716695,0.0,0.0,0.0,0.0,0.0,0.0,0.0,0.0,0.0,0.0,0.0,643.123930478096,0.0,0.0,4603.953631639481,0.0,506.0416015625,0.0,0.0,1934.515128524601,0.0,0.0,0.0,0.0,0.0,0.0,0.0,4558.38949586153,0.0,0.0,0.0,0.0,0.0,0.0,0.0
3414,0.0,147.87554185688492,0.0,0.0,0.0,0.0,0.0,0.0,0.0,0.0,0.0,0.0,0.0,627.1855391144751,0.0,0.0,4527.846401140092,0.0,487.9002410173416,0.0,0.0,1786.2055450558657,0.0,0.0,0.0,0.0,0.0,0.0,0.0,4566.252758350967,0.0,0.0,0.0,0.0,0.0,0.0,0.0
3415,0.0,154.27530450224873,0.0,0.0,0.0,0.0,0.0,0.0,0.0,0.0,0.0,0.0,0.0,611.7335584759712,0.0,0.0,4461.32875713706,0.0,468.28952713608743,0.0,0.0,1645.933753931522,0.0,0.0,0.0,0.0,0.0,0.0,0.0,4538.743092042207,0.0,0.0,0.0,0.0,0.0,0.0,0.0
3416,0.0,160.65757429003716,0.0,0.0,0.0,0.0,0.0,0.0,0.0,0.0,0.0,0.0,0.0,606.4142453908919,0.0,0.0,4404.564441353083,0.0,457.5215808808802,0.0,0.0,1514.9531766369935,0.0,0.0,0.0,0.0,0.0,0.0,0.0,4396.501392650604,0.0,0.0,0.0,0.0,0.0,0.0,0.0
3417,0.0,167.7348029047251,0.0,0.0,0.0,0.0,0.0,0.0,0.0,0.0,0.0,0.0,0.0,604.6514380455015,0.0,0.0,4352.480182930827,0.0,452.77875101566315,0.0,0.0,1394.05234850049,0.0,0.0,0.0,0.0,0.0,0.0,0.0,4285.120060428977,0.0,0.0,0.0,0.0,0.0,0.0,0.0
3418,0.0,177.90906690359117,0.0,0.0,0.0,0.0,0.0,0.0,0.0,0.0,0.0,0.0,0.0,588.215472137928,0.0,0.0,4120.360539123413,0.0,436.8686757326124,0.0,0.0,1231.1828666500744,0.0,0.0,0.0,0.0,0.0,0.0,0.0,4092.1068897426117,0.0,0.0,0.0,0.0,0.0,0.0,0.0
3419,0.0,188.66456511318674,0.0,0.0,0.0,0.0,0.0,0.0,0.0,0.0,0.0,0.0,0.0,575.306690132618,0.0,0.0,3868.2115099579073,0.0,417.40261183381074,0.0,0.0,1093.4094412498166,0.0,0.0,0.0,0.0,0.0,0.0,0.0,3912.9047829449164,0.0,0.0,0.0,0.0,0.0,0.0,0.0
3420,0.0,197.7635023355484,0.0,0.0,0.0,0.0,0.0,0.0,0.0,0.0,0.0,0.0,0.0,566.3368082880972,0.0,0.0,3606.005005240439,0.0,397.2481859385966,0.0,0.0,981.8355524830514,0.0,0.0,0.0,0.0,0.0,0.0,0.0,3768.9327680319543,0.0,0.0,0.0,0.0,0.0,0.0,0.0
3421,0.0,207.84407363533964,0.0,0.0,0.0,0.0,0.0,0.0,0.0,0.0,0.0,0.0,0.0,562.6418084263802,0.0,0.0,3309.828121557831,0.0,376.2672691702842,0.0,0.0,892.3827363811425,0.0,0.0,0.0,0.0,0.0,0.0,0.0,3670.280193668602,0.0,0.0,0.0,0.0,0.0,0.0,0.0
3422,0.0,216.44605658948416,0.0,0.0,0.0,0.0,0.0,0.0,0.0,0.0,0.0,0.0,0.0,563.034021627903,0.0,0.0,2967.0272408425785,0.0,354.28435485959045,0.0,0.0,817.8269405990832,0.0,0.0,0.0,0.0,0.0,0.0,0.0,3599.538313809036,0.0,0.0,0.0,0.0,0.0,0.0,0.0
3423,0.0,238.45113154649735,0.0,0.0,0.0,0.0,0.0,0.0,0.0,0.0,0.0,0.0,0.0,576.2876714825629,0.0,0.0,2881.374373525379,0.0,351.00575037002557,0.0,0.0,861.3172601066525,0.0,0.0,0.0,0.0,0.0,0.0,0.0,3701.539057746528,0.0,0.0,0.0,0.0,0.0,0.0,0.0
3424,0.0,263.6567541539669,0.0,0.0,0.0,0.0,0.0,0.0,0.0,0.0,0.0,0.0,0.0,590.1994486331938,0.0,0.0,2822.869572684168,0.0,346.7835418760775,0.0,0.0,899.4748615734273,0.0,0.0,0.0,0.0,0.0,0.0,0.0,3824.068539854882,0.0,0.0,0.0,0.0,0.0,0.0,0.0
3425,0.0,292.25484083890916,0.0,0.0,0.0,0.0,0.0,0.0,0.0,0.0,0.0,0.0,0.0,590.698995900154,0.0,0.0,2830.7466774582854,0.0,328.55420568585384,0.0,0.0,934.1254563309244,0.0,0.0,0.0,0.0,0.0,0.0,0.0,3939.6716973036514,0.0,0.0,0.0,0.0,0.0,0.0,0.0
3426,0.0,319.0557222783565,0.0,0.0,0.0,0.0,0.0,0.0,0.0,0.0,0.0,0.0,0.0,592.0411200642586,0.0,0.0,2875.194970935582,0.0,299.6819506227969,0.0,0.0,961.724495577067,0.0,0.0,0.0,0.0,0.0,0.0,0.0,4034.9265611886976,0.0,0.0,0.0,0.0,0.0,0.0,0.0
3427,0.0,346.47835065722467,0.0,0.0,0.0,0.0,0.0,0.0,0.0,0.0,0.0,0.0,0.0,597.5413408160209,0.0,0.0,2929.334751933812,0.0,260.5764799773692,0.0,0.0,897.1382447451352,0.0,0.0,0.0,0.0,0.0,0.0,0.0,4176.003145301342,0.0,0.0,0.0,0.0,0.0,0.0,0.0
3428,0.0,377.2593832433223,0.0,0.0,0.0,0.0,0.0,0.0,0.0,0.0,0.0,0.0,0.0,597.1849953055382,0.0,0.0,3021.3385422676783,0.0,233.7060117155312,0.0,0.0,856.7257713295513,0.0,0.0,0.0,0.0,0.0,0.0,0.0,4439.332216393947,0.0,0.0,0.0,0.0,0.0,0.0,0.0
3429,0.0,409.25944495797154,0.0,0.0,0.0,0.0,0.0,0.0,0.0,0.0,0.0,0.0,0.0,592.6750366687775,0.0,0.0,3188.3784355372172,0.0,200.3037519663572,0.0,0.0,824.1043418258423,0.0,0.0,0.0,0.0,0.0,0.0,0.0,4732.721767941115,0.0,0.0,0.0,0.0,0.0,0.0,0.0
3430,0.0,429.1153392970562,0.0,0.0,0.0,0.0,0.0,0.0,0.0,0.0,0.0,0.0,0.0,590.1721891880036,0.0,0.0,3378.347226142882,0.0,175.3200322717428,0.0,0.0,792.7666853785507,0.0,0.0,0.0,0.0,0.0,0.0,0.0,4932.3325575798735,0.0,0.0,0.0,0.0,0.0,0.0,0.0
3431,0.0,440.1947289168835,0.0,0.0,0.0,0.0,0.0,0.0,0.0,0.0,0.0,0.0,0.0,595.8695925712585,0.0,0.0,3533.7003942728043,0.0,164.19249149560923,0.0,0.0,756.4765002697699,0.0,0.0,0.0,0.0,0.0,0.0,0.0,4950.305057418346,0.0,0.0,0.0,0.0,0.0,0.0,0.0
3432,0.0,424.6355685710907,0.0,0.0,0.0,0.0,0.0,0.0,0.0,0.0,0.0,0.0,0.0,606.5791022658348,0.0,0.0,3681.981942445039,0.0,185.43576420545577,0.0,0.0,1266.269131339341,0.0,0.0,0.0,0.0,0.0,0.0,0.0,5257.404059758782,0.0,0.0,0.0,0.0,0.0,0.0,0.0
3433,0.0,394.2919556200504,0.0,0.0,0.0,0.0,0.0,0.0,0.0,0.0,0.0,0.0,0.0,626.8325562000275,0.0,0.0,3751.5060556083895,0.0,218.44628334641445,0.0,0.0,1809.612283019721,0.0,0.0,0.0,0.0,0.0,0.0,0.0,5304.923188775777,0.0,0.0,0.0,0.0,0.0,0.0,0.0
3434,0.0,367.77485967278477,0.0,0.0,0.0,0.0,0.0,0.0,0.0,0.0,0.0,0.0,0.0,651.2662550210953,0.0,0.0,3875.2135105133057,0.0,252.20263913869852,0.0,0.0,2353.201804684102,0.0,0.0,0.0,0.0,0.0,0.0,0.0,5351.319511169193,0.0,0.0,0.0,0.0,0.0,0.0,0.0
3435,0.0,347.8206574380398,0.0,0.0,0.0,0.0,0.0,0.0,0.0,0.0,0.0,0.0,0.0,674.4295202255249,0.0,0.0,4067.797890394925,0.0,276.21770785450923,0.0,0.0,2840.1928369671105,0.0,0.0,0.0,0.0,0.0,0.0,0.0,5405.060182201862,0.0,0.0,0.0,0.0,0.0,0.0,0.0
3436,0.0,334.0946138978004,0.0,0.0,0.0,0.0,0.0,0.0,0.0,0.0,0.0,0.0,0.0,697.5503270506858,0.0,0.0,4324.893008604646,0.0,292.37093145847314,0.0,0.0,3138.326403486729,0.0,0.0,0.0,0.0,0.0,0.0,0.0,5454.15811112821,0.0,0.0,0.0,0.0,0.0,0.0,0.0
3437,0.0,321.3845869481563,0.0,0.0,0.0,0.0,0.0,0.0,0.0,0.0,0.0,0.0,0.0,712.0547729611396,0.0,0.0,4563.132158979773,0.0,294.8324117541313,0.0,0.0,3124.1833283007145,0.0,0.0,0.0,0.0,0.0,0.0,0.0,5501.925667890905,0.0,0.0,0.0,0.0,0.0,0.0,0.0
3438,0.0,333.5315318584442,0.0,0.0,0.0,0.0,0.0,0.0,0.0,0.0,0.0,0.0,0.0,720.4218982577324,0.0,0.0,4435.1059675216675,0.0,284.8195502638815,0.0,0.0,2907.769512283802,0.0,0.0,0.0,0.0,0.0,0.0,0.0,5413.348700919746,0.0,0.0,0.0,0.0,0.0,0.0,0.0
3439,0.0,343.4714027881622,0.0,0.0,0.0,0.0,0.0,0.0,0.0,0.0,0.0,0.0,0.0,715.6882597327233,0.0,0.0,4304.293055295942,0.0,272.9531533837317,0.0,0.0,2670.542238914966,0.0,0.0,0.0,0.0,0.0,0.0,0.0,5327.59267258644,0.0,0.0,0.0,0.0,0.0,0.0,0.0
3440,0.0,354.4431980073452,0.0,0.0,0.0,0.0,0.0,0.0,0.0,0.0,0.0,0.0,0.0,701.644713652134,0.0,0.0,4168.6659030616265,0.0,257.034422814846,0.0,0.0,2417.1205480232825,0.0,0.0,0.0,0.0,0.0,0.0,0.0,5256.9249232769,0.0,0.0,0.0,0.0,0.0,0.0,0.0
3441,0.0,361.8711114227772,0.0,0.0,0.0,0.0,0.0,0.0,0.0,0.0,0.0,0.0,0.0,690.1075569868086,0.0,0.0,4025.1285865604877,0.0,248.7169302582741,0.0,0.0,2168.90055629611,0.0,0.0,0.0,0.0,0.0,0.0,0.0,5195.625829041004,0.0,0.0,0.0,0.0,0.0,0.0,0.0
3442,0.0,352.6073317229748,0.0,0.0,0.0,0.0,0.0,0.0,0.0,0.0,0.0,0.0,0.0,661.7603792309761,0.0,0.0,3580.521581456063,0.0,237.4105185151099,0.0,0.0,2004.0501992225645,0.0,0.0,0.0,0.0,0.0,0.0,0.0,5067.200979337095,0.0,0.0,0.0,0.0,0.0,0.0,0.0
3443,0.0,347.02992977499963,0.0,0.0,0.0,0.0,0.0,0.0,0.0,0.0,0.0,0.0,0.0,632.0855588912963,0.0,0.0,3145.16228879988,0.0,232.42765267491342,0.0,0.0,1828.8149121075867,0.0,0.0,0.0,0.0,0.0,0.0,0.0,4961.357380008697,0.0,0.0,0.0,0.0,0.0,0.0,0.0
3444,0.0,340.4128320515156,0.0,0.0,0.0,0.0,0.0,0.0,0.0,0.0,0.0,0.0,0.0,598.9493718624113,0.0,0.0,2772.828390911221,0.0,228.71736580431462,0.0,0.0,1652.8012320846315,0.0,0.0,0.0,0.0,0.0,0.0,0.0,4871.498135328291,0.0,0.0,0.0,0.0,0.0,0.0,0.0
3445,0.0,329.7433392226696,0.0,0.0,0.0,0.0,0.0,0.0,0.0,0.0,0.0,0.0,0.0,559.9718623399734,0.0,0.0,2470.476771861314,0.0,225.57899473011494,0.0,0.0,1495.1471492350101,0.0,0.0,0.0,0.0,0.0,0.0,0.0,4789.837367868423,0.0,0.0,0.0,0.0,0.0,0.0,0.0
3446,0.0,312.807279163599,0.0,0.0,0.0,0.0,0.0,0.0,0.0,0.0,0.0,0.0,0.0,515.0823709726334,0.0,0.0,2189.554704919455,0.0,222.85053443610664,0.0,0.0,1358.5239045649764,0.0,0.0,0.0,0.0,0.0,0.0,0.0,4712.413251745701,0.0,0.0,0.0,0.0,0.0,0.0,0.0
3447,0.0,287.0885981976986,0.0,0.0,0.0,0.0,0.0,0.0,0.0,0.0,0.0,0.0,0.0,475.3312401890754,0.0,0.0,2194.1180817186832,0.0,233.87579759657376,0.0,0.0,1255.6501687355337,0.0,0.0,0.0,0.0,0.0,0.0,0.0,4298.062531238795,0.0,0.0,0.0,0.0,0.0,0.0,0.0
3448,0.0,265.90773562788956,0.0,0.0,0.0,0.0,0.0,0.0,0.0,0.0,0.0,0.0,0.0,428.5081664323807,0.0,0.0,2180.061185419558,0.0,243.2476343899965,0.0,0.0,1165.7025690436358,0.0,0.0,0.0,0.0,0.0,0.0,0.0,3981.181189194321,0.0,0.0,0.0,0.0,0.0,0.0,0.0
3449,0.0,246.0396369695663,0.0,0.0,0.0,0.0,0.0,0.0,0.0,0.0,0.0,0.0,0.0,369.8711046874523,0.0,0.0,2191.3165814131494,0.0,242.2601314872502,0.0,0.0,1110.5907768130303,0.0,0.0,0.0,0.0,0.0,0.0,0.0,3710.60829772055,0.0,0.0,0.0,0.0,0.0,0.0,0.0
3450,0.0,224.19427025914186,0.0,0.0,0.0,0.0,0.0,0.0,0.0,0.0,0.0,0.0,0.0,324.13883466720574,0.0,0.0,2201.166754499078,0.0,243.00547905564292,0.0,0.0,1035.302985911071,0.0,0.0,0.0,0.0,0.0,0.0,0.0,3488.2010983049868,0.0,0.0,0.0,0.0,0.0,0.0,0.0
3451,0.0,185.0568280667066,0.0,0.0,0.0,0.0,0.0,0.0,0.0,0.0,0.0,0.0,0.0,301.06068797707553,0.0,0.0,2289.093337044119,0.0,233.49975210428224,0.0,0.0,954.7403795912855,0.0,0.0,0.0,0.0,0.0,0.0,0.0,3496.4256116211395,0.0,0.0,0.0,0.0,0.0,0.0,0.0
3452,0.0,148.15680231750005,0.0,0.0,0.0,0.0,0.0,0.0,0.0,0.0,0.0,0.0,0.0,284.86313012838366,0.0,0.0,2335.374682158231,0.0,223.46507455110535,0.0,0.0,870.6803791545331,0.0,0.0,0.0,0.0,0.0,0.0,0.0,3543.8518062412722,0.0,0.0,0.0,0.0,0.0,0.0,0.0
3453,0.0,119.82636897861951,0.0,0.0,0.0,0.0,0.0,0.0,0.0,0.0,0.0,0.0,0.0,271.11818257570263,0.0,0.0,2342.5143657773733,0.0,221.3018607407807,0.0,0.0,806.6661910995834,0.0,0.0,0.0,0.0,0.0,0.0,0.0,3596.3297266364084,0.0,0.0,0.0,0.0,0.0,0.0,0.0
3454,0.0,97.84519063979386,0.0,0.0,0.0,0.0,0.0,0.0,0.0,0.0,0.0,0.0,0.0,263.9184385359287,0.0,0.0,2352.594788506626,0.0,218.52014968991273,0.0,0.0,759.1326790250837,0.0,0.0,0.0,0.0,0.0,0.0,0.0,3645.9545248866066,0.0,0.0,0.0,0.0,0.0,0.0,0.0
3455,0.0,80.73479819297786,0.0,0.0,0.0,0.0,0.0,0.0,0.0,0.0,0.0,0.0,0.0,265.821376466751,0.0,0.0,2402.6036886572815,0.0,208.91124106049529,0.0,0.0,721.7805673800401,0.0,0.0,0.0,0.0,0.0,0.0,0.0,3686.2012661397457,0.0,0.0,0.0,0.0,0.0,0.0,0.0
3456,0.0,88.39924394041293,0.0,0.0,0.0,0.0,0.0,0.0,0.0,0.0,0.0,0.0,0.0,277.3167696893214,0.0,0.0,2664.6670652180896,0.0,216.48522381484509,0.0,0.0,1324.1509396389124,0.0,0.0,0.0,0.0,0.0,0.0,0.0,3748.2304558902965,0.0,0.0,0.0,0.0,0.0,0.0,0.0
3457,0.0,95.78324986249206,0.0,0.0,0.0,0.0,0.0,0.0,0.0,0.0,0.0,0.0,0.0,296.75853777527806,0.0,0.0,2995.202096268534,0.0,215.32434842288487,0.0,0.0,1992.5057029277084,0.0,0.0,0.0,0.0,0.0,0.0,0.0,3789.8245650917293,0.0,0.0,0.0,0.0,0.0,0.0,0.0
3458,0.0,102.99940431118004,0.0,0.0,0.0,0.0,0.0,0.0,0.0,0.0,0.0,0.0,0.0,319.88326762914653,0.0,0.0,3343.1408110856996,0.0,212.64415913224212,0.0,0.0,2659.86817420721,0.0,0.0,0.0,0.0,0.0,0.0,0.0,3818.7141444683057,0.0,0.0,0.0,0.0,0.0,0.0,0.0
3459,0.0,109.32959532290697,0.0,0.0,0.0,0.0,0.0,0.0,0.0,0.0,0.0,0.0,0.0,342.4795318901539,0.0,0.0,3661.2038568109274,0.0,215.8868530780077,0.0,0.0,3184.390248593688,0.0,0.0,0.0,0.0,0.0,0.0,0.0,3842.7017056196914,0.0,0.0,0.0,0.0,0.0,0.0,0.0
3460,0.0,118.45160151422024,0.0,0.0,0.0,0.0,0.0,0.0,0.0,0.0,0.0,0.0,0.0,365.49065083265305,0.0,0.0,3962.6617027521124,0.0,225.3350016295909,0.0,0.0,3505.1138611793517,0.0,0.0,0.0,0.0,0.0,0.0,0.0,3843.0322193890806,0.0,0.0,0.0,0.0,0.0,0.0,0.0
3461,0.0,127.55812785923473,0.0,0.0,0.0,0.0,0.0,0.0,0.0,0.0,0.0,0.0,0.0,381.2215027689934,0.0,0.0,4354.511202588676,0.0,234.06972638964638,0.0,0.0,3697.773523494601,0.0,0.0,0.0,0.0,0.0,0.0,0.0,3851.192365691066,0.0,0.0,0.0,0.0,0.0,0.0,0.0
3462,0.0,126.22760455906388,0.0,0.0,0.0,0.0,0.0,0.0,0.0,0.0,0.0,0.0,0.0,390.3653429150581,0.0,0.0,4520.671324416993,0.0,228.77750818431375,0.0,0.0,3664.1000828057527,0.0,0.0,0.0,0.0,0.0,0.0,0.0,3543.0049099087714,0.0,0.0,0.0,0.0,0.0,0.0,0.0
3463,0.0,125.4244341015815,0.0,0.0,0.0,0.0,0.0,0.0,0.0,0.0,0.0,0.0,0.0,392.4830162286758,0.0,0.0,4685.1753601282835,0.0,206.6034365504979,0.0,0.0,3631.9919051796196,0.0,0.0,0.0,0.0,0.0,0.0,0.0,3268.4289687335486,0.0,0.0,0.0,0.0,0.0,0.0,0.0
3464,0.0,124.10185062289236,0.0,0.0,0.0,0.0,0.0,0.0,0.0,0.0,0.0,0.0,0.0,386.72463777065275,0.0,0.0,4834.275227978824,0.0,187.16270121932018,0.0,0.0,3562.6840549707413,0.0,0.0,0.0,0.0,0.0,0.0,0.0,3020.658272835612,0.0,0.0,0.0,0.0,0.0,0.0,0.0
3465,0.0,121.34140194654465,0.0,0.0,0.0,0.0,0.0,0.0,0.0,0.0,0.0,0.0,0.0,383.1841379880905,0.0,0.0,5010.498270452023,0.0,179.8896230340003,0.0,0.0,3472.589087426662,0.0,0.0,0.0,0.0,0.0,0.0,0.0,2819.269434833525,0.0,0.0,0.0,0.0,0.0,0.0,0.0
3466,0.0,104.14133580923075,0.0,0.0,0.0,0.0,0.0,0.0,0.0,0.0,0.0,0.0,0.0,370.44433764219275,0.0,0.0,4978.646421566605,0.0,176.3537164598702,0.0,0.0,3454.700582966208,0.0,0.0,0.0,0.0,0.0,0.0,0.0,2686.904817605017,0.0,0.0,0.0,0.0,0.0,0.0,0.0
3467,0.0,90.27969105988736,0.0,0.0,0.0,0.0,0.0,0.0,0.0,0.0,0.0,0.0,0.0,376.3798576593399,0.0,0.0,4910.207437634467,0.0,182.36257454752908,0.0,0.0,3434.9219552367927,0.0,0.0,0.0,0.0,0.0,0.0,0.0,2555.6094883590918,0.0,0.0,0.0,0.0,0.0,0.0,0.0
3468,0.0,78.00450961589806,0.0,0.0,0.0,0.0,0.0,0.0,0.0,0.0,0.0,0.0,0.0,399.011160171032,0.0,0.0,4787.543884828685,0.0,204.32860808670517,0.0,0.0,3442.038906651735,0.0,0.0,0.0,0.0,0.0,0.0,0.0,2410.025043579936,0.0,0.0,0.0,0.0,0.0,0.0,0.0
3469,0.0,67.87392866313455,0.0,0.0,0.0,0.0,0.0,0.0,0.0,0.0,0.0,0.0,0.0,433.66163628101344,0.0,0.0,4621.64473852515,0.0,237.5232002586125,0.0,0.0,3430.753269141912,0.0,0.0,0.0,0.0,0.0,0.0,0.0,2289.704471056163,0.0,0.0,0.0,0.0,0.0,0.0,0.0
3470,0.0,60.893878693878634,0.0,0.0,0.0,0.0,0.0,0.0,0.0,0.0,0.0,0.0,0.0,466.79073944091795,0.0,0.0,4425.013876736163,0.0,276.7610345304012,0.0,0.0,3416.477585595846,0.0,0.0,0.0,0.0,0.0,0.0,0.0,2200.543319189547,0.0,0.0,0.0,0.0,0.0,0.0,0.0
3471,0.0,60.98581789880991,0.0,0.0,0.0,0.0,0.0,0.0,0.0,0.0,0.0,0.0,0.0,512.8763734698294,0.0,0.0,4417.677391901612,0.0,335.2892630040645,0.0,0.0,3607.216243243217,0.0,0.0,0.0,0.0,0.0,0.0,0.0,2155.0969526737913,0.0,0.0,0.0,0.0,0.0,0.0,0.0
3472,0.0,59.069192688167014,0.0,0.0,0.0,0.0,0.0,0.0,0.0,0.0,0.0,0.0,0.0,559.705141222477,0.0,0.0,4420.900497972965,0.0,384.88846740722647,0.0,0.0,3771.979708537459,0.0,0.0,0.0,0.0,0.0,0.0,0.0,1961.5057445034377,0.0,0.0,0.0,0.0,0.0,0.0,0.0
3473,0.0,57.501309406757336,0.0,0.0,0.0,0.0,0.0,0.0,0.0,0.0,0.0,0.0,0.0,598.6460657000541,0.0,0.0,4442.37944485247,0.0,416.2665759265422,0.0,0.0,3844.817120987177,0.0,0.0,0.0,0.0,0.0,0.0,0.0,1834.5665795058003,0.0,0.0,0.0,0.0,0.0,0.0,0.0
3474,0.0,56.649482993781554,0.0,0.0,0.0,0.0,0.0,0.0,0.0,0.0,0.0,0.0,0.0,634.6521163582801,0.0,0.0,4465.943473383784,0.0,431.1347267150879,0.0,0.0,3936.1464362114666,0.0,0.0,0.0,0.0,0.0,0.0,0.0,1724.809429554641,0.0,0.0,0.0,0.0,0.0,0.0,0.0
3475,0.0,56.645814684033375,0.0,0.0,0.0,0.0,0.0,0.0,0.0,0.0,0.0,0.0,0.0,683.514089012146,0.0,0.0,4636.8532719761115,0.0,431.1522447764872,0.0,0.0,3983.3580399781463,0.0,0.0,0.0,0.0,0.0,0.0,0.0,1831.8971564799533,0.0,0.0,0.0,0.0,0.0,0.0,0.0
3476,0.0,56.114211371540954,0.0,0.0,0.0,0.0,0.0,0.0,0.0,0.0,0.0,0.0,0.0,736.6810812830925,0.0,0.0,4776.788270577787,0.0,436.16979104280466,0.0,0.0,4024.5229447335005,0.0,0.0,0.0,0.0,0.0,0.0,0.0,1919.1762964069837,0.0,0.0,0.0,0.0,0.0,0.0,0.0
3477,0.0,55.77136819660661,0.0,0.0,0.0,0.0,0.0,0.0,0.0,0.0,0.0,0.0,0.0,789.5701886177063,0.0,0.0,4896.717997804283,0.0,438.9352437913417,0.0,0.0,4060.2775495022534,0.0,0.0,0.0,0.0,0.0,0.0,0.0,2017.184839016198,0.0,0.0,0.0,0.0,0.0,0.0,0.0
3478,0.0,55.39748817533253,0.0,0.0,0.0,0.0,0.0,0.0,0.0,0.0,0.0,0.0,0.0,839.4009027719497,0.0,0.0,5023.265068665146,0.0,436.3257047533987,0.0,0.0,4082.3453366160393,0.0,0.0,0.0,0.0,0.0,0.0,0.0,2123.146323999761,0.0,0.0,0.0,0.0,0.0,0.0,0.0
3479,0.0,54.91404282599684,0.0,0.0,0.0,0.0,0.0,0.0,0.0,0.0,0.0,0.0,0.0,882.0819307327271,0.0,0.0,5171.308588489889,0.0,423.4985415041445,0.0,0.0,4077.2992554813623,0.0,0.0,0.0,0.0,0.0,0.0,0.0,2209.777092823385,0.0,0.0,0.0,0.0,0.0,0.0,0.0
3480,0.0,73.49304272979496,0.0,0.0,0.0,0.0,0.0,0.0,0.0,0.0,0.0,0.0,0.0,913.5217553138733,0.0,0.0,5497.951155975459,0.0,428.1074515700339,0.0,0.0,4174.967129212618,0.0,0.0,0.0,0.0,0.0,0.0,0.0,2704.6619772359713,0.0,0.0,0.0,0.0,0.0,0.0,0.0
3481,0.0,89.86955579370256,0.0,0.0,0.0,0.0,0.0,0.0,0.0,0.0,0.0,0.0,0.0,936.1166072845459,0.0,0.0,5859.989161029456,0.0,422.6381705224513,0.0,0.0,4431.932460629939,0.0,0.0,0.0,0.0,0.0,0.0,0.0,3067.972367599606,0.0,0.0,0.0,0.0,0.0,0.0,0.0
3482,0.0,100.11738237887616,0.0,0.0,0.0,0.0,0.0,0.0,0.0,0.0,0.0,0.0,0.0,951.1049980163574,0.0,0.0,6190.946964651344,0.0,412.3700966656206,0.0,0.0,4703.152282476424,0.0,0.0,0.0,0.0,0.0,0.0,0.0,3306.2380805343378,0.0,0.0,0.0,0.0,0.0,0.0,0.0
3483,0.0,105.66876247376197,0.0,0.0,0.0,0.0,0.0,0.0,0.0,0.0,0.0,0.0,0.0,960.7604011058808,0.0,0.0,6445.231637045739,0.0,400.7447139263152,0.0,0.0,4928.591035947204,0.0,0.0,0.0,0.0,0.0,0.0,0.0,3479.3817325264204,0.0,0.0,0.0,0.0,0.0,0.0,0.0
3484,0.0,109.21749093532557,0.0,0.0,0.0,0.0,0.0,0.0,0.0,0.0,0.0,0.0,0.0,961.4380314588547,0.0,0.0,6674.678129166365,0.0,392.57756249904634,0.0,0.0,5086.865168845654,0.0,0.0,0.0,0.0,0.0,0.0,0.0,3627.3191894471647,0.0,0.0,0.0,0.0,0.0,0.0,0.0
3485,0.0,111.87592132240529,0.0,0.0,0.0,0.0,0.0,0.0,0.0,0.0,0.0,0.0,0.0,958.8415693044662,0.0,0.0,6857.355551421642,0.0,381.7738390862941,0.0,0.0,5180.728878092766,0.0,0.0,0.0,0.0,0.0,0.0,0.0,3748.2615545600647,0.0,0.0,0.0,0.0,0.0,0.0,0.0
3486,0.0,110.30203407704829,0.0,0.0,0.0,0.0,0.0,0.0,0.0,0.0,0.0,0.0,0.0,955.7150723457337,0.0,0.0,6800.066950976849,0.0,369.4892911195755,0.0,0.0,5209.324447971582,0.0,0.0,0.0,0.0,0.0,0.0,0.0,3509.0455241352306,0.0,0.0,0.0,0.0,0.0,0.0,0.0
3487,0.0,108.7750843629241,0.0,0.0,0.0,0.0,0.0,0.0,0.0,0.0,0.0,0.0,0.0,943.6587756872177,0.0,0.0,6822.718537509441,0.0,375.09086169004433,0.0,0.0,5242.3378744483,0.0,0.0,0.0,0.0,0.0,0.0,0.0,3334.0609032154084,0.0,0.0,0.0,0.0,0.0,0.0,0.0
3488,0.0,107.29369042664764,0.0,0.0,0.0,0.0,0.0,0.0,0.0,0.0,0.0,0.0,0.0,921.1459710597992,0.0,0.0,6901.403241634367,0.0,397.5202938973904,0.0,0.0,5277.11335721612,0.0,0.0,0.0,0.0,0.0,0.0,0.0,3207.507036271691,0.0,0.0,0.0,0.0,0.0,0.0,0.0
3489,0.0,99.27176333516832,0.0,0.0,0.0,0.0,0.0,0.0,0.0,0.0,0.0,0.0,0.0,897.6813275814056,0.0,0.0,7008.049275755882,0.0,433.7850226640701,0.0,0.0,5310.309650015831,0.0,0.0,0.0,0.0,0.0,0.0,0.0,3104.893720862268,0.0,0.0,0.0,0.0,0.0,0.0,0.0
3490,0.0,90.97434127181768,0.0,0.0,0.0,0.0,0.0,0.0,0.0,0.0,0.0,0.0,0.0,857.7174565553665,0.0,0.0,6844.425011485813,0.0,468.1056912362574,0.0,0.0,5247.002176719904,0.0,0.0,0.0,0.0,0.0,0.0,0.0,3084.316526624559,0.0,0.0,0.0,0.0,0.0,0.0,0.0
3491,0.0,82.19175543487066,0.0,0.0,0.0,0.0,0.0,0.0,0.0,0.0,0.0,0.0,0.0,821.4441915988922,0.0,0.0,6654.557732969521,0.0,514.0173288941382,0.0,0.0,5203.467275977135,0.0,0.0,0.0,0.0,0.0,0.0,0.0,3071.561009445785,0.0,0.0,0.0,0.0,0.0,0.0,0.0
3492,0.0,73.45811312645671,0.0,0.0,0.0,0.0,0.0,0.0,0.0,0.0,0.0,0.0,0.0,783.0253213644028,0.0,0.0,6428.7656760662785,0.0,571.0205671429634,0.0,0.0,5191.253985464573,0.0,0.0,0.0,0.0,0.0,0.0,0.0,3076.368285211919,0.0,0.0,0.0,0.0,0.0,0.0,0.0
3493,0.0,66.8368210449814,0.0,0.0,0.0,0.0,0.0,0.0,0.0,0.0,0.0,0.0,0.0,742.0592622160912,0.0,0.0,6161.911006674169,0.0,619.2850494027138,0.0,0.0,5182.324417036772,0.0,0.0,0.0,0.0,0.0,0.0,0.0,3062.5225065290915,0.0,0.0,0.0,0.0,0.0,0.0,0.0
3494,0.0,62.16352769136421,0.0,0.0,0.0,0.0,0.0,0.0,0.0,0.0,0.0,0.0,0.0,699.2296075105667,0.0,0.0,5873.923931673167,0.0,653.1175539255141,0.0,0.0,5161.835517132282,0.0,0.0,0.0,0.0,0.0,0.0,0.0,3046.353729537129,0.0,0.0,0.0,0.0,0.0,0.0,0.0
3495,0.0,57.99904222637412,0.0,0.0,0.0,0.0,0.0,0.0,0.0,0.0,0.0,0.0,0.0,670.8505075097083,0.0,0.0,5873.571167439221,0.0,701.9653787374497,0.0,0.0,5268.699689805508,0.0,0.0,0.0,0.0,0.0,0.0,0.0,2762.5038757473217,0.0,0.0,0.0,0.0,0.0,0.0,0.0
3496,0.0,55.481073734164184,0.0,0.0,0.0,0.0,0.0,0.0,0.0,0.0,0.0,0.0,0.0,646.2710961937904,0.0,0.0,5845.055993705988,0.0,739.3741169452667,0.0,0.0,5355.644754660129,0.0,0.0,0.0,0.0,0.0,0.0,0.0,2555.0092117100953,0.0,0.0,0.0,0.0,0.0,0.0,0.0
3497,0.0,53.78668637126677,0.0,0.0,0.0,0.0,0.0,0.0,0.0,0.0,0.0,0.0,0.0,617.5211242675781,0.0,0.0,5838.210345104337,0.0,762.5294964313507,0.0,0.0,5420.35460677743,0.0,0.0,0.0,0.0,0.0,0.0,0.0,2370.327953234315,0.0,0.0,0.0,0.0,0.0,0.0,0.0
3498,0.0,52.64206852018826,0.0,0.0,0.0,0.0,0.0,0.0,0.0,0.0,0.0,0.0,0.0,593.7751884222031,0.0,0.0,5839.0858382582655,0.0,782.1971514225005,0.0,0.0,5501.553309363127,0.0,0.0,0.0,0.0,0.0,0.0,0.0,2213.871630471943,0.0,0.0,0.0,0.0,0.0,0.0,0.0
3499,0.0,55.65305643975732,0.0,0.0,0.0,0.0,0.0,0.0,0.0,0.0,0.0,0.0,0.0,584.9197245121001,0.0,0.0,5843.719223394988,0.0,789.3921245455742,0.0,0.0,5372.88444698453,0.0,0.0,0.0,0.0,0.0,0.0,0.0,2233.782553790509,0.0,0.0,0.0,0.0,0.0,0.0,0.0
3500,0.0,58.18339057266705,0.0,0.0,0.0,0.0,0.0,0.0,0.0,0.0,0.0,0.0,0.0,580.698231780529,0.0,0.0,5867.1587926596385,0.0,789.0176352262497,0.0,0.0,5202.442740154266,0.0,0.0,0.0,0.0,0.0,0.0,0.0,2252.6928954899313,0.0,0.0,0.0,0.0,0.0,0.0,0.0
3501,0.0,54.437934096157505,0.0,0.0,0.0,0.0,0.0,0.0,0.0,0.0,0.0,0.0,0.0,578.8610886454583,0.0,0.0,5866.914152413606,0.0,779.7092902898787,0.0,0.0,5009.278076139092,0.0,0.0,0.0,0.0,0.0,0.0,0.0,2267.2380326300854,0.0,0.0,0.0,0.0,0.0,0.0,0.0
3502,0.0,51.10654772669075,0.0,0.0,0.0,0.0,0.0,0.0,0.0,0.0,0.0,0.0,0.0,580.7308265447615,0.0,0.0,5832.044166311621,0.0,764.1393203139304,0.0,0.0,4798.8709949702015,0.0,0.0,0.0,0.0,0.0,0.0,0.0,2299.750607034562,0.0,0.0,0.0,0.0,0.0,0.0,0.0
3503,0.0,47.71050652116533,0.0,0.0,0.0,0.0,0.0,0.0,0.0,0.0,0.0,0.0,0.0,586.4764719724656,0.0,0.0,5760.9063609689465,0.0,743.3431583285331,0.0,0.0,4585.269202807544,0.0,0.0,0.0,0.0,0.0,0.0,0.0,2448.2820123866195,0.0,0.0,0.0,0.0,0.0,0.0,0.0
3504,0.0,54.63562302589412,0.0,0.0,0.0,0.0,0.0,0.0,0.0,0.0,0.0,0.0,0.0,593.6506378650664,0.0,0.0,5928.20022892952,0.0,738.2875228762626,0.0,0.0,2961.194332408905,0.0,0.0,0.0,0.0,0.0,0.0,0.0,3223.8927807271466,0.0,0.0,0.0,0.0,0.0,0.0,0.0
3505,0.0,66.94707374274728,0.0,0.0,0.0,0.0,0.0,0.0,0.0,0.0,0.0,0.0,0.0,602.4045513749122,0.0,0.0,6110.685128256677,0.0,728.246027803421,0.0,0.0,2405.8841088205572,0.0,0.0,0.0,0.0,0.0,0.0,0.0,4178.085309725999,0.0,0.0,0.0,0.0,0.0,0.0,0.0
3506,0.0,81.65636457502836,0.0,0.0,0.0,0.0,0.0,0.0,0.0,0.0,0.0,0.0,0.0,611.647251844406,0.0,0.0,6300.475397601722,0.0,716.0581404089927,0.0,0.0,2132.129741571843,0.0,0.0,0.0,0.0,0.0,0.0,0.0,5352.968825504183,0.0,0.0,0.0,0.0,0.0,0.0,0.0
3507,0.0,96.4192351743579,0.0,0.0,0.0,0.0,0.0,0.0,0.0,0.0,0.0,0.0,0.0,618.2396886229515,0.0,0.0,6494.7765374928695,0.0,701.1970739126206,0.0,0.0,1948.0519291877747,0.0,0.0,0.0,0.0,0.0,0.0,0.0,6558.2863673865795,0.0,0.0,0.0,0.0,0.0,0.0,0.0
3508,0.0,112.18891301304096,0.0,0.0,0.0,0.0,0.0,0.0,0.0,0.0,0.0,0.0,0.0,630.3485762834548,0.0,0.0,6678.513030320406,0.0,695.4389968037606,0.0,0.0,1827.7931011140342,0.0,0.0,0.0,0.0,0.0,0.0,0.0,7823.1220622420315,0.0,0.0,0.0,0.0,0.0,0.0,0.0
3509,0.0,128.86000607907772,0.0,0.0,0.0,0.0,0.0,0.0,0.0,0.0,0.0,0.0,0.0,643.5063697338103,0.0,0.0,6830.266214162111,0.0,698.4654419898985,0.0,0.0,1694.193508708477,0.0,0.0,0.0,0.0,0.0,0.0,0.0,9034.387043911218,0.0,0.0,0.0,0.0,0.0,0.0,0.0
3510,0.0,137.6552661716938,0.0,0.0,0.0,0.0,0.0,0.0,0.0,0.0,0.0,0.0,0.0,660.6873524188995,0.0,0.0,6598.298255085945,0.0,696.126914179325,0.0,0.0,1648.3879168689248,0.0,0.0,0.0,0.0,0.0,0.0,0.0,9627.273781102895,0.0,0.0,0.0,0.0,0.0,0.0,0.0
3511,0.0,142.79371943771838,0.0,0.0,0.0,0.0,0.0,0.0,0.0,0.0,0.0,0.0,0.0,668.6511455297469,0.0,0.0,6390.453613370655,0.0,693.265097272396,0.0,0.0,1598.652818396687,0.0,0.0,0.0,0.0,0.0,0.0,0.0,9868.019432145356,0.0,0.0,0.0,0.0,0.0,0.0,0.0
3512,0.0,140.50895865261552,0.0,0.0,0.0,0.0,0.0,0.0,0.0,0.0,0.0,0.0,0.0,681.2560833573341,0.0,0.0,6238.572858780621,0.0,687.3578054070472,0.0,0.0,1526.5087236285208,0.0,0.0,0.0,0.0,0.0,0.0,0.0,9651.006405484675,0.0,0.0,0.0,0.0,0.0,0.0,0.0
3513,0.0,141.5817603975534,0.0,0.0,0.0,0.0,0.0,0.0,0.0,0.0,0.0,0.0,0.0,702.4048396945,0.0,0.0,6182.568133458495,0.0,697.3069379091263,0.0,0.0,1497.46915795058,0.0,0.0,0.0,0.0,0.0,0.0,0.0,9370.338741159438,0.0,0.0,0.0,0.0,0.0,0.0,0.0
3514,0.0,147.5011918991804,0.0,0.0,0.0,0.0,0.0,0.0,0.0,0.0,0.0,0.0,0.0,712.9225917458533,0.0,0.0,5894.868092641233,0.0,703.6214431881905,0.0,0.0,1392.6658645167945,0.0,0.0,0.0,0.0,0.0,0.0,0.0,8876.87228153944,0.0,0.0,0.0,0.0,0.0,0.0,0.0
3515,0.0,152.86290003955355,0.0,0.0,0.0,0.0,0.0,0.0,0.0,0.0,0.0,0.0,0.0,732.826246023178,0.0,0.0,5630.320586904882,0.0,723.8885063648223,0.0,0.0,1287.2142130851746,0.0,0.0,0.0,0.0,0.0,0.0,0.0,8415.830162888766,0.0,0.0,0.0,0.0,0.0,0.0,0.0
3516,0.0,157.45009683072564,0.0,0.0,0.0,0.0,0.0,0.0,0.0,0.0,0.0,0.0,0.0,759.2453112125397,0.0,0.0,5381.768430545924,0.0,751.637649166584,0.0,0.0,1197.0922243170437,0.0,0.0,0.0,0.0,0.0,0.0,0.0,8045.954879498482,0.0,0.0,0.0,0.0,0.0,0.0,0.0
3517,0.0,161.07529867887496,0.0,0.0,0.0,0.0,0.0,0.0,0.0,0.0,0.0,0.0,0.0,781.7076320648193,0.0,0.0,5137.1099045574665,0.0,783.7923917412757,0.0,0.0,1128.0290032289913,0.0,0.0,0.0,0.0,0.0,0.0,0.0,7717.622356343269,0.0,0.0,0.0,0.0,0.0,0.0,0.0
3518,0.0,164.0295575559139,0.0,0.0,0.0,0.0,0.0,0.0,0.0,0.0,0.0,0.0,0.0,796.7581635713577,0.0,0.0,4888.434066802261,0.0,821.8246069431304,0.0,0.0,1097.3795175634323,0.0,0.0,0.0,0.0,0.0,0.0,0.0,7398.046640014649,0.0,0.0,0.0,0.0,0.0,0.0,0.0
3519,0.0,152.29560961425295,0.0,0.0,0.0,0.0,0.0,0.0,0.0,0.0,0.0,0.0,0.0,816.5441269874573,0.0,0.0,4840.689158499241,0.0,878.8213240861892,0.0,0.0,1270.505711098015,0.0,0.0,0.0,0.0,0.0,0.0,0.0,6985.82509354949,0.0,0.0,0.0,0.0,0.0,0.0,0.0
3520,0.0,136.9875496298074,0.0,0.0,0.0,0.0,0.0,0.0,0.0,0.0,0.0,0.0,0.0,835.21092877388,0.0,0.0,4780.1230010539275,0.0,934.8919256448745,0.0,0.0,1520.203468590974,0.0,0.0,0.0,0.0,0.0,0.0,0.0,6292.044146484136,0.0,0.0,0.0,0.0,0.0,0.0,0.0
3521,0.0,123.85133943557739,0.0,0.0,0.0,0.0,0.0,0.0,0.0,0.0,0.0,0.0,0.0,844.0819951295853,0.0,0.0,4849.430866241454,0.0,968.5104786157608,0.0,0.0,1696.1311651110648,0.0,0.0,0.0,0.0,0.0,0.0,0.0,5391.125085246562,0.0,0.0,0.0,0.0,0.0,0.0,0.0
3522,0.0,111.78278974145643,0.0,0.0,0.0,0.0,0.0,0.0,0.0,0.0,0.0,0.0,0.0,858.4526545524598,0.0,0.0,4997.291975453496,0.0,1009.820972251892,0.0,0.0,2010.0685902848838,0.0,0.0,0.0,0.0,0.0,0.0,0.0,4521.969699051975,0.0,0.0,0.0,0.0,0.0,0.0,0.0
3523,0.0,107.4935116052627,0.0,0.0,0.0,0.0,0.0,0.0,0.0,0.0,0.0,0.0,0.0,893.6650428771973,0.0,0.0,5205.146729484199,0.0,1053.177077484131,0.0,0.0,2297.2728664174674,0.0,0.0,0.0,0.0,0.0,0.0,0.0,4270.596258422732,0.0,0.0,0.0,0.0,0.0,0.0,0.0
3524,0.0,101.29886569082737,0.0,0.0,0.0,0.0,0.0,0.0,0.0,0.0,0.0,0.0,0.0,934.4370129823685,0.0,0.0,5427.612223550677,0.0,1108.0313149690628,0.0,0.0,2732.794900506735,0.0,0.0,0.0,0.0,0.0,0.0,0.0,4083.7362850010377,0.0,0.0,0.0,0.0,0.0,0.0,0.0
3525,0.0,94.00920476764433,0.0,0.0,0.0,0.0,0.0,0.0,0.0,0.0,0.0,0.0,0.0,975.5680186748505,0.0,0.0,5647.15798100829,0.0,1168.067815923691,0.0,0.0,3173.4564168244597,0.0,0.0,0.0,0.0,0.0,0.0,0.0,3902.637882572412,0.0,0.0,0.0,0.0,0.0,0.0,0.0
3526,0.0,89.97963314205403,0.0,0.0,0.0,0.0,0.0,0.0,0.0,0.0,0.0,0.0,0.0,1010.3881937980652,0.0,0.0,5782.570829942822,0.0,1201.4620428562164,0.0,0.0,3370.6153778582807,0.0,0.0,0.0,0.0,0.0,0.0,0.0,3751.291143575309,0.0,0.0,0.0,0.0,0.0,0.0,0.0
3527,0.0,82.9095447555184,0.0,0.0,0.0,0.0,0.0,0.0,0.0,0.0,0.0,0.0,0.0,1030.801931476593,0.0,0.0,5764.740095317362,0.0,1176.9360455036162,0.0,0.0,3311.9510137170555,0.0,0.0,0.0,0.0,0.0,0.0,0.0,3738.6296456307173,0.0,0.0,0.0,0.0,0.0,0.0,0.0
3528,0.0,90.47554934173817,0.0,0.0,0.0,0.0,0.0,0.0,0.0,0.0,0.0,0.0,0.0,1039.5370592832564,0.0,0.0,5940.664046615361,0.0,1118.5568539381027,0.0,0.0,3206.5779281973832,0.0,0.0,0.0,0.0,0.0,0.0,0.0,4366.82132848203,0.0,0.0,0.0,0.0,0.0,0.0,0.0
3529,0.0,105.64424161165951,0.0,0.0,0.0,0.0,0.0,0.0,0.0,0.0,0.0,0.0,0.0,1033.522944188118,0.0,0.0,6136.714228138327,0.0,1003.7393890142441,0.0,0.0,1951.0338007360695,0.0,0.0,0.0,0.0,0.0,0.0,0.0,5587.38734369874,0.0,0.0,0.0,0.0,0.0,0.0,0.0
3530,0.0,135.49633612632746,0.0,0.0,0.0,0.0,0.0,0.0,0.0,0.0,0.0,0.0,0.0,1020.0077291965484,0.0,0.0,6344.324341922997,0.0,866.648316669464,0.0,0.0,1314.3209665015338,0.0,0.0,0.0,0.0,0.0,0.0,0.0,7357.751442694663,0.0,0.0,0.0,0.0,0.0,0.0,0.0
3531,0.0,167.6557974725961,0.0,0.0,0.0,0.0,0.0,0.0,0.0,0.0,0.0,0.0,0.0,1006.6450415611267,0.0,0.0,6556.972333461046,0.0,738.4079262018204,0.0,0.0,1134.2771882303055,0.0,0.0,0.0,0.0,0.0,0.0,0.0,8990.719448983667,0.0,0.0,0.0,0.0,0.0,0.0,0.0
3532,0.0,204.21686578989028,0.0,0.0,0.0,0.0,0.0,0.0,0.0,0.0,0.0,0.0,0.0,990.756640791893,0.0,0.0,6771.035271286963,0.0,620.0573854565621,0.0,0.0,1120.986530482024,0.0,0.0,0.0,0.0,0.0,0.0,0.0,10580.489233291148,0.0,0.0,0.0,0.0,0.0,0.0,0.0
3533,0.0,243.28275139331816,0.0,0.0,0.0,0.0,0.0,0.0,0.0,0.0,0.0,0.0,0.0,969.6856276750565,0.0,0.0,6993.442425072191,0.0,507.2547050833702,0.0,0.0,872.4643097698687,0.0,0.0,0.0,0.0,0.0,0.0,0.0,11959.472957140206,0.0,0.0,0.0,0.0,0.0,0.0,0.0
3534,0.0,255.69291681647294,0.0,0.0,0.0,0.0,0.0,0.0,0.0,0.0,0.0,0.0,0.0,942.7953506946563,0.0,0.0,6801.552683472633,0.0,403.88444850444785,0.0,0.0,767.6925032526252,0.0,0.0,0.0,0.0,0.0,0.0,0.0,12521.578520286082,0.0,0.0,0.0,0.0,0.0,0.0,0.0
3535,0.0,270.4652492702007,0.0,0.0,0.0,0.0,0.0,0.0,0.0,0.0,0.0,0.0,0.0,913.3095979213715,0.0,0.0,6612.444606482983,0.0,329.0272822678088,0.0,0.0,696.0169277474278,0.0,0.0,0.0,0.0,0.0,0.0,0.0,12933.411694991588,0.0,0.0,0.0,0.0,0.0,0.0,0.0
3536,0.0,286.41228252053253,0.0,0.0,0.0,0.0,0.0,0.0,0.0,0.0,0.0,0.0,0.0,883.4979871749878,0.0,0.0,6425.92567117512,0.0,276.06131988167755,0.0,0.0,640.5136683717369,0.0,0.0,0.0,0.0,0.0,0.0,0.0,13251.53517576456,0.0,0.0,0.0,0.0,0.0,0.0,0.0
3537,0.0,299.52078750729555,0.0,0.0,0.0,0.0,0.0,0.0,0.0,0.0,0.0,0.0,0.0,862.5864956140518,0.0,0.0,6242.206680431962,0.0,235.8176939696072,0.0,0.0,594.861310336366,0.0,0.0,0.0,0.0,0.0,0.0,0.0,13630.493440401555,0.0,0.0,0.0,0.0,0.0,0.0,0.0
3538,0.0,302.0941874563694,0.0,0.0,0.0,0.0,0.0,0.0,0.0,0.0,0.0,0.0,0.0,829.9614231824875,0.0,0.0,5955.044925943015,0.0,184.6110221743582,0.0,0.0,633.3109226781869,0.0,0.0,0.0,0.0,0.0,0.0,0.0,13734.665305423736,0.0,0.0,0.0,0.0,0.0,0.0,0.0
3539,0.0,304.4462263047695,0.0,0.0,0.0,0.0,0.0,0.0,0.0,0.0,0.0,0.0,0.0,802.7416117906571,0.0,0.0,5673.267201542853,0.0,137.9169852107762,0.0,0.0,656.2771087244146,0.0,0.0,0.0,0.0,0.0,0.0,0.0,13906.915774691104,0.0,0.0,0.0,0.0,0.0,0.0,0.0
3540,0.0,304.84885661602016,0.0,0.0,0.0,0.0,0.0,0.0,0.0,0.0,0.0,0.0,0.0,777.8674577236176,0.0,0.0,5375.6707043498745,0.0,101.5302154317497,0.0,0.0,669.3480392642315,0.0,0.0,0.0,0.0,0.0,0.0,0.0,14124.456032288075,0.0,0.0,0.0,0.0,0.0,0.0,0.0
3541,0.0,305.03015388250344,0.0,0.0,0.0,0.0,0.0,0.0,0.0,0.0,0.0,0.0,0.0,754.8300881147385,0.0,0.0,5092.660833209753,0.0,78.49187497347576,0.0,0.0,686.0063589781522,0.0,0.0,0.0,0.0,0.0,0.0,0.0,14361.841580545903,0.0,0.0,0.0,0.0,0.0,0.0,0.0
3542,0.0,307.7657169699669,0.0,0.0,0.0,0.0,0.0,0.0,0.0,0.0,0.0,0.0,0.0,734.4202958822249,0.0,0.0,4813.963475659488,0.0,68.5955634281038,0.0,0.0,712.085170534998,0.0,0.0,0.0,0.0,0.0,0.0,0.0,14602.676911473274,0.0,0.0,0.0,0.0,0.0,0.0,0.0
3543,0.0,320.7361027300358,0.0,0.0,0.0,0.0,0.0,0.0,0.0,0.0,0.0,0.0,0.0,728.2747705340386,0.0,0.0,4728.118863284588,0.0,82.98209350407123,0.0,0.0,784.6682655818761,0.0,0.0,0.0,0.0,0.0,0.0,0.0,15021.976659822463,0.0,0.0,0.0,0.0,0.0,0.0,0.0
3544,0.0,334.0940808355808,0.0,0.0,0.0,0.0,0.0,0.0,0.0,0.0,0.0,0.0,0.0,728.5173257946968,0.0,0.0,4612.932589858769,0.0,100.99116452634323,0.0,0.0,840.0165124453598,0.0,0.0,0.0,0.0,0.0,0.0,0.0,15301.589862275123,0.0,0.0,0.0,0.0,0.0,0.0,0.0
3545,0.0,343.65298061370845,0.0,0.0,0.0,0.0,0.0,0.0,0.0,0.0,0.0,0.0,0.0,730.483996129036,0.0,0.0,4452.755847275257,0.0,106.66918765157456,0.0,0.0,848.7257481470696,0.0,0.0,0.0,0.0,0.0,0.0,0.0,15519.412177574635,0.0,0.0,0.0,0.0,0.0,0.0,0.0
3546,0.0,358.3902992963791,0.0,0.0,0.0,0.0,0.0,0.0,0.0,0.0,0.0,0.0,0.0,734.0061585545538,0.0,0.0,4300.3021911233645,0.0,115.04958664774895,0.0,0.0,848.3182347849006,0.0,0.0,0.0,0.0,0.0,0.0,0.0,15694.522278010845,0.0,0.0,0.0,0.0,0.0,0.0,0.0
3547,0.0,379.50253711938853,0.0,0.0,0.0,0.0,0.0,0.0,0.0,0.0,0.0,0.0,0.0,757.8150870323182,0.0,0.0,4354.301955446601,0.0,113.72131150662882,0.0,0.0,864.4841929793354,0.0,0.0,0.0,0.0,0.0,0.0,0.0,16139.949248313904,0.0,0.0,0.0,0.0,0.0,0.0,0.0
3548,0.0,393.09685817956927,0.0,0.0,0.0,0.0,0.0,0.0,0.0,0.0,0.0,0.0,0.0,789.2924830198288,0.0,0.0,4437.964252367614,0.0,116.90807214975347,0.0,0.0,895.8995827518397,0.0,0.0,0.0,0.0,0.0,0.0,0.0,16472.446100318433,0.0,0.0,0.0,0.0,0.0,0.0,0.0
3549,0.0,402.38254954218866,0.0,0.0,0.0,0.0,0.0,0.0,0.0,0.0,0.0,0.0,0.0,824.2468033075332,0.0,0.0,4533.687430098653,0.0,121.96853173822163,0.0,0.0,935.6110938258469,0.0,0.0,0.0,0.0,0.0,0.0,0.0,16808.423110437394,0.0,0.0,0.0,0.0,0.0,0.0,0.0
3550,0.0,408.3466460466385,0.0,0.0,0.0,0.0,0.0,0.0,0.0,0.0,0.0,0.0,0.0,854.6853812932968,0.0,0.0,4669.573224246502,0.0,123.18962361365546,0.0,0.0,953.2572398565708,0.0,0.0,0.0,0.0,0.0,0.0,0.0,17084.893177568913,0.0,0.0,0.0,0.0,0.0,0.0,0.0
3551,0.0,412.8971176564693,0.0,0.0,0.0,0.0,0.0,0.0,0.0,0.0,0.0,0.0,0.0,870.9047511816025,0.0,0.0,4841.229000568388,0.0,117.27746315002426,0.0,0.0,931.9622446127236,0.0,0.0,0.0,0.0,0.0,0.0,0.0,17281.937242114545,0.0,0.0,0.0,0.0,0.0,0.0,0.0
3552,0.0,407.38777933716773,0.0,0.0,0.0,0.0,0.0,0.0,0.0,0.0,0.0,0.0,0.0,870.0472443580627,0.0,0.0,5281.7490745037785,0.0,132.60035732090458,0.0,0.0,1319.678737834095,0.0,0.0,0.0,0.0,0.0,0.0,0.0,17584.342153382302,0.0,0.0,0.0,0.0,0.0,0.0,0.0
3553,0.0,401.8968737483025,0.0,0.0,0.0,0.0,0.0,0.0,0.0,0.0,0.0,0.0,0.0,852.246198964119,0.0,0.0,5883.086467310785,0.0,146.74942281246186,0.0,0.0,1772.1390678495166,0.0,0.0,0.0,0.0,0.0,0.0,0.0,17795.852161943913,0.0,0.0,0.0,0.0,0.0,0.0,0.0
3554,0.0,398.2579385340213,0.0,0.0,0.0,0.0,0.0,0.0,0.0,0.0,0.0,0.0,0.0,823.5845960617065,0.0,0.0,6546.951028883457,0.0,167.12688534557805,0.0,0.0,2300.144685137272,0.0,0.0,0.0,0.0,0.0,0.0,0.0,17965.763721954823,0.0,0.0,0.0,0.0,0.0,0.0,0.0
3555,0.0,398.50598080158227,0.0,0.0,0.0,0.0,0.0,0.0,0.0,0.0,0.0,0.0,0.0,793.0802008628846,0.0,0.0,7178.980854719877,0.0,210.7919576048849,0.0,0.0,2788.4628606766464,0.0,0.0,0.0,0.0,0.0,0.0,0.0,18133.349390757085,0.0,0.0,0.0,0.0,0.0,0.0,0.0
3556,0.0,399.80510954260825,0.0,0.0,0.0,0.0,0.0,0.0,0.0,0.0,0.0,0.0,0.0,754.1553271770478,0.0,0.0,7760.8364829421025,0.0,244.15390506386757,0.0,0.0,3134.0590180188415,0.0,0.0,0.0,0.0,0.0,0.0,0.0,18293.87204539776,0.0,0.0,0.0,0.0,0.0,0.0,0.0
3557,0.0,399.69165145754806,0.0,0.0,0.0,0.0,0.0,0.0,0.0,0.0,0.0,0.0,0.0,708.7574561238288,0.0,0.0,8227.837210536001,0.0,253.46598481535912,0.0,0.0,3260.330636116862,0.0,0.0,0.0,0.0,0.0,0.0,0.0,18459.73933188915,0.0,0.0,0.0,0.0,0.0,0.0,0.0
3558,0.0,400.1085902810097,0.0,0.0,0.0,0.0,0.0,0.0,0.0,0.0,0.0,0.0,0.0,673.5827288746834,0.0,0.0,8575.959113836288,0.0,261.6963020443916,0.0,0.0,3299.3653298646213,0.0,0.0,0.0,0.0,0.0,0.0,0.0,18335.030773222446,0.0,0.0,0.0,0.0,0.0,0.0,0.0
3559,0.0,402.4782762944698,0.0,0.0,0.0,0.0,0.0,0.0,0.0,0.0,0.0,0.0,0.0,654.1908168792723,0.0,0.0,8870.715217202902,0.0,269.02747735381115,0.0,0.0,3331.564335134625,0.0,0.0,0.0,0.0,0.0,0.0,0.0,18236.636028528214,0.0,0.0,0.0,0.0,0.0,0.0,0.0
3560,0.0,401.3909415900707,0.0,0.0,0.0,0.0,0.0,0.0,0.0,0.0,0.0,0.0,0.0,633.2926860332487,0.0,0.0,9127.427234232424,0.0,273.9191069960593,0.0,0.0,3361.2295518994333,0.0,0.0,0.0,0.0,0.0,0.0,0.0,18130.523027932642,0.0,0.0,0.0,0.0,0.0,0.0,0.0
3561,0.0,404.70728999376297,0.0,0.0,0.0,0.0,0.0,0.0,0.0,0.0,0.0,0.0,0.0,609.9100898981094,0.0,0.0,9392.72616279125,0.0,284.7664921760559,0.0,0.0,3415.639549201727,0.0,0.0,0.0,0.0,0.0,0.0,0.0,18052.01118159294,0.0,0.0,0.0,0.0,0.0,0.0,0.0
3562,0.0,415.293035942316,0.0,0.0,0.0,0.0,0.0,0.0,0.0,0.0,0.0,0.0,0.0,564.2753127455711,0.0,0.0,9483.825678765774,0.0,279.41364250779145,0.0,0.0,3397.521553561091,0.0,0.0,0.0,0.0,0.0,0.0,0.0,18170.17021576166,0.0,0.0,0.0,0.0,0.0,0.0,0.0
3563,0.0,423.39013883471483,0.0,0.0,0.0,0.0,0.0,0.0,0.0,0.0,0.0,0.0,0.0,520.3677890896796,0.0,0.0,9505.63327589631,0.0,272.7591801285743,0.0,0.0,3365.4273028403522,0.0,0.0,0.0,0.0,0.0,0.0,0.0,18273.221082222462,0.0,0.0,0.0,0.0,0.0,0.0,0.0
3564,0.0,431.12217827439304,0.0,0.0,0.0,0.0,0.0,0.0,0.0,0.0,0.0,0.0,0.0,477.31678589582435,0.0,0.0,9457.833138793705,0.0,268.26124742627144,0.0,0.0,3332.414784640074,0.0,0.0,0.0,0.0,0.0,0.0,0.0,18346.9133579731,0.0,0.0,0.0,0.0,0.0,0.0,0.0
3565,0.0,437.913615399599,0.0,0.0,0.0,0.0,0.0,0.0,0.0,0.0,0.0,0.0,0.0,435.0554547548294,0.0,0.0,9396.204021424055,0.0,262.3256183922291,0.0,0.0,3301.804354861378,0.0,0.0,0.0,0.0,0.0,0.0,0.0,18402.67833544016,0.0,0.0,0.0,0.0,0.0,0.0,0.0
3566,0.0,444.38633742928505,0.0,0.0,0.0,0.0,0.0,0.0,0.0,0.0,0.0,0.0,0.0,392.55797970294947,0.0,0.0,9338.108769357204,0.0,252.26364111900318,0.0,0.0,3273.462799626589,0.0,0.0,0.0,0.0,0.0,0.0,0.0,18433.072584176065,0.0,0.0,0.0,0.0,0.0,0.0,0.0
3567,0.0,461.8023218214512,0.0,0.0,0.0,0.0,0.0,0.0,0.0,0.0,0.0,0.0,0.0,360.6132501184939,0.0,0.0,9507.90543538332,0.0,257.91788443922985,0.0,0.0,3463.938965383172,0.0,0.0,0.0,0.0,0.0,0.0,0.0,18142.971174538136,0.0,0.0,0.0,0.0,0.0,0.0,0.0
3568,0.0,483.76586000919343,0.0,0.0,0.0,0.0,0.0,0.0,0.0,0.0,0.0,0.0,0.0,328.3752124905585,0.0,0.0,9691.422179818152,0.0,259.63352808356274,0.0,0.0,3644.973597559333,0.0,0.0,0.0,0.0,0.0,0.0,0.0,17932.295767486095,0.0,0.0,0.0,0.0,0.0,0.0,0.0
3569,0.0,504.6275585889816,0.0,0.0,0.0,0.0,0.0,0.0,0.0,0.0,0.0,0.0,0.0,291.06729915142057,0.0,0.0,9786.748643636703,0.0,250.27345892190928,0.0,0.0,3734.166949358582,0.0,0.0,0.0,0.0,0.0,0.0,0.0,17735.924302077292,0.0,0.0,0.0,0.0,0.0,0.0,0.0
3570,0.0,523.2935458302497,0.0,0.0,0.0,0.0,0.0,0.0,0.0,0.0,0.0,0.0,0.0,257.50897181630125,0.0,0.0,9947.419333934782,0.0,236.44443151652794,0.0,0.0,3806.4451662808656,0.0,0.0,0.0,0.0,0.0,0.0,0.0,17586.828600513934,0.0,0.0,0.0,0.0,0.0,0.0,0.0
3571,0.0,542.0602537751198,0.0,0.0,0.0,0.0,0.0,0.0,0.0,0.0,0.0,0.0,0.0,241.22055662274352,0.0,0.0,10402.760561853647,0.0,201.14300345778463,0.0,0.0,3784.0815838068725,0.0,0.0,0.0,0.0,0.0,0.0,0.0,17875.281057429314,0.0,0.0,0.0,0.0,0.0,0.0,0.0
3572,0.0,561.903298509121,0.0,0.0,0.0,0.0,0.0,0.0,0.0,0.0,0.0,0.0,0.0,228.22374185323704,0.0,0.0,10981.437033683062,0.0,163.6535221040249,0.0,0.0,3771.9124960809945,0.0,0.0,0.0,0.0,0.0,0.0,0.0,18220.234734737875,0.0,0.0,0.0,0.0,0.0,0.0,0.0
3573,0.0,580.9723369002343,0.0,0.0,0.0,0.0,0.0,0.0,0.0,0.0,0.0,0.0,0.0,216.3607272148132,0.0,0.0,11616.056390136479,0.0,127.47387894690031,0.0,0.0,3761.8254807114595,0.0,0.0,0.0,0.0,0.0,0.0,0.0,18578.261424946784,0.0,0.0,0.0,0.0,0.0,0.0,0.0
3574,0.0,598.7721260905266,0.0,0.0,0.0,0.0,0.0,0.0,0.0,0.0,0.0,0.0,0.0,211.06544548273087,0.0,0.0,12159.310198932886,0.0,98.45077144056552,0.0,0.0,3752.590731400251,0.0,0.0,0.0,0.0,0.0,0.0,0.0,18890.89273599386,0.0,0.0,0.0,0.0,0.0,0.0,0.0
3575,0.0,609.9800117611885,0.0,0.0,0.0,0.0,0.0,0.0,0.0,0.0,0.0,0.0,0.0,217.61199403405186,0.0,0.0,12498.3372413218,0.0,81.08951299339529,0.0,0.0,3742.9893411666153,0.0,0.0,0.0,0.0,0.0,0.0,0.0,19121.994906508924,0.0,0.0,0.0,0.0,0.0,0.0,0.0
3576,0.0,619.9334617495537,0.0,0.0,0.0,0.0,0.0,0.0,0.0,0.0,0.0,0.0,0.0,237.35823398232452,0.0,0.0,12694.267241865395,0.0,95.85763891190277,0.0,0.0,3157.6823799133294,0.0,0.0,0.0,0.0,0.0,0.0,0.0,19264.953321754932,0.0,0.0,0.0,0.0,0.0,0.0,0.0
3577,0.0,621.2192078232765,0.0,0.0,0.0,0.0,0.0,0.0,0.0,0.0,0.0,0.0,0.0,267.7136213421821,0.0,0.0,12703.183192580938,0.0,120.64675547182549,0.0,0.0,2935.4967698872088,0.0,0.0,0.0,0.0,0.0,0.0,0.0,19250.402037203312,0.0,0.0,0.0,0.0,0.0,0.0,0.0
3578,0.0,614.7371151208878,0.0,0.0,0.0,0.0,0.0,0.0,0.0,0.0,0.0,0.0,0.0,302.507971727848,0.0,0.0,12608.258109897373,0.0,152.33808455765242,0.0,0.0,2903.3955557137724,0.0,0.0,0.0,0.0,0.0,0.0,0.0,19156.926668131353,0.0,0.0,0.0,0.0,0.0,0.0,0.0
3579,0.0,607.1430546283722,0.0,0.0,0.0,0.0,0.0,0.0,0.0,0.0,0.0,0.0,0.0,334.65533134937283,0.0,0.0,12515.713310688734,0.0,190.57669275701033,0.0,0.0,2976.1908846884967,0.0,0.0,0.0,0.0,0.0,0.0,0.0,19057.17370711565,0.0,0.0,0.0,0.0,0.0,0.0,0.0
3580,0.0,597.770305788517,0.0,0.0,0.0,0.0,0.0,0.0,0.0,0.0,0.0,0.0,0.0,365.6744727492332,0.0,0.0,12421.742675006388,0.0,232.3878887504338,0.0,0.0,3096.794857808947,0.0,0.0,0.0,0.0,0.0,0.0,0.0,18853.172219240667,0.0,0.0,0.0,0.0,0.0,0.0,0.0
3581,0.0,588.8646877884864,0.0,0.0,0.0,0.0,0.0,0.0,0.0,0.0,0.0,0.0,0.0,385.16242048740384,0.0,0.0,12261.756510674953,0.0,261.72060798406585,0.0,0.0,3187.3312477022405,0.0,0.0,0.0,0.0,0.0,0.0,0.0,18624.568067455293,0.0,0.0,0.0,0.0,0.0,0.0,0.0
3582,0.0,582.3264271616936,0.0,0.0,0.0,0.0,0.0,0.0,0.0,0.0,0.0,0.0,0.0,401.66160320043565,0.0,0.0,11984.342250376938,0.0,278.1854811608791,0.0,0.0,3132.165261644125,0.0,0.0,0.0,0.0,0.0,0.0,0.0,18139.052742147447,0.0,0.0,0.0,0.0,0.0,0.0,0.0
3583,0.0,573.80506285429,0.0,0.0,0.0,0.0,0.0,0.0,0.0,0.0,0.0,0.0,0.0,414.0277967095374,0.0,0.0,11724.498527050016,0.0,279.3534408450126,0.0,0.0,3048.316511169076,0.0,0.0,0.0,0.0,0.0,0.0,0.0,17611.669928634168,0.0,0.0,0.0,0.0,0.0,0.0,0.0
3584,0.0,557.9014040350914,0.0,0.0,0.0,0.0,0.0,0.0,0.0,0.0,0.0,0.0,0.0,422.778392457962,0.0,0.0,11474.319843649864,0.0,276.162812000513,0.0,0.0,2961.004502633214,0.0,0.0,0.0,0.0,0.0,0.0,0.0,17079.363400149345,0.0,0.0,0.0,0.0,0.0,0.0,0.0
3585,0.0,544.8612432360649,0.0,0.0,0.0,0.0,0.0,0.0,0.0,0.0,0.0,0.0,0.0,425.8425244688987,0.0,0.0,11246.925762623549,0.0,280.8989725530147,0.0,0.0,2889.69148080647,0.0,0.0,0.0,0.0,0.0,0.0,0.0,16564.49671638012,0.0,0.0,0.0,0.0,0.0,0.0,0.0
3586,0.0,537.2403612971306,0.0,0.0,0.0,0.0,0.0,0.0,0.0,0.0,0.0,0.0,0.0,405.5064851760864,0.0,0.0,10894.233092755077,0.0,270.5926020205021,0.0,0.0,2720.2997415393593,0.0,0.0,0.0,0.0,0.0,0.0,0.0,16102.082640135288,0.0,0.0,0.0,0.0,0.0,0.0,0.0
3587,0.0,536.9846036553383,0.0,0.0,0.0,0.0,0.0,0.0,0.0,0.0,0.0,0.0,0.0,381.26261610984795,0.0,0.0,10517.184522271154,0.0,270.54410870671256,0.0,0.0,2579.638905340433,0.0,0.0,0.0,0.0,0.0,0.0,0.0,15636.49360667467,0.0,0.0,0.0,0.0,0.0,0.0,0.0
3588,0.0,538.003033053875,0.0,0.0,0.0,0.0,0.0,0.0,0.0,0.0,0.0,0.0,0.0,359.0273825764655,0.0,0.0,10106.021666795015,0.0,277.10911337137213,0.0,0.0,2481.184766972064,0.0,0.0,0.0,0.0,0.0,0.0,0.0,15164.278386878967,0.0,0.0,0.0,0.0,0.0,0.0,0.0
3589,0.0,537.1797044277191,0.0,0.0,0.0,0.0,0.0,0.0,0.0,0.0,0.0,0.0,0.0,333.90078721642493,0.0,0.0,9665.620995968578,0.0,279.52227820157987,0.0,0.0,2391.263885745406,0.0,0.0,0.0,0.0,0.0,0.0,0.0,14695.889026689529,0.0,0.0,0.0,0.0,0.0,0.0,0.0
3590,0.0,537.0544067502021,0.0,0.0,0.0,0.0,0.0,0.0,0.0,0.0,0.0,0.0,0.0,307.403754633665,0.0,0.0,9194.526336371897,0.0,279.5746841788292,0.0,0.0,2323.166465270519,0.0,0.0,0.0,0.0,0.0,0.0,0.0,14235.74009076357,0.0,0.0,0.0,0.0,0.0,0.0,0.0
3591,0.0,537.2846335172653,0.0,0.0,0.0,0.0,0.0,0.0,0.0,0.0,0.0,0.0,0.0,293.1497548758982,0.0,0.0,9178.837467938662,0.0,307.95272834897025,0.0,0.0,2534.7061671584834,0.0,0.0,0.0,0.0,0.0,0.0,0.0,13367.716913115979,0.0,0.0,0.0,0.0,0.0,0.0,0.0
3592,0.0,531.7745096325874,0.0,0.0,0.0,0.0,0.0,0.0,0.0,0.0,0.0,0.0,0.0,275.29479585886,0.0,0.0,9164.433641433714,0.0,315.37576232552516,0.0,0.0,2710.3417014241218,0.0,0.0,0.0,0.0,0.0,0.0,0.0,12426.729023945332,0.0,0.0,0.0,0.0,0.0,0.0,0.0
3593,0.0,522.8016135692596,0.0,0.0,0.0,0.0,0.0,0.0,0.0,0.0,0.0,0.0,0.0,249.0436138808727,0.0,0.0,9118.876104742289,0.0,315.029254478216,0.0,0.0,2746.149894502759,0.0,0.0,0.0,0.0,0.0,0.0,0.0,11465.928389233351,0.0,0.0,0.0,0.0,0.0,0.0,0.0
3594,0.0,511.59378401041033,0.0,0.0,0.0,0.0,0.0,0.0,0.0,0.0,0.0,0.0,0.0,221.37373021841046,0.0,0.0,9069.0947316885,0.0,305.8105154633522,0.0,0.0,2789.5182778984304,0.0,0.0,0.0,0.0,0.0,0.0,0.0,10474.604771757124,0.0,0.0,0.0,0.0,0.0,0.0,0.0
3595,0.0,504.7530246019363,0.0,0.0,0.0,0.0,0.0,0.0,0.0,0.0,0.0,0.0,0.0,202.13593720793716,0.0,0.0,9128.53569957614,0.0,285.97775793075544,0.0,0.0,2741.145594084263,0.0,0.0,0.0,0.0,0.0,0.0,0.0,10082.961142754553,0.0,0.0,0.0,0.0,0.0,0.0,0.0
3596,0.0,505.3118982553482,0.0,0.0,0.0,0.0,0.0,0.0,0.0,0.0,0.0,0.0,0.0,183.00281060338008,0.0,0.0,9181.083957701921,0.0,276.0230232059954,0.0,0.0,2688.10436937511,0.0,0.0,0.0,0.0,0.0,0.0,0.0,9763.611072587964,0.0,0.0,0.0,0.0,0.0,0.0,0.0
3597,0.0,507.38764253854754,0.0,0.0,0.0,0.0,0.0,0.0,0.0,0.0,0.0,0.0,0.0,163.04690158367157,0.0,0.0,9208.359205991028,0.0,272.33904306888576,0.0,0.0,2688.8909367710353,0.0,0.0,0.0,0.0,0.0,0.0,0.0,9486.808322012423,0.0,0.0,0.0,0.0,0.0,0.0,0.0
3598,0.0,506.1952104091644,0.0,0.0,0.0,0.0,0.0,0.0,0.0,0.0,0.0,0.0,0.0,148.48791436552992,0.0,0.0,9222.840819537638,0.0,279.03927175402634,0.0,0.0,2756.9765496522186,0.0,0.0,0.0,0.0,0.0,0.0,0.0,9200.962367558477,0.0,0.0,0.0,0.0,0.0,0.0,0.0
3599,0.0,496.7946301102638,0.0,0.0,0.0,0.0,0.0,0.0,0.0,0.0,0.0,0.0,0.0,145.1257666766642,0.0,0.0,9270.451934129,0.0,298.23622147440904,0.0,0.0,2852.1808749228717,0.0,0.0,0.0,0.0,0.0,0.0,0.0,8850.90778518319,0.0,0.0,0.0,0.0,0.0,0.0,0.0
3600,0.0,468.99108669161797,0.0,0.0,0.0,0.0,0.0,0.0,0.0,0.0,0.0,0.0,0.0,150.7365271687507,0.0,0.0,9179.425537973642,0.0,346.4721294343471,0.0,0.0,3458.5877033650877,0.0,0.0,0.0,0.0,0.0,0.0,0.0,8624.225241899489,0.0,0.0,0.0,0.0,0.0,0.0,0.0
3601,0.0,432.3522053182125,0.0,0.0,0.0,0.0,0.0,0.0,0.0,0.0,0.0,0.0,0.0,169.21345436573026,0.0,0.0,9015.077854216097,0.0,399.07483658790585,0.0,0.0,3846.098699042201,0.0,0.0,0.0,0.0,0.0,0.0,0.0,8510.345529335735,0.0,0.0,0.0,0.0,0.0,0.0,0.0
3602,0.0,396.82150418758386,0.0,0.0,0.0,0.0,0.0,0.0,0.0,0.0,0.0,0.0,0.0,195.23048757314675,0.0,0.0,8820.197200864552,0.0,447.4972778141498,0.0,0.0,4072.94891409874,0.0,0.0,0.0,0.0,0.0,0.0,0.0,8474.809874939916,0.0,0.0,0.0,0.0,0.0,0.0,0.0
3603,0.0,373.48695802688593,0.0,0.0,0.0,0.0,0.0,0.0,0.0,0.0,0.0,0.0,0.0,222.45173367261876,0.0,0.0,8674.976572781801,0.0,487.3652435719966,0.0,0.0,4185.63150563836,0.0,0.0,0.0,0.0,0.0,0.0,0.0,8482.256921511887,0.0,0.0,0.0,0.0,0.0,0.0,0.0
3604,0.0,342.07823064923286,0.0,0.0,0.0,0.0,0.0,0.0,0.0,0.0,0.0,0.0,0.0,250.2895229637623,0.0,0.0,8577.892121821642,0.0,511.30994362831115,0.0,0.0,4196.208687525987,0.0,0.0,0.0,0.0,0.0,0.0,0.0,8515.616392248867,0.0,0.0,0.0,0.0,0.0,0.0,0.0
3605,0.0,313.69951309561725,0.0,0.0,0.0,0.0,0.0,0.0,0.0,0.0,0.0,0.0,0.0,263.74974830150603,0.0,0.0,8460.08286935091,0.0,518.1940971374511,0.0,0.0,4278.975680762529,0.0,0.0,0.0,0.0,0.0,0.0,0.0,8428.468517637253,0.0,0.0,0.0,0.0,0.0,0.0,0.0
3606,0.0,280.4811517059803,0.0,0.0,0.0,0.0,0.0,0.0,0.0,0.0,0.0,0.0,0.0,271.1097760856151,0.0,0.0,8091.691996604202,0.0,497.53470052480696,0.0,0.0,4144.506867805123,0.0,0.0,0.0,0.0,0.0,0.0,0.0,8294.697951245307,0.0,0.0,0.0,0.0,0.0,0.0,0.0
3607,0.0,247.84351952075957,0.0,0.0,0.0,0.0,0.0,0.0,0.0,0.0,0.0,0.0,0.0,278.4993947148323,0.0,0.0,7813.215165317059,0.0,481.90266147851935,0.0,0.0,4000.648293024301,0.0,0.0,0.0,0.0,0.0,0.0,0.0,8187.393076050281,0.0,0.0,0.0,0.0,0.0,0.0,0.0
3608,0.0,216.67833143770687,0.0,0.0,0.0,0.0,0.0,0.0,0.0,0.0,0.0,0.0,0.0,283.945275914669,0.0,0.0,7630.433508425949,0.0,478.20172646641726,0.0,0.0,3862.804930338263,0.0,0.0,0.0,0.0,0.0,0.0,0.0,8100.316077476739,0.0,0.0,0.0,0.0,0.0,0.0,0.0
3609,0.0,182.83017106354237,0.0,0.0,0.0,0.0,0.0,0.0,0.0,0.0,0.0,0.0,0.0,284.92468805313104,0.0,0.0,7497.546793669462,0.0,470.91412400007243,0.0,0.0,3726.6494480341667,0.0,0.0,0.0,0.0,0.0,0.0,0.0,8037.280520308018,0.0,0.0,0.0,0.0,0.0,0.0,0.0
3610,0.0,157.63161854445931,0.0,0.0,0.0,0.0,0.0,0.0,0.0,0.0,0.0,0.0,0.0,267.7988967776298,0.0,0.0,7196.240243524313,0.0,434.96448320746424,0.0,0.0,3609.831776627898,0.0,0.0,0.0,0.0,0.0,0.0,0.0,8070.578516930342,0.0,0.0,0.0,0.0,0.0,0.0,0.0
3611,0.0,138.92030698657035,0.0,0.0,0.0,0.0,0.0,0.0,0.0,0.0,0.0,0.0,0.0,250.13988744020455,0.0,0.0,6891.977785795925,0.0,388.6997276723385,0.0,0.0,3507.307651537657,0.0,0.0,0.0,0.0,0.0,0.0,0.0,8140.153473448752,0.0,0.0,0.0,0.0,0.0,0.0,0.0
3612,0.0,119.29369954168789,0.0,0.0,0.0,0.0,0.0,0.0,0.0,0.0,0.0,0.0,0.0,227.90061879158011,0.0,0.0,6563.411544770001,0.0,349.7724610626698,0.0,0.0,3414.682225835323,0.0,0.0,0.0,0.0,0.0,0.0,0.0,8204.453950929641,0.0,0.0,0.0,0.0,0.0,0.0,0.0
3613,0.0,101.63566281795492,0.0,0.0,0.0,0.0,0.0,0.0,0.0,0.0,0.0,0.0,0.0,198.74857004880903,0.0,0.0,6225.109088674186,0.0,324.59352317452425,0.0,0.0,3326.5439884990456,0.0,0.0,0.0,0.0,0.0,0.0,0.0,8249.794365000724,0.0,0.0,0.0,0.0,0.0,0.0,0.0
3614,0.0,87.88107940703627,0.0,0.0,0.0,0.0,0.0,0.0,0.0,0.0,0.0,0.0,0.0,164.7108037710189,0.0,0.0,5878.547982364893,0.0,300.0772185564041,0.0,0.0,3239.130858519673,0.0,0.0,0.0,0.0,0.0,0.0,0.0,8240.813358461855,0.0,0.0,0.0,0.0,0.0,0.0,0.0
3615,0.0,72.33350615054363,0.0,0.0,0.0,0.0,0.0,0.0,0.0,0.0,0.0,0.0,0.0,140.9714586138725,0.0,0.0,5752.019191458821,0.0,297.4846343934535,0.0,0.0,3288.529289191961,0.0,0.0,0.0,0.0,0.0,0.0,0.0,7513.110271704196,0.0,0.0,0.0,0.0,0.0,0.0,0.0
3616,0.0,59.53783153295512,0.0,0.0,0.0,0.0,0.0,0.0,0.0,0.0,0.0,0.0,0.0,118.47207074463367,0.0,0.0,5640.750273451209,0.0,291.6084363460539,0.0,0.0,3335.7200026005503,0.0,0.0,0.0,0.0,0.0,0.0,0.0,6772.713141882419,0.0,0.0,0.0,0.0,0.0,0.0,0.0
3617,0.0,49.09937207847832,0.0,0.0,0.0,0.0,0.0,0.0,0.0,0.0,0.0,0.0,0.0,91.17012234032153,0.0,0.0,5464.710030525921,0.0,288.9726053953169,0.0,0.0,3384.0097304999827,0.0,0.0,0.0,0.0,0.0,0.0,0.0,6121.13742904067,0.0,0.0,0.0,0.0,0.0,0.0,0.0
3618,0.0,41.213456513732666,0.0,0.0,0.0,0.0,0.0,0.0,0.0,0.0,0.0,0.0,0.0,68.8143733650445,0.0,0.0,5286.736779615282,0.0,280.75556750893594,0.0,0.0,3415.2232558339833,0.0,0.0,0.0,0.0,0.0,0.0,0.0,5570.198096403478,0.0,0.0,0.0,0.0,0.0,0.0,0.0
3619,0.0,42.48479938656089,0.0,0.0,0.0,0.0,0.0,0.0,0.0,0.0,0.0,0.0,0.0,67.43146651536213,0.0,0.0,5121.636506229637,0.0,257.23699207305907,0.0,0.0,3361.7288011819123,0.0,0.0,0.0,0.0,0.0,0.0,0.0,5522.035658857225,0.0,0.0,0.0,0.0,0.0,0.0,0.0
3620,0.0,41.831307189166516,0.0,0.0,0.0,0.0,0.0,0.0,0.0,0.0,0.0,0.0,0.0,73.39019404947751,0.0,0.0,5023.76446147263,0.0,239.05324434041978,0.0,0.0,3317.314688846469,0.0,0.0,0.0,0.0,0.0,0.0,0.0,5462.267631688713,0.0,0.0,0.0,0.0,0.0,0.0,0.0
3621,0.0,41.94123724400995,0.0,0.0,0.0,0.0,0.0,0.0,0.0,0.0,0.0,0.0,0.0,79.14402739852663,0.0,0.0,4903.077477395534,0.0,214.140204539895,0.0,0.0,3300.453445038199,0.0,0.0,0.0,0.0,0.0,0.0,0.0,5405.396120157837,0.0,0.0,0.0,0.0,0.0,0.0,0.0
3622,0.0,41.84279608279457,0.0,0.0,0.0,0.0,0.0,0.0,0.0,0.0,0.0,0.0,0.0,87.4823576644063,0.0,0.0,4808.818251788614,0.0,191.6326079875229,0.0,0.0,3290.4433304071426,0.0,0.0,0.0,0.0,0.0,0.0,0.0,5341.551635962724,0.0,0.0,0.0,0.0,0.0,0.0,0.0
3623,0.0,41.761840765178206,0.0,0.0,0.0,0.0,0.0,0.0,0.0,0.0,0.0,0.0,0.0,98.64891701638686,0.0,0.0,4753.750471383332,0.0,173.136143592,0.0,0.0,3256.920360848307,0.0,0.0,0.0,0.0,0.0,0.0,0.0,5267.679638829827,0.0,0.0,0.0,0.0,0.0,0.0,0.0
3624,0.0,72.44456545561548,0.0,0.0,0.0,0.0,0.0,0.0,0.0,0.0,0.0,0.0,0.0,116.41125892996774,0.0,0.0,5377.476141586898,0.0,186.9038874238728,0.0,0.0,3286.4614464998244,0.0,0.0,0.0,0.0,0.0,0.0,0.0,5316.415593704581,0.0,0.0,0.0,0.0,0.0,0.0,0.0
3625,0.0,97.97208750396962,0.0,0.0,0.0,0.0,0.0,0.0,0.0,0.0,0.0,0.0,0.0,135.84592072963713,0.0,0.0,5934.786457747221,0.0,203.73754395246505,0.0,0.0,3022.0337158620355,0.0,0.0,0.0,0.0,0.0,0.0,0.0,5341.888297143578,0.0,0.0,0.0,0.0,0.0,0.0,0.0
3626,0.0,119.90593552887434,0.0,0.0,0.0,0.0,0.0,0.0,0.0,0.0,0.0,0.0,0.0,155.79696519374843,0.0,0.0,6419.746657520533,0.0,221.41606901586044,0.0,0.0,2603.1311726689332,0.0,0.0,0.0,0.0,0.0,0.0,0.0,5358.5655012249945,0.0,0.0,0.0,0.0,0.0,0.0,0.0
3627,0.0,140.15313962101936,0.0,0.0,0.0,0.0,0.0,0.0,0.0,0.0,0.0,0.0,0.0,173.9582118749618,0.0,0.0,6816.655037611721,0.0,237.7103115320205,0.0,0.0,2465.906346237659,0.0,0.0,0.0,0.0,0.0,0.0,0.0,5384.3506378114225,0.0,0.0,0.0,0.0,0.0,0.0,0.0
3628,0.0,157.0773320317268,0.0,0.0,0.0,0.0,0.0,0.0,0.0,0.0,0.0,0.0,0.0,194.06458585858343,0.0,0.0,7160.911702811716,0.0,257.1731741607189,0.0,0.0,2403.9095158427954,0.0,0.0,0.0,0.0,0.0,0.0,0.0,5402.195850071311,0.0,0.0,0.0,0.0,0.0,0.0,0.0
3629,0.0,169.73162592351434,0.0,0.0,0.0,0.0,0.0,0.0,0.0,0.0,0.0,0.0,0.0,206.9557478606701,0.0,0.0,7452.6753386855125,0.0,276.5630300462246,0.0,0.0,2274.794386973976,0.0,0.0,0.0,0.0,0.0,0.0,0.0,5405.424687540531,0.0,0.0,0.0,0.0,0.0,0.0,0.0
3630,0.0,166.14627749025823,0.0,0.0,0.0,0.0,0.0,0.0,0.0,0.0,0.0,0.0,0.0,218.2886604428291,0.0,0.0,7449.265932649374,0.0,285.6845156610011,0.0,0.0,2205.441728460789,0.0,0.0,0.0,0.0,0.0,0.0,0.0,5084.771727755665,0.0,0.0,0.0,0.0,0.0,0.0,0.0
3631,0.0,162.8809627801179,0.0,0.0,0.0,0.0,0.0,0.0,0.0,0.0,0.0,0.0,0.0,231.6459679245948,0.0,0.0,7456.514907062052,0.0,283.36925634145734,0.0,0.0,2127.3388861164444,0.0,0.0,0.0,0.0,0.0,0.0,0.0,4783.591236206889,0.0,0.0,0.0,0.0,0.0,0.0,0.0
3632,0.0,158.90647892653942,0.0,0.0,0.0,0.0,0.0,0.0,0.0,0.0,0.0,0.0,0.0,246.91275919079771,0.0,0.0,7476.214475363491,0.0,292.4997232973574,0.0,0.0,2073.255111435056,0.0,0.0,0.0,0.0,0.0,0.0,0.0,4497.733710154889,0.0,0.0,0.0,0.0,0.0,0.0,0.0
3633,0.0,155.61028869152065,0.0,0.0,0.0,0.0,0.0,0.0,0.0,0.0,0.0,0.0,0.0,265.16533398032186,0.0,0.0,7487.429811030626,0.0,316.7607266247272,0.0,0.0,2042.0358336836098,0.0,0.0,0.0,0.0,0.0,0.0,0.0,4223.400410926342,0.0,0.0,0.0,0.0,0.0,0.0,0.0
3634,0.0,135.73981930911532,0.0,0.0,0.0,0.0,0.0,0.0,0.0,0.0,0.0,0.0,0.0,265.31438665390004,0.0,0.0,7174.640337795017,0.0,334.3305418908596,0.0,0.0,1866.5943678170443,0.0,0.0,0.0,0.0,0.0,0.0,0.0,3769.7095115512607,0.0,0.0,0.0,0.0,0.0,0.0,0.0
3635,0.0,121.05128984749314,0.0,0.0,0.0,0.0,0.0,0.0,0.0,0.0,0.0,0.0,0.0,264.58167697787275,0.0,0.0,6851.223598927259,0.0,358.34676662087435,0.0,0.0,1720.5235343903303,0.0,0.0,0.0,0.0,0.0,0.0,0.0,3286.6712314516294,0.0,0.0,0.0,0.0,0.0,0.0,0.0
3636,0.0,108.79072553068396,0.0,0.0,0.0,0.0,0.0,0.0,0.0,0.0,0.0,0.0,0.0,264.52204694151874,0.0,0.0,6522.082511663437,0.0,378.40061928033816,0.0,0.0,1584.3015965268016,0.0,0.0,0.0,0.0,0.0,0.0,0.0,2807.2053206384176,0.0,0.0,0.0,0.0,0.0,0.0,0.0
3637,0.0,98.69278061091894,0.0,0.0,0.0,0.0,0.0,0.0,0.0,0.0,0.0,0.0,0.0,265.5137661814689,0.0,0.0,6183.060525432229,0.0,402.4794169843197,0.0,0.0,1450.5634919643394,0.0,0.0,0.0,0.0,0.0,0.0,0.0,2353.6767852485154,0.0,0.0,0.0,0.0,0.0,0.0,0.0
3638,0.0,89.7821897014975,0.0,0.0,0.0,0.0,0.0,0.0,0.0,0.0,0.0,0.0,0.0,269.40854908227914,0.0,0.0,5857.429578423498,0.0,428.6347718954086,0.0,0.0,1311.652904462814,0.0,0.0,0.0,0.0,0.0,0.0,0.0,1986.872676303981,0.0,0.0,0.0,0.0,0.0,0.0,0.0
3639,0.0,72.32132988721132,0.0,0.0,0.0,0.0,0.0,0.0,0.0,0.0,0.0,0.0,0.0,284.0593575894833,0.0,0.0,5930.519838511944,0.0,469.18404499888413,0.0,0.0,1410.2181553155174,0.0,0.0,0.0,0.0,0.0,0.0,0.0,1619.816704295575,0.0,0.0,0.0,0.0,0.0,0.0,0.0
3640,0.0,57.19596295058724,0.0,0.0,0.0,0.0,0.0,0.0,0.0,0.0,0.0,0.0,0.0,294.9434981048107,0.0,0.0,6020.46693946421,0.0,494.870977026224,0.0,0.0,1492.1831404566756,0.0,0.0,0.0,0.0,0.0,0.0,0.0,1437.1302808403948,0.0,0.0,0.0,0.0,0.0,0.0,0.0
3641,0.0,46.92027685046193,0.0,0.0,0.0,0.0,0.0,0.0,0.0,0.0,0.0,0.0,0.0,290.4630630612373,0.0,0.0,6150.997095793486,0.0,482.57878158092495,0.0,0.0,1494.8596797421574,0.0,0.0,0.0,0.0,0.0,0.0,0.0,1404.8735472366193,0.0,0.0,0.0,0.0,0.0,0.0,0.0
3642,0.0,39.7251117266714,0.0,0.0,0.0,0.0,0.0,0.0,0.0,0.0,0.0,0.0,0.0,289.48376300930977,0.0,0.0,6307.615859091281,0.0,469.6253163695335,0.0,0.0,1495.209366171061,0.0,0.0,0.0,0.0,0.0,0.0,0.0,1402.9714658066619,0.0,0.0,0.0,0.0,0.0,0.0,0.0
3643,0.0,47.743247763812455,0.0,0.0,0.0,0.0,0.0,0.0,0.0,0.0,0.0,0.0,0.0,295.69156363606453,0.0,0.0,6525.379126489161,0.0,452.2476365923881,0.0,0.0,1486.6750493735074,0.0,0.0,0.0,0.0,0.0,0.0,0.0,1733.167377860844,0.0,0.0,0.0,0.0,0.0,0.0,0.0
3644,0.0,58.14710025787344,0.0,0.0,0.0,0.0,0.0,0.0,0.0,0.0,0.0,0.0,0.0,303.2203264892101,0.0,0.0,6839.056927740572,0.0,432.6398868501186,0.0,0.0,1475.4118160158396,0.0,0.0,0.0,0.0,0.0,0.0,0.0,1991.0467686891548,0.0,0.0,0.0,0.0,0.0,0.0,0.0
3645,0.0,65.38182771652937,0.0,0.0,0.0,0.0,0.0,0.0,0.0,0.0,0.0,0.0,0.0,310.44638844728456,0.0,0.0,7130.111923664806,0.0,406.55795366168013,0.0,0.0,1446.1433646753428,0.0,0.0,0.0,0.0,0.0,0.0,0.0,2207.6775710016473,0.0,0.0,0.0,0.0,0.0,0.0,0.0
3646,0.0,68.37384984344239,0.0,0.0,0.0,0.0,0.0,0.0,0.0,0.0,0.0,0.0,0.0,314.98537749648085,0.0,0.0,7378.179466754198,0.0,378.6246785461901,0.0,0.0,1435.2098356649271,0.0,0.0,0.0,0.0,0.0,0.0,0.0,2386.363295236228,0.0,0.0,0.0,0.0,0.0,0.0,0.0
3647,0.0,66.41208267956966,0.0,0.0,0.0,0.0,0.0,0.0,0.0,0.0,0.0,0.0,0.0,314.16436604857444,0.0,0.0,7519.394840061665,0.0,351.60678883194913,0.0,0.0,1419.7641406863925,0.0,0.0,0.0,0.0,0.0,0.0,0.0,2526.986055737732,0.0,0.0,0.0,0.0,0.0,0.0,0.0
3648,0.0,83.58198871761557,0.0,0.0,0.0,0.0,0.0,0.0,0.0,0.0,0.0,0.0,0.0,304.3513020396232,0.0,0.0,7814.102715462446,0.0,353.77544183731067,0.0,0.0,1809.7771351933475,0.0,0.0,0.0,0.0,0.0,0.0,0.0,3039.6205059200524,0.0,0.0,0.0,0.0,0.0,0.0,0.0
3649,0.0,104.8458055883646,0.0,0.0,0.0,0.0,0.0,0.0,0.0,0.0,0.0,0.0,0.0,289.4497559547424,0.0,0.0,7997.217300891876,0.0,355.6775594651698,0.0,0.0,2352.606580857932,0.0,0.0,0.0,0.0,0.0,0.0,0.0,3482.8170506983997,0.0,0.0,0.0,0.0,0.0,0.0,0.0
3650,0.0,129.02794873416417,0.0,0.0,0.0,0.0,0.0,0.0,0.0,0.0,0.0,0.0,0.0,272.3863072097301,0.0,0.0,8136.846596419811,0.0,355.96694835424404,0.0,0.0,2874.1436047285797,0.0,0.0,0.0,0.0,0.0,0.0,0.0,3875.171248143911,0.0,0.0,0.0,0.0,0.0,0.0,0.0
3651,0.0,157.5177115648984,0.0,0.0,0.0,0.0,0.0,0.0,0.0,0.0,0.0,0.0,0.0,255.6525722146034,0.0,0.0,8259.22583758831,0.0,352.5561729073524,0.0,0.0,3182.043565034866,0.0,0.0,0.0,0.0,0.0,0.0,0.0,4225.394341915845,0.0,0.0,0.0,0.0,0.0,0.0,0.0
3652,0.0,191.48415564000598,0.0,0.0,0.0,0.0,0.0,0.0,0.0,0.0,0.0,0.0,0.0,240.35150488615028,0.0,0.0,8360.152190536259,0.0,347.13748971223833,0.0,0.0,3304.778354680538,0.0,0.0,0.0,0.0,0.0,0.0,0.0,4523.668915903568,0.0,0.0,0.0,0.0,0.0,0.0,0.0
3653,0.0,225.4941284537315,0.0,0.0,0.0,0.0,0.0,0.0,0.0,0.0,0.0,0.0,0.0,219.1872581899166,0.0,0.0,8441.27707415819,0.0,329.71931979656216,0.0,0.0,3302.1488943904633,0.0,0.0,0.0,0.0,0.0,0.0,0.0,4783.061835595965,0.0,0.0,0.0,0.0,0.0,0.0,0.0
3654,0.0,225.06157651841633,0.0,0.0,0.0,0.0,0.0,0.0,0.0,0.0,0.0,0.0,0.0,196.5647880971431,0.0,0.0,8193.095184117556,0.0,305.42621484398825,0.0,0.0,3188.727571347356,0.0,0.0,0.0,0.0,0.0,0.0,0.0,4313.641879954933,0.0,0.0,0.0,0.0,0.0,0.0,0.0
3655,0.0,213.33100931346414,0.0,0.0,0.0,0.0,0.0,0.0,0.0,0.0,0.0,0.0,0.0,169.9794761598109,0.0,0.0,7967.082600951195,0.0,273.21414582133275,0.0,0.0,3052.9753637820477,0.0,0.0,0.0,0.0,0.0,0.0,0.0,3872.7343419164417,0.0,0.0,0.0,0.0,0.0,0.0,0.0
3656,0.0,203.06294039189808,0.0,0.0,0.0,0.0,0.0,0.0,0.0,0.0,0.0,0.0,0.0,146.41590510606764,0.0,0.0,7806.685721039772,0.0,240.41794874966135,0.0,0.0,2909.067742073536,0.0,0.0,0.0,0.0,0.0,0.0,0.0,3508.4018539935346,0.0,0.0,0.0,0.0,0.0,0.0,0.0
3657,0.0,196.97075464725486,0.0,0.0,0.0,0.0,0.0,0.0,0.0,0.0,0.0,0.0,0.0,128.1395679712294,0.0,0.0,7735.89484590292,0.0,219.78333233892909,0.0,0.0,2778.4724253684276,0.0,0.0,0.0,0.0,0.0,0.0,0.0,3216.7946901589626,0.0,0.0,0.0,0.0,0.0,0.0,0.0
3658,0.0,172.68115738034246,0.0,0.0,0.0,0.0,0.0,0.0,0.0,0.0,0.0,0.0,0.0,105.4249851644039,0.0,0.0,7496.3146469295025,0.0,198.53527254462227,0.0,0.0,2569.477108544111,0.0,0.0,0.0,0.0,0.0,0.0,0.0,2795.629383236168,0.0,0.0,0.0,0.0,0.0,0.0,0.0
3659,0.0,146.4494881957769,0.0,0.0,0.0,0.0,0.0,0.0,0.0,0.0,0.0,0.0,0.0,93.9045349970459,0.0,0.0,7295.055456161499,0.0,191.8314127892255,0.0,0.0,2405.3697215974325,0.0,0.0,0.0,0.0,0.0,0.0,0.0,2421.650702692568,0.0,0.0,0.0,0.0,0.0,0.0,0.0
3660,0.0,114.88651645928616,0.0,0.0,0.0,0.0,0.0,0.0,0.0,0.0,0.0,0.0,0.0,89.20131115317339,0.0,0.0,7128.161802530289,0.0,186.02900698184953,0.0,0.0,2261.333124634623,0.0,0.0,0.0,0.0,0.0,0.0,0.0,2115.174216166137,0.0,0.0,0.0,0.0,0.0,0.0,0.0
3661,0.0,87.96225917190309,0.0,0.0,0.0,0.0,0.0,0.0,0.0,0.0,0.0,0.0,0.0,81.97671752870082,0.0,0.0,6964.803569942711,0.0,191.6373209685087,0.0,0.0,2114.726710867881,0.0,0.0,0.0,0.0,0.0,0.0,0.0,1870.4161134988067,0.0,0.0,0.0,0.0,0.0,0.0,0.0
3662,0.0,68.08963649868963,0.0,0.0,0.0,0.0,0.0,0.0,0.0,0.0,0.0,0.0,0.0,79.98199193477623,0.0,0.0,6785.337974637747,0.0,196.4003366202116,0.0,0.0,1984.9615588277577,0.0,0.0,0.0,0.0,0.0,0.0,0.0,1698.594697390496,0.0,0.0,0.0,0.0,0.0,0.0,0.0
3663,0.0,56.43155874162904,0.0,0.0,0.0,0.0,0.0,0.0,0.0,0.0,0.0,0.0,0.0,85.10315283983935,0.0,0.0,6903.794415295124,0.0,208.58451884090888,0.0,0.0,2176.7150640159844,0.0,0.0,0.0,0.0,0.0,0.0,0.0,1612.6627446055404,0.0,0.0,0.0,0.0,0.0,0.0,0.0
3664,0.0,52.24759546369306,0.0,0.0,0.0,0.0,0.0,0.0,0.0,0.0,0.0,0.0,0.0,91.25554348826398,0.0,0.0,6972.2695702016335,0.0,218.08213887214652,0.0,0.0,2340.920242059231,0.0,0.0,0.0,0.0,0.0,0.0,0.0,1617.7428569570184,0.0,0.0,0.0,0.0,0.0,0.0,0.0
3665,0.0,48.99647704213853,0.0,0.0,0.0,0.0,0.0,0.0,0.0,0.0,0.0,0.0,0.0,88.93835614323615,0.0,0.0,7010.694035172461,0.0,217.07796268761143,0.0,0.0,2471.8658507108685,0.0,0.0,0.0,0.0,0.0,0.0,0.0,1648.2812082499256,0.0,0.0,0.0,0.0,0.0,0.0,0.0
3666,0.0,50.551973640918696,0.0,0.0,0.0,0.0,0.0,0.0,0.0,0.0,0.0,0.0,0.0,89.14297571629277,0.0,0.0,6990.660760462282,0.0,206.2888524800538,0.0,0.0,2594.9058212399477,0.0,0.0,0.0,0.0,0.0,0.0,0.0,1686.4148672148576,0.0,0.0,0.0,0.0,0.0,0.0,0.0
3667,0.0,56.769169490039324,0.0,0.0,0.0,0.0,0.0,0.0,0.0,0.0,0.0,0.0,0.0,96.6342736452818,0.0,0.0,7088.1854860782605,0.0,194.55341126024715,0.0,0.0,2540.577266058325,0.0,0.0,0.0,0.0,0.0,0.0,0.0,1828.3133964017027,0.0,0.0,0.0,0.0,0.0,0.0,0.0
3668,0.0,65.80566829293964,0.0,0.0,0.0,0.0,0.0,0.0,0.0,0.0,0.0,0.0,0.0,101.90380910038934,0.0,0.0,7164.872618973255,0.0,196.12083313465115,0.0,0.0,2510.0337459772827,0.0,0.0,0.0,0.0,0.0,0.0,0.0,1941.921899636089,0.0,0.0,0.0,0.0,0.0,0.0,0.0
3669,0.0,75.45722971558565,0.0,0.0,0.0,0.0,0.0,0.0,0.0,0.0,0.0,0.0,0.0,106.10931829214096,0.0,0.0,7231.31364274025,0.0,197.45374715328205,0.0,0.0,2478.741503351926,0.0,0.0,0.0,0.0,0.0,0.0,0.0,2059.0610059201695,0.0,0.0,0.0,0.0,0.0,0.0,0.0
3670,0.0,85.92712581306697,0.0,0.0,0.0,0.0,0.0,0.0,0.0,0.0,0.0,0.0,0.0,108.3456239938735,0.0,0.0,7319.780067354441,0.0,201.36137157678584,0.0,0.0,2454.0669628590344,0.0,0.0,0.0,0.0,0.0,0.0,0.0,2160.576827576756,0.0,0.0,0.0,0.0,0.0,0.0,0.0
3671,0.0,86.25825564712281,0.0,0.0,0.0,0.0,0.0,0.0,0.0,0.0,0.0,0.0,0.0,109.42432238459585,0.0,0.0,7408.847007930279,0.0,205.77018744051458,0.0,0.0,2431.855970826745,0.0,0.0,0.0,0.0,0.0,0.0,0.0,2226.23660621643,0.0,0.0,0.0,0.0,0.0,0.0,0.0
3672,0.0,88.1001329094171,0.0,0.0,0.0,0.0,0.0,0.0,0.0,0.0,0.0,0.0,0.0,111.00288188457476,0.0,0.0,7492.515527814627,0.0,229.28508734405025,0.0,0.0,2660.243897894025,0.0,0.0,0.0,0.0,0.0,0.0,0.0,2735.7083940058938,0.0,0.0,0.0,0.0,0.0,0.0,0.0
3673,0.0,93.46431698352093,0.0,0.0,0.0,0.0,0.0,0.0,0.0,0.0,0.0,0.0,0.0,114.93208656013007,0.0,0.0,7561.068469762802,0.0,250.89655057787894,0.0,0.0,2826.435779267549,0.0,0.0,0.0,0.0,0.0,0.0,0.0,3179.5981498301016,0.0,0.0,0.0,0.0,0.0,0.0,0.0
3674,0.0,101.7939612552523,0.0,0.0,0.0,0.0,0.0,0.0,0.0,0.0,0.0,0.0,0.0,122.45077283382408,0.0,0.0,7621.078060925007,0.0,270.2970477223395,0.0,0.0,2915.0741741627453,0.0,0.0,0.0,0.0,0.0,0.0,0.0,3535.991798263788,0.0,0.0,0.0,0.0,0.0,0.0,0.0
3675,0.0,108.52259523421522,0.0,0.0,0.0,0.0,0.0,0.0,0.0,0.0,0.0,0.0,0.0,134.54022468924515,0.0,0.0,7672.466514259575,0.0,286.3651708960532,0.0,0.0,2921.130561456084,0.0,0.0,0.0,0.0,0.0,0.0,0.0,3824.5769669443366,0.0,0.0,0.0,0.0,0.0,0.0,0.0
3676,0.0,114.38832773119205,0.0,0.0,0.0,0.0,0.0,0.0,0.0,0.0,0.0,0.0,0.0,148.30615484118456,0.0,0.0,7711.898321419954,0.0,303.2808006882666,0.0,0.0,2986.5434195369476,0.0,0.0,0.0,0.0,0.0,0.0,0.0,4045.8479800760747,0.0,0.0,0.0,0.0,0.0,0.0,0.0
3677,0.0,117.13358413428062,0.0,0.0,0.0,0.0,0.0,0.0,0.0,0.0,0.0,0.0,0.0,163.62325054407117,0.0,0.0,7750.029529243708,0.0,313.63397497534737,0.0,0.0,2918.792355144024,0.0,0.0,0.0,0.0,0.0,0.0,0.0,4238.298843419552,0.0,0.0,0.0,0.0,0.0,0.0,0.0
3678,0.0,104.7303415060043,0.0,0.0,0.0,0.0,0.0,0.0,0.0,0.0,0.0,0.0,0.0,177.79275947213165,0.0,0.0,7558.206684499977,0.0,322.61499004364,0.0,0.0,2989.0735749363894,0.0,0.0,0.0,0.0,0.0,0.0,0.0,3864.1576180845495,0.0,0.0,0.0,0.0,0.0,0.0,0.0
3679,0.0,92.51291314512488,0.0,0.0,0.0,0.0,0.0,0.0,0.0,0.0,0.0,0.0,0.0,185.78580716848373,0.0,0.0,7384.845816224812,0.0,318.0427167356014,0.0,0.0,3100.428871840238,0.0,0.0,0.0,0.0,0.0,0.0,0.0,3542.4751476854085,0.0,0.0,0.0,0.0,0.0,0.0,0.0
3680,0.0,81.0427328065037,0.0,0.0,0.0,0.0,0.0,0.0,0.0,0.0,0.0,0.0,0.0,197.47515493035317,0.0,0.0,7220.968744069338,0.0,311.2240706980227,0.0,0.0,3258.2809589534995,0.0,0.0,0.0,0.0,0.0,0.0,0.0,3267.877871376276,0.0,0.0,0.0,0.0,0.0,0.0,0.0
3681,0.0,78.18360449373718,0.0,0.0,0.0,0.0,0.0,0.0,0.0,0.0,0.0,0.0,0.0,210.5757842481135,0.0,0.0,7062.0482622087,0.0,319.3146880567074,0.0,0.0,3465.2051027387374,0.0,0.0,0.0,0.0,0.0,0.0,0.0,3037.006771209835,0.0,0.0,0.0,0.0,0.0,0.0,0.0
3682,0.0,71.5941418379545,0.0,0.0,0.0,0.0,0.0,0.0,0.0,0.0,0.0,0.0,0.0,206.4107607126235,0.0,0.0,6536.801375687122,0.0,328.2033405542372,0.0,0.0,3314.915930771828,0.0,0.0,0.0,0.0,0.0,0.0,0.0,2580.1130704611523,0.0,0.0,0.0,0.0,0.0,0.0,0.0
3683,0.0,65.02351872324938,0.0,0.0,0.0,0.0,0.0,0.0,0.0,0.0,0.0,0.0,0.0,203.64764829874028,0.0,0.0,5959.38155351579,0.0,342.73197886347765,0.0,0.0,3194.1466513395308,0.0,0.0,0.0,0.0,0.0,0.0,0.0,2189.654445421695,0.0,0.0,0.0,0.0,0.0,0.0,0.0
3684,0.0,57.82379802167407,0.0,0.0,0.0,0.0,0.0,0.0,0.0,0.0,0.0,0.0,0.0,203.205108243227,0.0,0.0,5361.959960386156,0.0,359.4286180675028,0.0,0.0,3098.334083613753,0.0,0.0,0.0,0.0,0.0,0.0,0.0,1902.8970468148589,0.0,0.0,0.0,0.0,0.0,0.0,0.0
3685,0.0,49.62547643333666,0.0,0.0,0.0,0.0,0.0,0.0,0.0,0.0,0.0,0.0,0.0,205.2133626818656,0.0,0.0,4787.079496189951,0.0,376.5739686310291,0.0,0.0,3024.616551294923,0.0,0.0,0.0,0.0,0.0,0.0,0.0,1733.8625777751186,0.0,0.0,0.0,0.0,0.0,0.0,0.0
3686,0.0,44.0887836053967,0.0,0.0,0.0,0.0,0.0,0.0,0.0,0.0,0.0,0.0,0.0,211.06138795018197,0.0,0.0,4225.6818599253875,0.0,397.1244924187659,0.0,0.0,2965.6285379827023,0.0,0.0,0.0,0.0,0.0,0.0,0.0,1665.811636881528,0.0,0.0,0.0,0.0,0.0,0.0,0.0
3687,0.0,50.82753173857919,0.0,0.0,0.0,0.0,0.0,0.0,0.0,0.0,0.0,0.0,0.0,229.01083591580382,0.0,0.0,4194.01514419913,0.0,438.1900592505932,0.0,0.0,3318.9141636550426,0.0,0.0,0.0,0.0,0.0,0.0,0.0,1645.026696297526,0.0,0.0,0.0,0.0,0.0,0.0,0.0
3688,0.0,47.43769790232172,0.0,0.0,0.0,0.0,0.0,0.0,0.0,0.0,0.0,0.0,0.0,247.3605448961257,0.0,0.0,4166.690890073776,0.0,477.66234209537487,0.0,0.0,3612.5111921221014,0.0,0.0,0.0,0.0,0.0,0.0,0.0,1652.959569181501,0.0,0.0,0.0,0.0,0.0,0.0,0.0
3689,0.0,41.69877108782524,0.0,0.0,0.0,0.0,0.0,0.0,0.0,0.0,0.0,0.0,0.0,260.1350472331047,0.0,0.0,4135.816046431661,0.0,489.7321974754332,0.0,0.0,3749.9213069468733,0.0,0.0,0.0,0.0,0.0,0.0,0.0,1612.6499073639498,0.0,0.0,0.0,0.0,0.0,0.0,0.0
3690,0.0,34.5162416428327,0.0,0.0,0.0,0.0,0.0,0.0,0.0,0.0,0.0,0.0,0.0,280.5433599233627,0.0,0.0,4098.329693183301,0.0,514.5486211657524,0.0,0.0,3893.861929365992,0.0,0.0,0.0,0.0,0.0,0.0,0.0,1521.7371048420666,0.0,0.0,0.0,0.0,0.0,0.0,0.0
3691,0.0,34.03086744993922,0.0,0.0,0.0,0.0,0.0,0.0,0.0,0.0,0.0,0.0,0.0,313.5577313065528,0.0,0.0,4051.8317111581564,0.0,541.5852442383766,0.0,0.0,3910.7037966102357,0.0,0.0,0.0,0.0,0.0,0.0,0.0,1836.3977848976829,0.0,0.0,0.0,0.0,0.0,0.0,0.0
3692,0.0,31.190014053136053,0.0,0.0,0.0,0.0,0.0,0.0,0.0,0.0,0.0,0.0,0.0,345.60849475264536,0.0,0.0,3997.945126980543,0.0,580.5026699066162,0.0,0.0,3957.667440909147,0.0,0.0,0.0,0.0,0.0,0.0,0.0,2106.869786500929,0.0,0.0,0.0,0.0,0.0,0.0,0.0
3693,0.0,34.54068535119292,0.0,0.0,0.0,0.0,0.0,0.0,0.0,0.0,0.0,0.0,0.0,374.69488320350644,0.0,0.0,3963.2412162125097,0.0,619.05360943079,0.0,0.0,4006.1149061501023,0.0,0.0,0.0,0.0,0.0,0.0,0.0,2332.899076913297,0.0,0.0,0.0,0.0,0.0,0.0,0.0
3694,0.0,41.617738616466525,0.0,0.0,0.0,0.0,0.0,0.0,0.0,0.0,0.0,0.0,0.0,398.52640832662576,0.0,0.0,3938.3143587112413,0.0,644.5495916247368,0.0,0.0,3935.750427684188,0.0,0.0,0.0,0.0,0.0,0.0,0.0,2492.8961278736574,0.0,0.0,0.0,0.0,0.0,0.0,0.0
3695,0.0,50.01973907053464,0.0,0.0,0.0,0.0,0.0,0.0,0.0,0.0,0.0,0.0,0.0,414.5025056004524,0.0,0.0,3914.418568447231,0.0,642.4972217917442,0.0,0.0,3878.9819392293693,0.0,0.0,0.0,0.0,0.0,0.0,0.0,2622.2980543881636,0.0,0.0,0.0,0.0,0.0,0.0,0.0
3696,0.0,74.8363314673304,0.0,0.0,0.0,0.0,0.0,0.0,0.0,0.0,0.0,0.0,0.0,426.00114933252337,0.0,0.0,4115.448676377532,0.0,635.5125246882438,0.0,0.0,2235.8402270704505,0.0,0.0,0.0,0.0,0.0,0.0,0.0,3340.983250138163,0.0,0.0,0.0,0.0,0.0,0.0,0.0
3697,0.0,104.86907094866028,0.0,0.0,0.0,0.0,0.0,0.0,0.0,0.0,0.0,0.0,0.0,430.2225075602531,0.0,0.0,4361.408579573033,0.0,599.9095992326735,0.0,0.0,1052.4510936945674,0.0,0.0,0.0,0.0,0.0,0.0,0.0,4101.608979806304,0.0,0.0,0.0,0.0,0.0,0.0,0.0
3698,0.0,141.0127305060625,0.0,0.0,0.0,0.0,0.0,0.0,0.0,0.0,0.0,0.0,0.0,429.86710357666016,0.0,0.0,4665.105136573313,0.0,549.4959976434707,0.0,0.0,487.49224949777124,0.0,0.0,0.0,0.0,0.0,0.0,0.0,4889.098535966872,0.0,0.0,0.0,0.0,0.0,0.0,0.0
3699,0.0,180.25679917037485,0.0,0.0,0.0,0.0,0.0,0.0,0.0,0.0,0.0,0.0,0.0,427.4603366732597,0.0,0.0,5018.367985457182,0.0,496.82256613373755,0.0,0.0,335.69757148884213,0.0,0.0,0.0,0.0,0.0,0.0,0.0,5592.296955785154,0.0,0.0,0.0,0.0,0.0,0.0,0.0
3700,0.0,222.74410254657263,0.0,0.0,0.0,0.0,0.0,0.0,0.0,0.0,0.0,0.0,0.0,421.38955062627787,0.0,0.0,5381.193584308026,0.0,440.299844455719,0.0,0.0,379.13593001514676,0.0,0.0,0.0,0.0,0.0,0.0,0.0,6268.807654368877,0.0,0.0,0.0,0.0,0.0,0.0,0.0
3701,0.0,258.3036030650138,0.0,0.0,0.0,0.0,0.0,0.0,0.0,0.0,0.0,0.0,0.0,411.6431781053543,0.0,0.0,5732.499700158833,0.0,370.058405804634,0.0,0.0,328.48854354992505,0.0,0.0,0.0,0.0,0.0,0.0,0.0,6875.099364680051,0.0,0.0,0.0,0.0,0.0,0.0,0.0
3702,0.0,269.32014745473856,0.0,0.0,0.0,0.0,0.0,0.0,0.0,0.0,0.0,0.0,0.0,393.9639035224915,0.0,0.0,5727.72707621753,0.0,299.01101776361463,0.0,0.0,275.07072472237047,0.0,0.0,0.0,0.0,0.0,0.0,0.0,6570.470536911487,0.0,0.0,0.0,0.0,0.0,0.0,0.0
3703,0.0,264.30899786353103,0.0,0.0,0.0,0.0,0.0,0.0,0.0,0.0,0.0,0.0,0.0,369.0729813098907,0.0,0.0,5713.554277226327,0.0,235.0487963169812,0.0,0.0,243.03691222965693,0.0,0.0,0.0,0.0,0.0,0.0,0.0,6194.90564340353,0.0,0.0,0.0,0.0,0.0,0.0,0.0
3704,0.0,258.6898487269878,0.0,0.0,0.0,0.0,0.0,0.0,0.0,0.0,0.0,0.0,0.0,347.11980233192446,0.0,0.0,5687.926947414874,0.0,173.555391409993,0.0,0.0,226.60656990185296,0.0,0.0,0.0,0.0,0.0,0.0,0.0,5808.179581961035,0.0,0.0,0.0,0.0,0.0,0.0,0.0
3705,0.0,252.09255847334862,0.0,0.0,0.0,0.0,0.0,0.0,0.0,0.0,0.0,0.0,0.0,326.54490663409234,0.0,0.0,5661.928573414683,0.0,118.76975892186157,0.0,0.0,218.74854060262393,0.0,0.0,0.0,0.0,0.0,0.0,0.0,5423.056910073757,0.0,0.0,0.0,0.0,0.0,0.0,0.0
3706,0.0,235.81547554135318,0.0,0.0,0.0,0.0,0.0,0.0,0.0,0.0,0.0,0.0,0.0,287.77865781188007,0.0,0.0,5118.615257531403,0.0,56.0275029778479,0.0,0.0,268.9507580783215,0.0,0.0,0.0,0.0,0.0,0.0,0.0,4746.8799797713755,0.0,0.0,0.0,0.0,0.0,0.0,0.0
3707,0.0,217.52466590702534,0.0,0.0,0.0,0.0,0.0,0.0,0.0,0.0,0.0,0.0,0.0,245.26578207015982,0.0,0.0,4647.161610737443,0.0,15.91520694866776,0.0,0.0,308.5017691366374,0.0,0.0,0.0,0.0,0.0,0.0,0.0,4124.816542926429,0.0,0.0,0.0,0.0,0.0,0.0,0.0
3708,0.0,213.30331813395014,0.0,0.0,0.0,0.0,0.0,0.0,0.0,0.0,0.0,0.0,0.0,202.21016091108322,0.0,0.0,4215.531817793846,0.0,13.916823349520445,0.0,0.0,341.10348147265603,0.0,0.0,0.0,0.0,0.0,0.0,0.0,3555.4935571074484,0.0,0.0,0.0,0.0,0.0,0.0,0.0
3709,0.0,221.28126759231088,0.0,0.0,0.0,0.0,0.0,0.0,0.0,0.0,0.0,0.0,0.0,160.49009564518926,0.0,0.0,3795.215372189878,0.0,13.929358878545274,0.0,0.0,358.3279223218553,0.0,0.0,0.0,0.0,0.0,0.0,0.0,3065.5593277931193,0.0,0.0,0.0,0.0,0.0,0.0,0.0
3710,0.0,228.06336210072035,0.0,0.0,0.0,0.0,0.0,0.0,0.0,0.0,0.0,0.0,0.0,118.24156478643408,0.0,0.0,3388.937931865453,0.0,13.785971434041818,0.0,0.0,368.90563403740435,0.0,0.0,0.0,0.0,0.0,0.0,0.0,2655.2496262937775,0.0,0.0,0.0,0.0,0.0,0.0,0.0
3711,0.0,226.90801987946028,0.0,0.0,0.0,0.0,0.0,0.0,0.0,0.0,0.0,0.0,0.0,86.3323274031281,0.0,0.0,3268.0685371756554,0.0,13.827384160831423,0.0,0.0,325.7374499067662,0.0,0.0,0.0,0.0,0.0,0.0,0.0,2502.7167984962443,0.0,0.0,0.0,0.0,0.0,0.0,0.0
3712,0.0,226.88515431582928,0.0,0.0,0.0,0.0,0.0,0.0,0.0,0.0,0.0,0.0,0.0,54.83495759516946,0.0,0.0,3156.6140970736733,0.0,13.82790659032759,0.0,0.0,327.74950928762513,0.0,0.0,0.0,0.0,0.0,0.0,0.0,2460.359325435757,0.0,0.0,0.0,0.0,0.0,0.0,0.0
3713,0.0,223.27377000153058,0.0,0.0,0.0,0.0,0.0,0.0,0.0,0.0,0.0,0.0,0.0,26.286483632027988,0.0,0.0,3090.032667696475,0.0,13.827914000675054,0.0,0.0,350.1988481953734,0.0,0.0,0.0,0.0,0.0,0.0,0.0,2441.1150346487752,0.0,0.0,0.0,0.0,0.0,0.0,0.0
3714,0.0,225.12492675483227,0.0,0.0,0.0,0.0,0.0,0.0,0.0,0.0,0.0,0.0,0.0,23.291478189080813,0.0,0.0,3020.7123565822817,0.0,14.168242544494444,0.0,0.0,379.55105019248987,0.0,0.0,0.0,0.0,0.0,0.0,0.0,2487.3692433536053,0.0,0.0,0.0,0.0,0.0,0.0,0.0
3715,0.0,243.95940374135972,0.0,0.0,0.0,0.0,0.0,0.0,0.0,0.0,0.0,0.0,0.0,23.51765760704872,0.0,0.0,3112.517012089489,0.0,14.405607089213936,0.0,0.0,422.9733246568583,0.0,0.0,0.0,0.0,0.0,0.0,0.0,2773.5721092849963,0.0,0.0,0.0,0.0,0.0,0.0,0.0
3716,0.0,264.07523605227465,0.0,0.0,0.0,0.0,0.0,0.0,0.0,0.0,0.0,0.0,0.0,23.75680823922152,0.0,0.0,3166.617121696472,0.0,15.082973982579954,0.0,0.0,472.0511715911323,0.0,0.0,0.0,0.0,0.0,0.0,0.0,3089.8582372546184,0.0,0.0,0.0,0.0,0.0,0.0,0.0
3717,0.0,282.3759073376656,0.0,0.0,0.0,0.0,0.0,0.0,0.0,0.0,0.0,0.0,0.0,23.983220236748384,0.0,0.0,3186.536049455404,0.0,15.252647782117084,0.0,0.0,514.3336726594715,0.0,0.0,0.0,0.0,0.0,0.0,0.0,3329.65791015625,0.0,0.0,0.0,0.0,0.0,0.0,0.0
3718,0.0,295.26504319310186,0.0,0.0,0.0,0.0,0.0,0.0,0.0,0.0,0.0,0.0,0.0,23.860648006945716,0.0,0.0,3197.5907548815003,0.0,15.026004157587808,0.0,0.0,553.9721810147164,0.0,0.0,0.0,0.0,0.0,0.0,0.0,3489.896337419747,0.0,0.0,0.0,0.0,0.0,0.0,0.0
3719,0.0,300.54948536753653,0.0,0.0,0.0,0.0,0.0,0.0,0.0,0.0,0.0,0.0,0.0,23.528849447518514,0.0,0.0,3205.488084286451,0.0,14.515206128172382,0.0,0.0,592.5249962668859,0.0,0.0,0.0,0.0,0.0,0.0,0.0,3594.1929587334394,0.0,0.0,0.0,0.0,0.0,0.0,0.0
3720,0.0,302.8602539777756,0.0,0.0,0.0,0.0,0.0,0.0,0.0,0.0,0.0,0.0,0.0,23.550482148677098,0.0,0.0,3562.1401145756236,0.0,17.83488339483737,0.0,0.0,842.7645785003893,0.0,0.0,0.0,0.0,0.0,0.0,0.0,4115.8047993302325,0.0,0.0,0.0,0.0,0.0,0.0,0.0
3721,0.0,303.7543676555157,0.0,0.0,0.0,0.0,0.0,0.0,0.0,0.0,0.0,0.0,0.0,23.34041657112533,0.0,0.0,3939.166904687879,0.0,16.9710406653582,0.0,0.0,1040.3181099571286,0.0,0.0,0.0,0.0,0.0,0.0,0.0,4630.9734294861555,0.0,0.0,0.0,0.0,0.0,0.0,0.0
3722,0.0,303.84164958000184,0.0,0.0,0.0,0.0,0.0,0.0,0.0,0.0,0.0,0.0,0.0,23.2203004375099,0.0,0.0,4337.929727852343,0.0,16.094294668361535,0.0,0.0,1199.1026942141352,0.0,0.0,0.0,0.0,0.0,0.0,0.0,5136.079470297695,0.0,0.0,0.0,0.0,0.0,0.0,0.0
3723,0.0,304.91778997778886,0.0,0.0,0.0,0.0,0.0,0.0,0.0,0.0,0.0,0.0,0.0,23.17414040043936,0.0,0.0,4749.122142404316,0.0,16.442560620605757,0.0,0.0,1309.3307443678377,0.0,0.0,0.0,0.0,0.0,0.0,0.0,5675.450459393858,0.0,0.0,0.0,0.0,0.0,0.0,0.0
3724,0.0,305.33851634860036,0.0,0.0,0.0,0.0,0.0,0.0,0.0,0.0,0.0,0.0,0.0,23.204465412348398,0.0,0.0,5178.60617980361,0.0,17.00034858956919,0.0,0.0,1394.3526852428904,0.0,0.0,0.0,0.0,0.0,0.0,0.0,6199.0070516884325,0.0,0.0,0.0,0.0,0.0,0.0,0.0
3725,0.0,304.75203568339344,0.0,0.0,0.0,0.0,0.0,0.0,0.0,0.0,0.0,0.0,0.0,23.33002755045881,0.0,0.0,5663.442309245465,0.0,25.755548139661453,0.0,0.0,1483.9297838374973,0.0,0.0,0.0,0.0,0.0,0.0,0.0,6768.502526640891,0.0,0.0,0.0,0.0,0.0,0.0,0.0
3726,0.0,280.5815357387065,0.0,0.0,0.0,0.0,0.0,0.0,0.0,0.0,0.0,0.0,0.0,23.4100685447453,0.0,0.0,5662.067423284054,0.0,23.305489042028675,0.0,0.0,1393.8095359325405,0.0,0.0,0.0,0.0,0.0,0.0,0.0,6614.091122221946,0.0,0.0,0.0,0.0,0.0,0.0,0.0
3727,0.0,262.2080313205719,0.0,0.0,0.0,0.0,0.0,0.0,0.0,0.0,0.0,0.0,0.0,23.155710572004313,0.0,0.0,5657.947043687103,0.0,16.766955991089215,0.0,0.0,1258.670717722177,0.0,0.0,0.0,0.0,0.0,0.0,0.0,6526.126003497838,0.0,0.0,0.0,0.0,0.0,0.0,0.0
3728,0.0,243.20778601169582,0.0,0.0,0.0,0.0,0.0,0.0,0.0,0.0,0.0,0.0,0.0,23.594159469008336,0.0,0.0,5657.1855085492125,0.0,14.647957871481763,0.0,0.0,1088.5169345229863,0.0,0.0,0.0,0.0,0.0,0.0,0.0,6384.1121199429035,0.0,0.0,0.0,0.0,0.0,0.0,0.0
3729,0.0,228.35879079401494,0.0,0.0,0.0,0.0,0.0,0.0,0.0,0.0,0.0,0.0,0.0,23.738482090830704,0.0,0.0,5655.595930352805,0.0,15.031346091814253,0.0,0.0,996.788280424475,0.0,0.0,0.0,0.0,0.0,0.0,0.0,6365.064546322823,0.0,0.0,0.0,0.0,0.0,0.0,0.0
3730,0.0,221.65912453830242,0.0,0.0,0.0,0.0,0.0,0.0,0.0,0.0,0.0,0.0,0.0,23.109250703453935,0.0,0.0,5119.641268610953,0.0,19.866482023894733,0.0,0.0,893.302290585637,0.0,0.0,0.0,0.0,0.0,0.0,0.0,5840.246288228034,0.0,0.0,0.0,0.0,0.0,0.0,0.0
3731,0.0,218.2094825237989,0.0,0.0,0.0,0.0,0.0,0.0,0.0,0.0,0.0,0.0,0.0,23.448650131001944,0.0,0.0,4600.03472048044,0.0,38.602048690616904,0.0,0.0,870.3238806523383,0.0,0.0,0.0,0.0,0.0,0.0,0.0,5368.1782446950665,0.0,0.0,0.0,0.0,0.0,0.0,0.0
3732,0.0,216.4284374803304,0.0,0.0,0.0,0.0,0.0,0.0,0.0,0.0,0.0,0.0,0.0,23.726474820822464,0.0,0.0,4084.2405152618876,0.0,72.77943078428495,0.0,0.0,908.3116344250737,0.0,0.0,0.0,0.0,0.0,0.0,0.0,4958.582004538177,0.0,0.0,0.0,0.0,0.0,0.0,0.0
3733,0.0,215.44033651649949,0.0,0.0,0.0,0.0,0.0,0.0,0.0,0.0,0.0,0.0,0.0,24.278806439041976,0.0,0.0,3540.374522447585,0.0,96.19869274348007,0.0,0.0,960.155296649783,0.0,0.0,0.0,0.0,0.0,0.0,0.0,4603.94145320952,0.0,0.0,0.0,0.0,0.0,0.0,0.0
3734,0.0,214.54533907771105,0.0,0.0,0.0,0.0,0.0,0.0,0.0,0.0,0.0,0.0,0.0,23.996141012012878,0.0,0.0,3078.0806887447834,0.0,123.27785121053446,0.0,0.0,1045.1740585573011,0.0,0.0,0.0,0.0,0.0,0.0,0.0,4294.986294218897,0.0,0.0,0.0,0.0,0.0,0.0,0.0
3735,0.0,227.08221900165074,0.0,0.0,0.0,0.0,0.0,0.0,0.0,0.0,0.0,0.0,0.0,24.648899362981314,0.0,0.0,3018.475201264022,0.0,161.23727456927296,0.0,0.0,1346.7032922327514,0.0,0.0,0.0,0.0,0.0,0.0,0.0,4449.608880302309,0.0,0.0,0.0,0.0,0.0,0.0,0.0
3736,0.0,236.89136343598366,0.0,0.0,0.0,0.0,0.0,0.0,0.0,0.0,0.0,0.0,0.0,28.4049415513872,0.0,0.0,2966.7234824448824,0.0,184.62628749012944,0.0,0.0,1580.686202162504,0.0,0.0,0.0,0.0,0.0,0.0,0.0,4394.831828019022,0.0,0.0,0.0,0.0,0.0,0.0,0.0
3737,0.0,246.32920197844498,0.0,0.0,0.0,0.0,0.0,0.0,0.0,0.0,0.0,0.0,0.0,24.51993259638548,0.0,0.0,2931.9063915312277,0.0,178.544585686922,0.0,0.0,1669.337615686654,0.0,0.0,0.0,0.0,0.0,0.0,0.0,4374.61552299559,0.0,0.0,0.0,0.0,0.0,0.0,0.0
3738,0.0,252.2906331717968,0.0,0.0,0.0,0.0,0.0,0.0,0.0,0.0,0.0,0.0,0.0,27.468108285218428,0.0,0.0,2874.821204200386,0.0,186.92934937775118,0.0,0.0,1782.171738012135,0.0,0.0,0.0,0.0,0.0,0.0,0.0,4321.695350587367,0.0,0.0,0.0,0.0,0.0,0.0,0.0
3739,0.0,259.8932226598263,0.0,0.0,0.0,0.0,0.0,0.0,0.0,0.0,0.0,0.0,0.0,39.23739055916667,0.0,0.0,2876.3765560984602,0.0,184.68041266798954,0.0,0.0,1798.947149696946,0.0,0.0,0.0,0.0,0.0,0.0,0.0,4742.425999358295,0.0,0.0,0.0,0.0,0.0,0.0,0.0
3740,0.0,267.5717314302921,0.0,0.0,0.0,0.0,0.0,0.0,0.0,0.0,0.0,0.0,0.0,50.62752611935129,0.0,0.0,2875.474615350365,0.0,174.93958503305896,0.0,0.0,1784.7302013605834,0.0,0.0,0.0,0.0,0.0,0.0,0.0,5279.539441996812,0.0,0.0,0.0,0.0,0.0,0.0,0.0
3741,0.0,275.67966390252116,0.0,0.0,0.0,0.0,0.0,0.0,0.0,0.0,0.0,0.0,0.0,55.230572623014325,0.0,0.0,2868.6091310530896,0.0,160.82614849209773,0.0,0.0,1781.0183783143755,0.0,0.0,0.0,0.0,0.0,0.0,0.0,5915.446126237511,0.0,0.0,0.0,0.0,0.0,0.0,0.0
3742,0.0,285.74227942228316,0.0,0.0,0.0,0.0,0.0,0.0,0.0,0.0,0.0,0.0,0.0,59.034688726067465,0.0,0.0,2871.706611052155,0.0,151.33416032493113,0.0,0.0,1834.0082854047414,0.0,0.0,0.0,0.0,0.0,0.0,0.0,6671.992505979538,0.0,0.0,0.0,0.0,0.0,0.0,0.0
3743,0.0,294.7754676282405,0.0,0.0,0.0,0.0,0.0,0.0,0.0,0.0,0.0,0.0,0.0,65.24427152872076,0.0,0.0,2966.9517874121643,0.0,154.7465808689594,0.0,0.0,1890.6505234345793,0.0,0.0,0.0,0.0,0.0,0.0,0.0,7470.721338361501,0.0,0.0,0.0,0.0,0.0,0.0,0.0
3744,0.0,312.30151534080505,0.0,0.0,0.0,0.0,0.0,0.0,0.0,0.0,0.0,0.0,0.0,77.87255698144425,0.0,0.0,3330.7559472471453,0.0,193.67992396354666,0.0,0.0,2675.880179545283,0.0,0.0,0.0,0.0,0.0,0.0,0.0,8812.937755846975,0.0,0.0,0.0,0.0,0.0,0.0,0.0
3745,0.0,323.06446239352226,0.0,0.0,0.0,0.0,0.0,0.0,0.0,0.0,0.0,0.0,0.0,93.8274867132306,0.0,0.0,3671.641710996628,0.0,245.68298580050464,0.0,0.0,3390.3364814132447,0.0,0.0,0.0,0.0,0.0,0.0,0.0,10185.152818059922,0.0,0.0,0.0,0.0,0.0,0.0,0.0
3746,0.0,329.9497184693813,0.0,0.0,0.0,0.0,0.0,0.0,0.0,0.0,0.0,0.0,0.0,109.86520355939864,0.0,0.0,3958.5386006087056,0.0,301.1482508957386,0.0,0.0,3834.7706752985714,0.0,0.0,0.0,0.0,0.0,0.0,0.0,11584.052708607913,0.0,0.0,0.0,0.0,0.0,0.0,0.0
3747,0.0,334.87532560229295,0.0,0.0,0.0,0.0,0.0,0.0,0.0,0.0,0.0,0.0,0.0,123.20408401489256,0.0,0.0,4215.292622640729,0.0,351.660202616453,0.0,0.0,4018.485025727749,0.0,0.0,0.0,0.0,0.0,0.0,0.0,12981.151769208907,0.0,0.0,0.0,0.0,0.0,0.0,0.0
3748,0.0,346.721595364809,0.0,0.0,0.0,0.0,0.0,0.0,0.0,0.0,0.0,0.0,0.0,133.2268619298935,0.0,0.0,4448.091347321866,0.0,396.5925183951854,0.0,0.0,4104.40010510087,0.0,0.0,0.0,0.0,0.0,0.0,0.0,14296.427336752415,0.0,0.0,0.0,0.0,0.0,0.0,0.0
3749,0.0,357.1333385825157,0.0,0.0,0.0,0.0,0.0,0.0,0.0,0.0,0.0,0.0,0.0,126.35909578800197,0.0,0.0,4664.1561346650105,0.0,428.3383283555507,0.0,0.0,4048.2219963312145,0.0,0.0,0.0,0.0,0.0,0.0,0.0,15450.164841926098,0.0,0.0,0.0,0.0,0.0,0.0,0.0
3750,0.0,347.24326688647267,0.0,0.0,0.0,0.0,0.0,0.0,0.0,0.0,0.0,0.0,0.0,117.7141752243042,0.0,0.0,4775.796874731779,0.0,439.7991124570369,0.0,0.0,3987.2926935106516,0.0,0.0,0.0,0.0,0.0,0.0,0.0,15574.510341703892,0.0,0.0,0.0,0.0,0.0,0.0,0.0
3751,0.0,339.9283065497875,0.0,0.0,0.0,0.0,0.0,0.0,0.0,0.0,0.0,0.0,0.0,106.13153384327887,0.0,0.0,4859.941062375901,0.0,457.26491608619676,0.0,0.0,3904.4569740235806,0.0,0.0,0.0,0.0,0.0,0.0,0.0,15607.929116880894,0.0,0.0,0.0,0.0,0.0,0.0,0.0
3752,0.0,332.7135619103908,0.0,0.0,0.0,0.0,0.0,0.0,0.0,0.0,0.0,0.0,0.0,95.44831964969624,0.0,0.0,4938.992921337485,0.0,489.0800572574138,0.0,0.0,3799.6627633541816,0.0,0.0,0.0,0.0,0.0,0.0,0.0,15565.079489290714,0.0,0.0,0.0,0.0,0.0,0.0,0.0
3753,0.0,330.1130599558353,0.0,0.0,0.0,0.0,0.0,0.0,0.0,0.0,0.0,0.0,0.0,85.99283410310746,0.0,0.0,4961.194509834051,0.0,516.9675364255905,0.0,0.0,3703.3236980527636,0.0,0.0,0.0,0.0,0.0,0.0,0.0,15552.282748293877,0.0,0.0,0.0,0.0,0.0,0.0,0.0
3754,0.0,306.454075294733,0.0,0.0,0.0,0.0,0.0,0.0,0.0,0.0,0.0,0.0,0.0,62.882933297753304,0.0,0.0,4457.41490213573,0.0,521.8194762468337,0.0,0.0,3604.6546009272333,0.0,0.0,0.0,0.0,0.0,0.0,0.0,15093.691638755798,0.0,0.0,0.0,0.0,0.0,0.0,0.0
3755,0.0,287.9203716516495,0.0,0.0,0.0,0.0,0.0,0.0,0.0,0.0,0.0,0.0,0.0,49.46077254712569,0.0,0.0,3916.6681696921573,0.0,525.9050675749778,0.0,0.0,3495.226969385147,0.0,0.0,0.0,0.0,0.0,0.0,0.0,14671.64218941927,0.0,0.0,0.0,0.0,0.0,0.0,0.0
3756,0.0,276.78669385313987,0.0,0.0,0.0,0.0,0.0,0.0,0.0,0.0,0.0,0.0,0.0,44.196933890133984,0.0,0.0,3360.273407012223,0.0,527.9049721479415,0.0,0.0,3389.8272410899394,0.0,0.0,0.0,0.0,0.0,0.0,0.0,14265.962211978436,0.0,0.0,0.0,0.0,0.0,0.0,0.0
3757,0.0,269.1877235770225,0.0,0.0,0.0,0.0,0.0,0.0,0.0,0.0,0.0,0.0,0.0,44.7760317727922,0.0,0.0,2857.904856249689,0.0,533.6294359207153,0.0,0.0,3296.9250938326118,0.0,0.0,0.0,0.0,0.0,0.0,0.0,13894.299839913845,0.0,0.0,0.0,0.0,0.0,0.0,0.0
3758,0.0,264.0226873397827,0.0,0.0,0.0,0.0,0.0,0.0,0.0,0.0,0.0,0.0,0.0,46.55334872007368,0.0,0.0,2491.6243459433313,0.0,565.6253599286078,0.0,0.0,3230.474984058738,0.0,0.0,0.0,0.0,0.0,0.0,0.0,13643.11950032711,0.0,0.0,0.0,0.0,0.0,0.0,0.0
3759,0.0,268.08557535409926,0.0,0.0,0.0,0.0,0.0,0.0,0.0,0.0,0.0,0.0,0.0,62.0436853706836,0.0,0.0,2463.903766840696,0.0,625.3329600214959,0.0,0.0,3570.683851084113,0.0,0.0,0.0,0.0,0.0,0.0,0.0,13922.697987985612,0.0,0.0,0.0,0.0,0.0,0.0,0.0
3760,0.0,271.3304373085499,0.0,0.0,0.0,0.0,0.0,0.0,0.0,0.0,0.0,0.0,0.0,73.99381366372096,0.0,0.0,2478.9668385237446,0.0,672.2828466415406,0.0,0.0,3846.9536899298423,0.0,0.0,0.0,0.0,0.0,0.0,0.0,13939.421840071678,0.0,0.0,0.0,0.0,0.0,0.0,0.0
3761,0.0,273.59463311433785,0.0,0.0,0.0,0.0,0.0,0.0,0.0,0.0,0.0,0.0,0.0,64.42643773406742,0.0,0.0,2429.150461301206,0.0,698.188294994831,0.0,0.0,4066.9013068109753,0.0,0.0,0.0,0.0,0.0,0.0,0.0,13904.604347980023,0.0,0.0,0.0,0.0,0.0,0.0,0.0
3762,0.0,273.40393711924554,0.0,0.0,0.0,0.0,0.0,0.0,0.0,0.0,0.0,0.0,0.0,63.72103794217109,0.0,0.0,2406.9834880381823,0.0,726.2751717925072,0.0,0.0,4217.563174876571,0.0,0.0,0.0,0.0,0.0,0.0,0.0,13866.069480013848,0.0,0.0,0.0,0.0,0.0,0.0,0.0
3763,0.0,283.406933838129,0.0,0.0,0.0,0.0,0.0,0.0,0.0,0.0,0.0,0.0,0.0,77.33659279942502,0.0,0.0,2654.7258812934156,0.0,735.1830022692681,0.0,0.0,4155.018653789162,0.0,0.0,0.0,0.0,0.0,0.0,0.0,14222.98674325943,0.0,0.0,0.0,0.0,0.0,0.0,0.0
3764,0.0,296.6700268685818,0.0,0.0,0.0,0.0,0.0,0.0,0.0,0.0,0.0,0.0,0.0,98.23409596085544,0.0,0.0,2876.016013160347,0.0,745.1551364898681,0.0,0.0,4051.333448651433,0.0,0.0,0.0,0.0,0.0,0.0,0.0,14535.31719275713,0.0,0.0,0.0,0.0,0.0,0.0,0.0
3765,0.0,308.4435196101665,0.0,0.0,0.0,0.0,0.0,0.0,0.0,0.0,0.0,0.0,0.0,115.45876997709262,0.0,0.0,3094.959309980273,0.0,746.6388066172599,0.0,0.0,3931.8106272518635,0.0,0.0,0.0,0.0,0.0,0.0,0.0,14848.843856203555,0.0,0.0,0.0,0.0,0.0,0.0,0.0
3766,0.0,319.3461289644241,0.0,0.0,0.0,0.0,0.0,0.0,0.0,0.0,0.0,0.0,0.0,137.1049215197562,0.0,0.0,3304.084715336559,0.0,738.0926603794097,0.0,0.0,3823.175921040773,0.0,0.0,0.0,0.0,0.0,0.0,0.0,15142.4760496974,0.0,0.0,0.0,0.0,0.0,0.0,0.0
3767,0.0,329.60303163528437,0.0,0.0,0.0,0.0,0.0,0.0,0.0,0.0,0.0,0.0,0.0,166.36858603358257,0.0,0.0,3528.5610044300556,0.0,715.8148438811301,0.0,0.0,3740.7985783964396,0.0,0.0,0.0,0.0,0.0,0.0,0.0,15412.25628670454,0.0,0.0,0.0,0.0,0.0,0.0,0.0
3768,0.0,368.9771674811839,0.0,0.0,0.0,0.0,0.0,0.0,0.0,0.0,0.0,0.0,0.0,198.58106793165206,0.0,0.0,4063.390865549444,0.0,701.5206986069679,0.0,0.0,3212.7411893516773,0.0,0.0,0.0,0.0,0.0,0.0,0.0,16196.15250005722,0.0,0.0,0.0,0.0,0.0,0.0,0.0
3769,0.0,405.1406134665012,0.0,0.0,0.0,0.0,0.0,0.0,0.0,0.0,0.0,0.0,0.0,235.65418239831922,0.0,0.0,4550.6228358745575,0.0,677.0480557560919,0.0,0.0,3054.902120867371,0.0,0.0,0.0,0.0,0.0,0.0,0.0,16784.549457204343,0.0,0.0,0.0,0.0,0.0,0.0,0.0
3770,0.0,434.56713495254513,0.0,0.0,0.0,0.0,0.0,0.0,0.0,0.0,0.0,0.0,0.0,271.34179521203043,0.0,0.0,4970.421608716249,0.0,648.6613859415053,0.0,0.0,2972.528411328792,0.0,0.0,0.0,0.0,0.0,0.0,0.0,17233.541926157475,0.0,0.0,0.0,0.0,0.0,0.0,0.0
3771,0.0,454.876553016901,0.0,0.0,0.0,0.0,0.0,0.0,0.0,0.0,0.0,0.0,0.0,300.3283593952655,0.0,0.0,5374.899834766983,0.0,623.3370273947714,0.0,0.0,2871.3094794809817,0.0,0.0,0.0,0.0,0.0,0.0,0.0,17498.107711791992,0.0,0.0,0.0,0.0,0.0,0.0,0.0
3772,0.0,456.6067888140678,0.0,0.0,0.0,0.0,0.0,0.0,0.0,0.0,0.0,0.0,0.0,323.6195377528667,0.0,0.0,5758.5373566150665,0.0,596.0730548620223,0.0,0.0,2824.364303469658,0.0,0.0,0.0,0.0,0.0,0.0,0.0,17829.738140392303,0.0,0.0,0.0,0.0,0.0,0.0,0.0
3773,0.0,459.1818440616131,0.0,0.0,0.0,0.0,0.0,0.0,0.0,0.0,0.0,0.0,0.0,337.24004683494564,0.0,0.0,6135.956582352519,0.0,564.0388341784476,0.0,0.0,2669.745983237028,0.0,0.0,0.0,0.0,0.0,0.0,0.0,18027.972633087636,0.0,0.0,0.0,0.0,0.0,0.0,0.0
3774,0.0,449.99336641430847,0.0,0.0,0.0,0.0,0.0,0.0,0.0,0.0,0.0,0.0,0.0,335.51299509406084,0.0,0.0,6308.148311391473,0.0,526.7405397891997,0.0,0.0,2621.729949304461,0.0,0.0,0.0,0.0,0.0,0.0,0.0,17563.118396103382,0.0,0.0,0.0,0.0,0.0,0.0,0.0
3775,0.0,447.22873740792267,0.0,0.0,0.0,0.0,0.0,0.0,0.0,0.0,0.0,0.0,0.0,324.8114211261272,0.0,0.0,6485.268627390264,0.0,486.3965333104133,0.0,0.0,2564.0216974943874,0.0,0.0,0.0,0.0,0.0,0.0,0.0,17016.609177458286,0.0,0.0,0.0,0.0,0.0,0.0,0.0
3776,0.0,436.4986999332905,0.0,0.0,0.0,0.0,0.0,0.0,0.0,0.0,0.0,0.0,0.0,310.3482006430625,0.0,0.0,6626.329593420029,0.0,452.65908872485153,0.0,0.0,2509.4818166613572,0.0,0.0,0.0,0.0,0.0,0.0,0.0,16412.817655551433,0.0,0.0,0.0,0.0,0.0,0.0,0.0
3777,0.0,422.1099478304386,0.0,0.0,0.0,0.0,0.0,0.0,0.0,0.0,0.0,0.0,0.0,287.35003890395154,0.0,0.0,6766.214808315039,0.0,425.93008399605736,0.0,0.0,2480.7360784113403,0.0,0.0,0.0,0.0,0.0,0.0,0.0,15819.099209749698,0.0,0.0,0.0,0.0,0.0,0.0,0.0
3778,0.0,416.3716733157635,0.0,0.0,0.0,0.0,0.0,0.0,0.0,0.0,0.0,0.0,0.0,242.03755537271496,0.0,0.0,6287.155144587159,0.0,389.0730313360691,0.0,0.0,2309.932272040844,0.0,0.0,0.0,0.0,0.0,0.0,0.0,14970.425190496444,0.0,0.0,0.0,0.0,0.0,0.0,0.0
3779,0.0,414.8310112774372,0.0,0.0,0.0,0.0,0.0,0.0,0.0,0.0,0.0,0.0,0.0,201.32604474425312,0.0,0.0,5782.545160219072,0.0,362.6760990977287,0.0,0.0,2161.7054931074376,0.0,0.0,0.0,0.0,0.0,0.0,0.0,14134.030083227157,0.0,0.0,0.0,0.0,0.0,0.0,0.0
3780,0.0,414.56896911263465,0.0,0.0,0.0,0.0,0.0,0.0,0.0,0.0,0.0,0.0,0.0,166.7757739961147,0.0,0.0,5202.612816601991,0.0,343.33106099367126,0.0,0.0,2027.675983187556,0.0,0.0,0.0,0.0,0.0,0.0,0.0,13300.300782859325,0.0,0.0,0.0,0.0,0.0,0.0,0.0
3781,0.0,406.6294001340866,0.0,0.0,0.0,0.0,0.0,0.0,0.0,0.0,0.0,0.0,0.0,139.08163480758657,0.0,0.0,4535.3960224688035,0.0,332.2273667156695,0.0,0.0,1895.5284220486874,0.0,0.0,0.0,0.0,0.0,0.0,0.0,12491.382435166835,0.0,0.0,0.0,0.0,0.0,0.0,0.0
3782,0.0,376.0844579994678,0.0,0.0,0.0,0.0,0.0,0.0,0.0,0.0,0.0,0.0,0.0,120.48237636685361,0.0,0.0,3818.9983712434755,0.0,329.34927668571464,0.0,0.0,1765.0160612583159,0.0,0.0,0.0,0.0,0.0,0.0,0.0,11724.435720062256,0.0,0.0,0.0,0.0,0.0,0.0,0.0
3783,0.0,366.4816507279873,0.0,0.0,0.0,0.0,0.0,0.0,0.0,0.0,0.0,0.0,0.0,119.16937228441235,0.0,0.0,3818.098764106629,0.0,349.38377351760846,0.0,0.0,1977.4222588688133,0.0,0.0,0.0,0.0,0.0,0.0,0.0,11258.508217358589,0.0,0.0,0.0,0.0,0.0,0.0,0.0
3784,0.0,370.3919146120548,0.0,0.0,0.0,0.0,0.0,0.0,0.0,0.0,0.0,0.0,0.0,125.8896325469016,0.0,0.0,3813.2312399744965,0.0,371.7517591238022,0.0,0.0,2207.190463364124,0.0,0.0,0.0,0.0,0.0,0.0,0.0,10978.16745067835,0.0,0.0,0.0,0.0,0.0,0.0,0.0
3785,0.0,372.32364792823785,0.0,0.0,0.0,0.0,0.0,0.0,0.0,0.0,0.0,0.0,0.0,133.56634962558743,0.0,0.0,3773.530289649961,0.0,384.33168354034416,0.0,0.0,2418.617236214876,0.0,0.0,0.0,0.0,0.0,0.0,0.0,10960.640095752478,0.0,0.0,0.0,0.0,0.0,0.0,0.0
3786,0.0,366.50718160271646,0.0,0.0,0.0,0.0,0.0,0.0,0.0,0.0,0.0,0.0,0.0,151.31978065967547,0.0,0.0,3718.378110304475,0.0,410.36221855878824,0.0,0.0,2614.191860380769,0.0,0.0,0.0,0.0,0.0,0.0,0.0,11104.099705839155,0.0,0.0,0.0,0.0,0.0,0.0,0.0
3787,0.0,330.7947904229164,0.0,0.0,0.0,0.0,0.0,0.0,0.0,0.0,0.0,0.0,0.0,189.65525851249686,0.0,0.0,3588.112818852067,0.0,447.3160207152366,0.0,0.0,2734.2036372631787,0.0,0.0,0.0,0.0,0.0,0.0,0.0,11588.24090387821,0.0,0.0,0.0,0.0,0.0,0.0,0.0
3788,0.0,300.32248502969736,0.0,0.0,0.0,0.0,0.0,0.0,0.0,0.0,0.0,0.0,0.0,230.0391626179218,0.0,0.0,3446.7302034050213,0.0,507.3045026183128,0.0,0.0,2882.1994112223388,0.0,0.0,0.0,0.0,0.0,0.0,0.0,12054.848961192367,0.0,0.0,0.0,0.0,0.0,0.0,0.0
3789,0.0,292.069868248701,0.0,0.0,0.0,0.0,0.0,0.0,0.0,0.0,0.0,0.0,0.0,268.88571023344986,0.0,0.0,3299.4536638110867,0.0,569.9507501006125,0.0,0.0,3027.991101023554,0.0,0.0,0.0,0.0,0.0,0.0,0.0,12536.209359574317,0.0,0.0,0.0,0.0,0.0,0.0,0.0
3790,0.0,288.1846302330494,0.0,0.0,0.0,0.0,0.0,0.0,0.0,0.0,0.0,0.0,0.0,303.34077467918394,0.0,0.0,3162.112085178493,0.0,629.0336282610892,0.0,0.0,3138.8671307265754,0.0,0.0,0.0,0.0,0.0,0.0,0.0,12869.812745642663,0.0,0.0,0.0,0.0,0.0,0.0,0.0
3791,0.0,282.29406825900077,0.0,0.0,0.0,0.0,0.0,0.0,0.0,0.0,0.0,0.0,0.0,329.2350058794021,0.0,0.0,3037.6878226846443,0.0,671.1600307941436,0.0,0.0,3165.1505315512413,0.0,0.0,0.0,0.0,0.0,0.0,0.0,12878.218065178395,0.0,0.0,0.0,0.0,0.0,0.0,0.0
3792,0.0,305.1505137205123,0.0,0.0,0.0,0.0,0.0,0.0,0.0,0.0,0.0,0.0,0.0,347.8342419028282,0.0,0.0,3443.940760090945,0.0,717.6108749747275,0.0,0.0,3490.372231820226,0.0,0.0,0.0,0.0,0.0,0.0,0.0,13430.586851787568,0.0,0.0,0.0,0.0,0.0,0.0,0.0
3793,0.0,318.2190951526165,0.0,0.0,0.0,0.0,0.0,0.0,0.0,0.0,0.0,0.0,0.0,358.0923118710517,0.0,0.0,3907.618814200163,0.0,740.4571540474892,0.0,0.0,3556.402112361788,0.0,0.0,0.0,0.0,0.0,0.0,0.0,13679.150563764571,0.0,0.0,0.0,0.0,0.0,0.0,0.0
3794,0.0,327.3994646430016,0.0,0.0,0.0,0.0,0.0,0.0,0.0,0.0,0.0,0.0,0.0,363.2556677520274,0.0,0.0,4401.52141228318,0.0,748.6422088742256,0.0,0.0,3481.7324035763736,0.0,0.0,0.0,0.0,0.0,0.0,0.0,13812.575428664684,0.0,0.0,0.0,0.0,0.0,0.0,0.0
3795,0.0,338.640316003561,0.0,0.0,0.0,0.0,0.0,0.0,0.0,0.0,0.0,0.0,0.0,367.4390958964824,0.0,0.0,4906.690296545623,0.0,750.7894904375077,0.0,0.0,3416.5905146330592,0.0,0.0,0.0,0.0,0.0,0.0,0.0,13950.85023959875,0.0,0.0,0.0,0.0,0.0,0.0,0.0
3796,0.0,348.2173118412494,0.0,0.0,0.0,0.0,0.0,0.0,0.0,0.0,0.0,0.0,0.0,368.89240990281104,0.0,0.0,5402.716480866074,0.0,754.2982010364532,0.0,0.0,3319.6147475481034,0.0,0.0,0.0,0.0,0.0,0.0,0.0,14169.400119125843,0.0,0.0,0.0,0.0,0.0,0.0,0.0
3797,0.0,350.5313068807125,0.0,0.0,0.0,0.0,0.0,0.0,0.0,0.0,0.0,0.0,0.0,366.8083177149295,0.0,0.0,5878.502865880727,0.0,735.7258546829223,0.0,0.0,2668.3793299555773,0.0,0.0,0.0,0.0,0.0,0.0,0.0,14349.391987490653,0.0,0.0,0.0,0.0,0.0,0.0,0.0
3798,0.0,324.8266538679599,0.0,0.0,0.0,0.0,0.0,0.0,0.0,0.0,0.0,0.0,0.0,354.217144113779,0.0,0.0,5943.72379989922,0.0,702.2607255458831,0.0,0.0,2660.6813843786717,0.0,0.0,0.0,0.0,0.0,0.0,0.0,13722.781274223327,0.0,0.0,0.0,0.0,0.0,0.0,0.0
3799,0.0,302.4364695131779,0.0,0.0,0.0,0.0,0.0,0.0,0.0,0.0,0.0,0.0,0.0,333.85507832765575,0.0,0.0,6007.000446811318,0.0,663.0244178056715,0.0,0.0,2634.1630427151913,0.0,0.0,0.0,0.0,0.0,0.0,0.0,13064.54538347721,0.0,0.0,0.0,0.0,0.0,0.0,0.0
3800,0.0,284.4002251446247,0.0,0.0,0.0,0.0,0.0,0.0,0.0,0.0,0.0,0.0,0.0,310.47084572911257,0.0,0.0,6073.79384587705,0.0,622.3938383698463,0.0,0.0,2560.4984931886197,0.0,0.0,0.0,0.0,0.0,0.0,0.0,12316.088635611533,0.0,0.0,0.0,0.0,0.0,0.0,0.0
3801,0.0,266.51621212363244,0.0,0.0,0.0,0.0,0.0,0.0,0.0,0.0,0.0,0.0,0.0,287.464972436428,0.0,0.0,6151.156559228895,0.0,578.5230993270874,0.0,0.0,2463.5295381769533,0.0,0.0,0.0,0.0,0.0,0.0,0.0,11598.068083524702,0.0,0.0,0.0,0.0,0.0,0.0,0.0
3802,0.0,227.5229071497917,0.0,0.0,0.0,0.0,0.0,0.0,0.0,0.0,0.0,0.0,0.0,248.68639409542072,0.0,0.0,5820.745987445114,0.0,526.8465373992918,0.0,0.0,2314.5169487446537,0.0,0.0,0.0,0.0,0.0,0.0,0.0,10577.725791031122,0.0,0.0,0.0,0.0,0.0,0.0,0.0
3803,0.0,198.10753788650035,0.0,0.0,0.0,0.0,0.0,0.0,0.0,0.0,0.0,0.0,0.0,215.12918762564655,0.0,0.0,5457.280201241374,0.0,487.6752628684044,0.0,0.0,2145.8297292351717,0.0,0.0,0.0,0.0,0.0,0.0,0.0,9610.25774616599,0.0,0.0,0.0,0.0,0.0,0.0,0.0
3804,0.0,175.77512064278125,0.0,0.0,0.0,0.0,0.0,0.0,0.0,0.0,0.0,0.0,0.0,185.62485090494144,0.0,0.0,5057.128101512788,0.0,457.3962274432182,0.0,0.0,1968.754728193581,0.0,0.0,0.0,0.0,0.0,0.0,0.0,8724.65007882714,0.0,0.0,0.0,0.0,0.0,0.0,0.0
3805,0.0,154.8671157896518,0.0,0.0,0.0,0.0,0.0,0.0,0.0,0.0,0.0,0.0,0.0,160.02850087881075,0.0,0.0,4669.578669339418,0.0,428.9447911918162,0.0,0.0,1811.689511235058,0.0,0.0,0.0,0.0,0.0,0.0,0.0,7933.344426596163,0.0,0.0,0.0,0.0,0.0,0.0,0.0
3806,0.0,136.5181462615728,0.0,0.0,0.0,0.0,0.0,0.0,0.0,0.0,0.0,0.0,0.0,138.31861693263042,0.0,0.0,4297.17904140055,0.0,396.76941820979107,0.0,0.0,1665.608535388112,0.0,0.0,0.0,0.0,0.0,0.0,0.0,7240.143505883217,0.0,0.0,0.0,0.0,0.0,0.0,0.0
3807,0.0,113.32275038212538,0.0,0.0,0.0,0.0,0.0,0.0,0.0,0.0,0.0,0.0,0.0,130.65373619198786,0.0,0.0,4273.31358808279,0.0,389.68397002220155,0.0,0.0,1734.177502714097,0.0,0.0,0.0,0.0,0.0,0.0,0.0,6641.797144085168,0.0,0.0,0.0,0.0,0.0,0.0,0.0
3808,0.0,89.69789573103186,0.0,0.0,0.0,0.0,0.0,0.0,0.0,0.0,0.0,0.0,0.0,126.19844215810295,0.0,0.0,4254.7753803133955,0.0,386.6793408989906,0.0,0.0,1807.0730448558922,0.0,0.0,0.0,0.0,0.0,0.0,0.0,6007.720942011476,0.0,0.0,0.0,0.0,0.0,0.0,0.0
3809,0.0,70.38186716884374,0.0,0.0,0.0,0.0,0.0,0.0,0.0,0.0,0.0,0.0,0.0,120.78980731368065,0.0,0.0,4231.802144363522,0.0,384.9181680798529,0.0,0.0,1879.75514203459,0.0,0.0,0.0,0.0,0.0,0.0,0.0,5380.97715536654,0.0,0.0,0.0,0.0,0.0,0.0,0.0
3810,0.0,56.175941379368304,0.0,0.0,0.0,0.0,0.0,0.0,0.0,0.0,0.0,0.0,0.0,120.67068174481392,0.0,0.0,4210.769306167958,0.0,380.2514869451523,0.0,0.0,1950.7275601968165,0.0,0.0,0.0,0.0,0.0,0.0,0.0,4756.127133065461,0.0,0.0,0.0,0.0,0.0,0.0,0.0
3811,0.0,56.77410031557077,0.0,0.0,0.0,0.0,0.0,0.0,0.0,0.0,0.0,0.0,0.0,131.80423721671102,0.0,0.0,4127.618459045885,0.0,366.3945225298404,0.0,0.0,1931.731261239946,0.0,0.0,0.0,0.0,0.0,0.0,0.0,4614.028270587323,0.0,0.0,0.0,0.0,0.0,0.0,0.0
3812,0.0,54.0431874945759,0.0,0.0,0.0,0.0,0.0,0.0,0.0,0.0,0.0,0.0,0.0,144.33524276614185,0.0,0.0,3993.040654003618,0.0,350.9930045723914,0.0,0.0,1921.8458832398053,0.0,0.0,0.0,0.0,0.0,0.0,0.0,4524.536424145102,0.0,0.0,0.0,0.0,0.0,0.0,0.0
3813,0.0,53.3705962389707,0.0,0.0,0.0,0.0,0.0,0.0,0.0,0.0,0.0,0.0,0.0,153.98378615975375,0.0,0.0,3851.69382059574,0.0,343.1048675477504,0.0,0.0,1916.80358659029,0.0,0.0,0.0,0.0,0.0,0.0,0.0,4483.104317316411,0.0,0.0,0.0,0.0,0.0,0.0,0.0
3814,0.0,53.88994613438837,0.0,0.0,0.0,0.0,0.0,0.0,0.0,0.0,0.0,0.0,0.0,167.67024695873255,0.0,0.0,3703.366767004131,0.0,347.8952422022819,0.0,0.0,1915.321884959936,0.0,0.0,0.0,0.0,0.0,0.0,0.0,4542.622831901907,0.0,0.0,0.0,0.0,0.0,0.0,0.0
3815,0.0,55.78111762404436,0.0,0.0,0.0,0.0,0.0,0.0,0.0,0.0,0.0,0.0,0.0,191.01800659894934,0.0,0.0,3550.827934041617,0.0,371.73323325514787,0.0,0.0,1914.8121904984114,0.0,0.0,0.0,0.0,0.0,0.0,0.0,4705.788511860371,0.0,0.0,0.0,0.0,0.0,0.0,0.0
3816,0.0,78.01639830619091,0.0,0.0,0.0,0.0,0.0,0.0,0.0,0.0,0.0,0.0,0.0,220.09152751564977,0.0,0.0,3758.427546575663,0.0,437.4112317323684,0.0,0.0,2253.854679197073,0.0,0.0,0.0,0.0,0.0,0.0,0.0,5352.18231844902,0.0,0.0,0.0,0.0,0.0,0.0,0.0
3817,0.0,101.61517499238245,0.0,0.0,0.0,0.0,0.0,0.0,0.0,0.0,0.0,0.0,0.0,257.960859888792,0.0,0.0,3987.172788515687,0.0,513.6481157422065,0.0,0.0,2502.7094047754995,0.0,0.0,0.0,0.0,0.0,0.0,0.0,6117.426562190056,0.0,0.0,0.0,0.0,0.0,0.0,0.0
3818,0.0,128.60809209644793,0.0,0.0,0.0,0.0,0.0,0.0,0.0,0.0,0.0,0.0,0.0,297.96196606159197,0.0,0.0,4256.346289619803,0.0,590.8667818665504,0.0,0.0,2683.213603511452,0.0,0.0,0.0,0.0,0.0,0.0,0.0,6945.698407626152,0.0,0.0,0.0,0.0,0.0,0.0,0.0
3819,0.0,158.31371373832218,0.0,0.0,0.0,0.0,0.0,0.0,0.0,0.0,0.0,0.0,0.0,333.44354140758514,0.0,0.0,4571.833417460321,0.0,661.5654093146325,0.0,0.0,2844.149289134145,0.0,0.0,0.0,0.0,0.0,0.0,0.0,7853.835976374148,0.0,0.0,0.0,0.0,0.0,0.0,0.0
3820,0.0,183.06592484414574,0.0,0.0,0.0,0.0,0.0,0.0,0.0,0.0,0.0,0.0,0.0,364.8857870578766,0.0,0.0,4950.02934680879,0.0,728.6777842879295,0.0,0.0,2907.4933962464333,0.0,0.0,0.0,0.0,0.0,0.0,0.0,8593.320396399497,0.0,0.0,0.0,0.0,0.0,0.0,0.0
3821,0.0,204.27582527697083,0.0,0.0,0.0,0.0,0.0,0.0,0.0,0.0,0.0,0.0,0.0,392.34851238727566,0.0,0.0,5368.279379650949,0.0,789.289209640026,0.0,0.0,2802.2414142519233,0.0,0.0,0.0,0.0,0.0,0.0,0.0,9376.39719596505,0.0,0.0,0.0,0.0,0.0,0.0,0.0
3822,0.0,198.48441287577148,0.0,0.0,0.0,0.0,0.0,0.0,0.0,0.0,0.0,0.0,0.0,417.96925244331356,0.0,0.0,5267.206398129461,0.0,819.6891226530074,0.0,0.0,2691.841018643975,0.0,0.0,0.0,0.0,0.0,0.0,0.0,9144.143651443717,0.0,0.0,0.0,0.0,0.0,0.0,0.0
3823,0.0,197.43658088743678,0.0,0.0,0.0,0.0,0.0,0.0,0.0,0.0,0.0,0.0,0.0,439.84423985481254,0.0,0.0,5152.271765783427,0.0,833.8665994167328,0.0,0.0,2578.9292386829848,0.0,0.0,0.0,0.0,0.0,0.0,0.0,8842.788139474393,0.0,0.0,0.0,0.0,0.0,0.0,0.0
3824,0.0,198.11547770798202,0.0,0.0,0.0,0.0,0.0,0.0,0.0,0.0,0.0,0.0,0.0,457.7872316360473,0.0,0.0,5036.33990356326,0.0,848.9922449588774,0.0,0.0,2467.4187778875225,0.0,0.0,0.0,0.0,0.0,0.0,0.0,8500.653592741488,0.0,0.0,0.0,0.0,0.0,0.0,0.0
3825,0.0,192.6294538468122,0.0,0.0,0.0,0.0,0.0,0.0,0.0,0.0,0.0,0.0,0.0,475.3458114385604,0.0,0.0,4918.699837908149,0.0,859.4889132142066,0.0,0.0,2361.894161581992,0.0,0.0,0.0,0.0,0.0,0.0,0.0,8259.446524226665,0.0,0.0,0.0,0.0,0.0,0.0,0.0
3826,0.0,172.69315128028384,0.0,0.0,0.0,0.0,0.0,0.0,0.0,0.0,0.0,0.0,0.0,479.71131294965744,0.0,0.0,4463.381946101785,0.0,844.7075820565223,0.0,0.0,2138.0927277714013,0.0,0.0,0.0,0.0,0.0,0.0,0.0,7565.486940616368,0.0,0.0,0.0,0.0,0.0,0.0,0.0
3827,0.0,160.67937372922893,0.0,0.0,0.0,0.0,0.0,0.0,0.0,0.0,0.0,0.0,0.0,480.9065140843391,0.0,0.0,4049.2783515155293,0.0,826.2302067160606,0.0,0.0,1909.0388826951375,0.0,0.0,0.0,0.0,0.0,0.0,0.0,6888.96647849679,0.0,0.0,0.0,0.0,0.0,0.0,0.0
3828,0.0,156.611042869091,0.0,0.0,0.0,0.0,0.0,0.0,0.0,0.0,0.0,0.0,0.0,478.4496220827102,0.0,0.0,3663.1761472523212,0.0,806.4145819067955,0.0,0.0,1669.5598406553263,0.0,0.0,0.0,0.0,0.0,0.0,0.0,6189.833667331934,0.0,0.0,0.0,0.0,0.0,0.0,0.0
3829,0.0,167.26206088364123,0.0,0.0,0.0,0.0,0.0,0.0,0.0,0.0,0.0,0.0,0.0,474.10008169412606,0.0,0.0,3321.440949007868,0.0,789.8898627638816,0.0,0.0,1423.5837458699932,0.0,0.0,0.0,0.0,0.0,0.0,0.0,5498.391991135477,0.0,0.0,0.0,0.0,0.0,0.0,0.0
3830,0.0,176.45996531546112,0.0,0.0,0.0,0.0,0.0,0.0,0.0,0.0,0.0,0.0,0.0,468.8928103089332,0.0,0.0,3018.021702811121,0.0,779.4985992908478,0.0,0.0,1199.4575275428583,0.0,0.0,0.0,0.0,0.0,0.0,0.0,4835.82253691852,0.0,0.0,0.0,0.0,0.0,0.0,0.0
3831,0.0,190.64170691370958,0.0,0.0,0.0,0.0,0.0,0.0,0.0,0.0,0.0,0.0,0.0,478.59775564670565,0.0,0.0,3013.9631639122954,0.0,795.7069855213165,0.0,0.0,1230.8728416256604,0.0,0.0,0.0,0.0,0.0,0.0,0.0,4309.572655177115,0.0,0.0,0.0,0.0,0.0,0.0,0.0
3832,0.0,183.75452900826932,0.0,0.0,0.0,0.0,0.0,0.0,0.0,0.0,0.0,0.0,0.0,491.1788862943649,0.0,0.0,2994.2266467660656,0.0,811.9875781774521,0.0,0.0,1308.4669734746215,0.0,0.0,0.0,0.0,0.0,0.0,0.0,3948.7629956364617,0.0,0.0,0.0,0.0,0.0,0.0,0.0
3833,0.0,180.11696853339666,0.0,0.0,0.0,0.0,0.0,0.0,0.0,0.0,0.0,0.0,0.0,493.7703269720077,0.0,0.0,3074.7790177613488,0.0,818.6228625774384,0.0,0.0,1358.6649901717901,0.0,0.0,0.0,0.0,0.0,0.0,0.0,3664.5898603260516,0.0,0.0,0.0,0.0,0.0,0.0,0.0
3834,0.0,182.35599819123738,0.0,0.0,0.0,0.0,0.0,0.0,0.0,0.0,0.0,0.0,0.0,493.8682009339332,0.0,0.0,3124.708964064717,0.0,826.3580796718596,0.0,0.0,1497.8309547320007,0.0,0.0,0.0,0.0,0.0,0.0,0.0,3368.054642170667,0.0,0.0,0.0,0.0,0.0,0.0,0.0
3835,0.0,175.9599810093641,0.0,0.0,0.0,0.0,0.0,0.0,0.0,0.0,0.0,0.0,0.0,504.3893604159355,0.0,0.0,3206.6124959737053,0.0,830.0729757785797,0.0,0.0,1544.0511747658247,0.0,0.0,0.0,0.0,0.0,0.0,0.0,3316.534271514414,0.0,0.0,0.0,0.0,0.0,0.0,0.0
3836,0.0,169.34599749147887,0.0,0.0,0.0,0.0,0.0,0.0,0.0,0.0,0.0,0.0,0.0,518.5099323630333,0.0,0.0,3280.8158886283622,0.0,835.2644280791282,0.0,0.0,1601.427602916955,0.0,0.0,0.0,0.0,0.0,0.0,0.0,3292.606376415489,0.0,0.0,0.0,0.0,0.0,0.0,0.0
3837,0.0,158.96295546591278,0.0,0.0,0.0,0.0,0.0,0.0,0.0,0.0,0.0,0.0,0.0,532.3965124607087,0.0,0.0,3348.454054966568,0.0,839.2979098439216,0.0,0.0,1651.5942840769887,0.0,0.0,0.0,0.0,0.0,0.0,0.0,3279.8729175955054,0.0,0.0,0.0,0.0,0.0,0.0,0.0
3838,0.0,146.55430506169796,0.0,0.0,0.0,0.0,0.0,0.0,0.0,0.0,0.0,0.0,0.0,543.4119287252427,0.0,0.0,3409.213513210416,0.0,840.4295588254929,0.0,0.0,1716.7709902837873,0.0,0.0,0.0,0.0,0.0,0.0,0.0,3282.3539405405522,0.0,0.0,0.0,0.0,0.0,0.0,0.0
3839,0.0,135.3446518689394,0.0,0.0,0.0,0.0,0.0,0.0,0.0,0.0,0.0,0.0,0.0,547.6482617139815,0.0,0.0,3464.7476269304743,0.0,837.6621793866158,0.0,0.0,1827.3799867138264,0.0,0.0,0.0,0.0,0.0,0.0,0.0,3306.2648398548363,0.0,0.0,0.0,0.0,0.0,0.0,0.0
3840,0.0,138.5354641199111,0.0,0.0,0.0,0.0,0.0,0.0,0.0,0.0,0.0,0.0,0.0,543.8019450306891,0.0,0.0,3587.588534191251,0.0,851.0836228609083,0.0,0.0,2522.879802408814,0.0,0.0,0.0,0.0,0.0,0.0,0.0,3764.5767845898854,0.0,0.0,0.0,0.0,0.0,0.0,0.0
3841,0.0,145.13004697859284,0.0,0.0,0.0,0.0,0.0,0.0,0.0,0.0,0.0,0.0,0.0,532.556706535816,0.0,0.0,3666.270904704927,0.0,860.6755766153334,0.0,0.0,3130.9021518766876,0.0,0.0,0.0,0.0,0.0,0.0,0.0,4238.252195414901,0.0,0.0,0.0,0.0,0.0,0.0,0.0
3842,0.0,157.64808736145497,0.0,0.0,0.0,0.0,0.0,0.0,0.0,0.0,0.0,0.0,0.0,517.4887791991234,0.0,0.0,3723.5808965861797,0.0,868.5311970353125,0.0,0.0,3501.920663979649,0.0,0.0,0.0,0.0,0.0,0.0,0.0,4728.110124504566,0.0,0.0,0.0,0.0,0.0,0.0,0.0
3843,0.0,176.07212046682832,0.0,0.0,0.0,0.0,0.0,0.0,0.0,0.0,0.0,0.0,0.0,502.3504166841506,0.0,0.0,3774.04757347703,0.0,875.4960936903954,0.0,0.0,3646.513731640577,0.0,0.0,0.0,0.0,0.0,0.0,0.0,5229.3946450591075,0.0,0.0,0.0,0.0,0.0,0.0,0.0
3844,0.0,196.65526598095892,0.0,0.0,0.0,0.0,0.0,0.0,0.0,0.0,0.0,0.0,0.0,486.57459563016886,0.0,0.0,3825.3321811109768,0.0,882.1467323303223,0.0,0.0,3714.5678576052187,0.0,0.0,0.0,0.0,0.0,0.0,0.0,5731.990733930466,0.0,0.0,0.0,0.0,0.0,0.0,0.0
3845,0.0,218.29895280897617,0.0,0.0,0.0,0.0,0.0,0.0,0.0,0.0,0.0,0.0,0.0,462.1278051018715,0.0,0.0,3932.8082029670463,0.0,878.1130727171897,0.0,0.0,3648.3517803937198,0.0,0.0,0.0,0.0,0.0,0.0,0.0,6224.301841807364,0.0,0.0,0.0,0.0,0.0,0.0,0.0
3846,0.0,220.4772975414991,0.0,0.0,0.0,0.0,0.0,0.0,0.0,0.0,0.0,0.0,0.0,442.31399939060213,0.0,0.0,3958.6043306589127,0.0,855.8125509142876,0.0,0.0,3587.5511500686407,0.0,0.0,0.0,0.0,0.0,0.0,0.0,6136.5153596282,0.0,0.0,0.0,0.0,0.0,0.0,0.0
3847,0.0,225.58204163610935,0.0,0.0,0.0,0.0,0.0,0.0,0.0,0.0,0.0,0.0,0.0,424.1024482727051,0.0,0.0,3985.5649303644886,0.0,825.878956246376,0.0,0.0,3534.1641747951508,0.0,0.0,0.0,0.0,0.0,0.0,0.0,5989.397316494583,0.0,0.0,0.0,0.0,0.0,0.0,0.0
3848,0.0,220.95877897739405,0.0,0.0,0.0,0.0,0.0,0.0,0.0,0.0,0.0,0.0,0.0,408.10626509189603,0.0,0.0,4008.2386862039552,0.0,797.1027392864228,0.0,0.0,3484.46419634521,0.0,0.0,0.0,0.0,0.0,0.0,0.0,5693.5234874904145,0.0,0.0,0.0,0.0,0.0,0.0,0.0
3849,0.0,216.60503538250921,0.0,0.0,0.0,0.0,0.0,0.0,0.0,0.0,0.0,0.0,0.0,394.11436848640443,0.0,0.0,4014.8964790999876,0.0,774.0506304025649,0.0,0.0,3429.449892452359,0.0,0.0,0.0,0.0,0.0,0.0,0.0,5385.260093095898,0.0,0.0,0.0,0.0,0.0,0.0,0.0
3850,0.0,191.9758073419332,0.0,0.0,0.0,0.0,0.0,0.0,0.0,0.0,0.0,0.0,0.0,364.65139169692986,0.0,0.0,3516.235647678373,0.0,729.6796632647513,0.0,0.0,3285.7669177830217,0.0,0.0,0.0,0.0,0.0,0.0,0.0,4691.434306088089,0.0,0.0,0.0,0.0,0.0,0.0,0.0
3851,0.0,168.72122051417819,0.0,0.0,0.0,0.0,0.0,0.0,0.0,0.0,0.0,0.0,0.0,338.2802322924137,0.0,0.0,3088.182113975286,0.0,692.5499098181724,0.0,0.0,3125.0156122773888,0.0,0.0,0.0,0.0,0.0,0.0,0.0,4074.289521640539,0.0,0.0,0.0,0.0,0.0,0.0,0.0
3852,0.0,150.17980149686335,0.0,0.0,0.0,0.0,0.0,0.0,0.0,0.0,0.0,0.0,0.0,315.1819548606872,0.0,0.0,2732.620269075035,0.0,644.603716802597,0.0,0.0,2948.7264217346906,0.0,0.0,0.0,0.0,0.0,0.0,0.0,3524.8798096209753,0.0,0.0,0.0,0.0,0.0,0.0,0.0
3853,0.0,135.1741561263799,0.0,0.0,0.0,0.0,0.0,0.0,0.0,0.0,0.0,0.0,0.0,294.20439949631685,0.0,0.0,2450.177465468644,0.0,584.352434337139,0.0,0.0,2759.973559141159,0.0,0.0,0.0,0.0,0.0,0.0,0.0,3042.865615949033,0.0,0.0,0.0,0.0,0.0,0.0,0.0
3854,0.0,120.86411486864087,0.0,0.0,0.0,0.0,0.0,0.0,0.0,0.0,0.0,0.0,0.0,278.53407428860663,0.0,0.0,2241.9750033616997,0.0,511.9638919711113,0.0,0.0,2546.1907172083856,0.0,0.0,0.0,0.0,0.0,0.0,0.0,2632.9641748934982,0.0,0.0,0.0,0.0,0.0,0.0,0.0
3855,0.0,114.13764119446277,0.0,0.0,0.0,0.0,0.0,0.0,0.0,0.0,0.0,0.0,0.0,280.80593383908274,0.0,0.0,2322.6880045980206,0.0,468.42498828768714,0.0,0.0,2641.7992254942656,0.0,0.0,0.0,0.0,0.0,0.0,0.0,2379.524480786919,0.0,0.0,0.0,0.0,0.0,0.0,0.0
3856,0.0,105.74026295095682,0.0,0.0,0.0,0.0,0.0,0.0,0.0,0.0,0.0,0.0,0.0,290.55344964265817,0.0,0.0,2396.765382245182,0.0,441.0863194525241,0.0,0.0,2742.062347769737,0.0,0.0,0.0,0.0,0.0,0.0,0.0,2105.1277185752983,0.0,0.0,0.0,0.0,0.0,0.0,0.0
3857,0.0,97.20516527742146,0.0,0.0,0.0,0.0,0.0,0.0,0.0,0.0,0.0,0.0,0.0,286.98934443593015,0.0,0.0,2465.0079538971177,0.0,392.2036363661289,0.0,0.0,2802.8835656940932,0.0,0.0,0.0,0.0,0.0,0.0,0.0,1838.6260407477596,0.0,0.0,0.0,0.0,0.0,0.0,0.0
3858,0.0,88.06543476730577,0.0,0.0,0.0,0.0,0.0,0.0,0.0,0.0,0.0,0.0,0.0,282.53433061838143,0.0,0.0,2520.477893307805,0.0,358.59406473636625,0.0,0.0,2876.803643658757,0.0,0.0,0.0,0.0,0.0,0.0,0.0,1627.5671437039957,0.0,0.0,0.0,0.0,0.0,0.0,0.0
3859,0.0,88.91939342916007,0.0,0.0,0.0,0.0,0.0,0.0,0.0,0.0,0.0,0.0,0.0,294.1022662460803,0.0,0.0,2505.8788213282814,0.0,320.38293410539615,0.0,0.0,2790.074748596549,0.0,0.0,0.0,0.0,0.0,0.0,0.0,1924.097299285233,0.0,0.0,0.0,0.0,0.0,0.0,0.0
3860,0.0,92.73656080216165,0.0,0.0,0.0,0.0,0.0,0.0,0.0,0.0,0.0,0.0,0.0,311.067863446474,0.0,0.0,2493.8249413520093,0.0,281.19022884964926,0.0,0.0,2712.0865004628895,0.0,0.0,0.0,0.0,0.0,0.0,0.0,2152.6969309151154,0.0,0.0,0.0,0.0,0.0,0.0,0.0
3861,0.0,101.61580625027418,0.0,0.0,0.0,0.0,0.0,0.0,0.0,0.0,0.0,0.0,0.0,325.1435111105442,0.0,0.0,2527.1971379667516,0.0,250.61406813263886,0.0,0.0,2684.3689311414955,0.0,0.0,0.0,0.0,0.0,0.0,0.0,2334.493064545093,0.0,0.0,0.0,0.0,0.0,0.0,0.0
3862,0.0,116.42357331365342,0.0,0.0,0.0,0.0,0.0,0.0,0.0,0.0,0.0,0.0,0.0,338.7919073224067,0.0,0.0,2583.968454584477,0.0,232.1028275042772,0.0,0.0,2687.8452078312635,0.0,0.0,0.0,0.0,0.0,0.0,0.0,2479.4499309360976,0.0,0.0,0.0,0.0,0.0,0.0,0.0
3863,0.0,131.96817965805528,0.0,0.0,0.0,0.0,0.0,0.0,0.0,0.0,0.0,0.0,0.0,351.01324019432064,0.0,0.0,2645.834433495997,0.0,229.30153831541526,0.0,0.0,2703.428809449076,0.0,0.0,0.0,0.0,0.0,0.0,0.0,2612.2531840533,0.0,0.0,0.0,0.0,0.0,0.0,0.0
3864,0.0,161.80355986654757,0.0,0.0,0.0,0.0,0.0,0.0,0.0,0.0,0.0,0.0,0.0,364.2361335039139,0.0,0.0,2835.8965685516578,0.0,260.35159075260157,0.0,0.0,2407.7768055394286,0.0,0.0,0.0,0.0,0.0,0.0,0.0,3296.2525146394955,0.0,0.0,0.0,0.0,0.0,0.0,0.0
3865,0.0,191.24671850502492,0.0,0.0,0.0,0.0,0.0,0.0,0.0,0.0,0.0,0.0,0.0,376.0646030724048,0.0,0.0,3039.0770992487646,0.0,296.7207461357115,0.0,0.0,2199.1625106811525,0.0,0.0,0.0,0.0,0.0,0.0,0.0,3961.0740911275147,0.0,0.0,0.0,0.0,0.0,0.0,0.0
3866,0.0,223.49824530780316,0.0,0.0,0.0,0.0,0.0,0.0,0.0,0.0,0.0,0.0,0.0,386.0709939360619,0.0,0.0,3259.430675134062,0.0,331.19664666652665,0.0,0.0,2037.550764629245,0.0,0.0,0.0,0.0,0.0,0.0,0.0,4591.666157349943,0.0,0.0,0.0,0.0,0.0,0.0,0.0
3867,0.0,250.38238264918323,0.0,0.0,0.0,0.0,0.0,0.0,0.0,0.0,0.0,0.0,0.0,395.12390948534005,0.0,0.0,3485.2487906962624,0.0,356.09740011096,0.0,0.0,1920.0670238345856,0.0,0.0,0.0,0.0,0.0,0.0,0.0,5199.449157360195,0.0,0.0,0.0,0.0,0.0,0.0,0.0
3868,0.0,287.0927224159241,0.0,0.0,0.0,0.0,0.0,0.0,0.0,0.0,0.0,0.0,0.0,401.69316676855084,0.0,0.0,3743.854144319892,0.0,384.75828242301924,0.0,0.0,1838.1062773168087,0.0,0.0,0.0,0.0,0.0,0.0,0.0,5625.443798407911,0.0,0.0,0.0,0.0,0.0,0.0,0.0
3869,0.0,315.4617606818676,0.0,0.0,0.0,0.0,0.0,0.0,0.0,0.0,0.0,0.0,0.0,393.29165332317353,0.0,0.0,4097.23678524792,0.0,386.6395325124264,0.0,0.0,1445.9037310749288,0.0,0.0,0.0,0.0,0.0,0.0,0.0,6062.01054072678,0.0,0.0,0.0,0.0,0.0,0.0,0.0
3870,0.0,312.4190976440906,0.0,0.0,0.0,0.0,0.0,0.0,0.0,0.0,0.0,0.0,0.0,380.80960717201225,0.0,0.0,4147.545943379401,0.0,373.0052935004234,0.0,0.0,1284.4754568636417,0.0,0.0,0.0,0.0,0.0,0.0,0.0,5708.28631531894,0.0,0.0,0.0,0.0,0.0,0.0,0.0
3871,0.0,303.6521319329739,0.0,0.0,0.0,0.0,0.0,0.0,0.0,0.0,0.0,0.0,0.0,367.26944171786306,0.0,0.0,4205.032122910023,0.0,345.3847646892071,0.0,0.0,1132.9918256901196,0.0,0.0,0.0,0.0,0.0,0.0,0.0,5279.539080384373,0.0,0.0,0.0,0.0,0.0,0.0,0.0
3872,0.0,291.04734268784523,0.0,0.0,0.0,0.0,0.0,0.0,0.0,0.0,0.0,0.0,0.0,362.6561392962932,0.0,0.0,4304.893182322381,0.0,319.63994302749614,0.0,0.0,986.5557137556373,0.0,0.0,0.0,0.0,0.0,0.0,0.0,4849.584783127904,0.0,0.0,0.0,0.0,0.0,0.0,0.0
3873,0.0,276.3173746526241,0.0,0.0,0.0,0.0,0.0,0.0,0.0,0.0,0.0,0.0,0.0,366.60907269120213,0.0,0.0,4446.9844377189875,0.0,295.7581716418265,0.0,0.0,850.3256014041596,0.0,0.0,0.0,0.0,0.0,0.0,0.0,4457.100405204296,0.0,0.0,0.0,0.0,0.0,0.0,0.0
3874,0.0,245.92918086647987,0.0,0.0,0.0,0.0,0.0,0.0,0.0,0.0,0.0,0.0,0.0,362.66979143619534,0.0,0.0,4322.139347329734,0.0,262.9327926218508,0.0,0.0,737.6037269085646,0.0,0.0,0.0,0.0,0.0,0.0,0.0,3837.648171782493,0.0,0.0,0.0,0.0,0.0,0.0,0.0
3875,0.0,224.57755602300162,0.0,0.0,0.0,0.0,0.0,0.0,0.0,0.0,0.0,0.0,0.0,363.6130668759346,0.0,0.0,4193.851402476428,0.0,235.76755555868135,0.0,0.0,639.9256350673734,0.0,0.0,0.0,0.0,0.0,0.0,0.0,3292.3000906795264,0.0,0.0,0.0,0.0,0.0,0.0,0.0
3876,0.0,212.67379970848552,0.0,0.0,0.0,0.0,0.0,0.0,0.0,0.0,0.0,0.0,0.0,368.11867655515664,0.0,0.0,4060.0919171124688,0.0,215.403461292386,0.0,0.0,587.8214110393073,0.0,0.0,0.0,0.0,0.0,0.0,0.0,2822.8123327061517,0.0,0.0,0.0,0.0,0.0,0.0,0.0
3877,0.0,211.0967491596937,0.0,0.0,0.0,0.0,0.0,0.0,0.0,0.0,0.0,0.0,0.0,376.77162251472475,0.0,0.0,3901.393517255781,0.0,200.19511627256858,0.0,0.0,549.2685957871369,0.0,0.0,0.0,0.0,0.0,0.0,0.0,2451.312143820523,0.0,0.0,0.0,0.0,0.0,0.0,0.0
3878,0.0,211.9275967687368,0.0,0.0,0.0,0.0,0.0,0.0,0.0,0.0,0.0,0.0,0.0,386.9158125638961,0.0,0.0,3717.238141208886,0.0,186.3620724588632,0.0,0.0,517.1386195264755,0.0,0.0,0.0,0.0,0.0,0.0,0.0,2140.6317318826896,0.0,0.0,0.0,0.0,0.0,0.0,0.0
3879,0.0,212.40830666720868,0.0,0.0,0.0,0.0,0.0,0.0,0.0,0.0,0.0,0.0,0.0,404.22959537506097,0.0,0.0,3722.369752347468,0.0,193.29132534265517,0.0,0.0,569.230354753509,0.0,0.0,0.0,0.0,0.0,0.0,0.0,2085.2249315366143,0.0,0.0,0.0,0.0,0.0,0.0,0.0
3880,0.0,212.7389735788106,0.0,0.0,0.0,0.0,0.0,0.0,0.0,0.0,0.0,0.0,0.0,418.64831750392915,0.0,0.0,3712.7576076090336,0.0,204.59792975485323,0.0,0.0,628.6407166097307,0.0,0.0,0.0,0.0,0.0,0.0,0.0,2078.6869786366806,0.0,0.0,0.0,0.0,0.0,0.0,0.0
3881,0.0,212.09176590442655,0.0,0.0,0.0,0.0,0.0,0.0,0.0,0.0,0.0,0.0,0.0,421.4625862121582,0.0,0.0,3713.5918736308813,0.0,222.24343430995935,0.0,0.0,650.0132559545334,0.0,0.0,0.0,0.0,0.0,0.0,0.0,2123.1517481863484,0.0,0.0,0.0,0.0,0.0,0.0,0.0
3882,0.0,211.34653089344494,0.0,0.0,0.0,0.0,0.0,0.0,0.0,0.0,0.0,0.0,0.0,431.8688794136047,0.0,0.0,3705.0267424732447,0.0,243.9546408206223,0.0,0.0,692.3977488979691,0.0,0.0,0.0,0.0,0.0,0.0,0.0,2149.77926094979,0.0,0.0,0.0,0.0,0.0,0.0,0.0
3883,0.0,222.69323718845837,0.0,0.0,0.0,0.0,0.0,0.0,0.0,0.0,0.0,0.0,0.0,456.34270521402357,0.0,0.0,3794.5257900655256,0.0,257.3361425220966,0.0,0.0,712.3309350013731,0.0,0.0,0.0,0.0,0.0,0.0,0.0,2371.2366852939126,0.0,0.0,0.0,0.0,0.0,0.0,0.0
3884,0.0,240.13471037149424,0.0,0.0,0.0,0.0,0.0,0.0,0.0,0.0,0.0,0.0,0.0,479.24705052375793,0.0,0.0,3841.5251095741987,0.0,265.68395822048177,0.0,0.0,740.2127509787673,0.0,0.0,0.0,0.0,0.0,0.0,0.0,2641.3752802282547,0.0,0.0,0.0,0.0,0.0,0.0,0.0
3885,0.0,258.4788683116436,0.0,0.0,0.0,0.0,0.0,0.0,0.0,0.0,0.0,0.0,0.0,497.0011092424392,0.0,0.0,3857.9078384190784,0.0,268.77579231262206,0.0,0.0,793.4842237651347,0.0,0.0,0.0,0.0,0.0,0.0,0.0,2896.538238413631,0.0,0.0,0.0,0.0,0.0,0.0,0.0
3886,0.0,277.32166387438775,0.0,0.0,0.0,0.0,0.0,0.0,0.0,0.0,0.0,0.0,0.0,510.4670061588287,0.0,0.0,3856.5391754209995,0.0,263.34875024557107,0.0,0.0,828.1655485421419,0.0,0.0,0.0,0.0,0.0,0.0,0.0,3130.181640344858,0.0,0.0,0.0,0.0,0.0,0.0,0.0
3887,0.0,298.65484195947647,0.0,0.0,0.0,0.0,0.0,0.0,0.0,0.0,0.0,0.0,0.0,520.3555492401123,0.0,0.0,3850.296376392244,0.0,244.2088009178638,0.0,0.0,838.7098810985678,0.0,0.0,0.0,0.0,0.0,0.0,0.0,3303.684373489022,0.0,0.0,0.0,0.0,0.0,0.0,0.0
3888,0.0,329.09109551310536,0.0,0.0,0.0,0.0,0.0,0.0,0.0,0.0,0.0,0.0,0.0,526.3177458524704,0.0,0.0,4263.376293510199,0.0,239.4580568015574,0.0,0.0,953.186318604648,0.0,0.0,0.0,0.0,0.0,0.0,0.0,3811.949460569023,0.0,0.0,0.0,0.0,0.0,0.0,0.0
3889,0.0,357.4156090557575,0.0,0.0,0.0,0.0,0.0,0.0,0.0,0.0,0.0,0.0,0.0,530.6791674137114,0.0,0.0,4684.2776976674795,0.0,219.28686870038493,0.0,0.0,771.0328412353986,0.0,0.0,0.0,0.0,0.0,0.0,0.0,4331.57315597534,0.0,0.0,0.0,0.0,0.0,0.0,0.0
3890,0.0,381.15292580723764,0.0,0.0,0.0,0.0,0.0,0.0,0.0,0.0,0.0,0.0,0.0,534.2455816030501,0.0,0.0,5118.633148550985,0.0,192.92713640630245,0.0,0.0,520.1306713398545,0.0,0.0,0.0,0.0,0.0,0.0,0.0,4848.445342332125,0.0,0.0,0.0,0.0,0.0,0.0,0.0
3891,0.0,401.4952534496784,0.0,0.0,0.0,0.0,0.0,0.0,0.0,0.0,0.0,0.0,0.0,536.4976242542267,0.0,0.0,5585.026359349487,0.0,167.89603495001788,0.0,0.0,371.5313098423176,0.0,0.0,0.0,0.0,0.0,0.0,0.0,5377.341142290829,0.0,0.0,0.0,0.0,0.0,0.0,0.0
3892,0.0,406.0629794418811,0.0,0.0,0.0,0.0,0.0,0.0,0.0,0.0,0.0,0.0,0.0,538.4004500985144,0.0,0.0,6029.522128984331,0.0,146.4321561962365,0.0,0.0,277.171833039075,0.0,0.0,0.0,0.0,0.0,0.0,0.0,5875.634043136237,0.0,0.0,0.0,0.0,0.0,0.0,0.0
3893,0.0,404.2474256336689,0.0,0.0,0.0,0.0,0.0,0.0,0.0,0.0,0.0,0.0,0.0,542.8264335036276,0.0,0.0,6453.305154100059,0.0,130.13285982310765,0.0,0.0,182.37941113337814,0.0,0.0,0.0,0.0,0.0,0.0,0.0,6432.614473181963,0.0,0.0,0.0,0.0,0.0,0.0,0.0
3894,0.0,381.75792337059977,0.0,0.0,0.0,0.0,0.0,0.0,0.0,0.0,0.0,0.0,0.0,538.019355881214,0.0,0.0,6385.405234366654,0.0,112.56302232593296,0.0,0.0,188.5522091902784,0.0,0.0,0.0,0.0,0.0,0.0,0.0,6304.601500046253,0.0,0.0,0.0,0.0,0.0,0.0,0.0
3895,0.0,353.6512919962406,0.0,0.0,0.0,0.0,0.0,0.0,0.0,0.0,0.0,0.0,0.0,515.3785484313964,0.0,0.0,6324.161162853241,0.0,93.71203208714722,0.0,0.0,187.34283911213245,0.0,0.0,0.0,0.0,0.0,0.0,0.0,6316.573764681816,0.0,0.0,0.0,0.0,0.0,0.0,0.0
3896,0.0,325.90400066971773,0.0,0.0,0.0,0.0,0.0,0.0,0.0,0.0,0.0,0.0,0.0,492.95599588155744,0.0,0.0,6260.905129507183,0.0,61.825870145857195,0.0,0.0,155.1918305751859,0.0,0.0,0.0,0.0,0.0,0.0,0.0,6316.004586702586,0.0,0.0,0.0,0.0,0.0,0.0,0.0
3897,0.0,301.8667943358421,0.0,0.0,0.0,0.0,0.0,0.0,0.0,0.0,0.0,0.0,0.0,472.37134865522387,0.0,0.0,6199.439364925027,0.0,36.68426558822385,0.0,0.0,145.76776239378327,0.0,0.0,0.0,0.0,0.0,0.0,0.0,6408.2562592804425,0.0,0.0,0.0,0.0,0.0,0.0,0.0
3898,0.0,269.319137442112,0.0,0.0,0.0,0.0,0.0,0.0,0.0,0.0,0.0,0.0,0.0,437.7206932067871,0.0,0.0,5745.550421074032,0.0,15.566350021213273,0.0,0.0,178.3833732515567,0.0,0.0,0.0,0.0,0.0,0.0,0.0,5852.810512426496,0.0,0.0,0.0,0.0,0.0,0.0,0.0
3899,0.0,245.37516088485717,0.0,0.0,0.0,0.0,0.0,0.0,0.0,0.0,0.0,0.0,0.0,406.00567376613617,0.0,0.0,5317.957386657594,0.0,14.31514341998826,0.0,0.0,185.16263505555645,0.0,0.0,0.0,0.0,0.0,0.0,0.0,5334.788398513197,0.0,0.0,0.0,0.0,0.0,0.0,0.0
3900,0.0,220.36205790638914,0.0,0.0,0.0,0.0,0.0,0.0,0.0,0.0,0.0,0.0,0.0,373.71394668817516,0.0,0.0,4954.679456159471,0.0,14.296731485426264,0.0,0.0,186.57958414480035,0.0,0.0,0.0,0.0,0.0,0.0,0.0,4844.989773863554,0.0,0.0,0.0,0.0,0.0,0.0,0.0
3901,0.0,194.47236216366292,0.0,0.0,0.0,0.0,0.0,0.0,0.0,0.0,0.0,0.0,0.0,341.3599891662597,0.0,0.0,4667.846351921558,0.0,14.357252719439552,0.0,0.0,186.90652581788532,0.0,0.0,0.0,0.0,0.0,0.0,0.0,4386.1227540344,0.0,0.0,0.0,0.0,0.0,0.0,0.0
3902,0.0,171.6374916940927,0.0,0.0,0.0,0.0,0.0,0.0,0.0,0.0,0.0,0.0,0.0,311.1907102882862,0.0,0.0,4435.916508495806,0.0,14.320242665335483,0.0,0.0,187.01532976627303,0.0,0.0,0.0,0.0,0.0,0.0,0.0,3974.417951744793,0.0,0.0,0.0,0.0,0.0,0.0,0.0
3903,0.0,152.62589777112004,0.0,0.0,0.0,0.0,0.0,0.0,0.0,0.0,0.0,0.0,0.0,296.4029544532298,0.0,0.0,4584.597104191778,0.0,14.793655491806511,0.0,0.0,200.1018145401022,0.0,0.0,0.0,0.0,0.0,0.0,0.0,3709.9595650047045,0.0,0.0,0.0,0.0,0.0,0.0,0.0
3904,0.0,136.15745953023435,0.0,0.0,0.0,0.0,0.0,0.0,0.0,0.0,0.0,0.0,0.0,288.4340053617954,0.0,0.0,4721.266991719602,0.0,16.818394917994667,0.0,0.0,203.79289860762583,0.0,0.0,0.0,0.0,0.0,0.0,0.0,3455.4791502982375,0.0,0.0,0.0,0.0,0.0,0.0,0.0
3905,0.0,117.7576526999473,0.0,0.0,0.0,0.0,0.0,0.0,0.0,0.0,0.0,0.0,0.0,276.2788932144641,0.0,0.0,4847.234938055275,0.0,19.838693220913218,0.0,0.0,204.32749498151196,0.0,0.0,0.0,0.0,0.0,0.0,0.0,3263.4492038339363,0.0,0.0,0.0,0.0,0.0,0.0,0.0
3906,0.0,100.89805199950925,0.0,0.0,0.0,0.0,0.0,0.0,0.0,0.0,0.0,0.0,0.0,269.59192265272134,0.0,0.0,4979.255494102836,0.0,24.80915043428524,0.0,0.0,205.46779820546504,0.0,0.0,0.0,0.0,0.0,0.0,0.0,3138.2607854604707,0.0,0.0,0.0,0.0,0.0,0.0,0.0
3907,0.0,94.25586528182029,0.0,0.0,0.0,0.0,0.0,0.0,0.0,0.0,0.0,0.0,0.0,280.0173153996467,0.0,0.0,5152.555299550293,0.0,22.892501115053893,0.0,0.0,220.09112455844794,0.0,0.0,0.0,0.0,0.0,0.0,0.0,3413.094556304812,0.0,0.0,0.0,0.0,0.0,0.0,0.0
3908,0.0,87.19606639891857,0.0,0.0,0.0,0.0,0.0,0.0,0.0,0.0,0.0,0.0,0.0,293.7113756656646,0.0,0.0,5268.657126456498,0.0,24.833823186159112,0.0,0.0,239.2617747467006,0.0,0.0,0.0,0.0,0.0,0.0,0.0,3620.5660771459343,0.0,0.0,0.0,0.0,0.0,0.0,0.0
3909,0.0,81.15564380139107,0.0,0.0,0.0,0.0,0.0,0.0,0.0,0.0,0.0,0.0,0.0,304.04880290031423,0.0,0.0,5394.262585178016,0.0,28.174015073478177,0.0,0.0,265.7677789885541,0.0,0.0,0.0,0.0,0.0,0.0,0.0,3795.7351204097267,0.0,0.0,0.0,0.0,0.0,0.0,0.0
3910,0.0,76.27190309464926,0.0,0.0,0.0,0.0,0.0,0.0,0.0,0.0,0.0,0.0,0.0,310.81791047453873,0.0,0.0,5530.127376824616,0.0,34.41755145490165,0.0,0.0,352.3925628639757,0.0,0.0,0.0,0.0,0.0,0.0,0.0,3909.4542770504936,0.0,0.0,0.0,0.0,0.0,0.0,0.0
3911,0.0,72.32347616404289,0.0,0.0,0.0,0.0,0.0,0.0,0.0,0.0,0.0,0.0,0.0,311.8298501253128,0.0,0.0,5677.258843585849,0.0,43.41690713316198,0.0,0.0,496.0082872319957,0.0,0.0,0.0,0.0,0.0,0.0,0.0,3933.3055103123174,0.0,0.0,0.0,0.0,0.0,0.0,0.0
3912,0.0,84.87822770029304,0.0,0.0,0.0,0.0,0.0,0.0,0.0,0.0,0.0,0.0,0.0,309.4226572930812,0.0,0.0,6205.165269061922,0.0,73.07884587347505,0.0,0.0,1123.0560383476309,0.0,0.0,0.0,0.0,0.0,0.0,0.0,4177.363169685004,0.0,0.0,0.0,0.0,0.0,0.0,0.0
3913,0.0,92.2877224132418,0.0,0.0,0.0,0.0,0.0,0.0,0.0,0.0,0.0,0.0,0.0,301.9633656740188,0.0,0.0,6676.068961471319,0.0,100.50374892204995,0.0,0.0,1696.9589077055455,0.0,0.0,0.0,0.0,0.0,0.0,0.0,4380.344187256694,0.0,0.0,0.0,0.0,0.0,0.0,0.0
3914,0.0,96.60920171588651,0.0,0.0,0.0,0.0,0.0,0.0,0.0,0.0,0.0,0.0,0.0,291.5733250200748,0.0,0.0,7100.317930966614,0.0,123.27823654860245,0.0,0.0,2046.8665019229054,0.0,0.0,0.0,0.0,0.0,0.0,0.0,4574.2711525768045,0.0,0.0,0.0,0.0,0.0,0.0,0.0
3915,0.0,101.26401324123137,0.0,0.0,0.0,0.0,0.0,0.0,0.0,0.0,0.0,0.0,0.0,279.70239707231514,0.0,0.0,7469.762040257454,0.0,145.3569592416286,0.0,0.0,2144.492140799761,0.0,0.0,0.0,0.0,0.0,0.0,0.0,4772.711041137575,0.0,0.0,0.0,0.0,0.0,0.0,0.0
3916,0.0,103.69685309976339,0.0,0.0,0.0,0.0,0.0,0.0,0.0,0.0,0.0,0.0,0.0,267.7112675249575,0.0,0.0,7767.5596169531345,0.0,153.9003784716128,0.0,0.0,2068.3504186660048,0.0,0.0,0.0,0.0,0.0,0.0,0.0,4950.944749823213,0.0,0.0,0.0,0.0,0.0,0.0,0.0
3917,0.0,105.71952262222767,0.0,0.0,0.0,0.0,0.0,0.0,0.0,0.0,0.0,0.0,0.0,217.39721381664265,0.0,0.0,8019.085571914909,0.0,175.00873839557164,0.0,0.0,1967.6009143576025,0.0,0.0,0.0,0.0,0.0,0.0,0.0,5132.760952943562,0.0,0.0,0.0,0.0,0.0,0.0,0.0
3918,0.0,109.20942486226558,0.0,0.0,0.0,0.0,0.0,0.0,0.0,0.0,0.0,0.0,0.0,180.05094446539877,0.0,0.0,7904.7176181674,0.0,160.64825569093213,0.0,0.0,1804.1388578206302,0.0,0.0,0.0,0.0,0.0,0.0,0.0,5048.181611487268,0.0,0.0,0.0,0.0,0.0,0.0,0.0
3919,0.0,111.92015145868059,0.0,0.0,0.0,0.0,0.0,0.0,0.0,0.0,0.0,0.0,0.0,150.2631857335567,0.0,0.0,7803.837937444447,0.0,136.03740985989552,0.0,0.0,1636.8446316093202,0.0,0.0,0.0,0.0,0.0,0.0,0.0,5016.570898506044,0.0,0.0,0.0,0.0,0.0,0.0,0.0
3920,0.0,115.62498999685042,0.0,0.0,0.0,0.0,0.0,0.0,0.0,0.0,0.0,0.0,0.0,118.85756996273994,0.0,0.0,7695.134436070917,0.0,119.51153470277772,0.0,0.0,1471.9886734977365,0.0,0.0,0.0,0.0,0.0,0.0,0.0,4954.491444626449,0.0,0.0,0.0,0.0,0.0,0.0,0.0
3921,0.0,120.28198286890981,0.0,0.0,0.0,0.0,0.0,0.0,0.0,0.0,0.0,0.0,0.0,91.43759443759917,0.0,0.0,7584.080210298298,0.0,101.57850866615763,0.0,0.0,1307.0794298350809,0.0,0.0,0.0,0.0,0.0,0.0,0.0,4902.474941703676,0.0,0.0,0.0,0.0,0.0,0.0,0.0
3922,0.0,109.43604644536971,0.0,0.0,0.0,0.0,0.0,0.0,0.0,0.0,0.0,0.0,0.0,51.33982483744609,0.0,0.0,7186.256276726723,0.0,75.47013535797582,0.0,0.0,1049.5158470034598,0.0,0.0,0.0,0.0,0.0,0.0,0.0,4479.587636345625,0.0,0.0,0.0,0.0,0.0,0.0,0.0
3923,0.0,102.45613675564522,0.0,0.0,0.0,0.0,0.0,0.0,0.0,0.0,0.0,0.0,0.0,25.273697727918577,0.0,0.0,6756.794797569513,0.0,59.777405565977,0.0,0.0,851.4592060893774,0.0,0.0,0.0,0.0,0.0,0.0,0.0,4085.3599248528467,0.0,0.0,0.0,0.0,0.0,0.0,0.0
3924,0.0,97.8746984392404,0.0,0.0,0.0,0.0,0.0,0.0,0.0,0.0,0.0,0.0,0.0,23.64835891276598,0.0,0.0,6283.870975688099,0.0,52.490759034454705,0.0,0.0,711.9079052500424,0.0,0.0,0.0,0.0,0.0,0.0,0.0,3709.911470550299,0.0,0.0,0.0,0.0,0.0,0.0,0.0
3925,0.0,97.72020157724616,0.0,0.0,0.0,0.0,0.0,0.0,0.0,0.0,0.0,0.0,0.0,24.263164763152503,0.0,0.0,5786.183649092911,0.0,55.36152764111757,0.0,0.0,674.6859042048454,0.0,0.0,0.0,0.0,0.0,0.0,0.0,3356.6381758540856,0.0,0.0,0.0,0.0,0.0,0.0,0.0
3926,0.0,103.05290692448615,0.0,0.0,0.0,0.0,0.0,0.0,0.0,0.0,0.0,0.0,0.0,26.033324985206043,0.0,0.0,5291.77699097991,0.0,61.37648444473735,0.0,0.0,681.947044504433,0.0,0.0,0.0,0.0,0.0,0.0,0.0,3025.619595500827,0.0,0.0,0.0,0.0,0.0,0.0,0.0
3927,0.0,124.71257159113877,0.0,0.0,0.0,0.0,0.0,0.0,0.0,0.0,0.0,0.0,0.0,31.74532763957975,0.0,0.0,5228.855830848216,0.0,76.67370176166283,0.0,0.0,856.7593775577835,0.0,0.0,0.0,0.0,0.0,0.0,0.0,3001.6137729212637,0.0,0.0,0.0,0.0,0.0,0.0,0.0
3928,0.0,148.25151905715464,0.0,0.0,0.0,0.0,0.0,0.0,0.0,0.0,0.0,0.0,0.0,33.5047667846083,0.0,0.0,5160.470519974826,0.0,84.00367659479366,0.0,0.0,1029.986919604987,0.0,0.0,0.0,0.0,0.0,0.0,0.0,3118.2151615083217,0.0,0.0,0.0,0.0,0.0,0.0,0.0
3929,0.0,168.39223695695395,0.0,0.0,0.0,0.0,0.0,0.0,0.0,0.0,0.0,0.0,0.0,25.442146976292133,0.0,0.0,5086.114664718507,0.0,75.68399798572047,0.0,0.0,1143.6394746914502,0.0,0.0,0.0,0.0,0.0,0.0,0.0,3238.789766770601,0.0,0.0,0.0,0.0,0.0,0.0,0.0
3930,0.0,186.509759286046,0.0,0.0,0.0,0.0,0.0,0.0,0.0,0.0,0.0,0.0,0.0,23.425239457189985,0.0,0.0,4998.582462474702,0.0,58.057211968302546,0.0,0.0,1271.4805944755672,0.0,0.0,0.0,0.0,0.0,0.0,0.0,3353.95103381872,0.0,0.0,0.0,0.0,0.0,0.0,0.0
3931,0.0,192.990070438385,0.0,0.0,0.0,0.0,0.0,0.0,0.0,0.0,0.0,0.0,0.0,23.28960354179135,0.0,0.0,5169.541266903279,0.0,23.76596432812506,0.0,0.0,1205.9850832387806,0.0,0.0,0.0,0.0,0.0,0.0,0.0,3431.6785427778946,0.0,0.0,0.0,0.0,0.0,0.0,0.0
3932,0.0,204.1053014785051,0.0,0.0,0.0,0.0,0.0,0.0,0.0,0.0,0.0,0.0,0.0,23.246857940778114,0.0,0.0,5343.483593314886,0.0,14.08754200804971,0.0,0.0,1134.4131269372997,0.0,0.0,0.0,0.0,0.0,0.0,0.0,3506.6219975680115,0.0,0.0,0.0,0.0,0.0,0.0,0.0
3933,0.0,218.76319389045238,0.0,0.0,0.0,0.0,0.0,0.0,0.0,0.0,0.0,0.0,0.0,23.10003578923641,0.0,0.0,5548.783820897339,0.0,13.645319334044927,0.0,0.0,1059.2851926885542,0.0,0.0,0.0,0.0,0.0,0.0,0.0,3590.8599768817426,0.0,0.0,0.0,0.0,0.0,0.0,0.0
3934,0.0,234.52084977328772,0.0,0.0,0.0,0.0,0.0,0.0,0.0,0.0,0.0,0.0,0.0,23.302951646968694,0.0,0.0,5795.749510541556,0.0,13.600516373291487,0.0,0.0,972.9585127092894,0.0,0.0,0.0,0.0,0.0,0.0,0.0,3722.9866531252846,0.0,0.0,0.0,0.0,0.0,0.0,0.0
3935,0.0,246.88807563185685,0.0,0.0,0.0,0.0,0.0,0.0,0.0,0.0,0.0,0.0,0.0,24.819380179792546,0.0,0.0,6053.49026119709,0.0,13.766672110371168,0.0,0.0,868.8061507232479,0.0,0.0,0.0,0.0,0.0,0.0,0.0,3956.4031432509405,0.0,0.0,0.0,0.0,0.0,0.0,0.0
3936,0.0,291.342041927576,0.0,0.0,0.0,0.0,0.0,0.0,0.0,0.0,0.0,0.0,0.0,32.213860562443685,0.0,0.0,6382.758141338825,0.0,14.893003241345196,0.0,0.0,766.8708158344028,0.0,0.0,0.0,0.0,0.0,0.0,0.0,5040.746498125791,0.0,0.0,0.0,0.0,0.0,0.0,0.0
3937,0.0,326.81054311394684,0.0,0.0,0.0,0.0,0.0,0.0,0.0,0.0,0.0,0.0,0.0,49.699427196383354,0.0,0.0,6716.280194789171,0.0,21.56211958266783,0.0,0.0,731.1718429975211,0.0,0.0,0.0,0.0,0.0,0.0,0.0,6217.669146448374,0.0,0.0,0.0,0.0,0.0,0.0,0.0
3938,0.0,354.4175268530845,0.0,0.0,0.0,0.0,0.0,0.0,0.0,0.0,0.0,0.0,0.0,69.14214241355656,0.0,0.0,7074.370507478714,0.0,35.5029228165745,0.0,0.0,813.1212360598145,0.0,0.0,0.0,0.0,0.0,0.0,0.0,7443.180934995413,0.0,0.0,0.0,0.0,0.0,0.0,0.0
3939,0.0,380.88443078398706,0.0,0.0,0.0,0.0,0.0,0.0,0.0,0.0,0.0,0.0,0.0,79.77027728408567,0.0,0.0,7465.008474141359,0.0,53.59819841086865,0.0,0.0,978.0986004553733,0.0,0.0,0.0,0.0,0.0,0.0,0.0,8560.031078475713,0.0,0.0,0.0,0.0,0.0,0.0,0.0
3940,0.0,403.75044330954546,0.0,0.0,0.0,0.0,0.0,0.0,0.0,0.0,0.0,0.0,0.0,90.33573896884917,0.0,0.0,7846.332998305557,0.0,75.0493758291006,0.0,0.0,1122.8349487245075,0.0,0.0,0.0,0.0,0.0,0.0,0.0,9720.09680133462,0.0,0.0,0.0,0.0,0.0,0.0,0.0
3941,0.0,423.7172145903111,0.0,0.0,0.0,0.0,0.0,0.0,0.0,0.0,0.0,0.0,0.0,96.14991410374637,0.0,0.0,8074.532953083515,0.0,93.41654448211186,0.0,0.0,1206.8257687725124,0.0,0.0,0.0,0.0,0.0,0.0,0.0,10810.501503914595,0.0,0.0,0.0,0.0,0.0,0.0,0.0
3942,0.0,408.1210485041141,0.0,0.0,0.0,0.0,0.0,0.0,0.0,0.0,0.0,0.0,0.0,100.19321166276923,0.0,0.0,7962.091006487606,0.0,103.94275038242336,0.0,0.0,1165.6844792045645,0.0,0.0,0.0,0.0,0.0,0.0,0.0,10740.646659368276,0.0,0.0,0.0,0.0,0.0,0.0,0.0
3943,0.0,382.0302901089191,0.0,0.0,0.0,0.0,0.0,0.0,0.0,0.0,0.0,0.0,0.0,99.76983840465537,0.0,0.0,7752.527271151543,0.0,105.70723562687618,0.0,0.0,1106.7920619875183,0.0,0.0,0.0,0.0,0.0,0.0,0.0,10665.319172167778,0.0,0.0,0.0,0.0,0.0,0.0,0.0
3944,0.0,364.007905358076,0.0,0.0,0.0,0.0,0.0,0.0,0.0,0.0,0.0,0.0,0.0,112.41987985372543,0.0,0.0,7527.571813881395,0.0,131.6027467042207,0.0,0.0,1047.5853054329746,0.0,0.0,0.0,0.0,0.0,0.0,0.0,10512.561059820651,0.0,0.0,0.0,0.0,0.0,0.0,0.0
3945,0.0,350.4023619353771,0.0,0.0,0.0,0.0,0.0,0.0,0.0,0.0,0.0,0.0,0.0,136.8269469141959,0.0,0.0,7348.740182965994,0.0,188.38872838616354,0.0,0.0,996.4731085002417,0.0,0.0,0.0,0.0,0.0,0.0,0.0,10207.18224785328,0.0,0.0,0.0,0.0,0.0,0.0,0.0
3946,0.0,327.3506193101406,0.0,0.0,0.0,0.0,0.0,0.0,0.0,0.0,0.0,0.0,0.0,153.67644488215436,0.0,0.0,6948.9420142769795,0.0,231.3041106134653,0.0,0.0,865.0925111241637,0.0,0.0,0.0,0.0,0.0,0.0,0.0,9243.0569483757,0.0,0.0,0.0,0.0,0.0,0.0,0.0
3947,0.0,302.79087172150605,0.0,0.0,0.0,0.0,0.0,0.0,0.0,0.0,0.0,0.0,0.0,184.3027229785919,0.0,0.0,6597.392813920975,0.0,273.33374882936465,0.0,0.0,767.2030179418621,0.0,0.0,0.0,0.0,0.0,0.0,0.0,8344.843471407889,0.0,0.0,0.0,0.0,0.0,0.0,0.0
3948,0.0,280.7446247220039,0.0,0.0,0.0,0.0,0.0,0.0,0.0,0.0,0.0,0.0,0.0,222.10301004648198,0.0,0.0,6306.609683707355,0.0,305.66272349357587,0.0,0.0,663.1041685760022,0.0,0.0,0.0,0.0,0.0,0.0,0.0,7602.5645104527475,0.0,0.0,0.0,0.0,0.0,0.0,0.0
3949,0.0,264.7124979078769,0.0,0.0,0.0,0.0,0.0,0.0,0.0,0.0,0.0,0.0,0.0,257.02796366214744,0.0,0.0,6067.187781363725,0.0,334.62040504217134,0.0,0.0,580.5743868693703,0.0,0.0,0.0,0.0,0.0,0.0,0.0,6871.547607302665,0.0,0.0,0.0,0.0,0.0,0.0,0.0
3950,0.0,250.22737376689912,0.0,0.0,0.0,0.0,0.0,0.0,0.0,0.0,0.0,0.0,0.0,284.80132561326013,0.0,0.0,5794.455134168266,0.0,372.6140271544456,0.0,0.0,517.3872223567217,0.0,0.0,0.0,0.0,0.0,0.0,0.0,6216.624086499214,0.0,0.0,0.0,0.0,0.0,0.0,0.0
3951,0.0,239.28113747835158,0.0,0.0,0.0,0.0,0.0,0.0,0.0,0.0,0.0,0.0,0.0,322.09520571827886,0.0,0.0,5784.4206057935935,0.0,426.23900656104075,0.0,0.0,527.1135006006806,0.0,0.0,0.0,0.0,0.0,0.0,0.0,5830.772042322158,0.0,0.0,0.0,0.0,0.0,0.0,0.0
3952,0.0,221.84746383726596,0.0,0.0,0.0,0.0,0.0,0.0,0.0,0.0,0.0,0.0,0.0,363.05254453420633,0.0,0.0,5749.039169892668,0.0,466.7570079982279,0.0,0.0,536.8879553407425,0.0,0.0,0.0,0.0,0.0,0.0,0.0,5565.487009546161,0.0,0.0,0.0,0.0,0.0,0.0,0.0
3953,0.0,186.62520934045315,0.0,0.0,0.0,0.0,0.0,0.0,0.0,0.0,0.0,0.0,0.0,394.1459320545196,0.0,0.0,5717.799893960357,0.0,481.5568650245666,0.0,0.0,591.1124750252804,0.0,0.0,0.0,0.0,0.0,0.0,0.0,5247.525892758367,0.0,0.0,0.0,0.0,0.0,0.0,0.0
3954,0.0,156.28231181502343,0.0,0.0,0.0,0.0,0.0,0.0,0.0,0.0,0.0,0.0,0.0,423.05089724063873,0.0,0.0,5754.033486902713,0.0,476.177160257101,0.0,0.0,647.8108369700604,0.0,0.0,0.0,0.0,0.0,0.0,0.0,4905.396408599614,0.0,0.0,0.0,0.0,0.0,0.0,0.0
3955,0.0,145.3147249817848,0.0,0.0,0.0,0.0,0.0,0.0,0.0,0.0,0.0,0.0,0.0,451.42901087999337,0.0,0.0,5883.6737594753495,0.0,440.8493958234786,0.0,0.0,747.1560702145092,0.0,0.0,0.0,0.0,0.0,0.0,0.0,4959.641167372464,0.0,0.0,0.0,0.0,0.0,0.0,0.0
3956,0.0,134.97509947121137,0.0,0.0,0.0,0.0,0.0,0.0,0.0,0.0,0.0,0.0,0.0,475.70359165668486,0.0,0.0,6003.1040938943615,0.0,404.31424865722647,0.0,0.0,824.8031091660255,0.0,0.0,0.0,0.0,0.0,0.0,0.0,5018.457068988679,0.0,0.0,0.0,0.0,0.0,0.0,0.0
3957,0.0,126.53480270504951,0.0,0.0,0.0,0.0,0.0,0.0,0.0,0.0,0.0,0.0,0.0,500.0871205449104,0.0,0.0,6113.109750345349,0.0,356.57705708146085,0.0,0.0,886.6322868682444,0.0,0.0,0.0,0.0,0.0,0.0,0.0,5072.77848959863,0.0,0.0,0.0,0.0,0.0,0.0,0.0
3958,0.0,118.50141477584833,0.0,0.0,0.0,0.0,0.0,0.0,0.0,0.0,0.0,0.0,0.0,519.3934880971908,0.0,0.0,6222.79259057343,0.0,301.286290848255,0.0,0.0,941.0890604071312,0.0,0.0,0.0,0.0,0.0,0.0,0.0,5117.404357489942,0.0,0.0,0.0,0.0,0.0,0.0,0.0
3959,0.0,112.20361430793997,0.0,0.0,0.0,0.0,0.0,0.0,0.0,0.0,0.0,0.0,0.0,530.2890166044235,0.0,0.0,6335.487345054744,0.0,241.4613701343535,0.0,0.0,987.7592557266355,0.0,0.0,0.0,0.0,0.0,0.0,0.0,5150.694398638605,0.0,0.0,0.0,0.0,0.0,0.0,0.0
3960,0.0,124.07163441181176,0.0,0.0,0.0,0.0,0.0,0.0,0.0,0.0,0.0,0.0,0.0,533.3313589930533,0.0,0.0,6711.304157733917,0.0,203.5040142625569,0.0,0.0,781.9849899128074,0.0,0.0,0.0,0.0,0.0,0.0,0.0,5475.182981565595,0.0,0.0,0.0,0.0,0.0,0.0,0.0
3961,0.0,134.80714278817175,0.0,0.0,0.0,0.0,0.0,0.0,0.0,0.0,0.0,0.0,0.0,526.5884572505951,0.0,0.0,7040.194770723581,0.0,164.36144741773592,0.0,0.0,709.6708960711951,0.0,0.0,0.0,0.0,0.0,0.0,0.0,5761.382231372594,0.0,0.0,0.0,0.0,0.0,0.0,0.0
3962,0.0,145.8922978967428,0.0,0.0,0.0,0.0,0.0,0.0,0.0,0.0,0.0,0.0,0.0,513.525623512268,0.0,0.0,7335.116560488939,0.0,125.06126248240454,0.0,0.0,614.1528748255216,0.0,0.0,0.0,0.0,0.0,0.0,0.0,5956.450083938241,0.0,0.0,0.0,0.0,0.0,0.0,0.0
3963,0.0,153.61841754019258,0.0,0.0,0.0,0.0,0.0,0.0,0.0,0.0,0.0,0.0,0.0,497.6428719043732,0.0,0.0,7583.244777470827,0.0,86.7170049592851,0.0,0.0,466.0677113268521,0.0,0.0,0.0,0.0,0.0,0.0,0.0,6094.781668025255,0.0,0.0,0.0,0.0,0.0,0.0,0.0
3964,0.0,159.2287290662526,0.0,0.0,0.0,0.0,0.0,0.0,0.0,0.0,0.0,0.0,0.0,477.87107622623444,0.0,0.0,7785.505865335463,0.0,46.104669798910514,0.0,0.0,294.8075338907533,0.0,0.0,0.0,0.0,0.0,0.0,0.0,6079.3885497152805,0.0,0.0,0.0,0.0,0.0,0.0,0.0
3965,0.0,163.96355603635303,0.0,0.0,0.0,0.0,0.0,0.0,0.0,0.0,0.0,0.0,0.0,447.3268230557441,0.0,0.0,7954.984382361172,0.0,15.62851172089565,0.0,0.0,0.0,0.0,0.0,0.0,0.0,0.0,0.0,0.0,6063.742302697895,0.0,0.0,0.0,0.0,0.0,0.0,0.0
3966,0.0,159.407753804326,0.0,0.0,0.0,0.0,0.0,0.0,0.0,0.0,0.0,0.0,0.0,410.60314956903454,0.0,0.0,7846.988743066786,0.0,13.831672899425014,0.0,0.0,97.4332451124675,0.0,0.0,0.0,0.0,0.0,0.0,0.0,5702.478457933665,0.0,0.0,0.0,0.0,0.0,0.0,0.0
3967,0.0,157.45047558546057,0.0,0.0,0.0,0.0,0.0,0.0,0.0,0.0,0.0,0.0,0.0,376.48849192857745,0.0,0.0,7767.99133503437,0.0,13.808714716695077,0.0,0.0,104.43478865241532,0.0,0.0,0.0,0.0,0.0,0.0,0.0,5408.806848683953,0.0,0.0,0.0,0.0,0.0,0.0,0.0
3968,0.0,155.25113100707526,0.0,0.0,0.0,0.0,0.0,0.0,0.0,0.0,0.0,0.0,0.0,344.7656264305115,0.0,0.0,7736.8103993833065,0.0,13.808413671329596,0.0,0.0,138.72774956216966,0.0,0.0,0.0,0.0,0.0,0.0,0.0,5165.518338969349,0.0,0.0,0.0,0.0,0.0,0.0,0.0
3969,0.0,153.20255886912344,0.0,0.0,0.0,0.0,0.0,0.0,0.0,0.0,0.0,0.0,0.0,319.01177240610116,0.0,0.0,7726.56117877364,0.0,13.808404408395214,0.0,0.0,177.03617222383602,0.0,0.0,0.0,0.0,0.0,0.0,0.0,4920.517955967782,0.0,0.0,0.0,0.0,0.0,0.0,0.0
3970,0.0,133.769733569026,0.0,0.0,0.0,0.0,0.0,0.0,0.0,0.0,0.0,0.0,0.0,283.686512941122,0.0,0.0,7429.288664609192,0.0,13.61371698100103,0.0,0.0,230.25496497675772,0.0,0.0,0.0,0.0,0.0,0.0,0.0,4539.1401425004005,0.0,0.0,0.0,0.0,0.0,0.0,0.0
3971,0.0,119.3567551910877,0.0,0.0,0.0,0.0,0.0,0.0,0.0,0.0,0.0,0.0,0.0,257.8900884509086,0.0,0.0,7146.7614620625955,0.0,13.611345669813302,0.0,0.0,255.5412674959747,0.0,0.0,0.0,0.0,0.0,0.0,0.0,4138.350250074267,0.0,0.0,0.0,0.0,0.0,0.0,0.0
3972,0.0,107.0466862276196,0.0,0.0,0.0,0.0,0.0,0.0,0.0,0.0,0.0,0.0,0.0,239.74668594598762,0.0,0.0,6883.744805306196,0.0,13.611322512477448,0.0,0.0,272.16306692808786,0.0,0.0,0.0,0.0,0.0,0.0,0.0,3727.2207731753588,0.0,0.0,0.0,0.0,0.0,0.0,0.0
3973,0.0,97.88096192032097,0.0,0.0,0.0,0.0,0.0,0.0,0.0,0.0,0.0,0.0,0.0,225.2586270868778,0.0,0.0,6641.714314520359,0.0,13.61286479104298,0.0,0.0,283.3734688729041,0.0,0.0,0.0,0.0,0.0,0.0,0.0,3299.5063033670185,0.0,0.0,0.0,0.0,0.0,0.0,0.0
3974,0.0,91.75148286223406,0.0,0.0,0.0,0.0,0.0,0.0,0.0,0.0,0.0,0.0,0.0,214.1163064479828,0.0,0.0,6393.876632139086,0.0,13.780024630203837,0.0,0.0,287.58548732288097,0.0,0.0,0.0,0.0,0.0,0.0,0.0,2859.2851057380426,0.0,0.0,0.0,0.0,0.0,0.0,0.0
3975,0.0,80.47143038660283,0.0,0.0,0.0,0.0,0.0,0.0,0.0,0.0,0.0,0.0,0.0,216.00393335819237,0.0,0.0,6491.379188448189,0.0,14.04772343225769,0.0,0.0,347.85716015696494,0.0,0.0,0.0,0.0,0.0,0.0,0.0,2258.9491522997605,0.0,0.0,0.0,0.0,0.0,0.0,0.0
3976,0.0,69.32514847218985,0.0,0.0,0.0,0.0,0.0,0.0,0.0,0.0,0.0,0.0,0.0,215.38236868977543,0.0,0.0,6572.693094581366,0.0,14.318452140129983,0.0,0.0,395.39903594367166,0.0,0.0,0.0,0.0,0.0,0.0,0.0,1793.1279636532051,0.0,0.0,0.0,0.0,0.0,0.0,0.0
3977,0.0,59.94222235232591,0.0,0.0,0.0,0.0,0.0,0.0,0.0,0.0,0.0,0.0,0.0,205.3184998512268,0.0,0.0,6658.687447011469,0.0,14.068288999050763,0.0,0.0,435.83364859744904,0.0,0.0,0.0,0.0,0.0,0.0,0.0,1675.27503441423,0.0,0.0,0.0,0.0,0.0,0.0,0.0
3978,0.0,51.64144760817287,0.0,0.0,0.0,0.0,0.0,0.0,0.0,0.0,0.0,0.0,0.0,200.18412954807278,0.0,0.0,6721.137995541094,0.0,14.163189613818924,0.0,0.0,472.1663713194423,0.0,0.0,0.0,0.0,0.0,0.0,0.0,1697.6317234650255,0.0,0.0,0.0,0.0,0.0,0.0,0.0
3979,0.0,51.574513229727664,0.0,0.0,0.0,0.0,0.0,0.0,0.0,0.0,0.0,0.0,0.0,210.37205576300622,0.0,0.0,6755.745450377464,0.0,14.252764967642685,0.0,0.0,485.2395347055042,0.0,0.0,0.0,0.0,0.0,0.0,0.0,1973.6309712007628,0.0,0.0,0.0,0.0,0.0,0.0,0.0
3980,0.0,50.609088452160265,0.0,0.0,0.0,0.0,0.0,0.0,0.0,0.0,0.0,0.0,0.0,226.40170798301693,0.0,0.0,6809.639424324036,0.0,15.37534183133385,0.0,0.0,497.498125505447,0.0,0.0,0.0,0.0,0.0,0.0,0.0,2196.188782197236,0.0,0.0,0.0,0.0,0.0,0.0,0.0
3981,0.0,49.25327976644037,0.0,0.0,0.0,0.0,0.0,0.0,0.0,0.0,0.0,0.0,0.0,239.66804603338238,0.0,0.0,6902.179556310175,0.0,16.78587090298516,0.0,0.0,506.4155078910289,0.0,0.0,0.0,0.0,0.0,0.0,0.0,2387.971024140715,0.0,0.0,0.0,0.0,0.0,0.0,0.0
3982,0.0,48.30125869810576,0.0,0.0,0.0,0.0,0.0,0.0,0.0,0.0,0.0,0.0,0.0,253.28483384251587,0.0,0.0,7019.855015069246,0.0,19.64539060220109,0.0,0.0,527.2441410284488,0.0,0.0,0.0,0.0,0.0,0.0,0.0,2531.6698408558946,0.0,0.0,0.0,0.0,0.0,0.0,0.0
3983,0.0,49.23197831958527,0.0,0.0,0.0,0.0,0.0,0.0,0.0,0.0,0.0,0.0,0.0,267.67775365114204,0.0,0.0,7137.19365593791,0.0,23.413079876825165,0.0,0.0,555.7921399287874,0.0,0.0,0.0,0.0,0.0,0.0,0.0,2612.575199930368,0.0,0.0,0.0,0.0,0.0,0.0,0.0
3984,0.0,59.806312528252604,0.0,0.0,0.0,0.0,0.0,0.0,0.0,0.0,0.0,0.0,0.0,279.2191247701644,0.0,0.0,7426.633792877197,0.0,49.027170041203384,0.0,0.0,826.7456853993237,0.0,0.0,0.0,0.0,0.0,0.0,0.0,3112.048222970962,0.0,0.0,0.0,0.0,0.0,0.0,0.0
3985,0.0,65.79986773431295,0.0,0.0,0.0,0.0,0.0,0.0,0.0,0.0,0.0,0.0,0.0,291.09608297348024,0.0,0.0,7649.796258836983,0.0,72.46812949776637,0.0,0.0,1053.332575978338,0.0,0.0,0.0,0.0,0.0,0.0,0.0,3571.957409849763,0.0,0.0,0.0,0.0,0.0,0.0,0.0
3986,0.0,71.05898243933913,0.0,0.0,0.0,0.0,0.0,0.0,0.0,0.0,0.0,0.0,0.0,302.0433282077312,0.0,0.0,7826.533084720371,0.0,92.34550473242989,0.0,0.0,1196.745111338049,0.0,0.0,0.0,0.0,0.0,0.0,0.0,3935.1497337520104,0.0,0.0,0.0,0.0,0.0,0.0,0.0
3987,0.0,75.12449368089429,0.0,0.0,0.0,0.0,0.0,0.0,0.0,0.0,0.0,0.0,0.0,309.2775052309035,0.0,0.0,7968.914485782385,0.0,111.28673077225682,0.0,0.0,1241.9046915605659,0.0,0.0,0.0,0.0,0.0,0.0,0.0,4230.426179006695,0.0,0.0,0.0,0.0,0.0,0.0,0.0
3988,0.0,84.55011387616393,0.0,0.0,0.0,0.0,0.0,0.0,0.0,0.0,0.0,0.0,0.0,316.78627184629437,0.0,0.0,8084.800064712761,0.0,118.34733947515484,0.0,0.0,1209.6395334899419,0.0,0.0,0.0,0.0,0.0,0.0,0.0,4466.3793803930275,0.0,0.0,0.0,0.0,0.0,0.0,0.0
3989,0.0,92.76648242622612,0.0,0.0,0.0,0.0,0.0,0.0,0.0,0.0,0.0,0.0,0.0,313.54206160902964,0.0,0.0,8196.258783102034,0.0,118.52362423092121,0.0,0.0,1099.787888230383,0.0,0.0,0.0,0.0,0.0,0.0,0.0,4673.027509710193,0.0,0.0,0.0,0.0,0.0,0.0,0.0
3990,0.0,85.83661745935679,0.0,0.0,0.0,0.0,0.0,0.0,0.0,0.0,0.0,0.0,0.0,297.06439951062197,0.0,0.0,7992.739878773689,0.0,113.82238864600656,0.0,0.0,1016.3365086972707,0.0,0.0,0.0,0.0,0.0,0.0,0.0,4154.521919965742,0.0,0.0,0.0,0.0,0.0,0.0,0.0
3991,0.0,79.84046708196396,0.0,0.0,0.0,0.0,0.0,0.0,0.0,0.0,0.0,0.0,0.0,279.57421491146084,0.0,0.0,7800.805020689964,0.0,111.82781211286782,0.0,0.0,941.6035990096623,0.0,0.0,0.0,0.0,0.0,0.0,0.0,3732.0443215012538,0.0,0.0,0.0,0.0,0.0,0.0,0.0
3992,0.0,73.5897654667496,0.0,0.0,0.0,0.0,0.0,0.0,0.0,0.0,0.0,0.0,0.0,262.7648663401604,0.0,0.0,7621.038389533756,0.0,111.27458521276705,0.0,0.0,870.9605067461727,0.0,0.0,0.0,0.0,0.0,0.0,0.0,3394.906173840165,0.0,0.0,0.0,0.0,0.0,0.0,0.0
3993,0.0,68.22372268885373,0.0,0.0,0.0,0.0,0.0,0.0,0.0,0.0,0.0,0.0,0.0,252.11440383195867,0.0,0.0,7453.489769011736,0.0,97.00270803272707,0.0,0.0,806.3798569522799,0.0,0.0,0.0,0.0,0.0,0.0,0.0,3114.6012067914007,0.0,0.0,0.0,0.0,0.0,0.0,0.0
3994,0.0,53.42778820395463,0.0,0.0,0.0,0.0,0.0,0.0,0.0,0.0,0.0,0.0,0.0,226.84281333088867,0.0,0.0,6998.321228325365,0.0,66.41606167405837,0.0,0.0,668.7777173504232,0.0,0.0,0.0,0.0,0.0,0.0,0.0,2703.0327323913557,0.0,0.0,0.0,0.0,0.0,0.0,0.0
3995,0.0,43.95697695761913,0.0,0.0,0.0,0.0,0.0,0.0,0.0,0.0,0.0,0.0,0.0,208.28673062324523,0.0,0.0,6554.286346912384,0.0,41.57237531542764,0.0,0.0,552.4161142509423,0.0,0.0,0.0,0.0,0.0,0.0,0.0,2346.954590810834,0.0,0.0,0.0,0.0,0.0,0.0,0.0
3996,0.0,38.30720830634234,0.0,0.0,0.0,0.0,0.0,0.0,0.0,0.0,0.0,0.0,0.0,192.48053411841383,0.0,0.0,6136.336572051048,0.0,23.018002759665148,0.0,0.0,451.8628733430054,0.0,0.0,0.0,0.0,0.0,0.0,0.0,2056.7253511756658,0.0,0.0,0.0,0.0,0.0,0.0,0.0
3997,0.0,35.03615967035291,0.0,0.0,0.0,0.0,0.0,0.0,0.0,0.0,0.0,0.0,0.0,172.6076139688492,0.0,0.0,5734.060886085032,0.0,22.015823663771126,0.0,0.0,358.364821052178,0.0,0.0,0.0,0.0,0.0,0.0,0.0,1870.3184781402333,0.0,0.0,0.0,0.0,0.0,0.0,0.0
3998,0.0,32.78977936506268,0.0,0.0,0.0,0.0,0.0,0.0,0.0,0.0,0.0,0.0,0.0,151.29283505678166,0.0,0.0,5295.289853781461,0.0,18.63238498866543,0.0,0.0,274.8748397704207,0.0,0.0,0.0,0.0,0.0,0.0,0.0,1798.2198284089557,0.0,0.0,0.0,0.0,0.0,0.0,0.0
3999,0.0,27.295998045802033,0.0,0.0,0.0,0.0,0.0,0.0,0.0,0.0,0.0,0.0,0.0,145.18384991884224,0.0,0.0,5237.40307098627,0.0,27.73436286374921,0.0,0.0,302.9911802932613,0.0,0.0,0.0,0.0,0.0,0.0,0.0,1902.1439889103171,0.0,0.0,0.0,0.0,0.0,0.0,0.0
4000,0.0,26.81417117156083,0.0,0.0,0.0,0.0,0.0,0.0,0.0,0.0,0.0,0.0,0.0,141.6660364508629,0.0,0.0,5178.099786162376,0.0,36.94367221146822,0.0,0.0,324.15636769607585,0.0,0.0,0.0,0.0,0.0,0.0,0.0,1998.6122433349483,0.0,0.0,0.0,0.0,0.0,0.0,0.0
4001,0.0,31.123125265538693,0.0,0.0,0.0,0.0,0.0,0.0,0.0,0.0,0.0,0.0,0.0,131.1918636441231,0.0,0.0,5123.580015465616,0.0,29.06233047544947,0.0,0.0,328.9089998513458,0.0,0.0,0.0,0.0,0.0,0.0,0.0,1970.6122305586932,0.0,0.0,0.0,0.0,0.0,0.0,0.0
4002,0.0,39.57096556350582,0.0,0.0,0.0,0.0,0.0,0.0,0.0,0.0,0.0,0.0,0.0,114.46308287382121,0.0,0.0,5094.634290456772,0.0,25.77205468863234,0.0,0.0,337.9386679116633,0.0,0.0,0.0,0.0,0.0,0.0,0.0,1863.765879936515,0.0,0.0,0.0,0.0,0.0,0.0,0.0
4003,0.0,47.89622259289026,0.0,0.0,0.0,0.0,0.0,0.0,0.0,0.0,0.0,0.0,0.0,103.27830385565747,0.0,0.0,5197.8876427561045,0.0,19.70378784537296,0.0,0.0,308.8941824030125,0.0,0.0,0.0,0.0,0.0,0.0,0.0,1991.1973802700618,0.0,0.0,0.0,0.0,0.0,0.0,0.0
4004,0.0,58.83678457438944,0.0,0.0,0.0,0.0,0.0,0.0,0.0,0.0,0.0,0.0,0.0,92.47491608411072,0.0,0.0,5292.530747413633,0.0,26.059854058176107,0.0,0.0,297.21355817690403,0.0,0.0,0.0,0.0,0.0,0.0,0.0,2080.9902690678814,0.0,0.0,0.0,0.0,0.0,0.0,0.0
4005,0.0,70.95129685699933,0.0,0.0,0.0,0.0,0.0,0.0,0.0,0.0,0.0,0.0,0.0,87.72388733327388,0.0,0.0,5392.739125967024,0.0,33.49202128797765,0.0,0.0,290.74905200377094,0.0,0.0,0.0,0.0,0.0,0.0,0.0,2153.228501200675,0.0,0.0,0.0,0.0,0.0,0.0,0.0
4006,0.0,83.29377039223907,0.0,0.0,0.0,0.0,0.0,0.0,0.0,0.0,0.0,0.0,0.0,84.90655866265294,0.0,0.0,5504.151950001715,0.0,41.319526849686994,0.0,0.0,286.3090940125281,0.0,0.0,0.0,0.0,0.0,0.0,0.0,2235.9448153704398,0.0,0.0,0.0,0.0,0.0,0.0,0.0
4007,0.0,96.03613878786562,0.0,0.0,0.0,0.0,0.0,0.0,0.0,0.0,0.0,0.0,0.0,81.69931456446642,0.0,0.0,5650.2710184156895,0.0,45.162985074520094,0.0,0.0,279.79735746458164,0.0,0.0,0.0,0.0,0.0,0.0,0.0,2416.9806588470924,0.0,0.0,0.0,0.0,0.0,0.0,0.0
4008,0.0,130.51693179309365,0.0,0.0,0.0,0.0,0.0,0.0,0.0,0.0,0.0,0.0,0.0,76.77316181212663,0.0,0.0,5947.0923677384835,0.0,61.496828487515316,0.0,0.0,503.14317710660384,0.0,0.0,0.0,0.0,0.0,0.0,0.0,3035.2276380091903,0.0,0.0,0.0,0.0,0.0,0.0,0.0
4009,0.0,164.60164554119106,0.0,0.0,0.0,0.0,0.0,0.0,0.0,0.0,0.0,0.0,0.0,68.11018971204754,0.0,0.0,6173.962553039192,0.0,70.55178400278086,0.0,0.0,659.2670033812517,0.0,0.0,0.0,0.0,0.0,0.0,0.0,3751.3490015655757,0.0,0.0,0.0,0.0,0.0,0.0,0.0
4010,0.0,197.256840723753,0.0,0.0,0.0,0.0,0.0,0.0,0.0,0.0,0.0,0.0,0.0,56.38420086204995,0.0,0.0,6361.870764911175,0.0,75.1810725241898,0.0,0.0,791.0950782828032,0.0,0.0,0.0,0.0,0.0,0.0,0.0,4412.449224442242,0.0,0.0,0.0,0.0,0.0,0.0,0.0
4011,0.0,231.09101522862912,0.0,0.0,0.0,0.0,0.0,0.0,0.0,0.0,0.0,0.0,0.0,42.2156726911663,0.0,0.0,6541.319247066975,0.0,79.30349327921861,0.0,0.0,878.4067840598524,0.0,0.0,0.0,0.0,0.0,0.0,0.0,5200.9071787148705,0.0,0.0,0.0,0.0,0.0,0.0,0.0
4012,0.0,255.3559373259544,0.0,0.0,0.0,0.0,0.0,0.0,0.0,0.0,0.0,0.0,0.0,27.969967336952614,0.0,0.0,6718.814496606588,0.0,78.5178704723714,0.0,0.0,984.5280622959135,0.0,0.0,0.0,0.0,0.0,0.0,0.0,5660.365796494482,0.0,0.0,0.0,0.0,0.0,0.0,0.0
4013,0.0,265.7546345472336,0.0,0.0,0.0,0.0,0.0,0.0,0.0,0.0,0.0,0.0,0.0,23.806229994446007,0.0,0.0,6891.68297290802,0.0,70.19579832106825,0.0,0.0,1024.8902777485548,0.0,0.0,0.0,0.0,0.0,0.0,0.0,6113.819839721918,0.0,0.0,0.0,0.0,0.0,0.0,0.0
4014,0.0,248.37357975840564,0.0,0.0,0.0,0.0,0.0,0.0,0.0,0.0,0.0,0.0,0.0,23.869359932839803,0.0,0.0,6848.206239581106,0.0,62.13208052366969,0.0,0.0,975.7193703241644,0.0,0.0,0.0,0.0,0.0,0.0,0.0,6067.210165989399,0.0,0.0,0.0,0.0,0.0,0.0,0.0
4015,0.0,233.5170655578374,0.0,0.0,0.0,0.0,0.0,0.0,0.0,0.0,0.0,0.0,0.0,23.65486833825698,0.0,0.0,6757.476989924906,0.0,50.02538830637918,0.0,0.0,924.0343537174165,0.0,0.0,0.0,0.0,0.0,0.0,0.0,6200.472305291891,0.0,0.0,0.0,0.0,0.0,0.0,0.0
4016,0.0,219.09418344497678,0.0,0.0,0.0,0.0,0.0,0.0,0.0,0.0,0.0,0.0,0.0,23.856957557797358,0.0,0.0,6644.124157071114,0.0,36.97297272533174,0.0,0.0,867.7962230131028,0.0,0.0,0.0,0.0,0.0,0.0,0.0,6263.550532728434,0.0,0.0,0.0,0.0,0.0,0.0,0.0
4017,0.0,206.95527655184262,0.0,0.0,0.0,0.0,0.0,0.0,0.0,0.0,0.0,0.0,0.0,24.783795507252094,0.0,0.0,6528.308586478233,0.0,38.8285681918262,0.0,0.0,844.762408217042,0.0,0.0,0.0,0.0,0.0,0.0,0.0,6264.674424189329,0.0,0.0,0.0,0.0,0.0,0.0,0.0
4018,0.0,187.9605863124132,0.0,0.0,0.0,0.0,0.0,0.0,0.0,0.0,0.0,0.0,0.0,23.653111381828644,0.0,0.0,5947.0768103301525,0.0,36.416248141229005,0.0,0.0,687.7603164710102,0.0,0.0,0.0,0.0,0.0,0.0,0.0,5613.764439848064,0.0,0.0,0.0,0.0,0.0,0.0,0.0
4019,0.0,171.80878702998154,0.0,0.0,0.0,0.0,0.0,0.0,0.0,0.0,0.0,0.0,0.0,23.816886621713564,0.0,0.0,5361.109748020766,0.0,42.971930588781674,0.0,0.0,576.324107274413,0.0,0.0,0.0,0.0,0.0,0.0,0.0,5003.871431255339,0.0,0.0,0.0,0.0,0.0,0.0,0.0
4020,0.0,156.53199535310267,0.0,0.0,0.0,0.0,0.0,0.0,0.0,0.0,0.0,0.0,0.0,24.040785078704356,0.0,0.0,4810.701476067303,0.0,51.37597600370638,0.0,0.0,498.44144627675416,0.0,0.0,0.0,0.0,0.0,0.0,0.0,4465.111928793788,0.0,0.0,0.0,0.0,0.0,0.0,0.0
4021,0.0,139.4958879321813,0.0,0.0,0.0,0.0,0.0,0.0,0.0,0.0,0.0,0.0,0.0,23.99836312755929,0.0,0.0,4309.455392315984,0.0,60.174340827762954,0.0,0.0,452.37495203018153,0.0,0.0,0.0,0.0,0.0,0.0,0.0,3998.128879380224,0.0,0.0,0.0,0.0,0.0,0.0,0.0
4022,0.0,124.79264314770693,0.0,0.0,0.0,0.0,0.0,0.0,0.0,0.0,0.0,0.0,0.0,24.0532995402812,0.0,0.0,3848.3439216464744,0.0,69.23440948277698,0.0,0.0,437.22546870522166,0.0,0.0,0.0,0.0,0.0,0.0,0.0,3597.4966499775646,0.0,0.0,0.0,0.0,0.0,0.0,0.0
4023,0.0,117.02952477782956,0.0,0.0,0.0,0.0,0.0,0.0,0.0,0.0,0.0,0.0,0.0,25.92486445009705,0.0,0.0,3828.628018066286,0.0,86.38401358574629,0.0,0.0,614.9459893807764,0.0,0.0,0.0,0.0,0.0,0.0,0.0,3568.8656234949826,0.0,0.0,0.0,0.0,0.0,0.0,0.0
4024,0.0,108.42657389491791,0.0,0.0,0.0,0.0,0.0,0.0,0.0,0.0,0.0,0.0,0.0,26.77456164434541,0.0,0.0,3806.3245285451403,0.0,94.6130191832779,0.0,0.0,794.3393660321826,0.0,0.0,0.0,0.0,0.0,0.0,0.0,3369.253025794028,0.0,0.0,0.0,0.0,0.0,0.0,0.0
4025,0.0,99.62310744971032,0.0,0.0,0.0,0.0,0.0,0.0,0.0,0.0,0.0,0.0,0.0,24.342847080528735,0.0,0.0,3753.8120524585247,0.0,98.89382870495305,0.0,0.0,886.0235145851965,0.0,0.0,0.0,0.0,0.0,0.0,0.0,3268.717173847556,0.0,0.0,0.0,0.0,0.0,0.0,0.0
4026,0.0,90.88285096138713,0.0,0.0,0.0,0.0,0.0,0.0,0.0,0.0,0.0,0.0,0.0,25.243246618658247,0.0,0.0,3712.931072711943,0.0,95.94845272004602,0.0,0.0,998.283152063191,0.0,0.0,0.0,0.0,0.0,0.0,0.0,3216.7708237379784,0.0,0.0,0.0,0.0,0.0,0.0,0.0
4027,0.0,87.56163485795255,0.0,0.0,0.0,0.0,0.0,0.0,0.0,0.0,0.0,0.0,0.0,34.912851072102704,0.0,0.0,3697.9582339972258,0.0,96.58326013535249,0.0,0.0,1060.7226158425208,0.0,0.0,0.0,0.0,0.0,0.0,0.0,3337.5656509757027,0.0,0.0,0.0,0.0,0.0,0.0,0.0
4028,0.0,84.09499096423384,0.0,0.0,0.0,0.0,0.0,0.0,0.0,0.0,0.0,0.0,0.0,46.77068170830604,0.0,0.0,3701.030044272541,0.0,111.54360305666924,0.0,0.0,1225.3040474005038,0.0,0.0,0.0,0.0,0.0,0.0,0.0,3426.482172027229,0.0,0.0,0.0,0.0,0.0,0.0,0.0
4029,0.0,82.97501321285961,0.0,0.0,0.0,0.0,0.0,0.0,0.0,0.0,0.0,0.0,0.0,56.98882365077729,0.0,0.0,3688.034163221717,0.0,132.16723733246312,0.0,0.0,1393.7529200345273,0.0,0.0,0.0,0.0,0.0,0.0,0.0,3487.3093620300274,0.0,0.0,0.0,0.0,0.0,0.0,0.0
4030,0.0,85.72769040316338,0.0,0.0,0.0,0.0,0.0,0.0,0.0,0.0,0.0,0.0,0.0,66.92517724335188,0.0,0.0,3619.161127597092,0.0,158.66208990216253,0.0,0.0,1528.5808049440384,0.0,0.0,0.0,0.0,0.0,0.0,0.0,3570.7398607671257,0.0,0.0,0.0,0.0,0.0,0.0,0.0
4031,0.0,92.07309473007916,0.0,0.0,0.0,0.0,0.0,0.0,0.0,0.0,0.0,0.0,0.0,76.22229572534548,0.0,0.0,3575.8734167814255,0.0,188.42549853026856,0.0,0.0,1589.1097092345358,0.0,0.0,0.0,0.0,0.0,0.0,0.0,3730.9609306335433,0.0,0.0,0.0,0.0,0.0,0.0,0.0
4032,0.0,119.98085882663727,0.0,0.0,0.0,0.0,0.0,0.0,0.0,0.0,0.0,0.0,0.0,88.85582682788363,0.0,0.0,3732.7609343081713,0.0,240.51886286139467,0.0,0.0,1769.9810030311342,0.0,0.0,0.0,0.0,0.0,0.0,0.0,4545.88023675382,0.0,0.0,0.0,0.0,0.0,0.0,0.0
4033,0.0,141.7329677045345,0.0,0.0,0.0,0.0,0.0,0.0,0.0,0.0,0.0,0.0,0.0,101.28182971179471,0.0,0.0,3833.1229422688475,0.0,290.2942260444163,0.0,0.0,1756.1758066803218,0.0,0.0,0.0,0.0,0.0,0.0,0.0,5561.375476112961,0.0,0.0,0.0,0.0,0.0,0.0,0.0
4034,0.0,163.49723881781102,0.0,0.0,0.0,0.0,0.0,0.0,0.0,0.0,0.0,0.0,0.0,113.87163585722436,0.0,0.0,3947.6701951473938,0.0,336.07953209877013,0.0,0.0,1613.3602360099553,0.0,0.0,0.0,0.0,0.0,0.0,0.0,6781.118461418152,0.0,0.0,0.0,0.0,0.0,0.0,0.0
4035,0.0,184.72147581875322,0.0,0.0,0.0,0.0,0.0,0.0,0.0,0.0,0.0,0.0,0.0,126.55625600218768,0.0,0.0,4059.2887659072867,0.0,376.4477852344513,0.0,0.0,1416.783026035129,0.0,0.0,0.0,0.0,0.0,0.0,0.0,8120.251048022508,0.0,0.0,0.0,0.0,0.0,0.0,0.0
4036,0.0,205.3560898929834,0.0,0.0,0.0,0.0,0.0,0.0,0.0,0.0,0.0,0.0,0.0,140.56985256075853,0.0,0.0,4162.544062882662,0.0,414.4768584489822,0.0,0.0,1191.8173332095146,0.0,0.0,0.0,0.0,0.0,0.0,0.0,9225.635184282062,0.0,0.0,0.0,0.0,0.0,0.0,0.0
4037,0.0,226.0831762343645,0.0,0.0,0.0,0.0,0.0,0.0,0.0,0.0,0.0,0.0,0.0,152.42159129381167,0.0,0.0,4276.912405565379,0.0,423.1292690694332,0.0,0.0,939.3727206967769,0.0,0.0,0.0,0.0,0.0,0.0,0.0,9968.612057244778,0.0,0.0,0.0,0.0,0.0,0.0,0.0
4038,0.0,236.90836531519884,0.0,0.0,0.0,0.0,0.0,0.0,0.0,0.0,0.0,0.0,0.0,162.57934381365774,0.0,0.0,4096.237999632953,0.0,418.0166332244873,0.0,0.0,801.4967357486479,0.0,0.0,0.0,0.0,0.0,0.0,0.0,9717.909046077728,0.0,0.0,0.0,0.0,0.0,0.0,0.0
4039,0.0,247.9922438800335,0.0,0.0,0.0,0.0,0.0,0.0,0.0,0.0,0.0,0.0,0.0,178.29244124293325,0.0,0.0,3949.431293770671,0.0,416.3489789903163,0.0,0.0,680.4521728657181,0.0,0.0,0.0,0.0,0.0,0.0,0.0,9441.119313549996,0.0,0.0,0.0,0.0,0.0,0.0,0.0
4040,0.0,258.86435646414753,0.0,0.0,0.0,0.0,0.0,0.0,0.0,0.0,0.0,0.0,0.0,197.90363933444024,0.0,0.0,3839.24361564219,0.0,415.01671708226195,0.0,0.0,571.1321342367678,0.0,0.0,0.0,0.0,0.0,0.0,0.0,9137.011930918692,0.0,0.0,0.0,0.0,0.0,0.0,0.0
4041,0.0,272.46151117086407,0.0,0.0,0.0,0.0,0.0,0.0,0.0,0.0,0.0,0.0,0.0,214.25932886600486,0.0,0.0,3733.19148558378,0.0,409.50724231004716,0.0,0.0,472.3122632224109,0.0,0.0,0.0,0.0,0.0,0.0,0.0,8872.04113935232,0.0,0.0,0.0,0.0,0.0,0.0,0.0
4042,0.0,273.60711799263953,0.0,0.0,0.0,0.0,0.0,0.0,0.0,0.0,0.0,0.0,0.0,209.69263202548018,0.0,0.0,3322.5470807403317,0.0,379.9656550228595,0.0,0.0,417.48120410107,0.0,0.0,0.0,0.0,0.0,0.0,0.0,8125.545777356625,0.0,0.0,0.0,0.0,0.0,0.0,0.0
4043,0.0,274.5972109258174,0.0,0.0,0.0,0.0,0.0,0.0,0.0,0.0,0.0,0.0,0.0,205.68345360755913,0.0,0.0,2950.6305103301984,0.0,350.29566123485563,0.0,0.0,378.28809180445904,0.0,0.0,0.0,0.0,0.0,0.0,0.0,7507.006253731251,0.0,0.0,0.0,0.0,0.0,0.0,0.0
4044,0.0,275.8491776883602,0.0,0.0,0.0,0.0,0.0,0.0,0.0,0.0,0.0,0.0,0.0,201.66806559562673,0.0,0.0,2614.04987040162,0.0,322.5050204873085,0.0,0.0,351.58877606056564,0.0,0.0,0.0,0.0,0.0,0.0,0.0,6902.524775290488,0.0,0.0,0.0,0.0,0.0,0.0,0.0
4045,0.0,276.6452640295028,0.0,0.0,0.0,0.0,0.0,0.0,0.0,0.0,0.0,0.0,0.0,196.25253742933265,0.0,0.0,2316.526493027804,0.0,295.43765929341316,0.0,0.0,332.763081694766,0.0,0.0,0.0,0.0,0.0,0.0,0.0,6334.811326438188,0.0,0.0,0.0,0.0,0.0,0.0,0.0
4046,0.0,277.76466663479806,0.0,0.0,0.0,0.0,0.0,0.0,0.0,0.0,0.0,0.0,0.0,187.28951528072355,0.0,0.0,2068.5196238309127,0.0,266.54741190671916,0.0,0.0,321.4990535952143,0.0,0.0,0.0,0.0,0.0,0.0,0.0,5801.0825762301665,0.0,0.0,0.0,0.0,0.0,0.0,0.0
4047,0.0,270.0205631554127,0.0,0.0,0.0,0.0,0.0,0.0,0.0,0.0,0.0,0.0,0.0,186.4173251211642,0.0,0.0,2140.9518055468793,0.0,255.75572289824476,0.0,0.0,345.19644001945784,0.0,0.0,0.0,0.0,0.0,0.0,0.0,5745.392814150452,0.0,0.0,0.0,0.0,0.0,0.0,0.0
4048,0.0,258.61841838955877,0.0,0.0,0.0,0.0,0.0,0.0,0.0,0.0,0.0,0.0,0.0,180.31755349636072,0.0,0.0,2207.110462352631,0.0,243.0007512539624,0.0,0.0,363.98572763800587,0.0,0.0,0.0,0.0,0.0,0.0,0.0,5652.929598295688,0.0,0.0,0.0,0.0,0.0,0.0,0.0
4049,0.0,255.75015086531633,0.0,0.0,0.0,0.0,0.0,0.0,0.0,0.0,0.0,0.0,0.0,165.00668980479236,0.0,0.0,2306.2193210721007,0.0,210.22016037404524,0.0,0.0,379.3449092857539,0.0,0.0,0.0,0.0,0.0,0.0,0.0,5276.858808985352,0.0,0.0,0.0,0.0,0.0,0.0,0.0
4050,0.0,249.65918555259705,0.0,0.0,0.0,0.0,0.0,0.0,0.0,0.0,0.0,0.0,0.0,141.40117596983896,0.0,0.0,2308.726397424934,0.0,174.69972690641868,0.0,0.0,392.9741649214169,0.0,0.0,0.0,0.0,0.0,0.0,0.0,4698.55120050311,0.0,0.0,0.0,0.0,0.0,0.0,0.0
4051,0.0,265.79189279079435,0.0,0.0,0.0,0.0,0.0,0.0,0.0,0.0,0.0,0.0,0.0,126.17312180995931,0.0,0.0,2373.6330717951046,0.0,129.7331901431082,0.0,0.0,417.14461199082376,0.0,0.0,0.0,0.0,0.0,0.0,0.0,4666.934701722859,0.0,0.0,0.0,0.0,0.0,0.0,0.0
4052,0.0,277.83789255023,0.0,0.0,0.0,0.0,0.0,0.0,0.0,0.0,0.0,0.0,0.0,114.74204384088503,0.0,0.0,2459.1097514629355,0.0,93.67386138737196,0.0,0.0,429.25477528273984,0.0,0.0,0.0,0.0,0.0,0.0,0.0,4669.66234435141,0.0,0.0,0.0,0.0,0.0,0.0,0.0
4053,0.0,295.6542908370495,0.0,0.0,0.0,0.0,0.0,0.0,0.0,0.0,0.0,0.0,0.0,100.79495943188665,0.0,0.0,2534.3881610333906,0.0,59.39008152484886,0.0,0.0,434.97142934314866,0.0,0.0,0.0,0.0,0.0,0.0,0.0,4651.664893254637,0.0,0.0,0.0,0.0,0.0,0.0,0.0
4054,0.0,317.5054651200771,0.0,0.0,0.0,0.0,0.0,0.0,0.0,0.0,0.0,0.0,0.0,85.16021609455346,0.0,0.0,2600.716782525181,0.0,32.00337881743907,0.0,0.0,432.5550355676557,0.0,0.0,0.0,0.0,0.0,0.0,0.0,4633.436010196805,0.0,0.0,0.0,0.0,0.0,0.0,0.0
4055,0.0,338.41373650431626,0.0,0.0,0.0,0.0,0.0,0.0,0.0,0.0,0.0,0.0,0.0,67.70644280612464,0.0,0.0,2646.774489894507,0.0,16.91366234496223,0.0,0.0,451.588422479108,0.0,0.0,0.0,0.0,0.0,0.0,0.0,4614.644096571207,0.0,0.0,0.0,0.0,0.0,0.0,0.0
4056,0.0,369.0193074524402,0.0,0.0,0.0,0.0,0.0,0.0,0.0,0.0,0.0,0.0,0.0,51.46532813012593,0.0,0.0,2963.8593635708094,0.0,25.695022274181074,0.0,0.0,694.9282827459275,0.0,0.0,0.0,0.0,0.0,0.0,0.0,5126.356073421239,0.0,0.0,0.0,0.0,0.0,0.0,0.0
4057,0.0,395.4141918718814,0.0,0.0,0.0,0.0,0.0,0.0,0.0,0.0,0.0,0.0,0.0,37.396461701393,0.0,0.0,3270.928766697644,0.0,36.405443854629965,0.0,0.0,980.5468595959244,0.0,0.0,0.0,0.0,0.0,0.0,0.0,5661.50162116587,0.0,0.0,0.0,0.0,0.0,0.0,0.0
4058,0.0,414.48614807724954,0.0,0.0,0.0,0.0,0.0,0.0,0.0,0.0,0.0,0.0,0.0,28.370788784325054,0.0,0.0,3565.199478924273,0.0,47.998539710044746,0.0,0.0,1261.9495956659316,0.0,0.0,0.0,0.0,0.0,0.0,0.0,6213.148990958929,0.0,0.0,0.0,0.0,0.0,0.0,0.0
4059,0.0,429.48158109784123,0.0,0.0,0.0,0.0,0.0,0.0,0.0,0.0,0.0,0.0,0.0,25.136646720021822,0.0,0.0,3848.67840592563,0.0,57.438270106911546,0.0,0.0,1481.5711413055653,0.0,0.0,0.0,0.0,0.0,0.0,0.0,6785.549660247564,0.0,0.0,0.0,0.0,0.0,0.0,0.0
4060,0.0,425.2873072743416,0.0,0.0,0.0,0.0,0.0,0.0,0.0,0.0,0.0,0.0,0.0,26.947951106727064,0.0,0.0,4139.244510293005,0.0,64.45189720690247,0.0,0.0,1633.0110995203252,0.0,0.0,0.0,0.0,0.0,0.0,0.0,7168.948525637388,0.0,0.0,0.0,0.0,0.0,0.0,0.0
4061,0.0,412.897089600563,0.0,0.0,0.0,0.0,0.0,0.0,0.0,0.0,0.0,0.0,0.0,27.77003298103806,0.0,0.0,4491.3759466558695,0.0,65.01002975702272,0.0,0.0,1755.0486356198785,0.0,0.0,0.0,0.0,0.0,0.0,0.0,7405.916049915552,0.0,0.0,0.0,0.0,0.0,0.0,0.0
4062,0.0,388.6775759875774,0.0,0.0,0.0,0.0,0.0,0.0,0.0,0.0,0.0,0.0,0.0,30.34991753697383,0.0,0.0,4443.763665258883,0.0,48.15987779498086,0.0,0.0,1663.7836566433311,0.0,0.0,0.0,0.0,0.0,0.0,0.0,6926.24872097373,0.0,0.0,0.0,0.0,0.0,0.0,0.0
4063,0.0,369.8981026053428,0.0,0.0,0.0,0.0,0.0,0.0,0.0,0.0,0.0,0.0,0.0,31.643861304223442,0.0,0.0,4405.001993462443,0.0,31.649779267608928,0.0,0.0,1516.13181669563,0.0,0.0,0.0,0.0,0.0,0.0,0.0,6410.815028899908,0.0,0.0,0.0,0.0,0.0,0.0,0.0
4064,0.0,350.1090374350548,0.0,0.0,0.0,0.0,0.0,0.0,0.0,0.0,0.0,0.0,0.0,30.389371997117916,0.0,0.0,4371.902051493524,0.0,16.55589447468505,0.0,0.0,1303.6632507696738,0.0,0.0,0.0,0.0,0.0,0.0,0.0,5902.087439510226,0.0,0.0,0.0,0.0,0.0,0.0,0.0
4065,0.0,333.82884029746054,0.0,0.0,0.0,0.0,0.0,0.0,0.0,0.0,0.0,0.0,0.0,31.493239419162272,0.0,0.0,4342.085500553249,0.0,15.540185010619405,0.0,0.0,1126.621174748987,0.0,0.0,0.0,0.0,0.0,0.0,0.0,5413.143305054306,0.0,0.0,0.0,0.0,0.0,0.0,0.0
4066,0.0,315.59727070927613,0.0,0.0,0.0,0.0,0.0,0.0,0.0,0.0,0.0,0.0,0.0,27.915706245601115,0.0,0.0,3958.519153848289,0.0,15.289728234521968,0.0,0.0,912.6155780196182,0.0,0.0,0.0,0.0,0.0,0.0,0.0,4847.87724919021,0.0,0.0,0.0,0.0,0.0,0.0,0.0
4067,0.0,300.5398341357708,0.0,0.0,0.0,0.0,0.0,0.0,0.0,0.0,0.0,0.0,0.0,28.181426990777155,0.0,0.0,3591.1620708852993,0.0,19.576100148260593,0.0,0.0,718.4548375099893,0.0,0.0,0.0,0.0,0.0,0.0,0.0,4303.109556052088,0.0,0.0,0.0,0.0,0.0,0.0,0.0
4068,0.0,287.25250080227846,0.0,0.0,0.0,0.0,0.0,0.0,0.0,0.0,0.0,0.0,0.0,28.34894592091428,0.0,0.0,3275.070926666259,0.0,20.96678708828981,0.0,0.0,546.772841357812,0.0,0.0,0.0,0.0,0.0,0.0,0.0,3814.055853027105,0.0,0.0,0.0,0.0,0.0,0.0,0.0
4069,0.0,276.91878105998035,0.0,0.0,0.0,0.0,0.0,0.0,0.0,0.0,0.0,0.0,0.0,30.65348430052397,0.0,0.0,3039.2291729152184,0.0,21.709859680011682,0.0,0.0,409.13384087048433,0.0,0.0,0.0,0.0,0.0,0.0,0.0,3375.9833565115923,0.0,0.0,0.0,0.0,0.0,0.0,0.0
4070,0.0,268.1332703948021,0.0,0.0,0.0,0.0,0.0,0.0,0.0,0.0,0.0,0.0,0.0,29.950071242451642,0.0,0.0,2854.6346890181285,0.0,23.518121552094772,0.0,0.0,310.74801245927796,0.0,0.0,0.0,0.0,0.0,0.0,0.0,2984.0940118566155,0.0,0.0,0.0,0.0,0.0,0.0,0.0
4071,0.0,266.79424615502353,0.0,0.0,0.0,0.0,0.0,0.0,0.0,0.0,0.0,0.0,0.0,32.67430644184341,0.0,0.0,2928.1870041340567,0.0,29.680301581322986,0.0,0.0,311.6430053550746,0.0,0.0,0.0,0.0,0.0,0.0,0.0,2562.973002457619,0.0,0.0,0.0,0.0,0.0,0.0,0.0
4072,0.0,256.2251093029975,0.0,0.0,0.0,0.0,0.0,0.0,0.0,0.0,0.0,0.0,0.0,31.521647751331326,0.0,0.0,2966.570241972803,0.0,37.12123154699794,0.0,0.0,284.60456189587677,0.0,0.0,0.0,0.0,0.0,0.0,0.0,2230.9075540930025,0.0,0.0,0.0,0.0,0.0,0.0,0.0
4073,0.0,249.985391575098,0.0,0.0,0.0,0.0,0.0,0.0,0.0,0.0,0.0,0.0,0.0,29.73721330910916,0.0,0.0,3061.5875023007393,0.0,30.36004163846365,0.0,0.0,233.80045990012576,0.0,0.0,0.0,0.0,0.0,0.0,0.0,1986.2463635593651,0.0,0.0,0.0,0.0,0.0,0.0,0.0
4074,0.0,241.61718446016306,0.0,0.0,0.0,0.0,0.0,0.0,0.0,0.0,0.0,0.0,0.0,33.51712152287363,0.0,0.0,3146.2116359919287,0.0,17.868176233395893,0.0,0.0,212.5681357305494,0.0,0.0,0.0,0.0,0.0,0.0,0.0,1826.160536745189,0.0,0.0,0.0,0.0,0.0,0.0,0.0
4075,0.0,237.15200280547143,0.0,0.0,0.0,0.0,0.0,0.0,0.0,0.0,0.0,0.0,0.0,42.12124819234008,0.0,0.0,3254.987868249416,0.0,14.03980918116851,0.0,0.0,220.9138716325159,0.0,0.0,0.0,0.0,0.0,0.0,0.0,2181.556858071683,0.0,0.0,0.0,0.0,0.0,0.0,0.0
4076,0.0,241.17350835800164,0.0,0.0,0.0,0.0,0.0,0.0,0.0,0.0,0.0,0.0,0.0,47.41948620676994,0.0,0.0,3315.301217809318,0.0,13.93482678867862,0.0,0.0,224.72719457074933,0.0,0.0,0.0,0.0,0.0,0.0,0.0,2473.7868993327,0.0,0.0,0.0,0.0,0.0,0.0,0.0
4077,0.0,250.89942494630813,0.0,0.0,0.0,0.0,0.0,0.0,0.0,0.0,0.0,0.0,0.0,51.366804066300276,0.0,0.0,3339.2771287262417,0.0,13.803284784592512,0.0,0.0,226.8043470963831,0.0,0.0,0.0,0.0,0.0,0.0,0.0,2724.5868226334437,0.0,0.0,0.0,0.0,0.0,0.0,0.0
4078,0.0,263.16964750885955,0.0,0.0,0.0,0.0,0.0,0.0,0.0,0.0,0.0,0.0,0.0,51.86226577907801,0.0,0.0,3350.2801057696333,0.0,13.833330038376147,0.0,0.0,229.81021228060044,0.0,0.0,0.0,0.0,0.0,0.0,0.0,2960.305879965424,0.0,0.0,0.0,0.0,0.0,0.0,0.0
4079,0.0,274.01530337333674,0.0,0.0,0.0,0.0,0.0,0.0,0.0,0.0,0.0,0.0,0.0,47.22508332133285,0.0,0.0,3352.76345707476,0.0,14.031574432551826,0.0,0.0,245.26835821531682,0.0,0.0,0.0,0.0,0.0,0.0,0.0,3235.1805130153894,0.0,0.0,0.0,0.0,0.0,0.0,0.0
4080,0.0,307.36359166502945,0.0,0.0,0.0,0.0,0.0,0.0,0.0,0.0,0.0,0.0,0.0,41.71814578399052,0.0,0.0,3656.8820087760664,0.0,16.729615250229806,0.0,0.0,487.54159918427376,0.0,0.0,0.0,0.0,0.0,0.0,0.0,3594.882553654908,0.0,0.0,0.0,0.0,0.0,0.0,0.0
4081,0.0,335.41725348830215,0.0,0.0,0.0,0.0,0.0,0.0,0.0,0.0,0.0,0.0,0.0,31.82667724415654,0.0,0.0,3974.342593863605,0.0,24.943199914693814,0.0,0.0,835.2764447808265,0.0,0.0,0.0,0.0,0.0,0.0,0.0,3951.342377164958,0.0,0.0,0.0,0.0,0.0,0.0,0.0
4082,0.0,357.4607510089874,0.0,0.0,0.0,0.0,0.0,0.0,0.0,0.0,0.0,0.0,0.0,24.50660550743333,0.0,0.0,4321.831699579953,0.0,36.3909418046474,0.0,0.0,1225.7470592334864,0.0,0.0,0.0,0.0,0.0,0.0,0.0,4307.271353614329,0.0,0.0,0.0,0.0,0.0,0.0,0.0
4083,0.0,373.3485021293163,0.0,0.0,0.0,0.0,0.0,0.0,0.0,0.0,0.0,0.0,0.0,23.550669893622384,0.0,0.0,4729.408572435379,0.0,45.66556224971991,0.0,0.0,1538.1367813557383,0.0,0.0,0.0,0.0,0.0,0.0,0.0,4641.922330918908,0.0,0.0,0.0,0.0,0.0,0.0,0.0
4084,0.0,386.9701496422291,0.0,0.0,0.0,0.0,0.0,0.0,0.0,0.0,0.0,0.0,0.0,23.435257191210933,0.0,0.0,5216.850956708192,0.0,57.56793636679641,0.0,0.0,1781.475695501267,0.0,0.0,0.0,0.0,0.0,0.0,0.0,4921.6523341894135,0.0,0.0,0.0,0.0,0.0,0.0,0.0
4085,0.0,400.12287073731414,0.0,0.0,0.0,0.0,0.0,0.0,0.0,0.0,0.0,0.0,0.0,23.75951512902961,0.0,0.0,5760.922307312487,0.0,61.90132230371235,0.0,0.0,1885.4079518303265,0.0,0.0,0.0,0.0,0.0,0.0,0.0,5078.148072707652,0.0,0.0,0.0,0.0,0.0,0.0,0.0
4086,0.0,389.4275664746761,0.0,0.0,0.0,0.0,0.0,0.0,0.0,0.0,0.0,0.0,0.0,23.47717054970554,0.0,0.0,5732.95669902861,0.0,60.6524860873818,0.0,0.0,1749.4615244865417,0.0,0.0,0.0,0.0,0.0,0.0,0.0,4771.516996863484,0.0,0.0,0.0,0.0,0.0,0.0,0.0
4087,0.0,375.48420188426974,0.0,0.0,0.0,0.0,0.0,0.0,0.0,0.0,0.0,0.0,0.0,23.172428278624988,0.0,0.0,5761.79274430871,0.0,54.48600249886507,0.0,0.0,1579.910382704436,0.0,0.0,0.0,0.0,0.0,0.0,0.0,4466.151926168799,0.0,0.0,0.0,0.0,0.0,0.0,0.0
4088,0.0,364.481040161848,0.0,0.0,0.0,0.0,0.0,0.0,0.0,0.0,0.0,0.0,0.0,23.167827126383663,0.0,0.0,5862.680981606245,0.0,49.6614439114928,0.0,0.0,1411.6358234569425,0.0,0.0,0.0,0.0,0.0,0.0,0.0,4214.220517545937,0.0,0.0,0.0,0.0,0.0,0.0,0.0
4089,0.0,354.1990274548531,0.0,0.0,0.0,0.0,0.0,0.0,0.0,0.0,0.0,0.0,0.0,23.167748665809633,0.0,0.0,6014.648468747735,0.0,52.46995077878221,0.0,0.0,1249.5901483364403,0.0,0.0,0.0,0.0,0.0,0.0,0.0,4002.557185310125,0.0,0.0,0.0,0.0,0.0,0.0,0.0
4090,0.0,311.9829405248165,0.0,0.0,0.0,0.0,0.0,0.0,0.0,0.0,0.0,0.0,0.0,22.719569256529173,0.0,0.0,5915.747301429508,0.0,45.47902898341416,0.0,0.0,1011.9239503785967,0.0,0.0,0.0,0.0,0.0,0.0,0.0,3704.8496196269984,0.0,0.0,0.0,0.0,0.0,0.0,0.0
4091,0.0,274.5835196435451,0.0,0.0,0.0,0.0,0.0,0.0,0.0,0.0,0.0,0.0,0.0,22.80231854170547,0.0,0.0,5827.03040254116,0.0,45.536674076318654,0.0,0.0,807.7465102337294,0.0,0.0,0.0,0.0,0.0,0.0,0.0,3432.8085816502567,0.0,0.0,0.0,0.0,0.0,0.0,0.0
4092,0.0,240.32902557849883,0.0,0.0,0.0,0.0,0.0,0.0,0.0,0.0,0.0,0.0,0.0,23.11128367297348,0.0,0.0,5726.130886122584,0.0,52.57158369421942,0.0,0.0,649.8751222461456,0.0,0.0,0.0,0.0,0.0,0.0,0.0,3176.646307489274,0.0,0.0,0.0,0.0,0.0,0.0,0.0
4093,0.0,209.7727488577366,0.0,0.0,0.0,0.0,0.0,0.0,0.0,0.0,0.0,0.0,0.0,23.307996942102896,0.0,0.0,5570.953905642031,0.0,67.33538196980949,0.0,0.0,523.0848026119168,0.0,0.0,0.0,0.0,0.0,0.0,0.0,2935.436707687377,0.0,0.0,0.0,0.0,0.0,0.0,0.0
4094,0.0,182.99365282952786,0.0,0.0,0.0,0.0,0.0,0.0,0.0,0.0,0.0,0.0,0.0,23.486242553591595,0.0,0.0,5326.333495303987,0.0,82.45197206735604,0.0,0.0,413.3152806803575,0.0,0.0,0.0,0.0,0.0,0.0,0.0,2722.918885257839,0.0,0.0,0.0,0.0,0.0,0.0,0.0
4095,0.0,154.86449256241318,0.0,0.0,0.0,0.0,0.0,0.0,0.0,0.0,0.0,0.0,0.0,23.878699543327045,0.0,0.0,5379.860703349112,0.0,104.63721850514396,0.0,0.0,491.1580153595655,0.0,0.0,0.0,0.0,0.0,0.0,0.0,2283.6895905494684,0.0,0.0,0.0,0.0,0.0,0.0,0.0
4096,0.0,131.08514806330203,0.0,0.0,0.0,0.0,0.0,0.0,0.0,0.0,0.0,0.0,0.0,24.62783830314862,0.0,0.0,5430.984291806815,0.0,115.71608811914908,0.0,0.0,566.4225316777823,0.0,0.0,0.0,0.0,0.0,0.0,0.0,1930.4618590205905,0.0,0.0,0.0,0.0,0.0,0.0,0.0
4097,0.0,111.75450237393379,0.0,0.0,0.0,0.0,0.0,0.0,0.0,0.0,0.0,0.0,0.0,23.845614400505927,0.0,0.0,5505.385652482508,0.0,130.98270811140532,0.0,0.0,612.8283807087689,0.0,0.0,0.0,0.0,0.0,0.0,0.0,1662.9577915117136,0.0,0.0,0.0,0.0,0.0,0.0,0.0
4098,0.0,98.68435682505364,0.0,0.0,0.0,0.0,0.0,0.0,0.0,0.0,0.0,0.0,0.0,26.669421672820924,0.0,0.0,5595.520609140394,0.0,139.11285226345055,0.0,0.0,667.8143388077609,0.0,0.0,0.0,0.0,0.0,0.0,0.0,1515.390444922445,0.0,0.0,0.0,0.0,0.0,0.0,0.0
4099,0.0,109.62796287238592,0.0,0.0,0.0,0.0,0.0,0.0,0.0,0.0,0.0,0.0,0.0,39.79427289068697,0.0,0.0,5861.381938010452,0.0,136.50094191431984,0.0,0.0,652.9176212467253,0.0,0.0,0.0,0.0,0.0,0.0,0.0,1781.0379941686974,0.0,0.0,0.0,0.0,0.0,0.0,0.0
4100,0.0,118.87389901578426,0.0,0.0,0.0,0.0,0.0,0.0,0.0,0.0,0.0,0.0,0.0,50.32560983002181,0.0,0.0,6116.507877260445,0.0,135.78799238502967,0.0,0.0,692.483429642021,0.0,0.0,0.0,0.0,0.0,0.0,0.0,2004.3575417682507,0.0,0.0,0.0,0.0,0.0,0.0,0.0
4101,0.0,126.5401473551988,0.0,0.0,0.0,0.0,0.0,0.0,0.0,0.0,0.0,0.0,0.0,60.94018222987652,0.0,0.0,6365.670661896467,0.0,127.37790012657634,0.0,0.0,728.4885673284525,0.0,0.0,0.0,0.0,0.0,0.0,0.0,2167.305892650782,0.0,0.0,0.0,0.0,0.0,0.0,0.0
4102,0.0,131.81507857739916,0.0,0.0,0.0,0.0,0.0,0.0,0.0,0.0,0.0,0.0,0.0,72.97719440013157,0.0,0.0,6607.2476542294025,0.0,120.16707627028224,0.0,0.0,761.244194675982,0.0,0.0,0.0,0.0,0.0,0.0,0.0,2284.223692122101,0.0,0.0,0.0,0.0,0.0,0.0,0.0
4103,0.0,133.38705100715154,0.0,0.0,0.0,0.0,0.0,0.0,0.0,0.0,0.0,0.0,0.0,87.48522147536276,0.0,0.0,6840.786133676767,0.0,118.49960729479787,0.0,0.0,781.3771259061986,0.0,0.0,0.0,0.0,0.0,0.0,0.0,2366.230522686243,0.0,0.0,0.0,0.0,0.0,0.0,0.0
4104,0.0,136.1295719593763,0.0,0.0,0.0,0.0,0.0,0.0,0.0,0.0,0.0,0.0,0.0,101.24935824275016,0.0,0.0,7200.962694823742,0.0,143.05025146305562,0.0,0.0,1209.5565018855032,0.0,0.0,0.0,0.0,0.0,0.0,0.0,2894.657311311363,0.0,0.0,0.0,0.0,0.0,0.0,0.0
4105,0.0,139.05608354508874,0.0,0.0,0.0,0.0,0.0,0.0,0.0,0.0,0.0,0.0,0.0,115.94464268684382,0.0,0.0,7499.542809158564,0.0,175.64362732470028,0.0,0.0,1536.8991033285854,0.0,0.0,0.0,0.0,0.0,0.0,0.0,3366.4910299837584,0.0,0.0,0.0,0.0,0.0,0.0,0.0
4106,0.0,138.96108624637128,0.0,0.0,0.0,0.0,0.0,0.0,0.0,0.0,0.0,0.0,0.0,130.32590549588195,0.0,0.0,7736.778506696224,0.0,213.74575174450874,0.0,0.0,1801.7004383414983,0.0,0.0,0.0,0.0,0.0,0.0,0.0,3791.51546485722,0.0,0.0,0.0,0.0,0.0,0.0,0.0
4107,0.0,135.08681809008112,0.0,0.0,0.0,0.0,0.0,0.0,0.0,0.0,0.0,0.0,0.0,142.48337146043767,0.0,0.0,7924.81312251091,0.0,257.0608036518096,0.0,0.0,2004.7939262464643,0.0,0.0,0.0,0.0,0.0,0.0,0.0,4185.63071488142,0.0,0.0,0.0,0.0,0.0,0.0,0.0
4108,0.0,138.3970783621072,0.0,0.0,0.0,0.0,0.0,0.0,0.0,0.0,0.0,0.0,0.0,157.04464524388314,0.0,0.0,8074.0141135156155,0.0,296.3580540895461,0.0,0.0,2167.5714451074596,0.0,0.0,0.0,0.0,0.0,0.0,0.0,4558.124433943629,0.0,0.0,0.0,0.0,0.0,0.0,0.0
4109,0.0,145.5978792160749,0.0,0.0,0.0,0.0,0.0,0.0,0.0,0.0,0.0,0.0,0.0,169.40140106678004,0.0,0.0,8193.127854675055,0.0,319.1906684815883,0.0,0.0,2152.7162811934945,0.0,0.0,0.0,0.0,0.0,0.0,0.0,4907.998571711777,0.0,0.0,0.0,0.0,0.0,0.0,0.0
4110,0.0,144.03867222368717,0.0,0.0,0.0,0.0,0.0,0.0,0.0,0.0,0.0,0.0,0.0,179.39167388677592,0.0,0.0,7910.879129737616,0.0,323.9916547536849,0.0,0.0,2019.6612005129448,0.0,0.0,0.0,0.0,0.0,0.0,0.0,4780.121203240751,0.0,0.0,0.0,0.0,0.0,0.0,0.0
4111,0.0,135.91407454311843,0.0,0.0,0.0,0.0,0.0,0.0,0.0,0.0,0.0,0.0,0.0,179.6950697183608,0.0,0.0,7679.087747246027,0.0,320.43910453915595,0.0,0.0,1870.7347459629175,0.0,0.0,0.0,0.0,0.0,0.0,0.0,4629.02216876447,0.0,0.0,0.0,0.0,0.0,0.0,0.0
4112,0.0,128.80347342789173,0.0,0.0,0.0,0.0,0.0,0.0,0.0,0.0,0.0,0.0,0.0,178.24334734082223,0.0,0.0,7567.044070303438,0.0,306.1037577331065,0.0,0.0,1757.2121500968933,0.0,0.0,0.0,0.0,0.0,0.0,0.0,4476.553707981108,0.0,0.0,0.0,0.0,0.0,0.0,0.0
4113,0.0,122.99463830888268,0.0,0.0,0.0,0.0,0.0,0.0,0.0,0.0,0.0,0.0,0.0,180.51664159893988,0.0,0.0,7516.7415240704995,0.0,291.6916693687439,0.0,0.0,1651.3473842650649,0.0,0.0,0.0,0.0,0.0,0.0,0.0,4325.190334811805,0.0,0.0,0.0,0.0,0.0,0.0,0.0
4114,0.0,103.11254676729435,0.0,0.0,0.0,0.0,0.0,0.0,0.0,0.0,0.0,0.0,0.0,167.10131812691677,0.0,0.0,7295.035231530666,0.0,268.9729964792727,0.0,0.0,1482.839700731635,0.0,0.0,0.0,0.0,0.0,0.0,0.0,4030.72462464571,0.0,0.0,0.0,0.0,0.0,0.0,0.0
4115,0.0,87.30253856331105,0.0,0.0,0.0,0.0,0.0,0.0,0.0,0.0,0.0,0.0,0.0,158.05232560634607,0.0,0.0,7118.381637781858,0.0,250.84138795137395,0.0,0.0,1316.97207404673,0.0,0.0,0.0,0.0,0.0,0.0,0.0,3772.876151680945,0.0,0.0,0.0,0.0,0.0,0.0,0.0
4116,0.0,73.86765220463275,0.0,0.0,0.0,0.0,0.0,0.0,0.0,0.0,0.0,0.0,0.0,155.23953644037246,0.0,0.0,6973.844757795332,0.0,238.3361746579408,0.0,0.0,1144.6640862040222,0.0,0.0,0.0,0.0,0.0,0.0,0.0,3526.9843940168607,0.0,0.0,0.0,0.0,0.0,0.0,0.0
4117,0.0,59.234582255780644,0.0,0.0,0.0,0.0,0.0,0.0,0.0,0.0,0.0,0.0,0.0,156.65539112687108,0.0,0.0,6831.1942135691625,0.0,230.6414032399653,0.0,0.0,976.7017469823361,0.0,0.0,0.0,0.0,0.0,0.0,0.0,3273.238052561879,0.0,0.0,0.0,0.0,0.0,0.0,0.0
4118,0.0,54.88637970238918,0.0,0.0,0.0,0.0,0.0,0.0,0.0,0.0,0.0,0.0,0.0,161.1703039884567,0.0,0.0,6642.418287247419,0.0,232.3471021980047,0.0,0.0,827.0970370016989,0.0,0.0,0.0,0.0,0.0,0.0,0.0,3028.4917022988197,0.0,0.0,0.0,0.0,0.0,0.0,0.0
4119,0.0,77.560153158009,0.0,0.0,0.0,0.0,0.0,0.0,0.0,0.0,0.0,0.0,0.0,178.41972671151146,0.0,0.0,6696.464723795651,0.0,245.93378159999833,0.0,0.0,817.2377719491719,0.0,0.0,0.0,0.0,0.0,0.0,0.0,2751.375795350967,0.0,0.0,0.0,0.0,0.0,0.0,0.0
4120,0.0,99.1620436996221,0.0,0.0,0.0,0.0,0.0,0.0,0.0,0.0,0.0,0.0,0.0,192.85996945500372,0.0,0.0,6731.846937566994,0.0,266.19082598686214,0.0,0.0,799.9718909874554,0.0,0.0,0.0,0.0,0.0,0.0,0.0,2506.2710871607064,0.0,0.0,0.0,0.0,0.0,0.0,0.0
4121,0.0,116.00925771743053,0.0,0.0,0.0,0.0,0.0,0.0,0.0,0.0,0.0,0.0,0.0,203.00330764651295,0.0,0.0,6803.736943602562,0.0,268.57882527709006,0.0,0.0,832.0967960380016,0.0,0.0,0.0,0.0,0.0,0.0,0.0,2324.172464725373,0.0,0.0,0.0,0.0,0.0,0.0,0.0
4122,0.0,120.27400096356865,0.0,0.0,0.0,0.0,0.0,0.0,0.0,0.0,0.0,0.0,0.0,205.2357799887657,0.0,0.0,6865.801668405533,0.0,259.8737122654914,0.0,0.0,848.4448636583984,0.0,0.0,0.0,0.0,0.0,0.0,0.0,2184.376169453561,0.0,0.0,0.0,0.0,0.0,0.0,0.0
4123,0.0,118.27172107100486,0.0,0.0,0.0,0.0,0.0,0.0,0.0,0.0,0.0,0.0,0.0,210.7351937174797,0.0,0.0,6949.772002011536,0.0,238.51474921107277,0.0,0.0,837.2148580804466,0.0,0.0,0.0,0.0,0.0,0.0,0.0,2429.7826432242978,0.0,0.0,0.0,0.0,0.0,0.0,0.0
4124,0.0,121.17951936721802,0.0,0.0,0.0,0.0,0.0,0.0,0.0,0.0,0.0,0.0,0.0,213.10477030873295,0.0,0.0,7009.854712992907,0.0,228.19702602624892,0.0,0.0,836.6314418479798,0.0,0.0,0.0,0.0,0.0,0.0,0.0,2630.427282826601,0.0,0.0,0.0,0.0,0.0,0.0,0.0
4125,0.0,126.60748153030869,0.0,0.0,0.0,0.0,0.0,0.0,0.0,0.0,0.0,0.0,0.0,211.19255161285398,0.0,0.0,7075.582429587841,0.0,215.2680594235658,0.0,0.0,839.5607090525322,0.0,0.0,0.0,0.0,0.0,0.0,0.0,2810.5818767890314,0.0,0.0,0.0,0.0,0.0,0.0,0.0
4126,0.0,134.02212450206278,0.0,0.0,0.0,0.0,0.0,0.0,0.0,0.0,0.0,0.0,0.0,211.37554408907891,0.0,0.0,7154.2780238986,0.0,198.86163906753058,0.0,0.0,860.2071949191386,0.0,0.0,0.0,0.0,0.0,0.0,0.0,2987.054532895982,0.0,0.0,0.0,0.0,0.0,0.0,0.0
4127,0.0,139.75184196531774,0.0,0.0,0.0,0.0,0.0,0.0,0.0,0.0,0.0,0.0,0.0,218.7193641602993,0.0,0.0,7250.581492960453,0.0,174.63106262683866,0.0,0.0,916.0699803851545,0.0,0.0,0.0,0.0,0.0,0.0,0.0,3184.830320212244,0.0,0.0,0.0,0.0,0.0,0.0,0.0
4128,0.0,180.2041943460703,0.0,0.0,0.0,0.0,0.0,0.0,0.0,0.0,0.0,0.0,0.0,234.34418223500248,0.0,0.0,7514.232114106415,0.0,165.95710271596894,0.0,0.0,675.4165369100868,0.0,0.0,0.0,0.0,0.0,0.0,0.0,3692.5388857483845,0.0,0.0,0.0,0.0,0.0,0.0,0.0
4129,0.0,213.61232588589186,0.0,0.0,0.0,0.0,0.0,0.0,0.0,0.0,0.0,0.0,0.0,255.30467802882194,0.0,0.0,7743.489194780586,0.0,149.014691928029,0.0,0.0,401.89820800088347,0.0,0.0,0.0,0.0,0.0,0.0,0.0,4422.493733164666,0.0,0.0,0.0,0.0,0.0,0.0,0.0
4130,0.0,242.74685552716255,0.0,0.0,0.0,0.0,0.0,0.0,0.0,0.0,0.0,0.0,0.0,275.4881451308727,0.0,0.0,7951.588977992533,0.0,129.94398488700384,0.0,0.0,208.8823120974001,0.0,0.0,0.0,0.0,0.0,0.0,0.0,5292.949116078017,0.0,0.0,0.0,0.0,0.0,0.0,0.0
4131,0.0,268.44920795559875,0.0,0.0,0.0,0.0,0.0,0.0,0.0,0.0,0.0,0.0,0.0,289.31969074010846,0.0,0.0,8137.227752923964,0.0,113.1102172031998,0.0,0.0,133.29710796782717,0.0,0.0,0.0,0.0,0.0,0.0,0.0,6224.611382055283,0.0,0.0,0.0,0.0,0.0,0.0,0.0
4132,0.0,295.0994852900505,0.0,0.0,0.0,0.0,0.0,0.0,0.0,0.0,0.0,0.0,0.0,296.7294625282287,0.0,0.0,8299.91935056448,0.0,101.81866320669651,0.0,0.0,110.8289223239749,0.0,0.0,0.0,0.0,0.0,0.0,0.0,7269.512221741676,0.0,0.0,0.0,0.0,0.0,0.0,0.0
4133,0.0,315.75587074756623,0.0,0.0,0.0,0.0,0.0,0.0,0.0,0.0,0.0,0.0,0.0,294.54325950741764,0.0,0.0,8428.50210830569,0.0,102.93830001503228,0.0,0.0,0.0,0.0,0.0,0.0,0.0,0.0,0.0,0.0,8230.23402494192,0.0,0.0,0.0,0.0,0.0,0.0,0.0
4134,0.0,292.4942979991436,0.0,0.0,0.0,0.0,0.0,0.0,0.0,0.0,0.0,0.0,0.0,286.23188605308525,0.0,0.0,8278.79316791892,0.0,88.06930444687603,0.0,0.0,59.26849096873682,0.0,0.0,0.0,0.0,0.0,0.0,0.0,8408.429402709007,0.0,0.0,0.0,0.0,0.0,0.0,0.0
4135,0.0,271.5445038735867,0.0,0.0,0.0,0.0,0.0,0.0,0.0,0.0,0.0,0.0,0.0,276.5273442268371,0.0,0.0,8122.6621293723565,0.0,66.74630380868895,0.0,0.0,123.34476350275736,0.0,0.0,0.0,0.0,0.0,0.0,0.0,8304.883127206564,0.0,0.0,0.0,0.0,0.0,0.0,0.0
4136,0.0,253.5920905530452,0.0,0.0,0.0,0.0,0.0,0.0,0.0,0.0,0.0,0.0,0.0,271.9517028808594,0.0,0.0,7988.599274545908,0.0,47.72288219481691,0.0,0.0,100.55292868791082,0.0,0.0,0.0,0.0,0.0,0.0,0.0,8159.355093967914,0.0,0.0,0.0,0.0,0.0,0.0,0.0
4137,0.0,237.63950223326682,0.0,0.0,0.0,0.0,0.0,0.0,0.0,0.0,0.0,0.0,0.0,273.84482203125947,0.0,0.0,7887.400666952133,0.0,35.430931290983985,0.0,0.0,94.78469209475344,0.0,0.0,0.0,0.0,0.0,0.0,0.0,8006.743796271085,0.0,0.0,0.0,0.0,0.0,0.0,0.0
4138,0.0,222.5792881250381,0.0,0.0,0.0,0.0,0.0,0.0,0.0,0.0,0.0,0.0,0.0,259.85234257578844,0.0,0.0,7515.663395673037,0.0,20.729806029051367,0.0,0.0,205.8495770685366,0.0,0.0,0.0,0.0,0.0,0.0,0.0,7198.17910554409,0.0,0.0,0.0,0.0,0.0,0.0,0.0
4139,0.0,210.11577439606185,0.0,0.0,0.0,0.0,0.0,0.0,0.0,0.0,0.0,0.0,0.0,245.26578207015982,0.0,0.0,7188.522213250399,0.0,15.816312156617487,0.0,0.0,253.73160238154162,0.0,0.0,0.0,0.0,0.0,0.0,0.0,6410.536587321757,0.0,0.0,0.0,0.0,0.0,0.0,0.0
4140,0.0,198.83718784153461,0.0,0.0,0.0,0.0,0.0,0.0,0.0,0.0,0.0,0.0,0.0,230.55792151689522,0.0,0.0,6864.150249511002,0.0,16.333884169906373,0.0,0.0,280.88899220935957,0.0,0.0,0.0,0.0,0.0,0.0,0.0,5712.070227882266,0.0,0.0,0.0,0.0,0.0,0.0,0.0
4141,0.0,192.65701877474777,0.0,0.0,0.0,0.0,0.0,0.0,0.0,0.0,0.0,0.0,0.0,221.39886001944538,0.0,0.0,6540.948202878237,0.0,17.47102792412037,0.0,0.0,302.939370691403,0.0,0.0,0.0,0.0,0.0,0.0,0.0,5033.264013534784,0.0,0.0,0.0,0.0,0.0,0.0,0.0
4142,0.0,190.02193791568274,0.0,0.0,0.0,0.0,0.0,0.0,0.0,0.0,0.0,0.0,0.0,218.22867172956455,0.0,0.0,6195.608353123069,0.0,19.844725243747142,0.0,0.0,318.2826953463247,0.0,0.0,0.0,0.0,0.0,0.0,0.0,4324.334036555885,0.0,0.0,0.0,0.0,0.0,0.0,0.0
4143,0.0,196.4328527837991,0.0,0.0,0.0,0.0,0.0,0.0,0.0,0.0,0.0,0.0,0.0,228.0021019399166,0.0,0.0,6234.15416587889,0.0,31.09229882806538,0.0,0.0,311.4097675345836,0.0,0.0,0.0,0.0,0.0,0.0,0.0,3819.3053808063264,0.0,0.0,0.0,0.0,0.0,0.0,0.0
4144,0.0,191.3046820074319,0.0,0.0,0.0,0.0,0.0,0.0,0.0,0.0,0.0,0.0,0.0,243.31498318910596,0.0,0.0,6274.065141215919,0.0,43.00362464487553,0.0,0.0,316.4699647989117,0.0,0.0,0.0,0.0,0.0,0.0,0.0,3072.0086856454595,0.0,0.0,0.0,0.0,0.0,0.0,0.0
4145,0.0,180.68142531216145,0.0,0.0,0.0,0.0,0.0,0.0,0.0,0.0,0.0,0.0,0.0,262.2244971573353,0.0,0.0,6407.973199829458,0.0,62.680764880776344,0.0,0.0,333.5693662583827,0.0,0.0,0.0,0.0,0.0,0.0,0.0,2419.5184549450855,0.0,0.0,0.0,0.0,0.0,0.0,0.0
4146,0.0,155.1398612827062,0.0,0.0,0.0,0.0,0.0,0.0,0.0,0.0,0.0,0.0,0.0,286.8434974372387,0.0,0.0,6541.424259573219,0.0,73.7373071178793,0.0,0.0,377.0265715207902,0.0,0.0,0.0,0.0,0.0,0.0,0.0,1876.0941520184276,0.0,0.0,0.0,0.0,0.0,0.0,0.0
4147,0.0,155.63661915957928,0.0,0.0,0.0,0.0,0.0,0.0,0.0,0.0,0.0,0.0,0.0,325.7632599771022,0.0,0.0,6616.55098441243,0.0,63.17896995097394,0.0,0.0,414.191653909161,0.0,0.0,0.0,0.0,0.0,0.0,0.0,2104.4641597494483,0.0,0.0,0.0,0.0,0.0,0.0,0.0
4148,0.0,156.14981779754163,0.0,0.0,0.0,0.0,0.0,0.0,0.0,0.0,0.0,0.0,0.0,366.4975914239883,0.0,0.0,6653.420486420391,0.0,52.5632989257574,0.0,0.0,446.9093228705221,0.0,0.0,0.0,0.0,0.0,0.0,0.0,2299.969744172691,0.0,0.0,0.0,0.0,0.0,0.0,0.0
4149,0.0,156.55093308985232,0.0,0.0,0.0,0.0,0.0,0.0,0.0,0.0,0.0,0.0,0.0,405.4934383034706,0.0,0.0,6705.257770985363,0.0,59.790759012102924,0.0,0.0,484.8805762879546,0.0,0.0,0.0,0.0,0.0,0.0,0.0,2463.982139657438,0.0,0.0,0.0,0.0,0.0,0.0,0.0
4150,0.0,155.5689763695001,0.0,0.0,0.0,0.0,0.0,0.0,0.0,0.0,0.0,0.0,0.0,439.8715889692306,0.0,0.0,6803.223549127579,0.0,72.13413031697254,0.0,0.0,516.3842959441238,0.0,0.0,0.0,0.0,0.0,0.0,0.0,2580.0302612125874,0.0,0.0,0.0,0.0,0.0,0.0,0.0
4151,0.0,143.37270917594427,0.0,0.0,0.0,0.0,0.0,0.0,0.0,0.0,0.0,0.0,0.0,465.3012439012527,0.0,0.0,6938.204291045666,0.0,82.71233462542278,0.0,0.0,543.1435957778243,0.0,0.0,0.0,0.0,0.0,0.0,0.0,2651.378203520179,0.0,0.0,0.0,0.0,0.0,0.0,0.0
4152,0.0,174.55337009131907,0.0,0.0,0.0,0.0,0.0,0.0,0.0,0.0,0.0,0.0,0.0,477.8565049767494,0.0,0.0,7254.03290399909,0.0,111.39545539021482,0.0,0.0,780.9038381919265,0.0,0.0,0.0,0.0,0.0,0.0,0.0,3131.787561187148,0.0,0.0,0.0,0.0,0.0,0.0,0.0
4153,0.0,209.57292066514486,0.0,0.0,0.0,0.0,0.0,0.0,0.0,0.0,0.0,0.0,0.0,480.3137108206748,0.0,0.0,7512.727712720631,0.0,124.79960311353187,0.0,0.0,894.6167179718614,0.0,0.0,0.0,0.0,0.0,0.0,0.0,3600.8820656329394,0.0,0.0,0.0,0.0,0.0,0.0,0.0
4154,0.0,242.74034655690187,0.0,0.0,0.0,0.0,0.0,0.0,0.0,0.0,0.0,0.0,0.0,475.823748421669,0.0,0.0,7723.79818305373,0.0,126.10505438446992,0.0,0.0,881.6558402605349,0.0,0.0,0.0,0.0,0.0,0.0,0.0,4036.7505343317966,0.0,0.0,0.0,0.0,0.0,0.0,0.0
4155,0.0,261.1038069605827,0.0,0.0,0.0,0.0,0.0,0.0,0.0,0.0,0.0,0.0,0.0,468.106725025177,0.0,0.0,7898.929484397171,0.0,121.26013216227284,0.0,0.0,784.1709842316806,0.0,0.0,0.0,0.0,0.0,0.0,0.0,4426.782818305493,0.0,0.0,0.0,0.0,0.0,0.0,0.0
4156,0.0,258.06476313471796,0.0,0.0,0.0,0.0,0.0,0.0,0.0,0.0,0.0,0.0,0.0,456.11324166059495,0.0,0.0,8039.202078759668,0.0,107.40733236223456,0.0,0.0,625.7866849701845,0.0,0.0,0.0,0.0,0.0,0.0,0.0,4709.2820496350505,0.0,0.0,0.0,0.0,0.0,0.0,0.0
4157,0.0,271.77029780745505,0.0,0.0,0.0,0.0,0.0,0.0,0.0,0.0,0.0,0.0,0.0,432.97822226285933,0.0,0.0,8143.825649797916,0.0,77.07231176197523,0.0,0.0,297.52025285437685,0.0,0.0,0.0,0.0,0.0,0.0,0.0,4958.030183956026,0.0,0.0,0.0,0.0,0.0,0.0,0.0
4158,0.0,253.51168232560158,0.0,0.0,0.0,0.0,0.0,0.0,0.0,0.0,0.0,0.0,0.0,403.3120101690292,0.0,0.0,7981.684006541967,0.0,45.815154933929364,0.0,0.0,324.9368420708919,0.0,0.0,0.0,0.0,0.0,0.0,0.0,4460.101426836847,0.0,0.0,0.0,0.0,0.0,0.0,0.0
4159,0.0,238.07669742107385,0.0,0.0,0.0,0.0,0.0,0.0,0.0,0.0,0.0,0.0,0.0,375.91980968713756,0.0,0.0,7810.957785367966,0.0,20.43351069614274,0.0,0.0,344.73337041512036,0.0,0.0,0.0,0.0,0.0,0.0,0.0,3992.334401655196,0.0,0.0,0.0,0.0,0.0,0.0,0.0
4160,0.0,223.64542659223073,0.0,0.0,0.0,0.0,0.0,0.0,0.0,0.0,0.0,0.0,0.0,350.600335818529,0.0,0.0,7625.498698502779,0.0,14.260968222282793,0.0,0.0,360.06023255959076,0.0,0.0,0.0,0.0,0.0,0.0,0.0,3602.2435364663597,0.0,0.0,0.0,0.0,0.0,0.0,0.0
4161,0.0,212.48527804613107,0.0,0.0,0.0,0.0,0.0,0.0,0.0,0.0,0.0,0.0,0.0,330.9459844112396,0.0,0.0,7473.493484646082,0.0,14.101511439308473,0.0,0.0,363.3659803479908,0.0,0.0,0.0,0.0,0.0,0.0,0.0,3286.6419408440574,0.0,0.0,0.0,0.0,0.0,0.0,0.0
4162,0.0,192.31692507863042,0.0,0.0,0.0,0.0,0.0,0.0,0.0,0.0,0.0,0.0,0.0,301.4307528793812,0.0,0.0,7047.761116266251,0.0,13.854829308949382,0.0,0.0,320.3808139197526,0.0,0.0,0.0,0.0,0.0,0.0,0.0,2846.5760557576996,0.0,0.0,0.0,0.0,0.0,0.0,0.0
4163,0.0,179.20935996472832,0.0,0.0,0.0,0.0,0.0,0.0,0.0,0.0,0.0,0.0,0.0,281.16857861280437,0.0,0.0,6648.616358727215,0.0,14.088846229202911,0.0,0.0,276.45539215318826,0.0,0.0,0.0,0.0,0.0,0.0,0.0,2470.7345287337894,0.0,0.0,0.0,0.0,0.0,0.0,0.0
4164,0.0,170.42829616069793,0.0,0.0,0.0,0.0,0.0,0.0,0.0,0.0,0.0,0.0,0.0,268.2967179119587,0.0,0.0,6303.122101694345,0.0,14.347346937470062,0.0,0.0,242.52104905731886,0.0,0.0,0.0,0.0,0.0,0.0,0.0,2151.4195349737997,0.0,0.0,0.0,0.0,0.0,0.0,0.0
4165,0.0,167.22053814232345,0.0,0.0,0.0,0.0,0.0,0.0,0.0,0.0,0.0,0.0,0.0,258.8299564599991,0.0,0.0,6008.055239096284,0.0,14.748245808854618,0.0,0.0,227.86638716719963,0.0,0.0,0.0,0.0,0.0,0.0,0.0,1894.6750647857764,0.0,0.0,0.0,0.0,0.0,0.0,0.0
4166,0.0,168.16785984635345,0.0,0.0,0.0,0.0,0.0,0.0,0.0,0.0,0.0,0.0,0.0,252.47061483860017,0.0,0.0,5713.608339220285,0.0,15.744420670717854,0.0,0.0,221.54005254730484,0.0,0.0,0.0,0.0,0.0,0.0,0.0,1716.80134128332,0.0,0.0,0.0,0.0,0.0,0.0,0.0
4167,0.0,179.61949523091312,0.0,0.0,0.0,0.0,0.0,0.0,0.0,0.0,0.0,0.0,0.0,258.91408861279484,0.0,0.0,5711.01569712162,0.0,21.6518162809312,0.0,0.0,243.47984837293603,0.0,0.0,0.0,0.0,0.0,0.0,0.0,1672.8616329953065,0.0,0.0,0.0,0.0,0.0,0.0,0.0
4168,0.0,185.30839135050772,0.0,0.0,0.0,0.0,0.0,0.0,0.0,0.0,0.0,0.0,0.0,262.63222313523295,0.0,0.0,5684.7940743118525,0.0,33.415739171206845,0.0,0.0,264.0889813710001,0.0,0.0,0.0,0.0,0.0,0.0,0.0,1632.124183662235,0.0,0.0,0.0,0.0,0.0,0.0,0.0
4169,0.0,195.11304683983323,0.0,0.0,0.0,0.0,0.0,0.0,0.0,0.0,0.0,0.0,0.0,256.7021056890488,0.0,0.0,5673.79576449096,0.0,34.13966342508773,0.0,0.0,289.81454908288924,0.0,0.0,0.0,0.0,0.0,0.0,0.0,1677.4707451447841,0.0,0.0,0.0,0.0,0.0,0.0,0.0
4170,0.0,200.66842490136617,0.0,0.0,0.0,0.0,0.0,0.0,0.0,0.0,0.0,0.0,0.0,255.5052456736564,0.0,0.0,5638.399160116911,0.0,38.1403247609734,0.0,0.0,319.36210620403267,0.0,0.0,0.0,0.0,0.0,0.0,0.0,1755.0917592406272,0.0,0.0,0.0,0.0,0.0,0.0,0.0
4171,0.0,204.08947794735425,0.0,0.0,0.0,0.0,0.0,0.0,0.0,0.0,0.0,0.0,0.0,269.44390117526046,0.0,0.0,5762.914822384713,0.0,44.41929001361119,0.0,0.0,297.3097597897045,0.0,0.0,0.0,0.0,0.0,0.0,0.0,1881.6139850959182,0.0,0.0,0.0,0.0,0.0,0.0,0.0
4172,0.0,211.03480171859263,0.0,0.0,0.0,0.0,0.0,0.0,0.0,0.0,0.0,0.0,0.0,289.04622201323497,0.0,0.0,5905.182265430689,0.0,63.25791238248342,0.0,0.0,284.71908041685737,0.0,0.0,0.0,0.0,0.0,0.0,0.0,2009.695664595066,0.0,0.0,0.0,0.0,0.0,0.0,0.0
4173,0.0,220.22204490602007,0.0,0.0,0.0,0.0,0.0,0.0,0.0,0.0,0.0,0.0,0.0,305.7155745029449,0.0,0.0,6061.692515805362,0.0,82.45006019771094,0.0,0.0,280.6413733452558,0.0,0.0,0.0,0.0,0.0,0.0,0.0,2171.3496237516392,0.0,0.0,0.0,0.0,0.0,0.0,0.0
4174,0.0,228.86458267271513,0.0,0.0,0.0,0.0,0.0,0.0,0.0,0.0,0.0,0.0,0.0,320.33369857668873,0.0,0.0,6246.7393313497305,0.0,98.48655600845812,0.0,0.0,279.5812633618703,0.0,0.0,0.0,0.0,0.0,0.0,0.0,2341.477608807384,0.0,0.0,0.0,0.0,0.0,0.0,0.0
4175,0.0,233.73658899664878,0.0,0.0,0.0,0.0,0.0,0.0,0.0,0.0,0.0,0.0,0.0,331.26457917690277,0.0,0.0,6448.840566843746,0.0,104.24797518402325,0.0,0.0,279.9650101572265,0.0,0.0,0.0,0.0,0.0,0.0,0.0,2488.779712672532,0.0,0.0,0.0,0.0,0.0,0.0,0.0
4176,0.0,256.42012590765955,0.0,0.0,0.0,0.0,0.0,0.0,0.0,0.0,0.0,0.0,0.0,337.876317256689,0.0,0.0,6651.806405305862,0.0,117.0945683643221,0.0,0.0,590.9719192463896,0.0,0.0,0.0,0.0,0.0,0.0,0.0,2984.343343633412,0.0,0.0,0.0,0.0,0.0,0.0,0.0
4177,0.0,277.50105333924296,0.0,0.0,0.0,0.0,0.0,0.0,0.0,0.0,0.0,0.0,0.0,341.674078053236,0.0,0.0,6845.051197171209,0.0,116.77870971411467,0.0,0.0,692.0034812338642,0.0,0.0,0.0,0.0,0.0,0.0,0.0,3434.9185902327295,0.0,0.0,0.0,0.0,0.0,0.0,0.0
4178,0.0,295.36424887776377,0.0,0.0,0.0,0.0,0.0,0.0,0.0,0.0,0.0,0.0,0.0,344.00702476501465,0.0,0.0,7023.959837257862,0.0,108.4821217477321,0.0,0.0,704.1071730561548,0.0,0.0,0.0,0.0,0.0,0.0,0.0,3863.1950057715176,0.0,0.0,0.0,0.0,0.0,0.0,0.0
4179,0.0,308.8712599575519,0.0,0.0,0.0,0.0,0.0,0.0,0.0,0.0,0.0,0.0,0.0,346.15231620073314,0.0,0.0,7183.270032197235,0.0,96.71779499351973,0.0,0.0,694.4189667329191,0.0,0.0,0.0,0.0,0.0,0.0,0.0,4261.801843902468,0.0,0.0,0.0,0.0,0.0,0.0,0.0
4180,0.0,331.60807503461837,0.0,0.0,0.0,0.0,0.0,0.0,0.0,0.0,0.0,0.0,0.0,347.3658771097659,0.0,0.0,7316.8078244924545,0.0,82.38060301095237,0.0,0.0,647.9796250082544,0.0,0.0,0.0,0.0,0.0,0.0,0.0,4593.463371172546,0.0,0.0,0.0,0.0,0.0,0.0,0.0
4181,0.0,346.7128980338573,0.0,0.0,0.0,0.0,0.0,0.0,0.0,0.0,0.0,0.0,0.0,336.4232946753501,0.0,0.0,7429.534471660851,0.0,63.78137191683036,0.0,0.0,486.6489526692771,0.0,0.0,0.0,0.0,0.0,0.0,0.0,4885.736263507603,0.0,0.0,0.0,0.0,0.0,0.0,0.0
4182,0.0,317.75749132633206,0.0,0.0,0.0,0.0,0.0,0.0,0.0,0.0,0.0,0.0,0.0,316.99170404672617,0.0,0.0,7361.666055679321,0.0,37.87983622699958,0.0,0.0,428.55517535582175,0.0,0.0,0.0,0.0,0.0,0.0,0.0,4556.980292186139,0.0,0.0,0.0,0.0,0.0,0.0,0.0
4183,0.0,292.4317894399166,0.0,0.0,0.0,0.0,0.0,0.0,0.0,0.0,0.0,0.0,0.0,297.15507751703257,0.0,0.0,7279.652844041584,0.0,15.014039225317369,0.0,0.0,387.3509876444933,0.0,0.0,0.0,0.0,0.0,0.0,0.0,4220.945424076914,0.0,0.0,0.0,0.0,0.0,0.0,0.0
4184,0.0,269.15935905575753,0.0,0.0,0.0,0.0,0.0,0.0,0.0,0.0,0.0,0.0,0.0,278.46222681999205,0.0,0.0,7158.728220552204,0.0,14.013638612814095,0.0,0.0,321.4673774544143,0.0,0.0,0.0,0.0,0.0,0.0,0.0,3875.425461688638,0.0,0.0,0.0,0.0,0.0,0.0,0.0
4185,0.0,250.67306989431376,0.0,0.0,0.0,0.0,0.0,0.0,0.0,0.0,0.0,0.0,0.0,262.7080384671688,0.0,0.0,7004.254823863506,0.0,14.190122521668556,0.0,0.0,285.40952188968635,0.0,0.0,0.0,0.0,0.0,0.0,0.0,3571.5621674537656,0.0,0.0,0.0,0.0,0.0,0.0,0.0
4186,0.0,217.08766711056228,0.0,0.0,0.0,0.0,0.0,0.0,0.0,0.0,0.0,0.0,0.0,233.59423364996903,0.0,0.0,6504.3867375552645,0.0,14.172321940772102,0.0,0.0,340.14176810346544,0.0,0.0,0.0,0.0,0.0,0.0,0.0,3073.000226953624,0.0,0.0,0.0,0.0,0.0,0.0,0.0
4187,0.0,192.13540336489672,0.0,0.0,0.0,0.0,0.0,0.0,0.0,0.0,0.0,0.0,0.0,208.72162637710562,0.0,0.0,5996.251833394169,0.0,14.43297628127033,0.0,0.0,363.3130354005836,0.0,0.0,0.0,0.0,0.0,0.0,0.0,2651.830038262903,0.0,0.0,0.0,0.0,0.0,0.0,0.0
4188,0.0,175.16515718400476,0.0,0.0,0.0,0.0,0.0,0.0,0.0,0.0,0.0,0.0,0.0,187.62162768244733,0.0,0.0,5468.844411790369,0.0,14.692566310614204,0.0,0.0,356.65124401599144,0.0,0.0,0.0,0.0,0.0,0.0,0.0,2313.1047736063583,0.0,0.0,0.0,0.0,0.0,0.0,0.0
4189,0.0,160.7369725048542,0.0,0.0,0.0,0.0,0.0,0.0,0.0,0.0,0.0,0.0,0.0,171.31377668380722,0.0,0.0,4939.027925506233,0.0,15.303859767131497,0.0,0.0,332.2813545785838,0.0,0.0,0.0,0.0,0.0,0.0,0.0,2082.793811108172,0.0,0.0,0.0,0.0,0.0,0.0,0.0
4190,0.0,148.75153141915794,0.0,0.0,0.0,0.0,0.0,0.0,0.0,0.0,0.0,0.0,0.0,157.74079229235645,0.0,0.0,4454.572563633321,0.0,16.74881175532921,0.0,0.0,306.80650900863105,0.0,0.0,0.0,0.0,0.0,0.0,0.0,1937.593579545615,0.0,0.0,0.0,0.0,0.0,0.0,0.0
4191,0.0,140.7801470428705,0.0,0.0,0.0,0.0,0.0,0.0,0.0,0.0,0.0,0.0,0.0,162.74491804242123,0.0,0.0,4356.975496068597,0.0,24.40446580164124,0.0,0.0,372.00244040004884,0.0,0.0,0.0,0.0,0.0,0.0,0.0,1917.2592080608001,0.0,0.0,0.0,0.0,0.0,0.0,0.0
4192,0.0,131.91947460472585,0.0,0.0,0.0,0.0,0.0,0.0,0.0,0.0,0.0,0.0,0.0,162.64868054389953,0.0,0.0,4266.223299235104,0.0,26.599184704199295,0.0,0.0,416.0279239542778,0.0,0.0,0.0,0.0,0.0,0.0,0.0,1993.848541867731,0.0,0.0,0.0,0.0,0.0,0.0,0.0
4193,0.0,123.20192937254906,0.0,0.0,0.0,0.0,0.0,0.0,0.0,0.0,0.0,0.0,0.0,148.42279208898537,0.0,0.0,4209.2532367259255,0.0,15.24934461973591,0.0,0.0,438.62001364231054,0.0,0.0,0.0,0.0,0.0,0.0,0.0,2008.3540824457982,0.0,0.0,0.0,0.0,0.0,0.0,0.0
4194,0.0,113.42480374127622,0.0,0.0,0.0,0.0,0.0,0.0,0.0,0.0,0.0,0.0,0.0,134.61675737500184,0.0,0.0,4144.772835344076,0.0,15.294371743500209,0.0,0.0,453.09275533072594,0.0,0.0,0.0,0.0,0.0,0.0,0.0,2015.1160542517891,0.0,0.0,0.0,0.0,0.0,0.0,0.0
4195,0.0,106.36427540481088,0.0,0.0,0.0,0.0,0.0,0.0,0.0,0.0,0.0,0.0,0.0,134.36821669340125,0.0,0.0,4117.781898692248,0.0,14.265757159329755,0.0,0.0,511.54954046085413,0.0,0.0,0.0,0.0,0.0,0.0,0.0,2182.778023278713,0.0,0.0,0.0,0.0,0.0,0.0,0.0
4196,0.0,102.83278729766602,0.0,0.0,0.0,0.0,0.0,0.0,0.0,0.0,0.0,0.0,0.0,136.24696635007854,0.0,0.0,4073.072240754962,0.0,14.364547280222066,0.0,0.0,553.3830502096556,0.0,0.0,0.0,0.0,0.0,0.0,0.0,2335.738276979325,0.0,0.0,0.0,0.0,0.0,0.0,0.0
4197,0.0,99.52018435746423,0.0,0.0,0.0,0.0,0.0,0.0,0.0,0.0,0.0,0.0,0.0,133.9033938348293,0.0,0.0,4021.0050954818716,0.0,15.825178637355389,0.0,0.0,595.0682838298379,0.0,0.0,0.0,0.0,0.0,0.0,0.0,2479.1346048891546,0.0,0.0,0.0,0.0,0.0,0.0,0.0
4198,0.0,95.75046653598547,0.0,0.0,0.0,0.0,0.0,0.0,0.0,0.0,0.0,0.0,0.0,130.45130791068073,0.0,0.0,3982.310709476471,0.0,19.70535513386126,0.0,0.0,640.0135865025218,0.0,0.0,0.0,0.0,0.0,0.0,0.0,2611.0133958056554,0.0,0.0,0.0,0.0,0.0,0.0,0.0
4199,0.0,87.45498033016919,0.0,0.0,0.0,0.0,0.0,0.0,0.0,0.0,0.0,0.0,0.0,125.96130067706108,0.0,0.0,3955.101191237568,0.0,26.91123443581164,0.0,0.0,679.3222012862556,0.0,0.0,0.0,0.0,0.0,0.0,0.0,2730.1384776055806,0.0,0.0,0.0,0.0,0.0,0.0,0.0
4200,0.0,102.14139157086603,0.0,0.0,0.0,0.0,0.0,0.0,0.0,0.0,0.0,0.0,0.0,124.65473036169993,0.0,0.0,4139.815078243612,0.0,52.93297151923165,0.0,0.0,919.7924756795168,0.0,0.0,0.0,0.0,0.0,0.0,0.0,3374.68191334307,0.0,0.0,0.0,0.0,0.0,0.0,0.0
4201,0.0,113.39923078268761,0.0,0.0,0.0,0.0,0.0,0.0,0.0,0.0,0.0,0.0,0.0,121.18488993048658,0.0,0.0,4314.7608574926835,0.0,76.35484933108081,0.0,0.0,1146.888606581836,0.0,0.0,0.0,0.0,0.0,0.0,0.0,3874.7044064849597,0.0,0.0,0.0,0.0,0.0,0.0,0.0
4202,0.0,123.53910525441167,0.0,0.0,0.0,0.0,0.0,0.0,0.0,0.0,0.0,0.0,0.0,115.92360404431818,0.0,0.0,4482.991281434893,0.0,96.27483406364905,0.0,0.0,1329.7510694012044,0.0,0.0,0.0,0.0,0.0,0.0,0.0,4250.822205412387,0.0,0.0,0.0,0.0,0.0,0.0,0.0
4203,0.0,134.40167883038515,0.0,0.0,0.0,0.0,0.0,0.0,0.0,0.0,0.0,0.0,0.0,108.28139840960489,0.0,0.0,4642.528225600719,0.0,115.25257829576718,0.0,0.0,1425.3993904709816,0.0,0.0,0.0,0.0,0.0,0.0,0.0,4559.540869867801,0.0,0.0,0.0,0.0,0.0,0.0,0.0
4204,0.0,156.15378770828238,0.0,0.0,0.0,0.0,0.0,0.0,0.0,0.0,0.0,0.0,0.0,101.81337768435476,0.0,0.0,4823.842041015625,0.0,122.34442161321623,0.0,0.0,1417.9375967681403,0.0,0.0,0.0,0.0,0.0,0.0,0.0,4798.449891331792,0.0,0.0,0.0,0.0,0.0,0.0,0.0
4205,0.0,178.74702668488027,0.0,0.0,0.0,0.0,0.0,0.0,0.0,0.0,0.0,0.0,0.0,86.71648718714701,0.0,0.0,5099.695504322647,0.0,122.54745031297196,0.0,0.0,1353.8113122627135,0.0,0.0,0.0,0.0,0.0,0.0,0.0,5000.308825504779,0.0,0.0,0.0,0.0,0.0,0.0,0.0
4206,0.0,182.843132892251,0.0,0.0,0.0,0.0,0.0,0.0,0.0,0.0,0.0,0.0,0.0,62.06159679889674,0.0,0.0,5027.889508292079,0.0,117.68104549348351,0.0,0.0,1208.8071738235653,0.0,0.0,0.0,0.0,0.0,0.0,0.0,4574.474378767609,0.0,0.0,0.0,0.0,0.0,0.0,0.0
4207,0.0,186.61132166683666,0.0,0.0,0.0,0.0,0.0,0.0,0.0,0.0,0.0,0.0,0.0,39.66237506121395,0.0,0.0,4951.214821323751,0.0,115.54886621832834,0.0,0.0,1071.8269765131172,0.0,0.0,0.0,0.0,0.0,0.0,0.0,4197.847791138291,0.0,0.0,0.0,0.0,0.0,0.0,0.0
4208,0.0,187.4002818077802,0.0,0.0,0.0,0.0,0.0,0.0,0.0,0.0,0.0,0.0,0.0,25.145229746401178,0.0,0.0,4870.4940413832655,0.0,114.89420648217191,0.0,0.0,935.7431723579759,0.0,0.0,0.0,0.0,0.0,0.0,0.0,3868.227204474805,0.0,0.0,0.0,0.0,0.0,0.0,0.0
4209,0.0,189.80352268517012,0.0,0.0,0.0,0.0,0.0,0.0,0.0,0.0,0.0,0.0,0.0,23.832514286786306,0.0,0.0,4808.277242913842,0.0,100.52464610189183,0.0,0.0,810.9276727706186,0.0,0.0,0.0,0.0,0.0,0.0,0.0,3590.864316231012,0.0,0.0,0.0,0.0,0.0,0.0,0.0
4210,0.0,175.35178507268424,0.0,0.0,0.0,0.0,0.0,0.0,0.0,0.0,0.0,0.0,0.0,23.334880897402716,0.0,0.0,4320.732179746032,0.0,69.81910812854767,0.0,0.0,709.6400903619816,0.0,0.0,0.0,0.0,0.0,0.0,0.0,3097.3591640800223,0.0,0.0,0.0,0.0,0.0,0.0,0.0
4211,0.0,163.6194784015417,0.0,0.0,0.0,0.0,0.0,0.0,0.0,0.0,0.0,0.0,0.0,23.501643243431946,0.0,0.0,3865.330277934669,0.0,44.510177925229065,0.0,0.0,625.1300767946985,0.0,0.0,0.0,0.0,0.0,0.0,0.0,2656.1323222577566,0.0,0.0,0.0,0.0,0.0,0.0,0.0
4212,0.0,153.3560387045145,0.0,0.0,0.0,0.0,0.0,0.0,0.0,0.0,0.0,0.0,0.0,23.560029119253098,0.0,0.0,3445.7178050577627,0.0,25.11515517495564,0.0,0.0,560.3245907373721,0.0,0.0,0.0,0.0,0.0,0.0,0.0,2311.720159576833,0.0,0.0,0.0,0.0,0.0,0.0,0.0
4213,0.0,144.73388355374328,0.0,0.0,0.0,0.0,0.0,0.0,0.0,0.0,0.0,0.0,0.0,23.387883817404457,0.0,0.0,3077.413275927304,0.0,23.583879122882884,0.0,0.0,516.2074091076845,0.0,0.0,0.0,0.0,0.0,0.0,0.0,2051.887519158422,0.0,0.0,0.0,0.0,0.0,0.0,0.0
4214,0.0,136.5235891073942,0.0,0.0,0.0,0.0,0.0,0.0,0.0,0.0,0.0,0.0,0.0,23.276478208601382,0.0,0.0,2750.198195815084,0.0,19.287841337174015,0.0,0.0,489.195002906396,0.0,0.0,0.0,0.0,0.0,0.0,0.0,1960.1115477442725,0.0,0.0,0.0,0.0,0.0,0.0,0.0
4215,0.0,131.13473687767976,0.0,0.0,0.0,0.0,0.0,0.0,0.0,0.0,0.0,0.0,0.0,23.494441683590352,0.0,0.0,2639.822273045777,0.0,28.63413466289625,0.0,0.0,552.2255275782196,0.0,0.0,0.0,0.0,0.0,0.0,0.0,2050.545213784276,0.0,0.0,0.0,0.0,0.0,0.0,0.0
4216,0.0,133.48893603086466,0.0,0.0,0.0,0.0,0.0,0.0,0.0,0.0,0.0,0.0,0.0,23.573829773813483,0.0,0.0,2532.923819974064,0.0,38.182956489920464,0.0,0.0,606.1421037051822,0.0,0.0,0.0,0.0,0.0,0.0,0.0,2125.3545103594643,0.0,0.0,0.0,0.0,0.0,0.0,0.0
4217,0.0,138.9674829930067,0.0,0.0,0.0,0.0,0.0,0.0,0.0,0.0,0.0,0.0,0.0,23.312837679311624,0.0,0.0,2435.662792429327,0.0,30.41891129128635,0.0,0.0,635.8188631497321,0.0,0.0,0.0,0.0,0.0,0.0,0.0,2107.040286765991,0.0,0.0,0.0,0.0,0.0,0.0,0.0
4218,0.0,144.8306904584169,0.0,0.0,0.0,0.0,0.0,0.0,0.0,0.0,0.0,0.0,0.0,23.060182020813123,0.0,0.0,2351.874091565608,0.0,27.11261248067006,0.0,0.0,674.1115707367654,0.0,0.0,0.0,0.0,0.0,0.0,0.0,2029.6035142078981,0.0,0.0,0.0,0.0,0.0,0.0,0.0
4219,0.0,150.2771554917097,0.0,0.0,0.0,0.0,0.0,0.0,0.0,0.0,0.0,0.0,0.0,22.996669587120298,0.0,0.0,2439.9080202281452,0.0,20.625451663508866,0.0,0.0,654.7951800249508,0.0,0.0,0.0,0.0,0.0,0.0,0.0,2220.654937411843,0.0,0.0,0.0,0.0,0.0,0.0,0.0
4220,0.0,162.9156959921121,0.0,0.0,0.0,0.0,0.0,0.0,0.0,0.0,0.0,0.0,0.0,22.97657107040283,0.0,0.0,2517.7712931931014,0.0,27.08692636378103,0.0,0.0,630.525920047983,0.0,0.0,0.0,0.0,0.0,0.0,0.0,2376.809856206178,0.0,0.0,0.0,0.0,0.0,0.0,0.0
4221,0.0,176.09038486182686,0.0,0.0,0.0,0.0,0.0,0.0,0.0,0.0,0.0,0.0,0.0,23.161356931179753,0.0,0.0,2588.871371820568,0.0,34.72280960306523,0.0,0.0,613.0516653332857,0.0,0.0,0.0,0.0,0.0,0.0,0.0,2512.34183678925,0.0,0.0,0.0,0.0,0.0,0.0,0.0
4222,0.0,190.86462511718264,0.0,0.0,0.0,0.0,0.0,0.0,0.0,0.0,0.0,0.0,0.0,23.59624427855015,0.0,0.0,2649.5289290398355,0.0,47.841047595441246,0.0,0.0,607.6180529180908,0.0,0.0,0.0,0.0,0.0,0.0,0.0,2653.2658204525687,0.0,0.0,0.0,0.0,0.0,0.0,0.0
4223,0.0,207.93702285289766,0.0,0.0,0.0,0.0,0.0,0.0,0.0,0.0,0.0,0.0,0.0,31.694759799539902,0.0,0.0,2680.937391787765,0.0,66.18980894535761,0.0,0.0,636.3804807476699,0.0,0.0,0.0,0.0,0.0,0.0,0.0,2849.3299152880904,0.0,0.0,0.0,0.0,0.0,0.0,0.0
4224,0.0,243.36815357208252,0.0,0.0,0.0,0.0,0.0,0.0,0.0,0.0,0.0,0.0,0.0,55.27381560802458,0.0,0.0,3003.5113080590945,0.0,112.21707766503093,0.0,0.0,940.7881938368082,0.0,0.0,0.0,0.0,0.0,0.0,0.0,3468.904735326767,0.0,0.0,0.0,0.0,0.0,0.0,0.0
4225,0.0,263.51072316169734,0.0,0.0,0.0,0.0,0.0,0.0,0.0,0.0,0.0,0.0,0.0,92.54044747650619,0.0,0.0,3350.891900852321,0.0,159.01166563332066,0.0,0.0,1296.9753085926166,0.0,0.0,0.0,0.0,0.0,0.0,0.0,4165.166343724726,0.0,0.0,0.0,0.0,0.0,0.0,0.0
4226,0.0,272.84152842164036,0.0,0.0,0.0,0.0,0.0,0.0,0.0,0.0,0.0,0.0,0.0,135.28353775143614,0.0,0.0,3691.9682428538786,0.0,202.868221271038,0.0,0.0,1734.4278842523695,0.0,0.0,0.0,0.0,0.0,0.0,0.0,4846.462621328234,0.0,0.0,0.0,0.0,0.0,0.0,0.0
4227,0.0,279.10571089982983,0.0,0.0,0.0,0.0,0.0,0.0,0.0,0.0,0.0,0.0,0.0,175.17529230117796,0.0,0.0,3982.6747528314577,0.0,240.40194239914405,0.0,0.0,2147.7483118325463,0.0,0.0,0.0,0.0,0.0,0.0,0.0,5525.6796274065955,0.0,0.0,0.0,0.0,0.0,0.0,0.0
4228,0.0,277.17818596959114,0.0,0.0,0.0,0.0,0.0,0.0,0.0,0.0,0.0,0.0,0.0,211.98507066369058,0.0,0.0,4246.80259747803,0.0,270.96148911714545,0.0,0.0,2543.962715104222,0.0,0.0,0.0,0.0,0.0,0.0,0.0,6141.969198435544,0.0,0.0,0.0,0.0,0.0,0.0,0.0
4229,0.0,274.92641893029213,0.0,0.0,0.0,0.0,0.0,0.0,0.0,0.0,0.0,0.0,0.0,248.97902961969368,0.0,0.0,4556.880025506019,0.0,289.29391806125625,0.0,0.0,2748.2885827571154,0.0,0.0,0.0,0.0,0.0,0.0,0.0,6837.574118643999,0.0,0.0,0.0,0.0,0.0,0.0,0.0
4230,0.0,259.9466411054134,0.0,0.0,0.0,0.0,0.0,0.0,0.0,0.0,0.0,0.0,0.0,273.8173159956932,0.0,0.0,4499.233215734363,0.0,290.7662355363369,0.0,0.0,2922.1890062659973,0.0,0.0,0.0,0.0,0.0,0.0,0.0,7218.986285293101,0.0,0.0,0.0,0.0,0.0,0.0,0.0
4231,0.0,244.39612197875977,0.0,0.0,0.0,0.0,0.0,0.0,0.0,0.0,0.0,0.0,0.0,292.93120855092997,0.0,0.0,4447.226355418561,0.0,293.9477348327636,0.0,0.0,3127.1228136152026,0.0,0.0,0.0,0.0,0.0,0.0,0.0,7584.893233776092,0.0,0.0,0.0,0.0,0.0,0.0,0.0
4232,0.0,227.41942293941966,0.0,0.0,0.0,0.0,0.0,0.0,0.0,0.0,0.0,0.0,0.0,314.81117260456074,0.0,0.0,4406.427052065728,0.0,299.63028568029387,0.0,0.0,3323.932088220119,0.0,0.0,0.0,0.0,0.0,0.0,0.0,7835.418331623077,0.0,0.0,0.0,0.0,0.0,0.0,0.0
4233,0.0,210.019514581561,0.0,0.0,0.0,0.0,0.0,0.0,0.0,0.0,0.0,0.0,0.0,341.4501515746116,0.0,0.0,4362.595998764038,0.0,315.1150366604327,0.0,0.0,3532.8916795045134,0.0,0.0,0.0,0.0,0.0,0.0,0.0,8022.037832772731,0.0,0.0,0.0,0.0,0.0,0.0,0.0
4234,0.0,187.6136329472065,0.0,0.0,0.0,0.0,0.0,0.0,0.0,0.0,0.0,0.0,0.0,359.21712266206737,0.0,0.0,3811.3079553693533,0.0,327.8684817731379,0.0,0.0,3363.025819936395,0.0,0.0,0.0,0.0,0.0,0.0,0.0,7433.013116431236,0.0,0.0,0.0,0.0,0.0,0.0,0.0
4235,0.0,168.26769678890696,0.0,0.0,0.0,0.0,0.0,0.0,0.0,0.0,0.0,0.0,0.0,383.66978652477263,0.0,0.0,3326.641012743114,0.0,353.3147257149218,0.0,0.0,3238.824466601014,0.0,0.0,0.0,0.0,0.0,0.0,0.0,6786.057364112138,0.0,0.0,0.0,0.0,0.0,0.0,0.0
4236,0.0,153.5275444597005,0.0,0.0,0.0,0.0,0.0,0.0,0.0,0.0,0.0,0.0,0.0,411.20442657470704,0.0,0.0,2948.6228267848483,0.0,376.29901509881,0.0,0.0,3147.10065664351,0.0,0.0,0.0,0.0,0.0,0.0,0.0,6106.082779973745,0.0,0.0,0.0,0.0,0.0,0.0,0.0
4237,0.0,142.85987526476376,0.0,0.0,0.0,0.0,0.0,0.0,0.0,0.0,0.0,0.0,0.0,434.0424614906311,0.0,0.0,2646.125745967029,0.0,391.5273384153843,0.0,0.0,3084.6390914708372,0.0,0.0,0.0,0.0,0.0,0.0,0.0,5480.690339013934,0.0,0.0,0.0,0.0,0.0,0.0,0.0
4238,0.0,134.14620174765588,0.0,0.0,0.0,0.0,0.0,0.0,0.0,0.0,0.0,0.0,0.0,454.9394266366959,0.0,0.0,2392.722789689896,0.0,403.97725569605825,0.0,0.0,3031.5836370974775,0.0,0.0,0.0,0.0,0.0,0.0,0.0,4950.910758253932,0.0,0.0,0.0,0.0,0.0,0.0,0.0
4239,0.0,126.7698971718549,0.0,0.0,0.0,0.0,0.0,0.0,0.0,0.0,0.0,0.0,0.0,483.41357601881026,0.0,0.0,2388.3954965621224,0.0,425.54329349994646,0.0,0.0,3294.309560447931,0.0,0.0,0.0,0.0,0.0,0.0,0.0,4761.968258795142,0.0,0.0,0.0,0.0,0.0,0.0,0.0
4240,0.0,120.14780549705021,0.0,0.0,0.0,0.0,0.0,0.0,0.0,0.0,0.0,0.0,0.0,508.58870484828947,0.0,0.0,2375.913009986279,0.0,437.6608715176581,0.0,0.0,3464.542666456103,0.0,0.0,0.0,0.0,0.0,0.0,0.0,4487.304084184765,0.0,0.0,0.0,0.0,0.0,0.0,0.0
4241,0.0,106.97117375582451,0.0,0.0,0.0,0.0,0.0,0.0,0.0,0.0,0.0,0.0,0.0,527.8642710208893,0.0,0.0,2365.1367821693407,0.0,435.80671365857125,0.0,0.0,3594.133126661181,0.0,0.0,0.0,0.0,0.0,0.0,0.0,4113.958044603467,0.0,0.0,0.0,0.0,0.0,0.0,0.0
4242,0.0,94.15076084285974,0.0,0.0,0.0,0.0,0.0,0.0,0.0,0.0,0.0,0.0,0.0,553.165743792057,0.0,0.0,2383.7574442029,0.0,437.21826628446576,0.0,0.0,3717.42529528141,0.0,0.0,0.0,0.0,0.0,0.0,0.0,3759.5633897334324,0.0,0.0,0.0,0.0,0.0,0.0,0.0
4243,0.0,89.1586471840739,0.0,0.0,0.0,0.0,0.0,0.0,0.0,0.0,0.0,0.0,0.0,583.7614670991898,0.0,0.0,2516.080980777739,0.0,421.6474367082119,0.0,0.0,3609.4315294772387,0.0,0.0,0.0,0.0,0.0,0.0,0.0,3833.0716047525407,0.0,0.0,0.0,0.0,0.0,0.0,0.0
4244,0.0,90.5409476593136,0.0,0.0,0.0,0.0,0.0,0.0,0.0,0.0,0.0,0.0,0.0,603.7165915131569,0.0,0.0,2608.3025748282657,0.0,415.04878906607627,0.0,0.0,3513.051591736078,0.0,0.0,0.0,0.0,0.0,0.0,0.0,3909.3099936872723,0.0,0.0,0.0,0.0,0.0,0.0,0.0
4245,0.0,92.74910179227587,0.0,0.0,0.0,0.0,0.0,0.0,0.0,0.0,0.0,0.0,0.0,614.9421027779579,0.0,0.0,2666.2270843386627,0.0,410.04232867956154,0.0,0.0,3427.5961002409454,0.0,0.0,0.0,0.0,0.0,0.0,0.0,4026.1129812091576,0.0,0.0,0.0,0.0,0.0,0.0,0.0
4246,0.0,98.02374544143677,0.0,0.0,0.0,0.0,0.0,0.0,0.0,0.0,0.0,0.0,0.0,615.8656958222389,0.0,0.0,2708.485283657908,0.0,403.3786181867122,0.0,0.0,3350.2590863138435,0.0,0.0,0.0,0.0,0.0,0.0,0.0,4147.361993670462,0.0,0.0,0.0,0.0,0.0,0.0,0.0
4247,0.0,104.86880441755055,0.0,0.0,0.0,0.0,0.0,0.0,0.0,0.0,0.0,0.0,0.0,605.075618326664,0.0,0.0,2752.91374143958,0.0,391.4172799348831,0.0,0.0,3267.8541926175353,0.0,0.0,0.0,0.0,0.0,0.0,0.0,4270.232114696502,0.0,0.0,0.0,0.0,0.0,0.0,0.0
4248,0.0,130.74734092354768,0.0,0.0,0.0,0.0,0.0,0.0,0.0,0.0,0.0,0.0,0.0,586.7874000191688,0.0,0.0,3088.7911865115143,0.0,397.26715642809864,0.0,0.0,2936.293631082773,0.0,0.0,0.0,0.0,0.0,0.0,0.0,4604.495805078744,0.0,0.0,0.0,0.0,0.0,0.0,0.0
4249,0.0,158.68600158691407,0.0,0.0,0.0,0.0,0.0,0.0,0.0,0.0,0.0,0.0,0.0,559.0414992690087,0.0,0.0,3430.6088390201317,0.0,397.38231322765347,0.0,0.0,2546.078090929985,0.0,0.0,0.0,0.0,0.0,0.0,0.0,4954.541347143053,0.0,0.0,0.0,0.0,0.0,0.0,0.0
4250,0.0,186.72023469507693,0.0,0.0,0.0,0.0,0.0,0.0,0.0,0.0,0.0,0.0,0.0,525.1844164848327,0.0,0.0,3799.609173238276,0.0,394.66855506300925,0.0,0.0,2262.079576487839,0.0,0.0,0.0,0.0,0.0,0.0,0.0,5309.480951958894,0.0,0.0,0.0,0.0,0.0,0.0,0.0
4251,0.0,215.64222681820385,0.0,0.0,0.0,0.0,0.0,0.0,0.0,0.0,0.0,0.0,0.0,487.8229257822037,0.0,0.0,4199.983743906019,0.0,392.5601037204265,0.0,0.0,2123.8771418496963,0.0,0.0,0.0,0.0,0.0,0.0,0.0,5729.045762225984,0.0,0.0,0.0,0.0,0.0,0.0,0.0
4252,0.0,230.99223038256164,0.0,0.0,0.0,0.0,0.0,0.0,0.0,0.0,0.0,0.0,0.0,447.9858918786049,0.0,0.0,4629.789041787386,0.0,384.9528485059738,0.0,0.0,2083.5610214263197,0.0,0.0,0.0,0.0,0.0,0.0,0.0,5843.458129912615,0.0,0.0,0.0,0.0,0.0,0.0,0.0
4253,0.0,230.09287025034422,0.0,0.0,0.0,0.0,0.0,0.0,0.0,0.0,0.0,0.0,0.0,412.95822216272353,0.0,0.0,5131.236593976617,0.0,367.69746910333635,0.0,0.0,2055.009805713594,0.0,0.0,0.0,0.0,0.0,0.0,0.0,5949.98373030126,0.0,0.0,0.0,0.0,0.0,0.0,0.0
4254,0.0,232.34090585410593,0.0,0.0,0.0,0.0,0.0,0.0,0.0,0.0,0.0,0.0,0.0,379.3549481272697,0.0,0.0,5064.353739812968,0.0,348.6239757716654,0.0,0.0,1929.2542400121679,0.0,0.0,0.0,0.0,0.0,0.0,0.0,5630.8000018566845,0.0,0.0,0.0,0.0,0.0,0.0,0.0
4255,0.0,234.82522830069058,0.0,0.0,0.0,0.0,0.0,0.0,0.0,0.0,0.0,0.0,0.0,342.9953317046165,0.0,0.0,5036.0151426643115,0.0,324.06519504189475,0.0,0.0,1786.6813305303453,0.0,0.0,0.0,0.0,0.0,0.0,0.0,5415.117347359656,0.0,0.0,0.0,0.0,0.0,0.0,0.0
4256,0.0,237.03293353915214,0.0,0.0,0.0,0.0,0.0,0.0,0.0,0.0,0.0,0.0,0.0,312.63299497961987,0.0,0.0,5031.421039983629,0.0,296.8442914485931,0.0,0.0,1630.413428905606,0.0,0.0,0.0,0.0,0.0,0.0,0.0,5206.226497694849,0.0,0.0,0.0,0.0,0.0,0.0,0.0
4257,0.0,238.91492373347282,0.0,0.0,0.0,0.0,0.0,0.0,0.0,0.0,0.0,0.0,0.0,290.31506400108333,0.0,0.0,5025.083340764044,0.0,289.156589502096,0.0,0.0,1526.4879846498366,0.0,0.0,0.0,0.0,0.0,0.0,0.0,4994.438047555088,0.0,0.0,0.0,0.0,0.0,0.0,0.0
4258,0.0,209.38107437789432,0.0,0.0,0.0,0.0,0.0,0.0,0.0,0.0,0.0,0.0,0.0,254.59171800017344,0.0,0.0,4699.04595646262,0.0,277.5786329865456,0.0,0.0,1382.5706746593116,0.0,0.0,0.0,0.0,0.0,0.0,0.0,4548.855583903193,0.0,0.0,0.0,0.0,0.0,0.0,0.0
4259,0.0,184.41925759613505,0.0,0.0,0.0,0.0,0.0,0.0,0.0,0.0,0.0,0.0,0.0,226.33409738540638,0.0,0.0,4385.046116858719,0.0,279.68984097838404,0.0,0.0,1255.6992156632243,0.0,0.0,0.0,0.0,0.0,0.0,0.0,4147.5663046985865,0.0,0.0,0.0,0.0,0.0,0.0,0.0
4260,0.0,161.93284148275853,0.0,0.0,0.0,0.0,0.0,0.0,0.0,0.0,0.0,0.0,0.0,204.12991182208057,0.0,0.0,4085.77797614038,0.0,286.4306487262247,0.0,0.0,1140.7955854721365,0.0,0.0,0.0,0.0,0.0,0.0,0.0,3779.3634788393956,0.0,0.0,0.0,0.0,0.0,0.0,0.0
4261,0.0,147.96857524216173,0.0,0.0,0.0,0.0,0.0,0.0,0.0,0.0,0.0,0.0,0.0,182.72465665936468,0.0,0.0,3808.039343878627,0.0,295.392219042778,0.0,0.0,1060.095905099809,0.0,0.0,0.0,0.0,0.0,0.0,0.0,3444.6853806018817,0.0,0.0,0.0,0.0,0.0,0.0,0.0
4262,0.0,136.9376802563667,0.0,0.0,0.0,0.0,0.0,0.0,0.0,0.0,0.0,0.0,0.0,163.78434131145474,0.0,0.0,3544.666811406611,0.0,305.97286135554316,0.0,0.0,1027.6422039784484,0.0,0.0,0.0,0.0,0.0,0.0,0.0,3144.2291987687345,0.0,0.0,0.0,0.0,0.0,0.0,0.0
4263,0.0,129.62590426504613,0.0,0.0,0.0,0.0,0.0,0.0,0.0,0.0,0.0,0.0,0.0,157.5861352920531,0.0,0.0,3449.784122660755,0.0,329.7325398564337,0.0,0.0,1239.671088418364,0.0,0.0,0.0,0.0,0.0,0.0,0.0,2852.3282248273485,0.0,0.0,0.0,0.0,0.0,0.0,0.0
4264,0.0,121.49606013000006,0.0,0.0,0.0,0.0,0.0,0.0,0.0,0.0,0.0,0.0,0.0,151.67854723930358,0.0,0.0,3377.5619659572817,0.0,343.1461876451968,0.0,0.0,1550.0137068271636,0.0,0.0,0.0,0.0,0.0,0.0,0.0,2488.4287678003293,0.0,0.0,0.0,0.0,0.0,0.0,0.0
4265,0.0,111.9540640354156,0.0,0.0,0.0,0.0,0.0,0.0,0.0,0.0,0.0,0.0,0.0,139.193205744028,0.0,0.0,3454.9048436135045,0.0,351.83327869176856,0.0,0.0,1727.3876821964977,0.0,0.0,0.0,0.0,0.0,0.0,0.0,2225.9310437053437,0.0,0.0,0.0,0.0,0.0,0.0,0.0
4266,0.0,98.80977374017233,0.0,0.0,0.0,0.0,0.0,0.0,0.0,0.0,0.0,0.0,0.0,132.95027719736098,0.0,0.0,3523.7168164104214,0.0,351.15816639661773,0.0,0.0,1985.8864870011805,0.0,0.0,0.0,0.0,0.0,0.0,0.0,2046.2413025334456,0.0,0.0,0.0,0.0,0.0,0.0,0.0
4267,0.0,104.08694242089986,0.0,0.0,0.0,0.0,0.0,0.0,0.0,0.0,0.0,0.0,0.0,140.91579644083976,0.0,0.0,3826.641337022184,0.0,356.1719185650348,0.0,0.0,2124.354743877053,0.0,0.0,0.0,0.0,0.0,0.0,0.0,2190.9077941358073,0.0,0.0,0.0,0.0,0.0,0.0,0.0
4268,0.0,108.54059309810395,0.0,0.0,0.0,0.0,0.0,0.0,0.0,0.0,0.0,0.0,0.0,152.77024766802774,0.0,0.0,4101.291045859455,0.0,379.00103527307505,0.0,0.0,2356.390006363391,0.0,0.0,0.0,0.0,0.0,0.0,0.0,2347.3845480009904,0.0,0.0,0.0,0.0,0.0,0.0,0.0
4269,0.0,112.26929318457839,0.0,0.0,0.0,0.0,0.0,0.0,0.0,0.0,0.0,0.0,0.0,163.68720712065686,0.0,0.0,4346.71266272664,0.0,409.24622023105604,0.0,0.0,2556.384909197688,0.0,0.0,0.0,0.0,0.0,0.0,0.0,2504.38021571636,0.0,0.0,0.0,0.0,0.0,0.0,0.0
4270,0.0,116.06324429512017,0.0,0.0,0.0,0.0,0.0,0.0,0.0,0.0,0.0,0.0,0.0,177.9652830660343,0.0,0.0,4554.52424494922,0.0,440.4597597539424,0.0,0.0,2635.5405953139066,0.0,0.0,0.0,0.0,0.0,0.0,0.0,2642.3192695006724,0.0,0.0,0.0,0.0,0.0,0.0,0.0
4271,0.0,120.31469605565071,0.0,0.0,0.0,0.0,0.0,0.0,0.0,0.0,0.0,0.0,0.0,197.86635935306546,0.0,0.0,4745.707291275261,0.0,464.757725894451,0.0,0.0,2619.640005218983,0.0,0.0,0.0,0.0,0.0,0.0,0.0,2731.0837325215334,0.0,0.0,0.0,0.0,0.0,0.0,0.0
4272,0.0,149.4840571045875,0.0,0.0,0.0,0.0,0.0,0.0,0.0,0.0,0.0,0.0,0.0,218.52561137676227,0.0,0.0,5310.377428382633,0.0,500.4613727927207,0.0,0.0,2239.9977110892523,0.0,0.0,0.0,0.0,0.0,0.0,0.0,3216.6033971786487,0.0,0.0,0.0,0.0,0.0,0.0,0.0
4273,0.0,183.2931776851415,0.0,0.0,0.0,0.0,0.0,0.0,0.0,0.0,0.0,0.0,0.0,243.45941789746286,0.0,0.0,5836.481528103351,0.0,526.7148703455925,0.0,0.0,1348.8583294630046,0.0,0.0,0.0,0.0,0.0,0.0,0.0,3673.121020990609,0.0,0.0,0.0,0.0,0.0,0.0,0.0
4274,0.0,221.4004771381616,0.0,0.0,0.0,0.0,0.0,0.0,0.0,0.0,0.0,0.0,0.0,268.4242499709129,0.0,0.0,6319.713688746093,0.0,546.6758565306664,0.0,0.0,764.7361391343168,0.0,0.0,0.0,0.0,0.0,0.0,0.0,4114.6281124532225,0.0,0.0,0.0,0.0,0.0,0.0,0.0
4275,0.0,253.49897300004955,0.0,0.0,0.0,0.0,0.0,0.0,0.0,0.0,0.0,0.0,0.0,289.6519824802875,0.0,0.0,6761.651820451021,0.0,565.1376405000686,0.0,0.0,602.1969293039284,0.0,0.0,0.0,0.0,0.0,0.0,0.0,4541.990733358264,0.0,0.0,0.0,0.0,0.0,0.0,0.0
4276,0.0,279.17419536709787,0.0,0.0,0.0,0.0,0.0,0.0,0.0,0.0,0.0,0.0,0.0,307.1590248942374,0.0,0.0,7140.9437692165375,0.0,575.8248436093329,0.0,0.0,589.8882697653022,0.0,0.0,0.0,0.0,0.0,0.0,0.0,4924.595136219263,0.0,0.0,0.0,0.0,0.0,0.0,0.0
4277,0.0,302.2448476731777,0.0,0.0,0.0,0.0,0.0,0.0,0.0,0.0,0.0,0.0,0.0,306.8250966906547,0.0,0.0,7451.68666538596,0.0,597.6799738883972,0.0,0.0,554.5546132810408,0.0,0.0,0.0,0.0,0.0,0.0,0.0,5254.189686787128,0.0,0.0,0.0,0.0,0.0,0.0,0.0
4278,0.0,295.91041320562357,0.0,0.0,0.0,0.0,0.0,0.0,0.0,0.0,0.0,0.0,0.0,306.0912213146686,0.0,0.0,7260.917057186365,0.0,595.2271488785743,0.0,0.0,544.1729000519952,0.0,0.0,0.0,0.0,0.0,0.0,0.0,5183.5834115922435,0.0,0.0,0.0,0.0,0.0,0.0,0.0
4279,0.0,282.21004081964486,0.0,0.0,0.0,0.0,0.0,0.0,0.0,0.0,0.0,0.0,0.0,302.8342556297779,0.0,0.0,7086.085235953329,0.0,571.8935060739516,0.0,0.0,558.907868717238,0.0,0.0,0.0,0.0,0.0,0.0,0.0,5067.086709806323,0.0,0.0,0.0,0.0,0.0,0.0,0.0
4280,0.0,270.5339301288128,0.0,0.0,0.0,0.0,0.0,0.0,0.0,0.0,0.0,0.0,0.0,299.2295975148678,0.0,0.0,6953.624016314745,0.0,538.5537007331848,0.0,0.0,572.2938954915851,0.0,0.0,0.0,0.0,0.0,0.0,0.0,4907.736041080951,0.0,0.0,0.0,0.0,0.0,0.0,0.0
4281,0.0,264.86520620584486,0.0,0.0,0.0,0.0,0.0,0.0,0.0,0.0,0.0,0.0,0.0,294.43119539022445,0.0,0.0,6859.080090135334,0.0,499.8077801465988,0.0,0.0,595.0998085912315,0.0,0.0,0.0,0.0,0.0,0.0,0.0,4747.837891122699,0.0,0.0,0.0,0.0,0.0,0.0,0.0
4282,0.0,242.93118283152575,0.0,0.0,0.0,0.0,0.0,0.0,0.0,0.0,0.0,0.0,0.0,273.146231496334,0.0,0.0,6514.90432345867,0.0,441.32540690302835,0.0,0.0,520.7409574169665,0.0,0.0,0.0,0.0,0.0,0.0,0.0,4311.57526486516,0.0,0.0,0.0,0.0,0.0,0.0,0.0
4283,0.0,224.87371416985982,0.0,0.0,0.0,0.0,0.0,0.0,0.0,0.0,0.0,0.0,0.0,256.5337517142296,0.0,0.0,6186.111722141503,0.0,381.8368270397185,0.0,0.0,465.758708113431,0.0,0.0,0.0,0.0,0.0,0.0,0.0,3882.6172098785623,0.0,0.0,0.0,0.0,0.0,0.0,0.0
4284,0.0,210.34204528033732,0.0,0.0,0.0,0.0,0.0,0.0,0.0,0.0,0.0,0.0,0.0,244.04000372886648,0.0,0.0,5875.014117062092,0.0,325.35385446548463,0.0,0.0,426.90593456737656,0.0,0.0,0.0,0.0,0.0,0.0,0.0,3490.7938594937323,0.0,0.0,0.0,0.0,0.0,0.0,0.0
4285,0.0,199.19215116798875,0.0,0.0,0.0,0.0,0.0,0.0,0.0,0.0,0.0,0.0,0.0,234.35680317878712,0.0,0.0,5533.6635757386675,0.0,277.7426980793475,0.0,0.0,403.8083890411996,0.0,0.0,0.0,0.0,0.0,0.0,0.0,3124.0899171948417,0.0,0.0,0.0,0.0,0.0,0.0,0.0
4286,0.0,189.18323465287685,0.0,0.0,0.0,0.0,0.0,0.0,0.0,0.0,0.0,0.0,0.0,226.7165590584278,0.0,0.0,5145.236316800116,0.0,244.02189713418483,0.0,0.0,392.0630879636852,0.0,0.0,0.0,0.0,0.0,0.0,0.0,2787.8717115789636,0.0,0.0,0.0,0.0,0.0,0.0,0.0
4287,0.0,179.41677727997296,0.0,0.0,0.0,0.0,0.0,0.0,0.0,0.0,0.0,0.0,0.0,231.25435999035832,0.0,0.0,5120.842300534247,0.0,232.61963995695103,0.0,0.0,472.0773980732998,0.0,0.0,0.0,0.0,0.0,0.0,0.0,2623.136272022128,0.0,0.0,0.0,0.0,0.0,0.0,0.0
4288,0.0,171.00814160406588,0.0,0.0,0.0,0.0,0.0,0.0,0.0,0.0,0.0,0.0,0.0,234.20878170132636,0.0,0.0,5079.90725879371,0.0,226.54084300994862,0.0,0.0,537.3946222141378,0.0,0.0,0.0,0.0,0.0,0.0,0.0,2450.1992815390204,0.0,0.0,0.0,0.0,0.0,0.0,0.0
4289,0.0,156.25701941549778,0.0,0.0,0.0,0.0,0.0,0.0,0.0,0.0,0.0,0.0,0.0,242.73663908839217,0.0,0.0,5094.237187609075,0.0,215.8257325321434,0.0,0.0,586.4521843079469,0.0,0.0,0.0,0.0,0.0,0.0,0.0,2309.4879259899258,0.0,0.0,0.0,0.0,0.0,0.0,0.0
4290,0.0,139.12850986719124,0.0,0.0,0.0,0.0,0.0,0.0,0.0,0.0,0.0,0.0,0.0,246.89249394536017,0.0,0.0,5137.9807304888955,0.0,212.56391988992692,0.0,0.0,597.8356886040416,0.0,0.0,0.0,0.0,0.0,0.0,0.0,2196.5807700812798,0.0,0.0,0.0,0.0,0.0,0.0,0.0
4291,0.0,135.17668115794652,0.0,0.0,0.0,0.0,0.0,0.0,0.0,0.0,0.0,0.0,0.0,260.85728802680967,0.0,0.0,5256.899226173758,0.0,199.67514701187594,0.0,0.0,606.3235319238149,0.0,0.0,0.0,0.0,0.0,0.0,0.0,2422.104345497487,0.0,0.0,0.0,0.0,0.0,0.0,0.0
4292,0.0,137.30925267934794,0.0,0.0,0.0,0.0,0.0,0.0,0.0,0.0,0.0,0.0,0.0,274.1152868390083,0.0,0.0,5362.151705443859,0.0,182.10343469679344,0.0,0.0,608.0476676736027,0.0,0.0,0.0,0.0,0.0,0.0,0.0,2648.4945251241306,0.0,0.0,0.0,0.0,0.0,0.0,0.0
4293,0.0,142.9336622983217,0.0,0.0,0.0,0.0,0.0,0.0,0.0,0.0,0.0,0.0,0.0,284.9362105488777,0.0,0.0,5482.623219415545,0.0,165.4372964829205,0.0,0.0,609.6796512097113,0.0,0.0,0.0,0.0,0.0,0.0,0.0,2860.6776752412306,0.0,0.0,0.0,0.0,0.0,0.0,0.0
4294,0.0,151.59999147355552,0.0,0.0,0.0,0.0,0.0,0.0,0.0,0.0,0.0,0.0,0.0,292.3901668488979,0.0,0.0,5602.918156802653,0.0,152.21012267768364,0.0,0.0,612.2834526903923,0.0,0.0,0.0,0.0,0.0,0.0,0.0,3062.647262820601,0.0,0.0,0.0,0.0,0.0,0.0,0.0
4295,0.0,160.67294892668716,0.0,0.0,0.0,0.0,0.0,0.0,0.0,0.0,0.0,0.0,0.0,295.2113176703453,0.0,0.0,5736.1066852808,0.0,146.37155437469477,0.0,0.0,678.1810276307161,0.0,0.0,0.0,0.0,0.0,0.0,0.0,3259.2226776450857,0.0,0.0,0.0,0.0,0.0,0.0,0.0
4296,0.0,204.3804317235946,0.0,0.0,0.0,0.0,0.0,0.0,0.0,0.0,0.0,0.0,0.0,295.25861818790435,0.0,0.0,6168.148749545215,0.0,168.15218102037892,0.0,0.0,501.5452539369458,0.0,0.0,0.0,0.0,0.0,0.0,0.0,3690.5803927779198,0.0,0.0,0.0,0.0,0.0,0.0,0.0
4297,0.0,245.3041513860225,0.0,0.0,0.0,0.0,0.0,0.0,0.0,0.0,0.0,0.0,0.0,291.60251235365865,0.0,0.0,6571.775985360144,0.0,191.8799357444047,0.0,0.0,204.61280731782264,0.0,0.0,0.0,0.0,0.0,0.0,0.0,4113.722273293138,0.0,0.0,0.0,0.0,0.0,0.0,0.0
4298,0.0,283.13894382119173,0.0,0.0,0.0,0.0,0.0,0.0,0.0,0.0,0.0,0.0,0.0,285.689095801115,0.0,0.0,6931.847534000872,0.0,211.04347961842996,0.0,0.0,65.37924239141776,0.0,0.0,0.0,0.0,0.0,0.0,0.0,4540.89540928006,0.0,0.0,0.0,0.0,0.0,0.0,0.0
4299,0.0,321.209742540121,0.0,0.0,0.0,0.0,0.0,0.0,0.0,0.0,0.0,0.0,0.0,278.74455038309094,0.0,0.0,7255.853120774031,0.0,218.9031609088182,0.0,0.0,101.75762492688317,0.0,0.0,0.0,0.0,0.0,0.0,0.0,4989.555194789171,0.0,0.0,0.0,0.0,0.0,0.0,0.0
4300,0.0,358.7087057769298,0.0,0.0,0.0,0.0,0.0,0.0,0.0,0.0,0.0,0.0,0.0,270.60592469573015,0.0,0.0,7526.948739677668,0.0,218.2899546563625,0.0,0.0,160.90752905309185,0.0,0.0,0.0,0.0,0.0,0.0,0.0,5391.244417351484,0.0,0.0,0.0,0.0,0.0,0.0,0.0
4301,0.0,394.68835752010347,0.0,0.0,0.0,0.0,0.0,0.0,0.0,0.0,0.0,0.0,0.0,261.890681040287,0.0,0.0,7742.733104735611,0.0,208.20540546476832,0.0,0.0,169.9955160297447,0.0,0.0,0.0,0.0,0.0,0.0,0.0,5830.823391288517,0.0,0.0,0.0,0.0,0.0,0.0,0.0
4302,0.0,397.4938078701496,0.0,0.0,0.0,0.0,0.0,0.0,0.0,0.0,0.0,0.0,0.0,250.97694967985151,0.0,0.0,7667.16454949975,0.0,193.3345276683568,0.0,0.0,229.18058748431434,0.0,0.0,0.0,0.0,0.0,0.0,0.0,5801.19322963655,0.0,0.0,0.0,0.0,0.0,0.0,0.0
4303,0.0,403.0365046620369,0.0,0.0,0.0,0.0,0.0,0.0,0.0,0.0,0.0,0.0,0.0,242.18613728284828,0.0,0.0,7616.098912388086,0.0,176.67605175375928,0.0,0.0,260.6170946840194,0.0,0.0,0.0,0.0,0.0,0.0,0.0,5686.0012255311,0.0,0.0,0.0,0.0,0.0,0.0,0.0
4304,0.0,385.6403557956218,0.0,0.0,0.0,0.0,0.0,0.0,0.0,0.0,0.0,0.0,0.0,240.41106767058372,0.0,0.0,7616.005567938088,0.0,151.45788348615167,0.0,0.0,277.81152456589024,0.0,0.0,0.0,0.0,0.0,0.0,0.0,5445.033182838558,0.0,0.0,0.0,0.0,0.0,0.0,0.0
4305,0.0,359.86054100990293,0.0,0.0,0.0,0.0,0.0,0.0,0.0,0.0,0.0,0.0,0.0,246.31527070999144,0.0,0.0,7649.044836014507,0.0,133.634248998761,0.0,0.0,290.40674532093084,0.0,0.0,0.0,0.0,0.0,0.0,0.0,5136.884057974816,0.0,0.0,0.0,0.0,0.0,0.0,0.0
4306,0.0,313.78424193263055,0.0,0.0,0.0,0.0,0.0,0.0,0.0,0.0,0.0,0.0,0.0,235.13313693404194,0.0,0.0,7395.1883812844735,0.0,112.95132453292605,0.0,0.0,296.9716160405426,0.0,0.0,0.0,0.0,0.0,0.0,0.0,4531.77048099041,0.0,0.0,0.0,0.0,0.0,0.0,0.0
4307,0.0,276.00794606208797,0.0,0.0,0.0,0.0,0.0,0.0,0.0,0.0,0.0,0.0,0.0,224.35370765924455,0.0,0.0,7163.316100269556,0.0,96.42197392284865,0.0,0.0,304.8514439743006,0.0,0.0,0.0,0.0,0.0,0.0,0.0,3956.3413075238464,0.0,0.0,0.0,0.0,0.0,0.0,0.0
4308,0.0,247.34103823900222,0.0,0.0,0.0,0.0,0.0,0.0,0.0,0.0,0.0,0.0,0.0,210.35042306184766,0.0,0.0,6948.200703769922,0.0,81.60276106893997,0.0,0.0,312.7349807035172,0.0,0.0,0.0,0.0,0.0,0.0,0.0,3420.7046900868404,0.0,0.0,0.0,0.0,0.0,0.0,0.0
4309,0.0,225.25639673173424,0.0,0.0,0.0,0.0,0.0,0.0,0.0,0.0,0.0,0.0,0.0,194.6573218703269,0.0,0.0,6729.860256522894,0.0,62.61456083655344,0.0,0.0,319.9947207435964,0.0,0.0,0.0,0.0,0.0,0.0,0.0,2930.1443288341147,0.0,0.0,0.0,0.0,0.0,0.0,0.0
4310,0.0,207.12843760550018,0.0,0.0,0.0,0.0,0.0,0.0,0.0,0.0,0.0,0.0,0.0,178.7547533631324,0.0,0.0,6508.499338448046,0.0,43.34963599890454,0.0,0.0,315.82141757681944,0.0,0.0,0.0,0.0,0.0,0.0,0.0,2480.0887193098647,0.0,0.0,0.0,0.0,0.0,0.0,0.0
4311,0.0,196.1113882094621,0.0,0.0,0.0,0.0,0.0,0.0,0.0,0.0,0.0,0.0,0.0,175.5794987618922,0.0,0.0,6629.426295548677,0.0,36.78454982042307,0.0,0.0,370.20333399921617,0.0,0.0,0.0,0.0,0.0,0.0,0.0,1949.894369082153,0.0,0.0,0.0,0.0,0.0,0.0,0.0
4312,0.0,178.68970846831795,0.0,0.0,0.0,0.0,0.0,0.0,0.0,0.0,0.0,0.0,0.0,174.67583470344533,0.0,0.0,6732.26465398073,0.0,30.537576890364253,0.0,0.0,409.83976088762245,0.0,0.0,0.0,0.0,0.0,0.0,0.0,1656.9821459546686,0.0,0.0,0.0,0.0,0.0,0.0,0.0
4313,0.0,165.7518675595521,0.0,0.0,0.0,0.0,0.0,0.0,0.0,0.0,0.0,0.0,0.0,161.61582554578771,0.0,0.0,6909.910810381172,0.0,15.082794281653882,0.0,0.0,440.87185800299005,0.0,0.0,0.0,0.0,0.0,0.0,0.0,1577.1046702384947,0.0,0.0,0.0,0.0,0.0,0.0,0.0
4314,0.0,155.6695848494768,0.0,0.0,0.0,0.0,0.0,0.0,0.0,0.0,0.0,0.0,0.0,158.4164275050163,0.0,0.0,7081.674710690973,0.0,16.35688218325361,0.0,0.0,475.7863827556367,0.0,0.0,0.0,0.0,0.0,0.0,0.0,1549.714878453314,0.0,0.0,0.0,0.0,0.0,0.0,0.0
4315,0.0,145.18895035386086,0.0,0.0,0.0,0.0,0.0,0.0,0.0,0.0,0.0,0.0,0.0,164.38214363455765,0.0,0.0,7185.220931202173,0.0,17.257830375060433,0.0,0.0,510.2401842847459,0.0,0.0,0.0,0.0,0.0,0.0,0.0,1843.777209943532,0.0,0.0,0.0,0.0,0.0,0.0,0.0
4316,0.0,135.17853284776206,0.0,0.0,0.0,0.0,0.0,0.0,0.0,0.0,0.0,0.0,0.0,168.98961755633346,0.0,0.0,7243.482647538185,0.0,17.55185258388509,0.0,0.0,537.2327597837891,0.0,0.0,0.0,0.0,0.0,0.0,0.0,2082.337998628615,0.0,0.0,0.0,0.0,0.0,0.0,0.0
4317,0.0,124.30115978121755,0.0,0.0,0.0,0.0,0.0,0.0,0.0,0.0,0.0,0.0,0.0,168.93083937764158,0.0,0.0,7279.529940515757,0.0,22.873486163467074,0.0,0.0,567.9074501205228,0.0,0.0,0.0,0.0,0.0,0.0,0.0,2281.002990932762,0.0,0.0,0.0,0.0,0.0,0.0,0.0
4318,0.0,113.52012368291612,0.0,0.0,0.0,0.0,0.0,0.0,0.0,0.0,0.0,0.0,0.0,169.38857836723318,0.0,0.0,7302.900279313326,0.0,31.730804006755193,0.0,0.0,607.3902269113806,0.0,0.0,0.0,0.0,0.0,0.0,0.0,2445.8814482092844,0.0,0.0,0.0,0.0,0.0,0.0,0.0
4319,0.0,103.169331921637,0.0,0.0,0.0,0.0,0.0,0.0,0.0,0.0,0.0,0.0,0.0,174.13714681863783,0.0,0.0,7342.570114821196,0.0,43.29777838736763,0.0,0.0,642.9810770072038,0.0,0.0,0.0,0.0,0.0,0.0,0.0,2575.662163753807,0.0,0.0,0.0,0.0,0.0,0.0,0.0
4320,0.0,125.5021770179271,0.0,0.0,0.0,0.0,0.0,0.0,0.0,0.0,0.0,0.0,0.0,180.4615846931934,0.0,0.0,7582.628704100845,0.0,76.13833379894477,0.0,0.0,1009.1650606960056,0.0,0.0,0.0,0.0,0.0,0.0,0.0,3080.986799284816,0.0,0.0,0.0,0.0,0.0,0.0,0.0
4321,0.0,150.95989597141744,0.0,0.0,0.0,0.0,0.0,0.0,0.0,0.0,0.0,0.0,0.0,191.02654759287833,0.0,0.0,7772.892696529625,0.0,100.9971669077873,0.0,0.0,1306.5632260590792,0.0,0.0,0.0,0.0,0.0,0.0,0.0,3520.2240494668467,0.0,0.0,0.0,0.0,0.0,0.0,0.0
4322,0.0,180.0108049839735,0.0,0.0,0.0,0.0,0.0,0.0,0.0,0.0,0.0,0.0,0.0,200.9353110849856,0.0,0.0,7926.222623705864,0.0,118.60244068652378,0.0,0.0,1577.2062923669805,0.0,0.0,0.0,0.0,0.0,0.0,0.0,3907.138149377702,0.0,0.0,0.0,0.0,0.0,0.0,0.0
4323,0.0,209.70127643644804,0.0,0.0,0.0,0.0,0.0,0.0,0.0,0.0,0.0,0.0,0.0,205.25716609954824,0.0,0.0,8050.780679911375,0.0,125.37365309000006,0.0,0.0,1866.579835394024,0.0,0.0,0.0,0.0,0.0,0.0,0.0,4249.756533554195,0.0,0.0,0.0,0.0,0.0,0.0,0.0
4324,0.0,240.95099696516985,0.0,0.0,0.0,0.0,0.0,0.0,0.0,0.0,0.0,0.0,0.0,203.70678515434255,0.0,0.0,8154.720502853392,0.0,144.63720701336857,0.0,0.0,2096.044978317618,0.0,0.0,0.0,0.0,0.0,0.0,0.0,4561.362311723828,0.0,0.0,0.0,0.0,0.0,0.0,0.0
4325,0.0,263.80163485407826,0.0,0.0,0.0,0.0,0.0,0.0,0.0,0.0,0.0,0.0,0.0,188.22846418023107,0.0,0.0,8252.53692987561,0.0,149.48347050845618,0.0,0.0,2128.8367853432883,0.0,0.0,0.0,0.0,0.0,0.0,0.0,4827.7466463148585,0.0,0.0,0.0,0.0,0.0,0.0,0.0
4326,0.0,247.50216330885883,0.0,0.0,0.0,0.0,0.0,0.0,0.0,0.0,0.0,0.0,0.0,173.34543479084965,0.0,0.0,8029.302899837492,0.0,145.57729851305467,0.0,0.0,2095.263709200918,0.0,0.0,0.0,0.0,0.0,0.0,0.0,4312.895511880516,0.0,0.0,0.0,0.0,0.0,0.0,0.0
4327,0.0,233.53011155426498,0.0,0.0,0.0,0.0,0.0,0.0,0.0,0.0,0.0,0.0,0.0,157.9347916662693,0.0,0.0,7822.824976444244,0.0,149.68993760943397,0.0,0.0,2053.5225030452,0.0,0.0,0.0,0.0,0.0,0.0,0.0,3869.5597463130953,0.0,0.0,0.0,0.0,0.0,0.0,0.0
4328,0.0,222.67306499183175,0.0,0.0,0.0,0.0,0.0,0.0,0.0,0.0,0.0,0.0,0.0,146.1228884875774,0.0,0.0,7647.938704282044,0.0,158.06315597891802,0.0,0.0,1970.654842503368,0.0,0.0,0.0,0.0,0.0,0.0,0.0,3518.2829138934612,0.0,0.0,0.0,0.0,0.0,0.0,0.0
4329,0.0,212.18781529963016,0.0,0.0,0.0,0.0,0.0,0.0,0.0,0.0,0.0,0.0,0.0,136.55923943519588,0.0,0.0,7523.623343646526,0.0,160.7641831666231,0.0,0.0,1886.3112327486272,0.0,0.0,0.0,0.0,0.0,0.0,0.0,3253.132039332388,0.0,0.0,0.0,0.0,0.0,0.0,0.0
4330,0.0,181.79347727000706,0.0,0.0,0.0,0.0,0.0,0.0,0.0,0.0,0.0,0.0,0.0,112.46132945418357,0.0,0.0,7178.2955508828145,0.0,146.14032189249986,0.0,0.0,1650.742169398069,0.0,0.0,0.0,0.0,0.0,0.0,0.0,2821.756605190037,0.0,0.0,0.0,0.0,0.0,0.0,0.0
4331,0.0,152.18518156707287,0.0,0.0,0.0,0.0,0.0,0.0,0.0,0.0,0.0,0.0,0.0,91.44703772813081,0.0,0.0,6879.25338152051,0.0,133.82777763307092,0.0,0.0,1406.9344332307576,0.0,0.0,0.0,0.0,0.0,0.0,0.0,2447.3127102434637,0.0,0.0,0.0,0.0,0.0,0.0,0.0
4332,0.0,126.7006972789764,0.0,0.0,0.0,0.0,0.0,0.0,0.0,0.0,0.0,0.0,0.0,75.02183773219579,0.0,0.0,6613.226366251705,0.0,125.48491204679,0.0,0.0,1202.5436995021992,0.0,0.0,0.0,0.0,0.0,0.0,0.0,2136.35367592126,0.0,0.0,0.0,0.0,0.0,0.0,0.0
4333,0.0,110.43802105486387,0.0,0.0,0.0,0.0,0.0,0.0,0.0,0.0,0.0,0.0,0.0,63.120792132615975,0.0,0.0,6357.160370603204,0.0,127.3492961853741,0.0,0.0,1050.4581081189212,0.0,0.0,0.0,0.0,0.0,0.0,0.0,1905.6727838978154,0.0,0.0,0.0,0.0,0.0,0.0,0.0
4334,0.0,103.72377274185419,0.0,0.0,0.0,0.0,0.0,0.0,0.0,0.0,0.0,0.0,0.0,54.74135973453515,0.0,0.0,6069.439327284694,0.0,134.05145156085473,0.0,0.0,915.1839567191898,0.0,0.0,0.0,0.0,0.0,0.0,0.0,1788.2067799687386,0.0,0.0,0.0,0.0,0.0,0.0,0.0
4335,0.0,104.73513906598089,0.0,0.0,0.0,0.0,0.0,0.0,0.0,0.0,0.0,0.0,0.0,60.500965540111,0.0,0.0,6040.321692913771,0.0,152.77120454609388,0.0,0.0,1015.8643563285464,0.0,0.0,0.0,0.0,0.0,0.0,0.0,1852.5327511265857,0.0,0.0,0.0,0.0,0.0,0.0,0.0
4336,0.0,105.11077959537499,0.0,0.0,0.0,0.0,0.0,0.0,0.0,0.0,0.0,0.0,0.0,64.51012154072517,0.0,0.0,6004.7477340847245,0.0,168.34053723216041,0.0,0.0,1146.1702356085173,0.0,0.0,0.0,0.0,0.0,0.0,0.0,1970.394720676541,0.0,0.0,0.0,0.0,0.0,0.0,0.0
4337,0.0,106.85312853008506,0.0,0.0,0.0,0.0,0.0,0.0,0.0,0.0,0.0,0.0,0.0,63.93416488319633,0.0,0.0,5970.356527224181,0.0,170.43593154251565,0.0,0.0,1170.9692856632173,0.0,0.0,0.0,0.0,0.0,0.0,0.0,2035.453137829899,0.0,0.0,0.0,0.0,0.0,0.0,0.0
4338,0.0,104.20286942571396,0.0,0.0,0.0,0.0,0.0,0.0,0.0,0.0,0.0,0.0,0.0,65.90038126707064,0.0,0.0,5948.979092434049,0.0,165.7100565522908,0.0,0.0,1170.4911538079377,0.0,0.0,0.0,0.0,0.0,0.0,0.0,2072.5319733098127,0.0,0.0,0.0,0.0,0.0,0.0,0.0
4339,0.0,106.59867548793551,0.0,0.0,0.0,0.0,0.0,0.0,0.0,0.0,0.0,0.0,0.0,78.1958930075168,0.0,0.0,6074.015538945793,0.0,145.2416690558194,0.0,0.0,1120.032083324342,0.0,0.0,0.0,0.0,0.0,0.0,0.0,2230.1897534012783,0.0,0.0,0.0,0.0,0.0,0.0,0.0
4340,0.0,116.9885771825909,0.0,0.0,0.0,0.0,0.0,0.0,0.0,0.0,0.0,0.0,0.0,89.5474455803632,0.0,0.0,6184.455247089266,0.0,126.97148703038692,0.0,0.0,1127.826154824346,0.0,0.0,0.0,0.0,0.0,0.0,0.0,2389.1616330966335,0.0,0.0,0.0,0.0,0.0,0.0,0.0
4341,0.0,129.3347540974617,0.0,0.0,0.0,0.0,0.0,0.0,0.0,0.0,0.0,0.0,0.0,95.94555793404578,0.0,0.0,6281.754390284418,0.0,115.17459179908028,0.0,0.0,1169.8591447860001,0.0,0.0,0.0,0.0,0.0,0.0,0.0,2510.3538724049918,0.0,0.0,0.0,0.0,0.0,0.0,0.0
4342,0.0,142.1818902611732,0.0,0.0,0.0,0.0,0.0,0.0,0.0,0.0,0.0,0.0,0.0,97.5941715180873,0.0,0.0,6368.712913095949,0.0,107.42689567953336,0.0,0.0,1219.4642840377978,0.0,0.0,0.0,0.0,0.0,0.0,0.0,2631.6178917825223,0.0,0.0,0.0,0.0,0.0,0.0,0.0
4343,0.0,154.39149803817264,0.0,0.0,0.0,0.0,0.0,0.0,0.0,0.0,0.0,0.0,0.0,92.23814448863253,0.0,0.0,6456.225668579338,0.0,105.44697681367396,0.0,0.0,1261.9553480833765,0.0,0.0,0.0,0.0,0.0,0.0,0.0,2769.9684605225907,0.0,0.0,0.0,0.0,0.0,0.0,0.0
4344,0.0,169.94158229827875,0.0,0.0,0.0,0.0,0.0,0.0,0.0,0.0,0.0,0.0,0.0,79.34377681165932,0.0,0.0,6681.702299028633,0.0,128.70014324486255,0.0,0.0,1524.5725810199976,0.0,0.0,0.0,0.0,0.0,0.0,0.0,3264.338408821821,0.0,0.0,0.0,0.0,0.0,0.0,0.0
4345,0.0,182.870262953639,0.0,0.0,0.0,0.0,0.0,0.0,0.0,0.0,0.0,0.0,0.0,61.45403173863876,0.0,0.0,6875.8043040931225,0.0,160.34441662430754,0.0,0.0,1702.8555897250767,0.0,0.0,0.0,0.0,0.0,0.0,0.0,3761.3280584365125,0.0,0.0,0.0,0.0,0.0,0.0,0.0
4346,0.0,196.90116197168828,0.0,0.0,0.0,0.0,0.0,0.0,0.0,0.0,0.0,0.0,0.0,44.379203408211396,0.0,0.0,7041.598048955202,0.0,204.89853790998455,0.0,0.0,1867.6491795212028,0.0,0.0,0.0,0.0,0.0,0.0,0.0,4257.735873636602,0.0,0.0,0.0,0.0,0.0,0.0,0.0
4347,0.0,213.1361329883337,0.0,0.0,0.0,0.0,0.0,0.0,0.0,0.0,0.0,0.0,0.0,31.784328149259068,0.0,0.0,7187.324292808771,0.0,264.1569820225237,0.0,0.0,2079.093512383103,0.0,0.0,0.0,0.0,0.0,0.0,0.0,4767.516478449106,0.0,0.0,0.0,0.0,0.0,0.0,0.0
4348,0.0,231.34219975769517,0.0,0.0,0.0,0.0,0.0,0.0,0.0,0.0,0.0,0.0,0.0,32.23246972933401,0.0,0.0,7321.736411452292,0.0,334.05621082782733,0.0,0.0,2272.641166296601,0.0,0.0,0.0,0.0,0.0,0.0,0.0,5286.297616872191,0.0,0.0,0.0,0.0,0.0,0.0,0.0
4349,0.0,246.78039706349372,0.0,0.0,0.0,0.0,0.0,0.0,0.0,0.0,0.0,0.0,0.0,40.01976017430413,0.0,0.0,7436.95302182436,0.0,397.5174186825752,0.0,0.0,2479.6319170206784,0.0,0.0,0.0,0.0,0.0,0.0,0.0,5814.878452396392,0.0,0.0,0.0,0.0,0.0,0.0,0.0
4350,0.0,229.45104930996888,0.0,0.0,0.0,0.0,0.0,0.0,0.0,0.0,0.0,0.0,0.0,56.51808822751041,0.0,0.0,7273.376207649708,0.0,438.29003965854633,0.0,0.0,2532.632572048902,0.0,0.0,0.0,0.0,0.0,0.0,0.0,5848.083876234293,0.0,0.0,0.0,0.0,0.0,0.0,0.0
4351,0.0,214.32191586792464,0.0,0.0,0.0,0.0,0.0,0.0,0.0,0.0,0.0,0.0,0.0,78.74271837472907,0.0,0.0,7109.5854791104775,0.0,466.2776770830153,0.0,0.0,2464.660947860777,0.0,0.0,0.0,0.0,0.0,0.0,0.0,5699.495878535508,0.0,0.0,0.0,0.0,0.0,0.0,0.0
4352,0.0,201.78241271674634,0.0,0.0,0.0,0.0,0.0,0.0,0.0,0.0,0.0,0.0,0.0,104.76486272811877,0.0,0.0,6949.634318947792,0.0,482.65104728937143,0.0,0.0,2337.0204057902097,0.0,0.0,0.0,0.0,0.0,0.0,0.0,5429.982873120903,0.0,0.0,0.0,0.0,0.0,0.0,0.0
4353,0.0,191.01884843409056,0.0,0.0,0.0,0.0,0.0,0.0,0.0,0.0,0.0,0.0,0.0,133.48970485329616,0.0,0.0,6798.946039706467,0.0,505.72194881439196,0.0,0.0,2214.7686678305263,0.0,0.0,0.0,0.0,0.0,0.0,0.0,5156.857721051572,0.0,0.0,0.0,0.0,0.0,0.0,0.0
4354,0.0,174.38147155344484,0.0,0.0,0.0,0.0,0.0,0.0,0.0,0.0,0.0,0.0,0.0,154.49734424352647,0.0,0.0,6290.825137212872,0.0,526.2205705285071,0.0,0.0,1945.5496275991202,0.0,0.0,0.0,0.0,0.0,0.0,0.0,4490.147081181406,0.0,0.0,0.0,0.0,0.0,0.0,0.0
4355,0.0,160.7001070439815,0.0,0.0,0.0,0.0,0.0,0.0,0.0,0.0,0.0,0.0,0.0,181.05506047606465,0.0,0.0,5778.810993283987,0.0,544.2993877410887,0.0,0.0,1691.5937187820668,0.0,0.0,0.0,0.0,0.0,0.0,0.0,3891.8050587326284,0.0,0.0,0.0,0.0,0.0,0.0,0.0
4356,0.0,150.2602377802133,0.0,0.0,0.0,0.0,0.0,0.0,0.0,0.0,0.0,0.0,0.0,209.79750018715848,0.0,0.0,5281.837751731276,0.0,549.4703281998633,0.0,0.0,1440.1993009015919,0.0,0.0,0.0,0.0,0.0,0.0,0.0,3360.8965239375825,0.0,0.0,0.0,0.0,0.0,0.0,0.0
4357,0.0,141.14912429451934,0.0,0.0,0.0,0.0,0.0,0.0,0.0,0.0,0.0,0.0,0.0,237.24729073047638,0.0,0.0,4823.434047982095,0.0,546.1219182372092,0.0,0.0,1209.1688949152826,0.0,0.0,0.0,0.0,0.0,0.0,0.0,2894.794724038243,0.0,0.0,0.0,0.0,0.0,0.0,0.0
4358,0.0,132.784003329277,0.0,0.0,0.0,0.0,0.0,0.0,0.0,0.0,0.0,0.0,0.0,262.0054352343082,0.0,0.0,4391.647903084754,0.0,538.9081524729728,0.0,0.0,994.9407704584296,0.0,0.0,0.0,0.0,0.0,0.0,0.0,2502.1383993998165,0.0,0.0,0.0,0.0,0.0,0.0,0.0
4359,0.0,123.5303658396005,0.0,0.0,0.0,0.0,0.0,0.0,0.0,0.0,0.0,0.0,0.0,298.5177359342575,0.0,0.0,4284.234888732432,0.0,541.5323047161103,0.0,0.0,1001.756022716313,0.0,0.0,0.0,0.0,0.0,0.0,0.0,2266.4564073428505,0.0,0.0,0.0,0.0,0.0,0.0,0.0
4360,0.0,114.28528540134424,0.0,0.0,0.0,0.0,0.0,0.0,0.0,0.0,0.0,0.0,0.0,334.17048983573915,0.0,0.0,4187.445250660181,0.0,542.1273852586745,0.0,0.0,989.9176233038298,0.0,0.0,0.0,0.0,0.0,0.0,0.0,1984.0367307499048,0.0,0.0,0.0,0.0,0.0,0.0,0.0
4361,0.0,104.24619475901122,0.0,0.0,0.0,0.0,0.0,0.0,0.0,0.0,0.0,0.0,0.0,361.5506073892116,0.0,0.0,4092.633737057446,0.0,542.2129303097724,0.0,0.0,972.0983749218285,0.0,0.0,0.0,0.0,0.0,0.0,0.0,1785.3804171442964,0.0,0.0,0.0,0.0,0.0,0.0,0.0
4362,0.0,94.00534708052868,0.0,0.0,0.0,0.0,0.0,0.0,0.0,0.0,0.0,0.0,0.0,380.64591599702834,0.0,0.0,4004.1789804995037,0.0,542.193307709694,0.0,0.0,951.1923490628594,0.0,0.0,0.0,0.0,0.0,0.0,0.0,1667.715707179902,0.0,0.0,0.0,0.0,0.0,0.0,0.0
4363,0.0,91.73101607859131,0.0,0.0,0.0,0.0,0.0,0.0,0.0,0.0,0.0,0.0,0.0,408.428043115139,0.0,0.0,3986.469204723834,0.0,532.4051279544831,0.0,0.0,963.5968317657708,0.0,0.0,0.0,0.0,0.0,0.0,0.0,1952.6932493612148,0.0,0.0,0.0,0.0,0.0,0.0,0.0
4364,0.0,95.45646869391199,0.0,0.0,0.0,0.0,0.0,0.0,0.0,0.0,0.0,0.0,0.0,432.71046994924546,0.0,0.0,3945.3175260722614,0.0,516.480231976509,0.0,0.0,980.1280684679741,0.0,0.0,0.0,0.0,0.0,0.0,0.0,2191.826289731263,0.0,0.0,0.0,0.0,0.0,0.0,0.0
4365,0.0,98.70071341842413,0.0,0.0,0.0,0.0,0.0,0.0,0.0,0.0,0.0,0.0,0.0,448.13927109241484,0.0,0.0,3886.646260961889,0.0,476.39404630661005,0.0,0.0,978.1154035694891,0.0,0.0,0.0,0.0,0.0,0.0,0.0,2381.6323196947556,0.0,0.0,0.0,0.0,0.0,0.0,0.0
4366,0.0,101.56070445030922,0.0,0.0,0.0,0.0,0.0,0.0,0.0,0.0,0.0,0.0,0.0,453.97014712095256,0.0,0.0,3821.6723008006797,0.0,430.40249546170236,0.0,0.0,966.8308257155112,0.0,0.0,0.0,0.0,0.0,0.0,0.0,2533.134552040695,0.0,0.0,0.0,0.0,0.0,0.0,0.0
4367,0.0,104.43594386726612,0.0,0.0,0.0,0.0,0.0,0.0,0.0,0.0,0.0,0.0,0.0,449.1632040023804,0.0,0.0,3758.6052899658657,0.0,391.3644589781761,0.0,0.0,953.7321927443145,0.0,0.0,0.0,0.0,0.0,0.0,0.0,2660.831114292143,0.0,0.0,0.0,0.0,0.0,0.0,0.0
4368,0.0,137.19763225615023,0.0,0.0,0.0,0.0,0.0,0.0,0.0,0.0,0.0,0.0,0.0,438.53206521272654,0.0,0.0,4137.687991589305,0.0,386.1631953775882,0.0,0.0,1172.7371700614685,0.0,0.0,0.0,0.0,0.0,0.0,0.0,3312.802069529889,0.0,0.0,0.0,0.0,0.0,0.0,0.0
4369,0.0,168.46905402839175,0.0,0.0,0.0,0.0,0.0,0.0,0.0,0.0,0.0,0.0,0.0,421.85717564821243,0.0,0.0,4629.025561973453,0.0,393.84695501923557,0.0,0.0,1311.7431265890598,0.0,0.0,0.0,0.0,0.0,0.0,0.0,3926.4019672363997,0.0,0.0,0.0,0.0,0.0,0.0,0.0
4370,0.0,197.98101977705954,0.0,0.0,0.0,0.0,0.0,0.0,0.0,0.0,0.0,0.0,0.0,404.8718512177467,0.0,0.0,5149.329081997275,0.0,405.36005617380124,0.0,0.0,1351.3560896694655,0.0,0.0,0.0,0.0,0.0,0.0,0.0,4530.69974655807,0.0,0.0,0.0,0.0,0.0,0.0,0.0
4371,0.0,224.44126043021677,0.0,0.0,0.0,0.0,0.0,0.0,0.0,0.0,0.0,0.0,0.0,387.72126640081405,0.0,0.0,5631.592016100882,0.0,410.1728990018367,0.0,0.0,1347.616110053658,0.0,0.0,0.0,0.0,0.0,0.0,0.0,5120.24518481195,0.0,0.0,0.0,0.0,0.0,0.0,0.0
4372,0.0,259.7675321996212,0.0,0.0,0.0,0.0,0.0,0.0,0.0,0.0,0.0,0.0,0.0,381.9860226035118,0.0,0.0,6044.0080208182335,0.0,407.76204620003693,0.0,0.0,1216.1107760466627,0.0,0.0,0.0,0.0,0.0,0.0,0.0,5669.169251325727,0.0,0.0,0.0,0.0,0.0,0.0,0.0
4373,0.0,295.98394773602485,0.0,0.0,0.0,0.0,0.0,0.0,0.0,0.0,0.0,0.0,0.0,386.2884866476059,0.0,0.0,6372.392240166662,0.0,401.22342237234096,0.0,0.0,927.1414917245505,0.0,0.0,0.0,0.0,0.0,0.0,0.0,6215.093742656707,0.0,0.0,0.0,0.0,0.0,0.0,0.0
4374,0.0,290.7421505391597,0.0,0.0,0.0,0.0,0.0,0.0,0.0,0.0,0.0,0.0,0.0,390.21052899360654,0.0,0.0,6397.2280868291855,0.0,382.1293875575065,0.0,0.0,805.9270811475812,0.0,0.0,0.0,0.0,0.0,0.0,0.0,6005.554883500933,0.0,0.0,0.0,0.0,0.0,0.0,0.0
4375,0.0,283.120370811224,0.0,0.0,0.0,0.0,0.0,0.0,0.0,0.0,0.0,0.0,0.0,393.8865189790725,0.0,0.0,6424.9249408841115,0.0,357.71442685127244,0.0,0.0,686.569717439264,0.0,0.0,0.0,0.0,0.0,0.0,0.0,5814.788049286604,0.0,0.0,0.0,0.0,0.0,0.0,0.0
4376,0.0,275.73355929851533,0.0,0.0,0.0,0.0,0.0,0.0,0.0,0.0,0.0,0.0,0.0,403.7539449572563,0.0,0.0,6477.936420843004,0.0,328.5800529778002,0.0,0.0,581.7082564685486,0.0,0.0,0.0,0.0,0.0,0.0,0.0,5624.420435205101,0.0,0.0,0.0,0.0,0.0,0.0,0.0
4377,0.0,268.7011780500412,0.0,0.0,0.0,0.0,0.0,0.0,0.0,0.0,0.0,0.0,0.0,420.4140839338302,0.0,0.0,6550.90105485916,0.0,309.01922555565835,0.0,0.0,497.2909627877169,0.0,0.0,0.0,0.0,0.0,0.0,0.0,5443.554187962412,0.0,0.0,0.0,0.0,0.0,0.0,0.0
4378,0.0,256.7226527452468,0.0,0.0,0.0,0.0,0.0,0.0,0.0,0.0,0.0,0.0,0.0,421.98181587457657,0.0,0.0,6295.696550697086,0.0,280.69177923798554,0.0,0.0,436.41199361979864,0.0,0.0,0.0,0.0,0.0,0.0,0.0,4771.769040733575,0.0,0.0,0.0,0.0,0.0,0.0,0.0
4379,0.0,249.2655050754547,0.0,0.0,0.0,0.0,0.0,0.0,0.0,0.0,0.0,0.0,0.0,427.8505323171615,0.0,0.0,6060.411752164364,0.0,257.66009327173214,0.0,0.0,386.417052396386,0.0,0.0,0.0,0.0,0.0,0.0,0.0,4143.673185178637,0.0,0.0,0.0,0.0,0.0,0.0,0.0
4380,0.0,243.95898290276529,0.0,0.0,0.0,0.0,0.0,0.0,0.0,0.0,0.0,0.0,0.0,435.7698494911193,0.0,0.0,5871.407520875333,0.0,241.3196842908858,0.0,0.0,349.3427598070347,0.0,0.0,0.0,0.0,0.0,0.0,0.0,3600.221761319041,0.0,0.0,0.0,0.0,0.0,0.0,0.0
4381,0.0,240.49124482870096,0.0,0.0,0.0,0.0,0.0,0.0,0.0,0.0,0.0,0.0,0.0,446.09512654542925,0.0,0.0,5676.288839176296,0.0,223.37649125754822,0.0,0.0,321.8253897506743,0.0,0.0,0.0,0.0,0.0,0.0,0.0,3149.036836147308,0.0,0.0,0.0,0.0,0.0,0.0,0.0
4382,0.0,243.15880039930337,0.0,0.0,0.0,0.0,0.0,0.0,0.0,0.0,0.0,0.0,0.0,454.0868516206741,0.0,0.0,5448.42959164083,0.0,203.4859626561403,0.0,0.0,304.86873907148777,0.0,0.0,0.0,0.0,0.0,0.0,0.0,2811.0036976993083,0.0,0.0,0.0,0.0,0.0,0.0,0.0
4383,0.0,238.7738866925239,0.0,0.0,0.0,0.0,0.0,0.0,0.0,0.0,0.0,0.0,0.0,473.6077976346015,0.0,0.0,5581.496383398771,0.0,206.28136802911757,0.0,0.0,331.7339288000017,0.0,0.0,0.0,0.0,0.0,0.0,0.0,2758.014276508986,0.0,0.0,0.0,0.0,0.0,0.0,0.0
4384,0.0,236.4949334800243,0.0,0.0,0.0,0.0,0.0,0.0,0.0,0.0,0.0,0.0,0.0,494.07058438062666,0.0,0.0,5709.9861856251955,0.0,214.86452154219134,0.0,0.0,352.02384047470895,0.0,0.0,0.0,0.0,0.0,0.0,0.0,2809.306108103691,0.0,0.0,0.0,0.0,0.0,0.0,0.0
4385,0.0,235.8780121564865,0.0,0.0,0.0,0.0,0.0,0.0,0.0,0.0,0.0,0.0,0.0,503.05481330156323,0.0,0.0,5782.308298677204,0.0,216.32053625285607,0.0,0.0,370.7868259213862,0.0,0.0,0.0,0.0,0.0,0.0,0.0,2890.556987863779,0.0,0.0,0.0,0.0,0.0,0.0,0.0
4386,0.0,236.44861317873,0.0,0.0,0.0,0.0,0.0,0.0,0.0,0.0,0.0,0.0,0.0,514.1453275442124,0.0,0.0,5831.308689832686,0.0,208.61764309406263,0.0,0.0,384.6680147342377,0.0,0.0,0.0,0.0,0.0,0.0,0.0,2982.8806213170283,0.0,0.0,0.0,0.0,0.0,0.0,0.0
4387,0.0,260.77314004898074,0.0,0.0,0.0,0.0,0.0,0.0,0.0,0.0,0.0,0.0,0.0,537.7493618369101,0.0,0.0,5848.800661891697,0.0,181.77730530500403,0.0,0.0,406.1414862982924,0.0,0.0,0.0,0.0,0.0,0.0,0.0,3237.2746106505374,0.0,0.0,0.0,0.0,0.0,0.0,0.0
4388,0.0,284.0812294900417,0.0,0.0,0.0,0.0,0.0,0.0,0.0,0.0,0.0,0.0,0.0,558.5237939834594,0.0,0.0,5852.749521061778,0.0,152.9218272686003,0.0,0.0,429.3527934484174,0.0,0.0,0.0,0.0,0.0,0.0,0.0,3549.296966350078,0.0,0.0,0.0,0.0,0.0,0.0,0.0
4389,0.0,307.1447836518288,0.0,0.0,0.0,0.0,0.0,0.0,0.0,0.0,0.0,0.0,0.0,574.3504574894905,0.0,0.0,5843.132320165633,0.0,144.9320350974798,0.0,0.0,444.6026791647075,0.0,0.0,0.0,0.0,0.0,0.0,0.0,3952.9211770743127,0.0,0.0,0.0,0.0,0.0,0.0,0.0
4390,0.0,330.5991565883159,0.0,0.0,0.0,0.0,0.0,0.0,0.0,0.0,0.0,0.0,0.0,581.8336235404015,0.0,0.0,5838.0606050491315,0.0,140.47718615531906,0.0,0.0,457.5613240297879,0.0,0.0,0.0,0.0,0.0,0.0,0.0,4347.245439088344,0.0,0.0,0.0,0.0,0.0,0.0,0.0
4391,0.0,353.75425717234606,0.0,0.0,0.0,0.0,0.0,0.0,0.0,0.0,0.0,0.0,0.0,577.8161731362342,0.0,0.0,5839.403987258673,0.0,133.19330368340016,0.0,0.0,468.38476236686046,0.0,0.0,0.0,0.0,0.0,0.0,0.0,4606.581947240232,0.0,0.0,0.0,0.0,0.0,0.0,0.0
4392,0.0,381.46524415612214,0.0,0.0,0.0,0.0,0.0,0.0,0.0,0.0,0.0,0.0,0.0,563.1482602238655,0.0,0.0,6266.9600728303185,0.0,144.5173668742178,0.0,0.0,548.3505553767085,0.0,0.0,0.0,0.0,0.0,0.0,0.0,5188.404067018627,0.0,0.0,0.0,0.0,0.0,0.0,0.0
4393,0.0,407.4668128252029,0.0,0.0,0.0,0.0,0.0,0.0,0.0,0.0,0.0,0.0,0.0,541.1118682026863,0.0,0.0,6649.388006180523,0.0,146.16252329349516,0.0,0.0,553.7727764915671,0.0,0.0,0.0,0.0,0.0,0.0,0.0,5761.912355208397,0.0,0.0,0.0,0.0,0.0,0.0,0.0
4394,0.0,430.92898530364033,0.0,0.0,0.0,0.0,0.0,0.0,0.0,0.0,0.0,0.0,0.0,517.4680656075477,0.0,0.0,6992.060149341822,0.0,144.17090348899364,0.0,0.0,484.8665358480065,0.0,0.0,0.0,0.0,0.0,0.0,0.0,6344.083792603015,0.0,0.0,0.0,0.0,0.0,0.0,0.0
4395,0.0,451.30554115176193,0.0,0.0,0.0,0.0,0.0,0.0,0.0,0.0,0.0,0.0,0.0,497.8769534230232,0.0,0.0,7298.84368509054,0.0,144.90839608907694,0.0,0.0,357.0367695193732,0.0,0.0,0.0,0.0,0.0,0.0,0.0,6930.636526310443,0.0,0.0,0.0,0.0,0.0,0.0,0.0
4396,0.0,470.07561580538743,0.0,0.0,0.0,0.0,0.0,0.0,0.0,0.0,0.0,0.0,0.0,479.32344870567323,0.0,0.0,7542.755844414232,0.0,142.72486310601226,0.0,0.0,242.21639800183405,0.0,0.0,0.0,0.0,0.0,0.0,0.0,7633.3905244410025,0.0,0.0,0.0,0.0,0.0,0.0,0.0
4397,0.0,485.23655061721803,0.0,0.0,0.0,0.0,0.0,0.0,0.0,0.0,0.0,0.0,0.0,450.0310227870941,0.0,0.0,7732.612232744694,0.0,137.08422518372535,0.0,0.0,38.0423733548255,0.0,0.0,0.0,0.0,0.0,0.0,0.0,8359.720207154749,0.0,0.0,0.0,0.0,0.0,0.0,0.0
4398,0.0,479.3624294042587,0.0,0.0,0.0,0.0,0.0,0.0,0.0,0.0,0.0,0.0,0.0,421.51517721414564,0.0,0.0,7674.062704354525,0.0,119.98328483253704,0.0,0.0,140.5164675512349,0.0,0.0,0.0,0.0,0.0,0.0,0.0,8291.961991530656,0.0,0.0,0.0,0.0,0.0,0.0,0.0
4399,0.0,465.3014544546604,0.0,0.0,0.0,0.0,0.0,0.0,0.0,0.0,0.0,0.0,0.0,402.151466190815,0.0,0.0,7632.618546426294,0.0,102.88601260334241,0.0,0.0,134.5853656391611,0.0,0.0,0.0,0.0,0.0,0.0,0.0,8251.579284000396,0.0,0.0,0.0,0.0,0.0,0.0,0.0
4400,0.0,449.98809190392495,0.0,0.0,0.0,0.0,0.0,0.0,0.0,0.0,0.0,0.0,0.0,391.3895448327064,0.0,0.0,7589.0352448523045,0.0,89.02075600922103,0.0,0.0,148.10309249712117,0.0,0.0,0.0,0.0,0.0,0.0,0.0,8213.449421966076,0.0,0.0,0.0,0.0,0.0,0.0,0.0
4401,0.0,435.91853184700005,0.0,0.0,0.0,0.0,0.0,0.0,0.0,0.0,0.0,0.0,0.0,385.14188623428345,0.0,0.0,7536.566329509018,0.0,77.54665551334605,0.0,0.0,155.6459498721167,0.0,0.0,0.0,0.0,0.0,0.0,0.0,8101.542666870355,0.0,0.0,0.0,0.0,0.0,0.0,0.0
4402,0.0,414.14787801504133,0.0,0.0,0.0,0.0,0.0,0.0,0.0,0.0,0.0,0.0,0.0,367.38802927136413,0.0,0.0,6975.319600105286,0.0,63.189781647920455,0.0,0.0,180.3850631430744,0.0,0.0,0.0,0.0,0.0,0.0,0.0,7391.805932539702,0.0,0.0,0.0,0.0,0.0,0.0,0.0
4403,0.0,393.89137338995926,0.0,0.0,0.0,0.0,0.0,0.0,0.0,0.0,0.0,0.0,0.0,354.4675678491592,0.0,0.0,6406.911795645951,0.0,54.88186326026904,0.0,0.0,185.5642067760227,0.0,0.0,0.0,0.0,0.0,0.0,0.0,6643.650769448281,0.0,0.0,0.0,0.0,0.0,0.0,0.0
4404,0.0,373.99378797411913,0.0,0.0,0.0,0.0,0.0,0.0,0.0,0.0,0.0,0.0,0.0,344.27513575553894,0.0,0.0,5868.323653608559,0.0,44.19512700289469,0.0,0.0,186.62897167615543,0.0,0.0,0.0,0.0,0.0,0.0,0.0,5945.156927463411,0.0,0.0,0.0,0.0,0.0,0.0,0.0
4405,0.0,353.99876439571375,0.0,0.0,0.0,0.0,0.0,0.0,0.0,0.0,0.0,0.0,0.0,335.2922070384025,0.0,0.0,5334.936742112039,0.0,29.483169665560087,0.0,0.0,184.47983824275337,0.0,0.0,0.0,0.0,0.0,0.0,0.0,5349.3002673089495,0.0,0.0,0.0,0.0,0.0,0.0,0.0
4406,0.0,332.3249876081943,0.0,0.0,0.0,0.0,0.0,0.0,0.0,0.0,0.0,0.0,0.0,331.2052181482315,0.0,0.0,4799.70394411683,0.0,20.78288634791956,0.0,0.0,190.30461504422064,0.0,0.0,0.0,0.0,0.0,0.0,0.0,4847.995858070253,0.0,0.0,0.0,0.0,0.0,0.0,0.0
4407,0.0,319.7525468230247,0.0,0.0,0.0,0.0,0.0,0.0,0.0,0.0,0.0,0.0,0.0,336.37503021359436,0.0,0.0,4810.354545861481,0.0,17.333362194150585,0.0,0.0,215.57017858475425,0.0,0.0,0.0,0.0,0.0,0.0,0.0,4673.003643289208,0.0,0.0,0.0,0.0,0.0,0.0,0.0
4408,0.0,307.61244755387304,0.0,0.0,0.0,0.0,0.0,0.0,0.0,0.0,0.0,0.0,0.0,337.15087078809734,0.0,0.0,4820.69788879156,0.0,16.86512827426178,0.0,0.0,246.80361031070314,0.0,0.0,0.0,0.0,0.0,0.0,0.0,4354.096909973025,0.0,0.0,0.0,0.0,0.0,0.0,0.0
4409,0.0,294.7630669176578,0.0,0.0,0.0,0.0,0.0,0.0,0.0,0.0,0.0,0.0,0.0,314.04763913154596,0.0,0.0,4837.994226440786,0.0,14.741861794516414,0.0,0.0,232.89577872231524,0.0,0.0,0.0,0.0,0.0,0.0,0.0,4019.1982281476257,0.0,0.0,0.0,0.0,0.0,0.0,0.0
4410,0.0,284.0113141715526,0.0,0.0,0.0,0.0,0.0,0.0,0.0,0.0,0.0,0.0,0.0,291.4733662486076,0.0,0.0,4856.726512879132,0.0,17.55550218000999,0.0,0.0,240.10291441865198,0.0,0.0,0.0,0.0,0.0,0.0,0.0,3683.5108695924264,0.0,0.0,0.0,0.0,0.0,0.0,0.0
4411,0.0,280.1026775300503,0.0,0.0,0.0,0.0,0.0,0.0,0.0,0.0,0.0,0.0,0.0,278.2448461949824,0.0,0.0,4975.820029407738,0.0,15.480447420850266,0.0,0.0,240.15752453952982,0.0,0.0,0.0,0.0,0.0,0.0,0.0,3820.182290971279,0.0,0.0,0.0,0.0,0.0,0.0,0.0
4412,0.0,282.93506155014035,0.0,0.0,0.0,0.0,0.0,0.0,0.0,0.0,0.0,0.0,0.0,261.40976255536077,0.0,0.0,5089.997793838381,0.0,17.619092224165758,0.0,0.0,241.54033757261885,0.0,0.0,0.0,0.0,0.0,0.0,0.0,3987.3040110141023,0.0,0.0,0.0,0.0,0.0,0.0,0.0
4413,0.0,292.7999951541423,0.0,0.0,0.0,0.0,0.0,0.0,0.0,0.0,0.0,0.0,0.0,242.2314426600933,0.0,0.0,5203.003307551144,0.0,24.040430629998372,0.0,0.0,242.3646362856026,0.0,0.0,0.0,0.0,0.0,0.0,0.0,4140.830188181996,0.0,0.0,0.0,0.0,0.0,0.0,0.0
4414,0.0,302.61176281571386,0.0,0.0,0.0,0.0,0.0,0.0,0.0,0.0,0.0,0.0,0.0,217.97856183648108,0.0,0.0,5323.388866841791,0.0,29.585773336514784,0.0,0.0,244.9700272500509,0.0,0.0,0.0,0.0,0.0,0.0,0.0,4292.982599693536,0.0,0.0,0.0,0.0,0.0,0.0,0.0
4415,0.0,310.87057995200155,0.0,0.0,0.0,0.0,0.0,0.0,0.0,0.0,0.0,0.0,0.0,187.25501504540432,0.0,0.0,5467.103148862719,0.0,29.480566781014033,0.0,0.0,251.11565270349297,0.0,0.0,0.0,0.0,0.0,0.0,0.0,4431.981358730792,0.0,0.0,0.0,0.0,0.0,0.0,0.0
4416,0.0,332.2461505115032,0.0,0.0,0.0,0.0,0.0,0.0,0.0,0.0,0.0,0.0,0.0,155.23810173273085,0.0,0.0,5910.423167362809,0.0,40.35848629772658,0.0,0.0,481.89094654507886,0.0,0.0,0.0,0.0,0.0,0.0,0.0,4772.775769764185,0.0,0.0,0.0,0.0,0.0,0.0,0.0
4417,0.0,346.3168328046798,0.0,0.0,0.0,0.0,0.0,0.0,0.0,0.0,0.0,0.0,0.0,119.5448845922946,0.0,0.0,6266.496850997208,0.0,42.79230376631009,0.0,0.0,618.7080325450744,0.0,0.0,0.0,0.0,0.0,0.0,0.0,5115.260718950629,0.0,0.0,0.0,0.0,0.0,0.0,0.0
4418,0.0,355.92191260457037,0.0,0.0,0.0,0.0,0.0,0.0,0.0,0.0,0.0,0.0,0.0,84.05975049883124,0.0,0.0,6577.363428562878,0.0,42.953560337424086,0.0,0.0,716.4025112070137,0.0,0.0,0.0,0.0,0.0,0.0,0.0,5458.536876153945,0.0,0.0,0.0,0.0,0.0,0.0,0.0
4419,0.0,360.87731510996815,0.0,0.0,0.0,0.0,0.0,0.0,0.0,0.0,0.0,0.0,0.0,51.873950800299504,0.0,0.0,6882.814472287893,0.0,46.998661527037434,0.0,0.0,792.3033887051046,0.0,0.0,0.0,0.0,0.0,0.0,0.0,5814.942096185682,0.0,0.0,0.0,0.0,0.0,0.0,0.0
4420,0.0,365.31895785927765,0.0,0.0,0.0,0.0,0.0,0.0,0.0,0.0,0.0,0.0,0.0,28.665820158272947,0.0,0.0,7203.808144807816,0.0,52.01244333684437,0.0,0.0,904.2787356577812,0.0,0.0,0.0,0.0,0.0,0.0,0.0,6173.149592614173,0.0,0.0,0.0,0.0,0.0,0.0,0.0
4421,0.0,370.6471391916275,0.0,0.0,0.0,0.0,0.0,0.0,0.0,0.0,0.0,0.0,0.0,23.18737782016387,0.0,0.0,7507.30206656456,0.0,51.06315559595809,0.0,0.0,657.3135278306897,0.0,0.0,0.0,0.0,0.0,0.0,0.0,6468.374327290058,0.0,0.0,0.0,0.0,0.0,0.0,0.0
4422,0.0,357.3991121828556,0.0,0.0,0.0,0.0,0.0,0.0,0.0,0.0,0.0,0.0,0.0,23.16804289296259,0.0,0.0,7538.68991574645,0.0,47.619611592590786,0.0,0.0,546.4594859864557,0.0,0.0,0.0,0.0,0.0,0.0,0.0,6114.408544772862,0.0,0.0,0.0,0.0,0.0,0.0,0.0
4423,0.0,346.175795763731,0.0,0.0,0.0,0.0,0.0,0.0,0.0,0.0,0.0,0.0,0.0,23.167748665809633,0.0,0.0,7527.132317095995,0.0,49.776193141937064,0.0,0.0,450.74395246021425,0.0,0.0,0.0,0.0,0.0,0.0,0.0,5746.328305530547,0.0,0.0,0.0,0.0,0.0,0.0,0.0
4424,0.0,337.5096910357475,0.0,0.0,0.0,0.0,0.0,0.0,0.0,0.0,0.0,0.0,0.0,23.299839844554512,0.0,0.0,7480.715233594177,0.0,56.15925895571703,0.0,0.0,383.08992226682597,0.0,0.0,0.0,0.0,0.0,0.0,0.0,5370.025722646712,0.0,0.0,0.0,0.0,0.0,0.0,0.0
4425,0.0,327.6409979403018,0.0,0.0,0.0,0.0,0.0,0.0,0.0,0.0,0.0,0.0,0.0,24.42667099535451,0.0,0.0,7436.154926776886,0.0,86.32911773174982,0.0,0.0,408.28823550604284,0.0,0.0,0.0,0.0,0.0,0.0,0.0,5014.913267084954,0.0,0.0,0.0,0.0,0.0,0.0,0.0
4426,0.0,291.21814704537394,0.0,0.0,0.0,0.0,0.0,0.0,0.0,0.0,0.0,0.0,0.0,24.033151985704755,0.0,0.0,6956.750277519224,0.0,98.77220267206427,0.0,0.0,334.8638872526586,0.0,0.0,0.0,0.0,0.0,0.0,0.0,4579.163768878579,0.0,0.0,0.0,0.0,0.0,0.0,0.0
4427,0.0,258.5942903101444,0.0,0.0,0.0,0.0,0.0,0.0,0.0,0.0,0.0,0.0,0.0,26.887037679552947,0.0,0.0,6461.253045082091,0.0,114.55311559885732,0.0,0.0,291.7858874034129,0.0,0.0,0.0,0.0,0.0,0.0,0.0,4172.0489132791745,0.0,0.0,0.0,0.0,0.0,0.0,0.0
4428,0.0,231.70729126632213,0.0,0.0,0.0,0.0,0.0,0.0,0.0,0.0,0.0,0.0,0.0,32.58275135830039,0.0,0.0,5958.595126524568,0.0,139.51160306036454,0.0,0.0,275.4258229650549,0.0,0.0,0.0,0.0,0.0,0.0,0.0,3809.90345738828,0.0,0.0,0.0,0.0,0.0,0.0,0.0
4429,0.0,215.75863077342507,0.0,0.0,0.0,0.0,0.0,0.0,0.0,0.0,0.0,0.0,0.0,36.67317850291716,0.0,0.0,5480.846952319144,0.0,167.9926955223082,0.0,0.0,280.932740857824,0.0,0.0,0.0,0.0,0.0,0.0,0.0,3489.5123050093653,0.0,0.0,0.0,0.0,0.0,0.0,0.0
4430,0.0,204.58023186028,0.0,0.0,0.0,0.0,0.0,0.0,0.0,0.0,0.0,0.0,0.0,43.772252021729834,0.0,0.0,5029.368628889322,0.0,190.42482509613023,0.0,0.0,275.23464969713143,0.0,0.0,0.0,0.0,0.0,0.0,0.0,3198.82725289464,0.0,0.0,0.0,0.0,0.0,0.0,0.0
4431,0.0,210.13364600837227,0.0,0.0,0.0,0.0,0.0,0.0,0.0,0.0,0.0,0.0,0.0,58.52039647549391,0.0,0.0,4982.92743140459,0.0,228.14791024327278,0.0,0.0,342.71964586079093,0.0,0.0,0.0,0.0,0.0,0.0,0.0,2778.290609197317,0.0,0.0,0.0,0.0,0.0,0.0,0.0
4432,0.0,189.2531499713659,0.0,0.0,0.0,0.0,0.0,0.0,0.0,0.0,0.0,0.0,0.0,70.97626481652254,0.0,0.0,4959.335399538279,0.0,245.6007902264593,0.0,0.0,381.8016078282141,0.0,0.0,0.0,0.0,0.0,0.0,0.0,2367.192050161957,0.0,0.0,0.0,0.0,0.0,0.0,0.0
4433,0.0,169.31183942556376,0.0,0.0,0.0,0.0,0.0,0.0,0.0,0.0,0.0,0.0,0.0,62.52489528059947,0.0,0.0,4992.842945605515,0.0,233.77784762382495,0.0,0.0,389.4912653826173,0.0,0.0,0.0,0.0,0.0,0.0,0.0,2020.2250955983993,0.0,0.0,0.0,0.0,0.0,0.0,0.0
4434,0.0,144.50928199589254,0.0,0.0,0.0,0.0,0.0,0.0,0.0,0.0,0.0,0.0,0.0,53.938511909544346,0.0,0.0,5034.954516351222,0.0,225.5632403314112,0.0,0.0,396.1388271030031,0.0,0.0,0.0,0.0,0.0,0.0,0.0,1739.6386132657526,0.0,0.0,0.0,0.0,0.0,0.0,0.0
4435,0.0,143.944937440753,0.0,0.0,0.0,0.0,0.0,0.0,0.0,0.0,0.0,0.0,0.0,54.05576563328505,0.0,0.0,5268.301639676092,0.0,214.2205919891595,0.0,0.0,339.9157208047798,0.0,0.0,0.0,0.0,0.0,0.0,0.0,2074.860395805536,0.0,0.0,0.0,0.0,0.0,0.0,0.0
4436,0.0,145.08646212816234,0.0,0.0,0.0,0.0,0.0,0.0,0.0,0.0,0.0,0.0,0.0,54.77207144498823,0.0,0.0,5530.965532198547,0.0,208.4630187839268,0.0,0.0,302.3565221317106,0.0,0.0,0.0,0.0,0.0,0.0,0.0,2375.0540470078568,0.0,0.0,0.0,0.0,0.0,0.0,0.0
4437,0.0,146.85548521578312,0.0,0.0,0.0,0.0,0.0,0.0,0.0,0.0,0.0,0.0,0.0,56.402235585451095,0.0,0.0,5799.592968270181,0.0,188.28802176415903,0.0,0.0,288.0036350883534,0.0,0.0,0.0,0.0,0.0,0.0,0.0,2620.6001031801093,0.0,0.0,0.0,0.0,0.0,0.0,0.0
4438,0.0,146.73304924070834,0.0,0.0,0.0,0.0,0.0,0.0,0.0,0.0,0.0,0.0,0.0,62.00852942913771,0.0,0.0,6056.002393707631,0.0,172.95565716922272,0.0,0.0,273.4132337562732,0.0,0.0,0.0,0.0,0.0,0.0,0.0,2812.4024146139623,0.0,0.0,0.0,0.0,0.0,0.0,0.0
4439,0.0,143.24418506920335,0.0,0.0,0.0,0.0,0.0,0.0,0.0,0.0,0.0,0.0,0.0,76.11609373390671,0.0,0.0,6300.282874673604,0.0,171.9458935827016,0.0,0.0,258.46565271466903,0.0,0.0,0.0,0.0,0.0,0.0,0.0,2935.6294471174465,0.0,0.0,0.0,0.0,0.0,0.0,0.0
4440,0.0,173.91912424564362,0.0,0.0,0.0,0.0,0.0,0.0,0.0,0.0,0.0,0.0,0.0,95.9593109518289,0.0,0.0,6727.184382289648,0.0,206.5243977844714,0.0,0.0,566.9240516513581,0.0,0.0,0.0,0.0,0.0,0.0,0.0,3398.739627307652,0.0,0.0,0.0,0.0,0.0,0.0,0.0
4441,0.0,212.58804683089247,0.0,0.0,0.0,0.0,0.0,0.0,0.0,0.0,0.0,0.0,0.0,123.78234965503215,0.0,0.0,7111.787630259991,0.0,256.5478890419006,0.0,0.0,839.5614659495648,0.0,0.0,0.0,0.0,0.0,0.0,0.0,3820.818367251752,0.0,0.0,0.0,0.0,0.0,0.0,0.0
4442,0.0,254.73500400781631,0.0,0.0,0.0,0.0,0.0,0.0,0.0,0.0,0.0,0.0,0.0,155.64215127229687,0.0,0.0,7439.086720377205,0.0,309.89068241715427,0.0,0.0,1077.5960456930095,0.0,0.0,0.0,0.0,0.0,0.0,0.0,4211.196352717279,0.0,0.0,0.0,0.0,0.0,0.0,0.0
4443,0.0,294.03762534856793,0.0,0.0,0.0,0.0,0.0,0.0,0.0,0.0,0.0,0.0,0.0,186.9770628571509,0.0,0.0,7694.525363534689,0.0,357.4444530725479,0.0,0.0,1234.2042482234535,0.0,0.0,0.0,0.0,0.0,0.0,0.0,4606.371488800644,0.0,0.0,0.0,0.0,0.0,0.0,0.0
4444,0.0,301.912216848135,0.0,0.0,0.0,0.0,0.0,0.0,0.0,0.0,0.0,0.0,0.0,216.237678617239,0.0,0.0,7893.179466277361,0.0,393.1464696943759,0.0,0.0,1258.6847203172733,0.0,0.0,0.0,0.0,0.0,0.0,0.0,4959.037636211514,0.0,0.0,0.0,0.0,0.0,0.0,0.0
4445,0.0,320.06158263087275,0.0,0.0,0.0,0.0,0.0,0.0,0.0,0.0,0.0,0.0,0.0,236.74783313274375,0.0,0.0,8057.061983525751,0.0,415.7948035657405,0.0,0.0,1150.595131348818,0.0,0.0,0.0,0.0,0.0,0.0,0.0,5304.263969299196,0.0,0.0,0.0,0.0,0.0,0.0,0.0
4446,0.0,323.0501538813114,0.0,0.0,0.0,0.0,0.0,0.0,0.0,0.0,0.0,0.0,0.0,246.09089588522912,0.0,0.0,7787.683124631643,0.0,423.9722405552863,0.0,0.0,1085.4966126054517,0.0,0.0,0.0,0.0,0.0,0.0,0.0,5126.045086723565,0.0,0.0,0.0,0.0,0.0,0.0,0.0
4447,0.0,316.13055737614627,0.0,0.0,0.0,0.0,0.0,0.0,0.0,0.0,0.0,0.0,0.0,240.51212489008893,0.0,0.0,7551.789253562687,0.0,415.49963460564607,0.0,0.0,1017.7629568442702,0.0,0.0,0.0,0.0,0.0,0.0,0.0,4963.571532973645,0.0,0.0,0.0,0.0,0.0,0.0,0.0
4448,0.0,292.8947680056095,0.0,0.0,0.0,0.0,0.0,0.0,0.0,0.0,0.0,0.0,0.0,231.60460799336434,0.0,0.0,7364.043227672577,0.0,414.3869561135768,0.0,0.0,952.0910129092631,0.0,0.0,0.0,0.0,0.0,0.0,0.0,4818.759130752086,0.0,0.0,0.0,0.0,0.0,0.0,0.0
4449,0.0,275.88183476328845,0.0,0.0,0.0,0.0,0.0,0.0,0.0,0.0,0.0,0.0,0.0,218.881306785345,0.0,0.0,7188.992046982048,0.0,414.57286691069584,0.0,0.0,893.1876206852488,0.0,0.0,0.0,0.0,0.0,0.0,0.0,4677.012117177248,0.0,0.0,0.0,0.0,0.0,0.0,0.0
4450,0.0,250.35497202873225,0.0,0.0,0.0,0.0,0.0,0.0,0.0,0.0,0.0,0.0,0.0,187.33367737531648,0.0,0.0,6780.136355161667,0.0,402.16358797550197,0.0,0.0,790.9728394120923,0.0,0.0,0.0,0.0,0.0,0.0,0.0,4248.642767241597,0.0,0.0,0.0,0.0,0.0,0.0,0.0
4451,0.0,232.23002891242498,0.0,0.0,0.0,0.0,0.0,0.0,0.0,0.0,0.0,0.0,0.0,154.45053690671915,0.0,0.0,6438.354095757006,0.0,382.0760626971722,0.0,0.0,706.996021959185,0.0,0.0,0.0,0.0,0.0,0.0,0.0,3855.824982649086,0.0,0.0,0.0,0.0,0.0,0.0,0.0
4452,0.0,215.5803354889154,0.0,0.0,0.0,0.0,0.0,0.0,0.0,0.0,0.0,0.0,0.0,121.7542895257473,0.0,0.0,6125.698805168269,0.0,362.37583181858054,0.0,0.0,633.9881184529511,0.0,0.0,0.0,0.0,0.0,0.0,0.0,3507.3155702263116,0.0,0.0,0.0,0.0,0.0,0.0,0.0
4453,0.0,199.075410541892,0.0,0.0,0.0,0.0,0.0,0.0,0.0,0.0,0.0,0.0,0.0,98.4954257160425,0.0,0.0,5849.79361347854,0.0,351.37321467995633,0.0,0.0,569.4652577474708,0.0,0.0,0.0,0.0,0.0,0.0,0.0,3198.8532889902576,0.0,0.0,0.0,0.0,0.0,0.0,0.0
4454,0.0,176.67358298599714,0.0,0.0,0.0,0.0,0.0,0.0,0.0,0.0,0.0,0.0,0.0,80.68352474123238,0.0,0.0,5607.0960988104325,0.0,327.9761689424514,0.0,0.0,519.7420804034917,0.0,0.0,0.0,0.0,0.0,0.0,0.0,2952.005608843266,0.0,0.0,0.0,0.0,0.0,0.0,0.0
4455,0.0,152.35135670006272,0.0,0.0,0.0,0.0,0.0,0.0,0.0,0.0,0.0,0.0,0.0,70.96567263901228,0.0,0.0,5683.438246175646,0.0,317.25055059194557,0.0,0.0,588.0931370738884,0.0,0.0,0.0,0.0,0.0,0.0,0.0,2683.5863002508872,0.0,0.0,0.0,0.0,0.0,0.0,0.0
4456,0.0,130.121988800168,0.0,0.0,0.0,0.0,0.0,0.0,0.0,0.0,0.0,0.0,0.0,58.85568653047073,0.0,0.0,5764.036122590303,0.0,308.9690130412578,0.0,0.0,648.9150740504258,0.0,0.0,0.0,0.0,0.0,0.0,0.0,2426.613291001318,0.0,0.0,0.0,0.0,0.0,0.0,0.0
4457,0.0,110.98509018570181,0.0,0.0,0.0,0.0,0.0,0.0,0.0,0.0,0.0,0.0,0.0,45.68794540017841,0.0,0.0,5944.494280546902,0.0,282.0657465815543,0.0,0.0,700.5915377207095,0.0,0.0,0.0,0.0,0.0,0.0,0.0,2185.1820227742196,0.0,0.0,0.0,0.0,0.0,0.0,0.0
4458,0.0,92.80963241010897,0.0,0.0,0.0,0.0,0.0,0.0,0.0,0.0,0.0,0.0,0.0,33.78403598964214,0.0,0.0,6176.509689718484,0.0,258.8907444953918,0.0,0.0,746.288439146429,0.0,0.0,0.0,0.0,0.0,0.0,0.0,1978.026189592479,0.0,0.0,0.0,0.0,0.0,0.0,0.0
4459,0.0,91.43162448853249,0.0,0.0,0.0,0.0,0.0,0.0,0.0,0.0,0.0,0.0,0.0,30.051327415555594,0.0,0.0,6518.103704482315,0.0,227.3229162603616,0.0,0.0,813.474101456254,0.0,0.0,0.0,0.0,0.0,0.0,0.0,2364.526604872942,0.0,0.0,0.0,0.0,0.0,0.0,0.0
4460,0.0,90.48904423266644,0.0,0.0,0.0,0.0,0.0,0.0,0.0,0.0,0.0,0.0,0.0,26.9674709767102,0.0,0.0,6855.448213160038,0.0,207.10010767877088,0.0,0.0,853.8338191486887,0.0,0.0,0.0,0.0,0.0,0.0,0.0,2732.1103502362953,0.0,0.0,0.0,0.0,0.0,0.0,0.0
4461,0.0,88.7447033286094,0.0,0.0,0.0,0.0,0.0,0.0,0.0,0.0,0.0,0.0,0.0,26.624589861184308,0.0,0.0,7080.050517261028,0.0,197.5522158503532,0.0,0.0,853.0646603845055,0.0,0.0,0.0,0.0,0.0,0.0,0.0,3073.685482525825,0.0,0.0,0.0,0.0,0.0,0.0,0.0
4462,0.0,87.3565461829304,0.0,0.0,0.0,0.0,0.0,0.0,0.0,0.0,0.0,0.0,0.0,31.505560531467093,0.0,0.0,7203.192071437836,0.0,197.3918411105871,0.0,0.0,843.0129921063774,0.0,0.0,0.0,0.0,0.0,0.0,0.0,3391.959755685925,0.0,0.0,0.0,0.0,0.0,0.0,0.0
4463,0.0,87.59042021781205,0.0,0.0,0.0,0.0,0.0,0.0,0.0,0.0,0.0,0.0,0.0,47.582090142369154,0.0,0.0,7279.1052232682705,0.0,206.56107900440685,0.0,0.0,831.8570110581808,0.0,0.0,0.0,0.0,0.0,0.0,0.0,3582.129206150769,0.0,0.0,0.0,0.0,0.0,0.0,0.0
4464,0.0,101.03496482223268,0.0,0.0,0.0,0.0,0.0,0.0,0.0,0.0,0.0,0.0,0.0,77.04316146075726,0.0,0.0,7552.903941869734,0.0,245.6613624066114,0.0,0.0,1106.4994455948463,0.0,0.0,0.0,0.0,0.0,0.0,0.0,3820.132026842235,0.0,0.0,0.0,0.0,0.0,0.0,0.0
4465,0.0,112.10574127882714,0.0,0.0,0.0,0.0,0.0,0.0,0.0,0.0,0.0,0.0,0.0,115.91249626874915,0.0,0.0,7766.929541915655,0.0,284.95157301425917,0.0,0.0,1315.7284922227261,0.0,0.0,0.0,0.0,0.0,0.0,0.0,4125.680073431133,0.0,0.0,0.0,0.0,0.0,0.0,0.0
4466,0.0,122.86558113992211,0.0,0.0,0.0,0.0,0.0,0.0,0.0,0.0,0.0,0.0,0.0,158.44124346375463,0.0,0.0,7938.824124455452,0.0,320.6743089675903,0.0,0.0,1475.8486969828602,0.0,0.0,0.0,0.0,0.0,0.0,0.0,4457.617510992289,0.0,0.0,0.0,0.0,0.0,0.0,0.0
4467,0.0,133.51982558369633,0.0,0.0,0.0,0.0,0.0,0.0,0.0,0.0,0.0,0.0,0.0,196.06963462233534,0.0,0.0,8078.265953212975,0.0,348.09834500551204,0.0,0.0,1614.654681314528,0.0,0.0,0.0,0.0,0.0,0.0,0.0,4783.398496776817,0.0,0.0,0.0,0.0,0.0,0.0,0.0
4468,0.0,144.58407904207698,0.0,0.0,0.0,0.0,0.0,0.0,0.0,0.0,0.0,0.0,0.0,232.6239901900291,0.0,0.0,8191.165287613867,0.0,372.6182362318038,0.0,0.0,1719.3244581118224,0.0,0.0,0.0,0.0,0.0,0.0,0.0,5039.4164875745755,0.0,0.0,0.0,0.0,0.0,0.0,0.0
4469,0.0,155.17220974266522,0.0,0.0,0.0,0.0,0.0,0.0,0.0,0.0,0.0,0.0,0.0,263.9884477853774,0.0,0.0,8291.653699517248,0.0,386.7377640783787,0.0,0.0,1723.3381316944956,0.0,0.0,0.0,0.0,0.0,0.0,0.0,5222.060059955716,0.0,0.0,0.0,0.0,0.0,0.0,0.0
4470,0.0,151.99863784611222,0.0,0.0,0.0,0.0,0.0,0.0,0.0,0.0,0.0,0.0,0.0,280.54927809238427,0.0,0.0,8152.3619997501355,0.0,373.41069878935804,0.0,0.0,1618.829422585666,0.0,0.0,0.0,0.0,0.0,0.0,0.0,4889.21931452155,0.0,0.0,0.0,0.0,0.0,0.0,0.0
4471,0.0,149.9787248164415,0.0,0.0,0.0,0.0,0.0,0.0,0.0,0.0,0.0,0.0,0.0,286.9193576037883,0.0,0.0,8061.106909692286,0.0,336.5636945605278,0.0,0.0,1505.4645640611648,0.0,0.0,0.0,0.0,0.0,0.0,0.0,4555.522270831464,0.0,0.0,0.0,0.0,0.0,0.0,0.0
4472,0.0,148.8156111091375,0.0,0.0,0.0,0.0,0.0,0.0,0.0,0.0,0.0,0.0,0.0,293.7937144339084,0.0,0.0,8013.386893242598,0.0,300.51582220196707,0.0,0.0,1387.8901470020412,0.0,0.0,0.0,0.0,0.0,0.0,0.0,4226.763768222927,0.0,0.0,0.0,0.0,0.0,0.0,0.0
4473,0.0,148.13559205234043,0.0,0.0,0.0,0.0,0.0,0.0,0.0,0.0,0.0,0.0,0.0,307.91771622896186,0.0,0.0,7998.2946514189225,0.0,283.9913698315619,0.0,0.0,1276.5112349107853,0.0,0.0,0.0,0.0,0.0,0.0,0.0,3917.015593153238,0.0,0.0,0.0,0.0,0.0,0.0,0.0
4474,0.0,130.03145239055155,0.0,0.0,0.0,0.0,0.0,0.0,0.0,0.0,0.0,0.0,0.0,307.68383646607396,0.0,0.0,7729.635322660208,0.0,270.4920287847517,0.0,0.0,1142.741189293563,0.0,0.0,0.0,0.0,0.0,0.0,0.0,3391.7850968778134,0.0,0.0,0.0,0.0,0.0,0.0,0.0
4475,0.0,116.14326675385229,0.0,0.0,0.0,0.0,0.0,0.0,0.0,0.0,0.0,0.0,0.0,312.5255488276481,0.0,0.0,7510.477333605288,0.0,274.19486084580416,0.0,0.0,1018.7118029639121,0.0,0.0,0.0,0.0,0.0,0.0,0.0,2895.284347280858,0.0,0.0,0.0,0.0,0.0,0.0,0.0
4476,0.0,104.966221538186,0.0,0.0,0.0,0.0,0.0,0.0,0.0,0.0,0.0,0.0,0.0,321.7181241989136,0.0,0.0,7328.632232695816,0.0,278.4068134188652,0.0,0.0,906.792315012216,0.0,0.0,0.0,0.0,0.0,0.0,0.0,2424.6963834613543,0.0,0.0,0.0,0.0,0.0,0.0,0.0
4477,0.0,97.50020820200442,0.0,0.0,0.0,0.0,0.0,0.0,0.0,0.0,0.0,0.0,0.0,338.45479586124407,0.0,0.0,7149.639582604168,0.0,282.28168410658833,0.0,0.0,802.4143220208579,0.0,0.0,0.0,0.0,0.0,0.0,0.0,2049.596885162592,0.0,0.0,0.0,0.0,0.0,0.0,0.0
4478,0.0,92.87566198557613,0.0,0.0,0.0,0.0,0.0,0.0,0.0,0.0,0.0,0.0,0.0,358.9538538098335,0.0,0.0,6950.254281669855,0.0,287.6556088030338,0.0,0.0,709.6276772506535,0.0,0.0,0.0,0.0,0.0,0.0,0.0,1795.7682768777004,0.0,0.0,0.0,0.0,0.0,0.0,0.0
4479,0.0,82.18314928561446,0.0,0.0,0.0,0.0,0.0,0.0,0.0,0.0,0.0,0.0,0.0,389.44390193223956,0.0,0.0,7094.339218944311,0.0,316.6448880732059,0.0,0.0,755.4456822015338,0.0,0.0,0.0,0.0,0.0,0.0,0.0,1642.0996244087812,0.0,0.0,0.0,0.0,0.0,0.0,0.0
4480,0.0,71.983852404356,0.0,0.0,0.0,0.0,0.0,0.0,0.0,0.0,0.0,0.0,0.0,418.15060845613476,0.0,0.0,7224.09656101465,0.0,343.0730919778346,0.0,0.0,800.715542321652,0.0,0.0,0.0,0.0,0.0,0.0,0.0,1530.178043203056,0.0,0.0,0.0,0.0,0.0,0.0,0.0
4481,0.0,59.32134514600038,0.0,0.0,0.0,0.0,0.0,0.0,0.0,0.0,0.0,0.0,0.0,433.31291265487664,0.0,0.0,7353.969805777071,0.0,349.79178724884986,0.0,0.0,842.305596140027,0.0,0.0,0.0,0.0,0.0,0.0,0.0,1465.43929144591,0.0,0.0,0.0,0.0,0.0,0.0,0.0
4482,0.0,51.04180170893667,0.0,0.0,0.0,0.0,0.0,0.0,0.0,0.0,0.0,0.0,0.0,443.80080485343933,0.0,0.0,7473.725290030241,0.0,343.1167241036891,0.0,0.0,875.3844185203311,0.0,0.0,0.0,0.0,0.0,0.0,0.0,1469.2251928776493,0.0,0.0,0.0,0.0,0.0,0.0,0.0
4483,0.0,54.11533325761554,0.0,0.0,0.0,0.0,0.0,0.0,0.0,0.0,0.0,0.0,0.0,460.78841584920883,0.0,0.0,7503.612627178429,0.0,324.1759352743626,0.0,0.0,871.6133304364979,0.0,0.0,0.0,0.0,0.0,0.0,0.0,1776.8083942741148,0.0,0.0,0.0,0.0,0.0,0.0,0.0
4484,0.0,55.93367862850423,0.0,0.0,0.0,0.0,0.0,0.0,0.0,0.0,0.0,0.0,0.0,472.8985140442848,0.0,0.0,7505.278825610876,0.0,307.28182513117787,0.0,0.0,921.8619078554214,0.0,0.0,0.0,0.0,0.0,0.0,0.0,2001.3823754251002,0.0,0.0,0.0,0.0,0.0,0.0,0.0
4485,0.0,56.014149981737084,0.0,0.0,0.0,0.0,0.0,0.0,0.0,0.0,0.0,0.0,0.0,481.52684580087663,0.0,0.0,7517.689748108385,0.0,288.41404304504397,0.0,0.0,990.0572708062826,0.0,0.0,0.0,0.0,0.0,0.0,0.0,2175.5461361080397,0.0,0.0,0.0,0.0,0.0,0.0,0.0
4486,0.0,55.48525406420229,0.0,0.0,0.0,0.0,0.0,0.0,0.0,0.0,0.0,0.0,0.0,481.54087903499595,0.0,0.0,7545.2745888233185,0.0,265.8190340340137,0.0,0.0,1066.774613133072,0.0,0.0,0.0,0.0,0.0,0.0,0.0,2322.289006336033,0.0,0.0,0.0,0.0,0.0,0.0,0.0
4487,0.0,54.77029839009039,0.0,0.0,0.0,0.0,0.0,0.0,0.0,0.0,0.0,0.0,0.0,468.34811458587643,0.0,0.0,7582.145646572111,0.0,236.3578786581754,0.0,0.0,1131.3430011950425,0.0,0.0,0.0,0.0,0.0,0.0,0.0,2445.144843670724,0.0,0.0,0.0,0.0,0.0,0.0,0.0
4488,0.0,69.98612458258862,0.0,0.0,0.0,0.0,0.0,0.0,0.0,0.0,0.0,0.0,0.0,440.3280950069427,0.0,0.0,7773.054493576288,0.0,229.00007055997844,0.0,0.0,1669.0393982559442,0.0,0.0,0.0,0.0,0.0,0.0,0.0,2946.523021847009,0.0,0.0,0.0,0.0,0.0,0.0,0.0
4489,0.0,85.67251846343274,0.0,0.0,0.0,0.0,0.0,0.0,0.0,0.0,0.0,0.0,0.0,401.98118432760236,0.0,0.0,7927.824258893728,0.0,215.81974497139447,0.0,0.0,2013.3152244150629,0.0,0.0,0.0,0.0,0.0,0.0,0.0,3388.2478039979915,0.0,0.0,0.0,0.0,0.0,0.0,0.0
4490,0.0,101.79636003524064,0.0,0.0,0.0,0.0,0.0,0.0,0.0,0.0,0.0,0.0,0.0,360.27396417856215,0.0,0.0,8054.570464581249,0.0,202.41948027014718,0.0,0.0,2216.955646115541,0.0,0.0,0.0,0.0,0.0,0.0,0.0,3798.635252171755,0.0,0.0,0.0,0.0,0.0,0.0,0.0
4491,0.0,112.13034630864853,0.0,0.0,0.0,0.0,0.0,0.0,0.0,0.0,0.0,0.0,0.0,321.77214990854253,0.0,0.0,8159.517629712818,0.0,192.11977905035005,0.0,0.0,2336.045522412657,0.0,0.0,0.0,0.0,0.0,0.0,0.0,4183.565546241402,0.0,0.0,0.0,0.0,0.0,0.0,0.0
4492,0.0,136.97627115547658,0.0,0.0,0.0,0.0,0.0,0.0,0.0,0.0,0.0,0.0,0.0,286.0408681809901,0.0,0.0,8247.89382135868,0.0,187.40882849991306,0.0,0.0,2412.4203688323496,0.0,0.0,0.0,0.0,0.0,0.0,0.0,4588.41743119657,0.0,0.0,0.0,0.0,0.0,0.0,0.0
4493,0.0,160.27503200769425,0.0,0.0,0.0,0.0,0.0,0.0,0.0,0.0,0.0,0.0,0.0,240.7869834899902,0.0,0.0,8309.80841717124,0.0,180.15935968160613,0.0,0.0,2305.1691190168262,0.0,0.0,0.0,0.0,0.0,0.0,0.0,4965.827271369099,0.0,0.0,0.0,0.0,0.0,0.0,0.0
4494,0.0,150.68635088503356,0.0,0.0,0.0,0.0,0.0,0.0,0.0,0.0,0.0,0.0,0.0,198.98000632524491,0.0,0.0,8134.263288766144,0.0,168.72941744625558,0.0,0.0,2234.345204052329,0.0,0.0,0.0,0.0,0.0,0.0,0.0,4728.679664096236,0.0,0.0,0.0,0.0,0.0,0.0,0.0
4495,0.0,144.4310060173273,0.0,0.0,0.0,0.0,0.0,0.0,0.0,0.0,0.0,0.0,0.0,154.21470683813084,0.0,0.0,7945.800066351889,0.0,164.62198041379435,0.0,0.0,2153.719018381834,0.0,0.0,0.0,0.0,0.0,0.0,0.0,4415.521122112869,0.0,0.0,0.0,0.0,0.0,0.0,0.0
4496,0.0,143.29289012253275,0.0,0.0,0.0,0.0,0.0,0.0,0.0,0.0,0.0,0.0,0.0,119.53719545602789,0.0,0.0,7747.665581047535,0.0,171.66840571165076,0.0,0.0,2060.9107263565065,0.0,0.0,0.0,0.0,0.0,0.0,0.0,4097.66161842048,0.0,0.0,0.0,0.0,0.0,0.0,0.0
4497,0.0,143.86883579492562,0.0,0.0,0.0,0.0,0.0,0.0,0.0,0.0,0.0,0.0,0.0,96.72913247942915,0.0,0.0,7574.403502315281,0.0,183.50642096102226,0.0,0.0,1959.8548301294443,0.0,0.0,0.0,0.0,0.0,0.0,0.0,3861.2596559971566,0.0,0.0,0.0,0.0,0.0,0.0,0.0
4498,0.0,138.72287757396688,0.0,0.0,0.0,0.0,0.0,0.0,0.0,0.0,0.0,0.0,0.0,73.49932149946676,0.0,0.0,7160.087938040493,0.0,190.92743932306755,0.0,0.0,1723.8979327395555,0.0,0.0,0.0,0.0,0.0,0.0,0.0,3352.7891730517135,0.0,0.0,0.0,0.0,0.0,0.0,0.0
4499,0.0,122.59157313108444,0.0,0.0,0.0,0.0,0.0,0.0,0.0,0.0,0.0,0.0,0.0,63.34291962236154,0.0,0.0,6802.46356973052,0.0,190.5886826992034,0.0,0.0,1496.0033511579036,0.0,0.0,0.0,0.0,0.0,0.0,0.0,2910.6266590431323,0.0,0.0,0.0,0.0,0.0,0.0,0.0
4500,0.0,96.42852167934177,0.0,0.0,0.0,0.0,0.0,0.0,0.0,0.0,0.0,0.0,0.0,59.414538782835,0.0,0.0,6515.092568099497,0.0,189.17717453539365,0.0,0.0,1281.481323583424,0.0,0.0,0.0,0.0,0.0,0.0,0.0,2534.80737118423,0.0,0.0,0.0,0.0,0.0,0.0,0.0
4501,0.0,72.79537650793782,0.0,0.0,0.0,0.0,0.0,0.0,0.0,0.0,0.0,0.0,0.0,59.957687711715636,0.0,0.0,6258.6018552035075,0.0,183.05006212294086,0.0,0.0,1067.054816414415,0.0,0.0,0.0,0.0,0.0,0.0,0.0,2217.3716772705307,0.0,0.0,0.0,0.0,0.0,0.0,0.0
4502,0.0,55.355600707232874,0.0,0.0,0.0,0.0,0.0,0.0,0.0,0.0,0.0,0.0,0.0,57.69953074008214,0.0,0.0,5986.277201041579,0.0,178.35671855807303,0.0,0.0,872.9926238983865,0.0,0.0,0.0,0.0,0.0,0.0,0.0,1961.8937546506515,0.0,0.0,0.0,0.0,0.0,0.0,0.0
4503,0.0,38.584397153556296,0.0,0.0,0.0,0.0,0.0,0.0,0.0,0.0,0.0,0.0,0.0,63.4894559532403,0.0,0.0,6005.800192758439,0.0,174.7346444636583,0.0,0.0,867.7225769318638,0.0,0.0,0.0,0.0,0.0,0.0,0.0,1867.6808770090327,0.0,0.0,0.0,0.0,0.0,0.0,0.0
4504,0.0,29.448699679970684,0.0,0.0,0.0,0.0,0.0,0.0,0.0,0.0,0.0,0.0,0.0,67.71787002831684,0.0,0.0,6004.51515083015,0.0,172.4204670548438,0.0,0.0,870.7091412417586,0.0,0.0,0.0,0.0,0.0,0.0,0.0,1820.2695084989048,0.0,0.0,0.0,0.0,0.0,0.0,0.0
4505,0.0,22.28627755232147,0.0,0.0,0.0,0.0,0.0,0.0,0.0,0.0,0.0,0.0,0.0,65.4985062062739,0.0,0.0,6046.072877839207,0.0,132.6981146246193,0.0,0.0,808.8779199175528,0.0,0.0,0.0,0.0,0.0,0.0,0.0,1775.9969359606498,0.0,0.0,0.0,0.0,0.0,0.0,0.0
4506,0.0,16.27406867556273,0.0,0.0,0.0,0.0,0.0,0.0,0.0,0.0,0.0,0.0,0.0,62.13421766459942,0.0,0.0,6138.293694019317,0.0,89.09655645340663,0.0,0.0,774.3130815938109,0.0,0.0,0.0,0.0,0.0,0.0,0.0,1703.6330435052514,0.0,0.0,0.0,0.0,0.0,0.0,0.0
4507,0.0,25.635498710721684,0.0,0.0,0.0,0.0,0.0,0.0,0.0,0.0,0.0,0.0,0.0,69.83186129927634,0.0,0.0,6304.580997660755,0.0,48.85776949822898,0.0,0.0,647.9120341032739,0.0,0.0,0.0,0.0,0.0,0.0,0.0,1910.6496558979154,0.0,0.0,0.0,0.0,0.0,0.0,0.0
4508,0.0,34.70955735817545,0.0,0.0,0.0,0.0,0.0,0.0,0.0,0.0,0.0,0.0,0.0,79.22644462734459,0.0,0.0,6445.74580939114,0.0,26.61574683077627,0.0,0.0,559.5024491809302,0.0,0.0,0.0,0.0,0.0,0.0,0.0,2100.216298426686,0.0,0.0,0.0,0.0,0.0,0.0,0.0
4509,0.0,40.52011440843335,0.0,0.0,0.0,0.0,0.0,0.0,0.0,0.0,0.0,0.0,0.0,89.19693417400116,0.0,0.0,6567.106429249048,0.0,15.801698951423145,0.0,0.0,459.56676056161484,0.0,0.0,0.0,0.0,0.0,0.0,0.0,2254.8305674239987,0.0,0.0,0.0,0.0,0.0,0.0,0.0
4510,0.0,42.74725537598131,0.0,0.0,0.0,0.0,0.0,0.0,0.0,0.0,0.0,0.0,0.0,97.5622044384479,0.0,0.0,6658.597214043139,0.0,14.986558878049202,0.0,0.0,375.9749766290181,0.0,0.0,0.0,0.0,0.0,0.0,0.0,2334.602452307939,0.0,0.0,0.0,0.0,0.0,0.0,0.0
4511,0.0,43.033906077593564,0.0,0.0,0.0,0.0,0.0,0.0,0.0,0.0,0.0,0.0,0.0,102.4095883786677,0.0,0.0,6755.959364742039,0.0,15.944500052183821,0.0,0.0,343.15849476009515,0.0,0.0,0.0,0.0,0.0,0.0,0.0,2467.615259833632,0.0,0.0,0.0,0.0,0.0,0.0,0.0
4512,0.0,64.59622025638814,0.0,0.0,0.0,0.0,0.0,0.0,0.0,0.0,0.0,0.0,0.0,104.20649244785305,0.0,0.0,6944.585939943789,0.0,29.953222825750597,0.0,0.0,228.3425889350471,0.0,0.0,0.0,0.0,0.0,0.0,0.0,3197.157326650619,0.0,0.0,0.0,0.0,0.0,0.0,0.0
4513,0.0,96.58709366172545,0.0,0.0,0.0,0.0,0.0,0.0,0.0,0.0,0.0,0.0,0.0,102.63763964176178,0.0,0.0,7115.780439108608,0.0,45.15241791903973,0.0,0.0,98.81327654896235,0.0,0.0,0.0,0.0,0.0,0.0,0.0,4229.265403077006,0.0,0.0,0.0,0.0,0.0,0.0,0.0
4514,0.0,132.00198702514172,0.0,0.0,0.0,0.0,0.0,0.0,0.0,0.0,0.0,0.0,0.0,98.97214095592489,0.0,0.0,7315.521226823328,0.0,59.275888070464056,0.0,0.0,37.79229457536687,0.0,0.0,0.0,0.0,0.0,0.0,0.0,5531.269070878623,0.0,0.0,0.0,0.0,0.0,0.0,0.0
4515,0.0,174.52511779367921,0.0,0.0,0.0,0.0,0.0,0.0,0.0,0.0,0.0,0.0,0.0,94.08649067282673,0.0,0.0,7521.58221167326,0.0,69.18054366707793,0.0,0.0,49.548419280443,0.0,0.0,0.0,0.0,0.0,0.0,0.0,6806.379983192683,0.0,0.0,0.0,0.0,0.0,0.0,0.0
4516,0.0,186.49857900738712,0.0,0.0,0.0,0.0,0.0,0.0,0.0,0.0,0.0,0.0,0.0,87.40524773299686,0.0,0.0,7680.442797511814,0.0,74.66197027415033,0.0,0.0,28.178718299511424,0.0,0.0,0.0,0.0,0.0,0.0,0.0,7949.4680020332335,0.0,0.0,0.0,0.0,0.0,0.0,0.0
4517,0.0,191.8436780512333,0.0,0.0,0.0,0.0,0.0,0.0,0.0,0.0,0.0,0.0,0.0,86.39349862933153,0.0,0.0,7713.085351675749,0.0,72.7455284446476,0.0,0.0,0.0,0.0,0.0,0.0,0.0,0.0,0.0,0.0,9033.306545943022,0.0,0.0,0.0,0.0,0.0,0.0,0.0
4518,0.0,183.21334460377687,0.0,0.0,0.0,0.0,0.0,0.0,0.0,0.0,0.0,0.0,0.0,75.89755861759184,0.0,0.0,7612.2461202144605,0.0,52.70904563963403,0.0,0.0,25.590149371604422,0.0,0.0,0.0,0.0,0.0,0.0,0.0,9178.06362146139,0.0,0.0,0.0,0.0,0.0,0.0,0.0
4519,0.0,180.05089687407013,0.0,0.0,0.0,0.0,0.0,0.0,0.0,0.0,0.0,0.0,0.0,61.04587422758326,0.0,0.0,7508.745016187428,0.0,28.834680896252298,0.0,0.0,47.530172266345375,0.0,0.0,0.0,0.0,0.0,0.0,0.0,9205.427557957173,0.0,0.0,0.0,0.0,0.0,0.0,0.0
4520,0.0,186.7698655933141,0.0,0.0,0.0,0.0,0.0,0.0,0.0,0.0,0.0,0.0,0.0,44.79921687245365,0.0,0.0,7376.727960556744,0.0,14.673287365399228,0.0,0.0,51.30375811038495,0.0,0.0,0.0,0.0,0.0,0.0,0.0,8953.11537143588,0.0,0.0,0.0,0.0,0.0,0.0,0.0
4521,0.0,182.95281745791434,0.0,0.0,0.0,0.0,0.0,0.0,0.0,0.0,0.0,0.0,0.0,27.57387594133607,0.0,0.0,7246.347544282673,0.0,14.237680279090975,0.0,0.0,116.65523184193262,0.0,0.0,0.0,0.0,0.0,0.0,0.0,8482.933859997987,0.0,0.0,0.0,0.0,0.0,0.0,0.0
4522,0.0,163.0667209357023,0.0,0.0,0.0,0.0,0.0,0.0,0.0,0.0,0.0,0.0,0.0,22.92230297364289,0.0,0.0,6742.533321350813,0.0,14.046384011953883,0.0,0.0,238.15659154504468,0.0,0.0,0.0,0.0,0.0,0.0,0.0,7609.7143115997305,0.0,0.0,0.0,0.0,0.0,0.0,0.0
4523,0.0,144.16418032050126,0.0,0.0,0.0,0.0,0.0,0.0,0.0,0.0,0.0,0.0,0.0,22.716250094026233,0.0,0.0,6266.051131248473,0.0,14.320992036722483,0.0,0.0,290.91288236640344,0.0,0.0,0.0,0.0,0.0,0.0,0.0,6792.542521595954,0.0,0.0,0.0,0.0,0.0,0.0,0.0
4524,0.0,129.7434444844722,0.0,0.0,0.0,0.0,0.0,0.0,0.0,0.0,0.0,0.0,0.0,22.797652939707007,0.0,0.0,5798.910386979578,0.0,14.563369681499797,0.0,0.0,301.89186304360584,0.0,0.0,0.0,0.0,0.0,0.0,0.0,6003.443428468702,0.0,0.0,0.0,0.0,0.0,0.0,0.0
4525,0.0,114.41592071503395,0.0,0.0,0.0,0.0,0.0,0.0,0.0,0.0,0.0,0.0,0.0,22.953930991515506,0.0,0.0,5331.642460897565,0.0,14.582823696173552,0.0,0.0,298.82408368214936,0.0,0.0,0.0,0.0,0.0,0.0,0.0,5261.031032523513,0.0,0.0,0.0,0.0,0.0,0.0,0.0
4526,0.0,104.1365312352776,0.0,0.0,0.0,0.0,0.0,0.0,0.0,0.0,0.0,0.0,0.0,23.059723867103347,0.0,0.0,4850.043050259351,0.0,14.672396271116941,0.0,0.0,299.41597716137693,0.0,0.0,0.0,0.0,0.0,0.0,0.0,4602.4682441323985,0.0,0.0,0.0,0.0,0.0,0.0,0.0
4527,0.0,95.28306916505099,0.0,0.0,0.0,0.0,0.0,0.0,0.0,0.0,0.0,0.0,0.0,23.19968772381539,0.0,0.0,4728.465015619992,0.0,15.26144942231472,0.0,0.0,356.95661412365723,0.0,0.0,0.0,0.0,0.0,0.0,0.0,4285.399948456882,0.0,0.0,0.0,0.0,0.0,0.0,0.0
4528,0.0,86.6939288020134,0.0,0.0,0.0,0.0,0.0,0.0,0.0,0.0,0.0,0.0,0.0,23.239492454379707,0.0,0.0,4617.408067300914,0.0,15.166479335539004,0.0,0.0,395.0537395175539,0.0,0.0,0.0,0.0,0.0,0.0,0.0,3896.5089133411648,0.0,0.0,0.0,0.0,0.0,0.0,0.0
4529,0.0,78.19209841936825,0.0,0.0,0.0,0.0,0.0,0.0,0.0,0.0,0.0,0.0,0.0,22.943895043432658,0.0,0.0,4500.36385038495,0.0,14.962848545052092,0.0,0.0,431.8255760528147,0.0,0.0,0.0,0.0,0.0,0.0,0.0,3503.5660108447073,0.0,0.0,0.0,0.0,0.0,0.0,0.0
4530,0.0,67.8708004295826,0.0,0.0,0.0,0.0,0.0,0.0,0.0,0.0,0.0,0.0,0.0,22.847287659346982,0.0,0.0,4400.955122619867,0.0,14.411738225445081,0.0,0.0,461.80161258392025,0.0,0.0,0.0,0.0,0.0,0.0,0.0,3071.9566134542224,0.0,0.0,0.0,0.0,0.0,0.0,0.0
4531,0.0,72.08120639920233,0.0,0.0,0.0,0.0,0.0,0.0,0.0,0.0,0.0,0.0,0.0,22.902924612909512,0.0,0.0,4401.499242976308,0.0,14.106776491179897,0.0,0.0,513.6278283320368,0.0,0.0,0.0,0.0,0.0,0.0,0.0,3151.721808508038,0.0,0.0,0.0,0.0,0.0,0.0,0.0
4532,0.0,67.07890844643116,0.0,0.0,0.0,0.0,0.0,0.0,0.0,0.0,0.0,0.0,0.0,22.84470406472674,0.0,0.0,4422.094529062509,0.0,14.08537170253679,0.0,0.0,547.723504030331,0.0,0.0,0.0,0.0,0.0,0.0,0.0,3248.6386431634423,0.0,0.0,0.0,0.0,0.0,0.0,0.0
4533,0.0,65.58767390102145,0.0,0.0,0.0,0.0,0.0,0.0,0.0,0.0,0.0,0.0,0.0,23.04141032844771,0.0,0.0,4439.533605933188,0.0,14.153389429300859,0.0,0.0,571.9513617396352,0.0,0.0,0.0,0.0,0.0,0.0,0.0,3380.1473237484693,0.0,0.0,0.0,0.0,0.0,0.0,0.0
4534,0.0,64.7011072620749,0.0,0.0,0.0,0.0,0.0,0.0,0.0,0.0,0.0,0.0,0.0,23.339596938341725,0.0,0.0,4455.206916958093,0.0,14.364245308562928,0.0,0.0,602.1984052531419,0.0,0.0,0.0,0.0,0.0,0.0,0.0,3516.1927939951406,0.0,0.0,0.0,0.0,0.0,0.0,0.0
4535,0.0,67.42570750415325,0.0,0.0,0.0,0.0,0.0,0.0,0.0,0.0,0.0,0.0,0.0,24.815280614793238,0.0,0.0,4470.279712021351,0.0,15.488916521705647,0.0,0.0,645.7529853187493,0.0,0.0,0.0,0.0,0.0,0.0,0.0,3622.8351952016355,0.0,0.0,0.0,0.0,0.0,0.0,0.0
4536,0.0,95.51425684690476,0.0,0.0,0.0,0.0,0.0,0.0,0.0,0.0,0.0,0.0,0.0,38.50307804569598,0.0,0.0,4810.258867800234,0.0,35.55488417297591,0.0,0.0,859.2902141645549,0.0,0.0,0.0,0.0,0.0,0.0,0.0,4228.627880346774,0.0,0.0,0.0,0.0,0.0,0.0,0.0
4537,0.0,129.85297474265096,0.0,0.0,0.0,0.0,0.0,0.0,0.0,0.0,0.0,0.0,0.0,61.34749348759649,0.0,0.0,5156.417426168917,0.0,59.739798052608855,0.0,0.0,1050.2951481878756,0.0,0.0,0.0,0.0,0.0,0.0,0.0,4751.597214040159,0.0,0.0,0.0,0.0,0.0,0.0,0.0
4538,0.0,169.53820850551122,0.0,0.0,0.0,0.0,0.0,0.0,0.0,0.0,0.0,0.0,0.0,88.55607380867,0.0,0.0,5509.023363485932,0.0,82.4664370656013,0.0,0.0,1196.448937529325,0.0,0.0,0.0,0.0,0.0,0.0,0.0,5144.086654537915,0.0,0.0,0.0,0.0,0.0,0.0,0.0
4539,0.0,211.5865491718054,0.0,0.0,0.0,0.0,0.0,0.0,0.0,0.0,0.0,0.0,0.0,114.39325296282767,0.0,0.0,5850.867852523921,0.0,101.06992910951375,0.0,0.0,1259.693588371574,0.0,0.0,0.0,0.0,0.0,0.0,0.0,5608.541309776902,0.0,0.0,0.0,0.0,0.0,0.0,0.0
4540,0.0,224.1309059947729,0.0,0.0,0.0,0.0,0.0,0.0,0.0,0.0,0.0,0.0,0.0,137.76643382906911,0.0,0.0,6163.493584036826,0.0,111.06371636539697,0.0,0.0,1174.2941072568287,0.0,0.0,0.0,0.0,0.0,0.0,0.0,5683.406656280159,0.0,0.0,0.0,0.0,0.0,0.0,0.0
4541,0.0,253.30796838998788,0.0,0.0,0.0,0.0,0.0,0.0,0.0,0.0,0.0,0.0,0.0,152.71613228917116,0.0,0.0,6441.905463144181,0.0,111.8849977642297,0.0,0.0,989.3526753589506,0.0,0.0,0.0,0.0,0.0,0.0,0.0,5747.980512765049,0.0,0.0,0.0,0.0,0.0,0.0,0.0
4542,0.0,249.76139321923256,0.0,0.0,0.0,0.0,0.0,0.0,0.0,0.0,0.0,0.0,0.0,156.99862251281735,0.0,0.0,6369.840436264872,0.0,104.78439541608088,0.0,0.0,854.9405539892613,0.0,0.0,0.0,0.0,0.0,0.0,0.0,5260.515373185277,0.0,0.0,0.0,0.0,0.0,0.0,0.0
4543,0.0,244.7864638030529,0.0,0.0,0.0,0.0,0.0,0.0,0.0,0.0,0.0,0.0,0.0,148.16970069408416,0.0,0.0,6296.993649616836,0.0,87.07377613782876,0.0,0.0,728.7412952475241,0.0,0.0,0.0,0.0,0.0,0.0,0.0,4810.559207081793,0.0,0.0,0.0,0.0,0.0,0.0,0.0
4544,0.0,233.279880926013,0.0,0.0,0.0,0.0,0.0,0.0,0.0,0.0,0.0,0.0,0.0,136.90134995579712,0.0,0.0,6238.378780111669,0.0,77.20572024732819,0.0,0.0,612.3330672908571,0.0,0.0,0.0,0.0,0.0,0.0,0.0,4415.704098007083,0.0,0.0,0.0,0.0,0.0,0.0,0.0
4545,0.0,223.91599775254727,0.0,0.0,0.0,0.0,0.0,0.0,0.0,0.0,0.0,0.0,0.0,122.5666254758834,0.0,0.0,6180.102284237742,0.0,69.87277386486517,0.0,0.0,518.6869659405193,0.0,0.0,0.0,0.0,0.0,0.0,0.0,4066.4045624047503,0.0,0.0,0.0,0.0,0.0,0.0,0.0
4546,0.0,207.67266607582565,0.0,0.0,0.0,0.0,0.0,0.0,0.0,0.0,0.0,0.0,0.0,90.02892449796198,0.0,0.0,5747.651838004587,0.0,53.2946261167526,0.0,0.0,457.4730698358264,0.0,0.0,0.0,0.0,0.0,0.0,0.0,3500.6467136234032,0.0,0.0,0.0,0.0,0.0,0.0,0.0
4547,0.0,193.38683706521988,0.0,0.0,0.0,0.0,0.0,0.0,0.0,0.0,0.0,0.0,0.0,57.90986672639837,0.0,0.0,5300.1795472204685,0.0,35.19375941529858,0.0,0.0,406.70124949850043,0.0,0.0,0.0,0.0,0.0,0.0,0.0,3019.062115529178,0.0,0.0,0.0,0.0,0.0,0.0,0.0
4548,0.0,177.70740104913705,0.0,0.0,0.0,0.0,0.0,0.0,0.0,0.0,0.0,0.0,0.0,29.756282030790963,0.0,0.0,4871.542610704897,0.0,22.46937953792493,0.0,0.0,371.36592784076834,0.0,0.0,0.0,0.0,0.0,0.0,0.0,2613.3163246244176,0.0,0.0,0.0,0.0,0.0,0.0,0.0
4549,0.0,156.28016553819174,0.0,0.0,0.0,0.0,0.0,0.0,0.0,0.0,0.0,0.0,0.0,23.734623511880528,0.0,0.0,4485.6088153868905,0.0,19.03073933199039,0.0,0.0,349.0516193635753,0.0,0.0,0.0,0.0,0.0,0.0,0.0,2283.0202459245916,0.0,0.0,0.0,0.0,0.0,0.0,0.0
4550,0.0,132.21909765601157,0.0,0.0,0.0,0.0,0.0,0.0,0.0,0.0,0.0,0.0,0.0,23.754230248928007,0.0,0.0,4150.855393067002,0.0,15.049199471436417,0.0,0.0,331.3835611637677,0.0,0.0,0.0,0.0,0.0,0.0,0.0,2028.3071336135265,0.0,0.0,0.0,0.0,0.0,0.0,0.0
4551,0.0,114.74902147650712,0.0,0.0,0.0,0.0,0.0,0.0,0.0,0.0,0.0,0.0,0.0,23.751898849010345,0.0,0.0,4104.296348214147,0.0,15.023455924354383,0.0,0.0,360.26580579355334,0.0,0.0,0.0,0.0,0.0,0.0,0.0,1845.2308919489383,0.0,0.0,0.0,0.0,0.0,0.0,0.0
4552,0.0,93.5364767745137,0.0,0.0,0.0,0.0,0.0,0.0,0.0,0.0,0.0,0.0,0.0,23.59343931302425,0.0,0.0,4066.3887781351796,0.0,15.18247179165465,0.0,0.0,383.4793836347751,0.0,0.0,0.0,0.0,0.0,0.0,0.0,1666.2001894474013,0.0,0.0,0.0,0.0,0.0,0.0,0.0
4553,0.0,75.35913925319903,0.0,0.0,0.0,0.0,0.0,0.0,0.0,0.0,0.0,0.0,0.0,23.485819426923904,0.0,0.0,4104.349243402479,0.0,14.23187982961517,0.0,0.0,391.16953317224943,0.0,0.0,0.0,0.0,0.0,0.0,0.0,1511.6179231509548,0.0,0.0,0.0,0.0,0.0,0.0,0.0
4554,0.0,58.40278775990004,0.0,0.0,0.0,0.0,0.0,0.0,0.0,0.0,0.0,0.0,0.0,23.447796872258124,0.0,0.0,4193.279667720199,0.0,14.237287530675344,0.0,0.0,396.73931136354736,0.0,0.0,0.0,0.0,0.0,0.0,0.0,1429.9475729614476,0.0,0.0,0.0,0.0,0.0,0.0,0.0
4555,0.0,62.21757038086645,0.0,0.0,0.0,0.0,0.0,0.0,0.0,0.0,0.0,0.0,0.0,23.51609680205569,0.0,0.0,4599.08571857214,0.0,13.992898902855698,0.0,0.0,411.1457867167884,0.0,0.0,0.0,0.0,0.0,0.0,0.0,1817.9629635557526,0.0,0.0,0.0,0.0,0.0,0.0,0.0
4556,0.0,66.74939884096382,0.0,0.0,0.0,0.0,0.0,0.0,0.0,0.0,0.0,0.0,0.0,23.477454969286914,0.0,0.0,4997.860209792852,0.0,14.14016659054892,0.0,0.0,440.665111578628,0.0,0.0,0.0,0.0,0.0,0.0,0.0,2137.7223790034636,0.0,0.0,0.0,0.0,0.0,0.0,0.0
4557,0.0,70.90009482800959,0.0,0.0,0.0,0.0,0.0,0.0,0.0,0.0,0.0,0.0,0.0,23.578265598416277,0.0,0.0,5269.548954889177,0.0,14.33062734100961,0.0,0.0,477.9116360876702,0.0,0.0,0.0,0.0,0.0,0.0,0.0,2410.9023153573257,0.0,0.0,0.0,0.0,0.0,0.0,0.0
4558,0.0,74.24374864250416,0.0,0.0,0.0,0.0,0.0,0.0,0.0,0.0,0.0,0.0,0.0,24.390545505285253,0.0,0.0,5430.3137675076705,0.0,15.004644757322946,0.0,0.0,524.0799708299338,0.0,0.0,0.0,0.0,0.0,0.0,0.0,2646.0512906789772,0.0,0.0,0.0,0.0,0.0,0.0,0.0
4559,0.0,76.91932820230721,0.0,0.0,0.0,0.0,0.0,0.0,0.0,0.0,0.0,0.0,0.0,31.549532078951593,0.0,0.0,5485.0070033073425,0.0,20.413719510659437,0.0,0.0,573.1235303286455,0.0,0.0,0.0,0.0,0.0,0.0,0.0,2815.01904222369,0.0,0.0,0.0,0.0,0.0,0.0,0.0
4560,0.0,91.75841968506572,0.0,0.0,0.0,0.0,0.0,0.0,0.0,0.0,0.0,0.0,0.0,48.49940634071824,0.0,0.0,6008.900784239172,0.0,54.71656804978833,0.0,0.0,857.4902373321346,0.0,0.0,0.0,0.0,0.0,0.0,0.0,3389.978481131792,0.0,0.0,0.0,0.0,0.0,0.0,0.0
4561,0.0,104.17350891977543,0.0,0.0,0.0,0.0,0.0,0.0,0.0,0.0,0.0,0.0,0.0,74.13179218769072,0.0,0.0,6462.554422289131,0.0,95.7832242026925,0.0,0.0,1068.5225154496725,0.0,0.0,0.0,0.0,0.0,0.0,0.0,3890.949483701587,0.0,0.0,0.0,0.0,0.0,0.0,0.0
4562,0.0,115.00637129098178,0.0,0.0,0.0,0.0,0.0,0.0,0.0,0.0,0.0,0.0,0.0,102.93162020444869,0.0,0.0,6856.8997193574905,0.0,139.50975047349914,0.0,0.0,1225.376255377382,0.0,0.0,0.0,0.0,0.0,0.0,0.0,4388.233847454188,0.0,0.0,0.0,0.0,0.0,0.0,0.0
4563,0.0,125.06276541352273,0.0,0.0,0.0,0.0,0.0,0.0,0.0,0.0,0.0,0.0,0.0,129.10754728317255,0.0,0.0,7205.437005460262,0.0,181.4882276505231,0.0,0.0,1346.1195732414717,0.0,0.0,0.0,0.0,0.0,0.0,0.0,4875.0408523947,0.0,0.0,0.0,0.0,0.0,0.0,0.0
4564,0.0,134.21418120861054,0.0,0.0,0.0,0.0,0.0,0.0,0.0,0.0,0.0,0.0,0.0,152.31981672048565,0.0,0.0,7490.640082240103,0.0,224.77080741524688,0.0,0.0,1426.3076669096938,0.0,0.0,0.0,0.0,0.0,0.0,0.0,5250.785467284917,0.0,0.0,0.0,0.0,0.0,0.0,0.0
4565,0.0,141.39103634655467,0.0,0.0,0.0,0.0,0.0,0.0,0.0,0.0,0.0,0.0,0.0,176.4420943140983,0.0,0.0,7724.073549181223,0.0,264.2878191173076,0.0,0.0,1439.5880308583376,0.0,0.0,0.0,0.0,0.0,0.0,0.0,5548.069946414232,0.0,0.0,0.0,0.0,0.0,0.0,0.0
4566,0.0,134.3819976121187,0.0,0.0,0.0,0.0,0.0,0.0,0.0,0.0,0.0,0.0,0.0,198.22248069047927,0.0,0.0,7563.987817436457,0.0,283.31548686027514,0.0,0.0,1364.0707487761974,0.0,0.0,0.0,0.0,0.0,0.0,0.0,5083.0551535069935,0.0,0.0,0.0,0.0,0.0,0.0,0.0
4567,0.0,127.93409103155136,0.0,0.0,0.0,0.0,0.0,0.0,0.0,0.0,0.0,0.0,0.0,215.4168465077876,0.0,0.0,7427.1775242984295,0.0,281.28288783431043,0.0,0.0,1274.6250475063919,0.0,0.0,0.0,0.0,0.0,0.0,0.0,4661.492072901129,0.0,0.0,0.0,0.0,0.0,0.0,0.0
4568,0.0,121.73093014955515,0.0,0.0,0.0,0.0,0.0,0.0,0.0,0.0,0.0,0.0,0.0,237.32418209314346,0.0,0.0,7320.586718976498,0.0,283.92529917359354,0.0,0.0,1165.577075515687,0.0,0.0,0.0,0.0,0.0,0.0,0.0,4323.9756786286825,0.0,0.0,0.0,0.0,0.0,0.0,0.0
4569,0.0,115.5199907675385,0.0,0.0,0.0,0.0,0.0,0.0,0.0,0.0,0.0,0.0,0.0,258.78498734235757,0.0,0.0,7215.027369827032,0.0,289.37552080750453,0.0,0.0,1061.0987936675544,0.0,0.0,0.0,0.0,0.0,0.0,0.0,4028.8695528328403,0.0,0.0,0.0,0.0,0.0,0.0,0.0
4570,0.0,100.98498322516674,0.0,0.0,0.0,0.0,0.0,0.0,0.0,0.0,0.0,0.0,0.0,256.3386314749717,0.0,0.0,6777.2885715663415,0.0,279.5035448431968,0.0,0.0,868.359732853621,0.0,0.0,0.0,0.0,0.0,0.0,0.0,3570.0925745010372,0.0,0.0,0.0,0.0,0.0,0.0,0.0
4571,0.0,89.10334899276488,0.0,0.0,0.0,0.0,0.0,0.0,0.0,0.0,0.0,0.0,0.0,252.55109297037123,0.0,0.0,6333.472660675644,0.0,263.8655182361601,0.0,0.0,688.5673200868068,0.0,0.0,0.0,0.0,0.0,0.0,0.0,3180.1926406800735,0.0,0.0,0.0,0.0,0.0,0.0,0.0
4572,0.0,80.47439028471705,0.0,0.0,0.0,0.0,0.0,0.0,0.0,0.0,0.0,0.0,0.0,244.44551039338103,0.0,0.0,5913.740395754575,0.0,239.82061546146866,0.0,0.0,533.7878564760083,0.0,0.0,0.0,0.0,0.0,0.0,0.0,2845.700230430065,0.0,0.0,0.0,0.0,0.0,0.0,0.0
4573,0.0,77.84625326246015,0.0,0.0,0.0,0.0,0.0,0.0,0.0,0.0,0.0,0.0,0.0,229.17235261201856,0.0,0.0,5483.2443489432335,0.0,205.46176877915858,0.0,0.0,405.20887561999217,0.0,0.0,0.0,0.0,0.0,0.0,0.0,2559.4993533670904,0.0,0.0,0.0,0.0,0.0,0.0,0.0
4574,0.0,76.83978269398213,0.0,0.0,0.0,0.0,0.0,0.0,0.0,0.0,0.0,0.0,0.0,207.72230767011644,0.0,0.0,5022.995536565781,0.0,165.0002934724091,0.0,0.0,308.55214063413376,0.0,0.0,0.0,0.0,0.0,0.0,0.0,2322.5222463592877,0.0,0.0,0.0,0.0,0.0,0.0,0.0
4575,0.0,70.98638076782221,0.0,0.0,0.0,0.0,0.0,0.0,0.0,0.0,0.0,0.0,0.0,197.10509002804747,0.0,0.0,5061.363605931399,0.0,145.97421154379845,0.0,0.0,351.8878260780125,0.0,0.0,0.0,0.0,0.0,0.0,0.0,2116.724810305238,0.0,0.0,0.0,0.0,0.0,0.0,0.0
4576,0.0,66.74395599514246,0.0,0.0,0.0,0.0,0.0,0.0,0.0,0.0,0.0,0.0,0.0,187.01602413654317,0.0,0.0,5101.00077088177,0.0,128.71597174704073,0.0,0.0,405.8400142103434,0.0,0.0,0.0,0.0,0.0,0.0,0.0,1987.0740944325914,0.0,0.0,0.0,0.0,0.0,0.0,0.0
4577,0.0,61.42339184135191,0.0,0.0,0.0,0.0,0.0,0.0,0.0,0.0,0.0,0.0,0.0,170.02570064663888,0.0,0.0,5147.085314780474,0.0,116.45898286253201,0.0,0.0,473.74264723397783,0.0,0.0,0.0,0.0,0.0,0.0,0.0,1870.9673916622987,0.0,0.0,0.0,0.0,0.0,0.0,0.0
4578,0.0,53.59236415028572,0.0,0.0,0.0,0.0,0.0,0.0,0.0,0.0,0.0,0.0,0.0,152.00729704499233,0.0,0.0,5198.289801761507,0.0,113.29903285652391,0.0,0.0,579.7319983173162,0.0,0.0,0.0,0.0,0.0,0.0,0.0,1797.0442263692607,0.0,0.0,0.0,0.0,0.0,0.0,0.0
4579,0.0,60.21977943330997,0.0,0.0,0.0,0.0,0.0,0.0,0.0,0.0,0.0,0.0,0.0,139.71272683143604,0.0,0.0,5318.329597651957,0.0,116.70301301479337,0.0,0.0,642.1128404214976,0.0,0.0,0.0,0.0,0.0,0.0,0.0,2164.465426941214,0.0,0.0,0.0,0.0,0.0,0.0,0.0
4580,0.0,70.355571770668,0.0,0.0,0.0,0.0,0.0,0.0,0.0,0.0,0.0,0.0,0.0,125.7981026828289,0.0,0.0,5448.232790425419,0.0,135.01129904687394,0.0,0.0,703.6845217533405,0.0,0.0,0.0,0.0,0.0,0.0,0.0,2458.770761990546,0.0,0.0,0.0,0.0,0.0,0.0,0.0
4581,0.0,73.97154322564596,0.0,0.0,0.0,0.0,0.0,0.0,0.0,0.0,0.0,0.0,0.0,110.1773197233676,0.0,0.0,5588.589783728123,0.0,162.90728529393652,0.0,0.0,770.377595474571,0.0,0.0,0.0,0.0,0.0,0.0,0.0,2684.4223482102157,0.0,0.0,0.0,0.0,0.0,0.0,0.0
4582,0.0,73.98467338979235,0.0,0.0,0.0,0.0,0.0,0.0,0.0,0.0,0.0,0.0,0.0,98.40130665302271,0.0,0.0,5737.167311593889,0.0,182.82523218095295,0.0,0.0,813.0211742721489,0.0,0.0,0.0,0.0,0.0,0.0,0.0,2869.4802260413767,0.0,0.0,0.0,0.0,0.0,0.0,0.0
4583,0.0,71.80530461668967,0.0,0.0,0.0,0.0,0.0,0.0,0.0,0.0,0.0,0.0,0.0,95.52009986639013,0.0,0.0,5877.776334911584,0.0,178.96075080037107,0.0,0.0,841.890740876644,0.0,0.0,0.0,0.0,0.0,0.0,0.0,3019.617733041942,0.0,0.0,0.0,0.0,0.0,0.0,0.0
4584,0.0,84.74735391139981,0.0,0.0,0.0,0.0,0.0,0.0,0.0,0.0,0.0,0.0,0.0,104.17375197112558,0.0,0.0,6408.710620984433,0.0,176.10555874407277,0.0,0.0,974.456866074353,0.0,0.0,0.0,0.0,0.0,0.0,0.0,3338.3651760786756,0.0,0.0,0.0,0.0,0.0,0.0,0.0
4585,0.0,97.328344734013,0.0,0.0,0.0,0.0,0.0,0.0,0.0,0.0,0.0,0.0,0.0,119.73529719710349,0.0,0.0,6889.300355821848,0.0,153.20868181884282,0.0,0.0,923.2656490914519,0.0,0.0,0.0,0.0,0.0,0.0,0.0,3631.141432929038,0.0,0.0,0.0,0.0,0.0,0.0,0.0
4586,0.0,110.41261643171309,0.0,0.0,0.0,0.0,0.0,0.0,0.0,0.0,0.0,0.0,0.0,136.1823820888995,0.0,0.0,7310.675871998072,0.0,126.73394093215465,0.0,0.0,843.4629673920564,0.0,0.0,0.0,0.0,0.0,0.0,0.0,3910.842145591974,0.0,0.0,0.0,0.0,0.0,0.0,0.0
4587,0.0,131.9257731556892,0.0,0.0,0.0,0.0,0.0,0.0,0.0,0.0,0.0,0.0,0.0,148.20760836005195,0.0,0.0,7642.025333374737,0.0,108.54966706484554,0.0,0.0,864.997747615724,0.0,0.0,0.0,0.0,0.0,0.0,0.0,4178.502972093223,0.0,0.0,0.0,0.0,0.0,0.0,0.0
4588,0.0,154.68644978106022,0.0,0.0,0.0,0.0,0.0,0.0,0.0,0.0,0.0,0.0,0.0,154.78345633149135,0.0,0.0,7909.873343288897,0.0,99.81503863930689,0.0,0.0,903.2754686415187,0.0,0.0,0.0,0.0,0.0,0.0,0.0,4377.021692165731,0.0,0.0,0.0,0.0,0.0,0.0,0.0
4589,0.0,178.59793759882442,0.0,0.0,0.0,0.0,0.0,0.0,0.0,0.0,0.0,0.0,0.0,162.4642085254192,0.0,0.0,8138.379779011011,0.0,92.86937924623489,0.0,0.0,836.7000167191025,0.0,0.0,0.0,0.0,0.0,0.0,0.0,4566.999849650264,0.0,0.0,0.0,0.0,0.0,0.0,0.0
4590,0.0,186.3272696435451,0.0,0.0,0.0,0.0,0.0,0.0,0.0,0.0,0.0,0.0,0.0,166.48490943908683,0.0,0.0,8011.1326247751695,0.0,98.76451073139903,0.0,0.0,710.1993615791196,0.0,0.0,0.0,0.0,0.0,0.0,0.0,4463.171516445279,0.0,0.0,0.0,0.0,0.0,0.0,0.0
4591,0.0,191.3508900851011,0.0,0.0,0.0,0.0,0.0,0.0,0.0,0.0,0.0,0.0,0.0,171.91384315490723,0.0,0.0,7893.9612260460835,0.0,114.03231637924901,0.0,0.0,602.0062290966507,0.0,0.0,0.0,0.0,0.0,0.0,0.0,4340.0775573194005,0.0,0.0,0.0,0.0,0.0,0.0,0.0
4592,0.0,196.3274888277054,0.0,0.0,0.0,0.0,0.0,0.0,0.0,0.0,0.0,0.0,0.0,174.93961915373802,0.0,0.0,7791.904627382755,0.0,130.31636966764918,0.0,0.0,527.2841808814547,0.0,0.0,0.0,0.0,0.0,0.0,0.0,4196.539838945864,0.0,0.0,0.0,0.0,0.0,0.0,0.0
4593,0.0,200.9659437596797,0.0,0.0,0.0,0.0,0.0,0.0,0.0,0.0,0.0,0.0,0.0,181.41091280579556,0.0,0.0,7689.949151873589,0.0,144.10538119673728,0.0,0.0,482.24123849160964,0.0,0.0,0.0,0.0,0.0,0.0,0.0,4043.3879306524977,0.0,0.0,0.0,0.0,0.0,0.0,0.0
4594,0.0,180.16808639466757,0.0,0.0,0.0,0.0,0.0,0.0,0.0,0.0,0.0,0.0,0.0,173.96226940751072,0.0,0.0,7301.4028787612915,0.0,143.60906576514242,0.0,0.0,354.90182790532685,0.0,0.0,0.0,0.0,0.0,0.0,0.0,3696.605217626691,0.0,0.0,0.0,0.0,0.0,0.0,0.0
4595,0.0,161.9155169606209,0.0,0.0,0.0,0.0,0.0,0.0,0.0,0.0,0.0,0.0,0.0,174.28826188445083,0.0,0.0,6933.702754944563,0.0,150.212559774518,0.0,0.0,280.0314657166591,0.0,0.0,0.0,0.0,0.0,0.0,0.0,3381.089324152468,0.0,0.0,0.0,0.0,0.0,0.0,0.0
4596,0.0,146.2204397767782,0.0,0.0,0.0,0.0,0.0,0.0,0.0,0.0,0.0,0.0,0.0,184.17391313314425,0.0,0.0,6591.071838915348,0.0,158.78127793073637,0.0,0.0,258.26757276132685,0.0,0.0,0.0,0.0,0.0,0.0,0.0,3087.5558508545155,0.0,0.0,0.0,0.0,0.0,0.0,0.0
4597,0.0,132.02236964106555,0.0,0.0,0.0,0.0,0.0,0.0,0.0,0.0,0.0,0.0,0.0,202.17070645093915,0.0,0.0,6250.841819927096,0.0,164.9052631765602,0.0,0.0,260.598285792767,0.0,0.0,0.0,0.0,0.0,0.0,0.0,2826.422852104901,0.0,0.0,0.0,0.0,0.0,0.0,0.0
4598,0.0,120.6482807815075,0.0,0.0,0.0,0.0,0.0,0.0,0.0,0.0,0.0,0.0,0.0,223.99769840836524,0.0,0.0,5920.353072166442,0.0,176.42269197404377,0.0,0.0,259.0408187694838,0.0,0.0,0.0,0.0,0.0,0.0,0.0,2594.805745476484,0.0,0.0,0.0,0.0,0.0,0.0,0.0
4599,0.0,110.57597896009678,0.0,0.0,0.0,0.0,0.0,0.0,0.0,0.0,0.0,0.0,0.0,259.56775486469263,0.0,0.0,5966.002786502242,0.0,197.59315060973165,0.0,0.0,327.17150486893917,0.0,0.0,0.0,0.0,0.0,0.0,0.0,2452.7061597734682,0.0,0.0,0.0,0.0,0.0,0.0,0.0
4600,0.0,98.01236175745719,0.0,0.0,0.0,0.0,0.0,0.0,0.0,0.0,0.0,0.0,0.0,298.6477114796637,0.0,0.0,6000.919055894017,0.0,221.93406712412826,0.0,0.0,378.1001542713493,0.0,0.0,0.0,0.0,0.0,0.0,0.0,2294.6793541878446,0.0,0.0,0.0,0.0,0.0,0.0,0.0
4601,0.0,90.37925445735455,0.0,0.0,0.0,0.0,0.0,0.0,0.0,0.0,0.0,0.0,0.0,324.7335434019565,0.0,0.0,6042.831102877855,0.0,227.75418366193767,0.0,0.0,380.2785039301955,0.0,0.0,0.0,0.0,0.0,0.0,0.0,2176.3029909431916,0.0,0.0,0.0,0.0,0.0,0.0,0.0
4602,0.0,93.52809507250778,0.0,0.0,0.0,0.0,0.0,0.0,0.0,0.0,0.0,0.0,0.0,361.15061538219453,0.0,0.0,6065.018300771711,0.0,223.29131672382348,0.0,0.0,380.99793455935986,0.0,0.0,0.0,0.0,0.0,0.0,0.0,2118.7180180698633,0.0,0.0,0.0,0.0,0.0,0.0,0.0
4603,0.0,100.57173375338316,0.0,0.0,0.0,0.0,0.0,0.0,0.0,0.0,0.0,0.0,0.0,413.38697557449336,0.0,0.0,6313.3312619775525,0.0,201.28268850743765,0.0,0.0,327.4633643645786,0.0,0.0,0.0,0.0,0.0,0.0,0.0,2191.472994378207,0.0,0.0,0.0,0.0,0.0,0.0,0.0
4604,0.0,104.32313808202741,0.0,0.0,0.0,0.0,0.0,0.0,0.0,0.0,0.0,0.0,0.0,465.52178536653514,0.0,0.0,6548.094498395918,0.0,182.64104058444485,0.0,0.0,291.4172407038504,0.0,0.0,0.0,0.0,0.0,0.0,0.0,2279.02967185229,0.0,0.0,0.0,0.0,0.0,0.0,0.0
4605,0.0,108.20534605979913,0.0,0.0,0.0,0.0,0.0,0.0,0.0,0.0,0.0,0.0,0.0,513.9528077125549,0.0,0.0,6768.003132402897,0.0,168.65907842814912,0.0,0.0,270.02963910810564,0.0,0.0,0.0,0.0,0.0,0.0,0.0,2438.7482812345024,0.0,0.0,0.0,0.0,0.0,0.0,0.0
4606,0.0,112.06123759746546,0.0,0.0,0.0,0.0,0.0,0.0,0.0,0.0,0.0,0.0,0.0,551.7720598220825,0.0,0.0,6982.560017943382,0.0,155.41188186407084,0.0,0.0,258.819275008141,0.0,0.0,0.0,0.0,0.0,0.0,0.0,2583.8926436752063,0.0,0.0,0.0,0.0,0.0,0.0,0.0
4607,0.0,117.06277804076672,0.0,0.0,0.0,0.0,0.0,0.0,0.0,0.0,0.0,0.0,0.0,570.9686722397803,0.0,0.0,7205.895171135662,0.0,138.76468449831006,0.0,0.0,260.8764832969746,0.0,0.0,0.0,0.0,0.0,0.0,0.0,2657.363251000641,0.0,0.0,0.0,0.0,0.0,0.0,0.0
4608,0.0,139.79229858219617,0.0,0.0,0.0,0.0,0.0,0.0,0.0,0.0,0.0,0.0,0.0,567.7671221375465,0.0,0.0,7503.226025581358,0.0,134.36861443221557,0.0,0.0,370.9127735875546,0.0,0.0,0.0,0.0,0.0,0.0,0.0,3258.4057951450336,0.0,0.0,0.0,0.0,0.0,0.0,0.0
4609,0.0,155.00227511823178,0.0,0.0,0.0,0.0,0.0,0.0,0.0,0.0,0.0,0.0,0.0,546.3271649837494,0.0,0.0,7739.914102345705,0.0,120.72694284170865,0.0,0.0,359.05548959411675,0.0,0.0,0.0,0.0,0.0,0.0,0.0,3756.916748291252,0.0,0.0,0.0,0.0,0.0,0.0,0.0
4610,0.0,174.00939412415028,0.0,0.0,0.0,0.0,0.0,0.0,0.0,0.0,0.0,0.0,0.0,514.3842512011528,0.0,0.0,7927.590119898319,0.0,102.66793348789211,0.0,0.0,388.6200390536333,0.0,0.0,0.0,0.0,0.0,0.0,0.0,4212.7975725978595,0.0,0.0,0.0,0.0,0.0,0.0,0.0
4611,0.0,199.76850365102288,0.0,0.0,0.0,0.0,0.0,0.0,0.0,0.0,0.0,0.0,0.0,479.0854665756225,0.0,0.0,8076.539080888031,0.0,81.61421005576845,0.0,0.0,496.3736414294686,0.0,0.0,0.0,0.0,0.0,0.0,0.0,4654.915065857767,0.0,0.0,0.0,0.0,0.0,0.0,0.0
4612,0.0,233.20160494744775,0.0,0.0,0.0,0.0,0.0,0.0,0.0,0.0,0.0,0.0,0.0,441.8191597580909,0.0,0.0,8195.037526547909,0.0,68.41709261983632,0.0,0.0,670.1221178591243,0.0,0.0,0.0,0.0,0.0,0.0,0.0,5105.478379246591,0.0,0.0,0.0,0.0,0.0,0.0,0.0
4613,0.0,267.19740952849384,0.0,0.0,0.0,0.0,0.0,0.0,0.0,0.0,0.0,0.0,0.0,408.73040775060656,0.0,0.0,8289.494331240654,0.0,64.3957193627952,0.0,0.0,829.4785378240047,0.0,0.0,0.0,0.0,0.0,0.0,0.0,5514.2906436353915,0.0,0.0,0.0,0.0,0.0,0.0,0.0
4614,0.0,274.1958431303501,0.0,0.0,0.0,0.0,0.0,0.0,0.0,0.0,0.0,0.0,0.0,373.60421397089954,0.0,0.0,8051.708679318428,0.0,55.28855053931464,0.0,0.0,840.0416414268312,0.0,0.0,0.0,0.0,0.0,0.0,0.0,5521.425980284809,0.0,0.0,0.0,0.0,0.0,0.0,0.0
4615,0.0,270.6763419091701,0.0,0.0,0.0,0.0,0.0,0.0,0.0,0.0,0.0,0.0,0.0,329.636387759447,0.0,0.0,7822.667846620083,0.0,41.10642007738335,0.0,0.0,843.7491501599545,0.0,0.0,0.0,0.0,0.0,0.0,0.0,5443.708234861493,0.0,0.0,0.0,0.0,0.0,0.0,0.0
4616,0.0,259.731845086813,0.0,0.0,0.0,0.0,0.0,0.0,0.0,0.0,0.0,0.0,0.0,284.7520299553871,0.0,0.0,7587.22514039278,0.0,38.09548474848264,0.0,0.0,863.4831966541707,0.0,0.0,0.0,0.0,0.0,0.0,0.0,5291.68961995244,0.0,0.0,0.0,0.0,0.0,0.0,0.0
4617,0.0,254.12672390341754,0.0,0.0,0.0,0.0,0.0,0.0,0.0,0.0,0.0,0.0,0.0,240.69874897003166,0.0,0.0,7394.157702982424,0.0,48.641468866169426,0.0,0.0,938.5232551574701,0.0,0.0,0.0,0.0,0.0,0.0,0.0,5119.309331819414,0.0,0.0,0.0,0.0,0.0,0.0,0.0
4618,0.0,233.71126854121684,0.0,0.0,0.0,0.0,0.0,0.0,0.0,0.0,0.0,0.0,0.0,191.85692947506905,0.0,0.0,6951.925147324799,0.0,65.61657410711035,0.0,0.0,882.3595274314279,0.0,0.0,0.0,0.0,0.0,0.0,0.0,4695.532098248601,0.0,0.0,0.0,0.0,0.0,0.0,0.0
4619,0.0,216.55520809292784,0.0,0.0,0.0,0.0,0.0,0.0,0.0,0.0,0.0,0.0,0.0,161.99770436882963,0.0,0.0,6555.394812256096,0.0,97.80040970593687,0.0,0.0,1039.7848003081967,0.0,0.0,0.0,0.0,0.0,0.0,0.0,4333.189925190805,0.0,0.0,0.0,0.0,0.0,0.0,0.0
4620,0.0,199.43612532913681,0.0,0.0,0.0,0.0,0.0,0.0,0.0,0.0,0.0,0.0,0.0,151.0979614078998,0.0,0.0,6213.012425825,0.0,126.95674043893803,0.0,0.0,1232.095911540091,0.0,0.0,0.0,0.0,0.0,0.0,0.0,4015.1648030012843,0.0,0.0,0.0,0.0,0.0,0.0,0.0
4621,0.0,180.61021942198275,0.0,0.0,0.0,0.0,0.0,0.0,0.0,0.0,0.0,0.0,0.0,143.61663357615458,0.0,0.0,5918.578749746082,0.0,153.88373483121393,0.0,0.0,1400.4715922310947,0.0,0.0,0.0,0.0,0.0,0.0,0.0,3724.180335786938,0.0,0.0,0.0,0.0,0.0,0.0,0.0
4622,0.0,164.69048456847662,0.0,0.0,0.0,0.0,0.0,0.0,0.0,0.0,0.0,0.0,0.0,142.04226611256593,0.0,0.0,5653.512015506624,0.0,186.8800112843513,0.0,0.0,1568.7546287253494,0.0,0.0,0.0,0.0,0.0,0.0,0.0,3425.829823186992,0.0,0.0,0.0,0.0,0.0,0.0,0.0
4623,0.0,148.82907794415948,0.0,0.0,0.0,0.0,0.0,0.0,0.0,0.0,0.0,0.0,0.0,152.0179901003837,0.0,0.0,5686.970555737613,0.0,233.0289875507353,0.0,0.0,1958.3363433033226,0.0,0.0,0.0,0.0,0.0,0.0,0.0,3053.0956318527456,0.0,0.0,0.0,0.0,0.0,0.0,0.0
4624,0.0,130.28260886371135,0.0,0.0,0.0,0.0,0.0,0.0,0.0,0.0,0.0,0.0,0.0,164.03404769301403,0.0,0.0,5711.603767156601,0.0,260.20276133418076,0.0,0.0,2263.1254568070167,0.0,0.0,0.0,0.0,0.0,0.0,0.0,2771.6349514484405,0.0,0.0,0.0,0.0,0.0,0.0,0.0
4625,0.0,113.3856517240405,0.0,0.0,0.0,0.0,0.0,0.0,0.0,0.0,0.0,0.0,0.0,174.6765968918799,0.0,0.0,5809.064318463205,0.0,272.15594820380204,0.0,0.0,2474.241901874542,0.0,0.0,0.0,0.0,0.0,0.0,0.0,2533.103453370926,0.0,0.0,0.0,0.0,0.0,0.0,0.0
4626,0.0,99.00506388992069,0.0,0.0,0.0,0.0,0.0,0.0,0.0,0.0,0.0,0.0,0.0,182.38449644446362,0.0,0.0,5966.2093110978585,0.0,276.91970489025107,0.0,0.0,2657.9807757675644,0.0,0.0,0.0,0.0,0.0,0.0,0.0,2331.198956030607,0.0,0.0,0.0,0.0,0.0,0.0,0.0
4627,0.0,98.40498312413692,0.0,0.0,0.0,0.0,0.0,0.0,0.0,0.0,0.0,0.0,0.0,201.87582919597617,0.0,0.0,6224.811553239821,0.0,278.19129087328906,0.0,0.0,2655.9937696784737,0.0,0.0,0.0,0.0,0.0,0.0,0.0,2577.398445880411,0.0,0.0,0.0,0.0,0.0,0.0,0.0
4628,0.0,96.65977248698474,0.0,0.0,0.0,0.0,0.0,0.0,0.0,0.0,0.0,0.0,0.0,221.77376706004134,0.0,0.0,6471.894312381744,0.0,289.82034914493556,0.0,0.0,2651.957691943645,0.0,0.0,0.0,0.0,0.0,0.0,0.0,2820.832142989336,0.0,0.0,0.0,0.0,0.0,0.0,0.0
4629,0.0,94.37522212117905,0.0,0.0,0.0,0.0,0.0,0.0,0.0,0.0,0.0,0.0,0.0,242.39896719455717,0.0,0.0,6643.102813214062,0.0,307.0003801345825,0.0,0.0,2654.4839114785195,0.0,0.0,0.0,0.0,0.0,0.0,0.0,3079.323743677139,0.0,0.0,0.0,0.0,0.0,0.0,0.0
4630,0.0,93.40970616191625,0.0,0.0,0.0,0.0,0.0,0.0,0.0,0.0,0.0,0.0,0.0,264.7092538714408,0.0,0.0,6749.175556838511,0.0,327.85724768638613,0.0,0.0,2670.234635961055,0.0,0.0,0.0,0.0,0.0,0.0,0.0,3267.273616990445,0.0,0.0,0.0,0.0,0.0,0.0,0.0
4631,0.0,92.1996268674731,0.0,0.0,0.0,0.0,0.0,0.0,0.0,0.0,0.0,0.0,0.0,288.77634005546565,0.0,0.0,6827.338309913872,0.0,345.6426447808741,0.0,0.0,2696.154120692611,0.0,0.0,0.0,0.0,0.0,0.0,0.0,3394.8096233189103,0.0,0.0,0.0,0.0,0.0,0.0,0.0
4632,0.0,129.80979670286172,0.0,0.0,0.0,0.0,0.0,0.0,0.0,0.0,0.0,0.0,0.0,314.93670952320093,0.0,0.0,7169.941222608089,0.0,384.76936830282193,0.0,0.0,2026.7655874371526,0.0,0.0,0.0,0.0,0.0,0.0,0.0,3741.2972605943673,0.0,0.0,0.0,0.0,0.0,0.0,0.0
4633,0.0,174.78693551123143,0.0,0.0,0.0,0.0,0.0,0.0,0.0,0.0,0.0,0.0,0.0,340.5780062496661,0.0,0.0,7458.647049874067,0.0,413.5618880271911,0.0,0.0,1849.795946462452,0.0,0.0,0.0,0.0,0.0,0.0,0.0,4197.19254939854,0.0,0.0,0.0,0.0,0.0,0.0,0.0
4634,0.0,216.02350658476348,0.0,0.0,0.0,0.0,0.0,0.0,0.0,0.0,0.0,0.0,0.0,364.27197877764695,0.0,0.0,7688.394966781139,0.0,436.80118228793145,0.0,0.0,1809.482248109579,0.0,0.0,0.0,0.0,0.0,0.0,0.0,4815.440251785516,0.0,0.0,0.0,0.0,0.0,0.0,0.0
4635,0.0,257.3561831653118,0.0,0.0,0.0,0.0,0.0,0.0,0.0,0.0,0.0,0.0,0.0,384.76612733602525,0.0,0.0,7871.068499684332,0.0,461.37436873316767,0.0,0.0,1842.3247672364112,0.0,0.0,0.0,0.0,0.0,0.0,0.0,5476.942587694524,0.0,0.0,0.0,0.0,0.0,0.0,0.0
4636,0.0,294.7104901492595,0.0,0.0,0.0,0.0,0.0,0.0,0.0,0.0,0.0,0.0,0.0,404.4760512471199,0.0,0.0,8021.618317991495,0.0,487.610881769657,0.0,0.0,1882.5951710790396,0.0,0.0,0.0,0.0,0.0,0.0,0.0,6236.636442106962,0.0,0.0,0.0,0.0,0.0,0.0,0.0
4637,0.0,330.041124612093,0.0,0.0,0.0,0.0,0.0,0.0,0.0,0.0,0.0,0.0,0.0,426.5280008792877,0.0,0.0,8177.422650963068,0.0,519.2394303917883,0.0,0.0,1951.754972228408,0.0,0.0,0.0,0.0,0.0,0.0,0.0,7113.771529996394,0.0,0.0,0.0,0.0,0.0,0.0,0.0
4638,0.0,331.0438707590103,0.0,0.0,0.0,0.0,0.0,0.0,0.0,0.0,0.0,0.0,0.0,444.29277507066723,0.0,0.0,8094.590341776609,0.0,530.5447157621383,0.0,0.0,1869.667823906242,0.0,0.0,0.0,0.0,0.0,0.0,0.0,7643.3912780582905,0.0,0.0,0.0,0.0,0.0,0.0,0.0
4639,0.0,325.0375781714916,0.0,0.0,0.0,0.0,0.0,0.0,0.0,0.0,0.0,0.0,0.0,459.33407064676277,0.0,0.0,8006.029794842005,0.0,543.3875000238419,0.0,0.0,1771.535972294211,0.0,0.0,0.0,0.0,0.0,0.0,0.0,8031.32693310976,0.0,0.0,0.0,0.0,0.0,0.0,0.0
4640,0.0,303.76284053921694,0.0,0.0,0.0,0.0,0.0,0.0,0.0,0.0,0.0,0.0,0.0,472.41030993461607,0.0,0.0,7886.005945295095,0.0,547.0147761821746,0.0,0.0,1652.3065241843458,0.0,0.0,0.0,0.0,0.0,0.0,0.0,8239.456588590145,0.0,0.0,0.0,0.0,0.0,0.0,0.0
4641,0.0,282.81573978066444,0.0,0.0,0.0,0.0,0.0,0.0,0.0,0.0,0.0,0.0,0.0,486.23645297288897,0.0,0.0,7784.462741106747,0.0,541.3548713564873,0.0,0.0,1533.9579528406257,0.0,0.0,0.0,0.0,0.0,0.0,0.0,8445.334845024347,0.0,0.0,0.0,0.0,0.0,0.0,0.0
4642,0.0,259.2183097779751,0.0,0.0,0.0,0.0,0.0,0.0,0.0,0.0,0.0,0.0,0.0,485.78353370428084,0.0,0.0,7346.852291464804,0.0,515.9351268172264,0.0,0.0,1390.810104373097,0.0,0.0,0.0,0.0,0.0,0.0,0.0,7889.833048242331,0.0,0.0,0.0,0.0,0.0,0.0,0.0
4643,0.0,246.18611685633658,0.0,0.0,0.0,0.0,0.0,0.0,0.0,0.0,0.0,0.0,0.0,490.4705890655517,0.0,0.0,6894.345623344183,0.0,497.89834109544756,0.0,0.0,1261.0020362712444,0.0,0.0,0.0,0.0,0.0,0.0,0.0,7335.421874576807,0.0,0.0,0.0,0.0,0.0,0.0,0.0
4644,0.0,235.66431031823151,0.0,0.0,0.0,0.0,0.0,0.0,0.0,0.0,0.0,0.0,0.0,500.7152534842491,0.0,0.0,6434.115090921521,0.0,484.04896487593635,0.0,0.0,1126.9412665039292,0.0,0.0,0.0,0.0,0.0,0.0,0.0,6719.235001480579,0.0,0.0,0.0,0.0,0.0,0.0,0.0
4645,0.0,227.29095494449135,0.0,0.0,0.0,0.0,0.0,0.0,0.0,0.0,0.0,0.0,0.0,513.4719564795494,0.0,0.0,5985.0960048139095,0.0,470.62944809198376,0.0,0.0,997.4547282613806,0.0,0.0,0.0,0.0,0.0,0.0,0.0,6057.211220434308,0.0,0.0,0.0,0.0,0.0,0.0,0.0
4646,0.0,220.90768917202942,0.0,0.0,0.0,0.0,0.0,0.0,0.0,0.0,0.0,0.0,0.0,527.2906569719314,0.0,0.0,5538.759404838084,0.0,459.45591869950294,0.0,0.0,879.153084533661,0.0,0.0,0.0,0.0,0.0,0.0,0.0,5359.9349275320765,0.0,0.0,0.0,0.0,0.0,0.0,0.0
4647,0.0,224.0434276789427,0.0,0.0,0.0,0.0,0.0,0.0,0.0,0.0,0.0,0.0,0.0,547.9667668104172,0.0,0.0,5572.079873070119,0.0,464.9257629334925,0.0,0.0,1018.989054346829,0.0,0.0,0.0,0.0,0.0,0.0,0.0,5078.188211688398,0.0,0.0,0.0,0.0,0.0,0.0,0.0
4648,0.0,222.76374168097968,0.0,0.0,0.0,0.0,0.0,0.0,0.0,0.0,0.0,0.0,0.0,564.1743451952934,0.0,0.0,5608.535159081221,0.0,471.8657904624939,0.0,0.0,1123.7769827708594,0.0,0.0,0.0,0.0,0.0,0.0,0.0,4647.450661888718,0.0,0.0,0.0,0.0,0.0,0.0,0.0
4649,0.0,219.56625212430953,0.0,0.0,0.0,0.0,0.0,0.0,0.0,0.0,0.0,0.0,0.0,585.8062393307684,0.0,0.0,5647.001240119337,0.0,473.2115688443182,0.0,0.0,1160.3584975473577,0.0,0.0,0.0,0.0,0.0,0.0,0.0,4253.548401591181,0.0,0.0,0.0,0.0,0.0,0.0,0.0
4650,0.0,212.72828427851192,0.0,0.0,0.0,0.0,0.0,0.0,0.0,0.0,0.0,0.0,0.0,601.5796393156052,0.0,0.0,5692.238294199108,0.0,480.62748888731,0.0,0.0,1172.6746503666043,0.0,0.0,0.0,0.0,0.0,0.0,0.0,3898.997891759871,0.0,0.0,0.0,0.0,0.0,0.0,0.0
4651,0.0,208.06563112735748,0.0,0.0,0.0,0.0,0.0,0.0,0.0,0.0,0.0,0.0,0.0,623.6562479853629,0.0,0.0,5773.9784733206025,0.0,477.72942056059827,0.0,0.0,1162.5265534065659,0.0,0.0,0.0,0.0,0.0,0.0,0.0,3858.3258942782873,0.0,0.0,0.0,0.0,0.0,0.0,0.0
4652,0.0,198.83920786678792,0.0,0.0,0.0,0.0,0.0,0.0,0.0,0.0,0.0,0.0,0.0,640.7920373797417,0.0,0.0,5846.381873831152,0.0,458.8477070212364,0.0,0.0,1150.0552366957058,0.0,0.0,0.0,0.0,0.0,0.0,0.0,3824.920860373972,0.0,0.0,0.0,0.0,0.0,0.0,0.0
4653,0.0,183.79441047906872,0.0,0.0,0.0,0.0,0.0,0.0,0.0,0.0,0.0,0.0,0.0,653.8077947735785,0.0,0.0,5927.248115539549,0.0,436.66613611578936,0.0,0.0,1127.217306851595,0.0,0.0,0.0,0.0,0.0,0.0,0.0,3773.8948139220474,0.0,0.0,0.0,0.0,0.0,0.0,0.0
4654,0.0,175.1277025490999,0.0,0.0,0.0,0.0,0.0,0.0,0.0,0.0,0.0,0.0,0.0,664.5407081365585,0.0,0.0,5992.139232501386,0.0,409.1138417840003,0.0,0.0,1104.0822949223218,0.0,0.0,0.0,0.0,0.0,0.0,0.0,3752.868497034906,0.0,0.0,0.0,0.0,0.0,0.0,0.0
4655,0.0,180.91588852107517,0.0,0.0,0.0,0.0,0.0,0.0,0.0,0.0,0.0,0.0,0.0,674.8172051310539,0.0,0.0,6080.240058019755,0.0,376.18376937508583,0.0,0.0,1089.4588928796347,0.0,0.0,0.0,0.0,0.0,0.0,0.0,3867.078723368048,0.0,0.0,0.0,0.0,0.0,0.0,0.0
4656,0.0,210.42683022916313,0.0,0.0,0.0,0.0,0.0,0.0,0.0,0.0,0.0,0.0,0.0,681.7884943962096,0.0,0.0,6394.63972301781,0.0,368.46399544477464,0.0,0.0,1165.0334720671171,0.0,0.0,0.0,0.0,0.0,0.0,0.0,4473.74000159204,0.0,0.0,0.0,0.0,0.0,0.0,0.0
4657,0.0,241.80294261574744,0.0,0.0,0.0,0.0,0.0,0.0,0.0,0.0,0.0,0.0,0.0,689.6337447881698,0.0,0.0,6599.215364307165,0.0,355.1171297073363,0.0,0.0,1301.2443592339746,0.0,0.0,0.0,0.0,0.0,0.0,0.0,5305.8706133663645,0.0,0.0,0.0,0.0,0.0,0.0,0.0
4658,0.0,270.34497359991076,0.0,0.0,0.0,0.0,0.0,0.0,0.0,0.0,0.0,0.0,0.0,697.6860862612723,0.0,0.0,6860.202557146549,0.0,339.40126481056205,0.0,0.0,1429.8667481347916,0.0,0.0,0.0,0.0,0.0,0.0,0.0,6259.475160539149,0.0,0.0,0.0,0.0,0.0,0.0,0.0
4659,0.0,299.17738321423525,0.0,0.0,0.0,0.0,0.0,0.0,0.0,0.0,0.0,0.0,0.0,705.9101443052292,0.0,0.0,7131.235168546436,0.0,325.079226988554,0.0,0.0,1491.1113742589948,0.0,0.0,0.0,0.0,0.0,0.0,0.0,7251.651460146904,0.0,0.0,0.0,0.0,0.0,0.0,0.0
4660,0.0,327.7851772427559,0.0,0.0,0.0,0.0,0.0,0.0,0.0,0.0,0.0,0.0,0.0,712.8878000855445,0.0,0.0,7379.148693293331,0.0,311.10864712595935,0.0,0.0,1510.8308126404881,0.0,0.0,0.0,0.0,0.0,0.0,0.0,8134.7683410048485,0.0,0.0,0.0,0.0,0.0,0.0,0.0
4661,0.0,355.4940880894661,0.0,0.0,0.0,0.0,0.0,0.0,0.0,0.0,0.0,0.0,0.0,717.3774486422539,0.0,0.0,7597.208329319954,0.0,296.28507698774337,0.0,0.0,1384.080684238672,0.0,0.0,0.0,0.0,0.0,0.0,0.0,9050.645862400532,0.0,0.0,0.0,0.0,0.0,0.0,0.0
4662,0.0,353.9046368300915,0.0,0.0,0.0,0.0,0.0,0.0,0.0,0.0,0.0,0.0,0.0,712.0920305252075,0.0,0.0,7711.416819632053,0.0,272.2944327771662,0.0,0.0,1284.1807211592784,0.0,0.0,0.0,0.0,0.0,0.0,0.0,9066.947351157665,0.0,0.0,0.0,0.0,0.0,0.0,0.0
4663,0.0,344.2242269217968,0.0,0.0,0.0,0.0,0.0,0.0,0.0,0.0,0.0,0.0,0.0,691.6966750383377,0.0,0.0,7760.8886002600175,0.0,251.01523470282538,0.0,0.0,1185.3136954598126,0.0,0.0,0.0,0.0,0.0,0.0,0.0,8937.990569555757,0.0,0.0,0.0,0.0,0.0,0.0,0.0
4664,0.0,336.51788669228546,0.0,0.0,0.0,0.0,0.0,0.0,0.0,0.0,0.0,0.0,0.0,666.0862917780876,0.0,0.0,7748.211646080015,0.0,246.22447471022596,0.0,0.0,1094.4775743417435,0.0,0.0,0.0,0.0,0.0,0.0,0.0,8602.41856536865,0.0,0.0,0.0,0.0,0.0,0.0,0.0
4665,0.0,332.9798966288566,0.0,0.0,0.0,0.0,0.0,0.0,0.0,0.0,0.0,0.0,0.0,632.8843772053718,0.0,0.0,7719.646688640118,0.0,261.35201730132087,0.0,0.0,1012.3951944708818,0.0,0.0,0.0,0.0,0.0,0.0,0.0,8152.507600820065,0.0,0.0,0.0,0.0,0.0,0.0,0.0
4666,0.0,321.38093968033786,0.0,0.0,0.0,0.0,0.0,0.0,0.0,0.0,0.0,0.0,0.0,582.1871444702149,0.0,0.0,7226.76932376623,0.0,276.3163247585297,0.0,0.0,824.4341218627985,0.0,0.0,0.0,0.0,0.0,0.0,0.0,7372.492212164402,0.0,0.0,0.0,0.0,0.0,0.0,0.0
4667,0.0,313.3921325862408,0.0,0.0,0.0,0.0,0.0,0.0,0.0,0.0,0.0,0.0,0.0,546.5705721020698,0.0,0.0,6725.352497458458,0.0,294.0913770079612,0.0,0.0,659.0546180739991,0.0,0.0,0.0,0.0,0.0,0.0,0.0,6598.606877577305,0.0,0.0,0.0,0.0,0.0,0.0,0.0
4668,0.0,306.14321585297586,0.0,0.0,0.0,0.0,0.0,0.0,0.0,0.0,0.0,0.0,0.0,519.6483728766441,0.0,0.0,6219.084093362091,0.0,313.01358068585387,0.0,0.0,535.5055586010213,0.0,0.0,0.0,0.0,0.0,0.0,0.0,5827.7612571537475,0.0,0.0,0.0,0.0,0.0,0.0,0.0
4669,0.0,298.67013242840767,0.0,0.0,0.0,0.0,0.0,0.0,0.0,0.0,0.0,0.0,0.0,501.0641116142273,0.0,0.0,5718.294619545339,0.0,338.93957052230826,0.0,0.0,461.41169707775055,0.0,0.0,0.0,0.0,0.0,0.0,0.0,5082.702942991255,0.0,0.0,0.0,0.0,0.0,0.0,0.0
4670,0.0,285.7805196225643,0.0,0.0,0.0,0.0,0.0,0.0,0.0,0.0,0.0,0.0,0.0,493.20590401887887,0.0,0.0,5158.325153365731,0.0,361.88212482929225,0.0,0.0,393.4696675635868,0.0,0.0,0.0,0.0,0.0,0.0,0.0,4401.698125013709,0.0,0.0,0.0,0.0,0.0,0.0,0.0
4671,0.0,272.1567118048668,0.0,0.0,0.0,0.0,0.0,0.0,0.0,0.0,0.0,0.0,0.0,502.21053268909446,0.0,0.0,5146.5061902552825,0.0,397.423811173439,0.0,0.0,436.01704474836544,0.0,0.0,0.0,0.0,0.0,0.0,0.0,3753.3201509714113,0.0,0.0,0.0,0.0,0.0,0.0,0.0
4672,0.0,259.1510317146778,0.0,0.0,0.0,0.0,0.0,0.0,0.0,0.0,0.0,0.0,0.0,511.0596749186515,0.0,0.0,5112.511308372021,0.0,424.2633486449718,0.0,0.0,453.82739959023894,0.0,0.0,0.0,0.0,0.0,0.0,0.0,3364.2486712485534,0.0,0.0,0.0,0.0,0.0,0.0,0.0
4673,0.0,233.08680017888545,0.0,0.0,0.0,0.0,0.0,0.0,0.0,0.0,0.0,0.0,0.0,523.1388820648193,0.0,0.0,5050.087596371768,0.0,449.4434425473211,0.0,0.0,449.55233161747407,0.0,0.0,0.0,0.0,0.0,0.0,0.0,3046.3927836805565,0.0,0.0,0.0,0.0,0.0,0.0,0.0
4674,0.0,204.3253720074892,0.0,0.0,0.0,0.0,0.0,0.0,0.0,0.0,0.0,0.0,0.0,541.241978251934,0.0,0.0,4986.218990072606,0.0,470.1656492650507,0.0,0.0,454.45929507762173,0.0,0.0,0.0,0.0,0.0,0.0,0.0,2809.7449247986074,0.0,0.0,0.0,0.0,0.0,0.0,0.0
4675,0.0,177.9389885276555,0.0,0.0,0.0,0.0,0.0,0.0,0.0,0.0,0.0,0.0,0.0,572.6017730474471,0.0,0.0,5076.191371813416,0.0,470.1874356865882,0.0,0.0,378.47803511470516,0.0,0.0,0.0,0.0,0.0,0.0,0.0,2824.5151656821367,0.0,0.0,0.0,0.0,0.0,0.0,0.0
4676,0.0,156.7493725150823,0.0,0.0,0.0,0.0,0.0,0.0,0.0,0.0,0.0,0.0,0.0,606.3135916829108,0.0,0.0,5151.8404366374,0.0,473.0563961684702,0.0,0.0,332.08297186642864,0.0,0.0,0.0,0.0,0.0,0.0,0.0,2851.8431217402203,0.0,0.0,0.0,0.0,0.0,0.0,0.0
4677,0.0,146.52828320860863,0.0,0.0,0.0,0.0,0.0,0.0,0.0,0.0,0.0,0.0,0.0,640.7852673530577,0.0,0.0,5255.02494740486,0.0,489.38779416680325,0.0,0.0,343.3409069448701,0.0,0.0,0.0,0.0,0.0,0.0,0.0,2870.200377213954,0.0,0.0,0.0,0.0,0.0,0.0,0.0
4678,0.0,150.40719461739064,0.0,0.0,0.0,0.0,0.0,0.0,0.0,0.0,0.0,0.0,0.0,665.7490458130835,0.0,0.0,5405.534705385565,0.0,497.7560624241828,0.0,0.0,362.53006326556107,0.0,0.0,0.0,0.0,0.0,0.0,0.0,2897.118083959816,0.0,0.0,0.0,0.0,0.0,0.0,0.0
4679,0.0,160.16105488836757,0.0,0.0,0.0,0.0,0.0,0.0,0.0,0.0,0.0,0.0,0.0,671.1336380958556,0.0,0.0,5604.935952663421,0.0,478.70026500225055,0.0,0.0,354.8808997023843,0.0,0.0,0.0,0.0,0.0,0.0,0.0,2952.2914634764174,0.0,0.0,0.0,0.0,0.0,0.0,0.0
4680,0.0,176.12391166985032,0.0,0.0,0.0,0.0,0.0,0.0,0.0,0.0,0.0,0.0,0.0,657.099372780323,0.0,0.0,5797.58295111358,0.0,452.4613806545733,0.0,0.0,668.8261587604876,0.0,0.0,0.0,0.0,0.0,0.0,0.0,3434.2072985649106,0.0,0.0,0.0,0.0,0.0,0.0,0.0
4681,0.0,190.44475445151326,0.0,0.0,0.0,0.0,0.0,0.0,0.0,0.0,0.0,0.0,0.0,625.5601498603821,0.0,0.0,5965.883772328496,0.0,397.4661094367503,0.0,0.0,719.8631958179176,0.0,0.0,0.0,0.0,0.0,0.0,0.0,3917.8346453279237,0.0,0.0,0.0,0.0,0.0,0.0,0.0
4682,0.0,204.28506969809524,0.0,0.0,0.0,0.0,0.0,0.0,0.0,0.0,0.0,0.0,0.0,587.3250567078591,0.0,0.0,6134.024741172789,0.0,335.6633077025412,0.0,0.0,714.9181604370467,0.0,0.0,0.0,0.0,0.0,0.0,0.0,4407.244898217916,0.0,0.0,0.0,0.0,0.0,0.0,0.0
4683,0.0,208.23995650112624,0.0,0.0,0.0,0.0,0.0,0.0,0.0,0.0,0.0,0.0,0.0,553.0446455001832,0.0,0.0,6304.878144159912,0.0,288.8926032841204,0.0,0.0,811.2690333321691,0.0,0.0,0.0,0.0,0.0,0.0,0.0,4908.360545763372,0.0,0.0,0.0,0.0,0.0,0.0,0.0
4684,0.0,225.94474839270111,0.0,0.0,0.0,0.0,0.0,0.0,0.0,0.0,0.0,0.0,0.0,520.6377382993699,0.0,0.0,6478.1126084923735,0.0,251.4676512360571,0.0,0.0,875.0964948892591,0.0,0.0,0.0,0.0,0.0,0.0,0.0,5402.970423915982,0.0,0.0,0.0,0.0,0.0,0.0,0.0
4685,0.0,244.69662879109381,0.0,0.0,0.0,0.0,0.0,0.0,0.0,0.0,0.0,0.0,0.0,488.46845455169677,0.0,0.0,6656.309497147797,0.0,220.87364640235893,0.0,0.0,778.7443352691822,0.0,0.0,0.0,0.0,0.0,0.0,0.0,5863.268344166874,0.0,0.0,0.0,0.0,0.0,0.0,0.0
4686,0.0,239.9943747282028,0.0,0.0,0.0,0.0,0.0,0.0,0.0,0.0,0.0,0.0,0.0,450.2404452681541,0.0,0.0,6707.4614778757095,0.0,186.8906970053911,0.0,0.0,721.0491777777672,0.0,0.0,0.0,0.0,0.0,0.0,0.0,5698.285561701655,0.0,0.0,0.0,0.0,0.0,0.0,0.0
4687,0.0,239.01943198442453,0.0,0.0,0.0,0.0,0.0,0.0,0.0,0.0,0.0,0.0,0.0,410.79679026603696,0.0,0.0,6771.982717454433,0.0,158.96864115595798,0.0,0.0,677.8948448628179,0.0,0.0,0.0,0.0,0.0,0.0,0.0,5463.60921383798,0.0,0.0,0.0,0.0,0.0,0.0,0.0
4688,0.0,236.3676438331604,0.0,0.0,0.0,0.0,0.0,0.0,0.0,0.0,0.0,0.0,0.0,371.7343639850616,0.0,0.0,6788.766049563885,0.0,132.7241397649048,0.0,0.0,646.6650462426244,0.0,0.0,0.0,0.0,0.0,0.0,0.0,5108.4595121949915,0.0,0.0,0.0,0.0,0.0,0.0,0.0
4689,0.0,235.8520604431629,0.0,0.0,0.0,0.0,0.0,0.0,0.0,0.0,0.0,0.0,0.0,333.90491200089446,0.0,0.0,6744.161404132841,0.0,109.37174878120406,0.0,0.0,628.2759300850323,0.0,0.0,0.0,0.0,0.0,0.0,0.0,4728.209567925333,0.0,0.0,0.0,0.0,0.0,0.0,0.0
4690,0.0,211.5800963133573,0.0,0.0,0.0,0.0,0.0,0.0,0.0,0.0,0.0,0.0,0.0,278.36421835422516,0.0,0.0,6166.170236140488,0.0,77.54913056939827,0.0,0.0,523.2357657250016,0.0,0.0,0.0,0.0,0.0,0.0,0.0,4081.2245249986645,0.0,0.0,0.0,0.0,0.0,0.0,0.0
4691,0.0,190.10602146685125,0.0,0.0,0.0,0.0,0.0,0.0,0.0,0.0,0.0,0.0,0.0,222.6654826939106,0.0,0.0,5560.908098146318,0.0,54.0583735778926,0.0,0.0,448.9119588833295,0.0,0.0,0.0,0.0,0.0,0.0,0.0,3517.6500921249376,0.0,0.0,0.0,0.0,0.0,0.0,0.0
4692,0.0,171.04523151218888,0.0,0.0,0.0,0.0,0.0,0.0,0.0,0.0,0.0,0.0,0.0,171.79391056299207,0.0,0.0,5006.239818856118,0.0,40.08525937646621,0.0,0.0,398.4033116441216,0.0,0.0,0.0,0.0,0.0,0.0,0.0,3033.4438038468343,0.0,0.0,0.0,0.0,0.0,0.0,0.0
4693,0.0,155.95585328936568,0.0,0.0,0.0,0.0,0.0,0.0,0.0,0.0,0.0,0.0,0.0,128.78218249082562,0.0,0.0,4513.561199873684,0.0,36.79104869514688,0.0,0.0,361.9361640091982,0.0,0.0,0.0,0.0,0.0,0.0,0.0,2642.5487125933164,0.0,0.0,0.0,0.0,0.0,0.0,0.0
4694,0.0,145.95681245326992,0.0,0.0,0.0,0.0,0.0,0.0,0.0,0.0,0.0,0.0,0.0,95.87039270400996,0.0,0.0,4081.040356367825,0.0,41.55494617819769,0.0,0.0,337.192140368744,0.0,0.0,0.0,0.0,0.0,0.0,0.0,2344.8610355943424,0.0,0.0,0.0,0.0,0.0,0.0,0.0
4695,0.0,137.98587697148324,0.0,0.0,0.0,0.0,0.0,0.0,0.0,0.0,0.0,0.0,0.0,82.54545020908114,0.0,0.0,4054.6658820211874,0.0,60.67446517795313,0.0,0.0,482.5123590085646,0.0,0.0,0.0,0.0,0.0,0.0,0.0,2235.2946362048388,0.0,0.0,0.0,0.0,0.0,0.0,0.0
4696,0.0,128.96475280523293,0.0,0.0,0.0,0.0,0.0,0.0,0.0,0.0,0.0,0.0,0.0,75.48169515728945,0.0,0.0,4024.699979960916,0.0,77.23951143175358,0.0,0.0,597.9848351642482,0.0,0.0,0.0,0.0,0.0,0.0,0.0,2077.9666466578833,0.0,0.0,0.0,0.0,0.0,0.0,0.0
4697,0.0,120.82462618052953,0.0,0.0,0.0,0.0,0.0,0.0,0.0,0.0,0.0,0.0,0.0,74.28528348803508,0.0,0.0,4000.2923509627567,0.0,86.83668207079162,0.0,0.0,699.6944633580745,0.0,0.0,0.0,0.0,0.0,0.0,0.0,2013.1288130924092,0.0,0.0,0.0,0.0,0.0,0.0,0.0
4698,0.0,111.91139801591628,0.0,0.0,0.0,0.0,0.0,0.0,0.0,0.0,0.0,0.0,0.0,76.959444028139,0.0,0.0,3971.049090519546,0.0,100.92920661121605,0.0,0.0,791.3055713474745,0.0,0.0,0.0,0.0,0.0,0.0,0.0,2034.2804286897162,0.0,0.0,0.0,0.0,0.0,0.0,0.0
4699,0.0,109.24577830284828,0.0,0.0,0.0,0.0,0.0,0.0,0.0,0.0,0.0,0.0,0.0,93.22731375992295,0.0,0.0,3917.8559778183676,0.0,114.02376483827827,0.0,0.0,792.7588136494151,0.0,0.0,0.0,0.0,0.0,0.0,0.0,2243.5146293655025,0.0,0.0,0.0,0.0,0.0,0.0,0.0
4700,0.0,114.42278038412327,0.0,0.0,0.0,0.0,0.0,0.0,0.0,0.0,0.0,0.0,0.0,112.67491034567357,0.0,0.0,3896.228068754077,0.0,134.52114902436733,0.0,0.0,806.2902403436597,0.0,0.0,0.0,0.0,0.0,0.0,0.0,2567.640695822237,0.0,0.0,0.0,0.0,0.0,0.0,0.0
4701,0.0,123.56255999207491,0.0,0.0,0.0,0.0,0.0,0.0,0.0,0.0,0.0,0.0,0.0,130.82818767428398,0.0,0.0,3919.0628437697865,0.0,152.3979008823633,0.0,0.0,817.8900658115743,0.0,0.0,0.0,0.0,0.0,0.0,0.0,2938.418563860655,0.0,0.0,0.0,0.0,0.0,0.0,0.0
4702,0.0,132.60970601141443,0.0,0.0,0.0,0.0,0.0,0.0,0.0,0.0,0.0,0.0,0.0,145.4501226902007,0.0,0.0,3957.858741864562,0.0,170.13587175309652,0.0,0.0,830.4270054951302,0.0,0.0,0.0,0.0,0.0,0.0,0.0,3300.8287200570107,0.0,0.0,0.0,0.0,0.0,0.0,0.0
4703,0.0,135.21058672070504,0.0,0.0,0.0,0.0,0.0,0.0,0.0,0.0,0.0,0.0,0.0,152.32929924130437,0.0,0.0,3961.592519864439,0.0,186.5876878976822,0.0,0.0,842.1474046602841,0.0,0.0,0.0,0.0,0.0,0.0,0.0,3579.085152637958,0.0,0.0,0.0,0.0,0.0,0.0,0.0
4704,0.0,174.44341899454588,0.0,0.0,0.0,0.0,0.0,0.0,0.0,0.0,0.0,0.0,0.0,155.35747389197343,0.0,0.0,4148.568454042075,0.0,223.53689563870418,0.0,0.0,1174.360108678043,0.0,0.0,0.0,0.0,0.0,0.0,0.0,4353.958774021267,0.0,0.0,0.0,0.0,0.0,0.0,0.0
4705,0.0,216.55792951583854,0.0,0.0,0.0,0.0,0.0,0.0,0.0,0.0,0.0,0.0,0.0,151.74100185632693,0.0,0.0,4393.943787619471,0.0,257.78553563356394,0.0,0.0,1449.004435457289,0.0,0.0,0.0,0.0,0.0,0.0,0.0,5068.4839802712195,0.0,0.0,0.0,0.0,0.0,0.0,0.0
4706,0.0,256.88506838679314,0.0,0.0,0.0,0.0,0.0,0.0,0.0,0.0,0.0,0.0,0.0,145.0979467988014,0.0,0.0,4698.503002911804,0.0,288.8943817675114,0.0,0.0,1666.409635207056,0.0,0.0,0.0,0.0,0.0,0.0,0.0,5741.095773535966,0.0,0.0,0.0,0.0,0.0,0.0,0.0
4707,0.0,293.26465707421295,0.0,0.0,0.0,0.0,0.0,0.0,0.0,0.0,0.0,0.0,0.0,138.72649983167642,0.0,0.0,5026.561294555664,0.0,316.5915335714817,0.0,0.0,1855.299647542834,0.0,0.0,0.0,0.0,0.0,0.0,0.0,6401.141172927618,0.0,0.0,0.0,0.0,0.0,0.0,0.0
4708,0.0,316.25333002209663,0.0,0.0,0.0,0.0,0.0,0.0,0.0,0.0,0.0,0.0,0.0,133.4135980963706,0.0,0.0,5395.524290993808,0.0,341.8148149788378,0.0,0.0,2027.4514875277873,0.0,0.0,0.0,0.0,0.0,0.0,0.0,6730.468130290507,0.0,0.0,0.0,0.0,0.0,0.0,0.0
4709,0.0,329.70748377442357,0.0,0.0,0.0,0.0,0.0,0.0,0.0,0.0,0.0,0.0,0.0,128.63019315004343,0.0,0.0,5797.087447658181,0.0,356.4914231061935,0.0,0.0,1985.6583582356573,0.0,0.0,0.0,0.0,0.0,0.0,0.0,7048.055701428651,0.0,0.0,0.0,0.0,0.0,0.0,0.0
4710,0.0,313.1689759075641,0.0,0.0,0.0,0.0,0.0,0.0,0.0,0.0,0.0,0.0,0.0,125.2253517001866,0.0,0.0,5767.1258238852015,0.0,350.1269424438476,0.0,0.0,1884.5649199157951,0.0,0.0,0.0,0.0,0.0,0.0,0.0,6599.586124062538,0.0,0.0,0.0,0.0,0.0,0.0,0.0
4711,0.0,295.1158418834209,0.0,0.0,0.0,0.0,0.0,0.0,0.0,0.0,0.0,0.0,0.0,118.53240692615503,0.0,0.0,5742.993172079323,0.0,334.7280032873153,0.0,0.0,1787.0328335121271,0.0,0.0,0.0,0.0,0.0,0.0,0.0,6088.180071336031,0.0,0.0,0.0,0.0,0.0,0.0,0.0
4712,0.0,278.14656363129615,0.0,0.0,0.0,0.0,0.0,0.0,0.0,0.0,0.0,0.0,0.0,110.47475255131717,0.0,0.0,5734.347920268773,0.0,317.9793730854987,0.0,0.0,1687.8599457219243,0.0,0.0,0.0,0.0,0.0,0.0,0.0,5586.260920950768,0.0,0.0,0.0,0.0,0.0,0.0,0.0
4713,0.0,263.3472975075245,0.0,0.0,0.0,0.0,0.0,0.0,0.0,0.0,0.0,0.0,0.0,104.49359089732164,0.0,0.0,5749.430827647447,0.0,321.4559820592402,0.0,0.0,1607.3538039207456,0.0,0.0,0.0,0.0,0.0,0.0,0.0,5099.691495382785,0.0,0.0,0.0,0.0,0.0,0.0,0.0
4714,0.0,220.6779533833265,0.0,0.0,0.0,0.0,0.0,0.0,0.0,0.0,0.0,0.0,0.0,83.32310658544289,0.0,0.0,5397.383012354372,0.0,324.43932866454116,0.0,0.0,1449.1956276476378,0.0,0.0,0.0,0.0,0.0,0.0,0.0,4427.451078093051,0.0,0.0,0.0,0.0,0.0,0.0,0.0
4715,0.0,183.2333905488252,0.0,0.0,0.0,0.0,0.0,0.0,0.0,0.0,0.0,0.0,0.0,68.18826919198023,0.0,0.0,5056.699883848427,0.0,330.6860144436358,0.0,0.0,1315.191246709227,0.0,0.0,0.0,0.0,0.0,0.0,0.0,3809.2981181651335,0.0,0.0,0.0,0.0,0.0,0.0,0.0
4716,0.0,147.65140322148798,0.0,0.0,0.0,0.0,0.0,0.0,0.0,0.0,0.0,0.0,0.0,55.87090057730668,0.0,0.0,4745.160448372363,0.0,340.53492940664285,0.0,0.0,1214.641563217341,0.0,0.0,0.0,0.0,0.0,0.0,0.0,3268.2018761217596,0.0,0.0,0.0,0.0,0.0,0.0,0.0
4717,0.0,115.0154894605279,0.0,0.0,0.0,0.0,0.0,0.0,0.0,0.0,0.0,0.0,0.0,45.58880766257632,0.0,0.0,4444.856184259055,0.0,354.1065361618995,0.0,0.0,1122.3041368357833,0.0,0.0,0.0,0.0,0.0,0.0,0.0,2796.5865713626126,0.0,0.0,0.0,0.0,0.0,0.0,0.0
4718,0.0,90.2541882410645,0.0,0.0,0.0,0.0,0.0,0.0,0.0,0.0,0.0,0.0,0.0,40.45832676216957,0.0,0.0,4146.480649843812,0.0,366.3058651328086,0.0,0.0,1046.180050402879,0.0,0.0,0.0,0.0,0.0,0.0,0.0,2424.4497637778504,0.0,0.0,0.0,0.0,0.0,0.0,0.0
4719,0.0,70.0526030525565,0.0,0.0,0.0,0.0,0.0,0.0,0.0,0.0,0.0,0.0,0.0,43.173155099153384,0.0,0.0,4112.111223354934,0.0,394.5014665484427,0.0,0.0,1248.2052538365117,0.0,0.0,0.0,0.0,0.0,0.0,0.0,2113.2348886549453,0.0,0.0,0.0,0.0,0.0,0.0,0.0
4720,0.0,59.18363272994757,0.0,0.0,0.0,0.0,0.0,0.0,0.0,0.0,0.0,0.0,0.0,45.32129913717502,0.0,0.0,4086.198026165365,0.0,418.24392340183255,0.0,0.0,1460.5640696927903,0.0,0.0,0.0,0.0,0.0,0.0,0.0,2013.1877559199916,0.0,0.0,0.0,0.0,0.0,0.0,0.0
4721,0.0,49.733183057606176,0.0,0.0,0.0,0.0,0.0,0.0,0.0,0.0,0.0,0.0,0.0,35.500136876106225,0.0,0.0,4071.490052327513,0.0,407.92990539073946,0.0,0.0,1595.1998541355124,0.0,0.0,0.0,0.0,0.0,0.0,0.0,1927.0567354872808,0.0,0.0,0.0,0.0,0.0,0.0,0.0
4722,0.0,41.48476764857767,0.0,0.0,0.0,0.0,0.0,0.0,0.0,0.0,0.0,0.0,0.0,28.333267816901138,0.0,0.0,4056.2231785953036,0.0,390.7898902773856,0.0,0.0,1706.5089803203937,0.0,0.0,0.0,0.0,0.0,0.0,0.0,1873.633379369972,0.0,0.0,0.0,0.0,0.0,0.0,0.0
4723,0.0,39.579203478991936,0.0,0.0,0.0,0.0,0.0,0.0,0.0,0.0,0.0,0.0,0.0,31.133536916971174,0.0,0.0,4205.933674722909,0.0,361.9710193574427,0.0,0.0,1687.5656641557807,0.0,0.0,0.0,0.0,0.0,0.0,0.0,2111.095589464901,0.0,0.0,0.0,0.0,0.0,0.0,0.0
4724,0.0,37.712931606173456,0.0,0.0,0.0,0.0,0.0,0.0,0.0,0.0,0.0,0.0,0.0,34.33295177072279,0.0,0.0,4289.3050481081,0.0,329.90914325714107,0.0,0.0,1691.7423733592034,0.0,0.0,0.0,0.0,0.0,0.0,0.0,2322.4052647352214,0.0,0.0,0.0,0.0,0.0,0.0,0.0
4725,0.0,35.96404213830821,0.0,0.0,0.0,0.0,0.0,0.0,0.0,0.0,0.0,0.0,0.0,38.70353640615931,0.0,0.0,4332.489691093563,0.0,286.11846560835824,0.0,0.0,1709.4752597898246,0.0,0.0,0.0,0.0,0.0,0.0,0.0,2488.7580159261806,0.0,0.0,0.0,0.0,0.0,0.0,0.0
4726,0.0,33.19951483458277,0.0,0.0,0.0,0.0,0.0,0.0,0.0,0.0,0.0,0.0,0.0,43.393399535119464,0.0,0.0,4338.783440634606,0.0,247.70716667175293,0.0,0.0,1731.5011148080227,0.0,0.0,0.0,0.0,0.0,0.0,0.0,2614.042984820902,0.0,0.0,0.0,0.0,0.0,0.0,0.0
4727,0.0,30.66887208670375,0.0,0.0,0.0,0.0,0.0,0.0,0.0,0.0,0.0,0.0,0.0,48.523191103339194,0.0,0.0,4320.195838093758,0.0,226.67957953512655,0.0,0.0,1763.460486477613,0.0,0.0,0.0,0.0,0.0,0.0,0.0,2750.464351198075,0.0,0.0,0.0,0.0,0.0,0.0,0.0
4728,0.0,63.563685750961305,0.0,0.0,0.0,0.0,0.0,0.0,0.0,0.0,0.0,0.0,0.0,54.932528923451784,0.0,0.0,4723.095765069125,0.0,252.63866398334497,0.0,0.0,2334.878689947724,0.0,0.0,0.0,0.0,0.0,0.0,0.0,3305.5969416797147,0.0,0.0,0.0,0.0,0.0,0.0,0.0
4729,0.0,95.35088029056782,0.0,0.0,0.0,0.0,0.0,0.0,0.0,0.0,0.0,0.0,0.0,60.00687128305429,0.0,0.0,5116.314705774186,0.0,299.09176090955725,0.0,0.0,2775.413653081655,0.0,0.0,0.0,0.0,0.0,0.0,0.0,3916.1177094668133,0.0,0.0,0.0,0.0,0.0,0.0,0.0
4730,0.0,126.99296968281263,0.0,0.0,0.0,0.0,0.0,0.0,0.0,0.0,0.0,0.0,0.0,63.40958308875548,0.0,0.0,5520.254256561397,0.0,352.7983430624007,0.0,0.0,3000.8233417063952,0.0,0.0,0.0,0.0,0.0,0.0,0.0,4515.696446457504,0.0,0.0,0.0,0.0,0.0,0.0,0.0
4731,0.0,160.66197906732552,0.0,0.0,0.0,0.0,0.0,0.0,0.0,0.0,0.0,0.0,0.0,63.11339442133893,0.0,0.0,5926.899629592894,0.0,401.3842565536499,0.0,0.0,2964.2700591892003,0.0,0.0,0.0,0.0,0.0,0.0,0.0,5089.363120895624,0.0,0.0,0.0,0.0,0.0,0.0,0.0
4732,0.0,190.41575867235656,0.0,0.0,0.0,0.0,0.0,0.0,0.0,0.0,0.0,0.0,0.0,61.4593950793147,0.0,0.0,6318.963043794035,0.0,441.3416503846644,0.0,0.0,2770.1831918299195,0.0,0.0,0.0,0.0,0.0,0.0,0.0,5652.230601450799,0.0,0.0,0.0,0.0,0.0,0.0,0.0
4733,0.0,211.33247488439076,0.0,0.0,0.0,0.0,0.0,0.0,0.0,0.0,0.0,0.0,0.0,55.951625299453596,0.0,0.0,6694.04476892948,0.0,468.9154050827025,0.0,0.0,2349.0833765521643,0.0,0.0,0.0,0.0,0.0,0.0,0.0,6236.471546834708,0.0,0.0,0.0,0.0,0.0,0.0,0.0
4734,0.0,195.89948194921016,0.0,0.0,0.0,0.0,0.0,0.0,0.0,0.0,0.0,0.0,0.0,51.293219256400945,0.0,0.0,6616.988925456999,0.0,473.7014520943165,0.0,0.0,2211.4517936557527,0.0,0.0,0.0,0.0,0.0,0.0,0.0,5986.952816405891,0.0,0.0,0.0,0.0,0.0,0.0,0.0
4735,0.0,182.65543887913222,0.0,0.0,0.0,0.0,0.0,0.0,0.0,0.0,0.0,0.0,0.0,48.35580107271666,0.0,0.0,6535.918492764233,0.0,469.0796776652336,0.0,0.0,2039.7115542769432,0.0,0.0,0.0,0.0,0.0,0.0,0.0,5646.2867777884,0.0,0.0,0.0,0.0,0.0,0.0,0.0
4736,0.0,171.4458979099989,0.0,0.0,0.0,0.0,0.0,0.0,0.0,0.0,0.0,0.0,0.0,45.102825668454166,0.0,0.0,6472.398761346935,0.0,462.99830191731445,0.0,0.0,1867.097855722904,0.0,0.0,0.0,0.0,0.0,0.0,0.0,5300.250071224569,0.0,0.0,0.0,0.0,0.0,0.0,0.0
4737,0.0,161.84272591173647,0.0,0.0,0.0,0.0,0.0,0.0,0.0,0.0,0.0,0.0,0.0,40.3804938726126,0.0,0.0,6474.877056494354,0.0,460.8121308505535,0.0,0.0,1707.0044451177118,0.0,0.0,0.0,0.0,0.0,0.0,0.0,5006.690923443436,0.0,0.0,0.0,0.0,0.0,0.0,0.0
4738,0.0,144.09148746728894,0.0,0.0,0.0,0.0,0.0,0.0,0.0,0.0,0.0,0.0,0.0,25.031548780947865,0.0,0.0,6298.517886698244,0.0,450.51773543953897,0.0,0.0,1483.6239974364637,0.0,0.0,0.0,0.0,0.0,0.0,0.0,4439.03931031823,0.0,0.0,0.0,0.0,0.0,0.0,0.0
4739,0.0,128.5752386301756,0.0,0.0,0.0,0.0,0.0,0.0,0.0,0.0,0.0,0.0,0.0,23.903767696767964,0.0,0.0,6191.681274324655,0.0,446.6581300675869,0.0,0.0,1293.1149823486796,0.0,0.0,0.0,0.0,0.0,0.0,0.0,3954.0935246020535,0.0,0.0,0.0,0.0,0.0,0.0,0.0
4740,0.0,114.6669789925217,0.0,0.0,0.0,0.0,0.0,0.0,0.0,0.0,0.0,0.0,0.0,24.633812515437533,0.0,0.0,6134.1289758086195,0.0,441.4167320251465,0.0,0.0,1173.5904200859359,0.0,0.0,0.0,0.0,0.0,0.0,0.0,3527.4830575704555,0.0,0.0,0.0,0.0,0.0,0.0,0.0
4741,0.0,101.3071632251143,0.0,0.0,0.0,0.0,0.0,0.0,0.0,0.0,0.0,0.0,0.0,25.637065459787834,0.0,0.0,6032.109714925289,0.0,428.92297512888894,0.0,0.0,1053.9047144450244,0.0,0.0,0.0,0.0,0.0,0.0,0.0,3151.616579288244,0.0,0.0,0.0,0.0,0.0,0.0,0.0
4742,0.0,88.14295323640101,0.0,0.0,0.0,0.0,0.0,0.0,0.0,0.0,0.0,0.0,0.0,26.656198263913307,0.0,0.0,5887.806584998963,0.0,415.73516508936876,0.0,0.0,904.1007891654964,0.0,0.0,0.0,0.0,0.0,0.0,0.0,2832.28639780581,0.0,0.0,0.0,0.0,0.0,0.0,0.0
4743,0.0,71.65022559463975,0.0,0.0,0.0,0.0,0.0,0.0,0.0,0.0,0.0,0.0,0.0,35.79095659852027,0.0,0.0,6024.393240392206,0.0,418.29250563979144,0.0,0.0,893.0429776623839,0.0,0.0,0.0,0.0,0.0,0.0,0.0,2570.2687142238,0.0,0.0,0.0,0.0,0.0,0.0,0.0
4744,0.0,59.31207266896956,0.0,0.0,0.0,0.0,0.0,0.0,0.0,0.0,0.0,0.0,0.0,44.985078763961766,0.0,0.0,6088.220619559287,0.0,413.60145928263665,0.0,0.0,884.0847228370604,0.0,0.0,0.0,0.0,0.0,0.0,0.0,2376.75796482116,0.0,0.0,0.0,0.0,0.0,0.0,0.0
4745,0.0,49.951030156016344,0.0,0.0,0.0,0.0,0.0,0.0,0.0,0.0,0.0,0.0,0.0,47.25498240441077,0.0,0.0,6135.968639343976,0.0,381.52381396293634,0.0,0.0,824.927618727832,0.0,0.0,0.0,0.0,0.0,0.0,0.0,2208.1286825194957,0.0,0.0,0.0,0.0,0.0,0.0,0.0
4746,0.0,43.08383506983519,0.0,0.0,0.0,0.0,0.0,0.0,0.0,0.0,0.0,0.0,0.0,53.8349327430129,0.0,0.0,6186.969713211058,0.0,361.6713449060915,0.0,0.0,775.1058555454011,0.0,0.0,0.0,0.0,0.0,0.0,0.0,2103.835134911537,0.0,0.0,0.0,0.0,0.0,0.0,0.0
4747,0.0,44.57524145767092,0.0,0.0,0.0,0.0,0.0,0.0,0.0,0.0,0.0,0.0,0.0,68.0237037420272,0.0,0.0,6288.071864873169,0.0,349.50565891265853,0.0,0.0,728.4815281860526,0.0,0.0,0.0,0.0,0.0,0.0,0.0,2451.4065246671425,0.0,0.0,0.0,0.0,0.0,0.0,0.0
4748,0.0,47.51048895120614,0.0,0.0,0.0,0.0,0.0,0.0,0.0,0.0,0.0,0.0,0.0,80.93471066504705,0.0,0.0,6384.820275813339,0.0,351.02970061302176,0.0,0.0,719.9509958736594,0.0,0.0,0.0,0.0,0.0,0.0,0.0,2833.800288282334,0.0,0.0,0.0,0.0,0.0,0.0,0.0
4749,0.0,48.86525255441666,0.0,0.0,0.0,0.0,0.0,0.0,0.0,0.0,0.0,0.0,0.0,87.01405451893802,0.0,0.0,6476.856736704707,0.0,355.5173181116581,0.0,0.0,705.4660302981732,0.0,0.0,0.0,0.0,0.0,0.0,0.0,3191.2084404140705,0.0,0.0,0.0,0.0,0.0,0.0,0.0
4750,0.0,49.82896592169996,0.0,0.0,0.0,0.0,0.0,0.0,0.0,0.0,0.0,0.0,0.0,91.48873391896475,0.0,0.0,6568.8838631510735,0.0,358.4600856542587,0.0,0.0,703.7605142153793,0.0,0.0,0.0,0.0,0.0,0.0,0.0,3497.945468702912,0.0,0.0,0.0,0.0,0.0,0.0,0.0
4751,0.0,50.544847440719536,0.0,0.0,0.0,0.0,0.0,0.0,0.0,0.0,0.0,0.0,0.0,97.85952517986293,0.0,0.0,6663.342223584652,0.0,352.34050215482694,0.0,0.0,716.6980038084085,0.0,0.0,0.0,0.0,0.0,0.0,0.0,3715.5048917591566,0.0,0.0,0.0,0.0,0.0,0.0,0.0
4752,0.0,70.0702782735228,0.0,0.0,0.0,0.0,0.0,0.0,0.0,0.0,0.0,0.0,0.0,109.89634119868268,0.0,0.0,7107.79015418887,0.0,357.4805562853813,0.0,0.0,946.2446645423765,0.0,0.0,0.0,0.0,0.0,0.0,0.0,4010.578472435473,0.0,0.0,0.0,0.0,0.0,0.0,0.0
4753,0.0,84.89039694964879,0.0,0.0,0.0,0.0,0.0,0.0,0.0,0.0,0.0,0.0,0.0,124.56985843777643,0.0,0.0,7479.781011223793,0.0,348.34561347961414,0.0,0.0,1125.5052814543242,0.0,0.0,0.0,0.0,0.0,0.0,0.0,4273.070049118995,0.0,0.0,0.0,0.0,0.0,0.0,0.0
4754,0.0,96.38664823919525,0.0,0.0,0.0,0.0,0.0,0.0,0.0,0.0,0.0,0.0,0.0,138.52794974446292,0.0,0.0,7775.374103158712,0.0,330.5353176176547,0.0,0.0,1249.1629556514315,0.0,0.0,0.0,0.0,0.0,0.0,0.0,4494.885288971662,0.0,0.0,0.0,0.0,0.0,0.0,0.0
4755,0.0,103.69286916106935,0.0,0.0,0.0,0.0,0.0,0.0,0.0,0.0,0.0,0.0,0.0,148.2018022775649,0.0,0.0,8015.64427319169,0.0,309.1023103713988,0.0,0.0,1275.694845771789,0.0,0.0,0.0,0.0,0.0,0.0,0.0,4694.407483562826,0.0,0.0,0.0,0.0,0.0,0.0,0.0
4756,0.0,114.76336505860083,0.0,0.0,0.0,0.0,0.0,0.0,0.0,0.0,0.0,0.0,0.0,153.5659723937511,0.0,0.0,8213.420938104391,0.0,287.5437718391418,0.0,0.0,1152.5148492917417,0.0,0.0,0.0,0.0,0.0,0.0,0.0,4922.189690273999,0.0,0.0,0.0,0.0,0.0,0.0,0.0
4757,0.0,117.8324076622724,0.0,0.0,0.0,0.0,0.0,0.0,0.0,0.0,0.0,0.0,0.0,156.61013058423987,0.0,0.0,8374.943396508692,0.0,268.220490515232,0.0,0.0,1059.760524024814,0.0,0.0,0.0,0.0,0.0,0.0,0.0,5164.811748263239,0.0,0.0,0.0,0.0,0.0,0.0,0.0
4758,0.0,121.40710887908928,0.0,0.0,0.0,0.0,0.0,0.0,0.0,0.0,0.0,0.0,0.0,152.75760430693617,0.0,0.0,8240.70318722725,0.0,241.92777740359296,0.0,0.0,920.7301954127848,0.0,0.0,0.0,0.0,0.0,0.0,0.0,5119.322349867225,0.0,0.0,0.0,0.0,0.0,0.0,0.0
4759,0.0,128.68760253489015,0.0,0.0,0.0,0.0,0.0,0.0,0.0,0.0,0.0,0.0,0.0,138.65714068412768,0.0,0.0,8111.911960214376,0.0,205.11543878018855,0.0,0.0,786.1233244366937,0.0,0.0,0.0,0.0,0.0,0.0,0.0,5041.497928774355,0.0,0.0,0.0,0.0,0.0,0.0,0.0
4760,0.0,136.61433593630787,0.0,0.0,0.0,0.0,0.0,0.0,0.0,0.0,0.0,0.0,0.0,125.54238846302022,0.0,0.0,7983.245192468166,0.0,154.6042577356099,0.0,0.0,655.9254543632263,0.0,0.0,0.0,0.0,0.0,0.0,0.0,4901.072608664631,0.0,0.0,0.0,0.0,0.0,0.0,0.0
4761,0.0,143.63414813876153,0.0,0.0,0.0,0.0,0.0,0.0,0.0,0.0,0.0,0.0,0.0,114.38586646020407,0.0,0.0,7847.9696376621705,0.0,119.19163741320357,0.0,0.0,540.382359714433,0.0,0.0,0.0,0.0,0.0,0.0,0.0,4728.301779097317,0.0,0.0,0.0,0.0,0.0,0.0,0.0
4762,0.0,128.22741553187365,0.0,0.0,0.0,0.0,0.0,0.0,0.0,0.0,0.0,0.0,0.0,88.20340473651885,0.0,0.0,7482.430437862873,0.0,85.7375941559671,0.0,0.0,412.1722904719408,0.0,0.0,0.0,0.0,0.0,0.0,0.0,4305.891440546512,0.0,0.0,0.0,0.0,0.0,0.0,0.0
4763,0.0,114.68026346415279,0.0,0.0,0.0,0.0,0.0,0.0,0.0,0.0,0.0,0.0,0.0,71.03956008255473,0.0,0.0,7163.824049651621,0.0,63.408438770472806,0.0,0.0,300.38060458414185,0.0,0.0,0.0,0.0,0.0,0.0,0.0,3931.0602586776004,0.0,0.0,0.0,0.0,0.0,0.0,0.0
4764,0.0,102.01129633337256,0.0,0.0,0.0,0.0,0.0,0.0,0.0,0.0,0.0,0.0,0.0,60.973752146959164,0.0,0.0,6849.5605119764805,0.0,50.65798743814217,0.0,0.0,252.240174624323,0.0,0.0,0.0,0.0,0.0,0.0,0.0,3585.982909914849,0.0,0.0,0.0,0.0,0.0,0.0,0.0
4765,0.0,91.04320449382067,0.0,0.0,0.0,0.0,0.0,0.0,0.0,0.0,0.0,0.0,0.0,56.69644032120693,0.0,0.0,6516.943510755897,0.0,45.81536242365837,0.0,0.0,248.4028580501671,0.0,0.0,0.0,0.0,0.0,0.0,0.0,3273.004812538622,0.0,0.0,0.0,0.0,0.0,0.0,0.0
4766,0.0,82.62029537558556,0.0,0.0,0.0,0.0,0.0,0.0,0.0,0.0,0.0,0.0,0.0,57.182357865571944,0.0,0.0,6196.989850983022,0.0,45.71850918233394,0.0,0.0,256.56080779842944,0.0,0.0,0.0,0.0,0.0,0.0,0.0,2991.0754824131723,0.0,0.0,0.0,0.0,0.0,0.0,0.0
4767,0.0,70.39311758726829,0.0,0.0,0.0,0.0,0.0,0.0,0.0,0.0,0.0,0.0,0.0,67.02419448792924,0.0,0.0,6232.165540158748,0.0,63.860981279611465,0.0,0.0,327.00930183492574,0.0,0.0,0.0,0.0,0.0,0.0,0.0,2696.860550473629,0.0,0.0,0.0,0.0,0.0,0.0,0.0
4768,0.0,63.0230414226651,0.0,0.0,0.0,0.0,0.0,0.0,0.0,0.0,0.0,0.0,0.0,77.60408170968286,0.0,0.0,6256.63500985503,0.0,82.66079565882666,0.0,0.0,400.9597692154344,0.0,0.0,0.0,0.0,0.0,0.0,0.0,2502.7748372927285,0.0,0.0,0.0,0.0,0.0,0.0,0.0
4769,0.0,58.85239067226642,0.0,0.0,0.0,0.0,0.0,0.0,0.0,0.0,0.0,0.0,0.0,85.80299874395132,0.0,0.0,6277.495938688515,0.0,99.29864857643832,0.0,0.0,444.3589204754678,0.0,0.0,0.0,0.0,0.0,0.0,0.0,2352.397400438784,0.0,0.0,0.0,0.0,0.0,0.0,0.0
4770,0.0,54.90352186113591,0.0,0.0,0.0,0.0,0.0,0.0,0.0,0.0,0.0,0.0,0.0,92.61969265639769,0.0,0.0,6308.0615788400155,0.0,108.36666853427887,0.0,0.0,508.21503058522853,0.0,0.0,0.0,0.0,0.0,0.0,0.0,2240.512884508073,0.0,0.0,0.0,0.0,0.0,0.0,0.0
4771,0.0,67.82082584649324,0.0,0.0,0.0,0.0,0.0,0.0,0.0,0.0,0.0,0.0,0.0,110.92174244225016,0.0,0.0,6551.438563317059,0.0,110.85651564002036,0.0,0.0,449.82428472116493,0.0,0.0,0.0,0.0,0.0,0.0,0.0,2307.6876384615894,0.0,0.0,0.0,0.0,0.0,0.0,0.0
4772,0.0,78.10899682492013,0.0,0.0,0.0,0.0,0.0,0.0,0.0,0.0,0.0,0.0,0.0,129.52415051460267,0.0,0.0,6788.724822431801,0.0,118.64570970535262,0.0,0.0,402.42349454127196,0.0,0.0,0.0,0.0,0.0,0.0,0.0,2363.7552855402228,0.0,0.0,0.0,0.0,0.0,0.0,0.0
4773,0.0,86.34886219650502,0.0,0.0,0.0,0.0,0.0,0.0,0.0,0.0,0.0,0.0,0.0,146.0166304528713,0.0,0.0,7010.6722548007965,0.0,129.78998304605466,0.0,0.0,373.1589412204919,0.0,0.0,0.0,0.0,0.0,0.0,0.0,2434.887706834078,0.0,0.0,0.0,0.0,0.0,0.0,0.0
4774,0.0,93.10604306012385,0.0,0.0,0.0,0.0,0.0,0.0,0.0,0.0,0.0,0.0,0.0,160.53004328608506,0.0,0.0,7222.095100432634,0.0,142.41631105840187,0.0,0.0,353.1185028076172,0.0,0.0,0.0,0.0,0.0,0.0,0.0,2511.9941464290014,0.0,0.0,0.0,0.0,0.0,0.0,0.0
4775,0.0,98.88589642792932,0.0,0.0,0.0,0.0,0.0,0.0,0.0,0.0,0.0,0.0,0.0,172.15464986562725,0.0,0.0,7426.021608859301,0.0,153.60766974687573,0.0,0.0,340.1509644024071,0.0,0.0,0.0,0.0,0.0,0.0,0.0,2565.6724393159134,0.0,0.0,0.0,0.0,0.0,0.0,0.0
4776,0.0,100.95200350731608,0.0,0.0,0.0,0.0,0.0,0.0,0.0,0.0,0.0,0.0,0.0,177.38971871137608,0.0,0.0,7678.296653032303,0.0,180.99612129628642,0.0,0.0,658.6942593969402,0.0,0.0,0.0,0.0,0.0,0.0,0.0,3128.3970829576238,0.0,0.0,0.0,0.0,0.0,0.0,0.0
4777,0.0,106.75670038014648,0.0,0.0,0.0,0.0,0.0,0.0,0.0,0.0,0.0,0.0,0.0,179.48217255473133,0.0,0.0,7878.463713735342,0.0,204.0250506132841,0.0,0.0,895.998660573363,0.0,0.0,0.0,0.0,0.0,0.0,0.0,3589.876752659678,0.0,0.0,0.0,0.0,0.0,0.0,0.0
4778,0.0,117.25915535688392,0.0,0.0,0.0,0.0,0.0,0.0,0.0,0.0,0.0,0.0,0.0,179.41581732630726,0.0,0.0,8038.116949528456,0.0,224.24886700212937,0.0,0.0,1071.9501993499694,0.0,0.0,0.0,0.0,0.0,0.0,0.0,4008.998587688802,0.0,0.0,0.0,0.0,0.0,0.0,0.0
4779,0.0,136.19466166198254,0.0,0.0,0.0,0.0,0.0,0.0,0.0,0.0,0.0,0.0,0.0,177.23405293226241,0.0,0.0,8168.777399152517,0.0,245.95235193073745,0.0,0.0,1208.186821015924,0.0,0.0,0.0,0.0,0.0,0.0,0.0,4392.505213585496,0.0,0.0,0.0,0.0,0.0,0.0,0.0
4780,0.0,148.947221365571,0.0,0.0,0.0,0.0,0.0,0.0,0.0,0.0,0.0,0.0,0.0,175.45378250479686,0.0,0.0,8281.004653513432,0.0,264.1086665570736,0.0,0.0,1303.354436780512,0.0,0.0,0.0,0.0,0.0,0.0,0.0,4779.764653375745,0.0,0.0,0.0,0.0,0.0,0.0,0.0
4781,0.0,161.29059970378867,0.0,0.0,0.0,0.0,0.0,0.0,0.0,0.0,0.0,0.0,0.0,173.41938948631284,0.0,0.0,8383.703773140907,0.0,258.6544136941433,0.0,0.0,1111.3522152274843,0.0,0.0,0.0,0.0,0.0,0.0,0.0,5121.202011325954,0.0,0.0,0.0,0.0,0.0,0.0,0.0
4782,0.0,166.8495268374681,0.0,0.0,0.0,0.0,0.0,0.0,0.0,0.0,0.0,0.0,0.0,171.6366755723952,0.0,0.0,8097.442792594433,0.0,250.8507842719555,0.0,0.0,1061.7345871746538,0.0,0.0,0.0,0.0,0.0,0.0,0.0,5065.719091561435,0.0,0.0,0.0,0.0,0.0,0.0,0.0
4783,0.0,162.06997875273223,0.0,0.0,0.0,0.0,0.0,0.0,0.0,0.0,0.0,0.0,0.0,165.7451158940791,0.0,0.0,7867.52607780695,0.0,231.84242789447293,0.0,0.0,1012.8260959513481,0.0,0.0,0.0,0.0,0.0,0.0,0.0,4951.221744951606,0.0,0.0,0.0,0.0,0.0,0.0,0.0
4784,0.0,152.2230149567127,0.0,0.0,0.0,0.0,0.0,0.0,0.0,0.0,0.0,0.0,0.0,161.04819691777223,0.0,0.0,7749.580698013306,0.0,207.94138960540286,0.0,0.0,973.9769176661964,0.0,0.0,0.0,0.0,0.0,0.0,0.0,4791.6454300642,0.0,0.0,0.0,0.0,0.0,0.0,0.0
4785,0.0,143.9475326120853,0.0,0.0,0.0,0.0,0.0,0.0,0.0,0.0,0.0,0.0,0.0,163.23372741937635,0.0,0.0,7692.332546830177,0.0,190.90317784547787,0.0,0.0,946.3356435656543,0.0,0.0,0.0,0.0,0.0,0.0,0.0,4636.386767700313,0.0,0.0,0.0,0.0,0.0,0.0,0.0
4786,0.0,123.7727127581834,0.0,0.0,0.0,0.0,0.0,0.0,0.0,0.0,0.0,0.0,0.0,152.86516254544253,0.0,0.0,7462.29370638728,0.0,163.27387518286704,0.0,0.0,802.0255797050886,0.0,0.0,0.0,0.0,0.0,0.0,0.0,4219.81683165431,0.0,0.0,0.0,0.0,0.0,0.0,0.0
4787,0.0,108.12394886165852,0.0,0.0,0.0,0.0,0.0,0.0,0.0,0.0,0.0,0.0,0.0,150.71881749629975,0.0,0.0,7250.595494627953,0.0,151.3287211298942,0.0,0.0,695.1337802901858,0.0,0.0,0.0,0.0,0.0,0.0,0.0,3804.179855701326,0.0,0.0,0.0,0.0,0.0,0.0,0.0
4788,0.0,95.18036350607868,0.0,0.0,0.0,0.0,0.0,0.0,0.0,0.0,0.0,0.0,0.0,152.92862594127652,0.0,0.0,7013.488923579454,0.0,148.86937501430495,0.0,0.0,614.7207368239751,0.0,0.0,0.0,0.0,0.0,0.0,0.0,3420.1123689115043,0.0,0.0,0.0,0.0,0.0,0.0,0.0
4789,0.0,85.40416371971364,0.0,0.0,0.0,0.0,0.0,0.0,0.0,0.0,0.0,0.0,0.0,159.44562848210327,0.0,0.0,6736.672845631838,0.0,142.79635813832283,0.0,0.0,552.1935486786066,0.0,0.0,0.0,0.0,0.0,0.0,0.0,3060.6168089747416,0.0,0.0,0.0,0.0,0.0,0.0,0.0
4790,0.0,79.15189798772329,0.0,0.0,0.0,0.0,0.0,0.0,0.0,0.0,0.0,0.0,0.0,167.4287453114986,0.0,0.0,6473.925720974801,0.0,140.05999841392028,0.0,0.0,501.80982729457315,0.0,0.0,0.0,0.0,0.0,0.0,0.0,2731.2189755737777,0.0,0.0,0.0,0.0,0.0,0.0,0.0
4791,0.0,70.20890250653022,0.0,0.0,0.0,0.0,0.0,0.0,0.0,0.0,0.0,0.0,0.0,189.10204421281804,0.0,0.0,6534.652119725943,0.0,152.19395329952232,0.0,0.0,545.2623397953807,0.0,0.0,0.0,0.0,0.0,0.0,0.0,2555.461588871479,0.0,0.0,0.0,0.0,0.0,0.0,0.0
4792,0.0,63.29077192246914,0.0,0.0,0.0,0.0,0.0,0.0,0.0,0.0,0.0,0.0,0.0,206.75524746775625,0.0,0.0,6588.077037811279,0.0,167.1690798640251,0.0,0.0,639.8042287833982,0.0,0.0,0.0,0.0,0.0,0.0,0.0,2487.3929289683674,0.0,0.0,0.0,0.0,0.0,0.0,0.0
4793,0.0,57.37090555429457,0.0,0.0,0.0,0.0,0.0,0.0,0.0,0.0,0.0,0.0,0.0,207.53400229215623,0.0,0.0,6564.230642318726,0.0,195.9967542767523,0.0,0.0,621.2361064776769,0.0,0.0,0.0,0.0,0.0,0.0,0.0,2407.200308011471,0.0,0.0,0.0,0.0,0.0,0.0,0.0
4794,0.0,53.13693963736293,0.0,0.0,0.0,0.0,0.0,0.0,0.0,0.0,0.0,0.0,0.0,212.45038670301437,0.0,0.0,6572.429396510124,0.0,225.45768734216674,0.0,0.0,616.5372518565499,0.0,0.0,0.0,0.0,0.0,0.0,0.0,2322.903566676377,0.0,0.0,0.0,0.0,0.0,0.0,0.0
4795,0.0,58.648880141973464,0.0,0.0,0.0,0.0,0.0,0.0,0.0,0.0,0.0,0.0,0.0,229.56449856162072,0.0,0.0,6660.5527802705765,0.0,243.85224463939664,0.0,0.0,618.7167747057965,0.0,0.0,0.0,0.0,0.0,0.0,0.0,2552.1456028044217,0.0,0.0,0.0,0.0,0.0,0.0,0.0
4796,0.0,62.15873013138763,0.0,0.0,0.0,0.0,0.0,0.0,0.0,0.0,0.0,0.0,0.0,246.84839910268784,0.0,0.0,6739.980350643396,0.0,268.9857126355171,0.0,0.0,619.88829993233,0.0,0.0,0.0,0.0,0.0,0.0,0.0,2772.2314311668265,0.0,0.0,0.0,0.0,0.0,0.0,0.0
4797,0.0,70.4213137730956,0.0,0.0,0.0,0.0,0.0,0.0,0.0,0.0,0.0,0.0,0.0,262.3389375090599,0.0,0.0,6812.859029978514,0.0,285.5195613265036,0.0,0.0,615.3922180261463,0.0,0.0,0.0,0.0,0.0,0.0,0.0,2999.729591307042,0.0,0.0,0.0,0.0,0.0,0.0,0.0
4798,0.0,78.89670847803347,0.0,0.0,0.0,0.0,0.0,0.0,0.0,0.0,0.0,0.0,0.0,283.22897570729253,0.0,0.0,6886.040300905703,0.0,290.10161629319185,0.0,0.0,610.3885988149786,0.0,0.0,0.0,0.0,0.0,0.0,0.0,3210.783244970441,0.0,0.0,0.0,0.0,0.0,0.0,0.0
4799,0.0,84.52141268402336,0.0,0.0,0.0,0.0,0.0,0.0,0.0,0.0,0.0,0.0,0.0,315.35916367173195,0.0,0.0,6955.893842190504,0.0,275.4802597165107,0.0,0.0,607.6957105536013,0.0,0.0,0.0,0.0,0.0,0.0,0.0,3395.5983000487086,0.0,0.0,0.0,0.0,0.0,0.0,0.0
4800,0.0,108.00994368642563,0.0,0.0,0.0,0.0,0.0,0.0,0.0,0.0,0.0,0.0,0.0,359.1853349208831,0.0,0.0,7284.40874376893,0.0,271.17591493129726,0.0,0.0,908.8352557919917,0.0,0.0,0.0,0.0,0.0,0.0,0.0,3789.6054279536006,0.0,0.0,0.0,0.0,0.0,0.0,0.0
4801,0.0,120.46765685677528,0.0,0.0,0.0,0.0,0.0,0.0,0.0,0.0,0.0,0.0,0.0,413.1617264747619,0.0,0.0,7554.206096947191,0.0,253.58040058016766,0.0,0.0,1123.783113636821,0.0,0.0,0.0,0.0,0.0,0.0,0.0,4129.278117200731,0.0,0.0,0.0,0.0,0.0,0.0,0.0
4802,0.0,130.8176911085844,0.0,0.0,0.0,0.0,0.0,0.0,0.0,0.0,0.0,0.0,0.0,469.4974499106407,0.0,0.0,7783.785215973852,0.0,234.72973639667018,0.0,0.0,1290.7430184289803,0.0,0.0,0.0,0.0,0.0,0.0,0.0,4425.921095862983,0.0,0.0,0.0,0.0,0.0,0.0,0.0
4803,0.0,141.10507652163506,0.0,0.0,0.0,0.0,0.0,0.0,0.0,0.0,0.0,0.0,0.0,522.5077452063559,0.0,0.0,7976.521280586718,0.0,222.56971190869808,0.0,0.0,1447.58268007189,0.0,0.0,0.0,0.0,0.0,0.0,0.0,4697.613539448381,0.0,0.0,0.0,0.0,0.0,0.0,0.0
4804,0.0,151.57196362316603,0.0,0.0,0.0,0.0,0.0,0.0,0.0,0.0,0.0,0.0,0.0,568.8973130822181,0.0,0.0,8149.042048811911,0.0,219.4247752666472,0.0,0.0,1562.0435254991055,0.0,0.0,0.0,0.0,0.0,0.0,0.0,4844.439761343598,0.0,0.0,0.0,0.0,0.0,0.0,0.0
4805,0.0,161.48972649872297,0.0,0.0,0.0,0.0,0.0,0.0,0.0,0.0,0.0,0.0,0.0,603.6777199029922,0.0,0.0,8282.782865285873,0.0,227.44532037973397,0.0,0.0,1443.3429970353839,0.0,0.0,0.0,0.0,0.0,0.0,0.0,4973.254067644476,0.0,0.0,0.0,0.0,0.0,0.0,0.0
4806,0.0,158.5131351202726,0.0,0.0,0.0,0.0,0.0,0.0,0.0,0.0,0.0,0.0,0.0,636.488362801075,0.0,0.0,8176.749015182257,0.0,228.81318159699438,0.0,0.0,1332.729005084932,0.0,0.0,0.0,0.0,0.0,0.0,0.0,4633.495676249264,0.0,0.0,0.0,0.0,0.0,0.0,0.0
4807,0.0,156.92662973105905,0.0,0.0,0.0,0.0,0.0,0.0,0.0,0.0,0.0,0.0,0.0,670.8306906104087,0.0,0.0,8087.3250320851785,0.0,236.31838150620453,0.0,0.0,1226.0083400890228,0.0,0.0,0.0,0.0,0.0,0.0,0.0,4337.165492346882,0.0,0.0,0.0,0.0,0.0,0.0,0.0
4808,0.0,156.36458576023577,0.0,0.0,0.0,0.0,0.0,0.0,0.0,0.0,0.0,0.0,0.0,702.1025198936461,0.0,0.0,8020.596974134443,0.0,253.68269301652902,0.0,0.0,1133.8652091756453,0.0,0.0,0.0,0.0,0.0,0.0,0.0,4063.065071529148,0.0,0.0,0.0,0.0,0.0,0.0,0.0
4809,0.0,153.14026072919367,0.0,0.0,0.0,0.0,0.0,0.0,0.0,0.0,0.0,0.0,0.0,726.6396073341368,0.0,0.0,7969.641794621944,0.0,276.3562220692634,0.0,0.0,1035.2529550172383,0.0,0.0,0.0,0.0,0.0,0.0,0.0,3785.9578432798367,0.0,0.0,0.0,0.0,0.0,0.0,0.0
4810,0.0,136.9809705197811,0.0,0.0,0.0,0.0,0.0,0.0,0.0,0.0,0.0,0.0,0.0,724.7283077478409,0.0,0.0,7639.974866956472,0.0,284.4471358418463,0.0,0.0,907.2122414857141,0.0,0.0,0.0,0.0,0.0,0.0,0.0,3288.3451354324798,0.0,0.0,0.0,0.0,0.0,0.0,0.0
4811,0.0,123.70168923139569,0.0,0.0,0.0,0.0,0.0,0.0,0.0,0.0,0.0,0.0,0.0,720.5439380764961,0.0,0.0,7348.519267767668,0.0,294.6392091751098,0.0,0.0,789.0379835285245,0.0,0.0,0.0,0.0,0.0,0.0,0.0,2799.064882214367,0.0,0.0,0.0,0.0,0.0,0.0,0.0
4812,0.0,115.47408429086202,0.0,0.0,0.0,0.0,0.0,0.0,0.0,0.0,0.0,0.0,0.0,718.7731501698493,0.0,0.0,7055.325128197668,0.0,304.2374172627925,0.0,0.0,682.6140221692614,0.0,0.0,0.0,0.0,0.0,0.0,0.0,2313.5922271743398,0.0,0.0,0.0,0.0,0.0,0.0,0.0
4813,0.0,112.27186030000448,0.0,0.0,0.0,0.0,0.0,0.0,0.0,0.0,0.0,0.0,0.0,715.242065656185,0.0,0.0,6750.039770871401,0.0,318.9843940496444,0.0,0.0,588.4880859453227,0.0,0.0,0.0,0.0,0.0,0.0,0.0,2008.1089092120515,0.0,0.0,0.0,0.0,0.0,0.0,0.0
4814,0.0,109.95858770012852,0.0,0.0,0.0,0.0,0.0,0.0,0.0,0.0,0.0,0.0,0.0,712.9511065602303,0.0,0.0,6435.846241533755,0.0,341.36607397794717,0.0,0.0,506.078272418305,0.0,0.0,0.0,0.0,0.0,0.0,0.0,1921.2714788794497,0.0,0.0,0.0,0.0,0.0,0.0,0.0
4815,0.0,102.48392613083118,0.0,0.0,0.0,0.0,0.0,0.0,0.0,0.0,0.0,0.0,0.0,720.8841431260109,0.0,0.0,6480.807540550828,0.0,393.2054857015608,0.0,0.0,546.995482619851,0.0,0.0,0.0,0.0,0.0,0.0,0.0,2042.9421314448116,0.0,0.0,0.0,0.0,0.0,0.0,0.0
4816,0.0,90.11960405856365,0.0,0.0,0.0,0.0,0.0,0.0,0.0,0.0,0.0,0.0,0.0,730.2913417935371,0.0,0.0,6516.533573046325,0.0,441.79637894630434,0.0,0.0,574.730876866355,0.0,0.0,0.0,0.0,0.0,0.0,0.0,2098.8875535190086,0.0,0.0,0.0,0.0,0.0,0.0,0.0
4817,0.0,81.80627429634332,0.0,0.0,0.0,0.0,0.0,0.0,0.0,0.0,0.0,0.0,0.0,739.0442689418792,0.0,0.0,6536.420997053385,0.0,461.6845065951347,0.0,0.0,596.1771001372482,0.0,0.0,0.0,0.0,0.0,0.0,0.0,2128.102403284609,0.0,0.0,0.0,0.0,0.0,0.0,0.0
4818,0.0,82.62207692563531,0.0,0.0,0.0,0.0,0.0,0.0,0.0,0.0,0.0,0.0,0.0,751.2078996658325,0.0,0.0,6552.432681709528,0.0,473.97530889511097,0.0,0.0,607.3551447339352,0.0,0.0,0.0,0.0,0.0,0.0,0.0,2114.719850136339,0.0,0.0,0.0,0.0,0.0,0.0,0.0
4819,0.0,84.2484988555312,0.0,0.0,0.0,0.0,0.0,0.0,0.0,0.0,0.0,0.0,0.0,777.4163318395615,0.0,0.0,6633.63613024354,0.0,457.7554514467716,0.0,0.0,601.8359651092434,0.0,0.0,0.0,0.0,0.0,0.0,0.0,2365.713055285811,0.0,0.0,0.0,0.0,0.0,0.0,0.0
4820,0.0,89.79790100902314,0.0,0.0,0.0,0.0,0.0,0.0,0.0,0.0,0.0,0.0,0.0,803.4284780740738,0.0,0.0,6742.960372209547,0.0,431.84440087080003,0.0,0.0,571.4281566660843,0.0,0.0,0.0,0.0,0.0,0.0,0.0,2623.6526545852416,0.0,0.0,0.0,0.0,0.0,0.0,0.0
4821,0.0,97.15846622139208,0.0,0.0,0.0,0.0,0.0,0.0,0.0,0.0,0.0,0.0,0.0,825.6237639665603,0.0,0.0,6867.859913527964,0.0,401.20101348161694,0.0,0.0,544.1234746757895,0.0,0.0,0.0,0.0,0.0,0.0,0.0,2888.668466900288,0.0,0.0,0.0,0.0,0.0,0.0,0.0
4822,0.0,104.88234840631479,0.0,0.0,0.0,0.0,0.0,0.0,0.0,0.0,0.0,0.0,0.0,838.1257166862488,0.0,0.0,6997.390895307064,0.0,362.51532419919965,0.0,0.0,532.1846350271254,0.0,0.0,0.0,0.0,0.0,0.0,0.0,3120.262611138819,0.0,0.0,0.0,0.0,0.0,0.0,0.0
4823,0.0,110.60925326496356,0.0,0.0,0.0,0.0,0.0,0.0,0.0,0.0,0.0,0.0,0.0,834.1674479722976,0.0,0.0,7139.727179884909,0.0,316.2237432062625,0.0,0.0,545.4056582484385,0.0,0.0,0.0,0.0,0.0,0.0,0.0,3277.238570976256,0.0,0.0,0.0,0.0,0.0,0.0,0.0
4824,0.0,137.01453941166397,0.0,0.0,0.0,0.0,0.0,0.0,0.0,0.0,0.0,0.0,0.0,812.6773208856582,0.0,0.0,7431.686061233282,0.0,290.8507727801799,0.0,0.0,637.0396623730659,0.0,0.0,0.0,0.0,0.0,0.0,0.0,3749.838908019662,0.0,0.0,0.0,0.0,0.0,0.0,0.0
4825,0.0,166.42274039089676,0.0,0.0,0.0,0.0,0.0,0.0,0.0,0.0,0.0,0.0,0.0,778.4781051635742,0.0,0.0,7662.66923636198,0.0,260.08389936089515,0.0,0.0,831.7303821846841,0.0,0.0,0.0,0.0,0.0,0.0,0.0,4168.494624614715,0.0,0.0,0.0,0.0,0.0,0.0,0.0
4826,0.0,196.78826500475407,0.0,0.0,0.0,0.0,0.0,0.0,0.0,0.0,0.0,0.0,0.0,740.1945457935332,0.0,0.0,7837.683857142923,0.0,228.04343916475756,0.0,0.0,1069.0574145823716,0.0,0.0,0.0,0.0,0.0,0.0,0.0,4547.615614849329,0.0,0.0,0.0,0.0,0.0,0.0,0.0
4827,0.0,226.2678402096033,0.0,0.0,0.0,0.0,0.0,0.0,0.0,0.0,0.0,0.0,0.0,706.6533676981926,0.0,0.0,7977.043231636286,0.0,196.76777128875247,0.0,0.0,1259.6627826623615,0.0,0.0,0.0,0.0,0.0,0.0,0.0,4909.192254373429,0.0,0.0,0.0,0.0,0.0,0.0,0.0
4828,0.0,257.0886981546879,0.0,0.0,0.0,0.0,0.0,0.0,0.0,0.0,0.0,0.0,0.0,674.6584009289742,0.0,0.0,8090.168148458002,0.0,167.97425857782363,0.0,0.0,1425.8644280076028,0.0,0.0,0.0,0.0,0.0,0.0,0.0,5261.81573151648,0.0,0.0,0.0,0.0,0.0,0.0,0.0
4829,0.0,286.7061961948871,0.0,0.0,0.0,0.0,0.0,0.0,0.0,0.0,0.0,0.0,0.0,643.2749334573745,0.0,0.0,8183.135331302879,0.0,137.89402795433992,0.0,0.0,1424.135069668292,0.0,0.0,0.0,0.0,0.0,0.0,0.0,5598.410375681518,0.0,0.0,0.0,0.0,0.0,0.0,0.0
4830,0.0,273.4353877902031,0.0,0.0,0.0,0.0,0.0,0.0,0.0,0.0,0.0,0.0,0.0,604.3759741783141,0.0,0.0,8020.300605505703,0.0,104.25478529334056,0.0,0.0,1334.5089241459962,0.0,0.0,0.0,0.0,0.0,0.0,0.0,5200.692742538452,0.0,0.0,0.0,0.0,0.0,0.0,0.0
4831,0.0,254.464068120718,0.0,0.0,0.0,0.0,0.0,0.0,0.0,0.0,0.0,0.0,0.0,556.6182780623435,0.0,0.0,7854.298391371964,0.0,68.00546263903371,0.0,0.0,1233.3950496062637,0.0,0.0,0.0,0.0,0.0,0.0,0.0,4886.838819834588,0.0,0.0,0.0,0.0,0.0,0.0,0.0
4832,0.0,239.19455695152277,0.0,0.0,0.0,0.0,0.0,0.0,0.0,0.0,0.0,0.0,0.0,508.93886318206785,0.0,0.0,7682.946762382982,0.0,39.859962582588,0.0,0.0,1137.389170378446,0.0,0.0,0.0,0.0,0.0,0.0,0.0,4564.485558360815,0.0,0.0,0.0,0.0,0.0,0.0,0.0
4833,0.0,226.9130418866872,0.0,0.0,0.0,0.0,0.0,0.0,0.0,0.0,0.0,0.0,0.0,466.3899628281593,0.0,0.0,7515.269793242214,0.0,27.06491207405909,0.0,0.0,1047.0495737135407,0.0,0.0,0.0,0.0,0.0,0.0,0.0,4340.439892983436,0.0,0.0,0.0,0.0,0.0,0.0,0.0
4834,0.0,196.26001437306397,0.0,0.0,0.0,0.0,0.0,0.0,0.0,0.0,0.0,0.0,0.0,412.8050671219825,0.0,0.0,7038.5596871078,0.0,18.10461448468249,0.0,0.0,873.2879651203747,0.0,0.0,0.0,0.0,0.0,0.0,0.0,3778.7259561091655,0.0,0.0,0.0,0.0,0.0,0.0,0.0
4835,0.0,169.62243233621118,0.0,0.0,0.0,0.0,0.0,0.0,0.0,0.0,0.0,0.0,0.0,370.27528873085964,0.0,0.0,6568.122328013182,0.0,17.232090533152032,0.0,0.0,706.5956991188226,0.0,0.0,0.0,0.0,0.0,0.0,0.0,3280.4815113306026,0.0,0.0,0.0,0.0,0.0,0.0,0.0
4836,0.0,154.97224127054207,0.0,0.0,0.0,0.0,0.0,0.0,0.0,0.0,0.0,0.0,0.0,342.2171821475029,0.0,0.0,6097.62740650773,0.0,16.905783293023656,0.0,0.0,557.0599803026762,0.0,0.0,0.0,0.0,0.0,0.0,0.0,2858.0505608707654,0.0,0.0,0.0,0.0,0.0,0.0,0.0
4837,0.0,150.5261516600847,0.0,0.0,0.0,0.0,0.0,0.0,0.0,0.0,0.0,0.0,0.0,319.5233801841735,0.0,0.0,5638.585460081696,0.0,17.67360088750714,0.0,0.0,446.5129358947269,0.0,0.0,0.0,0.0,0.0,0.0,0.0,2501.217372517286,0.0,0.0,0.0,0.0,0.0,0.0,0.0
4838,0.0,147.84953403174873,0.0,0.0,0.0,0.0,0.0,0.0,0.0,0.0,0.0,0.0,0.0,294.88375598192215,0.0,0.0,5170.769524291156,0.0,20.1079852476716,0.0,0.0,383.3308425921946,0.0,0.0,0.0,0.0,0.0,0.0,0.0,2194.5542939722527,0.0,0.0,0.0,0.0,0.0,0.0,0.0
4839,0.0,150.68785187602043,0.0,0.0,0.0,0.0,0.0,0.0,0.0,0.0,0.0,0.0,0.0,284.8321494102478,0.0,0.0,5109.254364937543,0.0,31.330652654170922,0.0,0.0,455.9370608434075,0.0,0.0,0.0,0.0,0.0,0.0,0.0,2057.7337074622496,0.0,0.0,0.0,0.0,0.0,0.0,0.0
4840,0.0,150.4535710304975,0.0,0.0,0.0,0.0,0.0,0.0,0.0,0.0,0.0,0.0,0.0,273.05676402449603,0.0,0.0,5046.100621551274,0.0,39.46176756173364,0.0,0.0,523.7991241861132,0.0,0.0,0.0,0.0,0.0,0.0,0.0,1955.8155919671044,0.0,0.0,0.0,0.0,0.0,0.0,0.0
4841,0.0,154.52047103941442,0.0,0.0,0.0,0.0,0.0,0.0,0.0,0.0,0.0,0.0,0.0,247.99517885446537,0.0,0.0,4983.060447245835,0.0,34.77593808919185,0.0,0.0,531.8767671592532,0.0,0.0,0.0,0.0,0.0,0.0,0.0,1938.2217003524304,0.0,0.0,0.0,0.0,0.0,0.0,0.0
4842,0.0,164.29228709042073,0.0,0.0,0.0,0.0,0.0,0.0,0.0,0.0,0.0,0.0,0.0,218.8143462896346,0.0,0.0,4921.368711307643,0.0,26.345454407110743,0.0,0.0,535.6250347975632,0.0,0.0,0.0,0.0,0.0,0.0,0.0,2005.3563153251985,0.0,0.0,0.0,0.0,0.0,0.0,0.0
4843,0.0,175.63406957387917,0.0,0.0,0.0,0.0,0.0,0.0,0.0,0.0,0.0,0.0,0.0,195.83288544416425,0.0,0.0,4992.175532788037,0.0,14.854237861186235,0.0,0.0,433.54373231604626,0.0,0.0,0.0,0.0,0.0,0.0,0.0,2210.82034471035,0.0,0.0,0.0,0.0,0.0,0.0,0.0
4844,0.0,190.80775579512115,0.0,0.0,0.0,0.0,0.0,0.0,0.0,0.0,0.0,0.0,0.0,172.688361108303,0.0,0.0,5068.337603151796,0.0,14.382530340924763,0.0,0.0,359.17806906849114,0.0,0.0,0.0,0.0,0.0,0.0,0.0,2488.766513818502,0.0,0.0,0.0,0.0,0.0,0.0,0.0
4845,0.0,208.27536305487152,0.0,0.0,0.0,0.0,0.0,0.0,0.0,0.0,0.0,0.0,0.0,154.66980058550823,0.0,0.0,5181.1070331931105,0.0,14.251190268806923,0.0,0.0,315.67567705325735,0.0,0.0,0.0,0.0,0.0,0.0,0.0,2774.095000872015,0.0,0.0,0.0,0.0,0.0,0.0,0.0
4846,0.0,226.1213883787393,0.0,0.0,0.0,0.0,0.0,0.0,0.0,0.0,0.0,0.0,0.0,142.36216108202925,0.0,0.0,5326.2969353944045,0.0,14.457861154340108,0.0,0.0,311.118437866866,0.0,0.0,0.0,0.0,0.0,0.0,0.0,3006.8605886071905,0.0,0.0,0.0,0.0,0.0,0.0,0.0
4847,0.0,238.70674890875816,0.0,0.0,0.0,0.0,0.0,0.0,0.0,0.0,0.0,0.0,0.0,138.4295601844787,0.0,0.0,5493.80121730268,0.0,17.201591395586725,0.0,0.0,487.1915721517054,0.0,0.0,0.0,0.0,0.0,0.0,0.0,3152.4681765824544,0.0,0.0,0.0,0.0,0.0,0.0,0.0
4848,0.0,263.0115805327892,0.0,0.0,0.0,0.0,0.0,0.0,0.0,0.0,0.0,0.0,0.0,141.74821829795832,0.0,0.0,5758.478627398609,0.0,45.72378534972666,0.0,0.0,1245.805436106026,0.0,0.0,0.0,0.0,0.0,0.0,0.0,3620.6680518537746,0.0,0.0,0.0,0.0,0.0,0.0,0.0
4849,0.0,280.53998494148254,0.0,0.0,0.0,0.0,0.0,0.0,0.0,0.0,0.0,0.0,0.0,150.25179774165142,0.0,0.0,6031.171603202818,0.0,88.70103656798585,0.0,0.0,2370.8745934903623,0.0,0.0,0.0,0.0,0.0,0.0,0.0,4048.9046900242565,0.0,0.0,0.0,0.0,0.0,0.0,0.0
4850,0.0,287.864933180809,0.0,0.0,0.0,0.0,0.0,0.0,0.0,0.0,0.0,0.0,0.0,159.5202556967734,0.0,0.0,6296.686390802263,0.0,136.3710237026214,0.0,0.0,3264.5332311987872,0.0,0.0,0.0,0.0,0.0,0.0,0.0,4443.349368980526,0.0,0.0,0.0,0.0,0.0,0.0,0.0
4851,0.0,288.56234689950935,0.0,0.0,0.0,0.0,0.0,0.0,0.0,0.0,0.0,0.0,0.0,165.80916213989255,0.0,0.0,6541.8489768207055,0.0,178.5931234627961,0.0,0.0,3770.8725195586676,0.0,0.0,0.0,0.0,0.0,0.0,0.0,4820.113007724284,0.0,0.0,0.0,0.0,0.0,0.0,0.0
4852,0.0,281.75573152899744,0.0,0.0,0.0,0.0,0.0,0.0,0.0,0.0,0.0,0.0,0.0,164.68392542004582,0.0,0.0,6758.535671561956,0.0,212.8538275033235,0.0,0.0,3977.6371094495053,0.0,0.0,0.0,0.0,0.0,0.0,0.0,5171.262190952897,0.0,0.0,0.0,0.0,0.0,0.0,0.0
4853,0.0,281.4211087346076,0.0,0.0,0.0,0.0,0.0,0.0,0.0,0.0,0.0,0.0,0.0,150.21658015251154,0.0,0.0,6945.849201500416,0.0,254.61106134653085,0.0,0.0,3950.5383791416884,0.0,0.0,0.0,0.0,0.0,0.0,0.0,5482.016733440756,0.0,0.0,0.0,0.0,0.0,0.0,0.0
4854,0.0,260.8375844657421,0.0,0.0,0.0,0.0,0.0,0.0,0.0,0.0,0.0,0.0,0.0,134.83772476911545,0.0,0.0,6843.210755765436,0.0,278.01554707288744,0.0,0.0,3857.0752198040486,0.0,0.0,0.0,0.0,0.0,0.0,0.0,5155.401146146654,0.0,0.0,0.0,0.0,0.0,0.0,0.0
4855,0.0,244.4534121394157,0.0,0.0,0.0,0.0,0.0,0.0,0.0,0.0,0.0,0.0,0.0,117.15990731120108,0.0,0.0,6706.35845762491,0.0,286.6440074503422,0.0,0.0,3786.10885681808,0.0,0.0,0.0,0.0,0.0,0.0,0.0,4809.383605042098,0.0,0.0,0.0,0.0,0.0,0.0,0.0
4856,0.0,229.81183423697945,0.0,0.0,0.0,0.0,0.0,0.0,0.0,0.0,0.0,0.0,0.0,105.28122297525395,0.0,0.0,6578.962730139492,0.0,284.69885052442544,0.0,0.0,3723.9603442579505,0.0,0.0,0.0,0.0,0.0,0.0,0.0,4455.687585404515,0.0,0.0,0.0,0.0,0.0,0.0,0.0
4857,0.0,215.67903616726394,0.0,0.0,0.0,0.0,0.0,0.0,0.0,0.0,0.0,0.0,0.0,91.56517693549381,0.0,0.0,6471.872920945286,0.0,280.6049596071242,0.0,0.0,3663.968079963326,0.0,0.0,0.0,0.0,0.0,0.0,0.0,4097.316640153526,0.0,0.0,0.0,0.0,0.0,0.0,0.0
4858,0.0,189.67896848917,0.0,0.0,0.0,0.0,0.0,0.0,0.0,0.0,0.0,0.0,0.0,65.55839404165738,0.0,0.0,6042.299039512872,0.0,276.5214431762695,0.0,0.0,3553.9025356024504,0.0,0.0,0.0,0.0,0.0,0.0,0.0,3516.2680093824847,0.0,0.0,0.0,0.0,0.0,0.0,0.0
4859,0.0,166.5570860981941,0.0,0.0,0.0,0.0,0.0,0.0,0.0,0.0,0.0,0.0,0.0,51.381139934062894,0.0,0.0,5678.241682857274,0.0,276.1902599275111,0.0,0.0,3432.242842501402,0.0,0.0,0.0,0.0,0.0,0.0,0.0,3025.657564806937,0.0,0.0,0.0,0.0,0.0,0.0,0.0
4860,0.0,152.6606169551611,0.0,0.0,0.0,0.0,0.0,0.0,0.0,0.0,0.0,0.0,0.0,46.85805316194886,0.0,0.0,5349.491864413021,0.0,269.75849331021305,0.0,0.0,3294.0337471693756,0.0,0.0,0.0,0.0,0.0,0.0,0.0,2617.6974401310076,0.0,0.0,0.0,0.0,0.0,0.0,0.0
4861,0.0,143.27249347865578,0.0,0.0,0.0,0.0,0.0,0.0,0.0,0.0,0.0,0.0,0.0,41.514627461135284,0.0,0.0,5039.219968780873,0.0,267.06995996832836,0.0,0.0,3140.970396199822,0.0,0.0,0.0,0.0,0.0,0.0,0.0,2295.823315139113,0.0,0.0,0.0,0.0,0.0,0.0,0.0
4862,0.0,134.61009213030331,0.0,0.0,0.0,0.0,0.0,0.0,0.0,0.0,0.0,0.0,0.0,41.856808035820706,0.0,0.0,4727.929451838136,0.0,267.1204985380171,0.0,0.0,2965.853185021877,0.0,0.0,0.0,0.0,0.0,0.0,0.0,2080.8373070061184,0.0,0.0,0.0,0.0,0.0,0.0,0.0
4863,0.0,126.0871005803346,0.0,0.0,0.0,0.0,0.0,0.0,0.0,0.0,0.0,0.0,0.0,50.13726522177455,0.0,0.0,4655.291523396969,0.0,285.29280469417563,0.0,0.0,3121.772157114744,0.0,0.0,0.0,0.0,0.0,0.0,0.0,2000.362266734241,0.0,0.0,0.0,0.0,0.0,0.0,0.0
4864,0.0,117.41432556062934,0.0,0.0,0.0,0.0,0.0,0.0,0.0,0.0,0.0,0.0,0.0,56.096844613552044,0.0,0.0,4579.792198628185,0.0,287.6428037226198,0.0,0.0,3282.492883980274,0.0,0.0,0.0,0.0,0.0,0.0,0.0,1891.17537959963,0.0,0.0,0.0,0.0,0.0,0.0,0.0
4865,0.0,108.25952201485633,0.0,0.0,0.0,0.0,0.0,0.0,0.0,0.0,0.0,0.0,0.0,37.62975020781158,0.0,0.0,4565.779640942811,0.0,273.91566859483703,0.0,0.0,3376.5470285207034,0.0,0.0,0.0,0.0,0.0,0.0,0.0,1885.3170772790909,0.0,0.0,0.0,0.0,0.0,0.0,0.0
4866,0.0,99.22610234767193,0.0,0.0,0.0,0.0,0.0,0.0,0.0,0.0,0.0,0.0,0.0,26.36053360104553,0.0,0.0,4479.338790893555,0.0,246.81992577016342,0.0,0.0,3414.925946679711,0.0,0.0,0.0,0.0,0.0,0.0,0.0,1994.4927544280883,0.0,0.0,0.0,0.0,0.0,0.0,0.0
4867,0.0,96.07811042368411,0.0,0.0,0.0,0.0,0.0,0.0,0.0,0.0,0.0,0.0,0.0,24.874041980504966,0.0,0.0,4496.121345132588,0.0,195.05165338218205,0.0,0.0,3298.984459277987,0.0,0.0,0.0,0.0,0.0,0.0,0.0,2243.394212423265,0.0,0.0,0.0,0.0,0.0,0.0,0.0
4868,0.0,94.98071767687797,0.0,0.0,0.0,0.0,0.0,0.0,0.0,0.0,0.0,0.0,0.0,24.10170971453178,0.0,0.0,4520.733942985535,0.0,138.96790586709972,0.0,0.0,3156.7429193168873,0.0,0.0,0.0,0.0,0.0,0.0,0.0,2567.522086942196,0.0,0.0,0.0,0.0,0.0,0.0,0.0
4869,0.0,98.03162213712926,0.0,0.0,0.0,0.0,0.0,0.0,0.0,0.0,0.0,0.0,0.0,23.539903981983567,0.0,0.0,4544.249743551016,0.0,91.06462617367507,0.0,0.0,3014.728448465466,0.0,0.0,0.0,0.0,0.0,0.0,0.0,2888.8736819595088,0.0,0.0,0.0,0.0,0.0,0.0,0.0
4870,0.0,101.19543057829137,0.0,0.0,0.0,0.0,0.0,0.0,0.0,0.0,0.0,0.0,0.0,23.77658030390738,0.0,0.0,4555.794118404388,0.0,56.182001312077034,0.0,0.0,2882.970537918806,0.0,0.0,0.0,0.0,0.0,0.0,0.0,3200.654480549693,0.0,0.0,0.0,0.0,0.0,0.0,0.0
4871,0.0,112.79072623103855,0.0,0.0,0.0,0.0,0.0,0.0,0.0,0.0,0.0,0.0,0.0,29.436765353381492,0.0,0.0,4555.2737230956545,0.0,42.05868677794927,0.0,0.0,2765.492852300405,0.0,0.0,0.0,0.0,0.0,0.0,0.0,3472.819551593065,0.0,0.0,0.0,0.0,0.0,0.0,0.0
4872,0.0,139.87789715230466,0.0,0.0,0.0,0.0,0.0,0.0,0.0,0.0,0.0,0.0,0.0,48.520517839491326,0.0,0.0,4706.643416821957,0.0,65.38938767462963,0.0,0.0,1845.8036173760881,0.0,0.0,0.0,0.0,0.0,0.0,0.0,4277.648424211144,0.0,0.0,0.0,0.0,0.0,0.0,0.0
4873,0.0,160.9006085783243,0.0,0.0,0.0,0.0,0.0,0.0,0.0,0.0,0.0,0.0,0.0,77.26767078936086,0.0,0.0,4849.552602961659,0.0,103.26203586459157,0.0,0.0,1785.3938486784693,0.0,0.0,0.0,0.0,0.0,0.0,0.0,5081.623168247938,0.0,0.0,0.0,0.0,0.0,0.0,0.0
4874,0.0,181.61981121003623,0.0,0.0,0.0,0.0,0.0,0.0,0.0,0.0,0.0,0.0,0.0,108.07930638790121,0.0,0.0,5007.322614476084,0.0,148.51813936531522,0.0,0.0,1830.3355182453988,0.0,0.0,0.0,0.0,0.0,0.0,0.0,5889.8295010477295,0.0,0.0,0.0,0.0,0.0,0.0,0.0
4875,0.0,202.75177233517164,0.0,0.0,0.0,0.0,0.0,0.0,0.0,0.0,0.0,0.0,0.0,131.78841059803952,0.0,0.0,5182.091817140577,0.0,194.5215467661618,0.0,0.0,1917.0164260357615,0.0,0.0,0.0,0.0,0.0,0.0,0.0,6756.2800261974335,0.0,0.0,0.0,0.0,0.0,0.0,0.0
4876,0.0,229.62010017335416,0.0,0.0,0.0,0.0,0.0,0.0,0.0,0.0,0.0,0.0,0.0,154.52529862523076,0.0,0.0,5367.789710223675,0.0,233.70799768865098,0.0,0.0,2045.902517862617,0.0,0.0,0.0,0.0,0.0,0.0,0.0,7540.03593392372,0.0,0.0,0.0,0.0,0.0,0.0,0.0
4877,0.0,265.88035306334496,0.0,0.0,0.0,0.0,0.0,0.0,0.0,0.0,0.0,0.0,0.0,171.8209682524204,0.0,0.0,5567.134172961116,0.0,271.20502277612684,0.0,0.0,2079.5365999057885,0.0,0.0,0.0,0.0,0.0,0.0,0.0,7923.291600787638,0.0,0.0,0.0,0.0,0.0,0.0,0.0
4878,0.0,261.4053518414497,0.0,0.0,0.0,0.0,0.0,0.0,0.0,0.0,0.0,0.0,0.0,183.10389024019236,0.0,0.0,5512.634237959981,0.0,282.06260459423066,0.0,0.0,1972.3625535875549,0.0,0.0,0.0,0.0,0.0,0.0,0.0,7602.837889456748,0.0,0.0,0.0,0.0,0.0,0.0,0.0
4879,0.0,254.94727499485015,0.0,0.0,0.0,0.0,0.0,0.0,0.0,0.0,0.0,0.0,0.0,187.33959554433812,0.0,0.0,5457.501505374908,0.0,278.52860988974567,0.0,0.0,1852.7086376219986,0.0,0.0,0.0,0.0,0.0,0.0,0.0,7310.061270993947,0.0,0.0,0.0,0.0,0.0,0.0,0.0
4880,0.0,247.847924298048,0.0,0.0,0.0,0.0,0.0,0.0,0.0,0.0,0.0,0.0,0.0,184.07088319063178,0.0,0.0,5432.748501911758,0.0,273.6633018016814,0.0,0.0,1708.6727975562212,0.0,0.0,0.0,0.0,0.0,0.0,0.0,6975.280474823713,0.0,0.0,0.0,0.0,0.0,0.0,0.0
4881,0.0,242.02486483454697,0.0,0.0,0.0,0.0,0.0,0.0,0.0,0.0,0.0,0.0,0.0,181.55989822745312,0.0,0.0,5400.893152609466,0.0,270.6057627975939,0.0,0.0,1602.0959429964423,0.0,0.0,0.0,0.0,0.0,0.0,0.0,6646.72158228159,0.0,0.0,0.0,0.0,0.0,0.0,0.0
4882,0.0,233.23945236504076,0.0,0.0,0.0,0.0,0.0,0.0,0.0,0.0,0.0,0.0,0.0,163.57464982271182,0.0,0.0,4891.472428649664,0.0,253.71363862752915,0.0,0.0,1442.1520952448247,0.0,0.0,0.0,0.0,0.0,0.0,0.0,5891.565240755676,0.0,0.0,0.0,0.0,0.0,0.0,0.0
4883,0.0,234.18841533958906,0.0,0.0,0.0,0.0,0.0,0.0,0.0,0.0,0.0,0.0,0.0,147.84191483259193,0.0,0.0,4441.930613622068,0.0,261.15427958965296,0.0,0.0,1317.6980896800746,0.0,0.0,0.0,0.0,0.0,0.0,0.0,5179.552879345416,0.0,0.0,0.0,0.0,0.0,0.0,0.0
4884,0.0,237.17632727622987,0.0,0.0,0.0,0.0,0.0,0.0,0.0,0.0,0.0,0.0,0.0,134.59104472398758,0.0,0.0,4028.148279517888,0.0,280.46555615067484,0.0,0.0,1201.5412650726735,0.0,0.0,0.0,0.0,0.0,0.0,0.0,4526.350995364785,0.0,0.0,0.0,0.0,0.0,0.0,0.0
4885,0.0,236.89416902661318,0.0,0.0,0.0,0.0,0.0,0.0,0.0,0.0,0.0,0.0,0.0,122.59505062103263,0.0,0.0,3647.2838657051325,0.0,294.8047266960143,0.0,0.0,1115.6395827770232,0.0,0.0,0.0,0.0,0.0,0.0,0.0,3917.671196505426,0.0,0.0,0.0,0.0,0.0,0.0,0.0
4886,0.0,234.10997102558608,0.0,0.0,0.0,0.0,0.0,0.0,0.0,0.0,0.0,0.0,0.0,110.81982215642925,0.0,0.0,3285.46910946071,0.0,305.88076555728907,0.0,0.0,1047.9648892946536,0.0,0.0,0.0,0.0,0.0,0.0,0.0,3389.127607062459,0.0,0.0,0.0,0.0,0.0,0.0,0.0
4887,0.0,231.64823358356952,0.0,0.0,0.0,0.0,0.0,0.0,0.0,0.0,0.0,0.0,0.0,105.8603628903627,0.0,0.0,3179.5632190406322,0.0,323.998798328638,0.0,0.0,1166.2665330223736,0.0,0.0,0.0,0.0,0.0,0.0,0.0,3089.906693321466,0.0,0.0,0.0,0.0,0.0,0.0,0.0
4888,0.0,228.73583411872383,0.0,0.0,0.0,0.0,0.0,0.0,0.0,0.0,0.0,0.0,0.0,103.86057098507871,0.0,0.0,3077.435834169388,0.0,328.88381794095034,0.0,0.0,1268.7039934024206,0.0,0.0,0.0,0.0,0.0,0.0,0.0,2862.1747507393343,0.0,0.0,0.0,0.0,0.0,0.0,0.0
4889,0.0,213.8292962372303,0.0,0.0,0.0,0.0,0.0,0.0,0.0,0.0,0.0,0.0,0.0,107.23921781182288,0.0,0.0,3000.068064659833,0.0,325.0382625877857,0.0,0.0,1336.020901657641,0.0,0.0,0.0,0.0,0.0,0.0,0.0,2696.772678650914,0.0,0.0,0.0,0.0,0.0,0.0,0.0
4890,0.0,183.27167283296578,0.0,0.0,0.0,0.0,0.0,0.0,0.0,0.0,0.0,0.0,0.0,114.97093575298776,0.0,0.0,2926.3535635620333,0.0,318.59772211909296,0.0,0.0,1375.6739802807567,0.0,0.0,0.0,0.0,0.0,0.0,0.0,2596.0836838364585,0.0,0.0,0.0,0.0,0.0,0.0,0.0
4891,0.0,175.82905812263482,0.0,0.0,0.0,0.0,0.0,0.0,0.0,0.0,0.0,0.0,0.0,135.78680629134175,0.0,0.0,2992.6137324571596,0.0,295.09539016485206,0.0,0.0,1302.3591171830883,0.0,0.0,0.0,0.0,0.0,0.0,0.0,2751.014906136691,0.0,0.0,0.0,0.0,0.0,0.0,0.0
4892,0.0,178.95276064574713,0.0,0.0,0.0,0.0,0.0,0.0,0.0,0.0,0.0,0.0,0.0,159.2044406771659,0.0,0.0,3048.401431933043,0.0,277.2020984113215,0.0,0.0,1238.0514801487323,0.0,0.0,0.0,0.0,0.0,0.0,0.0,2923.42719697058,0.0,0.0,0.0,0.0,0.0,0.0,0.0
4893,0.0,184.25642111599444,0.0,0.0,0.0,0.0,0.0,0.0,0.0,0.0,0.0,0.0,0.0,181.35814246535293,0.0,0.0,3074.7047311365604,0.0,261.9673429131507,0.0,0.0,1179.538949552178,0.0,0.0,0.0,0.0,0.0,0.0,0.0,3085.600612396002,0.0,0.0,0.0,0.0,0.0,0.0,0.0
4894,0.0,193.84054315388204,0.0,0.0,0.0,0.0,0.0,0.0,0.0,0.0,0.0,0.0,0.0,204.63652054071426,0.0,0.0,3095.1763358265143,0.0,250.63887797594072,0.0,0.0,1137.2727596148848,0.0,0.0,0.0,0.0,0.0,0.0,0.0,3237.2807580620033,0.0,0.0,0.0,0.0,0.0,0.0,0.0
4895,0.0,207.4932064712047,0.0,0.0,0.0,0.0,0.0,0.0,0.0,0.0,0.0,0.0,0.0,228.93524475693704,0.0,0.0,3110.681237906217,0.0,244.31444283127766,0.0,0.0,1112.6412108734244,0.0,0.0,0.0,0.0,0.0,0.0,0.0,3366.3214337497943,0.0,0.0,0.0,0.0,0.0,0.0,0.0
4896,0.0,239.4578055202961,0.0,0.0,0.0,0.0,0.0,0.0,0.0,0.0,0.0,0.0,0.0,253.32572301030157,0.0,0.0,3456.9930367469788,0.0,270.0928778290748,0.0,0.0,1301.4025507137176,0.0,0.0,0.0,0.0,0.0,0.0,0.0,3878.0637860447164,0.0,0.0,0.0,0.0,0.0,0.0,0.0
4897,0.0,270.51381404399865,0.0,0.0,0.0,0.0,0.0,0.0,0.0,0.0,0.0,0.0,0.0,278.000542384386,0.0,0.0,3807.1307912319876,0.0,298.4464974939821,0.0,0.0,1541.2415729820723,0.0,0.0,0.0,0.0,0.0,0.0,0.0,4396.632296353577,0.0,0.0,0.0,0.0,0.0,0.0,0.0
4898,0.0,296.83712784647935,0.0,0.0,0.0,0.0,0.0,0.0,0.0,0.0,0.0,0.0,0.0,301.9746191620826,0.0,0.0,4174.160779684781,0.0,326.5592512249946,0.0,0.0,1820.8473598077892,0.0,0.0,0.0,0.0,0.0,0.0,0.0,4917.361079373955,0.0,0.0,0.0,0.0,0.0,0.0,0.0
4899,0.0,316.062802362442,0.0,0.0,0.0,0.0,0.0,0.0,0.0,0.0,0.0,0.0,0.0,324.9279687047004,0.0,0.0,4560.335325896738,0.0,352.9365905046462,0.0,0.0,2038.6166270300746,0.0,0.0,0.0,0.0,0.0,0.0,0.0,5441.229019978642,0.0,0.0,0.0,0.0,0.0,0.0,0.0
4900,0.0,335.0023627460003,0.0,0.0,0.0,0.0,0.0,0.0,0.0,0.0,0.0,0.0,0.0,347.2352962970734,0.0,0.0,4961.254405856131,0.0,372.6684783875942,0.0,0.0,2251.144836442172,0.0,0.0,0.0,0.0,0.0,0.0,0.0,5995.320166635512,0.0,0.0,0.0,0.0,0.0,0.0,0.0
4901,0.0,348.8567901134491,0.0,0.0,0.0,0.0,0.0,0.0,0.0,0.0,0.0,0.0,0.0,360.9333244264125,0.0,0.0,5376.03046941757,0.0,381.3947257101536,0.0,0.0,2194.6983319848773,0.0,0.0,0.0,0.0,0.0,0.0,0.0,6498.235559290647,0.0,0.0,0.0,0.0,0.0,0.0,0.0
4902,0.0,335.5947912633419,0.0,0.0,0.0,0.0,0.0,0.0,0.0,0.0,0.0,0.0,0.0,368.5452554881572,0.0,0.0,5355.947022065519,0.0,369.03385116457935,0.0,0.0,2138.522039768099,0.0,0.0,0.0,0.0,0.0,0.0,0.0,6068.1170899868,0.0,0.0,0.0,0.0,0.0,0.0,0.0
4903,0.0,320.63782289028165,0.0,0.0,0.0,0.0,0.0,0.0,0.0,0.0,0.0,0.0,0.0,367.8393793284893,0.0,0.0,5337.4694881886235,0.0,350.45714752674104,0.0,0.0,2021.3168370813123,0.0,0.0,0.0,0.0,0.0,0.0,0.0,5579.371842372416,0.0,0.0,0.0,0.0,0.0,0.0,0.0
4904,0.0,304.1040003597736,0.0,0.0,0.0,0.0,0.0,0.0,0.0,0.0,0.0,0.0,0.0,367.44402770400046,0.0,0.0,5321.00158253312,0.0,327.0801986515522,0.0,0.0,1885.773684476316,0.0,0.0,0.0,0.0,0.0,0.0,0.0,5126.619688889384,0.0,0.0,0.0,0.0,0.0,0.0,0.0
4905,0.0,283.8207304000854,0.0,0.0,0.0,0.0,0.0,0.0,0.0,0.0,0.0,0.0,0.0,366.7906528770923,0.0,0.0,5297.1754116714,0.0,304.7369636058807,0.0,0.0,1769.089226947725,0.0,0.0,0.0,0.0,0.0,0.0,0.0,4740.836351075767,0.0,0.0,0.0,0.0,0.0,0.0,0.0
4906,0.0,252.90068079829211,0.0,0.0,0.0,0.0,0.0,0.0,0.0,0.0,0.0,0.0,0.0,346.02467205524437,0.0,0.0,4856.621889308093,0.0,274.21857395768166,0.0,0.0,1564.6829768300054,0.0,0.0,0.0,0.0,0.0,0.0,0.0,4212.561801287532,0.0,0.0,0.0,0.0,0.0,0.0,0.0
4907,0.0,221.0945835918188,0.0,0.0,0.0,0.0,0.0,0.0,0.0,0.0,0.0,0.0,0.0,326.0149839162826,0.0,0.0,4502.04521729052,0.0,239.7333808511495,0.0,0.0,1351.061202585697,0.0,0.0,0.0,0.0,0.0,0.0,0.0,3730.627885577082,0.0,0.0,0.0,0.0,0.0,0.0,0.0
4908,0.0,193.39599731862538,0.0,0.0,0.0,0.0,0.0,0.0,0.0,0.0,0.0,0.0,0.0,299.7772299051285,0.0,0.0,4221.992031604051,0.0,209.73626468479634,0.0,0.0,1148.3670535549522,0.0,0.0,0.0,0.0,0.0,0.0,0.0,3297.427393454312,0.0,0.0,0.0,0.0,0.0,0.0,0.0
4909,0.0,170.15724804997436,0.0,0.0,0.0,0.0,0.0,0.0,0.0,0.0,0.0,0.0,0.0,271.0623186469078,0.0,0.0,3998.1668200492836,0.0,199.91344896554943,0.0,0.0,1004.1419135414055,0.0,0.0,0.0,0.0,0.0,0.0,0.0,2914.7924343422037,0.0,0.0,0.0,0.0,0.0,0.0,0.0
4910,0.0,150.6229725927114,0.0,0.0,0.0,0.0,0.0,0.0,0.0,0.0,0.0,0.0,0.0,233.27200728058816,0.0,0.0,3814.774923816322,0.0,193.27877221405504,0.0,0.0,936.8391592606902,0.0,0.0,0.0,0.0,0.0,0.0,0.0,2596.2008462667445,0.0,0.0,0.0,0.0,0.0,0.0,0.0
4911,0.0,130.29579513967036,0.0,0.0,0.0,0.0,0.0,0.0,0.0,0.0,0.0,0.0,0.0,207.20462480187416,0.0,0.0,3953.214077606796,0.0,194.582474642992,0.0,0.0,1030.0248401463025,0.0,0.0,0.0,0.0,0.0,0.0,0.0,2287.358691163361,0.0,0.0,0.0,0.0,0.0,0.0,0.0
4912,0.0,117.90784999430173,0.0,0.0,0.0,0.0,0.0,0.0,0.0,0.0,0.0,0.0,0.0,184.62811018824576,0.0,0.0,4030.3733778446904,0.0,196.7643625289201,0.0,0.0,1093.034398770332,0.0,0.0,0.0,0.0,0.0,0.0,0.0,2073.766879789529,0.0,0.0,0.0,0.0,0.0,0.0,0.0
4913,0.0,107.37645535022018,0.0,0.0,0.0,0.0,0.0,0.0,0.0,0.0,0.0,0.0,0.0,167.82270706295967,0.0,0.0,4053.6705968230963,0.0,159.44644553959367,0.0,0.0,1025.6642806537443,0.0,0.0,0.0,0.0,0.0,0.0,0.0,1905.9360377535202,0.0,0.0,0.0,0.0,0.0,0.0,0.0
4914,0.0,96.14128531068563,0.0,0.0,0.0,0.0,0.0,0.0,0.0,0.0,0.0,0.0,0.0,149.13288270235054,0.0,0.0,4088.8381183594465,0.0,125.79174489378916,0.0,0.0,989.0023077227168,0.0,0.0,0.0,0.0,0.0,0.0,0.0,1775.0484265327436,0.0,0.0,0.0,0.0,0.0,0.0,0.0
4915,0.0,88.65492442846292,0.0,0.0,0.0,0.0,0.0,0.0,0.0,0.0,0.0,0.0,0.0,142.94462996721268,0.0,0.0,4285.274123609066,0.0,94.44564166516058,0.0,0.0,921.1736613839857,0.0,0.0,0.0,0.0,0.0,0.0,0.0,2129.811564478277,0.0,0.0,0.0,0.0,0.0,0.0,0.0
4916,0.0,82.39760161936277,0.0,0.0,0.0,0.0,0.0,0.0,0.0,0.0,0.0,0.0,0.0,139.30374548435208,0.0,0.0,4413.971228301525,0.0,66.61767499744874,0.0,0.0,915.2476117596029,0.0,0.0,0.0,0.0,0.0,0.0,0.0,2419.1741999030105,0.0,0.0,0.0,0.0,0.0,0.0,0.0
4917,0.0,78.14094548821446,0.0,0.0,0.0,0.0,0.0,0.0,0.0,0.0,0.0,0.0,0.0,132.8227003037929,0.0,0.0,4528.848298236727,0.0,41.07259925156831,0.0,0.0,933.6045597933227,0.0,0.0,0.0,0.0,0.0,0.0,0.0,2656.7561037153,0.0,0.0,0.0,0.0,0.0,0.0,0.0
4918,0.0,74.08523978590958,0.0,0.0,0.0,0.0,0.0,0.0,0.0,0.0,0.0,0.0,0.0,123.22533562183366,0.0,0.0,4653.214220449327,0.0,24.89802643656714,0.0,0.0,956.888453368842,0.0,0.0,0.0,0.0,0.0,0.0,0.0,2850.6382290929537,0.0,0.0,0.0,0.0,0.0,0.0,0.0
4919,0.0,70.36297151595346,0.0,0.0,0.0,0.0,0.0,0.0,0.0,0.0,0.0,0.0,0.0,108.54020621776571,0.0,0.0,4796.482393786311,0.0,21.785606399178313,0.0,0.0,977.1283341497176,0.0,0.0,0.0,0.0,0.0,0.0,0.0,3011.7517584592097,0.0,0.0,0.0,0.0,0.0,0.0,0.0
4920,0.0,84.1500647082924,0.0,0.0,0.0,0.0,0.0,0.0,0.0,0.0,0.0,0.0,0.0,91.9627142474054,0.0,0.0,5445.371394097803,0.0,46.03319699764234,0.0,0.0,1258.7805434815577,0.0,0.0,0.0,0.0,0.0,0.0,0.0,3335.2614565134036,0.0,0.0,0.0,0.0,0.0,0.0,0.0
4921,0.0,91.95049743354313,0.0,0.0,0.0,0.0,0.0,0.0,0.0,0.0,0.0,0.0,0.0,72.01302603036166,0.0,0.0,6092.015849322079,0.0,78.87555312365284,0.0,0.0,1500.7707428053018,0.0,0.0,0.0,0.0,0.0,0.0,0.0,3616.877630266546,0.0,0.0,0.0,0.0,0.0,0.0,0.0
4922,0.0,96.65719134360548,0.0,0.0,0.0,0.0,0.0,0.0,0.0,0.0,0.0,0.0,0.0,53.05692329406733,0.0,0.0,6688.536668509243,0.0,114.42530933618532,0.0,0.0,1698.7518453955647,0.0,0.0,0.0,0.0,0.0,0.0,0.0,3858.741386970876,0.0,0.0,0.0,0.0,0.0,0.0,0.0
4923,0.0,101.87295967340468,0.0,0.0,0.0,0.0,0.0,0.0,0.0,0.0,0.0,0.0,0.0,36.38386634439217,0.0,0.0,7225.315483957527,0.0,146.51076516211023,0.0,0.0,1877.195164892077,0.0,0.0,0.0,0.0,0.0,0.0,0.0,4062.872332099079,0.0,0.0,0.0,0.0,0.0,0.0,0.0
4924,0.0,106.55029307752844,0.0,0.0,0.0,0.0,0.0,0.0,0.0,0.0,0.0,0.0,0.0,30.44493889659643,0.0,0.0,7687.988918423653,0.0,173.95630602836593,0.0,0.0,2010.4205474048852,0.0,0.0,0.0,0.0,0.0,0.0,0.0,4245.5379628390065,0.0,0.0,0.0,0.0,0.0,0.0,0.0
4925,0.0,110.63257473707193,0.0,0.0,0.0,0.0,0.0,0.0,0.0,0.0,0.0,0.0,0.0,32.87472276985637,0.0,0.0,8040.340103179215,0.0,202.1162784934044,0.0,0.0,2025.7893416449429,0.0,0.0,0.0,0.0,0.0,0.0,0.0,4430.569985380767,0.0,0.0,0.0,0.0,0.0,0.0,0.0
4926,0.0,113.53190716356033,0.0,0.0,0.0,0.0,0.0,0.0,0.0,0.0,0.0,0.0,0.0,35.91066781952976,0.0,0.0,7928.369546055792,0.0,216.62959220409388,0.0,0.0,1873.0988381534812,0.0,0.0,0.0,0.0,0.0,0.0,0.0,4188.570262399314,0.0,0.0,0.0,0.0,0.0,0.0,0.0
4927,0.0,115.67509083151816,0.0,0.0,0.0,0.0,0.0,0.0,0.0,0.0,0.0,0.0,0.0,37.19899044707413,0.0,0.0,7869.097376048563,0.0,229.7630695760249,0.0,0.0,1706.8577584728598,0.0,0.0,0.0,0.0,0.0,0.0,0.0,3941.7307185322047,0.0,0.0,0.0,0.0,0.0,0.0,0.0
4928,0.0,121.52964304983612,0.0,0.0,0.0,0.0,0.0,0.0,0.0,0.0,0.0,0.0,0.0,40.442881237715405,0.0,0.0,7870.25640296936,0.0,236.33594402968885,0.0,0.0,1541.1471122324458,0.0,0.0,0.0,0.0,0.0,0.0,0.0,3726.924612587689,0.0,0.0,0.0,0.0,0.0,0.0,0.0
4929,0.0,127.84492936134339,0.0,0.0,0.0,0.0,0.0,0.0,0.0,0.0,0.0,0.0,0.0,43.88868471160521,0.0,0.0,7850.910765707491,0.0,232.0442561179398,0.0,0.0,1373.9526450499884,0.0,0.0,0.0,0.0,0.0,0.0,0.0,3556.4793126165855,0.0,0.0,0.0,0.0,0.0,0.0,0.0
4930,0.0,112.09460308402772,0.0,0.0,0.0,0.0,0.0,0.0,0.0,0.0,0.0,0.0,0.0,34.097275821119425,0.0,0.0,7610.486577332018,0.0,211.22049799859516,0.0,0.0,1113.3820616886014,0.0,0.0,0.0,0.0,0.0,0.0,0.0,3265.6561245501043,0.0,0.0,0.0,0.0,0.0,0.0,0.0
4931,0.0,100.50681940019123,0.0,0.0,0.0,0.0,0.0,0.0,0.0,0.0,0.0,0.0,0.0,29.0787049189209,0.0,0.0,7369.847696721554,0.0,191.30530776083467,0.0,0.0,885.4179212696845,0.0,0.0,0.0,0.0,0.0,0.0,0.0,2993.376422363518,0.0,0.0,0.0,0.0,0.0,0.0,0.0
4932,0.0,91.94874393939966,0.0,0.0,0.0,0.0,0.0,0.0,0.0,0.0,0.0,0.0,0.0,28.21178843080985,0.0,0.0,7121.541347414255,0.0,174.6795262992381,0.0,0.0,703.6302522361274,0.0,0.0,0.0,0.0,0.0,0.0,0.0,2761.8166313067068,0.0,0.0,0.0,0.0,0.0,0.0,0.0
4933,0.0,85.42531787306064,0.0,0.0,0.0,0.0,0.0,0.0,0.0,0.0,0.0,0.0,0.0,30.215203533321617,0.0,0.0,6883.819480866194,0.0,159.48586858808986,0.0,0.0,556.9012589950106,0.0,0.0,0.0,0.0,0.0,0.0,0.0,2552.6039465710514,0.0,0.0,0.0,0.0,0.0,0.0,0.0
4934,0.0,78.32015258967873,0.0,0.0,0.0,0.0,0.0,0.0,0.0,0.0,0.0,0.0,0.0,33.349930445849836,0.0,0.0,6678.552701711655,0.0,147.07940558493135,0.0,0.0,432.0888248406351,0.0,0.0,0.0,0.0,0.0,0.0,0.0,2355.767989984154,0.0,0.0,0.0,0.0,0.0,0.0,0.0
4935,0.0,67.05675129443404,0.0,0.0,0.0,0.0,0.0,0.0,0.0,0.0,0.0,0.0,0.0,44.68405356258149,0.0,0.0,6783.056480705738,0.0,155.02801104485985,0.0,0.0,484.08114164248076,0.0,0.0,0.0,0.0,0.0,0.0,0.0,2083.838328638672,0.0,0.0,0.0,0.0,0.0,0.0,0.0
4936,0.0,59.86140731424089,0.0,0.0,0.0,0.0,0.0,0.0,0.0,0.0,0.0,0.0,0.0,52.871823590993834,0.0,0.0,6935.489523291586,0.0,162.53850194215767,0.0,0.0,525.6961352180688,0.0,0.0,0.0,0.0,0.0,0.0,0.0,1924.7561571493723,0.0,0.0,0.0,0.0,0.0,0.0,0.0
4937,0.0,52.515073460340425,0.0,0.0,0.0,0.0,0.0,0.0,0.0,0.0,0.0,0.0,0.0,46.137653389573096,0.0,0.0,7052.829719901085,0.0,141.12003379762163,0.0,0.0,484.442181526869,0.0,0.0,0.0,0.0,0.0,0.0,0.0,1857.8377864152192,0.0,0.0,0.0,0.0,0.0,0.0,0.0
4938,0.0,47.21148312985896,0.0,0.0,0.0,0.0,0.0,0.0,0.0,0.0,0.0,0.0,0.0,40.988078548014045,0.0,0.0,7280.80953735113,0.0,119.58821697831141,0.0,0.0,467.23454379178577,0.0,0.0,0.0,0.0,0.0,0.0,0.0,1818.151182830333,0.0,0.0,0.0,0.0,0.0,0.0,0.0
4939,0.0,63.282074591517436,0.0,0.0,0.0,0.0,0.0,0.0,0.0,0.0,0.0,0.0,0.0,46.20564508140081,0.0,0.0,7560.830441415308,0.0,87.53819743394843,0.0,0.0,395.79599059224125,0.0,0.0,0.0,0.0,0.0,0.0,0.0,2004.4003928422915,0.0,0.0,0.0,0.0,0.0,0.0,0.0
4940,0.0,76.80495128631584,0.0,0.0,0.0,0.0,0.0,0.0,0.0,0.0,0.0,0.0,0.0,53.383902132511004,0.0,0.0,7801.680124908686,0.0,59.08270772248499,0.0,0.0,348.67922602370356,0.0,0.0,0.0,0.0,0.0,0.0,0.0,2201.4220374166966,0.0,0.0,0.0,0.0,0.0,0.0,0.0
4941,0.0,86.89908060282465,0.0,0.0,0.0,0.0,0.0,0.0,0.0,0.0,0.0,0.0,0.0,58.673220860958004,0.0,0.0,8008.8386849164945,0.0,33.462454001605394,0.0,0.0,342.73943871818454,0.0,0.0,0.0,0.0,0.0,0.0,0.0,2391.5191653937086,0.0,0.0,0.0,0.0,0.0,0.0,0.0
4942,0.0,94.51205077618356,0.0,0.0,0.0,0.0,0.0,0.0,0.0,0.0,0.0,0.0,0.0,65.13830491900437,0.0,0.0,8187.917678624392,0.0,17.961492886394108,0.0,0.0,350.10200322009524,0.0,0.0,0.0,0.0,0.0,0.0,0.0,2570.685472559927,0.0,0.0,0.0,0.0,0.0,0.0,0.0
4943,0.0,99.90366651266814,0.0,0.0,0.0,0.0,0.0,0.0,0.0,0.0,0.0,0.0,0.0,74.62109474539753,0.0,0.0,8311.76476126909,0.0,15.198605044372327,0.0,0.0,354.6676061186935,0.0,0.0,0.0,0.0,0.0,0.0,0.0,2716.124729944765,0.0,0.0,0.0,0.0,0.0,0.0,0.0
4944,0.0,102.5015031561255,0.0,0.0,0.0,0.0,0.0,0.0,0.0,0.0,0.0,0.0,0.0,84.35428028553711,0.0,0.0,8467.541868776083,0.0,26.022420687973487,0.0,0.0,347.4003349531442,0.0,0.0,0.0,0.0,0.0,0.0,0.0,3226.405263954401,0.0,0.0,0.0,0.0,0.0,0.0,0.0
4945,0.0,105.75585502088065,0.0,0.0,0.0,0.0,0.0,0.0,0.0,0.0,0.0,0.0,0.0,96.05372143983837,0.0,0.0,8537.709669709204,0.0,36.87040610611437,0.0,0.0,359.46432752609155,0.0,0.0,0.0,0.0,0.0,0.0,0.0,3673.3708951860667,0.0,0.0,0.0,0.0,0.0,0.0,0.0
4946,0.0,109.53302869945757,0.0,0.0,0.0,0.0,0.0,0.0,0.0,0.0,0.0,0.0,0.0,106.6126316666602,0.0,0.0,8581.75969353318,0.0,44.93175259232521,0.0,0.0,334.9254229813814,0.0,0.0,0.0,0.0,0.0,0.0,0.0,4083.1327538400874,0.0,0.0,0.0,0.0,0.0,0.0,0.0
4947,0.0,111.36784288734191,0.0,0.0,0.0,0.0,0.0,0.0,0.0,0.0,0.0,0.0,0.0,113.16731770038595,0.0,0.0,8621.268509864807,0.0,47.293919411301594,0.0,0.0,252.71266759671187,0.0,0.0,0.0,0.0,0.0,0.0,0.0,4464.205366408824,0.0,0.0,0.0,0.0,0.0,0.0,0.0
4948,0.0,121.22966929972172,0.0,0.0,0.0,0.0,0.0,0.0,0.0,0.0,0.0,0.0,0.0,115.66920123696323,0.0,0.0,8655.196883827448,0.0,47.450774236023314,0.0,0.0,128.57811988564188,0.0,0.0,0.0,0.0,0.0,0.0,0.0,4810.300654187797,0.0,0.0,0.0,0.0,0.0,0.0,0.0
4949,0.0,122.43403921723366,0.0,0.0,0.0,0.0,0.0,0.0,0.0,0.0,0.0,0.0,0.0,116.0869253337382,0.0,0.0,8681.432897239923,0.0,47.568369039893064,0.0,0.0,93.219201962929,0.0,0.0,0.0,0.0,0.0,0.0,0.0,5135.781140035389,0.0,0.0,0.0,0.0,0.0,0.0,0.0
4950,0.0,118.07523153126235,0.0,0.0,0.0,0.0,0.0,0.0,0.0,0.0,0.0,0.0,0.0,109.82431439161294,0.0,0.0,8349.30167609453,0.0,41.31808183193196,0.0,0.0,228.33392246402718,0.0,0.0,0.0,0.0,0.0,0.0,0.0,5030.100989529488,0.0,0.0,0.0,0.0,0.0,0.0,0.0
4951,0.0,118.14809271991253,0.0,0.0,0.0,0.0,0.0,0.0,0.0,0.0,0.0,0.0,0.0,93.51233860850334,0.0,0.0,8051.679120242596,0.0,25.881924205273357,0.0,0.0,246.76024011075498,0.0,0.0,0.0,0.0,0.0,0.0,0.0,4907.176626637577,0.0,0.0,0.0,0.0,0.0,0.0,0.0
4952,0.0,120.02776830196377,0.0,0.0,0.0,0.0,0.0,0.0,0.0,0.0,0.0,0.0,0.0,78.5847940519452,0.0,0.0,7811.545077532528,0.0,14.282094196602612,0.0,0.0,195.7236193466929,0.0,0.0,0.0,0.0,0.0,0.0,0.0,4764.205916568636,0.0,0.0,0.0,0.0,0.0,0.0,0.0
4953,0.0,119.29504622519009,0.0,0.0,0.0,0.0,0.0,0.0,0.0,0.0,0.0,0.0,0.0,66.32061610221854,0.0,0.0,7655.288801848887,0.0,14.258237509243123,0.0,0.0,150.7114164375692,0.0,0.0,0.0,0.0,0.0,0.0,0.0,4615.24581966996,0.0,0.0,0.0,0.0,0.0,0.0,0.0
4954,0.0,106.49603295475241,0.0,0.0,0.0,0.0,0.0,0.0,0.0,0.0,0.0,0.0,0.0,41.271141882240634,0.0,0.0,7370.789697796106,0.0,14.247978809475898,0.0,0.0,299.5275059390809,0.0,0.0,0.0,0.0,0.0,0.0,0.0,4211.781441643833,0.0,0.0,0.0,0.0,0.0,0.0,0.0
4955,0.0,95.10651334673163,0.0,0.0,0.0,0.0,0.0,0.0,0.0,0.0,0.0,0.0,0.0,28.000962065905192,0.0,0.0,7114.776986271143,0.0,14.4277621755375,0.0,0.0,395.53970525711753,0.0,0.0,0.0,0.0,0.0,0.0,0.0,3824.4612509638073,0.0,0.0,0.0,0.0,0.0,0.0,0.0
4956,0.0,84.97375806123016,0.0,0.0,0.0,0.0,0.0,0.0,0.0,0.0,0.0,0.0,0.0,25.241604550927743,0.0,0.0,6866.664326697586,0.0,14.721361994557066,0.0,0.0,459.56551168151105,0.0,0.0,0.0,0.0,0.0,0.0,0.0,3470.257165849209,0.0,0.0,0.0,0.0,0.0,0.0,0.0
4957,0.0,75.39261696338653,0.0,0.0,0.0,0.0,0.0,0.0,0.0,0.0,0.0,0.0,0.0,26.004883027076634,0.0,0.0,6612.667855292559,0.0,15.502756271883676,0.0,0.0,498.9963653359558,0.0,0.0,0.0,0.0,0.0,0.0,0.0,3162.4707382619367,0.0,0.0,0.0,0.0,0.0,0.0,0.0
4958,0.0,67.28747605383393,0.0,0.0,0.0,0.0,0.0,0.0,0.0,0.0,0.0,0.0,0.0,28.46282303780304,0.0,0.0,6382.109786346553,0.0,16.76838989332315,0.0,0.0,522.2065371405329,0.0,0.0,0.0,0.0,0.0,0.0,0.0,2891.468251210451,0.0,0.0,0.0,0.0,0.0,0.0,0.0
4959,0.0,60.47248599529264,0.0,0.0,0.0,0.0,0.0,0.0,0.0,0.0,0.0,0.0,0.0,36.686491581052415,0.0,0.0,6449.250893488526,0.0,27.3806299276649,0.0,0.0,604.5266583692282,0.0,0.0,0.0,0.0,0.0,0.0,0.0,2653.8760414436456,0.0,0.0,0.0,0.0,0.0,0.0,0.0
4960,0.0,55.478099808096836,0.0,0.0,0.0,0.0,0.0,0.0,0.0,0.0,0.0,0.0,0.0,44.88991169184441,0.0,0.0,6499.392809480428,0.0,38.30501973330966,0.0,0.0,664.5992672838266,0.0,0.0,0.0,0.0,0.0,0.0,0.0,2471.184555414318,0.0,0.0,0.0,0.0,0.0,0.0,0.0
4961,0.0,51.77322620004413,0.0,0.0,0.0,0.0,0.0,0.0,0.0,0.0,0.0,0.0,0.0,50.65464545637365,0.0,0.0,6542.605066865681,0.0,47.481616102158924,0.0,0.0,719.8111213020978,0.0,0.0,0.0,0.0,0.0,0.0,0.0,2325.602641922235,0.0,0.0,0.0,0.0,0.0,0.0,0.0
4962,0.0,48.9174014702439,0.0,0.0,0.0,0.0,0.0,0.0,0.0,0.0,0.0,0.0,0.0,55.04363470077502,0.0,0.0,6598.510613709686,0.0,50.24755052328098,0.0,0.0,758.6171564564102,0.0,0.0,0.0,0.0,0.0,0.0,0.0,2208.535315707324,0.0,0.0,0.0,0.0,0.0,0.0,0.0
4963,0.0,54.95655453801145,0.0,0.0,0.0,0.0,0.0,0.0,0.0,0.0,0.0,0.0,0.0,70.6928091794252,0.0,0.0,6684.0950284302235,0.0,47.65962005853652,0.0,0.0,834.3532574705779,0.0,0.0,0.0,0.0,0.0,0.0,0.0,2425.9770339146257,0.0,0.0,0.0,0.0,0.0,0.0,0.0
4964,0.0,59.76038500964638,0.0,0.0,0.0,0.0,0.0,0.0,0.0,0.0,0.0,0.0,0.0,86.53764191269863,0.0,0.0,6756.037151783705,0.0,50.686087475717,0.0,0.0,894.1494854338459,0.0,0.0,0.0,0.0,0.0,0.0,0.0,2639.4883865207435,0.0,0.0,0.0,0.0,0.0,0.0,0.0
4965,0.0,63.242642015218735,0.0,0.0,0.0,0.0,0.0,0.0,0.0,0.0,0.0,0.0,0.0,100.16532453298568,0.0,0.0,6830.631813257931,0.0,57.22040589153751,0.0,0.0,946.2376253999768,0.0,0.0,0.0,0.0,0.0,0.0,0.0,2847.02969856262,0.0,0.0,0.0,0.0,0.0,0.0,0.0
4966,0.0,66.02385206222532,0.0,0.0,0.0,0.0,0.0,0.0,0.0,0.0,0.0,0.0,0.0,114.41152306795121,0.0,0.0,6902.668058931826,0.0,69.36762529909609,0.0,0.0,992.1593252442769,0.0,0.0,0.0,0.0,0.0,0.0,0.0,3031.3037814319114,0.0,0.0,0.0,0.0,0.0,0.0,0.0
4967,0.0,68.40193380564446,0.0,0.0,0.0,0.0,0.0,0.0,0.0,0.0,0.0,0.0,0.0,131.34638614058483,0.0,0.0,6966.297859013081,0.0,87.96597456187,0.0,0.0,1004.5470048330723,0.0,0.0,0.0,0.0,0.0,0.0,0.0,3177.9875280261026,0.0,0.0,0.0,0.0,0.0,0.0,0.0
4968,0.0,81.14076014310122,0.0,0.0,0.0,0.0,0.0,0.0,0.0,0.0,0.0,0.0,0.0,153.29830974936473,0.0,0.0,7323.584631562233,0.0,133.9111144006252,0.0,0.0,1269.766752525418,0.0,0.0,0.0,0.0,0.0,0.0,0.0,3480.879531249402,0.0,0.0,0.0,0.0,0.0,0.0,0.0
4969,0.0,92.81854016035788,0.0,0.0,0.0,0.0,0.0,0.0,0.0,0.0,0.0,0.0,0.0,178.375452530384,0.0,0.0,7664.336212664841,0.0,182.03122827112665,0.0,0.0,1607.3432073622937,0.0,0.0,0.0,0.0,0.0,0.0,0.0,3700.4318004578354,0.0,0.0,0.0,0.0,0.0,0.0,0.0
4970,0.0,104.4886048033833,0.0,0.0,0.0,0.0,0.0,0.0,0.0,0.0,0.0,0.0,0.0,204.7012617230415,0.0,0.0,7980.374072760344,0.0,227.07600348293764,0.0,0.0,1983.519518601894,0.0,0.0,0.0,0.0,0.0,0.0,0.0,3897.627019003032,0.0,0.0,0.0,0.0,0.0,0.0,0.0
4971,0.0,117.2310222968459,0.0,0.0,0.0,0.0,0.0,0.0,0.0,0.0,0.0,0.0,0.0,230.0903189122677,0.0,0.0,8250.136421769857,0.0,263.7569418251514,0.0,0.0,2297.131175293028,0.0,0.0,0.0,0.0,0.0,0.0,0.0,4072.3154793351887,0.0,0.0,0.0,0.0,0.0,0.0,0.0
4972,0.0,129.4654244810342,0.0,0.0,0.0,0.0,0.0,0.0,0.0,0.0,0.0,0.0,0.0,254.54320694804193,0.0,0.0,8468.780238479376,0.0,294.73000075221046,0.0,0.0,2486.1412314981217,0.0,0.0,0.0,0.0,0.0,0.0,0.0,4205.508912274241,0.0,0.0,0.0,0.0,0.0,0.0,0.0
4973,0.0,141.97713825702664,0.0,0.0,0.0,0.0,0.0,0.0,0.0,0.0,0.0,0.0,0.0,270.0965586483478,0.0,0.0,8628.080321103333,0.0,300.1899151206016,0.0,0.0,2420.893528349697,0.0,0.0,0.0,0.0,0.0,0.0,0.0,4323.160242578388,0.0,0.0,0.0,0.0,0.0,0.0,0.0
4974,0.0,142.22459135055541,0.0,0.0,0.0,0.0,0.0,0.0,0.0,0.0,0.0,0.0,0.0,281.94782661795614,0.0,0.0,8553.48721536994,0.0,292.8383168935776,0.0,0.0,2370.0127905294294,0.0,0.0,0.0,0.0,0.0,0.0,0.0,4091.4896173089724,0.0,0.0,0.0,0.0,0.0,0.0,0.0
4975,0.0,141.78331402838228,0.0,0.0,0.0,0.0,0.0,0.0,0.0,0.0,0.0,0.0,0.0,278.9596220254898,0.0,0.0,8511.653344362974,0.0,280.3971438229084,0.0,0.0,2300.2827431559554,0.0,0.0,0.0,0.0,0.0,0.0,0.0,3904.355903270841,0.0,0.0,0.0,0.0,0.0,0.0,0.0
4976,0.0,141.5984256058931,0.0,0.0,0.0,0.0,0.0,0.0,0.0,0.0,0.0,0.0,0.0,276.2209668934345,0.0,0.0,8504.26824262738,0.0,261.0194705486298,0.0,0.0,2176.776826813817,0.0,0.0,0.0,0.0,0.0,0.0,0.0,3749.710897216199,0.0,0.0,0.0,0.0,0.0,0.0,0.0
4977,0.0,141.4407514125108,0.0,0.0,0.0,0.0,0.0,0.0,0.0,0.0,0.0,0.0,0.0,280.2897977650165,0.0,0.0,8497.871814191341,0.0,247.78782089352597,0.0,0.0,2058.707853233814,0.0,0.0,0.0,0.0,0.0,0.0,0.0,3603.7919609308224,0.0,0.0,0.0,0.0,0.0,0.0,0.0
4978,0.0,126.62849540412427,0.0,0.0,0.0,0.0,0.0,0.0,0.0,0.0,0.0,0.0,0.0,264.0355465471744,0.0,0.0,8249.141525506971,0.0,227.68384464383124,0.0,0.0,1901.8202043190595,0.0,0.0,0.0,0.0,0.0,0.0,0.0,3290.350276407598,0.0,0.0,0.0,0.0,0.0,0.0,0.0
4979,0.0,115.25595663338895,0.0,0.0,0.0,0.0,0.0,0.0,0.0,0.0,0.0,0.0,0.0,244.7058874130249,0.0,0.0,8032.933998942375,0.0,216.4893884301185,0.0,0.0,1740.8992024987926,0.0,0.0,0.0,0.0,0.0,0.0,0.0,2984.283677580951,0.0,0.0,0.0,0.0,0.0,0.0,0.0
4980,0.0,106.39233832508323,0.0,0.0,0.0,0.0,0.0,0.0,0.0,0.0,0.0,0.0,0.0,225.2173344075679,0.0,0.0,7828.459091871977,0.0,210.5354261964559,0.0,0.0,1585.929833422601,0.0,0.0,0.0,0.0,0.0,0.0,0.0,2690.828854988515,0.0,0.0,0.0,0.0,0.0,0.0,0.0
4981,0.0,99.5632571876049,0.0,0.0,0.0,0.0,0.0,0.0,0.0,0.0,0.0,0.0,0.0,206.9872890114784,0.0,0.0,7635.226745933294,0.0,210.1277533411979,0.0,0.0,1438.332792820036,0.0,0.0,0.0,0.0,0.0,0.0,0.0,2410.5727056190353,0.0,0.0,0.0,0.0,0.0,0.0,0.0
4982,0.0,94.12953654974697,0.0,0.0,0.0,0.0,0.0,0.0,0.0,0.0,0.0,0.0,0.0,186.2234826683997,0.0,0.0,7450.742330700157,0.0,208.32669803202137,0.0,0.0,1295.6782898381352,0.0,0.0,0.0,0.0,0.0,0.0,0.0,2144.785031552613,0.0,0.0,0.0,0.0,0.0,0.0,0.0
4983,0.0,71.8862108364701,0.0,0.0,0.0,0.0,0.0,0.0,0.0,0.0,0.0,0.0,0.0,169.48663166761392,0.0,0.0,7622.288427293301,0.0,221.29450967609864,0.0,0.0,1277.5937490463257,0.0,0.0,0.0,0.0,0.0,0.0,0.0,1656.6764026373626,0.0,0.0,0.0,0.0,0.0,0.0,0.0
4984,0.0,56.87928892225024,0.0,0.0,0.0,0.0,0.0,0.0,0.0,0.0,0.0,0.0,0.0,145.7105445444584,0.0,0.0,7768.82987934351,0.0,230.44292449355117,0.0,0.0,1247.3520038120441,0.0,0.0,0.0,0.0,0.0,0.0,0.0,1470.5069281682365,0.0,0.0,0.0,0.0,0.0,0.0,0.0
4985,0.0,46.46174514591691,0.0,0.0,0.0,0.0,0.0,0.0,0.0,0.0,0.0,0.0,0.0,115.23148090243329,0.0,0.0,7850.008436024189,0.0,218.93263927102086,0.0,0.0,1210.9887024499471,0.0,0.0,0.0,0.0,0.0,0.0,0.0,1455.3472306877363,0.0,0.0,0.0,0.0,0.0,0.0,0.0
4986,0.0,39.36838438510893,0.0,0.0,0.0,0.0,0.0,0.0,0.0,0.0,0.0,0.0,0.0,84.90770754963158,0.0,0.0,7928.746035337448,0.0,210.9354219317436,0.0,0.0,1175.050852909684,0.0,0.0,0.0,0.0,0.0,0.0,0.0,1441.4450404643994,0.0,0.0,0.0,0.0,0.0,0.0,0.0
4987,0.0,49.80962137430904,0.0,0.0,0.0,0.0,0.0,0.0,0.0,0.0,0.0,0.0,0.0,70.1569122493267,0.0,0.0,7916.742716938255,0.0,199.25865584313863,0.0,0.0,1112.8289970271285,0.0,0.0,0.0,0.0,0.0,0.0,0.0,1761.5541351407753,0.0,0.0,0.0,0.0,0.0,0.0,0.0
4988,0.0,55.818726566433845,0.0,0.0,0.0,0.0,0.0,0.0,0.0,0.0,0.0,0.0,0.0,61.485696184635025,0.0,0.0,7889.050530105829,0.0,194.00455646514877,0.0,0.0,1068.2678195983162,0.0,0.0,0.0,0.0,0.0,0.0,0.0,2023.3477998167255,0.0,0.0,0.0,0.0,0.0,0.0,0.0
4989,0.0,59.702218101918646,0.0,0.0,0.0,0.0,0.0,0.0,0.0,0.0,0.0,0.0,0.0,55.81721112728106,0.0,0.0,7841.31651198864,0.0,193.0944916933774,0.0,0.0,1027.1937424868345,0.0,0.0,0.0,0.0,0.0,0.0,0.0,2247.120809414983,0.0,0.0,0.0,0.0,0.0,0.0,0.0
4990,0.0,60.80220602005717,0.0,0.0,0.0,0.0,0.0,0.0,0.0,0.0,0.0,0.0,0.0,56.58882603943346,0.0,0.0,7796.061566889284,0.0,196.67060681283473,0.0,0.0,992.6482807271182,0.0,0.0,0.0,0.0,0.0,0.0,0.0,2428.3611447259773,0.0,0.0,0.0,0.0,0.0,0.0,0.0
4991,0.0,59.73262369036673,0.0,0.0,0.0,0.0,0.0,0.0,0.0,0.0,0.0,0.0,0.0,66.01353822797532,0.0,0.0,7758.012035459278,0.0,202.6954267889261,0.0,0.0,963.4379590786987,0.0,0.0,0.0,0.0,0.0,0.0,0.0,2568.1415290504674,0.0,0.0,0.0,0.0,0.0,0.0,0.0
4992,0.0,75.51272429823872,0.0,0.0,0.0,0.0,0.0,0.0,0.0,0.0,0.0,0.0,0.0,81.64658345431089,0.0,0.0,7948.796423196791,0.0,235.1923643887042,0.0,0.0,840.2894495151932,0.0,0.0,0.0,0.0,0.0,0.0,0.0,3074.617357781528,0.0,0.0,0.0,0.0,0.0,0.0,0.0
4993,0.0,94.34165322929613,0.0,0.0,0.0,0.0,0.0,0.0,0.0,0.0,0.0,0.0,0.0,104.84247144460664,0.0,0.0,8108.366426855326,0.0,263.396354317665,0.0,0.0,799.0740597277877,0.0,0.0,0.0,0.0,0.0,0.0,0.0,3501.194556468725,0.0,0.0,0.0,0.0,0.0,0.0,0.0
4994,0.0,115.88573457598683,0.0,0.0,0.0,0.0,0.0,0.0,0.0,0.0,0.0,0.0,0.0,131.20316196680068,0.0,0.0,8246.2447360754,0.0,286.5107990443705,0.0,0.0,781.1619400799274,0.0,0.0,0.0,0.0,0.0,0.0,0.0,3883.7237439423793,0.0,0.0,0.0,0.0,0.0,0.0,0.0
4995,0.0,138.4668253451585,0.0,0.0,0.0,0.0,0.0,0.0,0.0,0.0,0.0,0.0,0.0,157.4779493689536,0.0,0.0,8377.230335533619,0.0,304.3100386679171,0.0,0.0,763.6870041579006,0.0,0.0,0.0,0.0,0.0,0.0,0.0,4250.489160355925,0.0,0.0,0.0,0.0,0.0,0.0,0.0
4996,0.0,167.88478977978227,0.0,0.0,0.0,0.0,0.0,0.0,0.0,0.0,0.0,0.0,0.0,182.94903148412698,0.0,0.0,8496.01659324765,0.0,321.1507646679878,0.0,0.0,756.8631232738489,0.0,0.0,0.0,0.0,0.0,0.0,0.0,4601.538900163768,0.0,0.0,0.0,0.0,0.0,0.0,0.0
4997,0.0,193.14766046404839,0.0,0.0,0.0,0.0,0.0,0.0,0.0,0.0,0.0,0.0,0.0,201.34774469733227,0.0,0.0,8599.450022548437,0.0,319.9603071689606,0.0,0.0,672.9852322630583,0.0,0.0,0.0,0.0,0.0,0.0,0.0,4906.838880619407,0.0,0.0,0.0,0.0,0.0,0.0,0.0
4998,0.0,185.60621882379056,0.0,0.0,0.0,0.0,0.0,0.0,0.0,0.0,0.0,0.0,0.0,212.23923808932295,0.0,0.0,8369.895017504692,0.0,310.85165627598747,0.0,0.0,629.6661607090375,0.0,0.0,0.0,0.0,0.0,0.0,0.0,4449.278004920483,0.0,0.0,0.0,0.0,0.0,0.0,0.0
4999,0.0,177.31659630239008,0.0,0.0,0.0,0.0,0.0,0.0,0.0,0.0,0.0,0.0,0.0,222.98084936738005,0.0,0.0,8191.166065484285,0.0,292.03743618130676,0.0,0.0,590.1411112189287,0.0,0.0,0.0,0.0,0.0,0.0,0.0,4034.789148461817,0.0,0.0,0.0,0.0,0.0,0.0,0.0
5000,0.0,168.19667326211928,0.0,0.0,0.0,0.0,0.0,0.0,0.0,0.0,0.0,0.0,0.0,228.22371943593015,0.0,0.0,8066.902044296265,0.0,274.1973210811614,0.0,0.0,554.9836603637782,0.0,0.0,0.0,0.0,0.0,0.0,0.0,3659.9941278368215,0.0,0.0,0.0,0.0,0.0,0.0,0.0
5001,0.0,159.2969329744577,0.0,0.0,0.0,0.0,0.0,0.0,0.0,0.0,0.0,0.0,0.0,228.04550184607507,0.0,0.0,7962.623069852591,0.0,285.945745229721,0.0,0.0,541.6512597441665,0.0,0.0,0.0,0.0,0.0,0.0,0.0,3346.5484655767673,0.0,0.0,0.0,0.0,0.0,0.0,0.0
5002,0.0,123.50397925972936,0.0,0.0,0.0,0.0,0.0,0.0,0.0,0.0,0.0,0.0,0.0,206.38383752703658,0.0,0.0,7683.080556094645,0.0,289.87897981405246,0.0,0.0,425.8745866712177,0.0,0.0,0.0,0.0,0.0,0.0,0.0,2900.9641938626755,0.0,0.0,0.0,0.0,0.0,0.0,0.0
5003,0.0,93.24484264254569,0.0,0.0,0.0,0.0,0.0,0.0,0.0,0.0,0.0,0.0,0.0,183.93326334357258,0.0,0.0,7465.043478310106,0.0,294.2242297172545,0.0,0.0,340.8305822476744,0.0,0.0,0.0,0.0,0.0,0.0,0.0,2515.464541007576,0.0,0.0,0.0,0.0,0.0,0.0,0.0
5004,0.0,70.22678113281725,0.0,0.0,0.0,0.0,0.0,0.0,0.0,0.0,0.0,0.0,0.0,162.45450183153142,0.0,0.0,7280.576954096556,0.0,295.3180859267712,0.0,0.0,266.05558908507226,0.0,0.0,0.0,0.0,0.0,0.0,0.0,2190.865123867988,0.0,0.0,0.0,0.0,0.0,0.0,0.0
5005,0.0,52.945640440285175,0.0,0.0,0.0,0.0,0.0,0.0,0.0,0.0,0.0,0.0,0.0,145.05768531560886,0.0,0.0,7133.096612453461,0.0,295.2503553509711,0.0,0.0,237.31681428775192,0.0,0.0,0.0,0.0,0.0,0.0,0.0,1928.2883874550462,0.0,0.0,0.0,0.0,0.0,0.0,0.0
5006,0.0,40.17727824747557,0.0,0.0,0.0,0.0,0.0,0.0,0.0,0.0,0.0,0.0,0.0,133.10699658989907,0.0,0.0,7028.470707803963,0.0,293.9045769691467,0.0,0.0,227.69930214732813,0.0,0.0,0.0,0.0,0.0,0.0,0.0,1732.617726953326,0.0,0.0,0.0,0.0,0.0,0.0,0.0
5007,0.0,25.001047706231425,0.0,0.0,0.0,0.0,0.0,0.0,0.0,0.0,0.0,0.0,0.0,134.02402136325833,0.0,0.0,7247.906396597624,0.0,311.17448065280905,0.0,0.0,262.3216646455223,0.0,0.0,0.0,0.0,0.0,0.0,0.0,1594.6054466500864,0.0,0.0,0.0,0.0,0.0,0.0,0.0
5008,0.0,15.421642567589817,0.0,0.0,0.0,0.0,0.0,0.0,0.0,0.0,0.0,0.0,0.0,132.81776849627482,0.0,0.0,7431.603606969118,0.0,317.6487826645373,0.0,0.0,287.0057420410211,0.0,0.0,0.0,0.0,0.0,0.0,0.0,1541.5836611464606,0.0,0.0,0.0,0.0,0.0,0.0,0.0
5009,0.0,12.17989306524389,0.0,0.0,0.0,0.0,0.0,0.0,0.0,0.0,0.0,0.0,0.0,123.77266537845125,0.0,0.0,7617.745664060114,0.0,317.71408264636995,0.0,0.0,289.96127357259365,0.0,0.0,0.0,0.0,0.0,0.0,0.0,1533.0445450082414,0.0,0.0,0.0,0.0,0.0,0.0,0.0
5010,0.0,11.401564359292312,0.0,0.0,0.0,0.0,0.0,0.0,0.0,0.0,0.0,0.0,0.0,117.48668439388271,0.0,0.0,7771.416298478842,0.0,307.47173751592635,0.0,0.0,294.90453024543797,0.0,0.0,0.0,0.0,0.0,0.0,0.0,1537.684575021265,0.0,0.0,0.0,0.0,0.0,0.0,0.0
5011,0.0,22.1947907488793,0.0,0.0,0.0,0.0,0.0,0.0,0.0,0.0,0.0,0.0,0.0,125.5138736486435,0.0,0.0,7896.452744990587,0.0,278.07752721905695,0.0,0.0,310.95544009096835,0.0,0.0,0.0,0.0,0.0,0.0,0.0,1759.806281416116,0.0,0.0,0.0,0.0,0.0,0.0,0.0
5012,0.0,31.17638238966461,0.0,0.0,0.0,0.0,0.0,0.0,0.0,0.0,0.0,0.0,0.0,134.91120870113366,0.0,0.0,7958.730606287718,0.0,252.82955453395843,0.0,0.0,318.14297215416957,0.0,0.0,0.0,0.0,0.0,0.0,0.0,1909.7376693263648,0.0,0.0,0.0,0.0,0.0,0.0,0.0
5013,0.0,37.3859610602259,0.0,0.0,0.0,0.0,0.0,0.0,0.0,0.0,0.0,0.0,0.0,147.06430329084384,0.0,0.0,7980.989368259907,0.0,234.65060870647432,0.0,0.0,329.0402836415908,0.0,0.0,0.0,0.0,0.0,0.0,0.0,2015.7834100082496,0.0,0.0,0.0,0.0,0.0,0.0,0.0
5014,0.0,41.00474862679835,0.0,0.0,0.0,0.0,0.0,0.0,0.0,0.0,0.0,0.0,0.0,159.13678524494168,0.0,0.0,7984.028507977724,0.0,219.56770604848862,0.0,0.0,337.6134671017522,0.0,0.0,0.0,0.0,0.0,0.0,0.0,2095.6503989636885,0.0,0.0,0.0,0.0,0.0,0.0,0.0
5015,0.0,42.469193288683826,0.0,0.0,0.0,0.0,0.0,0.0,0.0,0.0,0.0,0.0,0.0,168.35614929795264,0.0,0.0,7976.420935302971,0.0,205.2177163958548,0.0,0.0,343.4612914178511,0.0,0.0,0.0,0.0,0.0,0.0,0.0,2165.766689303517,0.0,0.0,0.0,0.0,0.0,0.0,0.0
5016,0.0,49.87148464769116,0.0,0.0,0.0,0.0,0.0,0.0,0.0,0.0,0.0,0.0,0.0,173.94523225426673,0.0,0.0,8017.0296604037285,0.0,209.02470830082893,0.0,0.0,230.62130314037185,0.0,0.0,0.0,0.0,0.0,0.0,0.0,2676.763035136461,0.0,0.0,0.0,0.0,0.0,0.0,0.0
5017,0.0,56.49100219309328,0.0,0.0,0.0,0.0,0.0,0.0,0.0,0.0,0.0,0.0,0.0,176.03335955739018,0.0,0.0,8051.945929795502,0.0,209.23879323899735,0.0,0.0,219.71566578559535,0.0,0.0,0.0,0.0,0.0,0.0,0.0,3126.8913287609817,0.0,0.0,0.0,0.0,0.0,0.0,0.0
5018,0.0,61.26789198070757,0.0,0.0,0.0,0.0,0.0,0.0,0.0,0.0,0.0,0.0,0.0,177.3846972346305,0.0,0.0,8091.641435027121,0.0,208.04000650942308,0.0,0.0,218.09136475436335,0.0,0.0,0.0,0.0,0.0,0.0,0.0,3511.9434862226235,0.0,0.0,0.0,0.0,0.0,0.0,0.0
5019,0.0,64.99044080972666,0.0,0.0,0.0,0.0,0.0,0.0,0.0,0.0,0.0,0.0,0.0,181.09247496128071,0.0,0.0,8146.447073101997,0.0,206.24760648608205,0.0,0.0,209.63992818184158,0.0,0.0,0.0,0.0,0.0,0.0,0.0,3837.5740412324667,0.0,0.0,0.0,0.0,0.0,0.0,0.0
5020,0.0,74.19762473255396,0.0,0.0,0.0,0.0,0.0,0.0,0.0,0.0,0.0,0.0,0.0,185.84362140297887,0.0,0.0,8227.391490787268,0.0,206.85338757038102,0.0,0.0,181.45050925053644,0.0,0.0,0.0,0.0,0.0,0.0,0.0,4064.4062920659767,0.0,0.0,0.0,0.0,0.0,0.0,0.0
5021,0.0,80.44132639914746,0.0,0.0,0.0,0.0,0.0,0.0,0.0,0.0,0.0,0.0,0.0,191.01997932195664,0.0,0.0,8344.20662486553,0.0,192.39891201853746,0.0,0.0,27.8586265445682,0.0,0.0,0.0,0.0,0.0,0.0,0.0,4252.416554656624,0.0,0.0,0.0,0.0,0.0,0.0,0.0
5022,0.0,69.6214188426733,0.0,0.0,0.0,0.0,0.0,0.0,0.0,0.0,0.0,0.0,0.0,191.52524300217627,0.0,0.0,8235.65169674158,0.0,173.74774920940388,0.0,0.0,110.35287193553496,0.0,0.0,0.0,0.0,0.0,0.0,0.0,3927.3443292528373,0.0,0.0,0.0,0.0,0.0,0.0,0.0
5023,0.0,59.440505594015086,0.0,0.0,0.0,0.0,0.0,0.0,0.0,0.0,0.0,0.0,0.0,185.86103965044012,0.0,0.0,8144.973786532879,0.0,149.4682348340748,0.0,0.0,71.74593854555775,0.0,0.0,0.0,0.0,0.0,0.0,0.0,3656.3566683113563,0.0,0.0,0.0,0.0,0.0,0.0,0.0
5024,0.0,50.77245098054404,0.0,0.0,0.0,0.0,0.0,0.0,0.0,0.0,0.0,0.0,0.0,177.94232774376866,0.0,0.0,8067.931166857481,0.0,140.61773080527783,0.0,0.0,90.17142360554969,0.0,0.0,0.0,0.0,0.0,0.0,0.0,3435.240425303577,0.0,0.0,0.0,0.0,0.0,0.0,0.0
5025,0.0,44.351134385168464,0.0,0.0,0.0,0.0,0.0,0.0,0.0,0.0,0.0,0.0,0.0,170.36099630594242,0.0,0.0,8002.474149167536,0.0,133.4683016777038,0.0,0.0,90.8762650444168,0.0,0.0,0.0,0.0,0.0,0.0,0.0,3237.051857388018,0.0,0.0,0.0,0.0,0.0,0.0,0.0
5026,0.0,45.492602960765296,0.0,0.0,0.0,0.0,0.0,0.0,0.0,0.0,0.0,0.0,0.0,147.77201766967767,0.0,0.0,7685.029121488333,0.0,115.41346434950816,0.0,0.0,240.74154628962268,0.0,0.0,0.0,0.0,0.0,0.0,0.0,2832.9812361076456,0.0,0.0,0.0,0.0,0.0,0.0,0.0
5027,0.0,45.54623182564969,0.0,0.0,0.0,0.0,0.0,0.0,0.0,0.0,0.0,0.0,0.0,128.81890203952784,0.0,0.0,7414.160640746353,0.0,100.82118597626679,0.0,0.0,327.73070039637383,0.0,0.0,0.0,0.0,0.0,0.0,0.0,2458.716520124672,0.0,0.0,0.0,0.0,0.0,0.0,0.0
5028,0.0,45.61805494576688,0.0,0.0,0.0,0.0,0.0,0.0,0.0,0.0,0.0,0.0,0.0,114.08241458535193,0.0,0.0,7170.012008816004,0.0,87.97236228138203,0.0,0.0,379.3903609525406,0.0,0.0,0.0,0.0,0.0,0.0,0.0,2103.2798790112124,0.0,0.0,0.0,0.0,0.0,0.0,0.0
5029,0.0,45.91050971299402,0.0,0.0,0.0,0.0,0.0,0.0,0.0,0.0,0.0,0.0,0.0,105.53982902765274,0.0,0.0,6949.776669234036,0.0,75.61670462042082,0.0,0.0,410.9668941032138,0.0,0.0,0.0,0.0,0.0,0.0,0.0,1801.8677746951564,0.0,0.0,0.0,0.0,0.0,0.0,0.0
5030,0.0,46.10196321755645,0.0,0.0,0.0,0.0,0.0,0.0,0.0,0.0,0.0,0.0,0.0,99.34149971306323,0.0,0.0,6751.768198937176,0.0,64.70739116668685,0.0,0.0,431.2094997134056,0.0,0.0,0.0,0.0,0.0,0.0,0.0,1615.526353511214,0.0,0.0,0.0,0.0,0.0,0.0,0.0
5031,0.0,42.53729900121689,0.0,0.0,0.0,0.0,0.0,0.0,0.0,0.0,0.0,0.0,0.0,100.235995092988,0.0,0.0,6912.419442474842,0.0,69.51230492293818,0.0,0.0,448.3405394688249,0.0,0.0,0.0,0.0,0.0,0.0,0.0,1437.4208364352576,0.0,0.0,0.0,0.0,0.0,0.0,0.0
5032,0.0,38.588752833008726,0.0,0.0,0.0,0.0,0.0,0.0,0.0,0.0,0.0,0.0,0.0,97.60580610036841,0.0,0.0,7068.5543703734875,0.0,76.62756493836632,0.0,0.0,445.60537850819463,0.0,0.0,0.0,0.0,0.0,0.0,0.0,1416.188581264017,0.0,0.0,0.0,0.0,0.0,0.0,0.0
5033,0.0,36.23912679255006,0.0,0.0,0.0,0.0,0.0,0.0,0.0,0.0,0.0,0.0,0.0,86.60590261220926,0.0,0.0,7220.43512496352,0.0,76.38745485991225,0.0,0.0,418.64440346024924,0.0,0.0,0.0,0.0,0.0,0.0,0.0,1411.8683974534254,0.0,0.0,0.0,0.0,0.0,0.0,0.0
5034,0.0,33.298888854682396,0.0,0.0,0.0,0.0,0.0,0.0,0.0,0.0,0.0,0.0,0.0,76.1468614876269,0.0,0.0,7363.298805683851,0.0,73.47267619967448,0.0,0.0,368.2972780477255,0.0,0.0,0.0,0.0,0.0,0.0,0.0,1426.6373726934191,0.0,0.0,0.0,0.0,0.0,0.0,0.0
5035,0.0,29.261652706190898,0.0,0.0,0.0,0.0,0.0,0.0,0.0,0.0,0.0,0.0,0.0,80.87295658886428,0.0,0.0,7400.417226225136,0.0,60.731354415416625,0.0,0.0,350.68080238066545,0.0,0.0,0.0,0.0,0.0,0.0,0.0,1762.0625622302293,0.0,0.0,0.0,0.0,0.0,0.0,0.0
5036,0.0,29.155122676491718,0.0,0.0,0.0,0.0,0.0,0.0,0.0,0.0,0.0,0.0,0.0,89.28642406314599,0.0,0.0,7402.112205862999,0.0,49.84019631296395,0.0,0.0,360.9544685583558,0.0,0.0,0.0,0.0,0.0,0.0,0.0,2036.4318418964722,0.0,0.0,0.0,0.0,0.0,0.0,0.0
5037,0.0,32.840118674933855,0.0,0.0,0.0,0.0,0.0,0.0,0.0,0.0,0.0,0.0,0.0,99.23153161406503,0.0,0.0,7387.91295927763,0.0,36.03959500044575,0.0,0.0,395.18434210047064,0.0,0.0,0.0,0.0,0.0,0.0,0.0,2271.2240865468975,0.0,0.0,0.0,0.0,0.0,0.0,0.0
5038,0.0,38.35741084367036,0.0,0.0,0.0,0.0,0.0,0.0,0.0,0.0,0.0,0.0,0.0,108.60198831558228,0.0,0.0,7381.070033222435,0.0,24.49572423063216,0.0,0.0,429.62406534478,0.0,0.0,0.0,0.0,0.0,0.0,0.0,2463.5377179697143,0.0,0.0,0.0,0.0,0.0,0.0,0.0
5039,0.0,42.77123616188764,0.0,0.0,0.0,0.0,0.0,0.0,0.0,0.0,0.0,0.0,0.0,114.82790212631221,0.0,0.0,7390.609058141708,0.0,18.087253893166636,0.0,0.0,455.66416161842596,0.0,0.0,0.0,0.0,0.0,0.0,0.0,2611.8192491263144,0.0,0.0,0.0,0.0,0.0,0.0,0.0
5040,0.0,61.62243446856728,0.0,0.0,0.0,0.0,0.0,0.0,0.0,0.0,0.0,0.0,0.0,120.43946964144698,0.0,0.0,7501.898978650568,0.0,29.288703622296385,0.0,0.0,115.17981245694682,0.0,0.0,0.0,0.0,0.0,0.0,0.0,3287.3337054401636,0.0,0.0,0.0,0.0,0.0,0.0,0.0
5041,0.0,78.27949256747954,0.0,0.0,0.0,0.0,0.0,0.0,0.0,0.0,0.0,0.0,0.0,120.97466042637815,0.0,0.0,7590.338955670593,0.0,39.60847762078028,0.0,0.0,89.49513610722472,0.0,0.0,0.0,0.0,0.0,0.0,0.0,3865.745458304882,0.0,0.0,0.0,0.0,0.0,0.0,0.0
5042,0.0,93.69214497059579,0.0,0.0,0.0,0.0,0.0,0.0,0.0,0.0,0.0,0.0,0.0,117.68455075323577,0.0,0.0,7661.466648697851,0.0,48.33067148327822,0.0,0.0,116.25799335697634,0.0,0.0,0.0,0.0,0.0,0.0,0.0,4360.361122256518,0.0,0.0,0.0,0.0,0.0,0.0,0.0
5043,0.0,108.50886888206,0.0,0.0,0.0,0.0,0.0,0.0,0.0,0.0,0.0,0.0,0.0,112.1145112991333,0.0,0.0,7719.936834305523,0.0,54.59108863621947,0.0,0.0,190.2142793834206,0.0,0.0,0.0,0.0,0.0,0.0,0.0,4778.9394537895905,0.0,0.0,0.0,0.0,0.0,0.0,0.0
5044,0.0,125.3669615775346,0.0,0.0,0.0,0.0,0.0,0.0,0.0,0.0,0.0,0.0,0.0,104.20205382108682,0.0,0.0,7771.2910613417625,0.0,56.47941560745224,0.0,0.0,213.21887795403515,0.0,0.0,0.0,0.0,0.0,0.0,0.0,5053.038066545128,0.0,0.0,0.0,0.0,0.0,0.0,0.0
5045,0.0,141.62607470154762,0.0,0.0,0.0,0.0,0.0,0.0,0.0,0.0,0.0,0.0,0.0,96.36683517396436,0.0,0.0,7832.535132855177,0.0,50.74822323918335,0.0,0.0,280.3417556550345,0.0,0.0,0.0,0.0,0.0,0.0,0.0,5266.9567755639555,0.0,0.0,0.0,0.0,0.0,0.0,0.0
5046,0.0,140.86594200432293,0.0,0.0,0.0,0.0,0.0,0.0,0.0,0.0,0.0,0.0,0.0,84.78438994437448,0.0,0.0,7692.261760622263,0.0,35.727767579257346,0.0,0.0,249.6131364047522,0.0,0.0,0.0,0.0,0.0,0.0,0.0,4825.371214202045,0.0,0.0,0.0,0.0,0.0,0.0,0.0
5047,0.0,133.6647623956203,0.0,0.0,0.0,0.0,0.0,0.0,0.0,0.0,0.0,0.0,0.0,66.74113115370265,0.0,0.0,7577.896140486002,0.0,18.85890819504855,0.0,0.0,231.89061946347326,0.0,0.0,0.0,0.0,0.0,0.0,0.0,4424.991751894353,0.0,0.0,0.0,0.0,0.0,0.0,0.0
5048,0.0,119.36385333538055,0.0,0.0,0.0,0.0,0.0,0.0,0.0,0.0,0.0,0.0,0.0,51.284538154303945,0.0,0.0,7486.286341518164,0.0,14.343375917524,0.0,0.0,201.99091599807133,0.0,0.0,0.0,0.0,0.0,0.0,0.0,4066.2118229746816,0.0,0.0,0.0,0.0,0.0,0.0,0.0
5049,0.0,105.90089704245324,0.0,0.0,0.0,0.0,0.0,0.0,0.0,0.0,0.0,0.0,0.0,40.460122948884845,0.0,0.0,7416.250000685453,0.0,14.41863633263853,0.0,0.0,173.6293408367775,0.0,0.0,0.0,0.0,0.0,0.0,0.0,3753.0543658286315,0.0,0.0,0.0,0.0,0.0,0.0,0.0
5050,0.0,82.2514513894915,0.0,0.0,0.0,0.0,0.0,0.0,0.0,0.0,0.0,0.0,0.0,26.76612152829753,0.0,0.0,7066.909952312708,0.0,14.350986344367126,0.0,0.0,235.9322982363396,0.0,0.0,0.0,0.0,0.0,0.0,0.0,3278.38452079594,0.0,0.0,0.0,0.0,0.0,0.0,0.0
5051,0.0,61.329769282042946,0.0,0.0,0.0,0.0,0.0,0.0,0.0,0.0,0.0,0.0,0.0,24.17373371943822,0.0,0.0,6711.032680958509,0.0,14.624538394622496,0.0,0.0,267.1835170425469,0.0,0.0,0.0,0.0,0.0,0.0,0.0,2879.5079197853784,0.0,0.0,0.0,0.0,0.0,0.0,0.0
5052,0.0,44.54561792761088,0.0,0.0,0.0,0.0,0.0,0.0,0.0,0.0,0.0,0.0,0.0,24.02321271225799,0.0,0.0,6362.330875262617,0.0,16.206378026306595,0.0,0.0,272.9701462335876,0.0,0.0,0.0,0.0,0.0,0.0,0.0,2540.5638796031462,0.0,0.0,0.0,0.0,0.0,0.0,0.0
5053,0.0,32.93126530051223,0.0,0.0,0.0,0.0,0.0,0.0,0.0,0.0,0.0,0.0,0.0,24.181033354997624,0.0,0.0,6026.183120220898,0.0,18.987427703663688,0.0,0.0,264.8486410774285,0.0,0.0,0.0,0.0,0.0,0.0,0.0,2251.8458183512093,0.0,0.0,0.0,0.0,0.0,0.0,0.0
5054,0.0,24.45666668191547,0.0,0.0,0.0,0.0,0.0,0.0,0.0,0.0,0.0,0.0,0.0,24.333342142403115,0.0,0.0,5694.242088392376,0.0,22.51023278348144,0.0,0.0,268.0394918963306,0.0,0.0,0.0,0.0,0.0,0.0,0.0,2004.6099472507813,0.0,0.0,0.0,0.0,0.0,0.0,0.0
5055,0.0,21.58507102578871,0.0,0.0,0.0,0.0,0.0,0.0,0.0,0.0,0.0,0.0,0.0,26.602461177110587,0.0,0.0,5742.685524329542,0.0,35.972775897383656,0.0,0.0,334.05877587944246,0.0,0.0,0.0,0.0,0.0,0.0,0.0,1782.6996033266164,0.0,0.0,0.0,0.0,0.0,0.0,0.0
5056,0.0,20.654453106969573,0.0,0.0,0.0,0.0,0.0,0.0,0.0,0.0,0.0,0.0,0.0,24.940492482483272,0.0,0.0,5794.169655725358,0.0,38.56095831394192,0.0,0.0,377.46174946948844,0.0,0.0,0.0,0.0,0.0,0.0,0.0,1581.8126833900808,0.0,0.0,0.0,0.0,0.0,0.0,0.0
5057,0.0,20.123786160349788,0.0,0.0,0.0,0.0,0.0,0.0,0.0,0.0,0.0,0.0,0.0,23.907987754791833,0.0,0.0,5868.208528786896,0.0,31.8481542691588,0.0,0.0,386.2841034326693,0.0,0.0,0.0,0.0,0.0,0.0,0.0,1449.630318830907,0.0,0.0,0.0,0.0,0.0,0.0,0.0
5058,0.0,19.902968642860642,0.0,0.0,0.0,0.0,0.0,0.0,0.0,0.0,0.0,0.0,0.0,23.662400553375342,0.0,0.0,5914.406252831221,0.0,20.728073860332326,0.0,0.0,393.40029795058,0.0,0.0,0.0,0.0,0.0,0.0,0.0,1412.6406208172432,0.0,0.0,0.0,0.0,0.0,0.0,0.0
5059,0.0,24.143285715579985,0.0,0.0,0.0,0.0,0.0,0.0,0.0,0.0,0.0,0.0,0.0,24.287546386569698,0.0,0.0,5940.812230929732,0.0,14.257522410713072,0.0,0.0,412.29108546115447,0.0,0.0,0.0,0.0,0.0,0.0,0.0,1776.2907460674637,0.0,0.0,0.0,0.0,0.0,0.0,0.0
5060,0.0,24.453811993449914,0.0,0.0,0.0,0.0,0.0,0.0,0.0,0.0,0.0,0.0,0.0,26.152167535573113,0.0,0.0,5951.31075900793,0.0,14.102283968031324,0.0,0.0,431.5102149043231,0.0,0.0,0.0,0.0,0.0,0.0,0.0,2068.5065036371334,0.0,0.0,0.0,0.0,0.0,0.0,0.0
5061,0.0,23.305965959653182,0.0,0.0,0.0,0.0,0.0,0.0,0.0,0.0,0.0,0.0,0.0,28.973007316887273,0.0,0.0,5939.895899578927,0.0,14.092217011004527,0.0,0.0,441.7633691724389,0.0,0.0,0.0,0.0,0.0,0.0,0.0,2315.23232039213,0.0,0.0,0.0,0.0,0.0,0.0,0.0
5062,0.0,21.802272838354096,0.0,0.0,0.0,0.0,0.0,0.0,0.0,0.0,0.0,0.0,0.0,32.36475425735106,0.0,0.0,5927.736229225992,0.0,14.316658836044306,0.0,0.0,444.99425984434686,0.0,0.0,0.0,0.0,0.0,0.0,0.0,2512.8484558165073,0.0,0.0,0.0,0.0,0.0,0.0,0.0
5063,0.0,22.278658620268025,0.0,0.0,0.0,0.0,0.0,0.0,0.0,0.0,0.0,0.0,0.0,35.30936559438694,0.0,0.0,5924.890779241919,0.0,16.605132528394456,0.0,0.0,443.4584400761871,0.0,0.0,0.0,0.0,0.0,0.0,0.0,2663.9818434745057,0.0,0.0,0.0,0.0,0.0,0.0,0.0
5064,0.0,49.4202895626425,0.0,0.0,0.0,0.0,0.0,0.0,0.0,0.0,0.0,0.0,0.0,38.76735287457697,0.0,0.0,6339.930929809807,0.0,49.26728011965747,0.0,0.0,603.5017440978431,0.0,0.0,0.0,0.0,0.0,0.0,0.0,3244.0338703632337,0.0,0.0,0.0,0.0,0.0,0.0,0.0
5065,0.0,76.2751225098967,0.0,0.0,0.0,0.0,0.0,0.0,0.0,0.0,0.0,0.0,0.0,41.5614347979426,0.0,0.0,6713.507086753843,0.0,92.494578692317,0.0,0.0,789.3853235766292,0.0,0.0,0.0,0.0,0.0,0.0,0.0,3752.3701950937507,0.0,0.0,0.0,0.0,0.0,0.0,0.0
5066,0.0,102.39765421897172,0.0,0.0,0.0,0.0,0.0,0.0,0.0,0.0,0.0,0.0,0.0,43.93717614859341,0.0,0.0,7055.252008378506,0.0,135.2953821271658,0.0,0.0,915.3607678659259,0.0,0.0,0.0,0.0,0.0,0.0,0.0,4238.9511922597885,0.0,0.0,0.0,0.0,0.0,0.0,0.0
5067,0.0,128.0006256133318,0.0,0.0,0.0,0.0,0.0,0.0,0.0,0.0,0.0,0.0,0.0,46.70147387757896,0.0,0.0,7370.429543793201,0.0,166.78898832201955,0.0,0.0,809.8835333146154,0.0,0.0,0.0,0.0,0.0,0.0,0.0,4714.403204998373,0.0,0.0,0.0,0.0,0.0,0.0,0.0
5068,0.0,152.08333862721912,0.0,0.0,0.0,0.0,0.0,0.0,0.0,0.0,0.0,0.0,0.0,48.35015751570451,0.0,0.0,7621.858264952898,0.0,187.85991117060175,0.0,0.0,606.949902062863,0.0,0.0,0.0,0.0,0.0,0.0,0.0,5131.694196248054,0.0,0.0,0.0,0.0,0.0,0.0,0.0
5069,0.0,171.67467979788773,0.0,0.0,0.0,0.0,0.0,0.0,0.0,0.0,0.0,0.0,0.0,41.74017919450988,0.0,0.0,7832.633144527672,0.0,195.24060242176054,0.0,0.0,286.8651105724269,0.0,0.0,0.0,0.0,0.0,0.0,0.0,5547.029225814342,0.0,0.0,0.0,0.0,0.0,0.0,0.0
5070,0.0,165.39373391568657,0.0,0.0,0.0,0.0,0.0,0.0,0.0,0.0,0.0,0.0,0.0,36.93079539164896,0.0,0.0,7656.223802089689,0.0,182.5790307968854,0.0,0.0,212.8948881793762,0.0,0.0,0.0,0.0,0.0,0.0,0.0,5146.4190547704675,0.0,0.0,0.0,0.0,0.0,0.0,0.0
5071,0.0,155.02643125355243,0.0,0.0,0.0,0.0,0.0,0.0,0.0,0.0,0.0,0.0,0.0,32.34226129204021,0.0,0.0,7503.092231869698,0.0,164.59894905388342,0.0,0.0,194.4454851731651,0.0,0.0,0.0,0.0,0.0,0.0,0.0,4774.882885447144,0.0,0.0,0.0,0.0,0.0,0.0,0.0
5072,0.0,141.02863820493218,0.0,0.0,0.0,0.0,0.0,0.0,0.0,0.0,0.0,0.0,0.0,29.57212665677064,0.0,0.0,7371.250974953175,0.0,146.12146996855728,0.0,0.0,195.48489402271778,0.0,0.0,0.0,0.0,0.0,0.0,0.0,4393.025935497879,0.0,0.0,0.0,0.0,0.0,0.0,0.0
5073,0.0,131.39485721290103,0.0,0.0,0.0,0.0,0.0,0.0,0.0,0.0,0.0,0.0,0.0,29.68226008340706,0.0,0.0,7250.689616948366,0.0,122.8160383567214,0.0,0.0,204.85297074615866,0.0,0.0,0.0,0.0,0.0,0.0,0.0,4053.6259020298703,0.0,0.0,0.0,0.0,0.0,0.0,0.0
5074,0.0,115.01602252274746,0.0,0.0,0.0,0.0,0.0,0.0,0.0,0.0,0.0,0.0,0.0,23.758528767526055,0.0,0.0,6770.106494009493,0.0,90.90508139282463,0.0,0.0,199.60048379078444,0.0,0.0,0.0,0.0,0.0,0.0,0.0,3573.5962374240157,0.0,0.0,0.0,0.0,0.0,0.0,0.0
5075,0.0,99.48981383889912,0.0,0.0,0.0,0.0,0.0,0.0,0.0,0.0,0.0,0.0,0.0,23.400021388009147,0.0,0.0,6300.461006999016,0.0,61.120753353834104,0.0,0.0,206.80743026286308,0.0,0.0,0.0,0.0,0.0,0.0,0.0,3155.2261946558947,0.0,0.0,0.0,0.0,0.0,0.0,0.0
5076,0.0,85.2917577311396,0.0,0.0,0.0,0.0,0.0,0.0,0.0,0.0,0.0,0.0,0.0,23.274237878993077,0.0,0.0,5866.381311178206,0.0,41.57333125025019,0.0,0.0,212.83891564384075,0.0,0.0,0.0,0.0,0.0,0.0,0.0,2793.661488342284,0.0,0.0,0.0,0.0,0.0,0.0,0.0
5077,0.0,71.82916616499419,0.0,0.0,0.0,0.0,0.0,0.0,0.0,0.0,0.0,0.0,0.0,23.33195543885226,0.0,0.0,5451.123356893659,0.0,28.199197286739803,0.0,0.0,214.55052474774357,0.0,0.0,0.0,0.0,0.0,0.0,0.0,2481.180065651238,0.0,0.0,0.0,0.0,0.0,0.0,0.0
5078,0.0,59.99682615995403,0.0,0.0,0.0,0.0,0.0,0.0,0.0,0.0,0.0,0.0,0.0,23.40156678110357,0.0,0.0,5048.920790746808,0.0,19.637865394353707,0.0,0.0,202.92666779905477,0.0,0.0,0.0,0.0,0.0,0.0,0.0,2203.7895140558476,0.0,0.0,0.0,0.0,0.0,0.0,0.0
5079,0.0,49.94635884761805,0.0,0.0,0.0,0.0,0.0,0.0,0.0,0.0,0.0,0.0,0.0,23.429875636473245,0.0,0.0,5115.364537060259,0.0,17.97237683422855,0.0,0.0,217.8585053823886,0.0,0.0,0.0,0.0,0.0,0.0,0.0,1936.9537063345297,0.0,0.0,0.0,0.0,0.0,0.0,0.0
5080,0.0,41.15135125815864,0.0,0.0,0.0,0.0,0.0,0.0,0.0,0.0,0.0,0.0,0.0,23.363415326923054,0.0,0.0,5178.832929030061,0.0,15.772337302192984,0.0,0.0,235.28530265316303,0.0,0.0,0.0,0.0,0.0,0.0,0.0,1787.7959882378557,0.0,0.0,0.0,0.0,0.0,0.0,0.0
5081,0.0,35.80327828824512,0.0,0.0,0.0,0.0,0.0,0.0,0.0,0.0,0.0,0.0,0.0,22.953582122176847,0.0,0.0,5248.845155879854,0.0,18.201499219983695,0.0,0.0,237.32786498442243,0.0,0.0,0.0,0.0,0.0,0.0,0.0,1717.929210481046,0.0,0.0,0.0,0.0,0.0,0.0,0.0
5082,0.0,33.51201554685823,0.0,0.0,0.0,0.0,0.0,0.0,0.0,0.0,0.0,0.0,0.0,23.000074215605714,0.0,0.0,5303.540725290774,0.0,14.418322319164833,0.0,0.0,263.08109728284086,0.0,0.0,0.0,0.0,0.0,0.0,0.0,1692.804559014737,0.0,0.0,0.0,0.0,0.0,0.0,0.0
5083,0.0,40.42212915569537,0.0,0.0,0.0,0.0,0.0,0.0,0.0,0.0,0.0,0.0,0.0,23.378000587224815,0.0,0.0,5432.18065650761,0.0,13.975278949178577,0.0,0.0,264.1983908370129,0.0,0.0,0.0,0.0,0.0,0.0,0.0,2078.3244621664276,0.0,0.0,0.0,0.0,0.0,0.0,0.0
5084,0.0,44.99763364791865,0.0,0.0,0.0,0.0,0.0,0.0,0.0,0.0,0.0,0.0,0.0,23.453418011963368,0.0,0.0,5578.206769406795,0.0,14.231912249885404,0.0,0.0,264.88050644248665,0.0,0.0,0.0,0.0,0.0,0.0,0.0,2393.0963380470866,0.0,0.0,0.0,0.0,0.0,0.0,0.0
5085,0.0,47.838448467850654,0.0,0.0,0.0,0.0,0.0,0.0,0.0,0.0,0.0,0.0,0.0,23.551050987839695,0.0,0.0,5735.701803728938,0.0,14.507972702756502,0.0,0.0,269.9439962089055,0.0,0.0,0.0,0.0,0.0,0.0,0.0,2639.3741169899695,0.0,0.0,0.0,0.0,0.0,0.0,0.0
5086,0.0,49.85028139650813,0.0,0.0,0.0,0.0,0.0,0.0,0.0,0.0,0.0,0.0,0.0,23.88659323751924,0.0,0.0,5909.678745374082,0.0,15.740078207105295,0.0,0.0,289.43874970637194,0.0,0.0,0.0,0.0,0.0,0.0,0.0,2838.0403749376537,0.0,0.0,0.0,0.0,0.0,0.0,0.0
5087,0.0,50.547891506552666,0.0,0.0,0.0,0.0,0.0,0.0,0.0,0.0,0.0,0.0,0.0,26.236913362145305,0.0,0.0,6099.401728928087,0.0,21.025165805593115,0.0,0.0,347.8672268874941,0.0,0.0,0.0,0.0,0.0,0.0,0.0,3010.6058086395255,0.0,0.0,0.0,0.0,0.0,0.0,0.0
5088,0.0,72.60396508723493,0.0,0.0,0.0,0.0,0.0,0.0,0.0,0.0,0.0,0.0,0.0,36.63975990265599,0.0,0.0,6526.237895429134,0.0,49.34883099347334,0.0,0.0,643.572516348213,0.0,0.0,0.0,0.0,0.0,0.0,0.0,3327.9662871658784,0.0,0.0,0.0,0.0,0.0,0.0,0.0
5089,0.0,95.50656251460306,0.0,0.0,0.0,0.0,0.0,0.0,0.0,0.0,0.0,0.0,0.0,50.98838871717448,0.0,0.0,6926.325431913137,0.0,80.9138210654257,0.0,0.0,954.6574236765501,0.0,0.0,0.0,0.0,0.0,0.0,0.0,3622.4913017719978,0.0,0.0,0.0,0.0,0.0,0.0,0.0
5090,0.0,119.38363274931905,0.0,0.0,0.0,0.0,0.0,0.0,0.0,0.0,0.0,0.0,0.0,65.8919915899633,0.0,0.0,7296.850781083107,0.0,113.12304451465593,0.0,0.0,1248.5973264992233,0.0,0.0,0.0,0.0,0.0,0.0,0.0,3896.1444080024958,0.0,0.0,0.0,0.0,0.0,0.0,0.0
5091,0.0,142.0465345412493,0.0,0.0,0.0,0.0,0.0,0.0,0.0,0.0,0.0,0.0,0.0,78.12318807691322,0.0,0.0,7609.058407247065,0.0,144.1863318324089,0.0,0.0,1496.935545542836,0.0,0.0,0.0,0.0,0.0,0.0,0.0,4118.85066090524,0.0,0.0,0.0,0.0,0.0,0.0,0.0
5092,0.0,163.3451477497816,0.0,0.0,0.0,0.0,0.0,0.0,0.0,0.0,0.0,0.0,0.0,87.46237823963152,0.0,0.0,7878.12845158577,0.0,172.01177157163605,0.0,0.0,1704.5905491024253,0.0,0.0,0.0,0.0,0.0,0.0,0.0,4325.147664543986,0.0,0.0,0.0,0.0,0.0,0.0,0.0
5093,0.0,170.91637073457238,0.0,0.0,0.0,0.0,0.0,0.0,0.0,0.0,0.0,0.0,0.0,93.17819744050503,0.0,0.0,8096.348328918219,0.0,179.73129355013367,0.0,0.0,1853.0693747475734,0.0,0.0,0.0,0.0,0.0,0.0,0.0,4539.920863756536,0.0,0.0,0.0,0.0,0.0,0.0,0.0
5094,0.0,178.35552054047585,0.0,0.0,0.0,0.0,0.0,0.0,0.0,0.0,0.0,0.0,0.0,97.8647820383309,0.0,0.0,8021.1578187048435,0.0,173.39421635270114,0.0,0.0,1731.8757788389921,0.0,0.0,0.0,0.0,0.0,0.0,0.0,4563.55766084194,0.0,0.0,0.0,0.0,0.0,0.0,0.0
5095,0.0,186.09952582418913,0.0,0.0,0.0,0.0,0.0,0.0,0.0,0.0,0.0,0.0,0.0,103.17961166203013,0.0,0.0,7962.696189671753,0.0,163.2174231559038,0.0,0.0,1624.8154184550042,0.0,0.0,0.0,0.0,0.0,0.0,0.0,4556.9994576454155,0.0,0.0,0.0,0.0,0.0,0.0,0.0
5096,0.0,193.09908166229724,0.0,0.0,0.0,0.0,0.0,0.0,0.0,0.0,0.0,0.0,0.0,111.61040211021891,0.0,0.0,7913.969608902929,0.0,159.41874566078172,0.0,0.0,1595.2414834722877,0.0,0.0,0.0,0.0,0.0,0.0,0.0,4529.8130728572605,0.0,0.0,0.0,0.0,0.0,0.0,0.0
5097,0.0,199.391656717658,0.0,0.0,0.0,0.0,0.0,0.0,0.0,0.0,0.0,0.0,0.0,121.81447999477373,0.0,0.0,7870.7464613318425,0.0,169.35190145373332,0.0,0.0,1615.3148469060654,0.0,0.0,0.0,0.0,0.0,0.0,0.0,4585.933515352009,0.0,0.0,0.0,0.0,0.0,0.0,0.0
5098,0.0,176.99990123212334,0.0,0.0,0.0,0.0,0.0,0.0,0.0,0.0,0.0,0.0,0.0,115.48810302317138,0.0,0.0,7385.996286571024,0.0,180.97011097669585,0.0,0.0,1498.5883059024807,0.0,0.0,0.0,0.0,0.0,0.0,0.0,4181.047638827561,0.0,0.0,0.0,0.0,0.0,0.0,0.0
5099,0.0,159.71530264914028,0.0,0.0,0.0,0.0,0.0,0.0,0.0,0.0,0.0,0.0,0.0,112.13941692709912,0.0,0.0,6867.393191277979,0.0,204.0214640051125,0.0,0.0,1387.570736454427,0.0,0.0,0.0,0.0,0.0,0.0,0.0,3811.5364991635083,0.0,0.0,0.0,0.0,0.0,0.0,0.0
5100,0.0,144.9295875281095,0.0,0.0,0.0,0.0,0.0,0.0,0.0,0.0,0.0,0.0,0.0,109.4068705111742,0.0,0.0,6320.232528313993,0.0,219.0592821091413,0.0,0.0,1264.2974902600042,0.0,0.0,0.0,0.0,0.0,0.0,0.0,3475.1729253470885,0.0,0.0,0.0,0.0,0.0,0.0,0.0
5101,0.0,135.3638561367988,0.0,0.0,0.0,0.0,0.0,0.0,0.0,0.0,0.0,0.0,0.0,107.88046487569805,0.0,0.0,5807.133255153893,0.0,238.9020139694212,0.0,0.0,1167.2619283094994,0.0,0.0,0.0,0.0,0.0,0.0,0.0,3167.343465879558,0.0,0.0,0.0,0.0,0.0,0.0,0.0
5102,0.0,127.93985652029508,0.0,0.0,0.0,0.0,0.0,0.0,0.0,0.0,0.0,0.0,0.0,103.67226560711855,0.0,0.0,5313.615702927111,0.0,256.07952544093126,0.0,0.0,1121.5985574223098,0.0,0.0,0.0,0.0,0.0,0.0,0.0,2892.7537834316486,0.0,0.0,0.0,0.0,0.0,0.0,0.0
5103,0.0,128.00358551144598,0.0,0.0,0.0,0.0,0.0,0.0,0.0,0.0,0.0,0.0,0.0,109.09850924611088,0.0,0.0,5254.706409469247,0.0,276.3438023269176,0.0,0.0,1288.1436826407908,0.0,0.0,0.0,0.0,0.0,0.0,0.0,2724.626238389311,0.0,0.0,0.0,0.0,0.0,0.0,0.0
5104,0.0,131.8498398452997,0.0,0.0,0.0,0.0,0.0,0.0,0.0,0.0,0.0,0.0,0.0,116.25817114114747,0.0,0.0,5185.0096090734005,0.0,299.204249984026,0.0,0.0,1455.8598032578823,0.0,0.0,0.0,0.0,0.0,0.0,0.0,2614.2331929638963,0.0,0.0,0.0,0.0,0.0,0.0,0.0
5105,0.0,135.74579521715634,0.0,0.0,0.0,0.0,0.0,0.0,0.0,0.0,0.0,0.0,0.0,116.32885290980339,0.0,0.0,5101.5180547088385,0.0,287.6057519853113,0.0,0.0,1574.4197002530095,0.0,0.0,0.0,0.0,0.0,0.0,0.0,2592.958990749716,0.0,0.0,0.0,0.0,0.0,0.0,0.0
5106,0.0,132.13955916166296,0.0,0.0,0.0,0.0,0.0,0.0,0.0,0.0,0.0,0.0,0.0,113.16500871777535,0.0,0.0,5004.837318494915,0.0,285.99829941391937,0.0,0.0,1695.54638646394,0.0,0.0,0.0,0.0,0.0,0.0,0.0,2551.3569260746235,0.0,0.0,0.0,0.0,0.0,0.0,0.0
5107,0.0,134.87590781450263,0.0,0.0,0.0,0.0,0.0,0.0,0.0,0.0,0.0,0.0,0.0,119.85209136605253,0.0,0.0,5199.833874538541,0.0,288.66700266599656,0.0,0.0,1645.7953931540242,0.0,0.0,0.0,0.0,0.0,0.0,0.0,2589.293687066434,0.0,0.0,0.0,0.0,0.0,0.0,0.0
5108,0.0,137.76142972111697,0.0,0.0,0.0,0.0,0.0,0.0,0.0,0.0,0.0,0.0,0.0,130.05501475930214,0.0,0.0,5405.63077238202,0.0,296.04320324659346,0.0,0.0,1617.9661058306692,0.0,0.0,0.0,0.0,0.0,0.0,0.0,2634.537550616264,0.0,0.0,0.0,0.0,0.0,0.0,0.0
5109,0.0,140.54651148319235,0.0,0.0,0.0,0.0,0.0,0.0,0.0,0.0,0.0,0.0,0.0,140.3487058281898,0.0,0.0,5621.51820527017,0.0,309.00496804714186,0.0,0.0,1602.062488147616,0.0,0.0,0.0,0.0,0.0,0.0,0.0,2688.863129769264,0.0,0.0,0.0,0.0,0.0,0.0,0.0
5110,0.0,144.2295225262641,0.0,0.0,0.0,0.0,0.0,0.0,0.0,0.0,0.0,0.0,0.0,151.57569663524626,0.0,0.0,5840.233197122812,0.0,324.3596526086329,0.0,0.0,1584.478559052944,0.0,0.0,0.0,0.0,0.0,0.0,0.0,2740.993721416592,0.0,0.0,0.0,0.0,0.0,0.0,0.0
5111,0.0,147.44360715150827,0.0,0.0,0.0,0.0,0.0,0.0,0.0,0.0,0.0,0.0,0.0,163.27867411971093,0.0,0.0,6070.237422332166,0.0,337.564358240366,0.0,0.0,1540.4957266464826,0.0,0.0,0.0,0.0,0.0,0.0,0.0,2794.9936685681323,0.0,0.0,0.0,0.0,0.0,0.0,0.0
5112,0.0,180.65697458982464,0.0,0.0,0.0,0.0,0.0,0.0,0.0,0.0,0.0,0.0,0.0,171.60352037549006,0.0,0.0,6523.161417931317,0.0,367.1982191741466,0.0,0.0,1825.2246467247603,0.0,0.0,0.0,0.0,0.0,0.0,0.0,3262.448983827232,0.0,0.0,0.0,0.0,0.0,0.0,0.0
5113,0.0,217.2398142904043,0.0,0.0,0.0,0.0,0.0,0.0,0.0,0.0,0.0,0.0,0.0,179.4940761446952,0.0,0.0,6916.906199038029,0.0,390.17367542386046,0.0,0.0,1975.3510858297345,0.0,0.0,0.0,0.0,0.0,0.0,0.0,3699.6170876324163,0.0,0.0,0.0,0.0,0.0,0.0,0.0
5114,0.0,249.4439125835895,0.0,0.0,0.0,0.0,0.0,0.0,0.0,0.0,0.0,0.0,0.0,186.00168583393088,0.0,0.0,7268.167587339878,0.0,408.16534695029253,0.0,0.0,2027.3075257122516,0.0,0.0,0.0,0.0,0.0,0.0,0.0,4107.0226796329025,0.0,0.0,0.0,0.0,0.0,0.0,0.0
5115,0.0,278.4077080070972,0.0,0.0,0.0,0.0,0.0,0.0,0.0,0.0,0.0,0.0,0.0,191.10415630936623,0.0,0.0,7552.697028338909,0.0,426.56938949227333,0.0,0.0,2062.877901743352,0.0,0.0,0.0,0.0,0.0,0.0,0.0,4486.840858650207,0.0,0.0,0.0,0.0,0.0,0.0,0.0
5116,0.0,301.4316752851009,0.0,0.0,0.0,0.0,0.0,0.0,0.0,0.0,0.0,0.0,0.0,192.47932358384134,0.0,0.0,7778.581262886522,0.0,439.5558455705642,0.0,0.0,2053.192647318542,0.0,0.0,0.0,0.0,0.0,0.0,0.0,4838.04500696957,0.0,0.0,0.0,0.0,0.0,0.0,0.0
5117,0.0,322.8118470132351,0.0,0.0,0.0,0.0,0.0,0.0,0.0,0.0,0.0,0.0,0.0,186.64176719784726,0.0,0.0,7957.848501235245,0.0,440.1542163074016,0.0,0.0,1945.133788369596,0.0,0.0,0.0,0.0,0.0,0.0,0.0,5194.709864732621,0.0,0.0,0.0,0.0,0.0,0.0,0.0
5118,0.0,312.52916096448894,0.0,0.0,0.0,0.0,0.0,0.0,0.0,0.0,0.0,0.0,0.0,180.48180510401718,0.0,0.0,7715.601762473583,0.0,425.69034443497645,0.0,0.0,1817.3860696792603,0.0,0.0,0.0,0.0,0.0,0.0,0.0,5023.412244242428,0.0,0.0,0.0,0.0,0.0,0.0,0.0
5119,0.0,298.8200070798397,0.0,0.0,0.0,0.0,0.0,0.0,0.0,0.0,0.0,0.0,0.0,171.94516013264652,0.0,0.0,7490.878110587597,0.0,402.1144721925258,0.0,0.0,1683.3733628734944,0.0,0.0,0.0,0.0,0.0,0.0,0.0,4850.422277536987,0.0,0.0,0.0,0.0,0.0,0.0,0.0
5120,0.0,281.6017046034336,0.0,0.0,0.0,0.0,0.0,0.0,0.0,0.0,0.0,0.0,0.0,165.8427208483219,0.0,0.0,7316.900391072033,0.0,370.7946682870387,0.0,0.0,1572.3830417186023,0.0,0.0,0.0,0.0,0.0,0.0,0.0,4681.724650484322,0.0,0.0,0.0,0.0,0.0,0.0,0.0
5121,0.0,264.98727745413777,0.0,0.0,0.0,0.0,0.0,0.0,0.0,0.0,0.0,0.0,0.0,161.03293073177335,0.0,0.0,7204.201747238634,0.0,346.97087545990945,0.0,0.0,1472.523194181919,0.0,0.0,0.0,0.0,0.0,0.0,0.0,4519.568230843544,0.0,0.0,0.0,0.0,0.0,0.0,0.0
5122,0.0,228.81078547239298,0.0,0.0,0.0,0.0,0.0,0.0,0.0,0.0,0.0,0.0,0.0,142.75074267983433,0.0,0.0,6869.689464747906,0.0,325.43996270298953,0.0,0.0,1286.969735343754,0.0,0.0,0.0,0.0,0.0,0.0,0.0,4215.423602131009,0.0,0.0,0.0,0.0,0.0,0.0,0.0
5123,0.0,193.60880136787887,0.0,0.0,0.0,0.0,0.0,0.0,0.0,0.0,0.0,0.0,0.0,131.14339742660522,0.0,0.0,6581.745950490236,0.0,311.8356022119521,0.0,0.0,1104.0010798707601,0.0,0.0,0.0,0.0,0.0,0.0,0.0,3945.146509632468,0.0,0.0,0.0,0.0,0.0,0.0,0.0
5124,0.0,166.90507753193378,0.0,0.0,0.0,0.0,0.0,0.0,0.0,0.0,0.0,0.0,0.0,125.61024565100661,0.0,0.0,6331.636497557161,0.0,306.22623595595354,0.0,0.0,941.8816072896117,0.0,0.0,0.0,0.0,0.0,0.0,0.0,3679.1668193608502,0.0,0.0,0.0,0.0,0.0,0.0,0.0
5125,0.0,148.78648907840252,0.0,0.0,0.0,0.0,0.0,0.0,0.0,0.0,0.0,0.0,0.0,124.77387834787356,0.0,0.0,6094.185329914091,0.0,305.90560504198055,0.0,0.0,811.1396039396518,0.0,0.0,0.0,0.0,0.0,0.0,0.0,3394.3236162006856,0.0,0.0,0.0,0.0,0.0,0.0,0.0
5126,0.0,136.73186212778091,0.0,0.0,0.0,0.0,0.0,0.0,0.0,0.0,0.0,0.0,0.0,126.68051513433456,0.0,0.0,5864.459971249102,0.0,305.9403151094912,0.0,0.0,707.9633363664145,0.0,0.0,0.0,0.0,0.0,0.0,0.0,3115.942788940666,0.0,0.0,0.0,0.0,0.0,0.0,0.0
5127,0.0,125.1980790495872,0.0,0.0,0.0,0.0,0.0,0.0,0.0,0.0,0.0,0.0,0.0,138.2991811275482,0.0,0.0,5928.246901154516,0.0,333.44488680362696,0.0,0.0,691.2943444043398,0.0,0.0,0.0,0.0,0.0,0.0,0.0,2829.1141526833158,0.0,0.0,0.0,0.0,0.0,0.0,0.0
5128,0.0,123.7083945930004,0.0,0.0,0.0,0.0,0.0,0.0,0.0,0.0,0.0,0.0,0.0,147.14334671497335,0.0,0.0,5987.008788168429,0.0,352.28649554252627,0.0,0.0,674.3696726247664,0.0,0.0,0.0,0.0,0.0,0.0,0.0,2586.296281558273,0.0,0.0,0.0,0.0,0.0,0.0,0.0
5129,0.0,122.36037843525409,0.0,0.0,0.0,0.0,0.0,0.0,0.0,0.0,0.0,0.0,0.0,150.5876538336277,0.0,0.0,6020.676186606286,0.0,350.973559820652,0.0,0.0,659.0075390785933,0.0,0.0,0.0,0.0,0.0,0.0,0.0,2390.584758850931,0.0,0.0,0.0,0.0,0.0,0.0,0.0
5130,0.0,125.53035917580125,0.0,0.0,0.0,0.0,0.0,0.0,0.0,0.0,0.0,0.0,0.0,152.76737825274455,0.0,0.0,6038.916470006107,0.0,355.85691951513286,0.0,0.0,649.3599024362853,0.0,0.0,0.0,0.0,0.0,0.0,0.0,2245.754637619852,0.0,0.0,0.0,0.0,0.0,0.0,0.0
5131,0.0,128.52297047674654,0.0,0.0,0.0,0.0,0.0,0.0,0.0,0.0,0.0,0.0,0.0,167.16749401688574,0.0,0.0,6146.6880826205,0.0,357.21446552872646,0.0,0.0,651.0735930070276,0.0,0.0,0.0,0.0,0.0,0.0,0.0,2461.289754241705,0.0,0.0,0.0,0.0,0.0,0.0,0.0
5132,0.0,136.14331935346127,0.0,0.0,0.0,0.0,0.0,0.0,0.0,0.0,0.0,0.0,0.0,181.5285812497138,0.0,0.0,6249.417928129434,0.0,361.76281823515893,0.0,0.0,650.4206936269991,0.0,0.0,0.0,0.0,0.0,0.0,0.0,2661.1578311309213,0.0,0.0,0.0,0.0,0.0,0.0,0.0
5133,0.0,146.39842644631858,0.0,0.0,0.0,0.0,0.0,0.0,0.0,0.0,0.0,0.0,0.0,196.09133457541466,0.0,0.0,6355.07645575702,0.0,358.2936492502688,0.0,0.0,649.7598468281324,0.0,0.0,0.0,0.0,0.0,0.0,0.0,2840.3438461750743,0.0,0.0,0.0,0.0,0.0,0.0,0.0
5134,0.0,157.90300332605838,0.0,0.0,0.0,0.0,0.0,0.0,0.0,0.0,0.0,0.0,0.0,211.499489378929,0.0,0.0,6461.312941104172,0.0,351.1464876890183,0.0,0.0,647.8212821491061,0.0,0.0,0.0,0.0,0.0,0.0,0.0,3015.039357949793,0.0,0.0,0.0,0.0,0.0,0.0,0.0
5135,0.0,169.3542880117893,0.0,0.0,0.0,0.0,0.0,0.0,0.0,0.0,0.0,0.0,0.0,228.16068196892726,0.0,0.0,6566.9236297011375,0.0,341.45070014595973,0.0,0.0,644.6380003005266,0.0,0.0,0.0,0.0,0.0,0.0,0.0,3195.3340767323966,0.0,0.0,0.0,0.0,0.0,0.0,0.0
5136,0.0,211.11801553666592,0.0,0.0,0.0,0.0,0.0,0.0,0.0,0.0,0.0,0.0,0.0,246.15929108858106,0.0,0.0,6928.716605573893,0.0,356.0792002975939,0.0,0.0,950.4231146089732,0.0,0.0,0.0,0.0,0.0,0.0,0.0,3625.066705563664,0.0,0.0,0.0,0.0,0.0,0.0,0.0
5137,0.0,251.00244623422623,0.0,0.0,0.0,0.0,0.0,0.0,0.0,0.0,0.0,0.0,0.0,262.8245412111282,0.0,0.0,7252.086672216654,0.0,368.2480282783508,0.0,0.0,1182.6079399488858,0.0,0.0,0.0,0.0,0.0,0.0,0.0,4079.570871314405,0.0,0.0,0.0,0.0,0.0,0.0,0.0
5138,0.0,287.69199657440186,0.0,0.0,0.0,0.0,0.0,0.0,0.0,0.0,0.0,0.0,0.0,275.90116159319876,0.0,0.0,7524.0153903365135,0.0,377.5953220009804,0.0,0.0,1359.2703564181925,0.0,0.0,0.0,0.0,0.0,0.0,0.0,4559.436002260447,0.0,0.0,0.0,0.0,0.0,0.0,0.0
5139,0.0,323.97793464660646,0.0,0.0,0.0,0.0,0.0,0.0,0.0,0.0,0.0,0.0,0.0,284.0870653808117,0.0,0.0,7741.349273264408,0.0,382.54063220024096,0.0,0.0,1505.6232096791266,0.0,0.0,0.0,0.0,0.0,0.0,0.0,5045.1975856393565,0.0,0.0,0.0,0.0,0.0,0.0,0.0
5140,0.0,361.945179015398,0.0,0.0,0.0,0.0,0.0,0.0,0.0,0.0,0.0,0.0,0.0,285.83756562471376,0.0,0.0,7917.807621538639,0.0,384.2273162066935,0.0,0.0,1609.8998541578646,0.0,0.0,0.0,0.0,0.0,0.0,0.0,5596.576639002561,0.0,0.0,0.0,0.0,0.0,0.0,0.0
5141,0.0,399.16905409097666,0.0,0.0,0.0,0.0,0.0,0.0,0.0,0.0,0.0,0.0,0.0,278.6297065198421,0.0,0.0,8060.494725674389,0.0,379.8751302182674,0.0,0.0,1695.2256135016676,0.0,0.0,0.0,0.0,0.0,0.0,0.0,6157.50768494606,0.0,0.0,0.0,0.0,0.0,0.0,0.0
5142,0.0,406.56879937648773,0.0,0.0,0.0,0.0,0.0,0.0,0.0,0.0,0.0,0.0,0.0,266.77471727728846,0.0,0.0,7933.704959243534,0.0,360.20205085277547,0.0,0.0,1617.2083005219697,0.0,0.0,0.0,0.0,0.0,0.0,0.0,6208.432841527461,0.0,0.0,0.0,0.0,0.0,0.0,0.0
5143,0.0,392.56382401585574,0.0,0.0,0.0,0.0,0.0,0.0,0.0,0.0,0.0,0.0,0.0,246.5390402674675,0.0,0.0,7829.430652022362,0.0,334.13825819492337,0.0,0.0,1513.9575542807577,0.0,0.0,0.0,0.0,0.0,0.0,0.0,6207.841966801881,0.0,0.0,0.0,0.0,0.0,0.0,0.0
5144,0.0,364.80317807793614,0.0,0.0,0.0,0.0,0.0,0.0,0.0,0.0,0.0,0.0,0.0,225.66016588807102,0.0,0.0,7750.330565094946,0.0,308.4951657831667,0.0,0.0,1401.551381537318,0.0,0.0,0.0,0.0,0.0,0.0,0.0,6165.1803776800625,0.0,0.0,0.0,0.0,0.0,0.0,0.0
5145,0.0,367.32178484201427,0.0,0.0,0.0,0.0,0.0,0.0,0.0,0.0,0.0,0.0,0.0,206.94175946116445,0.0,0.0,7694.959415227173,0.0,298.8449963390826,0.0,0.0,1293.350831463933,0.0,0.0,0.0,0.0,0.0,0.0,0.0,6136.804649579525,0.0,0.0,0.0,0.0,0.0,0.0,0.0
5146,0.0,339.8491327822208,0.0,0.0,0.0,0.0,0.0,0.0,0.0,0.0,0.0,0.0,0.0,174.38024009466167,0.0,0.0,7341.210397332907,0.0,294.22387402057643,0.0,0.0,1160.0790511630476,0.0,0.0,0.0,0.0,0.0,0.0,0.0,5398.505233517288,0.0,0.0,0.0,0.0,0.0,0.0,0.0
5147,0.0,313.14162139892574,0.0,0.0,0.0,0.0,0.0,0.0,0.0,0.0,0.0,0.0,0.0,154.58046761751163,0.0,0.0,6996.571797758339,0.0,300.025938951969,0.0,0.0,1046.1454602085046,0.0,0.0,0.0,0.0,0.0,0.0,0.0,4697.539770510792,0.0,0.0,0.0,0.0,0.0,0.0,0.0
5148,0.0,287.95165398716927,0.0,0.0,0.0,0.0,0.0,0.0,0.0,0.0,0.0,0.0,0.0,144.9158958494662,0.0,0.0,6663.524245262146,0.0,308.8372570633887,0.0,0.0,942.3606474213293,0.0,0.0,0.0,0.0,0.0,0.0,0.0,4068.0643635004753,0.0,0.0,0.0,0.0,0.0,0.0,0.0
5149,0.0,270.42961826920504,0.0,0.0,0.0,0.0,0.0,0.0,0.0,0.0,0.0,0.0,0.0,139.0559445738792,0.0,0.0,6318.241180047391,0.0,318.2483983397484,0.0,0.0,845.3431753098957,0.0,0.0,0.0,0.0,0.0,0.0,0.0,3563.4320349842296,0.0,0.0,0.0,0.0,0.0,0.0,0.0
5150,0.0,256.07276573181144,0.0,0.0,0.0,0.0,0.0,0.0,0.0,0.0,0.0,0.0,0.0,137.30530982613553,0.0,0.0,5959.026455670593,0.0,329.92073304057124,0.0,0.0,755.0720021367067,0.0,0.0,0.0,0.0,0.0,0.0,0.0,3157.009667205809,0.0,0.0,0.0,0.0,0.0,0.0,0.0
5151,0.0,258.5129281818866,0.0,0.0,0.0,0.0,0.0,0.0,0.0,0.0,0.0,0.0,0.0,145.3266705811023,0.0,0.0,5994.589524313807,0.0,359.9962210416793,0.0,0.0,813.3022101402275,0.0,0.0,0.0,0.0,0.0,0.0,0.0,3525.439947289228,0.0,0.0,0.0,0.0,0.0,0.0,0.0
5152,0.0,260.9112592756748,0.0,0.0,0.0,0.0,0.0,0.0,0.0,0.0,0.0,0.0,0.0,149.6954001843928,0.0,0.0,6022.619695842265,0.0,387.9111481368541,0.0,0.0,859.0537595316763,0.0,0.0,0.0,0.0,0.0,0.0,0.0,3891.9902043014745,0.0,0.0,0.0,0.0,0.0,0.0,0.0
5153,0.0,267.35654262900346,0.0,0.0,0.0,0.0,0.0,0.0,0.0,0.0,0.0,0.0,0.0,148.5907873868942,0.0,0.0,6048.90199254453,0.0,399.3505904376507,0.0,0.0,866.6924400709561,0.0,0.0,0.0,0.0,0.0,0.0,0.0,4178.494293394685,0.0,0.0,0.0,0.0,0.0,0.0,0.0
5154,0.0,273.4041335105896,0.0,0.0,0.0,0.0,0.0,0.0,0.0,0.0,0.0,0.0,0.0,147.79430047273632,0.0,0.0,6069.391877189277,0.0,412.93707717061045,0.0,0.0,884.6766920059912,0.0,0.0,0.0,0.0,0.0,0.0,0.0,4347.770500349999,0.0,0.0,0.0,0.0,0.0,0.0,0.0
5155,0.0,293.13683436512946,0.0,0.0,0.0,0.0,0.0,0.0,0.0,0.0,0.0,0.0,0.0,159.74386833310123,0.0,0.0,6152.979498550295,0.0,418.7400017023085,0.0,0.0,883.581310620904,0.0,0.0,0.0,0.0,0.0,0.0,0.0,4885.004359930754,0.0,0.0,0.0,0.0,0.0,0.0,0.0
5156,0.0,312.71744415163994,0.0,0.0,0.0,0.0,0.0,0.0,0.0,0.0,0.0,0.0,0.0,176.05904979109752,0.0,0.0,6245.679871842263,0.0,429.03985112905497,0.0,0.0,879.314606360346,0.0,0.0,0.0,0.0,0.0,0.0,0.0,5556.476712399721,0.0,0.0,0.0,0.0,0.0,0.0,0.0
5157,0.0,331.8317647755146,0.0,0.0,0.0,0.0,0.0,0.0,0.0,0.0,0.0,0.0,0.0,196.37614645957945,0.0,0.0,6337.619487866758,0.0,441.5120587348938,0.0,0.0,882.8859493173653,0.0,0.0,0.0,0.0,0.0,0.0,0.0,6420.972722315788,0.0,0.0,0.0,0.0,0.0,0.0,0.0
5158,0.0,351.07820066213606,0.0,0.0,0.0,0.0,0.0,0.0,0.0,0.0,0.0,0.0,0.0,219.7253856420517,0.0,0.0,6437.065164476631,0.0,447.2018420815467,0.0,0.0,905.9650265559546,0.0,0.0,0.0,0.0,0.0,0.0,0.0,7300.4431033372875,0.0,0.0,0.0,0.0,0.0,0.0,0.0
5159,0.0,372.0362151682377,0.0,0.0,0.0,0.0,0.0,0.0,0.0,0.0,0.0,0.0,0.0,244.1703379511833,0.0,0.0,6535.211408555508,0.0,438.0969852864742,0.0,0.0,933.7944652587171,0.0,0.0,0.0,0.0,0.0,0.0,0.0,7898.567435097694,0.0,0.0,0.0,0.0,0.0,0.0,0.0
5160,0.0,399.61772414445875,0.0,0.0,0.0,0.0,0.0,0.0,0.0,0.0,0.0,0.0,0.0,264.24373607635493,0.0,0.0,6901.297451257706,0.0,443.84246480464935,0.0,0.0,1268.3283454053098,0.0,0.0,0.0,0.0,0.0,0.0,0.0,8926.562170028687,0.0,0.0,0.0,0.0,0.0,0.0,0.0
5161,0.0,426.6818822085857,0.0,0.0,0.0,0.0,0.0,0.0,0.0,0.0,0.0,0.0,0.0,281.37663363814346,0.0,0.0,7225.088345795868,0.0,438.87166301012036,0.0,0.0,1515.907018277049,0.0,0.0,0.0,0.0,0.0,0.0,0.0,9788.463249081373,0.0,0.0,0.0,0.0,0.0,0.0,0.0
5162,0.0,451.3421821653843,0.0,0.0,0.0,0.0,0.0,0.0,0.0,0.0,0.0,0.0,0.0,294.3955742895603,0.0,0.0,7498.106860369442,0.0,435.83798532485963,0.0,0.0,1692.7600971087809,0.0,0.0,0.0,0.0,0.0,0.0,0.0,10485.068389296532,0.0,0.0,0.0,0.0,0.0,0.0,0.0
5163,0.0,472.1581776738167,0.0,0.0,0.0,0.0,0.0,0.0,0.0,0.0,0.0,0.0,0.0,302.64272215962404,0.0,0.0,7714.357947677374,0.0,448.22106127142905,0.0,0.0,1832.2793812036512,0.0,0.0,0.0,0.0,0.0,0.0,0.0,11128.656083357333,0.0,0.0,0.0,0.0,0.0,0.0,0.0
5164,0.0,493.41400562524797,0.0,0.0,0.0,0.0,0.0,0.0,0.0,0.0,0.0,0.0,0.0,307.6145669877529,0.0,0.0,7889.166432797909,0.0,467.92879142165174,0.0,0.0,1902.461296105385,0.0,0.0,0.0,0.0,0.0,0.0,0.0,12006.075398623942,0.0,0.0,0.0,0.0,0.0,0.0,0.0
5165,0.0,511.10465734004976,0.0,0.0,0.0,0.0,0.0,0.0,0.0,0.0,0.0,0.0,0.0,299.20267432928074,0.0,0.0,8024.743023455143,0.0,478.8587871551513,0.0,0.0,1925.819441279768,0.0,0.0,0.0,0.0,0.0,0.0,0.0,12750.71641203165,0.0,0.0,0.0,0.0,0.0,0.0,0.0
5166,0.0,514.7446306228637,0.0,0.0,0.0,0.0,0.0,0.0,0.0,0.0,0.0,0.0,0.0,288.9838570654392,0.0,0.0,7857.126728206873,0.0,457.9862689495086,0.0,0.0,1842.8735175848003,0.0,0.0,0.0,0.0,0.0,0.0,0.0,12407.637333607674,0.0,0.0,0.0,0.0,0.0,0.0,0.0
5167,0.0,516.7046723484993,0.0,0.0,0.0,0.0,0.0,0.0,0.0,0.0,0.0,0.0,0.0,282.6682067751884,0.0,0.0,7696.765630334614,0.0,422.74917752742766,0.0,0.0,1752.4865391656751,0.0,0.0,0.0,0.0,0.0,0.0,0.0,12055.542533850668,0.0,0.0,0.0,0.0,0.0,0.0,0.0
5168,0.0,517.0709702610969,0.0,0.0,0.0,0.0,0.0,0.0,0.0,0.0,0.0,0.0,0.0,271.4115802884101,0.0,0.0,7552.772481769323,0.0,382.9104974627495,0.0,0.0,1653.5983960390085,0.0,0.0,0.0,0.0,0.0,0.0,0.0,11736.039140009878,0.0,0.0,0.0,0.0,0.0,0.0,0.0
5169,0.0,517.2883474230766,0.0,0.0,0.0,0.0,0.0,0.0,0.0,0.0,0.0,0.0,0.0,256.7093464791775,0.0,0.0,7435.569190353155,0.0,345.9339307188987,0.0,0.0,1543.7010341987013,0.0,0.0,0.0,0.0,0.0,0.0,0.0,11485.039606642724,0.0,0.0,0.0,0.0,0.0,0.0,0.0
5170,0.0,483.2883484840393,0.0,0.0,0.0,0.0,0.0,0.0,0.0,0.0,0.0,0.0,0.0,221.0064002275466,0.0,0.0,6949.506748199463,0.0,307.14888349771496,0.0,0.0,1318.7270155057306,0.0,0.0,0.0,0.0,0.0,0.0,0.0,10638.153399288654,0.0,0.0,0.0,0.0,0.0,0.0,0.0
5171,0.0,455.20245042443275,0.0,0.0,0.0,0.0,0.0,0.0,0.0,0.0,0.0,0.0,0.0,185.06993288993823,0.0,0.0,6427.983527362347,0.0,289.84566289186466,0.0,0.0,1098.0145541734992,0.0,0.0,0.0,0.0,0.0,0.0,0.0,9873.08417596817,0.0,0.0,0.0,0.0,0.0,0.0,0.0
5172,0.0,431.98534628748894,0.0,0.0,0.0,0.0,0.0,0.0,0.0,0.0,0.0,0.0,0.0,155.22908997535694,0.0,0.0,5903.592687234281,0.0,282.9824362039566,0.0,0.0,919.2796022504564,0.0,0.0,0.0,0.0,0.0,0.0,0.0,9194.229143941402,0.0,0.0,0.0,0.0,0.0,0.0,0.0
5173,0.0,411.991978007555,0.0,0.0,0.0,0.0,0.0,0.0,0.0,0.0,0.0,0.0,0.0,135.73026984333984,0.0,0.0,5352.956499248742,0.0,281.2107406914234,0.0,0.0,822.5818434454499,0.0,0.0,0.0,0.0,0.0,0.0,0.0,8566.6305054903,0.0,0.0,0.0,0.0,0.0,0.0,0.0
5174,0.0,397.49563150405885,0.0,0.0,0.0,0.0,0.0,0.0,0.0,0.0,0.0,0.0,0.0,123.19443336427203,0.0,0.0,4769.518682599068,0.0,278.89909762144083,0.0,0.0,796.1287463061509,0.0,0.0,0.0,0.0,0.0,0.0,0.0,7999.920169544219,0.0,0.0,0.0,0.0,0.0,0.0,0.0
5175,0.0,384.08322494029994,0.0,0.0,0.0,0.0,0.0,0.0,0.0,0.0,0.0,0.0,0.0,123.97439872324466,0.0,0.0,4742.711323365567,0.0,286.15240499973294,0.0,0.0,960.0495581343762,0.0,0.0,0.0,0.0,0.0,0.0,0.0,7883.071618854999,0.0,0.0,0.0,0.0,0.0,0.0,0.0
5176,0.0,368.2291970193386,0.0,0.0,0.0,0.0,0.0,0.0,0.0,0.0,0.0,0.0,0.0,118.28874200880526,0.0,0.0,4711.6630146205425,0.0,286.1882117986679,0.0,0.0,1096.383138310164,0.0,0.0,0.0,0.0,0.0,0.0,0.0,7623.114222145081,0.0,0.0,0.0,0.0,0.0,0.0,0.0
5177,0.0,354.13677139878274,0.0,0.0,0.0,0.0,0.0,0.0,0.0,0.0,0.0,0.0,0.0,103.42610116004944,0.0,0.0,4676.432874515651,0.0,262.2935464084147,0.0,0.0,1145.621106811613,0.0,0.0,0.0,0.0,0.0,0.0,0.0,7437.72203361392,0.0,0.0,0.0,0.0,0.0,0.0,0.0
5178,0.0,341.96471645236016,0.0,0.0,0.0,0.0,0.0,0.0,0.0,0.0,0.0,0.0,0.0,93.83487882018078,0.0,0.0,4639.673052236436,0.0,232.76941789984693,0.0,0.0,1191.1937257446343,0.0,0.0,0.0,0.0,0.0,0.0,0.0,7283.033634066582,0.0,0.0,0.0,0.0,0.0,0.0,0.0
5179,0.0,365.6079898059368,0.0,0.0,0.0,0.0,0.0,0.0,0.0,0.0,0.0,0.0,0.0,98.61067309081541,0.0,0.0,4720.0453462302685,0.0,198.19568596184243,0.0,0.0,1139.086890421807,0.0,0.0,0.0,0.0,0.0,0.0,0.0,7354.551172608137,0.0,0.0,0.0,0.0,0.0,0.0,0.0
5180,0.0,385.44769588708874,0.0,0.0,0.0,0.0,0.0,0.0,0.0,0.0,0.0,0.0,0.0,108.3961526036261,0.0,0.0,4829.727408587933,0.0,160.45005853772162,0.0,0.0,1133.559498464316,0.0,0.0,0.0,0.0,0.0,0.0,0.0,7349.398918575049,0.0,0.0,0.0,0.0,0.0,0.0,0.0
5181,0.0,392.83759354948995,0.0,0.0,0.0,0.0,0.0,0.0,0.0,0.0,0.0,0.0,0.0,114.91033056378365,0.0,0.0,4946.927977457641,0.0,138.08988343775258,0.0,0.0,1172.5661113321778,0.0,0.0,0.0,0.0,0.0,0.0,0.0,7318.468036979437,0.0,0.0,0.0,0.0,0.0,0.0,0.0
5182,0.0,396.06318109631536,0.0,0.0,0.0,0.0,0.0,0.0,0.0,0.0,0.0,0.0,0.0,120.99048704504962,0.0,0.0,5067.208913177251,0.0,120.48729961514462,0.0,0.0,1150.7424992009992,0.0,0.0,0.0,0.0,0.0,0.0,0.0,7247.461095201969,0.0,0.0,0.0,0.0,0.0,0.0,0.0
5183,0.0,397.2624588668346,0.0,0.0,0.0,0.0,0.0,0.0,0.0,0.0,0.0,0.0,0.0,127.05306835770597,0.0,0.0,5177.580946594477,0.0,104.12845368981347,0.0,0.0,1011.2663582369682,0.0,0.0,0.0,0.0,0.0,0.0,0.0,7133.219046974182,0.0,0.0,0.0,0.0,0.0,0.0,0.0
5184,0.0,421.0761437952518,0.0,0.0,0.0,0.0,0.0,0.0,0.0,0.0,0.0,0.0,0.0,133.4741248250007,0.0,0.0,5558.500978142021,0.0,106.1173316657542,0.0,0.0,654.8390800528227,0.0,0.0,0.0,0.0,0.0,0.0,0.0,7664.2960931658745,0.0,0.0,0.0,0.0,0.0,0.0,0.0
5185,0.0,439.8512404561042,0.0,0.0,0.0,0.0,0.0,0.0,0.0,0.0,0.0,0.0,0.0,141.13732426762581,0.0,0.0,5911.981630742548,0.0,104.69888000637278,0.0,0.0,286.13746761046315,0.0,0.0,0.0,0.0,0.0,0.0,0.0,8118.963707739114,0.0,0.0,0.0,0.0,0.0,0.0,0.0
5186,0.0,452.59600061774256,0.0,0.0,0.0,0.0,0.0,0.0,0.0,0.0,0.0,0.0,0.0,148.98954644203172,0.0,0.0,6214.467821374534,0.0,104.67738258838645,0.0,0.0,106.47424770584318,0.0,0.0,0.0,0.0,0.0,0.0,0.0,8565.742385339736,0.0,0.0,0.0,0.0,0.0,0.0,0.0
5187,0.0,461.1175052046775,0.0,0.0,0.0,0.0,0.0,0.0,0.0,0.0,0.0,0.0,0.0,155.60424360632894,0.0,0.0,6482.044354513286,0.0,112.72331555187695,0.0,0.0,162.849083475396,0.0,0.0,0.0,0.0,0.0,0.0,0.0,8990.906041002272,0.0,0.0,0.0,0.0,0.0,0.0,0.0
5188,0.0,465.12689060568806,0.0,0.0,0.0,0.0,0.0,0.0,0.0,0.0,0.0,0.0,0.0,162.41226762533176,0.0,0.0,6709.99733543396,0.0,120.6877569243311,0.0,0.0,246.05326043777137,0.0,0.0,0.0,0.0,0.0,0.0,0.0,9575.036694592238,0.0,0.0,0.0,0.0,0.0,0.0,0.0
5189,0.0,464.39255531430246,0.0,0.0,0.0,0.0,0.0,0.0,0.0,0.0,0.0,0.0,0.0,165.43315665125846,0.0,0.0,6906.810996770859,0.0,120.30780617892741,0.0,0.0,284.1199964158234,0.0,0.0,0.0,0.0,0.0,0.0,0.0,10074.143585038184,0.0,0.0,0.0,0.0,0.0,0.0,0.0
5190,0.0,440.20539016127583,0.0,0.0,0.0,0.0,0.0,0.0,0.0,0.0,0.0,0.0,0.0,164.79587745070458,0.0,0.0,6756.559102833269,0.0,108.72861213535056,0.0,0.0,307.9170283343635,0.0,0.0,0.0,0.0,0.0,0.0,0.0,9596.695110023022,0.0,0.0,0.0,0.0,0.0,0.0,0.0
5191,0.0,410.44800537228576,0.0,0.0,0.0,0.0,0.0,0.0,0.0,0.0,0.0,0.0,0.0,159.99859619140625,0.0,0.0,6614.807776808737,0.0,96.55596782565112,0.0,0.0,318.2419364411379,0.0,0.0,0.0,0.0,0.0,0.0,0.0,9020.600208055972,0.0,0.0,0.0,0.0,0.0,0.0,0.0
5192,0.0,385.03159874081604,0.0,0.0,0.0,0.0,0.0,0.0,0.0,0.0,0.0,0.0,0.0,154.13768097162247,0.0,0.0,6482.048243865369,0.0,75.81092241704455,0.0,0.0,324.12942216172746,0.0,0.0,0.0,0.0,0.0,0.0,0.0,8408.365035694838,0.0,0.0,0.0,0.0,0.0,0.0,0.0
5193,0.0,365.0710558712482,0.0,0.0,0.0,0.0,0.0,0.0,0.0,0.0,0.0,0.0,0.0,144.48770287036896,0.0,0.0,6359.342297121882,0.0,58.01466916352506,0.0,0.0,326.3408103760322,0.0,0.0,0.0,0.0,0.0,0.0,0.0,7829.547192060947,0.0,0.0,0.0,0.0,0.0,0.0,0.0
5194,0.0,331.8921410858631,0.0,0.0,0.0,0.0,0.0,0.0,0.0,0.0,0.0,0.0,0.0,118.4146712303161,0.0,0.0,5881.365040078757,0.0,37.44642723500719,0.0,0.0,311.18534756451805,0.0,0.0,0.0,0.0,0.0,0.0,0.0,6962.967571270466,0.0,0.0,0.0,0.0,0.0,0.0,0.0
5195,0.0,306.027793854475,0.0,0.0,0.0,0.0,0.0,0.0,0.0,0.0,0.0,0.0,0.0,91.48032742887723,0.0,0.0,5364.6910634189835,0.0,20.86881858967243,0.0,0.0,303.78285674415434,0.0,0.0,0.0,0.0,0.0,0.0,0.0,6149.5717383563515,0.0,0.0,0.0,0.0,0.0,0.0,0.0
5196,0.0,282.64291539788246,0.0,0.0,0.0,0.0,0.0,0.0,0.0,0.0,0.0,0.0,0.0,65.70814165174953,0.0,0.0,4836.560222327708,0.0,15.226250271871635,0.0,0.0,294.41012510396524,0.0,0.0,0.0,0.0,0.0,0.0,0.0,5394.006051549314,0.0,0.0,0.0,0.0,0.0,0.0,0.0
5197,0.0,261.3074367284774,0.0,0.0,0.0,0.0,0.0,0.0,0.0,0.0,0.0,0.0,0.0,43.081678476184535,0.0,0.0,4337.186472669243,0.0,14.88800774086248,0.0,0.0,279.6409068480127,0.0,0.0,0.0,0.0,0.0,0.0,0.0,4723.035617145894,0.0,0.0,0.0,0.0,0.0,0.0,0.0
5198,0.0,243.11102119088173,0.0,0.0,0.0,0.0,0.0,0.0,0.0,0.0,0.0,0.0,0.0,27.167063468694682,0.0,0.0,3886.1492017656556,0.0,15.43146131895466,0.0,0.0,271.5525537818661,0.0,0.0,0.0,0.0,0.0,0.0,0.0,4136.257598888874,0.0,0.0,0.0,0.0,0.0,0.0,0.0
5199,0.0,245.75792761445047,0.0,0.0,0.0,0.0,0.0,0.0,0.0,0.0,0.0,0.0,0.0,24.7518900752067,0.0,0.0,3865.1922059357157,0.0,23.535800788551413,0.0,0.0,390.48526041023393,0.0,0.0,0.0,0.0,0.0,0.0,0.0,3831.403486570714,0.0,0.0,0.0,0.0,0.0,0.0,0.0
5200,0.0,248.1719980716705,0.0,0.0,0.0,0.0,0.0,0.0,0.0,0.0,0.0,0.0,0.0,24.12024322301136,0.0,0.0,3843.7595423459993,0.0,36.24772201925506,0.0,0.0,504.80706385262215,0.0,0.0,0.0,0.0,0.0,0.0,0.0,3597.6452726900566,0.0,0.0,0.0,0.0,0.0,0.0,0.0
5201,0.0,250.4665503680706,0.0,0.0,0.0,0.0,0.0,0.0,0.0,0.0,0.0,0.0,0.0,23.80900133401154,0.0,0.0,3823.865895375608,0.0,41.04773012548672,0.0,0.0,567.4703042395408,0.0,0.0,0.0,0.0,0.0,0.0,0.0,3435.1066287010904,0.0,0.0,0.0,0.0,0.0,0.0,0.0
5202,0.0,252.5664507865905,0.0,0.0,0.0,0.0,0.0,0.0,0.0,0.0,0.0,0.0,0.0,23.87440382689228,0.0,0.0,3803.9971402585493,0.0,47.16514980345957,0.0,0.0,669.1491267241536,0.0,0.0,0.0,0.0,0.0,0.0,0.0,3363.5127899348736,0.0,0.0,0.0,0.0,0.0,0.0,0.0
5203,0.0,244.9359456717968,0.0,0.0,0.0,0.0,0.0,0.0,0.0,0.0,0.0,0.0,0.0,26.177695243805523,0.0,0.0,3755.780453547834,0.0,45.306190039217306,0.0,0.0,688.1807727724309,0.0,0.0,0.0,0.0,0.0,0.0,0.0,3524.3337748378503,0.0,0.0,0.0,0.0,0.0,0.0,0.0
5204,0.0,239.37591032981874,0.0,0.0,0.0,0.0,0.0,0.0,0.0,0.0,0.0,0.0,0.0,26.93408600240939,0.0,0.0,3718.911340475081,0.0,51.305844475328925,0.0,0.0,718.3808886699372,0.0,0.0,0.0,0.0,0.0,0.0,0.0,3725.036995655297,0.0,0.0,0.0,0.0,0.0,0.0,0.0
5205,0.0,234.1187525242567,0.0,0.0,0.0,0.0,0.0,0.0,0.0,0.0,0.0,0.0,0.0,29.55246387645589,0.0,0.0,3693.789626434444,0.0,57.18948992192726,0.0,0.0,754.4362086296081,0.0,0.0,0.0,0.0,0.0,0.0,0.0,3940.488218191265,0.0,0.0,0.0,0.0,0.0,0.0,0.0
5206,0.0,231.52616233527655,0.0,0.0,0.0,0.0,0.0,0.0,0.0,0.0,0.0,0.0,0.0,35.620276828110136,0.0,0.0,3669.473008275032,0.0,62.38144612610329,0.0,0.0,792.8576644018285,0.0,0.0,0.0,0.0,0.0,0.0,0.0,4138.5281633943305,0.0,0.0,0.0,0.0,0.0,0.0,0.0
5207,0.0,232.69480305612086,0.0,0.0,0.0,0.0,0.0,0.0,0.0,0.0,0.0,0.0,0.0,47.06179565787305,0.0,0.0,3641.5583505034424,0.0,64.90395063310845,0.0,0.0,824.9951339431102,0.0,0.0,0.0,0.0,0.0,0.0,0.0,4247.589028593897,0.0,0.0,0.0,0.0,0.0,0.0,0.0
5208,0.0,267.66069670915596,0.0,0.0,0.0,0.0,0.0,0.0,0.0,0.0,0.0,0.0,0.0,67.32221577018488,0.0,0.0,3860.346462175248,0.0,84.48425985872743,0.0,0.0,1183.8422876290974,0.0,0.0,0.0,0.0,0.0,0.0,0.0,4795.681386497617,0.0,0.0,0.0,0.0,0.0,0.0,0.0
5209,0.0,298.9771762669086,0.0,0.0,0.0,0.0,0.0,0.0,0.0,0.0,0.0,0.0,0.0,90.87801922708738,0.0,0.0,4107.354156821966,0.0,99.9207324251532,0.0,0.0,1461.8244546309113,0.0,0.0,0.0,0.0,0.0,0.0,0.0,5172.232035514712,0.0,0.0,0.0,0.0,0.0,0.0,0.0
5210,0.0,329.7905292570591,0.0,0.0,0.0,0.0,0.0,0.0,0.0,0.0,0.0,0.0,0.0,114.58841803669921,0.0,0.0,4379.587800145149,0.0,113.72034075111132,0.0,0.0,1663.059003424644,0.0,0.0,0.0,0.0,0.0,0.0,0.0,5414.538405844569,0.0,0.0,0.0,0.0,0.0,0.0,0.0
5211,0.0,357.5784174799919,0.0,0.0,0.0,0.0,0.0,0.0,0.0,0.0,0.0,0.0,0.0,136.21295929551113,0.0,0.0,4664.366548612712,0.0,128.39006466567506,0.0,0.0,1814.897997754812,0.0,0.0,0.0,0.0,0.0,0.0,0.0,5581.43050198853,0.0,0.0,0.0,0.0,0.0,0.0,0.0
5212,0.0,385.8956645429134,0.0,0.0,0.0,0.0,0.0,0.0,0.0,0.0,0.0,0.0,0.0,156.72275513410563,0.0,0.0,4995.360523208974,0.0,139.30958216786382,0.0,0.0,1874.5829618543385,0.0,0.0,0.0,0.0,0.0,0.0,0.0,5755.048227888344,0.0,0.0,0.0,0.0,0.0,0.0,0.0
5213,0.0,399.4337054550648,0.0,0.0,0.0,0.0,0.0,0.0,0.0,0.0,0.0,0.0,0.0,176.53696435689923,0.0,0.0,5366.045724749565,0.0,142.71718598604195,0.0,0.0,1774.7509681284419,0.0,0.0,0.0,0.0,0.0,0.0,0.0,5865.304945424198,0.0,0.0,0.0,0.0,0.0,0.0,0.0
5214,0.0,374.14038008451456,0.0,0.0,0.0,0.0,0.0,0.0,0.0,0.0,0.0,0.0,0.0,191.8430083274841,0.0,0.0,5334.277496933937,0.0,131.54952558875067,0.0,0.0,1616.9769927889106,0.0,0.0,0.0,0.0,0.0,0.0,0.0,5363.04587934613,0.0,0.0,0.0,0.0,0.0,0.0,0.0
5215,0.0,352.1694912493229,0.0,0.0,0.0,0.0,0.0,0.0,0.0,0.0,0.0,0.0,0.0,192.64496506452556,0.0,0.0,5302.809138163924,0.0,113.71781382262702,0.0,0.0,1445.0888557299963,0.0,0.0,0.0,0.0,0.0,0.0,0.0,4900.943151411413,0.0,0.0,0.0,0.0,0.0,0.0,0.0
5216,0.0,331.063762396574,0.0,0.0,0.0,0.0,0.0,0.0,0.0,0.0,0.0,0.0,0.0,185.22320001721383,0.0,0.0,5277.599135830997,0.0,84.90448584258539,0.0,0.0,1281.8146610364313,0.0,0.0,0.0,0.0,0.0,0.0,0.0,4485.858357653021,0.0,0.0,0.0,0.0,0.0,0.0,0.0
5217,0.0,311.16309083104136,0.0,0.0,0.0,0.0,0.0,0.0,0.0,0.0,0.0,0.0,0.0,176.66359972357742,0.0,0.0,5283.608184799551,0.0,64.96553062051534,0.0,0.0,1129.367954079061,0.0,0.0,0.0,0.0,0.0,0.0,0.0,4120.434161776304,0.0,0.0,0.0,0.0,0.0,0.0,0.0
5218,0.0,270.7747620284557,0.0,0.0,0.0,0.0,0.0,0.0,0.0,0.0,0.0,0.0,0.0,153.64035301804543,0.0,0.0,4941.8776537775975,0.0,52.2820614188908,0.0,0.0,982.0491488255553,0.0,0.0,0.0,0.0,0.0,0.0,0.0,3658.7935745388268,0.0,0.0,0.0,0.0,0.0,0.0,0.0
5219,0.0,240.15516312718387,0.0,0.0,0.0,0.0,0.0,0.0,0.0,0.0,0.0,0.0,0.0,140.35686572790146,0.0,0.0,4647.307461440563,0.0,47.067577758431256,0.0,0.0,871.7592601843171,0.0,0.0,0.0,0.0,0.0,0.0,0.0,3219.757380872965,0.0,0.0,0.0,0.0,0.0,0.0,0.0
5220,0.0,221.07375208139416,0.0,0.0,0.0,0.0,0.0,0.0,0.0,0.0,0.0,0.0,0.0,133.58551642298687,0.0,0.0,4467.292300686238,0.0,40.852193287014856,0.0,0.0,779.5609514772884,0.0,0.0,0.0,0.0,0.0,0.0,0.0,2821.906674352288,0.0,0.0,0.0,0.0,0.0,0.0,0.0
5221,0.0,200.0932507663965,0.0,0.0,0.0,0.0,0.0,0.0,0.0,0.0,0.0,0.0,0.0,130.63564542531958,0.0,0.0,4404.358305692671,0.0,39.982092519104384,0.0,0.0,709.6741507284343,0.0,0.0,0.0,0.0,0.0,0.0,0.0,2465.619159169494,0.0,0.0,0.0,0.0,0.0,0.0,0.0
5222,0.0,166.4496740609407,0.0,0.0,0.0,0.0,0.0,0.0,0.0,0.0,0.0,0.0,0.0,127.21817182302466,0.0,0.0,4430.073923796415,0.0,45.40483658462762,0.0,0.0,651.124683556705,0.0,0.0,0.0,0.0,0.0,0.0,0.0,2169.5976114839305,0.0,0.0,0.0,0.0,0.0,0.0,0.0
5223,0.0,140.724231621623,0.0,0.0,0.0,0.0,0.0,0.0,0.0,0.0,0.0,0.0,0.0,131.65939899682988,0.0,0.0,4579.934159979223,0.0,70.86192927509535,0.0,0.0,706.6237799987189,0.0,0.0,0.0,0.0,0.0,0.0,0.0,2026.322785353659,0.0,0.0,0.0,0.0,0.0,0.0,0.0
5224,0.0,115.82449554651969,0.0,0.0,0.0,0.0,0.0,0.0,0.0,0.0,0.0,0.0,0.0,130.40606978535644,0.0,0.0,4718.489216461777,0.0,97.40088082253922,0.0,0.0,758.899403359741,0.0,0.0,0.0,0.0,0.0,0.0,0.0,1917.0024632290003,0.0,0.0,0.0,0.0,0.0,0.0,0.0
5225,0.0,90.51804001182315,0.0,0.0,0.0,0.0,0.0,0.0,0.0,0.0,0.0,0.0,0.0,114.58303788304325,0.0,0.0,4849.2165629416695,0.0,116.53483517915006,0.0,0.0,780.4537872165432,0.0,0.0,0.0,0.0,0.0,0.0,0.0,1952.1745163172484,0.0,0.0,0.0,0.0,0.0,0.0,0.0
5226,0.0,70.33786147981883,0.0,0.0,0.0,0.0,0.0,0.0,0.0,0.0,0.0,0.0,0.0,101.23115538954735,0.0,0.0,4987.558482930062,0.0,140.2076421767473,0.0,0.0,820.0357175186276,0.0,0.0,0.0,0.0,0.0,0.0,0.0,2061.781777912376,0.0,0.0,0.0,0.0,0.0,0.0,0.0
5227,0.0,66.30590510219332,0.0,0.0,0.0,0.0,0.0,0.0,0.0,0.0,0.0,0.0,0.0,99.91627946197978,0.0,0.0,5206.390544280408,0.0,157.0663901418447,0.0,0.0,818.5464469179509,0.0,0.0,0.0,0.0,0.0,0.0,0.0,2293.5100803658356,0.0,0.0,0.0,0.0,0.0,0.0,0.0
5228,0.0,63.94632622897617,0.0,0.0,0.0,0.0,0.0,0.0,0.0,0.0,0.0,0.0,0.0,102.40248209238048,0.0,0.0,5346.6234672516575,0.0,167.84779358804218,0.0,0.0,831.4492706269021,0.0,0.0,0.0,0.0,0.0,0.0,0.0,2469.435797658562,0.0,0.0,0.0,0.0,0.0,0.0,0.0
5229,0.0,60.53556970059865,0.0,0.0,0.0,0.0,0.0,0.0,0.0,0.0,0.0,0.0,0.0,110.08747115731238,0.0,0.0,5422.92360961437,0.0,177.4101504147051,0.0,0.0,872.7600294403723,0.0,0.0,0.0,0.0,0.0,0.0,0.0,2616.7270531505333,0.0,0.0,0.0,0.0,0.0,0.0,0.0
5230,0.0,58.22942330092183,0.0,0.0,0.0,0.0,0.0,0.0,0.0,0.0,0.0,0.0,0.0,122.49209913909434,0.0,0.0,5448.086939722299,0.0,191.3758987307547,0.0,0.0,930.0930117018514,0.0,0.0,0.0,0.0,0.0,0.0,0.0,2746.090287134051,0.0,0.0,0.0,0.0,0.0,0.0,0.0
5231,0.0,57.78616803735486,0.0,0.0,0.0,0.0,0.0,0.0,0.0,0.0,0.0,0.0,0.0,139.13765565752982,0.0,0.0,5436.184744477272,0.0,216.8855752468109,0.0,0.0,995.8633522510524,0.0,0.0,0.0,0.0,0.0,0.0,0.0,2864.289098671078,0.0,0.0,0.0,0.0,0.0,0.0,0.0
5232,0.0,71.30949362665409,0.0,0.0,0.0,0.0,0.0,0.0,0.0,0.0,0.0,0.0,0.0,157.62110629081712,0.0,0.0,5919.376455858348,0.0,280.33765355348584,0.0,0.0,1547.4797669425607,0.0,0.0,0.0,0.0,0.0,0.0,0.0,3396.654208371042,0.0,0.0,0.0,0.0,0.0,0.0,0.0
5233,0.0,83.41832458823919,0.0,0.0,0.0,0.0,0.0,0.0,0.0,0.0,0.0,0.0,0.0,175.77961806058875,0.0,0.0,6333.210907280443,0.0,348.42955789566037,0.0,0.0,1988.367595472932,0.0,0.0,0.0,0.0,0.0,0.0,0.0,3922.1407262533903,0.0,0.0,0.0,0.0,0.0,0.0,0.0
5234,0.0,93.42564893066881,0.0,0.0,0.0,0.0,0.0,0.0,0.0,0.0,0.0,0.0,0.0,191.5236737906932,0.0,0.0,6704.509459644556,0.0,412.71648594737053,0.0,0.0,2354.618867307901,0.0,0.0,0.0,0.0,0.0,0.0,0.0,4440.446344318985,0.0,0.0,0.0,0.0,0.0,0.0,0.0
5235,0.0,99.59732407182449,0.0,0.0,0.0,0.0,0.0,0.0,0.0,0.0,0.0,0.0,0.0,204.3782059133053,0.0,0.0,7045.747987627981,0.0,463.0634536921978,0.0,0.0,2633.5678188890215,0.0,0.0,0.0,0.0,0.0,0.0,0.0,4950.953066909312,0.0,0.0,0.0,0.0,0.0,0.0,0.0
5236,0.0,105.23896001726384,0.0,0.0,0.0,0.0,0.0,0.0,0.0,0.0,0.0,0.0,0.0,212.97968173623076,0.0,0.0,7360.576259225605,0.0,506.06152057647694,0.0,0.0,2780.191792666912,0.0,0.0,0.0,0.0,0.0,0.0,0.0,5488.6982464790335,0.0,0.0,0.0,0.0,0.0,0.0,0.0
5237,0.0,111.14308702200645,0.0,0.0,0.0,0.0,0.0,0.0,0.0,0.0,0.0,0.0,0.0,214.80532479286194,0.0,0.0,7613.199789345263,0.0,540.3827523350716,0.0,0.0,2679.323455524444,0.0,0.0,0.0,0.0,0.0,0.0,0.0,6022.014035281538,0.0,0.0,0.0,0.0,0.0,0.0,0.0
5238,0.0,104.97850301116705,0.0,0.0,0.0,0.0,0.0,0.0,0.0,0.0,0.0,0.0,0.0,214.22870682477944,0.0,0.0,7466.799909710882,0.0,548.5216258764267,0.0,0.0,2667.0983574181796,0.0,0.0,0.0,0.0,0.0,0.0,0.0,5702.318263623119,0.0,0.0,0.0,0.0,0.0,0.0,0.0
5239,0.0,97.83642316907638,0.0,0.0,0.0,0.0,0.0,0.0,0.0,0.0,0.0,0.0,0.0,203.592994904518,0.0,0.0,7342.862594097851,0.0,536.0367317557334,0.0,0.0,2638.888805025816,0.0,0.0,0.0,0.0,0.0,0.0,0.0,5336.410591915249,0.0,0.0,0.0,0.0,0.0,0.0,0.0
5240,0.0,93.4645975425839,0.0,0.0,0.0,0.0,0.0,0.0,0.0,0.0,0.0,0.0,0.0,194.46937516927716,0.0,0.0,7271.907588303087,0.0,515.2443638682365,0.0,0.0,2584.767034113407,0.0,0.0,0.0,0.0,0.0,0.0,0.0,4900.920008215308,0.0,0.0,0.0,0.0,0.0,0.0,0.0
5241,0.0,94.67589025497428,0.0,0.0,0.0,0.0,0.0,0.0,0.0,0.0,0.0,0.0,0.0,192.0445174992084,0.0,0.0,7278.336687296627,0.0,488.45085947513576,0.0,0.0,2506.154951445758,0.0,0.0,0.0,0.0,0.0,0.0,0.0,4490.037512612342,0.0,0.0,0.0,0.0,0.0,0.0,0.0
5242,0.0,84.87080691307776,0.0,0.0,0.0,0.0,0.0,0.0,0.0,0.0,0.0,0.0,0.0,175.59516845941533,0.0,0.0,7110.322900265453,0.0,445.75294130444513,0.0,0.0,2263.790617918968,0.0,0.0,0.0,0.0,0.0,0.0,0.0,3956.578525283933,0.0,0.0,0.0,0.0,0.0,0.0,0.0
5243,0.0,76.50891237705945,0.0,0.0,0.0,0.0,0.0,0.0,0.0,0.0,0.0,0.0,0.0,164.15276975035667,0.0,0.0,6969.042185842991,0.0,409.8037451326846,0.0,0.0,2038.3948561996222,0.0,0.0,0.0,0.0,0.0,0.0,0.0,3488.4267444670186,0.0,0.0,0.0,0.0,0.0,0.0,0.0
5244,0.0,69.19682075679297,0.0,0.0,0.0,0.0,0.0,0.0,0.0,0.0,0.0,0.0,0.0,158.91505566239346,0.0,0.0,6851.150479108093,0.0,382.8984630584717,0.0,0.0,1831.7421356901523,0.0,0.0,0.0,0.0,0.0,0.0,0.0,3082.1772274345144,0.0,0.0,0.0,0.0,0.0,0.0,0.0
5245,0.0,62.31474902629847,0.0,0.0,0.0,0.0,0.0,0.0,0.0,0.0,0.0,0.0,0.0,156.7386714220046,0.0,0.0,6738.246477484701,0.0,369.8013853132725,0.0,0.0,1633.8560993671415,0.0,0.0,0.0,0.0,0.0,0.0,0.0,2739.877243010699,0.0,0.0,0.0,0.0,0.0,0.0,0.0
5246,0.0,55.37229397147888,0.0,0.0,0.0,0.0,0.0,0.0,0.0,0.0,0.0,0.0,0.0,151.4732495427131,0.0,0.0,6623.706614375113,0.0,363.03917648196204,0.0,0.0,1447.5745055839416,0.0,0.0,0.0,0.0,0.0,0.0,0.0,2452.2718632340425,0.0,0.0,0.0,0.0,0.0,0.0,0.0
5247,0.0,42.62047774940727,0.0,0.0,0.0,0.0,0.0,0.0,0.0,0.0,0.0,0.0,0.0,144.21293393969532,0.0,0.0,6881.769792318344,0.0,377.945208966732,0.0,0.0,1466.9755930736656,0.0,0.0,0.0,0.0,0.0,0.0,0.0,2176.5667872175554,0.0,0.0,0.0,0.0,0.0,0.0,0.0
5248,0.0,32.69119792431586,0.0,0.0,0.0,0.0,0.0,0.0,0.0,0.0,0.0,0.0,0.0,132.1526245832443,0.0,0.0,7100.730980157852,0.0,401.70367217063904,0.0,0.0,1505.8646598324178,0.0,0.0,0.0,0.0,0.0,0.0,0.0,1991.4060306474557,0.0,0.0,0.0,0.0,0.0,0.0,0.0
5249,0.0,25.39398294836276,0.0,0.0,0.0,0.0,0.0,0.0,0.0,0.0,0.0,0.0,0.0,122.68376711308954,0.0,0.0,7216.103942483664,0.0,399.85313056111335,0.0,0.0,1544.4720095157618,0.0,0.0,0.0,0.0,0.0,0.0,0.0,1827.7659151688204,0.0,0.0,0.0,0.0,0.0,0.0,0.0
5250,0.0,23.09816638268529,0.0,0.0,0.0,0.0,0.0,0.0,0.0,0.0,0.0,0.0,0.0,112.41694318652154,0.0,0.0,7306.74840426445,0.0,404.09822220802306,0.0,0.0,1571.2859951600424,0.0,0.0,0.0,0.0,0.0,0.0,0.0,1696.829667074977,0.0,0.0,0.0,0.0,0.0,0.0,0.0
5251,0.0,30.335929139703463,0.0,0.0,0.0,0.0,0.0,0.0,0.0,0.0,0.0,0.0,0.0,105.92295201122752,0.0,0.0,7401.5256915688515,0.0,401.5120702266692,0.0,0.0,1536.4428457975378,0.0,0.0,0.0,0.0,0.0,0.0,0.0,2065.6795983940347,0.0,0.0,0.0,0.0,0.0,0.0,0.0
5252,0.0,49.328357371687794,0.0,0.0,0.0,0.0,0.0,0.0,0.0,0.0,0.0,0.0,0.0,98.32463946342455,0.0,0.0,7460.80952963233,0.0,401.512307357788,0.0,0.0,1518.5622130662193,0.0,0.0,0.0,0.0,0.0,0.0,0.0,2372.52185590267,0.0,0.0,0.0,0.0,0.0,0.0,0.0
5253,0.0,50.4871434554457,0.0,0.0,0.0,0.0,0.0,0.0,0.0,0.0,0.0,0.0,0.0,94.63572590053069,0.0,0.0,7500.8877471089345,0.0,405.2363033711909,0.0,0.0,1546.5107873618604,0.0,0.0,0.0,0.0,0.0,0.0,0.0,2627.273299132287,0.0,0.0,0.0,0.0,0.0,0.0,0.0
5254,0.0,51.01592013537877,0.0,0.0,0.0,0.0,0.0,0.0,0.0,0.0,0.0,0.0,0.0,94.21606270670881,0.0,0.0,7553.139636605978,0.0,402.80600581765174,0.0,0.0,1575.987839524448,0.0,0.0,0.0,0.0,0.0,0.0,0.0,2847.5681394845246,0.0,0.0,0.0,0.0,0.0,0.0,0.0
5255,0.0,51.240823294222324,0.0,0.0,0.0,0.0,0.0,0.0,0.0,0.0,0.0,0.0,0.0,97.38068029582494,0.0,0.0,7606.729463219643,0.0,383.8622232079505,0.0,0.0,1569.992155373096,0.0,0.0,0.0,0.0,0.0,0.0,0.0,3027.720744578539,0.0,0.0,0.0,0.0,0.0,0.0,0.0
5256,0.0,65.64191999584432,0.0,0.0,0.0,0.0,0.0,0.0,0.0,0.0,0.0,0.0,0.0,106.52919445037831,0.0,0.0,7883.68166849017,0.0,370.9978896558284,0.0,0.0,1620.7137934371824,0.0,0.0,0.0,0.0,0.0,0.0,0.0,3347.8622035682183,0.0,0.0,0.0,0.0,0.0,0.0,0.0
5257,0.0,75.30196131616825,0.0,0.0,0.0,0.0,0.0,0.0,0.0,0.0,0.0,0.0,0.0,117.13119074106217,0.0,0.0,8121.007598996162,0.0,340.59317473769175,0.0,0.0,1453.7812126278877,0.0,0.0,0.0,0.0,0.0,0.0,0.0,3630.967858958244,0.0,0.0,0.0,0.0,0.0,0.0,0.0
5258,0.0,82.66777999699109,0.0,0.0,0.0,0.0,0.0,0.0,0.0,0.0,0.0,0.0,0.0,128.52577333450319,0.0,0.0,8329.12994045019,0.0,303.8342350780964,0.0,0.0,1144.2250102356072,0.0,0.0,0.0,0.0,0.0,0.0,0.0,3875.7350019365545,0.0,0.0,0.0,0.0,0.0,0.0,0.0
5259,0.0,91.62936953008172,0.0,0.0,0.0,0.0,0.0,0.0,0.0,0.0,0.0,0.0,0.0,140.51665629148476,0.0,0.0,8511.706239551306,0.0,270.5902010679245,0.0,0.0,932.1194521263241,0.0,0.0,0.0,0.0,0.0,0.0,0.0,4089.6555190175754,0.0,0.0,0.0,0.0,0.0,0.0,0.0
5260,0.0,96.02122005969281,0.0,0.0,0.0,0.0,0.0,0.0,0.0,0.0,0.0,0.0,0.0,153.7107433617114,0.0,0.0,8672.171572059393,0.0,246.0261441707611,0.0,0.0,812.8512508884072,0.0,0.0,0.0,0.0,0.0,0.0,0.0,4287.695464220643,0.0,0.0,0.0,0.0,0.0,0.0,0.0
5261,0.0,99.24331464618442,0.0,0.0,0.0,0.0,0.0,0.0,0.0,0.0,0.0,0.0,0.0,163.1973217129707,0.0,0.0,8800.853897213936,0.0,222.7819146186112,0.0,0.0,725.0523304916917,0.0,0.0,0.0,0.0,0.0,0.0,0.0,4458.189220258591,0.0,0.0,0.0,0.0,0.0,0.0,0.0
5262,0.0,102.52363926619287,0.0,0.0,0.0,0.0,0.0,0.0,0.0,0.0,0.0,0.0,0.0,168.92953917384142,0.0,0.0,8587.127777278421,0.0,191.4117944538593,0.0,0.0,596.41809615232,0.0,0.0,0.0,0.0,0.0,0.0,0.0,4250.1409275770175,0.0,0.0,0.0,0.0,0.0,0.0,0.0
5263,0.0,105.25179559439417,0.0,0.0,0.0,0.0,0.0,0.0,0.0,0.0,0.0,0.0,0.0,168.1225833773613,0.0,0.0,8382.124696195124,0.0,150.83359135389327,0.0,0.0,482.7867720276114,0.0,0.0,0.0,0.0,0.0,0.0,0.0,4069.6077253907906,0.0,0.0,0.0,0.0,0.0,0.0,0.0
5264,0.0,111.6381475165486,0.0,0.0,0.0,0.0,0.0,0.0,0.0,0.0,0.0,0.0,0.0,170.85489441156383,0.0,0.0,8199.269919484852,0.0,126.50379036068904,0.0,0.0,392.2385745406142,0.0,0.0,0.0,0.0,0.0,0.0,0.0,3859.523193064331,0.0,0.0,0.0,0.0,0.0,0.0,0.0
5265,0.0,116.73937059491868,0.0,0.0,0.0,0.0,0.0,0.0,0.0,0.0,0.0,0.0,0.0,177.97830752134317,0.0,0.0,8127.692617356777,0.0,115.00074504762881,0.0,0.0,323.08955917395616,0.0,0.0,0.0,0.0,0.0,0.0,0.0,3660.8457251310347,0.0,0.0,0.0,0.0,0.0,0.0,0.0
5266,0.0,103.92139854580162,0.0,0.0,0.0,0.0,0.0,0.0,0.0,0.0,0.0,0.0,0.0,173.0073818027972,0.0,0.0,7920.446935862303,0.0,100.9296364113688,0.0,0.0,292.53173373900296,0.0,0.0,0.0,0.0,0.0,0.0,0.0,3347.1397019147853,0.0,0.0,0.0,0.0,0.0,0.0,0.0
5267,0.0,95.56549394577739,0.0,0.0,0.0,0.0,0.0,0.0,0.0,0.0,0.0,0.0,0.0,176.6588472545146,0.0,0.0,7752.232458263634,0.0,94.26092393398271,0.0,0.0,257.9998204361647,0.0,0.0,0.0,0.0,0.0,0.0,0.0,3066.484332412481,0.0,0.0,0.0,0.0,0.0,0.0,0.0
5268,0.0,88.716345821321,0.0,0.0,0.0,0.0,0.0,0.0,0.0,0.0,0.0,0.0,0.0,185.53253643512724,0.0,0.0,7635.969612181185,0.0,91.46792692393048,0.0,0.0,224.71867947913694,0.0,0.0,0.0,0.0,0.0,0.0,0.0,2821.7209863647804,0.0,0.0,0.0,0.0,0.0,0.0,0.0
5269,0.0,83.47641434222457,0.0,0.0,0.0,0.0,0.0,0.0,0.0,0.0,0.0,0.0,0.0,191.3479221045971,0.0,0.0,7543.851863831282,0.0,91.40291594564899,0.0,0.0,218.4658395610746,0.0,0.0,0.0,0.0,0.0,0.0,0.0,2608.329869894683,0.0,0.0,0.0,0.0,0.0,0.0,0.0
5270,0.0,79.31840277761216,0.0,0.0,0.0,0.0,0.0,0.0,0.0,0.0,0.0,0.0,0.0,202.14342458844186,0.0,0.0,7454.639461487532,0.0,99.68423118591305,0.0,0.0,221.08069173842603,0.0,0.0,0.0,0.0,0.0,0.0,0.0,2421.093819536267,0.0,0.0,0.0,0.0,0.0,0.0,0.0
5271,0.0,67.57258718758814,0.0,0.0,0.0,0.0,0.0,0.0,0.0,0.0,0.0,0.0,0.0,228.31872398257255,0.0,0.0,7649.128846019506,0.0,110.37055246382937,0.0,0.0,249.72489225156593,0.0,0.0,0.0,0.0,0.0,0.0,0.0,2063.6129833042614,0.0,0.0,0.0,0.0,0.0,0.0,0.0
5272,0.0,60.61688273102045,0.0,0.0,0.0,0.0,0.0,0.0,0.0,0.0,0.0,0.0,0.0,250.71780561208718,0.0,0.0,7765.473368495703,0.0,116.25246388912196,0.0,0.0,267.91827483661376,0.0,0.0,0.0,0.0,0.0,0.0,0.0,1780.871652446685,0.0,0.0,0.0,0.0,0.0,0.0,0.0
5273,0.0,53.02430218756196,0.0,0.0,0.0,0.0,0.0,0.0,0.0,0.0,0.0,0.0,0.0,258.0207140982151,0.0,0.0,7838.638304144142,0.0,103.70785718858228,0.0,0.0,266.9214792899786,0.0,0.0,0.0,0.0,0.0,0.0,0.0,1612.995789662002,0.0,0.0,0.0,0.0,0.0,0.0,0.0
5274,0.0,46.85246572494501,0.0,0.0,0.0,0.0,0.0,0.0,0.0,0.0,0.0,0.0,0.0,254.30571799874295,0.0,0.0,7879.881771504877,0.0,88.20727029591785,0.0,0.0,269.90520523600236,0.0,0.0,0.0,0.0,0.0,0.0,0.0,1562.7573351025578,0.0,0.0,0.0,0.0,0.0,0.0,0.0
5275,0.0,62.40808401256797,0.0,0.0,0.0,0.0,0.0,0.0,0.0,0.0,0.0,0.0,0.0,265.82547883391373,0.0,0.0,8030.1398884058,0.0,59.07646820992225,0.0,0.0,295.8238195359701,0.0,0.0,0.0,0.0,0.0,0.0,0.0,1808.3397333249436,0.0,0.0,0.0,0.0,0.0,0.0,0.0
5276,0.0,75.88120355755089,0.0,0.0,0.0,0.0,0.0,0.0,0.0,0.0,0.0,0.0,0.0,278.406609481573,0.0,0.0,8150.255526661871,0.0,32.5920086525379,0.0,0.0,300.39029286615477,0.0,0.0,0.0,0.0,0.0,0.0,0.0,1998.5093645960071,0.0,0.0,0.0,0.0,0.0,0.0,0.0
5277,0.0,88.32576552182435,0.0,0.0,0.0,0.0,0.0,0.0,0.0,0.0,0.0,0.0,0.0,289.83497495651244,0.0,0.0,8254.217129975556,0.0,16.04728898182494,0.0,0.0,306.44588541760976,0.0,0.0,0.0,0.0,0.0,0.0,0.0,2156.9296045154315,0.0,0.0,0.0,0.0,0.0,0.0,0.0
5278,0.0,99.00787649452678,0.0,0.0,0.0,0.0,0.0,0.0,0.0,0.0,0.0,0.0,0.0,299.125738132,0.0,0.0,8340.79099586606,0.0,14.367882862873273,0.0,0.0,301.2376769386228,0.0,0.0,0.0,0.0,0.0,0.0,0.0,2275.1369139447797,0.0,0.0,0.0,0.0,0.0,0.0,0.0
5279,0.0,107.22749251574274,0.0,0.0,0.0,0.0,0.0,0.0,0.0,0.0,0.0,0.0,0.0,303.7935594439506,0.0,0.0,8411.769337773321,0.0,14.571873981505584,0.0,0.0,283.3558331720522,0.0,0.0,0.0,0.0,0.0,0.0,0.0,2353.537202847002,0.0,0.0,0.0,0.0,0.0,0.0,0.0
5280,0.0,106.08829646855587,0.0,0.0,0.0,0.0,0.0,0.0,0.0,0.0,0.0,0.0,0.0,299.24497578740113,0.0,0.0,8497.041826456783,0.0,24.66395023353389,0.0,0.0,541.8324608936905,0.0,0.0,0.0,0.0,0.0,0.0,0.0,2889.7339579522604,0.0,0.0,0.0,0.0,0.0,0.0,0.0
5281,0.0,105.64823957830662,0.0,0.0,0.0,0.0,0.0,0.0,0.0,0.0,0.0,0.0,0.0,289.49044336676593,0.0,0.0,8557.10431280732,0.0,37.03850242793556,0.0,0.0,690.5368418544523,0.0,0.0,0.0,0.0,0.0,0.0,0.0,3375.1762375473963,0.0,0.0,0.0,0.0,0.0,0.0,0.0
5282,0.0,106.77576436847443,0.0,0.0,0.0,0.0,0.0,0.0,0.0,0.0,0.0,0.0,0.0,276.0591587722301,0.0,0.0,8599.208882719277,0.0,50.55373867005108,0.0,0.0,794.6352370820937,0.0,0.0,0.0,0.0,0.0,0.0,0.0,3812.6094032704827,0.0,0.0,0.0,0.0,0.0,0.0,0.0
5283,0.0,107.26982887834305,0.0,0.0,0.0,0.0,0.0,0.0,0.0,0.0,0.0,0.0,0.0,261.687759578228,0.0,0.0,8627.079979747532,0.0,65.65804982185351,0.0,0.0,820.8014702461652,0.0,0.0,0.0,0.0,0.0,0.0,0.0,4212.804081621765,0.0,0.0,0.0,0.0,0.0,0.0,0.0
5284,0.0,123.19888530671591,0.0,0.0,0.0,0.0,0.0,0.0,0.0,0.0,0.0,0.0,0.0,245.74374147057523,0.0,0.0,8651.090505897997,0.0,76.6606669604777,0.0,0.0,778.9364357359701,0.0,0.0,0.0,0.0,0.0,0.0,0.0,4627.721448820828,0.0,0.0,0.0,0.0,0.0,0.0,0.0
5285,0.0,133.73522480428213,0.0,0.0,0.0,0.0,0.0,0.0,0.0,0.0,0.0,0.0,0.0,225.93415021300314,0.0,0.0,8655.839404791594,0.0,82.61116115152818,0.0,0.0,717.6057504191989,0.0,0.0,0.0,0.0,0.0,0.0,0.0,4995.173567256331,0.0,0.0,0.0,0.0,0.0,0.0,0.0
5286,0.0,137.81388023793696,0.0,0.0,0.0,0.0,0.0,0.0,0.0,0.0,0.0,0.0,0.0,203.97684645056722,0.0,0.0,8331.416879475117,0.0,78.06998166143883,0.0,0.0,672.1609713949262,0.0,0.0,0.0,0.0,0.0,0.0,0.0,5043.969188183545,0.0,0.0,0.0,0.0,0.0,0.0,0.0
5287,0.0,133.10535567998886,0.0,0.0,0.0,0.0,0.0,0.0,0.0,0.0,0.0,0.0,0.0,183.17697066068638,0.0,0.0,8032.6539655923825,0.0,68.688111257553,0.0,0.0,646.2940910071126,0.0,0.0,0.0,0.0,0.0,0.0,0.0,5115.446949356793,0.0,0.0,0.0,0.0,0.0,0.0,0.0
5288,0.0,126.2816542625427,0.0,0.0,0.0,0.0,0.0,0.0,0.0,0.0,0.0,0.0,0.0,167.37718550562846,0.0,0.0,7814.720344573259,0.0,54.137160392105514,0.0,0.0,552.6597972504787,0.0,0.0,0.0,0.0,0.0,0.0,0.0,5154.541231766343,0.0,0.0,0.0,0.0,0.0,0.0,0.0
5289,0.0,125.5334593534469,0.0,0.0,0.0,0.0,0.0,0.0,0.0,0.0,0.0,0.0,0.0,151.84405421614636,0.0,0.0,7659.108145594595,0.0,44.84796379357558,0.0,0.0,513.7944592136887,0.0,0.0,0.0,0.0,0.0,0.0,0.0,5141.139874771237,0.0,0.0,0.0,0.0,0.0,0.0,0.0
5290,0.0,112.3873243823647,0.0,0.0,0.0,0.0,0.0,0.0,0.0,0.0,0.0,0.0,0.0,122.62652451992031,0.0,0.0,7345.080302655697,0.0,27.582074665650705,0.0,0.0,533.4926666334266,0.0,0.0,0.0,0.0,0.0,0.0,0.0,4610.023774436116,0.0,0.0,0.0,0.0,0.0,0.0,0.0
5291,0.0,101.78874987065787,0.0,0.0,0.0,0.0,0.0,0.0,0.0,0.0,0.0,0.0,0.0,98.27756311893464,0.0,0.0,7047.554980605839,0.0,25.38069941848516,0.0,0.0,542.5349748741829,0.0,0.0,0.0,0.0,0.0,0.0,0.0,4133.945087340473,0.0,0.0,0.0,0.0,0.0,0.0,0.0
5292,0.0,92.89419992566108,0.0,0.0,0.0,0.0,0.0,0.0,0.0,0.0,0.0,0.0,0.0,79.77853245735156,0.0,0.0,6743.497880667446,0.0,25.99601761996729,0.0,0.0,546.7981217186889,0.0,0.0,0.0,0.0,0.0,0.0,0.0,3690.98214419782,0.0,0.0,0.0,0.0,0.0,0.0,0.0
5293,0.0,85.75224633514881,0.0,0.0,0.0,0.0,0.0,0.0,0.0,0.0,0.0,0.0,0.0,67.85921675264835,0.0,0.0,6459.013167217372,0.0,26.123344062641195,0.0,0.0,547.1869397241613,0.0,0.0,0.0,0.0,0.0,0.0,0.0,3295.645728966592,0.0,0.0,0.0,0.0,0.0,0.0,0.0
5294,0.0,80.25088290721172,0.0,0.0,0.0,0.0,0.0,0.0,0.0,0.0,0.0,0.0,0.0,62.40764155685892,0.0,0.0,6193.32685919106,0.0,29.231425341591095,0.0,0.0,546.5321859464049,0.0,0.0,0.0,0.0,0.0,0.0,0.0,2942.0292640656216,0.0,0.0,0.0,0.0,0.0,0.0,0.0
5295,0.0,70.27299622446293,0.0,0.0,0.0,0.0,0.0,0.0,0.0,0.0,0.0,0.0,0.0,69.73032210767256,0.0,0.0,6215.639294221995,0.0,43.79628728181108,0.0,0.0,617.4407976888116,0.0,0.0,0.0,0.0,0.0,0.0,0.0,2830.2282806083554,0.0,0.0,0.0,0.0,0.0,0.0,0.0
5296,0.0,62.63792501091956,0.0,0.0,0.0,0.0,0.0,0.0,0.0,0.0,0.0,0.0,0.0,72.28568212985982,0.0,0.0,6233.691721916199,0.0,49.000166735052936,0.0,0.0,671.5911036193364,0.0,0.0,0.0,0.0,0.0,0.0,0.0,2701.017827880381,0.0,0.0,0.0,0.0,0.0,0.0,0.0
5297,0.0,56.1142885252833,0.0,0.0,0.0,0.0,0.0,0.0,0.0,0.0,0.0,0.0,0.0,75.8176801487803,0.0,0.0,6239.692214310167,0.0,51.59675248563286,0.0,0.0,725.237770264595,0.0,0.0,0.0,0.0,0.0,0.0,0.0,2649.8493061274285,0.0,0.0,0.0,0.0,0.0,0.0,0.0
5298,0.0,50.87350134104487,0.0,0.0,0.0,0.0,0.0,0.0,0.0,0.0,0.0,0.0,0.0,81.37059838473789,0.0,0.0,6199.135606527328,0.0,59.15770784914479,0.0,0.0,767.5920630164443,0.0,0.0,0.0,0.0,0.0,0.0,0.0,2626.6066666007027,0.0,0.0,0.0,0.0,0.0,0.0,0.0
5299,0.0,55.74689643234008,0.0,0.0,0.0,0.0,0.0,0.0,0.0,0.0,0.0,0.0,0.0,102.9316874563694,0.0,0.0,6299.499170228838,0.0,49.026755061745554,0.0,0.0,847.0214430995279,0.0,0.0,0.0,0.0,0.0,0.0,0.0,2921.7070065975186,0.0,0.0,0.0,0.0,0.0,0.0,0.0
5300,0.0,59.78409926444289,0.0,0.0,0.0,0.0,0.0,0.0,0.0,0.0,0.0,0.0,0.0,129.51755982637405,0.0,0.0,6404.630690649152,0.0,37.48870326727614,0.0,0.0,906.026410905271,0.0,0.0,0.0,0.0,0.0,0.0,0.0,3242.0811631917954,0.0,0.0,0.0,0.0,0.0,0.0,0.0
5301,0.0,63.13948044776913,0.0,0.0,0.0,0.0,0.0,0.0,0.0,0.0,0.0,0.0,0.0,152.718172264099,0.0,0.0,6509.797215238213,0.0,28.4014534577727,0.0,0.0,952.5687663160263,0.0,0.0,0.0,0.0,0.0,0.0,0.0,3525.2244262754916,0.0,0.0,0.0,0.0,0.0,0.0,0.0
5302,0.0,66.11695558726788,0.0,0.0,0.0,0.0,0.0,0.0,0.0,0.0,0.0,0.0,0.0,172.02808175086966,0.0,0.0,6616.076483458279,0.0,21.035125312581574,0.0,0.0,995.1533828347922,0.0,0.0,0.0,0.0,0.0,0.0,0.0,3806.411727675794,0.0,0.0,0.0,0.0,0.0,0.0,0.0
5303,0.0,69.70987911522387,0.0,0.0,0.0,0.0,0.0,0.0,0.0,0.0,0.0,0.0,0.0,183.96789808273311,0.0,0.0,6726.6087581813335,0.0,16.486944896727735,0.0,0.0,1033.5362368583674,0.0,0.0,0.0,0.0,0.0,0.0,0.0,4225.753423067927,0.0,0.0,0.0,0.0,0.0,0.0,0.0
5304,0.0,82.72110726088277,0.0,0.0,0.0,0.0,0.0,0.0,0.0,0.0,0.0,0.0,0.0,190.67995361089703,0.0,0.0,7049.0344901382905,0.0,24.125790422409736,0.0,0.0,658.3764383330937,0.0,0.0,0.0,0.0,0.0,0.0,0.0,5275.899812796711,0.0,0.0,0.0,0.0,0.0,0.0,0.0
5305,0.0,97.17560838013881,0.0,0.0,0.0,0.0,0.0,0.0,0.0,0.0,0.0,0.0,0.0,191.50024770498277,0.0,0.0,7338.0522434413415,0.0,26.831613957509244,0.0,0.0,588.6247058596454,0.0,0.0,0.0,0.0,0.0,0.0,0.0,6725.598657184839,0.0,0.0,0.0,0.0,0.0,0.0,0.0
5306,0.0,112.01576598733662,0.0,0.0,0.0,0.0,0.0,0.0,0.0,0.0,0.0,0.0,0.0,189.5447187721728,0.0,0.0,7603.088251799345,0.0,26.621836283802804,0.0,0.0,589.9622186053542,0.0,0.0,0.0,0.0,0.0,0.0,0.0,8286.544313967228,0.0,0.0,0.0,0.0,0.0,0.0,0.0
5307,0.0,125.63237045109264,0.0,0.0,0.0,0.0,0.0,0.0,0.0,0.0,0.0,0.0,0.0,187.52729565501204,0.0,0.0,7842.63889169693,0.0,25.774896556883984,0.0,0.0,618.5286479484287,0.0,0.0,0.0,0.0,0.0,0.0,0.0,9756.357127058503,0.0,0.0,0.0,0.0,0.0,0.0,0.0
5308,0.0,144.510656735301,0.0,0.0,0.0,0.0,0.0,0.0,0.0,0.0,0.0,0.0,0.0,186.47583429217335,0.0,0.0,8058.793523073195,0.0,23.26544908210617,0.0,0.0,599.8750341229136,0.0,0.0,0.0,0.0,0.0,0.0,0.0,11188.706168228387,0.0,0.0,0.0,0.0,0.0,0.0,0.0
5309,0.0,173.3722585201263,0.0,0.0,0.0,0.0,0.0,0.0,0.0,0.0,0.0,0.0,0.0,166.83535919785487,0.0,0.0,8245.431083619593,0.0,16.429522114246982,0.0,0.0,444.79114652574015,0.0,0.0,0.0,0.0,0.0,0.0,0.0,12499.43626741171,0.0,0.0,0.0,0.0,0.0,0.0,0.0
5310,0.0,174.42692212164403,0.0,0.0,0.0,0.0,0.0,0.0,0.0,0.0,0.0,0.0,0.0,146.7516491115092,0.0,0.0,8293.50892046094,0.0,14.386790364421753,0.0,0.0,399.2982666950666,0.0,0.0,0.0,0.0,0.0,0.0,0.0,13066.85391728878,0.0,0.0,0.0,0.0,0.0,0.0,0.0
5311,0.0,174.84666653573512,0.0,0.0,0.0,0.0,0.0,0.0,0.0,0.0,0.0,0.0,0.0,133.30989563465116,0.0,0.0,8310.636849164963,0.0,14.105875207669968,0.0,0.0,372.65322046838634,0.0,0.0,0.0,0.0,0.0,0.0,0.0,13502.168757343292,0.0,0.0,0.0,0.0,0.0,0.0,0.0
5312,0.0,173.6436292737722,0.0,0.0,0.0,0.0,0.0,0.0,0.0,0.0,0.0,0.0,0.0,126.30567534565911,0.0,0.0,8252.869858413933,0.0,14.277509044110634,0.0,0.0,337.116564200073,0.0,0.0,0.0,0.0,0.0,0.0,0.0,13752.818249869346,0.0,0.0,0.0,0.0,0.0,0.0,0.0
5313,0.0,170.7577706962824,0.0,0.0,0.0,0.0,0.0,0.0,0.0,0.0,0.0,0.0,0.0,115.03956633806224,0.0,0.0,8167.320447862148,0.0,14.353918063081602,0.0,0.0,321.8928292762481,0.0,0.0,0.0,0.0,0.0,0.0,0.0,13921.484416639805,0.0,0.0,0.0,0.0,0.0,0.0,0.0
5314,0.0,155.0308360308408,0.0,0.0,0.0,0.0,0.0,0.0,0.0,0.0,0.0,0.0,0.0,88.01990226656187,0.0,0.0,7612.284235864878,0.0,14.52070275340213,0.0,0.0,307.1857901114961,0.0,0.0,0.0,0.0,0.0,0.0,0.0,13435.901108193397,0.0,0.0,0.0,0.0,0.0,0.0,0.0
5315,0.0,140.71960239708417,0.0,0.0,0.0,0.0,0.0,0.0,0.0,0.0,0.0,0.0,0.0,67.48903415948138,0.0,0.0,7076.974817633629,0.0,14.937526461481891,0.0,0.0,276.1178539216513,0.0,0.0,0.0,0.0,0.0,0.0,0.0,12879.120649826527,0.0,0.0,0.0,0.0,0.0,0.0,0.0
5316,0.0,127.62121156454083,0.0,0.0,0.0,0.0,0.0,0.0,0.0,0.0,0.0,0.0,0.0,55.43084323853252,0.0,0.0,6558.766880512238,0.0,15.654422000795542,0.0,0.0,267.1917293753473,0.0,0.0,0.0,0.0,0.0,0.0,0.0,12294.147439253331,0.0,0.0,0.0,0.0,0.0,0.0,0.0
5317,0.0,114.39074755311012,0.0,0.0,0.0,0.0,0.0,0.0,0.0,0.0,0.0,0.0,0.0,51.44322466552257,0.0,0.0,6058.319669678807,0.0,17.209953972697225,0.0,0.0,266.04052683413016,0.0,0.0,0.0,0.0,0.0,0.0,0.0,11699.885851567982,0.0,0.0,0.0,0.0,0.0,0.0,0.0
5318,0.0,103.60745996832847,0.0,0.0,0.0,0.0,0.0,0.0,0.0,0.0,0.0,0.0,0.0,53.583191990852356,0.0,0.0,5560.2663550525895,0.0,19.445570582896384,0.0,0.0,263.36996703520373,0.0,0.0,0.0,0.0,0.0,0.0,0.0,11067.202942222357,0.0,0.0,0.0,0.0,0.0,0.0,0.0
5319,0.0,92.36788515150545,0.0,0.0,0.0,0.0,0.0,0.0,0.0,0.0,0.0,0.0,0.0,63.51686111092561,0.0,0.0,5602.314529359341,0.0,27.988154296204396,0.0,0.0,322.7852108772844,0.0,0.0,0.0,0.0,0.0,0.0,0.0,10946.23273295164,0.0,0.0,0.0,0.0,0.0,0.0,0.0
5320,0.0,79.90813091397285,0.0,0.0,0.0,0.0,0.0,0.0,0.0,0.0,0.0,0.0,0.0,73.45781585574137,0.0,0.0,5664.752631962298,0.0,28.896646221726964,0.0,0.0,373.9698050111526,0.0,0.0,0.0,0.0,0.0,0.0,0.0,10709.30281636715,0.0,0.0,0.0,0.0,0.0,0.0,0.0
5321,0.0,72.43854044973841,0.0,0.0,0.0,0.0,0.0,0.0,0.0,0.0,0.0,0.0,0.0,64.95291379094121,0.0,0.0,5702.851169228552,0.0,15.693089193850744,0.0,0.0,411.1871511396012,0.0,0.0,0.0,0.0,0.0,0.0,0.0,10338.01652123928,0.0,0.0,0.0,0.0,0.0,0.0,0.0
5322,0.0,74.5621130391955,0.0,0.0,0.0,0.0,0.0,0.0,0.0,0.0,0.0,0.0,0.0,63.39842487424605,0.0,0.0,5743.1273547261935,0.0,14.187716011330417,0.0,0.0,438.74955656938164,0.0,0.0,0.0,0.0,0.0,0.0,0.0,9935.873836678267,0.0,0.0,0.0,0.0,0.0,0.0,0.0
5323,0.0,77.30701874345533,0.0,0.0,0.0,0.0,0.0,0.0,0.0,0.0,0.0,0.0,0.0,72.11012659519902,0.0,0.0,5796.453094333409,0.0,13.813992736674715,0.0,0.0,458.9813763968643,0.0,0.0,0.0,0.0,0.0,0.0,0.0,10082.327597761154,0.0,0.0,0.0,0.0,0.0,0.0,0.0
5324,0.0,80.12437882572407,0.0,0.0,0.0,0.0,0.0,0.0,0.0,0.0,0.0,0.0,0.0,80.00420748591414,0.0,0.0,5851.847969248889,0.0,13.918432321213158,0.0,0.0,480.3815046384921,0.0,0.0,0.0,0.0,0.0,0.0,0.0,10287.121740102768,0.0,0.0,0.0,0.0,0.0,0.0,0.0
5325,0.0,82.2384194210171,0.0,0.0,0.0,0.0,0.0,0.0,0.0,0.0,0.0,0.0,0.0,85.97404279559842,0.0,0.0,5915.377812981605,0.0,14.032356224209058,0.0,0.0,509.4892667390406,0.0,0.0,0.0,0.0,0.0,0.0,0.0,10619.267104816437,0.0,0.0,0.0,0.0,0.0,0.0,0.0
5326,0.0,86.43078544288872,0.0,0.0,0.0,0.0,0.0,0.0,0.0,0.0,0.0,0.0,0.0,91.69762959331268,0.0,0.0,5984.3776414841395,0.0,14.324919520877216,0.0,0.0,539.4246578995131,0.0,0.0,0.0,0.0,0.0,0.0,0.0,11025.47358996868,0.0,0.0,0.0,0.0,0.0,0.0,0.0
5327,0.0,93.78729657679794,0.0,0.0,0.0,0.0,0.0,0.0,0.0,0.0,0.0,0.0,0.0,98.36733322441567,0.0,0.0,6055.872100412845,0.0,17.767999451234815,0.0,0.0,561.5577273823318,0.0,0.0,0.0,0.0,0.0,0.0,0.0,11455.523352909086,0.0,0.0,0.0,0.0,0.0,0.0,0.0
5328,0.0,118.83802953958508,0.0,0.0,0.0,0.0,0.0,0.0,0.0,0.0,0.0,0.0,0.0,104.53017594218254,0.0,0.0,6384.660423442721,0.0,53.61958467364299,0.0,0.0,926.7715204551808,0.0,0.0,0.0,0.0,0.0,0.0,0.0,12635.223184764385,0.0,0.0,0.0,0.0,0.0,0.0,0.0
5329,0.0,144.66681590974332,0.0,0.0,0.0,0.0,0.0,0.0,0.0,0.0,0.0,0.0,0.0,112.53299758434287,0.0,0.0,6725.607638955114,0.0,99.53537953644988,0.0,0.0,1252.9875563554463,0.0,0.0,0.0,0.0,0.0,0.0,0.0,13681.299988102914,0.0,0.0,0.0,0.0,0.0,0.0,0.0
5330,0.0,170.61721060574052,0.0,0.0,0.0,0.0,0.0,0.0,0.0,0.0,0.0,0.0,0.0,121.72019280195228,0.0,0.0,7063.930708616972,0.0,148.33151717483992,0.0,0.0,1535.9511654853816,0.0,0.0,0.0,0.0,0.0,0.0,0.0,14558.889984440804,0.0,0.0,0.0,0.0,0.0,0.0,0.0
5331,0.0,198.47971351146688,0.0,0.0,0.0,0.0,0.0,0.0,0.0,0.0,0.0,0.0,0.0,131.7004450857639,0.0,0.0,7377.855094790459,0.0,189.51858406364903,0.0,0.0,1723.1638939976683,0.0,0.0,0.0,0.0,0.0,0.0,0.0,15275.325227594376,0.0,0.0,0.0,0.0,0.0,0.0,0.0
5332,0.0,225.80660111010073,0.0,0.0,0.0,0.0,0.0,0.0,0.0,0.0,0.0,0.0,0.0,141.0409074306487,0.0,0.0,7615.884998023508,0.0,232.11655146777616,0.0,0.0,1835.99968149662,0.0,0.0,0.0,0.0,0.0,0.0,0.0,15852.036317157745,0.0,0.0,0.0,0.0,0.0,0.0,0.0
5333,0.0,257.22841656804087,0.0,0.0,0.0,0.0,0.0,0.0,0.0,0.0,0.0,0.0,0.0,142.91985884308815,0.0,0.0,7805.183653265236,0.0,259.4063564717769,0.0,0.0,1870.5490034312002,0.0,0.0,0.0,0.0,0.0,0.0,0.0,16279.122304546832,0.0,0.0,0.0,0.0,0.0,0.0,0.0
5334,0.0,256.99611366391184,0.0,0.0,0.0,0.0,0.0,0.0,0.0,0.0,0.0,0.0,0.0,145.51641066670408,0.0,0.0,7718.989388138056,0.0,280.2479883491992,0.0,0.0,1810.955775251984,0.0,0.0,0.0,0.0,0.0,0.0,0.0,15943.006435251236,0.0,0.0,0.0,0.0,0.0,0.0,0.0
5335,0.0,255.46224115490912,0.0,0.0,0.0,0.0,0.0,0.0,0.0,0.0,0.0,0.0,0.0,146.2028734385966,0.0,0.0,7623.683148950338,0.0,291.3065684318542,0.0,0.0,1727.6907437682153,0.0,0.0,0.0,0.0,0.0,0.0,0.0,15607.80182930231,0.0,0.0,0.0,0.0,0.0,0.0,0.0
5336,0.0,250.16598744392388,0.0,0.0,0.0,0.0,0.0,0.0,0.0,0.0,0.0,0.0,0.0,149.3317914664744,0.0,0.0,7518.637972146271,0.0,300.1291206300258,0.0,0.0,1641.177564360201,0.0,0.0,0.0,0.0,0.0,0.0,0.0,15238.852996981144,0.0,0.0,0.0,0.0,0.0,0.0,0.0
5337,0.0,248.56382685899734,0.0,0.0,0.0,0.0,0.0,0.0,0.0,0.0,0.0,0.0,0.0,154.45941416025158,0.0,0.0,7394.3879526257515,0.0,315.7771363854407,0.0,0.0,1552.8582772538064,0.0,0.0,0.0,0.0,0.0,0.0,0.0,14838.788137495518,0.0,0.0,0.0,0.0,0.0,0.0,0.0
5338,0.0,234.93442188799375,0.0,0.0,0.0,0.0,0.0,0.0,0.0,0.0,0.0,0.0,0.0,139.62355078458776,0.0,0.0,6911.118065267801,0.0,322.4515770614147,0.0,0.0,1313.9375224649907,0.0,0.0,0.0,0.0,0.0,0.0,0.0,13941.5452283144,0.0,0.0,0.0,0.0,0.0,0.0,0.0
5339,0.0,217.56139108836643,0.0,0.0,0.0,0.0,0.0,0.0,0.0,0.0,0.0,0.0,0.0,124.56218051016317,0.0,0.0,6407.713780045508,0.0,324.48942261338226,0.0,0.0,1093.6253082834182,0.0,0.0,0.0,0.0,0.0,0.0,0.0,12962.3551546216,0.0,0.0,0.0,0.0,0.0,0.0,0.0
5340,0.0,195.95994242727755,0.0,0.0,0.0,0.0,0.0,0.0,0.0,0.0,0.0,0.0,0.0,108.58770849108694,0.0,0.0,5909.350872993467,0.0,318.32078261375426,0.0,0.0,895.7492630012326,0.0,0.0,0.0,0.0,0.0,0.0,0.0,11927.62791929841,0.0,0.0,0.0,0.0,0.0,0.0,0.0
5341,0.0,171.90670214295386,0.0,0.0,0.0,0.0,0.0,0.0,0.0,0.0,0.0,0.0,0.0,94.4761034667492,0.0,0.0,5407.551334440707,0.0,304.5364988863467,0.0,0.0,720.5457655616098,0.0,0.0,0.0,0.0,0.0,0.0,0.0,10890.626864957809,0.0,0.0,0.0,0.0,0.0,0.0,0.0
5342,0.0,143.63343271315094,0.0,0.0,0.0,0.0,0.0,0.0,0.0,0.0,0.0,0.0,0.0,79.71478324085462,0.0,0.0,4906.3367544412595,0.0,280.7759015023707,0.0,0.0,568.0464542604981,0.0,0.0,0.0,0.0,0.0,0.0,0.0,9834.270143198964,0.0,0.0,0.0,0.0,0.0,0.0,0.0
5343,0.0,122.57844296693796,0.0,0.0,0.0,0.0,0.0,0.0,0.0,0.0,0.0,0.0,0.0,73.25978136658662,0.0,0.0,4839.887174099684,0.0,263.36650543808923,0.0,0.0,565.5587607845662,0.0,0.0,0.0,0.0,0.0,0.0,0.0,8851.968756079674,0.0,0.0,0.0,0.0,0.0,0.0,0.0
5344,0.0,89.85098278373472,0.0,0.0,0.0,0.0,0.0,0.0,0.0,0.0,0.0,0.0,0.0,62.97858794629563,0.0,0.0,4776.664589181541,0.0,236.1326633781193,0.0,0.0,550.1984059464187,0.0,0.0,0.0,0.0,0.0,0.0,0.0,7915.595041632652,0.0,0.0,0.0,0.0,0.0,0.0,0.0
5345,0.0,65.01843359023324,0.0,0.0,0.0,0.0,0.0,0.0,0.0,0.0,0.0,0.0,0.0,46.01894814521063,0.0,0.0,4723.0343133062115,0.0,222.25250457525246,0.0,0.0,521.9623243130736,0.0,0.0,0.0,0.0,0.0,0.0,0.0,7028.354332518577,0.0,0.0,0.0,0.0,0.0,0.0,0.0
5346,0.0,53.307807120680806,0.0,0.0,0.0,0.0,0.0,0.0,0.0,0.0,0.0,0.0,0.0,31.258160330355143,0.0,0.0,4670.708526119589,0.0,207.43647817075245,0.0,0.0,511.4599616970866,0.0,0.0,0.0,0.0,0.0,0.0,0.0,6124.595890408754,0.0,0.0,0.0,0.0,0.0,0.0,0.0
5347,0.0,54.81686418056482,0.0,0.0,0.0,0.0,0.0,0.0,0.0,0.0,0.0,0.0,0.0,25.27180066332221,0.0,0.0,4749.806279435753,0.0,180.49003902673715,0.0,0.0,419.676470408588,0.0,0.0,0.0,0.0,0.0,0.0,0.0,5883.228627583384,0.0,0.0,0.0,0.0,0.0,0.0,0.0
5348,0.0,62.82350781708953,0.0,0.0,0.0,0.0,0.0,0.0,0.0,0.0,0.0,0.0,0.0,23.873857405036592,0.0,0.0,4821.261844843625,0.0,170.4959405362606,0.0,0.0,383.24152874238746,0.0,0.0,0.0,0.0,0.0,0.0,0.0,5758.696174174546,0.0,0.0,0.0,0.0,0.0,0.0,0.0
5349,0.0,72.18497116863728,0.0,0.0,0.0,0.0,0.0,0.0,0.0,0.0,0.0,0.0,0.0,23.402547538280395,0.0,0.0,4895.181314796208,0.0,168.80756697058672,0.0,0.0,382.04998358935046,0.0,0.0,0.0,0.0,0.0,0.0,0.0,5647.984909802674,0.0,0.0,0.0,0.0,0.0,0.0,0.0
5350,0.0,82.82439507991069,0.0,0.0,0.0,0.0,0.0,0.0,0.0,0.0,0.0,0.0,0.0,23.37222532853479,0.0,0.0,4982.419093087314,0.0,170.6864012867211,0.0,0.0,405.51114244982534,0.0,0.0,0.0,0.0,0.0,0.0,0.0,5608.249126926063,0.0,0.0,0.0,0.0,0.0,0.0,0.0
5351,0.0,94.25194446891544,0.0,0.0,0.0,0.0,0.0,0.0,0.0,0.0,0.0,0.0,0.0,23.470572856068472,0.0,0.0,5097.456793263553,0.0,169.87886608242974,0.0,0.0,426.2282846543929,0.0,0.0,0.0,0.0,0.0,0.0,0.0,5647.342324498295,0.0,0.0,0.0,0.0,0.0,0.0,0.0
5352,0.0,118.2890455931425,0.0,0.0,0.0,0.0,0.0,0.0,0.0,0.0,0.0,0.0,0.0,24.77220575958481,0.0,0.0,5274.443704485893,0.0,184.54464028179635,0.0,0.0,758.3763118207448,0.0,0.0,0.0,0.0,0.0,0.0,0.0,6334.922703069448,0.0,0.0,0.0,0.0,0.0,0.0,0.0
5353,0.0,139.9737782120704,0.0,0.0,0.0,0.0,0.0,0.0,0.0,0.0,0.0,0.0,0.0,28.811235623806688,0.0,0.0,5442.25485627353,0.0,194.0522049993275,0.0,0.0,966.7394682437173,0.0,0.0,0.0,0.0,0.0,0.0,0.0,7293.43216136694,0.0,0.0,0.0,0.0,0.0,0.0,0.0
5354,0.0,162.52083716690538,0.0,0.0,0.0,0.0,0.0,0.0,0.0,0.0,0.0,0.0,0.0,35.43271122127767,0.0,0.0,5620.584371834993,0.0,202.40208077430708,0.0,0.0,1046.657728119939,0.0,0.0,0.0,0.0,0.0,0.0,0.0,8389.989337986706,0.0,0.0,0.0,0.0,0.0,0.0,0.0
5355,0.0,187.72986856698986,0.0,0.0,0.0,0.0,0.0,0.0,0.0,0.0,0.0,0.0,0.0,42.66621572524306,0.0,0.0,5810.656230270861,0.0,213.99936347603787,0.0,0.0,1022.2863248884672,0.0,0.0,0.0,0.0,0.0,0.0,0.0,9540.692914795876,0.0,0.0,0.0,0.0,0.0,0.0,0.0
5356,0.0,224.23434812128536,0.0,0.0,0.0,0.0,0.0,0.0,0.0,0.0,0.0,0.0,0.0,49.12922057807434,0.0,0.0,6024.520033270119,0.0,225.68291744291776,0.0,0.0,981.2590997032813,0.0,0.0,0.0,0.0,0.0,0.0,0.0,10683.321685838699,0.0,0.0,0.0,0.0,0.0,0.0,0.0
5357,0.0,258.20995244979855,0.0,0.0,0.0,0.0,0.0,0.0,0.0,0.0,0.0,0.0,0.0,54.169976207613864,0.0,0.0,6257.237859427928,0.0,225.24228336215,0.0,0.0,842.530470248311,0.0,0.0,0.0,0.0,0.0,0.0,0.0,11929.622573512792,0.0,0.0,0.0,0.0,0.0,0.0,0.0
5358,0.0,259.2717282235622,0.0,0.0,0.0,0.0,0.0,0.0,0.0,0.0,0.0,0.0,0.0,57.44611989855761,0.0,0.0,6224.370500713586,0.0,211.68029523789883,0.0,0.0,774.8416984811419,0.0,0.0,0.0,0.0,0.0,0.0,0.0,11934.6808083117,0.0,0.0,0.0,0.0,0.0,0.0,0.0
5359,0.0,258.1063980996608,0.0,0.0,0.0,0.0,0.0,0.0,0.0,0.0,0.0,0.0,0.0,56.94779437482357,0.0,0.0,6192.804908141492,0.0,189.49707923531525,0.0,0.0,707.7919748783112,0.0,0.0,0.0,0.0,0.0,0.0,0.0,11963.84846765399,0.0,0.0,0.0,0.0,0.0,0.0,0.0
5360,0.0,246.89797936677934,0.0,0.0,0.0,0.0,0.0,0.0,0.0,0.0,0.0,0.0,0.0,54.426878544688144,0.0,0.0,6139.313871070743,0.0,170.83717221617684,0.0,0.0,665.8255161657929,0.0,0.0,0.0,0.0,0.0,0.0,0.0,11925.601443189382,0.0,0.0,0.0,0.0,0.0,0.0,0.0
5361,0.0,232.02491218149663,0.0,0.0,0.0,0.0,0.0,0.0,0.0,0.0,0.0,0.0,0.0,51.58106308132398,0.0,0.0,6083.7750901281825,0.0,155.8649208664894,0.0,0.0,609.2644553426649,0.0,0.0,0.0,0.0,0.0,0.0,0.0,11820.08437989354,0.0,0.0,0.0,0.0,0.0,0.0,0.0
5362,0.0,206.27870837152005,0.0,0.0,0.0,0.0,0.0,0.0,0.0,0.0,0.0,0.0,0.0,35.24492704570283,0.0,0.0,5482.886139616368,0.0,131.5163420528172,0.0,0.0,506.2492176130406,0.0,0.0,0.0,0.0,0.0,0.0,0.0,11072.197533231974,0.0,0.0,0.0,0.0,0.0,0.0,0.0
5363,0.0,181.81875564157963,0.0,0.0,0.0,0.0,0.0,0.0,0.0,0.0,0.0,0.0,0.0,25.848390609770927,0.0,0.0,4913.852927342055,0.0,109.93554283678519,0.0,0.0,441.9644388690587,0.0,0.0,0.0,0.0,0.0,0.0,0.0,10338.640664309263,0.0,0.0,0.0,0.0,0.0,0.0,0.0
5364,0.0,159.7243647068739,0.0,0.0,0.0,0.0,0.0,0.0,0.0,0.0,0.0,0.0,0.0,24.21451360285279,0.0,0.0,4399.759535789489,0.0,91.43412091881035,0.0,0.0,389.7421767488118,0.0,0.0,0.0,0.0,0.0,0.0,0.0,9591.602160429953,0.0,0.0,0.0,0.0,0.0,0.0,0.0
5365,0.0,144.5445202142,0.0,0.0,0.0,0.0,0.0,0.0,0.0,0.0,0.0,0.0,0.0,24.3429675735533,0.0,0.0,3983.80422067642,0.0,75.62194373607622,0.0,0.0,342.1951919071372,0.0,0.0,0.0,0.0,0.0,0.0,0.0,8862.68911845088,0.0,0.0,0.0,0.0,0.0,0.0,0.0
5366,0.0,130.5955163866281,0.0,0.0,0.0,0.0,0.0,0.0,0.0,0.0,0.0,0.0,0.0,25.13821593150487,0.0,0.0,3595.880243897437,0.0,60.153858627378916,0.0,0.0,310.5740018315604,0.0,0.0,0.0,0.0,0.0,0.0,0.0,8245.149091607333,0.0,0.0,0.0,0.0,0.0,0.0,0.0
5367,0.0,129.31085046529762,0.0,0.0,0.0,0.0,0.0,0.0,0.0,0.0,0.0,0.0,0.0,31.20611014589659,0.0,0.0,3583.267464026808,0.0,54.19450166076415,0.0,0.0,375.7966516882179,0.0,0.0,0.0,0.0,0.0,0.0,0.0,7879.203088980913,0.0,0.0,0.0,0.0,0.0,0.0,0.0
5368,0.0,122.23949956297875,0.0,0.0,0.0,0.0,0.0,0.0,0.0,0.0,0.0,0.0,0.0,30.725690446048972,0.0,0.0,3571.082901820538,0.0,49.14196373373264,0.0,0.0,418.4488591119642,0.0,0.0,0.0,0.0,0.0,0.0,0.0,7628.349647039175,0.0,0.0,0.0,0.0,0.0,0.0,0.0
5369,0.0,113.97022458761927,0.0,0.0,0.0,0.0,0.0,0.0,0.0,0.0,0.0,0.0,0.0,26.161734121292735,0.0,0.0,3562.667510718107,0.0,43.68719214648004,0.0,0.0,459.65198716744703,0.0,0.0,0.0,0.0,0.0,0.0,0.0,7575.737930041551,0.0,0.0,0.0,0.0,0.0,0.0,0.0
5370,0.0,105.93358918726443,0.0,0.0,0.0,0.0,0.0,0.0,0.0,0.0,0.0,0.0,0.0,24.792700782418194,0.0,0.0,3559.782000407575,0.0,42.23300779163828,0.0,0.0,478.3096882369359,0.0,0.0,0.0,0.0,0.0,0.0,0.0,7658.126261729002,0.0,0.0,0.0,0.0,0.0,0.0,0.0
5371,0.0,108.48878786712879,0.0,0.0,0.0,0.0,0.0,0.0,0.0,0.0,0.0,0.0,0.0,28.435672876983748,0.0,0.0,3603.7429580688463,0.0,33.39075888991348,0.0,0.0,533.6343199130148,0.0,0.0,0.0,0.0,0.0,0.0,0.0,8365.589177042246,0.0,0.0,0.0,0.0,0.0,0.0,0.0
5372,0.0,110.86955596357582,0.0,0.0,0.0,0.0,0.0,0.0,0.0,0.0,0.0,0.0,0.0,33.658784891664865,0.0,0.0,3703.210803985595,0.0,25.754829335957574,0.0,0.0,581.2714890360829,0.0,0.0,0.0,0.0,0.0,0.0,0.0,9266.924815809727,0.0,0.0,0.0,0.0,0.0,0.0,0.0
5373,0.0,112.66572314053768,0.0,0.0,0.0,0.0,0.0,0.0,0.0,0.0,0.0,0.0,0.0,36.58116386458264,0.0,0.0,3828.578234359622,0.0,19.486001438647406,0.0,0.0,615.8640676360575,0.0,0.0,0.0,0.0,0.0,0.0,0.0,10206.441665577888,0.0,0.0,0.0,0.0,0.0,0.0,0.0
5374,0.0,112.54257875382895,0.0,0.0,0.0,0.0,0.0,0.0,0.0,0.0,0.0,0.0,0.0,37.63055442869658,0.0,0.0,3893.6439832299925,0.0,17.81725603081278,0.0,0.0,643.0613837823265,0.0,0.0,0.0,0.0,0.0,0.0,0.0,10847.092343407869,0.0,0.0,0.0,0.0,0.0,0.0,0.0
5375,0.0,108.79457620382303,0.0,0.0,0.0,0.0,0.0,0.0,0.0,0.0,0.0,0.0,0.0,36.2526970773934,0.0,0.0,3866.0754777938114,0.0,20.100969501212173,0.0,0.0,661.5497291408473,0.0,0.0,0.0,0.0,0.0,0.0,0.0,10966.00859402418,0.0,0.0,0.0,0.0,0.0,0.0,0.0
5376,0.0,140.92370911538598,0.0,0.0,0.0,0.0,0.0,0.0,0.0,0.0,0.0,0.0,0.0,38.03142631500957,0.0,0.0,4186.328228741882,0.0,42.994539558887304,0.0,0.0,700.5013155944645,0.0,0.0,0.0,0.0,0.0,0.0,0.0,11412.887799882887,0.0,0.0,0.0,0.0,0.0,0.0,0.0
5377,0.0,171.9532048076391,0.0,0.0,0.0,0.0,0.0,0.0,0.0,0.0,0.0,0.0,0.0,39.329046520590644,0.0,0.0,4651.492015346885,0.0,68.37986303418869,0.0,0.0,702.8860710740081,0.0,0.0,0.0,0.0,0.0,0.0,0.0,11393.943647420405,0.0,0.0,0.0,0.0,0.0,0.0,0.0
5378,0.0,205.24900049865244,0.0,0.0,0.0,0.0,0.0,0.0,0.0,0.0,0.0,0.0,0.0,41.854726028442336,0.0,0.0,5164.428324654697,0.0,92.73050933480258,0.0,0.0,702.6039755500847,0.0,0.0,0.0,0.0,0.0,0.0,0.0,11158.293115645647,0.0,0.0,0.0,0.0,0.0,0.0,0.0
5379,0.0,237.26728452444075,0.0,0.0,0.0,0.0,0.0,0.0,0.0,0.0,0.0,0.0,0.0,47.708675070106935,0.0,0.0,5626.135644063352,0.0,114.36391460746523,0.0,0.0,730.4648254796858,0.0,0.0,0.0,0.0,0.0,0.0,0.0,10874.366600018739,0.0,0.0,0.0,0.0,0.0,0.0,0.0
5380,0.0,272.06715735197065,0.0,0.0,0.0,0.0,0.0,0.0,0.0,0.0,0.0,0.0,0.0,53.38754494488226,0.0,0.0,6001.788326084613,0.0,129.14981794953334,0.0,0.0,749.5417339704929,0.0,0.0,0.0,0.0,0.0,0.0,0.0,10600.539196592568,0.0,0.0,0.0,0.0,0.0,0.0,0.0
5381,0.0,297.30330478549,0.0,0.0,0.0,0.0,0.0,0.0,0.0,0.0,0.0,0.0,0.0,54.139012302458205,0.0,0.0,6323.246776178477,0.0,139.125331288576,0.0,0.0,776.9928755365307,0.0,0.0,0.0,0.0,0.0,0.0,0.0,10298.91464496851,0.0,0.0,0.0,0.0,0.0,0.0,0.0
5382,0.0,284.814779216051,0.0,0.0,0.0,0.0,0.0,0.0,0.0,0.0,0.0,0.0,0.0,55.08899051696056,0.0,0.0,6335.614915803074,0.0,137.89625105857837,0.0,0.0,667.9500504456455,0.0,0.0,0.0,0.0,0.0,0.0,0.0,9530.1049025774,0.0,0.0,0.0,0.0,0.0,0.0,0.0
5383,0.0,271.69084348082544,0.0,0.0,0.0,0.0,0.0,0.0,0.0,0.0,0.0,0.0,0.0,56.39830134809017,0.0,0.0,6360.353917598724,0.0,128.49957478046412,0.0,0.0,563.5486314911393,0.0,0.0,0.0,0.0,0.0,0.0,0.0,8815.178306519983,0.0,0.0,0.0,0.0,0.0,0.0,0.0
5384,0.0,258.2199964642524,0.0,0.0,0.0,0.0,0.0,0.0,0.0,0.0,0.0,0.0,0.0,58.01581652313458,0.0,0.0,6379.085815101862,0.0,108.8101037263869,0.0,0.0,467.97830866053613,0.0,0.0,0.0,0.0,0.0,0.0,0.0,8218.73185647726,0.0,0.0,0.0,0.0,0.0,0.0,0.0
5385,0.0,246.23734694123263,0.0,0.0,0.0,0.0,0.0,0.0,0.0,0.0,0.0,0.0,0.0,59.290010643005246,0.0,0.0,6423.421706303952,0.0,97.34817102104408,0.0,0.0,389.7741178035731,0.0,0.0,0.0,0.0,0.0,0.0,0.0,7715.421583038568,0.0,0.0,0.0,0.0,0.0,0.0,0.0
5386,0.0,218.94729674756522,0.0,0.0,0.0,0.0,0.0,0.0,0.0,0.0,0.0,0.0,0.0,44.1429053783416,0.0,0.0,6149.242220133541,0.0,75.46494811475266,0.0,0.0,366.0070211626581,0.0,0.0,0.0,0.0,0.0,0.0,0.0,7131.055158138275,0.0,0.0,0.0,0.0,0.0,0.0,0.0
5387,0.0,194.77940600216382,0.0,0.0,0.0,0.0,0.0,0.0,0.0,0.0,0.0,0.0,0.0,32.95396794974803,0.0,0.0,5881.317589983344,0.0,54.67284699976435,0.0,0.0,349.4571647934615,0.0,0.0,0.0,0.0,0.0,0.0,0.0,6524.059026795626,0.0,0.0,0.0,0.0,0.0,0.0,0.0
5388,0.0,170.19659645855427,0.0,0.0,0.0,0.0,0.0,0.0,0.0,0.0,0.0,0.0,0.0,26.553011400252466,0.0,0.0,5605.171258464456,0.0,34.641655182838434,0.0,0.0,338.1054123278701,0.0,0.0,0.0,0.0,0.0,0.0,0.0,5903.2713586360205,0.0,0.0,0.0,0.0,0.0,0.0,0.0
5389,0.0,148.65392492115492,0.0,0.0,0.0,0.0,0.0,0.0,0.0,0.0,0.0,0.0,0.0,24.444097649305963,0.0,0.0,5313.061859190464,0.0,21.35638610608864,0.0,0.0,329.0775986652814,0.0,0.0,0.0,0.0,0.0,0.0,0.0,5290.6355196923005,0.0,0.0,0.0,0.0,0.0,0.0,0.0
5390,0.0,132.8047366440296,0.0,0.0,0.0,0.0,0.0,0.0,0.0,0.0,0.0,0.0,0.0,24.366673875600085,0.0,0.0,5009.313184872269,0.0,20.9667518891394,0.0,0.0,327.9926246143871,0.0,0.0,0.0,0.0,0.0,0.0,0.0,4691.156587734818,0.0,0.0,0.0,0.0,0.0,0.0,0.0
5391,0.0,125.20067422091961,0.0,0.0,0.0,0.0,0.0,0.0,0.0,0.0,0.0,0.0,0.0,27.322541502863047,0.0,0.0,5048.7088210582715,0.0,34.567296051233825,0.0,0.0,352.127005540206,0.0,0.0,0.0,0.0,0.0,0.0,0.0,3826.985305789112,0.0,0.0,0.0,0.0,0.0,0.0,0.0
5392,0.0,123.01687261462205,0.0,0.0,0.0,0.0,0.0,0.0,0.0,0.0,0.0,0.0,0.0,29.88048511967053,0.0,0.0,5091.1012030243855,0.0,39.27829476892942,0.0,0.0,371.0514371238642,0.0,0.0,0.0,0.0,0.0,0.0,0.0,3149.483789122104,0.0,0.0,0.0,0.0,0.0,0.0,0.0
5393,0.0,119.43221155107018,0.0,0.0,0.0,0.0,0.0,0.0,0.0,0.0,0.0,0.0,0.0,29.645386415719926,0.0,0.0,5083.388617843388,0.0,32.865361549705185,0.0,0.0,367.3949810955666,0.0,0.0,0.0,0.0,0.0,0.0,0.0,2647.722301760316,0.0,0.0,0.0,0.0,0.0,0.0,0.0
5394,0.0,114.35197429060936,0.0,0.0,0.0,0.0,0.0,0.0,0.0,0.0,0.0,0.0,0.0,29.601414868235576,0.0,0.0,5072.683176234364,0.0,38.93286142200226,0.0,0.0,379.6471004258838,0.0,0.0,0.0,0.0,0.0,0.0,0.0,2339.959198175369,0.0,0.0,0.0,0.0,0.0,0.0,0.0
5395,0.0,114.27033861726521,0.0,0.0,0.0,0.0,0.0,0.0,0.0,0.0,0.0,0.0,0.0,36.312142170965565,0.0,0.0,5069.000348746775,0.0,37.662179501354565,0.0,0.0,402.0083743639288,0.0,0.0,0.0,0.0,0.0,0.0,0.0,2488.247238355874,0.0,0.0,0.0,0.0,0.0,0.0,0.0
5396,0.0,113.39354946166273,0.0,0.0,0.0,0.0,0.0,0.0,0.0,0.0,0.0,0.0,0.0,42.662357146292884,0.0,0.0,5058.864697217941,0.0,36.35337875336404,0.0,0.0,407.11546139940555,0.0,0.0,0.0,0.0,0.0,0.0,0.0,2628.943586988747,0.0,0.0,0.0,0.0,0.0,0.0,0.0
5397,0.0,111.42222926169632,0.0,0.0,0.0,0.0,0.0,0.0,0.0,0.0,0.0,0.0,0.0,49.86491736024609,0.0,0.0,5019.035787209867,0.0,33.74318019449693,0.0,0.0,410.85434351451687,0.0,0.0,0.0,0.0,0.0,0.0,0.0,2762.8461419209834,0.0,0.0,0.0,0.0,0.0,0.0,0.0
5398,0.0,108.90113954991101,0.0,0.0,0.0,0.0,0.0,0.0,0.0,0.0,0.0,0.0,0.0,54.636794206499985,0.0,0.0,4965.272884428501,0.0,30.975333903729748,0.0,0.0,413.0176309224209,0.0,0.0,0.0,0.0,0.0,0.0,0.0,2918.3883084371664,0.0,0.0,0.0,0.0,0.0,0.0,0.0
5399,0.0,106.6113216876983,0.0,0.0,0.0,0.0,0.0,0.0,0.0,0.0,0.0,0.0,0.0,54.50866248458623,0.0,0.0,4909.345557212828,0.0,27.802341686189042,0.0,0.0,415.5217490639536,0.0,0.0,0.0,0.0,0.0,0.0,0.0,3126.032860830426,0.0,0.0,0.0,0.0,0.0,0.0,0.0
5400,0.0,133.25229848921293,0.0,0.0,0.0,0.0,0.0,0.0,0.0,0.0,0.0,0.0,0.0,49.99740364402532,0.0,0.0,5351.1930670142165,0.0,43.7007086202502,0.0,0.0,317.17906378358555,0.0,0.0,0.0,0.0,0.0,0.0,0.0,3682.1714571177945,0.0,0.0,0.0,0.0,0.0,0.0,0.0
5401,0.0,154.38790688216682,0.0,0.0,0.0,0.0,0.0,0.0,0.0,0.0,0.0,0.0,0.0,40.46544986143699,0.0,0.0,5813.818662449717,0.0,54.31950681209547,0.0,0.0,343.5836438231169,0.0,0.0,0.0,0.0,0.0,0.0,0.0,4214.572366449235,0.0,0.0,0.0,0.0,0.0,0.0,0.0
5402,0.0,170.0612828224897,0.0,0.0,0.0,0.0,0.0,0.0,0.0,0.0,0.0,0.0,0.0,29.314036202430607,0.0,0.0,6241.757071331143,0.0,60.94512070864423,0.0,0.0,422.1110297128557,0.0,0.0,0.0,0.0,0.0,0.0,0.0,4751.78525250852,0.0,0.0,0.0,0.0,0.0,0.0,0.0
5403,0.0,185.2262576848268,0.0,0.0,0.0,0.0,0.0,0.0,0.0,0.0,0.0,0.0,0.0,23.857459145039225,0.0,0.0,6637.145881563425,0.0,64.54361507743582,0.0,0.0,561.2620455566788,0.0,0.0,0.0,0.0,0.0,0.0,0.0,5294.668944838643,0.0,0.0,0.0,0.0,0.0,0.0,0.0
5404,0.0,199.96281885802742,0.0,0.0,0.0,0.0,0.0,0.0,0.0,0.0,0.0,0.0,0.0,23.605034665018263,0.0,0.0,7006.8389093875885,0.0,67.65477535575623,0.0,0.0,660.8861575126643,0.0,0.0,0.0,0.0,0.0,0.0,0.0,5776.035852244497,0.0,0.0,0.0,0.0,0.0,0.0,0.0
5405,0.0,219.48145314753054,0.0,0.0,0.0,0.0,0.0,0.0,0.0,0.0,0.0,0.0,0.0,23.51231948584313,0.0,0.0,7345.1378650665265,0.0,60.73505217879995,0.0,0.0,571.4823126487425,0.0,0.0,0.0,0.0,0.0,0.0,0.0,6151.172958236932,0.0,0.0,0.0,0.0,0.0,0.0,0.0
5406,0.0,215.63916872441766,0.0,0.0,0.0,0.0,0.0,0.0,0.0,0.0,0.0,0.0,0.0,23.870721784233936,0.0,0.0,7249.28711658716,0.0,43.761414186656445,0.0,0.0,437.03582815378866,0.0,0.0,0.0,0.0,0.0,0.0,0.0,5705.843984904885,0.0,0.0,0.0,0.0,0.0,0.0,0.0
5407,0.0,208.819591525197,0.0,0.0,0.0,0.0,0.0,0.0,0.0,0.0,0.0,0.0,0.0,24.02544883862129,0.0,0.0,7158.530641466379,0.0,37.018398155271825,0.0,0.0,333.6157640464601,0.0,0.0,0.0,0.0,0.0,0.0,0.0,5266.7542725980275,0.0,0.0,0.0,0.0,0.0,0.0,0.0
5408,0.0,201.89263034462923,0.0,0.0,0.0,0.0,0.0,0.0,0.0,0.0,0.0,0.0,0.0,24.083462026715146,0.0,0.0,7076.469201862812,0.0,30.69473368674512,0.0,0.0,270.4824906025073,0.0,0.0,0.0,0.0,0.0,0.0,0.0,4818.914985713362,0.0,0.0,0.0,0.0,0.0,0.0,0.0
5409,0.0,194.94830255806437,0.0,0.0,0.0,0.0,0.0,0.0,0.0,0.0,0.0,0.0,0.0,24.066581794619527,0.0,0.0,7012.892296969889,0.0,21.366847664117785,0.0,0.0,237.27469296790647,0.0,0.0,0.0,0.0,0.0,0.0,0.0,4420.133127161859,0.0,0.0,0.0,0.0,0.0,0.0,0.0
5410,0.0,184.0048157483339,0.0,0.0,0.0,0.0,0.0,0.0,0.0,0.0,0.0,0.0,0.0,23.452026737853874,0.0,0.0,6714.797573775051,0.0,14.630352738499571,0.0,0.0,228.30924762077547,0.0,0.0,0.0,0.0,0.0,0.0,0.0,3894.4090299069876,0.0,0.0,0.0,0.0,0.0,0.0,0.0
5411,0.0,175.23274386227124,0.0,0.0,0.0,0.0,0.0,0.0,0.0,0.0,0.0,0.0,0.0,23.48730737566933,0.0,0.0,6410.764198884366,0.0,14.640777244791197,0.0,0.0,244.41677336431997,0.0,0.0,0.0,0.0,0.0,0.0,0.0,3440.5709542691693,0.0,0.0,0.0,0.0,0.0,0.0,0.0
5412,0.0,161.17614563405505,0.0,0.0,0.0,0.0,0.0,0.0,0.0,0.0,0.0,0.0,0.0,23.6180310986935,0.0,0.0,6083.578288912771,0.0,18.166742837801575,0.0,0.0,273.23642260953727,0.0,0.0,0.0,0.0,0.0,0.0,0.0,3051.1183350354413,0.0,0.0,0.0,0.0,0.0,0.0,0.0
5413,0.0,150.52695125341407,0.0,0.0,0.0,0.0,0.0,0.0,0.0,0.0,0.0,0.0,0.0,23.762451796233524,0.0,0.0,5735.6002916395655,0.0,26.089941921457616,0.0,0.0,297.69397964570663,0.0,0.0,0.0,0.0,0.0,0.0,0.0,2722.4692201897483,0.0,0.0,0.0,0.0,0.0,0.0,0.0
5414,0.0,136.0975882261991,0.0,0.0,0.0,0.0,0.0,0.0,0.0,0.0,0.0,0.0,0.0,23.880058592557894,0.0,0.0,5384.4279695004225,0.0,30.921971991658094,0.0,0.0,320.55077514834693,0.0,0.0,0.0,0.0,0.0,0.0,0.0,2439.9529930755493,0.0,0.0,0.0,0.0,0.0,0.0,0.0
5415,0.0,117.6696272939443,0.0,0.0,0.0,0.0,0.0,0.0,0.0,0.0,0.0,0.0,0.0,24.97824883162973,0.0,0.0,5471.6579690873605,0.0,53.702965903282056,0.0,0.0,483.0240970920762,0.0,0.0,0.0,0.0,0.0,0.0,0.0,2188.4128491118545,0.0,0.0,0.0,0.0,0.0,0.0,0.0
5416,0.0,102.18177103400222,0.0,0.0,0.0,0.0,0.0,0.0,0.0,0.0,0.0,0.0,0.0,27.942920856177697,0.0,0.0,5568.402879610657,0.0,74.16949340254061,0.0,0.0,605.9523874640458,0.0,0.0,0.0,0.0,0.0,0.0,0.0,2004.7468175590025,0.0,0.0,0.0,0.0,0.0,0.0,0.0
5417,0.0,89.05374615043398,0.0,0.0,0.0,0.0,0.0,0.0,0.0,0.0,0.0,0.0,0.0,24.387261369824394,0.0,0.0,5658.973832637071,0.0,100.34563433825961,0.0,0.0,642.2079066887491,0.0,0.0,0.0,0.0,0.0,0.0,0.0,1877.0867781639092,0.0,0.0,0.0,0.0,0.0,0.0,0.0
5418,0.0,77.31439043283457,0.0,0.0,0.0,0.0,0.0,0.0,0.0,0.0,0.0,0.0,0.0,24.224422052502632,0.0,0.0,5756.888271331785,0.0,133.16624109447,0.0,0.0,704.7945112511513,0.0,0.0,0.0,0.0,0.0,0.0,0.0,1828.9767744213334,0.0,0.0,0.0,0.0,0.0,0.0,0.0
5419,0.0,75.20334480553863,0.0,0.0,0.0,0.0,0.0,0.0,0.0,0.0,0.0,0.0,0.0,29.601700688898525,0.0,0.0,5891.613093882798,0.0,161.25046498775464,0.0,0.0,704.2002713911227,0.0,0.0,0.0,0.0,0.0,0.0,0.0,2179.4873500823956,0.0,0.0,0.0,0.0,0.0,0.0,0.0
5420,0.0,71.89269175082438,0.0,0.0,0.0,0.0,0.0,0.0,0.0,0.0,0.0,0.0,0.0,35.139991632103815,0.0,0.0,6022.858890995382,0.0,193.11719699800005,0.0,0.0,716.0829492799933,0.0,0.0,0.0,0.0,0.0,0.0,0.0,2473.106887140869,0.0,0.0,0.0,0.0,0.0,0.0,0.0
5421,0.0,69.31173774898048,0.0,0.0,0.0,0.0,0.0,0.0,0.0,0.0,0.0,0.0,0.0,38.916702577471646,0.0,0.0,6151.670342639087,0.0,220.67355220019803,0.0,0.0,734.9486078090965,0.0,0.0,0.0,0.0,0.0,0.0,0.0,2718.997559967636,0.0,0.0,0.0,0.0,0.0,0.0,0.0
5422,0.0,67.03455907255406,0.0,0.0,0.0,0.0,0.0,0.0,0.0,0.0,0.0,0.0,0.0,40.10385589897625,0.0,0.0,6277.654235318301,0.0,240.32822426259506,0.0,0.0,744.3463927410536,0.0,0.0,0.0,0.0,0.0,0.0,0.0,2927.960189701616,0.0,0.0,0.0,0.0,0.0,0.0,0.0
5423,0.0,64.81888595670462,0.0,0.0,0.0,0.0,0.0,0.0,0.0,0.0,0.0,0.0,0.0,37.767585821449714,0.0,0.0,6403.92944046855,0.0,245.05295805931092,0.0,0.0,728.6428986333302,0.0,0.0,0.0,0.0,0.0,0.0,0.0,3109.3885634809712,0.0,0.0,0.0,0.0,0.0,0.0,0.0
5424,0.0,79.6604253172874,0.0,0.0,0.0,0.0,0.0,0.0,0.0,0.0,0.0,0.0,0.0,36.65873054862014,0.0,0.0,6846.405469566584,0.0,257.9560329079627,0.0,0.0,836.5468207597726,0.0,0.0,0.0,0.0,0.0,0.0,0.0,3434.4488556742663,0.0,0.0,0.0,0.0,0.0,0.0,0.0
5425,0.0,94.41438115239136,0.0,0.0,0.0,0.0,0.0,0.0,0.0,0.0,0.0,0.0,0.0,34.01268971785888,0.0,0.0,7261.194756925106,0.0,255.88676748275745,0.0,0.0,847.4466678522521,0.0,0.0,0.0,0.0,0.0,0.0,0.0,3743.151247569917,0.0,0.0,0.0,0.0,0.0,0.0,0.0
5426,0.0,112.86831483989954,0.0,0.0,0.0,0.0,0.0,0.0,0.0,0.0,0.0,0.0,0.0,32.04352826029051,0.0,0.0,7602.073130905626,0.0,247.13627350330336,0.0,0.0,793.323685904592,0.0,0.0,0.0,0.0,0.0,0.0,0.0,4050.435033866762,0.0,0.0,0.0,0.0,0.0,0.0,0.0
5427,0.0,136.9641510039568,0.0,0.0,0.0,0.0,0.0,0.0,0.0,0.0,0.0,0.0,0.0,31.82045363932848,0.0,0.0,7881.675540685654,0.0,238.51814315021028,0.0,0.0,734.8903267376118,0.0,0.0,0.0,0.0,0.0,0.0,0.0,4349.409689536691,0.0,0.0,0.0,0.0,0.0,0.0,0.0
5428,0.0,158.46546813547607,0.0,0.0,0.0,0.0,0.0,0.0,0.0,0.0,0.0,0.0,0.0,33.3752115637064,0.0,0.0,8119.901467263699,0.0,235.60593588054178,0.0,0.0,689.7405104868108,0.0,0.0,0.0,0.0,0.0,0.0,0.0,4659.515137696266,0.0,0.0,0.0,0.0,0.0,0.0,0.0
5429,0.0,178.36019184887402,0.0,0.0,0.0,0.0,0.0,0.0,0.0,0.0,0.0,0.0,0.0,32.42102449983347,0.0,0.0,8313.738218516111,0.0,231.34800951182825,0.0,0.0,638.6437542535364,0.0,0.0,0.0,0.0,0.0,0.0,0.0,4919.867053577303,0.0,0.0,0.0,0.0,0.0,0.0,0.0
5430,0.0,184.25771168768404,0.0,0.0,0.0,0.0,0.0,0.0,0.0,0.0,0.0,0.0,0.0,30.409275763481794,0.0,0.0,8165.870497405527,0.0,214.99015657305713,0.0,0.0,519.8113364819428,0.0,0.0,0.0,0.0,0.0,0.0,0.0,4962.239714360237,0.0,0.0,0.0,0.0,0.0,0.0,0.0
5431,0.0,190.89444854557513,0.0,0.0,0.0,0.0,0.0,0.0,0.0,0.0,0.0,0.0,0.0,26.225273175537477,0.0,0.0,8021.61442863941,0.0,187.2292609602212,0.0,0.0,421.310459721833,0.0,0.0,0.0,0.0,0.0,0.0,0.0,4998.708328849076,0.0,0.0,0.0,0.0,0.0,0.0,0.0
5432,0.0,200.56632945835588,0.0,0.0,0.0,0.0,0.0,0.0,0.0,0.0,0.0,0.0,0.0,26.13593460321412,0.0,0.0,7866.045012533663,0.0,173.67782517075523,0.0,0.0,343.903849112615,0.0,0.0,0.0,0.0,0.0,0.0,0.0,4897.200462666154,0.0,0.0,0.0,0.0,0.0,0.0,0.0
5433,0.0,208.19318730533118,0.0,0.0,0.0,0.0,0.0,0.0,0.0,0.0,0.0,0.0,0.0,27.842662253230753,0.0,0.0,7771.1028167009335,0.0,171.39896547794328,0.0,0.0,287.846730333566,0.0,0.0,0.0,0.0,0.0,0.0,0.0,4756.01611804664,0.0,0.0,0.0,0.0,0.0,0.0,0.0
5434,0.0,192.04577877223485,0.0,0.0,0.0,0.0,0.0,0.0,0.0,0.0,0.0,0.0,0.0,24.67343510538329,0.0,0.0,7527.297225624323,0.0,164.7574563860892,0.0,0.0,277.08062694668746,0.0,0.0,0.0,0.0,0.0,0.0,0.0,4332.118829146028,0.0,0.0,0.0,0.0,0.0,0.0,0.0
5435,0.0,172.57847276329986,0.0,0.0,0.0,0.0,0.0,0.0,0.0,0.0,0.0,0.0,0.0,26.028401584178127,0.0,0.0,7330.404221504927,0.0,164.44671087563023,0.0,0.0,254.97139972038482,0.0,0.0,0.0,0.0,0.0,0.0,0.0,3953.4404525369405,0.0,0.0,0.0,0.0,0.0,0.0,0.0
5436,0.0,149.92648471891877,0.0,0.0,0.0,0.0,0.0,0.0,0.0,0.0,0.0,0.0,0.0,28.57127516642202,0.0,0.0,7173.535761803387,0.0,167.13811943233006,0.0,0.0,226.6234108608216,0.0,0.0,0.0,0.0,0.0,0.0,0.0,3617.656543460488,0.0,0.0,0.0,0.0,0.0,0.0,0.0
5437,0.0,131.02449119389055,0.0,0.0,0.0,0.0,0.0,0.0,0.0,0.0,0.0,0.0,0.0,28.571502141654396,0.0,0.0,7038.121746063232,0.0,171.99748442172995,0.0,0.0,217.72778926491702,0.0,0.0,0.0,0.0,0.0,0.0,0.0,3306.1465925872326,0.0,0.0,0.0,0.0,0.0,0.0,0.0
5438,0.0,115.09008310139171,0.0,0.0,0.0,0.0,0.0,0.0,0.0,0.0,0.0,0.0,0.0,31.588507369160567,0.0,0.0,6896.109055578709,0.0,185.94206878542897,0.0,0.0,218.20296922177056,0.0,0.0,0.0,0.0,0.0,0.0,0.0,3024.817358304559,0.0,0.0,0.0,0.0,0.0,0.0,0.0
5439,0.0,117.29010803550482,0.0,0.0,0.0,0.0,0.0,0.0,0.0,0.0,0.0,0.0,0.0,44.10746361613262,0.0,0.0,7035.018820971249,0.0,203.1939505040645,0.0,0.0,243.80569254532375,0.0,0.0,0.0,0.0,0.0,0.0,0.0,2680.693400737642,0.0,0.0,0.0,0.0,0.0,0.0,0.0
5440,0.0,134.81888418495646,0.0,0.0,0.0,0.0,0.0,0.0,0.0,0.0,0.0,0.0,0.0,52.82233738601206,0.0,0.0,7128.618412464855,0.0,214.7783540219067,0.0,0.0,257.7659770980477,0.0,0.0,0.0,0.0,0.0,0.0,0.0,2399.1153770968313,0.0,0.0,0.0,0.0,0.0,0.0,0.0
5441,0.0,132.40840488374226,0.0,0.0,0.0,0.0,0.0,0.0,0.0,0.0,0.0,0.0,0.0,48.98206777125588,0.0,0.0,7197.517506748438,0.0,204.88084200024585,0.0,0.0,257.2255147721611,0.0,0.0,0.0,0.0,0.0,0.0,0.0,2176.5575661003586,0.0,0.0,0.0,0.0,0.0,0.0,0.0
5442,0.0,121.86289110481732,0.0,0.0,0.0,0.0,0.0,0.0,0.0,0.0,0.0,0.0,0.0,37.39745366722343,0.0,0.0,7239.779984354971,0.0,190.40859643518917,0.0,0.0,264.7257209993894,0.0,0.0,0.0,0.0,0.0,0.0,0.0,2024.4075050696717,0.0,0.0,0.0,0.0,0.0,0.0,0.0
5443,0.0,125.32372742593286,0.0,0.0,0.0,0.0,0.0,0.0,0.0,0.0,0.0,0.0,0.0,39.383173108100834,0.0,0.0,7450.340949565172,0.0,160.521375721693,0.0,0.0,299.6773715514685,0.0,0.0,0.0,0.0,0.0,0.0,0.0,2121.6412930279957,0.0,0.0,0.0,0.0,0.0,0.0,0.0
5444,0.0,127.31241423189634,0.0,0.0,0.0,0.0,0.0,0.0,0.0,0.0,0.0,0.0,0.0,42.32354196980593,0.0,0.0,7628.867655277252,0.0,130.4810720503329,0.0,0.0,311.63354414217144,0.0,0.0,0.0,0.0,0.0,0.0,0.0,2197.569780102371,0.0,0.0,0.0,0.0,0.0,0.0,0.0
5445,0.0,128.16262041628354,0.0,0.0,0.0,0.0,0.0,0.0,0.0,0.0,0.0,0.0,0.0,44.39903431832782,0.0,0.0,7783.645199298857,0.0,103.83880543857813,0.0,0.0,323.41388955227984,0.0,0.0,0.0,0.0,0.0,0.0,0.0,2263.8683471158133,0.0,0.0,0.0,0.0,0.0,0.0,0.0
5446,0.0,129.61783819198607,0.0,0.0,0.0,0.0,0.0,0.0,0.0,0.0,0.0,0.0,0.0,49.7424235910176,0.0,0.0,7914.893718957901,0.0,77.89129595309487,0.0,0.0,328.737978966906,0.0,0.0,0.0,0.0,0.0,0.0,0.0,2321.7849185958485,0.0,0.0,0.0,0.0,0.0,0.0,0.0
5447,0.0,132.67813436686987,0.0,0.0,0.0,0.0,0.0,0.0,0.0,0.0,0.0,0.0,0.0,61.23095151335001,0.0,0.0,8027.309995830057,0.0,51.17497032880771,0.0,0.0,329.5606503512707,0.0,0.0,0.0,0.0,0.0,0.0,0.0,2375.0137272208913,0.0,0.0,0.0,0.0,0.0,0.0,0.0
5448,0.0,161.21893089115616,0.0,0.0,0.0,0.0,0.0,0.0,0.0,0.0,0.0,0.0,0.0,76.58761936724183,0.0,0.0,8155.392582893372,0.0,41.082514296471984,0.0,0.0,361.4986775245516,0.0,0.0,0.0,0.0,0.0,0.0,0.0,2955.877935647963,0.0,0.0,0.0,0.0,0.0,0.0,0.0
5449,0.0,195.03385904431337,0.0,0.0,0.0,0.0,0.0,0.0,0.0,0.0,0.0,0.0,0.0,97.25367504358292,0.0,0.0,8257.305275529623,0.0,28.375446843355768,0.0,0.0,357.0541781511153,0.0,0.0,0.0,0.0,0.0,0.0,0.0,3443.009306946395,0.0,0.0,0.0,0.0,0.0,0.0,0.0
5450,0.0,229.6333846449851,0.0,0.0,0.0,0.0,0.0,0.0,0.0,0.0,0.0,0.0,0.0,118.34429209530343,0.0,0.0,8338.037334591148,0.0,17.84532086923701,0.0,0.0,314.12468149959955,0.0,0.0,0.0,0.0,0.0,0.0,0.0,3871.073455983399,0.0,0.0,0.0,0.0,0.0,0.0,0.0
5451,0.0,257.08749175071716,0.0,0.0,0.0,0.0,0.0,0.0,0.0,0.0,0.0,0.0,0.0,136.10008815526953,0.0,0.0,8402.71648186445,0.0,14.708923726342539,0.0,0.0,233.1273892141872,0.0,0.0,0.0,0.0,0.0,0.0,0.0,4270.129055151342,0.0,0.0,0.0,0.0,0.0,0.0,0.0
5452,0.0,278.1054336726665,0.0,0.0,0.0,0.0,0.0,0.0,0.0,0.0,0.0,0.0,0.0,149.65168643593776,0.0,0.0,8462.84586507082,0.0,14.503586703352612,0.0,0.0,164.28416024856185,0.0,0.0,0.0,0.0,0.0,0.0,0.0,4624.065908673406,0.0,0.0,0.0,0.0,0.0,0.0,0.0
5453,0.0,294.12473893761637,0.0,0.0,0.0,0.0,0.0,0.0,0.0,0.0,0.0,0.0,0.0,155.00038861036296,0.0,0.0,8540.468776077032,0.0,14.203550997562589,0.0,0.0,42.25249956222196,0.0,0.0,0.0,0.0,0.0,0.0,0.0,4955.488771733641,0.0,0.0,0.0,0.0,0.0,0.0,0.0
5454,0.0,278.50034860968583,0.0,0.0,0.0,0.0,0.0,0.0,0.0,0.0,0.0,0.0,0.0,152.4456450641154,0.0,0.0,8237.440020829437,0.0,13.97805134542286,0.0,0.0,136.59874958982596,0.0,0.0,0.0,0.0,0.0,0.0,0.0,4853.345190882682,0.0,0.0,0.0,0.0,0.0,0.0,0.0
5455,0.0,265.8292352020741,0.0,0.0,0.0,0.0,0.0,0.0,0.0,0.0,0.0,0.0,0.0,137.81039416789997,0.0,0.0,7988.43436601758,0.0,13.87821914441879,0.0,0.0,184.18794090226237,0.0,0.0,0.0,0.0,0.0,0.0,0.0,4719.724332040549,0.0,0.0,0.0,0.0,0.0,0.0,0.0
5456,0.0,249.43151187300677,0.0,0.0,0.0,0.0,0.0,0.0,0.0,0.0,0.0,0.0,0.0,117.43864410519599,0.0,0.0,7810.3611587584,0.0,13.837260301411053,0.0,0.0,175.2550421275198,0.0,0.0,0.0,0.0,0.0,0.0,0.0,4560.186348071694,0.0,0.0,0.0,0.0,0.0,0.0,0.0
5457,0.0,234.6444079846143,0.0,0.0,0.0,0.0,0.0,0.0,0.0,0.0,0.0,0.0,0.0,96.83516634106627,0.0,0.0,7711.999444574118,0.0,13.836740650795262,0.0,0.0,167.15802259035326,0.0,0.0,0.0,0.0,0.0,0.0,0.0,4405.163818630575,0.0,0.0,0.0,0.0,0.0,0.0,0.0
5458,0.0,201.35935770571228,0.0,0.0,0.0,0.0,0.0,0.0,0.0,0.0,0.0,0.0,0.0,62.11093729138361,0.0,0.0,7443.542362123726,0.0,13.680913085490365,0.0,0.0,312.1258678168057,0.0,0.0,0.0,0.0,0.0,0.0,0.0,4084.821483930945,0.0,0.0,0.0,0.0,0.0,0.0,0.0
5459,0.0,175.52737296223634,0.0,0.0,0.0,0.0,0.0,0.0,0.0,0.0,0.0,0.0,0.0,37.528533264994564,0.0,0.0,7199.3898408412915,0.0,14.037272063456383,0.0,0.0,404.43044486716303,0.0,0.0,0.0,0.0,0.0,0.0,0.0,3759.7521514266723,0.0,0.0,0.0,0.0,0.0,0.0,0.0
5460,0.0,151.22167160511017,0.0,0.0,0.0,0.0,0.0,0.0,0.0,0.0,0.0,0.0,0.0,25.708579470962245,0.0,0.0,6946.747641831635,0.0,14.193472925014692,0.0,0.0,462.5520759914069,0.0,0.0,0.0,0.0,0.0,0.0,0.0,3442.728695693611,0.0,0.0,0.0,0.0,0.0,0.0,0.0
5461,0.0,131.39815378189084,0.0,0.0,0.0,0.0,0.0,0.0,0.0,0.0,0.0,0.0,0.0,24.07287545353161,0.0,0.0,6696.58996093273,0.0,14.179467368312064,0.0,0.0,499.01123836263974,0.0,0.0,0.0,0.0,0.0,0.0,0.0,3152.198052090406,0.0,0.0,0.0,0.0,0.0,0.0,0.0
5462,0.0,117.28651687949889,0.0,0.0,0.0,0.0,0.0,0.0,0.0,0.0,0.0,0.0,0.0,24.543039235472595,0.0,0.0,6461.569638341664,0.0,14.171921782009205,0.0,0.0,523.4429284427305,0.0,0.0,0.0,0.0,0.0,0.0,0.0,2904.3684133648867,0.0,0.0,0.0,0.0,0.0,0.0,0.0
5463,0.0,102.7836193218827,0.0,0.0,0.0,0.0,0.0,0.0,0.0,0.0,0.0,0.0,0.0,28.534460344165446,0.0,0.0,6520.2331247478705,0.0,15.204879756085477,0.0,0.0,612.0814747173333,0.0,0.0,0.0,0.0,0.0,0.0,0.0,2651.357953223585,0.0,0.0,0.0,0.0,0.0,0.0,0.0
5464,0.0,89.62273395806542,0.0,0.0,0.0,0.0,0.0,0.0,0.0,0.0,0.0,0.0,0.0,31.892897968739174,0.0,0.0,6563.581120520828,0.0,16.785237318277222,0.0,0.0,677.9490386903279,0.0,0.0,0.0,0.0,0.0,0.0,0.0,2454.48673942387,0.0,0.0,0.0,0.0,0.0,0.0,0.0
5465,0.0,79.04763522595158,0.0,0.0,0.0,0.0,0.0,0.0,0.0,0.0,0.0,0.0,0.0,30.194170495122556,0.0,0.0,6606.248090744017,0.0,16.40369705334303,0.0,0.0,730.2304901584977,0.0,0.0,0.0,0.0,0.0,0.0,0.0,2299.88006428778,0.0,0.0,0.0,0.0,0.0,0.0,0.0
5466,0.0,70.14097915738816,0.0,0.0,0.0,0.0,0.0,0.0,0.0,0.0,0.0,0.0,0.0,28.777001594006922,0.0,0.0,6614.329386502504,0.0,21.810770086571377,0.0,0.0,768.1217395596198,0.0,0.0,0.0,0.0,0.0,0.0,0.0,2182.92899647206,0.0,0.0,0.0,0.0,0.0,0.0,0.0
5467,0.0,72.12014098316428,0.0,0.0,0.0,0.0,0.0,0.0,0.0,0.0,0.0,0.0,0.0,36.63465155884622,0.0,0.0,6689.057063817976,0.0,28.86308475807299,0.0,0.0,838.5952868878841,0.0,0.0,0.0,0.0,0.0,0.0,0.0,2407.5434782162306,0.0,0.0,0.0,0.0,0.0,0.0,0.0
5468,0.0,74.92539494186639,0.0,0.0,0.0,0.0,0.0,0.0,0.0,0.0,0.0,0.0,0.0,47.40591813176866,0.0,0.0,6778.426595985888,0.0,40.39719054251891,0.0,0.0,899.8573216438293,0.0,0.0,0.0,0.0,0.0,0.0,0.0,2638.634077133238,0.0,0.0,0.0,0.0,0.0,0.0,0.0
5469,0.0,82.98811532109968,0.0,0.0,0.0,0.0,0.0,0.0,0.0,0.0,0.0,0.0,0.0,60.63398423492903,0.0,0.0,6875.119000256062,0.0,48.184079989790824,0.0,0.0,950.982688584923,0.0,0.0,0.0,0.0,0.0,0.0,0.0,2880.243077874182,0.0,0.0,0.0,0.0,0.0,0.0,0.0
5470,0.0,91.40578499883406,0.0,0.0,0.0,0.0,0.0,0.0,0.0,0.0,0.0,0.0,0.0,69.01987281739703,0.0,0.0,6971.829295545816,0.0,47.73663579970594,0.0,0.0,998.8614213958383,0.0,0.0,0.0,0.0,0.0,0.0,0.0,3086.6514581441875,0.0,0.0,0.0,0.0,0.0,0.0,0.0
5471,0.0,98.00200912803409,0.0,0.0,0.0,0.0,0.0,0.0,0.0,0.0,0.0,0.0,0.0,65.07394483089446,0.0,0.0,7062.346964448689,0.0,33.887300337105934,0.0,0.0,1045.220532035082,0.0,0.0,0.0,0.0,0.0,0.0,0.0,3253.193513447046,0.0,0.0,0.0,0.0,0.0,0.0,0.0
5472,0.0,128.93620592057704,0.0,0.0,0.0,0.0,0.0,0.0,0.0,0.0,0.0,0.0,0.0,53.243155071139306,0.0,0.0,7369.314077615736,0.0,28.917448919638908,0.0,0.0,941.0237401932476,0.0,0.0,0.0,0.0,0.0,0.0,0.0,3588.1514997124655,0.0,0.0,0.0,0.0,0.0,0.0,0.0
5473,0.0,148.684758362174,0.0,0.0,0.0,0.0,0.0,0.0,0.0,0.0,0.0,0.0,0.0,32.124628472328155,0.0,0.0,7616.721986591814,0.0,16.636546843871365,0.0,0.0,913.2892920680345,0.0,0.0,0.0,0.0,0.0,0.0,0.0,3835.152322727442,0.0,0.0,0.0,0.0,0.0,0.0,0.0
5474,0.0,163.59046859443188,0.0,0.0,0.0,0.0,0.0,0.0,0.0,0.0,0.0,0.0,0.0,23.346752262487936,0.0,0.0,7817.711256325245,0.0,14.226032139174604,0.0,0.0,923.9625998787579,0.0,0.0,0.0,0.0,0.0,0.0,0.0,3998.8810332536677,0.0,0.0,0.0,0.0,0.0,0.0,0.0
5475,0.0,180.8532396823167,0.0,0.0,0.0,0.0,0.0,0.0,0.0,0.0,0.0,0.0,0.0,23.25992582961909,0.0,0.0,7981.1877252161485,0.0,14.167621927894519,0.0,0.0,961.2806511573489,0.0,0.0,0.0,0.0,0.0,0.0,0.0,4140.9618151098475,0.0,0.0,0.0,0.0,0.0,0.0,0.0
5476,0.0,199.67180896997445,0.0,0.0,0.0,0.0,0.0,0.0,0.0,0.0,0.0,0.0,0.0,23.353512481599946,0.0,0.0,8116.430609464645,0.0,14.190256834216378,0.0,0.0,1021.2838904589414,0.0,0.0,0.0,0.0,0.0,0.0,0.0,4267.7087830960745,0.0,0.0,0.0,0.0,0.0,0.0,0.0
5477,0.0,212.86126927435393,0.0,0.0,0.0,0.0,0.0,0.0,0.0,0.0,0.0,0.0,0.0,23.073349386453614,0.0,0.0,8229.866674453018,0.0,14.447813649475528,0.0,0.0,966.4572970300907,0.0,0.0,0.0,0.0,0.0,0.0,0.0,4376.96238772571,0.0,0.0,0.0,0.0,0.0,0.0,0.0
5478,0.0,206.12527061998844,0.0,0.0,0.0,0.0,0.0,0.0,0.0,0.0,0.0,0.0,0.0,23.3584456901996,0.0,0.0,8099.4862581789475,0.0,14.159783632866901,0.0,0.0,874.410140660405,0.0,0.0,0.0,0.0,0.0,0.0,0.0,4100.969649013875,0.0,0.0,0.0,0.0,0.0,0.0,0.0
5479,0.0,199.89430633485313,0.0,0.0,0.0,0.0,0.0,0.0,0.0,0.0,0.0,0.0,0.0,23.21654273644081,0.0,0.0,8005.872665017843,0.0,14.137295080907622,0.0,0.0,771.3223543502389,0.0,0.0,0.0,0.0,0.0,0.0,0.0,3861.565218508243,0.0,0.0,0.0,0.0,0.0,0.0,0.0
5480,0.0,188.7240997463464,0.0,0.0,0.0,0.0,0.0,0.0,0.0,0.0,0.0,0.0,0.0,23.127150923013627,0.0,0.0,7952.974365204571,0.0,14.039912926033017,0.0,0.0,669.2201993554828,0.0,0.0,0.0,0.0,0.0,0.0,0.0,3709.3346987098453,0.0,0.0,0.0,0.0,0.0,0.0,0.0
5481,0.0,178.43282859027386,0.0,0.0,0.0,0.0,0.0,0.0,0.0,0.0,0.0,0.0,0.0,23.571439528465255,0.0,0.0,7961.194121897221,0.0,14.339244648814086,0.0,0.0,579.3655844639977,0.0,0.0,0.0,0.0,0.0,0.0,0.0,3565.6935591787083,0.0,0.0,0.0,0.0,0.0,0.0,0.0
5482,0.0,153.9785431534051,0.0,0.0,0.0,0.0,0.0,0.0,0.0,0.0,0.0,0.0,0.0,23.384114907681912,0.0,0.0,7727.265151500702,0.0,14.189951157383605,0.0,0.0,502.86683400012504,0.0,0.0,0.0,0.0,0.0,0.0,0.0,3253.0528462082143,0.0,0.0,0.0,0.0,0.0,0.0,0.0
5483,0.0,135.6318461537361,0.0,0.0,0.0,0.0,0.0,0.0,0.0,0.0,0.0,0.0,0.0,23.565454107522886,0.0,0.0,7511.421668291092,0.0,14.338672199472782,0.0,0.0,437.19901515394446,0.0,0.0,0.0,0.0,0.0,0.0,0.0,2947.8765372067664,0.0,0.0,0.0,0.0,0.0,0.0,0.0
5484,0.0,120.9575690925121,0.0,0.0,0.0,0.0,0.0,0.0,0.0,0.0,0.0,0.0,0.0,23.50153395906084,0.0,0.0,7307.884872943161,0.0,14.381722613051503,0.0,0.0,378.9948065634813,0.0,0.0,0.0,0.0,0.0,0.0,0.0,2644.7731715127807,0.0,0.0,0.0,0.0,0.0,0.0,0.0
5485,0.0,108.3412699118256,0.0,0.0,0.0,0.0,0.0,0.0,0.0,0.0,0.0,0.0,0.0,23.634919737279283,0.0,0.0,7092.412433922291,0.0,14.451720755174584,0.0,0.0,334.4501673348247,0.0,0.0,0.0,0.0,0.0,0.0,0.0,2334.721784412859,0.0,0.0,0.0,0.0,0.0,0.0,0.0
5486,0.0,97.44603926092381,0.0,0.0,0.0,0.0,0.0,0.0,0.0,0.0,0.0,0.0,0.0,23.808180300146212,0.0,0.0,6874.209669739008,0.0,15.609711669385312,0.0,0.0,300.531227093562,0.0,0.0,0.0,0.0,0.0,0.0,0.0,2026.109795626998,0.0,0.0,0.0,0.0,0.0,0.0,0.0
5487,0.0,78.79000485241406,0.0,0.0,0.0,0.0,0.0,0.0,0.0,0.0,0.0,0.0,0.0,24.533752866089333,0.0,0.0,7000.8850892186165,0.0,18.4324704874306,0.0,0.0,355.2032999932759,0.0,0.0,0.0,0.0,0.0,0.0,0.0,1594.92963220179,0.0,0.0,0.0,0.0,0.0,0.0,0.0
5488,0.0,65.39098796993486,0.0,0.0,0.0,0.0,0.0,0.0,0.0,0.0,0.0,0.0,0.0,27.45992877036329,0.0,0.0,7122.26009967923,0.0,21.313235652819245,0.0,0.0,403.4088230978697,0.0,0.0,0.0,0.0,0.0,0.0,0.0,1445.4321792185297,0.0,0.0,0.0,0.0,0.0,0.0,0.0
5489,0.0,56.48978176116938,0.0,0.0,0.0,0.0,0.0,0.0,0.0,0.0,0.0,0.0,0.0,33.080272661149436,0.0,0.0,7221.152321487665,0.0,17.59807277359062,0.0,0.0,439.0223422598093,0.0,0.0,0.0,0.0,0.0,0.0,0.0,1430.7026197344055,0.0,0.0,0.0,0.0,0.0,0.0,0.0
5490,0.0,49.17990655750036,0.0,0.0,0.0,0.0,0.0,0.0,0.0,0.0,0.0,0.0,0.0,45.003416121005884,0.0,0.0,7321.154564380644,0.0,14.886056966893326,0.0,0.0,459.8847708497194,0.0,0.0,0.0,0.0,0.0,0.0,0.0,1433.8983696654423,0.0,0.0,0.0,0.0,0.0,0.0,0.0
5491,0.0,49.741634899377786,0.0,0.0,0.0,0.0,0.0,0.0,0.0,0.0,0.0,0.0,0.0,63.5013147085905,0.0,0.0,7361.176775187252,0.0,14.092782049998565,0.0,0.0,483.2950662296258,0.0,0.0,0.0,0.0,0.0,0.0,0.0,1757.778539663551,0.0,0.0,0.0,0.0,0.0,0.0,0.0
5492,0.0,48.58349410146467,0.0,0.0,0.0,0.0,0.0,0.0,0.0,0.0,0.0,0.0,0.0,77.96164896339174,0.0,0.0,7380.97902238369,0.0,14.014695513620783,0.0,0.0,495.1828531734642,0.0,0.0,0.0,0.0,0.0,0.0,0.0,1985.4971025854334,0.0,0.0,0.0,0.0,0.0,0.0,0.0
5493,0.0,48.42671769708392,0.0,0.0,0.0,0.0,0.0,0.0,0.0,0.0,0.0,0.0,0.0,91.35470084100953,0.0,0.0,7406.686083912848,0.0,13.885147819295359,0.0,0.0,504.7262272495769,0.0,0.0,0.0,0.0,0.0,0.0,0.0,2157.4360427364695,0.0,0.0,0.0,0.0,0.0,0.0,0.0
5494,0.0,49.15868226438759,0.0,0.0,0.0,0.0,0.0,0.0,0.0,0.0,0.0,0.0,0.0,98.38783385157579,0.0,0.0,7450.903349876404,0.0,13.732005578651885,0.0,0.0,512.5270351331677,0.0,0.0,0.0,0.0,0.0,0.0,0.0,2304.489899662136,0.0,0.0,0.0,0.0,0.0,0.0,0.0
5495,0.0,49.75004465728993,0.0,0.0,0.0,0.0,0.0,0.0,0.0,0.0,0.0,0.0,0.0,94.80442734360682,0.0,0.0,7505.775106936691,0.0,13.54217563401896,0.0,0.0,526.274820844084,0.0,0.0,0.0,0.0,0.0,0.0,0.0,2439.2668334722493,0.0,0.0,0.0,0.0,0.0,0.0,0.0
5496,0.0,71.34706048518412,0.0,0.0,0.0,0.0,0.0,0.0,0.0,0.0,0.0,0.0,0.0,78.18999725580207,0.0,0.0,7711.950438737867,0.0,14.13457826226942,0.0,0.0,414.5072042819108,0.0,0.0,0.0,0.0,0.0,0.0,0.0,2938.6948357641695,0.0,0.0,0.0,0.0,0.0,0.0,0.0
5497,0.0,91.59971443712709,0.0,0.0,0.0,0.0,0.0,0.0,0.0,0.0,0.0,0.0,0.0,51.90848466157911,0.0,0.0,7877.947985649107,0.0,14.14403201304376,0.0,0.0,339.5677752390501,0.0,0.0,0.0,0.0,0.0,0.0,0.0,3385.9237208515406,0.0,0.0,0.0,0.0,0.0,0.0,0.0
5498,0.0,103.97301439940922,0.0,0.0,0.0,0.0,0.0,0.0,0.0,0.0,0.0,0.0,0.0,24.087242145091295,0.0,0.0,8018.268807977438,0.0,14.14417373593885,0.0,0.0,317.902051828801,0.0,0.0,0.0,0.0,0.0,0.0,0.0,3808.2725852876897,0.0,0.0,0.0,0.0,0.0,0.0,0.0
5499,0.0,104.340413506329,0.0,0.0,0.0,0.0,0.0,0.0,0.0,0.0,0.0,0.0,0.0,22.83911655098186,0.0,0.0,8142.809751033781,0.0,14.14417836740594,0.0,0.0,338.6957163233303,0.0,0.0,0.0,0.0,0.0,0.0,0.0,4206.438256242869,0.0,0.0,0.0,0.0,0.0,0.0,0.0
5500,0.0,116.89033942669627,0.0,0.0,0.0,0.0,0.0,0.0,0.0,0.0,0.0,0.0,0.0,22.822751916944856,0.0,0.0,8253.419812798498,0.0,14.25865341499441,0.0,0.0,353.56219584792785,0.0,0.0,0.0,0.0,0.0,0.0,0.0,4614.48028613627,0.0,0.0,0.0,0.0,0.0,0.0,0.0
5501,0.0,127.05901328623287,0.0,0.0,0.0,0.0,0.0,0.0,0.0,0.0,0.0,0.0,0.0,22.822564171999566,0.0,0.0,8352.482388228176,0.0,14.374983828328446,0.0,0.0,407.7287372197952,0.0,0.0,0.0,0.0,0.0,0.0,0.0,5032.018620294331,0.0,0.0,0.0,0.0,0.0,0.0,0.0
5502,0.0,118.44763160347935,0.0,0.0,0.0,0.0,0.0,0.0,0.0,0.0,0.0,0.0,0.0,22.86220777817066,0.0,0.0,8109.790707588194,0.0,14.6317116109654,0.0,0.0,395.9627350084481,0.0,0.0,0.0,0.0,0.0,0.0,0.0,5033.258227735757,0.0,0.0,0.0,0.0,0.0,0.0,0.0
5503,0.0,112.99544316530223,0.0,0.0,0.0,0.0,0.0,0.0,0.0,0.0,0.0,0.0,0.0,22.862754200026348,0.0,0.0,7930.326668024063,0.0,16.720046639069864,0.0,0.0,387.08357592299484,0.0,0.0,0.0,0.0,0.0,0.0,0.0,4939.8215511947865,0.0,0.0,0.0,0.0,0.0,0.0,0.0
5504,0.0,108.94071240574115,0.0,0.0,0.0,0.0,0.0,0.0,0.0,0.0,0.0,0.0,0.0,22.862754200026348,0.0,0.0,7813.453193664549,0.0,18.493081571906725,0.0,0.0,383.32607414089136,0.0,0.0,0.0,0.0,0.0,0.0,0.0,4895.757990646362,0.0,0.0,0.0,0.0,0.0,0.0,0.0
5505,0.0,104.95304227620358,0.0,0.0,0.0,0.0,0.0,0.0,0.0,0.0,0.0,0.0,0.0,22.98341955766076,0.0,0.0,7747.10395860672,0.0,21.14838321059931,0.0,0.0,388.63305768258846,0.0,0.0,0.0,0.0,0.0,0.0,0.0,4883.53223569095,0.0,0.0,0.0,0.0,0.0,0.0,0.0
5506,0.0,81.10120131522413,0.0,0.0,0.0,0.0,0.0,0.0,0.0,0.0,0.0,0.0,0.0,23.25368821397414,0.0,0.0,7502.689294993876,0.0,20.08805141299955,0.0,0.0,357.1347498401993,0.0,0.0,0.0,0.0,0.0,0.0,0.0,4297.5371083647005,0.0,0.0,0.0,0.0,0.0,0.0,0.0
5507,0.0,61.21119099408383,0.0,0.0,0.0,0.0,0.0,0.0,0.0,0.0,0.0,0.0,0.0,23.72765453159804,0.0,0.0,7269.827562808989,0.0,26.6624709241092,0.0,0.0,319.5090199179942,0.0,0.0,0.0,0.0,0.0,0.0,0.0,3766.3342210441815,0.0,0.0,0.0,0.0,0.0,0.0,0.0
5508,0.0,46.135567179322166,0.0,0.0,0.0,0.0,0.0,0.0,0.0,0.0,0.0,0.0,0.0,26.22912334799764,0.0,0.0,7043.312475353478,0.0,44.72432955652465,0.0,0.0,285.0141188800326,0.0,0.0,0.0,0.0,0.0,0.0,0.0,3309.713537687063,0.0,0.0,0.0,0.0,0.0,0.0,0.0
5509,0.0,35.880281230062224,0.0,0.0,0.0,0.0,0.0,0.0,0.0,0.0,0.0,0.0,0.0,34.45012703388915,0.0,0.0,6806.35214394331,0.0,60.81775165647265,0.0,0.0,255.60514960549742,0.0,0.0,0.0,0.0,0.0,0.0,0.0,2935.4831748858087,0.0,0.0,0.0,0.0,0.0,0.0,0.0
5510,0.0,27.50345393791794,0.0,0.0,0.0,0.0,0.0,0.0,0.0,0.0,0.0,0.0,0.0,45.981743822246735,0.0,0.0,6560.312509030102,0.0,62.29026921093447,0.0,0.0,229.8382174707945,0.0,0.0,0.0,0.0,0.0,0.0,0.0,2632.077862805126,0.0,0.0,0.0,0.0,0.0,0.0,0.0
5511,0.0,23.176580887287788,0.0,0.0,0.0,0.0,0.0,0.0,0.0,0.0,0.0,0.0,0.0,59.39242971390474,0.0,0.0,6587.28205424547,0.0,74.2572467371821,0.0,0.0,250.80994199216352,0.0,0.0,0.0,0.0,0.0,0.0,0.0,2590.8846009925005,0.0,0.0,0.0,0.0,0.0,0.0,0.0
5512,0.0,19.7590400900691,0.0,0.0,0.0,0.0,0.0,0.0,0.0,0.0,0.0,0.0,0.0,66.03248085230584,0.0,0.0,6581.632381409407,0.0,81.56350104808799,0.0,0.0,267.64257509261364,0.0,0.0,0.0,0.0,0.0,0.0,0.0,2701.4823190584766,0.0,0.0,0.0,0.0,0.0,0.0,0.0
5513,0.0,26.696229401975838,0.0,0.0,0.0,0.0,0.0,0.0,0.0,0.0,0.0,0.0,0.0,56.17908250391473,0.0,0.0,6529.019560039042,0.0,69.78155248761158,0.0,0.0,286.5931574687361,0.0,0.0,0.0,0.0,0.0,0.0,0.0,2789.134823828934,0.0,0.0,0.0,0.0,0.0,0.0,0.0
5514,0.0,40.444153042137614,0.0,0.0,0.0,0.0,0.0,0.0,0.0,0.0,0.0,0.0,0.0,44.109441943466614,0.0,0.0,6478.39380864799,0.0,69.5562482833861,0.0,0.0,297.8861747246231,0.0,0.0,0.0,0.0,0.0,0.0,0.0,2871.4681904256327,0.0,0.0,0.0,0.0,0.0,0.0,0.0
5515,0.0,47.90227565467354,0.0,0.0,0.0,0.0,0.0,0.0,0.0,0.0,0.0,0.0,0.0,39.04288679584849,0.0,0.0,6564.337988436222,0.0,53.83978314846743,0.0,0.0,318.47472012340927,0.0,0.0,0.0,0.0,0.0,0.0,0.0,3012.3675844430904,0.0,0.0,0.0,0.0,0.0,0.0,0.0
5516,0.0,56.0186319127678,0.0,0.0,0.0,0.0,0.0,0.0,0.0,0.0,0.0,0.0,0.0,29.499318046122674,0.0,0.0,6644.614215433596,0.0,33.99506531506775,0.0,0.0,318.8682308904817,0.0,0.0,0.0,0.0,0.0,0.0,0.0,3174.603920432925,0.0,0.0,0.0,0.0,0.0,0.0,0.0
5517,0.0,65.22235794514414,0.0,0.0,0.0,0.0,0.0,0.0,0.0,0.0,0.0,0.0,0.0,23.46656015813337,0.0,0.0,6720.680607736111,0.0,22.636740382760596,0.0,0.0,319.45535591840707,0.0,0.0,0.0,0.0,0.0,0.0,0.0,3325.9983922719944,0.0,0.0,0.0,0.0,0.0,0.0,0.0
5518,0.0,74.84113604128355,0.0,0.0,0.0,0.0,0.0,0.0,0.0,0.0,0.0,0.0,0.0,23.45055980533349,0.0,0.0,6816.474571675062,0.0,19.11238098256275,0.0,0.0,310.90593902505833,0.0,0.0,0.0,0.0,0.0,0.0,0.0,3466.2689422577605,0.0,0.0,0.0,0.0,0.0,0.0,0.0
5519,0.0,85.44659126400941,0.0,0.0,0.0,0.0,0.0,0.0,0.0,0.0,0.0,0.0,0.0,25.135004652291467,0.0,0.0,6983.80149912834,0.0,23.991300026327302,0.0,0.0,297.4638261806219,0.0,0.0,0.0,0.0,0.0,0.0,0.0,3593.5438644051546,0.0,0.0,0.0,0.0,0.0,0.0,0.0
5520,0.0,109.15966069847342,0.0,0.0,0.0,0.0,0.0,0.0,0.0,0.0,0.0,0.0,0.0,35.922801186889295,0.0,0.0,7147.885484814644,0.0,51.045578251779034,0.0,0.0,460.8528421539806,0.0,0.0,0.0,0.0,0.0,0.0,0.0,4103.939933589099,0.0,0.0,0.0,0.0,0.0,0.0,0.0
5521,0.0,136.8373944193125,0.0,0.0,0.0,0.0,0.0,0.0,0.0,0.0,0.0,0.0,0.0,56.276042960584086,0.0,0.0,7308.5406177043915,0.0,83.02145726978773,0.0,0.0,613.0423176549374,0.0,0.0,0.0,0.0,0.0,0.0,0.0,4606.947537416218,0.0,0.0,0.0,0.0,0.0,0.0,0.0
5522,0.0,168.4043009966611,0.0,0.0,0.0,0.0,0.0,0.0,0.0,0.0,0.0,0.0,0.0,82.26305939406154,0.0,0.0,7450.332392990587,0.0,114.26358591318122,0.0,0.0,741.1441127769648,0.0,0.0,0.0,0.0,0.0,0.0,0.0,5119.164686843751,0.0,0.0,0.0,0.0,0.0,0.0,0.0
5523,0.0,201.0696945011615,0.0,0.0,0.0,0.0,0.0,0.0,0.0,0.0,0.0,0.0,0.0,108.81165738701812,0.0,0.0,7563.136827200649,0.0,137.38893867135036,0.0,0.0,850.4158992201089,0.0,0.0,0.0,0.0,0.0,0.0,0.0,5632.105422762036,0.0,0.0,0.0,0.0,0.0,0.0,0.0
5524,0.0,234.95002097189425,0.0,0.0,0.0,0.0,0.0,0.0,0.0,0.0,0.0,0.0,0.0,132.79544085860252,0.0,0.0,7637.680149227381,0.0,154.7405784875153,0.0,0.0,892.0733168743544,0.0,0.0,0.0,0.0,0.0,0.0,0.0,6195.079217374324,0.0,0.0,0.0,0.0,0.0,0.0,0.0
5525,0.0,271.2014923632144,0.0,0.0,0.0,0.0,0.0,0.0,0.0,0.0,0.0,0.0,0.0,145.92992030978203,0.0,0.0,7706.976735293863,0.0,157.72717082500444,0.0,0.0,877.3208638876674,0.0,0.0,0.0,0.0,0.0,0.0,0.0,6777.660723274947,0.0,0.0,0.0,0.0,0.0,0.0,0.0
5526,0.0,271.7723739445209,0.0,0.0,0.0,0.0,0.0,0.0,0.0,0.0,0.0,0.0,0.0,157.09282003641118,0.0,0.0,7637.993631005285,0.0,142.78979257047166,0.0,0.0,810.7784883655603,0.0,0.0,0.0,0.0,0.0,0.0,0.0,6736.222830647229,0.0,0.0,0.0,0.0,0.0,0.0,0.0
5527,0.0,271.82955188155177,0.0,0.0,0.0,0.0,0.0,0.0,0.0,0.0,0.0,0.0,0.0,160.79373806715,0.0,0.0,7551.103949725628,0.0,110.72996913641677,0.0,0.0,703.0843024067578,0.0,0.0,0.0,0.0,0.0,0.0,0.0,6557.190681695938,0.0,0.0,0.0,0.0,0.0,0.0,0.0
5528,0.0,263.4154453039169,0.0,0.0,0.0,0.0,0.0,0.0,0.0,0.0,0.0,0.0,0.0,158.93675561547278,0.0,0.0,7440.122843772171,0.0,76.10606914609654,0.0,0.0,583.3309680160131,0.0,0.0,0.0,0.0,0.0,0.0,0.0,6183.350679522753,0.0,0.0,0.0,0.0,0.0,0.0,0.0
5529,0.0,252.9809768021106,0.0,0.0,0.0,0.0,0.0,0.0,0.0,0.0,0.0,0.0,0.0,155.45463050007808,0.0,0.0,7311.931354850529,0.0,49.071795153617664,0.0,0.0,496.4003220498556,0.0,0.0,0.0,0.0,0.0,0.0,0.0,5776.617686659098,0.0,0.0,0.0,0.0,0.0,0.0,0.0
5530,0.0,227.1461163282394,0.0,0.0,0.0,0.0,0.0,0.0,0.0,0.0,0.0,0.0,0.0,134.20022139549243,0.0,0.0,6798.767129510641,0.0,22.69384822547419,0.0,0.0,455.6068645130834,0.0,0.0,0.0,0.0,0.0,0.0,0.0,5040.45576172471,0.0,0.0,0.0,0.0,0.0,0.0,0.0
5531,0.0,202.17773446440697,0.0,0.0,0.0,0.0,0.0,0.0,0.0,0.0,0.0,0.0,0.0,117.48067655563341,0.0,0.0,6257.380209714172,0.0,15.590752295404583,0.0,0.0,443.83946204222707,0.0,0.0,0.0,0.0,0.0,0.0,0.0,4364.124784523247,0.0,0.0,0.0,0.0,0.0,0.0,0.0
5532,0.0,181.59252684116362,0.0,0.0,0.0,0.0,0.0,0.0,0.0,0.0,0.0,0.0,0.0,106.5192635834217,0.0,0.0,5726.80996699631,0.0,15.642776639759347,0.0,0.0,443.66836546808395,0.0,0.0,0.0,0.0,0.0,0.0,0.0,3755.628323170543,0.0,0.0,0.0,0.0,0.0,0.0,0.0
5533,0.0,162.92026910483833,0.0,0.0,0.0,0.0,0.0,0.0,0.0,0.0,0.0,0.0,0.0,98.40188950300204,0.0,0.0,5189.152157977222,0.0,17.08221810832604,0.0,0.0,447.5626763887702,0.0,0.0,0.0,0.0,0.0,0.0,0.0,3238.339559283851,0.0,0.0,0.0,0.0,0.0,0.0,0.0
5534,0.0,146.93580927550786,0.0,0.0,0.0,0.0,0.0,0.0,0.0,0.0,0.0,0.0,0.0,90.50155978798851,0.0,0.0,4670.409046009181,0.0,17.63495592549433,0.0,0.0,451.5833512689918,0.0,0.0,0.0,0.0,0.0,0.0,0.0,2791.6778633072972,0.0,0.0,0.0,0.0,0.0,0.0,0.0
5535,0.0,140.09436249732963,0.0,0.0,0.0,0.0,0.0,0.0,0.0,0.0,0.0,0.0,0.0,89.06147759705779,0.0,0.0,4569.064198777078,0.0,22.360591932013577,0.0,0.0,476.5842657621948,0.0,0.0,0.0,0.0,0.0,0.0,0.0,2535.7399696648117,0.0,0.0,0.0,0.0,0.0,0.0,0.0
5536,0.0,133.1149928838014,0.0,0.0,0.0,0.0,0.0,0.0,0.0,0.0,0.0,0.0,0.0,85.44420974701634,0.0,0.0,4506.8559568822375,0.0,25.082225443422693,0.0,0.0,491.10192928947407,0.0,0.0,0.0,0.0,0.0,0.0,0.0,2267.6875168919546,0.0,0.0,0.0,0.0,0.0,0.0,0.0
5537,0.0,125.27035106420512,0.0,0.0,0.0,0.0,0.0,0.0,0.0,0.0,0.0,0.0,0.0,72.28170305788508,0.0,0.0,4415.181594669817,0.0,21.146378711610986,0.0,0.0,491.95025948323297,0.0,0.0,0.0,0.0,0.0,0.0,0.0,2038.8309596240504,0.0,0.0,0.0,0.0,0.0,0.0,0.0
5538,0.0,117.21724684685464,0.0,0.0,0.0,0.0,0.0,0.0,0.0,0.0,0.0,0.0,0.0,58.43477917611599,0.0,0.0,4319.898691594601,0.0,18.15075130797919,0.0,0.0,489.63199740797245,0.0,0.0,0.0,0.0,0.0,0.0,0.0,1874.2656587198373,0.0,0.0,0.0,0.0,0.0,0.0,0.0
5539,0.0,117.87076008617872,0.0,0.0,0.0,0.0,0.0,0.0,0.0,0.0,0.0,0.0,0.0,53.535768178105336,0.0,0.0,4326.992869794367,0.0,14.431873065791937,0.0,0.0,548.7067132752386,0.0,0.0,0.0,0.0,0.0,0.0,0.0,2095.527993153035,0.0,0.0,0.0,0.0,0.0,0.0,0.0
5540,0.0,120.5235722780227,0.0,0.0,0.0,0.0,0.0,0.0,0.0,0.0,0.0,0.0,0.0,45.59263261556614,0.0,0.0,4316.51495528221,0.0,14.19811736028639,0.0,0.0,603.5596467208118,0.0,0.0,0.0,0.0,0.0,0.0,0.0,2284.7111456900825,0.0,0.0,0.0,0.0,0.0,0.0,0.0
5541,0.0,124.24231251776216,0.0,0.0,0.0,0.0,0.0,0.0,0.0,0.0,0.0,0.0,0.0,34.38743143081665,0.0,0.0,4294.197075158356,0.0,13.987140136584511,0.0,0.0,647.8890244334929,0.0,0.0,0.0,0.0,0.0,0.0,0.0,2447.4269797742354,0.0,0.0,0.0,0.0,0.0,0.0,0.0
5542,0.0,129.75270293354987,0.0,0.0,0.0,0.0,0.0,0.0,0.0,0.0,0.0,0.0,0.0,25.975589211285115,0.0,0.0,4265.264185011386,0.0,13.843301587179162,0.0,0.0,689.3133934915064,0.0,0.0,0.0,0.0,0.0,0.0,0.0,2582.573481497168,0.0,0.0,0.0,0.0,0.0,0.0,0.0
5543,0.0,136.9791889697313,0.0,0.0,0.0,0.0,0.0,0.0,0.0,0.0,0.0,0.0,0.0,24.51381827592838,0.0,0.0,4236.708173081278,0.0,13.762222196720467,0.0,0.0,713.3438902996473,0.0,0.0,0.0,0.0,0.0,0.0,0.0,2718.4218729645,0.0,0.0,0.0,0.0,0.0,0.0,0.0
5544,0.0,169.19222306907176,0.0,0.0,0.0,0.0,0.0,0.0,0.0,0.0,0.0,0.0,0.0,29.259200667589788,0.0,0.0,4441.776595279573,0.0,14.190843177959154,0.0,0.0,657.5564917780451,0.0,0.0,0.0,0.0,0.0,0.0,0.0,3440.8761551678163,0.0,0.0,0.0,0.0,0.0,0.0,0.0
5545,0.0,201.40988639295097,0.0,0.0,0.0,0.0,0.0,0.0,0.0,0.0,0.0,0.0,0.0,37.795416907966,0.0,0.0,4657.282482728362,0.0,14.289849125221203,0.0,0.0,437.7518149014558,0.0,0.0,0.0,0.0,0.0,0.0,0.0,4208.312131902576,0.0,0.0,0.0,0.0,0.0,0.0,0.0
5546,0.0,237.50379581451415,0.0,0.0,0.0,0.0,0.0,0.0,0.0,0.0,0.0,0.0,0.0,47.82080083489409,0.0,0.0,4900.091621801255,0.0,14.443613835051517,0.0,0.0,264.6547619026151,0.0,0.0,0.0,0.0,0.0,0.0,0.0,4991.015024206042,0.0,0.0,0.0,0.0,0.0,0.0,0.0
5547,0.0,265.9912300050258,0.0,0.0,0.0,0.0,0.0,0.0,0.0,0.0,0.0,0.0,0.0,57.247838819026875,0.0,0.0,5202.942633658647,0.0,14.73521471284311,0.0,0.0,182.29217875041064,0.0,0.0,0.0,0.0,0.0,0.0,0.0,5843.882662916181,0.0,0.0,0.0,0.0,0.0,0.0,0.0
5548,0.0,288.0174170315265,0.0,0.0,0.0,0.0,0.0,0.0,0.0,0.0,0.0,0.0,0.0,65.48582361489524,0.0,0.0,5540.339259654283,0.0,14.925856090523126,0.0,0.0,126.12647363087153,0.0,0.0,0.0,0.0,0.0,0.0,0.0,6066.9093044400215,0.0,0.0,0.0,0.0,0.0,0.0,0.0
5549,0.0,316.1695550858974,0.0,0.0,0.0,0.0,0.0,0.0,0.0,0.0,0.0,0.0,0.0,67.24981347322456,0.0,0.0,5911.370613530278,0.0,16.797883076220565,0.0,0.0,0.0,0.0,0.0,0.0,0.0,0.0,0.0,0.0,6201.567990982531,0.0,0.0,0.0,0.0,0.0,0.0,0.0
5550,0.0,312.6534486293792,0.0,0.0,0.0,0.0,0.0,0.0,0.0,0.0,0.0,0.0,0.0,70.24642455577845,0.0,0.0,5888.700747042894,0.0,14.852047177217836,0.0,0.0,127.76398251531587,0.0,0.0,0.0,0.0,0.0,0.0,0.0,5718.799112150073,0.0,0.0,0.0,0.0,0.0,0.0,0.0
5551,0.0,305.0187351286411,0.0,0.0,0.0,0.0,0.0,0.0,0.0,0.0,0.0,0.0,0.0,67.73336599171157,0.0,0.0,5859.2144020944825,0.0,14.514125143736583,0.0,0.0,139.85923493569632,0.0,0.0,0.0,0.0,0.0,0.0,0.0,5277.077946123481,0.0,0.0,0.0,0.0,0.0,0.0,0.0
5552,0.0,296.7573368489742,0.0,0.0,0.0,0.0,0.0,0.0,0.0,0.0,0.0,0.0,0.0,53.34245253205289,0.0,0.0,5831.662231937049,0.0,14.198333186656127,0.0,0.0,115.95156359346498,0.0,0.0,0.0,0.0,0.0,0.0,0.0,4867.178674742578,0.0,0.0,0.0,0.0,0.0,0.0,0.0
5553,0.0,287.77209618687624,0.0,0.0,0.0,0.0,0.0,0.0,0.0,0.0,0.0,0.0,0.0,40.86154125705353,0.0,0.0,5805.36904504895,0.0,14.146171750873165,0.0,0.0,146.94125555260052,0.0,0.0,0.0,0.0,0.0,0.0,0.0,4523.949888768791,0.0,0.0,0.0,0.0,0.0,0.0,0.0
5554,0.0,266.7706230819225,0.0,0.0,0.0,0.0,0.0,0.0,0.0,0.0,0.0,0.0,0.0,24.044691294431647,0.0,0.0,5309.400423139333,0.0,14.053612805902873,0.0,0.0,213.72278215326367,0.0,0.0,0.0,0.0,0.0,0.0,0.0,3918.454449048638,0.0,0.0,0.0,0.0,0.0,0.0,0.0
5555,0.0,248.73679152131075,0.0,0.0,0.0,0.0,0.0,0.0,0.0,0.0,0.0,0.0,0.0,23.567143812030494,0.0,0.0,4844.561008498071,0.0,14.115550342574592,0.0,0.0,247.63631058074438,0.0,0.0,0.0,0.0,0.0,0.0,0.0,3377.762851324676,0.0,0.0,0.0,0.0,0.0,0.0,0.0
5556,0.0,234.18805061280727,0.0,0.0,0.0,0.0,0.0,0.0,0.0,0.0,0.0,0.0,0.0,23.544575188308908,0.0,0.0,4433.962498009203,0.0,14.246015993691792,0.0,0.0,260.86081552840744,0.0,0.0,0.0,0.0,0.0,0.0,0.0,2929.8787244975565,0.0,0.0,0.0,0.0,0.0,0.0,0.0
5557,0.0,224.88826115727417,0.0,0.0,0.0,0.0,0.0,0.0,0.0,0.0,0.0,0.0,0.0,23.425645770877495,0.0,0.0,4077.723127976059,0.0,14.493350234627583,0.0,0.0,267.3227104067802,0.0,0.0,0.0,0.0,0.0,0.0,0.0,2573.6980657905337,0.0,0.0,0.0,0.0,0.0,0.0,0.0
5558,0.0,220.33541882336135,0.0,0.0,0.0,0.0,0.0,0.0,0.0,0.0,0.0,0.0,0.0,23.278832025825956,0.0,0.0,3767.8852840363957,0.0,14.902998873777523,0.0,0.0,266.7050445836037,0.0,0.0,0.0,0.0,0.0,0.0,0.0,2302.6120462656004,0.0,0.0,0.0,0.0,0.0,0.0,0.0
5559,0.0,219.42960583269593,0.0,0.0,0.0,0.0,0.0,0.0,0.0,0.0,0.0,0.0,0.0,23.288901599869018,0.0,0.0,3752.2220853269087,0.0,17.380390111729376,0.0,0.0,305.03116917461097,0.0,0.0,0.0,0.0,0.0,0.0,0.0,2276.8661446288224,0.0,0.0,0.0,0.0,0.0,0.0,0.0
5560,0.0,214.1155085653066,0.0,0.0,0.0,0.0,0.0,0.0,0.0,0.0,0.0,0.0,0.0,23.259539131075055,0.0,0.0,3739.131693020463,0.0,18.80272664576765,0.0,0.0,332.6228665195397,0.0,0.0,0.0,0.0,0.0,0.0,0.0,2243.261319851874,0.0,0.0,0.0,0.0,0.0,0.0,0.0
5561,0.0,211.9019817262887,0.0,0.0,0.0,0.0,0.0,0.0,0.0,0.0,0.0,0.0,0.0,23.438936431705837,0.0,0.0,3727.6304899752126,0.0,25.797818614169852,0.0,0.0,352.47956817783347,0.0,0.0,0.0,0.0,0.0,0.0,0.0,2198.74321246743,0.0,0.0,0.0,0.0,0.0,0.0,0.0
5562,0.0,210.8154886990785,0.0,0.0,0.0,0.0,0.0,0.0,0.0,0.0,0.0,0.0,0.0,23.576334907859543,0.0,0.0,3731.8500480502844,0.0,34.176285362243455,0.0,0.0,369.10405459441233,0.0,0.0,0.0,0.0,0.0,0.0,0.0,2104.9756605446337,0.0,0.0,0.0,0.0,0.0,0.0,0.0
5563,0.0,209.80557426810265,0.0,0.0,0.0,0.0,0.0,0.0,0.0,0.0,0.0,0.0,0.0,24.01447836905715,0.0,0.0,3923.386636480689,0.0,37.1771796703338,0.0,0.0,406.9669582016766,0.0,0.0,0.0,0.0,0.0,0.0,0.0,2313.0959141016,0.0,0.0,0.0,0.0,0.0,0.0,0.0
5564,0.0,207.1576718598604,0.0,0.0,0.0,0.0,0.0,0.0,0.0,0.0,0.0,0.0,0.0,24.309848804771818,0.0,0.0,3999.727228105068,0.0,42.17022732794269,0.0,0.0,440.0490352392189,0.0,0.0,0.0,0.0,0.0,0.0,0.0,2499.8331201001993,0.0,0.0,0.0,0.0,0.0,0.0,0.0
5565,0.0,208.20603691041467,0.0,0.0,0.0,0.0,0.0,0.0,0.0,0.0,0.0,0.0,0.0,24.609248751401772,0.0,0.0,4042.510878890752,0.0,45.66056767553085,0.0,0.0,465.9834308423096,0.0,0.0,0.0,0.0,0.0,0.0,0.0,2642.7718274682757,0.0,0.0,0.0,0.0,0.0,0.0,0.0
5566,0.0,205.1524320691823,0.0,0.0,0.0,0.0,0.0,0.0,0.0,0.0,0.0,0.0,0.0,24.635272442549326,0.0,0.0,4064.559226915239,0.0,47.58788048475961,0.0,0.0,486.29071330390843,0.0,0.0,0.0,0.0,0.0,0.0,0.0,2756.841748175023,0.0,0.0,0.0,0.0,0.0,0.0,0.0
5567,0.0,191.37334883809083,0.0,0.0,0.0,0.0,0.0,0.0,0.0,0.0,0.0,0.0,0.0,24.298446802049824,0.0,0.0,4075.5590924769626,0.0,46.393250960111516,0.0,0.0,499.8300495721393,0.0,0.0,0.0,0.0,0.0,0.0,0.0,2849.990581214426,0.0,0.0,0.0,0.0,0.0,0.0,0.0
5568,0.0,193.58736665546888,0.0,0.0,0.0,0.0,0.0,0.0,0.0,0.0,0.0,0.0,0.0,24.373026379942868,0.0,0.0,4514.83379587531,0.0,65.60756312459696,0.0,0.0,618.0999414693558,0.0,0.0,0.0,0.0,0.0,0.0,0.0,3384.3922921717153,0.0,0.0,0.0,0.0,0.0,0.0,0.0
5569,0.0,190.68397313654424,0.0,0.0,0.0,0.0,0.0,0.0,0.0,0.0,0.0,0.0,0.0,23.927628117799674,0.0,0.0,4963.57090395689,0.0,79.66612604260432,0.0,0.0,608.3164039649062,0.0,0.0,0.0,0.0,0.0,0.0,0.0,3883.2825767666095,0.0,0.0,0.0,0.0,0.0,0.0,0.0
5570,0.0,188.2016146034002,0.0,0.0,0.0,0.0,0.0,0.0,0.0,0.0,0.0,0.0,0.0,23.718264482170248,0.0,0.0,5451.257150605319,0.0,91.15292046368108,0.0,0.0,564.9549840219312,0.0,0.0,0.0,0.0,0.0,0.0,0.0,4370.173837405442,0.0,0.0,0.0,0.0,0.0,0.0,0.0
5571,0.0,191.4148014396429,0.0,0.0,0.0,0.0,0.0,0.0,0.0,0.0,0.0,0.0,0.0,23.603936216980156,0.0,0.0,5944.692248567939,0.0,102.65267558246833,0.0,0.0,517.6442267440253,0.0,0.0,0.0,0.0,0.0,0.0,0.0,4849.160611736774,0.0,0.0,0.0,0.0,0.0,0.0,0.0
5572,0.0,208.10290339887138,0.0,0.0,0.0,0.0,0.0,0.0,0.0,0.0,0.0,0.0,0.0,23.468525875732187,0.0,0.0,6391.28671258688,0.0,114.34960522651656,0.0,0.0,517.7483379308131,0.0,0.0,0.0,0.0,0.0,0.0,0.0,5333.494910818337,0.0,0.0,0.0,0.0,0.0,0.0,0.0
5573,0.0,235.6840055644512,0.0,0.0,0.0,0.0,0.0,0.0,0.0,0.0,0.0,0.0,0.0,23.172868218272857,0.0,0.0,6771.198624074459,0.0,121.68819829374534,0.0,0.0,710.260518859326,0.0,0.0,0.0,0.0,0.0,0.0,0.0,5823.254119712114,0.0,0.0,0.0,0.0,0.0,0.0,0.0
5574,0.0,237.775825881958,0.0,0.0,0.0,0.0,0.0,0.0,0.0,0.0,0.0,0.0,0.0,23.084237192198565,0.0,0.0,6688.610566198826,0.0,116.73902730345718,0.0,0.0,612.878373757749,0.0,0.0,0.0,0.0,0.0,0.0,0.0,5569.743187955022,0.0,0.0,0.0,0.0,0.0,0.0,0.0
5575,0.0,236.84770844578736,0.0,0.0,0.0,0.0,0.0,0.0,0.0,0.0,0.0,0.0,0.0,23.15585908666251,0.0,0.0,6618.389870077372,0.0,111.93572900295256,0.0,0.0,486.32685513719855,0.0,0.0,0.0,0.0,0.0,0.0,0.0,5354.294858318566,0.0,0.0,0.0,0.0,0.0,0.0,0.0
5576,0.0,236.97561532258982,0.0,0.0,0.0,0.0,0.0,0.0,0.0,0.0,0.0,0.0,0.0,23.32454932108519,0.0,0.0,6558.175698995588,0.0,101.89779830723988,0.0,0.0,326.63789246119535,0.0,0.0,0.0,0.0,0.0,0.0,0.0,5167.2334667682635,0.0,0.0,0.0,0.0,0.0,0.0,0.0
5577,0.0,239.18285763859748,0.0,0.0,0.0,0.0,0.0,0.0,0.0,0.0,0.0,0.0,0.0,23.576668365299593,0.0,0.0,6501.092845275997,0.0,98.20760088860987,0.0,0.0,230.78850169479827,0.0,0.0,0.0,0.0,0.0,0.0,0.0,5050.871284809708,0.0,0.0,0.0,0.0,0.0,0.0,0.0
5578,0.0,235.02159158885476,0.0,0.0,0.0,0.0,0.0,0.0,0.0,0.0,0.0,0.0,0.0,23.3270908832549,0.0,0.0,5970.707735717297,0.0,88.34471001029006,0.0,0.0,199.13079133741508,0.0,0.0,0.0,0.0,0.0,0.0,0.0,4529.283672246337,0.0,0.0,0.0,0.0,0.0,0.0,0.0
5579,0.0,230.82653219997883,0.0,0.0,0.0,0.0,0.0,0.0,0.0,0.0,0.0,0.0,0.0,23.4198579024523,0.0,0.0,5448.956209912894,0.0,85.47950657457105,0.0,0.0,214.85525149293161,0.0,0.0,0.0,0.0,0.0,0.0,0.0,4087.8785554915667,0.0,0.0,0.0,0.0,0.0,0.0,0.0
5580,0.0,225.9537262827158,0.0,0.0,0.0,0.0,0.0,0.0,0.0,0.0,0.0,0.0,0.0,23.544563979655454,0.0,0.0,4941.827092200516,0.0,82.01669566780315,0.0,0.0,233.11826860494878,0.0,0.0,0.0,0.0,0.0,0.0,0.0,3704.049371299147,0.0,0.0,0.0,0.0,0.0,0.0,0.0
5581,0.0,221.9399922162294,0.0,0.0,0.0,0.0,0.0,0.0,0.0,0.0,0.0,0.0,0.0,23.601425478607375,0.0,0.0,4525.2315897345525,0.0,75.33600806891916,0.0,0.0,252.82378008104794,0.0,0.0,0.0,0.0,0.0,0.0,0.0,3385.421441173552,0.0,0.0,0.0,0.0,0.0,0.0,0.0
5582,0.0,219.02315991818895,0.0,0.0,0.0,0.0,0.0,0.0,0.0,0.0,0.0,0.0,0.0,23.650858442485312,0.0,0.0,4169.126402348277,0.0,65.46428405642493,0.0,0.0,247.927640248462,0.0,0.0,0.0,0.0,0.0,0.0,0.0,3125.581568506358,0.0,0.0,0.0,0.0,0.0,0.0,0.0
5583,0.0,229.80783627033227,0.0,0.0,0.0,0.0,0.0,0.0,0.0,0.0,0.0,0.0,0.0,23.79469909220929,0.0,0.0,4184.415056452154,0.0,65.26699096560472,0.0,0.0,257.6217882134014,0.0,0.0,0.0,0.0,0.0,0.0,0.0,3026.043586085735,0.0,0.0,0.0,0.0,0.0,0.0,0.0
5584,0.0,236.66565366983414,0.0,0.0,0.0,0.0,0.0,0.0,0.0,0.0,0.0,0.0,0.0,23.626272261142642,0.0,0.0,4184.261815980075,0.0,61.37568412721155,0.0,0.0,244.4502282131455,0.0,0.0,0.0,0.0,0.0,0.0,0.0,2877.299552619456,0.0,0.0,0.0,0.0,0.0,0.0,0.0
5585,0.0,243.32553665041922,0.0,0.0,0.0,0.0,0.0,0.0,0.0,0.0,0.0,0.0,0.0,23.669829088449468,0.0,0.0,4184.148246899245,0.0,49.89054221361864,0.0,0.0,232.28590893857117,0.0,0.0,0.0,0.0,0.0,0.0,0.0,2802.8386696293946,0.0,0.0,0.0,0.0,0.0,0.0,0.0
5586,0.0,249.14828749895096,0.0,0.0,0.0,0.0,0.0,0.0,0.0,0.0,0.0,0.0,0.0,23.753776298463247,0.0,0.0,4179.399736940859,0.0,58.47936464250074,0.0,0.0,252.8757789071644,0.0,0.0,0.0,0.0,0.0,0.0,0.0,2759.152632467447,0.0,0.0,0.0,0.0,0.0,0.0,0.0
5587,0.0,254.14002240300178,0.0,0.0,0.0,0.0,0.0,0.0,0.0,0.0,0.0,0.0,0.0,26.183778740465545,0.0,0.0,4295.271703138946,0.0,60.46845010817047,0.0,0.0,255.18211985416693,0.0,0.0,0.0,0.0,0.0,0.0,0.0,3090.239738377927,0.0,0.0,0.0,0.0,0.0,0.0,0.0
5588,0.0,253.83710278272628,0.0,0.0,0.0,0.0,0.0,0.0,0.0,0.0,0.0,0.0,0.0,30.97269273996344,0.0,0.0,4402.88813060522,0.0,60.6724940255283,0.0,0.0,253.0060787312681,0.0,0.0,0.0,0.0,0.0,0.0,0.0,3419.5482535064216,0.0,0.0,0.0,0.0,0.0,0.0,0.0
5589,0.0,252.9625440716743,0.0,0.0,0.0,0.0,0.0,0.0,0.0,0.0,0.0,0.0,0.0,36.62615539953106,0.0,0.0,4505.869617193936,0.0,62.95820087939493,0.0,0.0,268.0593604434275,0.0,0.0,0.0,0.0,0.0,0.0,0.0,3736.5225299477565,0.0,0.0,0.0,0.0,0.0,0.0,0.0
5590,0.0,252.93507733941078,0.0,0.0,0.0,0.0,0.0,0.0,0.0,0.0,0.0,0.0,0.0,49.352631458640005,0.0,0.0,4599.766744121908,0.0,74.05142433643333,0.0,0.0,293.63127805776816,0.0,0.0,0.0,0.0,0.0,0.0,0.0,4019.510299682617,0.0,0.0,0.0,0.0,0.0,0.0,0.0
5591,0.0,256.0133433222771,0.0,0.0,0.0,0.0,0.0,0.0,0.0,0.0,0.0,0.0,0.0,74.45480876713982,0.0,0.0,4679.051186338065,0.0,100.68965971916907,0.0,0.0,329.0678346935653,0.0,0.0,0.0,0.0,0.0,0.0,0.0,4254.35371249318,0.0,0.0,0.0,0.0,0.0,0.0,0.0
5592,0.0,277.70709591507904,0.0,0.0,0.0,0.0,0.0,0.0,0.0,0.0,0.0,0.0,0.0,113.05924386382098,0.0,0.0,5090.829337313769,0.0,165.30087198615055,0.0,0.0,559.9397464413187,0.0,0.0,0.0,0.0,0.0,0.0,0.0,4608.191122594476,0.0,0.0,0.0,0.0,0.0,0.0,0.0
5593,0.0,298.15244484543797,0.0,0.0,0.0,0.0,0.0,0.0,0.0,0.0,0.0,0.0,0.0,161.87216745018958,0.0,0.0,5502.303729891777,0.0,242.19477222263805,0.0,0.0,756.9933852531009,0.0,0.0,0.0,0.0,0.0,0.0,0.0,4966.776142409443,0.0,0.0,0.0,0.0,0.0,0.0,0.0
5594,0.0,318.6943622052669,0.0,0.0,0.0,0.0,0.0,0.0,0.0,0.0,0.0,0.0,0.0,212.6820471525192,0.0,0.0,5907.905200824141,0.0,319.4449323236941,0.0,0.0,945.2422301128498,0.0,0.0,0.0,0.0,0.0,0.0,0.0,5357.394238534569,0.0,0.0,0.0,0.0,0.0,0.0,0.0
5595,0.0,338.01831656098364,0.0,0.0,0.0,0.0,0.0,0.0,0.0,0.0,0.0,0.0,0.0,257.4192129194735,0.0,0.0,6297.677397713064,0.0,387.01002024412156,0.0,0.0,1136.803634834289,0.0,0.0,0.0,0.0,0.0,0.0,0.0,5807.812183722852,0.0,0.0,0.0,0.0,0.0,0.0,0.0
5596,0.0,357.54169229865073,0.0,0.0,0.0,0.0,0.0,0.0,0.0,0.0,0.0,0.0,0.0,298.42847021818153,0.0,0.0,6670.75610652566,0.0,446.8540596544742,0.0,0.0,1302.7405932873478,0.0,0.0,0.0,0.0,0.0,0.0,0.0,6286.306080299615,0.0,0.0,0.0,0.0,0.0,0.0,0.0
5597,0.0,372.64567362070085,0.0,0.0,0.0,0.0,0.0,0.0,0.0,0.0,0.0,0.0,0.0,333.1806760668754,0.0,0.0,7029.737858712673,0.0,503.7870774507521,0.0,0.0,1438.084076455235,0.0,0.0,0.0,0.0,0.0,0.0,0.0,6761.68179281354,0.0,0.0,0.0,0.0,0.0,0.0,0.0
5598,0.0,366.69521228671067,0.0,0.0,0.0,0.0,0.0,0.0,0.0,0.0,0.0,0.0,0.0,361.32174910306924,0.0,0.0,7090.134051471949,0.0,532.9390286684036,0.0,0.0,1277.864869563281,0.0,0.0,0.0,0.0,0.0,0.0,0.0,6637.231425428389,0.0,0.0,0.0,0.0,0.0,0.0,0.0
5599,0.0,357.95456301569936,0.0,0.0,0.0,0.0,0.0,0.0,0.0,0.0,0.0,0.0,0.0,372.65490827560427,0.0,0.0,7115.4700688123685,0.0,542.776650261879,0.0,0.0,1123.347216635942,0.0,0.0,0.0,0.0,0.0,0.0,0.0,6450.650978422164,0.0,0.0,0.0,0.0,0.0,0.0,0.0
5600,0.0,345.23617540597917,0.0,0.0,0.0,0.0,0.0,0.0,0.0,0.0,0.0,0.0,0.0,378.97219502925867,0.0,0.0,7104.552657514809,0.0,540.3413136720658,0.0,0.0,975.2930102258915,0.0,0.0,0.0,0.0,0.0,0.0,0.0,6166.14082031846,0.0,0.0,0.0,0.0,0.0,0.0,0.0
5601,0.0,333.8751044869423,0.0,0.0,0.0,0.0,0.0,0.0,0.0,0.0,0.0,0.0,0.0,379.6943909883499,0.0,0.0,7049.56033053994,0.0,540.3869021296501,0.0,0.0,833.1278411753475,0.0,0.0,0.0,0.0,0.0,0.0,0.0,5907.66567299664,0.0,0.0,0.0,0.0,0.0,0.0,0.0
5602,0.0,295.8081494271755,0.0,0.0,0.0,0.0,0.0,0.0,0.0,0.0,0.0,0.0,0.0,354.33828724026677,0.0,0.0,6590.73968824744,0.0,522.948991048336,0.0,0.0,645.9645380392662,0.0,0.0,0.0,0.0,0.0,0.0,0.0,5386.2946662843215,0.0,0.0,0.0,0.0,0.0,0.0,0.0
5603,0.0,262.13396372795097,0.0,0.0,0.0,0.0,0.0,0.0,0.0,0.0,0.0,0.0,0.0,322.4625357091427,0.0,0.0,6114.325561806558,0.0,497.1973518669605,0.0,0.0,496.66061893924996,0.0,0.0,0.0,0.0,0.0,0.0,0.0,4909.8851038068515,0.0,0.0,0.0,0.0,0.0,0.0,0.0
5604,0.0,233.27537795305244,0.0,0.0,0.0,0.0,0.0,0.0,0.0,0.0,0.0,0.0,0.0,287.90383605360984,0.0,0.0,5659.252699181437,0.0,473.13453087210644,0.0,0.0,374.5704406511033,0.0,0.0,0.0,0.0,0.0,0.0,0.0,4484.969875890016,0.0,0.0,0.0,0.0,0.0,0.0,0.0
5605,0.0,215.8509487330913,0.0,0.0,0.0,0.0,0.0,0.0,0.0,0.0,0.0,0.0,0.0,256.22017842531193,0.0,0.0,5206.967724129556,0.0,455.0515342235564,0.0,0.0,274.2249301336697,0.0,0.0,0.0,0.0,0.0,0.0,0.0,4087.5773323297494,0.0,0.0,0.0,0.0,0.0,0.0,0.0
5606,0.0,203.3367239534855,0.0,0.0,0.0,0.0,0.0,0.0,0.0,0.0,0.0,0.0,0.0,231.0330115020274,0.0,0.0,4768.573181107638,0.0,445.8911887466906,0.0,0.0,246.56583110801876,0.0,0.0,0.0,0.0,0.0,0.0,0.0,3724.6721287041883,0.0,0.0,0.0,0.0,0.0,0.0,0.0
5607,0.0,209.6427518159151,0.0,0.0,0.0,0.0,0.0,0.0,0.0,0.0,0.0,0.0,0.0,223.22212684154502,0.0,0.0,4644.960237458347,0.0,460.61169577240946,0.0,0.0,290.34589079953633,0.0,0.0,0.0,0.0,0.0,0.0,0.0,3527.651568967104,0.0,0.0,0.0,0.0,0.0,0.0,0.0
5608,0.0,214.26538321673868,0.0,0.0,0.0,0.0,0.0,0.0,0.0,0.0,0.0,0.0,0.0,219.3534376859665,0.0,0.0,4478.341949954627,0.0,478.89966263175,0.0,0.0,340.60377805195725,0.0,0.0,0.0,0.0,0.0,0.0,0.0,3362.3118750244375,0.0,0.0,0.0,0.0,0.0,0.0,0.0
5609,0.0,216.96363194882863,0.0,0.0,0.0,0.0,0.0,0.0,0.0,0.0,0.0,0.0,0.0,218.23524000048627,0.0,0.0,4293.17495343089,0.0,505.8668359279633,0.0,0.0,372.54888221248973,0.0,0.0,0.0,0.0,0.0,0.0,0.0,3227.2619238227603,0.0,0.0,0.0,0.0,0.0,0.0,0.0
5610,0.0,223.10032838881014,0.0,0.0,0.0,0.0,0.0,0.0,0.0,0.0,0.0,0.0,0.0,220.33103402256967,0.0,0.0,4104.63666652143,0.0,537.2666123032569,0.0,0.0,412.7801923234012,0.0,0.0,0.0,0.0,0.0,0.0,0.0,3088.537628626823,0.0,0.0,0.0,0.0,0.0,0.0,0.0
5611,0.0,224.216757068038,0.0,0.0,0.0,0.0,0.0,0.0,0.0,0.0,0.0,0.0,0.0,237.06315497159954,0.0,0.0,4228.807732194662,0.0,556.3855458855628,0.0,0.0,370.32920597568125,0.0,0.0,0.0,0.0,0.0,0.0,0.0,3117.349822941422,0.0,0.0,0.0,0.0,0.0,0.0,0.0
5612,0.0,230.82518551647655,0.0,0.0,0.0,0.0,0.0,0.0,0.0,0.0,0.0,0.0,0.0,258.91388685703265,0.0,0.0,4341.080880910157,0.0,570.6378968000411,0.0,0.0,362.4425281237805,0.0,0.0,0.0,0.0,0.0,0.0,0.0,3189.303104472159,0.0,0.0,0.0,0.0,0.0,0.0,0.0
5613,0.0,239.26856843233108,0.0,0.0,0.0,0.0,0.0,0.0,0.0,0.0,0.0,0.0,0.0,283.95522919893256,0.0,0.0,4458.170992180704,0.0,579.4226562261581,0.0,0.0,357.3512602362775,0.0,0.0,0.0,0.0,0.0,0.0,0.0,3308.762858584523,0.0,0.0,0.0,0.0,0.0,0.0,0.0
5614,0.0,250.01653363108636,0.0,0.0,0.0,0.0,0.0,0.0,0.0,0.0,0.0,0.0,0.0,310.36041807532297,0.0,0.0,4584.348185658454,0.0,576.3203883647918,0.0,0.0,357.70355795994345,0.0,0.0,0.0,0.0,0.0,0.0,0.0,3448.3188623905166,0.0,0.0,0.0,0.0,0.0,0.0,0.0
5615,0.0,263.4661984384059,0.0,0.0,0.0,0.0,0.0,0.0,0.0,0.0,0.0,0.0,0.0,335.6928939819335,0.0,0.0,4735.162868842481,0.0,556.1696380019187,0.0,0.0,350.4175535928451,0.0,0.0,0.0,0.0,0.0,0.0,0.0,3563.0056939184665,0.0,0.0,0.0,0.0,0.0,0.0,0.0
5616,0.0,301.6127761602401,0.0,0.0,0.0,0.0,0.0,0.0,0.0,0.0,0.0,0.0,0.0,355.64586633443827,0.0,0.0,5012.220086619256,0.0,544.2016897201538,0.0,0.0,661.9871399357914,0.0,0.0,0.0,0.0,0.0,0.0,0.0,4266.2344891816365,0.0,0.0,0.0,0.0,0.0,0.0,0.0
5617,0.0,339.556425511837,0.0,0.0,0.0,0.0,0.0,0.0,0.0,0.0,0.0,0.0,0.0,374.2804096162318,0.0,0.0,5308.785905510185,0.0,522.4502450227736,0.0,0.0,863.6413881339124,0.0,0.0,0.0,0.0,0.0,0.0,0.0,4912.878169965743,0.0,0.0,0.0,0.0,0.0,0.0,0.0
5618,0.0,378.3060929954052,0.0,0.0,0.0,0.0,0.0,0.0,0.0,0.0,0.0,0.0,0.0,392.9044167637825,0.0,0.0,5650.165228039024,0.0,505.28954021930696,0.0,0.0,930.825460959971,0.0,0.0,0.0,0.0,0.0,0.0,0.0,5475.072328159213,0.0,0.0,0.0,0.0,0.0,0.0,0.0
5619,0.0,412.7816676020622,0.0,0.0,0.0,0.0,0.0,0.0,0.0,0.0,0.0,0.0,0.0,413.59586004018786,0.0,0.0,6017.337177842854,0.0,499.7289340496062,0.0,0.0,815.3979066431523,0.0,0.0,0.0,0.0,0.0,0.0,0.0,6096.297547370195,0.0,0.0,0.0,0.0,0.0,0.0,0.0
5620,0.0,433.0504046022891,0.0,0.0,0.0,0.0,0.0,0.0,0.0,0.0,0.0,0.0,0.0,434.45283271074294,0.0,0.0,6401.892586782574,0.0,518.4972692728043,0.0,0.0,674.9296250492325,0.0,0.0,0.0,0.0,0.0,0.0,0.0,6519.574309325219,0.0,0.0,0.0,0.0,0.0,0.0,0.0
5621,0.0,444.0441675961017,0.0,0.0,0.0,0.0,0.0,0.0,0.0,0.0,0.0,0.0,0.0,442.26459164619445,0.0,0.0,6813.520997703075,0.0,555.9499360203741,0.0,0.0,396.74778861030916,0.0,0.0,0.0,0.0,0.0,0.0,0.0,7079.251283329724,0.0,0.0,0.0,0.0,0.0,0.0,0.0
5622,0.0,428.48980481028553,0.0,0.0,0.0,0.0,0.0,0.0,0.0,0.0,0.0,0.0,0.0,448.18163980245583,0.0,0.0,6721.816298544405,0.0,568.4011575222015,0.0,0.0,428.9465289663523,0.0,0.0,0.0,0.0,0.0,0.0,0.0,7440.661942744254,0.0,0.0,0.0,0.0,0.0,0.0,0.0
5623,0.0,424.5909316241741,0.0,0.0,0.0,0.0,0.0,0.0,0.0,0.0,0.0,0.0,0.0,445.8581307768821,0.0,0.0,6600.873784035442,0.0,578.9259850978851,0.0,0.0,448.6272520646449,0.0,0.0,0.0,0.0,0.0,0.0,0.0,7793.566031140089,0.0,0.0,0.0,0.0,0.0,0.0,0.0
5624,0.0,412.719607937336,0.0,0.0,0.0,0.0,0.0,0.0,0.0,0.0,0.0,0.0,0.0,441.5316353797912,0.0,0.0,6477.60154762864,0.0,577.842473733425,0.0,0.0,449.75631536766826,0.0,0.0,0.0,0.0,0.0,0.0,0.0,8192.878736752271,0.0,0.0,0.0,0.0,0.0,0.0,0.0
5625,0.0,404.63128654360764,0.0,0.0,0.0,0.0,0.0,0.0,0.0,0.0,0.0,0.0,0.0,438.21015268564224,0.0,0.0,6358.206217378376,0.0,563.4233603596688,0.0,0.0,443.0367348946625,0.0,0.0,0.0,0.0,0.0,0.0,0.0,8633.001575797796,0.0,0.0,0.0,0.0,0.0,0.0,0.0
5626,0.0,385.29801762700083,0.0,0.0,0.0,0.0,0.0,0.0,0.0,0.0,0.0,0.0,0.0,415.7203482151031,0.0,0.0,5813.9532340317965,0.0,535.2321458697318,0.0,0.0,480.7892072249202,0.0,0.0,0.0,0.0,0.0,0.0,0.0,8023.620248806476,0.0,0.0,0.0,0.0,0.0,0.0,0.0
5627,0.0,362.05092172622676,0.0,0.0,0.0,0.0,0.0,0.0,0.0,0.0,0.0,0.0,0.0,393.68059359788896,0.0,0.0,5306.556139960884,0.0,506.49707115888583,0.0,0.0,496.6029055405406,0.0,0.0,0.0,0.0,0.0,0.0,0.0,7509.749445694684,0.0,0.0,0.0,0.0,0.0,0.0,0.0
5628,0.0,341.85771122574806,0.0,0.0,0.0,0.0,0.0,0.0,0.0,0.0,0.0,0.0,0.0,378.18310582637787,0.0,0.0,4825.714764043687,0.0,475.7396237015723,0.0,0.0,501.86553491614717,0.0,0.0,0.0,0.0,0.0,0.0,0.0,7018.757138383388,0.0,0.0,0.0,0.0,0.0,0.0,0.0
5629,0.0,326.9372155308723,0.0,0.0,0.0,0.0,0.0,0.0,0.0,0.0,0.0,0.0,0.0,362.42967966198916,0.0,0.0,4397.609890893101,0.0,437.442859095335,0.0,0.0,499.76911936104256,0.0,0.0,0.0,0.0,0.0,0.0,0.0,6539.714675736426,0.0,0.0,0.0,0.0,0.0,0.0,0.0
5630,0.0,314.5654866993427,0.0,0.0,0.0,0.0,0.0,0.0,0.0,0.0,0.0,0.0,0.0,342.3598683059215,0.0,0.0,4038.798103392123,0.0,395.67846685647964,0.0,0.0,484.88613948114204,0.0,0.0,0.0,0.0,0.0,0.0,0.0,6072.7319879353045,0.0,0.0,0.0,0.0,0.0,0.0,0.0
5631,0.0,316.22260880470276,0.0,0.0,0.0,0.0,0.0,0.0,0.0,0.0,0.0,0.0,0.0,329.4572734773158,0.0,0.0,4081.4008993059383,0.0,364.0371131539344,0.0,0.0,561.847354031726,0.0,0.0,0.0,0.0,0.0,0.0,0.0,5852.281473428011,0.0,0.0,0.0,0.0,0.0,0.0,0.0
5632,0.0,322.9457859098911,0.0,0.0,0.0,0.0,0.0,0.0,0.0,0.0,0.0,0.0,0.0,315.38149130940434,0.0,0.0,4092.201241105795,0.0,323.70688992142664,0.0,0.0,622.8466698277737,0.0,0.0,0.0,0.0,0.0,0.0,0.0,5560.682265067099,0.0,0.0,0.0,0.0,0.0,0.0,0.0
5633,0.0,333.2412935078144,0.0,0.0,0.0,0.0,0.0,0.0,0.0,0.0,0.0,0.0,0.0,286.48051640391344,0.0,0.0,4107.147632226345,0.0,267.8025469183922,0.0,0.0,674.7233706079417,0.0,0.0,0.0,0.0,0.0,0.0,0.0,5210.8088505238275,0.0,0.0,0.0,0.0,0.0,0.0,0.0
5634,0.0,342.5725196063519,0.0,0.0,0.0,0.0,0.0,0.0,0.0,0.0,0.0,0.0,0.0,264.5151199936866,0.0,0.0,4107.878441482781,0.0,217.4623374104498,0.0,0.0,720.43972428739,0.0,0.0,0.0,0.0,0.0,0.0,0.0,4880.946706750988,0.0,0.0,0.0,0.0,0.0,0.0,0.0
5635,0.0,347.35470494627947,0.0,0.0,0.0,0.0,0.0,0.0,0.0,0.0,0.0,0.0,0.0,255.77185470461845,0.0,0.0,4063.2224566042423,0.0,167.95090116262426,0.0,0.0,803.189687340706,0.0,0.0,0.0,0.0,0.0,0.0,0.0,4971.756268921494,0.0,0.0,0.0,0.0,0.0,0.0,0.0
5636,0.0,354.95782749652864,0.0,0.0,0.0,0.0,0.0,0.0,0.0,0.0,0.0,0.0,0.0,249.32782049775122,0.0,0.0,3992.046924546361,0.0,127.6764630258082,0.0,0.0,868.6599182166157,0.0,0.0,0.0,0.0,0.0,0.0,0.0,5070.733932867645,0.0,0.0,0.0,0.0,0.0,0.0,0.0
5637,0.0,358.6513595044613,0.0,0.0,0.0,0.0,0.0,0.0,0.0,0.0,0.0,0.0,0.0,243.3330291211604,0.0,0.0,3893.407510623336,0.0,99.12037043720473,0.0,0.0,925.3581666268408,0.0,0.0,0.0,0.0,0.0,0.0,0.0,5153.6744467496865,0.0,0.0,0.0,0.0,0.0,0.0,0.0
5638,0.0,360.58497256636616,0.0,0.0,0.0,0.0,0.0,0.0,0.0,0.0,0.0,0.0,0.0,239.87796169519422,0.0,0.0,3763.5906614661217,0.0,79.75974096208805,0.0,0.0,973.540112388879,0.0,0.0,0.0,0.0,0.0,0.0,0.0,5269.691288828848,0.0,0.0,0.0,0.0,0.0,0.0,0.0
5639,0.0,361.40111888051035,0.0,0.0,0.0,0.0,0.0,0.0,0.0,0.0,0.0,0.0,0.0,239.82079756259918,0.0,0.0,3620.750705793499,0.0,66.99992295056572,0.0,0.0,1016.6102026641363,0.0,0.0,0.0,0.0,0.0,0.0,0.0,5514.5437723428,0.0,0.0,0.0,0.0,0.0,0.0,0.0
5640,0.0,399.6046781480312,0.0,0.0,0.0,0.0,0.0,0.0,0.0,0.0,0.0,0.0,0.0,243.64866480231277,0.0,0.0,3862.934437051414,0.0,79.62540618330237,0.0,0.0,1195.6116580322384,0.0,0.0,0.0,0.0,0.0,0.0,0.0,6331.184353673458,0.0,0.0,0.0,0.0,0.0,0.0,0.0
5641,0.0,436.66041417717935,0.0,0.0,0.0,0.0,0.0,0.0,0.0,0.0,0.0,0.0,0.0,249.33687708973875,0.0,0.0,4090.655223652719,0.0,93.00318789035076,0.0,0.0,1399.4638595223423,0.0,0.0,0.0,0.0,0.0,0.0,0.0,7570.281921559571,0.0,0.0,0.0,0.0,0.0,0.0,0.0
5642,0.0,469.00674188733103,0.0,0.0,0.0,0.0,0.0,0.0,0.0,0.0,0.0,0.0,0.0,253.6004022717475,0.0,0.0,4308.809759870172,0.0,108.4375410974024,0.0,0.0,1581.7829459622499,0.0,0.0,0.0,0.0,0.0,0.0,0.0,8938.908341926335,0.0,0.0,0.0,0.0,0.0,0.0,0.0
5643,0.0,496.1724623322487,0.0,0.0,0.0,0.0,0.0,0.0,0.0,0.0,0.0,0.0,0.0,254.49534599781035,0.0,0.0,4522.62222342193,0.0,127.25468086898324,0.0,0.0,1713.4112757369871,0.0,0.0,0.0,0.0,0.0,0.0,0.0,10287.92162681818,0.0,0.0,0.0,0.0,0.0,0.0,0.0
5644,0.0,517.7658028364182,0.0,0.0,0.0,0.0,0.0,0.0,0.0,0.0,0.0,0.0,0.0,250.45433500409115,0.0,0.0,4731.025765031576,0.0,153.6412979036569,0.0,0.0,1808.458317804336,0.0,0.0,0.0,0.0,0.0,0.0,0.0,11658.990377598999,0.0,0.0,0.0,0.0,0.0,0.0,0.0
5645,0.0,529.2549770236016,0.0,0.0,0.0,0.0,0.0,0.0,0.0,0.0,0.0,0.0,0.0,245.26782204508783,0.0,0.0,4958.045690387487,0.0,172.5024551391601,0.0,0.0,1763.3798012539742,0.0,0.0,0.0,0.0,0.0,0.0,0.0,12926.865063393116,0.0,0.0,0.0,0.0,0.0,0.0,0.0
5646,0.0,524.4028202533722,0.0,0.0,0.0,0.0,0.0,0.0,0.0,0.0,0.0,0.0,0.0,230.59975221157063,0.0,0.0,4983.662907883523,0.0,178.37380681931958,0.0,0.0,1665.9597356110808,0.0,0.0,0.0,0.0,0.0,0.0,0.0,13375.008466339112,0.0,0.0,0.0,0.0,0.0,0.0,0.0
5647,0.0,517.183755004406,0.0,0.0,0.0,0.0,0.0,0.0,0.0,0.0,0.0,0.0,0.0,209.10218257904052,0.0,0.0,5017.348586276173,0.0,174.82814822793006,0.0,0.0,1563.8724914878599,0.0,0.0,0.0,0.0,0.0,0.0,0.0,13702.20841933489,0.0,0.0,0.0,0.0,0.0,0.0,0.0
5648,0.0,506.55168875455854,0.0,0.0,0.0,0.0,0.0,0.0,0.0,0.0,0.0,0.0,0.0,190.66789309978483,0.0,0.0,5066.3894266933185,0.0,158.87902041375636,0.0,0.0,1455.09912174046,0.0,0.0,0.0,0.0,0.0,0.0,0.0,14051.285924899577,0.0,0.0,0.0,0.0,0.0,0.0,0.0
5649,0.0,495.9145163297653,0.0,0.0,0.0,0.0,0.0,0.0,0.0,0.0,0.0,0.0,0.0,175.44028728604306,0.0,0.0,5121.683178454637,0.0,146.11288878619666,0.0,0.0,1345.2567106246945,0.0,0.0,0.0,0.0,0.0,0.0,0.0,14387.294756913185,0.0,0.0,0.0,0.0,0.0,0.0,0.0
5650,0.0,462.1419105112553,0.0,0.0,0.0,0.0,0.0,0.0,0.0,0.0,0.0,0.0,0.0,143.1614501595496,0.0,0.0,4582.923127055166,0.0,132.64495279192923,0.0,0.0,1208.7211146309971,0.0,0.0,0.0,0.0,0.0,0.0,0.0,14265.227415502071,0.0,0.0,0.0,0.0,0.0,0.0,0.0
5651,0.0,428.0085899055004,0.0,0.0,0.0,0.0,0.0,0.0,0.0,0.0,0.0,0.0,0.0,117.59336835741988,0.0,0.0,4072.058286666869,0.0,137.61707362830637,0.0,0.0,1077.0863512314847,0.0,0.0,0.0,0.0,0.0,0.0,0.0,14175.421689462662,0.0,0.0,0.0,0.0,0.0,0.0,0.0
5652,0.0,393.67682987451553,0.0,0.0,0.0,0.0,0.0,0.0,0.0,0.0,0.0,0.0,0.0,103.3396600246429,0.0,0.0,3584.2728615403166,0.0,153.0697526246308,0.0,0.0,956.7694691553704,0.0,0.0,0.0,0.0,0.0,0.0,0.0,14105.419307041167,0.0,0.0,0.0,0.0,0.0,0.0,0.0
5653,0.0,359.33836448192596,0.0,0.0,0.0,0.0,0.0,0.0,0.0,0.0,0.0,0.0,0.0,100.63642423748969,0.0,0.0,3163.6783272623993,0.0,178.5795773476361,0.0,0.0,848.7961395710704,0.0,0.0,0.0,0.0,0.0,0.0,0.0,14054.750172066688,0.0,0.0,0.0,0.0,0.0,0.0,0.0
5654,0.0,328.0810267746448,0.0,0.0,0.0,0.0,0.0,0.0,0.0,0.0,0.0,0.0,0.0,105.10634556412687,0.0,0.0,2852.875146135688,0.0,196.73446918725958,0.0,0.0,750.4336614333087,0.0,0.0,0.0,0.0,0.0,0.0,0.0,14014.141095149516,0.0,0.0,0.0,0.0,0.0,0.0,0.0
5655,0.0,318.6780897796154,0.0,0.0,0.0,0.0,0.0,0.0,0.0,0.0,0.0,0.0,0.0,121.32026804685592,0.0,0.0,2916.6084029823533,0.0,233.81441027820097,0.0,0.0,770.9431489370762,0.0,0.0,0.0,0.0,0.0,0.0,0.0,14339.670398676395,0.0,0.0,0.0,0.0,0.0,0.0,0.0
5656,0.0,309.9821055114269,0.0,0.0,0.0,0.0,0.0,0.0,0.0,0.0,0.0,0.0,0.0,136.05924382209767,0.0,0.0,2964.388704389333,0.0,266.9893057465553,0.0,0.0,773.897015295177,0.0,0.0,0.0,0.0,0.0,0.0,0.0,14679.432767808437,0.0,0.0,0.0,0.0,0.0,0.0,0.0
5657,0.0,301.57487263083453,0.0,0.0,0.0,0.0,0.0,0.0,0.0,0.0,0.0,0.0,0.0,147.3909682869911,0.0,0.0,2969.3888554275027,0.0,274.7926091134547,0.0,0.0,732.7511086553334,0.0,0.0,0.0,0.0,0.0,0.0,0.0,15006.506879675388,0.0,0.0,0.0,0.0,0.0,0.0,0.0
5658,0.0,296.82904774546626,0.0,0.0,0.0,0.0,0.0,0.0,0.0,0.0,0.0,0.0,0.0,161.18713938593862,0.0,0.0,2963.85664102435,0.0,285.8127443134784,0.0,0.0,693.0979543425143,0.0,0.0,0.0,0.0,0.0,0.0,0.0,15319.822361457347,0.0,0.0,0.0,0.0,0.0,0.0,0.0
5659,0.0,312.2046382963657,0.0,0.0,0.0,0.0,0.0,0.0,0.0,0.0,0.0,0.0,0.0,184.5252820014953,0.0,0.0,2901.306136146188,0.0,282.7694331765175,0.0,0.0,665.1408271104095,0.0,0.0,0.0,0.0,0.0,0.0,0.0,16037.417657315731,0.0,0.0,0.0,0.0,0.0,0.0,0.0
5660,0.0,334.2205007493495,0.0,0.0,0.0,0.0,0.0,0.0,0.0,0.0,0.0,0.0,0.0,206.88591794967644,0.0,0.0,2860.608733817933,0.0,284.88606554269774,0.0,0.0,645.1363413065667,0.0,0.0,0.0,0.0,0.0,0.0,0.0,16745.016538906097,0.0,0.0,0.0,0.0,0.0,0.0,0.0
5661,0.0,355.8726183772087,0.0,0.0,0.0,0.0,0.0,0.0,0.0,0.0,0.0,0.0,0.0,232.40907546877858,0.0,0.0,2867.582731038331,0.0,281.1582161486148,0.0,0.0,628.2736972387872,0.0,0.0,0.0,0.0,0.0,0.0,0.0,17411.00106099844,0.0,0.0,0.0,0.0,0.0,0.0,0.0
5662,0.0,377.4213219344616,0.0,0.0,0.0,0.0,0.0,0.0,0.0,0.0,0.0,0.0,0.0,258.9459660232066,0.0,0.0,2882.5544029474254,0.0,276.60153421163557,0.0,0.0,613.647759591043,0.0,0.0,0.0,0.0,0.0,0.0,0.0,17958.302934110165,0.0,0.0,0.0,0.0,0.0,0.0,0.0
5663,0.0,398.55970786213874,0.0,0.0,0.0,0.0,0.0,0.0,0.0,0.0,0.0,0.0,0.0,285.69804030656803,0.0,0.0,2874.741472482681,0.0,272.70437319874765,0.0,0.0,608.3121274966742,0.0,0.0,0.0,0.0,0.0,0.0,0.0,18339.480052673818,0.0,0.0,0.0,0.0,0.0,0.0,0.0
5664,0.0,417.34364213347436,0.0,0.0,0.0,0.0,0.0,0.0,0.0,0.0,0.0,0.0,0.0,307.4134389102458,0.0,0.0,3033.393977984784,0.0,296.7973098456858,0.0,0.0,799.3746992290019,0.0,0.0,0.0,0.0,0.0,0.0,0.0,18733.78225632906,0.0,0.0,0.0,0.0,0.0,0.0,0.0
5665,0.0,418.97963814139365,0.0,0.0,0.0,0.0,0.0,0.0,0.0,0.0,0.0,0.0,0.0,326.36139855980866,0.0,0.0,3199.025536864995,0.0,320.67940728664394,0.0,0.0,1063.9173268362879,0.0,0.0,0.0,0.0,0.0,0.0,0.0,18745.429069769383,0.0,0.0,0.0,0.0,0.0,0.0,0.0
5666,0.0,412.0587510645389,0.0,0.0,0.0,0.0,0.0,0.0,0.0,0.0,0.0,0.0,0.0,341.54490953087804,0.0,0.0,3403.6719643622623,0.0,341.3657182812691,0.0,0.0,1312.5513412401076,0.0,0.0,0.0,0.0,0.0,0.0,0.0,18629.131616437437,0.0,0.0,0.0,0.0,0.0,0.0,0.0
5667,0.0,402.90683026313775,0.0,0.0,0.0,0.0,0.0,0.0,0.0,0.0,0.0,0.0,0.0,353.00564559698097,0.0,0.0,3617.76523913443,0.0,355.72575636506076,0.0,0.0,1434.7891522943964,0.0,0.0,0.0,0.0,0.0,0.0,0.0,18538.867365825176,0.0,0.0,0.0,0.0,0.0,0.0,0.0
5668,0.0,400.0920653522014,0.0,0.0,0.0,0.0,0.0,0.0,0.0,0.0,0.0,0.0,0.0,358.7078238666057,0.0,0.0,3828.896383360026,0.0,365.27597504258154,0.0,0.0,1618.043763466179,0.0,0.0,0.0,0.0,0.0,0.0,0.0,18428.575571882724,0.0,0.0,0.0,0.0,0.0,0.0,0.0
5669,0.0,406.2826571881771,0.0,0.0,0.0,0.0,0.0,0.0,0.0,0.0,0.0,0.0,0.0,352.9262883305549,0.0,0.0,4161.159842476249,0.0,361.66766937375064,0.0,0.0,1586.0678914412854,0.0,0.0,0.0,0.0,0.0,0.0,0.0,18360.49262828827,0.0,0.0,0.0,0.0,0.0,0.0,0.0
5670,0.0,387.90671190619463,0.0,0.0,0.0,0.0,0.0,0.0,0.0,0.0,0.0,0.0,0.0,339.64376498460757,0.0,0.0,4018.418287411331,0.0,344.7438289165496,0.0,0.0,1520.3027734816071,0.0,0.0,0.0,0.0,0.0,0.0,0.0,17853.898190677166,0.0,0.0,0.0,0.0,0.0,0.0,0.0
5671,0.0,362.41943605542184,0.0,0.0,0.0,0.0,0.0,0.0,0.0,0.0,0.0,0.0,0.0,320.9201129078865,0.0,0.0,3877.6132407486425,0.0,322.09398333430283,0.0,0.0,1467.861768119037,0.0,0.0,0.0,0.0,0.0,0.0,0.0,17383.284190762042,0.0,0.0,0.0,0.0,0.0,0.0,0.0
5672,0.0,341.39041205048557,0.0,0.0,0.0,0.0,0.0,0.0,0.0,0.0,0.0,0.0,0.0,300.6602924585342,0.0,0.0,3767.3193833082905,0.0,294.6498800754547,0.0,0.0,1409.0826583877204,0.0,0.0,0.0,0.0,0.0,0.0,0.0,16870.130103504656,0.0,0.0,0.0,0.0,0.0,0.0,0.0
5673,0.0,329.6815601170063,0.0,0.0,0.0,0.0,0.0,0.0,0.0,0.0,0.0,0.0,0.0,286.09592508673654,0.0,0.0,3718.667089164256,0.0,266.05017759203906,0.0,0.0,1324.8424407675861,0.0,0.0,0.0,0.0,0.0,0.0,0.0,16366.9420550704,0.0,0.0,0.0,0.0,0.0,0.0,0.0
5674,0.0,307.2376767575741,0.0,0.0,0.0,0.0,0.0,0.0,0.0,0.0,0.0,0.0,0.0,256.6833872377872,0.0,0.0,3396.3899304568754,0.0,225.04381943643077,0.0,0.0,1103.5514073438942,0.0,0.0,0.0,0.0,0.0,0.0,0.0,15559.769572234154,0.0,0.0,0.0,0.0,0.0,0.0,0.0
5675,0.0,287.2921718537807,0.0,0.0,0.0,0.0,0.0,0.0,0.0,0.0,0.0,0.0,0.0,232.1250481903552,0.0,0.0,3101.340569943188,0.0,182.78389726281162,0.0,0.0,904.8937901861965,0.0,0.0,0.0,0.0,0.0,0.0,0.0,14765.555832767486,0.0,0.0,0.0,0.0,0.0,0.0,0.0
5676,0.0,267.7756137013435,0.0,0.0,0.0,0.0,0.0,0.0,0.0,0.0,0.0,0.0,0.0,211.9021714627742,0.0,0.0,2843.5130867362,0.0,146.97766151428218,0.0,0.0,728.8225102990857,0.0,0.0,0.0,0.0,0.0,0.0,0.0,13974.204617369174,0.0,0.0,0.0,0.0,0.0,0.0,0.0
5677,0.0,249.07820384502412,0.0,0.0,0.0,0.0,0.0,0.0,0.0,0.0,0.0,0.0,0.0,195.54576457738872,0.0,0.0,2627.500027775762,0.0,115.95948839187614,0.0,0.0,581.1817210480563,0.0,0.0,0.0,0.0,0.0,0.0,0.0,13187.907297420501,0.0,0.0,0.0,0.0,0.0,0.0,0.0
5678,0.0,228.00351885259153,0.0,0.0,0.0,0.0,0.0,0.0,0.0,0.0,0.0,0.0,0.0,181.15748515129087,0.0,0.0,2445.38228328526,0.0,86.735619752109,0.0,0.0,469.36346807442516,0.0,0.0,0.0,0.0,0.0,0.0,0.0,12409.62620202303,0.0,0.0,0.0,0.0,0.0,0.0,0.0
5679,0.0,220.70293716788282,0.0,0.0,0.0,0.0,0.0,0.0,0.0,0.0,0.0,0.0,0.0,179.3381861925125,0.0,0.0,2443.598237484693,0.0,82.14661387950179,0.0,0.0,492.31939816586663,0.0,0.0,0.0,0.0,0.0,0.0,0.0,12058.940967553854,0.0,0.0,0.0,0.0,0.0,0.0,0.0
5680,0.0,217.45654616653914,0.0,0.0,0.0,0.0,0.0,0.0,0.0,0.0,0.0,0.0,0.0,175.0955987751483,0.0,0.0,2426.2034992277604,0.0,83.95347149074061,0.0,0.0,509.4093762572851,0.0,0.0,0.0,0.0,0.0,0.0,0.0,11670.695772254467,0.0,0.0,0.0,0.0,0.0,0.0,0.0
5681,0.0,220.83913456499573,0.0,0.0,0.0,0.0,0.0,0.0,0.0,0.0,0.0,0.0,0.0,161.56818876862522,0.0,0.0,2451.8728340417138,0.0,91.80019208341832,0.0,0.0,496.41099429801085,0.0,0.0,0.0,0.0,0.0,0.0,0.0,11399.004775118827,0.0,0.0,0.0,0.0,0.0,0.0,0.0
5682,0.0,230.82818749845023,0.0,0.0,0.0,0.0,0.0,0.0,0.0,0.0,0.0,0.0,0.0,149.59840049743653,0.0,0.0,2446.95669300854,0.0,103.15863187611089,0.0,0.0,501.2394675359121,0.0,0.0,0.0,0.0,0.0,0.0,0.0,11257.427719390393,0.0,0.0,0.0,0.0,0.0,0.0,0.0
5683,0.0,253.98285321593278,0.0,0.0,0.0,0.0,0.0,0.0,0.0,0.0,0.0,0.0,0.0,150.60072312355038,0.0,0.0,2571.030524879693,0.0,108.683453477919,0.0,0.0,418.20627361312495,0.0,0.0,0.0,0.0,0.0,0.0,0.0,11445.006939953566,0.0,0.0,0.0,0.0,0.0,0.0,0.0
5684,0.0,282.39150642156596,0.0,0.0,0.0,0.0,0.0,0.0,0.0,0.0,0.0,0.0,0.0,152.90562578439707,0.0,0.0,2685.01732212305,0.0,113.74353513866647,0.0,0.0,364.8321277443316,0.0,0.0,0.0,0.0,0.0,0.0,0.0,11570.42642867565,0.0,0.0,0.0,0.0,0.0,0.0,0.0
5685,0.0,309.59156729578973,0.0,0.0,0.0,0.0,0.0,0.0,0.0,0.0,0.0,0.0,0.0,152.81927431821816,0.0,0.0,2786.5157987624407,0.0,108.98246099799856,0.0,0.0,336.96556324213657,0.0,0.0,0.0,0.0,0.0,0.0,0.0,11679.898808830976,0.0,0.0,0.0,0.0,0.0,0.0,0.0
5686,0.0,333.1771015942096,0.0,0.0,0.0,0.0,0.0,0.0,0.0,0.0,0.0,0.0,0.0,152.91833639740935,0.0,0.0,2879.6183310598117,0.0,101.66306814104301,0.0,0.0,323.4300493039181,0.0,0.0,0.0,0.0,0.0,0.0,0.0,11789.926625692842,0.0,0.0,0.0,0.0,0.0,0.0,0.0
5687,0.0,345.80371833443644,0.0,0.0,0.0,0.0,0.0,0.0,0.0,0.0,0.0,0.0,0.0,154.57311474084855,0.0,0.0,2967.4698491096474,0.0,94.93553232550609,0.0,0.0,309.48092898242163,0.0,0.0,0.0,0.0,0.0,0.0,0.0,11916.537265789508,0.0,0.0,0.0,0.0,0.0,0.0,0.0
5688,0.0,377.1445504188538,0.0,0.0,0.0,0.0,0.0,0.0,0.0,0.0,0.0,0.0,0.0,157.5897893130778,0.0,0.0,3158.63228186965,0.0,106.7851003065704,0.0,0.0,622.1156586740161,0.0,0.0,0.0,0.0,0.0,0.0,0.0,13080.117861557006,0.0,0.0,0.0,0.0,0.0,0.0,0.0
5689,0.0,402.0893653213978,0.0,0.0,0.0,0.0,0.0,0.0,0.0,0.0,0.0,0.0,0.0,162.67703843712803,0.0,0.0,3357.5757524073115,0.0,118.47894724607468,0.0,0.0,709.7403792187571,0.0,0.0,0.0,0.0,0.0,0.0,0.0,14065.712814772129,0.0,0.0,0.0,0.0,0.0,0.0,0.0
5690,0.0,418.2125896632671,0.0,0.0,0.0,0.0,0.0,0.0,0.0,0.0,0.0,0.0,0.0,168.31597748398778,0.0,0.0,3579.491681024431,0.0,128.37236875593658,0.0,0.0,710.1048251397908,0.0,0.0,0.0,0.0,0.0,0.0,0.0,14871.823603487015,0.0,0.0,0.0,0.0,0.0,0.0,0.0
5691,0.0,427.1400351583958,0.0,0.0,0.0,0.0,0.0,0.0,0.0,0.0,0.0,0.0,0.0,173.28995195627206,0.0,0.0,3820.721354216337,0.0,134.55691136121735,0.0,0.0,705.0921988539395,0.0,0.0,0.0,0.0,0.0,0.0,0.0,15501.396645855904,0.0,0.0,0.0,0.0,0.0,0.0,0.0
5692,0.0,433.14512134194376,0.0,0.0,0.0,0.0,0.0,0.0,0.0,0.0,0.0,0.0,0.0,176.57971416115748,0.0,0.0,4084.037491083144,0.0,139.07514841556534,0.0,0.0,677.7896361753338,0.0,0.0,0.0,0.0,0.0,0.0,0.0,16101.175716137886,0.0,0.0,0.0,0.0,0.0,0.0,0.0
5693,0.0,432.84144421219827,0.0,0.0,0.0,0.0,0.0,0.0,0.0,0.0,0.0,0.0,0.0,164.71266440749162,0.0,0.0,4335.322306215762,0.0,136.3189289599656,0.0,0.0,571.2745822582392,0.0,0.0,0.0,0.0,0.0,0.0,0.0,16538.968324625494,0.0,0.0,0.0,0.0,0.0,0.0,0.0
5694,0.0,404.26453973650933,0.0,0.0,0.0,0.0,0.0,0.0,0.0,0.0,0.0,0.0,0.0,153.4312892138957,0.0,0.0,4322.646907776593,0.0,120.86828039884553,0.0,0.0,490.21170484498066,0.0,0.0,0.0,0.0,0.0,0.0,0.0,16235.886474871635,0.0,0.0,0.0,0.0,0.0,0.0,0.0
5695,0.0,375.00986067652696,0.0,0.0,0.0,0.0,0.0,0.0,0.0,0.0,0.0,0.0,0.0,151.8830827474593,0.0,0.0,4301.078116863966,0.0,104.22898246347901,0.0,0.0,431.44444055221885,0.0,0.0,0.0,0.0,0.0,0.0,0.0,15864.240013754368,0.0,0.0,0.0,0.0,0.0,0.0,0.0
5696,0.0,339.76039195060724,0.0,0.0,0.0,0.0,0.0,0.0,0.0,0.0,0.0,0.0,0.0,146.02541803717602,0.0,0.0,4271.021592900155,0.0,96.90055639296752,0.0,0.0,390.77640085369336,0.0,0.0,0.0,0.0,0.0,0.0,0.0,15290.764632296563,0.0,0.0,0.0,0.0,0.0,0.0,0.0
5697,0.0,314.02832831740375,0.0,0.0,0.0,0.0,0.0,0.0,0.0,0.0,0.0,0.0,0.0,137.4829445660114,0.0,0.0,4282.495181545613,0.0,95.76487618237731,0.0,0.0,363.9279385495922,0.0,0.0,0.0,0.0,0.0,0.0,0.0,14680.358495652676,0.0,0.0,0.0,0.0,0.0,0.0,0.0
5698,0.0,284.756815713644,0.0,0.0,0.0,0.0,0.0,0.0,0.0,0.0,0.0,0.0,0.0,110.88062910139556,0.0,0.0,3962.5773038119064,0.0,86.45997705757611,0.0,0.0,337.9750746589148,0.0,0.0,0.0,0.0,0.0,0.0,0.0,13758.98735808134,0.0,0.0,0.0,0.0,0.0,0.0,0.0
5699,0.0,262.4148594617843,0.0,0.0,0.0,0.0,0.0,0.0,0.0,0.0,0.0,0.0,0.0,88.53687338531003,0.0,0.0,3683.4797319322815,0.0,80.85628712773315,0.0,0.0,304.4319337941705,0.0,0.0,0.0,0.0,0.0,0.0,0.0,12859.825010073186,0.0,0.0,0.0,0.0,0.0,0.0,0.0
5700,0.0,238.8514612734317,0.0,0.0,0.0,0.0,0.0,0.0,0.0,0.0,0.0,0.0,0.0,70.10660781264303,0.0,0.0,3465.1933466792107,0.0,82.51066942960014,0.0,0.0,288.0546499483286,0.0,0.0,0.0,0.0,0.0,0.0,0.0,11952.086661458015,0.0,0.0,0.0,0.0,0.0,0.0,0.0
5701,0.0,214.67497139275073,0.0,0.0,0.0,0.0,0.0,0.0,0.0,0.0,0.0,0.0,0.0,57.22508525252328,0.0,0.0,3307.3023763149954,0.0,95.93026772737485,0.0,0.0,287.2559721998863,0.0,0.0,0.0,0.0,0.0,0.0,0.0,11032.054936361314,0.0,0.0,0.0,0.0,0.0,0.0,0.0
5702,0.0,190.167085146904,0.0,0.0,0.0,0.0,0.0,0.0,0.0,0.0,0.0,0.0,0.0,51.45661340206857,0.0,0.0,3175.2888211011878,0.0,108.99683707207441,0.0,0.0,282.4604996725909,0.0,0.0,0.0,0.0,0.0,0.0,0.0,10126.295331013202,0.0,0.0,0.0,0.0,0.0,0.0,0.0
5703,0.0,180.18375561833372,0.0,0.0,0.0,0.0,0.0,0.0,0.0,0.0,0.0,0.0,0.0,60.184842282533644,0.0,0.0,3198.3542346954328,0.0,132.56375020444378,0.0,0.0,390.6917040757829,0.0,0.0,0.0,0.0,0.0,0.0,0.0,9320.525904440878,0.0,0.0,0.0,0.0,0.0,0.0,0.0
5704,0.0,166.89907356798645,0.0,0.0,0.0,0.0,0.0,0.0,0.0,0.0,0.0,0.0,0.0,69.42577178478233,0.0,0.0,3217.606916442513,0.0,152.7505148559808,0.0,0.0,449.06799320653045,0.0,0.0,0.0,0.0,0.0,0.0,0.0,8521.136767745016,0.0,0.0,0.0,0.0,0.0,0.0,0.0
5705,0.0,156.5634319961071,0.0,0.0,0.0,0.0,0.0,0.0,0.0,0.0,0.0,0.0,0.0,62.65260667800898,0.0,0.0,3233.593709245323,0.0,142.58529662191864,0.0,0.0,459.5909434217953,0.0,0.0,0.0,0.0,0.0,0.0,0.0,7753.501542556286,0.0,0.0,0.0,0.0,0.0,0.0,0.0
5706,0.0,148.70324720442295,0.0,0.0,0.0,0.0,0.0,0.0,0.0,0.0,0.0,0.0,0.0,50.564925789833,0.0,0.0,3248.713565468787,0.0,126.73611957430828,0.0,0.0,467.1084447462108,0.0,0.0,0.0,0.0,0.0,0.0,0.0,6973.055835098027,0.0,0.0,0.0,0.0,0.0,0.0,0.0
5707,0.0,141.02368633747102,0.0,0.0,0.0,0.0,0.0,0.0,0.0,0.0,0.0,0.0,0.0,49.42329080998887,0.0,0.0,3240.0862046778193,0.0,100.38740646690117,0.0,0.0,520.4037976339458,0.0,0.0,0.0,0.0,0.0,0.0,0.0,6996.19686152935,0.0,0.0,0.0,0.0,0.0,0.0,0.0
5708,0.0,142.2965687781572,0.0,0.0,0.0,0.0,0.0,0.0,0.0,0.0,0.0,0.0,0.0,48.84147202670567,0.0,0.0,3167.9192767739296,0.0,71.3881454586982,0.0,0.0,558.8632117923345,0.0,0.0,0.0,0.0,0.0,0.0,0.0,7291.078064388037,0.0,0.0,0.0,0.0,0.0,0.0,0.0
5709,0.0,145.1738282203674,0.0,0.0,0.0,0.0,0.0,0.0,0.0,0.0,0.0,0.0,0.0,49.771375542879056,0.0,0.0,3116.911591008304,0.0,45.586160376667834,0.0,0.0,607.6502967316653,0.0,0.0,0.0,0.0,0.0,0.0,0.0,7635.409045076371,0.0,0.0,0.0,0.0,0.0,0.0,0.0
5710,0.0,142.2489017933607,0.0,0.0,0.0,0.0,0.0,0.0,0.0,0.0,0.0,0.0,0.0,50.656141811609245,0.0,0.0,3077.221530869601,0.0,29.97932577468437,0.0,0.0,652.7742649488149,0.0,0.0,0.0,0.0,0.0,0.0,0.0,7795.152063298226,0.0,0.0,0.0,0.0,0.0,0.0,0.0
5711,0.0,131.90293564796443,0.0,0.0,0.0,0.0,0.0,0.0,0.0,0.0,0.0,0.0,0.0,50.92920142263162,0.0,0.0,3028.1340182274557,0.0,30.169399334490176,0.0,0.0,673.768393622338,0.0,0.0,0.0,0.0,0.0,0.0,0.0,7574.595234733819,0.0,0.0,0.0,0.0,0.0,0.0,0.0
5712,0.0,151.7103634089231,0.0,0.0,0.0,0.0,0.0,0.0,0.0,0.0,0.0,0.0,0.0,54.767195680737416,0.0,0.0,3338.2962341308594,0.0,61.18833572268466,0.0,0.0,1012.6691911965607,0.0,0.0,0.0,0.0,0.0,0.0,0.0,7609.540737628937,0.0,0.0,0.0,0.0,0.0,0.0,0.0
5713,0.0,159.5882093936205,0.0,0.0,0.0,0.0,0.0,0.0,0.0,0.0,0.0,0.0,0.0,57.61187346577638,0.0,0.0,3731.7691495269514,0.0,102.38227941393849,0.0,0.0,1329.5542761728166,0.0,0.0,0.0,0.0,0.0,0.0,0.0,7469.856361407041,0.0,0.0,0.0,0.0,0.0,0.0,0.0
5714,0.0,157.9891349583864,0.0,0.0,0.0,0.0,0.0,0.0,0.0,0.0,0.0,0.0,0.0,60.716098830103874,0.0,0.0,4208.984482496975,0.0,144.1887476056814,0.0,0.0,1563.00417921245,0.0,0.0,0.0,0.0,0.0,0.0,0.0,7371.147737115621,0.0,0.0,0.0,0.0,0.0,0.0,0.0
5715,0.0,165.01559641063204,0.0,0.0,0.0,0.0,0.0,0.0,0.0,0.0,0.0,0.0,0.0,64.79102720916264,0.0,0.0,4734.578688159585,0.0,175.32676086723802,0.0,0.0,1678.9315883293743,0.0,0.0,0.0,0.0,0.0,0.0,0.0,7279.883989721537,0.0,0.0,0.0,0.0,0.0,0.0,0.0
5716,0.0,157.5093509048223,0.0,0.0,0.0,0.0,0.0,0.0,0.0,0.0,0.0,0.0,0.0,69.52350563853973,0.0,0.0,5229.193037673829,0.0,195.97957709133618,0.0,0.0,1712.673603889346,0.0,0.0,0.0,0.0,0.0,0.0,0.0,7172.43808567524,0.0,0.0,0.0,0.0,0.0,0.0,0.0
5717,0.0,150.86860205233094,0.0,0.0,0.0,0.0,0.0,0.0,0.0,0.0,0.0,0.0,0.0,71.40294462740415,0.0,0.0,5658.185072034597,0.0,193.335461372137,0.0,0.0,1596.3015934556722,0.0,0.0,0.0,0.0,0.0,0.0,0.0,7097.077330130339,0.0,0.0,0.0,0.0,0.0,0.0,0.0
5718,0.0,134.55517269372936,0.0,0.0,0.0,0.0,0.0,0.0,0.0,0.0,0.0,0.0,0.0,67.77612700462342,0.0,0.0,5668.653263166546,0.0,176.3714123696087,0.0,0.0,1426.7581720232959,0.0,0.0,0.0,0.0,0.0,0.0,0.0,6576.107351613045,0.0,0.0,0.0,0.0,0.0,0.0,0.0
5719,0.0,118.09289272427556,0.0,0.0,0.0,0.0,0.0,0.0,0.0,0.0,0.0,0.0,0.0,61.130740547180174,0.0,0.0,5683.935694307087,0.0,149.06886156797393,0.0,0.0,1252.157316000759,0.0,0.0,0.0,0.0,0.0,0.0,0.0,6065.246248832344,0.0,0.0,0.0,0.0,0.0,0.0,0.0
5720,0.0,103.7732493326068,0.0,0.0,0.0,0.0,0.0,0.0,0.0,0.0,0.0,0.0,0.0,59.57760227322571,0.0,0.0,5680.643746703861,0.0,125.64854733943923,0.0,0.0,1083.449811650812,0.0,0.0,0.0,0.0,0.0,0.0,0.0,5564.207263123987,0.0,0.0,0.0,0.0,0.0,0.0,0.0
5721,0.0,91.15818461179725,0.0,0.0,0.0,0.0,0.0,0.0,0.0,0.0,0.0,0.0,0.0,61.555514886975246,0.0,0.0,5674.033014968037,0.0,107.18371771723027,0.0,0.0,936.9951557390386,0.0,0.0,0.0,0.0,0.0,0.0,0.0,5097.499762389062,0.0,0.0,0.0,0.0,0.0,0.0,0.0
5722,0.0,69.040689638257,0.0,0.0,0.0,0.0,0.0,0.0,0.0,0.0,0.0,0.0,0.0,49.20433536916962,0.0,0.0,5261.122284665704,0.0,82.95297083854665,0.0,0.0,818.3220269478852,0.0,0.0,0.0,0.0,0.0,0.0,0.0,4450.484344017505,0.0,0.0,0.0,0.0,0.0,0.0,0.0
5723,0.0,52.73743054568762,0.0,0.0,0.0,0.0,0.0,0.0,0.0,0.0,0.0,0.0,0.0,41.44829745218154,0.0,0.0,4894.007897272706,0.0,67.05611561536773,0.0,0.0,741.0106718301771,0.0,0.0,0.0,0.0,0.0,0.0,0.0,3846.440055015682,0.0,0.0,0.0,0.0,0.0,0.0,0.0
5724,0.0,40.26808820217845,0.0,0.0,0.0,0.0,0.0,0.0,0.0,0.0,0.0,0.0,0.0,33.73364188373085,0.0,0.0,4574.686257213352,0.0,53.791326886415455,0.0,0.0,676.620078881084,0.0,0.0,0.0,0.0,0.0,0.0,0.0,3339.448928558826,0.0,0.0,0.0,0.0,0.0,0.0,0.0
5725,0.0,33.60422128289934,0.0,0.0,0.0,0.0,0.0,0.0,0.0,0.0,0.0,0.0,0.0,27.287150179594608,0.0,0.0,4299.777906462548,0.0,43.17825689315785,0.0,0.0,623.687203982099,0.0,0.0,0.0,0.0,0.0,0.0,0.0,2916.7652110040185,0.0,0.0,0.0,0.0,0.0,0.0,0.0
5726,0.0,30.93805447965854,0.0,0.0,0.0,0.0,0.0,0.0,0.0,0.0,0.0,0.0,0.0,24.58659326061598,0.0,0.0,4057.417598620056,0.0,31.386348825692984,0.0,0.0,579.8250966522841,0.0,0.0,0.0,0.0,0.0,0.0,0.0,2544.320671233534,0.0,0.0,0.0,0.0,0.0,0.0,0.0
5727,0.0,28.052444898337097,0.0,0.0,0.0,0.0,0.0,0.0,0.0,0.0,0.0,0.0,0.0,25.081609429418968,0.0,0.0,4045.5453513860693,0.0,31.873230884969203,0.0,0.0,631.4378295924506,0.0,0.0,0.0,0.0,0.0,0.0,0.0,2233.1274928569774,0.0,0.0,0.0,0.0,0.0,0.0,0.0
5728,0.0,23.999166031926862,0.0,0.0,0.0,0.0,0.0,0.0,0.0,0.0,0.0,0.0,0.0,24.073648850619673,0.0,0.0,4008.5755040943613,0.0,30.572672295942834,0.0,0.0,667.1453932106489,0.0,0.0,0.0,0.0,0.0,0.0,0.0,2075.7092810064546,0.0,0.0,0.0,0.0,0.0,0.0,0.0
5729,0.0,23.560192801058264,0.0,0.0,0.0,0.0,0.0,0.0,0.0,0.0,0.0,0.0,0.0,23.185074441879845,0.0,0.0,3984.7046056836834,0.0,14.695146037824403,0.0,0.0,646.7579931981857,0.0,0.0,0.0,0.0,0.0,0.0,0.0,1995.0405972734093,0.0,0.0,0.0,0.0,0.0,0.0,0.0
5730,0.0,23.92453206069759,0.0,0.0,0.0,0.0,0.0,0.0,0.0,0.0,0.0,0.0,0.0,23.09751524329174,0.0,0.0,3944.4517562985397,0.0,14.086959369480565,0.0,0.0,604.8569303892544,0.0,0.0,0.0,0.0,0.0,0.0,0.0,1943.5431890070424,0.0,0.0,0.0,0.0,0.0,0.0,0.0
5731,0.0,23.391860870271866,0.0,0.0,0.0,0.0,0.0,0.0,0.0,0.0,0.0,0.0,0.0,23.25086083114134,0.0,0.0,3992.9453648775793,0.0,13.808546131290305,0.0,0.0,564.5755893845103,0.0,0.0,0.0,0.0,0.0,0.0,0.0,2137.7513079985956,0.0,0.0,0.0,0.0,0.0,0.0,0.0
5732,0.0,22.836134738847576,0.0,0.0,0.0,0.0,0.0,0.0,0.0,0.0,0.0,0.0,0.0,23.309325167536667,0.0,0.0,4005.268776953219,0.0,13.681552227958854,0.0,0.0,531.2135361347339,0.0,0.0,0.0,0.0,0.0,0.0,0.0,2302.5158573567865,0.0,0.0,0.0,0.0,0.0,0.0,0.0
5733,0.0,21.43857009708879,0.0,0.0,0.0,0.0,0.0,0.0,0.0,0.0,0.0,0.0,0.0,23.230420450493654,0.0,0.0,4008.7765835970627,0.0,13.574230018258008,0.0,0.0,505.9919861566272,0.0,0.0,0.0,0.0,0.0,0.0,0.0,2445.791949130593,0.0,0.0,0.0,0.0,0.0,0.0,0.0
5734,0.0,20.937817760556893,0.0,0.0,0.0,0.0,0.0,0.0,0.0,0.0,0.0,0.0,0.0,23.454402972385207,0.0,0.0,4009.7987053245306,0.0,13.979889111593325,0.0,0.0,497.32578005120115,0.0,0.0,0.0,0.0,0.0,0.0,0.0,2576.032635697722,0.0,0.0,0.0,0.0,0.0,0.0,0.0
5735,0.0,21.668176127225134,0.0,0.0,0.0,0.0,0.0,0.0,0.0,0.0,0.0,0.0,0.0,25.746229337900733,0.0,0.0,4020.035480007528,0.0,20.71294934116292,0.0,0.0,526.367200126871,0.0,0.0,0.0,0.0,0.0,0.0,0.0,2698.9042031735175,0.0,0.0,0.0,0.0,0.0,0.0,0.0
5736,0.0,48.55647626370189,0.0,0.0,0.0,0.0,0.0,0.0,0.0,0.0,0.0,0.0,0.0,39.69734045565126,0.0,0.0,4474.016990438102,0.0,85.94618061631904,0.0,0.0,875.8953240171068,0.0,0.0,0.0,0.0,0.0,0.0,0.0,3289.556175491212,0.0,0.0,0.0,0.0,0.0,0.0,0.0
5737,0.0,75.77987965196365,0.0,0.0,0.0,0.0,0.0,0.0,0.0,0.0,0.0,0.0,0.0,65.68190219402304,0.0,0.0,4955.76575219631,0.0,196.8728500157594,0.0,0.0,1309.7034404665233,0.0,0.0,0.0,0.0,0.0,0.0,0.0,3826.1315388202647,0.0,0.0,0.0,0.0,0.0,0.0,0.0
5738,0.0,102.52041985094542,0.0,0.0,0.0,0.0,0.0,0.0,0.0,0.0,0.0,0.0,0.0,97.52640399932852,0.0,0.0,5468.776737064121,0.0,320.9386805236339,0.0,0.0,1676.0541685715318,0.0,0.0,0.0,0.0,0.0,0.0,0.0,4282.472695761918,0.0,0.0,0.0,0.0,0.0,0.0,0.0
5739,0.0,125.38897143602368,0.0,0.0,0.0,0.0,0.0,0.0,0.0,0.0,0.0,0.0,0.0,127.93099734783168,0.0,0.0,5965.676469862459,0.0,428.585715395212,0.0,0.0,1761.2040250450368,0.0,0.0,0.0,0.0,0.0,0.0,0.0,4666.80994543135,0.0,0.0,0.0,0.0,0.0,0.0,0.0
5740,0.0,153.9801002562046,0.0,0.0,0.0,0.0,0.0,0.0,0.0,0.0,0.0,0.0,0.0,156.14497146606442,0.0,0.0,6427.932576850057,0.0,521.965726864338,0.0,0.0,1745.456782288849,0.0,0.0,0.0,0.0,0.0,0.0,0.0,4945.621814718841,0.0,0.0,0.0,0.0,0.0,0.0,0.0
5741,0.0,177.0926680862903,0.0,0.0,0.0,0.0,0.0,0.0,0.0,0.0,0.0,0.0,0.0,179.20702252984043,0.0,0.0,6858.575252234936,0.0,588.946138370037,0.0,0.0,1382.6300153866407,0.0,0.0,0.0,0.0,0.0,0.0,0.0,5167.251185777783,0.0,0.0,0.0,0.0,0.0,0.0,0.0
5742,0.0,168.68255947530267,0.0,0.0,0.0,0.0,0.0,0.0,0.0,0.0,0.0,0.0,0.0,199.80328192114823,0.0,0.0,6898.694696843624,0.0,626.1330404162406,0.0,0.0,1271.3970330432055,0.0,0.0,0.0,0.0,0.0,0.0,0.0,4871.666646724939,0.0,0.0,0.0,0.0,0.0,0.0,0.0
5743,0.0,153.76698759198183,0.0,0.0,0.0,0.0,0.0,0.0,0.0,0.0,0.0,0.0,0.0,212.73450365066526,0.0,0.0,7043.215241551399,0.0,644.8553722023964,0.0,0.0,1183.792332424968,0.0,0.0,0.0,0.0,0.0,0.0,0.0,4589.919569268822,0.0,0.0,0.0,0.0,0.0,0.0,0.0
5744,0.0,144.8957941889762,0.0,0.0,0.0,0.0,0.0,0.0,0.0,0.0,0.0,0.0,0.0,219.8075674891471,0.0,0.0,7217.154845416544,0.0,638.1210855603218,0.0,0.0,1072.8229773178691,0.0,0.0,0.0,0.0,0.0,0.0,0.0,4333.990173518657,0.0,0.0,0.0,0.0,0.0,0.0,0.0
5745,0.0,137.59605418145648,0.0,0.0,0.0,0.0,0.0,0.0,0.0,0.0,0.0,0.0,0.0,224.93326229453083,0.0,0.0,7306.410808503626,0.0,618.0822018027304,0.0,0.0,946.0427244141694,0.0,0.0,0.0,0.0,0.0,0.0,0.0,4077.840555793047,0.0,0.0,0.0,0.0,0.0,0.0,0.0
5746,0.0,122.84741494059563,0.0,0.0,0.0,0.0,0.0,0.0,0.0,0.0,0.0,0.0,0.0,212.53498961925507,0.0,0.0,7080.859502494333,0.0,584.2042866706848,0.0,0.0,766.6331501662723,0.0,0.0,0.0,0.0,0.0,0.0,0.0,3627.4840847194196,0.0,0.0,0.0,0.0,0.0,0.0,0.0
5747,0.0,108.92469949722283,0.0,0.0,0.0,0.0,0.0,0.0,0.0,0.0,0.0,0.0,0.0,203.87886040210722,0.0,0.0,6840.316299945114,0.0,560.0557427763938,0.0,0.0,607.1764413446186,0.0,0.0,0.0,0.0,0.0,0.0,0.0,3217.634715855121,0.0,0.0,0.0,0.0,0.0,0.0,0.0
5748,0.0,96.97953967899079,0.0,0.0,0.0,0.0,0.0,0.0,0.0,0.0,0.0,0.0,0.0,195.53603546619416,0.0,0.0,6621.035407364368,0.0,544.264114487171,0.0,0.0,489.7798193983731,0.0,0.0,0.0,0.0,0.0,0.0,0.0,2848.688414821028,0.0,0.0,0.0,0.0,0.0,0.0,0.0
5749,0.0,86.83272838443514,0.0,0.0,0.0,0.0,0.0,0.0,0.0,0.0,0.0,0.0,0.0,187.1692015945911,0.0,0.0,6417.43560451269,0.0,536.7027737855911,0.0,0.0,424.6542037412518,0.0,0.0,0.0,0.0,0.0,0.0,0.0,2525.0185224562874,0.0,0.0,0.0,0.0,0.0,0.0,0.0
5750,0.0,78.18777079582213,0.0,0.0,0.0,0.0,0.0,0.0,0.0,0.0,0.0,0.0,0.0,175.56557761430741,0.0,0.0,6228.269187241791,0.0,528.8863985657691,0.0,0.0,399.50088803060316,0.0,0.0,0.0,0.0,0.0,0.0,0.0,2269.489431676268,0.0,0.0,0.0,0.0,0.0,0.0,0.0
5751,0.0,64.29634470194571,0.0,0.0,0.0,0.0,0.0,0.0,0.0,0.0,0.0,0.0,0.0,171.79395539760586,0.0,0.0,6387.242953225968,0.0,540.6884736299514,0.0,0.0,519.2419228445735,0.0,0.0,0.0,0.0,0.0,0.0,0.0,2060.540362408757,0.0,0.0,0.0,0.0,0.0,0.0,0.0
5752,0.0,50.29426611363881,0.0,0.0,0.0,0.0,0.0,0.0,0.0,0.0,0.0,0.0,0.0,165.71989642381666,0.0,0.0,6491.585713043808,0.0,535.5469374299049,0.0,0.0,640.8345170237116,0.0,0.0,0.0,0.0,0.0,0.0,0.0,1899.9195299908504,0.0,0.0,0.0,0.0,0.0,0.0,0.0
5753,0.0,43.234453202784024,0.0,0.0,0.0,0.0,0.0,0.0,0.0,0.0,0.0,0.0,0.0,150.9423180460929,0.0,0.0,6538.565585792063,0.0,516.7171259641648,0.0,0.0,678.321280650794,0.0,0.0,0.0,0.0,0.0,0.0,0.0,1806.377985842525,0.0,0.0,0.0,0.0,0.0,0.0,0.0
5754,0.0,42.580042174458455,0.0,0.0,0.0,0.0,0.0,0.0,0.0,0.0,0.0,0.0,0.0,138.82069735527023,0.0,0.0,6576.692126393316,0.0,503.73805059194564,0.0,0.0,708.8007672429085,0.0,0.0,0.0,0.0,0.0,0.0,0.0,1763.8831000551575,0.0,0.0,0.0,0.0,0.0,0.0,0.0
5755,0.0,45.50278024077415,0.0,0.0,0.0,0.0,0.0,0.0,0.0,0.0,0.0,0.0,0.0,134.53728802204122,0.0,0.0,6669.972013145685,0.0,493.65479080080985,0.0,0.0,706.0683689564461,0.0,0.0,0.0,0.0,0.0,0.0,0.0,2135.855193173885,0.0,0.0,0.0,0.0,0.0,0.0,0.0
5756,0.0,48.134024454653265,0.0,0.0,0.0,0.0,0.0,0.0,0.0,0.0,0.0,0.0,0.0,127.78176533579813,0.0,0.0,6769.919027239084,0.0,497.12873204946504,0.0,0.0,728.1159469194711,0.0,0.0,0.0,0.0,0.0,0.0,0.0,2436.917075842617,0.0,0.0,0.0,0.0,0.0,0.0,0.0
5757,0.0,50.46614360958329,0.0,0.0,0.0,0.0,0.0,0.0,0.0,0.0,0.0,0.0,0.0,121.64670886993405,0.0,0.0,6880.536089837549,0.0,513.6682718873024,0.0,0.0,770.8842623479663,0.0,0.0,0.0,0.0,0.0,0.0,0.0,2690.5972422212353,0.0,0.0,0.0,0.0,0.0,0.0,0.0
5758,0.0,51.7767752721905,0.0,0.0,0.0,0.0,0.0,0.0,0.0,0.0,0.0,0.0,0.0,119.63619028329848,0.0,0.0,6981.7875926196575,0.0,536.241909456253,0.0,0.0,809.5069013513623,0.0,0.0,0.0,0.0,0.0,0.0,0.0,2906.859742264449,0.0,0.0,0.0,0.0,0.0,0.0,0.0
5759,0.0,52.022601123154104,0.0,0.0,0.0,0.0,0.0,0.0,0.0,0.0,0.0,0.0,0.0,125.10261694490899,0.0,0.0,7054.059533029793,0.0,559.9926658987998,0.0,0.0,824.9675828911357,0.0,0.0,0.0,0.0,0.0,0.0,0.0,3092.824905705452,0.0,0.0,0.0,0.0,0.0,0.0,0.0
5760,0.0,73.15395203232762,0.0,0.0,0.0,0.0,0.0,0.0,0.0,0.0,0.0,0.0,0.0,139.8380171597004,0.0,0.0,7442.219982415438,0.0,605.2188464164733,0.0,0.0,969.4524899661538,0.0,0.0,0.0,0.0,0.0,0.0,0.0,3419.8592402040945,0.0,0.0,0.0,0.0,0.0,0.0,0.0
5761,0.0,90.82588344365357,0.0,0.0,0.0,0.0,0.0,0.0,0.0,0.0,0.0,0.0,0.0,159.19294059872624,0.0,0.0,7761.906054764984,0.0,645.6275896906851,0.0,0.0,965.5879250988355,0.0,0.0,0.0,0.0,0.0,0.0,0.0,3725.1368006885036,0.0,0.0,0.0,0.0,0.0,0.0,0.0
5762,0.0,109.27812676280729,0.0,0.0,0.0,0.0,0.0,0.0,0.0,0.0,0.0,0.0,0.0,178.9596699655056,0.0,0.0,8028.665823966265,0.0,681.7527371525763,0.0,0.0,831.3159810595208,0.0,0.0,0.0,0.0,0.0,0.0,0.0,4016.8166486233467,0.0,0.0,0.0,0.0,0.0,0.0,0.0
5763,0.0,132.31886445879934,0.0,0.0,0.0,0.0,0.0,0.0,0.0,0.0,0.0,0.0,0.0,195.01570735573767,0.0,0.0,8246.994603157043,0.0,715.7832461595535,0.0,0.0,695.8268709026269,0.0,0.0,0.0,0.0,0.0,0.0,0.0,4302.426831766962,0.0,0.0,0.0,0.0,0.0,0.0,0.0
5764,0.0,155.59024274647234,0.0,0.0,0.0,0.0,0.0,0.0,0.0,0.0,0.0,0.0,0.0,209.70700151920315,0.0,0.0,8424.797111511229,0.0,739.5763305068016,0.0,0.0,584.5918827820561,0.0,0.0,0.0,0.0,0.0,0.0,0.0,4566.62449593842,0.0,0.0,0.0,0.0,0.0,0.0,0.0
5765,0.0,179.39144279658788,0.0,0.0,0.0,0.0,0.0,0.0,0.0,0.0,0.0,0.0,0.0,226.66710647940624,0.0,0.0,8565.002809017897,0.0,750.1872366786004,0.0,0.0,552.0077683020376,0.0,0.0,0.0,0.0,0.0,0.0,0.0,4814.3763879895205,0.0,0.0,0.0,0.0,0.0,0.0,0.0
5766,0.0,185.20451435744755,0.0,0.0,0.0,0.0,0.0,0.0,0.0,0.0,0.0,0.0,0.0,242.81651195287702,0.0,0.0,8407.232797503471,0.0,746.7756312727927,0.0,0.0,446.52708986923096,0.0,0.0,0.0,0.0,0.0,0.0,0.0,4837.050572761892,0.0,0.0,0.0,0.0,0.0,0.0,0.0
5767,0.0,190.30203405618664,0.0,0.0,0.0,0.0,0.0,0.0,0.0,0.0,0.0,0.0,0.0,254.53466595411297,0.0,0.0,8263.434894412754,0.0,734.3386969208716,0.0,0.0,363.21062723211907,0.0,0.0,0.0,0.0,0.0,0.0,0.0,4817.831594845652,0.0,0.0,0.0,0.0,0.0,0.0,0.0
5768,0.0,195.86630584001534,0.0,0.0,0.0,0.0,0.0,0.0,0.0,0.0,0.0,0.0,0.0,258.5505695641041,0.0,0.0,8127.259343534706,0.0,723.4451897382736,0.0,0.0,299.3614427302024,0.0,0.0,0.0,0.0,0.0,0.0,0.0,4795.505281239748,0.0,0.0,0.0,0.0,0.0,0.0,0.0
5769,0.0,202.93908759355546,0.0,0.0,0.0,0.0,0.0,0.0,0.0,0.0,0.0,0.0,0.0,266.6834564208984,0.0,0.0,7997.205632835627,0.0,725.7041600584984,0.0,0.0,251.81396590545768,0.0,0.0,0.0,0.0,0.0,0.0,0.0,4794.769038313626,0.0,0.0,0.0,0.0,0.0,0.0,0.0
5770,0.0,188.47353244721884,0.0,0.0,0.0,0.0,0.0,0.0,0.0,0.0,0.0,0.0,0.0,266.3181215703487,0.0,0.0,7569.313118308781,0.0,722.7587544322013,0.0,0.0,236.63080066256143,0.0,0.0,0.0,0.0,0.0,0.0,0.0,4370.483739265798,0.0,0.0,0.0,0.0,0.0,0.0,0.0
5771,0.0,174.35417315661908,0.0,0.0,0.0,0.0,0.0,0.0,0.0,0.0,0.0,0.0,0.0,275.05683614611627,0.0,0.0,7166.5652649998665,0.0,730.7085159063339,0.0,0.0,220.88779652975498,0.0,0.0,0.0,0.0,0.0,0.0,0.0,3982.7751768261196,0.0,0.0,0.0,0.0,0.0,0.0,0.0
5772,0.0,162.00345819890495,0.0,0.0,0.0,0.0,0.0,0.0,0.0,0.0,0.0,0.0,0.0,289.67668635249134,0.0,0.0,6788.477459639309,0.0,739.3318483233451,0.0,0.0,218.60068076737164,0.0,0.0,0.0,0.0,0.0,0.0,0.0,3628.7652775913475,0.0,0.0,0.0,0.0,0.0,0.0,0.0
5773,0.0,152.2439586907625,0.0,0.0,0.0,0.0,0.0,0.0,0.0,0.0,0.0,0.0,0.0,304.8232536017894,0.0,0.0,6446.256481319664,0.0,749.3860891938209,0.0,0.0,221.62508992887996,0.0,0.0,0.0,0.0,0.0,0.0,0.0,3310.1442181020975,0.0,0.0,0.0,0.0,0.0,0.0,0.0
5774,0.0,143.85337699055665,0.0,0.0,0.0,0.0,0.0,0.0,0.0,0.0,0.0,0.0,0.0,322.8532021164893,0.0,0.0,6130.730848893521,0.0,762.8473706960679,0.0,0.0,223.52376613430607,0.0,0.0,0.0,0.0,0.0,0.0,0.0,3026.275922077894,0.0,0.0,0.0,0.0,0.0,0.0,0.0
5775,0.0,150.43384772837163,0.0,0.0,0.0,0.0,0.0,0.0,0.0,0.0,0.0,0.0,0.0,352.4532159030437,0.0,0.0,6162.487797588109,0.0,795.3999007225036,0.0,0.0,254.89877545013988,0.0,0.0,0.0,0.0,0.0,0.0,0.0,2819.976387152075,0.0,0.0,0.0,0.0,0.0,0.0,0.0
5776,0.0,162.9121609479189,0.0,0.0,0.0,0.0,0.0,0.0,0.0,0.0,0.0,0.0,0.0,379.9523245215415,0.0,0.0,6173.530834957955,0.0,828.3659281373024,0.0,0.0,282.20973968580296,0.0,0.0,0.0,0.0,0.0,0.0,0.0,2659.878627127407,0.0,0.0,0.0,0.0,0.0,0.0,0.0
5777,0.0,181.95311537683006,0.0,0.0,0.0,0.0,0.0,0.0,0.0,0.0,0.0,0.0,0.0,404.5211100339889,0.0,0.0,6174.809264987706,0.0,840.3136609911918,0.0,0.0,281.50385751351655,0.0,0.0,0.0,0.0,0.0,0.0,0.0,2563.369148884712,0.0,0.0,0.0,0.0,0.0,0.0,0.0
5778,0.0,198.3257006138563,0.0,0.0,0.0,0.0,0.0,0.0,0.0,0.0,0.0,0.0,0.0,430.5577359676361,0.0,0.0,6148.784054458141,0.0,845.2179475069046,0.0,0.0,288.4339688960463,0.0,0.0,0.0,0.0,0.0,0.0,0.0,2540.75029081553,0.0,0.0,0.0,0.0,0.0,0.0,0.0
5779,0.0,210.8498151004314,0.0,0.0,0.0,0.0,0.0,0.0,0.0,0.0,0.0,0.0,0.0,467.59444472789767,0.0,0.0,6379.43118956685,0.0,836.2207778811454,0.0,0.0,268.8627687983214,0.0,0.0,0.0,0.0,0.0,0.0,0.0,2596.292515020072,0.0,0.0,0.0,0.0,0.0,0.0,0.0
5780,0.0,226.7542735129595,0.0,0.0,0.0,0.0,0.0,0.0,0.0,0.0,0.0,0.0,0.0,501.147817838192,0.0,0.0,6570.455939263105,0.0,828.5356547355652,0.0,0.0,255.786691358685,0.0,0.0,0.0,0.0,0.0,0.0,0.0,2694.947078251838,0.0,0.0,0.0,0.0,0.0,0.0,0.0
5781,0.0,242.11318482756616,0.0,0.0,0.0,0.0,0.0,0.0,0.0,0.0,0.0,0.0,0.0,529.7624340653418,0.0,0.0,6765.784645974636,0.0,816.9045512080191,0.0,0.0,248.51574924252876,0.0,0.0,0.0,0.0,0.0,0.0,0.0,2860.224574854968,0.0,0.0,0.0,0.0,0.0,0.0,0.0
5782,0.0,255.81338887810708,0.0,0.0,0.0,0.0,0.0,0.0,0.0,0.0,0.0,0.0,0.0,551.2778927087784,0.0,0.0,6973.896875113249,0.0,793.8181175947188,0.0,0.0,243.4726578511296,0.0,0.0,0.0,0.0,0.0,0.0,0.0,3048.5147254735216,0.0,0.0,0.0,0.0,0.0,0.0,0.0
5783,0.0,267.3539053738117,0.0,0.0,0.0,0.0,0.0,0.0,0.0,0.0,0.0,0.0,0.0,563.001964879036,0.0,0.0,7199.2117085158825,0.0,751.9960728526115,0.0,0.0,242.74482566490673,0.0,0.0,0.0,0.0,0.0,0.0,0.0,3251.461028251052,0.0,0.0,0.0,0.0,0.0,0.0,0.0
5784,0.0,309.8836292803287,0.0,0.0,0.0,0.0,0.0,0.0,0.0,0.0,0.0,0.0,0.0,562.4622009634971,0.0,0.0,7508.02004095912,0.0,713.3903560400008,0.0,0.0,556.2633461762218,0.0,0.0,0.0,0.0,0.0,0.0,0.0,4092.503216975927,0.0,0.0,0.0,0.0,0.0,0.0,0.0
5785,0.0,346.11171607375144,0.0,0.0,0.0,0.0,0.0,0.0,0.0,0.0,0.0,0.0,0.0,554.46289883852,0.0,0.0,7763.0891956686955,0.0,658.7427190423011,0.0,0.0,778.9359815977506,0.0,0.0,0.0,0.0,0.0,0.0,0.0,4905.583362230656,0.0,0.0,0.0,0.0,0.0,0.0,0.0
5786,0.0,376.1132433593273,0.0,0.0,0.0,0.0,0.0,0.0,0.0,0.0,0.0,0.0,0.0,543.3600550770759,0.0,0.0,7972.616371095179,0.0,598.3515884995461,0.0,0.0,957.04255760461,0.0,0.0,0.0,0.0,0.0,0.0,0.0,5713.757511523366,0.0,0.0,0.0,0.0,0.0,0.0,0.0
5787,0.0,402.3339006006717,0.0,0.0,0.0,0.0,0.0,0.0,0.0,0.0,0.0,0.0,0.0,533.3412226080893,0.0,0.0,8128.265907853842,0.0,541.084423315525,0.0,0.0,1083.6024777822192,0.0,0.0,0.0,0.0,0.0,0.0,0.0,6535.757912427186,0.0,0.0,0.0,0.0,0.0,0.0,0.0
5788,0.0,427.3405226647854,0.0,0.0,0.0,0.0,0.0,0.0,0.0,0.0,0.0,0.0,0.0,523.804900252819,0.0,0.0,8241.612517744301,0.0,484.72683382034285,0.0,0.0,1154.6418813318005,0.0,0.0,0.0,0.0,0.0,0.0,0.0,7474.640493977069,0.0,0.0,0.0,0.0,0.0,0.0,0.0
5789,0.0,447.66747567057604,0.0,0.0,0.0,0.0,0.0,0.0,0.0,0.0,0.0,0.0,0.0,506.5290923595428,0.0,0.0,8326.978350877762,0.0,417.2029177904129,0.0,0.0,1004.3409017711878,0.0,0.0,0.0,0.0,0.0,0.0,0.0,8435.94593965411,0.0,0.0,0.0,0.0,0.0,0.0,0.0
5790,0.0,440.3168282210827,0.0,0.0,0.0,0.0,0.0,0.0,0.0,0.0,0.0,0.0,0.0,488.2652192473412,0.0,0.0,8091.628989100454,0.0,345.87272124886505,0.0,0.0,949.5413295663888,0.0,0.0,0.0,0.0,0.0,0.0,0.0,9045.714915180204,0.0,0.0,0.0,0.0,0.0,0.0,0.0
5791,0.0,430.8636430978775,0.0,0.0,0.0,0.0,0.0,0.0,0.0,0.0,0.0,0.0,0.0,462.2837847232819,0.0,0.0,7857.293970346449,0.0,277.9674687385559,0.0,0.0,890.1334654703736,0.0,0.0,0.0,0.0,0.0,0.0,0.0,9465.896997880935,0.0,0.0,0.0,0.0,0.0,0.0,0.0
5792,0.0,413.62118448615075,0.0,0.0,0.0,0.0,0.0,0.0,0.0,0.0,0.0,0.0,0.0,427.8648345589637,0.0,0.0,7636.261313587425,0.0,202.6529358565807,0.0,0.0,832.6562943242482,0.0,0.0,0.0,0.0,0.0,0.0,0.0,9708.36681703329,0.0,0.0,0.0,0.0,0.0,0.0,0.0
5793,0.0,390.2505584299564,0.0,0.0,0.0,0.0,0.0,0.0,0.0,0.0,0.0,0.0,0.0,398.66768219470976,0.0,0.0,7422.799669593573,0.0,142.84159089922903,0.0,0.0,784.6482835002242,0.0,0.0,0.0,0.0,0.0,0.0,0.0,9830.734296768902,0.0,0.0,0.0,0.0,0.0,0.0,0.0
5794,0.0,348.9477754175663,0.0,0.0,0.0,0.0,0.0,0.0,0.0,0.0,0.0,0.0,0.0,358.9862244009972,0.0,0.0,6973.3710347115975,0.0,84.22382319718587,0.0,0.0,726.6287956304843,0.0,0.0,0.0,0.0,0.0,0.0,0.0,9168.38614936471,0.0,0.0,0.0,0.0,0.0,0.0,0.0
5795,0.0,321.1155869185924,0.0,0.0,0.0,0.0,0.0,0.0,0.0,0.0,0.0,0.0,0.0,327.29487763643255,0.0,0.0,6576.128170341253,0.0,42.41873333007097,0.0,0.0,677.3208898432553,0.0,0.0,0.0,0.0,0.0,0.0,0.0,8598.459632384776,0.0,0.0,0.0,0.0,0.0,0.0,0.0
5796,0.0,302.6058149635792,0.0,0.0,0.0,0.0,0.0,0.0,0.0,0.0,0.0,0.0,0.0,302.4027000546455,0.0,0.0,6185.732899248599,0.0,20.088082906976325,0.0,0.0,637.344691877067,0.0,0.0,0.0,0.0,0.0,0.0,0.0,8121.8464821040625,0.0,0.0,0.0,0.0,0.0,0.0,0.0
5797,0.0,287.3394741117954,0.0,0.0,0.0,0.0,0.0,0.0,0.0,0.0,0.0,0.0,0.0,284.87377834916106,0.0,0.0,5789.244958117602,0.0,16.57000192366527,0.0,0.0,600.9013486538078,0.0,0.0,0.0,0.0,0.0,0.0,0.0,7719.141128587723,0.0,0.0,0.0,0.0,0.0,0.0,0.0
5798,0.0,272.90100694298746,0.0,0.0,0.0,0.0,0.0,0.0,0.0,0.0,0.0,0.0,0.0,277.1968595147133,0.0,0.0,5367.245589867234,0.0,17.305199168622398,0.0,0.0,561.754785524681,0.0,0.0,0.0,0.0,0.0,0.0,0.0,7372.704840278625,0.0,0.0,0.0,0.0,0.0,0.0,0.0
5799,0.0,269.5745023012161,0.0,0.0,0.0,0.0,0.0,0.0,0.0,0.0,0.0,0.0,0.0,278.931084793806,0.0,0.0,5320.530193060635,0.0,28.154674066603107,0.0,0.0,630.1956101831042,0.0,0.0,0.0,0.0,0.0,0.0,0.0,7539.403112155199,0.0,0.0,0.0,0.0,0.0,0.0,0.0
5800,0.0,261.8853322863579,0.0,0.0,0.0,0.0,0.0,0.0,0.0,0.0,0.0,0.0,0.0,274.96391640901567,0.0,0.0,5284.561076059936,0.0,35.580472102761185,0.0,0.0,688.3992889456445,0.0,0.0,0.0,0.0,0.0,0.0,0.0,7637.55846941471,0.0,0.0,0.0,0.0,0.0,0.0,0.0
5801,0.0,252.02542068958277,0.0,0.0,0.0,0.0,0.0,0.0,0.0,0.0,0.0,0.0,0.0,255.67317371964444,0.0,0.0,5275.0527770221215,0.0,22.81212107613666,0.0,0.0,732.7732100486754,0.0,0.0,0.0,0.0,0.0,0.0,0.0,7678.462622082234,0.0,0.0,0.0,0.0,0.0,0.0,0.0
5802,0.0,231.13458605110637,0.0,0.0,0.0,0.0,0.0,0.0,0.0,0.0,0.0,0.0,0.0,240.74726002216337,0.0,0.0,5266.401691183448,0.0,18.46258799210177,0.0,0.0,774.6183381669217,0.0,0.0,0.0,0.0,0.0,0.0,0.0,7703.443532603979,0.0,0.0,0.0,0.0,0.0,0.0,0.0
5803,0.0,215.83067834079262,0.0,0.0,0.0,0.0,0.0,0.0,0.0,0.0,0.0,0.0,0.0,239.6519279897212,0.0,0.0,5370.520424321294,0.0,15.64670412391408,0.0,0.0,839.1779462233184,0.0,0.0,0.0,0.0,0.0,0.0,0.0,8187.29110134244,0.0,0.0,0.0,0.0,0.0,0.0,0.0
5804,0.0,209.2593538284301,0.0,0.0,0.0,0.0,0.0,0.0,0.0,0.0,0.0,0.0,0.0,237.00043134689324,0.0,0.0,5486.884393557906,0.0,17.12763427533194,0.0,0.0,896.7264170698816,0.0,0.0,0.0,0.0,0.0,0.0,0.0,8846.637142276764,0.0,0.0,0.0,0.0,0.0,0.0,0.0
5805,0.0,207.74693005979051,0.0,0.0,0.0,0.0,0.0,0.0,0.0,0.0,0.0,0.0,0.0,232.08402451872823,0.0,0.0,5601.21462059021,0.0,17.334740518778435,0.0,0.0,948.6646914236239,0.0,0.0,0.0,0.0,0.0,0.0,0.0,9559.69058589935,0.0,0.0,0.0,0.0,0.0,0.0,0.0
5806,0.0,208.43117153048516,0.0,0.0,0.0,0.0,0.0,0.0,0.0,0.0,0.0,0.0,0.0,230.17741014957429,0.0,0.0,5717.944577857852,0.0,19.730453980714056,0.0,0.0,994.7909048460422,0.0,0.0,0.0,0.0,0.0,0.0,0.0,10205.993989378214,0.0,0.0,0.0,0.0,0.0,0.0,0.0
5807,0.0,206.08465969562528,0.0,0.0,0.0,0.0,0.0,0.0,0.0,0.0,0.0,0.0,0.0,235.72526767849922,0.0,0.0,5835.101585984228,0.0,26.730911040678567,0.0,0.0,1038.4728706821797,0.0,0.0,0.0,0.0,0.0,0.0,0.0,10681.290147155523,0.0,0.0,0.0,0.0,0.0,0.0,0.0
5808,0.0,238.32280383110046,0.0,0.0,0.0,0.0,0.0,0.0,0.0,0.0,0.0,0.0,0.0,250.41252672672263,0.0,0.0,6181.876217722892,0.0,56.952632986009014,0.0,0.0,1013.3974018312988,0.0,0.0,0.0,0.0,0.0,0.0,0.0,11772.797044450044,0.0,0.0,0.0,0.0,0.0,0.0,0.0
5809,0.0,258.0860295116901,0.0,0.0,0.0,0.0,0.0,0.0,0.0,0.0,0.0,0.0,0.0,272.35377969741813,0.0,0.0,6498.454308822749,0.0,89.1996936693786,0.0,0.0,1180.4018878586585,0.0,0.0,0.0,0.0,0.0,0.0,0.0,12535.614868724346,0.0,0.0,0.0,0.0,0.0,0.0,0.0
5810,0.0,269.37884041070936,0.0,0.0,0.0,0.0,0.0,0.0,0.0,0.0,0.0,0.0,0.0,297.0964114248752,0.0,0.0,6804.433137625454,0.0,118.82420274466267,0.0,0.0,1359.6108087033028,0.0,0.0,0.0,0.0,0.0,0.0,0.0,13058.95774806738,0.0,0.0,0.0,0.0,0.0,0.0,0.0
5811,0.0,276.9989087283611,0.0,0.0,0.0,0.0,0.0,0.0,0.0,0.0,0.0,0.0,0.0,320.69571566581726,0.0,0.0,7110.063869416712,0.0,141.14936395287506,0.0,0.0,1518.0600875750174,0.0,0.0,0.0,0.0,0.0,0.0,0.0,13489.19844237566,0.0,0.0,0.0,0.0,0.0,0.0,0.0
5812,0.0,281.12441752552985,0.0,0.0,0.0,0.0,0.0,0.0,0.0,0.0,0.0,0.0,0.0,342.4415569722652,0.0,0.0,7390.9925482571125,0.0,159.66300553381427,0.0,0.0,1646.9516290605068,0.0,0.0,0.0,0.0,0.0,0.0,0.0,13756.903023982048,0.0,0.0,0.0,0.0,0.0,0.0,0.0
5813,0.0,295.1478536725044,0.0,0.0,0.0,0.0,0.0,0.0,0.0,0.0,0.0,0.0,0.0,360.29860079884526,0.0,0.0,7629.990122288464,0.0,169.27272930145247,0.0,0.0,1723.2385240450496,0.0,0.0,0.0,0.0,0.0,0.0,0.0,14079.723127114772,0.0,0.0,0.0,0.0,0.0,0.0,0.0
5814,0.0,276.2704371213913,0.0,0.0,0.0,0.0,0.0,0.0,0.0,0.0,0.0,0.0,0.0,373.4532558262348,0.0,0.0,7561.524301826952,0.0,164.26013314723969,0.0,0.0,1670.5571281850337,0.0,0.0,0.0,0.0,0.0,0.0,0.0,13692.363882291316,0.0,0.0,0.0,0.0,0.0,0.0,0.0
5815,0.0,259.7884057939052,0.0,0.0,0.0,0.0,0.0,0.0,0.0,0.0,0.0,0.0,0.0,372.42988334894176,0.0,0.0,7503.109345018864,0.0,157.10510179698448,0.0,0.0,1647.898810006678,0.0,0.0,0.0,0.0,0.0,0.0,0.0,13324.766034042836,0.0,0.0,0.0,0.0,0.0,0.0,0.0
5816,0.0,247.47001124024385,0.0,0.0,0.0,0.0,0.0,0.0,0.0,0.0,0.0,0.0,0.0,353.6811463057994,0.0,0.0,7458.556816905735,0.0,142.84708937704548,0.0,0.0,1618.2391942799088,0.0,0.0,0.0,0.0,0.0,0.0,0.0,12976.981654560566,0.0,0.0,0.0,0.0,0.0,0.0,0.0
5817,0.0,238.24464007616044,0.0,0.0,0.0,0.0,0.0,0.0,0.0,0.0,0.0,0.0,0.0,336.6225621163845,0.0,0.0,7419.517834305763,0.0,132.20726802945123,0.0,0.0,1585.9673755154013,0.0,0.0,0.0,0.0,0.0,0.0,0.0,12671.48857306242,0.0,0.0,0.0,0.0,0.0,0.0,0.0
5818,0.0,227.7368194073438,0.0,0.0,0.0,0.0,0.0,0.0,0.0,0.0,0.0,0.0,0.0,306.6407815933227,0.0,0.0,6993.288406729696,0.0,118.15214351266616,0.0,0.0,1443.706913128495,0.0,0.0,0.0,0.0,0.0,0.0,0.0,11782.645197618007,0.0,0.0,0.0,0.0,0.0,0.0,0.0
5819,0.0,211.0027057617902,0.0,0.0,0.0,0.0,0.0,0.0,0.0,0.0,0.0,0.0,0.0,282.39377410411834,0.0,0.0,6568.791296571491,0.0,113.05043793022624,0.0,0.0,1305.6445044413204,0.0,0.0,0.0,0.0,0.0,0.0,0.0,10861.833836102485,0.0,0.0,0.0,0.0,0.0,0.0,0.0
5820,0.0,195.15473791658874,0.0,0.0,0.0,0.0,0.0,0.0,0.0,0.0,0.0,0.0,0.0,263.77604380249966,0.0,0.0,6149.872684106229,0.0,113.62994192242611,0.0,0.0,1164.7595510311417,0.0,0.0,0.0,0.0,0.0,0.0,0.0,9933.282521939278,0.0,0.0,0.0,0.0,0.0,0.0,0.0
5821,0.0,180.28240018486977,0.0,0.0,0.0,0.0,0.0,0.0,0.0,0.0,0.0,0.0,0.0,250.3136888206004,0.0,0.0,5749.071840450167,0.0,116.79657606184463,0.0,0.0,1027.7250842034816,0.0,0.0,0.0,0.0,0.0,0.0,0.0,9026.777994966506,0.0,0.0,0.0,0.0,0.0,0.0,0.0
5822,0.0,168.26242227852345,0.0,0.0,0.0,0.0,0.0,0.0,0.0,0.0,0.0,0.0,0.0,240.67256555557248,0.0,0.0,5325.150743335484,0.0,120.52838258147236,0.0,0.0,902.9114768587044,0.0,0.0,0.0,0.0,0.0,0.0,0.0,8154.431378996372,0.0,0.0,0.0,0.0,0.0,0.0,0.0
5823,0.0,156.67816662490367,0.0,0.0,0.0,0.0,0.0,0.0,0.0,0.0,0.0,0.0,0.0,242.5744947075843,0.0,0.0,5346.654582068323,0.0,136.6442432135343,0.0,0.0,1069.8395162858067,0.0,0.0,0.0,0.0,0.0,0.0,0.0,7479.473805838823,0.0,0.0,0.0,0.0,0.0,0.0,0.0
5824,0.0,147.6365616470575,0.0,0.0,0.0,0.0,0.0,0.0,0.0,0.0,0.0,0.0,0.0,241.73303867578505,0.0,0.0,5369.469132453202,0.0,150.76251130104055,0.0,0.0,1221.358570240437,0.0,0.0,0.0,0.0,0.0,0.0,0.0,6879.181969118118,0.0,0.0,0.0,0.0,0.0,0.0,0.0
5825,0.0,139.64713732302187,0.0,0.0,0.0,0.0,0.0,0.0,0.0,0.0,0.0,0.0,0.0,236.15478327870366,0.0,0.0,5393.772915750742,0.0,167.2257542014121,0.0,0.0,1405.3994460493325,0.0,0.0,0.0,0.0,0.0,0.0,0.0,6297.773533970117,0.0,0.0,0.0,0.0,0.0,0.0,0.0
5826,0.0,134.2245759218931,0.0,0.0,0.0,0.0,0.0,0.0,0.0,0.0,0.0,0.0,0.0,232.6214794516563,0.0,0.0,5419.590434879065,0.0,182.6366981208323,0.0,0.0,1581.9250912249088,0.0,0.0,0.0,0.0,0.0,0.0,0.0,5809.713541927933,0.0,0.0,0.0,0.0,0.0,0.0,0.0
5827,0.0,131.02104031741615,0.0,0.0,0.0,0.0,0.0,0.0,0.0,0.0,0.0,0.0,0.0,242.7599755048751,0.0,0.0,5426.02964618802,0.0,186.1959324687719,0.0,0.0,1604.1074725493784,0.0,0.0,0.0,0.0,0.0,0.0,0.0,5945.0289166599505,0.0,0.0,0.0,0.0,0.0,0.0,0.0
5828,0.0,130.68881630301473,0.0,0.0,0.0,0.0,0.0,0.0,0.0,0.0,0.0,0.0,0.0,255.17813233137122,0.0,0.0,5427.772075921295,0.0,189.6328664422034,0.0,0.0,1625.4852723285553,0.0,0.0,0.0,0.0,0.0,0.0,0.0,6164.203300869464,0.0,0.0,0.0,0.0,0.0,0.0,0.0
5829,0.0,130.0952515214681,0.0,0.0,0.0,0.0,0.0,0.0,0.0,0.0,0.0,0.0,0.0,269.17117221951486,0.0,0.0,5438.467794150114,0.0,193.19539098441598,0.0,0.0,1645.4148253262038,0.0,0.0,0.0,0.0,0.0,0.0,0.0,6447.809427875281,0.0,0.0,0.0,0.0,0.0,0.0,0.0
5830,0.0,128.90876724421975,0.0,0.0,0.0,0.0,0.0,0.0,0.0,0.0,0.0,0.0,0.0,285.80952157378186,0.0,0.0,5458.552797242997,0.0,202.68045788705348,0.0,0.0,1665.235233771801,0.0,0.0,0.0,0.0,0.0,0.0,0.0,6776.672798091172,0.0,0.0,0.0,0.0,0.0,0.0,0.0
5831,0.0,126.4209939211607,0.0,0.0,0.0,0.0,0.0,0.0,0.0,0.0,0.0,0.0,0.0,305.3883266568183,0.0,0.0,5482.6582235842925,0.0,223.7504914939403,0.0,0.0,1686.3565968364478,0.0,0.0,0.0,0.0,0.0,0.0,0.0,7129.718638563155,0.0,0.0,0.0,0.0,0.0,0.0,0.0
5832,0.0,141.82245201766483,0.0,0.0,0.0,0.0,0.0,0.0,0.0,0.0,0.0,0.0,0.0,326.4946470320225,0.0,0.0,5878.063369095324,0.0,282.704903870821,0.0,0.0,2522.6917891860003,0.0,0.0,0.0,0.0,0.0,0.0,0.0,7917.223744058609,0.0,0.0,0.0,0.0,0.0,0.0,0.0
5833,0.0,155.27631118297577,0.0,0.0,0.0,0.0,0.0,0.0,0.0,0.0,0.0,0.0,0.0,347.6881483137607,0.0,0.0,6260.023413389919,0.0,348.30189242959017,0.0,0.0,3124.5850892454387,0.0,0.0,0.0,0.0,0.0,0.0,0.0,8656.511446917055,0.0,0.0,0.0,0.0,0.0,0.0,0.0
5834,0.0,167.25924126505842,0.0,0.0,0.0,0.0,0.0,0.0,0.0,0.0,0.0,0.0,0.0,366.63384381532666,0.0,0.0,6619.369208931923,0.0,412.20846216678615,0.0,0.0,3534.3709590643643,0.0,0.0,0.0,0.0,0.0,0.0,0.0,9333.771768087146,0.0,0.0,0.0,0.0,0.0,0.0,0.0
5835,0.0,176.92358916699885,0.0,0.0,0.0,0.0,0.0,0.0,0.0,0.0,0.0,0.0,0.0,381.5331930041313,0.0,0.0,6942.645153254269,0.0,468.5540468990803,0.0,0.0,3775.9855103909963,0.0,0.0,0.0,0.0,0.0,0.0,0.0,9930.946505582331,0.0,0.0,0.0,0.0,0.0,0.0,0.0
5836,0.0,191.8264938086271,0.0,0.0,0.0,0.0,0.0,0.0,0.0,0.0,0.0,0.0,0.0,393.41813176870346,0.0,0.0,7225.338042199612,0.0,512.7667586565017,0.0,0.0,3853.9274364262815,0.0,0.0,0.0,0.0,0.0,0.0,0.0,10501.471129536627,0.0,0.0,0.0,0.0,0.0,0.0,0.0
5837,0.0,202.19354396760454,0.0,0.0,0.0,0.0,0.0,0.0,0.0,0.0,0.0,0.0,0.0,400.30540096759796,0.0,0.0,7454.543783426283,0.0,547.598237299919,0.0,0.0,3601.8023101508616,0.0,0.0,0.0,0.0,0.0,0.0,0.0,10889.071931469438,0.0,0.0,0.0,0.0,0.0,0.0,0.0
5838,0.0,187.94198524653902,0.0,0.0,0.0,0.0,0.0,0.0,0.0,0.0,0.0,0.0,0.0,403.341197502613,0.0,0.0,7236.816298067568,0.0,562.1393546342849,0.0,0.0,3483.3827418655155,0.0,0.0,0.0,0.0,0.0,0.0,0.0,10360.607896763084,0.0,0.0,0.0,0.0,0.0,0.0,0.0
5839,0.0,173.64318037927148,0.0,0.0,0.0,0.0,0.0,0.0,0.0,0.0,0.0,0.0,0.0,404.87463096380236,0.0,0.0,7043.452492028473,0.0,570.5531224250792,0.0,0.0,3383.2322458684444,0.0,0.0,0.0,0.0,0.0,0.0,0.0,9856.675649929044,0.0,0.0,0.0,0.0,0.0,0.0,0.0
5840,0.0,156.773725041747,0.0,0.0,0.0,0.0,0.0,0.0,0.0,0.0,0.0,0.0,0.0,405.15897208452225,0.0,0.0,6865.7876667380315,0.0,573.5923726916313,0.0,0.0,3230.018121010065,0.0,0.0,0.0,0.0,0.0,0.0,0.0,9333.87301957011,0.0,0.0,0.0,0.0,0.0,0.0,0.0
5841,0.0,142.2264851242303,0.0,0.0,0.0,0.0,0.0,0.0,0.0,0.0,0.0,0.0,0.0,409.0184701442718,0.0,0.0,6715.354528993366,0.0,575.4160295605659,0.0,0.0,3031.1609857946632,0.0,0.0,0.0,0.0,0.0,0.0,0.0,8841.973788261412,0.0,0.0,0.0,0.0,0.0,0.0,0.0
5842,0.0,130.3061617970466,0.0,0.0,0.0,0.0,0.0,0.0,0.0,0.0,0.0,0.0,0.0,397.14550222158425,0.0,0.0,6422.087658539413,0.0,553.5776170253753,0.0,0.0,2857.0231993764637,0.0,0.0,0.0,0.0,0.0,0.0,0.0,8297.131602960824,0.0,0.0,0.0,0.0,0.0,0.0,0.0
5843,0.0,120.01947778165335,0.0,0.0,0.0,0.0,0.0,0.0,0.0,0.0,0.0,0.0,0.0,388.5478821754456,0.0,0.0,6193.344361275434,0.0,524.8756813883781,0.0,0.0,2677.2864942312235,0.0,0.0,0.0,0.0,0.0,0.0,0.0,7821.486850792168,0.0,0.0,0.0,0.0,0.0,0.0,0.0
5844,0.0,111.81842074245209,0.0,0.0,0.0,0.0,0.0,0.0,0.0,0.0,0.0,0.0,0.0,384.14010162353514,0.0,0.0,6005.040991231799,0.0,496.27085094451905,0.0,0.0,2498.4385375812644,0.0,0.0,0.0,0.0,0.0,0.0,0.0,7427.003840917348,0.0,0.0,0.0,0.0,0.0,0.0,0.0
5845,0.0,105.07510651051996,0.0,0.0,0.0,0.0,0.0,0.0,0.0,0.0,0.0,0.0,0.0,384.59642832279206,0.0,0.0,5837.525430202483,0.0,471.1368197619915,0.0,0.0,2328.142457740009,0.0,0.0,0.0,0.0,0.0,0.0,0.0,7061.7521341741085,0.0,0.0,0.0,0.0,0.0,0.0,0.0
5846,0.0,99.67388864010564,0.0,0.0,0.0,0.0,0.0,0.0,0.0,0.0,0.0,0.0,0.0,385.8257485985756,0.0,0.0,5690.001527816056,0.0,447.2209904193877,0.0,0.0,2148.0964844673867,0.0,0.0,0.0,0.0,0.0,0.0,0.0,6711.602809339762,0.0,0.0,0.0,0.0,0.0,0.0,0.0
5847,0.0,83.77379993498326,0.0,0.0,0.0,0.0,0.0,0.0,0.0,0.0,0.0,0.0,0.0,395.4027807831764,0.0,0.0,5571.599927023051,0.0,446.34357563853246,0.0,0.0,2050.217285084724,0.0,0.0,0.0,0.0,0.0,0.0,0.0,5799.718212497232,0.0,0.0,0.0,0.0,0.0,0.0,0.0
5848,0.0,76.92551452964544,0.0,0.0,0.0,0.0,0.0,0.0,0.0,0.0,0.0,0.0,0.0,399.047027862072,0.0,0.0,5450.767870113253,0.0,442.81909582018847,0.0,0.0,1949.1249064207077,0.0,0.0,0.0,0.0,0.0,0.0,0.0,5083.959546217321,0.0,0.0,0.0,0.0,0.0,0.0,0.0
5849,0.0,74.78005131930107,0.0,0.0,0.0,0.0,0.0,0.0,0.0,0.0,0.0,0.0,0.0,405.8810783743858,0.0,0.0,5334.530693754554,0.0,440.8856472432613,0.0,0.0,1857.8295001834629,0.0,0.0,0.0,0.0,0.0,0.0,0.0,4470.061679860948,0.0,0.0,0.0,0.0,0.0,0.0,0.0
5850,0.0,72.80241152644157,0.0,0.0,0.0,0.0,0.0,0.0,0.0,0.0,0.0,0.0,0.0,418.499242413044,0.0,0.0,5205.743356093763,0.0,441.7982759952545,0.0,0.0,1795.29799772501,0.0,0.0,0.0,0.0,0.0,0.0,0.0,3978.69329561293,0.0,0.0,0.0,0.0,0.0,0.0,0.0
5851,0.0,80.48600542992348,0.0,0.0,0.0,0.0,0.0,0.0,0.0,0.0,0.0,0.0,0.0,446.51437501907344,0.0,0.0,5304.944781392813,0.0,437.61027366518965,0.0,0.0,1694.5266947820778,0.0,0.0,0.0,0.0,0.0,0.0,0.0,3870.9356816440823,0.0,0.0,0.0,0.0,0.0,0.0,0.0
5852,0.0,89.8832470759749,0.0,0.0,0.0,0.0,0.0,0.0,0.0,0.0,0.0,0.0,0.0,479.0052126169204,0.0,0.0,5353.530956551431,0.0,437.67714464068393,0.0,0.0,1616.8772337600585,0.0,0.0,0.0,0.0,0.0,0.0,0.0,3834.825063470005,0.0,0.0,0.0,0.0,0.0,0.0,0.0
5853,0.0,99.64026363641021,0.0,0.0,0.0,0.0,0.0,0.0,0.0,0.0,0.0,0.0,0.0,511.4346716284752,0.0,0.0,5376.792004555464,0.0,432.35524058341963,0.0,0.0,1546.2196847632524,0.0,0.0,0.0,0.0,0.0,0.0,0.0,3840.484298142789,0.0,0.0,0.0,0.0,0.0,0.0,0.0
5854,0.0,109.6507162123918,0.0,0.0,0.0,0.0,0.0,0.0,0.0,0.0,0.0,0.0,0.0,540.3433132529258,0.0,0.0,5371.531655862927,0.0,415.7801903605461,0.0,0.0,1469.9011514827605,0.0,0.0,0.0,0.0,0.0,0.0,0.0,3880.859773424266,0.0,0.0,0.0,0.0,0.0,0.0,0.0
5855,0.0,120.1665748983621,0.0,0.0,0.0,0.0,0.0,0.0,0.0,0.0,0.0,0.0,0.0,560.21970808506,0.0,0.0,5352.797424748538,0.0,378.9585295200347,0.0,0.0,1347.1818025365471,0.0,0.0,0.0,0.0,0.0,0.0,0.0,3929.365742787719,0.0,0.0,0.0,0.0,0.0,0.0,0.0
5856,0.0,150.42655319273473,0.0,0.0,0.0,0.0,0.0,0.0,0.0,0.0,0.0,0.0,0.0,568.9456447958945,0.0,0.0,5719.52443267405,0.0,342.3472039818762,0.0,0.0,1617.1309456452723,0.0,0.0,0.0,0.0,0.0,0.0,0.0,4679.87174834609,0.0,0.0,0.0,0.0,0.0,0.0,0.0
5857,0.0,181.87353479862205,0.0,0.0,0.0,0.0,0.0,0.0,0.0,0.0,0.0,0.0,0.0,567.0685988545417,0.0,0.0,6068.514050424097,0.0,288.1966234505176,0.0,0.0,1614.9133887201538,0.0,0.0,0.0,0.0,0.0,0.0,0.0,5442.8324095338585,0.0,0.0,0.0,0.0,0.0,0.0,0.0
5858,0.0,211.5873908489942,0.0,0.0,0.0,0.0,0.0,0.0,0.0,0.0,0.0,0.0,0.0,558.2295444130897,0.0,0.0,6383.969285577535,0.0,228.2750569850206,0.0,0.0,1401.2560403153298,0.0,0.0,0.0,0.0,0.0,0.0,0.0,6181.424008446932,0.0,0.0,0.0,0.0,0.0,0.0,0.0
5859,0.0,238.73017559051507,0.0,0.0,0.0,0.0,0.0,0.0,0.0,0.0,0.0,0.0,0.0,546.5280240535736,0.0,0.0,6659.014152586458,0.0,169.0682481735944,0.0,0.0,1269.0490627594288,0.0,0.0,0.0,0.0,0.0,0.0,0.0,6893.924185037612,0.0,0.0,0.0,0.0,0.0,0.0,0.0
5860,0.0,269.2894823491573,0.0,0.0,0.0,0.0,0.0,0.0,0.0,0.0,0.0,0.0,0.0,533.1125660777092,0.0,0.0,6897.892712444067,0.0,116.01321341097338,0.0,0.0,1191.4241252012541,0.0,0.0,0.0,0.0,0.0,0.0,0.0,7575.437791717051,0.0,0.0,0.0,0.0,0.0,0.0,0.0
5861,0.0,290.90386478304856,0.0,0.0,0.0,0.0,0.0,0.0,0.0,0.0,0.0,0.0,0.0,513.7093109250068,0.0,0.0,7110.861186593769,0.0,67.87109821885818,0.0,0.0,973.9807021513571,0.0,0.0,0.0,0.0,0.0,0.0,0.0,8102.432956695557,0.0,0.0,0.0,0.0,0.0,0.0,0.0
5862,0.0,296.3510312139988,0.0,0.0,0.0,0.0,0.0,0.0,0.0,0.0,0.0,0.0,0.0,489.56605073213575,0.0,0.0,6968.761374622582,0.0,26.669523722305755,0.0,0.0,838.6428957112126,0.0,0.0,0.0,0.0,0.0,0.0,0.0,7983.001769965887,0.0,0.0,0.0,0.0,0.0,0.0,0.0
5863,0.0,299.3546965420246,0.0,0.0,0.0,0.0,0.0,0.0,0.0,0.0,0.0,0.0,0.0,457.82924166917803,0.0,0.0,6847.412033885717,0.0,14.708955220319314,0.0,0.0,728.3849481247358,0.0,0.0,0.0,0.0,0.0,0.0,0.0,7771.881579613686,0.0,0.0,0.0,0.0,0.0,0.0,0.0
5864,0.0,297.89764110445975,0.0,0.0,0.0,0.0,0.0,0.0,0.0,0.0,0.0,0.0,0.0,417.7563776969909,0.0,0.0,6757.096611291168,0.0,14.462164713628429,0.0,0.0,565.3568963460621,0.0,0.0,0.0,0.0,0.0,0.0,0.0,7464.58115914464,0.0,0.0,0.0,0.0,0.0,0.0,0.0
5865,0.0,290.14293249249454,0.0,0.0,0.0,0.0,0.0,0.0,0.0,0.0,0.0,0.0,0.0,378.97878571748726,0.0,0.0,6712.3550606668,0.0,14.55689859557893,0.0,0.0,470.8787759330124,0.0,0.0,0.0,0.0,0.0,0.0,0.0,7138.249799227715,0.0,0.0,0.0,0.0,0.0,0.0,0.0
5866,0.0,267.3022263944149,0.0,0.0,0.0,0.0,0.0,0.0,0.0,0.0,0.0,0.0,0.0,320.42345747351646,0.0,0.0,6581.082427024841,0.0,14.467869754880647,0.0,0.0,470.1921189453452,0.0,0.0,0.0,0.0,0.0,0.0,0.0,6775.754302495717,0.0,0.0,0.0,0.0,0.0,0.0,0.0
5867,0.0,247.27479824423784,0.0,0.0,0.0,0.0,0.0,0.0,0.0,0.0,0.0,0.0,0.0,261.0669570982455,0.0,0.0,6454.8955101668835,0.0,14.447381070442397,0.0,0.0,468.4813045833256,0.0,0.0,0.0,0.0,0.0,0.0,0.0,6428.524636495114,0.0,0.0,0.0,0.0,0.0,0.0,0.0
5868,0.0,223.08743669986717,0.0,0.0,0.0,0.0,0.0,0.0,0.0,0.0,0.0,0.0,0.0,201.78001762628546,0.0,0.0,6336.644427299498,0.0,14.638595823757178,0.0,0.0,468.07674311958164,0.0,0.0,0.0,0.0,0.0,0.0,0.0,6092.925872987508,0.0,0.0,0.0,0.0,0.0,0.0,0.0
5869,0.0,200.31141349375244,0.0,0.0,0.0,0.0,0.0,0.0,0.0,0.0,0.0,0.0,0.0,145.10897611379625,0.0,0.0,6226.608822837471,0.0,14.737386870942947,0.0,0.0,471.70606438927274,0.0,0.0,0.0,0.0,0.0,0.0,0.0,5760.426489695905,0.0,0.0,0.0,0.0,0.0,0.0,0.0
5870,0.0,181.5440322071313,0.0,0.0,0.0,0.0,0.0,0.0,0.0,0.0,0.0,0.0,0.0,90.68710223287333,0.0,0.0,6124.303694576024,0.0,15.257115295343084,0.0,0.0,471.2366746947163,0.0,0.0,0.0,0.0,0.0,0.0,0.0,5449.93158493936,0.0,0.0,0.0,0.0,0.0,0.0,0.0
5871,0.0,155.64300187826157,0.0,0.0,0.0,0.0,0.0,0.0,0.0,0.0,0.0,0.0,0.0,52.05129411518571,0.0,0.0,6006.141288936136,0.0,18.802193100750383,0.0,0.0,579.4715500485144,0.0,0.0,0.0,0.0,0.0,0.0,0.0,4317.698086684942,0.0,0.0,0.0,0.0,0.0,0.0,0.0
5872,0.0,139.6870187938213,0.0,0.0,0.0,0.0,0.0,0.0,0.0,0.0,0.0,0.0,0.0,26.201412754505764,0.0,0.0,5881.290364518761,0.0,21.10790048241603,0.0,0.0,661.7835346341126,0.0,0.0,0.0,0.0,0.0,0.0,0.0,3289.6820166200396,0.0,0.0,0.0,0.0,0.0,0.0,0.0
5873,0.0,126.26461029946805,0.0,0.0,0.0,0.0,0.0,0.0,0.0,0.0,0.0,0.0,0.0,23.675867750495673,0.0,0.0,5805.878550171851,0.0,22.43665359094736,0.0,0.0,722.8987313657994,0.0,0.0,0.0,0.0,0.0,0.0,0.0,2442.4193707168088,0.0,0.0,0.0,0.0,0.0,0.0,0.0
5874,0.0,110.96841094940895,0.0,0.0,0.0,0.0,0.0,0.0,0.0,0.0,0.0,0.0,0.0,23.98700595945111,0.0,0.0,5690.487696826457,0.0,31.374129162728764,0.0,0.0,776.6272185802459,0.0,0.0,0.0,0.0,0.0,0.0,0.0,2069.427711325884,0.0,0.0,0.0,0.0,0.0,0.0,0.0
5875,0.0,96.76595006436105,0.0,0.0,0.0,0.0,0.0,0.0,0.0,0.0,0.0,0.0,0.0,27.35094142854208,0.0,0.0,5774.379076585174,0.0,38.08567344844328,0.0,0.0,857.5580553062258,0.0,0.0,0.0,0.0,0.0,0.0,0.0,2166.6255188465116,0.0,0.0,0.0,0.0,0.0,0.0,0.0
5876,0.0,89.3163283914327,0.0,0.0,0.0,0.0,0.0,0.0,0.0,0.0,0.0,0.0,0.0,31.132909232377862,0.0,0.0,5837.517262563108,0.0,52.69197219908219,0.0,0.0,892.651056379079,0.0,0.0,0.0,0.0,0.0,0.0,0.0,2372.733399179576,0.0,0.0,0.0,0.0,0.0,0.0,0.0
5877,0.0,84.50774244368075,0.0,0.0,0.0,0.0,0.0,0.0,0.0,0.0,0.0,0.0,0.0,33.54249230995768,0.0,0.0,5904.326607972383,0.0,67.30710408389551,0.0,0.0,905.0762780606747,0.0,0.0,0.0,0.0,0.0,0.0,0.0,2592.52487501651,0.0,0.0,0.0,0.0,0.0,0.0,0.0
5878,0.0,78.87413750141852,0.0,0.0,0.0,0.0,0.0,0.0,0.0,0.0,0.0,0.0,0.0,37.741124992817575,0.0,0.0,5970.732238635421,0.0,78.83912385553118,0.0,0.0,911.1646064087743,0.0,0.0,0.0,0.0,0.0,0.0,0.0,2795.952303144334,0.0,0.0,0.0,0.0,0.0,0.0,0.0
5879,0.0,69.34931863546366,0.0,0.0,0.0,0.0,0.0,0.0,0.0,0.0,0.0,0.0,0.0,45.81117894053445,0.0,0.0,6031.676441103218,0.0,82.73428407460443,0.0,0.0,926.4180495411156,0.0,0.0,0.0,0.0,0.0,0.0,0.0,2924.942714703081,0.0,0.0,0.0,0.0,0.0,0.0,0.0
5880,0.0,92.87932328134772,0.0,0.0,0.0,0.0,0.0,0.0,0.0,0.0,0.0,0.0,0.0,61.7163310423492,0.0,0.0,6410.038834720848,0.0,98.20040544122458,0.0,0.0,1187.9271852225065,0.0,0.0,0.0,0.0,0.0,0.0,0.0,3634.26214827895,0.0,0.0,0.0,0.0,0.0,0.0,0.0
5881,0.0,111.00787859559054,0.0,0.0,0.0,0.0,0.0,0.0,0.0,0.0,0.0,0.0,0.0,80.94309473782766,0.0,0.0,6746.080410450697,0.0,103.84543769955631,0.0,0.0,1340.39697753936,0.0,0.0,0.0,0.0,0.0,0.0,0.0,4261.425405353307,0.0,0.0,0.0,0.0,0.0,0.0,0.0
5882,0.0,125.94914968907827,0.0,0.0,0.0,0.0,0.0,0.0,0.0,0.0,0.0,0.0,0.0,100.11302495598783,0.0,0.0,7043.1358987689,0.0,104.02478292882442,0.0,0.0,1373.040129987895,0.0,0.0,0.0,0.0,0.0,0.0,0.0,4822.120679986475,0.0,0.0,0.0,0.0,0.0,0.0,0.0
5883,0.0,139.90247412621972,0.0,0.0,0.0,0.0,0.0,0.0,0.0,0.0,0.0,0.0,0.0,116.48032665252681,0.0,0.0,7315.360207647085,0.0,102.6772557049988,0.0,0.0,1295.9958838328719,0.0,0.0,0.0,0.0,0.0,0.0,0.0,5329.872639015316,0.0,0.0,0.0,0.0,0.0,0.0,0.0
5884,0.0,157.32054868340487,0.0,0.0,0.0,0.0,0.0,0.0,0.0,0.0,0.0,0.0,0.0,127.23413294553744,0.0,0.0,7535.32484832406,0.0,97.90597010552881,0.0,0.0,1221.7370187565682,0.0,0.0,0.0,0.0,0.0,0.0,0.0,5817.001479026674,0.0,0.0,0.0,0.0,0.0,0.0,0.0
5885,0.0,172.92071273624887,0.0,0.0,0.0,0.0,0.0,0.0,0.0,0.0,0.0,0.0,0.0,133.46695128679272,0.0,0.0,7698.682303041218,0.0,79.90240497142072,0.0,0.0,834.3473536737257,0.0,0.0,0.0,0.0,0.0,0.0,0.0,6181.620002388953,0.0,0.0,0.0,0.0,0.0,0.0,0.0
5886,0.0,152.63933655023573,0.0,0.0,0.0,0.0,0.0,0.0,0.0,0.0,0.0,0.0,0.0,139.2940387904643,0.0,0.0,7450.530749946833,0.0,56.994256907701455,0.0,0.0,584.2375035915514,0.0,0.0,0.0,0.0,0.0,0.0,0.0,5968.781068113446,0.0,0.0,0.0,0.0,0.0,0.0,0.0
5887,0.0,127.02592134475708,0.0,0.0,0.0,0.0,0.0,0.0,0.0,0.0,0.0,0.0,0.0,136.40516528487203,0.0,0.0,7224.947551250458,0.0,37.23017847537988,0.0,0.0,393.54630338810347,0.0,0.0,0.0,0.0,0.0,0.0,0.0,5729.815635108946,0.0,0.0,0.0,0.0,0.0,0.0,0.0
5888,0.0,102.155040769279,0.0,0.0,0.0,0.0,0.0,0.0,0.0,0.0,0.0,0.0,0.0,127.365206938982,0.0,0.0,7011.229210019112,0.0,17.58834298737337,0.0,0.0,187.2114039424799,0.0,0.0,0.0,0.0,0.0,0.0,0.0,5436.968502220509,0.0,0.0,0.0,0.0,0.0,0.0,0.0
5889,0.0,83.00914322286839,0.0,0.0,0.0,0.0,0.0,0.0,0.0,0.0,0.0,0.0,0.0,118.19237000644198,0.0,0.0,6829.191197246311,0.0,14.72489950917654,0.0,0.0,110.72848208779408,0.0,0.0,0.0,0.0,0.0,0.0,0.0,5185.783100059628,0.0,0.0,0.0,0.0,0.0,0.0,0.0
5890,0.0,72.70309361815447,0.0,0.0,0.0,0.0,0.0,0.0,0.0,0.0,0.0,0.0,0.0,90.21392332315439,0.0,0.0,6683.069017350672,0.0,14.319076461903737,0.0,0.0,197.95941749028808,0.0,0.0,0.0,0.0,0.0,0.0,0.0,4939.489590975642,0.0,0.0,0.0,0.0,0.0,0.0,0.0
5891,0.0,63.57239710986606,0.0,0.0,0.0,0.0,0.0,0.0,0.0,0.0,0.0,0.0,0.0,63.03589218705886,0.0,0.0,6547.595883458853,0.0,14.303128467872682,0.0,0.0,236.14226147308912,0.0,0.0,0.0,0.0,0.0,0.0,0.0,4708.415626230836,0.0,0.0,0.0,0.0,0.0,0.0,0.0
5892,0.0,55.67256932258599,0.0,0.0,0.0,0.0,0.0,0.0,0.0,0.0,0.0,0.0,0.0,38.000989216565976,0.0,0.0,6426.655313625932,0.0,14.262372483126668,0.0,0.0,248.23815725594724,0.0,0.0,0.0,0.0,0.0,0.0,0.0,4489.825969335436,0.0,0.0,0.0,0.0,0.0,0.0,0.0
5893,0.0,49.430628164112534,0.0,0.0,0.0,0.0,0.0,0.0,0.0,0.0,0.0,0.0,0.0,24.085445958375868,0.0,0.0,6317.825019374489,0.0,14.153189349919506,0.0,0.0,249.19048510193792,0.0,0.0,0.0,0.0,0.0,0.0,0.0,4289.55487538278,0.0,0.0,0.0,0.0,0.0,0.0,0.0
5894,0.0,44.71363072246312,0.0,0.0,0.0,0.0,0.0,0.0,0.0,0.0,0.0,0.0,0.0,23.451358421891907,0.0,0.0,6218.08180733025,0.0,13.974122934974671,0.0,0.0,246.91158167235503,0.0,0.0,0.0,0.0,0.0,0.0,0.0,4112.365865033865,0.0,0.0,0.0,0.0,0.0,0.0,0.0
5895,0.0,34.150525890290695,0.0,0.0,0.0,0.0,0.0,0.0,0.0,0.0,0.0,0.0,0.0,23.62925376296037,0.0,0.0,5995.992413610219,0.0,14.03257112428534,0.0,0.0,284.7516269892448,0.0,0.0,0.0,0.0,0.0,0.0,0.0,3416.8647275954486,0.0,0.0,0.0,0.0,0.0,0.0,0.0
5896,0.0,26.656507499143473,0.0,0.0,0.0,0.0,0.0,0.0,0.0,0.0,0.0,0.0,0.0,23.896434435248352,0.0,0.0,5795.558154419063,0.0,14.079134968854422,0.0,0.0,308.56364546902387,0.0,0.0,0.0,0.0,0.0,0.0,0.0,2825.402200995385,0.0,0.0,0.0,0.0,0.0,0.0,0.0
5897,0.0,22.261814555525714,0.0,0.0,0.0,0.0,0.0,0.0,0.0,0.0,0.0,0.0,0.0,23.465066605061214,0.0,0.0,5621.289900302886,0.0,14.062046707607648,0.0,0.0,307.42875405885263,0.0,0.0,0.0,0.0,0.0,0.0,0.0,2334.2697688639146,0.0,0.0,0.0,0.0,0.0,0.0,0.0
5898,0.0,21.594368051737455,0.0,0.0,0.0,0.0,0.0,0.0,0.0,0.0,0.0,0.0,0.0,23.51670487150538,0.0,0.0,5459.5951436012965,0.0,14.532331441156481,0.0,0.0,322.2128453414881,0.0,0.0,0.0,0.0,0.0,0.0,0.0,2041.6124825060358,0.0,0.0,0.0,0.0,0.0,0.0,0.0
5899,0.0,29.03313734941178,0.0,0.0,0.0,0.0,0.0,0.0,0.0,0.0,0.0,0.0,0.0,23.48107536435126,0.0,0.0,5650.1010537296515,0.0,14.67357359006998,0.0,0.0,357.9400504376735,0.0,0.0,0.0,0.0,0.0,0.0,0.0,2107.4273928821067,0.0,0.0,0.0,0.0,0.0,0.0,0.0
5900,0.0,32.65891259014603,0.0,0.0,0.0,0.0,0.0,0.0,0.0,0.0,0.0,0.0,0.0,23.487273749709114,0.0,0.0,5828.764275699854,0.0,15.339306237921098,0.0,0.0,381.16191630139883,0.0,0.0,0.0,0.0,0.0,0.0,0.0,2166.6537246167654,0.0,0.0,0.0,0.0,0.0,0.0,0.0
5901,0.0,35.37592020258305,0.0,0.0,0.0,0.0,0.0,0.0,0.0,0.0,0.0,0.0,0.0,23.4266321323812,0.0,0.0,5987.429616063831,0.0,15.170260465331356,0.0,0.0,399.3423559471957,0.0,0.0,0.0,0.0,0.0,0.0,0.0,2229.4271127671,0.0,0.0,0.0,0.0,0.0,0.0,0.0
5902,0.0,35.455371022224355,0.0,0.0,0.0,0.0,0.0,0.0,0.0,0.0,0.0,0.0,0.0,23.387644232436898,0.0,0.0,6134.746215984223,0.0,14.98359103389066,0.0,0.0,414.4700784824783,0.0,0.0,0.0,0.0,0.0,0.0,0.0,2305.21565582752,0.0,0.0,0.0,0.0,0.0,0.0,0.0
5903,0.0,33.72352201044557,0.0,0.0,0.0,0.0,0.0,0.0,0.0,0.0,0.0,0.0,0.0,23.34683072306212,0.0,0.0,6276.403419688342,0.0,14.745257586240598,0.0,0.0,427.82401282265755,0.0,0.0,0.0,0.0,0.0,0.0,0.0,2389.441340318322,0.0,0.0,0.0,0.0,0.0,0.0,0.0
5904,0.0,50.56490039974444,0.0,0.0,0.0,0.0,0.0,0.0,0.0,0.0,0.0,0.0,0.0,23.57332258224473,0.0,0.0,6705.039189398289,0.0,20.07777696624394,0.0,0.0,766.0149923600255,0.0,0.0,0.0,0.0,0.0,0.0,0.0,3027.693623645603,0.0,0.0,0.0,0.0,0.0,0.0,0.0
5905,0.0,66.33336482048027,0.0,0.0,0.0,0.0,0.0,0.0,0.0,0.0,0.0,0.0,0.0,23.628645693510684,0.0,0.0,7082.8796319663525,0.0,23.13317808508854,0.0,0.0,960.8324167348437,0.0,0.0,0.0,0.0,0.0,0.0,0.0,3613.933381786942,0.0,0.0,0.0,0.0,0.0,0.0,0.0
5906,0.0,83.79002326279871,0.0,0.0,0.0,0.0,0.0,0.0,0.0,0.0,0.0,0.0,0.0,23.77101520746941,0.0,0.0,7401.699934542177,0.0,26.39651540629549,0.0,0.0,1041.1923260293893,0.0,0.0,0.0,0.0,0.0,0.0,0.0,4160.957536545395,0.0,0.0,0.0,0.0,0.0,0.0,0.0
5907,0.0,105.02395357936615,0.0,0.0,0.0,0.0,0.0,0.0,0.0,0.0,0.0,0.0,0.0,24.10108763426535,0.0,0.0,7651.819499790667,0.0,31.774584339558892,0.0,0.0,1029.0902993805703,0.0,0.0,0.0,0.0,0.0,0.0,0.0,4658.2444315850735,0.0,0.0,0.0,0.0,0.0,0.0,0.0
5908,0.0,133.36056623160835,0.0,0.0,0.0,0.0,0.0,0.0,0.0,0.0,0.0,0.0,0.0,25.72687199339269,0.0,0.0,7850.265133261679,0.0,35.980608634650515,0.0,0.0,993.0725972034031,0.0,0.0,0.0,0.0,0.0,0.0,0.0,5164.916977483033,0.0,0.0,0.0,0.0,0.0,0.0,0.0
5909,0.0,162.4924165338278,0.0,0.0,0.0,0.0,0.0,0.0,0.0,0.0,0.0,0.0,0.0,26.89100554287424,0.0,0.0,8016.123441368341,0.0,36.0705924838781,0.0,0.0,956.8785380177194,0.0,0.0,0.0,0.0,0.0,0.0,0.0,5640.615609905124,0.0,0.0,0.0,0.0,0.0,0.0,0.0
5910,0.0,159.40141316950317,0.0,0.0,0.0,0.0,0.0,0.0,0.0,0.0,0.0,0.0,0.0,28.262838242947947,0.0,0.0,7763.356005221605,0.0,27.24982432685778,0.0,0.0,809.3535540126259,0.0,0.0,0.0,0.0,0.0,0.0,0.0,5466.787063953279,0.0,0.0,0.0,0.0,0.0,0.0,0.0
5911,0.0,154.31235232651224,0.0,0.0,0.0,0.0,0.0,0.0,0.0,0.0,0.0,0.0,0.0,27.44407132789488,0.0,0.0,7558.216796815395,0.0,22.84464323855925,0.0,0.0,679.3207631818948,0.0,0.0,0.0,0.0,0.0,0.0,0.0,5263.999509036541,0.0,0.0,0.0,0.0,0.0,0.0,0.0
5912,0.0,144.29818935692302,0.0,0.0,0.0,0.0,0.0,0.0,0.0,0.0,0.0,0.0,0.0,27.809027886390652,0.0,0.0,7392.875772535801,0.0,17.097894698381275,0.0,0.0,550.4174519475549,0.0,0.0,0.0,0.0,0.0,0.0,0.0,4993.965781709551,0.0,0.0,0.0,0.0,0.0,0.0,0.0
5913,0.0,136.8509875059127,0.0,0.0,0.0,0.0,0.0,0.0,0.0,0.0,0.0,0.0,0.0,28.071063786745068,0.0,0.0,7264.163110435007,0.0,14.674414664506733,0.0,0.0,417.02865536548126,0.0,0.0,0.0,0.0,0.0,0.0,0.0,4707.753152242301,0.0,0.0,0.0,0.0,0.0,0.0,0.0
5914,0.0,123.69024242162699,0.0,0.0,0.0,0.0,0.0,0.0,0.0,0.0,0.0,0.0,0.0,23.87367526441803,0.0,0.0,6914.806726783514,0.0,14.106513423844996,0.0,0.0,354.2963859692213,0.0,0.0,0.0,0.0,0.0,0.0,0.0,4407.177276691793,0.0,0.0,0.0,0.0,0.0,0.0,0.0
5915,0.0,112.63700792044395,0.0,0.0,0.0,0.0,0.0,0.0,0.0,0.0,0.0,0.0,0.0,23.753204657137356,0.0,0.0,6619.415103286503,0.0,14.14788354113693,0.0,0.0,320.23450572341613,0.0,0.0,0.0,0.0,0.0,0.0,0.0,4124.88524928987,0.0,0.0,0.0,0.0,0.0,0.0,0.0
5916,0.0,102.56034340560431,0.0,0.0,0.0,0.0,0.0,0.0,0.0,0.0,0.0,0.0,0.0,23.81778331398964,0.0,0.0,6385.14892606437,0.0,14.481937373243166,0.0,0.0,301.69336679689576,0.0,0.0,0.0,0.0,0.0,0.0,0.0,3861.3486126571893,0.0,0.0,0.0,0.0,0.0,0.0,0.0
5917,0.0,93.77538684457538,0.0,0.0,0.0,0.0,0.0,0.0,0.0,0.0,0.0,0.0,0.0,24.174039155244788,0.0,0.0,6194.218687623739,0.0,14.896956661715954,0.0,0.0,294.3234225489195,0.0,0.0,0.0,0.0,0.0,0.0,0.0,3602.0218680411576,0.0,0.0,0.0,0.0,0.0,0.0,0.0
5918,0.0,86.58286949694157,0.0,0.0,0.0,0.0,0.0,0.0,0.0,0.0,0.0,0.0,0.0,25.705665221065242,0.0,0.0,6003.85707245767,0.0,15.152513609453875,0.0,0.0,291.02210260815906,0.0,0.0,0.0,0.0,0.0,0.0,0.0,3378.042739352584,0.0,0.0,0.0,0.0,0.0,0.0,0.0
5919,0.0,77.68650293201202,0.0,0.0,0.0,0.0,0.0,0.0,0.0,0.0,0.0,0.0,0.0,33.498994328081565,0.0,0.0,5863.902627095578,0.0,16.915296326577515,0.0,0.0,318.177562348544,0.0,0.0,0.0,0.0,0.0,0.0,0.0,2949.892526555059,0.0,0.0,0.0,0.0,0.0,0.0,0.0
5920,0.0,69.00965279191729,0.0,0.0,0.0,0.0,0.0,0.0,0.0,0.0,0.0,0.0,0.0,39.38459660708897,0.0,0.0,5718.268560886381,0.0,16.920817035436574,0.0,0.0,334.49331046566306,0.0,0.0,0.0,0.0,0.0,0.0,0.0,2578.509861712156,0.0,0.0,0.0,0.0,0.0,0.0,0.0
5921,0.0,64.19910293072459,0.0,0.0,0.0,0.0,0.0,0.0,0.0,0.0,0.0,0.0,0.0,40.83965355902908,0.0,0.0,5573.286739021538,0.0,14.862605996057283,0.0,0.0,282.8640393253408,0.0,0.0,0.0,0.0,0.0,0.0,0.0,2254.4948102742424,0.0,0.0,0.0,0.0,0.0,0.0,0.0
5922,0.0,61.58483955413095,0.0,0.0,0.0,0.0,0.0,0.0,0.0,0.0,0.0,0.0,0.0,38.56818350926033,0.0,0.0,5442.15334418416,0.0,14.761339892819478,0.0,0.0,256.73027704395355,0.0,0.0,0.0,0.0,0.0,0.0,0.0,1989.2511821225285,0.0,0.0,0.0,0.0,0.0,0.0,0.0
5923,0.0,67.1696061775088,0.0,0.0,0.0,0.0,0.0,0.0,0.0,0.0,0.0,0.0,0.0,40.292814180999926,0.0,0.0,5582.737475648521,0.0,14.583724053390222,0.0,0.0,246.27215505950116,0.0,0.0,0.0,0.0,0.0,0.0,0.0,2029.3711782157418,0.0,0.0,0.0,0.0,0.0,0.0,0.0
5924,0.0,73.85076254904267,0.0,0.0,0.0,0.0,0.0,0.0,0.0,0.0,0.0,0.0,0.0,39.34964522346841,0.0,0.0,5694.511620491741,0.0,14.800277563556847,0.0,0.0,230.32838398888686,0.0,0.0,0.0,0.0,0.0,0.0,0.0,2065.9189858287573,0.0,0.0,0.0,0.0,0.0,0.0,0.0
5925,0.0,79.31782763153306,0.0,0.0,0.0,0.0,0.0,0.0,0.0,0.0,0.0,0.0,0.0,43.178372727334406,0.0,0.0,5787.64799015224,0.0,14.508053290285156,0.0,0.0,240.40249426402062,0.0,0.0,0.0,0.0,0.0,0.0,0.0,2092.334051284192,0.0,0.0,0.0,0.0,0.0,0.0,0.0
5926,0.0,84.39866809397931,0.0,0.0,0.0,0.0,0.0,0.0,0.0,0.0,0.0,0.0,0.0,50.35205104351032,0.0,0.0,5855.654089197515,0.0,14.489413487538668,0.0,0.0,307.861888385564,0.0,0.0,0.0,0.0,0.0,0.0,0.0,2138.604532548784,0.0,0.0,0.0,0.0,0.0,0.0,0.0
5927,0.0,88.66104061603541,0.0,0.0,0.0,0.0,0.0,0.0,0.0,0.0,0.0,0.0,0.0,62.02367792427533,0.0,0.0,5896.566183760762,0.0,14.62095827050495,0.0,0.0,345.557177145034,0.0,0.0,0.0,0.0,0.0,0.0,0.0,2221.072057360409,0.0,0.0,0.0,0.0,0.0,0.0,0.0
5928,0.0,105.07641812413925,0.0,0.0,0.0,0.0,0.0,0.0,0.0,0.0,0.0,0.0,0.0,80.29994780719267,0.0,0.0,6406.621261045336,0.0,21.065919011458753,0.0,0.0,682.9670389451082,0.0,0.0,0.0,0.0,0.0,0.0,0.0,2621.79884841591,0.0,0.0,0.0,0.0,0.0,0.0,0.0
5929,0.0,121.63812121152873,0.0,0.0,0.0,0.0,0.0,0.0,0.0,0.0,0.0,0.0,0.0,100.09648098349571,0.0,0.0,6866.736668646336,0.0,29.032863228768086,0.0,0.0,978.5545552276075,0.0,0.0,0.0,0.0,0.0,0.0,0.0,2984.87581795007,0.0,0.0,0.0,0.0,0.0,0.0,0.0
5930,0.0,137.74556410610677,0.0,0.0,0.0,0.0,0.0,0.0,0.0,0.0,0.0,0.0,0.0,118.87371042370786,0.0,0.0,7289.716931492088,0.0,35.16846419423806,0.0,0.0,1294.7716785728926,0.0,0.0,0.0,0.0,0.0,0.0,0.0,3315.5206718474624,0.0,0.0,0.0,0.0,0.0,0.0,0.0
5931,0.0,153.35960180461404,0.0,0.0,0.0,0.0,0.0,0.0,0.0,0.0,0.0,0.0,0.0,135.14049291610715,0.0,0.0,7640.074434369801,0.0,36.64297513216731,0.0,0.0,1553.8103023409842,0.0,0.0,0.0,0.0,0.0,0.0,0.0,3616.9622475773094,0.0,0.0,0.0,0.0,0.0,0.0,0.0
5932,0.0,168.4826611429453,0.0,0.0,0.0,0.0,0.0,0.0,0.0,0.0,0.0,0.0,0.0,147.27197722196567,0.0,0.0,7934.247134923935,0.0,30.171333435177683,0.0,0.0,1758.8394787162538,0.0,0.0,0.0,0.0,0.0,0.0,0.0,3905.7745088696465,0.0,0.0,0.0,0.0,0.0,0.0,0.0
5933,0.0,181.9471394687891,0.0,0.0,0.0,0.0,0.0,0.0,0.0,0.0,0.0,0.0,0.0,149.37498961687086,0.0,0.0,8170.851979553698,0.0,18.973425852134692,0.0,0.0,1832.0713858991853,0.0,0.0,0.0,0.0,0.0,0.0,0.0,4164.754467156528,0.0,0.0,0.0,0.0,0.0,0.0,0.0
5934,0.0,190.04143677055836,0.0,0.0,0.0,0.0,0.0,0.0,0.0,0.0,0.0,0.0,0.0,149.830352371931,0.0,0.0,7879.453942775726,0.0,15.175843235850307,0.0,0.0,1523.9852289229623,0.0,0.0,0.0,0.0,0.0,0.0,0.0,4222.445754086971,0.0,0.0,0.0,0.0,0.0,0.0,0.0
5935,0.0,202.44099706113332,0.0,0.0,0.0,0.0,0.0,0.0,0.0,0.0,0.0,0.0,0.0,150.29421128630636,0.0,0.0,7641.290245831013,0.0,14.5829376302659,0.0,0.0,1223.3813775591543,0.0,0.0,0.0,0.0,0.0,0.0,0.0,4239.4118865072705,0.0,0.0,0.0,0.0,0.0,0.0,0.0
5936,0.0,213.17529903352258,0.0,0.0,0.0,0.0,0.0,0.0,0.0,0.0,0.0,0.0,0.0,147.38357057571406,0.0,0.0,7452.274735420942,0.0,14.56681086160223,0.0,0.0,952.4803607426583,0.0,0.0,0.0,0.0,0.0,0.0,0.0,4115.744048440456,0.0,0.0,0.0,0.0,0.0,0.0,0.0
5937,0.0,218.88367998003955,0.0,0.0,0.0,0.0,0.0,0.0,0.0,0.0,0.0,0.0,0.0,145.28347243070598,0.0,0.0,7348.112441539764,0.0,14.387618470750692,0.0,0.0,686.3386367753147,0.0,0.0,0.0,0.0,0.0,0.0,0.0,3948.5594078332183,0.0,0.0,0.0,0.0,0.0,0.0,0.0
5938,0.0,215.01474244594564,0.0,0.0,0.0,0.0,0.0,0.0,0.0,0.0,0.0,0.0,0.0,129.46315302252765,0.0,0.0,7418.972547143698,0.0,14.030989015102309,0.0,0.0,476.5255305524915,0.0,0.0,0.0,0.0,0.0,0.0,0.0,3646.66870945394,0.0,0.0,0.0,0.0,0.0,0.0,0.0
5939,0.0,212.43019027411938,0.0,0.0,0.0,0.0,0.0,0.0,0.0,0.0,0.0,0.0,0.0,118.65214897096146,0.0,0.0,7472.560040146111,0.0,13.959259630553246,0.0,0.0,330.4376290976992,0.0,0.0,0.0,0.0,0.0,0.0,0.0,3375.787362569569,0.0,0.0,0.0,0.0,0.0,0.0,0.0
5940,0.0,209.9587735444307,0.0,0.0,0.0,0.0,0.0,0.0,0.0,0.0,0.0,0.0,0.0,113.56461963057514,0.0,0.0,7505.6988756358605,0.0,13.976651716045877,0.0,0.0,254.17302473075657,0.0,0.0,0.0,0.0,0.0,0.0,0.0,3136.534447675943,0.0,0.0,0.0,0.0,0.0,0.0,0.0
5941,0.0,207.59708346426487,0.0,0.0,0.0,0.0,0.0,0.0,0.0,0.0,0.0,0.0,0.0,110.6732241779565,0.0,0.0,7526.319442510603,0.0,13.999515416845489,0.0,0.0,215.6711486488579,0.0,0.0,0.0,0.0,0.0,0.0,0.0,2957.600657308101,0.0,0.0,0.0,0.0,0.0,0.0,0.0
5942,0.0,205.21022723615167,0.0,0.0,0.0,0.0,0.0,0.0,0.0,0.0,0.0,0.0,0.0,107.22942144870758,0.0,0.0,7503.342706143856,0.0,13.98774871136988,0.0,0.0,204.1794080771499,0.0,0.0,0.0,0.0,0.0,0.0,0.0,2862.8733859717845,0.0,0.0,0.0,0.0,0.0,0.0,0.0
5943,0.0,183.96231105029574,0.0,0.0,0.0,0.0,0.0,0.0,0.0,0.0,0.0,0.0,0.0,107.75553322434423,0.0,0.0,7373.341890633106,0.0,14.13132234085341,0.0,0.0,247.56043165326037,0.0,0.0,0.0,0.0,0.0,0.0,0.0,2769.496013870833,0.0,0.0,0.0,0.0,0.0,0.0,0.0
5944,0.0,166.26610426604745,0.0,0.0,0.0,0.0,0.0,0.0,0.0,0.0,0.0,0.0,0.0,100.81053946018213,0.0,0.0,7205.317991286516,0.0,14.22414064798497,0.0,0.0,276.19925819747107,0.0,0.0,0.0,0.0,0.0,0.0,0.0,2639.4753684729335,0.0,0.0,0.0,0.0,0.0,0.0,0.0
5945,0.0,150.44473342001436,0.0,0.0,0.0,0.0,0.0,0.0,0.0,0.0,0.0,0.0,0.0,82.46157585531468,0.0,0.0,7035.987269639967,0.0,14.305554430372839,0.0,0.0,294.06441238447957,0.0,0.0,0.0,0.0,0.0,0.0,0.0,2552.7343078553677,0.0,0.0,0.0,0.0,0.0,0.0,0.0
5946,0.0,137.81463774740695,0.0,0.0,0.0,0.0,0.0,0.0,0.0,0.0,0.0,0.0,0.0,64.25830793231718,0.0,0.0,6837.358058750628,0.0,14.626910632103682,0.0,0.0,315.4372544880952,0.0,0.0,0.0,0.0,0.0,0.0,0.0,2522.753020524977,0.0,0.0,0.0,0.0,0.0,0.0,0.0
5947,0.0,141.62353564202786,0.0,0.0,0.0,0.0,0.0,0.0,0.0,0.0,0.0,0.0,0.0,59.928164118528294,0.0,0.0,6994.0118262171745,0.0,14.170209991745642,0.0,0.0,340.3524503923949,0.0,0.0,0.0,0.0,0.0,0.0,0.0,2647.2811345845457,0.0,0.0,0.0,0.0,0.0,0.0,0.0
5948,0.0,146.4752715736627,0.0,0.0,0.0,0.0,0.0,0.0,0.0,0.0,0.0,0.0,0.0,54.029946500062806,0.0,0.0,7064.6385706961155,0.0,14.102056099846834,0.0,0.0,354.3567485075436,0.0,0.0,0.0,0.0,0.0,0.0,0.0,2836.6230349823827,0.0,0.0,0.0,0.0,0.0,0.0,0.0
5949,0.0,152.49696685373775,0.0,0.0,0.0,0.0,0.0,0.0,0.0,0.0,0.0,0.0,0.0,45.58896178156125,0.0,0.0,7067.36578437686,0.0,14.055245861224698,0.0,0.0,362.7660259153693,0.0,0.0,0.0,0.0,0.0,0.0,0.0,3032.278326955437,0.0,0.0,0.0,0.0,0.0,0.0,0.0
5950,0.0,157.65667246878144,0.0,0.0,0.0,0.0,0.0,0.0,0.0,0.0,0.0,0.0,0.0,41.57625543996691,0.0,0.0,7067.212543904781,0.0,14.183060460537622,0.0,0.0,357.96230321042196,0.0,0.0,0.0,0.0,0.0,0.0,0.0,3163.440582823752,0.0,0.0,0.0,0.0,0.0,0.0,0.0
5951,0.0,158.59177582561966,0.0,0.0,0.0,0.0,0.0,0.0,0.0,0.0,0.0,0.0,0.0,47.42513536810867,0.0,0.0,7071.2496913671475,0.0,14.642382511310277,0.0,0.0,349.02024598158835,0.0,0.0,0.0,0.0,0.0,0.0,0.0,3167.283438214658,0.0,0.0,0.0,0.0,0.0,0.0,0.0
5952,0.0,185.52836368381972,0.0,0.0,0.0,0.0,0.0,0.0,0.0,0.0,0.0,0.0,0.0,60.66244861036536,0.0,0.0,7457.78439158201,0.0,30.286288302764245,0.0,0.0,860.566569630056,0.0,0.0,0.0,0.0,0.0,0.0,0.0,3609.6894982010112,0.0,0.0,0.0,0.0,0.0,0.0,0.0
5953,0.0,209.94084582030766,0.0,0.0,0.0,0.0,0.0,0.0,0.0,0.0,0.0,0.0,0.0,82.85041525214908,0.0,0.0,7759.263628959654,0.0,59.83586579710242,0.0,0.0,1379.6997642159463,0.0,0.0,0.0,0.0,0.0,0.0,0.0,3957.586339151858,0.0,0.0,0.0,0.0,0.0,0.0,0.0
5954,0.0,230.11270577609534,0.0,0.0,0.0,0.0,0.0,0.0,0.0,0.0,0.0,0.0,0.0,107.50022251605975,0.0,0.0,7995.047042429447,0.0,98.77308450341218,0.0,0.0,1884.6068520113824,0.0,0.0,0.0,0.0,0.0,0.0,0.0,4252.313856723904,0.0,0.0,0.0,0.0,0.0,0.0,0.0
5955,0.0,246.7161209821701,0.0,0.0,0.0,0.0,0.0,0.0,0.0,0.0,0.0,0.0,0.0,127.83841387033456,0.0,0.0,8182.319345235823,0.0,144.48001872301094,0.0,0.0,2390.200294035673,0.0,0.0,0.0,0.0,0.0,0.0,0.0,4525.767352887987,0.0,0.0,0.0,0.0,0.0,0.0,0.0
5956,0.0,268.4837167203426,0.0,0.0,0.0,0.0,0.0,0.0,0.0,0.0,0.0,0.0,0.0,145.6421717584132,0.0,0.0,8350.623277932404,0.0,189.55882225036618,0.0,0.0,2897.1329896688458,0.0,0.0,0.0,0.0,0.0,0.0,0.0,4762.295156440138,0.0,0.0,0.0,0.0,0.0,0.0,0.0
5957,0.0,286.79373062252995,0.0,0.0,0.0,0.0,0.0,0.0,0.0,0.0,0.0,0.0,0.0,160.53190392255777,0.0,0.0,8509.512644976377,0.0,220.06240602433678,0.0,0.0,3165.6861118912693,0.0,0.0,0.0,0.0,0.0,0.0,0.0,4914.869569668172,0.0,0.0,0.0,0.0,0.0,0.0,0.0
5958,0.0,295.6542627811432,0.0,0.0,0.0,0.0,0.0,0.0,0.0,0.0,0.0,0.0,0.0,173.63289191722868,0.0,0.0,8212.706853061914,0.0,232.0218916893005,0.0,0.0,3034.5912431448696,0.0,0.0,0.0,0.0,0.0,0.0,0.0,4641.363639700413,0.0,0.0,0.0,0.0,0.0,0.0,0.0
5959,0.0,275.5790273666381,0.0,0.0,0.0,0.0,0.0,0.0,0.0,0.0,0.0,0.0,0.0,176.33733823895454,0.0,0.0,8060.96222579479,0.0,237.92026149630536,0.0,0.0,2891.4662529677153,0.0,0.0,0.0,0.0,0.0,0.0,0.0,4395.646902456879,0.0,0.0,0.0,0.0,0.0,0.0,0.0
5960,0.0,245.90148968696587,0.0,0.0,0.0,0.0,0.0,0.0,0.0,0.0,0.0,0.0,0.0,167.24714270830142,0.0,0.0,7906.208017885685,0.0,228.4121928751468,0.0,0.0,2637.418002712727,0.0,0.0,0.0,0.0,0.0,0.0,0.0,4205.05581188798,0.0,0.0,0.0,0.0,0.0,0.0,0.0
5961,0.0,211.85726061165323,0.0,0.0,0.0,0.0,0.0,0.0,0.0,0.0,0.0,0.0,0.0,161.0006498098372,0.0,0.0,7741.661977171898,0.0,219.01553141772743,0.0,0.0,2393.067117235064,0.0,0.0,0.0,0.0,0.0,0.0,0.0,4043.907567727566,0.0,0.0,0.0,0.0,0.0,0.0,0.0
5962,0.0,183.95911267697804,0.0,0.0,0.0,0.0,0.0,0.0,0.0,0.0,0.0,0.0,0.0,141.36979174017907,0.0,0.0,7529.17578268051,0.0,194.5941088885069,0.0,0.0,2151.476483854651,0.0,0.0,0.0,0.0,0.0,0.0,0.0,3975.860423764585,0.0,0.0,0.0,0.0,0.0,0.0,0.0
5963,0.0,157.34550441205502,0.0,0.0,0.0,0.0,0.0,0.0,0.0,0.0,0.0,0.0,0.0,123.09421679377546,0.0,0.0,7362.249458491802,0.0,171.63215429186806,0.0,0.0,1879.2333372205494,0.0,0.0,0.0,0.0,0.0,0.0,0.0,3910.2422305554137,0.0,0.0,0.0,0.0,0.0,0.0,0.0
5964,0.0,135.97707408070562,0.0,0.0,0.0,0.0,0.0,0.0,0.0,0.0,0.0,0.0,0.0,102.94243655502791,0.0,0.0,7224.58584150672,0.0,154.51094664037223,0.0,0.0,1615.0959522843357,0.0,0.0,0.0,0.0,0.0,0.0,0.0,3795.362297984956,0.0,0.0,0.0,0.0,0.0,0.0,0.0
5965,0.0,120.25722353160381,0.0,0.0,0.0,0.0,0.0,0.0,0.0,0.0,0.0,0.0,0.0,80.00422990322106,0.0,0.0,7108.806052953003,0.0,142.58488164246083,0.0,0.0,1377.5477545738215,0.0,0.0,0.0,0.0,0.0,0.0,0.0,3639.5029973596334,0.0,0.0,0.0,0.0,0.0,0.0,0.0
5966,0.0,115.01100051552052,0.0,0.0,0.0,0.0,0.0,0.0,0.0,0.0,0.0,0.0,0.0,54.60377911776304,0.0,0.0,6979.260291635988,0.0,134.97334324717514,0.0,0.0,1195.0479211226107,0.0,0.0,0.0,0.0,0.0,0.0,0.0,3394.5499855875955,0.0,0.0,0.0,0.0,0.0,0.0,0.0
5967,0.0,97.72704721838232,0.0,0.0,0.0,0.0,0.0,0.0,0.0,0.0,0.0,0.0,0.0,35.796361971646434,0.0,0.0,6854.807247936726,0.0,145.01806923151003,0.0,0.0,1157.3228863097725,0.0,0.0,0.0,0.0,0.0,0.0,0.0,2749.08335329294,0.0,0.0,0.0,0.0,0.0,0.0,0.0
5968,0.0,81.30623387843369,0.0,0.0,0.0,0.0,0.0,0.0,0.0,0.0,0.0,0.0,0.0,23.939122591912746,0.0,0.0,6679.97075948119,0.0,155.63644503355022,0.0,0.0,1145.6513070031992,0.0,0.0,0.0,0.0,0.0,0.0,0.0,2301.273357015846,0.0,0.0,0.0,0.0,0.0,0.0,0.0
5969,0.0,69.9061301797628,0.0,0.0,0.0,0.0,0.0,0.0,0.0,0.0,0.0,0.0,0.0,23.361187607049924,0.0,0.0,6479.659403815864,0.0,157.21170705556858,0.0,0.0,1141.706889498978,0.0,0.0,0.0,0.0,0.0,0.0,0.0,1974.6443900614975,0.0,0.0,0.0,0.0,0.0,0.0,0.0
5970,0.0,74.10783180445425,0.0,0.0,0.0,0.0,0.0,0.0,0.0,0.0,0.0,0.0,0.0,23.567000901699025,0.0,0.0,6271.898383170365,0.0,158.87033548653125,0.0,0.0,1145.1666658334427,0.0,0.0,0.0,0.0,0.0,0.0,0.0,1784.9723375067108,0.0,0.0,0.0,0.0,0.0,0.0,0.0
5971,0.0,85.46158013194793,0.0,0.0,0.0,0.0,0.0,0.0,0.0,0.0,0.0,0.0,0.0,24.511559732258174,0.0,0.0,6284.296470806003,0.0,152.50342423021792,0.0,0.0,1060.5468643516292,0.0,0.0,0.0,0.0,0.0,0.0,0.0,1908.7455855995393,0.0,0.0,0.0,0.0,0.0,0.0,0.0
5972,0.0,96.81054492741816,0.0,0.0,0.0,0.0,0.0,0.0,0.0,0.0,0.0,0.0,0.0,25.281137471646012,0.0,0.0,6254.939641281961,0.0,149.0043619036673,0.0,0.0,991.2903317615389,0.0,0.0,0.0,0.0,0.0,0.0,0.0,2027.424076037108,0.0,0.0,0.0,0.0,0.0,0.0,0.0
5973,0.0,109.08942975103851,0.0,0.0,0.0,0.0,0.0,0.0,0.0,0.0,0.0,0.0,0.0,26.249265298247202,0.0,0.0,6206.652946233749,0.0,146.4413746684789,0.0,0.0,922.4893754951656,0.0,0.0,0.0,0.0,0.0,0.0,0.0,2130.7125218704336,0.0,0.0,0.0,0.0,0.0,0.0,0.0
5974,0.0,120.3970822244882,0.0,0.0,0.0,0.0,0.0,0.0,0.0,0.0,0.0,0.0,0.0,27.915199054032517,0.0,0.0,6151.373974010347,0.0,144.34789222776874,0.0,0.0,862.9102256007493,0.0,0.0,0.0,0.0,0.0,0.0,0.0,2203.939040799437,0.0,0.0,0.0,0.0,0.0,0.0,0.0
5975,0.0,125.76309694647783,0.0,0.0,0.0,0.0,0.0,0.0,0.0,0.0,0.0,0.0,0.0,31.019337551295664,0.0,0.0,6094.371629878878,0.0,142.98378064632416,0.0,0.0,820.1463001750409,0.0,0.0,0.0,0.0,0.0,0.0,0.0,2219.1188077703114,0.0,0.0,0.0,0.0,0.0,0.0,0.0
5976,0.0,152.56991221010676,0.0,0.0,0.0,0.0,0.0,0.0,0.0,0.0,0.0,0.0,0.0,39.268528198450724,0.0,0.0,6502.766822412608,0.0,165.9949992328882,0.0,0.0,1363.9352642074227,0.0,0.0,0.0,0.0,0.0,0.0,0.0,2754.9606402665354,0.0,0.0,0.0,0.0,0.0,0.0,0.0
5977,0.0,178.4182535469531,0.0,0.0,0.0,0.0,0.0,0.0,0.0,0.0,0.0,0.0,0.0,49.01376584321251,0.0,0.0,6878.080352932215,0.0,188.4822321504353,0.0,0.0,1933.8975005462762,0.0,0.0,0.0,0.0,0.0,0.0,0.0,3145.8998482376337,0.0,0.0,0.0,0.0,0.0,0.0,0.0
5978,0.0,200.77422372400756,0.0,0.0,0.0,0.0,0.0,0.0,0.0,0.0,0.0,0.0,0.0,60.120375712215754,0.0,0.0,7220.913515269756,0.0,210.68425561487666,0.0,0.0,2533.268516935408,0.0,0.0,0.0,0.0,0.0,0.0,0.0,3418.50427839458,0.0,0.0,0.0,0.0,0.0,0.0,0.0
5979,0.0,219.9411772280931,0.0,0.0,0.0,0.0,0.0,0.0,0.0,0.0,0.0,0.0,0.0,71.54245873689644,0.0,0.0,7510.415103971956,0.0,232.62005493640885,0.0,0.0,3071.452734133601,0.0,0.0,0.0,0.0,0.0,0.0,0.0,3653.994977471231,0.0,0.0,0.0,0.0,0.0,0.0,0.0
5980,0.0,237.53179560899736,0.0,0.0,0.0,0.0,0.0,0.0,0.0,0.0,0.0,0.0,0.0,84.7123687416315,0.0,0.0,7753.696410387754,0.0,250.21127128601063,0.0,0.0,3460.2253257840866,0.0,0.0,0.0,0.0,0.0,0.0,0.0,3874.221653878689,0.0,0.0,0.0,0.0,0.0,0.0,0.0
5981,0.0,252.5948433637619,0.0,0.0,0.0,0.0,0.0,0.0,0.0,0.0,0.0,0.0,0.0,86.58421947211014,0.0,0.0,7958.914183706045,0.0,258.33111505508424,0.0,0.0,3767.451344972849,0.0,0.0,0.0,0.0,0.0,0.0,0.0,4061.8511385709044,0.0,0.0,0.0,0.0,0.0,0.0,0.0
5982,0.0,233.73982945382588,0.0,0.0,0.0,0.0,0.0,0.0,0.0,0.0,0.0,0.0,0.0,85.32754447758185,0.0,0.0,7752.507824391127,0.0,252.81968395113933,0.0,0.0,3839.1116311579945,0.0,0.0,0.0,0.0,0.0,0.0,0.0,3817.4615189790707,0.0,0.0,0.0,0.0,0.0,0.0,0.0
5983,0.0,217.26439126431939,0.0,0.0,0.0,0.0,0.0,0.0,0.0,0.0,0.0,0.0,0.0,80.07225522100914,0.0,0.0,7574.025457292795,0.0,248.76382293701155,0.0,0.0,3924.116617539525,0.0,0.0,0.0,0.0,0.0,0.0,0.0,3601.144596263766,0.0,0.0,0.0,0.0,0.0,0.0,0.0
5984,0.0,205.3036814600229,0.0,0.0,0.0,0.0,0.0,0.0,0.0,0.0,0.0,0.0,0.0,78.85111726224422,0.0,0.0,7416.862962573767,0.0,241.31000637710076,0.0,0.0,3989.1249898463484,0.0,0.0,0.0,0.0,0.0,0.0,0.0,3395.793570765853,0.0,0.0,0.0,0.0,0.0,0.0,0.0
5985,0.0,196.54887798428535,0.0,0.0,0.0,0.0,0.0,0.0,0.0,0.0,0.0,0.0,0.0,78.94896320253602,0.0,0.0,7284.089039027689,0.0,229.16260912120325,0.0,0.0,4005.6362444669007,0.0,0.0,0.0,0.0,0.0,0.0,0.0,3192.679479816556,0.0,0.0,0.0,0.0,0.0,0.0,0.0
5986,0.0,176.11350292861462,0.0,0.0,0.0,0.0,0.0,0.0,0.0,0.0,0.0,0.0,0.0,68.85627131164065,0.0,0.0,7194.493924438953,0.0,209.33778066039082,0.0,0.0,3909.992616158723,0.0,0.0,0.0,0.0,0.0,0.0,0.0,2992.4624469235537,0.0,0.0,0.0,0.0,0.0,0.0,0.0
5987,0.0,159.85711122751226,0.0,0.0,0.0,0.0,0.0,0.0,0.0,0.0,0.0,0.0,0.0,65.00710763037198,0.0,0.0,7115.746212810278,0.0,195.4995199620722,0.0,0.0,3815.227593925595,0.0,0.0,0.0,0.0,0.0,0.0,0.0,2787.694521483777,0.0,0.0,0.0,0.0,0.0,0.0,0.0
5988,0.0,146.51407289206978,0.0,0.0,0.0,0.0,0.0,0.0,0.0,0.0,0.0,0.0,0.0,65.67100738286966,0.0,0.0,7047.715221911669,0.0,190.89556000828728,0.0,0.0,3721.192523190379,0.0,0.0,0.0,0.0,0.0,0.0,0.0,2606.6304722368714,0.0,0.0,0.0,0.0,0.0,0.0,0.0
5989,0.0,134.69447026848786,0.0,0.0,0.0,0.0,0.0,0.0,0.0,0.0,0.0,0.0,0.0,71.19815132021898,0.0,0.0,6989.621525585651,0.0,197.07162517607196,0.0,0.0,3626.6324686735866,0.0,0.0,0.0,0.0,0.0,0.0,0.0,2473.9418502628796,0.0,0.0,0.0,0.0,0.0,0.0,0.0
5990,0.0,125.76019316017624,0.0,0.0,0.0,0.0,0.0,0.0,0.0,0.0,0.0,0.0,0.0,81.35499033480878,0.0,0.0,6941.879728764296,0.0,216.00402549207195,0.0,0.0,3534.665846148133,0.0,0.0,0.0,0.0,0.0,0.0,0.0,2396.7997918426986,0.0,0.0,0.0,0.0,0.0,0.0,0.0
5991,0.0,109.42153452783816,0.0,0.0,0.0,0.0,0.0,0.0,0.0,0.0,0.0,0.0,0.0,104.94390975832934,0.0,0.0,6711.244261711834,0.0,261.95631631612764,0.0,0.0,3690.3501801609987,0.0,0.0,0.0,0.0,0.0,0.0,0.0,2083.75298810303,0.0,0.0,0.0,0.0,0.0,0.0,0.0
5992,0.0,100.20933561176058,0.0,0.0,0.0,0.0,0.0,0.0,0.0,0.0,0.0,0.0,0.0,126.91515708565707,0.0,0.0,6482.39322939515,0.0,302.8475028514862,0.0,0.0,3853.8290398120876,0.0,0.0,0.0,0.0,0.0,0.0,0.0,2020.2963332489132,0.0,0.0,0.0,0.0,0.0,0.0,0.0
5993,0.0,92.09181503355502,0.0,0.0,0.0,0.0,0.0,0.0,0.0,0.0,0.0,0.0,0.0,151.9907082378864,0.0,0.0,6249.459155261515,0.0,338.4876578927039,0.0,0.0,4015.454107251763,0.0,0.0,0.0,0.0,0.0,0.0,0.0,1962.893070626258,0.0,0.0,0.0,0.0,0.0,0.0,0.0
5994,0.0,86.79280482977626,0.0,0.0,0.0,0.0,0.0,0.0,0.0,0.0,0.0,0.0,0.0,183.46171529293053,0.0,0.0,6044.629928216336,0.0,376.74096822142593,0.0,0.0,4173.635595953465,0.0,0.0,0.0,0.0,0.0,0.0,0.0,1937.6875987797955,0.0,0.0,0.0,0.0,0.0,0.0,0.0
5995,0.0,88.83506438881155,0.0,0.0,0.0,0.0,0.0,0.0,0.0,0.0,0.0,0.0,0.0,226.18952817320815,0.0,0.0,6216.198971986771,0.0,408.52510449886313,0.0,0.0,4101.699799248576,0.0,0.0,0.0,0.0,0.0,0.0,0.0,2063.7456950694304,0.0,0.0,0.0,0.0,0.0,0.0,0.0
5996,0.0,96.25225343406197,0.0,0.0,0.0,0.0,0.0,0.0,0.0,0.0,0.0,0.0,0.0,268.3980665564536,0.0,0.0,6387.276401653885,0.0,442.4901949584482,0.0,0.0,4014.4256355643274,0.0,0.0,0.0,0.0,0.0,0.0,0.0,2168.6239699915045,0.0,0.0,0.0,0.0,0.0,0.0,0.0
5997,0.0,106.32978768199676,0.0,0.0,0.0,0.0,0.0,0.0,0.0,0.0,0.0,0.0,0.0,309.8319973170757,0.0,0.0,6560.78078702092,0.0,471.84195878505693,0.0,0.0,3910.3686426043505,0.0,0.0,0.0,0.0,0.0,0.0,0.0,2257.078892764447,0.0,0.0,0.0,0.0,0.0,0.0,0.0
5998,0.0,119.22249365150928,0.0,0.0,0.0,0.0,0.0,0.0,0.0,0.0,0.0,0.0,0.0,349.120233130455,0.0,0.0,6714.151163458824,0.0,497.68610874414435,0.0,0.0,3819.728709197044,0.0,0.0,0.0,0.0,0.0,0.0,0.0,2382.455892024933,0.0,0.0,0.0,0.0,0.0,0.0,0.0
5999,0.0,133.90361635386944,0.0,0.0,0.0,0.0,0.0,0.0,0.0,0.0,0.0,0.0,0.0,385.49424146413804,0.0,0.0,6824.89579680562,0.0,518.7332740187645,0.0,0.0,3754.0224778264756,0.0,0.0,0.0,0.0,0.0,0.0,0.0,2624.1070206150393,0.0,0.0,0.0,0.0,0.0,0.0,0.0
6000,0.0,168.01461848616592,0.0,0.0,0.0,0.0,0.0,0.0,0.0,0.0,0.0,0.0,0.0,415.7938769817352,0.0,0.0,7149.647361308336,0.0,561.6263807415961,0.0,0.0,3857.334078589082,0.0,0.0,0.0,0.0,0.0,0.0,0.0,3145.105747321248,0.0,0.0,0.0,0.0,0.0,0.0,0.0
6001,0.0,200.54793881177903,0.0,0.0,0.0,0.0,0.0,0.0,0.0,0.0,0.0,0.0,0.0,443.8677429318428,0.0,0.0,7410.678892761469,0.0,596.6875208735466,0.0,0.0,3604.091772294044,0.0,0.0,0.0,0.0,0.0,0.0,0.0,3714.312293934822,0.0,0.0,0.0,0.0,0.0,0.0,0.0
6002,0.0,230.41126270294185,0.0,0.0,0.0,0.0,0.0,0.0,0.0,0.0,0.0,0.0,0.0,470.5212483167648,0.0,0.0,7606.235515505075,0.0,624.8295306563376,0.0,0.0,3367.599597322941,0.0,0.0,0.0,0.0,0.0,0.0,0.0,4238.449635806679,0.0,0.0,0.0,0.0,0.0,0.0,0.0
6003,0.0,259.71644239425655,0.0,0.0,0.0,0.0,0.0,0.0,0.0,0.0,0.0,0.0,0.0,496.7527703166008,0.0,0.0,7764.2124405503255,0.0,647.3125248551369,0.0,0.0,3435.731835061312,0.0,0.0,0.0,0.0,0.0,0.0,0.0,4703.084735652805,0.0,0.0,0.0,0.0,0.0,0.0,0.0
6004,0.0,286.9099101305008,0.0,0.0,0.0,0.0,0.0,0.0,0.0,0.0,0.0,0.0,0.0,519.9949892759323,0.0,0.0,7899.883153527973,0.0,663.8093810915946,0.0,0.0,3551.123815217614,0.0,0.0,0.0,0.0,0.0,0.0,0.0,5150.887861293553,0.0,0.0,0.0,0.0,0.0,0.0,0.0
6005,0.0,305.2698635458946,0.0,0.0,0.0,0.0,0.0,0.0,0.0,0.0,0.0,0.0,0.0,535.3490959525109,0.0,0.0,8016.349023789166,0.0,673.179142987728,0.0,0.0,3477.2219027817246,0.0,0.0,0.0,0.0,0.0,0.0,0.0,5594.470969769359,0.0,0.0,0.0,0.0,0.0,0.0,0.0
6006,0.0,288.42389100193975,0.0,0.0,0.0,0.0,0.0,0.0,0.0,0.0,0.0,0.0,0.0,547.8601052641868,0.0,0.0,7746.605343669653,0.0,661.766911482811,0.0,0.0,3326.040803351998,0.0,0.0,0.0,0.0,0.0,0.0,0.0,5785.07001581192,0.0,0.0,0.0,0.0,0.0,0.0,0.0
6007,0.0,270.3885163664818,0.0,0.0,0.0,0.0,0.0,0.0,0.0,0.0,0.0,0.0,0.0,552.9404946923256,0.0,0.0,7520.185934275389,0.0,641.5220793485641,0.0,0.0,3160.0566145241255,0.0,0.0,0.0,0.0,0.0,0.0,0.0,5863.540999945997,0.0,0.0,0.0,0.0,0.0,0.0,0.0
6008,0.0,253.47840802073478,0.0,0.0,0.0,0.0,0.0,0.0,0.0,0.0,0.0,0.0,0.0,560.3480247497557,0.0,0.0,7334.02520829439,0.0,620.2448968887328,0.0,0.0,2971.8014874190094,0.0,0.0,0.0,0.0,0.0,0.0,0.0,5756.3706445783355,0.0,0.0,0.0,0.0,0.0,0.0,0.0
6009,0.0,239.7101964533329,0.0,0.0,0.0,0.0,0.0,0.0,0.0,0.0,0.0,0.0,0.0,576.0524690985679,0.0,0.0,7168.482715576885,0.0,612.6607915997505,0.0,0.0,2780.815778580308,0.0,0.0,0.0,0.0,0.0,0.0,0.0,5573.612802666425,0.0,0.0,0.0,0.0,0.0,0.0,0.0
6010,0.0,235.00731113255023,0.0,0.0,0.0,0.0,0.0,0.0,0.0,0.0,0.0,0.0,0.0,581.8043913722038,0.0,0.0,6812.04226604104,0.0,606.4442807555199,0.0,0.0,2617.8364709705115,0.0,0.0,0.0,0.0,0.0,0.0,0.0,5285.137202554939,0.0,0.0,0.0,0.0,0.0,0.0,0.0
6011,0.0,234.1273656874895,0.0,0.0,0.0,0.0,0.0,0.0,0.0,0.0,0.0,0.0,0.0,589.2257753252982,0.0,0.0,6489.700155153869,0.0,604.5136184692383,0.0,0.0,2468.3853353977192,0.0,0.0,0.0,0.0,0.0,0.0,0.0,4994.795320644974,0.0,0.0,0.0,0.0,0.0,0.0,0.0
6012,0.0,235.12163895070546,0.0,0.0,0.0,0.0,0.0,0.0,0.0,0.0,0.0,0.0,0.0,594.9363152503968,0.0,0.0,6204.028022512793,0.0,607.2852069854736,0.0,0.0,2322.431366872787,0.0,0.0,0.0,0.0,0.0,0.0,0.0,4695.400471320748,0.0,0.0,0.0,0.0,0.0,0.0,0.0
6013,0.0,233.6426017105579,0.0,0.0,0.0,0.0,0.0,0.0,0.0,0.0,0.0,0.0,0.0,599.5718556404114,0.0,0.0,5952.707425341009,0.0,616.0421627879142,0.0,0.0,2187.5274895012376,0.0,0.0,0.0,0.0,0.0,0.0,0.0,4414.043573686479,0.0,0.0,0.0,0.0,0.0,0.0,0.0
6014,0.0,231.41322328448288,0.0,0.0,0.0,0.0,0.0,0.0,0.0,0.0,0.0,0.0,0.0,603.7058312058448,0.0,0.0,5735.285254120827,0.0,624.8940896034239,0.0,0.0,2053.891566038131,0.0,0.0,0.0,0.0,0.0,0.0,0.0,4155.970539397001,0.0,0.0,0.0,0.0,0.0,0.0,0.0
6015,0.0,201.27555471360674,0.0,0.0,0.0,0.0,0.0,0.0,0.0,0.0,0.0,0.0,0.0,617.8953587889671,0.0,0.0,5573.949095681308,0.0,651.3448209643363,0.0,0.0,2055.545840191841,0.0,0.0,0.0,0.0,0.0,0.0,0.0,3657.9412540197372,0.0,0.0,0.0,0.0,0.0,0.0,0.0
6016,0.0,179.49705925583837,0.0,0.0,0.0,0.0,0.0,0.0,0.0,0.0,0.0,0.0,0.0,627.3746963500977,0.0,0.0,5402.642194241285,0.0,673.8612506508828,0.0,0.0,2040.2071704536672,0.0,0.0,0.0,0.0,0.0,0.0,0.0,3183.090241155027,0.0,0.0,0.0,0.0,0.0,0.0,0.0
6017,0.0,168.9542248159647,0.0,0.0,0.0,0.0,0.0,0.0,0.0,0.0,0.0,0.0,0.0,623.1758002638817,0.0,0.0,5241.6265184134245,0.0,673.3275277853011,0.0,0.0,1951.7128887534138,0.0,0.0,0.0,0.0,0.0,0.0,0.0,2778.3920414865006,0.0,0.0,0.0,0.0,0.0,0.0,0.0
6018,0.0,164.7588848680257,0.0,0.0,0.0,0.0,0.0,0.0,0.0,0.0,0.0,0.0,0.0,617.4612252235412,0.0,0.0,5082.227646246551,0.0,677.8803267002106,0.0,0.0,1830.328554792702,0.0,0.0,0.0,0.0,0.0,0.0,0.0,2461.0548869624736,0.0,0.0,0.0,0.0,0.0,0.0,0.0
6019,0.0,181.80489602386942,0.0,0.0,0.0,0.0,0.0,0.0,0.0,0.0,0.0,0.0,0.0,615.4084275960922,0.0,0.0,5193.818213671444,0.0,670.7478969097137,0.0,0.0,1659.7159406125543,0.0,0.0,0.0,0.0,0.0,0.0,0.0,2463.7212362825867,0.0,0.0,0.0,0.0,0.0,0.0,0.0
6020,0.0,200.10708232820028,0.0,0.0,0.0,0.0,0.0,0.0,0.0,0.0,0.0,0.0,0.0,607.5834872841834,0.0,0.0,5237.678826048968,0.0,663.525653707981,0.0,0.0,1503.4999621242282,0.0,0.0,0.0,0.0,0.0,0.0,0.0,2499.836374612151,0.0,0.0,0.0,0.0,0.0,0.0,0.0
6021,0.0,217.48015521168708,0.0,0.0,0.0,0.0,0.0,0.0,0.0,0.0,0.0,0.0,0.0,597.385271525383,0.0,0.0,5223.911297544836,0.0,657.1726146221159,0.0,0.0,1399.4341891586776,0.0,0.0,0.0,0.0,0.0,0.0,0.0,2537.4657650306804,0.0,0.0,0.0,0.0,0.0,0.0,0.0
6022,0.0,233.9194714218378,0.0,0.0,0.0,0.0,0.0,0.0,0.0,0.0,0.0,0.0,0.0,582.7332749009132,0.0,0.0,5204.463759258388,0.0,645.0367775082588,0.0,0.0,1280.1292027249929,0.0,0.0,0.0,0.0,0.0,0.0,0.0,2562.1324343428014,0.0,0.0,0.0,0.0,0.0,0.0,0.0
6023,0.0,248.7741058766842,0.0,0.0,0.0,0.0,0.0,0.0,0.0,0.0,0.0,0.0,0.0,563.3514058589934,0.0,0.0,5192.3025331646195,0.0,620.578066110611,0.0,0.0,1110.1143101312214,0.0,0.0,0.0,0.0,0.0,0.0,0.0,2555.1618121594192,0.0,0.0,0.0,0.0,0.0,0.0,0.0
6024,0.0,269.3311173141002,0.0,0.0,0.0,0.0,0.0,0.0,0.0,0.0,0.0,0.0,0.0,540.6291339159012,0.0,0.0,5538.734512984752,0.0,604.0730288505554,0.0,0.0,1071.1665838524693,0.0,0.0,0.0,0.0,0.0,0.0,0.0,3126.3214275568725,0.0,0.0,0.0,0.0,0.0,0.0,0.0
6025,0.0,269.5325867772102,0.0,0.0,0.0,0.0,0.0,0.0,0.0,0.0,0.0,0.0,0.0,517.1891046404838,0.0,0.0,5874.485554113982,0.0,574.3019875645638,0.0,0.0,675.1681233040988,0.0,0.0,0.0,0.0,0.0,0.0,0.0,3583.7626095384344,0.0,0.0,0.0,0.0,0.0,0.0,0.0
6026,0.0,264.51818270087244,0.0,0.0,0.0,0.0,0.0,0.0,0.0,0.0,0.0,0.0,0.0,496.62342245578765,0.0,0.0,6182.881615236401,0.0,538.9663681626319,0.0,0.0,449.8046810880294,0.0,0.0,0.0,0.0,0.0,0.0,0.0,3960.111478814483,0.0,0.0,0.0,0.0,0.0,0.0,0.0
6027,0.0,260.77252281904214,0.0,0.0,0.0,0.0,0.0,0.0,0.0,0.0,0.0,0.0,0.0,482.06194691658015,0.0,0.0,6462.849235177038,0.0,505.4634166121483,0.0,0.0,499.97813647650133,0.0,0.0,0.0,0.0,0.0,0.0,0.0,4294.683262994886,0.0,0.0,0.0,0.0,0.0,0.0,0.0
6028,0.0,256.9231121957302,0.0,0.0,0.0,0.0,0.0,0.0,0.0,0.0,0.0,0.0,0.0,471.4178060889244,0.0,0.0,6717.422108560799,0.0,475.0813180744648,0.0,0.0,592.7465400282287,0.0,0.0,0.0,0.0,0.0,0.0,0.0,4575.62141342461,0.0,0.0,0.0,0.0,0.0,0.0,0.0
6029,0.0,252.8003528773784,0.0,0.0,0.0,0.0,0.0,0.0,0.0,0.0,0.0,0.0,0.0,455.31818945407866,0.0,0.0,6951.824802041052,0.0,440.4213148713112,0.0,0.0,632.1152902811762,0.0,0.0,0.0,0.0,0.0,0.0,0.0,4811.8353373795735,0.0,0.0,0.0,0.0,0.0,0.0,0.0
6030,0.0,249.04818402528764,0.0,0.0,0.0,0.0,0.0,0.0,0.0,0.0,0.0,0.0,0.0,441.19277536869043,0.0,0.0,6793.318147242069,0.0,392.7684234082699,0.0,0.0,590.1363806124772,0.0,0.0,0.0,0.0,0.0,0.0,0.0,4646.037842088937,0.0,0.0,0.0,0.0,0.0,0.0,0.0
6031,0.0,247.1827187597751,0.0,0.0,0.0,0.0,0.0,0.0,0.0,0.0,0.0,0.0,0.0,428.20943340063087,0.0,0.0,6633.292311519383,0.0,351.5729087233543,0.0,0.0,566.5910548020146,0.0,0.0,0.0,0.0,0.0,0.0,0.0,4496.865478688477,0.0,0.0,0.0,0.0,0.0,0.0,0.0
6032,0.0,250.5981045126915,0.0,0.0,0.0,0.0,0.0,0.0,0.0,0.0,0.0,0.0,0.0,406.1391015768051,0.0,0.0,6479.369647085665,0.0,310.6881840109825,0.0,0.0,547.0285211753097,0.0,0.0,0.0,0.0,0.0,0.0,0.0,4352.921307933329,0.0,0.0,0.0,0.0,0.0,0.0,0.0
6033,0.0,253.4520915806293,0.0,0.0,0.0,0.0,0.0,0.0,0.0,0.0,0.0,0.0,0.0,390.73818756341933,0.0,0.0,6339.020432487128,0.0,277.60880792140955,0.0,0.0,497.8589004758738,0.0,0.0,0.0,0.0,0.0,0.0,0.0,4270.760792082548,0.0,0.0,0.0,0.0,0.0,0.0,0.0
6034,0.0,223.46960022747507,0.0,0.0,0.0,0.0,0.0,0.0,0.0,0.0,0.0,0.0,0.0,361.03489724397656,0.0,0.0,6183.3277239203435,0.0,236.57255642414074,0.0,0.0,488.930088945105,0.0,0.0,0.0,0.0,0.0,0.0,0.0,4027.095120593904,0.0,0.0,0.0,0.0,0.0,0.0,0.0
6035,0.0,198.31363657414914,0.0,0.0,0.0,0.0,0.0,0.0,0.0,0.0,0.0,0.0,0.0,333.8238286018371,0.0,0.0,6051.28733217716,0.0,200.4815854847431,0.0,0.0,488.68788189478215,0.0,0.0,0.0,0.0,0.0,0.0,0.0,3791.2008620351535,0.0,0.0,0.0,0.0,0.0,0.0,0.0
6036,0.0,178.43894477784633,0.0,0.0,0.0,0.0,0.0,0.0,0.0,0.0,0.0,0.0,0.0,310.54634721875186,0.0,0.0,5938.289986103771,0.0,169.91780004799367,0.0,0.0,487.55011427588715,0.0,0.0,0.0,0.0,0.0,0.0,0.0,3591.5466789036986,0.0,0.0,0.0,0.0,0.0,0.0,0.0
6037,0.0,162.62331136465065,0.0,0.0,0.0,0.0,0.0,0.0,0.0,0.0,0.0,0.0,0.0,290.364471745491,0.0,0.0,5841.977182596922,0.0,147.75219103097902,0.0,0.0,483.27288914658044,0.0,0.0,0.0,0.0,0.0,0.0,0.0,3450.009762156008,0.0,0.0,0.0,0.0,0.0,0.0,0.0
6038,0.0,152.84553343355657,0.0,0.0,0.0,0.0,0.0,0.0,0.0,0.0,0.0,0.0,0.0,271.4569305002689,0.0,0.0,5760.775289803743,0.0,133.17289558649054,0.0,0.0,476.60545887909774,0.0,0.0,0.0,0.0,0.0,0.0,0.0,3339.7125440269706,0.0,0.0,0.0,0.0,0.0,0.0,0.0
6039,0.0,138.00311732590194,0.0,0.0,0.0,0.0,0.0,0.0,0.0,0.0,0.0,0.0,0.0,264.97498862743373,0.0,0.0,5519.705468982457,0.0,139.6494355231522,0.0,0.0,584.2916217293581,0.0,0.0,0.0,0.0,0.0,0.0,0.0,3081.9703851193176,0.0,0.0,0.0,0.0,0.0,0.0,0.0
6040,0.0,125.7774896264076,0.0,0.0,0.0,0.0,0.0,0.0,0.0,0.0,0.0,0.0,0.0,257.20730211734764,0.0,0.0,5267.7318495959025,0.0,146.60581027865408,0.0,0.0,658.8784124448891,0.0,0.0,0.0,0.0,0.0,0.0,0.0,2945.097726418076,0.0,0.0,0.0,0.0,0.0,0.0,0.0
6041,0.0,112.04531587064261,0.0,0.0,0.0,0.0,0.0,0.0,0.0,0.0,0.0,0.0,0.0,248.5620677113533,0.0,0.0,4996.599281847475,0.0,144.5123426586389,0.0,0.0,719.7768338665365,0.0,0.0,0.0,0.0,0.0,0.0,0.0,2857.970463715493,0.0,0.0,0.0,0.0,0.0,0.0,0.0
6042,0.0,90.94303088039156,0.0,0.0,0.0,0.0,0.0,0.0,0.0,0.0,0.0,0.0,0.0,242.86964097023002,0.0,0.0,4722.401515722274,0.0,154.74607696533198,0.0,0.0,770.9918931059535,0.0,0.0,0.0,0.0,0.0,0.0,0.0,2862.5802990898474,0.0,0.0,0.0,0.0,0.0,0.0,0.0
6043,0.0,82.64551062136884,0.0,0.0,0.0,0.0,0.0,0.0,0.0,0.0,0.0,0.0,0.0,249.01323843002308,0.0,0.0,4806.143933296202,0.0,162.03840723335736,0.0,0.0,838.2595273643726,0.0,0.0,0.0,0.0,0.0,0.0,0.0,3139.53727737069,0.0,0.0,0.0,0.0,0.0,0.0,0.0
6044,0.0,78.65081950128075,0.0,0.0,0.0,0.0,0.0,0.0,0.0,0.0,0.0,0.0,0.0,261.0393838107585,0.0,0.0,4857.535498112439,0.0,170.52383308410646,0.0,0.0,867.56529372856,0.0,0.0,0.0,0.0,0.0,0.0,0.0,3490.646683230996,0.0,0.0,0.0,0.0,0.0,0.0,0.0
6045,0.0,75.56380708962678,0.0,0.0,0.0,0.0,0.0,0.0,0.0,0.0,0.0,0.0,0.0,277.0248515188694,0.0,0.0,4917.540810987352,0.0,174.062333279848,0.0,0.0,887.9602627113459,0.0,0.0,0.0,0.0,0.0,0.0,0.0,3874.3597898304456,0.0,0.0,0.0,0.0,0.0,0.0,0.0
6046,0.0,77.32864984720945,0.0,0.0,0.0,0.0,0.0,0.0,0.0,0.0,0.0,0.0,0.0,292.9600372076034,0.0,0.0,4980.687942475079,0.0,176.92990061640725,0.0,0.0,896.956967905908,0.0,0.0,0.0,0.0,0.0,0.0,0.0,4293.604211476444,0.0,0.0,0.0,0.0,0.0,0.0,0.0
6047,0.0,85.32489877045151,0.0,0.0,0.0,0.0,0.0,0.0,0.0,0.0,0.0,0.0,0.0,304.9929077804088,0.0,0.0,5036.80779261887,0.0,181.56053782105437,0.0,0.0,896.7236165508621,0.0,0.0,0.0,0.0,0.0,0.0,0.0,4674.622582179307,0.0,0.0,0.0,0.0,0.0,0.0,0.0
6048,0.0,123.29800682365887,0.0,0.0,0.0,0.0,0.0,0.0,0.0,0.0,0.0,0.0,0.0,314.0499705314636,0.0,0.0,5438.571639850734,0.0,210.49624027907834,0.0,0.0,1299.4969867452978,0.0,0.0,0.0,0.0,0.0,0.0,0.0,5630.151992365717,0.0,0.0,0.0,0.0,0.0,0.0,0.0
6049,0.0,164.98271488845347,0.0,0.0,0.0,0.0,0.0,0.0,0.0,0.0,0.0,0.0,0.0,317.26911821961403,0.0,0.0,5838.797637268901,0.0,240.870765441656,0.0,0.0,1678.7525064915417,0.0,0.0,0.0,0.0,0.0,0.0,0.0,6638.282271176576,0.0,0.0,0.0,0.0,0.0,0.0,0.0
6050,0.0,211.9282701104879,0.0,0.0,0.0,0.0,0.0,0.0,0.0,0.0,0.0,0.0,0.0,316.7341964423656,0.0,0.0,6198.226276010275,0.0,269.65299960374824,0.0,0.0,2025.1040470719333,0.0,0.0,0.0,0.0,0.0,0.0,0.0,7737.040221101046,0.0,0.0,0.0,0.0,0.0,0.0,0.0
6051,0.0,260.80633018612855,0.0,0.0,0.0,0.0,0.0,0.0,0.0,0.0,0.0,0.0,0.0,313.48763238787643,0.0,0.0,6526.830632686615,0.0,293.2796771883965,0.0,0.0,2302.97578279674,0.0,0.0,0.0,0.0,0.0,0.0,0.0,8848.361310386656,0.0,0.0,0.0,0.0,0.0,0.0,0.0
6052,0.0,309.1022161781787,0.0,0.0,0.0,0.0,0.0,0.0,0.0,0.0,0.0,0.0,0.0,310.1521612942218,0.0,0.0,6822.92000594735,0.0,313.06382284164425,0.0,0.0,2520.401418766379,0.0,0.0,0.0,0.0,0.0,0.0,0.0,9910.296988856793,0.0,0.0,0.0,0.0,0.0,0.0,0.0
6053,0.0,348.24873445630067,0.0,0.0,0.0,0.0,0.0,0.0,0.0,0.0,0.0,0.0,0.0,307.2085671424866,0.0,0.0,7092.425657719374,0.0,317.1937280476093,0.0,0.0,2671.4641395002604,0.0,0.0,0.0,0.0,0.0,0.0,0.0,10865.366066408158,0.0,0.0,0.0,0.0,0.0,0.0,0.0
6054,0.0,352.84530192017553,0.0,0.0,0.0,0.0,0.0,0.0,0.0,0.0,0.0,0.0,0.0,303.59606297016137,0.0,0.0,6876.6654066443425,0.0,312.5115741074085,0.0,0.0,2562.553922769427,0.0,0.0,0.0,0.0,0.0,0.0,0.0,10802.063639259339,0.0,0.0,0.0,0.0,0.0,0.0,0.0
6055,0.0,352.3032056987285,0.0,0.0,0.0,0.0,0.0,0.0,0.0,0.0,0.0,0.0,0.0,298.8856711924075,0.0,0.0,6668.697861403227,0.0,306.93789608478545,0.0,0.0,2417.7289418578143,0.0,0.0,0.0,0.0,0.0,0.0,0.0,10660.828668898344,0.0,0.0,0.0,0.0,0.0,0.0,0.0
6056,0.0,350.40679476857184,0.0,0.0,0.0,0.0,0.0,0.0,0.0,0.0,0.0,0.0,0.0,293.1019163429737,0.0,0.0,6490.047863230107,0.0,314.28140221238135,0.0,0.0,2226.13620159924,0.0,0.0,0.0,0.0,0.0,0.0,0.0,10479.331769561768,0.0,0.0,0.0,0.0,0.0,0.0,0.0
6057,0.0,348.4986003577709,0.0,0.0,0.0,0.0,0.0,0.0,0.0,0.0,0.0,0.0,0.0,287.42910474538803,0.0,0.0,6375.698967307804,0.0,325.01309704780573,0.0,0.0,2022.9874602109185,0.0,0.0,0.0,0.0,0.0,0.0,0.0,10308.531366175412,0.0,0.0,0.0,0.0,0.0,0.0,0.0
6058,0.0,350.4021374881267,0.0,0.0,0.0,0.0,0.0,0.0,0.0,0.0,0.0,0.0,0.0,264.03720542788506,0.0,0.0,6299.100122705101,0.0,319.38947328329067,0.0,0.0,1792.8305133998394,0.0,0.0,0.0,0.0,0.0,0.0,0.0,9883.403148531912,0.0,0.0,0.0,0.0,0.0,0.0,0.0
6059,0.0,352.94568595290184,0.0,0.0,0.0,0.0,0.0,0.0,0.0,0.0,0.0,0.0,0.0,242.61486827731122,0.0,0.0,6233.463805884123,0.0,307.2593865990637,0.0,0.0,1529.4627413660282,0.0,0.0,0.0,0.0,0.0,0.0,0.0,9505.283824753762,0.0,0.0,0.0,0.0,0.0,0.0,0.0
6060,0.0,353.35502162575716,0.0,0.0,0.0,0.0,0.0,0.0,0.0,0.0,0.0,0.0,0.0,222.99118374586104,0.0,0.0,6184.518254593014,0.0,293.1821273744105,0.0,0.0,1235.5730965062967,0.0,0.0,0.0,0.0,0.0,0.0,0.0,9159.531707179547,0.0,0.0,0.0,0.0,0.0,0.0,0.0
6061,0.0,352.5901053965091,0.0,0.0,0.0,0.0,0.0,0.0,0.0,0.0,0.0,0.0,0.0,205.6695548772811,0.0,0.0,6145.964274197817,0.0,280.35508269071573,0.0,0.0,921.9976194933049,0.0,0.0,0.0,0.0,0.0,0.0,0.0,8847.656889355181,0.0,0.0,0.0,0.0,0.0,0.0,0.0
6062,0.0,350.83896794915194,0.0,0.0,0.0,0.0,0.0,0.0,0.0,0.0,0.0,0.0,0.0,190.47436448931686,0.0,0.0,6122.522371321916,0.0,269.4382477343082,0.0,0.0,647.9150616914033,0.0,0.0,0.0,0.0,0.0,0.0,0.0,8534.31681792736,0.0,0.0,0.0,0.0,0.0,0.0,0.0
6063,0.0,314.1319948911667,0.0,0.0,0.0,0.0,0.0,0.0,0.0,0.0,0.0,0.0,0.0,190.37922543883315,0.0,0.0,6039.490538373588,0.0,275.4177460253239,0.0,0.0,556.1053817655887,0.0,0.0,0.0,0.0,0.0,0.0,0.0,7649.632708758116,0.0,0.0,0.0,0.0,0.0,0.0,0.0
6064,0.0,284.5736667573452,0.0,0.0,0.0,0.0,0.0,0.0,0.0,0.0,0.0,0.0,0.0,186.69359601140013,0.0,0.0,5946.00023767352,0.0,282.2584748983382,0.0,0.0,480.06470538563957,0.0,0.0,0.0,0.0,0.0,0.0,0.0,6720.471716022492,0.0,0.0,0.0,0.0,0.0,0.0,0.0
6065,0.0,255.40977661013596,0.0,0.0,0.0,0.0,0.0,0.0,0.0,0.0,0.0,0.0,0.0,181.13394697904576,0.0,0.0,5848.890116989611,0.0,278.4806204795836,0.0,0.0,415.97361659221303,0.0,0.0,0.0,0.0,0.0,0.0,0.0,5959.650715637206,0.0,0.0,0.0,0.0,0.0,0.0,0.0
6066,0.0,227.33519910871982,0.0,0.0,0.0,0.0,0.0,0.0,0.0,0.0,0.0,0.0,0.0,178.2999958753585,0.0,0.0,5723.095246821641,0.0,279.698940885067,0.0,0.0,369.1493548817925,0.0,0.0,0.0,0.0,0.0,0.0,0.0,5279.623336082697,0.0,0.0,0.0,0.0,0.0,0.0,0.0
6067,0.0,239.1295514166355,0.0,0.0,0.0,0.0,0.0,0.0,0.0,0.0,0.0,0.0,0.0,185.16865870952594,0.0,0.0,5877.880180612205,0.0,271.83516908288004,0.0,0.0,391.18996939212076,0.0,0.0,0.0,0.0,0.0,0.0,0.0,5202.306257241963,0.0,0.0,0.0,0.0,0.0,0.0,0.0
6068,0.0,257.8038993179798,0.0,0.0,0.0,0.0,0.0,0.0,0.0,0.0,0.0,0.0,0.0,193.43867223262788,0.0,0.0,6011.053151682017,0.0,265.02817211151114,0.0,0.0,418.6458794094618,0.0,0.0,0.0,0.0,0.0,0.0,0.0,5140.283214902876,0.0,0.0,0.0,0.0,0.0,0.0,0.0
6069,0.0,274.6932743489742,0.0,0.0,0.0,0.0,0.0,0.0,0.0,0.0,0.0,0.0,0.0,201.68873435258865,0.0,0.0,6124.552224174142,0.0,252.48263170719147,0.0,0.0,435.6946823023255,0.0,0.0,0.0,0.0,0.0,0.0,0.0,5043.092639631032,0.0,0.0,0.0,0.0,0.0,0.0,0.0
6070,0.0,289.226009362936,0.0,0.0,0.0,0.0,0.0,0.0,0.0,0.0,0.0,0.0,0.0,219.01466734409323,0.0,0.0,6235.952602282166,0.0,243.88049288392057,0.0,0.0,455.1200283419334,0.0,0.0,0.0,0.0,0.0,0.0,0.0,4940.171230423451,0.0,0.0,0.0,0.0,0.0,0.0,0.0
6071,0.0,301.57394678592675,0.0,0.0,0.0,0.0,0.0,0.0,0.0,0.0,0.0,0.0,0.0,253.02403089404103,0.0,0.0,6356.628696173429,0.0,244.97755036354053,0.0,0.0,492.308763762563,0.0,0.0,0.0,0.0,0.0,0.0,0.0,4841.272036376595,0.0,0.0,0.0,0.0,0.0,0.0,0.0
6072,0.0,345.1057434976101,0.0,0.0,0.0,0.0,0.0,0.0,0.0,0.0,0.0,0.0,0.0,300.1539751648903,0.0,0.0,6780.302819430826,0.0,280.55379856824857,0.0,0.0,976.5241789385674,0.0,0.0,0.0,0.0,0.0,0.0,0.0,5322.3507386684405,0.0,0.0,0.0,0.0,0.0,0.0,0.0
6073,0.0,374.60288169980043,0.0,0.0,0.0,0.0,0.0,0.0,0.0,0.0,0.0,0.0,0.0,360.1707773149013,0.0,0.0,7186.652212768791,0.0,319.56085979938507,0.0,0.0,1416.8799088552591,0.0,0.0,0.0,0.0,0.0,0.0,0.0,5805.187239027023,0.0,0.0,0.0,0.0,0.0,0.0,0.0
6074,0.0,386.0453708589077,0.0,0.0,0.0,0.0,0.0,0.0,0.0,0.0,0.0,0.0,0.0,422.3587404727935,0.0,0.0,7539.229757815598,0.0,353.3440706908701,0.0,0.0,1790.5911578401924,0.0,0.0,0.0,0.0,0.0,0.0,0.0,6286.911419522761,0.0,0.0,0.0,0.0,0.0,0.0,0.0
6075,0.0,380.9981133162975,0.0,0.0,0.0,0.0,0.0,0.0,0.0,0.0,0.0,0.0,0.0,477.43963273763654,0.0,0.0,7822.575280040501,0.0,374.809772390127,0.0,0.0,2018.422614209354,0.0,0.0,0.0,0.0,0.0,0.0,0.0,6768.010010498762,0.0,0.0,0.0,0.0,0.0,0.0,0.0
6076,0.0,366.33065384030334,0.0,0.0,0.0,0.0,0.0,0.0,0.0,0.0,0.0,0.0,0.0,525.6455404877663,0.0,0.0,8049.577314376829,0.0,387.25470991730685,0.0,0.0,2158.4467486247418,0.0,0.0,0.0,0.0,0.0,0.0,0.0,7291.570580530166,0.0,0.0,0.0,0.0,0.0,0.0,0.0
6077,0.0,342.68373321890823,0.0,0.0,0.0,0.0,0.0,0.0,0.0,0.0,0.0,0.0,0.0,562.1093077182769,0.0,0.0,8235.927062869072,0.0,381.96129123568534,0.0,0.0,2173.8234145939346,0.0,0.0,0.0,0.0,0.0,0.0,0.0,7703.286592805384,0.0,0.0,0.0,0.0,0.0,0.0,0.0
6078,0.0,299.35764241218567,0.0,0.0,0.0,0.0,0.0,0.0,0.0,0.0,0.0,0.0,0.0,590.6322371602057,0.0,0.0,7927.038609772921,0.0,360.4315937757492,0.0,0.0,2039.4473972126839,0.0,0.0,0.0,0.0,0.0,0.0,0.0,7531.679793679714,0.0,0.0,0.0,0.0,0.0,0.0,0.0
6079,0.0,270.2241929233074,0.0,0.0,0.0,0.0,0.0,0.0,0.0,0.0,0.0,0.0,0.0,607.9049514651299,0.0,0.0,7676.39787134528,0.0,328.43229064941397,0.0,0.0,1889.3105129286641,0.0,0.0,0.0,0.0,0.0,0.0,0.0,7339.430710077285,0.0,0.0,0.0,0.0,0.0,0.0,0.0
6080,0.0,247.25165212154388,0.0,0.0,0.0,0.0,0.0,0.0,0.0,0.0,0.0,0.0,0.0,620.891521525383,0.0,0.0,7484.118416666985,0.0,295.6800072968006,0.0,0.0,1678.1159560874105,0.0,0.0,0.0,0.0,0.0,0.0,0.0,7047.201572847365,0.0,0.0,0.0,0.0,0.0,0.0,0.0
6081,0.0,225.27398778498173,0.0,0.0,0.0,0.0,0.0,0.0,0.0,0.0,0.0,0.0,0.0,624.8283144593238,0.0,0.0,7344.4548948407155,0.0,271.82743268013,0.0,0.0,1456.7031379312273,0.0,0.0,0.0,0.0,0.0,0.0,0.0,6685.748243165016,0.0,0.0,0.0,0.0,0.0,0.0,0.0
6082,0.0,202.11075098812572,0.0,0.0,0.0,0.0,0.0,0.0,0.0,0.0,0.0,0.0,0.0,602.6311006784439,0.0,0.0,7005.088700950146,0.0,236.33718896806232,0.0,0.0,1214.9369044393293,0.0,0.0,0.0,0.0,0.0,0.0,0.0,6190.9257368981835,0.0,0.0,0.0,0.0,0.0,0.0,0.0
6083,0.0,184.16953197419645,0.0,0.0,0.0,0.0,0.0,0.0,0.0,0.0,0.0,0.0,0.0,575.9272908568381,0.0,0.0,6688.917825013397,0.0,205.3176078796386,0.0,0.0,1007.3339753955597,0.0,0.0,0.0,0.0,0.0,0.0,0.0,5741.641446706651,0.0,0.0,0.0,0.0,0.0,0.0,0.0
6084,0.0,167.32379790544505,0.0,0.0,0.0,0.0,0.0,0.0,0.0,0.0,0.0,0.0,0.0,549.2964717864991,0.0,0.0,6410.635461330413,0.0,176.5556039661168,0.0,0.0,832.2948759913437,0.0,0.0,0.0,0.0,0.0,0.0,0.0,5339.0366214483965,0.0,0.0,0.0,0.0,0.0,0.0,0.0
6085,0.0,152.5704593002796,0.0,0.0,0.0,0.0,0.0,0.0,0.0,0.0,0.0,0.0,0.0,525.269781589508,0.0,0.0,6178.436085805295,0.0,151.4257670402525,0.0,0.0,698.0096862539642,0.0,0.0,0.0,0.0,0.0,0.0,0.0,4977.805321803689,0.0,0.0,0.0,0.0,0.0,0.0,0.0
6086,0.0,139.34552230238916,0.0,0.0,0.0,0.0,0.0,0.0,0.0,0.0,0.0,0.0,0.0,503.1654651284217,0.0,0.0,5978.060166895388,0.0,127.04305616617194,0.0,0.0,600.5066268514834,0.0,0.0,0.0,0.0,0.0,0.0,0.0,4653.8027459949235,0.0,0.0,0.0,0.0,0.0,0.0,0.0
6087,0.0,112.74296105056993,0.0,0.0,0.0,0.0,0.0,0.0,0.0,0.0,0.0,0.0,0.0,493.269344997406,0.0,0.0,5844.583048492668,0.0,118.05275593250977,0.0,0.0,583.6997282501305,0.0,0.0,0.0,0.0,0.0,0.0,0.0,3759.2788007438166,0.0,0.0,0.0,0.0,0.0,0.0,0.0
6088,0.0,90.53400382250544,0.0,0.0,0.0,0.0,0.0,0.0,0.0,0.0,0.0,0.0,0.0,484.79479596614834,0.0,0.0,5711.846462726591,0.0,108.9749172642826,0.0,0.0,581.5925269123159,0.0,0.0,0.0,0.0,0.0,0.0,0.0,2995.77861379683,0.0,0.0,0.0,0.0,0.0,0.0,0.0
6089,0.0,78.60275271981955,0.0,0.0,0.0,0.0,0.0,0.0,0.0,0.0,0.0,0.0,0.0,473.3017565608024,0.0,0.0,5590.75109668076,0.0,112.18280480802053,0.0,0.0,558.4036239143459,0.0,0.0,0.0,0.0,0.0,0.0,0.0,2355.366238564252,0.0,0.0,0.0,0.0,0.0,0.0,0.0
6090,0.0,77.89981900155544,0.0,0.0,0.0,0.0,0.0,0.0,0.0,0.0,0.0,0.0,0.0,466.75020895004275,0.0,0.0,5469.045491293073,0.0,126.92469809651372,0.0,0.0,556.9809602525081,0.0,0.0,0.0,0.0,0.0,0.0,0.0,1957.0803314730515,0.0,0.0,0.0,0.0,0.0,0.0,0.0
6091,0.0,85.01862646937364,0.0,0.0,0.0,0.0,0.0,0.0,0.0,0.0,0.0,0.0,0.0,471.7134903669357,0.0,0.0,5568.495446190236,0.0,133.52583561539632,0.0,0.0,603.4875144336369,0.0,0.0,0.0,0.0,0.0,0.0,0.0,2023.489009474216,0.0,0.0,0.0,0.0,0.0,0.0,0.0
6092,0.0,91.93545245379202,0.0,0.0,0.0,0.0,0.0,0.0,0.0,0.0,0.0,0.0,0.0,478.7892442822456,0.0,0.0,5598.791554242372,0.0,141.31050936877728,0.0,0.0,642.2365930862725,0.0,0.0,0.0,0.0,0.0,0.0,0.0,2137.8106124386177,0.0,0.0,0.0,0.0,0.0,0.0,0.0
6093,0.0,101.7447582095861,0.0,0.0,0.0,0.0,0.0,0.0,0.0,0.0,0.0,0.0,0.0,485.58733743429184,0.0,0.0,5629.989214107393,0.0,145.80964254736887,0.0,0.0,699.305342593789,0.0,0.0,0.0,0.0,0.0,0.0,0.0,2231.3362456396208,0.0,0.0,0.0,0.0,0.0,0.0,0.0
6094,0.0,109.53833827972406,0.0,0.0,0.0,0.0,0.0,0.0,0.0,0.0,0.0,0.0,0.0,490.2425153851509,0.0,0.0,5660.828275710344,0.0,153.4793818116187,0.0,0.0,793.7307451285413,0.0,0.0,0.0,0.0,0.0,0.0,0.0,2282.662611222267,0.0,0.0,0.0,0.0,0.0,0.0,0.0
6095,0.0,111.4204617395997,0.0,0.0,0.0,0.0,0.0,0.0,0.0,0.0,0.0,0.0,0.0,490.78640408515923,0.0,0.0,5688.977461412548,0.0,169.76793318092822,0.0,0.0,907.3366753578184,0.0,0.0,0.0,0.0,0.0,0.0,0.0,2248.019597132504,0.0,0.0,0.0,0.0,0.0,0.0,0.0
6096,0.0,127.79741668403146,0.0,0.0,0.0,0.0,0.0,0.0,0.0,0.0,0.0,0.0,0.0,488.32292139530176,0.0,0.0,6217.861281067133,0.0,216.68208710551252,0.0,0.0,1525.1080099806186,0.0,0.0,0.0,0.0,0.0,0.0,0.0,2614.3064194828266,0.0,0.0,0.0,0.0,0.0,0.0,0.0
6097,0.0,143.269196909666,0.0,0.0,0.0,0.0,0.0,0.0,0.0,0.0,0.0,0.0,0.0,480.9163328647613,0.0,0.0,6697.053571701048,0.0,269.5017099499702,0.0,0.0,2110.1264420852067,0.0,0.0,0.0,0.0,0.0,0.0,0.0,2922.504542832075,0.0,0.0,0.0,0.0,0.0,0.0,0.0
6098,0.0,157.20765171647062,0.0,0.0,0.0,0.0,0.0,0.0,0.0,0.0,0.0,0.0,0.0,470.0933019280434,0.0,0.0,7139.8314145207405,0.0,321.1336615860461,0.0,0.0,2612.285690894723,0.0,0.0,0.0,0.0,0.0,0.0,0.0,3196.1216686248777,0.0,0.0,0.0,0.0,0.0,0.0,0.0
6099,0.0,169.39658229053012,0.0,0.0,0.0,0.0,0.0,0.0,0.0,0.0,0.0,0.0,0.0,457.5331538796425,0.0,0.0,7520.137706309555,0.0,364.54851605296136,0.0,0.0,3048.7197859078647,0.0,0.0,0.0,0.0,0.0,0.0,0.0,3440.5405788242797,0.0,0.0,0.0,0.0,0.0,0.0,0.0
6100,0.0,179.72978299856177,0.0,0.0,0.0,0.0,0.0,0.0,0.0,0.0,0.0,0.0,0.0,441.88820506334304,0.0,0.0,7834.621381312609,0.0,401.5343012690543,0.0,0.0,3416.0370715230697,0.0,0.0,0.0,0.0,0.0,0.0,0.0,3664.656035402416,0.0,0.0,0.0,0.0,0.0,0.0,0.0
6101,0.0,188.33539919257157,0.0,0.0,0.0,0.0,0.0,0.0,0.0,0.0,0.0,0.0,0.0,418.1279669761658,0.0,0.0,8088.960115700958,0.0,421.387185305357,0.0,0.0,3532.6089027732605,0.0,0.0,0.0,0.0,0.0,0.0,0.0,3862.803017887472,0.0,0.0,0.0,0.0,0.0,0.0,0.0
6102,0.0,191.71177320778364,0.0,0.0,0.0,0.0,0.0,0.0,0.0,0.0,0.0,0.0,0.0,395.23456131219865,0.0,0.0,7816.36865198612,0.0,423.8529932439327,0.0,0.0,3316.3149792462586,0.0,0.0,0.0,0.0,0.0,0.0,0.0,3736.0831708341834,0.0,0.0,0.0,0.0,0.0,0.0,0.0
6103,0.0,194.6713907629251,0.0,0.0,0.0,0.0,0.0,0.0,0.0,0.0,0.0,0.0,0.0,375.1430051684379,0.0,0.0,7589.587532848118,0.0,416.0728398025035,0.0,0.0,3095.964995902776,0.0,0.0,0.0,0.0,0.0,0.0,0.0,3633.8170033663496,0.0,0.0,0.0,0.0,0.0,0.0,0.0
6104,0.0,203.8334116905927,0.0,0.0,0.0,0.0,0.0,0.0,0.0,0.0,0.0,0.0,0.0,354.08907403945915,0.0,0.0,7400.2810989022255,0.0,393.330068463087,0.0,0.0,2862.3868745058776,0.0,0.0,0.0,0.0,0.0,0.0,0.0,3524.8045942336307,0.0,0.0,0.0,0.0,0.0,0.0,0.0
6105,0.0,211.65848451554768,0.0,0.0,0.0,0.0,0.0,0.0,0.0,0.0,0.0,0.0,0.0,336.0922583043574,0.0,0.0,7233.3672206401825,0.0,369.63865408301353,0.0,0.0,2597.3624062478543,0.0,0.0,0.0,0.0,0.0,0.0,0.0,3440.679076388478,0.0,0.0,0.0,0.0,0.0,0.0,0.0
6106,0.0,197.37244508564473,0.0,0.0,0.0,0.0,0.0,0.0,0.0,0.0,0.0,0.0,0.0,299.05373374223706,0.0,0.0,7090.102158784866,0.0,341.9764791190624,0.0,0.0,2428.7154536604876,0.0,0.0,0.0,0.0,0.0,0.0,0.0,3189.509946787357,0.0,0.0,0.0,0.0,0.0,0.0,0.0
6107,0.0,183.33113732635974,0.0,0.0,0.0,0.0,0.0,0.0,0.0,0.0,0.0,0.0,0.0,266.41982889175415,0.0,0.0,6952.534219861029,0.0,313.22874753475173,0.0,0.0,2239.2321854308248,0.0,0.0,0.0,0.0,0.0,0.0,0.0,2982.4680215239505,0.0,0.0,0.0,0.0,0.0,0.0,0.0
6108,0.0,171.28847621977326,0.0,0.0,0.0,0.0,0.0,0.0,0.0,0.0,0.0,0.0,0.0,242.53396421670902,0.0,0.0,6832.2933444678765,0.0,285.9142957150935,0.0,0.0,1995.6613580346097,0.0,0.0,0.0,0.0,0.0,0.0,0.0,2817.7231800436957,0.0,0.0,0.0,0.0,0.0,0.0,0.0
6109,0.0,162.06310505568973,0.0,0.0,0.0,0.0,0.0,0.0,0.0,0.0,0.0,0.0,0.0,223.50418139696117,0.0,0.0,6730.270194232464,0.0,263.39614682793615,0.0,0.0,1700.858895353973,0.0,0.0,0.0,0.0,0.0,0.0,0.0,2688.1925195008503,0.0,0.0,0.0,0.0,0.0,0.0,0.0
6110,0.0,155.9068255931138,0.0,0.0,0.0,0.0,0.0,0.0,0.0,0.0,0.0,0.0,0.0,207.05821737051002,0.0,0.0,6646.310750812292,0.0,242.7232337415217,0.0,0.0,1383.1810364261266,0.0,0.0,0.0,0.0,0.0,0.0,0.0,2587.0860431253896,0.0,0.0,0.0,0.0,0.0,0.0,0.0
6111,0.0,134.43732385933396,0.0,0.0,0.0,0.0,0.0,0.0,0.0,0.0,0.0,0.0,0.0,202.66727221608153,0.0,0.0,6394.900698542594,0.0,238.53908479213712,0.0,0.0,1224.5146794855593,0.0,0.0,0.0,0.0,0.0,0.0,0.0,2283.9215649291855,0.0,0.0,0.0,0.0,0.0,0.0,0.0
6112,0.0,117.58409886360162,0.0,0.0,0.0,0.0,0.0,0.0,0.0,0.0,0.0,0.0,0.0,190.73196176290503,0.0,0.0,6161.28093163669,0.0,234.55516343116759,0.0,0.0,1095.1459144212304,0.0,0.0,0.0,0.0,0.0,0.0,0.0,2264.794436572492,0.0,0.0,0.0,0.0,0.0,0.0,0.0
6113,0.0,102.79341083317992,0.0,0.0,0.0,0.0,0.0,0.0,0.0,0.0,0.0,0.0,0.0,172.5740776777267,0.0,0.0,5942.168059065937,0.0,216.47877681255335,0.0,0.0,910.1155471220603,0.0,0.0,0.0,0.0,0.0,0.0,0.0,2248.0100144028647,0.0,0.0,0.0,0.0,0.0,0.0,0.0
6114,0.0,89.8206824049353,0.0,0.0,0.0,0.0,0.0,0.0,0.0,0.0,0.0,0.0,0.0,151.6071929514407,0.0,0.0,5755.279635310172,0.0,210.03601323962195,0.0,0.0,790.3125981308518,0.0,0.0,0.0,0.0,0.0,0.0,0.0,2232.6552270114416,0.0,0.0,0.0,0.0,0.0,0.0,0.0
6115,0.0,86.87119303196663,0.0,0.0,0.0,0.0,0.0,0.0,0.0,0.0,0.0,0.0,0.0,137.79716795682907,0.0,0.0,6006.616567760704,0.0,191.70027928054324,0.0,0.0,699.4343178480857,0.0,0.0,0.0,0.0,0.0,0.0,0.0,2334.291827222705,0.0,0.0,0.0,0.0,0.0,0.0,0.0
6116,0.0,91.24405672699211,0.0,0.0,0.0,0.0,0.0,0.0,0.0,0.0,0.0,0.0,0.0,123.3596937507391,0.0,0.0,6144.632171109317,0.0,166.01087219715114,0.0,0.0,591.4787374991914,0.0,0.0,0.0,0.0,0.0,0.0,0.0,2536.2652117326857,0.0,0.0,0.0,0.0,0.0,0.0,0.0
6117,0.0,98.6448681369423,0.0,0.0,0.0,0.0,0.0,0.0,0.0,0.0,0.0,0.0,0.0,108.9893145442009,0.0,0.0,6214.996384322642,0.0,138.4839657157658,0.0,0.0,535.4833058282728,0.0,0.0,0.0,0.0,0.0,0.0,0.0,2789.5392873421292,0.0,0.0,0.0,0.0,0.0,0.0,0.0
6118,0.0,104.83563532233232,0.0,0.0,0.0,0.0,0.0,0.0,0.0,0.0,0.0,0.0,0.0,97.60448347926136,0.0,0.0,6277.102336257696,0.0,116.95864777117956,0.0,0.0,520.9108808007092,0.0,0.0,0.0,0.0,0.0,0.0,0.0,3106.66128246486,0.0,0.0,0.0,0.0,0.0,0.0,0.0
6119,0.0,115.55182019323104,0.0,0.0,0.0,0.0,0.0,0.0,0.0,0.0,0.0,0.0,0.0,92.66220147460697,0.0,0.0,6319.343422427773,0.0,108.62078416943538,0.0,0.0,520.1768042139705,0.0,0.0,0.0,0.0,0.0,0.0,0.0,3434.9851269215346,0.0,0.0,0.0,0.0,0.0,0.0,0.0
6120,0.0,151.3253241509199,0.0,0.0,0.0,0.0,0.0,0.0,0.0,0.0,0.0,0.0,0.0,92.23121754080057,0.0,0.0,6845.439354509115,0.0,129.58158925473683,0.0,0.0,1090.6488863937548,0.0,0.0,0.0,0.0,0.0,0.0,0.0,4393.1467140525565,0.0,0.0,0.0,0.0,0.0,0.0,0.0
6121,0.0,190.28072559535497,0.0,0.0,0.0,0.0,0.0,0.0,0.0,0.0,0.0,0.0,0.0,98.4375330209732,0.0,0.0,7351.704647123814,0.0,158.7032173305748,0.0,0.0,1568.8082170352332,0.0,0.0,0.0,0.0,0.0,0.0,0.0,5337.247001487017,0.0,0.0,0.0,0.0,0.0,0.0,0.0
6122,0.0,232.7074843257665,0.0,0.0,0.0,0.0,0.0,0.0,0.0,0.0,0.0,0.0,0.0,108.0210886418819,0.0,0.0,7786.955815792084,0.0,188.70387564301475,0.0,0.0,1947.1834655329585,0.0,0.0,0.0,0.0,0.0,0.0,0.0,6264.299070477486,0.0,0.0,0.0,0.0,0.0,0.0,0.0
6123,0.0,276.3404927194118,0.0,0.0,0.0,0.0,0.0,0.0,0.0,0.0,0.0,0.0,0.0,117.1632250726223,0.0,0.0,8138.493348091841,0.0,211.7051050812005,0.0,0.0,2227.0505332142106,0.0,0.0,0.0,0.0,0.0,0.0,0.0,7220.884750598668,0.0,0.0,0.0,0.0,0.0,0.0,0.0
6124,0.0,318.0604109466076,0.0,0.0,0.0,0.0,0.0,0.0,0.0,0.0,0.0,0.0,0.0,126.36248080134392,0.0,0.0,8420.5748308897,0.0,230.12413134574888,0.0,0.0,2399.397501254081,0.0,0.0,0.0,0.0,0.0,0.0,0.0,8019.707602214813,0.0,0.0,0.0,0.0,0.0,0.0,0.0
6125,0.0,361.31582892537114,0.0,0.0,0.0,0.0,0.0,0.0,0.0,0.0,0.0,0.0,0.0,127.08129174709316,0.0,0.0,8579.15927273035,0.0,224.50144128501404,0.0,0.0,1944.9055082246653,0.0,0.0,0.0,0.0,0.0,0.0,0.0,8671.599364328382,0.0,0.0,0.0,0.0,0.0,0.0,0.0
6126,0.0,394.7389423191547,0.0,0.0,0.0,0.0,0.0,0.0,0.0,0.0,0.0,0.0,0.0,127.07044177055359,0.0,0.0,8242.797992259264,0.0,205.86972322762003,0.0,0.0,1714.7859521269788,0.0,0.0,0.0,0.0,0.0,0.0,0.0,8803.508349883556,0.0,0.0,0.0,0.0,0.0,0.0,0.0
6127,0.0,426.26000554561614,0.0,0.0,0.0,0.0,0.0,0.0,0.0,0.0,0.0,0.0,0.0,121.8544276356697,0.0,0.0,7931.438244849443,0.0,187.95670512914646,0.0,0.0,1513.2712000519036,0.0,0.0,0.0,0.0,0.0,0.0,0.0,8943.430667090415,0.0,0.0,0.0,0.0,0.0,0.0,0.0
6128,0.0,453.1352351367474,0.0,0.0,0.0,0.0,0.0,0.0,0.0,0.0,0.0,0.0,0.0,111.83776964545241,0.0,0.0,7645.118146151302,0.0,162.9543558210134,0.0,0.0,1326.6512732952833,0.0,0.0,0.0,0.0,0.0,0.0,0.0,9013.353494775294,0.0,0.0,0.0,0.0,0.0,0.0,0.0
6129,0.0,468.47042518258087,0.0,0.0,0.0,0.0,0.0,0.0,0.0,0.0,0.0,0.0,0.0,99.18886027038097,0.0,0.0,7388.308117449284,0.0,138.12281502187244,0.0,0.0,1151.9012328676872,0.0,0.0,0.0,0.0,0.0,0.0,0.0,9121.16462738514,0.0,0.0,0.0,0.0,0.0,0.0,0.0
6130,0.0,469.34756503701203,0.0,0.0,0.0,0.0,0.0,0.0,0.0,0.0,0.0,0.0,0.0,66.04131887555121,0.0,0.0,7123.369342893362,0.0,99.86429521888486,0.0,0.0,986.0939308762543,0.0,0.0,0.0,0.0,0.0,0.0,0.0,8996.771394765377,0.0,0.0,0.0,0.0,0.0,0.0,0.0
6131,0.0,471.5875205397606,0.0,0.0,0.0,0.0,0.0,0.0,0.0,0.0,0.0,0.0,0.0,33.63684955686316,0.0,0.0,6908.137265831232,0.0,65.66471913456901,0.0,0.0,871.9384934015563,0.0,0.0,0.0,0.0,0.0,0.0,0.0,8895.912622910737,0.0,0.0,0.0,0.0,0.0,0.0,0.0
6132,0.0,476.101715862751,0.0,0.0,0.0,0.0,0.0,0.0,0.0,0.0,0.0,0.0,0.0,23.287961474061,0.0,0.0,6731.414441615343,0.0,43.149564027786234,0.0,0.0,787.9096771225326,0.0,0.0,0.0,0.0,0.0,0.0,0.0,8815.538472509385,0.0,0.0,0.0,0.0,0.0,0.0,0.0
6133,0.0,480.7098423600197,0.0,0.0,0.0,0.0,0.0,0.0,0.0,0.0,0.0,0.0,0.0,23.08681378141036,0.0,0.0,6574.549871265886,0.0,30.442876354977436,0.0,0.0,714.3155190199607,0.0,0.0,0.0,0.0,0.0,0.0,0.0,8753.661521595715,0.0,0.0,0.0,0.0,0.0,0.0,0.0
6134,0.0,485.4189140081406,0.0,0.0,0.0,0.0,0.0,0.0,0.0,0.0,0.0,0.0,0.0,23.16044903025023,0.0,0.0,6436.100994095206,0.0,24.574362837895574,0.0,0.0,648.4442840963602,0.0,0.0,0.0,0.0,0.0,0.0,0.0,8706.975186026095,0.0,0.0,0.0,0.0,0.0,0.0,0.0
6135,0.0,480.8885023713112,0.0,0.0,0.0,0.0,0.0,0.0,0.0,0.0,0.0,0.0,0.0,23.348056669533232,0.0,0.0,6143.199722737073,0.0,28.646156099066037,0.0,0.0,686.7410032376641,0.0,0.0,0.0,0.0,0.0,0.0,0.0,8427.38151064515,0.0,0.0,0.0,0.0,0.0,0.0,0.0
6136,0.0,478.170502281189,0.0,0.0,0.0,0.0,0.0,0.0,0.0,0.0,0.0,0.0,0.0,23.373618003726005,0.0,0.0,5881.284919425844,0.0,34.78900253176685,0.0,0.0,731.3887696869663,0.0,0.0,0.0,0.0,0.0,0.0,0.0,8190.6309538304795,0.0,0.0,0.0,0.0,0.0,0.0,0.0
6137,0.0,475.69036016464236,0.0,0.0,0.0,0.0,0.0,0.0,0.0,0.0,0.0,0.0,0.0,23.12849876359102,0.0,0.0,5627.582094103098,0.0,33.41771773397914,0.0,0.0,732.4790798619382,0.0,0.0,0.0,0.0,0.0,0.0,0.0,8085.856642484664,0.0,0.0,0.0,0.0,0.0,0.0,0.0
6138,0.0,473.47298966646196,0.0,0.0,0.0,0.0,0.0,0.0,0.0,0.0,0.0,0.0,0.0,23.45154196359204,0.0,0.0,5376.8254529833775,0.0,41.55666537880891,0.0,0.0,737.9640098959202,0.0,0.0,0.0,0.0,0.0,0.0,0.0,8167.667840719222,0.0,0.0,0.0,0.0,0.0,0.0,0.0
6139,0.0,484.9842719078064,0.0,0.0,0.0,0.0,0.0,0.0,0.0,0.0,0.0,0.0,0.0,24.387238952517485,0.0,0.0,5379.707073941827,0.0,48.941662041842925,0.0,0.0,688.3401752874249,0.0,0.0,0.0,0.0,0.0,0.0,0.0,8876.264049416779,0.0,0.0,0.0,0.0,0.0,0.0,0.0
6140,0.0,495.47067189216614,0.0,0.0,0.0,0.0,0.0,0.0,0.0,0.0,0.0,0.0,0.0,24.262618341296815,0.0,0.0,5439.112259790301,0.0,63.168869647383644,0.0,0.0,667.1585632190106,0.0,0.0,0.0,0.0,0.0,0.0,0.0,9711.48030013442,0.0,0.0,0.0,0.0,0.0,0.0,0.0
6141,0.0,505.4354564666748,0.0,0.0,0.0,0.0,0.0,0.0,0.0,0.0,0.0,0.0,0.0,24.690365776419604,0.0,0.0,5536.619094386697,0.0,77.36310120671973,0.0,0.0,651.9623415023086,0.0,0.0,0.0,0.0,0.0,0.0,0.0,10508.053199154137,0.0,0.0,0.0,0.0,0.0,0.0,0.0
6142,0.0,513.9084523916245,0.0,0.0,0.0,0.0,0.0,0.0,0.0,0.0,0.0,0.0,0.0,25.819093991815972,0.0,0.0,5653.107911825179,0.0,88.30522767901414,0.0,0.0,648.5848398752502,0.0,0.0,0.0,0.0,0.0,0.0,0.0,11151.543257856367,0.0,0.0,0.0,0.0,0.0,0.0,0.0
6143,0.0,520.1414647579193,0.0,0.0,0.0,0.0,0.0,0.0,0.0,0.0,0.0,0.0,0.0,28.86604033485043,0.0,0.0,5768.844139635561,0.0,91.28123804032795,0.0,0.0,654.8717023149125,0.0,0.0,0.0,0.0,0.0,0.0,0.0,11545.536644488573,0.0,0.0,0.0,0.0,0.0,0.0,0.0
6144,0.0,535.1932901501656,0.0,0.0,0.0,0.0,0.0,0.0,0.0,0.0,0.0,0.0,0.0,37.27525972947464,0.0,0.0,6290.189228147268,0.0,107.52369704842555,0.0,0.0,1214.0853195883324,0.0,0.0,0.0,0.0,0.0,0.0,0.0,12483.545570385457,0.0,0.0,0.0,0.0,0.0,0.0,0.0
6145,0.0,550.4719756007195,0.0,0.0,0.0,0.0,0.0,0.0,0.0,0.0,0.0,0.0,0.0,47.178998942673196,0.0,0.0,6858.563584178686,0.0,113.04525809735057,0.0,0.0,1765.7308748155824,0.0,0.0,0.0,0.0,0.0,0.0,0.0,13039.555071032048,0.0,0.0,0.0,0.0,0.0,0.0,0.0
6146,0.0,564.3919696211815,0.0,0.0,0.0,0.0,0.0,0.0,0.0,0.0,0.0,0.0,0.0,56.9085360661148,0.0,0.0,7502.70018517971,0.0,113.43605018109083,0.0,0.0,2295.448593190312,0.0,0.0,0.0,0.0,0.0,0.0,0.0,13481.279129958153,0.0,0.0,0.0,0.0,0.0,0.0,0.0
6147,0.0,576.7257949233056,0.0,0.0,0.0,0.0,0.0,0.0,0.0,0.0,0.0,0.0,0.0,65.4165036976336,0.0,0.0,8172.392940849066,0.0,112.72815450876944,0.0,0.0,2777.568387553096,0.0,0.0,0.0,0.0,0.0,0.0,0.0,13930.183365476132,0.0,0.0,0.0,0.0,0.0,0.0,0.0
6148,0.0,586.232033765316,0.0,0.0,0.0,0.0,0.0,0.0,0.0,0.0,0.0,0.0,0.0,73.41313816308968,0.0,0.0,8859.938600450754,0.0,114.0551476597786,0.0,0.0,3074.7455389827487,0.0,0.0,0.0,0.0,0.0,0.0,0.0,14365.946604955196,0.0,0.0,0.0,0.0,0.0,0.0,0.0
6149,0.0,595.0443939328194,0.0,0.0,0.0,0.0,0.0,0.0,0.0,0.0,0.0,0.0,0.0,69.13512019217009,0.0,0.0,9530.079409480095,0.0,111.6400931909679,0.0,0.0,2723.3503393381834,0.0,0.0,0.0,0.0,0.0,0.0,0.0,14715.343775916099,0.0,0.0,0.0,0.0,0.0,0.0,0.0
6150,0.0,600.3820862174034,0.0,0.0,0.0,0.0,0.0,0.0,0.0,0.0,0.0,0.0,0.0,64.67154296338552,0.0,0.0,9532.31500905752,0.0,99.88681526482092,0.0,0.0,2715.999960878491,0.0,0.0,0.0,0.0,0.0,0.0,0.0,14472.898546409608,0.0,0.0,0.0,0.0,0.0,0.0,0.0
6151,0.0,605.3569595217705,0.0,0.0,0.0,0.0,0.0,0.0,0.0,0.0,0.0,0.0,0.0,59.46454058587539,0.0,0.0,9530.591248214245,0.0,98.89719300270066,0.0,0.0,2750.140255656838,0.0,0.0,0.0,0.0,0.0,0.0,0.0,14241.065918767452,0.0,0.0,0.0,0.0,0.0,0.0,0.0
6152,0.0,608.8455431342124,0.0,0.0,0.0,0.0,0.0,0.0,0.0,0.0,0.0,0.0,0.0,55.87068761289119,0.0,0.0,9501.929834842682,0.0,85.45366669297216,0.0,0.0,2768.2364526629444,0.0,0.0,0.0,0.0,0.0,0.0,0.0,13898.980551326275,0.0,0.0,0.0,0.0,0.0,0.0,0.0
6153,0.0,611.7575217604638,0.0,0.0,0.0,0.0,0.0,0.0,0.0,0.0,0.0,0.0,0.0,55.151461946964126,0.0,0.0,9380.747736245394,0.0,73.25202569365489,0.0,0.0,2789.5830682843925,0.0,0.0,0.0,0.0,0.0,0.0,0.0,13438.023049986363,0.0,0.0,0.0,0.0,0.0,0.0,0.0
6154,0.0,598.103722178936,0.0,0.0,0.0,0.0,0.0,0.0,0.0,0.0,0.0,0.0,0.0,47.32550725191817,0.0,0.0,9233.55209517479,0.0,59.868864074349275,0.0,0.0,2716.1846437543627,0.0,0.0,0.0,0.0,0.0,0.0,0.0,12940.479048502446,0.0,0.0,0.0,0.0,0.0,0.0,0.0
6155,0.0,584.3579553365707,0.0,0.0,0.0,0.0,0.0,0.0,0.0,0.0,0.0,0.0,0.0,47.82883743941775,0.0,0.0,9099.58414053917,0.0,58.5424044683574,0.0,0.0,2638.1046597003933,0.0,0.0,0.0,0.0,0.0,0.0,0.0,12420.486146795749,0.0,0.0,0.0,0.0,0.0,0.0,0.0
6156,0.0,572.160650074482,0.0,0.0,0.0,0.0,0.0,0.0,0.0,0.0,0.0,0.0,0.0,54.97126602977507,0.0,0.0,9019.521050035952,0.0,66.42168612778174,0.0,0.0,2565.9275642216207,0.0,0.0,0.0,0.0,0.0,0.0,0.0,11890.077360391617,0.0,0.0,0.0,0.0,0.0,0.0,0.0
6157,0.0,562.3239126563072,0.0,0.0,0.0,0.0,0.0,0.0,0.0,0.0,0.0,0.0,0.0,63.00615002512931,0.0,0.0,9015.487791925667,0.0,79.18820309340943,0.0,0.0,2495.3744670152664,0.0,0.0,0.0,0.0,0.0,0.0,0.0,11393.25586056113,0.0,0.0,0.0,0.0,0.0,0.0,0.0
6158,0.0,553.6683288931847,0.0,0.0,0.0,0.0,0.0,0.0,0.0,0.0,0.0,0.0,0.0,71.54624165743589,0.0,0.0,9076.43160545826,0.0,93.90069953352204,0.0,0.0,2425.338784620165,0.0,0.0,0.0,0.0,0.0,0.0,0.0,10933.047620195148,0.0,0.0,0.0,0.0,0.0,0.0,0.0
6159,0.0,543.8965689539909,0.0,0.0,0.0,0.0,0.0,0.0,0.0,0.0,0.0,0.0,0.0,91.76335713714361,0.0,0.0,8787.238831311464,0.0,117.05587152987704,0.0,0.0,2589.959347754717,0.0,0.0,0.0,0.0,0.0,0.0,0.0,9994.78845849037,0.0,0.0,0.0,0.0,0.0,0.0,0.0
6160,0.0,530.943830358982,0.0,0.0,0.0,0.0,0.0,0.0,0.0,0.0,0.0,0.0,0.0,111.62020968198767,0.0,0.0,8526.20496624708,0.0,131.8100141227245,0.0,0.0,2755.6928522855037,0.0,0.0,0.0,0.0,0.0,0.0,0.0,8950.28900861144,0.0,0.0,0.0,0.0,0.0,0.0,0.0
6161,0.0,517.6135714888572,0.0,0.0,0.0,0.0,0.0,0.0,0.0,0.0,0.0,0.0,0.0,126.10348244607435,0.0,0.0,8126.357013851404,0.0,142.23004456460467,0.0,0.0,2885.994795700907,0.0,0.0,0.0,0.0,0.0,0.0,0.0,8068.653292304277,0.0,0.0,0.0,0.0,0.0,0.0,0.0
6162,0.0,506.72726261615753,0.0,0.0,0.0,0.0,0.0,0.0,0.0,0.0,0.0,0.0,0.0,144.94678689837454,0.0,0.0,7790.662368327377,0.0,157.67522428929794,0.0,0.0,3057.669941934943,0.0,0.0,0.0,0.0,0.0,0.0,0.0,7558.123788130283,0.0,0.0,0.0,0.0,0.0,0.0,0.0
6163,0.0,518.979838013649,0.0,0.0,0.0,0.0,0.0,0.0,0.0,0.0,0.0,0.0,0.0,173.06212486624707,0.0,0.0,7946.77240437269,0.0,165.11269362270824,0.0,0.0,3039.073890128732,0.0,0.0,0.0,0.0,0.0,0.0,0.0,7922.168432551623,0.0,0.0,0.0,0.0,0.0,0.0,0.0
6164,0.0,530.3246926188469,0.0,0.0,0.0,0.0,0.0,0.0,0.0,0.0,0.0,0.0,0.0,199.65384815335264,0.0,0.0,8171.681189417837,0.0,178.01501261591903,0.0,0.0,3016.909220194816,0.0,0.0,0.0,0.0,0.0,0.0,0.0,8358.52977900505,0.0,0.0,0.0,0.0,0.0,0.0,0.0
6165,0.0,537.8711702942849,0.0,0.0,0.0,0.0,0.0,0.0,0.0,0.0,0.0,0.0,0.0,225.42323737144463,0.0,0.0,8439.155043661593,0.0,191.58123945891847,0.0,0.0,2997.6092541486023,0.0,0.0,0.0,0.0,0.0,0.0,0.0,8764.443358081578,0.0,0.0,0.0,0.0,0.0,0.0,0.0
6166,0.0,542.8419474363327,0.0,0.0,0.0,0.0,0.0,0.0,0.0,0.0,0.0,0.0,0.0,253.59811570644368,0.0,0.0,8672.289808362722,0.0,215.86174682080747,0.0,0.0,2981.24392927587,0.0,0.0,0.0,0.0,0.0,0.0,0.0,8967.117005079985,0.0,0.0,0.0,0.0,0.0,0.0,0.0
6167,0.0,543.5290365815163,0.0,0.0,0.0,0.0,0.0,0.0,0.0,0.0,0.0,0.0,0.0,287.54502463936797,0.0,0.0,8753.542262732983,0.0,258.1026095807552,0.0,0.0,2964.2797474712133,0.0,0.0,0.0,0.0,0.0,0.0,0.0,8850.14550616145,0.0,0.0,0.0,0.0,0.0,0.0,0.0
6168,0.0,540.4142698645592,0.0,0.0,0.0,0.0,0.0,0.0,0.0,0.0,0.0,0.0,0.0,322.893418765068,0.0,0.0,8989.32645407319,0.0,341.02258955240245,0.0,0.0,3507.1241796970367,0.0,0.0,0.0,0.0,0.0,0.0,0.0,9500.05563210845,0.0,0.0,0.0,0.0,0.0,0.0,0.0
6169,0.0,529.830123102665,0.0,0.0,0.0,0.0,0.0,0.0,0.0,0.0,0.0,0.0,0.0,362.05838180780404,0.0,0.0,9011.284958064554,0.0,431.22886776924116,0.0,0.0,3818.169198551774,0.0,0.0,0.0,0.0,0.0,0.0,0.0,9920.097409182785,0.0,0.0,0.0,0.0,0.0,0.0,0.0
6170,0.0,519.0958211302757,0.0,0.0,0.0,0.0,0.0,0.0,0.0,0.0,0.0,0.0,0.0,400.4381114244461,0.0,0.0,8991.89964941144,0.0,514.7016893029213,0.0,0.0,4031.504562959075,0.0,0.0,0.0,0.0,0.0,0.0,0.0,10328.728867352007,0.0,0.0,0.0,0.0,0.0,0.0,0.0
6171,0.0,510.0263566374779,0.0,0.0,0.0,0.0,0.0,0.0,0.0,0.0,0.0,0.0,0.0,432.97566668987275,0.0,0.0,8987.850056022404,0.0,579.090850508213,0.0,0.0,4198.357669579982,0.0,0.0,0.0,0.0,0.0,0.0,0.0,10922.06762009263,0.0,0.0,0.0,0.0,0.0,0.0,0.0
6172,0.0,507.1612313747406,0.0,0.0,0.0,0.0,0.0,0.0,0.0,0.0,0.0,0.0,0.0,461.44040080308906,0.0,0.0,8998.468765079973,0.0,625.3845360398293,0.0,0.0,4350.864247092604,0.0,0.0,0.0,0.0,0.0,0.0,0.0,11635.705429416896,0.0,0.0,0.0,0.0,0.0,0.0,0.0
6173,0.0,495.5918172955513,0.0,0.0,0.0,0.0,0.0,0.0,0.0,0.0,0.0,0.0,0.0,481.1319425225258,0.0,0.0,9003.883521050215,0.0,649.9682155370713,0.0,0.0,4496.229046967625,0.0,0.0,0.0,0.0,0.0,0.0,0.0,12221.6687348485,0.0,0.0,0.0,0.0,0.0,0.0,0.0
6174,0.0,464.2608328342438,0.0,0.0,0.0,0.0,0.0,0.0,0.0,0.0,0.0,0.0,0.0,500.3359526515007,0.0,0.0,8614.006311655043,0.0,652.7181658387184,0.0,0.0,4485.579808482527,0.0,0.0,0.0,0.0,0.0,0.0,0.0,11863.416398477555,0.0,0.0,0.0,0.0,0.0,0.0,0.0
6175,0.0,431.94084962010385,0.0,0.0,0.0,0.0,0.0,0.0,0.0,0.0,0.0,0.0,0.0,513.8859144687652,0.0,0.0,8247.01871713996,0.0,649.5429208755493,0.0,0.0,4466.228978955744,0.0,0.0,0.0,0.0,0.0,0.0,0.0,11457.189663028717,0.0,0.0,0.0,0.0,0.0,0.0,0.0
6176,0.0,400.2964806854725,0.0,0.0,0.0,0.0,0.0,0.0,0.0,0.0,0.0,0.0,0.0,520.9153542280197,0.0,0.0,7908.958567678928,0.0,639.3421329736708,0.0,0.0,4461.791140276194,0.0,0.0,0.0,0.0,0.0,0.0,0.0,10914.963382112977,0.0,0.0,0.0,0.0,0.0,0.0,0.0
6177,0.0,371.52655157446856,0.0,0.0,0.0,0.0,0.0,0.0,0.0,0.0,0.0,0.0,0.0,524.9519938468932,0.0,0.0,7604.104928433895,0.0,630.7464263319968,0.0,0.0,4456.5942852526905,0.0,0.0,0.0,0.0,0.0,0.0,0.0,10305.780941963194,0.0,0.0,0.0,0.0,0.0,0.0,0.0
6178,0.0,355.6638543784618,0.0,0.0,0.0,0.0,0.0,0.0,0.0,0.0,0.0,0.0,0.0,509.1800285696983,0.0,0.0,7161.946270465849,0.0,616.451036119461,0.0,0.0,4285.908554819226,0.0,0.0,0.0,0.0,0.0,0.0,0.0,9695.551272189618,0.0,0.0,0.0,0.0,0.0,0.0,0.0
6179,0.0,346.6616118371486,0.0,0.0,0.0,0.0,0.0,0.0,0.0,0.0,0.0,0.0,0.0,494.217597079277,0.0,0.0,6772.275974601505,0.0,609.7923350214958,0.0,0.0,4103.506058326364,0.0,0.0,0.0,0.0,0.0,0.0,0.0,9083.708810937404,0.0,0.0,0.0,0.0,0.0,0.0,0.0
6180,0.0,342.3471745669841,0.0,0.0,0.0,0.0,0.0,0.0,0.0,0.0,0.0,0.0,0.0,479.8853160858154,0.0,0.0,6434.050916612147,0.0,599.2122558951377,0.0,0.0,3907.071599131822,0.0,0.0,0.0,0.0,0.0,0.0,0.0,8503.28613129854,0.0,0.0,0.0,0.0,0.0,0.0,0.0
6181,0.0,344.9141216576099,0.0,0.0,0.0,0.0,0.0,0.0,0.0,0.0,0.0,0.0,0.0,467.8041362166404,0.0,0.0,6143.277509778738,0.0,597.5158198714256,0.0,0.0,3704.721838250756,0.0,0.0,0.0,0.0,0.0,0.0,0.0,7999.494913315773,0.0,0.0,0.0,0.0,0.0,0.0,0.0
6182,0.0,350.4998842656612,0.0,0.0,0.0,0.0,0.0,0.0,0.0,0.0,0.0,0.0,0.0,459.0905290246009,0.0,0.0,5885.584209218621,0.0,598.0084004878996,0.0,0.0,3521.507039862871,0.0,0.0,0.0,0.0,0.0,0.0,0.0,7577.286354506015,0.0,0.0,0.0,0.0,0.0,0.0,0.0
6183,0.0,332.94328367114065,0.0,0.0,0.0,0.0,0.0,0.0,0.0,0.0,0.0,0.0,0.0,465.85782079696656,0.0,0.0,5693.728693917392,0.0,601.7858992099762,0.0,0.0,3628.457498797774,0.0,0.0,0.0,0.0,0.0,0.0,0.0,6451.301880812645,0.0,0.0,0.0,0.0,0.0,0.0,0.0
6184,0.0,309.3301143050194,0.0,0.0,0.0,0.0,0.0,0.0,0.0,0.0,0.0,0.0,0.0,474.24772207736964,0.0,0.0,5509.980921968816,0.0,598.9562728524209,0.0,0.0,3720.3139171153302,0.0,0.0,0.0,0.0,0.0,0.0,0.0,5411.623809584973,0.0,0.0,0.0,0.0,0.0,0.0,0.0
6185,0.0,275.18896610140797,0.0,0.0,0.0,0.0,0.0,0.0,0.0,0.0,0.0,0.0,0.0,477.0725269198418,0.0,0.0,5304.8619381934395,0.0,579.7825026988983,0.0,0.0,3773.7581138044598,0.0,0.0,0.0,0.0,0.0,0.0,0.0,4487.867837977408,0.0,0.0,0.0,0.0,0.0,0.0,0.0
6186,0.0,232.39599362611764,0.0,0.0,0.0,0.0,0.0,0.0,0.0,0.0,0.0,0.0,0.0,485.4408627510071,0.0,0.0,5095.321150034665,0.0,552.3688411474227,0.0,0.0,3819.6711850225925,0.0,0.0,0.0,0.0,0.0,0.0,0.0,3604.2783296614884,0.0,0.0,0.0,0.0,0.0,0.0,0.0
6187,0.0,209.47149856388566,0.0,0.0,0.0,0.0,0.0,0.0,0.0,0.0,0.0,0.0,0.0,502.5073826670647,0.0,0.0,5100.022987768052,0.0,503.53482922315595,0.0,0.0,3726.982482728362,0.0,0.0,0.0,0.0,0.0,0.0,0.0,3354.3488075017926,0.0,0.0,0.0,0.0,0.0,0.0,0.0
6188,0.0,198.76438276469705,0.0,0.0,0.0,0.0,0.0,0.0,0.0,0.0,0.0,0.0,0.0,517.2754561066627,0.0,0.0,5132.429069325327,0.0,461.98388463258726,0.0,0.0,3666.8769866377115,0.0,0.0,0.0,0.0,0.0,0.0,0.0,3170.8030120849608,0.0,0.0,0.0,0.0,0.0,0.0,0.0
6189,0.0,202.5191748440265,0.0,0.0,0.0,0.0,0.0,0.0,0.0,0.0,0.0,0.0,0.0,533.1021644473075,0.0,0.0,5168.052033990621,0.0,414.1824305236339,0.0,0.0,3599.6466674029825,0.0,0.0,0.0,0.0,0.0,0.0,0.0,3007.2630632519717,0.0,0.0,0.0,0.0,0.0,0.0,0.0
6190,0.0,218.53013347685334,0.0,0.0,0.0,0.0,0.0,0.0,0.0,0.0,0.0,0.0,0.0,548.550916993618,0.0,0.0,5153.476298123598,0.0,373.9447477102279,0.0,0.0,3538.289263620972,0.0,0.0,0.0,0.0,0.0,0.0,0.0,2891.8363726735106,0.0,0.0,0.0,0.0,0.0,0.0,0.0
6191,0.0,234.7325315862894,0.0,0.0,0.0,0.0,0.0,0.0,0.0,0.0,0.0,0.0,0.0,562.9078121900559,0.0,0.0,5139.565641462801,0.0,349.4956697642802,0.0,0.0,3417.991076901555,0.0,0.0,0.0,0.0,0.0,0.0,0.0,2834.4394382685405,0.0,0.0,0.0,0.0,0.0,0.0,0.0
6192,0.0,284.3906861364841,0.0,0.0,0.0,0.0,0.0,0.0,0.0,0.0,0.0,0.0,0.0,573.6261543035507,0.0,0.0,5437.347271814942,0.0,359.47266517281525,0.0,0.0,3791.95270742476,0.0,0.0,0.0,0.0,0.0,0.0,0.0,3402.574527224898,0.0,0.0,0.0,0.0,0.0,0.0,0.0
6193,0.0,338.6310014426708,0.0,0.0,0.0,0.0,0.0,0.0,0.0,0.0,0.0,0.0,0.0,580.8620126247405,0.0,0.0,5791.617851823568,0.0,382.2927116155624,0.0,0.0,4152.48940666616,0.0,0.0,0.0,0.0,0.0,0.0,0.0,3956.5915433317405,0.0,0.0,0.0,0.0,0.0,0.0,0.0
6194,0.0,393.30486466884605,0.0,0.0,0.0,0.0,0.0,0.0,0.0,0.0,0.0,0.0,0.0,584.3039210915564,0.0,0.0,6190.452628001569,0.0,410.24783243536933,0.0,0.0,4466.165096846222,0.0,0.0,0.0,0.0,0.0,0.0,0.0,4485.744811347126,0.0,0.0,0.0,0.0,0.0,0.0,0.0
6195,0.0,440.9618054509163,0.0,0.0,0.0,0.0,0.0,0.0,0.0,0.0,0.0,0.0,0.0,583.2894931197166,0.0,0.0,6593.470013409851,0.0,433.1487109482288,0.0,0.0,4658.97462477386,0.0,0.0,0.0,0.0,0.0,0.0,0.0,4944.420538195967,0.0,0.0,0.0,0.0,0.0,0.0,0.0
6196,0.0,477.900548350811,0.0,0.0,0.0,0.0,0.0,0.0,0.0,0.0,0.0,0.0,0.0,581.0096081733702,0.0,0.0,6979.079825699329,0.0,462.47258222699156,0.0,0.0,4821.880059233308,0.0,0.0,0.0,0.0,0.0,0.0,0.0,5344.354493978618,0.0,0.0,0.0,0.0,0.0,0.0,0.0
6197,0.0,491.6143875718117,0.0,0.0,0.0,0.0,0.0,0.0,0.0,0.0,0.0,0.0,0.0,576.8320533633231,0.0,0.0,7330.573797255753,0.0,501.32381867170335,0.0,0.0,4966.972981694341,0.0,0.0,0.0,0.0,0.0,0.0,0.0,5579.078574684261,0.0,0.0,0.0,0.0,0.0,0.0,0.0
6198,0.0,483.48322480916977,0.0,0.0,0.0,0.0,0.0,0.0,0.0,0.0,0.0,0.0,0.0,570.385553252697,0.0,0.0,7132.387194633482,0.0,523.0696907877921,0.0,0.0,5041.235479876399,0.0,0.0,0.0,0.0,0.0,0.0,0.0,5374.36000934243,0.0,0.0,0.0,0.0,0.0,0.0,0.0
6199,0.0,455.0055540740489,0.0,0.0,0.0,0.0,0.0,0.0,0.0,0.0,0.0,0.0,0.0,560.589055633545,0.0,0.0,6928.925074845552,0.0,546.8424411416054,0.0,0.0,5161.462518274784,0.0,0.0,0.0,0.0,0.0,0.0,0.0,5170.760272887348,0.0,0.0,0.0,0.0,0.0,0.0,0.0
6200,0.0,414.9014316022396,0.0,0.0,0.0,0.0,0.0,0.0,0.0,0.0,0.0,0.0,0.0,549.5042353868484,0.0,0.0,6733.125756531952,0.0,573.8038343667984,0.0,0.0,5261.771357131004,0.0,0.0,0.0,0.0,0.0,0.0,0.0,5025.0901259601105,0.0,0.0,0.0,0.0,0.0,0.0,0.0
6201,0.0,386.0668055713177,0.0,0.0,0.0,0.0,0.0,0.0,0.0,0.0,0.0,0.0,0.0,545.3380237340928,0.0,0.0,6557.180802732706,0.0,619.7686190366745,0.0,0.0,5360.143750619888,0.0,0.0,0.0,0.0,0.0,0.0,0.0,4897.6416298419235,0.0,0.0,0.0,0.0,0.0,0.0,0.0
6202,0.0,349.8311436831951,0.0,0.0,0.0,0.0,0.0,0.0,0.0,0.0,0.0,0.0,0.0,527.2160073399543,0.0,0.0,6391.135416790841,0.0,665.3754542827606,0.0,0.0,5267.1749964237215,0.0,0.0,0.0,0.0,0.0,0.0,0.0,4629.36099961996,0.0,0.0,0.0,0.0,0.0,0.0,0.0
6203,0.0,325.7866147577762,0.0,0.0,0.0,0.0,0.0,0.0,0.0,0.0,0.0,0.0,0.0,511.6416282057762,0.0,0.0,6271.465887218712,0.0,714.9044975161553,0.0,0.0,5169.465039217472,0.0,0.0,0.0,0.0,0.0,0.0,0.0,4383.048325076699,0.0,0.0,0.0,0.0,0.0,0.0,0.0
6204,0.0,307.6614051103591,0.0,0.0,0.0,0.0,0.0,0.0,0.0,0.0,0.0,0.0,0.0,503.13699514865874,0.0,0.0,6177.799398869275,0.0,768.628034543991,0.0,0.0,5065.462240085006,0.0,0.0,0.0,0.0,0.0,0.0,0.0,4154.82314312756,0.0,0.0,0.0,0.0,0.0,0.0,0.0
6205,0.0,295.2737966358662,0.0,0.0,0.0,0.0,0.0,0.0,0.0,0.0,0.0,0.0,0.0,500.74592036008835,0.0,0.0,6100.782448917627,0.0,823.4280282855034,0.0,0.0,4955.20293008387,0.0,0.0,0.0,0.0,0.0,0.0,0.0,3940.6249076932663,0.0,0.0,0.0,0.0,0.0,0.0,0.0
6206,0.0,285.53688213229174,0.0,0.0,0.0,0.0,0.0,0.0,0.0,0.0,0.0,0.0,0.0,505.05241951942446,0.0,0.0,6035.193582192062,0.0,883.7310646176337,0.0,0.0,4830.408774992824,0.0,0.0,0.0,0.0,0.0,0.0,0.0,3735.118027234076,0.0,0.0,0.0,0.0,0.0,0.0,0.0
6207,0.0,245.16606021523475,0.0,0.0,0.0,0.0,0.0,0.0,0.0,0.0,0.0,0.0,0.0,523.7153655290603,0.0,0.0,5771.860332176088,0.0,957.6942168951033,0.0,0.0,5055.166321134567,0.0,0.0,0.0,0.0,0.0,0.0,0.0,3099.3541799068453,0.0,0.0,0.0,0.0,0.0,0.0,0.0
6208,0.0,212.67712433338164,0.0,0.0,0.0,0.0,0.0,0.0,0.0,0.0,0.0,0.0,0.0,546.7874371290206,0.0,0.0,5510.274956986308,0.0,1020.2624482393264,0.0,0.0,5266.726307862997,0.0,0.0,0.0,0.0,0.0,0.0,0.0,2767.817951346933,0.0,0.0,0.0,0.0,0.0,0.0,0.0
6209,0.0,183.3052136689424,0.0,0.0,0.0,0.0,0.0,0.0,0.0,0.0,0.0,0.0,0.0,574.8613479137421,0.0,0.0,5249.506345733998,0.0,1060.972525882721,0.0,0.0,5444.9416499733925,0.0,0.0,0.0,0.0,0.0,0.0,0.0,2564.4968372762187,0.0,0.0,0.0,0.0,0.0,0.0,0.0
6210,0.0,166.52166551649566,0.0,0.0,0.0,0.0,0.0,0.0,0.0,0.0,0.0,0.0,0.0,609.9182049632072,0.0,0.0,5022.078427344561,0.0,1097.548103904724,0.0,0.0,5603.0071820497515,0.0,0.0,0.0,0.0,0.0,0.0,0.0,2526.2481855556366,0.0,0.0,0.0,0.0,0.0,0.0,0.0
6211,0.0,175.48011278808107,0.0,0.0,0.0,0.0,0.0,0.0,0.0,0.0,0.0,0.0,0.0,659.1697455763817,0.0,0.0,5091.9020206183195,0.0,1125.9182338237763,0.0,0.0,5533.657853883505,0.0,0.0,0.0,0.0,0.0,0.0,0.0,2690.015407806634,0.0,0.0,0.0,0.0,0.0,0.0,0.0
6212,0.0,184.50609062612057,0.0,0.0,0.0,0.0,0.0,0.0,0.0,0.0,0.0,0.0,0.0,708.5653846383094,0.0,0.0,5171.417879283428,0.0,1159.4218967676163,0.0,0.0,5462.992735916376,0.0,0.0,0.0,0.0,0.0,0.0,0.0,2847.6243702188126,0.0,0.0,0.0,0.0,0.0,0.0,0.0
6213,0.0,188.32492031157014,0.0,0.0,0.0,0.0,0.0,0.0,0.0,0.0,0.0,0.0,0.0,752.8041912555694,0.0,0.0,5256.910894230007,0.0,1181.771860408783,0.0,0.0,5386.537658411265,0.0,0.0,0.0,0.0,0.0,0.0,0.0,2962.4567507535216,0.0,0.0,0.0,0.0,0.0,0.0,0.0
6214,0.0,190.2085938602686,0.0,0.0,0.0,0.0,0.0,0.0,0.0,0.0,0.0,0.0,0.0,789.5463366031647,0.0,0.0,5346.214696347712,0.0,1190.1700961112977,0.0,0.0,5310.69112612009,0.0,0.0,0.0,0.0,0.0,0.0,0.0,3099.9316749721747,0.0,0.0,0.0,0.0,0.0,0.0,0.0
6215,0.0,195.53528822958467,0.0,0.0,0.0,0.0,0.0,0.0,0.0,0.0,0.0,0.0,0.0,815.3116234540939,0.0,0.0,5425.501472175121,0.0,1177.8038268327714,0.0,0.0,5233.791598677635,0.0,0.0,0.0,0.0,0.0,0.0,0.0,3328.4023917675004,0.0,0.0,0.0,0.0,0.0,0.0,0.0
6216,0.0,246.55914818644524,0.0,0.0,0.0,0.0,0.0,0.0,0.0,0.0,0.0,0.0,0.0,833.8231181383132,0.0,0.0,6034.504777938127,0.0,1170.4292861700058,0.0,0.0,4802.7257201761,0.0,0.0,0.0,0.0,0.0,0.0,0.0,4138.724880561232,0.0,0.0,0.0,0.0,0.0,0.0,0.0
6217,0.0,294.6916926920414,0.0,0.0,0.0,0.0,0.0,0.0,0.0,0.0,0.0,0.0,0.0,843.5281083106995,0.0,0.0,6807.014889538288,0.0,1147.3237042188643,0.0,0.0,4315.034255379438,0.0,0.0,0.0,0.0,0.0,0.0,0.0,5048.242362377046,0.0,0.0,0.0,0.0,0.0,0.0,0.0
6218,0.0,341.59213401675225,0.0,0.0,0.0,0.0,0.0,0.0,0.0,0.0,0.0,0.0,0.0,849.2014803409577,0.0,0.0,7637.260099202393,0.0,1118.1051191568374,0.0,0.0,3958.4870090156787,0.0,0.0,0.0,0.0,0.0,0.0,0.0,6002.498535165189,0.0,0.0,0.0,0.0,0.0,0.0,0.0
6219,0.0,382.3459190547466,0.0,0.0,0.0,0.0,0.0,0.0,0.0,0.0,0.0,0.0,0.0,853.950093626976,0.0,0.0,8415.78781634569,0.0,1092.0416821956635,0.0,0.0,3666.566053336858,0.0,0.0,0.0,0.0,0.0,0.0,0.0,6977.646143400668,0.0,0.0,0.0,0.0,0.0,0.0,0.0
6220,0.0,410.63227656483645,0.0,0.0,0.0,0.0,0.0,0.0,0.0,0.0,0.0,0.0,0.0,860.45945186615,0.0,0.0,9252.291771382093,0.0,1064.858867788315,0.0,0.0,3446.8666986823077,0.0,0.0,0.0,0.0,0.0,0.0,0.0,7641.725691163539,0.0,0.0,0.0,0.0,0.0,0.0,0.0
6221,0.0,434.5376481950283,0.0,0.0,0.0,0.0,0.0,0.0,0.0,0.0,0.0,0.0,0.0,864.9322426080704,0.0,0.0,9903.92937681079,0.0,1028.7432055711747,0.0,0.0,3407.0266664922233,0.0,0.0,0.0,0.0,0.0,0.0,0.0,8089.331014800071,0.0,0.0,0.0,0.0,0.0,0.0,0.0
6222,0.0,444.00430015325543,0.0,0.0,0.0,0.0,0.0,0.0,0.0,0.0,0.0,0.0,0.0,868.5329104423523,0.0,0.0,9925.999116271734,0.0,985.8847199916838,0.0,0.0,3230.8879470795387,0.0,0.0,0.0,0.0,0.0,0.0,0.0,7964.9464608788485,0.0,0.0,0.0,0.0,0.0,0.0,0.0
6223,0.0,453.0371516883373,0.0,0.0,0.0,0.0,0.0,0.0,0.0,0.0,0.0,0.0,0.0,873.646029138565,0.0,0.0,9901.435524255035,0.0,947.644362950325,0.0,0.0,3060.59883069098,0.0,0.0,0.0,0.0,0.0,0.0,0.0,7797.770860582589,0.0,0.0,0.0,0.0,0.0,0.0,0.0
6224,0.0,458.2920790493488,0.0,0.0,0.0,0.0,0.0,0.0,0.0,0.0,0.0,0.0,0.0,886.3663264274597,0.0,0.0,9820.806921958922,0.0,922.6954422473906,0.0,0.0,2937.1804116457697,0.0,0.0,0.0,0.0,0.0,0.0,0.0,7655.471303200721,0.0,0.0,0.0,0.0,0.0,0.0,0.0
6225,0.0,461.3152993440628,0.0,0.0,0.0,0.0,0.0,0.0,0.0,0.0,0.0,0.0,0.0,898.5569475889206,0.0,0.0,9741.378573715687,0.0,899.9783996343613,0.0,0.0,2836.3435614198443,0.0,0.0,0.0,0.0,0.0,0.0,0.0,7568.061621183157,0.0,0.0,0.0,0.0,0.0,0.0,0.0
6226,0.0,450.39184445142746,0.0,0.0,0.0,0.0,0.0,0.0,0.0,0.0,0.0,0.0,0.0,889.9799066305161,0.0,0.0,9697.32388266921,0.0,864.7960855007171,0.0,0.0,2719.4296127110715,0.0,0.0,0.0,0.0,0.0,0.0,0.0,7249.300979292393,0.0,0.0,0.0,0.0,0.0,0.0,0.0
6227,0.0,438.88586477637284,0.0,0.0,0.0,0.0,0.0,0.0,0.0,0.0,0.0,0.0,0.0,880.2469396591187,0.0,0.0,9612.32676011324,0.0,830.2979539275169,0.0,0.0,2603.5435301721095,0.0,0.0,0.0,0.0,0.0,0.0,0.0,6942.968233710527,0.0,0.0,0.0,0.0,0.0,0.0,0.0
6228,0.0,428.61050131917,0.0,0.0,0.0,0.0,0.0,0.0,0.0,0.0,0.0,0.0,0.0,872.4824812412262,0.0,0.0,9510.527636557817,0.0,798.9776164770125,0.0,0.0,2488.3928487896915,0.0,0.0,0.0,0.0,0.0,0.0,0.0,6654.342926049232,0.0,0.0,0.0,0.0,0.0,0.0,0.0
6229,0.0,420.29046619534495,0.0,0.0,0.0,0.0,0.0,0.0,0.0,0.0,0.0,0.0,0.0,866.8208558797836,0.0,0.0,9409.913209646938,0.0,771.8337508559227,0.0,0.0,2366.750110182166,0.0,0.0,0.0,0.0,0.0,0.0,0.0,6377.898895013333,0.0,0.0,0.0,0.0,0.0,0.0,0.0
6230,0.0,413.45105347037315,0.0,0.0,0.0,0.0,0.0,0.0,0.0,0.0,0.0,0.0,0.0,862.9720732927323,0.0,0.0,9339.285687297583,0.0,748.0466540694237,0.0,0.0,2237.973617045581,0.0,0.0,0.0,0.0,0.0,0.0,0.0,6100.48357296586,0.0,0.0,0.0,0.0,0.0,0.0,0.0
6231,0.0,387.9591203391552,0.0,0.0,0.0,0.0,0.0,0.0,0.0,0.0,0.0,0.0,0.0,869.3365260601043,0.0,0.0,8942.700123429297,0.0,747.3347864508629,0.0,0.0,2231.5991816192864,0.0,0.0,0.0,0.0,0.0,0.0,0.0,5343.474690914153,0.0,0.0,0.0,0.0,0.0,0.0,0.0
6232,0.0,343.6833090484142,0.0,0.0,0.0,0.0,0.0,0.0,0.0,0.0,0.0,0.0,0.0,866.7317246675491,0.0,0.0,8551.690334707499,0.0,740.6215451955794,0.0,0.0,2218.5872133582825,0.0,0.0,0.0,0.0,0.0,0.0,0.0,4467.741574451326,0.0,0.0,0.0,0.0,0.0,0.0,0.0
6233,0.0,291.7742712199688,0.0,0.0,0.0,0.0,0.0,0.0,0.0,0.0,0.0,0.0,0.0,848.6537806987762,0.0,0.0,8120.358855068684,0.0,702.389606308937,0.0,0.0,2152.7420156925914,0.0,0.0,0.0,0.0,0.0,0.0,0.0,3669.2250085711476,0.0,0.0,0.0,0.0,0.0,0.0,0.0
6234,0.0,246.0532440841198,0.0,0.0,0.0,0.0,0.0,0.0,0.0,0.0,0.0,0.0,0.0,832.0411215782166,0.0,0.0,7711.119673132896,0.0,669.6019014954566,0.0,0.0,2077.573209004104,0.0,0.0,0.0,0.0,0.0,0.0,0.0,3027.780410631,0.0,0.0,0.0,0.0,0.0,0.0,0.0
6235,0.0,261.8500099003315,0.0,0.0,0.0,0.0,0.0,0.0,0.0,0.0,0.0,0.0,0.0,824.3122618436813,0.0,0.0,7695.892859727142,0.0,627.0269061684609,0.0,0.0,1963.2542060807343,0.0,0.0,0.0,0.0,0.0,0.0,0.0,2976.686742652952,0.0,0.0,0.0,0.0,0.0,0.0,0.0
6236,0.0,288.40812358260155,0.0,0.0,0.0,0.0,0.0,0.0,0.0,0.0,0.0,0.0,0.0,815.7006982326508,0.0,0.0,7743.685995995997,0.0,588.1618271946907,0.0,0.0,1846.5801937311887,0.0,0.0,0.0,0.0,0.0,0.0,0.0,2949.7959760338063,0.0,0.0,0.0,0.0,0.0,0.0,0.0
6237,0.0,292.19595149159426,0.0,0.0,0.0,0.0,0.0,0.0,0.0,0.0,0.0,0.0,0.0,805.5519350528717,0.0,0.0,7884.112608700989,0.0,555.8812865614891,0.0,0.0,1728.0816053956746,0.0,0.0,0.0,0.0,0.0,0.0,0.0,2927.9124568596467,0.0,0.0,0.0,0.0,0.0,0.0,0.0
6238,0.0,288.4032979667187,0.0,0.0,0.0,0.0,0.0,0.0,0.0,0.0,0.0,0.0,0.0,801.4380902290344,0.0,0.0,7979.784446984528,0.0,534.4835822105408,0.0,0.0,1643.191818742454,0.0,0.0,0.0,0.0,0.0,0.0,0.0,2883.4254481449716,0.0,0.0,0.0,0.0,0.0,0.0,0.0
6239,0.0,275.60088291764254,0.0,0.0,0.0,0.0,0.0,0.0,0.0,0.0,0.0,0.0,0.0,810.9298469781876,0.0,0.0,7935.896220207214,0.0,526.8620694875717,0.0,0.0,1583.8689541831613,0.0,0.0,0.0,0.0,0.0,0.0,0.0,2852.83303579241,0.0,0.0,0.0,0.0,0.0,0.0,0.0
6240,0.0,280.50163251757624,0.0,0.0,0.0,0.0,0.0,0.0,0.0,0.0,0.0,0.0,0.0,833.1990203142166,0.0,0.0,8133.523533999918,0.0,556.6127174973487,0.0,0.0,2016.875668054818,0.0,0.0,0.0,0.0,0.0,0.0,0.0,3298.7892259001733,0.0,0.0,0.0,0.0,0.0,0.0,0.0
6241,0.0,285.3818451941013,0.0,0.0,0.0,0.0,0.0,0.0,0.0,0.0,0.0,0.0,0.0,867.710733294487,0.0,0.0,8250.554138183594,0.0,589.4398453593254,0.0,0.0,2537.648074543476,0.0,0.0,0.0,0.0,0.0,0.0,0.0,3680.266121175883,0.0,0.0,0.0,0.0,0.0,0.0,0.0
6242,0.0,295.9373749315738,0.0,0.0,0.0,0.0,0.0,0.0,0.0,0.0,0.0,0.0,0.0,905.3896530628205,0.0,0.0,8344.825809717177,0.0,616.9759258508681,0.0,0.0,3085.3072801709177,0.0,0.0,0.0,0.0,0.0,0.0,0.0,4024.108925071357,0.0,0.0,0.0,0.0,0.0,0.0,0.0
6243,0.0,315.6813262045383,0.0,0.0,0.0,0.0,0.0,0.0,0.0,0.0,0.0,0.0,0.0,936.8677664041519,0.0,0.0,8422.6035169363,0.0,634.6605718612669,0.0,0.0,3541.864239683747,0.0,0.0,0.0,0.0,0.0,0.0,0.0,4401.2110330581645,0.0,0.0,0.0,0.0,0.0,0.0,0.0
6244,0.0,340.05018140673633,0.0,0.0,0.0,0.0,0.0,0.0,0.0,0.0,0.0,0.0,0.0,960.7992278814315,0.0,0.0,8487.085085123776,0.0,640.2186288714408,0.0,0.0,3752.9531336992977,0.0,0.0,0.0,0.0,0.0,0.0,0.0,4720.038211637733,0.0,0.0,0.0,0.0,0.0,0.0,0.0
6245,0.0,347.32162703275674,0.0,0.0,0.0,0.0,0.0,0.0,0.0,0.0,0.0,0.0,0.0,979.4600218296051,0.0,0.0,8546.454488933086,0.0,631.5347094535826,0.0,0.0,3661.882980018854,0.0,0.0,0.0,0.0,0.0,0.0,0.0,5008.866745489835,0.0,0.0,0.0,0.0,0.0,0.0,0.0
6246,0.0,325.60060409903525,0.0,0.0,0.0,0.0,0.0,0.0,0.0,0.0,0.0,0.0,0.0,992.635659456253,0.0,0.0,8197.14244389534,0.0,601.1754051446915,0.0,0.0,3600.5491914242507,0.0,0.0,0.0,0.0,0.0,0.0,0.0,4640.716715046762,0.0,0.0,0.0,0.0,0.0,0.0,0.0
6247,0.0,297.0135433852672,0.0,0.0,0.0,0.0,0.0,0.0,0.0,0.0,0.0,0.0,0.0,1001.6787113904953,0.0,0.0,7908.588301360605,0.0,566.6891301274298,0.0,0.0,3530.4835359066724,0.0,0.0,0.0,0.0,0.0,0.0,0.0,4263.130408003925,0.0,0.0,0.0,0.0,0.0,0.0,0.0
6248,0.0,265.28203280568124,0.0,0.0,0.0,0.0,0.0,0.0,0.0,0.0,0.0,0.0,0.0,1004.4008001327514,0.0,0.0,7680.870626240969,0.0,533.0010384559631,0.0,0.0,3424.5028134495014,0.0,0.0,0.0,0.0,0.0,0.0,0.0,3898.4196734696625,0.0,0.0,0.0,0.0,0.0,0.0,0.0
6249,0.0,236.00577875375748,0.0,0.0,0.0,0.0,0.0,0.0,0.0,0.0,0.0,0.0,0.0,997.717573261261,0.0,0.0,7499.482135266066,0.0,523.2461163401603,0.0,0.0,3281.0390361607074,0.0,0.0,0.0,0.0,0.0,0.0,0.0,3569.834744831919,0.0,0.0,0.0,0.0,0.0,0.0,0.0
6250,0.0,211.72250809371462,0.0,0.0,0.0,0.0,0.0,0.0,0.0,0.0,0.0,0.0,0.0,970.4861048698425,0.0,0.0,7110.28245100379,0.0,517.6165050148963,0.0,0.0,3032.3160106658934,0.0,0.0,0.0,0.0,0.0,0.0,0.0,3455.570276632903,0.0,0.0,0.0,0.0,0.0,0.0,0.0
6251,0.0,190.27792000472544,0.0,0.0,0.0,0.0,0.0,0.0,0.0,0.0,0.0,0.0,0.0,945.6037012338638,0.0,0.0,6791.233454525469,0.0,521.9050212979316,0.0,0.0,2801.1066742211574,0.0,0.0,0.0,0.0,0.0,0.0,0.0,3357.9522754579784,0.0,0.0,0.0,0.0,0.0,0.0,0.0
6252,0.0,172.7144316852092,0.0,0.0,0.0,0.0,0.0,0.0,0.0,0.0,0.0,0.0,0.0,923.1723162651062,0.0,0.0,6565.246541082859,0.0,530.7720652222632,0.0,0.0,2601.849897372723,0.0,0.0,0.0,0.0,0.0,0.0,0.0,3280.4605378091333,0.0,0.0,0.0,0.0,0.0,0.0,0.0
6253,0.0,158.29989620447157,0.0,0.0,0.0,0.0,0.0,0.0,0.0,0.0,0.0,0.0,0.0,907.1923632144928,0.0,0.0,6400.63360351324,0.0,546.1704115509987,0.0,0.0,2370.70444303751,0.0,0.0,0.0,0.0,0.0,0.0,0.0,3217.4904324918966,0.0,0.0,0.0,0.0,0.0,0.0,0.0
6254,0.0,146.9581417769193,0.0,0.0,0.0,0.0,0.0,0.0,0.0,0.0,0.0,0.0,0.0,897.8306268453598,0.0,0.0,6267.208991363645,0.0,565.558192539215,0.0,0.0,2180.2349379748102,0.0,0.0,0.0,0.0,0.0,0.0,0.0,3161.8527426034193,0.0,0.0,0.0,0.0,0.0,0.0,0.0
6255,0.0,123.16883743107316,0.0,0.0,0.0,0.0,0.0,0.0,0.0,0.0,0.0,0.0,0.0,904.5078458786011,0.0,0.0,6182.677035316823,0.0,606.4312978267669,0.0,0.0,2357.0875626683232,0.0,0.0,0.0,0.0,0.0,0.0,0.0,2393.5436526343224,0.0,0.0,0.0,0.0,0.0,0.0,0.0
6256,0.0,102.96100278943774,0.0,0.0,0.0,0.0,0.0,0.0,0.0,0.0,0.0,0.0,0.0,906.6122929811478,0.0,0.0,6115.780179485677,0.0,647.1835848093033,0.0,0.0,2619.627289348841,0.0,0.0,0.0,0.0,0.0,0.0,0.0,1807.0419062808146,0.0,0.0,0.0,0.0,0.0,0.0,0.0
6257,0.0,86.78468264490365,0.0,0.0,0.0,0.0,0.0,0.0,0.0,0.0,0.0,0.0,0.0,888.6085054636002,0.0,0.0,6106.460125088692,0.0,681.2857074141501,0.0,0.0,2754.3740348964925,0.0,0.0,0.0,0.0,0.0,0.0,0.0,1495.2126516237834,0.0,0.0,0.0,0.0,0.0,0.0,0.0
6258,0.0,73.67924977988001,0.0,0.0,0.0,0.0,0.0,0.0,0.0,0.0,0.0,0.0,0.0,872.4777287721633,0.0,0.0,6090.541395947337,0.0,716.4718749284743,0.0,0.0,2898.255619347095,0.0,0.0,0.0,0.0,0.0,0.0,0.0,1475.0623408704992,0.0,0.0,0.0,0.0,0.0,0.0,0.0
6259,0.0,89.85758293569079,0.0,0.0,0.0,0.0,0.0,0.0,0.0,0.0,0.0,0.0,0.0,869.531915307045,0.0,0.0,6218.08608561754,0.0,741.9180003046989,0.0,0.0,2918.8398882776496,0.0,0.0,0.0,0.0,0.0,0.0,0.0,1633.779826214908,0.0,0.0,0.0,0.0,0.0,0.0,0.0
6260,0.0,100.39668594002717,0.0,0.0,0.0,0.0,0.0,0.0,0.0,0.0,0.0,0.0,0.0,871.2496190309524,0.0,0.0,6251.637970298529,0.0,766.2010568261146,0.0,0.0,2962.301521387696,0.0,0.0,0.0,0.0,0.0,0.0,0.0,1830.0370220929383,0.0,0.0,0.0,0.0,0.0,0.0,0.0
6261,0.0,106.20801803469652,0.0,0.0,0.0,0.0,0.0,0.0,0.0,0.0,0.0,0.0,0.0,875.1197428941726,0.0,0.0,6246.580256849526,0.0,784.525067615509,0.0,0.0,3002.1034059673543,0.0,0.0,0.0,0.0,0.0,0.0,0.0,2015.4120340332388,0.0,0.0,0.0,0.0,0.0,0.0,0.0
6262,0.0,106.7117337763309,0.0,0.0,0.0,0.0,0.0,0.0,0.0,0.0,0.0,0.0,0.0,874.952151107788,0.0,0.0,6215.434325367212,0.0,790.1365976929663,0.0,0.0,2978.3444081246853,0.0,0.0,0.0,0.0,0.0,0.0,0.0,2186.4567066222426,0.0,0.0,0.0,0.0,0.0,0.0,0.0
6263,0.0,106.4153020843863,0.0,0.0,0.0,0.0,0.0,0.0,0.0,0.0,0.0,0.0,0.0,863.7554236650467,0.0,0.0,6181.074622258544,0.0,775.7017743825911,0.0,0.0,2887.7704761385917,0.0,0.0,0.0,0.0,0.0,0.0,0.0,2308.5551467031223,0.0,0.0,0.0,0.0,0.0,0.0,0.0
6264,0.0,123.52749010920522,0.0,0.0,0.0,0.0,0.0,0.0,0.0,0.0,0.0,0.0,0.0,843.4405014753341,0.0,0.0,6662.985958933828,0.0,767.3046650528906,0.0,0.0,3161.949159863591,0.0,0.0,0.0,0.0,0.0,0.0,0.0,2688.2729782685615,0.0,0.0,0.0,0.0,0.0,0.0,0.0
6265,0.0,139.48038704395287,0.0,0.0,0.0,0.0,0.0,0.0,0.0,0.0,0.0,0.0,0.0,812.3461724281311,0.0,0.0,7097.683283865452,0.0,742.5120137572288,0.0,0.0,3140.230150902271,0.0,0.0,0.0,0.0,0.0,0.0,0.0,3004.6448083862647,0.0,0.0,0.0,0.0,0.0,0.0,0.0
6266,0.0,153.51598542630666,0.0,0.0,0.0,0.0,0.0,0.0,0.0,0.0,0.0,0.0,0.0,777.4890535831452,0.0,0.0,7481.809697270392,0.0,711.3958461999893,0.0,0.0,3028.575728291273,0.0,0.0,0.0,0.0,0.0,0.0,0.0,3291.315781620144,0.0,0.0,0.0,0.0,0.0,0.0,0.0
6267,0.0,166.3829571157694,0.0,0.0,0.0,0.0,0.0,0.0,0.0,0.0,0.0,0.0,0.0,746.4848421096801,0.0,0.0,7797.264154553412,0.0,684.2487200260161,0.0,0.0,3043.4926550030705,0.0,0.0,0.0,0.0,0.0,0.0,0.0,3531.39100320041,0.0,0.0,0.0,0.0,0.0,0.0,0.0
6268,0.0,177.31219152510158,0.0,0.0,0.0,0.0,0.0,0.0,0.0,0.0,0.0,0.0,0.0,717.8164691805838,0.0,0.0,8062.501631349325,0.0,655.2232782602309,0.0,0.0,2972.7763707965614,0.0,0.0,0.0,0.0,0.0,0.0,0.0,3739.5380160778745,0.0,0.0,0.0,0.0,0.0,0.0,0.0
6269,0.0,182.3966792553663,0.0,0.0,0.0,0.0,0.0,0.0,0.0,0.0,0.0,0.0,0.0,682.0590264558792,0.0,0.0,8296.691966205834,0.0,615.8248321175575,0.0,0.0,2385.2807660847902,0.0,0.0,0.0,0.0,0.0,0.0,0.0,3904.919295451045,0.0,0.0,0.0,0.0,0.0,0.0,0.0
6270,0.0,195.58730387985705,0.0,0.0,0.0,0.0,0.0,0.0,0.0,0.0,0.0,0.0,0.0,651.2554498791693,0.0,0.0,8023.7489050626755,0.0,564.5281542420387,0.0,0.0,2011.2040872126809,0.0,0.0,0.0,0.0,0.0,0.0,0.0,3692.904114311932,0.0,0.0,0.0,0.0,0.0,0.0,0.0
6271,0.0,206.39599608778946,0.0,0.0,0.0,0.0,0.0,0.0,0.0,0.0,0.0,0.0,0.0,625.5991111397743,0.0,0.0,7804.438453406094,0.0,516.2362240552902,0.0,0.0,1642.4717069059607,0.0,0.0,0.0,0.0,0.0,0.0,0.0,3503.6321859210716,0.0,0.0,0.0,0.0,0.0,0.0,0.0
6272,0.0,215.69944683909415,0.0,0.0,0.0,0.0,0.0,0.0,0.0,0.0,0.0,0.0,0.0,593.4145836234092,0.0,0.0,7627.691515207291,0.0,467.24935148358344,0.0,0.0,1269.5545185975727,0.0,0.0,0.0,0.0,0.0,0.0,0.0,3316.2091819316147,0.0,0.0,0.0,0.0,0.0,0.0,0.0
6273,0.0,223.99939393401144,0.0,0.0,0.0,0.0,0.0,0.0,0.0,0.0,0.0,0.0,0.0,568.9303113579749,0.0,0.0,7529.458927512169,0.0,415.626974016428,0.0,0.0,906.5626724526278,0.0,0.0,0.0,0.0,0.0,0.0,0.0,3068.3777351438994,0.0,0.0,0.0,0.0,0.0,0.0,0.0
6274,0.0,205.67149439156051,0.0,0.0,0.0,0.0,0.0,0.0,0.0,0.0,0.0,0.0,0.0,537.1858804106712,0.0,0.0,7549.596436858175,0.0,367.33468813300135,0.0,0.0,634.0336836542926,0.0,0.0,0.0,0.0,0.0,0.0,0.0,2867.532400637864,0.0,0.0,0.0,0.0,0.0,0.0,0.0
6275,0.0,190.83797200620165,0.0,0.0,0.0,0.0,0.0,0.0,0.0,0.0,0.0,0.0,0.0,512.1227036118507,0.0,0.0,7528.288232535124,0.0,331.24057520627963,0.0,0.0,442.4606605634086,0.0,0.0,0.0,0.0,0.0,0.0,0.0,2682.814438499509,0.0,0.0,0.0,0.0,0.0,0.0,0.0
6276,0.0,177.6076202183962,0.0,0.0,0.0,0.0,0.0,0.0,0.0,0.0,0.0,0.0,0.0,492.37274239063265,0.0,0.0,7475.72597274184,0.0,305.47844297289845,0.0,0.0,311.72433394119105,0.0,0.0,0.0,0.0,0.0,0.0,0.0,2555.9761633723965,0.0,0.0,0.0,0.0,0.0,0.0,0.0
6277,0.0,166.5606632262468,0.0,0.0,0.0,0.0,0.0,0.0,0.0,0.0,0.0,0.0,0.0,476.4200487852096,0.0,0.0,7401.755163341759,0.0,283.1275900900363,0.0,0.0,242.24652250371827,0.0,0.0,0.0,0.0,0.0,0.0,0.0,2472.0372375458464,0.0,0.0,0.0,0.0,0.0,0.0,0.0
6278,0.0,158.6572723388672,0.0,0.0,0.0,0.0,0.0,0.0,0.0,0.0,0.0,0.0,0.0,464.15607819557187,0.0,0.0,7311.094366282225,0.0,260.753587281704,0.0,0.0,209.63765749074486,0.0,0.0,0.0,0.0,0.0,0.0,0.0,2412.0160816699263,0.0,0.0,0.0,0.0,0.0,0.0,0.0
6279,0.0,135.78392319381234,0.0,0.0,0.0,0.0,0.0,0.0,0.0,0.0,0.0,0.0,0.0,462.57072625160214,0.0,0.0,7098.975326627491,0.0,250.5327618002891,0.0,0.0,241.49333426691535,0.0,0.0,0.0,0.0,0.0,0.0,0.0,2114.2625912070275,0.0,0.0,0.0,0.0,0.0,0.0,0.0
6280,0.0,109.55727601647371,0.0,0.0,0.0,0.0,0.0,0.0,0.0,0.0,0.0,0.0,0.0,460.2755078673362,0.0,0.0,6844.862174659966,0.0,236.33358753919583,0.0,0.0,260.35388374105065,0.0,0.0,0.0,0.0,0.0,0.0,0.0,1875.649730330704,0.0,0.0,0.0,0.0,0.0,0.0,0.0
6281,0.0,85.52993834763765,0.0,0.0,0.0,0.0,0.0,0.0,0.0,0.0,0.0,0.0,0.0,456.77083094120024,0.0,0.0,6625.949992656708,0.0,219.07324320375915,0.0,0.0,278.0317059125744,0.0,0.0,0.0,0.0,0.0,0.0,0.0,1865.692189399896,0.0,0.0,0.0,0.0,0.0,0.0,0.0
6282,0.0,69.70021385550493,0.0,0.0,0.0,0.0,0.0,0.0,0.0,0.0,0.0,0.0,0.0,462.795661509037,0.0,0.0,6363.58519130945,0.0,216.60273710489273,0.0,0.0,281.717188942059,0.0,0.0,0.0,0.0,0.0,0.0,0.0,2047.1509386241435,0.0,0.0,0.0,0.0,0.0,0.0,0.0
6283,0.0,67.6200297251343,0.0,0.0,0.0,0.0,0.0,0.0,0.0,0.0,0.0,0.0,0.0,479.62303359508513,0.0,0.0,6458.792252019046,0.0,203.0084546864032,0.0,0.0,304.24990005791176,0.0,0.0,0.0,0.0,0.0,0.0,0.0,2399.8234142526967,0.0,0.0,0.0,0.0,0.0,0.0,0.0
6284,0.0,67.38901739269495,0.0,0.0,0.0,0.0,0.0,0.0,0.0,0.0,0.0,0.0,0.0,495.5781482696533,0.0,0.0,6509.807327553628,0.0,188.23334822058672,0.0,0.0,315.8147947277864,0.0,0.0,0.0,0.0,0.0,0.0,0.0,2784.6099673777803,0.0,0.0,0.0,0.0,0.0,0.0,0.0
6285,0.0,69.12397359609596,0.0,0.0,0.0,0.0,0.0,0.0,0.0,0.0,0.0,0.0,0.0,507.608709859848,0.0,0.0,6560.212941616772,0.0,170.4708194583654,0.0,0.0,322.04799316786165,0.0,0.0,0.0,0.0,0.0,0.0,0.0,3122.0417443394663,0.0,0.0,0.0,0.0,0.0,0.0,0.0
6286,0.0,71.51022662222383,0.0,0.0,0.0,0.0,0.0,0.0,0.0,0.0,0.0,0.0,0.0,518.7223587632178,0.0,0.0,6607.888619452715,0.0,158.0667129456997,0.0,0.0,327.2912081345909,0.0,0.0,0.0,0.0,0.0,0.0,0.0,3331.737904906273,0.0,0.0,0.0,0.0,0.0,0.0,0.0
6287,0.0,72.51225734353059,0.0,0.0,0.0,0.0,0.0,0.0,0.0,0.0,0.0,0.0,0.0,531.0187896132468,0.0,0.0,6652.071659117937,0.0,157.2733611464499,0.0,0.0,329.818298101052,0.0,0.0,0.0,0.0,0.0,0.0,0.0,3329.680330127477,0.0,0.0,0.0,0.0,0.0,0.0,0.0
6288,0.0,82.72305714637038,0.0,0.0,0.0,0.0,0.0,0.0,0.0,0.0,0.0,0.0,0.0,540.695533978939,0.0,0.0,7101.781883090733,0.0,186.18561726510512,0.0,0.0,684.6890553832048,0.0,0.0,0.0,0.0,0.0,0.0,0.0,3772.999461522697,0.0,0.0,0.0,0.0,0.0,0.0,0.0
6289,0.0,91.01151534765958,0.0,0.0,0.0,0.0,0.0,0.0,0.0,0.0,0.0,0.0,0.0,551.5698557138443,0.0,0.0,7470.809053838251,0.0,222.58568861782533,0.0,0.0,746.990688212961,0.0,0.0,0.0,0.0,0.0,0.0,0.0,4145.348897221684,0.0,0.0,0.0,0.0,0.0,0.0,0.0
6290,0.0,99.11237773150201,0.0,0.0,0.0,0.0,0.0,0.0,0.0,0.0,0.0,0.0,0.0,561.200734269619,0.0,0.0,7764.691608726978,0.0,255.20486730933172,0.0,0.0,717.9939629070453,0.0,0.0,0.0,0.0,0.0,0.0,0.0,4503.706101199984,0.0,0.0,0.0,0.0,0.0,0.0,0.0
6291,0.0,108.20767470002168,0.0,0.0,0.0,0.0,0.0,0.0,0.0,0.0,0.0,0.0,0.0,566.3538902759551,0.0,0.0,8005.029453486204,0.0,273.3655836820601,0.0,0.0,716.2611985310912,0.0,0.0,0.0,0.0,0.0,0.0,0.0,4895.76703095734,0.0,0.0,0.0,0.0,0.0,0.0,0.0
6292,0.0,119.69651221632958,0.0,0.0,0.0,0.0,0.0,0.0,0.0,0.0,0.0,0.0,0.0,568.7339357495307,0.0,0.0,8202.41096022725,0.0,277.6353666067123,0.0,0.0,772.8491670437152,0.0,0.0,0.0,0.0,0.0,0.0,0.0,5344.710682231187,0.0,0.0,0.0,0.0,0.0,0.0,0.0
6293,0.0,127.61421161592,0.0,0.0,0.0,0.0,0.0,0.0,0.0,0.0,0.0,0.0,0.0,563.5788966894148,0.0,0.0,8360.987623363733,0.0,264.8465296745299,0.0,0.0,874.4846193283796,0.0,0.0,0.0,0.0,0.0,0.0,0.0,5772.716250053047,0.0,0.0,0.0,0.0,0.0,0.0,0.0
6294,0.0,125.21489856541149,0.0,0.0,0.0,0.0,0.0,0.0,0.0,0.0,0.0,0.0,0.0,559.1157005548476,0.0,0.0,7983.385209143162,0.0,237.35704544782627,0.0,0.0,717.4485429055984,0.0,0.0,0.0,0.0,0.0,0.0,0.0,5911.9247443050135,0.0,0.0,0.0,0.0,0.0,0.0,0.0
6295,0.0,116.69505629092447,0.0,0.0,0.0,0.0,0.0,0.0,0.0,0.0,0.0,0.0,0.0,550.1218321919441,0.0,0.0,7651.440676897762,0.0,209.26477391719803,0.0,0.0,592.2483882464468,0.0,0.0,0.0,0.0,0.0,0.0,0.0,5969.366157039999,0.0,0.0,0.0,0.0,0.0,0.0,0.0
6296,0.0,105.33649637550108,0.0,0.0,0.0,0.0,0.0,0.0,0.0,0.0,0.0,0.0,0.0,535.677330160141,0.0,0.0,7368.144938379526,0.0,179.43465734124166,0.0,0.0,501.91329511888324,0.0,0.0,0.0,0.0,0.0,0.0,0.0,5874.121056690811,0.0,0.0,0.0,0.0,0.0,0.0,0.0
6297,0.0,96.5468194082379,0.0,0.0,0.0,0.0,0.0,0.0,0.0,0.0,0.0,0.0,0.0,519.2592980980874,0.0,0.0,7120.005831211805,0.0,154.42184462249273,0.0,0.0,445.46062195077496,0.0,0.0,0.0,0.0,0.0,0.0,0.0,5663.946844479441,0.0,0.0,0.0,0.0,0.0,0.0,0.0
6298,0.0,85.57892396003007,0.0,0.0,0.0,0.0,0.0,0.0,0.0,0.0,0.0,0.0,0.0,484.00359953641885,0.0,0.0,6878.9134521484375,0.0,126.41405105292797,0.0,0.0,438.6043458737423,0.0,0.0,0.0,0.0,0.0,0.0,0.0,5240.991194370388,0.0,0.0,0.0,0.0,0.0,0.0,0.0
6299,0.0,80.55308710187671,0.0,0.0,0.0,0.0,0.0,0.0,0.0,0.0,0.0,0.0,0.0,450.48201416730876,0.0,0.0,6671.965695023537,0.0,107.78027291893956,0.0,0.0,433.3059909582135,0.0,0.0,0.0,0.0,0.0,0.0,0.0,4816.591625791787,0.0,0.0,0.0,0.0,0.0,0.0,0.0
6300,0.0,81.25379037559031,0.0,0.0,0.0,0.0,0.0,0.0,0.0,0.0,0.0,0.0,0.0,418.47135528326027,0.0,0.0,6483.015914663671,0.0,88.89976726621381,0.0,0.0,427.75460536479903,0.0,0.0,0.0,0.0,0.0,0.0,0.0,4386.37986047864,0.0,0.0,0.0,0.0,0.0,0.0,0.0
6301,0.0,89.18566502183668,0.0,0.0,0.0,0.0,0.0,0.0,0.0,0.0,0.0,0.0,0.0,389.55114632844925,0.0,0.0,6309.981751963496,0.0,79.0449833080171,0.0,0.0,426.71148771978875,0.0,0.0,0.0,0.0,0.0,0.0,0.0,3971.6360672503706,0.0,0.0,0.0,0.0,0.0,0.0,0.0
6302,0.0,97.65443853288883,0.0,0.0,0.0,0.0,0.0,0.0,0.0,0.0,0.0,0.0,0.0,364.79746286869045,0.0,0.0,6149.764171183109,0.0,72.39265510886901,0.0,0.0,440.52705355994345,0.0,0.0,0.0,0.0,0.0,0.0,0.0,3589.260565063357,0.0,0.0,0.0,0.0,0.0,0.0,0.0
6303,0.0,87.57918382734056,0.0,0.0,0.0,0.0,0.0,0.0,0.0,0.0,0.0,0.0,0.0,356.28610461950296,0.0,0.0,5835.460573181508,0.0,68.26891531199205,0.0,0.0,454.0258201472458,0.0,0.0,0.0,0.0,0.0,0.0,0.0,2988.520328918097,0.0,0.0,0.0,0.0,0.0,0.0,0.0
6304,0.0,73.1416845872998,0.0,0.0,0.0,0.0,0.0,0.0,0.0,0.0,0.0,0.0,0.0,350.1225781738758,0.0,0.0,5515.594423830507,0.0,60.292276507615874,0.0,0.0,457.5505382470778,0.0,0.0,0.0,0.0,0.0,0.0,0.0,2482.342468836903,0.0,0.0,0.0,0.0,0.0,0.0,0.0
6305,0.0,56.27006894499062,0.0,0.0,0.0,0.0,0.0,0.0,0.0,0.0,0.0,0.0,0.0,339.0848118543624,0.0,0.0,5255.526284888386,0.0,42.377672594785636,0.0,0.0,517.8809841357167,0.0,0.0,0.0,0.0,0.0,0.0,0.0,2066.3438804447633,0.0,0.0,0.0,0.0,0.0,0.0,0.0
6306,0.0,36.41214055269951,0.0,0.0,0.0,0.0,0.0,0.0,0.0,0.0,0.0,0.0,0.0,334.24838997721673,0.0,0.0,5024.8305328786355,0.0,23.77146465852844,0.0,0.0,564.8628696531056,0.0,0.0,0.0,0.0,0.0,0.0,0.0,1746.9292624577863,0.0,0.0,0.0,0.0,0.0,0.0,0.0
6307,0.0,39.86364127099513,0.0,0.0,0.0,0.0,0.0,0.0,0.0,0.0,0.0,0.0,0.0,338.7370970070362,0.0,0.0,5177.604671642183,0.0,14.30631769616151,0.0,0.0,566.703567545861,0.0,0.0,0.0,0.0,0.0,0.0,0.0,1836.2909284219143,0.0,0.0,0.0,0.0,0.0,0.0,0.0
6308,0.0,44.96796452701086,0.0,0.0,0.0,0.0,0.0,0.0,0.0,0.0,0.0,0.0,0.0,341.52421835660937,0.0,0.0,5346.007393881677,0.0,14.216937790252206,0.0,0.0,512.8936003658916,0.0,0.0,0.0,0.0,0.0,0.0,0.0,1899.1031899094573,0.0,0.0,0.0,0.0,0.0,0.0,0.0
6309,0.0,52.69302505999801,0.0,0.0,0.0,0.0,0.0,0.0,0.0,0.0,0.0,0.0,0.0,345.9387465178966,0.0,0.0,5504.323470428584,0.0,14.041590443439631,0.0,0.0,464.6439123194665,0.0,0.0,0.0,0.0,0.0,0.0,0.0,1941.9627618417135,0.0,0.0,0.0,0.0,0.0,0.0,0.0
6310,0.0,63.26084328442809,0.0,0.0,0.0,0.0,0.0,0.0,0.0,0.0,0.0,0.0,0.0,347.30160669088366,0.0,0.0,5668.609702423215,0.0,14.05021608788503,0.0,0.0,499.0830300461498,0.0,0.0,0.0,0.0,0.0,0.0,0.0,2009.692771695554,0.0,0.0,0.0,0.0,0.0,0.0,0.0
6311,0.0,73.45391876846546,0.0,0.0,0.0,0.0,0.0,0.0,0.0,0.0,0.0,0.0,0.0,341.9764426887034,0.0,0.0,5827.035847634075,0.0,14.19743097685274,0.0,0.0,562.5520251687614,0.0,0.0,0.0,0.0,0.0,0.0,0.0,2132.2361758828165,0.0,0.0,0.0,0.0,0.0,0.0,0.0
6312,0.0,106.00568585246802,0.0,0.0,0.0,0.0,0.0,0.0,0.0,0.0,0.0,0.0,0.0,330.2356472074986,0.0,0.0,6322.244101211428,0.0,16.65334054380646,0.0,0.0,929.2679939366877,0.0,0.0,0.0,0.0,0.0,0.0,0.0,2898.0899173900475,0.0,0.0,0.0,0.0,0.0,0.0,0.0
6313,0.0,140.93846652209754,0.0,0.0,0.0,0.0,0.0,0.0,0.0,0.0,0.0,0.0,0.0,310.05684290528296,0.0,0.0,6759.5220112502575,0.0,23.045723016932563,0.0,0.0,1491.221881225705,0.0,0.0,0.0,0.0,0.0,0.0,0.0,3696.545913186669,0.0,0.0,0.0,0.0,0.0,0.0,0.0
6314,0.0,178.55425455272194,0.0,0.0,0.0,0.0,0.0,0.0,0.0,0.0,0.0,0.0,0.0,284.528932917118,0.0,0.0,7148.9317205250245,0.0,31.536052665114404,0.0,0.0,2182.9161700218906,0.0,0.0,0.0,0.0,0.0,0.0,0.0,4456.735538253188,0.0,0.0,0.0,0.0,0.0,0.0,0.0
6315,0.0,213.96613892018786,0.0,0.0,0.0,0.0,0.0,0.0,0.0,0.0,0.0,0.0,0.0,256.25826542973516,0.0,0.0,7475.693302184343,0.0,37.94972321391088,0.0,0.0,2822.269515243172,0.0,0.0,0.0,0.0,0.0,0.0,0.0,5163.8599843233815,0.0,0.0,0.0,0.0,0.0,0.0,0.0
6316,0.0,247.5093456208706,0.0,0.0,0.0,0.0,0.0,0.0,0.0,0.0,0.0,0.0,0.0,228.49485676288597,0.0,0.0,7734.195199042559,0.0,43.34865783303959,0.0,0.0,3356.5855344682927,0.0,0.0,0.0,0.0,0.0,0.0,0.0,5881.006880757212,0.0,0.0,0.0,0.0,0.0,0.0,0.0
6317,0.0,282.7748623251915,0.0,0.0,0.0,0.0,0.0,0.0,0.0,0.0,0.0,0.0,0.0,192.43269558548917,0.0,0.0,7943.127303600311,0.0,44.38850001990784,0.0,0.0,3556.5083807051183,0.0,0.0,0.0,0.0,0.0,0.0,0.0,6557.234075188637,0.0,0.0,0.0,0.0,0.0,0.0,0.0
6318,0.0,300.7490189731121,0.0,0.0,0.0,0.0,0.0,0.0,0.0,0.0,0.0,0.0,0.0,160.58884388208386,0.0,0.0,7740.516174048185,0.0,42.11322693526743,0.0,0.0,3556.6591545939445,0.0,0.0,0.0,0.0,0.0,0.0,0.0,6643.504678022861,0.0,0.0,0.0,0.0,0.0,0.0,0.0
6319,0.0,317.1650347530841,0.0,0.0,0.0,0.0,0.0,0.0,0.0,0.0,0.0,0.0,0.0,131.5755582690239,0.0,0.0,7564.638117104769,0.0,43.932696957886094,0.0,0.0,3549.7184088081117,0.0,0.0,0.0,0.0,0.0,0.0,0.0,6628.437010908126,0.0,0.0,0.0,0.0,0.0,0.0,0.0
6320,0.0,332.3381738841534,0.0,0.0,0.0,0.0,0.0,0.0,0.0,0.0,0.0,0.0,0.0,101.4032082200049,0.0,0.0,7401.630704075096,0.0,43.17958334535344,0.0,0.0,3547.679328203201,0.0,0.0,0.0,0.0,0.0,0.0,0.0,6514.166033685207,0.0,0.0,0.0,0.0,0.0,0.0,0.0
6321,0.0,349.1669201016426,0.0,0.0,0.0,0.0,0.0,0.0,0.0,0.0,0.0,0.0,0.0,79.70254339128726,0.0,0.0,7245.965609908104,0.0,43.47630847841483,0.0,0.0,3532.086341062188,0.0,0.0,0.0,0.0,0.0,0.0,0.0,6295.4165440917,0.0,0.0,0.0,0.0,0.0,0.0,0.0
6322,0.0,358.23601986765857,0.0,0.0,0.0,0.0,0.0,0.0,0.0,0.0,0.0,0.0,0.0,56.14359030276536,0.0,0.0,7171.633090764282,0.0,44.513260629773015,0.0,0.0,3488.6465065866705,0.0,0.0,0.0,0.0,0.0,0.0,0.0,5843.308422362804,0.0,0.0,0.0,0.0,0.0,0.0,0.0
6323,0.0,365.4823554575443,0.0,0.0,0.0,0.0,0.0,0.0,0.0,0.0,0.0,0.0,0.0,43.53455010801552,0.0,0.0,7105.523439794779,0.0,53.88869885206222,0.0,0.0,3447.3169010370966,0.0,0.0,0.0,0.0,0.0,0.0,0.0,5395.820984381437,0.0,0.0,0.0,0.0,0.0,0.0,0.0
6324,0.0,369.98712399601936,0.0,0.0,0.0,0.0,0.0,0.0,0.0,0.0,0.0,0.0,0.0,38.75315151065581,0.0,0.0,7045.129580646753,0.0,70.58078069239853,0.0,0.0,3409.914682808518,0.0,0.0,0.0,0.0,0.0,0.0,0.0,4965.825824919342,0.0,0.0,0.0,0.0,0.0,0.0,0.0
6325,0.0,372.23501932024953,0.0,0.0,0.0,0.0,0.0,0.0,0.0,0.0,0.0,0.0,0.0,40.257246321439666,0.0,0.0,6988.8343207240105,0.0,90.25556443780656,0.0,0.0,3371.5645267367363,0.0,0.0,0.0,0.0,0.0,0.0,0.0,4554.776264369486,0.0,0.0,0.0,0.0,0.0,0.0,0.0
6326,0.0,373.1266921341419,0.0,0.0,0.0,0.0,0.0,0.0,0.0,0.0,0.0,0.0,0.0,46.944284135103196,0.0,0.0,6936.710001975296,0.0,109.51831063330161,0.0,0.0,3306.3826736301185,0.0,0.0,0.0,0.0,0.0,0.0,0.0,4179.158575445414,0.0,0.0,0.0,0.0,0.0,0.0,0.0
6327,0.0,346.39788631796836,0.0,0.0,0.0,0.0,0.0,0.0,0.0,0.0,0.0,0.0,0.0,62.84192083477962,0.0,0.0,6738.196693778038,0.0,139.67943260967724,0.0,0.0,3275.8594383895397,0.0,0.0,0.0,0.0,0.0,0.0,0.0,3372.659053358436,0.0,0.0,0.0,0.0,0.0,0.0,0.0
6328,0.0,325.4982842087746,0.0,0.0,0.0,0.0,0.0,0.0,0.0,0.0,0.0,0.0,0.0,73.42985026538364,0.0,0.0,6559.697991400957,0.0,161.03981845080853,0.0,0.0,3076.1812212735413,0.0,0.0,0.0,0.0,0.0,0.0,0.0,2987.2971748426557,0.0,0.0,0.0,0.0,0.0,0.0,0.0
6329,0.0,309.462117344141,0.0,0.0,0.0,0.0,0.0,0.0,0.0,0.0,0.0,0.0,0.0,81.4215697363018,0.0,0.0,6435.376018866895,0.0,162.8475430727003,0.0,0.0,2527.87986420393,0.0,0.0,0.0,0.0,0.0,0.0,0.0,2785.357420289516,0.0,0.0,0.0,0.0,0.0,0.0,0.0
6330,0.0,296.555558770895,0.0,0.0,0.0,0.0,0.0,0.0,0.0,0.0,0.0,0.0,0.0,94.01686812192196,0.0,0.0,6321.346827685832,0.0,151.75683172345146,0.0,0.0,1911.612483984231,0.0,0.0,0.0,0.0,0.0,0.0,0.0,2711.094700916111,0.0,0.0,0.0,0.0,0.0,0.0,0.0
6331,0.0,318.0326917111873,0.0,0.0,0.0,0.0,0.0,0.0,0.0,0.0,0.0,0.0,0.0,115.35059526264658,0.0,0.0,6438.370819970965,0.0,113.96823910474768,0.0,0.0,1331.032496076822,0.0,0.0,0.0,0.0,0.0,0.0,0.0,2858.336957922576,0.0,0.0,0.0,0.0,0.0,0.0,0.0
6332,0.0,338.9666342496872,0.0,0.0,0.0,0.0,0.0,0.0,0.0,0.0,0.0,0.0,0.0,135.5719812393187,0.0,0.0,6519.157329961656,0.0,76.34935085326416,0.0,0.0,920.8880841337136,0.0,0.0,0.0,0.0,0.0,0.0,0.0,3137.068910861015,0.0,0.0,0.0,0.0,0.0,0.0,0.0
6333,0.0,359.5430323183536,0.0,0.0,0.0,0.0,0.0,0.0,0.0,0.0,0.0,0.0,0.0,154.59492678046223,0.0,0.0,6592.909946709871,0.0,44.494860737025576,0.0,0.0,714.5121608689419,0.0,0.0,0.0,0.0,0.0,0.0,0.0,3394.9115980267525,0.0,0.0,0.0,0.0,0.0,0.0,0.0
6334,0.0,378.5876340150833,0.0,0.0,0.0,0.0,0.0,0.0,0.0,0.0,0.0,0.0,0.0,175.50765129327775,0.0,0.0,6667.68507412076,0.0,24.827989390119814,0.0,0.0,599.7338728263965,0.0,0.0,0.0,0.0,0.0,0.0,0.0,3549.3052834361793,0.0,0.0,0.0,0.0,0.0,0.0,0.0
6335,0.0,395.52804273962977,0.0,0.0,0.0,0.0,0.0,0.0,0.0,0.0,0.0,0.0,0.0,201.05986164212226,0.0,0.0,6742.894253224134,0.0,19.822760973870746,0.0,0.0,514.4167042639103,0.0,0.0,0.0,0.0,0.0,0.0,0.0,3544.8469636738287,0.0,0.0,0.0,0.0,0.0,0.0,0.0
6336,0.0,420.8503498613834,0.0,0.0,0.0,0.0,0.0,0.0,0.0,0.0,0.0,0.0,0.0,227.95760358572005,0.0,0.0,7044.473835885525,0.0,44.73812021315079,0.0,0.0,846.2057351678609,0.0,0.0,0.0,0.0,0.0,0.0,0.0,3864.049495965241,0.0,0.0,0.0,0.0,0.0,0.0,0.0
6337,0.0,429.38697658181184,0.0,0.0,0.0,0.0,0.0,0.0,0.0,0.0,0.0,0.0,0.0,260.82980440855016,0.0,0.0,7321.0511076152325,0.0,78.21238630861043,0.0,0.0,1097.3881461895994,0.0,0.0,0.0,0.0,0.0,0.0,0.0,4164.033050340413,0.0,0.0,0.0,0.0,0.0,0.0,0.0
6338,0.0,432.25372908711427,0.0,0.0,0.0,0.0,0.0,0.0,0.0,0.0,0.0,0.0,0.0,297.9078955173492,0.0,0.0,7543.84953022003,0.0,116.14362811595197,0.0,0.0,1282.5041942328212,0.0,0.0,0.0,0.0,0.0,0.0,0.0,4445.1718956738705,0.0,0.0,0.0,0.0,0.0,0.0,0.0
6339,0.0,433.877997726202,0.0,0.0,0.0,0.0,0.0,0.0,0.0,0.0,0.0,0.0,0.0,338.34387502670285,0.0,0.0,7721.818502843378,0.0,158.7562605977057,0.0,0.0,1476.084394718706,0.0,0.0,0.0,0.0,0.0,0.0,0.0,4708.193234580755,0.0,0.0,0.0,0.0,0.0,0.0,0.0
6340,0.0,432.5380476415157,0.0,0.0,0.0,0.0,0.0,0.0,0.0,0.0,0.0,0.0,0.0,380.6185220479965,0.0,0.0,7866.461173206566,0.0,199.4503467112779,0.0,0.0,1608.242703795433,0.0,0.0,0.0,0.0,0.0,0.0,0.0,4954.4480511337515,0.0,0.0,0.0,0.0,0.0,0.0,0.0
6341,0.0,430.71738765835755,0.0,0.0,0.0,0.0,0.0,0.0,0.0,0.0,0.0,0.0,0.0,420.1960532069206,0.0,0.0,7984.278204381464,0.0,232.47377467751497,0.0,0.0,1403.4666337877502,0.0,0.0,0.0,0.0,0.0,0.0,0.0,5191.877716109156,0.0,0.0,0.0,0.0,0.0,0.0,0.0
6342,0.0,404.25528128743167,0.0,0.0,0.0,0.0,0.0,0.0,0.0,0.0,0.0,0.0,0.0,454.0092877388,0.0,0.0,7673.765557855368,0.0,255.7915000557899,0.0,0.0,1205.1134406164285,0.0,0.0,0.0,0.0,0.0,0.0,0.0,5005.87150965631,0.0,0.0,0.0,0.0,0.0,0.0,0.0
6343,0.0,379.40852177739146,0.0,0.0,0.0,0.0,0.0,0.0,0.0,0.0,0.0,0.0,0.0,483.3776634931564,0.0,0.0,7410.064375132322,0.0,279.78507876396174,0.0,0.0,1036.918204177916,0.0,0.0,0.0,0.0,0.0,0.0,0.0,4874.148754507303,0.0,0.0,0.0,0.0,0.0,0.0,0.0
6344,0.0,358.81641240119933,0.0,0.0,0.0,0.0,0.0,0.0,0.0,0.0,0.0,0.0,0.0,508.0024922728538,0.0,0.0,7174.957708925007,0.0,300.59769172072396,0.0,0.0,888.1896025121212,0.0,0.0,0.0,0.0,0.0,0.0,0.0,4723.881790253518,0.0,0.0,0.0,0.0,0.0,0.0,0.0
6345,0.0,334.71201217174524,0.0,0.0,0.0,0.0,0.0,0.0,0.0,0.0,0.0,0.0,0.0,533.52540320158,0.0,0.0,6962.322163313627,0.0,316.17276001572606,0.0,0.0,761.2127077594391,0.0,0.0,0.0,0.0,0.0,0.0,0.0,4587.199158889054,0.0,0.0,0.0,0.0,0.0,0.0,0.0
6346,0.0,322.11524691581724,0.0,0.0,0.0,0.0,0.0,0.0,0.0,0.0,0.0,0.0,0.0,539.3213530659675,0.0,0.0,6597.660401344299,0.0,307.27174705862996,0.0,0.0,537.834492924436,0.0,0.0,0.0,0.0,0.0,0.0,0.0,4369.889610028265,0.0,0.0,0.0,0.0,0.0,0.0,0.0
6347,0.0,312.19086284637444,0.0,0.0,0.0,0.0,0.0,0.0,0.0,0.0,0.0,0.0,0.0,540.4587175488472,0.0,0.0,6288.2896685898295,0.0,288.1090627849102,0.0,0.0,346.3122576244173,0.0,0.0,0.0,0.0,0.0,0.0,0.0,4133.0837265104055,0.0,0.0,0.0,0.0,0.0,0.0,0.0
6348,0.0,306.4213621079922,0.0,0.0,0.0,0.0,0.0,0.0,0.0,0.0,0.0,0.0,0.0,538.8257512450217,0.0,0.0,6021.758204355834,0.0,261.68572006821626,0.0,0.0,238.4269173201165,0.0,0.0,0.0,0.0,0.0,0.0,0.0,3902.365226793288,0.0,0.0,0.0,0.0,0.0,0.0,0.0
6349,0.0,299.70017697215076,0.0,0.0,0.0,0.0,0.0,0.0,0.0,0.0,0.0,0.0,0.0,534.5776715874672,0.0,0.0,5789.876588895915,0.0,232.89749834537488,0.0,0.0,208.71083707474173,0.0,0.0,0.0,0.0,0.0,0.0,0.0,3688.0961153209196,0.0,0.0,0.0,0.0,0.0,0.0,0.0
6350,0.0,282.4598506093025,0.0,0.0,0.0,0.0,0.0,0.0,0.0,0.0,0.0,0.0,0.0,528.928958594799,0.0,0.0,5571.237050473688,0.0,205.6066262513398,0.0,0.0,203.17610321603672,0.0,0.0,0.0,0.0,0.0,0.0,0.0,3497.6153165459627,0.0,0.0,0.0,0.0,0.0,0.0,0.0
6351,0.0,239.85328157544131,0.0,0.0,0.0,0.0,0.0,0.0,0.0,0.0,0.0,0.0,0.0,534.6093248248101,0.0,0.0,5373.677800342439,0.0,196.39455654919146,0.0,0.0,235.04828034751017,0.0,0.0,0.0,0.0,0.0,0.0,0.0,3121.168088686464,0.0,0.0,0.0,0.0,0.0,0.0,0.0
6352,0.0,199.84097205698484,0.0,0.0,0.0,0.0,0.0,0.0,0.0,0.0,0.0,0.0,0.0,538.2863460063934,0.0,0.0,5170.280632734297,0.0,189.62822756469248,0.0,0.0,251.01797514147995,0.0,0.0,0.0,0.0,0.0,0.0,0.0,2776.127443586288,0.0,0.0,0.0,0.0,0.0,0.0,0.0
6353,0.0,169.04226424992075,0.0,0.0,0.0,0.0,0.0,0.0,0.0,0.0,0.0,0.0,0.0,534.1930802702902,0.0,0.0,4967.967816486953,0.0,175.8341621786356,0.0,0.0,261.59110762998415,0.0,0.0,0.0,0.0,0.0,0.0,0.0,2536.8636803194877,0.0,0.0,0.0,0.0,0.0,0.0,0.0
6354,0.0,142.83381132781506,0.0,0.0,0.0,0.0,0.0,0.0,0.0,0.0,0.0,0.0,0.0,533.9897104620934,0.0,0.0,4755.872890815137,0.0,166.57312490046021,0.0,0.0,266.7838754095137,0.0,0.0,0.0,0.0,0.0,0.0,0.0,2315.340080898999,0.0,0.0,0.0,0.0,0.0,0.0,0.0
6355,0.0,131.28165163099763,0.0,0.0,0.0,0.0,0.0,0.0,0.0,0.0,0.0,0.0,0.0,547.0983203411101,0.0,0.0,4783.835776552557,0.0,155.02193455994114,0.0,0.0,281.3961132209745,0.0,0.0,0.0,0.0,0.0,0.0,0.0,2316.182276269793,0.0,0.0,0.0,0.0,0.0,0.0,0.0
6356,0.0,122.11864874660967,0.0,0.0,0.0,0.0,0.0,0.0,0.0,0.0,0.0,0.0,0.0,558.8762837171554,0.0,0.0,4779.074431732295,0.0,148.68347903788074,0.0,0.0,305.42256062999314,0.0,0.0,0.0,0.0,0.0,0.0,0.0,2330.3001683130856,0.0,0.0,0.0,0.0,0.0,0.0,0.0
6357,0.0,114.81041481345888,0.0,0.0,0.0,0.0,0.0,0.0,0.0,0.0,0.0,0.0,0.0,567.0508891820906,0.0,0.0,4760.739248141646,0.0,144.90861839950068,0.0,0.0,320.6897414434695,0.0,0.0,0.0,0.0,0.0,0.0,0.0,2362.2780987262713,0.0,0.0,0.0,0.0,0.0,0.0,0.0
6358,0.0,111.78457129150628,0.0,0.0,0.0,0.0,0.0,0.0,0.0,0.0,0.0,0.0,0.0,571.8016545295715,0.0,0.0,4742.737770959733,0.0,140.83595071732998,0.0,0.0,329.2354116965079,0.0,0.0,0.0,0.0,0.0,0.0,0.0,2407.4858010321855,0.0,0.0,0.0,0.0,0.0,0.0,0.0
6359,0.0,114.50731282979244,0.0,0.0,0.0,0.0,0.0,0.0,0.0,0.0,0.0,0.0,0.0,572.6233833312988,0.0,0.0,4724.702845349907,0.0,132.8324049413204,0.0,0.0,332.34921039752663,0.0,0.0,0.0,0.0,0.0,0.0,0.0,2460.1231925129878,0.0,0.0,0.0,0.0,0.0,0.0,0.0
6360,0.0,139.77908425033087,0.0,0.0,0.0,0.0,0.0,0.0,0.0,0.0,0.0,0.0,0.0,569.2555864810944,0.0,0.0,5042.371510773897,0.0,138.37783471941947,0.0,0.0,811.8798492372028,0.0,0.0,0.0,0.0,0.0,0.0,0.0,3083.532189244032,0.0,0.0,0.0,0.0,0.0,0.0,0.0
6361,0.0,171.50537643134595,0.0,0.0,0.0,0.0,0.0,0.0,0.0,0.0,0.0,0.0,0.0,563.4453792095185,0.0,0.0,5384.6111579835415,0.0,136.37010481953615,0.0,0.0,1016.6285195723176,0.0,0.0,0.0,0.0,0.0,0.0,0.0,3636.578637564181,0.0,0.0,0.0,0.0,0.0,0.0,0.0
6362,0.0,202.07545665800566,0.0,0.0,0.0,0.0,0.0,0.0,0.0,0.0,0.0,0.0,0.0,556.48184633255,0.0,0.0,5731.339506432413,0.0,130.03159001469604,0.0,0.0,885.2031895816318,0.0,0.0,0.0,0.0,0.0,0.0,0.0,4140.754611182213,0.0,0.0,0.0,0.0,0.0,0.0,0.0
6363,0.0,224.40245911180966,0.0,0.0,0.0,0.0,0.0,0.0,0.0,0.0,0.0,0.0,0.0,549.9569304823874,0.0,0.0,6046.001313760875,0.0,122.12424536943418,0.0,0.0,648.3103890113528,0.0,0.0,0.0,0.0,0.0,0.0,0.0,4614.185210385917,0.0,0.0,0.0,0.0,0.0,0.0,0.0
6364,0.0,247.4614261329174,0.0,0.0,0.0,0.0,0.0,0.0,0.0,0.0,0.0,0.0,0.0,542.4615694165229,0.0,0.0,6332.66989840567,0.0,113.94243627488613,0.0,0.0,465.00733642950627,0.0,0.0,0.0,0.0,0.0,0.0,0.0,5007.58338294327,0.0,0.0,0.0,0.0,0.0,0.0,0.0
6365,0.0,280.6114433348178,0.0,0.0,0.0,0.0,0.0,0.0,0.0,0.0,0.0,0.0,0.0,530.4891134858132,0.0,0.0,6594.925408959387,0.0,96.37572594434018,0.0,0.0,384.23594006337197,0.0,0.0,0.0,0.0,0.0,0.0,0.0,5377.571851027011,0.0,0.0,0.0,0.0,0.0,0.0,0.0
6366,0.0,304.38068770766256,0.0,0.0,0.0,0.0,0.0,0.0,0.0,0.0,0.0,0.0,0.0,519.2028961539268,0.0,0.0,6431.393322333692,0.0,72.84435283839687,0.0,0.0,306.51866106726226,0.0,0.0,0.0,0.0,0.0,0.0,0.0,5370.231480124592,0.0,0.0,0.0,0.0,0.0,0.0,0.0
6367,0.0,320.5351102173328,0.0,0.0,0.0,0.0,0.0,0.0,0.0,0.0,0.0,0.0,0.0,506.35728611946104,0.0,0.0,6267.702161207795,0.0,47.8585804775357,0.0,0.0,355.0807583637531,0.0,0.0,0.0,0.0,0.0,0.0,0.0,5359.4116743326185,0.0,0.0,0.0,0.0,0.0,0.0,0.0
6368,0.0,326.9944215238094,0.0,0.0,0.0,0.0,0.0,0.0,0.0,0.0,0.0,0.0,0.0,487.3155324578285,0.0,0.0,6111.9052180051785,0.0,24.512932910025086,0.0,0.0,341.93939855508467,0.0,0.0,0.0,0.0,0.0,0.0,0.0,5294.530085662005,0.0,0.0,0.0,0.0,0.0,0.0,0.0
6369,0.0,325.4668615937233,0.0,0.0,0.0,0.0,0.0,0.0,0.0,0.0,0.0,0.0,0.0,467.83430991172787,0.0,0.0,5964.214462414384,0.0,15.6358961321412,0.0,0.0,311.30894884988646,0.0,0.0,0.0,0.0,0.0,0.0,0.0,5224.268427121638,0.0,0.0,0.0,0.0,0.0,0.0,0.0
6370,0.0,307.12494812607764,0.0,0.0,0.0,0.0,0.0,0.0,0.0,0.0,0.0,0.0,0.0,437.3811158418655,0.0,0.0,5864.908413544295,0.0,14.811310644634043,0.0,0.0,384.4848078075795,0.0,0.0,0.0,0.0,0.0,0.0,0.0,4956.559144553542,0.0,0.0,0.0,0.0,0.0,0.0,0.0
6371,0.0,288.0739216268063,0.0,0.0,0.0,0.0,0.0,0.0,0.0,0.0,0.0,0.0,0.0,420.07782433032986,0.0,0.0,5775.279850527642,0.0,15.214994880370696,0.0,0.0,425.10705523565366,0.0,0.0,0.0,0.0,0.0,0.0,0.0,4691.311719471216,0.0,0.0,0.0,0.0,0.0,0.0,0.0
6372,0.0,267.1948844969272,0.0,0.0,0.0,0.0,0.0,0.0,0.0,0.0,0.0,0.0,0.0,402.73274695873255,0.0,0.0,5692.169841602444,0.0,16.675045451521793,0.0,0.0,443.6461505401871,0.0,0.0,0.0,0.0,0.0,0.0,0.0,4420.732680585979,0.0,0.0,0.0,0.0,0.0,0.0,0.0
6373,0.0,250.23682860732077,0.0,0.0,0.0,0.0,0.0,0.0,0.0,0.0,0.0,0.0,0.0,392.4300217151642,0.0,0.0,5611.561075001954,0.0,18.871153794229,0.0,0.0,443.6911859136069,0.0,0.0,0.0,0.0,0.0,0.0,0.0,4167.529481014608,0.0,0.0,0.0,0.0,0.0,0.0,0.0
6374,0.0,234.91053228378294,0.0,0.0,0.0,0.0,0.0,0.0,0.0,0.0,0.0,0.0,0.0,377.7483894109726,0.0,0.0,5534.162579610942,0.0,23.13770024962717,0.0,0.0,433.31499803289705,0.0,0.0,0.0,0.0,0.0,0.0,0.0,3956.1467600315796,0.0,0.0,0.0,0.0,0.0,0.0,0.0
6375,0.0,202.37534624040123,0.0,0.0,0.0,0.0,0.0,0.0,0.0,0.0,0.0,0.0,0.0,373.8877704858779,0.0,0.0,5301.384857431053,0.0,34.851627378165674,0.0,0.0,542.9912702500819,0.0,0.0,0.0,0.0,0.0,0.0,0.0,3673.4710618317126,0.0,0.0,0.0,0.0,0.0,0.0,0.0
6376,0.0,175.80139499902717,0.0,0.0,0.0,0.0,0.0,0.0,0.0,0.0,0.0,0.0,0.0,369.95626803636543,0.0,0.0,5041.961573064327,0.0,39.82556374967091,0.0,0.0,622.8813735567031,0.0,0.0,0.0,0.0,0.0,0.0,0.0,3481.3131045639516,0.0,0.0,0.0,0.0,0.0,0.0,0.0
6377,0.0,151.3481476306915,0.0,0.0,0.0,0.0,0.0,0.0,0.0,0.0,0.0,0.0,0.0,363.95576024651524,0.0,0.0,4769.709260851145,0.0,27.228060136362732,0.0,0.0,693.4669416457415,0.0,0.0,0.0,0.0,0.0,0.0,0.0,3429.8180467784405,0.0,0.0,0.0,0.0,0.0,0.0,0.0
6378,0.0,128.62084350585937,0.0,0.0,0.0,0.0,0.0,0.0,0.0,0.0,0.0,0.0,0.0,369.27834625840177,0.0,0.0,4516.780805528163,0.0,20.47381187081323,0.0,0.0,749.1202937029298,0.0,0.0,0.0,0.0,0.0,0.0,0.0,3466.823294126987,0.0,0.0,0.0,0.0,0.0,0.0,0.0
6379,0.0,128.66942230761052,0.0,0.0,0.0,0.0,0.0,0.0,0.0,0.0,0.0,0.0,0.0,385.49182039499277,0.0,0.0,4558.603397414086,0.0,15.752473865821951,0.0,0.0,850.8480117358263,0.0,0.0,0.0,0.0,0.0,0.0,0.0,3762.9401266902687,0.0,0.0,0.0,0.0,0.0,0.0,0.0
6380,0.0,131.82293423116204,0.0,0.0,0.0,0.0,0.0,0.0,0.0,0.0,0.0,0.0,0.0,400.2921299219131,0.0,0.0,4595.428949743508,0.0,15.659264662861675,0.0,0.0,912.4897817328572,0.0,0.0,0.0,0.0,0.0,0.0,0.0,4210.789177110791,0.0,0.0,0.0,0.0,0.0,0.0,0.0
6381,0.0,137.3474507957697,0.0,0.0,0.0,0.0,0.0,0.0,0.0,0.0,0.0,0.0,0.0,412.8822274923324,0.0,0.0,4632.772174835204,0.0,15.417533570900511,0.0,0.0,946.2629057608544,0.0,0.0,0.0,0.0,0.0,0.0,0.0,4726.161395069957,0.0,0.0,0.0,0.0,0.0,0.0,0.0
6382,0.0,143.16610548198216,0.0,0.0,0.0,0.0,0.0,0.0,0.0,0.0,0.0,0.0,0.0,420.3399723172188,0.0,0.0,4673.227659463881,0.0,15.56263743713482,0.0,0.0,987.0653325274585,0.0,0.0,0.0,0.0,0.0,0.0,0.0,5246.27435210645,0.0,0.0,0.0,0.0,0.0,0.0,0.0
6383,0.0,148.0443402171135,0.0,0.0,0.0,0.0,0.0,0.0,0.0,0.0,0.0,0.0,0.0,420.0326758742332,0.0,0.0,4725.489272341132,0.0,16.00438862778243,0.0,0.0,1054.211636191606,0.0,0.0,0.0,0.0,0.0,0.0,0.0,5680.636343383789,0.0,0.0,0.0,0.0,0.0,0.0,0.0
6384,0.0,196.4804917126894,0.0,0.0,0.0,0.0,0.0,0.0,0.0,0.0,0.0,0.0,0.0,415.11467741727824,0.0,0.0,5103.071850866078,0.0,28.145742745324938,0.0,0.0,792.7591920979314,0.0,0.0,0.0,0.0,0.0,0.0,0.0,6801.312346470356,0.0,0.0,0.0,0.0,0.0,0.0,0.0
6385,0.0,248.11667182445527,0.0,0.0,0.0,0.0,0.0,0.0,0.0,0.0,0.0,0.0,0.0,404.3688068509101,0.0,0.0,5507.382445842026,0.0,38.6138533741235,0.0,0.0,474.66814308017393,0.0,0.0,0.0,0.0,0.0,0.0,0.0,8013.701942825316,0.0,0.0,0.0,0.0,0.0,0.0,0.0
6386,0.0,297.81007862091064,0.0,0.0,0.0,0.0,0.0,0.0,0.0,0.0,0.0,0.0,0.0,391.62936518192294,0.0,0.0,5899.557484447954,0.0,47.69881338626132,0.0,0.0,359.8951911617062,0.0,0.0,0.0,0.0,0.0,0.0,0.0,9303.73768534064,0.0,0.0,0.0,0.0,0.0,0.0,0.0
6387,0.0,333.18616365194316,0.0,0.0,0.0,0.0,0.0,0.0,0.0,0.0,0.0,0.0,0.0,380.33731935024264,0.0,0.0,6256.936823576689,0.0,54.778533375263194,0.0,0.0,522.3236291114232,0.0,0.0,0.0,0.0,0.0,0.0,0.0,10537.910815030336,0.0,0.0,0.0,0.0,0.0,0.0,0.0
6388,0.0,360.411755400896,0.0,0.0,0.0,0.0,0.0,0.0,0.0,0.0,0.0,0.0,0.0,370.47596846222876,0.0,0.0,6585.163135230539,0.0,61.093283195793575,0.0,0.0,805.5127557121212,0.0,0.0,0.0,0.0,0.0,0.0,0.0,11915.829228633642,0.0,0.0,0.0,0.0,0.0,0.0,0.0
6389,0.0,381.65063758492465,0.0,0.0,0.0,0.0,0.0,0.0,0.0,0.0,0.0,0.0,0.0,359.85733852982514,0.0,0.0,6918.360038846731,0.0,66.55811803489914,0.0,0.0,931.0731176689262,0.0,0.0,0.0,0.0,0.0,0.0,0.0,13071.826811552048,0.0,0.0,0.0,0.0,0.0,0.0,0.0
6390,0.0,378.56098090410234,0.0,0.0,0.0,0.0,0.0,0.0,0.0,0.0,0.0,0.0,0.0,347.4879169285296,0.0,0.0,6856.976728528738,0.0,63.4532120898366,0.0,0.0,746.639412300288,0.0,0.0,0.0,0.0,0.0,0.0,0.0,13195.232118988037,0.0,0.0,0.0,0.0,0.0,0.0,0.0
6391,0.0,374.77828722596166,0.0,0.0,0.0,0.0,0.0,0.0,0.0,0.0,0.0,0.0,0.0,333.3969806611537,0.0,0.0,6800.2995342314225,0.0,62.229119023680546,0.0,0.0,604.0777427393939,0.0,0.0,0.0,0.0,0.0,0.0,0.0,13217.2846919775,0.0,0.0,0.0,0.0,0.0,0.0,0.0
6392,0.0,370.6622052133083,0.0,0.0,0.0,0.0,0.0,0.0,0.0,0.0,0.0,0.0,0.0,318.0469987690448,0.0,0.0,6730.047723293304,0.0,55.92673707306367,0.0,0.0,486.39561923257935,0.0,0.0,0.0,0.0,0.0,0.0,0.0,13146.55763822794,0.0,0.0,0.0,0.0,0.0,0.0,0.0
6393,0.0,361.712314993143,0.0,0.0,0.0,0.0,0.0,0.0,0.0,0.0,0.0,0.0,0.0,304.3352960824966,0.0,0.0,6637.92297410965,0.0,47.35914528965935,0.0,0.0,396.8188233967867,0.0,0.0,0.0,0.0,0.0,0.0,0.0,13034.596641266346,0.0,0.0,0.0,0.0,0.0,0.0,0.0
6394,0.0,356.4611190676689,0.0,0.0,0.0,0.0,0.0,0.0,0.0,0.0,0.0,0.0,0.0,281.14483868479715,0.0,0.0,6537.143638670443,0.0,35.68906333446501,0.0,0.0,299.8084661174563,0.0,0.0,0.0,0.0,0.0,0.0,0.0,12610.648003399372,0.0,0.0,0.0,0.0,0.0,0.0,0.0
6395,0.0,349.88526352643964,0.0,0.0,0.0,0.0,0.0,0.0,0.0,0.0,0.0,0.0,0.0,268.50952540636064,0.0,0.0,6441.1439280062905,0.0,32.40624235719425,0.0,0.0,264.47901041172366,0.0,0.0,0.0,0.0,0.0,0.0,0.0,12160.750056898594,0.0,0.0,0.0,0.0,0.0,0.0,0.0
6396,0.0,343.4417757511139,0.0,0.0,0.0,0.0,0.0,0.0,0.0,0.0,0.0,0.0,0.0,262.02626091241837,0.0,0.0,6352.37646754086,0.0,36.03866870701305,0.0,0.0,252.7387805443255,0.0,0.0,0.0,0.0,0.0,0.0,0.0,11731.070585095882,0.0,0.0,0.0,0.0,0.0,0.0,0.0
6397,0.0,336.67387753129,0.0,0.0,0.0,0.0,0.0,0.0,0.0,0.0,0.0,0.0,0.0,263.4989434719085,0.0,0.0,6271.305256977677,0.0,45.645546901225956,0.0,0.0,251.7830088168376,0.0,0.0,0.0,0.0,0.0,0.0,0.0,11301.637009751797,0.0,0.0,0.0,0.0,0.0,0.0,0.0
6398,0.0,330.64090377688404,0.0,0.0,0.0,0.0,0.0,0.0,0.0,0.0,0.0,0.0,0.0,268.6306236982345,0.0,0.0,6200.948822468518,0.0,54.71673848778002,0.0,0.0,267.0493570435791,0.0,0.0,0.0,0.0,0.0,0.0,0.0,10897.931436228751,0.0,0.0,0.0,0.0,0.0,0.0,0.0
6399,0.0,291.72966232895845,0.0,0.0,0.0,0.0,0.0,0.0,0.0,0.0,0.0,0.0,0.0,287.0173212349415,0.0,0.0,5980.143692806362,0.0,71.64462499469519,0.0,0.0,388.81142046824027,0.0,0.0,0.0,0.0,0.0,0.0,0.0,10131.875734174251,0.0,0.0,0.0,0.0,0.0,0.0,0.0
6400,0.0,250.3645952045917,0.0,0.0,0.0,0.0,0.0,0.0,0.0,0.0,0.0,0.0,0.0,307.6380379080772,0.0,0.0,5800.106751680373,0.0,83.2614858344197,0.0,0.0,522.6567394953216,0.0,0.0,0.0,0.0,0.0,0.0,0.0,9256.584869724513,0.0,0.0,0.0,0.0,0.0,0.0,0.0
6401,0.0,210.8530555576086,0.0,0.0,0.0,0.0,0.0,0.0,0.0,0.0,0.0,0.0,0.0,327.34307484626765,0.0,0.0,5626.365893706678,0.0,104.00971769243475,0.0,0.0,528.158321264013,0.0,0.0,0.0,0.0,0.0,0.0,0.0,8472.71469246745,0.0,0.0,0.0,0.0,0.0,0.0,0.0
6402,0.0,173.20735993087285,0.0,0.0,0.0,0.0,0.0,0.0,0.0,0.0,0.0,0.0,0.0,350.73398780226705,0.0,0.0,5473.8239492625,0.0,128.67466647028908,0.0,0.0,606.48811918348,0.0,0.0,0.0,0.0,0.0,0.0,0.0,7807.866356658936,0.0,0.0,0.0,0.0,0.0,0.0,0.0
6403,0.0,160.62442623674863,0.0,0.0,0.0,0.0,0.0,0.0,0.0,0.0,0.0,0.0,0.0,381.90298889875413,0.0,0.0,5637.259191021322,0.0,138.9135435581207,0.0,0.0,682.9699151538312,0.0,0.0,0.0,0.0,0.0,0.0,0.0,7841.299596333502,0.0,0.0,0.0,0.0,0.0,0.0,0.0
6404,0.0,151.85200365185736,0.0,0.0,0.0,0.0,0.0,0.0,0.0,0.0,0.0,0.0,0.0,410.2269871592522,0.0,0.0,5798.340596899388,0.0,145.63843387961387,0.0,0.0,801.7192634761332,0.0,0.0,0.0,0.0,0.0,0.0,0.0,7890.039167332649,0.0,0.0,0.0,0.0,0.0,0.0,0.0
6405,0.0,138.6473370462656,0.0,0.0,0.0,0.0,0.0,0.0,0.0,0.0,0.0,0.0,0.0,438.92903088331224,0.0,0.0,5951.502893000839,0.0,149.23848442137225,0.0,0.0,955.156597269326,0.0,0.0,0.0,0.0,0.0,0.0,0.0,7932.897473621368,0.0,0.0,0.0,0.0,0.0,0.0,0.0
6406,0.0,125.17907117307179,0.0,0.0,0.0,0.0,0.0,0.0,0.0,0.0,0.0,0.0,0.0,457.0002944946289,0.0,0.0,6097.867768466472,0.0,145.28312253952018,0.0,0.0,1064.2241728931663,0.0,0.0,0.0,0.0,0.0,0.0,0.0,7965.880144196749,0.0,0.0,0.0,0.0,0.0,0.0,0.0
6407,0.0,112.49451197236772,0.0,0.0,0.0,0.0,0.0,0.0,0.0,0.0,0.0,0.0,0.0,455.8814915418625,0.0,0.0,6241.738791376352,0.0,128.95205059647557,0.0,0.0,1081.8678211636836,0.0,0.0,0.0,0.0,0.0,0.0,0.0,7992.890423727034,0.0,0.0,0.0,0.0,0.0,0.0,0.0
6408,0.0,120.35286611616606,0.0,0.0,0.0,0.0,0.0,0.0,0.0,0.0,0.0,0.0,0.0,435.1821573734283,0.0,0.0,6678.075089275835,0.0,126.58109510540956,0.0,0.0,1484.1040215343235,0.0,0.0,0.0,0.0,0.0,0.0,0.0,8858.97101935148,0.0,0.0,0.0,0.0,0.0,0.0,0.0
6409,0.0,127.6684436827898,0.0,0.0,0.0,0.0,0.0,0.0,0.0,0.0,0.0,0.0,0.0,397.1516445636749,0.0,0.0,7076.5376544594765,0.0,112.27636044472455,0.0,0.0,1517.401889915764,0.0,0.0,0.0,0.0,0.0,0.0,0.0,9775.513184410333,0.0,0.0,0.0,0.0,0.0,0.0,0.0
6410,0.0,135.39694807827468,0.0,0.0,0.0,0.0,0.0,0.0,0.0,0.0,0.0,0.0,0.0,352.4116990506648,0.0,0.0,7426.297752857206,0.0,93.8476266250013,0.0,0.0,1182.6588791191575,0.0,0.0,0.0,0.0,0.0,0.0,0.0,10769.632789266108,0.0,0.0,0.0,0.0,0.0,0.0,0.0
6411,0.0,141.91270786821843,0.0,0.0,0.0,0.0,0.0,0.0,0.0,0.0,0.0,0.0,0.0,310.33295687437055,0.0,0.0,7711.643957793713,0.0,78.78727365434155,0.0,0.0,983.9478250309824,0.0,0.0,0.0,0.0,0.0,0.0,0.0,11716.424558085204,0.0,0.0,0.0,0.0,0.0,0.0,0.0
6412,0.0,180.78151475787163,0.0,0.0,0.0,0.0,0.0,0.0,0.0,0.0,0.0,0.0,0.0,270.9843736708163,0.0,0.0,7935.724310845137,0.0,64.43492010086767,0.0,0.0,842.5335735261434,0.0,0.0,0.0,0.0,0.0,0.0,0.0,12907.526030147075,0.0,0.0,0.0,0.0,0.0,0.0,0.0
6413,0.0,222.64902108013624,0.0,0.0,0.0,0.0,0.0,0.0,0.0,0.0,0.0,0.0,0.0,234.27908237576486,0.0,0.0,8186.83877235651,0.0,43.980123181641055,0.0,0.0,627.7924621056762,0.0,0.0,0.0,0.0,0.0,0.0,0.0,14012.029278504848,0.0,0.0,0.0,0.0,0.0,0.0,0.0
6414,0.0,235.2557742387056,0.0,0.0,0.0,0.0,0.0,0.0,0.0,0.0,0.0,0.0,0.0,196.02432924509037,0.0,0.0,7917.775728851555,0.0,23.55758535750194,0.0,0.0,488.6258920278397,0.0,0.0,0.0,0.0,0.0,0.0,0.0,14151.390373206139,0.0,0.0,0.0,0.0,0.0,0.0,0.0
6415,0.0,250.40423820018762,0.0,0.0,0.0,0.0,0.0,0.0,0.0,0.0,0.0,0.0,0.0,156.5916363060474,0.0,0.0,7667.941642045975,0.0,14.901279673166494,0.0,0.0,395.22218695208403,0.0,0.0,0.0,0.0,0.0,0.0,0.0,14247.107739400864,0.0,0.0,0.0,0.0,0.0,0.0,0.0
6416,0.0,266.58680078387255,0.0,0.0,0.0,0.0,0.0,0.0,0.0,0.0,0.0,0.0,0.0,113.13207769393915,0.0,0.0,7457.349562019108,0.0,14.429960269853366,0.0,0.0,257.297533524781,0.0,0.0,0.0,0.0,0.0,0.0,0.0,14319.409976935387,0.0,0.0,0.0,0.0,0.0,0.0,0.0
6417,0.0,276.0508154869079,0.0,0.0,0.0,0.0,0.0,0.0,0.0,0.0,0.0,0.0,0.0,74.35861610323182,0.0,0.0,7288.668362170458,0.0,14.25206561610102,0.0,0.0,102.40409068213694,0.0,0.0,0.0,0.0,0.0,0.0,0.0,14373.012512016296,0.0,0.0,0.0,0.0,0.0,0.0,0.0
6418,0.0,279.7631449520588,0.0,0.0,0.0,0.0,0.0,0.0,0.0,0.0,0.0,0.0,0.0,27.863148869573973,0.0,0.0,6930.556269109249,0.0,14.165828623808842,0.0,0.0,200.20115727558684,0.0,0.0,0.0,0.0,0.0,0.0,0.0,14312.040315425396,0.0,0.0,0.0,0.0,0.0,0.0,0.0
6419,0.0,275.7537876069546,0.0,0.0,0.0,0.0,0.0,0.0,0.0,0.0,0.0,0.0,0.0,22.924901980161593,0.0,0.0,6588.814458966255,0.0,14.350451873056405,0.0,0.0,243.32252732478068,0.0,0.0,0.0,0.0,0.0,0.0,0.0,14244.431807351113,0.0,0.0,0.0,0.0,0.0,0.0,0.0
6420,0.0,272.4575552880763,0.0,0.0,0.0,0.0,0.0,0.0,0.0,0.0,0.0,0.0,0.0,23.224600357189665,0.0,0.0,6276.540324881673,0.0,14.581627851351948,0.0,0.0,263.26142800077736,0.0,0.0,0.0,0.0,0.0,0.0,0.0,14144.531308460235,0.0,0.0,0.0,0.0,0.0,0.0,0.0
6421,0.0,281.5776887476444,0.0,0.0,0.0,0.0,0.0,0.0,0.0,0.0,0.0,0.0,0.0,23.57742214724419,0.0,0.0,5989.600652396678,0.0,15.009574490971742,0.0,0.0,274.5098261766135,0.0,0.0,0.0,0.0,0.0,0.0,0.0,14025.965821909904,0.0,0.0,0.0,0.0,0.0,0.0,0.0
6422,0.0,294.31776357293126,0.0,0.0,0.0,0.0,0.0,0.0,0.0,0.0,0.0,0.0,0.0,23.703937020897797,0.0,0.0,5728.253694489597,0.0,15.871700798720056,0.0,0.0,280.99363322406913,0.0,0.0,0.0,0.0,0.0,0.0,0.0,13907.507372641563,0.0,0.0,0.0,0.0,0.0,0.0,0.0
6423,0.0,275.7383288025856,0.0,0.0,0.0,0.0,0.0,0.0,0.0,0.0,0.0,0.0,0.0,23.808925675600644,0.0,0.0,5535.321995466948,0.0,19.098534748330515,0.0,0.0,317.0566356886176,0.0,0.0,0.0,0.0,0.0,0.0,0.0,13327.01670986414,0.0,0.0,0.0,0.0,0.0,0.0,0.0
6424,0.0,261.5594909906387,0.0,0.0,0.0,0.0,0.0,0.0,0.0,0.0,0.0,0.0,0.0,24.01307448521248,0.0,0.0,5336.657780408857,0.0,17.89052954651409,0.0,0.0,356.35946021005424,0.0,0.0,0.0,0.0,0.0,0.0,0.0,12450.854359436034,0.0,0.0,0.0,0.0,0.0,0.0,0.0
6425,0.0,242.51424400806428,0.0,0.0,0.0,0.0,0.0,0.0,0.0,0.0,0.0,0.0,0.0,24.09228323698034,0.0,0.0,5131.163863092659,0.0,18.169708829373004,0.0,0.0,363.52106854990103,0.0,0.0,0.0,0.0,0.0,0.0,0.0,11460.026151001452,0.0,0.0,0.0,0.0,0.0,0.0,0.0
6426,0.0,217.70209145843975,0.0,0.0,0.0,0.0,0.0,0.0,0.0,0.0,0.0,0.0,0.0,25.987268628179883,0.0,0.0,4921.27692259848,0.0,27.564276863634426,0.0,0.0,389.9611849050965,0.0,0.0,0.0,0.0,0.0,0.0,0.0,10358.017305248975,0.0,0.0,0.0,0.0,0.0,0.0,0.0
6427,0.0,215.17715808749193,0.0,0.0,0.0,0.0,0.0,0.0,0.0,0.0,0.0,0.0,0.0,32.84923989623777,0.0,0.0,4957.759045138953,0.0,25.242046259716044,0.0,0.0,428.28507664985864,0.0,0.0,0.0,0.0,0.0,0.0,0.0,9941.245951074361,0.0,0.0,0.0,0.0,0.0,0.0,0.0
6428,0.0,210.88007339537137,0.0,0.0,0.0,0.0,0.0,0.0,0.0,0.0,0.0,0.0,0.0,37.7091270893811,0.0,0.0,5013.756769627331,0.0,21.695935637131164,0.0,0.0,497.7935802619901,0.0,0.0,0.0,0.0,0.0,0.0,0.0,9513.595125055313,0.0,0.0,0.0,0.0,0.0,0.0,0.0
6429,0.0,201.74306430816645,0.0,0.0,0.0,0.0,0.0,0.0,0.0,0.0,0.0,0.0,0.0,40.7990614205598,0.0,0.0,5049.6298196315765,0.0,21.378170675039165,0.0,0.0,554.8108229264612,0.0,0.0,0.0,0.0,0.0,0.0,0.0,9175.454949325323,0.0,0.0,0.0,0.0,0.0,0.0,0.0
6430,0.0,193.49483827650545,0.0,0.0,0.0,0.0,0.0,0.0,0.0,0.0,0.0,0.0,0.0,45.07465832233424,0.0,0.0,5076.506020396946,0.0,27.746530654281376,0.0,0.0,601.211865661293,0.0,0.0,0.0,0.0,0.0,0.0,0.0,8864.199935221672,0.0,0.0,0.0,0.0,0.0,0.0,0.0
6431,0.0,184.8961939752102,0.0,0.0,0.0,0.0,0.0,0.0,0.0,0.0,0.0,0.0,0.0,52.871038985252305,0.0,0.0,5101.055610746144,0.0,47.41766480356449,0.0,0.0,638.2759779855602,0.0,0.0,0.0,0.0,0.0,0.0,0.0,8564.524474644659,0.0,0.0,0.0,0.0,0.0,0.0,0.0
6432,0.0,189.88379063308233,0.0,0.0,0.0,0.0,0.0,0.0,0.0,0.0,0.0,0.0,0.0,67.58840447664258,0.0,0.0,5652.3148729354125,0.0,98.91000549346205,0.0,0.0,921.609558384865,0.0,0.0,0.0,0.0,0.0,0.0,0.0,8987.540875643492,0.0,0.0,0.0,0.0,0.0,0.0,0.0
6433,0.0,193.20719509720794,0.0,0.0,0.0,0.0,0.0,0.0,0.0,0.0,0.0,0.0,0.0,85.37769759744403,0.0,0.0,6185.988429680465,0.0,159.90834731757633,0.0,0.0,1168.4812137387692,0.0,0.0,0.0,0.0,0.0,0.0,0.0,9339.663881170749,0.0,0.0,0.0,0.0,0.0,0.0,0.0
6434,0.0,195.7837232798337,0.0,0.0,0.0,0.0,0.0,0.0,0.0,0.0,0.0,0.0,0.0,103.24295176267614,0.0,0.0,6668.146351277828,0.0,216.20938104093062,0.0,0.0,1438.959654942154,0.0,0.0,0.0,0.0,0.0,0.0,0.0,9659.510806828735,0.0,0.0,0.0,0.0,0.0,0.0,0.0
6435,0.0,197.7476086646318,0.0,0.0,0.0,0.0,0.0,0.0,0.0,0.0,0.0,0.0,0.0,117.98493145704256,0.0,0.0,7104.103826284407,0.0,253.397127866745,0.0,0.0,1733.9590622305866,0.0,0.0,0.0,0.0,0.0,0.0,0.0,9941.842611598966,0.0,0.0,0.0,0.0,0.0,0.0,0.0
6436,0.0,199.33466114401816,0.0,0.0,0.0,0.0,0.0,0.0,0.0,0.0,0.0,0.0,0.0,130.81117293834677,0.0,0.0,7490.440169543028,0.0,275.52160945534695,0.0,0.0,2051.6161821797486,0.0,0.0,0.0,0.0,0.0,0.0,0.0,10342.29873574376,0.0,0.0,0.0,0.0,0.0,0.0,0.0
6437,0.0,200.44223818480964,0.0,0.0,0.0,0.0,0.0,0.0,0.0,0.0,0.0,0.0,0.0,137.90607123374937,0.0,0.0,7805.174318820238,0.0,287.09737250804903,0.0,0.0,2395.153730973601,0.0,0.0,0.0,0.0,0.0,0.0,0.0,10655.981615763902,0.0,0.0,0.0,0.0,0.0,0.0,0.0
6438,0.0,211.22990249097344,0.0,0.0,0.0,0.0,0.0,0.0,0.0,0.0,0.0,0.0,0.0,141.77850407958027,0.0,0.0,7583.841404080389,0.0,277.81828362345686,0.0,0.0,2220.037730830908,0.0,0.0,0.0,0.0,0.0,0.0,0.0,10325.545231437683,0.0,0.0,0.0,0.0,0.0,0.0,0.0
6439,0.0,220.70599526166913,0.0,0.0,0.0,0.0,0.0,0.0,0.0,0.0,0.0,0.0,0.0,142.15578735470757,0.0,0.0,7405.065779834986,0.0,262.31020486950877,0.0,0.0,2083.3904168352483,0.0,0.0,0.0,0.0,0.0,0.0,0.0,10019.216101980208,0.0,0.0,0.0,0.0,0.0,0.0,0.0
6440,0.0,226.5540665656328,0.0,0.0,0.0,0.0,0.0,0.0,0.0,0.0,0.0,0.0,0.0,133.15124835371964,0.0,0.0,7246.881163388489,0.0,233.58271835446345,0.0,0.0,1970.2539898350826,0.0,0.0,0.0,0.0,0.0,0.0,0.0,9656.58897832036,0.0,0.0,0.0,0.0,0.0,0.0,0.0
6441,0.0,230.82644803225992,0.0,0.0,0.0,0.0,0.0,0.0,0.0,0.0,0.0,0.0,0.0,121.10562233328815,0.0,0.0,7100.9340043365955,0.0,199.7642490297554,0.0,0.0,1851.794457386434,0.0,0.0,0.0,0.0,0.0,0.0,0.0,9321.965121948717,0.0,0.0,0.0,0.0,0.0,0.0,0.0
6442,0.0,210.32484700977795,0.0,0.0,0.0,0.0,0.0,0.0,0.0,0.0,0.0,0.0,0.0,91.99249563962219,0.0,0.0,7010.262317091225,0.0,155.80655696988103,0.0,0.0,1713.9417091771952,0.0,0.0,0.0,0.0,0.0,0.0,0.0,9041.246831882,0.0,0.0,0.0,0.0,0.0,0.0,0.0
6443,0.0,192.50429644882672,0.0,0.0,0.0,0.0,0.0,0.0,0.0,0.0,0.0,0.0,0.0,65.15190661996603,0.0,0.0,6910.868368864059,0.0,115.46601112335907,0.0,0.0,1570.535001924634,0.0,0.0,0.0,0.0,0.0,0.0,0.0,8809.587778210638,0.0,0.0,0.0,0.0,0.0,0.0,0.0
6444,0.0,177.63357193171976,0.0,0.0,0.0,0.0,0.0,0.0,0.0,0.0,0.0,0.0,0.0,42.38973187059164,0.0,0.0,6804.665720880032,0.0,77.70897176414712,0.0,0.0,1416.628770419955,0.0,0.0,0.0,0.0,0.0,0.0,0.0,8601.636759275196,0.0,0.0,0.0,0.0,0.0,0.0,0.0
6445,0.0,169.638634622097,0.0,0.0,0.0,0.0,0.0,0.0,0.0,0.0,0.0,0.0,0.0,27.534452304989063,0.0,0.0,6700.698672473431,0.0,46.21695879399768,0.0,0.0,1252.9251123502843,0.0,0.0,0.0,0.0,0.0,0.0,0.0,8430.779221123455,0.0,0.0,0.0,0.0,0.0,0.0,0.0
6446,0.0,165.93932309746737,0.0,0.0,0.0,0.0,0.0,0.0,0.0,0.0,0.0,0.0,0.0,23.956980779021904,0.0,0.0,6600.369724005461,0.0,23.581872771307648,0.0,0.0,1069.6862446367736,0.0,0.0,0.0,0.0,0.0,0.0,0.0,8284.84762840271,0.0,0.0,0.0,0.0,0.0,0.0,0.0
6447,0.0,146.3922822028398,0.0,0.0,0.0,0.0,0.0,0.0,0.0,0.0,0.0,0.0,0.0,23.948159568756715,0.0,0.0,6326.180903390048,0.0,18.302967255189962,0.0,0.0,1020.3592650443308,0.0,0.0,0.0,0.0,0.0,0.0,0.0,7602.762674069404,0.0,0.0,0.0,0.0,0.0,0.0,0.0
6448,0.0,130.28802365362645,0.0,0.0,0.0,0.0,0.0,0.0,0.0,0.0,0.0,0.0,0.0,23.828633290529215,0.0,0.0,6086.186099484563,0.0,16.85549482256157,0.0,0.0,971.0325125209986,0.0,0.0,0.0,0.0,0.0,0.0,0.0,6850.611693525313,0.0,0.0,0.0,0.0,0.0,0.0,0.0
6449,0.0,114.7623971298337,0.0,0.0,0.0,0.0,0.0,0.0,0.0,0.0,0.0,0.0,0.0,23.842377901822328,0.0,0.0,5880.572001188993,0.0,15.251453789882198,0.0,0.0,920.1465521112083,0.0,0.0,0.0,0.0,0.0,0.0,0.0,6142.378543716669,0.0,0.0,0.0,0.0,0.0,0.0,0.0
6450,0.0,100.9928669348359,0.0,0.0,0.0,0.0,0.0,0.0,0.0,0.0,0.0,0.0,0.0,24.241694587469013,0.0,0.0,5699.264797672629,0.0,16.800884266942596,0.0,0.0,871.4808734558515,0.0,0.0,0.0,0.0,0.0,0.0,0.0,5530.889377817511,0.0,0.0,0.0,0.0,0.0,0.0,0.0
6451,0.0,95.95444700270887,0.0,0.0,0.0,0.0,0.0,0.0,0.0,0.0,0.0,0.0,0.0,26.384122212231038,0.0,0.0,5926.225604876875,0.0,15.886786413565227,0.0,0.0,767.1527599789196,0.0,0.0,0.0,0.0,0.0,0.0,0.0,5401.843277943132,0.0,0.0,0.0,0.0,0.0,0.0,0.0
6452,0.0,95.10196828991172,0.0,0.0,0.0,0.0,0.0,0.0,0.0,0.0,0.0,0.0,0.0,27.759650965779986,0.0,0.0,6051.274497315286,0.0,16.56408290863023,0.0,0.0,708.5524293266237,0.0,0.0,0.0,0.0,0.0,0.0,0.0,5419.438977620005,0.0,0.0,0.0,0.0,0.0,0.0,0.0
6453,0.0,95.69772143214936,0.0,0.0,0.0,0.0,0.0,0.0,0.0,0.0,0.0,0.0,0.0,27.978805360197985,0.0,0.0,6127.234710305927,0.0,16.500865234434418,0.0,0.0,687.782644933462,0.0,0.0,0.0,0.0,0.0,0.0,0.0,5511.506589466333,0.0,0.0,0.0,0.0,0.0,0.0,0.0
6454,0.0,95.93290006667375,0.0,0.0,0.0,0.0,0.0,0.0,0.0,0.0,0.0,0.0,0.0,28.808321373909685,0.0,0.0,6198.355013564227,0.0,16.94487472847087,0.0,0.0,650.357341345399,0.0,0.0,0.0,0.0,0.0,0.0,0.0,5531.567039528489,0.0,0.0,0.0,0.0,0.0,0.0,0.0
6455,0.0,93.21137896031132,0.0,0.0,0.0,0.0,0.0,0.0,0.0,0.0,0.0,0.0,0.0,31.086917325109145,0.0,0.0,6263.684071570633,0.0,17.543841998279067,0.0,0.0,565.6883415564889,0.0,0.0,0.0,0.0,0.0,0.0,0.0,5363.404960498213,0.0,0.0,0.0,0.0,0.0,0.0,0.0
6456,0.0,103.64283145219079,0.0,0.0,0.0,0.0,0.0,0.0,0.0,0.0,0.0,0.0,0.0,33.17210235670195,0.0,0.0,6742.159165680407,0.0,30.42720161750912,0.0,0.0,1014.0090503230684,0.0,0.0,0.0,0.0,0.0,0.0,0.0,5892.149606457353,0.0,0.0,0.0,0.0,0.0,0.0,0.0
6457,0.0,114.36654231995342,0.0,0.0,0.0,0.0,0.0,0.0,0.0,0.0,0.0,0.0,0.0,36.92324636355042,0.0,0.0,7162.718695789574,0.0,39.97208855003113,0.0,0.0,1292.5968106403946,0.0,0.0,0.0,0.0,0.0,0.0,0.0,6301.111940008401,0.0,0.0,0.0,0.0,0.0,0.0,0.0
6458,0.0,126.87126316130158,0.0,0.0,0.0,0.0,0.0,0.0,0.0,0.0,0.0,0.0,0.0,41.208704078197435,0.0,0.0,7514.58526727557,0.0,47.12279966771597,0.0,0.0,1348.3991957232354,0.0,0.0,0.0,0.0,0.0,0.0,0.0,6664.530271685124,0.0,0.0,0.0,0.0,0.0,0.0,0.0
6459,0.0,141.44467923939223,0.0,0.0,0.0,0.0,0.0,0.0,0.0,0.0,0.0,0.0,0.0,44.74441776573648,0.0,0.0,7800.092491388321,0.0,51.87909413427111,0.0,0.0,1350.3961928531523,0.0,0.0,0.0,0.0,0.0,0.0,0.0,7046.903604197502,0.0,0.0,0.0,0.0,0.0,0.0,0.0
6460,0.0,161.21928158998483,0.0,0.0,0.0,0.0,0.0,0.0,0.0,0.0,0.0,0.0,0.0,48.24075545370578,0.0,0.0,8030.767629832029,0.0,57.50283646434534,0.0,0.0,1247.4838552750646,0.0,0.0,0.0,0.0,0.0,0.0,0.0,7461.858217477798,0.0,0.0,0.0,0.0,0.0,0.0,0.0
6461,0.0,183.06467635631554,0.0,0.0,0.0,0.0,0.0,0.0,0.0,0.0,0.0,0.0,0.0,40.42723956182592,0.0,0.0,8215.679095923899,0.0,58.856454993784425,0.0,0.0,938.0960624724626,0.0,0.0,0.0,0.0,0.0,0.0,0.0,7846.130738520621,0.0,0.0,0.0,0.0,0.0,0.0,0.0
6462,0.0,202.83077776730062,0.0,0.0,0.0,0.0,0.0,0.0,0.0,0.0,0.0,0.0,0.0,34.06035731881847,0.0,0.0,7850.316472709177,0.0,51.079673260450285,0.0,0.0,707.1024416819213,0.0,0.0,0.0,0.0,0.0,0.0,0.0,7805.920881736279,0.0,0.0,0.0,0.0,0.0,0.0,0.0
6463,0.0,220.38180926442146,0.0,0.0,0.0,0.0,0.0,0.0,0.0,0.0,0.0,0.0,0.0,29.03238515853871,0.0,0.0,7540.694487810133,0.0,53.12756724357588,0.0,0.0,590.0525921110058,0.0,0.0,0.0,0.0,0.0,0.0,0.0,7762.203384292125,0.0,0.0,0.0,0.0,0.0,0.0,0.0
6464,0.0,232.6372884482145,0.0,0.0,0.0,0.0,0.0,0.0,0.0,0.0,0.0,0.0,0.0,27.11243529394262,0.0,0.0,7291.072759628296,0.0,43.27638471424562,0.0,0.0,496.0250525012612,0.0,0.0,0.0,0.0,0.0,0.0,0.0,7617.844082456826,0.0,0.0,0.0,0.0,0.0,0.0,0.0
6465,0.0,241.94765498042108,0.0,0.0,0.0,0.0,0.0,0.0,0.0,0.0,0.0,0.0,0.0,27.502006055414558,0.0,0.0,7105.938044726849,0.0,35.22154080793243,0.0,0.0,440.705643414705,0.0,0.0,0.0,0.0,0.0,0.0,0.0,7406.3846996366965,0.0,0.0,0.0,0.0,0.0,0.0,0.0
6466,0.0,240.2934226334095,0.0,0.0,0.0,0.0,0.0,0.0,0.0,0.0,0.0,0.0,0.0,25.06303949281559,0.0,0.0,6929.017641425131,0.0,27.62106420882033,0.0,0.0,432.1477114297449,0.0,0.0,0.0,0.0,0.0,0.0,0.0,7046.479071193932,0.0,0.0,0.0,0.0,0.0,0.0,0.0
6467,0.0,241.02857154607773,0.0,0.0,0.0,0.0,0.0,0.0,0.0,0.0,0.0,0.0,0.0,26.927103011310013,0.0,0.0,6773.494897544382,0.0,30.10030895993103,0.0,0.0,439.5598526872688,0.0,0.0,0.0,0.0,0.0,0.0,0.0,6671.65331351161,0.0,0.0,0.0,0.0,0.0,0.0,0.0
6468,0.0,249.58612797260278,0.0,0.0,0.0,0.0,0.0,0.0,0.0,0.0,0.0,0.0,0.0,32.23129001855843,0.0,0.0,6612.83898678422,0.0,39.16814736425859,0.0,0.0,457.9628200605509,0.0,0.0,0.0,0.0,0.0,0.0,0.0,6285.292842245102,0.0,0.0,0.0,0.0,0.0,0.0,0.0
6469,0.0,264.605885463953,0.0,0.0,0.0,0.0,0.0,0.0,0.0,0.0,0.0,0.0,0.0,37.43841849341986,0.0,0.0,6450.320076376198,0.0,51.47780158817767,0.0,0.0,471.04559603892244,0.0,0.0,0.0,0.0,0.0,0.0,0.0,5881.746016582847,0.0,0.0,0.0,0.0,0.0,0.0,0.0
6470,0.0,278.68049558401106,0.0,0.0,0.0,0.0,0.0,0.0,0.0,0.0,0.0,0.0,0.0,42.69291193559759,0.0,0.0,6292.934332847593,0.0,65.19184263199561,0.0,0.0,482.2321557272218,0.0,0.0,0.0,0.0,0.0,0.0,0.0,5439.084658214448,0.0,0.0,0.0,0.0,0.0,0.0,0.0
6471,0.0,264.6614922702312,0.0,0.0,0.0,0.0,0.0,0.0,0.0,0.0,0.0,0.0,0.0,58.17091626524923,0.0,0.0,6019.463875561952,0.0,86.27628936469542,0.0,0.0,501.19761113002806,0.0,0.0,0.0,0.0,0.0,0.0,0.0,4595.824338787794,0.0,0.0,0.0,0.0,0.0,0.0,0.0
6472,0.0,236.84451007246966,0.0,0.0,0.0,0.0,0.0,0.0,0.0,0.0,0.0,0.0,0.0,73.17990289777508,0.0,0.0,5764.325490385293,0.0,99.25697278231382,0.0,0.0,521.5456146519631,0.0,0.0,0.0,0.0,0.0,0.0,0.0,3809.3429581075907,0.0,0.0,0.0,0.0,0.0,0.0,0.0
6473,0.0,208.4796942204237,0.0,0.0,0.0,0.0,0.0,0.0,0.0,0.0,0.0,0.0,0.0,83.09073999077073,0.0,0.0,5657.826084837316,0.0,108.1410086333751,0.0,0.0,520.050667323544,0.0,0.0,0.0,0.0,0.0,0.0,0.0,3194.5077923089266,0.0,0.0,0.0,0.0,0.0,0.0,0.0
6474,0.0,187.74548167884345,0.0,0.0,0.0,0.0,0.0,0.0,0.0,0.0,0.0,0.0,0.0,96.70838526189318,0.0,0.0,5512.576286613941,0.0,121.59472417086344,0.0,0.0,538.7056814085682,0.0,0.0,0.0,0.0,0.0,0.0,0.0,2835.8095878005015,0.0,0.0,0.0,0.0,0.0,0.0,0.0
6475,0.0,172.5569819390774,0.0,0.0,0.0,0.0,0.0,0.0,0.0,0.0,0.0,0.0,0.0,118.93726348876949,0.0,0.0,5591.302606806157,0.0,126.99279918968665,0.0,0.0,510.50634712614055,0.0,0.0,0.0,0.0,0.0,0.0,0.0,2942.216036890447,0.0,0.0,0.0,0.0,0.0,0.0,0.0
6476,0.0,161.95712386965747,0.0,0.0,0.0,0.0,0.0,0.0,0.0,0.0,0.0,0.0,0.0,139.8597619473934,0.0,0.0,5608.455427363513,0.0,136.88162628412235,0.0,0.0,512.030283610895,0.0,0.0,0.0,0.0,0.0,0.0,0.0,3091.983433559537,0.0,0.0,0.0,0.0,0.0,0.0,0.0
6477,0.0,150.39953535497182,0.0,0.0,0.0,0.0,0.0,0.0,0.0,0.0,0.0,0.0,0.0,160.22915819287297,0.0,0.0,5619.942239806054,0.0,147.29377211630342,0.0,0.0,527.3233124580225,0.0,0.0,0.0,0.0,0.0,0.0,0.0,3192.3699395686376,0.0,0.0,0.0,0.0,0.0,0.0,0.0
6478,0.0,143.64855484664432,0.0,0.0,0.0,0.0,0.0,0.0,0.0,0.0,0.0,0.0,0.0,182.23799934387196,0.0,0.0,5630.904378652571,0.0,161.49903768300993,0.0,0.0,541.6783188130698,0.0,0.0,0.0,0.0,0.0,0.0,0.0,3246.6024035185555,0.0,0.0,0.0,0.0,0.0,0.0,0.0
6479,0.0,143.53541940450668,0.0,0.0,0.0,0.0,0.0,0.0,0.0,0.0,0.0,0.0,0.0,208.0825762093067,0.0,0.0,5655.576483592389,0.0,180.41682479381555,0.0,0.0,537.7746980588881,0.0,0.0,0.0,0.0,0.0,0.0,0.0,3233.0603792846186,0.0,0.0,0.0,0.0,0.0,0.0,0.0
6480,0.0,178.54203620553017,0.0,0.0,0.0,0.0,0.0,0.0,0.0,0.0,0.0,0.0,0.0,238.60293253064148,0.0,0.0,6126.914227694271,0.0,225.57311091423028,0.0,0.0,996.0647625513369,0.0,0.0,0.0,0.0,0.0,0.0,0.0,3857.697411859035,0.0,0.0,0.0,0.0,0.0,0.0,0.0
6481,0.0,225.20896822214124,0.0,0.0,0.0,0.0,0.0,0.0,0.0,0.0,0.0,0.0,0.0,272.6938950777054,0.0,0.0,6555.1700077056885,0.0,267.78849689960475,0.0,0.0,1315.3573099181056,0.0,0.0,0.0,0.0,0.0,0.0,0.0,4409.872012588381,0.0,0.0,0.0,0.0,0.0,0.0,0.0
6482,0.0,277.45077715516084,0.0,0.0,0.0,0.0,0.0,0.0,0.0,0.0,0.0,0.0,0.0,307.7608174979686,0.0,0.0,6944.766405880451,0.0,303.68668023943894,0.0,0.0,1544.365135654807,0.0,0.0,0.0,0.0,0.0,0.0,0.0,4924.713745099306,0.0,0.0,0.0,0.0,0.0,0.0,0.0
6483,0.0,326.4146181643009,0.0,0.0,0.0,0.0,0.0,0.0,0.0,0.0,0.0,0.0,0.0,342.7157878875732,0.0,0.0,7292.67206120491,0.0,327.08301458358767,0.0,0.0,1652.5675022810692,0.0,0.0,0.0,0.0,0.0,0.0,0.0,5414.346028026937,0.0,0.0,0.0,0.0,0.0,0.0,0.0
6484,0.0,359.045937770605,0.0,0.0,0.0,0.0,0.0,0.0,0.0,0.0,0.0,0.0,0.0,374.4718309998512,0.0,0.0,7577.021036267279,0.0,353.3896887898445,0.0,0.0,1923.9983470201491,0.0,0.0,0.0,0.0,0.0,0.0,0.0,5958.6016779512165,0.0,0.0,0.0,0.0,0.0,0.0,0.0
6485,0.0,380.90216211676596,0.0,0.0,0.0,0.0,0.0,0.0,0.0,0.0,0.0,0.0,0.0,410.30132294893264,0.0,0.0,7809.963666975496,0.0,389.1082453072071,0.0,0.0,2366.4350896373385,0.0,0.0,0.0,0.0,0.0,0.0,0.0,6467.910016918182,0.0,0.0,0.0,0.0,0.0,0.0,0.0
6486,0.0,372.11356530189516,0.0,0.0,0.0,0.0,0.0,0.0,0.0,0.0,0.0,0.0,0.0,443.16661924123764,0.0,0.0,7617.097698003054,0.0,423.3158912599085,0.0,0.0,2445.9283518299453,0.0,0.0,0.0,0.0,0.0,0.0,0.0,6405.606363326311,0.0,0.0,0.0,0.0,0.0,0.0,0.0
6487,0.0,370.6400971591473,0.0,0.0,0.0,0.0,0.0,0.0,0.0,0.0,0.0,0.0,0.0,466.04191172122955,0.0,0.0,7456.706263184547,0.0,461.9589265823363,0.0,0.0,2529.8275116473433,0.0,0.0,0.0,0.0,0.0,0.0,0.0,6334.629073768854,0.0,0.0,0.0,0.0,0.0,0.0,0.0
6488,0.0,373.8238533496857,0.0,0.0,0.0,0.0,0.0,0.0,0.0,0.0,0.0,0.0,0.0,474.202573621273,0.0,0.0,7334.452259153128,0.0,495.1494875252246,0.0,0.0,2600.274946027994,0.0,0.0,0.0,0.0,0.0,0.0,0.0,6220.18379935026,0.0,0.0,0.0,0.0,0.0,0.0,0.0
6489,0.0,374.1797425210476,0.0,0.0,0.0,0.0,0.0,0.0,0.0,0.0,0.0,0.0,0.0,485.9752465128898,0.0,0.0,7269.449517786501,0.0,517.3448713183403,0.0,0.0,2658.553292682767,0.0,0.0,0.0,0.0,0.0,0.0,0.0,6052.73084231317,0.0,0.0,0.0,0.0,0.0,0.0,0.0
6490,0.0,362.5286857545376,0.0,0.0,0.0,0.0,0.0,0.0,0.0,0.0,0.0,0.0,0.0,482.8797751069069,0.0,0.0,7200.10859310627,0.0,538.5497287869453,0.0,0.0,2579.178409186005,0.0,0.0,0.0,0.0,0.0,0.0,0.0,5645.895513129233,0.0,0.0,0.0,0.0,0.0,0.0,0.0
6491,0.0,348.37509825825686,0.0,0.0,0.0,0.0,0.0,0.0,0.0,0.0,0.0,0.0,0.0,483.8816493868827,0.0,0.0,7136.001958459614,0.0,572.5628086566925,0.0,0.0,2460.1804201886052,0.0,0.0,0.0,0.0,0.0,0.0,0.0,5275.7884361654515,0.0,0.0,0.0,0.0,0.0,0.0,0.0
6492,0.0,335.9678506493568,0.0,0.0,0.0,0.0,0.0,0.0,0.0,0.0,0.0,0.0,0.0,490.50820530653,0.0,0.0,7074.0445797741395,0.0,614.2833019971846,0.0,0.0,2317.184253886341,0.0,0.0,0.0,0.0,0.0,0.0,0.0,4918.473760849237,0.0,0.0,0.0,0.0,0.0,0.0,0.0
6493,0.0,334.42884390950195,0.0,0.0,0.0,0.0,0.0,0.0,0.0,0.0,0.0,0.0,0.0,501.4795491456985,0.0,0.0,7015.574394166468,0.0,662.4566073417664,0.0,0.0,2237.3335849151013,0.0,0.0,0.0,0.0,0.0,0.0,0.0,4570.969631007312,0.0,0.0,0.0,0.0,0.0,0.0,0.0
6494,0.0,342.77505519390104,0.0,0.0,0.0,0.0,0.0,0.0,0.0,0.0,0.0,0.0,0.0,513.840003824234,0.0,0.0,6963.16459697485,0.0,713.2414969801902,0.0,0.0,2217.8826936006535,0.0,0.0,0.0,0.0,0.0,0.0,0.0,4230.876748105884,0.0,0.0,0.0,0.0,0.0,0.0,0.0
6495,0.0,324.79758794903756,0.0,0.0,0.0,0.0,0.0,0.0,0.0,0.0,0.0,0.0,0.0,534.2328934073447,0.0,0.0,6823.351724028587,0.0,777.929561960697,0.0,0.0,2615.4882736176246,0.0,0.0,0.0,0.0,0.0,0.0,0.0,3701.769043257832,0.0,0.0,0.0,0.0,0.0,0.0,0.0
6496,0.0,309.4551594793796,0.0,0.0,0.0,0.0,0.0,0.0,0.0,0.0,0.0,0.0,0.0,548.5599287509917,0.0,0.0,6682.412494719027,0.0,826.5427455306052,0.0,0.0,2861.309355890751,0.0,0.0,0.0,0.0,0.0,0.0,0.0,3250.0344671785815,0.0,0.0,0.0,0.0,0.0,0.0,0.0
6497,0.0,289.6738938510417,0.0,0.0,0.0,0.0,0.0,0.0,0.0,0.0,0.0,0.0,0.0,557.7608881950378,0.0,0.0,6561.189946860075,0.0,860.7366971611975,0.0,0.0,3067.3736646473403,0.0,0.0,0.0,0.0,0.0,0.0,0.0,2921.8764220252624,0.0,0.0,0.0,0.0,0.0,0.0,0.0
6498,0.0,269.145751941204,0.0,0.0,0.0,0.0,0.0,0.0,0.0,0.0,0.0,0.0,0.0,571.5045803785323,0.0,0.0,6472.454379081724,0.0,903.555581843853,0.0,0.0,3262.2349890500304,0.0,0.0,0.0,0.0,0.0,0.0,0.0,2673.6246007770296,0.0,0.0,0.0,0.0,0.0,0.0,0.0
6499,0.0,294.16210940480227,0.0,0.0,0.0,0.0,0.0,0.0,0.0,0.0,0.0,0.0,0.0,596.4499766469002,0.0,0.0,6607.539355635643,0.0,934.4094231009483,0.0,0.0,3221.918111729622,0.0,0.0,0.0,0.0,0.0,0.0,0.0,2649.709000501037,0.0,0.0,0.0,0.0,0.0,0.0,0.0
6500,0.0,316.4223388016224,0.0,0.0,0.0,0.0,0.0,0.0,0.0,0.0,0.0,0.0,0.0,621.5040520191193,0.0,0.0,6731.684362649916,0.0,968.022462773323,0.0,0.0,3185.8098846673965,0.0,0.0,0.0,0.0,0.0,0.0,0.0,2657.8846961379045,0.0,0.0,0.0,0.0,0.0,0.0,0.0
6501,0.0,336.3792905151843,0.0,0.0,0.0,0.0,0.0,0.0,0.0,0.0,0.0,0.0,0.0,642.7633256793022,0.0,0.0,6838.738000869751,0.0,995.7058609724045,0.0,0.0,3152.887588593364,0.0,0.0,0.0,0.0,0.0,0.0,0.0,2678.4293452560883,0.0,0.0,0.0,0.0,0.0,0.0,0.0
6502,0.0,354.1916487514972,0.0,0.0,0.0,0.0,0.0,0.0,0.0,0.0,0.0,0.0,0.0,661.3826476097107,0.0,0.0,6909.999487608669,0.0,1009.4887515544891,0.0,0.0,3123.9069095045325,0.0,0.0,0.0,0.0,0.0,0.0,0.0,2831.78520296514,0.0,0.0,0.0,0.0,0.0,0.0,0.0
6503,0.0,369.95999393463137,0.0,0.0,0.0,0.0,0.0,0.0,0.0,0.0,0.0,0.0,0.0,678.455040860176,0.0,0.0,6938.298413366079,0.0,999.8560112476349,0.0,0.0,3055.7985897123813,0.0,0.0,0.0,0.0,0.0,0.0,0.0,3258.515725326538,0.0,0.0,0.0,0.0,0.0,0.0,0.0
6504,0.0,399.1250343739986,0.0,0.0,0.0,0.0,0.0,0.0,0.0,0.0,0.0,0.0,0.0,692.1240385770798,0.0,0.0,7235.711722075939,0.0,996.3844116687775,0.0,0.0,3369.11520794034,0.0,0.0,0.0,0.0,0.0,0.0,0.0,4309.269623953103,0.0,0.0,0.0,0.0,0.0,0.0,0.0
6505,0.0,422.4814080297947,0.0,0.0,0.0,0.0,0.0,0.0,0.0,0.0,0.0,0.0,0.0,707.7315504908562,0.0,0.0,7523.838813751936,0.0,973.1567664742469,0.0,0.0,3044.9125938355924,0.0,0.0,0.0,0.0,0.0,0.0,0.0,5921.578349980712,0.0,0.0,0.0,0.0,0.0,0.0,0.0
6506,0.0,441.62148397564886,0.0,0.0,0.0,0.0,0.0,0.0,0.0,0.0,0.0,0.0,0.0,725.7791862607003,0.0,0.0,7823.810538262129,0.0,944.7387360692023,0.0,0.0,2524.271736051142,0.0,0.0,0.0,0.0,0.0,0.0,0.0,7863.692808240651,0.0,0.0,0.0,0.0,0.0,0.0,0.0
6507,0.0,454.8088821709156,0.0,0.0,0.0,0.0,0.0,0.0,0.0,0.0,0.0,0.0,0.0,745.8205276370048,0.0,0.0,8082.989960253239,0.0,922.4886639118195,0.0,0.0,2287.403231875598,0.0,0.0,0.0,0.0,0.0,0.0,0.0,9541.836333328483,0.0,0.0,0.0,0.0,0.0,0.0,0.0
6508,0.0,473.0307724714279,0.0,0.0,0.0,0.0,0.0,0.0,0.0,0.0,0.0,0.0,0.0,766.9083537340164,0.0,0.0,8265.687607139349,0.0,911.1147290825843,0.0,0.0,2064.6874911680816,0.0,0.0,0.0,0.0,0.0,0.0,0.0,11227.142677611111,0.0,0.0,0.0,0.0,0.0,0.0,0.0
6509,0.0,486.1700267314911,0.0,0.0,0.0,0.0,0.0,0.0,0.0,0.0,0.0,0.0,0.0,778.220754480362,0.0,0.0,8380.262474417686,0.0,891.5416301250458,0.0,0.0,1566.6755839571351,0.0,0.0,0.0,0.0,0.0,0.0,0.0,12871.842114651203,0.0,0.0,0.0,0.0,0.0,0.0,0.0
6510,0.0,486.23073971271515,0.0,0.0,0.0,0.0,0.0,0.0,0.0,0.0,0.0,0.0,0.0,790.3881513118744,0.0,0.0,8050.401079148054,0.0,866.3218464016915,0.0,0.0,1320.8034868240352,0.0,0.0,0.0,0.0,0.0,0.0,0.0,13496.730106258392,0.0,0.0,0.0,0.0,0.0,0.0,0.0
6511,0.0,485.52434810400007,0.0,0.0,0.0,0.0,0.0,0.0,0.0,0.0,0.0,0.0,0.0,806.0703128576279,0.0,0.0,7733.390103161335,0.0,844.155837225914,0.0,0.0,1110.032565251737,0.0,0.0,0.0,0.0,0.0,0.0,0.0,13900.516680967808,0.0,0.0,0.0,0.0,0.0,0.0,0.0
6512,0.0,473.494143819809,0.0,0.0,0.0,0.0,0.0,0.0,0.0,0.0,0.0,0.0,0.0,814.8988759994506,0.0,0.0,7456.473679929972,0.0,814.7261461853981,0.0,0.0,923.515576491504,0.0,0.0,0.0,0.0,0.0,0.0,0.0,14139.598914790153,0.0,0.0,0.0,0.0,0.0,0.0,0.0
6513,0.0,459.30259668231,0.0,0.0,0.0,0.0,0.0,0.0,0.0,0.0,0.0,0.0,0.0,818.4130130290985,0.0,0.0,7228.578650355337,0.0,772.2704870939253,0.0,0.0,732.2210536636406,0.0,0.0,0.0,0.0,0.0,0.0,0.0,14248.577332353592,0.0,0.0,0.0,0.0,0.0,0.0,0.0
6514,0.0,450.1304475724697,0.0,0.0,0.0,0.0,0.0,0.0,0.0,0.0,0.0,0.0,0.0,802.8549536943435,0.0,0.0,6827.546001315115,0.0,714.8666751027106,0.0,0.0,479.2313239082691,0.0,0.0,0.0,0.0,0.0,0.0,0.0,14137.702619159221,0.0,0.0,0.0,0.0,0.0,0.0,0.0
6515,0.0,438.3673635721206,0.0,0.0,0.0,0.0,0.0,0.0,0.0,0.0,0.0,0.0,0.0,787.6281324863434,0.0,0.0,6483.206103980539,0.0,659.5267930865286,0.0,0.0,316.58391564711894,0.0,0.0,0.0,0.0,0.0,0.0,0.0,13951.99004200697,0.0,0.0,0.0,0.0,0.0,0.0,0.0
6516,0.0,425.3067500174045,0.0,0.0,0.0,0.0,0.0,0.0,0.0,0.0,0.0,0.0,0.0,773.705908870697,0.0,0.0,6186.571054622529,0.0,608.7625338554383,0.0,0.0,248.41511978208976,0.0,0.0,0.0,0.0,0.0,0.0,0.0,13783.368715178967,0.0,0.0,0.0,0.0,0.0,0.0,0.0
6517,0.0,417.8887683928013,0.0,0.0,0.0,0.0,0.0,0.0,0.0,0.0,0.0,0.0,0.0,761.091510939598,0.0,0.0,5936.6696820259085,0.0,563.902543067932,0.0,0.0,219.3861885074523,0.0,0.0,0.0,0.0,0.0,0.0,0.0,13652.248044741154,0.0,0.0,0.0,0.0,0.0,0.0,0.0
6518,0.0,406.7310466825962,0.0,0.0,0.0,0.0,0.0,0.0,0.0,0.0,0.0,0.0,0.0,751.4251682043074,0.0,0.0,5738.147428318857,0.0,528.5918224334716,0.0,0.0,206.14219346120856,0.0,0.0,0.0,0.0,0.0,0.0,0.0,13509.249128901958,0.0,0.0,0.0,0.0,0.0,0.0,0.0
6519,0.0,378.1402264773845,0.0,0.0,0.0,0.0,0.0,0.0,0.0,0.0,0.0,0.0,0.0,757.041062259674,0.0,0.0,5614.510759621857,0.0,515.50876506567,0.0,0.0,237.52295519448796,0.0,0.0,0.0,0.0,0.0,0.0,0.0,12777.076512396336,0.0,0.0,0.0,0.0,0.0,0.0,0.0
6520,0.0,341.6994759142399,0.0,0.0,0.0,0.0,0.0,0.0,0.0,0.0,0.0,0.0,0.0,767.4368641614914,0.0,0.0,5509.261391833423,0.0,510.59143633842456,0.0,0.0,253.002521315217,0.0,0.0,0.0,0.0,0.0,0.0,0.0,11595.807282555103,0.0,0.0,0.0,0.0,0.0,0.0,0.0
6521,0.0,296.52969122529026,0.0,0.0,0.0,0.0,0.0,0.0,0.0,0.0,0.0,0.0,0.0,773.012586402893,0.0,0.0,5504.088942497967,0.0,500.4709173202514,0.0,0.0,272.0341673634944,0.0,0.0,0.0,0.0,0.0,0.0,0.0,10195.243251562119,0.0,0.0,0.0,0.0,0.0,0.0,0.0
6522,0.0,245.94194630384445,0.0,0.0,0.0,0.0,0.0,0.0,0.0,0.0,0.0,0.0,0.0,786.3142989635468,0.0,0.0,5654.516635149716,0.0,510.9604123592376,0.0,0.0,275.40391079597106,0.0,0.0,0.0,0.0,0.0,0.0,0.0,8741.429619228838,0.0,0.0,0.0,0.0,0.0,0.0,0.0
6523,0.0,220.57557738125323,0.0,0.0,0.0,0.0,0.0,0.0,0.0,0.0,0.0,0.0,0.0,811.860075545311,0.0,0.0,5960.741659939288,0.0,518.2341130137443,0.0,0.0,299.52357007451354,0.0,0.0,0.0,0.0,0.0,0.0,0.0,8088.2353291094305,0.0,0.0,0.0,0.0,0.0,0.0,0.0
6524,0.0,195.45322470366952,0.0,0.0,0.0,0.0,0.0,0.0,0.0,0.0,0.0,0.0,0.0,838.2018458604813,0.0,0.0,6176.275550723075,0.0,530.4318413496018,0.0,0.0,316.7276503935447,0.0,0.0,0.0,0.0,0.0,0.0,0.0,7489.266993916035,0.0,0.0,0.0,0.0,0.0,0.0,0.0
6525,0.0,175.4118527680635,0.0,0.0,0.0,0.0,0.0,0.0,0.0,0.0,0.0,0.0,0.0,863.5180692195893,0.0,0.0,6324.458309352398,0.0,539.9302468776702,0.0,0.0,326.51179341562045,0.0,0.0,0.0,0.0,0.0,0.0,0.0,6883.7585361480715,0.0,0.0,0.0,0.0,0.0,0.0,0.0
6526,0.0,160.64754430353642,0.0,0.0,0.0,0.0,0.0,0.0,0.0,0.0,0.0,0.0,0.0,888.4968672752381,0.0,0.0,6396.450216412544,0.0,554.8303807258604,0.0,0.0,361.2821671284734,0.0,0.0,0.0,0.0,0.0,0.0,0.0,6309.3342836499205,0.0,0.0,0.0,0.0,0.0,0.0,0.0
6527,0.0,141.8756600439548,0.0,0.0,0.0,0.0,0.0,0.0,0.0,0.0,0.0,0.0,0.0,912.7839569091797,0.0,0.0,6366.929645165799,0.0,579.877355146408,0.0,0.0,518.593299932777,0.0,0.0,0.0,0.0,0.0,0.0,0.0,5882.850019359588,0.0,0.0,0.0,0.0,0.0,0.0,0.0
6528,0.0,149.3996228545904,0.0,0.0,0.0,0.0,0.0,0.0,0.0,0.0,0.0,0.0,0.0,934.3004467487335,0.0,0.0,6627.521290898321,0.0,632.7639378905296,0.0,0.0,1416.482386533916,0.0,0.0,0.0,0.0,0.0,0.0,0.0,6357.684759664535,0.0,0.0,0.0,0.0,0.0,0.0,0.0
6529,0.0,164.85259159505358,0.0,0.0,0.0,0.0,0.0,0.0,0.0,0.0,0.0,0.0,0.0,953.4192711114883,0.0,0.0,6905.830102175474,0.0,689.7798626542091,0.0,0.0,2549.1859101444484,0.0,0.0,0.0,0.0,0.0,0.0,0.0,7145.218070930242,0.0,0.0,0.0,0.0,0.0,0.0,0.0
6530,0.0,188.79957013428205,0.0,0.0,0.0,0.0,0.0,0.0,0.0,0.0,0.0,0.0,0.0,968.4662158489227,0.0,0.0,7214.803343147038,0.0,741.8991483807564,0.0,0.0,3512.603811451793,0.0,0.0,0.0,0.0,0.0,0.0,0.0,8106.7390376210205,0.0,0.0,0.0,0.0,0.0,0.0,0.0
6531,0.0,214.01773373186583,0.0,0.0,0.0,0.0,0.0,0.0,0.0,0.0,0.0,0.0,0.0,979.3828166246415,0.0,0.0,7493.963144659996,0.0,781.3006772279738,0.0,0.0,4091.337878876924,0.0,0.0,0.0,0.0,0.0,0.0,0.0,9039.997099292277,0.0,0.0,0.0,0.0,0.0,0.0,0.0
6532,0.0,236.9557797968387,0.0,0.0,0.0,0.0,0.0,0.0,0.0,0.0,0.0,0.0,0.0,983.3706761837005,0.0,0.0,7727.7303180098515,0.0,808.7453436732291,0.0,0.0,4476.873978817463,0.0,0.0,0.0,0.0,0.0,0.0,0.0,10067.980262625217,0.0,0.0,0.0,0.0,0.0,0.0,0.0
6533,0.0,266.75724041461945,0.0,0.0,0.0,0.0,0.0,0.0,0.0,0.0,0.0,0.0,0.0,988.5731950998306,0.0,0.0,7944.031966894865,0.0,822.4949766159058,0.0,0.0,4698.076530978083,0.0,0.0,0.0,0.0,0.0,0.0,0.0,10972.351276206968,0.0,0.0,0.0,0.0,0.0,0.0,0.0
6534,0.0,289.11036291718483,0.0,0.0,0.0,0.0,0.0,0.0,0.0,0.0,0.0,0.0,0.0,986.6220823764801,0.0,0.0,7702.686002075672,0.0,821.9387262940405,0.0,0.0,4658.909834387898,0.0,0.0,0.0,0.0,0.0,0.0,0.0,10994.93252658248,0.0,0.0,0.0,0.0,0.0,0.0,0.0
6535,0.0,313.45144277214996,0.0,0.0,0.0,0.0,0.0,0.0,0.0,0.0,0.0,0.0,0.0,978.4703425645828,0.0,0.0,7488.0754434764385,0.0,819.6378430485726,0.0,0.0,4522.858803874255,0.0,0.0,0.0,0.0,0.0,0.0,0.0,11036.199738138914,0.0,0.0,0.0,0.0,0.0,0.0,0.0
6536,0.0,330.6506952881812,0.0,0.0,0.0,0.0,0.0,0.0,0.0,0.0,0.0,0.0,0.0,971.639878821373,0.0,0.0,7294.585622429848,0.0,801.5012844085693,0.0,0.0,4316.186858180165,0.0,0.0,0.0,0.0,0.0,0.0,0.0,10940.820841187238,0.0,0.0,0.0,0.0,0.0,0.0,0.0
6537,0.0,340.86293295621874,0.0,0.0,0.0,0.0,0.0,0.0,0.0,0.0,0.0,0.0,0.0,961.9635828018188,0.0,0.0,7089.854018121956,0.0,783.5747646570204,0.0,0.0,4132.099811652302,0.0,0.0,0.0,0.0,0.0,0.0,0.0,10745.380166196823,0.0,0.0,0.0,0.0,0.0,0.0,0.0
6538,0.0,341.441193240881,0.0,0.0,0.0,0.0,0.0,0.0,0.0,0.0,0.0,0.0,0.0,931.3670973062515,0.0,0.0,6861.363139808178,0.0,757.360868000984,0.0,0.0,4023.834168434143,0.0,0.0,0.0,0.0,0.0,0.0,0.0,10475.238316750525,0.0,0.0,0.0,0.0,0.0,0.0,0.0
6539,0.0,348.0524833917617,0.0,0.0,0.0,0.0,0.0,0.0,0.0,0.0,0.0,0.0,0.0,901.1492849588394,0.0,0.0,6656.231710106134,0.0,738.3736607551574,0.0,0.0,3904.1281779527662,0.0,0.0,0.0,0.0,0.0,0.0,0.0,10213.35280251503,0.0,0.0,0.0,0.0,0.0,0.0,0.0
6540,0.0,356.0805406987667,0.0,0.0,0.0,0.0,0.0,0.0,0.0,0.0,0.0,0.0,0.0,877.0825126171112,0.0,0.0,6466.290922835468,0.0,729.6931204557418,0.0,0.0,3768.865834146738,0.0,0.0,0.0,0.0,0.0,0.0,0.0,9938.7370839715,0.0,0.0,0.0,0.0,0.0,0.0,0.0
6541,0.0,359.54488400816916,0.0,0.0,0.0,0.0,0.0,0.0,0.0,0.0,0.0,0.0,0.0,864.8716262102128,0.0,0.0,6294.870452314613,0.0,719.6450449943542,0.0,0.0,3612.239314708114,0.0,0.0,0.0,0.0,0.0,0.0,0.0,9635.306639826296,0.0,0.0,0.0,0.0,0.0,0.0,0.0
6542,0.0,367.3486062884331,0.0,0.0,0.0,0.0,0.0,0.0,0.0,0.0,0.0,0.0,0.0,858.5418754339219,0.0,0.0,6144.234679326413,0.0,702.836954164505,0.0,0.0,3427.4229221999644,0.0,0.0,0.0,0.0,0.0,0.0,0.0,9311.556469500063,0.0,0.0,0.0,0.0,0.0,0.0,0.0
6543,0.0,350.5094793856143,0.0,0.0,0.0,0.0,0.0,0.0,0.0,0.0,0.0,0.0,0.0,859.1617588043213,0.0,0.0,5939.520966038108,0.0,697.3501550555228,0.0,0.0,3454.692711237073,0.0,0.0,0.0,0.0,0.0,0.0,0.0,8252.038531798124,0.0,0.0,0.0,0.0,0.0,0.0,0.0
6544,0.0,322.1175755560398,0.0,0.0,0.0,0.0,0.0,0.0,0.0,0.0,0.0,0.0,0.0,853.2214414834976,0.0,0.0,5731.743610113858,0.0,683.2545478105545,0.0,0.0,3488.9456322938204,0.0,0.0,0.0,0.0,0.0,0.0,0.0,7175.078579705953,0.0,0.0,0.0,0.0,0.0,0.0,0.0
6545,0.0,297.2152653515339,0.0,0.0,0.0,0.0,0.0,0.0,0.0,0.0,0.0,0.0,0.0,836.3493692874908,0.0,0.0,5520.636190935969,0.0,669.0743440389632,0.0,0.0,3521.552453684807,0.0,0.0,0.0,0.0,0.0,0.0,0.0,6087.590643060207,0.0,0.0,0.0,0.0,0.0,0.0,0.0
6546,0.0,287.96840336322776,0.0,0.0,0.0,0.0,0.0,0.0,0.0,0.0,0.0,0.0,0.0,818.4131026983262,0.0,0.0,5268.522943809627,0.0,661.0380889892577,0.0,0.0,3579.86834243238,0.0,0.0,0.0,0.0,0.0,0.0,0.0,5253.0918314218525,0.0,0.0,0.0,0.0,0.0,0.0,0.0
6547,0.0,304.0067585885525,0.0,0.0,0.0,0.0,0.0,0.0,0.0,0.0,0.0,0.0,0.0,810.5961877822876,0.0,0.0,5347.337163358926,0.0,641.1168815493584,0.0,0.0,3555.5404607802625,0.0,0.0,0.0,0.0,0.0,0.0,0.0,5164.134086552261,0.0,0.0,0.0,0.0,0.0,0.0,0.0
6548,0.0,328.8966400265693,0.0,0.0,0.0,0.0,0.0,0.0,0.0,0.0,0.0,0.0,0.0,800.2307837486267,0.0,0.0,5444.410724133251,0.0,615.9824057459831,0.0,0.0,3608.2277604371307,0.0,0.0,0.0,0.0,0.0,0.0,0.0,5144.110882571339,0.0,0.0,0.0,0.0,0.0,0.0,0.0
6549,0.0,356.7860345184803,0.0,0.0,0.0,0.0,0.0,0.0,0.0,0.0,0.0,0.0,0.0,786.504846072197,0.0,0.0,5545.7761849313965,0.0,579.7866524934767,0.0,0.0,3748.5643419474363,0.0,0.0,0.0,0.0,0.0,0.0,0.0,5168.402559784054,0.0,0.0,0.0,0.0,0.0,0.0,0.0
6550,0.0,387.9036818683147,0.0,0.0,0.0,0.0,0.0,0.0,0.0,0.0,0.0,0.0,0.0,772.586119556427,0.0,0.0,5637.376260519026,0.0,544.0520007014275,0.0,0.0,3870.6799898207187,0.0,0.0,0.0,0.0,0.0,0.0,0.0,5361.032782897352,0.0,0.0,0.0,0.0,0.0,0.0,0.0
6551,0.0,420.08285248875615,0.0,0.0,0.0,0.0,0.0,0.0,0.0,0.0,0.0,0.0,0.0,761.616882944107,0.0,0.0,5796.056769356132,0.0,514.4226452589033,0.0,0.0,3893.2909262448543,0.0,0.0,0.0,0.0,0.0,0.0,0.0,5797.53588142693,0.0,0.0,0.0,0.0,0.0,0.0,0.0
6552,0.0,450.2425589740276,0.0,0.0,0.0,0.0,0.0,0.0,0.0,0.0,0.0,0.0,0.0,756.709913802147,0.0,0.0,6562.012155890465,0.0,514.0716319203377,0.0,0.0,4164.137143716215,0.0,0.0,0.0,0.0,0.0,0.0,0.0,7250.023480945825,0.0,0.0,0.0,0.0,0.0,0.0,0.0
6553,0.0,476.85411915779116,0.0,0.0,0.0,0.0,0.0,0.0,0.0,0.0,0.0,0.0,0.0,755.787217450142,0.0,0.0,7454.276973873375,0.0,515.6870283842087,0.0,0.0,4181.261182174087,0.0,0.0,0.0,0.0,0.0,0.0,0.0,8854.889138138295,0.0,0.0,0.0,0.0,0.0,0.0,0.0
6554,0.0,500.4323028087616,0.0,0.0,0.0,0.0,0.0,0.0,0.0,0.0,0.0,0.0,0.0,756.4406371116638,0.0,0.0,8349.405132859943,0.0,512.803276848793,0.0,0.0,4049.644357234239,0.0,0.0,0.0,0.0,0.0,0.0,0.0,10630.895114409923,0.0,0.0,0.0,0.0,0.0,0.0,0.0
6555,0.0,521.4739519715309,0.0,0.0,0.0,0.0,0.0,0.0,0.0,0.0,0.0,0.0,0.0,755.7994124650955,0.0,0.0,9238.38500407338,0.0,499.9743054747581,0.0,0.0,3986.3008556395766,0.0,0.0,0.0,0.0,0.0,0.0,0.0,12369.534954118728,0.0,0.0,0.0,0.0,0.0,0.0,0.0
6556,0.0,539.6857140898704,0.0,0.0,0.0,0.0,0.0,0.0,0.0,0.0,0.0,0.0,0.0,754.2620335578919,0.0,0.0,10094.51929694414,0.0,481.3388229608536,0.0,0.0,3922.6373379796737,0.0,0.0,0.0,0.0,0.0,0.0,0.0,13817.192496287822,0.0,0.0,0.0,0.0,0.0,0.0,0.0
6557,0.0,553.9607836604118,0.0,0.0,0.0,0.0,0.0,0.0,0.0,0.0,0.0,0.0,0.0,739.7848919272423,0.0,0.0,10942.865551203487,0.0,453.24097884893405,0.0,0.0,3815.062893131375,0.0,0.0,0.0,0.0,0.0,0.0,0.0,14900.845171403886,0.0,0.0,0.0,0.0,0.0,0.0,0.0
6558,0.0,552.0674588799477,0.0,0.0,0.0,0.0,0.0,0.0,0.0,0.0,0.0,0.0,0.0,724.8549655318259,0.0,0.0,11031.437766194344,0.0,417.3058623373508,0.0,0.0,3672.9993753522635,0.0,0.0,0.0,0.0,0.0,0.0,0.0,15001.25192770958,0.0,0.0,0.0,0.0,0.0,0.0,0.0
6559,0.0,542.9829564213753,0.0,0.0,0.0,0.0,0.0,0.0,0.0,0.0,0.0,0.0,0.0,709.4017743587494,0.0,0.0,11091.689275056124,0.0,380.0420408844946,0.0,0.0,3543.776161587238,0.0,0.0,0.0,0.0,0.0,0.0,0.0,14981.00886336565,0.0,0.0,0.0,0.0,0.0,0.0,0.0
6560,0.0,534.3004389882087,0.0,0.0,0.0,0.0,0.0,0.0,0.0,0.0,0.0,0.0,0.0,684.3415566444397,0.0,0.0,11119.857518583534,0.0,347.0089646458626,0.0,0.0,3377.513434651494,0.0,0.0,0.0,0.0,0.0,0.0,0.0,14900.955101585389,0.0,0.0,0.0,0.0,0.0,0.0,0.0
6561,0.0,523.8009649515152,0.0,0.0,0.0,0.0,0.0,0.0,0.0,0.0,0.0,0.0,0.0,654.2067780017852,0.0,0.0,11101.038499593735,0.0,311.67497552037224,0.0,0.0,3175.847303169966,0.0,0.0,0.0,0.0,0.0,0.0,0.0,14719.340316593647,0.0,0.0,0.0,0.0,0.0,0.0,0.0
6562,0.0,505.1151702404022,0.0,0.0,0.0,0.0,0.0,0.0,0.0,0.0,0.0,0.0,0.0,600.4523177862167,0.0,0.0,11087.624124258757,0.0,266.9473631799221,0.0,0.0,3022.403989890218,0.0,0.0,0.0,0.0,0.0,0.0,0.0,14236.291188120842,0.0,0.0,0.0,0.0,0.0,0.0,0.0
6563,0.0,484.19550815820696,0.0,0.0,0.0,0.0,0.0,0.0,0.0,0.0,0.0,0.0,0.0,545.556816649437,0.0,0.0,10970.95756343007,0.0,227.37905705273133,0.0,0.0,2865.0396472245457,0.0,0.0,0.0,0.0,0.0,0.0,0.0,13596.271885609627,0.0,0.0,0.0,0.0,0.0,0.0,0.0
6564,0.0,465.892648512125,0.0,0.0,0.0,0.0,0.0,0.0,0.0,0.0,0.0,0.0,0.0,490.83370460271834,0.0,0.0,10776.18192258477,0.0,188.37610115408899,0.0,0.0,2678.7654710322613,0.0,0.0,0.0,0.0,0.0,0.0,0.0,12963.47759963274,0.0,0.0,0.0,0.0,0.0,0.0,0.0
6565,0.0,452.01743171811097,0.0,0.0,0.0,0.0,0.0,0.0,0.0,0.0,0.0,0.0,0.0,439.24260417222973,0.0,0.0,10651.235709041357,0.0,152.30897671282275,0.0,0.0,2471.1649640589953,0.0,0.0,0.0,0.0,0.0,0.0,0.0,12425.05548157692,0.0,0.0,0.0,0.0,0.0,0.0,0.0
6566,0.0,438.0851211547851,0.0,0.0,0.0,0.0,0.0,0.0,0.0,0.0,0.0,0.0,0.0,394.6051281690597,0.0,0.0,10627.833477556705,0.0,117.85554435551147,0.0,0.0,2243.3821004793044,0.0,0.0,0.0,0.0,0.0,0.0,0.0,11969.952485626935,0.0,0.0,0.0,0.0,0.0,0.0,0.0
6567,0.0,403.080243819952,0.0,0.0,0.0,0.0,0.0,0.0,0.0,0.0,0.0,0.0,0.0,371.7989930808544,0.0,0.0,10384.25969186425,0.0,100.25909630060195,0.0,0.0,2091.5776206538076,0.0,0.0,0.0,0.0,0.0,0.0,0.0,11118.711018055676,0.0,0.0,0.0,0.0,0.0,0.0,0.0
6568,0.0,368.6450416624546,0.0,0.0,0.0,0.0,0.0,0.0,0.0,0.0,0.0,0.0,0.0,359.0731587171554,0.0,0.0,10159.123768657444,0.0,96.54537843912837,0.0,0.0,1941.9958446532485,0.0,0.0,0.0,0.0,0.0,0.0,0.0,10496.85767803788,0.0,0.0,0.0,0.0,0.0,0.0,0.0
6569,0.0,339.82882030606265,0.0,0.0,0.0,0.0,0.0,0.0,0.0,0.0,0.0,0.0,0.0,343.77435553669926,0.0,0.0,9956.248941034079,0.0,97.92972026914342,0.0,0.0,1817.401056240499,0.0,0.0,0.0,0.0,0.0,0.0,0.0,9861.959530889988,0.0,0.0,0.0,0.0,0.0,0.0,0.0
6570,0.0,321.56010469794273,0.0,0.0,0.0,0.0,0.0,0.0,0.0,0.0,0.0,0.0,0.0,341.0389284968375,0.0,0.0,9706.55487090349,0.0,109.61356323957425,0.0,0.0,1750.0512986540791,0.0,0.0,0.0,0.0,0.0,0.0,0.0,9190.70052976012,0.0,0.0,0.0,0.0,0.0,0.0,0.0
6571,0.0,326.1333296477795,0.0,0.0,0.0,0.0,0.0,0.0,0.0,0.0,0.0,0.0,0.0,351.9677915394306,0.0,0.0,9802.661538749933,0.0,123.24617938548322,0.0,0.0,1656.1105372890825,0.0,0.0,0.0,0.0,0.0,0.0,0.0,9095.626833707094,0.0,0.0,0.0,0.0,0.0,0.0,0.0
6572,0.0,328.61840960383415,0.0,0.0,0.0,0.0,0.0,0.0,0.0,0.0,0.0,0.0,0.0,367.5193946897983,0.0,0.0,9927.431175708769,0.0,144.3253351300954,0.0,0.0,1588.6816082730888,0.0,0.0,0.0,0.0,0.0,0.0,0.0,9067.860060954094,0.0,0.0,0.0,0.0,0.0,0.0,0.0
6573,0.0,334.8484480440617,0.0,0.0,0.0,0.0,0.0,0.0,0.0,0.0,0.0,0.0,0.0,382.7008656859398,0.0,0.0,10149.449394285677,0.0,170.47427268028238,0.0,0.0,1551.9935980841512,0.0,0.0,0.0,0.0,0.0,0.0,0.0,9245.08342448473,0.0,0.0,0.0,0.0,0.0,0.0,0.0
6574,0.0,351.68143070340153,0.0,0.0,0.0,0.0,0.0,0.0,0.0,0.0,0.0,0.0,0.0,397.5826845407485,0.0,0.0,10406.984398216007,0.0,197.35680498778805,0.0,0.0,1521.2152885437008,0.0,0.0,0.0,0.0,0.0,0.0,0.0,9493.775870490073,0.0,0.0,0.0,0.0,0.0,0.0,0.0
6575,0.0,382.0942575752735,0.0,0.0,0.0,0.0,0.0,0.0,0.0,0.0,0.0,0.0,0.0,409.35562644004824,0.0,0.0,10664.513957053421,0.0,217.77406108677368,0.0,0.0,1456.4400405228137,0.0,0.0,0.0,0.0,0.0,0.0,0.0,9694.318896996972,0.0,0.0,0.0,0.0,0.0,0.0,0.0
6576,0.0,422.4302901685238,0.0,0.0,0.0,0.0,0.0,0.0,0.0,0.0,0.0,0.0,0.0,416.57166786193847,0.0,0.0,11230.316673487423,0.0,256.652108168602,0.0,0.0,1713.9748612672088,0.0,0.0,0.0,0.0,0.0,0.0,0.0,10920.111296796797,0.0,0.0,0.0,0.0,0.0,0.0,0.0
6577,0.0,451.37388533949854,0.0,0.0,0.0,0.0,0.0,0.0,0.0,0.0,0.0,0.0,0.0,419.284924185276,0.0,0.0,11695.705653578043,0.0,282.6673185884953,0.0,0.0,1683.4928012251853,0.0,0.0,0.0,0.0,0.0,0.0,0.0,11969.595935761929,0.0,0.0,0.0,0.0,0.0,0.0,0.0
6578,0.0,473.7844102263451,0.0,0.0,0.0,0.0,0.0,0.0,0.0,0.0,0.0,0.0,0.0,418.36245200634,0.0,0.0,12080.834741950035,0.0,299.3406893014906,0.0,0.0,1395.2190295860162,0.0,0.0,0.0,0.0,0.0,0.0,0.0,12945.709410822392,0.0,0.0,0.0,0.0,0.0,0.0,0.0
6579,0.0,492.0459996342659,0.0,0.0,0.0,0.0,0.0,0.0,0.0,0.0,0.0,0.0,0.0,415.53782650232307,0.0,0.0,12443.247680544853,0.0,313.31286979913705,0.0,0.0,1182.9460458531971,0.0,0.0,0.0,0.0,0.0,0.0,0.0,13944.668113338947,0.0,0.0,0.0,0.0,0.0,0.0,0.0
6580,0.0,507.02813415527345,0.0,0.0,0.0,0.0,0.0,0.0,0.0,0.0,0.0,0.0,0.0,411.17550824880595,0.0,0.0,12795.241044908762,0.0,320.9449644982815,0.0,0.0,1037.7980212882158,0.0,0.0,0.0,0.0,0.0,0.0,0.0,14873.465323960781,0.0,0.0,0.0,0.0,0.0,0.0,0.0
6581,0.0,518.4620943188668,0.0,0.0,0.0,0.0,0.0,0.0,0.0,0.0,0.0,0.0,0.0,404.3735144853591,0.0,0.0,13113.813984692097,0.0,317.5937682449816,0.0,0.0,701.7872836522754,0.0,0.0,0.0,0.0,0.0,0.0,0.0,15631.345691990853,0.0,0.0,0.0,0.0,0.0,0.0,0.0
6582,0.0,537.7353235960006,0.0,0.0,0.0,0.0,0.0,0.0,0.0,0.0,0.0,0.0,0.0,392.28964453935623,0.0,0.0,13023.435554593801,0.0,303.09008798599234,0.0,0.0,580.042553169652,0.0,0.0,0.0,0.0,0.0,0.0,0.0,15659.793019354343,0.0,0.0,0.0,0.0,0.0,0.0,0.0
6583,0.0,553.2450774908066,0.0,0.0,0.0,0.0,0.0,0.0,0.0,0.0,0.0,0.0,0.0,376.32305220365527,0.0,0.0,12926.145745843649,0.0,287.69678069353085,0.0,0.0,496.40092756748163,0.0,0.0,0.0,0.0,0.0,0.0,0.0,15690.741258347034,0.0,0.0,0.0,0.0,0.0,0.0,0.0
6584,0.0,565.3852048158645,0.0,0.0,0.0,0.0,0.0,0.0,0.0,0.0,0.0,0.0,0.0,354.64701839089395,0.0,0.0,12832.277011185883,0.0,274.2364773571491,0.0,0.0,434.8486984893677,0.0,0.0,0.0,0.0,0.0,0.0,0.0,15650.984140336514,0.0,0.0,0.0,0.0,0.0,0.0,0.0
6585,0.0,572.0398413419723,0.0,0.0,0.0,0.0,0.0,0.0,0.0,0.0,0.0,0.0,0.0,332.09608192443847,0.0,0.0,12706.333567768334,0.0,254.7330060243606,0.0,0.0,389.8256624914701,0.0,0.0,0.0,0.0,0.0,0.0,0.0,15480.738450431823,0.0,0.0,0.0,0.0,0.0,0.0,0.0
6586,0.0,567.820176923275,0.0,0.0,0.0,0.0,0.0,0.0,0.0,0.0,0.0,0.0,0.0,290.55999549627296,0.0,0.0,12606.338325709103,0.0,230.62748660743227,0.0,0.0,345.44803259298163,0.0,0.0,0.0,0.0,0.0,0.0,0.0,15276.703694212436,0.0,0.0,0.0,0.0,0.0,0.0,0.0
6587,0.0,564.2939983963967,0.0,0.0,0.0,0.0,0.0,0.0,0.0,0.0,0.0,0.0,0.0,251.38577410578725,0.0,0.0,12454.76327419281,0.0,201.7830944508313,0.0,0.0,318.60986408851943,0.0,0.0,0.0,0.0,0.0,0.0,0.0,15084.837919795513,0.0,0.0,0.0,0.0,0.0,0.0,0.0
6588,0.0,562.1051326990128,0.0,0.0,0.0,0.0,0.0,0.0,0.0,0.0,0.0,0.0,0.0,216.1546449124813,0.0,0.0,12298.393429428337,0.0,173.7446961462496,0.0,0.0,304.36373737156305,0.0,0.0,0.0,0.0,0.0,0.0,0.0,14915.721907150746,0.0,0.0,0.0,0.0,0.0,0.0,0.0
6589,0.0,560.6155324101449,0.0,0.0,0.0,0.0,0.0,0.0,0.0,0.0,0.0,0.0,0.0,183.7590808689594,0.0,0.0,12146.530565857887,0.0,152.54999085366717,0.0,0.0,299.3268146909764,0.0,0.0,0.0,0.0,0.0,0.0,0.0,14752.887825798989,0.0,0.0,0.0,0.0,0.0,0.0,0.0
6590,0.0,559.2758067727088,0.0,0.0,0.0,0.0,0.0,0.0,0.0,0.0,0.0,0.0,0.0,156.98541871905317,0.0,0.0,11989.940583765507,0.0,134.80194191038606,0.0,0.0,296.3352927055202,0.0,0.0,0.0,0.0,0.0,0.0,0.0,14598.501011025906,0.0,0.0,0.0,0.0,0.0,0.0,0.0
6591,0.0,551.0444283127785,0.0,0.0,0.0,0.0,0.0,0.0,0.0,0.0,0.0,0.0,0.0,149.24093412160875,0.0,0.0,11642.354633182285,0.0,128.35990455150602,0.0,0.0,330.0816604234272,0.0,0.0,0.0,0.0,0.0,0.0,0.0,13976.479882836342,0.0,0.0,0.0,0.0,0.0,0.0,0.0
6592,0.0,542.8774101018905,0.0,0.0,0.0,0.0,0.0,0.0,0.0,0.0,0.0,0.0,0.0,148.0090134382248,0.0,0.0,11302.710739552975,0.0,137.40401131808753,0.0,0.0,350.1990752644832,0.0,0.0,0.0,0.0,0.0,0.0,0.0,13315.397378969192,0.0,0.0,0.0,0.0,0.0,0.0,0.0
6593,0.0,534.9065587878227,0.0,0.0,0.0,0.0,0.0,0.0,0.0,0.0,0.0,0.0,0.0,143.00078532099712,0.0,0.0,10860.377838611603,0.0,143.06270084679124,0.0,0.0,359.67746973037686,0.0,0.0,0.0,0.0,0.0,0.0,0.0,12518.536636447907,0.0,0.0,0.0,0.0,0.0,0.0,0.0
6594,0.0,529.1262565255165,0.0,0.0,0.0,0.0,0.0,0.0,0.0,0.0,0.0,0.0,0.0,145.93879756331435,0.0,0.0,10426.806092172861,0.0,140.7735704123973,0.0,0.0,365.3990436214944,0.0,0.0,0.0,0.0,0.0,0.0,0.0,11761.62538975477,0.0,0.0,0.0,0.0,0.0,0.0,0.0
6595,0.0,533.47379976511,0.0,0.0,0.0,0.0,0.0,0.0,0.0,0.0,0.0,0.0,0.0,163.9420022308826,0.0,0.0,10518.877168297768,0.0,124.70023035407064,0.0,0.0,376.3446829844262,0.0,0.0,0.0,0.0,0.0,0.0,0.0,11743.093475472926,0.0,0.0,0.0,0.0,0.0,0.0,0.0
6596,0.0,537.2433913350105,0.0,0.0,0.0,0.0,0.0,0.0,0.0,0.0,0.0,0.0,0.0,185.98216035962102,0.0,0.0,10652.612539678812,0.0,121.01833993494505,0.0,0.0,387.7302687473594,0.0,0.0,0.0,0.0,0.0,0.0,0.0,11901.661976492405,0.0,0.0,0.0,0.0,0.0,0.0,0.0
6597,0.0,541.5813955664635,0.0,0.0,0.0,0.0,0.0,0.0,0.0,0.0,0.0,0.0,0.0,208.29498019218437,0.0,0.0,10799.486142396927,0.0,117.82656248658893,0.0,0.0,400.2485509190704,0.0,0.0,0.0,0.0,0.0,0.0,0.0,12105.778457123039,0.0,0.0,0.0,0.0,0.0,0.0,0.0
6598,0.0,544.2597246050834,0.0,0.0,0.0,0.0,0.0,0.0,0.0,0.0,0.0,0.0,0.0,227.71197715401647,0.0,0.0,10973.269394308329,0.0,112.93050145655863,0.0,0.0,444.45235941410044,0.0,0.0,0.0,0.0,0.0,0.0,0.0,12360.65230616331,0.0,0.0,0.0,0.0,0.0,0.0,0.0
6599,0.0,537.3708773732185,0.0,0.0,0.0,0.0,0.0,0.0,0.0,0.0,0.0,0.0,0.0,238.99281433224675,0.0,0.0,11161.905303955078,0.0,101.13938629627211,0.0,0.0,512.840201280266,0.0,0.0,0.0,0.0,0.0,0.0,0.0,12661.516748440266,0.0,0.0,0.0,0.0,0.0,0.0,0.0
6600,0.0,550.028018939495,0.0,0.0,0.0,0.0,0.0,0.0,0.0,0.0,0.0,0.0,0.0,243.5754274606704,0.0,0.0,11655.556649893522,0.0,102.6292440637945,0.0,0.0,979.4828137479715,0.0,0.0,0.0,0.0,0.0,0.0,0.0,13805.723596167565,0.0,0.0,0.0,0.0,0.0,0.0,0.0
6601,0.0,559.7499515891075,0.0,0.0,0.0,0.0,0.0,0.0,0.0,0.0,0.0,0.0,0.0,238.79439874887467,0.0,0.0,12127.045689791441,0.0,94.16617523133746,0.0,0.0,1546.920874173939,0.0,0.0,0.0,0.0,0.0,0.0,0.0,14800.865117776393,0.0,0.0,0.0,0.0,0.0,0.0,0.0
6602,0.0,566.029312312603,0.0,0.0,0.0,0.0,0.0,0.0,0.0,0.0,0.0,0.0,0.0,228.22253131866455,0.0,0.0,12547.483094245194,0.0,79.87766923159349,0.0,0.0,2102.076690767705,0.0,0.0,0.0,0.0,0.0,0.0,0.0,15594.147343599796,0.0,0.0,0.0,0.0,0.0,0.0,0.0
6603,0.0,573.9905123949051,0.0,0.0,0.0,0.0,0.0,0.0,0.0,0.0,0.0,0.0,0.0,216.6979283452034,0.0,0.0,12916.25590136647,0.0,63.45628738403308,0.0,0.0,2574.9637037515636,0.0,0.0,0.0,0.0,0.0,0.0,0.0,16267.80528165102,0.0,0.0,0.0,0.0,0.0,0.0,0.0
6604,0.0,573.14316791296,0.0,0.0,0.0,0.0,0.0,0.0,0.0,0.0,0.0,0.0,0.0,203.3508207380771,0.0,0.0,13213.451406359673,0.0,45.39721133708936,0.0,0.0,2978.215432870388,0.0,0.0,0.0,0.0,0.0,0.0,0.0,16505.332581984996,0.0,0.0,0.0,0.0,0.0,0.0,0.0
6605,0.0,571.6207983255387,0.0,0.0,0.0,0.0,0.0,0.0,0.0,0.0,0.0,0.0,0.0,182.02936146855347,0.0,0.0,13350.852881014347,0.0,23.449551754444677,0.0,0.0,3271.513335630297,0.0,0.0,0.0,0.0,0.0,0.0,0.0,16654.51651698351,0.0,0.0,0.0,0.0,0.0,0.0,0.0
6606,0.0,563.9282616019249,0.0,0.0,0.0,0.0,0.0,0.0,0.0,0.0,0.0,0.0,0.0,159.3919390320778,0.0,0.0,13063.155951678753,0.0,14.503806234896182,0.0,0.0,3059.582166597247,0.0,0.0,0.0,0.0,0.0,0.0,0.0,16356.00978780985,0.0,0.0,0.0,0.0,0.0,0.0,0.0
6607,0.0,557.0836304783821,0.0,0.0,0.0,0.0,0.0,0.0,0.0,0.0,0.0,0.0,0.0,136.23972555994985,0.0,0.0,12752.288596242664,0.0,14.425170406512747,0.0,0.0,2836.329028996825,0.0,0.0,0.0,0.0,0.0,0.0,0.0,16021.526960289479,0.0,0.0,0.0,0.0,0.0,0.0,0.0
6608,0.0,547.0854032635689,0.0,0.0,0.0,0.0,0.0,0.0,0.0,0.0,0.0,0.0,0.0,110.36842726469038,0.0,0.0,12437.468881219625,0.0,14.306827157549463,0.0,0.0,2549.5746524602173,0.0,0.0,0.0,0.0,0.0,0.0,0.0,15633.121932291984,0.0,0.0,0.0,0.0,0.0,0.0,0.0
6609,0.0,534.7252054095268,0.0,0.0,0.0,0.0,0.0,0.0,0.0,0.0,0.0,0.0,0.0,84.58710643500076,0.0,0.0,12099.425067037344,0.0,14.152831800654482,0.0,0.0,2219.8197444856164,0.0,0.0,0.0,0.0,0.0,0.0,0.0,15298.335350322723,0.0,0.0,0.0,0.0,0.0,0.0,0.0
6610,0.0,533.0664280056953,0.0,0.0,0.0,0.0,0.0,0.0,0.0,0.0,0.0,0.0,0.0,46.80835119038816,0.0,0.0,11840.308652549982,0.0,14.206391013227314,0.0,0.0,1928.557289224863,0.0,0.0,0.0,0.0,0.0,0.0,0.0,14999.86912174225,0.0,0.0,0.0,0.0,0.0,0.0,0.0
6611,0.0,534.4852712988853,0.0,0.0,0.0,0.0,0.0,0.0,0.0,0.0,0.0,0.0,0.0,24.987456740438805,0.0,0.0,11604.786603540182,0.0,14.21335303466757,0.0,0.0,1623.0644128605722,0.0,0.0,0.0,0.0,0.0,0.0,0.0,14745.771292996407,0.0,0.0,0.0,0.0,0.0,0.0,0.0
6612,0.0,536.0967464447021,0.0,0.0,0.0,0.0,0.0,0.0,0.0,0.0,0.0,0.0,0.0,23.317947424203116,0.0,0.0,11451.956847041844,0.0,14.249610938504263,0.0,0.0,1308.895679953694,0.0,0.0,0.0,0.0,0.0,0.0,0.0,14489.241982209682,0.0,0.0,0.0,0.0,0.0,0.0,0.0
6613,0.0,537.4639107584953,0.0,0.0,0.0,0.0,0.0,0.0,0.0,0.0,0.0,0.0,0.0,23.299130897223883,0.0,0.0,11351.582004219294,0.0,14.2113429779185,0.0,0.0,989.6788222901514,0.0,0.0,0.0,0.0,0.0,0.0,0.0,14220.73896033764,0.0,0.0,0.0,0.0,0.0,0.0,0.0
6614,0.0,538.4947969794273,0.0,0.0,0.0,0.0,0.0,0.0,0.0,0.0,0.0,0.0,0.0,23.41336949318634,0.0,0.0,11265.143487781284,0.0,14.302530082315151,0.0,0.0,722.0595596261318,0.0,0.0,0.0,0.0,0.0,0.0,0.0,13920.162361562252,0.0,0.0,0.0,0.0,0.0,0.0,0.0
6615,0.0,523.1213947892189,0.0,0.0,0.0,0.0,0.0,0.0,0.0,0.0,0.0,0.0,0.0,23.67081544995303,0.0,0.0,10896.910522729158,0.0,14.639049707539245,0.0,0.0,612.6145572971543,0.0,0.0,0.0,0.0,0.0,0.0,0.0,13138.809006881715,0.0,0.0,0.0,0.0,0.0,0.0,0.0
6616,0.0,483.27639666795733,0.0,0.0,0.0,0.0,0.0,0.0,0.0,0.0,0.0,0.0,0.0,23.6509228922426,0.0,0.0,10484.804888308046,0.0,14.608962770551392,0.0,0.0,527.6728475075207,0.0,0.0,0.0,0.0,0.0,0.0,0.0,12533.283191716671,0.0,0.0,0.0,0.0,0.0,0.0,0.0
6617,0.0,431.7704661011696,0.0,0.0,0.0,0.0,0.0,0.0,0.0,0.0,0.0,0.0,0.0,23.91528458818779,0.0,0.0,9962.568360298872,0.0,15.15797225665284,0.0,0.0,472.9684172596775,0.0,0.0,0.0,0.0,0.0,0.0,0.0,11937.489090514182,0.0,0.0,0.0,0.0,0.0,0.0,0.0
6618,0.0,385.315300065279,0.0,0.0,0.0,0.0,0.0,0.0,0.0,0.0,0.0,0.0,0.0,23.774904610216513,0.0,0.0,9358.869352906942,0.0,14.823375616594957,0.0,0.0,429.4155402123924,0.0,0.0,0.0,0.0,0.0,0.0,0.0,11199.87348357439,0.0,0.0,0.0,0.0,0.0,0.0,0.0
6619,0.0,356.3485868275165,0.0,0.0,0.0,0.0,0.0,0.0,0.0,0.0,0.0,0.0,0.0,24.739271933585325,0.0,0.0,9182.330883979796,0.0,14.18538453076019,0.0,0.0,393.23014749772756,0.0,0.0,0.0,0.0,0.0,0.0,0.0,11144.427448278666,0.0,0.0,0.0,0.0,0.0,0.0,0.0
6620,0.0,329.2611143052578,0.0,0.0,0.0,0.0,0.0,0.0,0.0,0.0,0.0,0.0,0.0,25.52942315638058,0.0,0.0,9017.627713441849,0.0,14.317118277586921,0.0,0.0,373.9473251692943,0.0,0.0,0.0,0.0,0.0,0.0,0.0,11015.945825421808,0.0,0.0,0.0,0.0,0.0,0.0,0.0
6621,0.0,302.3684058845043,0.0,0.0,0.0,0.0,0.0,0.0,0.0,0.0,0.0,0.0,0.0,25.389572787284813,0.0,0.0,8878.469029515982,0.0,14.336065609753097,0.0,0.0,358.7492112100119,0.0,0.0,0.0,0.0,0.0,0.0,0.0,10974.583148181438,0.0,0.0,0.0,0.0,0.0,0.0,0.0
6622,0.0,281.2872540056705,0.0,0.0,0.0,0.0,0.0,0.0,0.0,0.0,0.0,0.0,0.0,29.306669314950632,0.0,0.0,8909.952556759117,0.0,14.841255858726605,0.0,0.0,347.82196444496446,0.0,0.0,0.0,0.0,0.0,0.0,0.0,11296.237412810326,0.0,0.0,0.0,0.0,0.0,0.0,0.0
6623,0.0,278.05762640833854,0.0,0.0,0.0,0.0,0.0,0.0,0.0,0.0,0.0,0.0,0.0,46.89211906194681,0.0,0.0,9101.747398167847,0.0,23.185363604500814,0.0,0.0,344.1481754746281,0.0,0.0,0.0,0.0,0.0,0.0,0.0,12104.899738895892,0.0,0.0,0.0,0.0,0.0,0.0,0.0
6624,0.0,320.48904241919513,0.0,0.0,0.0,0.0,0.0,0.0,0.0,0.0,0.0,0.0,0.0,77.64265629053105,0.0,0.0,9995.599071800707,0.0,64.4172612428665,0.0,0.0,754.5968978695564,0.0,0.0,0.0,0.0,0.0,0.0,0.0,13610.604756247998,0.0,0.0,0.0,0.0,0.0,0.0,0.0
6625,0.0,360.96945070624344,0.0,0.0,0.0,0.0,0.0,0.0,0.0,0.0,0.0,0.0,0.0,125.07214061617847,0.0,0.0,10934.90326961875,0.0,124.21923952102651,0.0,0.0,1103.816548374295,0.0,0.0,0.0,0.0,0.0,0.0,0.0,14988.163003861904,0.0,0.0,0.0,0.0,0.0,0.0,0.0
6626,0.0,395.8428580641746,0.0,0.0,0.0,0.0,0.0,0.0,0.0,0.0,0.0,0.0,0.0,179.65290276408186,0.0,0.0,11837.094491988419,0.0,191.9541281431912,0.0,0.0,1391.9519592359657,0.0,0.0,0.0,0.0,0.0,0.0,0.0,16179.435880219937,0.0,0.0,0.0,0.0,0.0,0.0,0.0
6627,0.0,432.89323541522026,0.0,0.0,0.0,0.0,0.0,0.0,0.0,0.0,0.0,0.0,0.0,229.96215916872015,0.0,0.0,12599.981568664312,0.0,251.6256694853304,0.0,0.0,1638.1649627923966,0.0,0.0,0.0,0.0,0.0,0.0,0.0,17216.473819029332,0.0,0.0,0.0,0.0,0.0,0.0,0.0
6628,0.0,464.58917110562317,0.0,0.0,0.0,0.0,0.0,0.0,0.0,0.0,0.0,0.0,0.0,276.1369244098662,0.0,0.0,13209.040881097317,0.0,300.79169461727145,0.0,0.0,1838.0682810857888,0.0,0.0,0.0,0.0,0.0,0.0,0.0,18144.919542360305,0.0,0.0,0.0,0.0,0.0,0.0,0.0
6629,0.0,495.35631601810456,0.0,0.0,0.0,0.0,0.0,0.0,0.0,0.0,0.0,0.0,0.0,310.15056966543193,0.0,0.0,13794.623286485672,0.0,315.8011459112166,0.0,0.0,1758.1313258528708,0.0,0.0,0.0,0.0,0.0,0.0,0.0,18926.20636035204,0.0,0.0,0.0,0.0,0.0,0.0,0.0
6630,0.0,524.7338799476623,0.0,0.0,0.0,0.0,0.0,0.0,0.0,0.0,0.0,0.0,0.0,341.9891757190226,0.0,0.0,13871.215519189835,0.0,325.72991477847086,0.0,0.0,1532.2086124196644,0.0,0.0,0.0,0.0,0.0,0.0,0.0,18951.77669914961,0.0,0.0,0.0,0.0,0.0,0.0,0.0
6631,0.0,543.3763563394547,0.0,0.0,0.0,0.0,0.0,0.0,0.0,0.0,0.0,0.0,0.0,370.7180529594421,0.0,0.0,13912.467543125153,0.0,334.98517198562615,0.0,0.0,1320.6178956717254,0.0,0.0,0.0,0.0,0.0,0.0,0.0,18956.736575365067,0.0,0.0,0.0,0.0,0.0,0.0,0.0
6632,0.0,552.3400500655174,0.0,0.0,0.0,0.0,0.0,0.0,0.0,0.0,0.0,0.0,0.0,402.56398947238915,0.0,0.0,13927.903603672981,0.0,340.36016377210615,0.0,0.0,1117.825728475302,0.0,0.0,0.0,0.0,0.0,0.0,0.0,18927.377984654904,0.0,0.0,0.0,0.0,0.0,0.0,0.0
6633,0.0,552.9449915170669,0.0,0.0,0.0,0.0,0.0,0.0,0.0,0.0,0.0,0.0,0.0,434.9947038531303,0.0,0.0,13904.461700797081,0.0,347.701150381565,0.0,0.0,928.1983470506959,0.0,0.0,0.0,0.0,0.0,0.0,0.0,18868.65935678482,0.0,0.0,0.0,0.0,0.0,0.0,0.0
6634,0.0,553.1666892886162,0.0,0.0,0.0,0.0,0.0,0.0,0.0,0.0,0.0,0.0,0.0,443.38397744894024,0.0,0.0,14035.859571576118,0.0,343.0498827695846,0.0,0.0,793.4028573341667,0.0,0.0,0.0,0.0,0.0,0.0,0.0,19040.692858588696,0.0,0.0,0.0,0.0,0.0,0.0,0.0
6635,0.0,552.9851114630699,0.0,0.0,0.0,0.0,0.0,0.0,0.0,0.0,0.0,0.0,0.0,448.25974169969555,0.0,0.0,14157.32559287548,0.0,338.1109751105307,0.0,0.0,704.1346484184261,0.0,0.0,0.0,0.0,0.0,0.0,0.0,19229.516749167444,0.0,0.0,0.0,0.0,0.0,0.0,0.0
6636,0.0,552.8130165338516,0.0,0.0,0.0,0.0,0.0,0.0,0.0,0.0,0.0,0.0,0.0,449.68489956855774,0.0,0.0,14294.960428655148,0.0,333.55897651314723,0.0,0.0,656.3873886220149,0.0,0.0,0.0,0.0,0.0,0.0,0.0,19424.265297949314,0.0,0.0,0.0,0.0,0.0,0.0,0.0
6637,0.0,552.8933125376701,0.0,0.0,0.0,0.0,0.0,0.0,0.0,0.0,0.0,0.0,0.0,449.5175767898559,0.0,0.0,14445.47991001606,0.0,336.08661639094345,0.0,0.0,625.1117598865173,0.0,0.0,0.0,0.0,0.0,0.0,0.0,19626.37772244215,0.0,0.0,0.0,0.0,0.0,0.0,0.0
6638,0.0,552.8441585898399,0.0,0.0,0.0,0.0,0.0,0.0,0.0,0.0,0.0,0.0,0.0,451.90094002485273,0.0,0.0,14615.601725876331,0.0,346.0924528717994,0.0,0.0,592.1968435585497,0.0,0.0,0.0,0.0,0.0,0.0,0.0,19826.635798346997,0.0,0.0,0.0,0.0,0.0,0.0,0.0
6639,0.0,545.185850071907,0.0,0.0,0.0,0.0,0.0,0.0,0.0,0.0,0.0,0.0,0.0,467.0846751689911,0.0,0.0,14646.210926771164,0.0,377.8759370386599,0.0,0.0,612.9676119178529,0.0,0.0,0.0,0.0,0.0,0.0,0.0,19621.762101268767,0.0,0.0,0.0,0.0,0.0,0.0,0.0
6640,0.0,538.1573405385018,0.0,0.0,0.0,0.0,0.0,0.0,0.0,0.0,0.0,0.0,0.0,481.15902262926096,0.0,0.0,14675.18193256855,0.0,406.0081651628016,0.0,0.0,641.0274500772352,0.0,0.0,0.0,0.0,0.0,0.0,0.0,19370.816086542607,0.0,0.0,0.0,0.0,0.0,0.0,0.0
6641,0.0,529.0755314469337,0.0,0.0,0.0,0.0,0.0,0.0,0.0,0.0,0.0,0.0,0.0,484.3599002122879,0.0,0.0,14669.861298918724,0.0,421.53942348361016,0.0,0.0,652.433661284297,0.0,0.0,0.0,0.0,0.0,0.0,0.0,19119.988680696486,0.0,0.0,0.0,0.0,0.0,0.0,0.0
6642,0.0,509.75769327878953,0.0,0.0,0.0,0.0,0.0,0.0,0.0,0.0,0.0,0.0,0.0,490.85773595571516,0.0,0.0,14651.54089486599,0.0,442.5618085563182,0.0,0.0,700.3339656606315,0.0,0.0,0.0,0.0,0.0,0.0,0.0,18849.43170017004,0.0,0.0,0.0,0.0,0.0,0.0,0.0
6643,0.0,500.2610495567322,0.0,0.0,0.0,0.0,0.0,0.0,0.0,0.0,0.0,0.0,0.0,504.3312547564507,0.0,0.0,14816.99393248558,0.0,456.5245334506034,0.0,0.0,713.5537778466937,0.0,0.0,0.0,0.0,0.0,0.0,0.0,18917.126995229723,0.0,0.0,0.0,0.0,0.0,0.0,0.0
6644,0.0,491.4346053242683,0.0,0.0,0.0,0.0,0.0,0.0,0.0,0.0,0.0,0.0,0.0,513.3187117695808,0.0,0.0,14999.112065911293,0.0,477.87519691586493,0.0,0.0,792.7849265970287,0.0,0.0,0.0,0.0,0.0,0.0,0.0,18977.94008234739,0.0,0.0,0.0,0.0,0.0,0.0,0.0
6645,0.0,476.92897231578826,0.0,0.0,0.0,0.0,0.0,0.0,0.0,0.0,0.0,0.0,0.0,517.2607055187225,0.0,0.0,15187.857655286789,0.0,497.2322101414202,0.0,0.0,848.3215651318429,0.0,0.0,0.0,0.0,0.0,0.0,0.0,19041.615693533422,0.0,0.0,0.0,0.0,0.0,0.0,0.0
6646,0.0,462.8384825527668,0.0,0.0,0.0,0.0,0.0,0.0,0.0,0.0,0.0,0.0,0.0,515.0543941736221,0.0,0.0,15399.068142294884,0.0,503.00436691045763,0.0,0.0,870.0052270017559,0.0,0.0,0.0,0.0,0.0,0.0,0.0,19179.05011715889,0.0,0.0,0.0,0.0,0.0,0.0,0.0
6647,0.0,453.4756655037403,0.0,0.0,0.0,0.0,0.0,0.0,0.0,0.0,0.0,0.0,0.0,505.01090266704557,0.0,0.0,15634.535740375519,0.0,482.9586063504219,0.0,0.0,841.9244227945803,0.0,0.0,0.0,0.0,0.0,0.0,0.0,19398.882997620105,0.0,0.0,0.0,0.0,0.0,0.0,0.0
6648,0.0,479.19336451292037,0.0,0.0,0.0,0.0,0.0,0.0,0.0,0.0,0.0,0.0,0.0,491.16400120258334,0.0,0.0,16034.222673594952,0.0,464.4139154136181,0.0,0.0,1335.7172345682977,0.0,0.0,0.0,0.0,0.0,0.0,0.0,19865.091111576556,0.0,0.0,0.0,0.0,0.0,0.0,0.0
6649,0.0,503.6890885233879,0.0,0.0,0.0,0.0,0.0,0.0,0.0,0.0,0.0,0.0,0.0,473.2239685058594,0.0,0.0,16419.083396673203,0.0,423.7347833812236,0.0,0.0,1699.9798351407048,0.0,0.0,0.0,0.0,0.0,0.0,0.0,20317.229608750342,0.0,0.0,0.0,0.0,0.0,0.0,0.0
6650,0.0,523.890014398098,0.0,0.0,0.0,0.0,0.0,0.0,0.0,0.0,0.0,0.0,0.0,455.0986343502998,0.0,0.0,16770.9172976017,0.0,377.76341832280156,0.0,0.0,1945.0453827962278,0.0,0.0,0.0,0.0,0.0,0.0,0.0,20731.183278799057,0.0,0.0,0.0,0.0,0.0,0.0,0.0
6651,0.0,539.3667745471,0.0,0.0,0.0,0.0,0.0,0.0,0.0,0.0,0.0,0.0,0.0,440.68385766744615,0.0,0.0,17083.05491542816,0.0,339.8821963608264,0.0,0.0,2093.9586673378935,0.0,0.0,0.0,0.0,0.0,0.0,0.0,21084.089536869527,0.0,0.0,0.0,0.0,0.0,0.0,0.0
6652,0.0,553.6902125000954,0.0,0.0,0.0,0.0,0.0,0.0,0.0,0.0,0.0,0.0,0.0,428.9506392359733,0.0,0.0,17332.648640275,0.0,314.21254526376725,0.0,0.0,2048.5359140172595,0.0,0.0,0.0,0.0,0.0,0.0,0.0,21394.056487464906,0.0,0.0,0.0,0.0,0.0,0.0,0.0
6653,0.0,566.0148354649543,0.0,0.0,0.0,0.0,0.0,0.0,0.0,0.0,0.0,0.0,0.0,408.99981894493095,0.0,0.0,17516.12026822567,0.0,282.5010600328445,0.0,0.0,1619.5781451299786,0.0,0.0,0.0,0.0,0.0,0.0,0.0,21664.56284224987,0.0,0.0,0.0,0.0,0.0,0.0,0.0
6654,0.0,566.7391267418861,0.0,0.0,0.0,0.0,0.0,0.0,0.0,0.0,0.0,0.0,0.0,391.3881549596787,0.0,0.0,17352.87638258934,0.0,249.1946012556552,0.0,0.0,1541.9391292870046,0.0,0.0,0.0,0.0,0.0,0.0,0.0,21447.967116343974,0.0,0.0,0.0,0.0,0.0,0.0,0.0
6655,0.0,567.354729437828,0.0,0.0,0.0,0.0,0.0,0.0,0.0,0.0,0.0,0.0,0.0,378.70489106178286,0.0,0.0,17175.12365794182,0.0,221.02988616824146,0.0,0.0,1465.6348256707188,0.0,0.0,0.0,0.0,0.0,0.0,0.0,21242.905380797387,0.0,0.0,0.0,0.0,0.0,0.0,0.0
6656,0.0,568.0522553801536,0.0,0.0,0.0,0.0,0.0,0.0,0.0,0.0,0.0,0.0,0.0,360.51394144892686,0.0,0.0,16979.871960401535,0.0,189.58702603280528,0.0,0.0,1383.6400187864895,0.0,0.0,0.0,0.0,0.0,0.0,0.0,21035.85477683544,0.0,0.0,0.0,0.0,0.0,0.0,0.0
6657,0.0,568.9952705025673,0.0,0.0,0.0,0.0,0.0,0.0,0.0,0.0,0.0,0.0,0.0,338.2912391901016,0.0,0.0,16753.436993598938,0.0,150.2687598496675,0.0,0.0,1277.3037061035625,0.0,0.0,0.0,0.0,0.0,0.0,0.0,20818.900331389905,0.0,0.0,0.0,0.0,0.0,0.0,0.0
6658,0.0,554.2847732663155,0.0,0.0,0.0,0.0,0.0,0.0,0.0,0.0,0.0,0.0,0.0,298.21774753332124,0.0,0.0,16721.139813899994,0.0,101.57948683202258,0.0,0.0,1029.3192607328294,0.0,0.0,0.0,0.0,0.0,0.0,0.0,20899.550030469894,0.0,0.0,0.0,0.0,0.0,0.0,0.0
6659,0.0,539.6341473340988,0.0,0.0,0.0,0.0,0.0,0.0,0.0,0.0,0.0,0.0,0.0,259.63919882178305,0.0,0.0,16685.749821424484,0.0,59.430542021989744,0.0,0.0,762.8871910639104,0.0,0.0,0.0,0.0,0.0,0.0,0.0,20960.49040516615,0.0,0.0,0.0,0.0,0.0,0.0,0.0
6660,0.0,524.9076021194458,0.0,0.0,0.0,0.0,0.0,0.0,0.0,0.0,0.0,0.0,0.0,223.7579004764557,0.0,0.0,16662.404374480247,0.0,28.330875455960452,0.0,0.0,514.2586641635739,0.0,0.0,0.0,0.0,0.0,0.0,0.0,21021.365689623355,0.0,0.0,0.0,0.0,0.0,0.0,0.0
6661,0.0,511.3715812325478,0.0,0.0,0.0,0.0,0.0,0.0,0.0,0.0,0.0,0.0,0.0,190.98857267498968,0.0,0.0,16627.947826504707,0.0,15.355206990986991,0.0,0.0,357.6137521270662,0.0,0.0,0.0,0.0,0.0,0.0,0.0,21085.543218874933,0.0,0.0,0.0,0.0,0.0,0.0,0.0
6662,0.0,497.47066522836684,0.0,0.0,0.0,0.0,0.0,0.0,0.0,0.0,0.0,0.0,0.0,162.9890200972556,0.0,0.0,16577.80007648468,0.0,14.759292784333084,0.0,0.0,279.0638485506175,0.0,0.0,0.0,0.0,0.0,0.0,0.0,21143.790304124355,0.0,0.0,0.0,0.0,0.0,0.0,0.0
6663,0.0,468.7452047288417,0.0,0.0,0.0,0.0,0.0,0.0,0.0,0.0,0.0,0.0,0.0,150.16522210240362,0.0,0.0,16340.968093693256,0.0,15.758698557689762,0.0,0.0,260.9603853330008,0.0,0.0,0.0,0.0,0.0,0.0,0.0,20741.71198657751,0.0,0.0,0.0,0.0,0.0,0.0,0.0
6664,0.0,436.18447378277773,0.0,0.0,0.0,0.0,0.0,0.0,0.0,0.0,0.0,0.0,0.0,142.84489536881435,0.0,0.0,16078.659299015999,0.0,17.69134866967788,0.0,0.0,253.3191313438114,0.0,0.0,0.0,0.0,0.0,0.0,0.0,20199.061895883082,0.0,0.0,0.0,0.0,0.0,0.0,0.0
6665,0.0,391.08555831313134,0.0,0.0,0.0,0.0,0.0,0.0,0.0,0.0,0.0,0.0,0.0,132.3149707198142,0.0,0.0,15733.459077000618,0.0,16.69529793113463,0.0,0.0,256.07802102640267,0.0,0.0,0.0,0.0,0.0,0.0,0.0,19538.831350922585,0.0,0.0,0.0,0.0,0.0,0.0,0.0
6666,0.0,339.09594392180435,0.0,0.0,0.0,0.0,0.0,0.0,0.0,0.0,0.0,0.0,0.0,129.69407370090477,0.0,0.0,15274.88113027811,0.0,24.570098182931496,0.0,0.0,259.6048205930732,0.0,0.0,0.0,0.0,0.0,0.0,0.0,18802.138578927515,0.0,0.0,0.0,0.0,0.0,0.0,0.0
6667,0.0,305.30905764698974,0.0,0.0,0.0,0.0,0.0,0.0,0.0,0.0,0.0,0.0,0.0,139.31103110909459,0.0,0.0,15059.750176370144,0.0,27.569680859520965,0.0,0.0,307.77794850468615,0.0,0.0,0.0,0.0,0.0,0.0,0.0,18316.92700806856,0.0,0.0,0.0,0.0,0.0,0.0,0.0
6668,0.0,276.62756075263025,0.0,0.0,0.0,0.0,0.0,0.0,0.0,0.0,0.0,0.0,0.0,150.27078520059578,0.0,0.0,14874.477000534534,0.0,33.02940811663858,0.0,0.0,346.2224896363907,0.0,0.0,0.0,0.0,0.0,0.0,0.0,17799.705504095553,0.0,0.0,0.0,0.0,0.0,0.0,0.0
6669,0.0,255.89497545361513,0.0,0.0,0.0,0.0,0.0,0.0,0.0,0.0,0.0,0.0,0.0,160.935236108303,0.0,0.0,14714.54839861393,0.0,36.05419338494535,0.0,0.0,382.87564471699284,0.0,0.0,0.0,0.0,0.0,0.0,0.0,17265.76882673502,0.0,0.0,0.0,0.0,0.0,0.0,0.0
6670,0.0,239.3520908653736,0.0,0.0,0.0,0.0,0.0,0.0,0.0,0.0,0.0,0.0,0.0,170.1122762858867,0.0,0.0,14587.061660289764,0.0,41.65231073349698,0.0,0.0,480.00824086703295,0.0,0.0,0.0,0.0,0.0,0.0,0.0,16824.578507769107,0.0,0.0,0.0,0.0,0.0,0.0,0.0
6671,0.0,239.73581149578095,0.0,0.0,0.0,0.0,0.0,0.0,0.0,0.0,0.0,0.0,0.0,176.34123885035513,0.0,0.0,14502.480698406696,0.0,52.876237899064925,0.0,0.0,699.6582079902284,0.0,0.0,0.0,0.0,0.0,0.0,0.0,16584.05416353941,0.0,0.0,0.0,0.0,0.0,0.0,0.0
6672,0.0,279.18710108399387,0.0,0.0,0.0,0.0,0.0,0.0,0.0,0.0,0.0,0.0,0.0,176.79561524391173,0.0,0.0,14558.212002277374,0.0,93.45195112228377,0.0,0.0,2191.900840553641,0.0,0.0,0.0,0.0,0.0,0.0,0.0,16980.818224680424,0.0,0.0,0.0,0.0,0.0,0.0,0.0
6673,0.0,327.95934830904,0.0,0.0,0.0,0.0,0.0,0.0,0.0,0.0,0.0,0.0,0.0,175.1769735991954,0.0,0.0,14662.076371788979,0.0,137.32626195251927,0.0,0.0,3363.004626819491,0.0,0.0,0.0,0.0,0.0,0.0,0.0,17493.298266351223,0.0,0.0,0.0,0.0,0.0,0.0,0.0
6674,0.0,371.9862756550312,0.0,0.0,0.0,0.0,0.0,0.0,0.0,0.0,0.0,0.0,0.0,172.7859884798526,0.0,0.0,14773.632323980331,0.0,181.97857034206376,0.0,0.0,4134.67235328555,0.0,0.0,0.0,0.0,0.0,0.0,0.0,17962.36890437603,0.0,0.0,0.0,0.0,0.0,0.0,0.0
6675,0.0,413.73469868302345,0.0,0.0,0.0,0.0,0.0,0.0,0.0,0.0,0.0,0.0,0.0,170.99876868724817,0.0,0.0,14870.458521962166,0.0,222.48910214900963,0.0,0.0,4495.3380277812485,0.0,0.0,0.0,0.0,0.0,0.0,0.0,18310.715952813625,0.0,0.0,0.0,0.0,0.0,0.0,0.0
6676,0.0,449.52556223273274,0.0,0.0,0.0,0.0,0.0,0.0,0.0,0.0,0.0,0.0,0.0,168.68532503247252,0.0,0.0,14940.37818223238,0.0,258.0198804616928,0.0,0.0,4656.206198188663,0.0,0.0,0.0,0.0,0.0,0.0,0.0,18624.09797128439,0.0,0.0,0.0,0.0,0.0,0.0,0.0
6677,0.0,479.98409217596054,0.0,0.0,0.0,0.0,0.0,0.0,0.0,0.0,0.0,0.0,0.0,163.50517858862875,0.0,0.0,14930.5676805377,0.0,287.5813274800776,0.0,0.0,4647.642967924475,0.0,0.0,0.0,0.0,0.0,0.0,0.0,18889.658914351465,0.0,0.0,0.0,0.0,0.0,0.0,0.0
6678,0.0,504.08282511234285,0.0,0.0,0.0,0.0,0.0,0.0,0.0,0.0,0.0,0.0,0.0,157.55461655855174,0.0,0.0,14662.83557331562,0.0,301.8640904605388,0.0,0.0,4503.608793032168,0.0,0.0,0.0,0.0,0.0,0.0,0.0,18720.354863238335,0.0,0.0,0.0,0.0,0.0,0.0,0.0
6679,0.0,523.6602365255355,0.0,0.0,0.0,0.0,0.0,0.0,0.0,0.0,0.0,0.0,0.0,150.74067437052727,0.0,0.0,14358.38175946474,0.0,315.3450242042541,0.0,0.0,4348.541784238815,0.0,0.0,0.0,0.0,0.0,0.0,0.0,18567.20620945692,0.0,0.0,0.0,0.0,0.0,0.0,0.0
6680,0.0,536.6174640655518,0.0,0.0,0.0,0.0,0.0,0.0,0.0,0.0,0.0,0.0,0.0,140.4225036025046,0.0,0.0,14070.59615290165,0.0,325.85171124935135,0.0,0.0,4187.0441782593725,0.0,0.0,0.0,0.0,0.0,0.0,0.0,18442.860709679127,0.0,0.0,0.0,0.0,0.0,0.0,0.0
6681,0.0,542.2173668503762,0.0,0.0,0.0,0.0,0.0,0.0,0.0,0.0,0.0,0.0,0.0,133.46455263495434,0.0,0.0,13843.680462181568,0.0,318.95276668667793,0.0,0.0,4047.3055454045534,0.0,0.0,0.0,0.0,0.0,0.0,0.0,18351.61142678261,0.0,0.0,0.0,0.0,0.0,0.0,0.0
6682,0.0,536.8899430274963,0.0,0.0,0.0,0.0,0.0,0.0,0.0,0.0,0.0,0.0,0.0,113.63165858685966,0.0,0.0,13768.250367879868,0.0,306.27994615435586,0.0,0.0,3908.8294167995455,0.0,0.0,0.0,0.0,0.0,0.0,0.0,18483.997740757466,0.0,0.0,0.0,0.0,0.0,0.0,0.0
6683,0.0,532.0343634366989,0.0,0.0,0.0,0.0,0.0,0.0,0.0,0.0,0.0,0.0,0.0,98.19144703447814,0.0,0.0,13734.966848492622,0.0,303.9699037194251,0.0,0.0,3777.58074657619,0.0,0.0,0.0,0.0,0.0,0.0,0.0,18615.63190085888,0.0,0.0,0.0,0.0,0.0,0.0,0.0
6684,0.0,526.2853154540062,0.0,0.0,0.0,0.0,0.0,0.0,0.0,0.0,0.0,0.0,0.0,88.39366602450609,0.0,0.0,13732.872821331024,0.0,310.73101581931115,0.0,0.0,3627.8925508528946,0.0,0.0,0.0,0.0,0.0,0.0,0.0,18743.48504129648,0.0,0.0,0.0,0.0,0.0,0.0,0.0
6685,0.0,518.6970905900001,0.0,0.0,0.0,0.0,0.0,0.0,0.0,0.0,0.0,0.0,0.0,82.48623489290466,0.0,0.0,13745.626784682274,0.0,313.91782092452036,0.0,0.0,3461.065178731084,0.0,0.0,0.0,0.0,0.0,0.0,0.0,18865.52490016222,0.0,0.0,0.0,0.0,0.0,0.0,0.0
6686,0.0,511.2385962367058,0.0,0.0,0.0,0.0,0.0,0.0,0.0,0.0,0.0,0.0,0.0,78.03093525469302,0.0,0.0,13767.841208040714,0.0,306.7563425719738,0.0,0.0,3287.7811721652747,0.0,0.0,0.0,0.0,0.0,0.0,0.0,18984.421623706818,0.0,0.0,0.0,0.0,0.0,0.0,0.0
6687,0.0,493.11706191301346,0.0,0.0,0.0,0.0,0.0,0.0,0.0,0.0,0.0,0.0,0.0,82.9219825044273,0.0,0.0,13684.336818814278,0.0,300.846531188488,0.0,0.0,3304.5963966339827,0.0,0.0,0.0,0.0,0.0,0.0,0.0,18771.418878996374,0.0,0.0,0.0,0.0,0.0,0.0,0.0
6688,0.0,473.77806959152224,0.0,0.0,0.0,0.0,0.0,0.0,0.0,0.0,0.0,0.0,0.0,92.03809804618359,0.0,0.0,13630.862894892693,0.0,285.7570481419563,0.0,0.0,3314.8780859202147,0.0,0.0,0.0,0.0,0.0,0.0,0.0,18563.271866118906,0.0,0.0,0.0,0.0,0.0,0.0,0.0
6689,0.0,459.19214057922363,0.0,0.0,0.0,0.0,0.0,0.0,0.0,0.0,0.0,0.0,0.0,99.69062685072407,0.0,0.0,13552.1564103961,0.0,269.120195621252,0.0,0.0,3316.839963027835,0.0,0.0,0.0,0.0,0.0,0.0,0.0,18374.150006890297,0.0,0.0,0.0,0.0,0.0,0.0,0.0
6690,0.0,455.07490827441217,0.0,0.0,0.0,0.0,0.0,0.0,0.0,0.0,0.0,0.0,0.0,108.65304373204695,0.0,0.0,13543.556275069714,0.0,251.69740164875967,0.0,0.0,3309.833215820789,0.0,0.0,0.0,0.0,0.0,0.0,0.0,18215.455664741992,0.0,0.0,0.0,0.0,0.0,0.0,0.0
6691,0.0,466.4039954602718,0.0,0.0,0.0,0.0,0.0,0.0,0.0,0.0,0.0,0.0,0.0,124.90147765874852,0.0,0.0,13838.42983686924,0.0,218.35432093441477,0.0,0.0,3226.680205097794,0.0,0.0,0.0,0.0,0.0,0.0,0.0,18441.159684765338,0.0,0.0,0.0,0.0,0.0,0.0,0.0
6692,0.0,475.4841492533684,0.0,0.0,0.0,0.0,0.0,0.0,0.0,0.0,0.0,0.0,0.0,137.80954231023787,0.0,0.0,14200.218923389912,0.0,188.55113356113418,0.0,0.0,3134.6179107874627,0.0,0.0,0.0,0.0,0.0,0.0,0.0,18672.348642265795,0.0,0.0,0.0,0.0,0.0,0.0,0.0
6693,0.0,483.748745906353,0.0,0.0,0.0,0.0,0.0,0.0,0.0,0.0,0.0,0.0,0.0,145.4083368301391,0.0,0.0,14568.448776960373,0.0,158.98002344965929,0.0,0.0,3035.424435397982,0.0,0.0,0.0,0.0,0.0,0.0,0.0,18890.09284927845,0.0,0.0,0.0,0.0,0.0,0.0,0.0
6694,0.0,491.6078786015511,0.0,0.0,0.0,0.0,0.0,0.0,0.0,0.0,0.0,0.0,0.0,156.97078021764744,0.0,0.0,14935.530493795872,0.0,140.70023761391624,0.0,0.0,2890.991527149081,0.0,0.0,0.0,0.0,0.0,0.0,0.0,19069.203829741477,0.0,0.0,0.0,0.0,0.0,0.0,0.0
6695,0.0,499.5754754304886,0.0,0.0,0.0,0.0,0.0,0.0,0.0,0.0,0.0,0.0,0.0,180.94830926060675,0.0,0.0,15278.712919950485,0.0,142.2328604966401,0.0,0.0,2719.5431472659106,0.0,0.0,0.0,0.0,0.0,0.0,0.0,19212.36619440317,0.0,0.0,0.0,0.0,0.0,0.0,0.0
6696,0.0,527.3833675146103,0.0,0.0,0.0,0.0,0.0,0.0,0.0,0.0,0.0,0.0,0.0,215.89153298139573,0.0,0.0,15642.586699187756,0.0,180.62077237665653,0.0,0.0,3576.5712989598514,0.0,0.0,0.0,0.0,0.0,0.0,0.0,19736.278974950314,0.0,0.0,0.0,0.0,0.0,0.0,0.0
6697,0.0,547.9211326003075,0.0,0.0,0.0,0.0,0.0,0.0,0.0,0.0,0.0,0.0,0.0,262.39202169179913,0.0,0.0,15969.594087898731,0.0,235.46616190671915,0.0,0.0,4324.272032278775,0.0,0.0,0.0,0.0,0.0,0.0,0.0,20016.418685114382,0.0,0.0,0.0,0.0,0.0,0.0,0.0
6698,0.0,562.0178227186203,0.0,0.0,0.0,0.0,0.0,0.0,0.0,0.0,0.0,0.0,0.0,310.7004437863826,0.0,0.0,16266.02339053154,0.0,290.6278102457523,0.0,0.0,4862.222973811627,0.0,0.0,0.0,0.0,0.0,0.0,0.0,20181.893983721733,0.0,0.0,0.0,0.0,0.0,0.0,0.0
6699,0.0,572.9687723994255,0.0,0.0,0.0,0.0,0.0,0.0,0.0,0.0,0.0,0.0,0.0,351.8584174990654,0.0,0.0,16539.900674045086,0.0,332.2670268952846,0.0,0.0,5210.098299497366,0.0,0.0,0.0,0.0,0.0,0.0,0.0,20327.7814597249,0.0,0.0,0.0,0.0,0.0,0.0,0.0
6700,0.0,581.5747533202172,0.0,0.0,0.0,0.0,0.0,0.0,0.0,0.0,0.0,0.0,0.0,384.21322687864296,0.0,0.0,16789.59085482359,0.0,359.3807175815105,0.0,0.0,5403.650192034244,0.0,0.0,0.0,0.0,0.0,0.0,0.0,20471.766854298116,0.0,0.0,0.0,0.0,0.0,0.0,0.0
6701,0.0,589.5610914945603,0.0,0.0,0.0,0.0,0.0,0.0,0.0,0.0,0.0,0.0,0.0,401.50315767526627,0.0,0.0,17042.202716886997,0.0,360.04791562557216,0.0,0.0,5542.578945064544,0.0,0.0,0.0,0.0,0.0,0.0,0.0,20604.32095644474,0.0,0.0,0.0,0.0,0.0,0.0,0.0
6702,0.0,591.6316734910012,0.0,0.0,0.0,0.0,0.0,0.0,0.0,0.0,0.0,0.0,0.0,416.554047858715,0.0,0.0,16907.24997830391,0.0,346.55616277456267,0.0,0.0,5650.086177456379,0.0,0.0,0.0,0.0,0.0,0.0,0.0,20432.947035729885,0.0,0.0,0.0,0.0,0.0,0.0,0.0
6703,0.0,592.3519247174263,0.0,0.0,0.0,0.0,0.0,0.0,0.0,0.0,0.0,0.0,0.0,430.6377657532692,0.0,0.0,16769.825167536736,0.0,329.9282619535922,0.0,0.0,5726.72048817873,0.0,0.0,0.0,0.0,0.0,0.0,0.0,20282.982017862796,0.0,0.0,0.0,0.0,0.0,0.0,0.0
6704,0.0,593.8235131144523,0.0,0.0,0.0,0.0,0.0,0.0,0.0,0.0,0.0,0.0,0.0,451.8059354782105,0.0,0.0,16634.13967502117,0.0,301.89482858180986,0.0,0.0,5787.300710088015,0.0,0.0,0.0,0.0,0.0,0.0,0.0,20142.161455357076,0.0,0.0,0.0,0.0,0.0,0.0,0.0
6705,0.0,597.8679403424263,0.0,0.0,0.0,0.0,0.0,0.0,0.0,0.0,0.0,0.0,0.0,469.2530564308166,0.0,0.0,16501.79280233383,0.0,281.38998217582696,0.0,0.0,5838.631044745445,0.0,0.0,0.0,0.0,0.0,0.0,0.0,19996.138013076783,0.0,0.0,0.0,0.0,0.0,0.0,0.0
6706,0.0,600.4571077108383,0.0,0.0,0.0,0.0,0.0,0.0,0.0,0.0,0.0,0.0,0.0,468.699573123455,0.0,0.0,16630.203650712967,0.0,259.56164771318436,0.0,0.0,5753.863421273231,0.0,0.0,0.0,0.0,0.0,0.0,0.0,20084.93701008558,0.0,0.0,0.0,0.0,0.0,0.0,0.0
6707,0.0,603.9968091845512,0.0,0.0,0.0,0.0,0.0,0.0,0.0,0.0,0.0,0.0,0.0,471.8838170647621,0.0,0.0,16747.4753947258,0.0,249.56443687677384,0.0,0.0,5682.096866744757,0.0,0.0,0.0,0.0,0.0,0.0,0.0,20169.49356995821,0.0,0.0,0.0,0.0,0.0,0.0,0.0
6708,0.0,608.2279204130173,0.0,0.0,0.0,0.0,0.0,0.0,0.0,0.0,0.0,0.0,0.0,474.94826291799546,0.0,0.0,16856.14855915308,0.0,245.691403955221,0.0,0.0,5622.5320978939535,0.0,0.0,0.0,0.0,0.0,0.0,0.0,20268.16458655596,0.0,0.0,0.0,0.0,0.0,0.0,0.0
6709,0.0,610.6674936890602,0.0,0.0,0.0,0.0,0.0,0.0,0.0,0.0,0.0,0.0,0.0,478.3307655215263,0.0,0.0,16956.66030716896,0.0,242.25632256865487,0.0,0.0,5580.638149917126,0.0,0.0,0.0,0.0,0.0,0.0,0.0,20378.454934048652,0.0,0.0,0.0,0.0,0.0,0.0,0.0
6710,0.0,612.8391330599785,0.0,0.0,0.0,0.0,0.0,0.0,0.0,0.0,0.0,0.0,0.0,481.0685015439987,0.0,0.0,17056.513976812363,0.0,237.37494884729378,0.0,0.0,5534.895531910658,0.0,0.0,0.0,0.0,0.0,0.0,0.0,20498.096579217912,0.0,0.0,0.0,0.0,0.0,0.0,0.0
6711,0.0,605.4935917854309,0.0,0.0,0.0,0.0,0.0,0.0,0.0,0.0,0.0,0.0,0.0,490.70839185714715,0.0,0.0,17005.18853098154,0.0,243.92055322229854,0.0,0.0,5679.538554775715,0.0,0.0,0.0,0.0,0.0,0.0,0.0,20205.747386658193,0.0,0.0,0.0,0.0,0.0,0.0,0.0
6712,0.0,598.9639162659645,0.0,0.0,0.0,0.0,0.0,0.0,0.0,0.0,0.0,0.0,0.0,484.38680098056795,0.0,0.0,16964.932181179523,0.0,242.32054063975804,0.0,0.0,5817.002560669183,0.0,0.0,0.0,0.0,0.0,0.0,0.0,19927.301469159127,0.0,0.0,0.0,0.0,0.0,0.0,0.0
6713,0.0,594.5014560341835,0.0,0.0,0.0,0.0,0.0,0.0,0.0,0.0,0.0,0.0,0.0,463.8364970684051,0.0,0.0,16924.196663200855,0.0,225.50105269551258,0.0,0.0,5947.590308403969,0.0,0.0,0.0,0.0,0.0,0.0,0.0,19667.786686074734,0.0,0.0,0.0,0.0,0.0,0.0,0.0
6714,0.0,589.5449874043464,0.0,0.0,0.0,0.0,0.0,0.0,0.0,0.0,0.0,0.0,0.0,448.62630950212474,0.0,0.0,16894.964292943478,0.0,214.21255917251108,0.0,0.0,6070.673876202107,0.0,0.0,0.0,0.0,0.0,0.0,0.0,19429.64898394346,0.0,0.0,0.0,0.0,0.0,0.0,0.0
6715,0.0,595.2812980055809,0.0,0.0,0.0,0.0,0.0,0.0,0.0,0.0,0.0,0.0,0.0,442.5481257438659,0.0,0.0,17009.4823756814,0.0,194.10228412747367,0.0,0.0,5982.354891854525,0.0,0.0,0.0,0.0,0.0,0.0,0.0,19590.1861030817,0.0,0.0,0.0,0.0,0.0,0.0,0.0
6716,0.0,599.1380873322487,0.0,0.0,0.0,0.0,0.0,0.0,0.0,0.0,0.0,0.0,0.0,435.3253591299057,0.0,0.0,17159.67359572649,0.0,177.1730341166258,0.0,0.0,5895.342009025812,0.0,0.0,0.0,0.0,0.0,0.0,0.0,19738.15646673441,0.0,0.0,0.0,0.0,0.0,0.0,0.0
6717,0.0,604.2306832194329,0.0,0.0,0.0,0.0,0.0,0.0,0.0,0.0,0.0,0.0,0.0,426.21003379821775,0.0,0.0,17309.261188328266,0.0,158.03773848712441,0.0,0.0,5817.801238417625,0.0,0.0,0.0,0.0,0.0,0.0,0.0,19855.524292886257,0.0,0.0,0.0,0.0,0.0,0.0,0.0
6718,0.0,607.4475734353066,0.0,0.0,0.0,0.0,0.0,0.0,0.0,0.0,0.0,0.0,0.0,423.6343300700188,0.0,0.0,17403.900014698505,0.0,153.55689404606807,0.0,0.0,5775.134649950266,0.0,0.0,0.0,0.0,0.0,0.0,0.0,19931.083935272694,0.0,0.0,0.0,0.0,0.0,0.0,0.0
6719,0.0,605.9099975466728,0.0,0.0,0.0,0.0,0.0,0.0,0.0,0.0,0.0,0.0,0.0,434.73618746995925,0.0,0.0,17412.299459457397,0.0,179.8621454656123,0.0,0.0,5769.30472624898,0.0,0.0,0.0,0.0,0.0,0.0,0.0,19934.85772268772,0.0,0.0,0.0,0.0,0.0,0.0,0.0
6720,0.0,608.0960015416146,0.0,0.0,0.0,0.0,0.0,0.0,0.0,0.0,0.0,0.0,0.0,460.436329627037,0.0,0.0,17324.701916098595,0.0,259.6487044751644,0.0,0.0,5803.037507665157,0.0,0.0,0.0,0.0,0.0,0.0,0.0,20093.93103467226,0.0,0.0,0.0,0.0,0.0,0.0,0.0
6721,0.0,605.8743104338646,0.0,0.0,0.0,0.0,0.0,0.0,0.0,0.0,0.0,0.0,0.0,497.05181719064706,0.0,0.0,17076.536361336708,0.0,365.7571733653545,0.0,0.0,5868.496990603208,0.0,0.0,0.0,0.0,0.0,0.0,0.0,20217.926493608953,0.0,0.0,0.0,0.0,0.0,0.0,0.0
6722,0.0,602.5109683871269,0.0,0.0,0.0,0.0,0.0,0.0,0.0,0.0,0.0,0.0,0.0,536.0134104251862,0.0,0.0,16748.06346476078,0.0,477.6865591108798,0.0,0.0,5914.447906672955,0.0,0.0,0.0,0.0,0.0,0.0,0.0,20351.0967833519,0.0,0.0,0.0,0.0,0.0,0.0,0.0
6723,0.0,602.0409758448601,0.0,0.0,0.0,0.0,0.0,0.0,0.0,0.0,0.0,0.0,0.0,568.7506590604781,0.0,0.0,16466.573941349983,0.0,576.135781788826,0.0,0.0,5912.3322280883785,0.0,0.0,0.0,0.0,0.0,0.0,0.0,20530.64314519167,0.0,0.0,0.0,0.0,0.0,0.0,0.0
6724,0.0,603.8079368233681,0.0,0.0,0.0,0.0,0.0,0.0,0.0,0.0,0.0,0.0,0.0,599.0598891854286,0.0,0.0,16231.333481431007,0.0,665.2559401988983,0.0,0.0,5865.950788986683,0.0,0.0,0.0,0.0,0.0,0.0,0.0,20732.194347178935,0.0,0.0,0.0,0.0,0.0,0.0,0.0
6725,0.0,605.6554743647575,0.0,0.0,0.0,0.0,0.0,0.0,0.0,0.0,0.0,0.0,0.0,617.7040494918823,0.0,0.0,16065.625302314758,0.0,732.7769513726234,0.0,0.0,5775.433775657415,0.0,0.0,0.0,0.0,0.0,0.0,0.0,20927.55474420786,0.0,0.0,0.0,0.0,0.0,0.0,0.0
6726,0.0,602.2172791600227,0.0,0.0,0.0,0.0,0.0,0.0,0.0,0.0,0.0,0.0,0.0,632.7042317271231,0.0,0.0,15778.382649302483,0.0,776.0289560437201,0.0,0.0,5849.353550863266,0.0,0.0,0.0,0.0,0.0,0.0,0.0,20763.018191492556,0.0,0.0,0.0,0.0,0.0,0.0,0.0
6727,0.0,598.766851580143,0.0,0.0,0.0,0.0,0.0,0.0,0.0,0.0,0.0,0.0,0.0,646.7432495117188,0.0,0.0,15505.385915100574,0.0,808.2535930156707,0.0,0.0,5895.151876491308,0.0,0.0,0.0,0.0,0.0,0.0,0.0,20606.989656245707,0.0,0.0,0.0,0.0,0.0,0.0,0.0
6728,0.0,587.7550205826759,0.0,0.0,0.0,0.0,0.0,0.0,0.0,0.0,0.0,0.0,0.0,661.8275863170622,0.0,0.0,15234.175171375275,0.0,836.8353031754493,0.0,0.0,5925.11349413395,0.0,0.0,0.0,0.0,0.0,0.0,0.0,20395.873082017897,0.0,0.0,0.0,0.0,0.0,0.0,0.0
6729,0.0,572.9219751477242,0.0,0.0,0.0,0.0,0.0,0.0,0.0,0.0,0.0,0.0,0.0,680.5201231718062,0.0,0.0,14926.798120498657,0.0,874.0495345830916,0.0,0.0,5951.517695724964,0.0,0.0,0.0,0.0,0.0,0.0,0.0,20112.879526484012,0.0,0.0,0.0,0.0,0.0,0.0,0.0
6730,0.0,552.4017730593681,0.0,0.0,0.0,0.0,0.0,0.0,0.0,0.0,0.0,0.0,0.0,675.3731991767884,0.0,0.0,14621.193058431149,0.0,913.5600844621658,0.0,0.0,5757.770220994949,0.0,0.0,0.0,0.0,0.0,0.0,0.0,20016.132288062574,0.0,0.0,0.0,0.0,0.0,0.0,0.0
6731,0.0,534.6014227509498,0.0,0.0,0.0,0.0,0.0,0.0,0.0,0.0,0.0,0.0,0.0,668.2476340055466,0.0,0.0,14317.389544248581,0.0,969.764961516857,0.0,0.0,5532.851909923554,0.0,0.0,0.0,0.0,0.0,0.0,0.0,19911.36014639139,0.0,0.0,0.0,0.0,0.0,0.0,0.0
6732,0.0,517.0236680030823,0.0,0.0,0.0,0.0,0.0,0.0,0.0,0.0,0.0,0.0,0.0,664.458077943325,0.0,0.0,14047.02201205492,0.0,1024.876901245117,0.0,0.0,5361.533413571119,0.0,0.0,0.0,0.0,0.0,0.0,0.0,19802.00275899172,0.0,0.0,0.0,0.0,0.0,0.0,0.0
6733,0.0,501.60184131860734,0.0,0.0,0.0,0.0,0.0,0.0,0.0,0.0,0.0,0.0,0.0,665.7588645935058,0.0,0.0,13823.326704859734,0.0,1079.4079290151597,0.0,0.0,5302.77701075077,0.0,0.0,0.0,0.0,0.0,0.0,0.0,19705.71259869337,0.0,0.0,0.0,0.0,0.0,0.0,0.0
6734,0.0,491.01713343858717,0.0,0.0,0.0,0.0,0.0,0.0,0.0,0.0,0.0,0.0,0.0,668.9698747992516,0.0,0.0,13642.814095973969,0.0,1132.936129283905,0.0,0.0,5307.967507839203,0.0,0.0,0.0,0.0,0.0,0.0,0.0,19647.770714342594,0.0,0.0,0.0,0.0,0.0,0.0,0.0
6735,0.0,467.0027646124363,0.0,0.0,0.0,0.0,0.0,0.0,0.0,0.0,0.0,0.0,0.0,685.3467935204505,0.0,0.0,13386.788938522339,0.0,1184.459148812294,0.0,0.0,5566.719721770287,0.0,0.0,0.0,0.0,0.0,0.0,0.0,19204.47870388031,0.0,0.0,0.0,0.0,0.0,0.0,0.0
6736,0.0,440.5962650477886,0.0,0.0,0.0,0.0,0.0,0.0,0.0,0.0,0.0,0.0,0.0,701.2901166915893,0.0,0.0,13144.294059097767,0.0,1217.7274591207504,0.0,0.0,5752.318140292167,0.0,0.0,0.0,0.0,0.0,0.0,0.0,18761.400767982006,0.0,0.0,0.0,0.0,0.0,0.0,0.0
6737,0.0,414.14431491494173,0.0,0.0,0.0,0.0,0.0,0.0,0.0,0.0,0.0,0.0,0.0,705.8993391633032,0.0,0.0,12800.676025509834,0.0,1251.2549537420273,0.0,0.0,5896.609962934255,0.0,0.0,0.0,0.0,0.0,0.0,0.0,18254.417235386372,0.0,0.0,0.0,0.0,0.0,0.0,0.0
6738,0.0,390.7443984925747,0.0,0.0,0.0,0.0,0.0,0.0,0.0,0.0,0.0,0.0,0.0,705.7473946571349,0.0,0.0,12315.232768207787,0.0,1299.7756561756134,0.0,0.0,6039.014992654324,0.0,0.0,0.0,0.0,0.0,0.0,0.0,17675.58275758028,0.0,0.0,0.0,0.0,0.0,0.0,0.0
6739,0.0,382.9854253828525,0.0,0.0,0.0,0.0,0.0,0.0,0.0,0.0,0.0,0.0,0.0,710.336441552639,0.0,0.0,12097.154463291166,0.0,1340.7137353897094,0.0,0.0,6046.454382205009,0.0,0.0,0.0,0.0,0.0,0.0,0.0,17404.023387372494,0.0,0.0,0.0,0.0,0.0,0.0,0.0
6740,0.0,375.64611251950265,0.0,0.0,0.0,0.0,0.0,0.0,0.0,0.0,0.0,0.0,0.0,711.3624816894531,0.0,0.0,11757.785935789347,0.0,1382.7454633235932,0.0,0.0,6061.11517496109,0.0,0.0,0.0,0.0,0.0,0.0,0.0,17098.917954409124,0.0,0.0,0.0,0.0,0.0,0.0,0.0
6741,0.0,368.70401517748826,0.0,0.0,0.0,0.0,0.0,0.0,0.0,0.0,0.0,0.0,0.0,714.9435119628906,0.0,0.0,11345.09300920367,0.0,1425.8672830104829,0.0,0.0,6071.446516692638,0.0,0.0,0.0,0.0,0.0,0.0,0.0,16725.76139974594,0.0,0.0,0.0,0.0,0.0,0.0,0.0
6742,0.0,364.4666474819183,0.0,0.0,0.0,0.0,0.0,0.0,0.0,0.0,0.0,0.0,0.0,725.2881127357482,0.0,0.0,10932.926700890064,0.0,1459.7830798387527,0.0,0.0,6049.455933076143,0.0,0.0,0.0,0.0,0.0,0.0,0.0,16317.389579308034,0.0,0.0,0.0,0.0,0.0,0.0,0.0
6743,0.0,376.87165061831473,0.0,0.0,0.0,0.0,0.0,0.0,0.0,0.0,0.0,0.0,0.0,746.2751506209372,0.0,0.0,10604.200218558311,0.0,1475.4994189977647,0.0,0.0,5986.299839186669,0.0,0.0,0.0,0.0,0.0,0.0,0.0,15896.329501605034,0.0,0.0,0.0,0.0,0.0,0.0,0.0
6744,0.0,418.274424880743,0.0,0.0,0.0,0.0,0.0,0.0,0.0,0.0,0.0,0.0,0.0,776.1489469766617,0.0,0.0,10670.937610954044,0.0,1499.8902516126632,0.0,0.0,5782.872559690475,0.0,0.0,0.0,0.0,0.0,0.0,0.0,15901.543952977658,0.0,0.0,0.0,0.0,0.0,0.0,0.0
6745,0.0,450.6857300698757,0.0,0.0,0.0,0.0,0.0,0.0,0.0,0.0,0.0,0.0,0.0,813.1604586839676,0.0,0.0,10928.824212312698,0.0,1503.1914724826813,0.0,0.0,4892.654473131895,0.0,0.0,0.0,0.0,0.0,0.0,0.0,16017.11962788105,0.0,0.0,0.0,0.0,0.0,0.0,0.0
6746,0.0,477.4621467590332,0.0,0.0,0.0,0.0,0.0,0.0,0.0,0.0,0.0,0.0,0.0,852.4740484714508,0.0,0.0,11274.676289737223,0.0,1494.3654522418976,0.0,0.0,3793.71234164536,0.0,0.0,0.0,0.0,0.0,0.0,0.0,16276.754466295242,0.0,0.0,0.0,0.0,0.0,0.0,0.0
6747,0.0,496.6041866183281,0.0,0.0,0.0,0.0,0.0,0.0,0.0,0.0,0.0,0.0,0.0,890.7863916635513,0.0,0.0,11605.082194298504,0.0,1484.039340543747,0.0,0.0,3153.8103974550963,0.0,0.0,0.0,0.0,0.0,0.0,0.0,16681.816809689997,0.0,0.0,0.0,0.0,0.0,0.0,0.0
6748,0.0,502.8827056646347,0.0,0.0,0.0,0.0,0.0,0.0,0.0,0.0,0.0,0.0,0.0,928.2051810026169,0.0,0.0,11928.502822518347,0.0,1465.1709359884262,0.0,0.0,2716.9388159573077,0.0,0.0,0.0,0.0,0.0,0.0,0.0,17300.262314081192,0.0,0.0,0.0,0.0,0.0,0.0,0.0
6749,0.0,497.1142429947853,0.0,0.0,0.0,0.0,0.0,0.0,0.0,0.0,0.0,0.0,0.0,960.3178834676743,0.0,0.0,12303.225560456514,0.0,1423.726344704628,0.0,0.0,2372.870228205621,0.0,0.0,0.0,0.0,0.0,0.0,0.0,17839.106795465945,0.0,0.0,0.0,0.0,0.0,0.0,0.0
6750,0.0,484.13081123828886,0.0,0.0,0.0,0.0,0.0,0.0,0.0,0.0,0.0,0.0,0.0,990.5687837600708,0.0,0.0,12202.19108352065,0.0,1367.9736174106597,0.0,0.0,2195.265853379666,0.0,0.0,0.0,0.0,0.0,0.0,0.0,17809.09440946579,0.0,0.0,0.0,0.0,0.0,0.0,0.0
6751,0.0,483.7043053507805,0.0,0.0,0.0,0.0,0.0,0.0,0.0,0.0,0.0,0.0,0.0,1019.4418267011642,0.0,0.0,12061.773027390242,0.0,1314.6353591680527,0.0,0.0,1996.3746577978125,0.0,0.0,0.0,0.0,0.0,0.0,0.0,17806.767071807386,0.0,0.0,0.0,0.0,0.0,0.0,0.0
6752,0.0,489.3464603304863,0.0,0.0,0.0,0.0,0.0,0.0,0.0,0.0,0.0,0.0,0.0,1049.814228796959,0.0,0.0,11906.342850089071,0.0,1263.1322586536407,0.0,0.0,1730.578911463916,0.0,0.0,0.0,0.0,0.0,0.0,0.0,17807.645066809655,0.0,0.0,0.0,0.0,0.0,0.0,0.0
6753,0.0,498.5937992691994,0.0,0.0,0.0,0.0,0.0,0.0,0.0,0.0,0.0,0.0,0.0,1078.4507243156434,0.0,0.0,11769.254857212305,0.0,1214.8950464725494,0.0,0.0,1421.5675235554575,0.0,0.0,0.0,0.0,0.0,0.0,0.0,17819.936996841432,0.0,0.0,0.0,0.0,0.0,0.0,0.0
6754,0.0,503.22863498926165,0.0,0.0,0.0,0.0,0.0,0.0,0.0,0.0,0.0,0.0,0.0,1085.3689742326737,0.0,0.0,11660.887395858765,0.0,1156.043726849556,0.0,0.0,1164.3882173471145,0.0,0.0,0.0,0.0,0.0,0.0,0.0,18011.577125096323,0.0,0.0,0.0,0.0,0.0,0.0,0.0
6755,0.0,509.2282222151756,0.0,0.0,0.0,0.0,0.0,0.0,0.0,0.0,0.0,0.0,0.0,1091.3719703435897,0.0,0.0,11542.304940193892,0.0,1101.111117529869,0.0,0.0,955.6858953639862,0.0,0.0,0.0,0.0,0.0,0.0,0.0,18198.766527450083,0.0,0.0,0.0,0.0,0.0,0.0,0.0
6756,0.0,513.9490773439408,0.0,0.0,0.0,0.0,0.0,0.0,0.0,0.0,0.0,0.0,0.0,1092.1066303253174,0.0,0.0,11422.55023381114,0.0,1046.6824118375778,0.0,0.0,811.6067607879631,0.0,0.0,0.0,0.0,0.0,0.0,0.0,18380.00668195486,0.0,0.0,0.0,0.0,0.0,0.0,0.0
6757,0.0,518.3236664772033,0.0,0.0,0.0,0.0,0.0,0.0,0.0,0.0,0.0,0.0,0.0,1087.3020634412765,0.0,0.0,11317.768755078316,0.0,996.7639400243759,0.0,0.0,721.4653197661033,0.0,0.0,0.0,0.0,0.0,0.0,0.0,18552.61731721163,0.0,0.0,0.0,0.0,0.0,0.0,0.0
6758,0.0,522.5215034008027,0.0,0.0,0.0,0.0,0.0,0.0,0.0,0.0,0.0,0.0,0.0,1078.5195902824403,0.0,0.0,11242.162084192036,0.0,946.2295794129371,0.0,0.0,651.1504937455057,0.0,0.0,0.0,0.0,0.0,0.0,0.0,18718.199653100968,0.0,0.0,0.0,0.0,0.0,0.0,0.0
6759,0.0,518.445429110527,0.0,0.0,0.0,0.0,0.0,0.0,0.0,0.0,0.0,0.0,0.0,1079.6671770572661,0.0,0.0,11156.233850747347,0.0,908.9889078855514,0.0,0.0,658.6017665795973,0.0,0.0,0.0,0.0,0.0,0.0,0.0,18531.293754899503,0.0,0.0,0.0,0.0,0.0,0.0,0.0
6760,0.0,513.3276951313019,0.0,0.0,0.0,0.0,0.0,0.0,0.0,0.0,0.0,0.0,0.0,1078.0917783975601,0.0,0.0,11100.035824626684,0.0,867.3070669174194,0.0,0.0,654.2851071149108,0.0,0.0,0.0,0.0,0.0,0.0,0.0,18299.37000092268,0.0,0.0,0.0,0.0,0.0,0.0,0.0
6761,0.0,506.1906092405319,0.0,0.0,0.0,0.0,0.0,0.0,0.0,0.0,0.0,0.0,0.0,1069.6553387880326,0.0,0.0,10931.231721252203,0.0,804.0227588772773,0.0,0.0,608.0202301561832,0.0,0.0,0.0,0.0,0.0,0.0,0.0,18059.674472403527,0.0,0.0,0.0,0.0,0.0,0.0,0.0
6762,0.0,499.0473510503769,0.0,0.0,0.0,0.0,0.0,0.0,0.0,0.0,0.0,0.0,0.0,1067.979600262642,0.0,0.0,10828.553604125977,0.0,740.8655531167984,0.0,0.0,561.9501406487068,0.0,0.0,0.0,0.0,0.0,0.0,0.0,17802.508723723888,0.0,0.0,0.0,0.0,0.0,0.0,0.0
6763,0.0,503.6196220993996,0.0,0.0,0.0,0.0,0.0,0.0,0.0,0.0,0.0,0.0,0.0,1076.5934056043625,0.0,0.0,10994.571375668047,0.0,667.1792514204978,0.0,0.0,519.7410207476462,0.0,0.0,0.0,0.0,0.0,0.0,0.0,17901.73951637745,0.0,0.0,0.0,0.0,0.0,0.0,0.0
6764,0.0,507.75528713464735,0.0,0.0,0.0,0.0,0.0,0.0,0.0,0.0,0.0,0.0,0.0,1085.6308980464935,0.0,0.0,11124.691205352543,0.0,600.9219712615013,0.0,0.0,480.1173475742337,0.0,0.0,0.0,0.0,0.0,0.0,0.0,17988.506251478197,0.0,0.0,0.0,0.0,0.0,0.0,0.0
6765,0.0,511.36411836147306,0.0,0.0,0.0,0.0,0.0,0.0,0.0,0.0,0.0,0.0,0.0,1091.3740327358246,0.0,0.0,11240.58456298709,0.0,533.4488605737685,0.0,0.0,450.0846951451151,0.0,0.0,0.0,0.0,0.0,0.0,0.0,18029.88917901516,0.0,0.0,0.0,0.0,0.0,0.0,0.0
6766,0.0,512.5702417731285,0.0,0.0,0.0,0.0,0.0,0.0,0.0,0.0,0.0,0.0,0.0,1093.1728871107102,0.0,0.0,11353.210087001322,0.0,475.3998740911482,0.0,0.0,429.4689771428697,0.0,0.0,0.0,0.0,0.0,0.0,0.0,18045.445746147634,0.0,0.0,0.0,0.0,0.0,0.0,0.0
6767,0.0,508.5132454991341,0.0,0.0,0.0,0.0,0.0,0.0,0.0,0.0,0.0,0.0,0.0,1088.853161740303,0.0,0.0,11479.952403336763,0.0,434.3365007221698,0.0,0.0,418.7054472059009,0.0,0.0,0.0,0.0,0.0,0.0,0.0,18060.03319194317,0.0,0.0,0.0,0.0,0.0,0.0,0.0
6768,0.0,525.9921312332153,0.0,0.0,0.0,0.0,0.0,0.0,0.0,0.0,0.0,0.0,0.0,1079.0911419391632,0.0,0.0,11923.93050020933,0.0,433.73617365360246,0.0,0.0,534.7679245982317,0.0,0.0,0.0,0.0,0.0,0.0,0.0,18381.6426166296,0.0,0.0,0.0,0.0,0.0,0.0,0.0
6769,0.0,539.4412910342216,0.0,0.0,0.0,0.0,0.0,0.0,0.0,0.0,0.0,0.0,0.0,1061.0014513015747,0.0,0.0,12356.42100676894,0.0,447.3606606483458,0.0,0.0,596.5661452118305,0.0,0.0,0.0,0.0,0.0,0.0,0.0,18689.627931058407,0.0,0.0,0.0,0.0,0.0,0.0,0.0
6770,0.0,551.670804476738,0.0,0.0,0.0,0.0,0.0,0.0,0.0,0.0,0.0,0.0,0.0,1038.2387385368347,0.0,0.0,12763.956652492283,0.0,466.2338967502116,0.0,0.0,599.2658833913504,0.0,0.0,0.0,0.0,0.0,0.0,0.0,18995.456588900088,0.0,0.0,0.0,0.0,0.0,0.0,0.0
6771,0.0,563.1083557963372,0.0,0.0,0.0,0.0,0.0,0.0,0.0,0.0,0.0,0.0,0.0,1006.8274287700654,0.0,0.0,13135.804381370544,0.0,482.1195771694183,0.0,0.0,557.2008766852318,0.0,0.0,0.0,0.0,0.0,0.0,0.0,19266.41857535839,0.0,0.0,0.0,0.0,0.0,0.0,0.0
6772,0.0,574.694322860241,0.0,0.0,0.0,0.0,0.0,0.0,0.0,0.0,0.0,0.0,0.0,990.9327511548996,0.0,0.0,13463.432510674,0.0,491.68820315003376,0.0,0.0,509.63428821042174,0.0,0.0,0.0,0.0,0.0,0.0,0.0,19589.01881812811,0.0,0.0,0.0,0.0,0.0,0.0,0.0
6773,0.0,584.9820870280266,0.0,0.0,0.0,0.0,0.0,0.0,0.0,0.0,0.0,0.0,0.0,963.3501380681992,0.0,0.0,13820.800181746483,0.0,493.7437149703502,0.0,0.0,533.3758774213493,0.0,0.0,0.0,0.0,0.0,0.0,0.0,19794.34525398016,0.0,0.0,0.0,0.0,0.0,0.0,0.0
6774,0.0,590.0010642170906,0.0,0.0,0.0,0.0,0.0,0.0,0.0,0.0,0.0,0.0,0.0,942.7689879417419,0.0,0.0,13727.542853236198,0.0,484.25526894927015,0.0,0.0,360.3319585941728,0.0,0.0,0.0,0.0,0.0,0.0,0.0,19563.45281867981,0.0,0.0,0.0,0.0,0.0,0.0,0.0
6775,0.0,594.5463454842568,0.0,0.0,0.0,0.0,0.0,0.0,0.0,0.0,0.0,0.0,0.0,932.9796190261841,0.0,0.0,13607.665243327618,0.0,474.1863555908202,0.0,0.0,266.151147335395,0.0,0.0,0.0,0.0,0.0,0.0,0.0,19328.458251869677,0.0,0.0,0.0,0.0,0.0,0.0,0.0
6776,0.0,596.0735967993736,0.0,0.0,0.0,0.0,0.0,0.0,0.0,0.0,0.0,0.0,0.0,927.8631825685501,0.0,0.0,13461.794315576553,0.0,451.50760965347285,0.0,0.0,213.30293136946787,0.0,0.0,0.0,0.0,0.0,0.0,0.0,19084.531857812406,0.0,0.0,0.0,0.0,0.0,0.0,0.0
6777,0.0,600.0198283553124,0.0,0.0,0.0,0.0,0.0,0.0,0.0,0.0,0.0,0.0,0.0,923.2717594385147,0.0,0.0,13265.360255002975,0.0,425.6718185663223,0.0,0.0,191.37929529547603,0.0,0.0,0.0,0.0,0.0,0.0,0.0,18849.168446314336,0.0,0.0,0.0,0.0,0.0,0.0,0.0
6778,0.0,605.1481674671173,0.0,0.0,0.0,0.0,0.0,0.0,0.0,0.0,0.0,0.0,0.0,898.8174366950989,0.0,0.0,13166.52870708704,0.0,375.3767528951168,0.0,0.0,206.23370231240915,0.0,0.0,0.0,0.0,0.0,0.0,0.0,18924.214599037172,0.0,0.0,0.0,0.0,0.0,0.0,0.0
6779,0.0,609.8028106570243,0.0,0.0,0.0,0.0,0.0,0.0,0.0,0.0,0.0,0.0,0.0,879.4272732496262,0.0,0.0,13116.286056876183,0.0,321.3864137172699,0.0,0.0,201.43539142124268,0.0,0.0,0.0,0.0,0.0,0.0,0.0,18983.83002575636,0.0,0.0,0.0,0.0,0.0,0.0,0.0
6780,0.0,614.1752675414085,0.0,0.0,0.0,0.0,0.0,0.0,0.0,0.0,0.0,0.0,0.0,863.4677647829055,0.0,0.0,13072.877776145935,0.0,270.47122052907946,0.0,0.0,203.40358861908217,0.0,0.0,0.0,0.0,0.0,0.0,0.0,18990.255155575276,0.0,0.0,0.0,0.0,0.0,0.0,0.0
6781,0.0,618.2717665314674,0.0,0.0,0.0,0.0,0.0,0.0,0.0,0.0,0.0,0.0,0.0,846.8316123247147,0.0,0.0,13013.672502994536,0.0,219.09691185355183,0.0,0.0,221.00310979261977,0.0,0.0,0.0,0.0,0.0,0.0,0.0,18917.76198667288,0.0,0.0,0.0,0.0,0.0,0.0,0.0
6782,0.0,621.5707483291626,0.0,0.0,0.0,0.0,0.0,0.0,0.0,0.0,0.0,0.0,0.0,828.3723051309586,0.0,0.0,12932.639408081768,0.0,176.90266017913814,0.0,0.0,221.48173363096944,0.0,0.0,0.0,0.0,0.0,0.0,0.0,18737.945138728617,0.0,0.0,0.0,0.0,0.0,0.0,0.0
6783,0.0,609.776213657856,0.0,0.0,0.0,0.0,0.0,0.0,0.0,0.0,0.0,0.0,0.0,823.4794140577317,0.0,0.0,12663.015520006418,0.0,151.03676826059814,0.0,0.0,252.97769509255875,0.0,0.0,0.0,0.0,0.0,0.0,0.0,17963.491349387168,0.0,0.0,0.0,0.0,0.0,0.0,0.0
6784,0.0,591.7052921891212,0.0,0.0,0.0,0.0,0.0,0.0,0.0,0.0,0.0,0.0,0.0,817.1106571674347,0.0,0.0,12281.870683908463,0.0,122.98312687128778,0.0,0.0,276.1529739439485,0.0,0.0,0.0,0.0,0.0,0.0,0.0,16909.667361152173,0.0,0.0,0.0,0.0,0.0,0.0,0.0
6785,0.0,574.462693297863,0.0,0.0,0.0,0.0,0.0,0.0,0.0,0.0,0.0,0.0,0.0,809.5641846418381,0.0,0.0,11726.787799686192,0.0,110.21434974968415,0.0,0.0,306.31210386715827,0.0,0.0,0.0,0.0,0.0,0.0,0.0,15652.991812598706,0.0,0.0,0.0,0.0,0.0,0.0,0.0
6786,0.0,557.561029779911,0.0,0.0,0.0,0.0,0.0,0.0,0.0,0.0,0.0,0.0,0.0,804.2803357362748,0.0,0.0,11059.52122184634,0.0,111.74838800877315,0.0,0.0,420.96047053411525,0.0,0.0,0.0,0.0,0.0,0.0,0.0,14279.519785547256,0.0,0.0,0.0,0.0,0.0,0.0,0.0
6787,0.0,529.6250905394554,0.0,0.0,0.0,0.0,0.0,0.0,0.0,0.0,0.0,0.0,0.0,803.8274164676666,0.0,0.0,10642.178963780401,0.0,121.11876496374592,0.0,0.0,522.1077620778227,0.0,0.0,0.0,0.0,0.0,0.0,0.0,13610.073909187317,0.0,0.0,0.0,0.0,0.0,0.0,0.0
6788,0.0,497.6207082152367,0.0,0.0,0.0,0.0,0.0,0.0,0.0,0.0,0.0,0.0,0.0,796.0120259284973,0.0,0.0,10208.399525940416,0.0,145.3922769576309,0.0,0.0,766.9716345191,0.0,0.0,0.0,0.0,0.0,0.0,0.0,12953.877512598037,0.0,0.0,0.0,0.0,0.0,0.0,0.0
6789,0.0,466.89744274020194,0.0,0.0,0.0,0.0,0.0,0.0,0.0,0.0,0.0,0.0,0.0,797.6503723859787,0.0,0.0,9759.49284210801,0.0,179.271288821101,0.0,0.0,1104.4736863777039,0.0,0.0,0.0,0.0,0.0,0.0,0.0,12319.8711017251,0.0,0.0,0.0,0.0,0.0,0.0,0.0
6790,0.0,437.2866781175136,0.0,0.0,0.0,0.0,0.0,0.0,0.0,0.0,0.0,0.0,0.0,799.5651690721512,0.0,0.0,9347.69524437189,0.0,213.92758685052382,0.0,0.0,1471.4285696938625,0.0,0.0,0.0,0.0,0.0,0.0,0.0,11711.931161916256,0.0,0.0,0.0,0.0,0.0,0.0,0.0
6791,0.0,414.04474450349807,0.0,0.0,0.0,0.0,0.0,0.0,0.0,0.0,0.0,0.0,0.0,797.2859566450119,0.0,0.0,9096.122617185114,0.0,237.52705363929257,0.0,0.0,1754.0496829167007,0.0,0.0,0.0,0.0,0.0,0.0,0.0,11220.036993181704,0.0,0.0,0.0,0.0,0.0,0.0,0.0
6792,0.0,415.68088079094883,0.0,0.0,0.0,0.0,0.0,0.0,0.0,0.0,0.0,0.0,0.0,785.1250159978866,0.0,0.0,9335.970403581858,0.0,266.7747317254542,0.0,0.0,2763.5200758755204,0.0,0.0,0.0,0.0,0.0,0.0,0.0,11797.282545930148,0.0,0.0,0.0,0.0,0.0,0.0,0.0
6793,0.0,431.3264252722263,0.0,0.0,0.0,0.0,0.0,0.0,0.0,0.0,0.0,0.0,0.0,764.8524176836014,0.0,0.0,9852.497362732887,0.0,278.4853334605694,0.0,0.0,3365.9289741933344,0.0,0.0,0.0,0.0,0.0,0.0,0.0,12648.731579041481,0.0,0.0,0.0,0.0,0.0,0.0,0.0
6794,0.0,447.7413749277591,0.0,0.0,0.0,0.0,0.0,0.0,0.0,0.0,0.0,0.0,0.0,740.5786887645721,0.0,0.0,10502.902043551207,0.0,279.9120624780653,0.0,0.0,3761.5472453624006,0.0,0.0,0.0,0.0,0.0,0.0,0.0,13584.565767729282,0.0,0.0,0.0,0.0,0.0,0.0,0.0
6795,0.0,460.21648977398866,0.0,0.0,0.0,0.0,0.0,0.0,0.0,0.0,0.0,0.0,0.0,717.0983083367348,0.0,0.0,11089.938288748264,0.0,279.3672240912913,0.0,0.0,4027.460007977485,0.0,0.0,0.0,0.0,0.0,0.0,0.0,14368.949434649945,0.0,0.0,0.0,0.0,0.0,0.0,0.0
6796,0.0,475.65770308971406,0.0,0.0,0.0,0.0,0.0,0.0,0.0,0.0,0.0,0.0,0.0,694.7027013897896,0.0,0.0,11573.907481610775,0.0,276.58751383423805,0.0,0.0,4244.049121347069,0.0,0.0,0.0,0.0,0.0,0.0,0.0,15166.008340787888,0.0,0.0,0.0,0.0,0.0,0.0,0.0
6797,0.0,503.10821903944014,0.0,0.0,0.0,0.0,0.0,0.0,0.0,0.0,0.0,0.0,0.0,662.3343967914581,0.0,0.0,12037.67615762353,0.0,256.8491048455238,0.0,0.0,4301.587222704291,0.0,0.0,0.0,0.0,0.0,0.0,0.0,15664.823771607877,0.0,0.0,0.0,0.0,0.0,0.0,0.0
6798,0.0,519.1851511359215,0.0,0.0,0.0,0.0,0.0,0.0,0.0,0.0,0.0,0.0,0.0,632.4356275558471,0.0,0.0,12006.223745197058,0.0,232.54165346026411,0.0,0.0,4207.589088544249,0.0,0.0,0.0,0.0,0.0,0.0,0.0,15570.762590384484,0.0,0.0,0.0,0.0,0.0,0.0,0.0
6799,0.0,530.2102245211602,0.0,0.0,0.0,0.0,0.0,0.0,0.0,0.0,0.0,0.0,0.0,602.6778183460235,0.0,0.0,11949.289853662252,0.0,210.47360907793035,0.0,0.0,4196.373085561395,0.0,0.0,0.0,0.0,0.0,0.0,0.0,15500.954032230376,0.0,0.0,0.0,0.0,0.0,0.0,0.0
6800,0.0,534.9641856193542,0.0,0.0,0.0,0.0,0.0,0.0,0.0,0.0,0.0,0.0,0.0,569.4961241841316,0.0,0.0,11858.678062438963,0.0,191.56195773482312,0.0,0.0,4269.217461463809,0.0,0.0,0.0,0.0,0.0,0.0,0.0,15334.803241586686,0.0,0.0,0.0,0.0,0.0,0.0,0.0
6801,0.0,519.3120760560035,0.0,0.0,0.0,0.0,0.0,0.0,0.0,0.0,0.0,0.0,0.0,537.9576186180115,0.0,0.0,11701.517901331186,0.0,184.47169282138347,0.0,0.0,4350.367117121816,0.0,0.0,0.0,0.0,0.0,0.0,0.0,15118.45196568966,0.0,0.0,0.0,0.0,0.0,0.0,0.0
6802,0.0,505.39241870641706,0.0,0.0,0.0,0.0,0.0,0.0,0.0,0.0,0.0,0.0,0.0,492.38870351314546,0.0,0.0,11556.053021937609,0.0,167.51538022160523,0.0,0.0,4171.748197513819,0.0,0.0,0.0,0.0,0.0,0.0,0.0,14867.86900985241,0.0,0.0,0.0,0.0,0.0,0.0,0.0
6803,0.0,492.0199637532234,0.0,0.0,0.0,0.0,0.0,0.0,0.0,0.0,0.0,0.0,0.0,449.3851353406906,0.0,0.0,11426.536041826008,0.0,148.05622276663766,0.0,0.0,3994.097197830677,0.0,0.0,0.0,0.0,0.0,0.0,0.0,14607.267943000794,0.0,0.0,0.0,0.0,0.0,0.0,0.0
6804,0.0,483.242505133152,0.0,0.0,0.0,0.0,0.0,0.0,0.0,0.0,0.0,0.0,0.0,410.3776314616203,0.0,0.0,11274.233681470154,0.0,130.44929648041716,0.0,0.0,3817.2385179609055,0.0,0.0,0.0,0.0,0.0,0.0,0.0,14313.077419900894,0.0,0.0,0.0,0.0,0.0,0.0,0.0
6805,0.0,473.34281026124955,0.0,0.0,0.0,0.0,0.0,0.0,0.0,0.0,0.0,0.0,0.0,375.9913881480694,0.0,0.0,11113.576992839575,0.0,112.02392695844173,0.0,0.0,3651.538619658351,0.0,0.0,0.0,0.0,0.0,0.0,0.0,13943.652705609798,0.0,0.0,0.0,0.0,0.0,0.0,0.0
6806,0.0,462.36644192934034,0.0,0.0,0.0,0.0,0.0,0.0,0.0,0.0,0.0,0.0,0.0,348.8290323138237,0.0,0.0,10923.05708104372,0.0,94.56399232447134,0.0,0.0,3476.819536319375,0.0,0.0,0.0,0.0,0.0,0.0,0.0,13536.095236384868,0.0,0.0,0.0,0.0,0.0,0.0,0.0
6807,0.0,442.6606186330318,0.0,0.0,0.0,0.0,0.0,0.0,0.0,0.0,0.0,0.0,0.0,338.2199969887733,0.0,0.0,10493.488255769014,0.0,92.58036828488095,0.0,0.0,3603.911328041553,0.0,0.0,0.0,0.0,0.0,0.0,0.0,12467.511674833298,0.0,0.0,0.0,0.0,0.0,0.0,0.0
6808,0.0,415.72773415446284,0.0,0.0,0.0,0.0,0.0,0.0,0.0,0.0,0.0,0.0,0.0,332.0817348480224,0.0,0.0,9976.055855453014,0.0,94.455504837632,0.0,0.0,3736.8905676394697,0.0,0.0,0.0,0.0,0.0,0.0,0.0,11201.786413377522,0.0,0.0,0.0,0.0,0.0,0.0,0.0
6809,0.0,395.6418655514717,0.0,0.0,0.0,0.0,0.0,0.0,0.0,0.0,0.0,0.0,0.0,312.43693321347223,0.0,0.0,9322.934851139784,0.0,80.71208917647587,0.0,0.0,3837.3901445478195,0.0,0.0,0.0,0.0,0.0,0.0,0.0,9902.440597003697,0.0,0.0,0.0,0.0,0.0,0.0,0.0
6810,0.0,378.5376103341579,0.0,0.0,0.0,0.0,0.0,0.0,0.0,0.0,0.0,0.0,0.0,300.9812410414218,0.0,0.0,8710.260774880646,0.0,76.17989102751004,0.0,0.0,3970.525910452008,0.0,0.0,0.0,0.0,0.0,0.0,0.0,8788.803741657732,0.0,0.0,0.0,0.0,0.0,0.0,0.0
6811,0.0,354.10950105786316,0.0,0.0,0.0,0.0,0.0,0.0,0.0,0.0,0.0,0.0,0.0,303.07707989811894,0.0,0.0,8482.259954929352,0.0,66.1545282810926,0.0,0.0,3826.056671145558,0.0,0.0,0.0,0.0,0.0,0.0,0.0,8470.98112243414,0.0,0.0,0.0,0.0,0.0,0.0,0.0
6812,0.0,322.10548346042634,0.0,0.0,0.0,0.0,0.0,0.0,0.0,0.0,0.0,0.0,0.0,303.6730215847492,0.0,0.0,8271.914459824562,0.0,60.520959830284085,0.0,0.0,3696.4531923115255,0.0,0.0,0.0,0.0,0.0,0.0,0.0,8190.454486960171,0.0,0.0,0.0,0.0,0.0,0.0,0.0
6813,0.0,293.05586501955986,0.0,0.0,0.0,0.0,0.0,0.0,0.0,0.0,0.0,0.0,0.0,302.5137553930282,0.0,0.0,8072.200897574423,0.0,58.433383436500996,0.0,0.0,3572.109845092892,0.0,0.0,0.0,0.0,0.0,0.0,0.0,7923.094883620739,0.0,0.0,0.0,0.0,0.0,0.0,0.0
6814,0.0,263.9499383747578,0.0,0.0,0.0,0.0,0.0,0.0,0.0,0.0,0.0,0.0,0.0,302.0271877467632,0.0,0.0,7883.585212558506,0.0,62.831802582740615,0.0,0.0,3449.34477956593,0.0,0.0,0.0,0.0,0.0,0.0,0.0,7678.976834970712,0.0,0.0,0.0,0.0,0.0,0.0,0.0
6815,0.0,235.54209879040712,0.0,0.0,0.0,0.0,0.0,0.0,0.0,0.0,0.0,0.0,0.0,303.0285688459872,0.0,0.0,7718.052054286001,0.0,74.7577193737029,0.0,0.0,3321.0222732692955,0.0,0.0,0.0,0.0,0.0,0.0,0.0,7447.364790916443,0.0,0.0,0.0,0.0,0.0,0.0,0.0
6816,0.0,280.55903490185733,0.0,0.0,0.0,0.0,0.0,0.0,0.0,0.0,0.0,0.0,0.0,306.1503133356571,0.0,0.0,8105.220718890427,0.0,112.07079740613686,0.0,0.0,3754.722456201911,0.0,0.0,0.0,0.0,0.0,0.0,0.0,7963.831248116492,0.0,0.0,0.0,0.0,0.0,0.0,0.0
6817,0.0,317.9605319201946,0.0,0.0,0.0,0.0,0.0,0.0,0.0,0.0,0.0,0.0,0.0,308.606981164217,0.0,0.0,8482.151053071022,0.0,148.07430401444432,0.0,0.0,4019.563149860501,0.0,0.0,0.0,0.0,0.0,0.0,0.0,8457.613033783437,0.0,0.0,0.0,0.0,0.0,0.0,0.0
6818,0.0,346.5453481614589,0.0,0.0,0.0,0.0,0.0,0.0,0.0,0.0,0.0,0.0,0.0,308.88912538886063,0.0,0.0,8841.241707116364,0.0,177.13912436664097,0.0,0.0,4191.8338226795195,0.0,0.0,0.0,0.0,0.0,0.0,0.0,8952.5244967103,0.0,0.0,0.0,0.0,0.0,0.0,0.0
6819,0.0,372.64194218516343,0.0,0.0,0.0,0.0,0.0,0.0,0.0,0.0,0.0,0.0,0.0,306.344514465332,0.0,0.0,9181.66347116232,0.0,193.90829605162136,0.0,0.0,4317.850215098261,0.0,0.0,0.0,0.0,0.0,0.0,0.0,9476.56673451066,0.0,0.0,0.0,0.0,0.0,0.0,0.0
6820,0.0,382.93761811852454,0.0,0.0,0.0,0.0,0.0,0.0,0.0,0.0,0.0,0.0,0.0,302.1857901930808,0.0,0.0,9459.58801445365,0.0,204.01897412836533,0.0,0.0,4395.859353590012,0.0,0.0,0.0,0.0,0.0,0.0,0.0,9929.547788667676,0.0,0.0,0.0,0.0,0.0,0.0,0.0
6821,0.0,394.1798442184925,0.0,0.0,0.0,0.0,0.0,0.0,0.0,0.0,0.0,0.0,0.0,298.23913364410396,0.0,0.0,9719.67054399848,0.0,198.3754609912633,0.0,0.0,4443.359789264202,0.0,0.0,0.0,0.0,0.0,0.0,0.0,10340.813955068588,0.0,0.0,0.0,0.0,0.0,0.0,0.0
6822,0.0,374.80937317013735,0.0,0.0,0.0,0.0,0.0,0.0,0.0,0.0,0.0,0.0,0.0,290.8388667941093,0.0,0.0,9423.695517688988,0.0,177.84779071509826,0.0,0.0,4456.093219417334,0.0,0.0,0.0,0.0,0.0,0.0,0.0,10051.612237179279,0.0,0.0,0.0,0.0,0.0,0.0,0.0
6823,0.0,364.0028552949428,0.0,0.0,0.0,0.0,0.0,0.0,0.0,0.0,0.0,0.0,0.0,279.93874273896216,0.0,0.0,9116.645950257778,0.0,154.02112267315388,0.0,0.0,4477.525818541645,0.0,0.0,0.0,0.0,0.0,0.0,0.0,9812.234204381704,0.0,0.0,0.0,0.0,0.0,0.0,0.0
6824,0.0,359.4320431530476,0.0,0.0,0.0,0.0,0.0,0.0,0.0,0.0,0.0,0.0,0.0,261.4060188651085,0.0,0.0,8826.880663484335,0.0,127.62054454386218,0.0,0.0,4502.381106045841,0.0,0.0,0.0,0.0,0.0,0.0,0.0,9623.314124894143,0.0,0.0,0.0,0.0,0.0,0.0,0.0
6825,0.0,353.64601748585693,0.0,0.0,0.0,0.0,0.0,0.0,0.0,0.0,0.0,0.0,0.0,238.0047939479351,0.0,0.0,8559.08010366559,0.0,105.95998034775252,0.0,0.0,4497.98504808247,0.0,0.0,0.0,0.0,0.0,0.0,0.0,9474.48167718649,0.0,0.0,0.0,0.0,0.0,0.0,0.0
6826,0.0,352.4524070084095,0.0,0.0,0.0,0.0,0.0,0.0,0.0,0.0,0.0,0.0,0.0,193.0998794734477,0.0,0.0,8266.456920981405,0.0,76.62269634008396,0.0,0.0,4422.796713450551,0.0,0.0,0.0,0.0,0.0,0.0,0.0,9163.622267091272,0.0,0.0,0.0,0.0,0.0,0.0,0.0
6827,0.0,355.1179986655712,0.0,0.0,0.0,0.0,0.0,0.0,0.0,0.0,0.0,0.0,0.0,148.8485415816306,0.0,0.0,8020.545634686947,0.0,55.79213552176947,0.0,0.0,4345.271686300635,0.0,0.0,0.0,0.0,0.0,0.0,0.0,8921.50755135417,0.0,0.0,0.0,0.0,0.0,0.0,0.0
6828,0.0,358.68250156044957,0.0,0.0,0.0,0.0,0.0,0.0,0.0,0.0,0.0,0.0,0.0,106.8713946402072,0.0,0.0,7818.290769785643,0.0,41.45422473549824,0.0,0.0,4271.093657827378,0.0,0.0,0.0,0.0,0.0,0.0,0.0,8738.832518690822,0.0,0.0,0.0,0.0,0.0,0.0,0.0
6829,0.0,359.7283415794372,0.0,0.0,0.0,0.0,0.0,0.0,0.0,0.0,0.0,0.0,0.0,71.63555781245218,0.0,0.0,7655.973327815531,0.0,28.81181812174615,0.0,0.0,4203.991102811694,0.0,0.0,0.0,0.0,0.0,0.0,0.0,8607.297440397737,0.0,0.0,0.0,0.0,0.0,0.0,0.0
6830,0.0,362.05224035382264,0.0,0.0,0.0,0.0,0.0,0.0,0.0,0.0,0.0,0.0,0.0,44.37067642509931,0.0,0.0,7525.824716925621,0.0,19.146503780037133,0.0,0.0,4130.881510189176,0.0,0.0,0.0,0.0,0.0,0.0,0.0,8502.995394897462,0.0,0.0,0.0,0.0,0.0,0.0,0.0
6831,0.0,333.77559018731114,0.0,0.0,0.0,0.0,0.0,0.0,0.0,0.0,0.0,0.0,0.0,29.315078607201443,0.0,0.0,7230.90137141943,0.0,21.1112147603183,0.0,0.0,4283.772288635372,0.0,0.0,0.0,0.0,0.0,0.0,0.0,7738.772344684601,0.0,0.0,0.0,0.0,0.0,0.0,0.0
6832,0.0,286.0682329416275,0.0,0.0,0.0,0.0,0.0,0.0,0.0,0.0,0.0,0.0,0.0,23.70633567273604,0.0,0.0,6950.231723427771,0.0,24.546285031363336,0.0,0.0,4412.509574505687,0.0,0.0,0.0,0.0,0.0,0.0,0.0,6612.382141834498,0.0,0.0,0.0,0.0,0.0,0.0,0.0
6833,0.0,237.30872309803956,0.0,0.0,0.0,0.0,0.0,0.0,0.0,0.0,0.0,0.0,0.0,23.745061570405873,0.0,0.0,6712.985913574696,0.0,32.61426192596543,0.0,0.0,4474.232408174872,0.0,0.0,0.0,0.0,0.0,0.0,0.0,5564.261866602301,0.0,0.0,0.0,0.0,0.0,0.0,0.0
6834,0.0,203.37793807983397,0.0,0.0,0.0,0.0,0.0,0.0,0.0,0.0,0.0,0.0,0.0,23.982634584605606,0.0,0.0,6478.107163399457,0.0,41.936771741509375,0.0,0.0,4566.552652993798,0.0,0.0,0.0,0.0,0.0,0.0,0.0,4653.221996417641,0.0,0.0,0.0,0.0,0.0,0.0,0.0
6835,0.0,214.08102785646915,0.0,0.0,0.0,0.0,0.0,0.0,0.0,0.0,0.0,0.0,0.0,26.010944106429747,0.0,0.0,6580.593146532772,0.0,42.552460460364735,0.0,0.0,4501.727752527595,0.0,0.0,0.0,0.0,0.0,0.0,0.0,4502.795922690629,0.0,0.0,0.0,0.0,0.0,0.0,0.0
6836,0.0,232.56657353639596,0.0,0.0,0.0,0.0,0.0,0.0,0.0,0.0,0.0,0.0,0.0,26.809745607525084,0.0,0.0,6683.422948390244,0.0,43.17288439124809,0.0,0.0,4435.432049748301,0.0,0.0,0.0,0.0,0.0,0.0,0.0,4380.368776902555,0.0,0.0,0.0,0.0,0.0,0.0,0.0
6837,0.0,254.33826543688775,0.0,0.0,0.0,0.0,0.0,0.0,0.0,0.0,0.0,0.0,0.0,26.665128758549603,0.0,0.0,6780.141800254583,0.0,49.84336794167748,0.0,0.0,4353.005357417464,0.0,0.0,0.0,0.0,0.0,0.0,0.0,4240.9187255412335,0.0,0.0,0.0,0.0,0.0,0.0,0.0
6838,0.0,278.9098245620727,0.0,0.0,0.0,0.0,0.0,0.0,0.0,0.0,0.0,0.0,0.0,27.48474472910163,0.0,0.0,6874.6833928227425,0.0,59.58564059436311,0.0,0.0,4273.995298290252,0.0,0.0,0.0,0.0,0.0,0.0,0.0,4141.798947906494,0.0,0.0,0.0,0.0,0.0,0.0,0.0
6839,0.0,303.3380741178989,0.0,0.0,0.0,0.0,0.0,0.0,0.0,0.0,0.0,0.0,0.0,31.127725230157353,0.0,0.0,6968.871832221746,0.0,71.67923872768876,0.0,0.0,4211.80894087851,0.0,0.0,0.0,0.0,0.0,0.0,0.0,4136.68755607903,0.0,0.0,0.0,0.0,0.0,0.0,0.0
6840,0.0,338.01450095772736,0.0,0.0,0.0,0.0,0.0,0.0,0.0,0.0,0.0,0.0,0.0,35.76085015535344,0.0,0.0,7304.160429388283,0.0,109.11515808999529,0.0,0.0,4208.586981591582,0.0,0.0,0.0,0.0,0.0,0.0,0.0,4607.441500008105,0.0,0.0,0.0,0.0,0.0,0.0,0.0
6841,0.0,365.9696865499019,0.0,0.0,0.0,0.0,0.0,0.0,0.0,0.0,0.0,0.0,0.0,44.32469572648405,0.0,0.0,7649.008276104927,0.0,143.65664019584648,0.0,0.0,4196.974667322635,0.0,0.0,0.0,0.0,0.0,0.0,0.0,5314.817989948392,0.0,0.0,0.0,0.0,0.0,0.0,0.0
6842,0.0,384.28963224291795,0.0,0.0,0.0,0.0,0.0,0.0,0.0,0.0,0.0,0.0,0.0,54.9889700978993,0.0,0.0,8011.947832971811,0.0,176.24128666818143,0.0,0.0,4208.6348174840205,0.0,0.0,0.0,0.0,0.0,0.0,0.0,6206.6645566999905,0.0,0.0,0.0,0.0,0.0,0.0,0.0
6843,0.0,395.7872793138027,0.0,0.0,0.0,0.0,0.0,0.0,0.0,0.0,0.0,0.0,0.0,63.940637880563685,0.0,0.0,8392.100884288548,0.0,207.51102626621707,0.0,0.0,4259.173135086894,0.0,0.0,0.0,0.0,0.0,0.0,0.0,7191.34029109478,0.0,0.0,0.0,0.0,0.0,0.0,0.0
6844,0.0,400.4285117805004,0.0,0.0,0.0,0.0,0.0,0.0,0.0,0.0,0.0,0.0,0.0,76.74781344234934,0.0,0.0,8792.744598120451,0.0,236.76389159560188,0.0,0.0,4323.834848552942,0.0,0.0,0.0,0.0,0.0,0.0,0.0,8280.129309296606,0.0,0.0,0.0,0.0,0.0,0.0,0.0
6845,0.0,400.5815848052501,0.0,0.0,0.0,0.0,0.0,0.0,0.0,0.0,0.0,0.0,0.0,86.0621259987353,0.0,0.0,9166.554894059896,0.0,263.7540369689464,0.0,0.0,4310.298199269176,0.0,0.0,0.0,0.0,0.0,0.0,0.0,9315.189228063822,0.0,0.0,0.0,0.0,0.0,0.0,0.0
6846,0.0,368.4015163958073,0.0,0.0,0.0,0.0,0.0,0.0,0.0,0.0,0.0,0.0,0.0,99.31519300341601,0.0,0.0,9037.206711828709,0.0,283.0072164058684,0.0,0.0,4213.8779946058985,0.0,0.0,0.0,0.0,0.0,0.0,0.0,9414.767891883848,0.0,0.0,0.0,0.0,0.0,0.0,0.0
6847,0.0,342.5154819488525,0.0,0.0,0.0,0.0,0.0,0.0,0.0,0.0,0.0,0.0,0.0,112.8362252861261,0.0,0.0,8933.26455527544,0.0,300.6095482766628,0.0,0.0,4152.468819066881,0.0,0.0,0.0,0.0,0.0,0.0,0.0,9352.127938723563,0.0,0.0,0.0,0.0,0.0,0.0,0.0
6848,0.0,327.528325420618,0.0,0.0,0.0,0.0,0.0,0.0,0.0,0.0,0.0,0.0,0.0,118.10414669513692,0.0,0.0,8863.011966466904,0.0,314.3133259892462,0.0,0.0,4081.866674932837,0.0,0.0,0.0,0.0,0.0,0.0,0.0,9245.27580230236,0.0,0.0,0.0,0.0,0.0,0.0,0.0
6849,0.0,316.6045899689197,0.0,0.0,0.0,0.0,0.0,0.0,0.0,0.0,0.0,0.0,0.0,114.98780477643007,0.0,0.0,8764.063737988472,0.0,320.36568281650534,0.0,0.0,4071.4983966261143,0.0,0.0,0.0,0.0,0.0,0.0,0.0,9350.189696049689,0.0,0.0,0.0,0.0,0.0,0.0,0.0
6850,0.0,319.51280910372736,0.0,0.0,0.0,0.0,0.0,0.0,0.0,0.0,0.0,0.0,0.0,95.54978038072582,0.0,0.0,8630.497942358255,0.0,302.8478585481643,0.0,0.0,3847.969445747137,0.0,0.0,0.0,0.0,0.0,0.0,0.0,9259.757657265664,0.0,0.0,0.0,0.0,0.0,0.0,0.0
6851,0.0,332.65234392285345,0.0,0.0,0.0,0.0,0.0,0.0,0.0,0.0,0.0,0.0,0.0,79.17453174889079,0.0,0.0,8569.30443242192,0.0,301.9181267142296,0.0,0.0,3611.2535320132965,0.0,0.0,0.0,0.0,0.0,0.0,0.0,9341.829216456414,0.0,0.0,0.0,0.0,0.0,0.0,0.0
6852,0.0,346.95221491456033,0.0,0.0,0.0,0.0,0.0,0.0,0.0,0.0,0.0,0.0,0.0,66.00016070008276,0.0,0.0,8549.737102091312,0.0,311.6506992220878,0.0,0.0,3388.5187175005676,0.0,0.0,0.0,0.0,0.0,0.0,0.0,9597.639641714097,0.0,0.0,0.0,0.0,0.0,0.0,0.0
6853,0.0,359.46618719100945,0.0,0.0,0.0,0.0,0.0,0.0,0.0,0.0,0.0,0.0,0.0,52.563664081692686,0.0,0.0,8556.654703706501,0.0,318.17711079716685,0.0,0.0,3205.5827599793674,0.0,0.0,0.0,0.0,0.0,0.0,0.0,10028.790876144169,0.0,0.0,0.0,0.0,0.0,0.0,0.0
6854,0.0,370.1915393292903,0.0,0.0,0.0,0.0,0.0,0.0,0.0,0.0,0.0,0.0,0.0,40.36862671077238,0.0,0.0,8572.005976378916,0.0,332.9817697286605,0.0,0.0,3038.164099895954,0.0,0.0,0.0,0.0,0.0,0.0,0.0,10542.720260471104,0.0,0.0,0.0,0.0,0.0,0.0,0.0
6855,0.0,364.66031740307807,0.0,0.0,0.0,0.0,0.0,0.0,0.0,0.0,0.0,0.0,0.0,38.52784076333034,0.0,0.0,8516.50570002198,0.0,367.93999495506273,0.0,0.0,3286.480520305037,0.0,0.0,0.0,0.0,0.0,0.0,0.0,10977.805115014315,0.0,0.0,0.0,0.0,0.0,0.0,0.0
6856,0.0,359.8152307212352,0.0,0.0,0.0,0.0,0.0,0.0,0.0,0.0,0.0,0.0,0.0,38.97174267023794,0.0,0.0,8446.0967592597,0.0,416.1001098811625,0.0,0.0,3539.326818072796,0.0,0.0,0.0,0.0,0.0,0.0,0.0,11214.810970211027,0.0,0.0,0.0,0.0,0.0,0.0,0.0
6857,0.0,355.9201450824737,0.0,0.0,0.0,0.0,0.0,0.0,0.0,0.0,0.0,0.0,0.0,35.98050053268657,0.0,0.0,8212.985330671072,0.0,474.18887510895723,0.0,0.0,3735.1324472129345,0.0,0.0,0.0,0.0,0.0,0.0,0.0,11312.01528675556,0.0,0.0,0.0,0.0,0.0,0.0,0.0
6858,0.0,352.2805926382542,0.0,0.0,0.0,0.0,0.0,0.0,0.0,0.0,0.0,0.0,0.0,40.02572037577615,0.0,0.0,7914.896052569151,0.0,548.7581641674042,0.0,0.0,3967.6936017572875,0.0,0.0,0.0,0.0,0.0,0.0,0.0,11188.9925652802,0.0,0.0,0.0,0.0,0.0,0.0,0.0
6859,0.0,372.40921844244,0.0,0.0,0.0,0.0,0.0,0.0,0.0,0.0,0.0,0.0,0.0,56.525093635916704,0.0,0.0,7863.040876984594,0.0,608.1598651170731,0.0,0.0,4142.17047804594,0.0,0.0,0.0,0.0,0.0,0.0,0.0,11414.750827169417,0.0,0.0,0.0,0.0,0.0,0.0,0.0
6860,0.0,392.30862749218943,0.0,0.0,0.0,0.0,0.0,0.0,0.0,0.0,0.0,0.0,0.0,72.22445486038912,0.0,0.0,7740.119460135698,0.0,660.6544701218605,0.0,0.0,4322.387358668446,0.0,0.0,0.0,0.0,0.0,0.0,0.0,11472.857606792448,0.0,0.0,0.0,0.0,0.0,0.0,0.0
6861,0.0,410.7677304804325,0.0,0.0,0.0,0.0,0.0,0.0,0.0,0.0,0.0,0.0,0.0,89.87901436239474,0.0,0.0,7600.894657224417,0.0,720.6698664069175,0.0,0.0,4410.20406614542,0.0,0.0,0.0,0.0,0.0,0.0,0.0,11528.275436317921,0.0,0.0,0.0,0.0,0.0,0.0,0.0
6862,0.0,427.0650136649609,0.0,0.0,0.0,0.0,0.0,0.0,0.0,0.0,0.0,0.0,0.0,113.04365262687206,0.0,0.0,7443.794392138718,0.0,780.2396340370177,0.0,0.0,4388.772678056359,0.0,0.0,0.0,0.0,0.0,0.0,0.0,11381.189576691388,0.0,0.0,0.0,0.0,0.0,0.0,0.0
6863,0.0,441.2638833940029,0.0,0.0,0.0,0.0,0.0,0.0,0.0,0.0,0.0,0.0,0.0,146.84813320040703,0.0,0.0,7277.299008160828,0.0,837.054590177536,0.0,0.0,4295.849943199753,0.0,0.0,0.0,0.0,0.0,0.0,0.0,10893.034480577706,0.0,0.0,0.0,0.0,0.0,0.0,0.0
6864,0.0,480.7344193339348,0.0,0.0,0.0,0.0,0.0,0.0,0.0,0.0,0.0,0.0,0.0,188.4014137029647,0.0,0.0,7578.353528290985,0.0,908.4996471047401,0.0,0.0,4523.963268023729,0.0,0.0,0.0,0.0,0.0,0.0,0.0,11178.809558993577,0.0,0.0,0.0,0.0,0.0,0.0,0.0
6865,0.0,511.9971157193184,0.0,0.0,0.0,0.0,0.0,0.0,0.0,0.0,0.0,0.0,0.0,237.31611186265945,0.0,0.0,7838.9774556458,0.0,971.5861877918243,0.0,0.0,4426.007167902588,0.0,0.0,0.0,0.0,0.0,0.0,0.0,11183.080925124883,0.0,0.0,0.0,0.0,0.0,0.0,0.0
6866,0.0,537.7964293599128,0.0,0.0,0.0,0.0,0.0,0.0,0.0,0.0,0.0,0.0,0.0,288.1052107214927,0.0,0.0,8073.6345127522945,0.0,1026.5244882583618,0.0,0.0,3873.3021838992836,0.0,0.0,0.0,0.0,0.0,0.0,0.0,11136.58841382265,0.0,0.0,0.0,0.0,0.0,0.0,0.0
6867,0.0,556.9412186980247,0.0,0.0,0.0,0.0,0.0,0.0,0.0,0.0,0.0,0.0,0.0,334.59704635143277,0.0,0.0,8286.942138403654,0.0,1074.1666198968887,0.0,0.0,3394.90602017641,0.0,0.0,0.0,0.0,0.0,0.0,0.0,11189.423607307672,0.0,0.0,0.0,0.0,0.0,0.0,0.0
6868,0.0,569.3895120978356,0.0,0.0,0.0,0.0,0.0,0.0,0.0,0.0,0.0,0.0,0.0,380.1440821647644,0.0,0.0,8502.778620779514,0.0,1113.2672886371613,0.0,0.0,3283.8065544694664,0.0,0.0,0.0,0.0,0.0,0.0,0.0,11393.514051842687,0.0,0.0,0.0,0.0,0.0,0.0,0.0
6869,0.0,578.4074659466744,0.0,0.0,0.0,0.0,0.0,0.0,0.0,0.0,0.0,0.0,0.0,406.4975543141365,0.0,0.0,8683.597710609434,0.0,1126.3315533638001,0.0,0.0,3237.9743198543783,0.0,0.0,0.0,0.0,0.0,0.0,0.0,11744.62960511446,0.0,0.0,0.0,0.0,0.0,0.0,0.0
6870,0.0,580.4398357987404,0.0,0.0,0.0,0.0,0.0,0.0,0.0,0.0,0.0,0.0,0.0,436.6079877614975,0.0,0.0,8417.219875782728,0.0,1121.2817276239396,0.0,0.0,3077.8687988966703,0.0,0.0,0.0,0.0,0.0,0.0,0.0,11417.955436605214,0.0,0.0,0.0,0.0,0.0,0.0,0.0
6871,0.0,582.2933211922646,0.0,0.0,0.0,0.0,0.0,0.0,0.0,0.0,0.0,0.0,0.0,468.15093195438385,0.0,0.0,8144.243366211651,0.0,1101.6320945978164,0.0,0.0,2945.8526350826023,0.0,0.0,0.0,0.0,0.0,0.0,0.0,11164.203309351204,0.0,0.0,0.0,0.0,0.0,0.0,0.0
6872,0.0,577.4669197440147,0.0,0.0,0.0,0.0,0.0,0.0,0.0,0.0,0.0,0.0,0.0,493.0374155402184,0.0,0.0,7885.532222211361,0.0,1061.4631501674653,0.0,0.0,2816.269441089034,0.0,0.0,0.0,0.0,0.0,0.0,0.0,10933.674656164647,0.0,0.0,0.0,0.0,0.0,0.0,0.0
6873,0.0,572.8828091025352,0.0,0.0,0.0,0.0,0.0,0.0,0.0,0.0,0.0,0.0,0.0,520.3269895911216,0.0,0.0,7660.697334855795,0.0,1013.8545725822448,0.0,0.0,2716.985440814495,0.0,0.0,0.0,0.0,0.0,0.0,0.0,10811.403365337848,0.0,0.0,0.0,0.0,0.0,0.0,0.0
6874,0.0,569.2903064131737,0.0,0.0,0.0,0.0,0.0,0.0,0.0,0.0,0.0,0.0,0.0,538.3881654143332,0.0,0.0,7450.504302352665,0.0,970.1996821403503,0.0,0.0,2464.2538886368275,0.0,0.0,0.0,0.0,0.0,0.0,0.0,10593.118909341098,0.0,0.0,0.0,0.0,0.0,0.0,0.0
6875,0.0,566.0144426822662,0.0,0.0,0.0,0.0,0.0,0.0,0.0,0.0,0.0,0.0,0.0,557.9853302717207,0.0,0.0,7268.82488784194,0.0,937.9135689258576,0.0,0.0,2241.503633424639,0.0,0.0,0.0,0.0,0.0,0.0,0.0,10409.957146334646,0.0,0.0,0.0,0.0,0.0,0.0,0.0
6876,0.0,563.9803894758224,0.0,0.0,0.0,0.0,0.0,0.0,0.0,0.0,0.0,0.0,0.0,579.206898021698,0.0,0.0,7118.6157767772675,0.0,922.5289169192314,0.0,0.0,2078.288325320184,0.0,0.0,0.0,0.0,0.0,0.0,0.0,10253.901128542424,0.0,0.0,0.0,0.0,0.0,0.0,0.0
6877,0.0,563.3261818528175,0.0,0.0,0.0,0.0,0.0,0.0,0.0,0.0,0.0,0.0,0.0,605.1922779917717,0.0,0.0,7015.753304362297,0.0,918.5033790469168,0.0,0.0,1952.1518890321245,0.0,0.0,0.0,0.0,0.0,0.0,0.0,10143.428528380393,0.0,0.0,0.0,0.0,0.0,0.0,0.0
6878,0.0,564.1641556620598,0.0,0.0,0.0,0.0,0.0,0.0,0.0,0.0,0.0,0.0,0.0,635.3188070654869,0.0,0.0,6950.195163518189,0.0,929.8550828337669,0.0,0.0,1824.198142969608,0.0,0.0,0.0,0.0,0.0,0.0,0.0,10072.747037798166,0.0,0.0,0.0,0.0,0.0,0.0,0.0
6879,0.0,558.8238822340966,0.0,0.0,0.0,0.0,0.0,0.0,0.0,0.0,0.0,0.0,0.0,666.5762892723084,0.0,0.0,6642.226153254509,0.0,961.924221074581,0.0,0.0,2057.282767501473,0.0,0.0,0.0,0.0,0.0,0.0,0.0,9442.04214849472,0.0,0.0,0.0,0.0,0.0,0.0,0.0
6880,0.0,558.0348940372467,0.0,0.0,0.0,0.0,0.0,0.0,0.0,0.0,0.0,0.0,0.0,693.930111324787,0.0,0.0,6357.655096188188,0.0,1001.5264814138412,0.0,0.0,2231.9475056335327,0.0,0.0,0.0,0.0,0.0,0.0,0.0,9158.3694848001,0.0,0.0,0.0,0.0,0.0,0.0,0.0
6881,0.0,558.3325672030448,0.0,0.0,0.0,0.0,0.0,0.0,0.0,0.0,0.0,0.0,0.0,717.2970153450966,0.0,0.0,6155.764663577078,0.0,1023.5327234983445,0.0,0.0,2236.0306623637675,0.0,0.0,0.0,0.0,0.0,0.0,0.0,8914.455385565756,0.0,0.0,0.0,0.0,0.0,0.0,0.0
6882,0.0,561.463269674778,0.0,0.0,0.0,0.0,0.0,0.0,0.0,0.0,0.0,0.0,0.0,747.1886110424995,0.0,0.0,5980.9942941069585,0.0,1042.1514289855957,0.0,0.0,2274.646035155654,0.0,0.0,0.0,0.0,0.0,0.0,0.0,8937.627510666847,0.0,0.0,0.0,0.0,0.0,0.0,0.0
6883,0.0,575.0638752579689,0.0,0.0,0.0,0.0,0.0,0.0,0.0,0.0,0.0,0.0,0.0,796.3503479242324,0.0,0.0,6145.421320647001,0.0,1043.9135503292084,0.0,0.0,2163.2327599391338,0.0,0.0,0.0,0.0,0.0,0.0,0.0,9790.860016328095,0.0,0.0,0.0,0.0,0.0,0.0,0.0
6884,0.0,586.4892503142357,0.0,0.0,0.0,0.0,0.0,0.0,0.0,0.0,0.0,0.0,0.0,852.136981844902,0.0,0.0,6363.346385091541,0.0,1041.4464381694793,0.0,0.0,2055.002539502084,0.0,0.0,0.0,0.0,0.0,0.0,0.0,10759.659518194198,0.0,0.0,0.0,0.0,0.0,0.0,0.0
6885,0.0,596.4365280032158,0.0,0.0,0.0,0.0,0.0,0.0,0.0,0.0,0.0,0.0,0.0,909.6657095193863,0.0,0.0,6622.150095671415,0.0,1032.3499698877336,0.0,0.0,1930.4283386886116,0.0,0.0,0.0,0.0,0.0,0.0,0.0,11734.73733522892,0.0,0.0,0.0,0.0,0.0,0.0,0.0
6886,0.0,606.1376431703568,0.0,0.0,0.0,0.0,0.0,0.0,0.0,0.0,0.0,0.0,0.0,960.5171284914016,0.0,0.0,6916.173445105553,0.0,1016.8105305433273,0.0,0.0,1811.052355313301,0.0,0.0,0.0,0.0,0.0,0.0,0.0,12522.080438351632,0.0,0.0,0.0,0.0,0.0,0.0,0.0
6887,0.0,618.7690294146538,0.0,0.0,0.0,0.0,0.0,0.0,0.0,0.0,0.0,0.0,0.0,995.5796795368194,0.0,0.0,7228.987810194492,0.0,994.0985269665719,0.0,0.0,1723.9189744770526,0.0,0.0,0.0,0.0,0.0,0.0,0.0,12943.574450981618,0.0,0.0,0.0,0.0,0.0,0.0,0.0
6888,0.0,629.0465812325477,0.0,0.0,0.0,0.0,0.0,0.0,0.0,0.0,0.0,0.0,0.0,1017.4587917327881,0.0,0.0,8047.162804603575,0.0,987.6958089113234,0.0,0.0,2602.34581630826,0.0,0.0,0.0,0.0,0.0,0.0,0.0,13900.461715877056,0.0,0.0,0.0,0.0,0.0,0.0,0.0
6889,0.0,629.755553984642,0.0,0.0,0.0,0.0,0.0,0.0,0.0,0.0,0.0,0.0,0.0,1023.3494323015213,0.0,0.0,8873.406648844479,0.0,974.618146276474,0.0,0.0,3392.9283996105196,0.0,0.0,0.0,0.0,0.0,0.0,0.0,14343.632224559784,0.0,0.0,0.0,0.0,0.0,0.0,0.0
6890,0.0,625.7897394061089,0.0,0.0,0.0,0.0,0.0,0.0,0.0,0.0,0.0,0.0,0.0,1021.0427810907364,0.0,0.0,9780.35454881191,0.0,958.1380077838897,0.0,0.0,3957.485482862591,0.0,0.0,0.0,0.0,0.0,0.0,0.0,14546.871433413029,0.0,0.0,0.0,0.0,0.0,0.0,0.0
6891,0.0,611.9912835717201,0.0,0.0,0.0,0.0,0.0,0.0,0.0,0.0,0.0,0.0,0.0,1017.8605995416641,0.0,0.0,10656.029724419115,0.0,939.312168264389,0.0,0.0,4326.337150141597,0.0,0.0,0.0,0.0,0.0,0.0,0.0,14696.811861634254,0.0,0.0,0.0,0.0,0.0,0.0,0.0
6892,0.0,618.7822718024254,0.0,0.0,0.0,0.0,0.0,0.0,0.0,0.0,0.0,0.0,0.0,1012.5194519996643,0.0,0.0,11422.241419255733,0.0,924.4257880210877,0.0,0.0,4558.791128066181,0.0,0.0,0.0,0.0,0.0,0.0,0.0,14796.543125903607,0.0,0.0,0.0,0.0,0.0,0.0,0.0
6893,0.0,623.9564542651176,0.0,0.0,0.0,0.0,0.0,0.0,0.0,0.0,0.0,0.0,0.0,999.5985646486282,0.0,0.0,12040.96421587467,0.0,910.4675389766692,0.0,0.0,4714.917792704701,0.0,0.0,0.0,0.0,0.0,0.0,0.0,14820.95485844612,0.0,0.0,0.0,0.0,0.0,0.0,0.0
6894,0.0,617.1148531794548,0.0,0.0,0.0,0.0,0.0,0.0,0.0,0.0,0.0,0.0,0.0,989.4109746932984,0.0,0.0,12009.820618003607,0.0,884.7512026906012,0.0,0.0,4790.9005664616825,0.0,0.0,0.0,0.0,0.0,0.0,0.0,14361.675238823891,0.0,0.0,0.0,0.0,0.0,0.0,0.0
6895,0.0,603.4442200541496,0.0,0.0,0.0,0.0,0.0,0.0,0.0,0.0,0.0,0.0,0.0,977.9659531593322,0.0,0.0,11973.538408160208,0.0,859.7203531861305,0.0,0.0,4819.224864444136,0.0,0.0,0.0,0.0,0.0,0.0,0.0,13898.7129581213,0.0,0.0,0.0,0.0,0.0,0.0,0.0
6896,0.0,588.7749650001526,0.0,0.0,0.0,0.0,0.0,0.0,0.0,0.0,0.0,0.0,0.0,967.6671733617783,0.0,0.0,11933.099258810282,0.0,837.9155539870262,0.0,0.0,4763.374643468856,0.0,0.0,0.0,0.0,0.0,0.0,0.0,13392.118520510197,0.0,0.0,0.0,0.0,0.0,0.0,0.0
6897,0.0,573.8964128851891,0.0,0.0,0.0,0.0,0.0,0.0,0.0,0.0,0.0,0.0,0.0,970.8668404102325,0.0,0.0,11856.106422841547,0.0,828.7665611624717,0.0,0.0,4749.526758125425,0.0,0.0,0.0,0.0,0.0,0.0,0.0,12839.525534188748,0.0,0.0,0.0,0.0,0.0,0.0,0.0
6898,0.0,554.217663538456,0.0,0.0,0.0,0.0,0.0,0.0,0.0,0.0,0.0,0.0,0.0,963.1405810832978,0.0,0.0,11790.895212203262,0.0,813.3491257786751,0.0,0.0,4557.61824042499,0.0,0.0,0.0,0.0,0.0,0.0,0.0,12094.9358697474,0.0,0.0,0.0,0.0,0.0,0.0,0.0
6899,0.0,537.4799026250839,0.0,0.0,0.0,0.0,0.0,0.0,0.0,0.0,0.0,0.0,0.0,959.6512824296951,0.0,0.0,11707.579067617655,0.0,800.234589254856,0.0,0.0,4350.961735430359,0.0,0.0,0.0,0.0,0.0,0.0,0.0,11366.80463386178,0.0,0.0,0.0,0.0,0.0,0.0,0.0
6900,0.0,524.0549831271171,0.0,0.0,0.0,0.0,0.0,0.0,0.0,0.0,0.0,0.0,0.0,959.6849980592727,0.0,0.0,11615.087163597345,0.0,783.6903067946433,0.0,0.0,4138.132583758235,0.0,0.0,0.0,0.0,0.0,0.0,0.0,10675.260621345042,0.0,0.0,0.0,0.0,0.0,0.0,0.0
6901,0.0,510.9912553668022,0.0,0.0,0.0,0.0,0.0,0.0,0.0,0.0,0.0,0.0,0.0,958.6005384206771,0.0,0.0,11508.8930721879,0.0,770.3119619011878,0.0,0.0,3939.8437268346543,0.0,0.0,0.0,0.0,0.0,0.0,0.0,10013.689217460156,0.0,0.0,0.0,0.0,0.0,0.0,0.0
6902,0.0,491.2643620848656,0.0,0.0,0.0,0.0,0.0,0.0,0.0,0.0,0.0,0.0,0.0,955.8485001564026,0.0,0.0,11390.806897848843,0.0,758.0991164565086,0.0,0.0,3753.7000396907324,0.0,0.0,0.0,0.0,0.0,0.0,0.0,9401.430178678034,0.0,0.0,0.0,0.0,0.0,0.0,0.0
6903,0.0,463.6588372528553,0.0,0.0,0.0,0.0,0.0,0.0,0.0,0.0,0.0,0.0,0.0,961.9433175563812,0.0,0.0,11010.76819348335,0.0,770.7542707204817,0.0,0.0,3925.5286846429103,0.0,0.0,0.0,0.0,0.0,0.0,0.0,8236.418320876359,0.0,0.0,0.0,0.0,0.0,0.0,0.0
6904,0.0,436.93300536274904,0.0,0.0,0.0,0.0,0.0,0.0,0.0,0.0,0.0,0.0,0.0,964.0928682804108,0.0,0.0,10658.255211681126,0.0,769.2159418702124,0.0,0.0,4084.5987704604863,0.0,0.0,0.0,0.0,0.0,0.0,0.0,7362.4097341358665,0.0,0.0,0.0,0.0,0.0,0.0,0.0
6905,0.0,410.1064808249473,0.0,0.0,0.0,0.0,0.0,0.0,0.0,0.0,0.0,0.0,0.0,944.9460671186447,0.0,0.0,10308.8459328413,0.0,736.8069947361946,0.0,0.0,4228.482776981592,0.0,0.0,0.0,0.0,0.0,0.0,0.0,6702.853234761952,0.0,0.0,0.0,0.0,0.0,0.0,0.0
6906,0.0,386.1317830502987,0.0,0.0,0.0,0.0,0.0,0.0,0.0,0.0,0.0,0.0,0.0,927.5444084644317,0.0,0.0,10134.481611728666,0.0,711.7309717535973,0.0,0.0,4378.695653727651,0.0,0.0,0.0,0.0,0.0,0.0,0.0,6166.071390730142,0.0,0.0,0.0,0.0,0.0,0.0,0.0
6907,0.0,381.17845668196674,0.0,0.0,0.0,0.0,0.0,0.0,0.0,0.0,0.0,0.0,0.0,919.3582356691361,0.0,0.0,10416.780898243189,0.0,675.2925740838051,0.0,0.0,4248.386444100737,0.0,0.0,0.0,0.0,0.0,0.0,0.0,6115.078974235057,0.0,0.0,0.0,0.0,0.0,0.0,0.0
6908,0.0,381.14936270713804,0.0,0.0,0.0,0.0,0.0,0.0,0.0,0.0,0.0,0.0,0.0,913.4638289928437,0.0,0.0,10726.284646838902,0.0,636.9360820770263,0.0,0.0,4121.062436369061,0.0,0.0,0.0,0.0,0.0,0.0,0.0,6023.2615981966255,0.0,0.0,0.0,0.0,0.0,0.0,0.0
6909,0.0,383.1581936538219,0.0,0.0,0.0,0.0,0.0,0.0,0.0,0.0,0.0,0.0,0.0,905.3439217567444,0.0,0.0,10989.98271808028,0.0,593.0369465827941,0.0,0.0,3997.6194938600065,0.0,0.0,0.0,0.0,0.0,0.0,0.0,5930.238244673609,0.0,0.0,0.0,0.0,0.0,0.0,0.0
6910,0.0,382.23077761530874,0.0,0.0,0.0,0.0,0.0,0.0,0.0,0.0,0.0,0.0,0.0,894.29452085495,0.0,0.0,11172.38399633765,0.0,550.723803293705,0.0,0.0,3873.2706969827414,0.0,0.0,0.0,0.0,0.0,0.0,0.0,5782.899256339669,0.0,0.0,0.0,0.0,0.0,0.0,0.0
6911,0.0,376.18321478962895,0.0,0.0,0.0,0.0,0.0,0.0,0.0,0.0,0.0,0.0,0.0,877.3399529695511,0.0,0.0,11226.568893820047,0.0,516.2684146046637,0.0,0.0,3729.793295547366,0.0,0.0,0.0,0.0,0.0,0.0,0.0,5586.35964114666,0.0,0.0,0.0,0.0,0.0,0.0,0.0
6912,0.0,372.5928162932396,0.0,0.0,0.0,0.0,0.0,0.0,0.0,0.0,0.0,0.0,0.0,853.5185156345367,0.0,0.0,11153.139482229946,0.0,520.2006413817404,0.0,0.0,3860.6250668853518,0.0,0.0,0.0,0.0,0.0,0.0,0.0,5897.546310499309,0.0,0.0,0.0,0.0,0.0,0.0,0.0
6913,0.0,358.9121952652931,0.0,0.0,0.0,0.0,0.0,0.0,0.0,0.0,0.0,0.0,0.0,826.1581925630569,0.0,0.0,10885.037108689547,0.0,533.0382680416108,0.0,0.0,3872.126268669963,0.0,0.0,0.0,0.0,0.0,0.0,0.0,6093.007597398757,0.0,0.0,0.0,0.0,0.0,0.0,0.0
6914,0.0,336.209271723032,0.0,0.0,0.0,0.0,0.0,0.0,0.0,0.0,0.0,0.0,0.0,799.7178757667541,0.0,0.0,10588.305214464663,0.0,551.1601245522498,0.0,0.0,3884.5678393274543,0.0,0.0,0.0,0.0,0.0,0.0,0.0,6230.664051061869,0.0,0.0,0.0,0.0,0.0,0.0,0.0
6915,0.0,311.1452472746372,0.0,0.0,0.0,0.0,0.0,0.0,0.0,0.0,0.0,0.0,0.0,778.7028162479401,0.0,0.0,10327.093217074871,0.0,569.533102917671,0.0,0.0,3981.570551946759,0.0,0.0,0.0,0.0,0.0,0.0,0.0,6336.847927695512,0.0,0.0,0.0,0.0,0.0,0.0,0.0
6916,0.0,293.25834449529646,0.0,0.0,0.0,0.0,0.0,0.0,0.0,0.0,0.0,0.0,0.0,766.541158246994,0.0,0.0,10098.559555888174,0.0,588.4073171854018,0.0,0.0,4065.8804040938617,0.0,0.0,0.0,0.0,0.0,0.0,0.0,6518.503936505318,0.0,0.0,0.0,0.0,0.0,0.0,0.0
6917,0.0,277.40044485926626,0.0,0.0,0.0,0.0,0.0,0.0,0.0,0.0,0.0,0.0,0.0,749.0041887283326,0.0,0.0,9906.570246875286,0.0,571.641494977474,0.0,0.0,3008.5897107750175,0.0,0.0,0.0,0.0,0.0,0.0,0.0,6672.591336178779,0.0,0.0,0.0,0.0,0.0,0.0,0.0
6918,0.0,244.68094553947444,0.0,0.0,0.0,0.0,0.0,0.0,0.0,0.0,0.0,0.0,0.0,743.3694193005562,0.0,0.0,9361.523446768522,0.0,567.5114415645598,0.0,0.0,2982.4470927983516,0.0,0.0,0.0,0.0,0.0,0.0,0.0,6333.635362786054,0.0,0.0,0.0,0.0,0.0,0.0,0.0
6919,0.0,217.49609096646307,0.0,0.0,0.0,0.0,0.0,0.0,0.0,0.0,0.0,0.0,0.0,745.3332650542258,0.0,0.0,8879.10610538721,0.0,583.8039500594139,0.0,0.0,2950.3704020887612,0.0,0.0,0.0,0.0,0.0,0.0,0.0,6003.049994134901,0.0,0.0,0.0,0.0,0.0,0.0,0.0
6920,0.0,195.64967215955252,0.0,0.0,0.0,0.0,0.0,0.0,0.0,0.0,0.0,0.0,0.0,750.8131308913231,0.0,0.0,8479.368610590696,0.0,603.0648066163062,0.0,0.0,2935.8540252864354,0.0,0.0,0.0,0.0,0.0,0.0,0.0,5694.078562584519,0.0,0.0,0.0,0.0,0.0,0.0,0.0
6921,0.0,177.03685086071488,0.0,0.0,0.0,0.0,0.0,0.0,0.0,0.0,0.0,0.0,0.0,762.1509528636932,0.0,0.0,8142.746743530033,0.0,621.3714475512504,0.0,0.0,2902.5423813790085,0.0,0.0,0.0,0.0,0.0,0.0,0.0,5388.070544973016,0.0,0.0,0.0,0.0,0.0,0.0,0.0
6922,0.0,161.0786373317241,0.0,0.0,0.0,0.0,0.0,0.0,0.0,0.0,0.0,0.0,0.0,757.1312695026397,0.0,0.0,7715.617319881914,0.0,618.0418302297592,0.0,0.0,2665.2339686483147,0.0,0.0,0.0,0.0,0.0,0.0,0.0,5027.031623145938,0.0,0.0,0.0,0.0,0.0,0.0,0.0
6923,0.0,149.0896752297878,0.0,0.0,0.0,0.0,0.0,0.0,0.0,0.0,0.0,0.0,0.0,754.9536523103714,0.0,0.0,7336.97800439596,0.0,620.58209733963,0.0,0.0,2453.310065826773,0.0,0.0,0.0,0.0,0.0,0.0,0.0,4696.496518623829,0.0,0.0,0.0,0.0,0.0,0.0,0.0
6924,0.0,140.01597429513924,0.0,0.0,0.0,0.0,0.0,0.0,0.0,0.0,0.0,0.0,0.0,753.7643693447113,0.0,0.0,6982.435558676718,0.0,630.2357644677161,0.0,0.0,2246.94935619235,0.0,0.0,0.0,0.0,0.0,0.0,0.0,4373.928459361195,0.0,0.0,0.0,0.0,0.0,0.0,0.0
6925,0.0,132.05046763122076,0.0,0.0,0.0,0.0,0.0,0.0,0.0,0.0,0.0,0.0,0.0,756.1999649047851,0.0,0.0,6637.208889067173,0.0,643.3663666248322,0.0,0.0,2062.399391439557,0.0,0.0,0.0,0.0,0.0,0.0,0.0,4081.6197673946617,0.0,0.0,0.0,0.0,0.0,0.0,0.0
6926,0.0,123.13734467625615,0.0,0.0,0.0,0.0,0.0,0.0,0.0,0.0,0.0,0.0,0.0,763.0817194461822,0.0,0.0,6315.846505969762,0.0,658.5074256896972,0.0,0.0,1922.157119299471,0.0,0.0,0.0,0.0,0.0,0.0,0.0,3866.9637306123955,0.0,0.0,0.0,0.0,0.0,0.0,0.0
6927,0.0,98.5943534776568,0.0,0.0,0.0,0.0,0.0,0.0,0.0,0.0,0.0,0.0,0.0,786.2681193113327,0.0,0.0,6090.672078177332,0.0,691.9474189281462,0.0,0.0,1944.9106551244845,0.0,0.0,0.0,0.0,0.0,0.0,0.0,3516.0036706894616,0.0,0.0,0.0,0.0,0.0,0.0,0.0
6928,0.0,78.70942127555605,0.0,0.0,0.0,0.0,0.0,0.0,0.0,0.0,0.0,0.0,0.0,812.275333738327,0.0,0.0,5882.413220465181,0.0,721.0297721624374,0.0,0.0,1973.8229107215998,0.0,0.0,0.0,0.0,0.0,0.0,0.0,3381.260366836189,0.0,0.0,0.0,0.0,0.0,0.0,0.0
6929,0.0,64.47718605995173,0.0,0.0,0.0,0.0,0.0,0.0,0.0,0.0,0.0,0.0,0.0,832.2862772464753,0.0,0.0,5693.284918844698,0.0,731.2182292461396,0.0,0.0,1902.977045743167,0.0,0.0,0.0,0.0,0.0,0.0,0.0,3289.6606814861298,0.0,0.0,0.0,0.0,0.0,0.0,0.0
6930,0.0,56.65104009658096,0.0,0.0,0.0,0.0,0.0,0.0,0.0,0.0,0.0,0.0,0.0,860.8048577308655,0.0,0.0,5499.740646868942,0.0,750.0673076152801,0.0,0.0,1843.4292313858857,0.0,0.0,0.0,0.0,0.0,0.0,0.0,3307.3341278374196,0.0,0.0,0.0,0.0,0.0,0.0,0.0
6931,0.0,63.016378144919834,0.0,0.0,0.0,0.0,0.0,0.0,0.0,0.0,0.0,0.0,0.0,907.1038596868515,0.0,0.0,5489.936757072805,0.0,763.433973801136,0.0,0.0,1789.7947507828464,0.0,0.0,0.0,0.0,0.0,0.0,0.0,3640.387862998246,0.0,0.0,0.0,0.0,0.0,0.0,0.0
6932,0.0,68.29388349652287,0.0,0.0,0.0,0.0,0.0,0.0,0.0,0.0,0.0,0.0,0.0,958.564043045044,0.0,0.0,5454.37679991126,0.0,780.9418978452683,0.0,0.0,1746.3465904399752,0.0,0.0,0.0,0.0,0.0,0.0,0.0,4011.154882663487,0.0,0.0,0.0,0.0,0.0,0.0,0.0
6933,0.0,73.36738032549617,0.0,0.0,0.0,0.0,0.0,0.0,0.0,0.0,0.0,0.0,0.0,1010.2486684799194,0.0,0.0,5439.465412959456,0.0,796.2773451447487,0.0,0.0,1688.088225866854,0.0,0.0,0.0,0.0,0.0,0.0,0.0,4408.358664530514,0.0,0.0,0.0,0.0,0.0,0.0,0.0
6934,0.0,79.95212958902121,0.0,0.0,0.0,0.0,0.0,0.0,0.0,0.0,0.0,0.0,0.0,1054.6468621492386,0.0,0.0,5429.521506488323,0.0,814.01178869009,0.0,0.0,1646.6284340277311,0.0,0.0,0.0,0.0,0.0,0.0,0.0,4786.61359297335,0.0,0.0,0.0,0.0,0.0,0.0,0.0
6935,0.0,86.51364856213326,0.0,0.0,0.0,0.0,0.0,0.0,0.0,0.0,0.0,0.0,0.0,1083.501971244812,0.0,0.0,5391.150325641034,0.0,836.5044459819794,0.0,0.0,1635.9035058394074,0.0,0.0,0.0,0.0,0.0,0.0,0.0,5039.264971962571,0.0,0.0,0.0,0.0,0.0,0.0,0.0
6936,0.0,104.0521951809525,0.0,0.0,0.0,0.0,0.0,0.0,0.0,0.0,0.0,0.0,0.0,1100.2879609823226,0.0,0.0,5908.24824167788,0.0,885.0166116952895,0.0,0.0,2219.4108687087887,0.0,0.0,0.0,0.0,0.0,0.0,0.0,5679.992311629652,0.0,0.0,0.0,0.0,0.0,0.0,0.0
6937,0.0,125.85597602427006,0.0,0.0,0.0,0.0,0.0,0.0,0.0,0.0,0.0,0.0,0.0,1104.7800306081772,0.0,0.0,6422.064711362123,0.0,933.7423139810562,0.0,0.0,2747.5380436599253,0.0,0.0,0.0,0.0,0.0,0.0,0.0,6310.612222009897,0.0,0.0,0.0,0.0,0.0,0.0,0.0
6938,0.0,153.19241665899747,0.0,0.0,0.0,0.0,0.0,0.0,0.0,0.0,0.0,0.0,0.0,1106.461328625679,0.0,0.0,6896.269296884535,0.0,978.3026895999907,0.0,0.0,3178.299649554491,0.0,0.0,0.0,0.0,0.0,0.0,0.0,6910.854879438877,0.0,0.0,0.0,0.0,0.0,0.0,0.0
6939,0.0,185.57942543327803,0.0,0.0,0.0,0.0,0.0,0.0,0.0,0.0,0.0,0.0,0.0,1114.9940729856492,0.0,0.0,7325.046250075102,0.0,1013.8384476661682,0.0,0.0,3520.071357572079,0.0,0.0,0.0,0.0,0.0,0.0,0.0,7392.453218805789,0.0,0.0,0.0,0.0,0.0,0.0,0.0
6940,0.0,228.77279777526854,0.0,0.0,0.0,0.0,0.0,0.0,0.0,0.0,0.0,0.0,0.0,1127.19141933918,0.0,0.0,7669.8808729946595,0.0,1043.5109016895294,0.0,0.0,3763.8681944221257,0.0,0.0,0.0,0.0,0.0,0.0,0.0,7852.593476033211,0.0,0.0,0.0,0.0,0.0,0.0,0.0
6941,0.0,271.2634959161281,0.0,0.0,0.0,0.0,0.0,0.0,0.0,0.0,0.0,0.0,0.0,1128.868413233757,0.0,0.0,7957.814274936914,0.0,1053.1691335916519,0.0,0.0,3846.0360279679294,0.0,0.0,0.0,0.0,0.0,0.0,0.0,8065.075498831272,0.0,0.0,0.0,0.0,0.0,0.0,0.0
6942,0.0,302.3392277419567,0.0,0.0,0.0,0.0,0.0,0.0,0.0,0.0,0.0,0.0,0.0,1134.8253193616868,0.0,0.0,7672.059688031673,0.0,1050.2370073080062,0.0,0.0,3692.887601771951,0.0,0.0,0.0,0.0,0.0,0.0,0.0,7673.912091147899,0.0,0.0,0.0,0.0,0.0,0.0,0.0
6943,0.0,323.5551601946354,0.0,0.0,0.0,0.0,0.0,0.0,0.0,0.0,0.0,0.0,0.0,1142.442092561722,0.0,0.0,7429.030411630869,0.0,1047.9383768081666,0.0,0.0,3505.1196135967966,0.0,0.0,0.0,0.0,0.0,0.0,0.0,7280.752582800388,0.0,0.0,0.0,0.0,0.0,0.0,0.0
6944,0.0,336.295122796297,0.0,0.0,0.0,0.0,0.0,0.0,0.0,0.0,0.0,0.0,0.0,1162.7886679887772,0.0,0.0,7218.222083628176,0.0,1047.720809006691,0.0,0.0,3267.7763836026193,0.0,0.0,0.0,0.0,0.0,0.0,0.0,6878.66703300476,0.0,0.0,0.0,0.0,0.0,0.0,0.0
6945,0.0,335.41035173535346,0.0,0.0,0.0,0.0,0.0,0.0,0.0,0.0,0.0,0.0,0.0,1205.9670014858245,0.0,0.0,7034.5163166821,0.0,1056.3127808332442,0.0,0.0,3048.5211761265987,0.0,0.0,0.0,0.0,0.0,0.0,0.0,6489.172828340529,0.0,0.0,0.0,0.0,0.0,0.0,0.0
6946,0.0,306.7824977338314,0.0,0.0,0.0,0.0,0.0,0.0,0.0,0.0,0.0,0.0,0.0,1225.999017262459,0.0,0.0,6913.681926161051,0.0,1048.4540184259415,0.0,0.0,2880.4397770017385,0.0,0.0,0.0,0.0,0.0,0.0,0.0,6173.696350622176,0.0,0.0,0.0,0.0,0.0,0.0,0.0
6947,0.0,275.69616077542304,0.0,0.0,0.0,0.0,0.0,0.0,0.0,0.0,0.0,0.0,0.0,1245.1000871181488,0.0,0.0,6803.936078429222,0.0,1042.6262840509414,0.0,0.0,2728.22960036695,0.0,0.0,0.0,0.0,0.0,0.0,0.0,5858.853056284784,0.0,0.0,0.0,0.0,0.0,0.0,0.0
6948,0.0,248.68626283407212,0.0,0.0,0.0,0.0,0.0,0.0,0.0,0.0,0.0,0.0,0.0,1258.1560163259505,0.0,0.0,6717.243198364971,0.0,1028.4320895433425,0.0,0.0,2588.4924813061953,0.0,0.0,0.0,0.0,0.0,0.0,0.0,5555.627646392583,0.0,0.0,0.0,0.0,0.0,0.0,0.0
6949,0.0,227.4904464662075,0.0,0.0,0.0,0.0,0.0,0.0,0.0,0.0,0.0,0.0,0.0,1267.6854341506958,0.0,0.0,6652.561717480419,0.0,1007.3453233718872,0.0,0.0,2458.6864568263286,0.0,0.0,0.0,0.0,0.0,0.0,0.0,5263.2972576797,0.0,0.0,0.0,0.0,0.0,0.0,0.0
6950,0.0,209.20359271466728,0.0,0.0,0.0,0.0,0.0,0.0,0.0,0.0,0.0,0.0,0.0,1274.0154539346695,0.0,0.0,6596.878641575573,0.0,985.3541391134261,0.0,0.0,2338.30425453633,0.0,0.0,0.0,0.0,0.0,0.0,0.0,4970.9965211868275,0.0,0.0,0.0,0.0,0.0,0.0,0.0
6951,0.0,177.0743896633386,0.0,0.0,0.0,0.0,0.0,0.0,0.0,0.0,0.0,0.0,0.0,1282.6344600915909,0.0,0.0,6353.818250358103,0.0,973.6035807847977,0.0,0.0,2346.51537630111,0.0,0.0,0.0,0.0,0.0,0.0,0.0,3973.371445345879,0.0,0.0,0.0,0.0,0.0,0.0,0.0
6952,0.0,147.11474984586238,0.0,0.0,0.0,0.0,0.0,0.0,0.0,0.0,0.0,0.0,0.0,1277.7761813402176,0.0,0.0,6130.205786362289,0.0,945.7758290171623,0.0,0.0,2314.9957618072626,0.0,0.0,0.0,0.0,0.0,0.0,0.0,3062.9929643124337,0.0,0.0,0.0,0.0,0.0,0.0,0.0
6953,0.0,118.55860674083226,0.0,0.0,0.0,0.0,0.0,0.0,0.0,0.0,0.0,0.0,0.0,1264.5071083784103,0.0,0.0,5958.628574952481,0.0,901.2436127185822,0.0,0.0,2165.099116641283,0.0,0.0,0.0,0.0,0.0,0.0,0.0,2309.411987377703,0.0,0.0,0.0,0.0,0.0,0.0,0.0
6954,0.0,94.2976194843649,0.0,0.0,0.0,0.0,0.0,0.0,0.0,0.0,0.0,0.0,0.0,1250.3818736314774,0.0,0.0,5773.593816399573,0.0,863.9663044333457,0.0,0.0,2038.8800271973005,0.0,0.0,0.0,0.0,0.0,0.0,0.0,1858.407145200669,0.0,0.0,0.0,0.0,0.0,0.0,0.0
6955,0.0,93.23402007669205,0.0,0.0,0.0,0.0,0.0,0.0,0.0,0.0,0.0,0.0,0.0,1245.015260028839,0.0,0.0,6015.0735749304295,0.0,813.3305702686308,0.0,0.0,1929.7566682621832,0.0,0.0,0.0,0.0,0.0,0.0,0.0,1829.543421113491,0.0,0.0,0.0,0.0,0.0,0.0,0.0
6956,0.0,88.64735634773965,0.0,0.0,0.0,0.0,0.0,0.0,0.0,0.0,0.0,0.0,0.0,1239.9567498922347,0.0,0.0,6208.953886926174,0.0,759.5457941293715,0.0,0.0,1842.9885659337035,0.0,0.0,0.0,0.0,0.0,0.0,0.0,1817.8069277882555,0.0,0.0,0.0,0.0,0.0,0.0,0.0
6957,0.0,84.61342202872032,0.0,0.0,0.0,0.0,0.0,0.0,0.0,0.0,0.0,0.0,0.0,1232.491069340706,0.0,0.0,6359.669391632079,0.0,700.674377644062,0.0,0.0,1755.4101296424863,0.0,0.0,0.0,0.0,0.0,0.0,0.0,1798.5666147381057,0.0,0.0,0.0,0.0,0.0,0.0,0.0
6958,0.0,81.12173823863263,0.0,0.0,0.0,0.0,0.0,0.0,0.0,0.0,0.0,0.0,0.0,1219.255981016159,0.0,0.0,6460.267483264207,0.0,641.1196085572243,0.0,0.0,1660.39154690355,0.0,0.0,0.0,0.0,0.0,0.0,0.0,1811.7596829682573,0.0,0.0,0.0,0.0,0.0,0.0,0.0
6959,0.0,78.53489249646658,0.0,0.0,0.0,0.0,0.0,0.0,0.0,0.0,0.0,0.0,0.0,1197.3547205209732,0.0,0.0,6516.407946974037,0.0,585.0698152542113,0.0,0.0,1553.6687625959507,0.0,0.0,0.0,0.0,0.0,0.0,0.0,1883.8930474936956,0.0,0.0,0.0,0.0,0.0,0.0,0.0
6960,0.0,81.45367467999452,0.0,0.0,0.0,0.0,0.0,0.0,0.0,0.0,0.0,0.0,0.0,1162.8760954856873,0.0,0.0,6990.9897996485215,0.0,555.7519908189772,0.0,0.0,2013.78813368082,0.0,0.0,0.0,0.0,0.0,0.0,0.0,2379.6821438103907,0.0,0.0,0.0,0.0,0.0,0.0,0.0
6961,0.0,81.72297631055112,0.0,0.0,0.0,0.0,0.0,0.0,0.0,0.0,0.0,0.0,0.0,1121.865515565872,0.0,0.0,7421.584636002779,0.0,533.9250198602675,0.0,0.0,2414.9880663245913,0.0,0.0,0.0,0.0,0.0,0.0,0.0,2885.48139566779,0.0,0.0,0.0,0.0,0.0,0.0,0.0
6962,0.0,82.07105191200964,0.0,0.0,0.0,0.0,0.0,0.0,0.0,0.0,0.0,0.0,0.0,1081.1823179960252,0.0,0.0,7768.437054783104,0.0,521.1060672760009,0.0,0.0,2730.961695894599,0.0,0.0,0.0,0.0,0.0,0.0,0.0,3382.8200012862676,0.0,0.0,0.0,0.0,0.0,0.0,0.0
6963,0.0,84.06419960707422,0.0,0.0,0.0,0.0,0.0,0.0,0.0,0.0,0.0,0.0,0.0,1045.7547235250472,0.0,0.0,8037.947373777628,0.0,513.8806820869446,0.0,0.0,2812.452560734748,0.0,0.0,0.0,0.0,0.0,0.0,0.0,3823.773825716972,0.0,0.0,0.0,0.0,0.0,0.0,0.0
6964,0.0,89.08839519470926,0.0,0.0,0.0,0.0,0.0,0.0,0.0,0.0,0.0,0.0,0.0,1017.5125932693481,0.0,0.0,8237.621264636517,0.0,522.5636529803276,0.0,0.0,2754.619875052571,0.0,0.0,0.0,0.0,0.0,0.0,0.0,4199.32100021541,0.0,0.0,0.0,0.0,0.0,0.0,0.0
6965,0.0,96.15625313669439,0.0,0.0,0.0,0.0,0.0,0.0,0.0,0.0,0.0,0.0,0.0,976.54397854805,0.0,0.0,8386.866594254969,0.0,535.4087492704391,0.0,0.0,1982.917785461247,0.0,0.0,0.0,0.0,0.0,0.0,0.0,4546.296091058849,0.0,0.0,0.0,0.0,0.0,0.0,0.0
6966,0.0,107.4205592349171,0.0,0.0,0.0,0.0,0.0,0.0,0.0,0.0,0.0,0.0,0.0,950.6355796098709,0.0,0.0,7999.613919645548,0.0,542.8460703969001,0.0,0.0,1718.5716483235358,0.0,0.0,0.0,0.0,0.0,0.0,0.0,4660.739919027686,0.0,0.0,0.0,0.0,0.0,0.0,0.0
6967,0.0,118.34717743098736,0.0,0.0,0.0,0.0,0.0,0.0,0.0,0.0,0.0,0.0,0.0,940.624907040596,0.0,0.0,7665.198870956898,0.0,549.8608238697052,0.0,0.0,1451.6829426750533,0.0,0.0,0.0,0.0,0.0,0.0,0.0,4823.221066638826,0.0,0.0,0.0,0.0,0.0,0.0,0.0
6968,0.0,130.35137389004228,0.0,0.0,0.0,0.0,0.0,0.0,0.0,0.0,0.0,0.0,0.0,935.2037745475769,0.0,0.0,7380.348169475794,0.0,548.0212792158126,0.0,0.0,1098.5748093567784,0.0,0.0,0.0,0.0,0.0,0.0,0.0,5044.839950937033,0.0,0.0,0.0,0.0,0.0,0.0,0.0
6969,0.0,134.89007604718202,0.0,0.0,0.0,0.0,0.0,0.0,0.0,0.0,0.0,0.0,0.0,934.4924285650253,0.0,0.0,7106.943831175566,0.0,539.8329045534134,0.0,0.0,646.3575189784168,0.0,0.0,0.0,0.0,0.0,0.0,0.0,5280.293403932452,0.0,0.0,0.0,0.0,0.0,0.0,0.0
6970,0.0,131.47696282267563,0.0,0.0,0.0,0.0,0.0,0.0,0.0,0.0,0.0,0.0,0.0,921.5115525007247,0.0,0.0,6824.707552164791,0.0,516.9999048233033,0.0,0.0,594.3670187294482,0.0,0.0,0.0,0.0,0.0,0.0,0.0,4926.016634717583,0.0,0.0,0.0,0.0,0.0,0.0,0.0
6971,0.0,134.22788651883593,0.0,0.0,0.0,0.0,0.0,0.0,0.0,0.0,0.0,0.0,0.0,910.9633129119873,0.0,0.0,6566.979636371136,0.0,487.4482987463474,0.0,0.0,591.5159389883272,0.0,0.0,0.0,0.0,0.0,0.0,0.0,4608.267784431577,0.0,0.0,0.0,0.0,0.0,0.0,0.0
6972,0.0,141.65588410198686,0.0,0.0,0.0,0.0,0.0,0.0,0.0,0.0,0.0,0.0,0.0,897.2717185497283,0.0,0.0,6340.940605610607,0.0,443.93014403581617,0.0,0.0,562.7227432943871,0.0,0.0,0.0,0.0,0.0,0.0,0.0,4340.27138158679,0.0,0.0,0.0,0.0,0.0,0.0,0.0
6973,0.0,148.64071058928963,0.0,0.0,0.0,0.0,0.0,0.0,0.0,0.0,0.0,0.0,0.0,882.4444634199142,0.0,0.0,6145.529833570121,0.0,379.6149973809719,0.0,0.0,522.5669336624444,0.0,0.0,0.0,0.0,0.0,0.0,0.0,4130.105124849079,0.0,0.0,0.0,0.0,0.0,0.0,0.0
6974,0.0,155.8571666389703,0.0,0.0,0.0,0.0,0.0,0.0,0.0,0.0,0.0,0.0,0.0,871.4469810009002,0.0,0.0,5983.649554774163,0.0,332.231516510248,0.0,0.0,503.2509970888492,0.0,0.0,0.0,0.0,0.0,0.0,0.0,3972.0016574263573,0.0,0.0,0.0,0.0,0.0,0.0,0.0
6975,0.0,146.1315586656332,0.0,0.0,0.0,0.0,0.0,0.0,0.0,0.0,0.0,0.0,0.0,875.942368388176,0.0,0.0,5660.03445895016,0.0,331.44240342974643,0.0,0.0,539.6589932207014,0.0,0.0,0.0,0.0,0.0,0.0,0.0,3850.8274987399577,0.0,0.0,0.0,0.0,0.0,0.0,0.0
6976,0.0,127.22217240929601,0.0,0.0,0.0,0.0,0.0,0.0,0.0,0.0,0.0,0.0,0.0,886.7859784126282,0.0,0.0,5336.6597250849,0.0,330.45822036266316,0.0,0.0,567.2038386393332,0.0,0.0,0.0,0.0,0.0,0.0,0.0,3532.446188297867,0.0,0.0,0.0,0.0,0.0,0.0,0.0
6977,0.0,112.94055178463456,0.0,0.0,0.0,0.0,0.0,0.0,0.0,0.0,0.0,0.0,0.0,888.451135969162,0.0,0.0,4985.0210696309805,0.0,314.9661183178423,0.0,0.0,589.3406926073126,0.0,0.0,0.0,0.0,0.0,0.0,0.0,3280.0432370543476,0.0,0.0,0.0,0.0,0.0,0.0,0.0
6978,0.0,105.10913131088019,0.0,0.0,0.0,0.0,0.0,0.0,0.0,0.0,0.0,0.0,0.0,899.4368717193604,0.0,0.0,4628.466662079095,0.0,295.83903335332855,0.0,0.0,597.3632334765043,0.0,0.0,0.0,0.0,0.0,0.0,0.0,3126.3785623222584,0.0,0.0,0.0,0.0,0.0,0.0,0.0
6979,0.0,112.91117023676632,0.0,0.0,0.0,0.0,0.0,0.0,0.0,0.0,0.0,0.0,0.0,921.1600491285324,0.0,0.0,4614.68318723142,0.0,264.6710230052471,0.0,0.0,629.1087438896295,0.0,0.0,0.0,0.0,0.0,0.0,0.0,3244.7863858491164,0.0,0.0,0.0,0.0,0.0,0.0,0.0
6980,0.0,118.1523993015289,0.0,0.0,0.0,0.0,0.0,0.0,0.0,0.0,0.0,0.0,0.0,939.4270158290863,0.0,0.0,4588.306768208742,0.0,235.52553361058236,0.0,0.0,634.6164186794301,0.0,0.0,0.0,0.0,0.0,0.0,0.0,3306.3349926680326,0.0,0.0,0.0,0.0,0.0,0.0,0.0
6981,0.0,122.72340783476822,0.0,0.0,0.0,0.0,0.0,0.0,0.0,0.0,0.0,0.0,0.0,951.8896934270858,0.0,0.0,4548.121593549846,0.0,205.9625304192303,0.0,0.0,633.159467582032,0.0,0.0,0.0,0.0,0.0,0.0,0.0,3346.3249890893694,0.0,0.0,0.0,0.0,0.0,0.0,0.0
6982,0.0,126.16649879515168,0.0,0.0,0.0,0.0,0.0,0.0,0.0,0.0,0.0,0.0,0.0,955.2487923622132,0.0,0.0,4480.556158095596,0.0,175.57119858860952,0.0,0.0,626.2634544108055,0.0,0.0,0.0,0.0,0.0,0.0,0.0,3369.573414415121,0.0,0.0,0.0,0.0,0.0,0.0,0.0
6983,0.0,127.86038816571232,0.0,0.0,0.0,0.0,0.0,0.0,0.0,0.0,0.0,0.0,0.0,946.250575041771,0.0,0.0,4389.8008497804385,0.0,143.56181738972657,0.0,0.0,615.3057046953586,0.0,0.0,0.0,0.0,0.0,0.0,0.0,3376.3366518646476,0.0,0.0,0.0,0.0,0.0,0.0,0.0
6984,0.0,158.04774374663828,0.0,0.0,0.0,0.0,0.0,0.0,0.0,0.0,0.0,0.0,0.0,928.3738488197326,0.0,0.0,4607.54350361228,0.0,133.1131533652543,0.0,0.0,809.6407207466654,0.0,0.0,0.0,0.0,0.0,0.0,0.0,4013.01212415099,0.0,0.0,0.0,0.0,0.0,0.0,0.0
6985,0.0,189.7483647733926,0.0,0.0,0.0,0.0,0.0,0.0,0.0,0.0,0.0,0.0,0.0,902.8847431898117,0.0,0.0,4852.902890846133,0.0,120.15533827990284,0.0,0.0,911.4204376056784,0.0,0.0,0.0,0.0,0.0,0.0,0.0,4525.300149616597,0.0,0.0,0.0,0.0,0.0,0.0,0.0
6986,0.0,217.05768937468528,0.0,0.0,0.0,0.0,0.0,0.0,0.0,0.0,0.0,0.0,0.0,876.0517648458481,0.0,0.0,5194.273267865179,0.0,108.95788828581556,0.0,0.0,976.1185578189791,0.0,0.0,0.0,0.0,0.0,0.0,0.0,4911.100483214856,0.0,0.0,0.0,0.0,0.0,0.0,0.0
6987,0.0,240.70177634954447,0.0,0.0,0.0,0.0,0.0,0.0,0.0,0.0,0.0,0.0,0.0,853.8860697984695,0.0,0.0,5671.940543547272,0.0,100.29804508686063,0.0,0.0,1044.4090627267951,0.0,0.0,0.0,0.0,0.0,0.0,0.0,5046.161644402146,0.0,0.0,0.0,0.0,0.0,0.0,0.0
6988,0.0,260.24639040827753,0.0,0.0,0.0,0.0,0.0,0.0,0.0,0.0,0.0,0.0,0.0,834.4768964767457,0.0,0.0,6113.556636899708,0.0,97.88282018005843,0.0,0.0,997.2138836257154,0.0,0.0,0.0,0.0,0.0,0.0,0.0,5321.743591383098,0.0,0.0,0.0,0.0,0.0,0.0,0.0
6989,0.0,270.90014387369155,0.0,0.0,0.0,0.0,0.0,0.0,0.0,0.0,0.0,0.0,0.0,809.9266276597976,0.0,0.0,6521.854206696152,0.0,89.60541019290673,0.0,0.0,1090.4533042006192,0.0,0.0,0.0,0.0,0.0,0.0,0.0,5636.278791922329,0.0,0.0,0.0,0.0,0.0,0.0,0.0
6990,0.0,252.84226840138436,0.0,0.0,0.0,0.0,0.0,0.0,0.0,0.0,0.0,0.0,0.0,788.4825905561447,0.0,0.0,6397.983399003742,0.0,83.15123468488436,0.0,0.0,975.6200654335313,0.0,0.0,0.0,0.0,0.0,0.0,0.0,5536.081047606468,0.0,0.0,0.0,0.0,0.0,0.0,0.0
6991,0.0,249.2592205524444,0.0,0.0,0.0,0.0,0.0,0.0,0.0,0.0,0.0,0.0,0.0,771.0334072113037,0.0,0.0,6328.438283339141,0.0,87.26382190883142,0.0,0.0,858.4315901711581,0.0,0.0,0.0,0.0,0.0,0.0,0.0,5502.291258066893,0.0,0.0,0.0,0.0,0.0,0.0,0.0
6992,0.0,247.49394292831414,0.0,0.0,0.0,0.0,0.0,0.0,0.0,0.0,0.0,0.0,0.0,755.2094786167145,0.0,0.0,6317.593213990331,0.0,98.52768343687045,0.0,0.0,733.0970862887793,0.0,0.0,0.0,0.0,0.0,0.0,0.0,5462.865377050636,0.0,0.0,0.0,0.0,0.0,0.0,0.0
6993,0.0,238.36034263372414,0.0,0.0,0.0,0.0,0.0,0.0,0.0,0.0,0.0,0.0,0.0,737.7814123749733,0.0,0.0,6347.62367929518,0.0,104.66633376032107,0.0,0.0,619.6475688312197,0.0,0.0,0.0,0.0,0.0,0.0,0.0,5448.8308366745705,0.0,0.0,0.0,0.0,0.0,0.0,0.0
6994,0.0,209.93508033156394,0.0,0.0,0.0,0.0,0.0,0.0,0.0,0.0,0.0,0.0,0.0,703.1700320482254,0.0,0.0,6393.553038045763,0.0,96.95236954241982,0.0,0.0,423.2927730493239,0.0,0.0,0.0,0.0,0.0,0.0,0.0,5079.242673560977,0.0,0.0,0.0,0.0,0.0,0.0,0.0
6995,0.0,192.56907753646368,0.0,0.0,0.0,0.0,0.0,0.0,0.0,0.0,0.0,0.0,0.0,670.6356152057647,0.0,0.0,6421.634160086512,0.0,93.18148085027927,0.0,0.0,313.76144661381795,0.0,0.0,0.0,0.0,0.0,0.0,0.0,4718.695183038711,0.0,0.0,0.0,0.0,0.0,0.0,0.0
6996,0.0,188.3296898156404,0.0,0.0,0.0,0.0,0.0,0.0,0.0,0.0,0.0,0.0,0.0,642.3903016924857,0.0,0.0,6438.514725998043,0.0,93.08859955519438,0.0,0.0,263.0293633706858,0.0,0.0,0.0,0.0,0.0,0.0,0.0,4372.106655892729,0.0,0.0,0.0,0.0,0.0,0.0,0.0
6997,0.0,198.147349217534,0.0,0.0,0.0,0.0,0.0,0.0,0.0,0.0,0.0,0.0,0.0,614.0977324962615,0.0,0.0,6451.8832069784385,0.0,87.69388142377133,0.0,0.0,238.17441647015465,0.0,0.0,0.0,0.0,0.0,0.0,0.0,4038.0989871174093,0.0,0.0,0.0,0.0,0.0,0.0,0.0
6998,0.0,216.29177716076373,0.0,0.0,0.0,0.0,0.0,0.0,0.0,0.0,0.0,0.0,0.0,585.1326440930367,0.0,0.0,6464.476540088653,0.0,79.25544458627701,0.0,0.0,229.27936254702453,0.0,0.0,0.0,0.0,0.0,0.0,0.0,3724.152130016684,0.0,0.0,0.0,0.0,0.0,0.0,0.0
6999,0.0,211.99689485728734,0.0,0.0,0.0,0.0,0.0,0.0,0.0,0.0,0.0,0.0,0.0,565.7351277709006,0.0,0.0,6350.954131484032,0.0,81.85919614285217,0.0,0.0,262.95760953202836,0.0,0.0,0.0,0.0,0.0,0.0,0.0,3198.053040662406,0.0,0.0,0.0,0.0,0.0,0.0,0.0
7000,0.0,202.6826846659183,0.0,0.0,0.0,0.0,0.0,0.0,0.0,0.0,0.0,0.0,0.0,549.3368677735328,0.0,0.0,6279.707813218236,0.0,82.9262417152522,0.0,0.0,275.89055774286294,0.0,0.0,0.0,0.0,0.0,0.0,0.0,2902.2446635097253,0.0,0.0,0.0,0.0,0.0,0.0,0.0
7001,0.0,194.64452723264694,0.0,0.0,0.0,0.0,0.0,0.0,0.0,0.0,0.0,0.0,0.0,534.1883278012275,0.0,0.0,6266.760938003659,0.0,84.98158309757692,0.0,0.0,201.00975037515076,0.0,0.0,0.0,0.0,0.0,0.0,0.0,2695.8720828711985,0.0,0.0,0.0,0.0,0.0,0.0,0.0
7002,0.0,188.93816631138316,0.0,0.0,0.0,0.0,0.0,0.0,0.0,0.0,0.0,0.0,0.0,523.8354326248169,0.0,0.0,6279.007729843257,0.0,90.09125480353826,0.0,0.0,176.38891172669804,0.0,0.0,0.0,0.0,0.0,0.0,0.0,2602.8886875227076,0.0,0.0,0.0,0.0,0.0,0.0,0.0
7003,0.0,210.50584968924514,0.0,0.0,0.0,0.0,0.0,0.0,0.0,0.0,0.0,0.0,0.0,525.3889071583746,0.0,0.0,6493.508997648954,0.0,88.7546948939561,0.0,0.0,223.47222144640912,0.0,0.0,0.0,0.0,0.0,0.0,0.0,2656.139916118977,0.0,0.0,0.0,0.0,0.0,0.0,0.0
7004,0.0,236.77358474135394,0.0,0.0,0.0,0.0,0.0,0.0,0.0,0.0,0.0,0.0,0.0,527.8071068882941,0.0,0.0,6688.749805003405,0.0,98.69554262757296,0.0,0.0,250.76161411665302,0.0,0.0,0.0,0.0,0.0,0.0,0.0,2688.42431307435,0.0,0.0,0.0,0.0,0.0,0.0,0.0
7005,0.0,263.56537606716154,0.0,0.0,0.0,0.0,0.0,0.0,0.0,0.0,0.0,0.0,0.0,531.6821177244186,0.0,0.0,6855.663683265448,0.0,112.578769314289,0.0,0.0,182.8129239086058,0.0,0.0,0.0,0.0,0.0,0.0,0.0,2693.0952609509222,0.0,0.0,0.0,0.0,0.0,0.0,0.0
7006,0.0,288.89326631426803,0.0,0.0,0.0,0.0,0.0,0.0,0.0,0.0,0.0,0.0,0.0,534.8153398752213,0.0,0.0,6963.1109239161,0.0,128.51509204804896,0.0,0.0,173.78980300761705,0.0,0.0,0.0,0.0,0.0,0.0,0.0,2701.056158798933,0.0,0.0,0.0,0.0,0.0,0.0,0.0
7007,0.0,310.98025048971175,0.0,0.0,0.0,0.0,0.0,0.0,0.0,0.0,0.0,0.0,0.0,535.5180327773093,0.0,0.0,7014.33291298151,0.0,142.81492846906175,0.0,0.0,248.02085211798482,0.0,0.0,0.0,0.0,0.0,0.0,0.0,2743.5049390003087,0.0,0.0,0.0,0.0,0.0,0.0,0.0
7008,0.0,341.41796295046805,0.0,0.0,0.0,0.0,0.0,0.0,0.0,0.0,0.0,0.0,0.0,530.2688858628272,0.0,0.0,7281.203139781952,0.0,178.16769541501986,0.0,0.0,476.99488240219625,0.0,0.0,0.0,0.0,0.0,0.0,0.0,3151.9554101437316,0.0,0.0,0.0,0.0,0.0,0.0,0.0
7009,0.0,365.6892677664756,0.0,0.0,0.0,0.0,0.0,0.0,0.0,0.0,0.0,0.0,0.0,522.7202612757682,0.0,0.0,7523.447544932365,0.0,204.24461920857422,0.0,0.0,813.0506175667048,0.0,0.0,0.0,0.0,0.0,0.0,0.0,3563.582827371357,0.0,0.0,0.0,0.0,0.0,0.0,0.0
7010,0.0,385.89622566103935,0.0,0.0,0.0,0.0,0.0,0.0,0.0,0.0,0.0,0.0,0.0,513.9297178864479,0.0,0.0,7740.653857111931,0.0,220.95232947170734,0.0,0.0,1099.5636196397238,0.0,0.0,0.0,0.0,0.0,0.0,0.0,3981.3482541412095,0.0,0.0,0.0,0.0,0.0,0.0,0.0
7011,0.0,402.1564750492572,0.0,0.0,0.0,0.0,0.0,0.0,0.0,0.0,0.0,0.0,0.0,506.09087884426117,0.0,0.0,7915.417225748299,0.0,227.61193463206283,0.0,0.0,1258.9889172345397,0.0,0.0,0.0,0.0,0.0,0.0,0.0,4400.298684874177,0.0,0.0,0.0,0.0,0.0,0.0,0.0
7012,0.0,418.36479295492165,0.0,0.0,0.0,0.0,0.0,0.0,0.0,0.0,0.0,0.0,0.0,495.1630694150925,0.0,0.0,8056.876850366591,0.0,229.0598868846893,0.0,0.0,1255.5409484937782,0.0,0.0,0.0,0.0,0.0,0.0,0.0,4803.559475097059,0.0,0.0,0.0,0.0,0.0,0.0,0.0
7013,0.0,434.4733440577984,0.0,0.0,0.0,0.0,0.0,0.0,0.0,0.0,0.0,0.0,0.0,475.6025792717934,0.0,0.0,8183.559270679949,0.0,218.91930064558966,0.0,0.0,1070.9610106185075,0.0,0.0,0.0,0.0,0.0,0.0,0.0,5211.8217269659035,0.0,0.0,0.0,0.0,0.0,0.0,0.0
7014,0.0,434.6724007129669,0.0,0.0,0.0,0.0,0.0,0.0,0.0,0.0,0.0,0.0,0.0,455.2385631799698,0.0,0.0,7884.903702914715,0.0,200.5587123811243,0.0,0.0,816.5412753000853,0.0,0.0,0.0,0.0,0.0,0.0,0.0,5422.758579811453,0.0,0.0,0.0,0.0,0.0,0.0,0.0
7015,0.0,434.0010509312152,0.0,0.0,0.0,0.0,0.0,0.0,0.0,0.0,0.0,0.0,0.0,432.7262068986892,0.0,0.0,7610.070416659115,0.0,182.69189038872716,0.0,0.0,601.0175323482601,0.0,0.0,0.0,0.0,0.0,0.0,0.0,5581.109390142559,0.0,0.0,0.0,0.0,0.0,0.0,0.0
7016,0.0,432.2822899997234,0.0,0.0,0.0,0.0,0.0,0.0,0.0,0.0,0.0,0.0,0.0,405.41708495616905,0.0,0.0,7353.974472999573,0.0,153.01948082745076,0.0,0.0,415.94156200289666,0.0,0.0,0.0,0.0,0.0,0.0,0.0,5702.569222655891,0.0,0.0,0.0,0.0,0.0,0.0,0.0
7017,0.0,416.54141154885286,0.0,0.0,0.0,0.0,0.0,0.0,0.0,0.0,0.0,0.0,0.0,383.67126606702806,0.0,0.0,7104.1364968419075,0.0,119.37613283395751,0.0,0.0,312.21306235492153,0.0,0.0,0.0,0.0,0.0,0.0,0.0,5666.568896275758,0.0,0.0,0.0,0.0,0.0,0.0,0.0
7018,0.0,411.7110822737217,0.0,0.0,0.0,0.0,0.0,0.0,0.0,0.0,0.0,0.0,0.0,349.93048427104947,0.0,0.0,6724.557513892649,0.0,81.94019865095603,0.0,0.0,277.373394718766,0.0,0.0,0.0,0.0,0.0,0.0,0.0,5336.835848143697,0.0,0.0,0.0,0.0,0.0,0.0,0.0
7019,0.0,410.0690261900425,0.0,0.0,0.0,0.0,0.0,0.0,0.0,0.0,0.0,0.0,0.0,320.0176369667053,0.0,0.0,6394.428142264485,0.0,53.295722848176794,0.0,0.0,268.54687782190695,0.0,0.0,0.0,0.0,0.0,0.0,0.0,5036.7557432472695,0.0,0.0,0.0,0.0,0.0,0.0,0.0
7020,0.0,411.7975786328316,0.0,0.0,0.0,0.0,0.0,0.0,0.0,0.0,0.0,0.0,0.0,291.5800950467586,0.0,0.0,6108.856743842363,0.0,33.360583955049506,0.0,0.0,268.0735901076338,0.0,0.0,0.0,0.0,0.0,0.0,0.0,4757.406156262756,0.0,0.0,0.0,0.0,0.0,0.0,0.0
7021,0.0,413.6029481470585,0.0,0.0,0.0,0.0,0.0,0.0,0.0,0.0,0.0,0.0,0.0,262.7608312249184,0.0,0.0,5854.729201272128,0.0,21.50975250974297,0.0,0.0,270.0613530937582,0.0,0.0,0.0,0.0,0.0,0.0,0.0,4503.466713765262,0.0,0.0,0.0,0.0,0.0,0.0,0.0
7022,0.0,415.34286323189735,0.0,0.0,0.0,0.0,0.0,0.0,0.0,0.0,0.0,0.0,0.0,232.6532671928406,0.0,0.0,5612.56024955213,0.0,17.880116155743565,0.0,0.0,270.47847904823675,0.0,0.0,0.0,0.0,0.0,0.0,0.0,4279.206973823904,0.0,0.0,0.0,0.0,0.0,0.0,0.0
7023,0.0,400.66468639969827,0.0,0.0,0.0,0.0,0.0,0.0,0.0,0.0,0.0,0.0,0.0,210.13133872151366,0.0,0.0,5417.693208932877,0.0,20.787269568443275,0.0,0.0,289.6770587369791,0.0,0.0,0.0,0.0,0.0,0.0,0.0,4227.757840818166,0.0,0.0,0.0,0.0,0.0,0.0,0.0
7024,0.0,380.82514865398406,0.0,0.0,0.0,0.0,0.0,0.0,0.0,0.0,0.0,0.0,0.0,182.2441416859627,0.0,0.0,5226.067943274974,0.0,20.0924957688897,0.0,0.0,301.812502389773,0.0,0.0,0.0,0.0,0.0,0.0,0.0,3985.604070937632,0.0,0.0,0.0,0.0,0.0,0.0,0.0
7025,0.0,366.1428476035595,0.0,0.0,0.0,0.0,0.0,0.0,0.0,0.0,0.0,0.0,0.0,154.35795342922202,0.0,0.0,5015.5676519572735,0.0,18.320676133036464,0.0,0.0,303.62519509233533,0.0,0.0,0.0,0.0,0.0,0.0,0.0,3771.807586923241,0.0,0.0,0.0,0.0,0.0,0.0,0.0
7026,0.0,356.9995680212974,0.0,0.0,0.0,0.0,0.0,0.0,0.0,0.0,0.0,0.0,0.0,132.45803797245026,0.0,0.0,4806.085204079745,0.0,19.627572421729532,0.0,0.0,295.6319082934403,0.0,0.0,0.0,0.0,0.0,0.0,0.0,3622.738283067941,0.0,0.0,0.0,0.0,0.0,0.0,0.0
7027,0.0,365.84736279845237,0.0,0.0,0.0,0.0,0.0,0.0,0.0,0.0,0.0,0.0,0.0,120.69670823812476,0.0,0.0,4788.30930931866,0.0,16.43608027175051,0.0,0.0,305.33252772800614,0.0,0.0,0.0,0.0,0.0,0.0,0.0,3606.379297932981,0.0,0.0,0.0,0.0,0.0,0.0,0.0
7028,0.0,373.7298941195011,0.0,0.0,0.0,0.0,0.0,0.0,0.0,0.0,0.0,0.0,0.0,111.14999546110629,0.0,0.0,4776.10880076885,0.0,15.488049511052669,0.0,0.0,319.8610527276988,0.0,0.0,0.0,0.0,0.0,0.0,0.0,3603.5124345153567,0.0,0.0,0.0,0.0,0.0,0.0,0.0
7029,0.0,378.66144910454744,0.0,0.0,0.0,0.0,0.0,0.0,0.0,0.0,0.0,0.0,0.0,101.00081756114959,0.0,0.0,4761.032894223927,0.0,14.928347819857208,0.0,0.0,329.6450822152197,0.0,0.0,0.0,0.0,0.0,0.0,0.0,3589.408102938533,0.0,0.0,0.0,0.0,0.0,0.0,0.0
7030,0.0,383.5481146395206,0.0,0.0,0.0,0.0,0.0,0.0,0.0,0.0,0.0,0.0,0.0,91.1472791045903,0.0,0.0,4748.571799084542,0.0,14.94467281531531,0.0,0.0,337.86135087981745,0.0,0.0,0.0,0.0,0.0,0.0,0.0,3603.252435171603,0.0,0.0,0.0,0.0,0.0,0.0,0.0
7031,0.0,390.36598042845725,0.0,0.0,0.0,0.0,0.0,0.0,0.0,0.0,0.0,0.0,0.0,81.89748355746262,0.0,0.0,4730.555542364715,0.0,15.61742398850603,0.0,0.0,351.6580321390176,0.0,0.0,0.0,0.0,0.0,0.0,0.0,3689.616334015131,0.0,0.0,0.0,0.0,0.0,0.0,0.0
7032,0.0,436.11551236510275,0.0,0.0,0.0,0.0,0.0,0.0,0.0,0.0,0.0,0.0,0.0,73.85733709931368,0.0,0.0,5054.789823040364,0.0,27.249959565699065,0.0,0.0,812.1138061098748,0.0,0.0,0.0,0.0,0.0,0.0,0.0,4534.819958689809,0.0,0.0,0.0,0.0,0.0,0.0,0.0
7033,0.0,475.0846892595291,0.0,0.0,0.0,0.0,0.0,0.0,0.0,0.0,0.0,0.0,0.0,66.96808396875848,0.0,0.0,5397.45302069187,0.0,41.59243512600659,0.0,0.0,1186.740067917108,0.0,0.0,0.0,0.0,0.0,0.0,0.0,5505.026494556664,0.0,0.0,0.0,0.0,0.0,0.0,0.0
7034,0.0,505.84552159309385,0.0,0.0,0.0,0.0,0.0,0.0,0.0,0.0,0.0,0.0,0.0,60.841546079516306,0.0,0.0,5745.181321561335,0.0,57.319882395863466,0.0,0.0,1523.3621512860059,0.0,0.0,0.0,0.0,0.0,0.0,0.0,6704.510866183042,0.0,0.0,0.0,0.0,0.0,0.0,0.0
7035,0.0,532.1633644938469,0.0,0.0,0.0,0.0,0.0,0.0,0.0,0.0,0.0,0.0,0.0,54.405470016598656,0.0,0.0,6079.9662476331,0.0,66.36009873002757,0.0,0.0,1841.6888223499059,0.0,0.0,0.0,0.0,0.0,0.0,0.0,8031.45928326249,0.0,0.0,0.0,0.0,0.0,0.0,0.0
7036,0.0,552.4126587510109,0.0,0.0,0.0,0.0,0.0,0.0,0.0,0.0,0.0,0.0,0.0,48.65600243806832,0.0,0.0,6399.3738423734885,0.0,84.7106163322925,0.0,0.0,2119.025431872904,0.0,0.0,0.0,0.0,0.0,0.0,0.0,9481.052898430824,0.0,0.0,0.0,0.0,0.0,0.0,0.0
7037,0.0,567.250754249096,0.0,0.0,0.0,0.0,0.0,0.0,0.0,0.0,0.0,0.0,0.0,43.051784997433344,0.0,0.0,6668.121459424496,0.0,91.2663951143622,0.0,0.0,2407.1581179052587,0.0,0.0,0.0,0.0,0.0,0.0,0.0,10964.23524662256,0.0,0.0,0.0,0.0,0.0,0.0,0.0
7038,0.0,579.9903801798821,0.0,0.0,0.0,0.0,0.0,0.0,0.0,0.0,0.0,0.0,0.0,35.810039331018814,0.0,0.0,6480.534508034586,0.0,78.42515961527818,0.0,0.0,2304.5906983047726,0.0,0.0,0.0,0.0,0.0,0.0,0.0,11785.514230710269,0.0,0.0,0.0,0.0,0.0,0.0,0.0
7039,0.0,589.8473178505898,0.0,0.0,0.0,0.0,0.0,0.0,0.0,0.0,0.0,0.0,0.0,27.80124627873301,0.0,0.0,6304.595388263464,0.0,62.947915317118,0.0,0.0,2201.3251168817283,0.0,0.0,0.0,0.0,0.0,0.0,0.0,12439.219117593766,0.0,0.0,0.0,0.0,0.0,0.0,0.0
7040,0.0,595.5044546842576,0.0,0.0,0.0,0.0,0.0,0.0,0.0,0.0,0.0,0.0,0.0,23.7231934875249,0.0,0.0,6130.924149692058,0.0,37.95441396385429,0.0,0.0,2160.7023017808797,0.0,0.0,0.0,0.0,0.0,0.0,0.0,12889.977701699734,0.0,0.0,0.0,0.0,0.0,0.0,0.0
7041,0.0,597.1502702593804,0.0,0.0,0.0,0.0,0.0,0.0,0.0,0.0,0.0,0.0,0.0,23.38004896864282,0.0,0.0,5960.182371109722,0.0,17.749623642116685,0.0,0.0,2119.151228159666,0.0,0.0,0.0,0.0,0.0,0.0,0.0,13120.744295871258,0.0,0.0,0.0,0.0,0.0,0.0,0.0
7042,0.0,599.9246066093444,0.0,0.0,0.0,0.0,0.0,0.0,0.0,0.0,0.0,0.0,0.0,23.18992218449702,0.0,0.0,5894.119392365217,0.0,14.293661748990331,0.0,0.0,1894.703858421742,0.0,0.0,0.0,0.0,0.0,0.0,0.0,13039.67367991209,0.0,0.0,0.0,0.0,0.0,0.0,0.0
7043,0.0,604.3737683415413,0.0,0.0,0.0,0.0,0.0,0.0,0.0,0.0,0.0,0.0,0.0,23.520151532441325,0.0,0.0,5829.11003910005,0.0,14.218675516731997,0.0,0.0,1673.358404101431,0.0,0.0,0.0,0.0,0.0,0.0,0.0,12969.484705471992,0.0,0.0,0.0,0.0,0.0,0.0,0.0
7044,0.0,608.582939851284,0.0,0.0,0.0,0.0,0.0,0.0,0.0,0.0,0.0,0.0,0.0,23.838653826713454,0.0,0.0,5769.279358133672,0.0,14.259227716922629,0.0,0.0,1494.9396080687638,0.0,0.0,0.0,0.0,0.0,0.0,0.0,12876.63564914465,0.0,0.0,0.0,0.0,0.0,0.0,0.0
7045,0.0,612.6149102568627,0.0,0.0,0.0,0.0,0.0,0.0,0.0,0.0,0.0,0.0,0.0,24.233770069479892,0.0,0.0,5713.309636980294,0.0,14.337538416311071,0.0,0.0,1369.523434996605,0.0,0.0,0.0,0.0,0.0,0.0,0.0,12769.595474255086,0.0,0.0,0.0,0.0,0.0,0.0,0.0
7046,0.0,616.0891292452812,0.0,0.0,0.0,0.0,0.0,0.0,0.0,0.0,0.0,0.0,0.0,24.595747928321227,0.0,0.0,5659.57123711705,0.0,14.354268201999362,0.0,0.0,1312.3763466462487,0.0,0.0,0.0,0.0,0.0,0.0,0.0,12650.373299515248,0.0,0.0,0.0,0.0,0.0,0.0,0.0
7047,0.0,612.9877171397209,0.0,0.0,0.0,0.0,0.0,0.0,0.0,0.0,0.0,0.0,0.0,26.27776890397062,0.0,0.0,5402.253647968172,0.0,14.55164651181532,0.0,0.0,1381.913990794122,0.0,0.0,0.0,0.0,0.0,0.0,0.0,11982.704386681318,0.0,0.0,0.0,0.0,0.0,0.0,0.0
7048,0.0,609.9342245221138,0.0,0.0,0.0,0.0,0.0,0.0,0.0,0.0,0.0,0.0,0.0,26.309948948025653,0.0,0.0,5140.6686617136,0.0,14.713473679683913,0.0,0.0,1471.548916321992,0.0,0.0,0.0,0.0,0.0,0.0,0.0,11362.314130592345,0.0,0.0,0.0,0.0,0.0,0.0,0.0
7049,0.0,607.7746491909027,0.0,0.0,0.0,0.0,0.0,0.0,0.0,0.0,0.0,0.0,0.0,23.87774400562041,0.0,0.0,4921.104235365985,0.0,15.629460245370744,0.0,0.0,1621.0684753865,0.0,0.0,0.0,0.0,0.0,0.0,0.0,10723.907619559764,0.0,0.0,0.0,0.0,0.0,0.0,0.0
7050,0.0,607.1711666464805,0.0,0.0,0.0,0.0,0.0,0.0,0.0,0.0,0.0,0.0,0.0,25.322505809366653,0.0,0.0,4693.657648086548,0.0,15.64362141937013,0.0,0.0,1784.975587378442,0.0,0.0,0.0,0.0,0.0,0.0,0.0,10165.871642804146,0.0,0.0,0.0,0.0,0.0,0.0,0.0
7051,0.0,618.923000228405,0.0,0.0,0.0,0.0,0.0,0.0,0.0,0.0,0.0,0.0,0.0,31.05316246524449,0.0,0.0,4820.352514326572,0.0,14.89344415701925,0.0,0.0,1925.2782599017014,0.0,0.0,0.0,0.0,0.0,0.0,0.0,10479.472075188158,0.0,0.0,0.0,0.0,0.0,0.0,0.0
7052,0.0,630.4170561432838,0.0,0.0,0.0,0.0,0.0,0.0,0.0,0.0,0.0,0.0,0.0,36.017301344126395,0.0,0.0,4942.175189211963,0.0,14.65256062354885,0.0,0.0,2271.363069967925,0.0,0.0,0.0,0.0,0.0,0.0,0.0,10890.198715829849,0.0,0.0,0.0,0.0,0.0,0.0,0.0
7053,0.0,642.2814500212669,0.0,0.0,0.0,0.0,0.0,0.0,0.0,0.0,0.0,0.0,0.0,34.719739983975884,0.0,0.0,5057.472309172153,0.0,14.851571988686832,0.0,0.0,2703.3319266289473,0.0,0.0,0.0,0.0,0.0,0.0,0.0,11277.825553858278,0.0,0.0,0.0,0.0,0.0,0.0,0.0
7054,0.0,647.9141782164573,0.0,0.0,0.0,0.0,0.0,0.0,0.0,0.0,0.0,0.0,0.0,36.24285587966429,0.0,0.0,5166.506794407962,0.0,15.025175124965411,0.0,0.0,3092.4199929624792,0.0,0.0,0.0,0.0,0.0,0.0,0.0,11415.620143473147,0.0,0.0,0.0,0.0,0.0,0.0,0.0
7055,0.0,641.1833979606629,0.0,0.0,0.0,0.0,0.0,0.0,0.0,0.0,0.0,0.0,0.0,47.224780687689716,0.0,0.0,5269.58512586355,0.0,15.260119264945295,0.0,0.0,3310.6140307992696,0.0,0.0,0.0,0.0,0.0,0.0,0.0,11118.122313004733,0.0,0.0,0.0,0.0,0.0,0.0,0.0
7056,0.0,629.7175662875176,0.0,0.0,0.0,0.0,0.0,0.0,0.0,0.0,0.0,0.0,0.0,72.33671512901773,0.0,0.0,5675.270217865704,0.0,26.411475045233953,0.0,0.0,3877.0406497210265,0.0,0.0,0.0,0.0,0.0,0.0,0.0,11320.847308969498,0.0,0.0,0.0,0.0,0.0,0.0,0.0
7057,0.0,615.4065851569176,0.0,0.0,0.0,0.0,0.0,0.0,0.0,0.0,0.0,0.0,0.0,108.30929674804206,0.0,0.0,6045.4004088640195,0.0,38.21396879404776,0.0,0.0,4195.941957011818,0.0,0.0,0.0,0.0,0.0,0.0,0.0,11032.18439361453,0.0,0.0,0.0,0.0,0.0,0.0,0.0
7058,0.0,604.2460578560829,0.0,0.0,0.0,0.0,0.0,0.0,0.0,0.0,0.0,0.0,0.0,148.95800529122346,0.0,0.0,6383.143187195063,0.0,53.806095708906554,0.0,0.0,4332.418363657593,0.0,0.0,0.0,0.0,0.0,0.0,0.0,10652.278704386948,0.0,0.0,0.0,0.0,0.0,0.0,0.0
7059,0.0,593.7777819871902,0.0,0.0,0.0,0.0,0.0,0.0,0.0,0.0,0.0,0.0,0.0,186.32978553771972,0.0,0.0,6688.465882301331,0.0,77.77978504449112,0.0,0.0,4439.086954137682,0.0,0.0,0.0,0.0,0.0,0.0,0.0,10327.90656066537,0.0,0.0,0.0,0.0,0.0,0.0,0.0
7060,0.0,583.7892621159554,0.0,0.0,0.0,0.0,0.0,0.0,0.0,0.0,0.0,0.0,0.0,218.24521570205687,0.0,0.0,6967.883158922194,0.0,102.75079599320883,0.0,0.0,4503.08047890365,0.0,0.0,0.0,0.0,0.0,0.0,0.0,10063.435517489908,0.0,0.0,0.0,0.0,0.0,0.0,0.0
7061,0.0,575.1435540318489,0.0,0.0,0.0,0.0,0.0,0.0,0.0,0.0,0.0,0.0,0.0,225.31440134644507,0.0,0.0,7226.452730506659,0.0,116.01921579241744,0.0,0.0,4372.090970224142,0.0,0.0,0.0,0.0,0.0,0.0,0.0,9819.86278039813,0.0,0.0,0.0,0.0,0.0,0.0,0.0
7062,0.0,556.8883613705635,0.0,0.0,0.0,0.0,0.0,0.0,0.0,0.0,0.0,0.0,0.0,229.64860829710958,0.0,0.0,7007.366305530071,0.0,132.4759820491074,0.0,0.0,4277.935401481389,0.0,0.0,0.0,0.0,0.0,0.0,0.0,9158.9097337842,0.0,0.0,0.0,0.0,0.0,0.0,0.0
7063,0.0,543.7598805785179,0.0,0.0,0.0,0.0,0.0,0.0,0.0,0.0,0.0,0.0,0.0,232.4922436773777,0.0,0.0,6804.523370593784,0.0,146.7719650894403,0.0,0.0,4200.37555706799,0.0,0.0,0.0,0.0,0.0,0.0,0.0,8557.284993612764,0.0,0.0,0.0,0.0,0.0,0.0,0.0
7064,0.0,531.3809413790702,0.0,0.0,0.0,0.0,0.0,0.0,0.0,0.0,0.0,0.0,0.0,231.84552679061878,0.0,0.0,6617.170947134493,0.0,150.26234248876557,0.0,0.0,4134.875201690197,0.0,0.0,0.0,0.0,0.0,0.0,0.0,8042.164457911253,0.0,0.0,0.0,0.0,0.0,0.0,0.0
7065,0.0,515.5707087278366,0.0,0.0,0.0,0.0,0.0,0.0,0.0,0.0,0.0,0.0,0.0,231.17233506441113,0.0,0.0,6448.339618295431,0.0,160.02757980823517,0.0,0.0,4073.911989882588,0.0,0.0,0.0,0.0,0.0,0.0,0.0,7606.069258213043,0.0,0.0,0.0,0.0,0.0,0.0,0.0
7066,0.0,492.9299851298332,0.0,0.0,0.0,0.0,0.0,0.0,0.0,0.0,0.0,0.0,0.0,214.29896266460406,0.0,0.0,6348.392215266824,0.0,156.68019247353058,0.0,0.0,3859.9154002279042,0.0,0.0,0.0,0.0,0.0,0.0,0.0,7230.385032600164,0.0,0.0,0.0,0.0,0.0,0.0,0.0
7067,0.0,474.0006090402603,0.0,0.0,0.0,0.0,0.0,0.0,0.0,0.0,0.0,0.0,0.0,199.0877214848995,0.0,0.0,6265.320321992038,0.0,158.55114217996586,0.0,0.0,3643.0386659860606,0.0,0.0,0.0,0.0,0.0,0.0,0.0,6868.983775109053,0.0,0.0,0.0,0.0,0.0,0.0,0.0
7068,0.0,458.19786731600755,0.0,0.0,0.0,0.0,0.0,0.0,0.0,0.0,0.0,0.0,0.0,185.48225441575048,0.0,0.0,6183.584421157837,0.0,177.56624197363837,0.0,0.0,3433.181697580218,0.0,0.0,0.0,0.0,0.0,0.0,0.0,6514.790899980068,0.0,0.0,0.0,0.0,0.0,0.0,0.0
7069,0.0,444.89148402214045,0.0,0.0,0.0,0.0,0.0,0.0,0.0,0.0,0.0,0.0,0.0,176.83450927138324,0.0,0.0,6106.614143431185,0.0,212.13302300572386,0.0,0.0,3224.8197521924967,0.0,0.0,0.0,0.0,0.0,0.0,0.0,6188.693864923715,0.0,0.0,0.0,0.0,0.0,0.0,0.0
7070,0.0,433.8749396324157,0.0,0.0,0.0,0.0,0.0,0.0,0.0,0.0,0.0,0.0,0.0,170.96243023276327,0.0,0.0,6034.085505783556,0.0,239.09484603106964,0.0,0.0,3019.9062296837565,0.0,0.0,0.0,0.0,0.0,0.0,0.0,5893.673441275953,0.0,0.0,0.0,0.0,0.0,0.0,0.0
7071,0.0,409.72062794566153,0.0,0.0,0.0,0.0,0.0,0.0,0.0,0.0,0.0,0.0,0.0,176.00536034107208,0.0,0.0,5844.429030150174,0.0,293.5458272278308,0.0,0.0,3153.4940144956113,0.0,0.0,0.0,0.0,0.0,0.0,0.0,4929.150006502866,0.0,0.0,0.0,0.0,0.0,0.0,0.0
7072,0.0,385.0296348273754,0.0,0.0,0.0,0.0,0.0,0.0,0.0,0.0,0.0,0.0,0.0,181.4620691001415,0.0,0.0,5678.848810717463,0.0,342.519242608547,0.0,0.0,3254.8337471097702,0.0,0.0,0.0,0.0,0.0,0.0,0.0,4167.940272745489,0.0,0.0,0.0,0.0,0.0,0.0,0.0
7073,0.0,369.70993164181704,0.0,0.0,0.0,0.0,0.0,0.0,0.0,0.0,0.0,0.0,0.0,184.81702083349217,0.0,0.0,5534.411887079477,0.0,369.3417955636978,0.0,0.0,3353.8019699424503,0.0,0.0,0.0,0.0,0.0,0.0,0.0,3672.025696912406,0.0,0.0,0.0,0.0,0.0,0.0,0.0
7074,0.0,363.20991121530534,0.0,0.0,0.0,0.0,0.0,0.0,0.0,0.0,0.0,0.0,0.0,193.26995958089827,0.0,0.0,5396.149309873581,0.0,403.5925400972365,0.0,0.0,3452.771403810382,0.0,0.0,0.0,0.0,0.0,0.0,0.0,3454.0424640774713,0.0,0.0,0.0,0.0,0.0,0.0,0.0
7075,0.0,393.8515340030193,0.0,0.0,0.0,0.0,0.0,0.0,0.0,0.0,0.0,0.0,0.0,218.3296616971492,0.0,0.0,5589.306980252264,0.0,425.31831535100923,0.0,0.0,3344.265067335963,0.0,0.0,0.0,0.0,0.0,0.0,0.0,3554.70849650204,0.0,0.0,0.0,0.0,0.0,0.0,0.0
7076,0.0,418.5699657976627,0.0,0.0,0.0,0.0,0.0,0.0,0.0,0.0,0.0,0.0,0.0,248.9295322060584,0.0,0.0,5774.318791627882,0.0,446.97887954711916,0.0,0.0,3223.4730809926987,0.0,0.0,0.0,0.0,0.0,0.0,0.0,3703.6855891853565,0.0,0.0,0.0,0.0,0.0,0.0,0.0
7077,0.0,439.12894114851946,0.0,0.0,0.0,0.0,0.0,0.0,0.0,0.0,0.0,0.0,0.0,278.79346494674684,0.0,0.0,5939.024295777081,0.0,470.4768245756626,0.0,0.0,3101.3559193253514,0.0,0.0,0.0,0.0,0.0,0.0,0.0,3850.328835186362,0.0,0.0,0.0,0.0,0.0,0.0,0.0
7078,0.0,458.5896399915218,0.0,0.0,0.0,0.0,0.0,0.0,0.0,0.0,0.0,0.0,0.0,305.98494086265566,0.0,0.0,6094.904471114278,0.0,480.0062349975107,0.0,0.0,3049.3570932090283,0.0,0.0,0.0,0.0,0.0,0.0,0.0,3963.6473252445453,0.0,0.0,0.0,0.0,0.0,0.0,0.0
7079,0.0,471.9372654676437,0.0,0.0,0.0,0.0,0.0,0.0,0.0,0.0,0.0,0.0,0.0,326.7596868515014,0.0,0.0,6239.792948529122,0.0,459.86556270718563,0.0,0.0,3008.379898917675,0.0,0.0,0.0,0.0,0.0,0.0,0.0,4022.1554946750402,0.0,0.0,0.0,0.0,0.0,0.0,0.0
7080,0.0,484.2756358265877,0.0,0.0,0.0,0.0,0.0,0.0,0.0,0.0,0.0,0.0,0.0,339.01567687988273,0.0,0.0,6659.270071953535,0.0,437.2131086826324,0.0,0.0,1634.265277902781,0.0,0.0,0.0,0.0,0.0,0.0,0.0,4585.34264062643,0.0,0.0,0.0,0.0,0.0,0.0,0.0
7081,0.0,494.1159644007683,0.0,0.0,0.0,0.0,0.0,0.0,0.0,0.0,0.0,0.0,0.0,343.9778598487377,0.0,0.0,7029.205795347691,0.0,383.37319955825797,0.0,0.0,844.0311699941747,0.0,0.0,0.0,0.0,0.0,0.0,0.0,5090.856941881776,0.0,0.0,0.0,0.0,0.0,0.0,0.0
7082,0.0,501.40690888166426,0.0,0.0,0.0,0.0,0.0,0.0,0.0,0.0,0.0,0.0,0.0,344.09915989637375,0.0,0.0,7351.083906531334,0.0,318.5969514429568,0.0,0.0,491.2179616045199,0.0,0.0,0.0,0.0,0.0,0.0,0.0,5569.552618199586,0.0,0.0,0.0,0.0,0.0,0.0,0.0
7083,0.0,510.63690927028654,0.0,0.0,0.0,0.0,0.0,0.0,0.0,0.0,0.0,0.0,0.0,342.00852185487736,0.0,0.0,7608.429110080004,0.0,259.68110251426697,0.0,0.0,422.01672034263567,0.0,0.0,0.0,0.0,0.0,0.0,0.0,6027.852268111706,0.0,0.0,0.0,0.0,0.0,0.0,0.0
7084,0.0,514.0169726371765,0.0,0.0,0.0,0.0,0.0,0.0,0.0,0.0,0.0,0.0,0.0,337.554561650753,0.0,0.0,7824.681753128765,0.0,212.88932306766498,0.0,0.0,460.9102906387295,0.0,0.0,0.0,0.0,0.0,0.0,0.0,6438.468978571892,0.0,0.0,0.0,0.0,0.0,0.0,0.0
7085,0.0,516.5817874789238,0.0,0.0,0.0,0.0,0.0,0.0,0.0,0.0,0.0,0.0,0.0,330.02795085906985,0.0,0.0,8016.930092990397,0.0,181.96912955939763,0.0,0.0,436.2724596519016,0.0,0.0,0.0,0.0,0.0,0.0,0.0,6770.7568185865875,0.0,0.0,0.0,0.0,0.0,0.0,0.0
7086,0.0,503.5956062436104,0.0,0.0,0.0,0.0,0.0,0.0,0.0,0.0,0.0,0.0,0.0,319.2228313505649,0.0,0.0,7746.029719561338,0.0,147.41306388974178,0.0,0.0,386.37988875210186,0.0,0.0,0.0,0.0,0.0,0.0,0.0,6499.510604751109,0.0,0.0,0.0,0.0,0.0,0.0,0.0
7087,0.0,487.8392409324646,0.0,0.0,0.0,0.0,0.0,0.0,0.0,0.0,0.0,0.0,0.0,308.6099402487278,0.0,0.0,7521.278064340353,0.0,120.58576831221578,0.0,0.0,372.1945408668368,0.0,0.0,0.0,0.0,0.0,0.0,0.0,6194.3878143906595,0.0,0.0,0.0,0.0,0.0,0.0,0.0
7088,0.0,466.1399332702159,0.0,0.0,0.0,0.0,0.0,0.0,0.0,0.0,0.0,0.0,0.0,292.2555060863495,0.0,0.0,7336.5213944613915,0.0,99.5453242227434,0.0,0.0,371.52994742766,0.0,0.0,0.0,0.0,0.0,0.0,0.0,5843.778880146145,0.0,0.0,0.0,0.0,0.0,0.0,0.0
7089,0.0,442.3434746682643,0.0,0.0,0.0,0.0,0.0,0.0,0.0,0.0,0.0,0.0,0.0,273.21373000741,0.0,0.0,7173.195832431316,0.0,84.65082964897147,0.0,0.0,369.7585056133566,0.0,0.0,0.0,0.0,0.0,0.0,0.0,5483.747410574555,0.0,0.0,0.0,0.0,0.0,0.0,0.0
7090,0.0,408.9000768542289,0.0,0.0,0.0,0.0,0.0,0.0,0.0,0.0,0.0,0.0,0.0,234.2231287777423,0.0,0.0,6816.1035274863225,0.0,64.22968311756843,0.0,0.0,357.8054741453378,0.0,0.0,0.0,0.0,0.0,0.0,0.0,5123.532241883873,0.0,0.0,0.0,0.0,0.0,0.0,0.0
7091,0.0,373.95215300917624,0.0,0.0,0.0,0.0,0.0,0.0,0.0,0.0,0.0,0.0,0.0,195.55582994818678,0.0,0.0,6488.8048263043165,0.0,49.39976972192522,0.0,0.0,361.2596872866151,0.0,0.0,0.0,0.0,0.0,0.0,0.0,4817.226255622505,0.0,0.0,0.0,0.0,0.0,0.0,0.0
7092,0.0,332.14778650403025,0.0,0.0,0.0,0.0,0.0,0.0,0.0,0.0,0.0,0.0,0.0,159.68587476015088,0.0,0.0,6191.023973822593,0.0,34.17649285197247,0.0,0.0,375.9021252896634,0.0,0.0,0.0,0.0,0.0,0.0,0.0,4550.783701428771,0.0,0.0,0.0,0.0,0.0,0.0,0.0
7093,0.0,290.9851146876812,0.0,0.0,0.0,0.0,0.0,0.0,0.0,0.0,0.0,0.0,0.0,130.22953349351883,0.0,0.0,5931.639582976697,0.0,25.880425462499154,0.0,0.0,388.4179097011679,0.0,0.0,0.0,0.0,0.0,0.0,0.0,4319.147067728639,0.0,0.0,0.0,0.0,0.0,0.0,0.0
7094,0.0,260.9355276346206,0.0,0.0,0.0,0.0,0.0,0.0,0.0,0.0,0.0,0.0,0.0,110.98873656392087,0.0,0.0,5695.016458392143,0.0,24.866300886496713,0.0,0.0,404.7402428224673,0.0,0.0,0.0,0.0,0.0,0.0,0.0,4127.415089914201,0.0,0.0,0.0,0.0,0.0,0.0,0.0
7095,0.0,222.06820770800113,0.0,0.0,0.0,0.0,0.0,0.0,0.0,0.0,0.0,0.0,0.0,112.53073343634595,0.0,0.0,5535.23059569299,0.0,40.696079497039214,0.0,0.0,612.9618595004074,0.0,0.0,0.0,0.0,0.0,0.0,0.0,3173.1115458965296,0.0,0.0,0.0,0.0,0.0,0.0,0.0
7096,0.0,191.82048984467977,0.0,0.0,0.0,0.0,0.0,0.0,0.0,0.0,0.0,0.0,0.0,124.68999278545378,0.0,0.0,5370.425135195254,0.0,62.58025833815318,0.0,0.0,896.7243734478945,0.0,0.0,0.0,0.0,0.0,0.0,0.0,2371.8029703736306,0.0,0.0,0.0,0.0,0.0,0.0,0.0
7097,0.0,165.73152702748774,0.0,0.0,0.0,0.0,0.0,0.0,0.0,0.0,0.0,0.0,0.0,139.18858777880666,0.0,0.0,5306.505189448594,0.0,83.27025968581421,0.0,0.0,1146.543234466016,0.0,0.0,0.0,0.0,0.0,0.0,0.0,1787.0091195702537,0.0,0.0,0.0,0.0,0.0,0.0,0.0
7098,0.0,143.24536341726778,0.0,0.0,0.0,0.0,0.0,0.0,0.0,0.0,0.0,0.0,0.0,163.67099940776822,0.0,0.0,5263.182474464177,0.0,108.32348102927195,0.0,0.0,1512.470705750584,0.0,0.0,0.0,0.0,0.0,0.0,0.0,1452.494108542798,0.0,0.0,0.0,0.0,0.0,0.0,0.0
7099,0.0,145.9628865569829,0.0,0.0,0.0,0.0,0.0,0.0,0.0,0.0,0.0,0.0,0.0,201.71341580748555,0.0,0.0,5467.369569480419,0.0,127.06386442184443,0.0,0.0,1779.0215325638649,0.0,0.0,0.0,0.0,0.0,0.0,0.0,1563.561741973459,0.0,0.0,0.0,0.0,0.0,0.0,0.0
7100,0.0,149.34150504469864,0.0,0.0,0.0,0.0,0.0,0.0,0.0,0.0,0.0,0.0,0.0,243.02167514562603,0.0,0.0,5653.604193150995,0.0,154.33640331625926,0.0,0.0,2095.4252310276024,0.0,0.0,0.0,0.0,0.0,0.0,0.0,1638.1434035181996,0.0,0.0,0.0,0.0,0.0,0.0,0.0
7101,0.0,151.19336319565772,0.0,0.0,0.0,0.0,0.0,0.0,0.0,0.0,0.0,0.0,0.0,284.82134426832187,0.0,0.0,5819.219027817249,0.0,184.81230203211308,0.0,0.0,2435.489984858036,0.0,0.0,0.0,0.0,0.0,0.0,0.0,1697.7304436609143,0.0,0.0,0.0,0.0,0.0,0.0,0.0
7102,0.0,150.11518874466412,0.0,0.0,0.0,0.0,0.0,0.0,0.0,0.0,0.0,0.0,0.0,317.6566686213016,0.0,0.0,5962.091265112162,0.0,214.85130148231977,0.0,0.0,2669.7375059902665,0.0,0.0,0.0,0.0,0.0,0.0,0.0,1736.345408782362,0.0,0.0,0.0,0.0,0.0,0.0,0.0
7103,0.0,146.36708799898625,0.0,0.0,0.0,0.0,0.0,0.0,0.0,0.0,0.0,0.0,0.0,332.2680450856686,0.0,0.0,6086.060862347482,0.0,238.12391266524773,0.0,0.0,2680.565372174978,0.0,0.0,0.0,0.0,0.0,0.0,0.0,1755.2989631682617,0.0,0.0,0.0,0.0,0.0,0.0,0.0
7104,0.0,154.4423633962869,0.0,0.0,0.0,0.0,0.0,0.0,0.0,0.0,0.0,0.0,0.0,331.0876169562339,0.0,0.0,6654.7553120553475,0.0,275.45364174842825,0.0,0.0,3072.7070638954638,0.0,0.0,0.0,0.0,0.0,0.0,0.0,2144.435894742607,0.0,0.0,0.0,0.0,0.0,0.0,0.0
7105,0.0,166.1586501449346,0.0,0.0,0.0,0.0,0.0,0.0,0.0,0.0,0.0,0.0,0.0,313.2320975065231,0.0,0.0,7146.208396196365,0.0,303.1119633316993,0.0,0.0,3095.447883850336,0.0,0.0,0.0,0.0,0.0,0.0,0.0,2444.640936736761,0.0,0.0,0.0,0.0,0.0,0.0,0.0
7106,0.0,177.09329934418193,0.0,0.0,0.0,0.0,0.0,0.0,0.0,0.0,0.0,0.0,0.0,291.1964676737785,0.0,0.0,7541.409350723026,0.0,327.06875707507123,0.0,0.0,2969.9749435007566,0.0,0.0,0.0,0.0,0.0,0.0,0.0,2683.432253351806,0.0,0.0,0.0,0.0,0.0,0.0,0.0
7107,0.0,186.08356201350682,0.0,0.0,0.0,0.0,0.0,0.0,0.0,0.0,0.0,0.0,0.0,275.8004406332969,0.0,0.0,7854.55897796154,0.0,353.2997271716593,0.0,0.0,3019.2322885662315,0.0,0.0,0.0,0.0,0.0,0.0,0.0,2886.6680268868786,0.0,0.0,0.0,0.0,0.0,0.0,0.0
7108,0.0,192.67876210212702,0.0,0.0,0.0,0.0,0.0,0.0,0.0,0.0,0.0,0.0,0.0,268.8605355978012,0.0,0.0,8115.182905316351,0.0,385.8999798357487,0.0,0.0,3217.3870233356947,0.0,0.0,0.0,0.0,0.0,0.0,0.0,3067.3207419842483,0.0,0.0,0.0,0.0,0.0,0.0,0.0
7109,0.0,196.50083224475378,0.0,0.0,0.0,0.0,0.0,0.0,0.0,0.0,0.0,0.0,0.0,264.4260560333728,0.0,0.0,8347.342998385428,0.0,419.0696732401847,0.0,0.0,3410.7212322860955,0.0,0.0,0.0,0.0,0.0,0.0,0.0,3219.6286468446256,0.0,0.0,0.0,0.0,0.0,0.0,0.0
7110,0.0,204.5713241100311,0.0,0.0,0.0,0.0,0.0,0.0,0.0,0.0,0.0,0.0,0.0,268.9552038848399,0.0,0.0,8063.760225683451,0.0,434.7384972512721,0.0,0.0,3214.0230701655146,0.0,0.0,0.0,0.0,0.0,0.0,0.0,2980.165815930068,0.0,0.0,0.0,0.0,0.0,0.0,0.0
7111,0.0,215.05442752540102,0.0,0.0,0.0,0.0,0.0,0.0,0.0,0.0,0.0,0.0,0.0,278.01011457443235,0.0,0.0,7831.646026968954,0.0,452.7109611570834,0.0,0.0,3041.26283634603,0.0,0.0,0.0,0.0,0.0,0.0,0.0,2757.9627467364066,0.0,0.0,0.0,0.0,0.0,0.0,0.0
7112,0.0,222.92253811061383,0.0,0.0,0.0,0.0,0.0,0.0,0.0,0.0,0.0,0.0,0.0,286.01499860882745,0.0,0.0,7637.261654943228,0.0,472.9814627349376,0.0,0.0,2900.078832918405,0.0,0.0,0.0,0.0,0.0,0.0,0.0,2552.2916942298407,0.0,0.0,0.0,0.0,0.0,0.0,0.0
7113,0.0,228.04167488515372,0.0,0.0,0.0,0.0,0.0,0.0,0.0,0.0,0.0,0.0,0.0,296.92621923089024,0.0,0.0,7487.5426022410375,0.0,472.8717006683349,0.0,0.0,2753.355554249882,0.0,0.0,0.0,0.0,0.0,0.0,0.0,2362.1754007935524,0.0,0.0,0.0,0.0,0.0,0.0,0.0
7114,0.0,212.27046799957748,0.0,0.0,0.0,0.0,0.0,0.0,0.0,0.0,0.0,0.0,0.0,294.8348862528801,0.0,0.0,7494.7301248908025,0.0,466.05892362594585,0.0,0.0,2604.3876217424868,0.0,0.0,0.0,0.0,0.0,0.0,0.0,2326.2191911309947,0.0,0.0,0.0,0.0,0.0,0.0,0.0
7115,0.0,197.69894569516183,0.0,0.0,0.0,0.0,0.0,0.0,0.0,0.0,0.0,0.0,0.0,296.5411123156547,0.0,0.0,7509.995831817387,0.0,464.3219678223133,0.0,0.0,2472.4604690194124,0.0,0.0,0.0,0.0,0.0,0.0,0.0,2294.938268694281,0.0,0.0,0.0,0.0,0.0,0.0,0.0
7116,0.0,183.0171075671911,0.0,0.0,0.0,0.0,0.0,0.0,0.0,0.0,0.0,0.0,0.0,303.8060907185077,0.0,0.0,7552.15485265851,0.0,473.58875553011893,0.0,0.0,2351.561911574006,0.0,0.0,0.0,0.0,0.0,0.0,0.0,2267.7240397483097,0.0,0.0,0.0,0.0,0.0,0.0,0.0
7117,0.0,168.63887642920017,0.0,0.0,0.0,0.0,0.0,0.0,0.0,0.0,0.0,0.0,0.0,314.2654232680797,0.0,0.0,7598.409361243248,0.0,491.1999501764774,0.0,0.0,2241.59446106851,0.0,0.0,0.0,0.0,0.0,0.0,0.0,2244.0487309381347,0.0,0.0,0.0,0.0,0.0,0.0,0.0
7118,0.0,155.7133520632982,0.0,0.0,0.0,0.0,0.0,0.0,0.0,0.0,0.0,0.0,0.0,328.5984216153621,0.0,0.0,7626.764293670654,0.0,509.59181010723114,0.0,0.0,2131.990169759095,0.0,0.0,0.0,0.0,0.0,0.0,0.0,2223.4514672100545,0.0,0.0,0.0,0.0,0.0,0.0,0.0
7119,0.0,130.4472268939018,0.0,0.0,0.0,0.0,0.0,0.0,0.0,0.0,0.0,0.0,0.0,356.6364871263504,0.0,0.0,7611.723391294479,0.0,544.4454012274741,0.0,0.0,2144.9644445478916,0.0,0.0,0.0,0.0,0.0,0.0,0.0,1614.4756885692454,0.0,0.0,0.0,0.0,0.0,0.0,0.0
7120,0.0,105.50172462165352,0.0,0.0,0.0,0.0,0.0,0.0,0.0,0.0,0.0,0.0,0.0,393.9121643781662,0.0,0.0,7613.050438225269,0.0,583.1633996248244,0.0,0.0,2176.0465725570907,0.0,0.0,0.0,0.0,0.0,0.0,0.0,1410.1845491304987,0.0,0.0,0.0,0.0,0.0,0.0,0.0
7121,0.0,83.33003265112636,0.0,0.0,0.0,0.0,0.0,0.0,0.0,0.0,0.0,0.0,0.0,416.2197161436081,0.0,0.0,7690.412762641905,0.0,604.3433583259581,0.0,0.0,2161.945883604884,0.0,0.0,0.0,0.0,0.0,0.0,0.0,1418.3861000567654,0.0,0.0,0.0,0.0,0.0,0.0,0.0
7122,0.0,65.40982751101252,0.0,0.0,0.0,0.0,0.0,0.0,0.0,0.0,0.0,0.0,0.0,447.85111902952195,0.0,0.0,7781.731638073919,0.0,640.5053796768188,0.0,0.0,2180.3605828821655,0.0,0.0,0.0,0.0,0.0,0.0,0.0,1513.9660535246128,0.0,0.0,0.0,0.0,0.0,0.0,0.0
7123,0.0,74.46791533380741,0.0,0.0,0.0,0.0,0.0,0.0,0.0,0.0,0.0,0.0,0.0,491.98371244668954,0.0,0.0,7930.182761996983,0.0,666.986285972595,0.0,0.0,2162.7191296130413,0.0,0.0,0.0,0.0,0.0,0.0,0.0,1633.3692152902474,0.0,0.0,0.0,0.0,0.0,0.0,0.0
7124,0.0,79.33669522851704,0.0,0.0,0.0,0.0,0.0,0.0,0.0,0.0,0.0,0.0,0.0,535.3563143253326,0.0,0.0,7997.014276713133,0.0,693.8021399736404,0.0,0.0,2145.493364194035,0.0,0.0,0.0,0.0,0.0,0.0,0.0,1720.9743488311751,0.0,0.0,0.0,0.0,0.0,0.0,0.0
7125,0.0,82.23541042506695,0.0,0.0,0.0,0.0,0.0,0.0,0.0,0.0,0.0,0.0,0.0,577.3976420164107,0.0,0.0,8018.737085968256,0.0,718.0702572345733,0.0,0.0,2125.570623269677,0.0,0.0,0.0,0.0,0.0,0.0,0.0,1790.092950451374,0.0,0.0,0.0,0.0,0.0,0.0,0.0
7126,0.0,84.33801122456784,0.0,0.0,0.0,0.0,0.0,0.0,0.0,0.0,0.0,0.0,0.0,614.852837061882,0.0,0.0,8020.540967464445,0.0,734.1175721526145,0.0,0.0,2106.966094216704,0.0,0.0,0.0,0.0,0.0,0.0,0.0,1815.40762925446,0.0,0.0,0.0,0.0,0.0,0.0,0.0
7127,0.0,86.3499142929911,0.0,0.0,0.0,0.0,0.0,0.0,0.0,0.0,0.0,0.0,0.0,643.2712121844291,0.0,0.0,8027.963406980036,0.0,735.9581246137619,0.0,0.0,2088.9782848656178,0.0,0.0,0.0,0.0,0.0,0.0,0.0,1774.9520568177104,0.0,0.0,0.0,0.0,0.0,0.0,0.0
7128,0.0,84.55949857681988,0.0,0.0,0.0,0.0,0.0,0.0,0.0,0.0,0.0,0.0,0.0,657.1843792080878,0.0,0.0,8331.602790504692,0.0,744.8678521394729,0.0,0.0,2675.8608029812576,0.0,0.0,0.0,0.0,0.0,0.0,0.0,2300.3071285784245,0.0,0.0,0.0,0.0,0.0,0.0,0.0
7129,0.0,82.62101781517259,0.0,0.0,0.0,0.0,0.0,0.0,0.0,0.0,0.0,0.0,0.0,660.1368730306624,0.0,0.0,8599.733167380093,0.0,739.4453155636787,0.0,0.0,3210.912828880548,0.0,0.0,0.0,0.0,0.0,0.0,0.0,2768.708060365915,0.0,0.0,0.0,0.0,0.0,0.0,0.0
7130,0.0,80.92395812720054,0.0,0.0,0.0,0.0,0.0,0.0,0.0,0.0,0.0,0.0,0.0,655.589432656765,0.0,0.0,8832.198963522911,0.0,726.1422598004341,0.0,0.0,3584.7951365947724,0.0,0.0,0.0,0.0,0.0,0.0,0.0,3161.6744676709177,0.0,0.0,0.0,0.0,0.0,0.0,0.0
7131,0.0,79.88905991166824,0.0,0.0,0.0,0.0,0.0,0.0,0.0,0.0,0.0,0.0,0.0,647.1580593585967,0.0,0.0,9023.73166260123,0.0,712.159586250782,0.0,0.0,3824.388772845268,0.0,0.0,0.0,0.0,0.0,0.0,0.0,3503.5974711269128,0.0,0.0,0.0,0.0,0.0,0.0,0.0
7132,0.0,80.71704581826923,0.0,0.0,0.0,0.0,0.0,0.0,0.0,0.0,0.0,0.0,0.0,638.3892159223556,0.0,0.0,9187.62195855379,0.0,692.0206924438477,0.0,0.0,3918.5052857011556,0.0,0.0,0.0,0.0,0.0,0.0,0.0,3815.309924966097,0.0,0.0,0.0,0.0,0.0,0.0,0.0
7133,0.0,86.14815024286503,0.0,0.0,0.0,0.0,0.0,0.0,0.0,0.0,0.0,0.0,0.0,623.2901733636857,0.0,0.0,9329.192040771244,0.0,662.4365104794502,0.0,0.0,3958.5357531845566,0.0,0.0,0.0,0.0,0.0,0.0,0.0,4097.122092661261,0.0,0.0,0.0,0.0,0.0,0.0,0.0
7134,0.0,98.39005036801096,0.0,0.0,0.0,0.0,0.0,0.0,0.0,0.0,0.0,0.0,0.0,614.3458024144171,0.0,0.0,9025.82568976283,0.0,622.1087474822998,0.0,0.0,3774.9685435384513,0.0,0.0,0.0,0.0,0.0,0.0,0.0,3831.7976441293936,0.0,0.0,0.0,0.0,0.0,0.0,0.0
7135,0.0,114.9293297722935,0.0,0.0,0.0,0.0,0.0,0.0,0.0,0.0,0.0,0.0,0.0,608.219511115551,0.0,0.0,8801.763227730988,0.0,583.9012331008911,0.0,0.0,3594.8110036432745,0.0,0.0,0.0,0.0,0.0,0.0,0.0,3602.0178903043256,0.0,0.0,0.0,0.0,0.0,0.0,0.0
7136,0.0,137.71877071559425,0.0,0.0,0.0,0.0,0.0,0.0,0.0,0.0,0.0,0.0,0.0,597.9881625771521,0.0,0.0,8607.396746724844,0.0,544.6792717933655,0.0,0.0,3425.758354246616,0.0,0.0,0.0,0.0,0.0,0.0,0.0,3403.0851239889857,0.0,0.0,0.0,0.0,0.0,0.0,0.0
7137,0.0,160.60812575519085,0.0,0.0,0.0,0.0,0.0,0.0,0.0,0.0,0.0,0.0,0.0,584.8966795206069,0.0,0.0,8414.754026561975,0.0,519.1150551199913,0.0,0.0,3259.614611524343,0.0,0.0,0.0,0.0,0.0,0.0,0.0,3230.915655907987,0.0,0.0,0.0,0.0,0.0,0.0,0.0
7138,0.0,174.75217424333093,0.0,0.0,0.0,0.0,0.0,0.0,0.0,0.0,0.0,0.0,0.0,550.8695838809012,0.0,0.0,8187.874895751476,0.0,476.5078988850117,0.0,0.0,3083.129233270883,0.0,0.0,0.0,0.0,0.0,0.0,0.0,3076.641664215922,0.0,0.0,0.0,0.0,0.0,0.0,0.0
7139,0.0,194.74026801288127,0.0,0.0,0.0,0.0,0.0,0.0,0.0,0.0,0.0,0.0,0.0,515.0710726499558,0.0,0.0,7980.664996296167,0.0,432.6299569845198,0.0,0.0,2882.8954537332056,0.0,0.0,0.0,0.0,0.0,0.0,0.0,2929.0773913323874,0.0,0.0,0.0,0.0,0.0,0.0,0.0
7140,0.0,217.03050320148466,0.0,0.0,0.0,0.0,0.0,0.0,0.0,0.0,0.0,0.0,0.0,475.9279888987541,0.0,0.0,7780.69395893812,0.0,385.9658430039882,0.0,0.0,2650.5268537938596,0.0,0.0,0.0,0.0,0.0,0.0,0.0,2787.1311293035733,0.0,0.0,0.0,0.0,0.0,0.0,0.0
7141,0.0,242.32680249810213,0.0,0.0,0.0,0.0,0.0,0.0,0.0,0.0,0.0,0.0,0.0,434.0707969665527,0.0,0.0,7587.525398373604,0.0,344.69545416831954,0.0,0.0,2417.7413549691432,0.0,0.0,0.0,0.0,0.0,0.0,0.0,2652.5140281915646,0.0,0.0,0.0,0.0,0.0,0.0,0.0
7142,0.0,268.02623711228364,0.0,0.0,0.0,0.0,0.0,0.0,0.0,0.0,0.0,0.0,0.0,394.84288612604144,0.0,0.0,7410.724787116051,0.0,310.9768911480902,0.0,0.0,2214.919290339946,0.0,0.0,0.0,0.0,0.0,0.0,0.0,2537.8246653765423,0.0,0.0,0.0,0.0,0.0,0.0,0.0
7143,0.0,261.42936769723894,0.0,0.0,0.0,0.0,0.0,0.0,0.0,0.0,0.0,0.0,0.0,374.0006192088127,0.0,0.0,7319.243336766958,0.0,302.0931887626646,0.0,0.0,2155.808962467312,0.0,0.0,0.0,0.0,0.0,0.0,0.0,2080.2088245868663,0.0,0.0,0.0,0.0,0.0,0.0,0.0
7144,0.0,254.75607399344437,0.0,0.0,0.0,0.0,0.0,0.0,0.0,0.0,0.0,0.0,0.0,359.7330345630645,0.0,0.0,7219.91861900687,0.0,295.6355155706405,0.0,0.0,2099.5515308886756,0.0,0.0,0.0,0.0,0.0,0.0,0.0,1783.3517713606357,0.0,0.0,0.0,0.0,0.0,0.0,0.0
7145,0.0,252.70889062285423,0.0,0.0,0.0,0.0,0.0,0.0,0.0,0.0,0.0,0.0,0.0,343.0200355768203,0.0,0.0,7096.458137959242,0.0,286.46423242092135,0.0,0.0,1943.8671968758097,0.0,0.0,0.0,0.0,0.0,0.0,0.0,1736.4708882987497,0.0,0.0,0.0,0.0,0.0,0.0,0.0
7146,0.0,258.9427446663379,0.0,0.0,0.0,0.0,0.0,0.0,0.0,0.0,0.0,0.0,0.0,336.3160278618335,0.0,0.0,6885.11230149865,0.0,282.3101101994514,0.0,0.0,1804.857001724839,0.0,0.0,0.0,0.0,0.0,0.0,0.0,1805.4086836993688,0.0,0.0,0.0,0.0,0.0,0.0,0.0
7147,0.0,278.934036809206,0.0,0.0,0.0,0.0,0.0,0.0,0.0,0.0,0.0,0.0,0.0,342.9196284592151,0.0,0.0,6782.448963910341,0.0,267.73834366798394,0.0,0.0,1639.6436368346215,0.0,0.0,0.0,0.0,0.0,0.0,0.0,2012.2206234514713,0.0,0.0,0.0,0.0,0.0,0.0,0.0
7148,0.0,298.1164210617542,0.0,0.0,0.0,0.0,0.0,0.0,0.0,0.0,0.0,0.0,0.0,352.46043427586557,0.0,0.0,6658.531872928143,0.0,251.2414874315262,0.0,0.0,1478.7495805487035,0.0,0.0,0.0,0.0,0.0,0.0,0.0,2197.421519002317,0.0,0.0,0.0,0.0,0.0,0.0,0.0
7149,0.0,317.77901020646095,0.0,0.0,0.0,0.0,0.0,0.0,0.0,0.0,0.0,0.0,0.0,364.2691541969776,0.0,0.0,6538.317445129156,0.0,232.4020721554756,0.0,0.0,1316.6320758998395,0.0,0.0,0.0,0.0,0.0,0.0,0.0,2334.4784192413085,0.0,0.0,0.0,0.0,0.0,0.0,0.0
7150,0.0,340.108201020956,0.0,0.0,0.0,0.0,0.0,0.0,0.0,0.0,0.0,0.0,0.0,376.94961593151095,0.0,0.0,6442.017865419388,0.0,221.56741795241825,0.0,0.0,1178.482094226032,0.0,0.0,0.0,0.0,0.0,0.0,0.0,2415.621719300745,0.0,0.0,0.0,0.0,0.0,0.0,0.0
7151,0.0,347.00574558377264,0.0,0.0,0.0,0.0,0.0,0.0,0.0,0.0,0.0,0.0,0.0,388.8145136237144,0.0,0.0,6421.185717791318,0.0,227.8574098020792,0.0,0.0,1085.6813711710267,0.0,0.0,0.0,0.0,0.0,0.0,0.0,2429.984603771567,0.0,0.0,0.0,0.0,0.0,0.0,0.0
7152,0.0,375.32666797041895,0.0,0.0,0.0,0.0,0.0,0.0,0.0,0.0,0.0,0.0,0.0,401.67595027685167,0.0,0.0,6879.145257532595,0.0,276.36090540885914,0.0,0.0,1629.419471722841,0.0,0.0,0.0,0.0,0.0,0.0,0.0,2967.4697839975347,0.0,0.0,0.0,0.0,0.0,0.0,0.0
7153,0.0,390.6739781677723,0.0,0.0,0.0,0.0,0.0,0.0,0.0,0.0,0.0,0.0,0.0,414.8489874958992,0.0,0.0,7405.887210994959,0.0,338.64105208516116,0.0,0.0,2284.8506723240007,0.0,0.0,0.0,0.0,0.0,0.0,0.0,3432.7847152292725,0.0,0.0,0.0,0.0,0.0,0.0,0.0
7154,0.0,401.0301987469196,0.0,0.0,0.0,0.0,0.0,0.0,0.0,0.0,0.0,0.0,0.0,430.43937258720393,0.0,0.0,7870.040154993532,0.0,403.4982211947441,0.0,0.0,2910.9884439826005,0.0,0.0,0.0,0.0,0.0,0.0,0.0,3855.9309350937588,0.0,0.0,0.0,0.0,0.0,0.0,0.0
7155,0.0,408.4112587988376,0.0,0.0,0.0,0.0,0.0,0.0,0.0,0.0,0.0,0.0,0.0,450.75922658443443,0.0,0.0,8210.17644059658,0.0,462.75121129155156,0.0,0.0,3362.917432281375,0.0,0.0,0.0,0.0,0.0,0.0,0.0,4264.153771206736,0.0,0.0,0.0,0.0,0.0,0.0,0.0
7156,0.0,418.1961769580841,0.0,0.0,0.0,0.0,0.0,0.0,0.0,0.0,0.0,0.0,0.0,475.4548043847083,0.0,0.0,8457.10440352559,0.0,511.2186481475829,0.0,0.0,3668.9121313780547,0.0,0.0,0.0,0.0,0.0,0.0,0.0,4723.168690523506,0.0,0.0,0.0,0.0,0.0,0.0,0.0
7157,0.0,430.3885724365711,0.0,0.0,0.0,0.0,0.0,0.0,0.0,0.0,0.0,0.0,0.0,498.29028372764583,0.0,0.0,8627.594152092934,0.0,548.1406747341155,0.0,0.0,3741.4292250037192,0.0,0.0,0.0,0.0,0.0,0.0,0.0,5216.491590005159,0.0,0.0,0.0,0.0,0.0,0.0,0.0
7158,0.0,432.65779024958607,0.0,0.0,0.0,0.0,0.0,0.0,0.0,0.0,0.0,0.0,0.0,516.533667421341,0.0,0.0,8434.151003271341,0.0,567.7338705539703,0.0,0.0,3729.245302096009,0.0,0.0,0.0,0.0,0.0,0.0,0.0,5314.088979271054,0.0,0.0,0.0,0.0,0.0,0.0,0.0
7159,0.0,440.4678251087665,0.0,0.0,0.0,0.0,0.0,0.0,0.0,0.0,0.0,0.0,0.0,532.5043845415115,0.0,0.0,8252.881526470184,0.0,584.9602606773376,0.0,0.0,3709.945033290982,0.0,0.0,0.0,0.0,0.0,0.0,0.0,5455.233908134698,0.0,0.0,0.0,0.0,0.0,0.0,0.0
7160,0.0,447.4643509089946,0.0,0.0,0.0,0.0,0.0,0.0,0.0,0.0,0.0,0.0,0.0,546.6446388840675,0.0,0.0,8081.063953101633,0.0,597.5713085532187,0.0,0.0,3694.6538966864346,0.0,0.0,0.0,0.0,0.0,0.0,0.0,5590.784330952168,0.0,0.0,0.0,0.0,0.0,0.0,0.0
7161,0.0,443.4444445431232,0.0,0.0,0.0,0.0,0.0,0.0,0.0,0.0,0.0,0.0,0.0,566.4879009366034,0.0,0.0,7921.567069262264,0.0,629.8791192650795,0.0,0.0,3678.7681417733424,0.0,0.0,0.0,0.0,0.0,0.0,0.0,5576.846702709793,0.0,0.0,0.0,0.0,0.0,0.0,0.0
7162,0.0,431.4278193175793,0.0,0.0,0.0,0.0,0.0,0.0,0.0,0.0,0.0,0.0,0.0,570.2458934307099,0.0,0.0,7732.594341725111,0.0,650.1258484482765,0.0,0.0,3592.9396514207124,0.0,0.0,0.0,0.0,0.0,0.0,0.0,5215.952425858378,0.0,0.0,0.0,0.0,0.0,0.0,0.0
7163,0.0,423.1734350144863,0.0,0.0,0.0,0.0,0.0,0.0,0.0,0.0,0.0,0.0,0.0,577.5681032180785,0.0,0.0,7577.538320094345,0.0,661.5933907866478,0.0,0.0,3499.68479014635,0.0,0.0,0.0,0.0,0.0,0.0,0.0,4866.71110985875,0.0,0.0,0.0,0.0,0.0,0.0,0.0
7164,0.0,416.96093151569363,0.0,0.0,0.0,0.0,0.0,0.0,0.0,0.0,0.0,0.0,0.0,585.5132451295851,0.0,0.0,7446.622728973625,0.0,670.5806009054184,0.0,0.0,3395.080712011456,0.0,0.0,0.0,0.0,0.0,0.0,0.0,4539.060226151346,0.0,0.0,0.0,0.0,0.0,0.0,0.0
7165,0.0,412.35771480202675,0.0,0.0,0.0,0.0,0.0,0.0,0.0,0.0,0.0,0.0,0.0,594.8391138076782,0.0,0.0,7338.334610402584,0.0,680.6024733781815,0.0,0.0,3290.359466215968,0.0,0.0,0.0,0.0,0.0,0.0,0.0,4254.967368802428,0.0,0.0,0.0,0.0,0.0,0.0,0.0
7166,0.0,409.2020425736904,0.0,0.0,0.0,0.0,0.0,0.0,0.0,0.0,0.0,0.0,0.0,599.7453655958176,0.0,0.0,7241.159148603676,0.0,689.3213696360588,0.0,0.0,3188.8580603957175,0.0,0.0,0.0,0.0,0.0,0.0,0.0,4001.0073143959044,0.0,0.0,0.0,0.0,0.0,0.0,0.0
7167,0.0,383.9598911762237,0.0,0.0,0.0,0.0,0.0,0.0,0.0,0.0,0.0,0.0,0.0,609.8441381812096,0.0,0.0,7069.010980308054,0.0,710.6117721557617,0.0,0.0,3317.2338522434234,0.0,0.0,0.0,0.0,0.0,0.0,0.0,3628.547948515415,0.0,0.0,0.0,0.0,0.0,0.0,0.0
7168,0.0,358.9658662140369,0.0,0.0,0.0,0.0,0.0,0.0,0.0,0.0,0.0,0.0,0.0,610.3114045262337,0.0,0.0,6906.381612300873,0.0,714.7914452552794,0.0,0.0,3456.4738413333894,0.0,0.0,0.0,0.0,0.0,0.0,0.0,3280.956670075653,0.0,0.0,0.0,0.0,0.0,0.0,0.0
7169,0.0,340.59149206280705,0.0,0.0,0.0,0.0,0.0,0.0,0.0,0.0,0.0,0.0,0.0,599.5521732449531,0.0,0.0,6764.590614885092,0.0,689.8131202936172,0.0,0.0,3318.8738967329264,0.0,0.0,0.0,0.0,0.0,0.0,0.0,3112.8679983705265,0.0,0.0,0.0,0.0,0.0,0.0,0.0
7170,0.0,328.4550120055675,0.0,0.0,0.0,0.0,0.0,0.0,0.0,0.0,0.0,0.0,0.0,591.6142497062682,0.0,0.0,6605.524671256542,0.0,665.7554569005966,0.0,0.0,3233.3524038165806,0.0,0.0,0.0,0.0,0.0,0.0,0.0,3143.0539583414793,0.0,0.0,0.0,0.0,0.0,0.0,0.0
7171,0.0,348.4639513134956,0.0,0.0,0.0,0.0,0.0,0.0,0.0,0.0,0.0,0.0,0.0,597.2938089132309,0.0,0.0,6666.893202036619,0.0,637.0151653051375,0.0,0.0,3112.267346942425,0.0,0.0,0.0,0.0,0.0,0.0,0.0,3394.307705253361,0.0,0.0,0.0,0.0,0.0,0.0,0.0
7172,0.0,368.9046710193157,0.0,0.0,0.0,0.0,0.0,0.0,0.0,0.0,0.0,0.0,0.0,606.3484730124474,0.0,0.0,6724.638412415981,0.0,619.8820269942282,0.0,0.0,3018.3134155690664,0.0,0.0,0.0,0.0,0.0,0.0,0.0,3603.3121012240636,0.0,0.0,0.0,0.0,0.0,0.0,0.0
7173,0.0,387.83286876082417,0.0,0.0,0.0,0.0,0.0,0.0,0.0,0.0,0.0,0.0,0.0,616.9758905291557,0.0,0.0,6782.382844924925,0.0,604.9313249349594,0.0,0.0,2923.5595954120154,0.0,0.0,0.0,0.0,0.0,0.0,0.0,3746.5229219526054,0.0,0.0,0.0,0.0,0.0,0.0,0.0
7174,0.0,405.537941211462,0.0,0.0,0.0,0.0,0.0,0.0,0.0,0.0,0.0,0.0,0.0,632.6806487202645,0.0,0.0,6825.687668889759,0.0,605.0433693885802,0.0,0.0,2866.451108810305,0.0,0.0,0.0,0.0,0.0,0.0,0.0,3806.3878612548115,0.0,0.0,0.0,0.0,0.0,0.0,0.0
7175,0.0,416.9582662045956,0.0,0.0,0.0,0.0,0.0,0.0,0.0,0.0,0.0,0.0,0.0,656.7179647207261,0.0,0.0,6879.936351746321,0.0,629.0872198939322,0.0,0.0,2845.4953548163176,0.0,0.0,0.0,0.0,0.0,0.0,0.0,3782.588338571787,0.0,0.0,0.0,0.0,0.0,0.0,0.0
7176,0.0,425.82780430912965,0.0,0.0,0.0,0.0,0.0,0.0,0.0,0.0,0.0,0.0,0.0,685.7390963912009,0.0,0.0,7275.401004344225,0.0,701.0445986032485,0.0,0.0,3237.4587215960028,0.0,0.0,0.0,0.0,0.0,0.0,0.0,4112.952038797735,0.0,0.0,0.0,0.0,0.0,0.0,0.0
7177,0.0,423.6292312681675,0.0,0.0,0.0,0.0,0.0,0.0,0.0,0.0,0.0,0.0,0.0,724.1151047348976,0.0,0.0,7660.081261485813,0.0,789.7153935432434,0.0,0.0,3599.2436954230066,0.0,0.0,0.0,0.0,0.0,0.0,0.0,4415.636838093399,0.0,0.0,0.0,0.0,0.0,0.0,0.0
7178,0.0,420.61232355237007,0.0,0.0,0.0,0.0,0.0,0.0,0.0,0.0,0.0,0.0,0.0,768.8642189264298,0.0,0.0,7990.84031921625,0.0,880.9480345249176,0.0,0.0,3845.4971172809596,0.0,0.0,0.0,0.0,0.0,0.0,0.0,4712.102265048027,0.0,0.0,0.0,0.0,0.0,0.0,0.0
7179,0.0,419.5886476993561,0.0,0.0,0.0,0.0,0.0,0.0,0.0,0.0,0.0,0.0,0.0,816.9588471651077,0.0,0.0,8233.901488304138,0.0,964.1775002479552,0.0,0.0,3971.0787480443714,0.0,0.0,0.0,0.0,0.0,0.0,0.0,5023.233969309926,0.0,0.0,0.0,0.0,0.0,0.0,0.0
7180,0.0,422.8902386963367,0.0,0.0,0.0,0.0,0.0,0.0,0.0,0.0,0.0,0.0,0.0,868.1108373880386,0.0,0.0,8408.213692098856,0.0,1034.4405178308486,0.0,0.0,4021.7599678069355,0.0,0.0,0.0,0.0,0.0,0.0,0.0,5388.563784340023,0.0,0.0,0.0,0.0,0.0,0.0,0.0
7181,0.0,428.502177464962,0.0,0.0,0.0,0.0,0.0,0.0,0.0,0.0,0.0,0.0,0.0,916.1470012903213,0.0,0.0,8510.655336618423,0.0,1091.1760350465775,0.0,0.0,3943.1589358359574,0.0,0.0,0.0,0.0,0.0,0.0,0.0,5794.818725559115,0.0,0.0,0.0,0.0,0.0,0.0,0.0
7182,0.0,412.30379135012623,0.0,0.0,0.0,0.0,0.0,0.0,0.0,0.0,0.0,0.0,0.0,958.3947475433349,0.0,0.0,8192.287754625082,0.0,1128.7807621240615,0.0,0.0,3829.940158438682,0.0,0.0,0.0,0.0,0.0,0.0,0.0,6013.557728391886,0.0,0.0,0.0,0.0,0.0,0.0,0.0
7183,0.0,402.26721171140673,0.0,0.0,0.0,0.0,0.0,0.0,0.0,0.0,0.0,0.0,0.0,997.2306693553925,0.0,0.0,7913.91438010335,0.0,1162.3802260398866,0.0,0.0,3725.275528541207,0.0,0.0,0.0,0.0,0.0,0.0,0.0,6287.113199263811,0.0,0.0,0.0,0.0,0.0,0.0,0.0
7184,0.0,392.3730999648571,0.0,0.0,0.0,0.0,0.0,0.0,0.0,0.0,0.0,0.0,0.0,1033.1509065628052,0.0,0.0,7672.829001873732,0.0,1189.875342130661,0.0,0.0,3633.1414803922175,0.0,0.0,0.0,0.0,0.0,0.0,0.0,6574.119929647446,0.0,0.0,0.0,0.0,0.0,0.0,0.0
7185,0.0,374.70107737183565,0.0,0.0,0.0,0.0,0.0,0.0,0.0,0.0,0.0,0.0,0.0,1073.7405791282654,0.0,0.0,7458.793289512396,0.0,1235.7132616519928,0.0,0.0,3539.1987510949375,0.0,0.0,0.0,0.0,0.0,0.0,0.0,6656.322392541169,0.0,0.0,0.0,0.0,0.0,0.0,0.0
7186,0.0,366.8749384224414,0.0,0.0,0.0,0.0,0.0,0.0,0.0,0.0,0.0,0.0,0.0,1097.2600105047227,0.0,0.0,7073.616751044989,0.0,1268.2596262693405,0.0,0.0,3402.7338492840527,0.0,0.0,0.0,0.0,0.0,0.0,0.0,6296.078294855356,0.0,0.0,0.0,0.0,0.0,0.0,0.0
7187,0.0,368.99156016111374,0.0,0.0,0.0,0.0,0.0,0.0,0.0,0.0,0.0,0.0,0.0,1123.4017287731172,0.0,0.0,6729.032602399588,0.0,1290.9081379890442,0.0,0.0,3251.0704550653695,0.0,0.0,0.0,0.0,0.0,0.0,0.0,5956.1846604079,0.0,0.0,0.0,0.0,0.0,0.0,0.0
7188,0.0,373.41137541532515,0.0,0.0,0.0,0.0,0.0,0.0,0.0,0.0,0.0,0.0,0.0,1149.2310394525527,0.0,0.0,6419.933735355734,0.0,1310.0594399690629,0.0,0.0,3070.908979305625,0.0,0.0,0.0,0.0,0.0,0.0,0.0,5635.338599580525,0.0,0.0,0.0,0.0,0.0,0.0,0.0
7189,0.0,378.4102365195751,0.0,0.0,0.0,0.0,0.0,0.0,0.0,0.0,0.0,0.0,0.0,1175.497487616539,0.0,0.0,6149.139541238545,0.0,1329.3208893537521,0.0,0.0,2878.6616744935513,0.0,0.0,0.0,0.0,0.0,0.0,0.0,5332.969487944243,0.0,0.0,0.0,0.0,0.0,0.0,0.0
7190,0.0,383.57667555212976,0.0,0.0,0.0,0.0,0.0,0.0,0.0,0.0,0.0,0.0,0.0,1196.2994033813477,0.0,0.0,5918.536355808375,0.0,1346.4389105558396,0.0,0.0,2690.4168411880732,0.0,0.0,0.0,0.0,0.0,0.0,0.0,5042.473197522758,0.0,0.0,0.0,0.0,0.0,0.0,0.0
7191,0.0,373.51521032452575,0.0,0.0,0.0,0.0,0.0,0.0,0.0,0.0,0.0,0.0,0.0,1219.203972864151,0.0,0.0,5781.564654558896,0.0,1375.3646386861801,0.0,0.0,2671.3336504518984,0.0,0.0,0.0,0.0,0.0,0.0,0.0,4741.734957987069,0.0,0.0,0.0,0.0,0.0,0.0,0.0
7192,0.0,359.8838554680347,0.0,0.0,0.0,0.0,0.0,0.0,0.0,0.0,0.0,0.0,0.0,1230.766730093956,0.0,0.0,5647.840173363684,0.0,1386.4852581977843,0.0,0.0,2613.6705097049476,0.0,0.0,0.0,0.0,0.0,0.0,0.0,4387.84439085722,0.0,0.0,0.0,0.0,0.0,0.0,0.0
7193,0.0,350.02517833113666,0.0,0.0,0.0,0.0,0.0,0.0,0.0,0.0,0.0,0.0,0.0,1230.6838757276535,0.0,0.0,5516.208163589237,0.0,1367.8165180444716,0.0,0.0,2415.5764780774707,0.0,0.0,0.0,0.0,0.0,0.0,0.0,4209.987843945621,0.0,0.0,0.0,0.0,0.0,0.0,0.0
7194,0.0,344.6405204594135,0.0,0.0,0.0,0.0,0.0,0.0,0.0,0.0,0.0,0.0,0.0,1232.6994606256485,0.0,0.0,5354.48540355265,0.0,1349.4945821523665,0.0,0.0,2224.1885541558268,0.0,0.0,0.0,0.0,0.0,0.0,0.0,4270.581793925166,0.0,0.0,0.0,0.0,0.0,0.0,0.0
7195,0.0,361.05892099142073,0.0,0.0,0.0,0.0,0.0,0.0,0.0,0.0,0.0,0.0,0.0,1246.4327511787415,0.0,0.0,5379.069220200179,0.0,1325.96821103096,0.0,0.0,1987.1589822918174,0.0,0.0,0.0,0.0,0.0,0.0,0.0,4332.082667902112,0.0,0.0,0.0,0.0,0.0,0.0,0.0
7196,0.0,380.3611320197582,0.0,0.0,0.0,0.0,0.0,0.0,0.0,0.0,0.0,0.0,0.0,1261.5409399986268,0.0,0.0,5371.6530036479235,0.0,1313.5749088048935,0.0,0.0,1759.8605328127737,0.0,0.0,0.0,0.0,0.0,0.0,0.0,4395.749600389599,0.0,0.0,0.0,0.0,0.0,0.0,0.0
7197,0.0,398.14232014417644,0.0,0.0,0.0,0.0,0.0,0.0,0.0,0.0,0.0,0.0,0.0,1275.9092680215836,0.0,0.0,5353.663583457468,0.0,1302.9327013254165,0.0,0.0,1533.1716882035134,0.0,0.0,0.0,0.0,0.0,0.0,0.0,4430.913878810405,0.0,0.0,0.0,0.0,0.0,0.0,0.0
7198,0.0,412.0690475821495,0.0,0.0,0.0,0.0,0.0,0.0,0.0,0.0,0.0,0.0,0.0,1287.7411226034164,0.0,0.0,5335.947973653674,0.0,1280.793784379959,0.0,0.0,1312.5860071241852,0.0,0.0,0.0,0.0,0.0,0.0,0.0,4405.505903998017,0.0,0.0,0.0,0.0,0.0,0.0,0.0
7199,0.0,419.88876172900194,0.0,0.0,0.0,0.0,0.0,0.0,0.0,0.0,0.0,0.0,0.0,1295.3249871969224,0.0,0.0,5335.432634502648,0.0,1232.4367024183273,0.0,0.0,1093.2494332171968,0.0,0.0,0.0,0.0,0.0,0.0,0.0,4340.580560222267,0.0,0.0,0.0,0.0,0.0,0.0,0.0
7200,0.0,453.0019134700298,0.0,0.0,0.0,0.0,0.0,0.0,0.0,0.0,0.0,0.0,0.0,1296.9905930995942,0.0,0.0,5684.0442072302085,0.0,1179.679889678955,0.0,0.0,1212.5465479217467,0.0,0.0,0.0,0.0,0.0,0.0,0.0,4940.525610613821,0.0,0.0,0.0,0.0,0.0,0.0,0.0
7201,0.0,473.7099498510361,0.0,0.0,0.0,0.0,0.0,0.0,0.0,0.0,0.0,0.0,0.0,1293.6670031785966,0.0,0.0,6003.349123075603,0.0,1103.1109628200531,0.0,0.0,1312.722399969399,0.0,0.0,0.0,0.0,0.0,0.0,0.0,5464.836164844035,0.0,0.0,0.0,0.0,0.0,0.0,0.0
7202,0.0,492.8961497068405,0.0,0.0,0.0,0.0,0.0,0.0,0.0,0.0,0.0,0.0,0.0,1286.323900461197,0.0,0.0,6295.940802007914,0.0,1019.3940740823746,0.0,0.0,1399.3037001103157,0.0,0.0,0.0,0.0,0.0,0.0,0.0,5952.517187049984,0.0,0.0,0.0,0.0,0.0,0.0,0.0
7203,0.0,514.2464138388634,0.0,0.0,0.0,0.0,0.0,0.0,0.0,0.0,0.0,0.0,0.0,1276.400655388832,0.0,0.0,6561.517430305481,0.0,941.7705658555029,0.0,0.0,1461.5769493013615,0.0,0.0,0.0,0.0,0.0,0.0,0.0,6424.434799808264,0.0,0.0,0.0,0.0,0.0,0.0,0.0
7204,0.0,535.5666020393371,0.0,0.0,0.0,0.0,0.0,0.0,0.0,0.0,0.0,0.0,0.0,1263.6198313713073,0.0,0.0,6801.515345692635,0.0,875.6924975395201,0.0,0.0,1576.456964305043,0.0,0.0,0.0,0.0,0.0,0.0,0.0,6946.1930934429165,0.0,0.0,0.0,0.0,0.0,0.0,0.0
7205,0.0,552.9159817099571,0.0,0.0,0.0,0.0,0.0,0.0,0.0,0.0,0.0,0.0,0.0,1243.5457607269286,0.0,0.0,7018.797111302612,0.0,815.8546531796454,0.0,0.0,1673.8456944108004,0.0,0.0,0.0,0.0,0.0,0.0,0.0,7413.902622246741,0.0,0.0,0.0,0.0,0.0,0.0,0.0
7206,0.0,566.3108252763748,0.0,0.0,0.0,0.0,0.0,0.0,0.0,0.0,0.0,0.0,0.0,1218.2645083665848,0.0,0.0,6854.38019707799,0.0,754.2342941999435,0.0,0.0,1492.5378224059934,0.0,0.0,0.0,0.0,0.0,0.0,0.0,7343.652896916866,0.0,0.0,0.0,0.0,0.0,0.0,0.0
7207,0.0,574.8480692267418,0.0,0.0,0.0,0.0,0.0,0.0,0.0,0.0,0.0,0.0,0.0,1191.58064994812,0.0,0.0,6695.325143635273,0.0,705.1729328155517,0.0,0.0,1394.5658274471757,0.0,0.0,0.0,0.0,0.0,0.0,0.0,7251.181363976002,0.0,0.0,0.0,0.0,0.0,0.0,0.0
7208,0.0,579.2033558964729,0.0,0.0,0.0,0.0,0.0,0.0,0.0,0.0,0.0,0.0,0.0,1158.7529250621797,0.0,0.0,6539.872408092022,0.0,662.0940931439399,0.0,0.0,1310.5812896445393,0.0,0.0,0.0,0.0,0.0,0.0,0.0,7122.092232221365,0.0,0.0,0.0,0.0,0.0,0.0,0.0
7209,0.0,580.0123760104179,0.0,0.0,0.0,0.0,0.0,0.0,0.0,0.0,0.0,0.0,0.0,1125.2427276849746,0.0,0.0,6403.534282296894,0.0,620.9014536738396,0.0,0.0,1230.6497083805493,0.0,0.0,0.0,0.0,0.0,0.0,0.0,6869.655651021003,0.0,0.0,0.0,0.0,0.0,0.0,0.0
7210,0.0,580.6554173827171,0.0,0.0,0.0,0.0,0.0,0.0,0.0,0.0,0.0,0.0,0.0,1078.066222667694,0.0,0.0,6254.1061531305295,0.0,584.1895252585412,0.0,0.0,1044.7884952090678,0.0,0.0,0.0,0.0,0.0,0.0,0.0,6502.417245537043,0.0,0.0,0.0,0.0,0.0,0.0,0.0
7211,0.0,583.5552758574486,0.0,0.0,0.0,0.0,0.0,0.0,0.0,0.0,0.0,0.0,0.0,1041.333044242859,0.0,0.0,6157.307958483694,0.0,565.3318508863448,0.0,0.0,921.859183026105,0.0,0.0,0.0,0.0,0.0,0.0,0.0,6147.823703825473,0.0,0.0,0.0,0.0,0.0,0.0,0.0
7212,0.0,586.1053332924843,0.0,0.0,0.0,0.0,0.0,0.0,0.0,0.0,0.0,0.0,0.0,1012.6231992959977,0.0,0.0,6101.789791107176,0.0,559.3332042574881,0.0,0.0,834.9958630509675,0.0,0.0,0.0,0.0,0.0,0.0,0.0,5807.899693933129,0.0,0.0,0.0,0.0,0.0,0.0,0.0
7213,0.0,586.934441435337,0.0,0.0,0.0,0.0,0.0,0.0,0.0,0.0,0.0,0.0,0.0,993.6506254434586,0.0,0.0,6037.981469765305,0.0,562.8564984202384,0.0,0.0,782.2416536964474,0.0,0.0,0.0,0.0,0.0,0.0,0.0,5490.217741948366,0.0,0.0,0.0,0.0,0.0,0.0,0.0
7214,0.0,586.091080892086,0.0,0.0,0.0,0.0,0.0,0.0,0.0,0.0,0.0,0.0,0.0,982.7333073139191,0.0,0.0,5952.283097028731,0.0,576.3075240015983,0.0,0.0,760.144726046919,0.0,0.0,0.0,0.0,0.0,0.0,0.0,5196.799984630941,0.0,0.0,0.0,0.0,0.0,0.0,0.0
7215,0.0,571.8102318048477,0.0,0.0,0.0,0.0,0.0,0.0,0.0,0.0,0.0,0.0,0.0,986.4934070348739,0.0,0.0,5814.286162570118,0.0,603.9980954170227,0.0,0.0,842.2841759540132,0.0,0.0,0.0,0.0,0.0,0.0,0.0,4112.081637656688,0.0,0.0,0.0,0.0,0.0,0.0,0.0
7216,0.0,553.0572712540627,0.0,0.0,0.0,0.0,0.0,0.0,0.0,0.0,0.0,0.0,0.0,989.8206733942031,0.0,0.0,5687.296872377396,0.0,621.4319752693175,0.0,0.0,901.7743904471388,0.0,0.0,0.0,0.0,0.0,0.0,0.0,3166.0203259646873,0.0,0.0,0.0,0.0,0.0,0.0,0.0
7217,0.0,538.0080270051956,0.0,0.0,0.0,0.0,0.0,0.0,0.0,0.0,0.0,0.0,0.0,1000.1087825536728,0.0,0.0,5554.711193472147,0.0,644.3005446672439,0.0,0.0,948.832419805973,0.0,0.0,0.0,0.0,0.0,0.0,0.0,2492.4524294108146,0.0,0.0,0.0,0.0,0.0,0.0,0.0
7218,0.0,523.6740961432457,0.0,0.0,0.0,0.0,0.0,0.0,0.0,0.0,0.0,0.0,0.0,1013.4131851911545,0.0,0.0,5369.7242739498615,0.0,671.2303401708601,0.0,0.0,1019.3808242507274,0.0,0.0,0.0,0.0,0.0,0.0,0.0,2120.615036925673,0.0,0.0,0.0,0.0,0.0,0.0,0.0
7219,0.0,500.550530397892,0.0,0.0,0.0,0.0,0.0,0.0,0.0,0.0,0.0,0.0,0.0,1038.2047538995744,0.0,0.0,5464.4887263923865,0.0,685.5870287775994,0.0,0.0,990.9926441587507,0.0,0.0,0.0,0.0,0.0,0.0,0.0,2082.5813638001678,0.0,0.0,0.0,0.0,0.0,0.0,0.0
7220,0.0,479.5904678106308,0.0,0.0,0.0,0.0,0.0,0.0,0.0,0.0,0.0,0.0,0.0,1063.6700075149536,0.0,0.0,5555.315598785876,0.0,700.0507228016853,0.0,0.0,979.8829852089285,0.0,0.0,0.0,0.0,0.0,0.0,0.0,2095.2603999480607,0.0,0.0,0.0,0.0,0.0,0.0,0.0
7221,0.0,460.3123287498951,0.0,0.0,0.0,0.0,0.0,0.0,0.0,0.0,0.0,0.0,0.0,1087.3088783025742,0.0,0.0,5641.617598965762,0.0,713.868056678772,0.0,0.0,978.7620207041494,0.0,0.0,0.0,0.0,0.0,0.0,0.0,2134.8998131096346,0.0,0.0,0.0,0.0,0.0,0.0,0.0
7222,0.0,440.03217299580575,0.0,0.0,0.0,0.0,0.0,0.0,0.0,0.0,0.0,0.0,0.0,1104.1198857545853,0.0,0.0,5722.0742918997985,0.0,724.0879336357117,0.0,0.0,969.1127188883718,0.0,0.0,0.0,0.0,0.0,0.0,0.0,2143.947717949747,0.0,0.0,0.0,0.0,0.0,0.0,0.0
7223,0.0,417.5492358148098,0.0,0.0,0.0,0.0,0.0,0.0,0.0,0.0,0.0,0.0,0.0,1108.2303231477738,0.0,0.0,5805.033005028963,0.0,726.8613006353377,0.0,0.0,947.5632548622782,0.0,0.0,0.0,0.0,0.0,0.0,0.0,2098.4055241376145,0.0,0.0,0.0,0.0,0.0,0.0,0.0
7224,0.0,429.72420857548707,0.0,0.0,0.0,0.0,0.0,0.0,0.0,0.0,0.0,0.0,0.0,1102.4919409275055,0.0,0.0,6180.2212984114885,0.0,742.0203816652297,0.0,0.0,1613.6460403293372,0.0,0.0,0.0,0.0,0.0,0.0,0.0,2804.5279421389087,0.0,0.0,0.0,0.0,0.0,0.0,0.0
7225,0.0,440.2199511766433,0.0,0.0,0.0,0.0,0.0,0.0,0.0,0.0,0.0,0.0,0.0,1084.9245735406876,0.0,0.0,6530.76899060607,0.0,743.0893687486647,0.0,0.0,2192.9889557272195,0.0,0.0,0.0,0.0,0.0,0.0,0.0,3392.463120201229,0.0,0.0,0.0,0.0,0.0,0.0,0.0
7226,0.0,449.24202924370763,0.0,0.0,0.0,0.0,0.0,0.0,0.0,0.0,0.0,0.0,0.0,1061.8253321647644,0.0,0.0,6882.686901539564,0.0,731.9900910377503,0.0,0.0,2728.3319328457114,0.0,0.0,0.0,0.0,0.0,0.0,0.0,3846.0683174282294,0.0,0.0,0.0,0.0,0.0,0.0,0.0
7227,0.0,457.66609566807745,0.0,0.0,0.0,0.0,0.0,0.0,0.0,0.0,0.0,0.0,0.0,1039.6498631715774,0.0,0.0,7197.279478400944,0.0,708.9100599646569,0.0,0.0,3162.96642947495,0.0,0.0,0.0,0.0,0.0,0.0,0.0,4213.368558639287,0.0,0.0,0.0,0.0,0.0,0.0,0.0
7228,0.0,459.3190374433994,0.0,0.0,0.0,0.0,0.0,0.0,0.0,0.0,0.0,0.0,0.0,1018.1012717485428,0.0,0.0,7466.2157290279865,0.0,682.6072984218596,0.0,0.0,3427.9512363284825,0.0,0.0,0.0,0.0,0.0,0.0,0.0,4507.188067376613,0.0,0.0,0.0,0.0,0.0,0.0,0.0
7229,0.0,461.8069791018963,0.0,0.0,0.0,0.0,0.0,0.0,0.0,0.0,0.0,0.0,0.0,992.7894421815872,0.0,0.0,7732.961496561766,0.0,641.4890588402747,0.0,0.0,3330.006641042232,0.0,0.0,0.0,0.0,0.0,0.0,0.0,4746.551274064183,0.0,0.0,0.0,0.0,0.0,0.0,0.0
7230,0.0,450.0118272006511,0.0,0.0,0.0,0.0,0.0,0.0,0.0,0.0,0.0,0.0,0.0,969.28121945858,0.0,0.0,7657.691643565891,0.0,607.6255494236946,0.0,0.0,3197.4555024057627,0.0,0.0,0.0,0.0,0.0,0.0,0.0,4499.442328929901,0.0,0.0,0.0,0.0,0.0,0.0,0.0
7231,0.0,439.6893859326839,0.0,0.0,0.0,0.0,0.0,0.0,0.0,0.0,0.0,0.0,0.0,945.8021392345429,0.0,0.0,7591.159608960152,0.0,589.5532533168792,0.0,0.0,3112.9930598169567,0.0,0.0,0.0,0.0,0.0,0.0,0.0,4271.406631898879,0.0,0.0,0.0,0.0,0.0,0.0,0.0
7232,0.0,430.50489222407333,0.0,0.0,0.0,0.0,0.0,0.0,0.0,0.0,0.0,0.0,0.0,922.0029398679733,0.0,0.0,7535.199611186981,0.0,584.9993873119354,0.0,0.0,3097.8657157301905,0.0,0.0,0.0,0.0,0.0,0.0,0.0,4062.135365948081,0.0,0.0,0.0,0.0,0.0,0.0,0.0
7233,0.0,422.449760967493,0.0,0.0,0.0,0.0,0.0,0.0,0.0,0.0,0.0,0.0,0.0,894.4331494808197,0.0,0.0,7481.420762062073,0.0,584.8157292604446,0.0,0.0,3187.3097518265245,0.0,0.0,0.0,0.0,0.0,0.0,0.0,3871.494011250138,0.0,0.0,0.0,0.0,0.0,0.0,0.0
7234,0.0,413.71287118792526,0.0,0.0,0.0,0.0,0.0,0.0,0.0,0.0,0.0,0.0,0.0,849.8892433166504,0.0,0.0,7401.353782206774,0.0,586.0945181012154,0.0,0.0,3005.9211945980787,0.0,0.0,0.0,0.0,0.0,0.0,0.0,3727.6004662364708,0.0,0.0,0.0,0.0,0.0,0.0,0.0
7235,0.0,405.35271611809725,0.0,0.0,0.0,0.0,0.0,0.0,0.0,0.0,0.0,0.0,0.0,810.8027856826782,0.0,0.0,7350.2352499067765,0.0,596.8819683909416,0.0,0.0,2856.015920805931,0.0,0.0,0.0,0.0,0.0,0.0,0.0,3596.9668877542017,0.0,0.0,0.0,0.0,0.0,0.0,0.0
7236,0.0,398.06199608445166,0.0,0.0,0.0,0.0,0.0,0.0,0.0,0.0,0.0,0.0,0.0,776.9609915018082,0.0,0.0,7321.995442301033,0.0,607.6291063904762,0.0,0.0,2682.423403009772,0.0,0.0,0.0,0.0,0.0,0.0,0.0,3478.653083461522,0.0,0.0,0.0,0.0,0.0,0.0,0.0
7237,0.0,391.30299158692355,0.0,0.0,0.0,0.0,0.0,0.0,0.0,0.0,0.0,0.0,0.0,748.6150691151618,0.0,0.0,7295.862107783556,0.0,610.1506994247436,0.0,0.0,2513.6680627673863,0.0,0.0,0.0,0.0,0.0,0.0,0.0,3366.8757856190205,0.0,0.0,0.0,0.0,0.0,0.0,0.0
7238,0.0,385.8576207339763,0.0,0.0,0.0,0.0,0.0,0.0,0.0,0.0,0.0,0.0,0.0,724.2195693850517,0.0,0.0,7266.376929640768,0.0,602.1142072439193,0.0,0.0,2366.0336314514275,0.0,0.0,0.0,0.0,0.0,0.0,0.0,3258.3175617098796,0.0,0.0,0.0,0.0,0.0,0.0,0.0
7239,0.0,352.6044700205326,0.0,0.0,0.0,0.0,0.0,0.0,0.0,0.0,0.0,0.0,0.0,720.9556991696357,0.0,0.0,7302.60702216625,0.0,601.566137945652,0.0,0.0,2543.8028584510084,0.0,0.0,0.0,0.0,0.0,0.0,0.0,2562.6620157599427,0.0,0.0,0.0,0.0,0.0,0.0,0.0
7240,0.0,316.4206554472446,0.0,0.0,0.0,0.0,0.0,0.0,0.0,0.0,0.0,0.0,0.0,723.3748852610587,0.0,0.0,7307.439931064844,0.0,600.1601875424385,0.0,0.0,2706.182703611254,0.0,0.0,0.0,0.0,0.0,0.0,0.0,2074.084917929767,0.0,0.0,0.0,0.0,0.0,0.0,0.0
7241,0.0,279.577246516943,0.0,0.0,0.0,0.0,0.0,0.0,0.0,0.0,0.0,0.0,0.0,716.704525923729,0.0,0.0,7360.392681807278,0.0,574.5724356055259,0.0,0.0,2800.5035786658523,0.0,0.0,0.0,0.0,0.0,0.0,0.0,1754.3895078837857,0.0,0.0,0.0,0.0,0.0,0.0,0.0
7242,0.0,243.36299128532409,0.0,0.0,0.0,0.0,0.0,0.0,0.0,0.0,0.0,0.0,0.0,729.6378324627876,0.0,0.0,7395.055365443228,0.0,565.9245601177214,0.0,0.0,2889.3112157374617,0.0,0.0,0.0,0.0,0.0,0.0,0.0,1599.7643905132988,0.0,0.0,0.0,0.0,0.0,0.0,0.0
7243,0.0,235.14165683984749,0.0,0.0,0.0,0.0,0.0,0.0,0.0,0.0,0.0,0.0,0.0,762.10100710392,0.0,0.0,7421.881782501936,0.0,549.0040691375731,0.0,0.0,2783.734676295519,0.0,0.0,0.0,0.0,0.0,0.0,0.0,1774.3845060944543,0.0,0.0,0.0,0.0,0.0,0.0,0.0
7244,0.0,230.79976686537262,0.0,0.0,0.0,0.0,0.0,0.0,0.0,0.0,0.0,0.0,0.0,797.9979303121567,0.0,0.0,7436.345505028963,0.0,533.3393652796746,0.0,0.0,2690.137697562575,0.0,0.0,0.0,0.0,0.0,0.0,0.0,1903.4208424329736,0.0,0.0,0.0,0.0,0.0,0.0,0.0
7245,0.0,228.8689874500036,0.0,0.0,0.0,0.0,0.0,0.0,0.0,0.0,0.0,0.0,0.0,831.9361189126969,0.0,0.0,7441.404774218796,0.0,513.3087811112403,0.0,0.0,2608.892370119691,0.0,0.0,0.0,0.0,0.0,0.0,0.0,2005.398081561921,0.0,0.0,0.0,0.0,0.0,0.0,0.0
7246,0.0,225.93694885075087,0.0,0.0,0.0,0.0,0.0,0.0,0.0,0.0,0.0,0.0,0.0,865.7741469860077,0.0,0.0,7450.840342372656,0.0,493.39655501246455,0.0,0.0,2549.531963467598,0.0,0.0,0.0,0.0,0.0,0.0,0.0,2091.5057779923063,0.0,0.0,0.0,0.0,0.0,0.0,0.0
7247,0.0,217.41197935938834,0.0,0.0,0.0,0.0,0.0,0.0,0.0,0.0,0.0,0.0,0.0,898.9735508203506,0.0,0.0,7473.324686765669,0.0,475.6335964500903,0.0,0.0,2513.036205124854,0.0,0.0,0.0,0.0,0.0,0.0,0.0,2169.9161920428273,0.0,0.0,0.0,0.0,0.0,0.0,0.0
7248,0.0,229.99456235468378,0.0,0.0,0.0,0.0,0.0,0.0,0.0,0.0,0.0,0.0,0.0,929.6865166425705,0.0,0.0,7899.945383161306,0.0,487.98892805576327,0.0,0.0,2657.1012614160777,0.0,0.0,0.0,0.0,0.0,0.0,0.0,2694.492531415818,0.0,0.0,0.0,0.0,0.0,0.0,0.0
7249,0.0,236.25791718363763,0.0,0.0,0.0,0.0,0.0,0.0,0.0,0.0,0.0,0.0,0.0,958.95240046978,0.0,0.0,8254.85809519887,0.0,501.05034720897675,0.0,0.0,2497.758541287482,0.0,0.0,0.0,0.0,0.0,0.0,0.0,3188.0555415570716,0.0,0.0,0.0,0.0,0.0,0.0,0.0
7250,0.0,241.14618190526963,0.0,0.0,0.0,0.0,0.0,0.0,0.0,0.0,0.0,0.0,0.0,985.7696866989136,0.0,0.0,8542.420452952383,0.0,512.5202608585357,0.0,0.0,2163.594405341148,0.0,0.0,0.0,0.0,0.0,0.0,0.0,3658.0099603831763,0.0,0.0,0.0,0.0,0.0,0.0,0.0
7251,0.0,248.84435786604882,0.0,0.0,0.0,0.0,0.0,0.0,0.0,0.0,0.0,0.0,0.0,1010.2860605478287,0.0,0.0,8763.365988224745,0.0,521.2888360857963,0.0,0.0,1905.2518240839233,0.0,0.0,0.0,0.0,0.0,0.0,0.0,4088.9879824548957,0.0,0.0,0.0,0.0,0.0,0.0,0.0
7252,0.0,262.81676031947137,0.0,0.0,0.0,0.0,0.0,0.0,0.0,0.0,0.0,0.0,0.0,1031.5086146593094,0.0,0.0,8934.680279433727,0.0,525.9160941720007,0.0,0.0,1653.6861960947504,0.0,0.0,0.0,0.0,0.0,0.0,0.0,4537.721536901592,0.0,0.0,0.0,0.0,0.0,0.0,0.0
7253,0.0,273.25139715671537,0.0,0.0,0.0,0.0,0.0,0.0,0.0,0.0,0.0,0.0,0.0,1045.5460632324218,0.0,0.0,9033.943545430899,0.0,507.6744864463806,0.0,0.0,1162.4451869755978,0.0,0.0,0.0,0.0,0.0,0.0,0.0,4934.316363421081,0.0,0.0,0.0,0.0,0.0,0.0,0.0
7254,0.0,251.49665102362627,0.0,0.0,0.0,0.0,0.0,0.0,0.0,0.0,0.0,0.0,0.0,1054.7862977981567,0.0,0.0,8739.066872149706,0.0,473.2593804061412,0.0,0.0,951.2522196181117,0.0,0.0,0.0,0.0,0.0,0.0,0.0,4647.648825505374,0.0,0.0,0.0,0.0,0.0,0.0,0.0
7255,0.0,235.44076085686683,0.0,0.0,0.0,0.0,0.0,0.0,0.0,0.0,0.0,0.0,0.0,1060.75764067173,0.0,0.0,8466.433403432367,0.0,435.3421737968921,0.0,0.0,770.3651066735385,0.0,0.0,0.0,0.0,0.0,0.0,0.0,4380.940124556421,0.0,0.0,0.0,0.0,0.0,0.0,0.0
7256,0.0,228.41201284825797,0.0,0.0,0.0,0.0,0.0,0.0,0.0,0.0,0.0,0.0,0.0,1054.5732437133788,0.0,0.0,8219.18573576212,0.0,385.73988668918605,0.0,0.0,598.4328046727919,0.0,0.0,0.0,0.0,0.0,0.0,0.0,4162.58732380867,0.0,0.0,0.0,0.0,0.0,0.0,0.0
7257,0.0,218.43676342070097,0.0,0.0,0.0,0.0,0.0,0.0,0.0,0.0,0.0,0.0,0.0,1040.0344544887544,0.0,0.0,8013.754048079252,0.0,330.23887407779677,0.0,0.0,427.96600670590936,0.0,0.0,0.0,0.0,0.0,0.0,0.0,3905.860572630167,0.0,0.0,0.0,0.0,0.0,0.0,0.0
7258,0.0,200.97445872724055,0.0,0.0,0.0,0.0,0.0,0.0,0.0,0.0,0.0,0.0,0.0,1003.5531569242478,0.0,0.0,7699.436059474945,0.0,263.1569704532622,0.0,0.0,359.34208865538176,0.0,0.0,0.0,0.0,0.0,0.0,0.0,3663.85759513676,0.0,0.0,0.0,0.0,0.0,0.0,0.0
7259,0.0,182.56984030902385,0.0,0.0,0.0,0.0,0.0,0.0,0.0,0.0,0.0,0.0,0.0,964.1274806022644,0.0,0.0,7418.368919700382,0.0,203.39121395349486,0.0,0.0,318.55714621022304,0.0,0.0,0.0,0.0,0.0,0.0,0.0,3419.211592325567,0.0,0.0,0.0,0.0,0.0,0.0,0.0
7260,0.0,165.20385154187676,0.0,0.0,0.0,0.0,0.0,0.0,0.0,0.0,0.0,0.0,0.0,923.3371283054352,0.0,0.0,7136.4920168221,0.0,151.95213884115213,0.0,0.0,296.06012278944195,0.0,0.0,0.0,0.0,0.0,0.0,0.0,3257.0085246801373,0.0,0.0,0.0,0.0,0.0,0.0,0.0
7261,0.0,147.93252340257166,0.0,0.0,0.0,0.0,0.0,0.0,0.0,0.0,0.0,0.0,0.0,882.6731199502944,0.0,0.0,6867.4289733171445,0.0,110.04206658154715,0.0,0.0,286.07040653340454,0.0,0.0,0.0,0.0,0.0,0.0,0.0,3126.220899298787,0.0,0.0,0.0,0.0,0.0,0.0,0.0
7262,0.0,133.50673750340934,0.0,0.0,0.0,0.0,0.0,0.0,0.0,0.0,0.0,0.0,0.0,842.0386127710342,0.0,0.0,6642.066689819096,0.0,76.66849969774475,0.0,0.0,284.216084494069,0.0,0.0,0.0,0.0,0.0,0.0,0.0,3014.0521559908984,0.0,0.0,0.0,0.0,0.0,0.0,0.0
7263,0.0,123.18272510468957,0.0,0.0,0.0,0.0,0.0,0.0,0.0,0.0,0.0,0.0,0.0,812.3563947200776,0.0,0.0,6550.916612267494,0.0,65.67301872372614,0.0,0.0,314.8168638356025,0.0,0.0,0.0,0.0,0.0,0.0,0.0,2623.8938500821587,0.0,0.0,0.0,0.0,0.0,0.0,0.0
7264,0.0,110.95845811665055,0.0,0.0,0.0,0.0,0.0,0.0,0.0,0.0,0.0,0.0,0.0,781.9203274726867,0.0,0.0,6487.703361794352,0.0,68.81927440762514,0.0,0.0,335.8628021109849,0.0,0.0,0.0,0.0,0.0,0.0,0.0,2190.7416332200164,0.0,0.0,0.0,0.0,0.0,0.0,0.0
7265,0.0,113.48424017876381,0.0,0.0,0.0,0.0,0.0,0.0,0.0,0.0,0.0,0.0,0.0,749.2234748244285,0.0,0.0,6558.549076795576,0.0,82.0968385756015,0.0,0.0,355.753488446027,0.0,0.0,0.0,0.0,0.0,0.0,0.0,1906.5265508666625,0.0,0.0,0.0,0.0,0.0,0.0,0.0
7266,0.0,127.78453902304165,0.0,0.0,0.0,0.0,0.0,0.0,0.0,0.0,0.0,0.0,0.0,716.3027181148528,0.0,0.0,6547.181278526783,0.0,101.23429802656156,0.0,0.0,419.1789619892828,0.0,0.0,0.0,0.0,0.0,0.0,0.0,1758.4070220828057,0.0,0.0,0.0,0.0,0.0,0.0,0.0
7267,0.0,154.99516294598575,0.0,0.0,0.0,0.0,0.0,0.0,0.0,0.0,0.0,0.0,0.0,690.4698206663131,0.0,0.0,6634.515123814344,0.0,114.32726302891966,0.0,0.0,495.8911195714021,0.0,0.0,0.0,0.0,0.0,0.0,0.0,1804.3883942022899,0.0,0.0,0.0,0.0,0.0,0.0,0.0
7268,0.0,182.73688517510888,0.0,0.0,0.0,0.0,0.0,0.0,0.0,0.0,0.0,0.0,0.0,662.5300998806953,0.0,0.0,6663.058300882578,0.0,134.62038839757443,0.0,0.0,605.1028840798876,0.0,0.0,0.0,0.0,0.0,0.0,0.0,1809.6326786011443,0.0,0.0,0.0,0.0,0.0,0.0,0.0
7269,0.0,214.02216656506062,0.0,0.0,0.0,0.0,0.0,0.0,0.0,0.0,0.0,0.0,0.0,639.5791714072226,0.0,0.0,6691.255325615404,0.0,164.54022946059692,0.0,0.0,723.3537021718914,0.0,0.0,0.0,0.0,0.0,0.0,0.0,1808.893542775511,0.0,0.0,0.0,0.0,0.0,0.0,0.0
7270,0.0,241.78226541280742,0.0,0.0,0.0,0.0,0.0,0.0,0.0,0.0,0.0,0.0,0.0,612.9027107000351,0.0,0.0,6729.838476151226,0.0,193.38036807775492,0.0,0.0,842.3408675417296,0.0,0.0,0.0,0.0,0.0,0.0,0.0,1812.49502186328,0.0,0.0,0.0,0.0,0.0,0.0,0.0
7271,0.0,259.18217377066605,0.0,0.0,0.0,0.0,0.0,0.0,0.0,0.0,0.0,0.0,0.0,576.7509923815727,0.0,0.0,6791.386694997547,0.0,210.8272012174128,0.0,0.0,942.8446073837576,0.0,0.0,0.0,0.0,0.0,0.0,0.0,1809.4533188313244,0.0,0.0,0.0,0.0,0.0,0.0,0.0
7272,0.0,278.25923615098,0.0,0.0,0.0,0.0,0.0,0.0,0.0,0.0,0.0,0.0,0.0,535.5403155803681,0.0,0.0,7316.282761961222,0.0,239.2951773643492,0.0,0.0,1452.0570011883965,0.0,0.0,0.0,0.0,0.0,0.0,0.0,2207.3611601173866,0.0,0.0,0.0,0.0,0.0,0.0,0.0
7273,0.0,282.17833764553063,0.0,0.0,0.0,0.0,0.0,0.0,0.0,0.0,0.0,0.0,0.0,488.2318622946739,0.0,0.0,7745.77691167593,0.0,253.8979191482066,0.0,0.0,1873.236442033946,0.0,0.0,0.0,0.0,0.0,0.0,0.0,2553.0801901534196,0.0,0.0,0.0,0.0,0.0,0.0,0.0
7274,0.0,279.5372107386589,0.0,0.0,0.0,0.0,0.0,0.0,0.0,0.0,0.0,0.0,0.0,443.8311130523681,0.0,0.0,8080.3039737045765,0.0,265.3504333019255,0.0,0.0,2271.532766282558,0.0,0.0,0.0,0.0,0.0,0.0,0.0,2862.474346645174,0.0,0.0,0.0,0.0,0.0,0.0,0.0
7275,0.0,275.1533631563186,0.0,0.0,0.0,0.0,0.0,0.0,0.0,0.0,0.0,0.0,0.0,410.48492069244384,0.0,0.0,8330.247740238905,0.0,282.6969896197318,0.0,0.0,2641.441970095038,0.0,0.0,0.0,0.0,0.0,0.0,0.0,3143.3823024362323,0.0,0.0,0.0,0.0,0.0,0.0,0.0
7276,0.0,277.48323783874514,0.0,0.0,0.0,0.0,0.0,0.0,0.0,0.0,0.0,0.0,0.0,387.006199145317,0.0,0.0,8530.256115376947,0.0,308.60371255278574,0.0,0.0,2987.4501821815966,0.0,0.0,0.0,0.0,0.0,0.0,0.0,3394.997661787271,0.0,0.0,0.0,0.0,0.0,0.0,0.0
7277,0.0,284.3390352129936,0.0,0.0,0.0,0.0,0.0,0.0,0.0,0.0,0.0,0.0,0.0,356.23234791755675,0.0,0.0,8701.994345963001,0.0,336.89576705098136,0.0,0.0,3128.9075768172743,0.0,0.0,0.0,0.0,0.0,0.0,0.0,3620.402628323434,0.0,0.0,0.0,0.0,0.0,0.0,0.0
7278,0.0,296.75245512127873,0.0,0.0,0.0,0.0,0.0,0.0,0.0,0.0,0.0,0.0,0.0,344.82577206492425,0.0,0.0,8337.979772180317,0.0,357.0663178622723,0.0,0.0,2873.905636301636,0.0,0.0,0.0,0.0,0.0,0.0,0.0,3511.4744748890394,0.0,0.0,0.0,0.0,0.0,0.0,0.0
7279,0.0,307.8977480649948,0.0,0.0,0.0,0.0,0.0,0.0,0.0,0.0,0.0,0.0,0.0,347.92164698243135,0.0,0.0,8022.603101938963,0.0,378.1472743213176,0.0,0.0,2636.1085708469154,0.0,0.0,0.0,0.0,0.0,0.0,0.0,3394.966924729942,0.0,0.0,0.0,0.0,0.0,0.0,0.0
7280,0.0,313.7706628739833,0.0,0.0,0.0,0.0,0.0,0.0,0.0,0.0,0.0,0.0,0.0,357.1016910791397,0.0,0.0,7760.701133489609,0.0,399.0470329642296,0.0,0.0,2398.8932564511892,0.0,0.0,0.0,0.0,0.0,0.0,0.0,3287.4570152819156,0.0,0.0,0.0,0.0,0.0,0.0,0.0
7281,0.0,307.8182095706463,0.0,0.0,0.0,0.0,0.0,0.0,0.0,0.0,0.0,0.0,0.0,369.35153876543046,0.0,0.0,7544.593952208757,0.0,419.71926429867744,0.0,0.0,2210.6806669592847,0.0,0.0,0.0,0.0,0.0,0.0,0.0,3122.15492903292,0.0,0.0,0.0,0.0,0.0,0.0,0.0
7282,0.0,276.6001781880856,0.0,0.0,0.0,0.0,0.0,0.0,0.0,0.0,0.0,0.0,0.0,370.3323856115341,0.0,0.0,7441.435889035463,0.0,430.90960035920136,0.0,0.0,2091.496935430169,0.0,0.0,0.0,0.0,0.0,0.0,0.0,2921.1090804293754,0.0,0.0,0.0,0.0,0.0,0.0,0.0
7283,0.0,249.2150325000286,0.0,0.0,0.0,0.0,0.0,0.0,0.0,0.0,0.0,0.0,0.0,380.48451138734816,0.0,0.0,7429.488577306269,0.0,445.7648275017738,0.0,0.0,1949.2213351026169,0.0,0.0,0.0,0.0,0.0,0.0,0.0,2735.812900000809,0.0,0.0,0.0,0.0,0.0,0.0,0.0
7284,0.0,226.74330365359782,0.0,0.0,0.0,0.0,0.0,0.0,0.0,0.0,0.0,0.0,0.0,398.9127481937408,0.0,0.0,7419.456382542847,0.0,464.20648496747003,0.0,0.0,1782.7518238976597,0.0,0.0,0.0,0.0,0.0,0.0,0.0,2581.9050409033894,0.0,0.0,0.0,0.0,0.0,0.0,0.0
7285,0.0,210.12786649167532,0.0,0.0,0.0,0.0,0.0,0.0,0.0,0.0,0.0,0.0,0.0,426.30212409496306,0.0,0.0,7369.941041171551,0.0,479.6330498993396,0.0,0.0,1602.239147914946,0.0,0.0,0.0,0.0,0.0,0.0,0.0,2477.930254660545,0.0,0.0,0.0,0.0,0.0,0.0,0.0
7286,0.0,198.9078185856342,0.0,0.0,0.0,0.0,0.0,0.0,0.0,0.0,0.0,0.0,0.0,461.0398035287857,0.0,0.0,7266.590066134928,0.0,499.0551259756088,0.0,0.0,1410.1942373692984,0.0,0.0,0.0,0.0,0.0,0.0,0.0,2408.9033217936735,0.0,0.0,0.0,0.0,0.0,0.0,0.0
7287,0.0,173.2078088253736,0.0,0.0,0.0,0.0,0.0,0.0,0.0,0.0,0.0,0.0,0.0,510.65248695611956,0.0,0.0,7057.461160361765,0.0,533.8257212042807,0.0,0.0,1360.0694883048532,0.0,0.0,0.0,0.0,0.0,0.0,0.0,2009.0847203791127,0.0,0.0,0.0,0.0,0.0,0.0,0.0
7288,0.0,154.92576666176313,0.0,0.0,0.0,0.0,0.0,0.0,0.0,0.0,0.0,0.0,0.0,561.6248248815536,0.0,0.0,6865.417400419712,0.0,568.7922460198403,0.0,0.0,1304.9719257384538,0.0,0.0,0.0,0.0,0.0,0.0,0.0,1763.1877193346606,0.0,0.0,0.0,0.0,0.0,0.0,0.0
7289,0.0,139.6098931074142,0.0,0.0,0.0,0.0,0.0,0.0,0.0,0.0,0.0,0.0,0.0,587.4895100712776,0.0,0.0,6759.469116061926,0.0,579.3563187956809,0.0,0.0,1218.3970592223104,0.0,0.0,0.0,0.0,0.0,0.0,0.0,1653.3680104315258,0.0,0.0,0.0,0.0,0.0,0.0,0.0
7290,0.0,127.59252440035343,0.0,0.0,0.0,0.0,0.0,0.0,0.0,0.0,0.0,0.0,0.0,621.5434616446495,0.0,0.0,6735.72928881645,0.0,600.0604146242141,0.0,0.0,1085.6497328750784,0.0,0.0,0.0,0.0,0.0,0.0,0.0,1643.5740991294376,0.0,0.0,0.0,0.0,0.0,0.0,0.0
7291,0.0,132.92903833687302,0.0,0.0,0.0,0.0,0.0,0.0,0.0,0.0,0.0,0.0,0.0,658.8937436938285,0.0,0.0,7039.6697081923485,0.0,596.2390466451645,0.0,0.0,928.001251063495,0.0,0.0,0.0,0.0,0.0,0.0,0.0,1702.8781775385132,0.0,0.0,0.0,0.0,0.0,0.0,0.0
7292,0.0,141.5542375534773,0.0,0.0,0.0,0.0,0.0,0.0,0.0,0.0,0.0,0.0,0.0,687.5684383034707,0.0,0.0,7286.929043918846,0.0,577.8290165424346,0.0,0.0,788.9607043415302,0.0,0.0,0.0,0.0,0.0,0.0,0.0,1724.5002509191615,0.0,0.0,0.0,0.0,0.0,0.0,0.0
7293,0.0,149.89612822830674,0.0,0.0,0.0,0.0,0.0,0.0,0.0,0.0,0.0,0.0,0.0,706.2663104772568,0.0,0.0,7488.663513511419,0.0,531.9549345254896,0.0,0.0,668.1967988781629,0.0,0.0,0.0,0.0,0.0,0.0,0.0,1726.8485620990393,0.0,0.0,0.0,0.0,0.0,0.0,0.0
7294,0.0,155.47709327638142,0.0,0.0,0.0,0.0,0.0,0.0,0.0,0.0,0.0,0.0,0.0,722.2398521780966,0.0,0.0,7625.844072967766,0.0,489.1419781208037,0.0,0.0,592.5552721481765,0.0,0.0,0.0,0.0,0.0,0.0,0.0,1755.0199791714542,0.0,0.0,0.0,0.0,0.0,0.0,0.0
7295,0.0,154.4604594558477,0.0,0.0,0.0,0.0,0.0,0.0,0.0,0.0,0.0,0.0,0.0,742.3271041989326,0.0,0.0,7694.007301837206,0.0,474.18110906481735,0.0,0.0,522.3232885077596,0.0,0.0,0.0,0.0,0.0,0.0,0.0,1838.6468334630124,0.0,0.0,0.0,0.0,0.0,0.0,0.0
7296,0.0,178.85203994214532,0.0,0.0,0.0,0.0,0.0,0.0,0.0,0.0,0.0,0.0,0.0,764.2965581417084,0.0,0.0,7972.03063467145,0.0,510.70958691835403,0.0,0.0,1313.0077501505614,0.0,0.0,0.0,0.0,0.0,0.0,0.0,2340.235289272664,0.0,0.0,0.0,0.0,0.0,0.0,0.0
7297,0.0,201.12610090076922,0.0,0.0,0.0,0.0,0.0,0.0,0.0,0.0,0.0,0.0,0.0,793.3680390834809,0.0,0.0,8177.607784122229,0.0,579.7948335170745,0.0,0.0,2352.092647773027,0.0,0.0,0.0,0.0,0.0,0.0,0.0,2865.3963559597714,0.0,0.0,0.0,0.0,0.0,0.0,0.0
7298,0.0,221.93327282667153,0.0,0.0,0.0,0.0,0.0,0.0,0.0,0.0,0.0,0.0,0.0,824.4022897481918,0.0,0.0,8335.301564335821,0.0,658.9300526261329,0.0,0.0,3162.9733929276467,0.0,0.0,0.0,0.0,0.0,0.0,0.0,3401.763430523872,0.0,0.0,0.0,0.0,0.0,0.0,0.0
7299,0.0,242.96226877570146,0.0,0.0,0.0,0.0,0.0,0.0,0.0,0.0,0.0,0.0,0.0,851.7932796955108,0.0,0.0,8466.002463221548,0.0,725.7658141493797,0.0,0.0,3629.8299044966698,0.0,0.0,0.0,0.0,0.0,0.0,0.0,3904.9995734125364,0.0,0.0,0.0,0.0,0.0,0.0,0.0
7300,0.0,263.59522755146025,0.0,0.0,0.0,0.0,0.0,0.0,0.0,0.0,0.0,0.0,0.0,875.8146794080734,0.0,0.0,8576.5767429471,0.0,780.9190739750861,0.0,0.0,3921.367870277166,0.0,0.0,0.0,0.0,0.0,0.0,0.0,4397.426758882402,0.0,0.0,0.0,0.0,0.0,0.0,0.0
7301,0.0,281.5300217628479,0.0,0.0,0.0,0.0,0.0,0.0,0.0,0.0,0.0,0.0,0.0,894.1692529439927,0.0,0.0,8667.8761716187,0.0,818.4547366142273,0.0,0.0,4100.741264846921,0.0,0.0,0.0,0.0,0.0,0.0,0.0,4842.734758692979,0.0,0.0,0.0,0.0,0.0,0.0,0.0
7302,0.0,295.2674560010433,0.0,0.0,0.0,0.0,0.0,0.0,0.0,0.0,0.0,0.0,0.0,911.1496455669403,0.0,0.0,8239.002762496471,0.0,833.6062294483183,0.0,0.0,3960.918767800927,0.0,0.0,0.0,0.0,0.0,0.0,0.0,5053.438009902834,0.0,0.0,0.0,0.0,0.0,0.0,0.0
7303,0.0,312.4615462303162,0.0,0.0,0.0,0.0,0.0,0.0,0.0,0.0,0.0,0.0,0.0,924.8133527994156,0.0,0.0,7879.419716477392,0.0,844.5872972965241,0.0,0.0,3778.3679194897413,0.0,0.0,0.0,0.0,0.0,0.0,0.0,5189.353299671411,0.0,0.0,0.0,0.0,0.0,0.0,0.0
7304,0.0,324.519329470396,0.0,0.0,0.0,0.0,0.0,0.0,0.0,0.0,0.0,0.0,0.0,941.3492550611496,0.0,0.0,7589.025910407303,0.0,847.8044551849364,0.0,0.0,3589.436429196596,0.0,0.0,0.0,0.0,0.0,0.0,0.0,5195.3343694150435,0.0,0.0,0.0,0.0,0.0,0.0,0.0
7305,0.0,330.3245453774929,0.0,0.0,0.0,0.0,0.0,0.0,0.0,0.0,0.0,0.0,0.0,956.4369096279145,0.0,0.0,7360.923967301844,0.0,864.7944848656654,0.0,0.0,3451.9006694644686,0.0,0.0,0.0,0.0,0.0,0.0,0.0,5019.71548027694,0.0,0.0,0.0,0.0,0.0,0.0,0.0
7306,0.0,316.2436226785183,0.0,0.0,0.0,0.0,0.0,0.0,0.0,0.0,0.0,0.0,0.0,944.9218564271927,0.0,0.0,7145.705891907213,0.0,863.7678256869316,0.0,0.0,3303.3932331115006,0.0,0.0,0.0,0.0,0.0,0.0,0.0,4629.265895548462,0.0,0.0,0.0,0.0,0.0,0.0,0.0
7307,0.0,305.6620851159096,0.0,0.0,0.0,0.0,0.0,0.0,0.0,0.0,0.0,0.0,0.0,930.7208511829376,0.0,0.0,6986.874865144491,0.0,855.2424284219741,0.0,0.0,3143.693408963084,0.0,0.0,0.0,0.0,0.0,0.0,0.0,4259.9789555966845,0.0,0.0,0.0,0.0,0.0,0.0,0.0
7308,0.0,298.5115885019302,0.0,0.0,0.0,0.0,0.0,0.0,0.0,0.0,0.0,0.0,0.0,921.7565288305283,0.0,0.0,6835.386157244442,0.0,842.1638765454293,0.0,0.0,2983.8918578535317,0.0,0.0,0.0,0.0,0.0,0.0,0.0,3929.2666609793882,0.0,0.0,0.0,0.0,0.0,0.0,0.0
7309,0.0,298.6363531172275,0.0,0.0,0.0,0.0,0.0,0.0,0.0,0.0,0.0,0.0,0.0,916.3811276435852,0.0,0.0,6693.998096704481,0.0,825.1715348362922,0.0,0.0,2818.91161724925,0.0,0.0,0.0,0.0,0.0,0.0,0.0,3626.149011594057,0.0,0.0,0.0,0.0,0.0,0.0,0.0
7310,0.0,302.96431333422663,0.0,0.0,0.0,0.0,0.0,0.0,0.0,0.0,0.0,0.0,0.0,908.7367363214493,0.0,0.0,6563.4893318116665,0.0,807.1611299514769,0.0,0.0,2661.1225039690735,0.0,0.0,0.0,0.0,0.0,0.0,0.0,3362.772207659483,0.0,0.0,0.0,0.0,0.0,0.0,0.0
7311,0.0,283.3374393582344,0.0,0.0,0.0,0.0,0.0,0.0,0.0,0.0,0.0,0.0,0.0,909.3776919603348,0.0,0.0,6446.958898305891,0.0,802.457159948349,0.0,0.0,2794.1180925428866,0.0,0.0,0.0,0.0,0.0,0.0,0.0,2672.4406816512333,0.0,0.0,0.0,0.0,0.0,0.0,0.0
7312,0.0,269.97216671705246,0.0,0.0,0.0,0.0,0.0,0.0,0.0,0.0,0.0,0.0,0.0,905.458608698845,0.0,0.0,6350.416234090924,0.0,784.5704189419746,0.0,0.0,2920.5980087041853,0.0,0.0,0.0,0.0,0.0,0.0,0.0,2166.989300960302,0.0,0.0,0.0,0.0,0.0,0.0,0.0
7313,0.0,262.54543164968493,0.0,0.0,0.0,0.0,0.0,0.0,0.0,0.0,0.0,0.0,0.0,894.4493796110153,0.0,0.0,6292.64846546948,0.0,755.8049321651458,0.0,0.0,3025.849687939882,0.0,0.0,0.0,0.0,0.0,0.0,0.0,1812.747246539591,0.0,0.0,0.0,0.0,0.0,0.0,0.0
7314,0.0,259.5890405237675,0.0,0.0,0.0,0.0,0.0,0.0,0.0,0.0,0.0,0.0,0.0,885.5676426172256,0.0,0.0,6120.432622447608,0.0,732.786140203476,0.0,0.0,3150.042866787314,0.0,0.0,0.0,0.0,0.0,0.0,0.0,1670.5890796214342,0.0,0.0,0.0,0.0,0.0,0.0,0.0
7315,0.0,279.6812217056751,0.0,0.0,0.0,0.0,0.0,0.0,0.0,0.0,0.0,0.0,0.0,882.6450534820557,0.0,0.0,6135.567647144197,0.0,702.6997145295143,0.0,0.0,3050.4679152935737,0.0,0.0,0.0,0.0,0.0,0.0,0.0,1782.766501627861,0.0,0.0,0.0,0.0,0.0,0.0,0.0
7316,0.0,299.20235297083855,0.0,0.0,0.0,0.0,0.0,0.0,0.0,0.0,0.0,0.0,0.0,876.8543941020965,0.0,0.0,6122.558931231498,0.0,680.9562730073927,0.0,0.0,2946.128751119971,0.0,0.0,0.0,0.0,0.0,0.0,0.0,1857.5537398442611,0.0,0.0,0.0,0.0,0.0,0.0,0.0
7317,0.0,314.5728934586048,0.0,0.0,0.0,0.0,0.0,0.0,0.0,0.0,0.0,0.0,0.0,864.1638669967651,0.0,0.0,6109.916592285036,0.0,665.7053036689758,0.0,0.0,2903.660166916251,0.0,0.0,0.0,0.0,0.0,0.0,0.0,1912.5680098876344,0.0,0.0,0.0,0.0,0.0,0.0,0.0
7318,0.0,316.7412222325801,0.0,0.0,0.0,0.0,0.0,0.0,0.0,0.0,0.0,0.0,0.0,852.7324751853943,0.0,0.0,6093.305947408078,0.0,654.9978851318358,0.0,0.0,2867.8362303793424,0.0,0.0,0.0,0.0,0.0,0.0,0.0,1954.2678907275176,0.0,0.0,0.0,0.0,0.0,0.0,0.0
7319,0.0,293.2508535683155,0.0,0.0,0.0,0.0,0.0,0.0,0.0,0.0,0.0,0.0,0.0,849.5917208194733,0.0,0.0,6077.864441767334,0.0,646.0248435974121,0.0,0.0,2772.5780140399934,0.0,0.0,0.0,0.0,0.0,0.0,0.0,1983.9430731281636,0.0,0.0,0.0,0.0,0.0,0.0,0.0
7320,0.0,317.3517187535763,0.0,0.0,0.0,0.0,0.0,0.0,0.0,0.0,0.0,0.0,0.0,857.4861099481583,0.0,0.0,6505.565211236475,0.0,662.7705689430236,0.0,0.0,3294.092482379079,0.0,0.0,0.0,0.0,0.0,0.0,0.0,2500.637165358661,0.0,0.0,0.0,0.0,0.0,0.0,0.0
7321,0.0,326.64352630376817,0.0,0.0,0.0,0.0,0.0,0.0,0.0,0.0,0.0,0.0,0.0,876.2000777482987,0.0,0.0,6885.804606169462,0.0,676.7601785779,0.0,0.0,3360.5501611232758,0.0,0.0,0.0,0.0,0.0,0.0,0.0,2980.3983327284436,0.0,0.0,0.0,0.0,0.0,0.0,0.0
7322,0.0,333.90677960515023,0.0,0.0,0.0,0.0,0.0,0.0,0.0,0.0,0.0,0.0,0.0,900.1296561717987,0.0,0.0,7230.9908265173435,0.0,689.4064997076988,0.0,0.0,2832.192435336113,0.0,0.0,0.0,0.0,0.0,0.0,0.0,3431.6872214764358,0.0,0.0,0.0,0.0,0.0,0.0,0.0
7323,0.0,348.84236937761307,0.0,0.0,0.0,0.0,0.0,0.0,0.0,0.0,0.0,0.0,0.0,923.3708439350128,0.0,0.0,7524.155407011509,0.0,704.0255146145821,0.0,0.0,2669.6515224874015,0.0,0.0,0.0,0.0,0.0,0.0,0.0,3873.783379602431,0.0,0.0,0.0,0.0,0.0,0.0,0.0
7324,0.0,368.38086724877354,0.0,0.0,0.0,0.0,0.0,0.0,0.0,0.0,0.0,0.0,0.0,945.5365389823913,0.0,0.0,7766.756854683161,0.0,716.7588628649712,0.0,0.0,2507.820881813764,0.0,0.0,0.0,0.0,0.0,0.0,0.0,4375.106592687965,0.0,0.0,0.0,0.0,0.0,0.0,0.0
7325,0.0,385.97166799306865,0.0,0.0,0.0,0.0,0.0,0.0,0.0,0.0,0.0,0.0,0.0,962.2783217906951,0.0,0.0,7971.29632499814,0.0,723.7884370326994,0.0,0.0,1893.820408205687,0.0,0.0,0.0,0.0,0.0,0.0,0.0,4910.206215652823,0.0,0.0,0.0,0.0,0.0,0.0,0.0
7326,0.0,382.99215880036354,0.0,0.0,0.0,0.0,0.0,0.0,0.0,0.0,0.0,0.0,0.0,976.5944623231887,0.0,0.0,7756.797001868485,0.0,715.1674166440964,0.0,0.0,1816.6279616117474,0.0,0.0,0.0,0.0,0.0,0.0,0.0,5171.646946588157,0.0,0.0,0.0,0.0,0.0,0.0,0.0
7327,0.0,390.6721264779568,0.0,0.0,0.0,0.0,0.0,0.0,0.0,0.0,0.0,0.0,0.0,989.6545163154602,0.0,0.0,7562.447634011505,0.0,704.7244585871696,0.0,0.0,1726.5207323357458,0.0,0.0,0.0,0.0,0.0,0.0,0.0,5525.796428224445,0.0,0.0,0.0,0.0,0.0,0.0,0.0
7328,0.0,403.5344689428806,0.0,0.0,0.0,0.0,0.0,0.0,0.0,0.0,0.0,0.0,0.0,1000.5510311841965,0.0,0.0,7387.702934265135,0.0,699.6296965003014,0.0,0.0,1643.3253353789444,0.0,0.0,0.0,0.0,0.0,0.0,0.0,5934.6253267854445,0.0,0.0,0.0,0.0,0.0,0.0,0.0
7329,0.0,413.917062073946,0.0,0.0,0.0,0.0,0.0,0.0,0.0,0.0,0.0,0.0,0.0,1011.3718652248383,0.0,0.0,7227.106141656635,0.0,718.838265645504,0.0,0.0,1545.1844010025263,0.0,0.0,0.0,0.0,0.0,0.0,0.0,6181.694494551421,0.0,0.0,0.0,0.0,0.0,0.0,0.0
7330,0.0,410.6440600454807,0.0,0.0,0.0,0.0,0.0,0.0,0.0,0.0,0.0,0.0,0.0,1013.8084471464157,0.0,0.0,7155.8026499152165,0.0,715.5269074201584,0.0,0.0,1296.2471736475816,0.0,0.0,0.0,0.0,0.0,0.0,0.0,5944.998541215061,0.0,0.0,0.0,0.0,0.0,0.0,0.0
7331,0.0,410.09102202057835,0.0,0.0,0.0,0.0,0.0,0.0,0.0,0.0,0.0,0.0,0.0,1016.5905246019363,0.0,0.0,7096.672052323818,0.0,704.8847592234611,0.0,0.0,1012.0112206064159,0.0,0.0,0.0,0.0,0.0,0.0,0.0,5721.817852792143,0.0,0.0,0.0,0.0,0.0,0.0,0.0
7332,0.0,410.5678882598877,0.0,0.0,0.0,0.0,0.0,0.0,0.0,0.0,0.0,0.0,0.0,1020.4085506439209,0.0,0.0,7059.610416322945,0.0,691.825770664215,0.0,0.0,724.4807975426312,0.0,0.0,0.0,0.0,0.0,0.0,0.0,5501.414347901939,0.0,0.0,0.0,0.0,0.0,0.0,0.0
7333,0.0,412.0087554395198,0.0,0.0,0.0,0.0,0.0,0.0,0.0,0.0,0.0,0.0,0.0,1024.494418668747,0.0,0.0,7030.661190897226,0.0,679.966784131527,0.0,0.0,489.0827172316605,0.0,0.0,0.0,0.0,0.0,0.0,0.0,5262.6647975236165,0.0,0.0,0.0,0.0,0.0,0.0,0.0
7334,0.0,413.87747519016267,0.0,0.0,0.0,0.0,0.0,0.0,0.0,0.0,0.0,0.0,0.0,1027.329311299324,0.0,0.0,7006.9563678204995,0.0,661.2914635896682,0.0,0.0,344.33853507824205,0.0,0.0,0.0,0.0,0.0,0.0,0.0,4980.534049269557,0.0,0.0,0.0,0.0,0.0,0.0,0.0
7335,0.0,401.413919377327,0.0,0.0,0.0,0.0,0.0,0.0,0.0,0.0,0.0,0.0,0.0,1040.1738004684448,0.0,0.0,6737.112342417238,0.0,654.3086042523385,0.0,0.0,314.3136029988527,0.0,0.0,0.0,0.0,0.0,0.0,0.0,4400.462133696675,0.0,0.0,0.0,0.0,0.0,0.0,0.0
7336,0.0,382.8730334222317,0.0,0.0,0.0,0.0,0.0,0.0,0.0,0.0,0.0,0.0,0.0,1048.329127049446,0.0,0.0,6486.237464994191,0.0,630.5228116869927,0.0,0.0,308.26996942050727,0.0,0.0,0.0,0.0,0.0,0.0,0.0,3766.8650681048625,0.0,0.0,0.0,0.0,0.0,0.0,0.0
7337,0.0,365.33191968798633,0.0,0.0,0.0,0.0,0.0,0.0,0.0,0.0,0.0,0.0,0.0,1049.2889464616776,0.0,0.0,6253.083642467855,0.0,577.4838129162788,0.0,0.0,131.97596312044115,0.0,0.0,0.0,0.0,0.0,0.0,0.0,3297.04336104393,0.0,0.0,0.0,0.0,0.0,0.0,0.0
7338,0.0,354.92014841437333,0.0,0.0,0.0,0.0,0.0,0.0,0.0,0.0,0.0,0.0,0.0,1053.118898510933,0.0,0.0,6039.9537602066985,0.0,525.01268389225,0.0,0.0,44.764016372244484,0.0,0.0,0.0,0.0,0.0,0.0,0.0,3035.4453286975618,0.0,0.0,0.0,0.0,0.0,0.0,0.0
7339,0.0,374.0559598624706,0.0,0.0,0.0,0.0,0.0,0.0,0.0,0.0,0.0,0.0,0.0,1064.6617491722106,0.0,0.0,6197.4651298075905,0.0,456.5860986173152,0.0,0.0,87.12003106484134,0.0,0.0,0.0,0.0,0.0,0.0,0.0,3075.735101830958,0.0,0.0,0.0,0.0,0.0,0.0,0.0
7340,0.0,392.8901703178882,0.0,0.0,0.0,0.0,0.0,0.0,0.0,0.0,0.0,0.0,0.0,1072.7270478487014,0.0,0.0,6348.925834372638,0.0,388.12868629693986,0.0,0.0,98.23180932635391,0.0,0.0,0.0,0.0,0.0,0.0,0.0,3128.207236427069,0.0,0.0,0.0,0.0,0.0,0.0,0.0
7341,0.0,411.0391433179378,0.0,0.0,0.0,0.0,0.0,0.0,0.0,0.0,0.0,0.0,0.0,1080.5353545188905,0.0,0.0,6499.770854502915,0.0,321.7466158866882,0.0,0.0,101.07673927908687,0.0,0.0,0.0,0.0,0.0,0.0,0.0,3161.0958877682674,0.0,0.0,0.0,0.0,0.0,0.0,0.0
7342,0.0,426.5679191172122,0.0,0.0,0.0,0.0,0.0,0.0,0.0,0.0,0.0,0.0,0.0,1082.8262239456176,0.0,0.0,6638.425478398798,0.0,269.97609075307827,0.0,0.0,101.792782794032,0.0,0.0,0.0,0.0,0.0,0.0,0.0,3142.0475909233087,0.0,0.0,0.0,0.0,0.0,0.0,0.0
7343,0.0,433.2104635477065,0.0,0.0,0.0,0.0,0.0,0.0,0.0,0.0,0.0,0.0,0.0,1075.6776137828826,0.0,0.0,6748.52759078145,0.0,244.24228086769565,0.0,0.0,236.85431235618793,0.0,0.0,0.0,0.0,0.0,0.0,0.0,3049.483846810458,0.0,0.0,0.0,0.0,0.0,0.0,0.0
7344,0.0,439.60016815066336,0.0,0.0,0.0,0.0,0.0,0.0,0.0,0.0,0.0,0.0,0.0,1056.1873794794083,0.0,0.0,7070.268018901346,0.0,270.82267848849284,0.0,0.0,732.7922081641848,0.0,0.0,0.0,0.0,0.0,0.0,0.0,3417.2867293119425,0.0,0.0,0.0,0.0,0.0,0.0,0.0
7345,0.0,438.7665710628033,0.0,0.0,0.0,0.0,0.0,0.0,0.0,0.0,0.0,0.0,0.0,1028.4082114458083,0.0,0.0,7338.585084676743,0.0,320.91087689995766,0.0,0.0,1716.95945764482,0.0,0.0,0.0,0.0,0.0,0.0,0.0,3763.4709737509475,0.0,0.0,0.0,0.0,0.0,0.0,0.0
7346,0.0,438.16956943273544,0.0,0.0,0.0,0.0,0.0,0.0,0.0,0.0,0.0,0.0,0.0,997.5364414215088,0.0,0.0,7546.449173152445,0.0,380.6450653195381,0.0,0.0,2814.4752923637625,0.0,0.0,0.0,0.0,0.0,0.0,0.0,4073.1988985240446,0.0,0.0,0.0,0.0,0.0,0.0,0.0
7347,0.0,442.5220224559307,0.0,0.0,0.0,0.0,0.0,0.0,0.0,0.0,0.0,0.0,0.0,968.577136683464,0.0,0.0,7715.215938746929,0.0,438.06909273862834,0.0,0.0,3429.363000673055,0.0,0.0,0.0,0.0,0.0,0.0,0.0,4360.516977217792,0.0,0.0,0.0,0.0,0.0,0.0,0.0
7348,0.0,452.767169702053,0.0,0.0,0.0,0.0,0.0,0.0,0.0,0.0,0.0,0.0,0.0,941.0197206497193,0.0,0.0,7856.532435208559,0.0,489.7143830001353,0.0,0.0,3794.6860139876603,0.0,0.0,0.0,0.0,0.0,0.0,0.0,4655.528722167015,0.0,0.0,0.0,0.0,0.0,0.0,0.0
7349,0.0,466.8386936724186,0.0,0.0,0.0,0.0,0.0,0.0,0.0,0.0,0.0,0.0,0.0,910.3985761165619,0.0,0.0,7975.94643434882,0.0,532.1167765140532,0.0,0.0,3974.5065833240747,0.0,0.0,0.0,0.0,0.0,0.0,0.0,4988.187938156723,0.0,0.0,0.0,0.0,0.0,0.0,0.0
7350,0.0,473.59649176597594,0.0,0.0,0.0,0.0,0.0,0.0,0.0,0.0,0.0,0.0,0.0,879.599976181984,0.0,0.0,7663.293088436125,0.0,555.6513286590575,0.0,0.0,3874.103283718228,0.0,0.0,0.0,0.0,0.0,0.0,0.0,5119.900568157434,0.0,0.0,0.0,0.0,0.0,0.0,0.0
7351,0.0,489.06848241090773,0.0,0.0,0.0,0.0,0.0,0.0,0.0,0.0,0.0,0.0,0.0,849.6865908622742,0.0,0.0,7388.300338745117,0.0,574.4394050478935,0.0,0.0,3783.535406908393,0.0,0.0,0.0,0.0,0.0,0.0,0.0,5358.98677971661,0.0,0.0,0.0,0.0,0.0,0.0,0.0
7352,0.0,509.38887033462527,0.0,0.0,0.0,0.0,0.0,0.0,0.0,0.0,0.0,0.0,0.0,819.6492826700211,0.0,0.0,7135.283984065056,0.0,595.9170225858688,0.0,0.0,3708.193270799517,0.0,0.0,0.0,0.0,0.0,0.0,0.0,5692.322934192418,0.0,0.0,0.0,0.0,0.0,0.0,0.0
7353,0.0,523.6825129151345,0.0,0.0,0.0,0.0,0.0,0.0,0.0,0.0,0.0,0.0,0.0,791.4790671348571,0.0,0.0,6895.253398120403,0.0,639.2810717105865,0.0,0.0,3641.056201279163,0.0,0.0,0.0,0.0,0.0,0.0,0.0,5911.303132522105,0.0,0.0,0.0,0.0,0.0,0.0,0.0
7354,0.0,518.665106856823,0.0,0.0,0.0,0.0,0.0,0.0,0.0,0.0,0.0,0.0,0.0,756.7752826690673,0.0,0.0,6592.738815218208,0.0,657.9281736493109,0.0,0.0,3466.1548571348185,0.0,0.0,0.0,0.0,0.0,0.0,0.0,5591.556373509763,0.0,0.0,0.0,0.0,0.0,0.0,0.0
7355,0.0,512.8199954509735,0.0,0.0,0.0,0.0,0.0,0.0,0.0,0.0,0.0,0.0,0.0,724.1800700902937,0.0,0.0,6356.234315872191,0.0,667.2474858999251,0.0,0.0,3298.3295919656753,0.0,0.0,0.0,0.0,0.0,0.0,0.0,5291.818715593219,0.0,0.0,0.0,0.0,0.0,0.0,0.0
7356,0.0,507.74193252325057,0.0,0.0,0.0,0.0,0.0,0.0,0.0,0.0,0.0,0.0,0.0,694.2997727155686,0.0,0.0,6159.139454379678,0.0,672.3343040943146,0.0,0.0,3120.0658084452148,0.0,0.0,0.0,0.0,0.0,0.0,0.0,5002.763812354206,0.0,0.0,0.0,0.0,0.0,0.0,0.0
7357,0.0,503.8626984715462,0.0,0.0,0.0,0.0,0.0,0.0,0.0,0.0,0.0,0.0,0.0,666.2865679979325,0.0,0.0,5981.1350886523705,0.0,676.9707510113716,0.0,0.0,2942.0003319472075,0.0,0.0,0.0,0.0,0.0,0.0,0.0,4729.714960509537,0.0,0.0,0.0,0.0,0.0,0.0,0.0
7358,0.0,500.61466619968417,0.0,0.0,0.0,0.0,0.0,0.0,0.0,0.0,0.0,0.0,0.0,638.5463612437248,0.0,0.0,5806.95784537494,0.0,673.2905353307723,0.0,0.0,2771.02546684742,0.0,0.0,0.0,0.0,0.0,0.0,0.0,4467.554620820283,0.0,0.0,0.0,0.0,0.0,0.0,0.0
7359,0.0,490.75284680128095,0.0,0.0,0.0,0.0,0.0,0.0,0.0,0.0,0.0,0.0,0.0,622.2666439652443,0.0,0.0,5646.983349099755,0.0,679.9389805078506,0.0,0.0,2711.033505311608,0.0,0.0,0.0,0.0,0.0,0.0,0.0,4068.8270041346536,0.0,0.0,0.0,0.0,0.0,0.0,0.0
7360,0.0,483.74790422916413,0.0,0.0,0.0,0.0,0.0,0.0,0.0,0.0,0.0,0.0,0.0,602.6800152420998,0.0,0.0,5475.665946409104,0.0,668.544652402401,0.0,0.0,2621.897980445623,0.0,0.0,0.0,0.0,0.0,0.0,0.0,3617.517322671412,0.0,0.0,0.0,0.0,0.0,0.0,0.0
7361,0.0,475.63828840255735,0.0,0.0,0.0,0.0,0.0,0.0,0.0,0.0,0.0,0.0,0.0,577.2147616267205,0.0,0.0,5286.080256983637,0.0,626.7702117323875,0.0,0.0,2381.454954345524,0.0,0.0,0.0,0.0,0.0,0.0,0.0,3242.8123435437665,0.0,0.0,0.0,0.0,0.0,0.0,0.0
7362,0.0,464.5490511596202,0.0,0.0,0.0,0.0,0.0,0.0,0.0,0.0,0.0,0.0,0.0,555.8741131424904,0.0,0.0,5092.886026695369,0.0,584.539175093174,0.0,0.0,2108.4505206763743,0.0,0.0,0.0,0.0,0.0,0.0,0.0,2994.830465981364,0.0,0.0,0.0,0.0,0.0,0.0,0.0
7363,0.0,472.56813057661054,0.0,0.0,0.0,0.0,0.0,0.0,0.0,0.0,0.0,0.0,0.0,543.4409367203713,0.0,0.0,5082.23503601551,0.0,525.4212608098984,0.0,0.0,1707.4488950550551,0.0,0.0,0.0,0.0,0.0,0.0,0.0,2979.163064636288,0.0,0.0,0.0,0.0,0.0,0.0,0.0
7364,0.0,479.68989794254304,0.0,0.0,0.0,0.0,0.0,0.0,0.0,0.0,0.0,0.0,0.0,528.6680659770966,0.0,0.0,5047.516345709561,0.0,465.2718854427337,0.0,0.0,1247.0237375691531,0.0,0.0,0.0,0.0,0.0,0.0,0.0,2977.0761992499233,0.0,0.0,0.0,0.0,0.0,0.0,0.0
7365,0.0,487.0428459763527,0.0,0.0,0.0,0.0,0.0,0.0,0.0,0.0,0.0,0.0,0.0,514.7220800161361,0.0,0.0,5017.952213719485,0.0,405.31956603527067,0.0,0.0,884.9169311240314,0.0,0.0,0.0,0.0,0.0,0.0,0.0,2967.2273228570803,0.0,0.0,0.0,0.0,0.0,0.0,0.0
7366,0.0,495.1366943836212,0.0,0.0,0.0,0.0,0.0,0.0,0.0,0.0,0.0,0.0,0.0,506.2495933771133,0.0,0.0,4978.83038792014,0.0,353.50932143926605,0.0,0.0,704.8272092029453,0.0,0.0,0.0,0.0,0.0,0.0,0.0,2932.909217543899,0.0,0.0,0.0,0.0,0.0,0.0,0.0
7367,0.0,503.59841183424,0.0,0.0,0.0,0.0,0.0,0.0,0.0,0.0,0.0,0.0,0.0,508.02603044509885,0.0,0.0,4968.7293516248465,0.0,316.67687113285064,0.0,0.0,567.7833190072325,0.0,0.0,0.0,0.0,0.0,0.0,0.0,2869.6688069283946,0.0,0.0,0.0,0.0,0.0,0.0,0.0
7368,0.0,518.6070311307907,0.0,0.0,0.0,0.0,0.0,0.0,0.0,0.0,0.0,0.0,0.0,517.1079988241196,0.0,0.0,5305.348885074257,0.0,312.27162705659856,0.0,0.0,924.8268249101936,0.0,0.0,0.0,0.0,0.0,0.0,0.0,3392.8272639274583,0.0,0.0,0.0,0.0,0.0,0.0,0.0
7369,0.0,514.4540836572647,0.0,0.0,0.0,0.0,0.0,0.0,0.0,0.0,0.0,0.0,0.0,533.3064309477807,0.0,0.0,5655.368014320729,0.0,317.2550264418125,0.0,0.0,1256.113541098683,0.0,0.0,0.0,0.0,0.0,0.0,0.0,3802.8252555042504,0.0,0.0,0.0,0.0,0.0,0.0,0.0
7370,0.0,505.71887723207476,0.0,0.0,0.0,0.0,0.0,0.0,0.0,0.0,0.0,0.0,0.0,551.0845658540725,0.0,0.0,5977.120499432085,0.0,323.21863694787027,0.0,0.0,1589.4501615196461,0.0,0.0,0.0,0.0,0.0,0.0,0.0,4153.499279987811,0.0,0.0,0.0,0.0,0.0,0.0,0.0
7371,0.0,496.9158316254616,0.0,0.0,0.0,0.0,0.0,0.0,0.0,0.0,0.0,0.0,0.0,564.9599821329117,0.0,0.0,6273.454512938857,0.0,320.4552294552325,0.0,0.0,1927.8380856648084,0.0,0.0,0.0,0.0,0.0,0.0,0.0,4481.957644271851,0.0,0.0,0.0,0.0,0.0,0.0,0.0
7372,0.0,488.4444629430771,0.0,0.0,0.0,0.0,0.0,0.0,0.0,0.0,0.0,0.0,0.0,578.3817169547079,0.0,0.0,6553.0044164657575,0.0,317.55493802428236,0.0,0.0,2275.2038682684297,0.0,0.0,0.0,0.0,0.0,0.0,0.0,4796.584332758187,0.0,0.0,0.0,0.0,0.0,0.0,0.0
7373,0.0,480.9732312083244,0.0,0.0,0.0,0.0,0.0,0.0,0.0,0.0,0.0,0.0,0.0,571.2154867887497,0.0,0.0,6814.748477220535,0.0,312.6324813365935,0.0,0.0,2563.9693202197545,0.0,0.0,0.0,0.0,0.0,0.0,0.0,5129.826467999814,0.0,0.0,0.0,0.0,0.0,0.0,0.0
7374,0.0,452.46612982749934,0.0,0.0,0.0,0.0,0.0,0.0,0.0,0.0,0.0,0.0,0.0,556.5548819184302,0.0,0.0,6623.570487052202,0.0,299.8690767168999,0.0,0.0,2516.079233953357,0.0,0.0,0.0,0.0,0.0,0.0,0.0,5106.67857093215,0.0,0.0,0.0,0.0,0.0,0.0,0.0
7375,0.0,421.73694455623627,0.0,0.0,0.0,0.0,0.0,0.0,0.0,0.0,0.0,0.0,0.0,539.8007695913313,0.0,0.0,6439.111741542814,0.0,289.41224648952476,0.0,0.0,2502.9882456421847,0.0,0.0,0.0,0.0,0.0,0.0,0.0,5118.12939043045,0.0,0.0,0.0,0.0,0.0,0.0,0.0
7376,0.0,385.27518011927606,0.0,0.0,0.0,0.0,0.0,0.0,0.0,0.0,0.0,0.0,0.0,529.6796245336532,0.0,0.0,6258.58979821205,0.0,286.56032980680453,0.0,0.0,2553.183234751224,0.0,0.0,0.0,0.0,0.0,0.0,0.0,5133.936916595697,0.0,0.0,0.0,0.0,0.0,0.0,0.0
7377,0.0,358.5695204257965,0.0,0.0,0.0,0.0,0.0,0.0,0.0,0.0,0.0,0.0,0.0,524.1788657665253,0.0,0.0,6082.897263363003,0.0,285.8402218818664,0.0,0.0,2725.6180028468366,0.0,0.0,0.0,0.0,0.0,0.0,0.0,5101.135775464773,0.0,0.0,0.0,0.0,0.0,0.0,0.0
7378,0.0,329.05995345711705,0.0,0.0,0.0,0.0,0.0,0.0,0.0,0.0,0.0,0.0,0.0,505.95565764904023,0.0,0.0,5990.567156389354,0.0,273.77762864232056,0.0,0.0,2538.7110607355835,0.0,0.0,0.0,0.0,0.0,0.0,0.0,4821.410111543535,0.0,0.0,0.0,0.0,0.0,0.0,0.0
7379,0.0,314.3532718241214,0.0,0.0,0.0,0.0,0.0,0.0,0.0,0.0,0.0,0.0,0.0,491.15844171047206,0.0,0.0,5897.792496472597,0.0,259.6913880765437,0.0,0.0,2382.209580686688,0.0,0.0,0.0,0.0,0.0,0.0,0.0,4555.921129351855,0.0,0.0,0.0,0.0,0.0,0.0,0.0
7380,0.0,304.20525412559505,0.0,0.0,0.0,0.0,0.0,0.0,0.0,0.0,0.0,0.0,0.0,478.6636176943779,0.0,0.0,5812.891440913081,0.0,247.34445980489235,0.0,0.0,2248.2011125043027,0.0,0.0,0.0,0.0,0.0,0.0,0.0,4291.949472954869,0.0,0.0,0.0,0.0,0.0,0.0,0.0
7381,0.0,297.3223266899585,0.0,0.0,0.0,0.0,0.0,0.0,0.0,0.0,0.0,0.0,0.0,463.5096975684165,0.0,0.0,5743.2098089903575,0.0,240.43834202587604,0.0,0.0,2137.9486145764586,0.0,0.0,0.0,0.0,0.0,0.0,0.0,4034.7446701318026,0.0,0.0,0.0,0.0,0.0,0.0,0.0
7382,0.0,292.27613527178767,0.0,0.0,0.0,0.0,0.0,0.0,0.0,0.0,0.0,0.0,0.0,447.1011704444885,0.0,0.0,5685.713517144321,0.0,238.3589985281227,0.0,0.0,2073.5981371700755,0.0,0.0,0.0,0.0,0.0,0.0,0.0,3801.1448424994946,0.0,0.0,0.0,0.0,0.0,0.0,0.0
7383,0.0,256.43050659298893,0.0,0.0,0.0,0.0,0.0,0.0,0.0,0.0,0.0,0.0,0.0,439.2833140015602,0.0,0.0,5423.661808639765,0.0,252.88723667860026,0.0,0.0,2405.186552515626,0.0,0.0,0.0,0.0,0.0,0.0,0.0,3392.497473382948,0.0,0.0,0.0,0.0,0.0,0.0,0.0
7384,0.0,220.97644017040727,0.0,0.0,0.0,0.0,0.0,0.0,0.0,0.0,0.0,0.0,0.0,430.8664671182632,0.0,0.0,5150.998002976179,0.0,253.2322624564171,0.0,0.0,2697.041506773233,0.0,0.0,0.0,0.0,0.0,0.0,0.0,2982.056325761972,0.0,0.0,0.0,0.0,0.0,0.0,0.0
7385,0.0,191.20575688183303,0.0,0.0,0.0,0.0,0.0,0.0,0.0,0.0,0.0,0.0,0.0,417.66590144634245,0.0,0.0,4899.361979350448,0.0,252.1628011107443,0.0,0.0,2865.2031369835136,0.0,0.0,0.0,0.0,0.0,0.0,0.0,2631.0682408750044,0.0,0.0,0.0,0.0,0.0,0.0,0.0
7386,0.0,165.91616294682024,0.0,0.0,0.0,0.0,0.0,0.0,0.0,0.0,0.0,0.0,0.0,404.67422024011614,0.0,0.0,4653.651772558687,0.0,263.88881636857974,0.0,0.0,3060.8613225817676,0.0,0.0,0.0,0.0,0.0,0.0,0.0,2319.140085215865,0.0,0.0,0.0,0.0,0.0,0.0,0.0
7387,0.0,157.28734451830385,0.0,0.0,0.0,0.0,0.0,0.0,0.0,0.0,0.0,0.0,0.0,400.88107740879053,0.0,0.0,4782.655358195305,0.0,256.8391156971453,0.0,0.0,3078.8330857157703,0.0,0.0,0.0,0.0,0.0,0.0,0.0,2252.939515173435,0.0,0.0,0.0,0.0,0.0,0.0,0.0
7388,0.0,146.48939772248264,0.0,0.0,0.0,0.0,0.0,0.0,0.0,0.0,0.0,0.0,0.0,396.20473752021786,0.0,0.0,4918.284844040869,0.0,252.7101293742655,0.0,0.0,3092.920756039023,0.0,0.0,0.0,0.0,0.0,0.0,0.0,2188.0991503208857,0.0,0.0,0.0,0.0,0.0,0.0,0.0
7389,0.0,137.45013541281216,0.0,0.0,0.0,0.0,0.0,0.0,0.0,0.0,0.0,0.0,0.0,391.89016813039774,0.0,0.0,5059.12878422439,0.0,249.16733117699619,0.0,0.0,3114.271307525038,0.0,0.0,0.0,0.0,0.0,0.0,0.0,2123.3455724537353,0.0,0.0,0.0,0.0,0.0,0.0,0.0
7390,0.0,128.6032243967056,0.0,0.0,0.0,0.0,0.0,0.0,0.0,0.0,0.0,0.0,0.0,388.32402294874186,0.0,0.0,5197.576883524656,0.0,255.32989469170565,0.0,0.0,3181.3051362901924,0.0,0.0,0.0,0.0,0.0,0.0,0.0,2065.5933538272966,0.0,0.0,0.0,0.0,0.0,0.0,0.0
7391,0.0,119.84815438985825,0.0,0.0,0.0,0.0,0.0,0.0,0.0,0.0,0.0,0.0,0.0,386.6051535248756,0.0,0.0,5326.8041069060555,0.0,277.98732846975315,0.0,0.0,3325.860359099507,0.0,0.0,0.0,0.0,0.0,0.0,0.0,2015.6832433626032,0.0,0.0,0.0,0.0,0.0,0.0,0.0
7392,0.0,152.9920273482799,0.0,0.0,0.0,0.0,0.0,0.0,0.0,0.0,0.0,0.0,0.0,388.7376670956611,0.0,0.0,5743.449393078683,0.0,337.08090717196455,0.0,0.0,3983.9505389749997,0.0,0.0,0.0,0.0,0.0,0.0,0.0,2731.5957757353776,0.0,0.0,0.0,0.0,0.0,0.0,0.0
7393,0.0,192.1230166822671,0.0,0.0,0.0,0.0,0.0,0.0,0.0,0.0,0.0,0.0,0.0,392.18024808168406,0.0,0.0,6116.160558119414,0.0,405.7313738644123,0.0,0.0,4461.880454126001,0.0,0.0,0.0,0.0,0.0,0.0,0.0,3347.531328186393,0.0,0.0,0.0,0.0,0.0,0.0,0.0
7394,0.0,233.6124416112899,0.0,0.0,0.0,0.0,0.0,0.0,0.0,0.0,0.0,0.0,0.0,395.9255523800849,0.0,0.0,6450.507932081819,0.0,475.1206225574016,0.0,0.0,4798.290303567051,0.0,0.0,0.0,0.0,0.0,0.0,0.0,3844.6967214465135,0.0,0.0,0.0,0.0,0.0,0.0,0.0
7395,0.0,271.60367377996437,0.0,0.0,0.0,0.0,0.0,0.0,0.0,0.0,0.0,0.0,0.0,398.85293881893153,0.0,0.0,6757.203179538248,0.0,539.4240312218665,0.0,0.0,5035.140036696194,0.0,0.0,0.0,0.0,0.0,0.0,0.0,4235.126417490838,0.0,0.0,0.0,0.0,0.0,0.0,0.0
7396,0.0,308.29330828785896,0.0,0.0,0.0,0.0,0.0,0.0,0.0,0.0,0.0,0.0,0.0,401.00199636220924,0.0,0.0,7029.894210666418,0.0,594.691469681263,0.0,0.0,5199.466015505791,0.0,0.0,0.0,0.0,0.0,0.0,0.0,4513.862348166106,0.0,0.0,0.0,0.0,0.0,0.0,0.0
7397,0.0,338.45632537007333,0.0,0.0,0.0,0.0,0.0,0.0,0.0,0.0,0.0,0.0,0.0,398.5927635550498,0.0,0.0,7277.675497442484,0.0,638.1567737936973,0.0,0.0,5292.443246948719,0.0,0.0,0.0,0.0,0.0,0.0,0.0,4738.933546420932,0.0,0.0,0.0,0.0,0.0,0.0,0.0
7398,0.0,341.72677431106564,0.0,0.0,0.0,0.0,0.0,0.0,0.0,0.0,0.0,0.0,0.0,394.3650836467743,0.0,0.0,7071.1477903425675,0.0,668.6214828848838,0.0,0.0,5471.784851843118,0.0,0.0,0.0,0.0,0.0,0.0,0.0,4488.309366765618,0.0,0.0,0.0,0.0,0.0,0.0,0.0
7399,0.0,346.55056656002995,0.0,0.0,0.0,0.0,0.0,0.0,0.0,0.0,0.0,0.0,0.0,391.871741104126,0.0,0.0,6876.157457262278,0.0,697.8812694787979,0.0,0.0,5660.178945243359,0.0,0.0,0.0,0.0,0.0,0.0,0.0,4261.054752603172,0.0,0.0,0.0,0.0,0.0,0.0,0.0
7400,0.0,348.1442823171616,0.0,0.0,0.0,0.0,0.0,0.0,0.0,0.0,0.0,0.0,0.0,387.688088786602,0.0,0.0,6694.164560973642,0.0,729.1261992335318,0.0,0.0,5810.128119063377,0.0,0.0,0.0,0.0,0.0,0.0,0.0,4063.892440789938,0.0,0.0,0.0,0.0,0.0,0.0,0.0
7401,0.0,345.56075418591496,0.0,0.0,0.0,0.0,0.0,0.0,0.0,0.0,0.0,0.0,0.0,387.2641326785087,0.0,0.0,6526.12510421872,0.0,771.8920258283615,0.0,0.0,5894.556652665138,0.0,0.0,0.0,0.0,0.0,0.0,0.0,3887.413275659083,0.0,0.0,0.0,0.0,0.0,0.0,0.0
7402,0.0,345.00246970653535,0.0,0.0,0.0,0.0,0.0,0.0,0.0,0.0,0.0,0.0,0.0,371.1852072179317,0.0,0.0,6411.223920300603,0.0,795.0178232073783,0.0,0.0,5708.740853315592,0.0,0.0,0.0,0.0,0.0,0.0,0.0,3742.753112274407,0.0,0.0,0.0,0.0,0.0,0.0,0.0
7403,0.0,343.9267220914364,0.0,0.0,0.0,0.0,0.0,0.0,0.0,0.0,0.0,0.0,0.0,358.09657115936267,0.0,0.0,6306.96283687651,0.0,822.4010726928711,0.0,0.0,5489.84502055049,0.0,0.0,0.0,0.0,0.0,0.0,0.0,3601.7622303098437,0.0,0.0,0.0,0.0,0.0,0.0,0.0
7404,0.0,335.75005264878274,0.0,0.0,0.0,0.0,0.0,0.0,0.0,0.0,0.0,0.0,0.0,348.3365016639232,0.0,0.0,6209.265424028037,0.0,854.9576932311057,0.0,0.0,5253.399470436573,0.0,0.0,0.0,0.0,0.0,0.0,0.0,3476.7412384957056,0.0,0.0,0.0,0.0,0.0,0.0,0.0
7405,0.0,315.8630723655224,0.0,0.0,0.0,0.0,0.0,0.0,0.0,0.0,0.0,0.0,0.0,342.3796403706073,0.0,0.0,6119.415167942641,0.0,886.7860248208046,0.0,0.0,5040.4271138459435,0.0,0.0,0.0,0.0,0.0,0.0,0.0,3356.7253244519216,0.0,0.0,0.0,0.0,0.0,0.0,0.0
7406,0.0,293.1359646320343,0.0,0.0,0.0,0.0,0.0,0.0,0.0,0.0,0.0,0.0,0.0,337.4734782516956,0.0,0.0,6038.112540930508,0.0,922.914788532257,0.0,0.0,4882.221707198023,0.0,0.0,0.0,0.0,0.0,0.0,0.0,3247.9996739834546,0.0,0.0,0.0,0.0,0.0,0.0,0.0
7407,0.0,248.7494727909565,0.0,0.0,0.0,0.0,0.0,0.0,0.0,0.0,0.0,0.0,0.0,343.7884336054324,0.0,0.0,5830.712063223124,0.0,974.0870911359785,0.0,0.0,5086.399525791407,0.0,0.0,0.0,0.0,0.0,0.0,0.0,2816.5499284848565,0.0,0.0,0.0,0.0,0.0,0.0,0.0
7408,0.0,209.98110604584215,0.0,0.0,0.0,0.0,0.0,0.0,0.0,0.0,0.0,0.0,0.0,346.8517810106277,0.0,0.0,5653.066295757888,0.0,1017.1536592721939,0.0,0.0,5247.988564932346,0.0,0.0,0.0,0.0,0.0,0.0,0.0,2530.2487039700136,0.0,0.0,0.0,0.0,0.0,0.0,0.0
7409,0.0,179.31089428961278,0.0,0.0,0.0,0.0,0.0,0.0,0.0,0.0,0.0,0.0,0.0,345.8116852223873,0.0,0.0,5492.763149231671,0.0,1047.5586113214492,0.0,0.0,5427.465200257301,0.0,0.0,0.0,0.0,0.0,0.0,0.0,2367.1996440231796,0.0,0.0,0.0,0.0,0.0,0.0,0.0
7410,0.0,156.7011163562536,0.0,0.0,0.0,0.0,0.0,0.0,0.0,0.0,0.0,0.0,0.0,350.07408953905104,0.0,0.0,5339.597352713345,0.0,1072.9105363607407,0.0,0.0,5598.503947466612,0.0,0.0,0.0,0.0,0.0,0.0,0.0,2313.132436957955,0.0,0.0,0.0,0.0,0.0,0.0,0.0
7411,0.0,159.76198767721652,0.0,0.0,0.0,0.0,0.0,0.0,0.0,0.0,0.0,0.0,0.0,370.001663082838,0.0,0.0,5535.558079138396,0.0,1085.2720630168915,0.0,0.0,5545.835418856144,0.0,0.0,0.0,0.0,0.0,0.0,0.0,2401.366776143014,0.0,0.0,0.0,0.0,0.0,0.0,0.0
7412,0.0,161.8138002723455,0.0,0.0,0.0,0.0,0.0,0.0,0.0,0.0,0.0,0.0,0.0,394.662023293972,0.0,0.0,5722.88016565144,0.0,1095.354403924942,0.0,0.0,5491.285546982288,0.0,0.0,0.0,0.0,0.0,0.0,0.0,2481.1939877301443,0.0,0.0,0.0,0.0,0.0,0.0,0.0
7413,0.0,162.6302552014589,0.0,0.0,0.0,0.0,0.0,0.0,0.0,0.0,0.0,0.0,0.0,420.3307363867759,0.0,0.0,5881.0678935796,0.0,1109.1514038085938,0.0,0.0,5436.810759294033,0.0,0.0,0.0,0.0,0.0,0.0,0.0,2548.440160140394,0.0,0.0,0.0,0.0,0.0,0.0,0.0
7414,0.0,170.2262796074152,0.0,0.0,0.0,0.0,0.0,0.0,0.0,0.0,0.0,0.0,0.0,449.9511275053024,0.0,0.0,6014.53101031482,0.0,1124.1922749757766,0.0,0.0,5384.332363218069,0.0,0.0,0.0,0.0,0.0,0.0,0.0,2608.666531075535,0.0,0.0,0.0,0.0,0.0,0.0,0.0
7415,0.0,194.37599012553684,0.0,0.0,0.0,0.0,0.0,0.0,0.0,0.0,0.0,0.0,0.0,485.10159922838204,0.0,0.0,6126.076072320342,0.0,1138.5896908521652,0.0,0.0,5340.330002868175,0.0,0.0,0.0,0.0,0.0,0.0,0.0,2666.3970529556254,0.0,0.0,0.0,0.0,0.0,0.0,0.0
7416,0.0,255.33666291832924,0.0,0.0,0.0,0.0,0.0,0.0,0.0,0.0,0.0,0.0,0.0,523.2867466211318,0.0,0.0,6584.24135878682,0.0,1176.4275178194046,0.0,0.0,5259.415893566608,0.0,0.0,0.0,0.0,0.0,0.0,0.0,3259.81210592091,0.0,0.0,0.0,0.0,0.0,0.0,0.0
7417,0.0,315.5702809274197,0.0,0.0,0.0,0.0,0.0,0.0,0.0,0.0,0.0,0.0,0.0,564.563240635395,0.0,0.0,7002.236250132322,0.0,1205.0446197986603,0.0,0.0,4993.699015903473,0.0,0.0,0.0,0.0,0.0,0.0,0.0,3794.21345526576,0.0,0.0,0.0,0.0,0.0,0.0,0.0
7418,0.0,369.44025827050206,0.0,0.0,0.0,0.0,0.0,0.0,0.0,0.0,0.0,0.0,0.0,604.7524055957795,0.0,0.0,7382.123269766569,0.0,1224.1954475164414,0.0,0.0,4728.610060018301,0.0,0.0,0.0,0.0,0.0,0.0,0.0,4275.133409696817,0.0,0.0,0.0,0.0,0.0,0.0,0.0
7419,0.0,402.9392067790031,0.0,0.0,0.0,0.0,0.0,0.0,0.0,0.0,0.0,0.0,0.0,640.9017028450966,0.0,0.0,7703.256958961487,0.0,1234.1787861824037,0.0,0.0,4606.941586911677,0.0,0.0,0.0,0.0,0.0,0.0,0.0,4733.253338226675,0.0,0.0,0.0,0.0,0.0,0.0,0.0
7420,0.0,415.51021671295166,0.0,0.0,0.0,0.0,0.0,0.0,0.0,0.0,0.0,0.0,0.0,670.4373565435409,0.0,0.0,7981.483315974474,0.0,1239.8763355731965,0.0,0.0,4547.6271995991465,0.0,0.0,0.0,0.0,0.0,0.0,0.0,5188.964566299318,0.0,0.0,0.0,0.0,0.0,0.0,0.0
7421,0.0,419.83332325816156,0.0,0.0,0.0,0.0,0.0,0.0,0.0,0.0,0.0,0.0,0.0,689.8236642122267,0.0,0.0,8224.63938525319,0.0,1235.7758642673493,0.0,0.0,4485.454466333986,0.0,0.0,0.0,0.0,0.0,0.0,0.0,5569.593118792772,0.0,0.0,0.0,0.0,0.0,0.0,0.0
7422,0.0,406.4212814211845,0.0,0.0,0.0,0.0,0.0,0.0,0.0,0.0,0.0,0.0,0.0,708.478495156765,0.0,0.0,8050.342738866804,0.0,1209.975998544693,0.0,0.0,4410.523779451847,0.0,0.0,0.0,0.0,0.0,0.0,0.0,5265.774664500355,0.0,0.0,0.0,0.0,0.0,0.0,0.0
7423,0.0,390.04552586674686,0.0,0.0,0.0,0.0,0.0,0.0,0.0,0.0,0.0,0.0,0.0,727.8926451206206,0.0,0.0,7907.9310008585435,0.0,1173.7779332637788,0.0,0.0,4352.047428533435,0.0,0.0,0.0,0.0,0.0,0.0,0.0,4947.957831075787,0.0,0.0,0.0,0.0,0.0,0.0,0.0
7424,0.0,369.08204045891756,0.0,0.0,0.0,0.0,0.0,0.0,0.0,0.0,0.0,0.0,0.0,741.3346451878547,0.0,0.0,7788.965832948685,0.0,1131.3418967723846,0.0,0.0,4325.562087580562,0.0,0.0,0.0,0.0,0.0,0.0,0.0,4625.067213517425,0.0,0.0,0.0,0.0,0.0,0.0,0.0
7425,0.0,339.883585435152,0.0,0.0,0.0,0.0,0.0,0.0,0.0,0.0,0.0,0.0,0.0,750.8137585759162,0.0,0.0,7692.480342209337,0.0,1095.3388718366623,0.0,0.0,4299.131243214011,0.0,0.0,0.0,0.0,0.0,0.0,0.0,4288.056715047359,0.0,0.0,0.0,0.0,0.0,0.0,0.0
7426,0.0,311.68004896044727,0.0,0.0,0.0,0.0,0.0,0.0,0.0,0.0,0.0,0.0,0.0,735.1937826395035,0.0,0.0,7531.205246597527,0.0,1063.8171507835389,0.0,0.0,4149.220217004418,0.0,0.0,0.0,0.0,0.0,0.0,0.0,4045.974544429778,0.0,0.0,0.0,0.0,0.0,0.0,0.0
7427,0.0,283.16946864724156,0.0,0.0,0.0,0.0,0.0,0.0,0.0,0.0,0.0,0.0,0.0,715.5540697336196,0.0,0.0,7378.435386121271,0.0,1046.4954339504243,0.0,0.0,3993.342420110106,0.0,0.0,0.0,0.0,0.0,0.0,0.0,3835.971374902128,0.0,0.0,0.0,0.0,0.0,0.0,0.0
7428,0.0,258.5925788998603,0.0,0.0,0.0,0.0,0.0,0.0,0.0,0.0,0.0,0.0,0.0,696.6222505450248,0.0,0.0,7233.377332955597,0.0,1035.9116792917252,0.0,0.0,3827.816910883784,0.0,0.0,0.0,0.0,0.0,0.0,0.0,3638.8712604284274,0.0,0.0,0.0,0.0,0.0,0.0,0.0
7429,0.0,237.37109137773513,0.0,0.0,0.0,0.0,0.0,0.0,0.0,0.0,0.0,0.0,0.0,678.9278218626974,0.0,0.0,7088.383843034506,0.0,1028.0499527454376,0.0,0.0,3651.838350883126,0.0,0.0,0.0,0.0,0.0,0.0,0.0,3452.873009449242,0.0,0.0,0.0,0.0,0.0,0.0,0.0
7430,0.0,218.35018289387224,0.0,0.0,0.0,0.0,0.0,0.0,0.0,0.0,0.0,0.0,0.0,659.1751257300377,0.0,0.0,6950.1368232369405,0.0,1018.7296326875687,0.0,0.0,3477.9957543075084,0.0,0.0,0.0,0.0,0.0,0.0,0.0,3281.5135532319546,0.0,0.0,0.0,0.0,0.0,0.0,0.0
7431,0.0,182.277034842968,0.0,0.0,0.0,0.0,0.0,0.0,0.0,0.0,0.0,0.0,0.0,646.5656596064566,0.0,0.0,6914.447350651026,0.0,1023.7389090061188,0.0,0.0,3621.8824856579304,0.0,0.0,0.0,0.0,0.0,0.0,0.0,2576.0008138030753,0.0,0.0,0.0,0.0,0.0,0.0,0.0
7432,0.0,148.66121945679183,0.0,0.0,0.0,0.0,0.0,0.0,0.0,0.0,0.0,0.0,0.0,629.4099636435508,0.0,0.0,6904.940996289253,0.0,1021.4699198961258,0.0,0.0,3721.2800204873083,0.0,0.0,0.0,0.0,0.0,0.0,0.0,2039.8046011164784,0.0,0.0,0.0,0.0,0.0,0.0,0.0
7433,0.0,120.04552769064901,0.0,0.0,0.0,0.0,0.0,0.0,0.0,0.0,0.0,0.0,0.0,606.3804849267005,0.0,0.0,7005.199158549307,0.0,1021.5073866128921,0.0,0.0,3794.1404426068066,0.0,0.0,0.0,0.0,0.0,0.0,0.0,1616.1250029042355,0.0,0.0,0.0,0.0,0.0,0.0,0.0
7434,0.0,97.93655469864602,0.0,0.0,0.0,0.0,0.0,0.0,0.0,0.0,0.0,0.0,0.0,584.4640703320504,0.0,0.0,7169.899995476006,0.0,1025.8409578084945,0.0,0.0,3872.593425518274,0.0,0.0,0.0,0.0,0.0,0.0,0.0,1418.104584772883,0.0,0.0,0.0,0.0,0.0,0.0,0.0
7435,0.0,98.89007675796744,0.0,0.0,0.0,0.0,0.0,0.0,0.0,0.0,0.0,0.0,0.0,572.5649638295173,0.0,0.0,7402.609265059231,0.0,1019.670687532425,0.0,0.0,3830.6785871833563,0.0,0.0,0.0,0.0,0.0,0.0,0.0,1552.8836882576347,0.0,0.0,0.0,0.0,0.0,0.0,0.0
7436,0.0,99.79213025718924,0.0,0.0,0.0,0.0,0.0,0.0,0.0,0.0,0.0,0.0,0.0,562.1678168892861,0.0,0.0,7571.741629749535,0.0,1019.1663096427917,0.0,0.0,3798.714219993353,0.0,0.0,0.0,0.0,0.0,0.0,0.0,1643.7507468059657,0.0,0.0,0.0,0.0,0.0,0.0,0.0
7437,0.0,100.51682834476225,0.0,0.0,0.0,0.0,0.0,0.0,0.0,0.0,0.0,0.0,0.0,553.0299845814703,0.0,0.0,7684.915552407503,0.0,1026.6700867652894,0.0,0.0,3768.0008522182698,0.0,0.0,0.0,0.0,0.0,0.0,0.0,1695.5526327460984,0.0,0.0,0.0,0.0,0.0,0.0,0.0
7438,0.0,101.10473986119028,0.0,0.0,0.0,0.0,0.0,0.0,0.0,0.0,0.0,0.0,0.0,540.927642774582,0.0,0.0,7739.585841029882,0.0,1019.2705287694931,0.0,0.0,3688.0770669937133,0.0,0.0,0.0,0.0,0.0,0.0,0.0,1726.6283401235921,0.0,0.0,0.0,0.0,0.0,0.0,0.0
7439,0.0,101.58674734532829,0.0,0.0,0.0,0.0,0.0,0.0,0.0,0.0,0.0,0.0,0.0,521.6497452020644,0.0,0.0,7738.058103531599,0.0,976.03909522295,0.0,0.0,3549.114102217555,0.0,0.0,0.0,0.0,0.0,0.0,0.0,1748.7100229144075,0.0,0.0,0.0,0.0,0.0,0.0,0.0
7440,0.0,117.76939409673214,0.0,0.0,0.0,0.0,0.0,0.0,0.0,0.0,0.0,0.0,0.0,497.3765991330147,0.0,0.0,8100.2213457226735,0.0,922.7600604772566,0.0,0.0,3294.048279592395,0.0,0.0,0.0,0.0,0.0,0.0,0.0,2154.6612096846084,0.0,0.0,0.0,0.0,0.0,0.0,0.0
7441,0.0,130.34033389091485,0.0,0.0,0.0,0.0,0.0,0.0,0.0,0.0,0.0,0.0,0.0,466.33853752613066,0.0,0.0,8370.539872080088,0.0,839.1153781652449,0.0,0.0,2342.533492393791,0.0,0.0,0.0,0.0,0.0,0.0,0.0,2509.563026000559,0.0,0.0,0.0,0.0,0.0,0.0,0.0
7442,0.0,140.57503031194204,0.0,0.0,0.0,0.0,0.0,0.0,0.0,0.0,0.0,0.0,0.0,433.45490387678143,0.0,0.0,8586.965980231762,0.0,748.4699331164359,0.0,0.0,1535.9841661959883,0.0,0.0,0.0,0.0,0.0,0.0,0.0,2825.826191580295,0.0,0.0,0.0,0.0,0.0,0.0,0.0
7443,0.0,149.07671340107916,0.0,0.0,0.0,0.0,0.0,0.0,0.0,0.0,0.0,0.0,0.0,401.92070243358614,0.0,0.0,8773.724888563154,0.0,675.3653140544891,0.0,0.0,1070.284571740776,0.0,0.0,0.0,0.0,0.0,0.0,0.0,3108.5546851962786,0.0,0.0,0.0,0.0,0.0,0.0,0.0
7444,0.0,160.06964874565597,0.0,0.0,0.0,0.0,0.0,0.0,0.0,0.0,0.0,0.0,0.0,376.6365358233451,0.0,0.0,8936.586839824913,0.0,613.0902953386305,0.0,0.0,813.761116810888,0.0,0.0,0.0,0.0,0.0,0.0,0.0,3362.686867123841,0.0,0.0,0.0,0.0,0.0,0.0,0.0
7445,0.0,172.07254060506816,0.0,0.0,0.0,0.0,0.0,0.0,0.0,0.0,0.0,0.0,0.0,349.8569330871105,0.0,0.0,9075.960215985775,0.0,542.3547940015792,0.0,0.0,496.9769262090323,0.0,0.0,0.0,0.0,0.0,0.0,0.0,3576.8684683859333,0.0,0.0,0.0,0.0,0.0,0.0,0.0
7446,0.0,179.75816154778002,0.0,0.0,0.0,0.0,0.0,0.0,0.0,0.0,0.0,0.0,0.0,326.03011559844015,0.0,0.0,8743.24792563915,0.0,484.56333191394805,0.0,0.0,287.5484750580033,0.0,0.0,0.0,0.0,0.0,0.0,0.0,3440.1569080263375,0.0,0.0,0.0,0.0,0.0,0.0,0.0
7447,0.0,189.74710225760936,0.0,0.0,0.0,0.0,0.0,0.0,0.0,0.0,0.0,0.0,0.0,307.6671579897403,0.0,0.0,8465.744988113642,0.0,451.78665369749064,0.0,0.0,216.17724784947882,0.0,0.0,0.0,0.0,0.0,0.0,0.0,3343.735844025014,0.0,0.0,0.0,0.0,0.0,0.0,0.0
7448,0.0,197.91506034135816,0.0,0.0,0.0,0.0,0.0,0.0,0.0,0.0,0.0,0.0,0.0,293.7812728285789,0.0,0.0,8230.653879314661,0.0,420.8164996266364,0.0,0.0,189.89676107838713,0.0,0.0,0.0,0.0,0.0,0.0,0.0,3232.240965497493,0.0,0.0,0.0,0.0,0.0,0.0,0.0
7449,0.0,201.2343405872583,0.0,0.0,0.0,0.0,0.0,0.0,0.0,0.0,0.0,0.0,0.0,309.4235764026642,0.0,0.0,8085.0132012069225,0.0,407.67398163080213,0.0,0.0,188.94882323518328,0.0,0.0,0.0,0.0,0.0,0.0,0.0,3015.0482174545514,0.0,0.0,0.0,0.0,0.0,0.0,0.0
7450,0.0,191.681641164422,0.0,0.0,0.0,0.0,0.0,0.0,0.0,0.0,0.0,0.0,0.0,318.51765012741083,0.0,0.0,8079.3199676275235,0.0,385.0296197056769,0.0,0.0,198.8773443661625,0.0,0.0,0.0,0.0,0.0,0.0,0.0,2832.847801117598,0.0,0.0,0.0,0.0,0.0,0.0,0.0
7451,0.0,182.6128640413284,0.0,0.0,0.0,0.0,0.0,0.0,0.0,0.0,0.0,0.0,0.0,335.91816549897186,0.0,0.0,8075.037013113499,0.0,368.2221809864044,0.0,0.0,200.49933686144618,0.0,0.0,0.0,0.0,0.0,0.0,0.0,2675.193456344306,0.0,0.0,0.0,0.0,0.0,0.0,0.0
7452,0.0,173.19549228250975,0.0,0.0,0.0,0.0,0.0,0.0,0.0,0.0,0.0,0.0,0.0,355.8351356565952,0.0,0.0,8071.813518106937,0.0,362.0237810313701,0.0,0.0,203.09973230548155,0.0,0.0,0.0,0.0,0.0,0.0,0.0,2528.535203427076,0.0,0.0,0.0,0.0,0.0,0.0,0.0
7453,0.0,163.94755014181138,0.0,0.0,0.0,0.0,0.0,0.0,0.0,0.0,0.0,0.0,0.0,380.19981158971785,0.0,0.0,8069.388896018265,0.0,363.2745884001255,0.0,0.0,212.21670843847082,0.0,0.0,0.0,0.0,0.0,0.0,0.0,2406.1919517248866,0.0,0.0,0.0,0.0,0.0,0.0,0.0
7454,0.0,154.72903864681717,0.0,0.0,0.0,0.0,0.0,0.0,0.0,0.0,0.0,0.0,0.0,407.55905863046644,0.0,0.0,8067.564789891243,0.0,361.35124753713603,0.0,0.0,218.12201908417035,0.0,0.0,0.0,0.0,0.0,0.0,0.0,2317.6252907082426,0.0,0.0,0.0,0.0,0.0,0.0,0.0
7455,0.0,128.35759493708605,0.0,0.0,0.0,0.0,0.0,0.0,0.0,0.0,0.0,0.0,0.0,446.8615294337272,0.0,0.0,8062.402063935993,0.0,363.60941753983496,0.0,0.0,248.51132139489022,0.0,0.0,0.0,0.0,0.0,0.0,0.0,1745.0787108004079,0.0,0.0,0.0,0.0,0.0,0.0,0.0
7456,0.0,100.79933729320757,0.0,0.0,0.0,0.0,0.0,0.0,0.0,0.0,0.0,0.0,0.0,471.6080841898918,0.0,0.0,8035.578758358955,0.0,336.2187280654907,0.0,0.0,265.2637612547717,0.0,0.0,0.0,0.0,0.0,0.0,0.0,1502.9833413287977,0.0,0.0,0.0,0.0,0.0,0.0,0.0
7457,0.0,77.15952884405846,0.0,0.0,0.0,0.0,0.0,0.0,0.0,0.0,0.0,0.0,0.0,475.19660184383395,0.0,0.0,8041.312441200018,0.0,270.27540950775136,0.0,0.0,317.30334627628235,0.0,0.0,0.0,0.0,0.0,0.0,0.0,1540.4037197574967,0.0,0.0,0.0,0.0,0.0,0.0,0.0
7458,0.0,61.77963171154257,0.0,0.0,0.0,0.0,0.0,0.0,0.0,0.0,0.0,0.0,0.0,475.5965265989303,0.0,0.0,7916.958187043665,0.0,214.454432913661,0.0,0.0,337.7155725114047,0.0,0.0,0.0,0.0,0.0,0.0,0.0,1661.78164705336,0.0,0.0,0.0,0.0,0.0,0.0,0.0
7459,0.0,61.310985852777875,0.0,0.0,0.0,0.0,0.0,0.0,0.0,0.0,0.0,0.0,0.0,480.79209614992135,0.0,0.0,7887.987959116697,0.0,164.28403892815106,0.0,0.0,340.6989200089121,0.0,0.0,0.0,0.0,0.0,0.0,0.0,1801.3351195722812,0.0,0.0,0.0,0.0,0.0,0.0,0.0
7460,0.0,60.35172636061907,0.0,0.0,0.0,0.0,0.0,0.0,0.0,0.0,0.0,0.0,0.0,474.9640895366668,0.0,0.0,7814.913256436585,0.0,131.04582945108407,0.0,0.0,338.18848177716046,0.0,0.0,0.0,0.0,0.0,0.0,0.0,1921.117612786591,0.0,0.0,0.0,0.0,0.0,0.0,0.0
7461,0.0,59.81603389978405,0.0,0.0,0.0,0.0,0.0,0.0,0.0,0.0,0.0,0.0,0.0,459.5818267226219,0.0,0.0,7742.495854258537,0.0,109.17066900283093,0.0,0.0,336.08116690479187,0.0,0.0,0.0,0.0,0.0,0.0,0.0,1998.0757912814604,0.0,0.0,0.0,0.0,0.0,0.0,0.0
7462,0.0,61.71371435970063,0.0,0.0,0.0,0.0,0.0,0.0,0.0,0.0,0.0,0.0,0.0,439.13899137973783,0.0,0.0,7660.846685975788,0.0,96.19955234378557,0.0,0.0,334.7518286470318,0.0,0.0,0.0,0.0,0.0,0.0,0.0,2078.291736240685,0.0,0.0,0.0,0.0,0.0,0.0,0.0
7463,0.0,66.56124891936774,0.0,0.0,0.0,0.0,0.0,0.0,0.0,0.0,0.0,0.0,0.0,418.30138726234435,0.0,0.0,7585.247793793678,0.0,87.59682810306536,0.0,0.0,335.0283988226204,0.0,0.0,0.0,0.0,0.0,0.0,0.0,2204.1489568203688,0.0,0.0,0.0,0.0,0.0,0.0,0.0
7464,0.0,92.05770606547588,0.0,0.0,0.0,0.0,0.0,0.0,0.0,0.0,0.0,0.0,0.0,392.9290758013725,0.0,0.0,7858.375988095997,0.0,97.75497686564911,0.0,0.0,674.0878041699528,0.0,0.0,0.0,0.0,0.0,0.0,0.0,2723.0042257934792,0.0,0.0,0.0,0.0,0.0,0.0,0.0
7465,0.0,123.39973753988737,0.0,0.0,0.0,0.0,0.0,0.0,0.0,0.0,0.0,0.0,0.0,368.05844125151623,0.0,0.0,8082.928508490324,0.0,103.89288615435348,0.0,0.0,747.2415238894522,0.0,0.0,0.0,0.0,0.0,0.0,0.0,3255.631866124271,0.0,0.0,0.0,0.0,0.0,0.0,0.0
7466,0.0,161.13156479895113,0.0,0.0,0.0,0.0,0.0,0.0,0.0,0.0,0.0,0.0,0.0,341.7241807341576,0.0,0.0,8264.481907993555,0.0,106.9725895076989,0.0,0.0,724.6724438711994,0.0,0.0,0.0,0.0,0.0,0.0,0.0,3790.172436258195,0.0,0.0,0.0,0.0,0.0,0.0,0.0
7467,0.0,202.4146665930748,0.0,0.0,0.0,0.0,0.0,0.0,0.0,0.0,0.0,0.0,0.0,308.61879508495326,0.0,0.0,8409.579632550476,0.0,107.36003952473395,0.0,0.0,699.9602855958044,0.0,0.0,0.0,0.0,0.0,0.0,0.0,4287.528760886192,0.0,0.0,0.0,0.0,0.0,0.0,0.0
7468,0.0,245.23614386916154,0.0,0.0,0.0,0.0,0.0,0.0,0.0,0.0,0.0,0.0,0.0,280.26363676786417,0.0,0.0,8528.334775447844,0.0,110.67853391468515,0.0,0.0,707.5206272922454,0.0,0.0,0.0,0.0,0.0,0.0,0.0,4776.339460352061,0.0,0.0,0.0,0.0,0.0,0.0,0.0
7469,0.0,282.59606203436846,0.0,0.0,0.0,0.0,0.0,0.0,0.0,0.0,0.0,0.0,0.0,262.92974563241,0.0,0.0,8629.328803122044,0.0,112.09496254920948,0.0,0.0,510.8334780234837,0.0,0.0,0.0,0.0,0.0,0.0,0.0,5262.408775916694,0.0,0.0,0.0,0.0,0.0,0.0,0.0
7470,0.0,307.5869727909565,0.0,0.0,0.0,0.0,0.0,0.0,0.0,0.0,0.0,0.0,0.0,246.60528340935704,0.0,0.0,8207.288985610008,0.0,115.14476515054695,0.0,0.0,358.8567284334442,0.0,0.0,0.0,0.0,0.0,0.0,0.0,5534.735487720371,0.0,0.0,0.0,0.0,0.0,0.0,0.0
7471,0.0,323.51487191319467,0.0,0.0,0.0,0.0,0.0,0.0,0.0,0.0,0.0,0.0,0.0,233.47125230431556,0.0,0.0,7858.316092073917,0.0,124.83406122922888,0.0,0.0,297.1195894103497,0.0,0.0,0.0,0.0,0.0,0.0,0.0,5769.384714651107,0.0,0.0,0.0,0.0,0.0,0.0,0.0
7472,0.0,331.22396162152285,0.0,0.0,0.0,0.0,0.0,0.0,0.0,0.0,0.0,0.0,0.0,227.19259057044974,0.0,0.0,7579.534335583448,0.0,132.3531333088873,0.0,0.0,255.47749892100677,0.0,0.0,0.0,0.0,0.0,0.0,0.0,5960.786901921033,0.0,0.0,0.0,0.0,0.0,0.0,0.0
7473,0.0,331.22870306968684,0.0,0.0,0.0,0.0,0.0,0.0,0.0,0.0,0.0,0.0,0.0,223.61182930469514,0.0,0.0,7356.889931321142,0.0,157.68963000476344,0.0,0.0,285.911987984553,0.0,0.0,0.0,0.0,0.0,0.0,0.0,6120.804022371768,0.0,0.0,0.0,0.0,0.0,0.0,0.0
7474,0.0,316.43260726332664,0.0,0.0,0.0,0.0,0.0,0.0,0.0,0.0,0.0,0.0,0.0,207.84363013505933,0.0,0.0,7107.382550090551,0.0,175.79518375098687,0.0,0.0,382.95322666279907,0.0,0.0,0.0,0.0,0.0,0.0,0.0,5702.987608247994,0.0,0.0,0.0,0.0,0.0,0.0,0.0
7475,0.0,300.36726225614547,0.0,0.0,0.0,0.0,0.0,0.0,0.0,0.0,0.0,0.0,0.0,198.7901317358017,0.0,0.0,6886.627593070269,0.0,192.91148575246325,0.0,0.0,442.1187323290848,0.0,0.0,0.0,0.0,0.0,0.0,0.0,5267.650348222256,0.0,0.0,0.0,0.0,0.0,0.0,0.0
7476,0.0,285.63030830025673,0.0,0.0,0.0,0.0,0.0,0.0,0.0,0.0,0.0,0.0,0.0,196.45581756830208,0.0,0.0,6686.481534868477,0.0,206.08690569102748,0.0,0.0,473.97705824486826,0.0,0.0,0.0,0.0,0.0,0.0,0.0,4886.184301319718,0.0,0.0,0.0,0.0,0.0,0.0,0.0
7477,0.0,272.34965227246283,0.0,0.0,0.0,0.0,0.0,0.0,0.0,0.0,0.0,0.0,0.0,197.46549307107918,0.0,0.0,6503.542748153208,0.0,224.86256233751774,0.0,0.0,481.303670137748,0.0,0.0,0.0,0.0,0.0,0.0,0.0,4551.766564038394,0.0,0.0,0.0,0.0,0.0,0.0,0.0
7478,0.0,259.48181084990495,0.0,0.0,0.0,0.0,0.0,0.0,0.0,0.0,0.0,0.0,0.0,198.51681993007657,0.0,0.0,6337.0932585299,0.0,242.41638607382765,0.0,0.0,474.67033808156845,0.0,0.0,0.0,0.0,0.0,0.0,0.0,4252.264677432179,0.0,0.0,0.0,0.0,0.0,0.0,0.0
7479,0.0,225.49605028331277,0.0,0.0,0.0,0.0,0.0,0.0,0.0,0.0,0.0,0.0,0.0,203.7741267442702,0.0,0.0,6067.0975483953935,0.0,271.3527851045131,0.0,0.0,516.966236227378,0.0,0.0,0.0,0.0,0.0,0.0,0.0,3727.7827189058053,0.0,0.0,0.0,0.0,0.0,0.0,0.0
7480,0.0,185.56933933496467,0.0,0.0,0.0,0.0,0.0,0.0,0.0,0.0,0.0,0.0,0.0,200.45235262513157,0.0,0.0,5851.36841213703,0.0,275.94266539812077,0.0,0.0,556.863943971321,0.0,0.0,0.0,0.0,0.0,0.0,0.0,3325.4946661442514,0.0,0.0,0.0,0.0,0.0,0.0,0.0
7481,0.0,150.18019427955144,0.0,0.0,0.0,0.0,0.0,0.0,0.0,0.0,0.0,0.0,0.0,187.3093321800231,0.0,0.0,5737.379281282423,0.0,252.92176889777173,0.0,0.0,521.2969739768653,0.0,0.0,0.0,0.0,0.0,0.0,0.0,3060.8970586150886,0.0,0.0,0.0,0.0,0.0,0.0,0.0
7482,0.0,131.56312251090995,0.0,0.0,0.0,0.0,0.0,0.0,0.0,0.0,0.0,0.0,0.0,176.93110544681542,0.0,0.0,5730.122528165577,0.0,236.97815438210964,0.0,0.0,504.4359572377048,0.0,0.0,0.0,0.0,0.0,0.0,0.0,3065.1677015215155,0.0,0.0,0.0,0.0,0.0,0.0,0.0
7483,0.0,135.1357195347547,0.0,0.0,0.0,0.0,0.0,0.0,0.0,0.0,0.0,0.0,0.0,179.88978644609446,0.0,0.0,5990.93664483726,0.0,215.21193345189076,0.0,0.0,558.0128379765897,0.0,0.0,0.0,0.0,0.0,0.0,0.0,3347.63872708082,0.0,0.0,0.0,0.0,0.0,0.0,0.0
7484,0.0,142.70169606506818,0.0,0.0,0.0,0.0,0.0,0.0,0.0,0.0,0.0,0.0,0.0,181.91922523975362,0.0,0.0,6189.666978880763,0.0,200.8463079661131,0.0,0.0,607.6804969232527,0.0,0.0,0.0,0.0,0.0,0.0,0.0,3649.704084268211,0.0,0.0,0.0,0.0,0.0,0.0,0.0
7485,0.0,149.5684212148189,0.0,0.0,0.0,0.0,0.0,0.0,0.0,0.0,0.0,0.0,0.0,183.74004857540123,0.0,0.0,6322.452959418296,0.0,192.5910623282193,0.0,0.0,639.0636807270342,0.0,0.0,0.0,0.0,0.0,0.0,0.0,3945.3041726559395,0.0,0.0,0.0,0.0,0.0,0.0,0.0
7486,0.0,155.37926233112807,0.0,0.0,0.0,0.0,0.0,0.0,0.0,0.0,0.0,0.0,0.0,191.84139428138724,0.0,0.0,6376.204194143413,0.0,187.57802155315864,0.0,0.0,674.1273141950369,0.0,0.0,0.0,0.0,0.0,0.0,0.0,4102.694901961087,0.0,0.0,0.0,0.0,0.0,0.0,0.0
7487,0.0,154.43846362531175,0.0,0.0,0.0,0.0,0.0,0.0,0.0,0.0,0.0,0.0,0.0,212.10188724994651,0.0,0.0,6361.805423796176,0.0,184.88172216713428,0.0,0.0,705.9073012679816,0.0,0.0,0.0,0.0,0.0,0.0,0.0,4086.2979475200177,0.0,0.0,0.0,0.0,0.0,0.0,0.0
7488,0.0,189.3635780185461,0.0,0.0,0.0,0.0,0.0,0.0,0.0,0.0,0.0,0.0,0.0,244.21232556700699,0.0,0.0,6757.217181205748,0.0,209.5506354808807,0.0,0.0,640.6968374535435,0.0,0.0,0.0,0.0,0.0,0.0,0.0,4676.854454153774,0.0,0.0,0.0,0.0,0.0,0.0,0.0
7489,0.0,226.6607772052288,0.0,0.0,0.0,0.0,0.0,0.0,0.0,0.0,0.0,0.0,0.0,285.52569605112063,0.0,0.0,7108.762492209671,0.0,235.79315089881408,0.0,0.0,706.2267875052987,0.0,0.0,0.0,0.0,0.0,0.0,0.0,5132.171886280177,0.0,0.0,0.0,0.0,0.0,0.0,0.0
7490,0.0,258.46023918986316,0.0,0.0,0.0,0.0,0.0,0.0,0.0,0.0,0.0,0.0,0.0,327.25777699351306,0.0,0.0,7421.250151723623,0.0,262.35973563194267,0.0,0.0,796.9231854312118,0.0,0.0,0.0,0.0,0.0,0.0,0.0,5492.425747501849,0.0,0.0,0.0,0.0,0.0,0.0,0.0
7491,0.0,290.4539602696895,0.0,0.0,0.0,0.0,0.0,0.0,0.0,0.0,0.0,0.0,0.0,362.6977009832859,0.0,0.0,7677.006166011095,0.0,289.8180963993071,0.0,0.0,838.9348308965563,0.0,0.0,0.0,0.0,0.0,0.0,0.0,5864.980217453836,0.0,0.0,0.0,0.0,0.0,0.0,0.0
7492,0.0,327.64088571667673,0.0,0.0,0.0,0.0,0.0,0.0,0.0,0.0,0.0,0.0,0.0,389.06491494178766,0.0,0.0,7892.578172445297,0.0,306.7934832334517,0.0,0.0,860.9212515793736,0.0,0.0,0.0,0.0,0.0,0.0,0.0,6249.622668021916,0.0,0.0,0.0,0.0,0.0,0.0,0.0
7493,0.0,365.9016229212284,0.0,0.0,0.0,0.0,0.0,0.0,0.0,0.0,0.0,0.0,0.0,407.7458844661713,0.0,0.0,8076.762329697609,0.0,320.1889904916286,0.0,0.0,795.6555342815809,0.0,0.0,0.0,0.0,0.0,0.0,0.0,6612.549206781387,0.0,0.0,0.0,0.0,0.0,0.0,0.0
7494,0.0,379.12756993174554,0.0,0.0,0.0,0.0,0.0,0.0,0.0,0.0,0.0,0.0,0.0,421.1390596389771,0.0,0.0,7847.495914578436,0.0,308.98718321323383,0.0,0.0,698.236528294533,0.0,0.0,0.0,0.0,0.0,0.0,0.0,6471.027116143703,0.0,0.0,0.0,0.0,0.0,0.0,0.0
7495,0.0,391.6722634255886,0.0,0.0,0.0,0.0,0.0,0.0,0.0,0.0,0.0,0.0,0.0,435.37947450876237,0.0,0.0,7642.488944143055,0.0,296.0282047033309,0.0,0.0,626.4323559835552,0.0,0.0,0.0,0.0,0.0,0.0,0.0,6379.968764615059,0.0,0.0,0.0,0.0,0.0,0.0,0.0
7496,0.0,404.5890343487263,0.0,0.0,0.0,0.0,0.0,0.0,0.0,0.0,0.0,0.0,0.0,453.8955423235893,0.0,0.0,7460.09622246027,0.0,287.7555299282074,0.0,0.0,581.8297384422268,0.0,0.0,0.0,0.0,0.0,0.0,0.0,6327.583417004347,0.0,0.0,0.0,0.0,0.0,0.0,0.0
7497,0.0,417.88868422508233,0.0,0.0,0.0,0.0,0.0,0.0,0.0,0.0,0.0,0.0,0.0,471.646821296215,0.0,0.0,7296.044129461048,0.0,280.213189357519,0.0,0.0,512.7117180090394,0.0,0.0,0.0,0.0,0.0,0.0,0.0,6224.245430266857,0.0,0.0,0.0,0.0,0.0,0.0,0.0
7498,0.0,417.35733341574667,0.0,0.0,0.0,0.0,0.0,0.0,0.0,0.0,0.0,0.0,0.0,468.6859434008598,0.0,0.0,7216.62589353323,0.0,260.1065157413483,0.0,0.0,355.2637382213025,0.0,0.0,0.0,0.0,0.0,0.0,0.0,5780.374116677046,0.0,0.0,0.0,0.0,0.0,0.0,0.0
7499,0.0,419.0023073136806,0.0,0.0,0.0,0.0,0.0,0.0,0.0,0.0,0.0,0.0,0.0,462.8558743953705,0.0,0.0,7137.806617826223,0.0,245.827650603652,0.0,0.0,280.42739855423565,0.0,0.0,0.0,0.0,0.0,0.0,0.0,5353.05561248958,0.0,0.0,0.0,0.0,0.0,0.0,0.0
7500,0.0,422.7000477075577,0.0,0.0,0.0,0.0,0.0,0.0,0.0,0.0,0.0,0.0,0.0,460.4405440807342,0.0,0.0,7066.866391569376,0.0,239.28050487637515,0.0,0.0,245.35112490579417,0.0,0.0,0.0,0.0,0.0,0.0,0.0,4951.633983132241,0.0,0.0,0.0,0.0,0.0,0.0,0.0
7501,0.0,425.3933305442333,0.0,0.0,0.0,0.0,0.0,0.0,0.0,0.0,0.0,0.0,0.0,456.4477078795433,0.0,0.0,7008.575894027947,0.0,237.02839653789982,0.0,0.0,227.43329068533993,0.0,0.0,0.0,0.0,0.0,0.0,0.0,4584.317469361423,0.0,0.0,0.0,0.0,0.0,0.0,0.0
7502,0.0,424.84466924071313,0.0,0.0,0.0,0.0,0.0,0.0,0.0,0.0,0.0,0.0,0.0,451.54898830652235,0.0,0.0,6959.433152586222,0.0,236.14939594268796,0.0,0.0,219.77360625341447,0.0,0.0,0.0,0.0,0.0,0.0,0.0,4235.728863814472,0.0,0.0,0.0,0.0,0.0,0.0,0.0
7503,0.0,410.9343825638294,0.0,0.0,0.0,0.0,0.0,0.0,0.0,0.0,0.0,0.0,0.0,459.22987500429156,0.0,0.0,6724.235475540159,0.0,254.31138689517968,0.0,0.0,237.35973034948054,0.0,0.0,0.0,0.0,0.0,0.0,0.0,3454.7743676543237,0.0,0.0,0.0,0.0,0.0,0.0,0.0
7504,0.0,400.0920653522014,0.0,0.0,0.0,0.0,0.0,0.0,0.0,0.0,0.0,0.0,0.0,466.7324096083641,0.0,0.0,6499.101108074187,0.0,273.3113399386406,0.0,0.0,252.2166729714717,0.0,0.0,0.0,0.0,0.0,0.0,0.0,2840.2270453572273,0.0,0.0,0.0,0.0,0.0,0.0,0.0
7505,0.0,390.7533202707767,0.0,0.0,0.0,0.0,0.0,0.0,0.0,0.0,0.0,0.0,0.0,477.7084162473678,0.0,0.0,6288.99130770564,0.0,300.15647963285437,0.0,0.0,264.3718716368076,0.0,0.0,0.0,0.0,0.0,0.0,0.0,2469.923251226544,0.0,0.0,0.0,0.0,0.0,0.0,0.0
7506,0.0,379.4962806522846,0.0,0.0,0.0,0.0,0.0,0.0,0.0,0.0,0.0,0.0,0.0,492.8044100522995,0.0,0.0,6076.17257361114,0.0,326.06343969702715,0.0,0.0,261.1022656816988,0.0,0.0,0.0,0.0,0.0,0.0,0.0,2337.0176617890593,0.0,0.0,0.0,0.0,0.0,0.0,0.0
7507,0.0,395.2867058336734,0.0,0.0,0.0,0.0,0.0,0.0,0.0,0.0,0.0,0.0,0.0,515.4636893630027,0.0,0.0,6230.209973931311,0.0,331.82800827026364,0.0,0.0,294.34654575325544,0.0,0.0,0.0,0.0,0.0,0.0,0.0,2370.2250744953744,0.0,0.0,0.0,0.0,0.0,0.0,0.0
7508,0.0,403.26605808734894,0.0,0.0,0.0,0.0,0.0,0.0,0.0,0.0,0.0,0.0,0.0,535.7787908911704,0.0,0.0,6368.725747957824,0.0,334.22727128863323,0.0,0.0,310.48582332730217,0.0,0.0,0.0,0.0,0.0,0.0,0.0,2425.7262556880696,0.0,0.0,0.0,0.0,0.0,0.0,0.0
7509,0.0,388.5767150044441,0.0,0.0,0.0,0.0,0.0,0.0,0.0,0.0,0.0,0.0,0.0,557.6181347846983,0.0,0.0,6494.038727402687,0.0,337.9854438245296,0.0,0.0,321.02353303469715,0.0,0.0,0.0,0.0,0.0,0.0,0.0,2486.3728202775105,0.0,0.0,0.0,0.0,0.0,0.0,0.0
7510,0.0,367.28427409529684,0.0,0.0,0.0,0.0,0.0,0.0,0.0,0.0,0.0,0.0,0.0,581.1293614268303,0.0,0.0,6595.861964941023,0.0,339.35757340192794,0.0,0.0,334.35608503371435,0.0,0.0,0.0,0.0,0.0,0.0,0.0,2548.556056927143,0.0,0.0,0.0,0.0,0.0,0.0,0.0
7511,0.0,350.1886881530284,0.0,0.0,0.0,0.0,0.0,0.0,0.0,0.0,0.0,0.0,0.0,607.8442902326583,0.0,0.0,6654.563178062437,0.0,337.8428687393665,0.0,0.0,358.12480900324846,0.0,0.0,0.0,0.0,0.0,0.0,0.0,2610.445845082402,0.0,0.0,0.0,0.0,0.0,0.0,0.0
7512,0.0,369.03400874733927,0.0,0.0,0.0,0.0,0.0,0.0,0.0,0.0,0.0,0.0,0.0,634.397186744213,0.0,0.0,7031.677867531776,0.0,362.3637974143027,0.0,0.0,1071.0186861723653,0.0,0.0,0.0,0.0,0.0,0.0,0.0,3022.5108133614044,0.0,0.0,0.0,0.0,0.0,0.0,0.0
7513,0.0,394.05075899362566,0.0,0.0,0.0,0.0,0.0,0.0,0.0,0.0,0.0,0.0,0.0,665.1300143003464,0.0,0.0,7434.1721350848675,0.0,385.33172475099553,0.0,0.0,1814.1557845249772,0.0,0.0,0.0,0.0,0.0,0.0,0.0,3404.4241748511777,0.0,0.0,0.0,0.0,0.0,0.0,0.0
7514,0.0,423.97673172354695,0.0,0.0,0.0,0.0,0.0,0.0,0.0,0.0,0.0,0.0,0.0,699.6432068228721,0.0,0.0,7777.9262959957105,0.0,410.4774346411228,0.0,0.0,2513.535757166146,0.0,0.0,0.0,0.0,0.0,0.0,0.0,3773.2081119000914,0.0,0.0,0.0,0.0,0.0,0.0,0.0
7515,0.0,452.5193238258361,0.0,0.0,0.0,0.0,0.0,0.0,0.0,0.0,0.0,0.0,0.0,737.1395600438118,0.0,0.0,8026.371106237173,0.0,440.3973942697047,0.0,0.0,3089.459011772275,0.0,0.0,0.0,0.0,0.0,0.0,0.0,4146.855374643206,0.0,0.0,0.0,0.0,0.0,0.0,0.0
7516,0.0,482.60726330280306,0.0,0.0,0.0,0.0,0.0,0.0,0.0,0.0,0.0,0.0,0.0,778.9993523836135,0.0,0.0,8209.250774800776,0.0,472.9258554875849,0.0,0.0,3494.058017608523,0.0,0.0,0.0,0.0,0.0,0.0,0.0,4502.067996850609,0.0,0.0,0.0,0.0,0.0,0.0,0.0
7517,0.0,506.95704048871994,0.0,0.0,0.0,0.0,0.0,0.0,0.0,0.0,0.0,0.0,0.0,817.755020236969,0.0,0.0,8355.281943857668,0.0,513.3263880968094,0.0,0.0,3771.4750095963473,0.0,0.0,0.0,0.0,0.0,0.0,0.0,4850.560413488745,0.0,0.0,0.0,0.0,0.0,0.0,0.0
7518,0.0,512.7169180512428,0.0,0.0,0.0,0.0,0.0,0.0,0.0,0.0,0.0,0.0,0.0,854.2809730768204,0.0,0.0,8082.372331142424,0.0,536.9333837985993,0.0,0.0,3693.6227001696825,0.0,0.0,0.0,0.0,0.0,0.0,0.0,4937.0233941406,0.0,0.0,0.0,0.0,0.0,0.0,0.0
7519,0.0,515.5395666718483,0.0,0.0,0.0,0.0,0.0,0.0,0.0,0.0,0.0,0.0,0.0,891.1243549823761,0.0,0.0,7860.292660802603,0.0,558.7968729496001,0.0,0.0,3628.6555030614136,0.0,0.0,0.0,0.0,0.0,0.0,0.0,4985.620128226279,0.0,0.0,0.0,0.0,0.0,0.0,0.0
7520,0.0,519.9168491721153,0.0,0.0,0.0,0.0,0.0,0.0,0.0,0.0,0.0,0.0,0.0,921.3819804668426,0.0,0.0,7690.373091250658,0.0,584.69473310709,0.0,0.0,3572.5885067760946,0.0,0.0,0.0,0.0,0.0,0.0,0.0,4974.852756237983,0.0,0.0,0.0,0.0,0.0,0.0,0.0
7521,0.0,510.94984484910964,0.0,0.0,0.0,0.0,0.0,0.0,0.0,0.0,0.0,0.0,0.0,935.8653541088104,0.0,0.0,7569.329453587532,0.0,614.8103259086607,0.0,0.0,3524.1071325480934,0.0,0.0,0.0,0.0,0.0,0.0,0.0,4892.524452215433,0.0,0.0,0.0,0.0,0.0,0.0,0.0
7522,0.0,496.0833006620407,0.0,0.0,0.0,0.0,0.0,0.0,0.0,0.0,0.0,0.0,0.0,929.0368630886078,0.0,0.0,7368.826352864502,0.0,613.7908992290496,0.0,0.0,3330.7190325289966,0.0,0.0,0.0,0.0,0.0,0.0,0.0,4635.166687330603,0.0,0.0,0.0,0.0,0.0,0.0,0.0
7523,0.0,485.10878401994705,0.0,0.0,0.0,0.0,0.0,0.0,0.0,0.0,0.0,0.0,0.0,922.4068997383117,0.0,0.0,7195.7968573868275,0.0,615.8059209108353,0.0,0.0,3092.582574445009,0.0,0.0,0.0,0.0,0.0,0.0,0.0,4365.795072379708,0.0,0.0,0.0,0.0,0.0,0.0,0.0
7524,0.0,479.41798009872434,0.0,0.0,0.0,0.0,0.0,0.0,0.0,0.0,0.0,0.0,0.0,917.6206253767014,0.0,0.0,7013.089098185299,0.0,623.4324726700781,0.0,0.0,2826.9011195629837,0.0,0.0,0.0,0.0,0.0,0.0,0.0,4110.435939446091,0.0,0.0,0.0,0.0,0.0,0.0,0.0
7525,0.0,477.76739501953125,0.0,0.0,0.0,0.0,0.0,0.0,0.0,0.0,0.0,0.0,0.0,918.9276440382004,0.0,0.0,6803.661490172146,0.0,641.664713716507,0.0,0.0,2594.5715755105016,0.0,0.0,0.0,0.0,0.0,0.0,0.0,3877.904314959049,0.0,0.0,0.0,0.0,0.0,0.0,0.0
7526,0.0,476.2246568441391,0.0,0.0,0.0,0.0,0.0,0.0,0.0,0.0,0.0,0.0,0.0,926.7927113294602,0.0,0.0,6574.042699754238,0.0,670.1930100917815,0.0,0.0,2376.006960886717,0.0,0.0,0.0,0.0,0.0,0.0,0.0,3676.2619866371156,0.0,0.0,0.0,0.0,0.0,0.0,0.0
7527,0.0,466.6993119299412,0.0,0.0,0.0,0.0,0.0,0.0,0.0,0.0,0.0,0.0,0.0,948.7903662443161,0.0,0.0,6457.245845630764,0.0,721.7609659671782,0.0,0.0,2393.6889838367692,0.0,0.0,0.0,0.0,0.0,0.0,0.0,3356.0422385543584,0.0,0.0,0.0,0.0,0.0,0.0,0.0
7528,0.0,449.68553701043123,0.0,0.0,0.0,0.0,0.0,0.0,0.0,0.0,0.0,0.0,0.0,974.2042393922806,0.0,0.0,6353.067216470836,0.0,776.9965695738792,0.0,0.0,2408.1246754154554,0.0,0.0,0.0,0.0,0.0,0.0,0.0,2994.4693959608658,0.0,0.0,0.0,0.0,0.0,0.0,0.0
7529,0.0,429.00586515069006,0.0,0.0,0.0,0.0,0.0,0.0,0.0,0.0,0.0,0.0,0.0,995.4657099485397,0.0,0.0,6350.109753146766,0.0,828.4190455079079,0.0,0.0,2424.997575438022,0.0,0.0,0.0,0.0,0.0,0.0,0.0,2597.1023460775605,0.0,0.0,0.0,0.0,0.0,0.0,0.0
7530,0.0,415.5273308157921,0.0,0.0,0.0,0.0,0.0,0.0,0.0,0.0,0.0,0.0,0.0,1021.5491432189941,0.0,0.0,6435.890969082712,0.0,879.007886993885,0.0,0.0,2451.565720926225,0.0,0.0,0.0,0.0,0.0,0.0,0.0,2268.7839258074755,0.0,0.0,0.0,0.0,0.0,0.0,0.0
7531,0.0,424.50373386740677,0.0,0.0,0.0,0.0,0.0,0.0,0.0,0.0,0.0,0.0,0.0,1056.904553961754,0.0,0.0,6598.4491619467735,0.0,911.0885260939598,0.0,0.0,2321.8160095855587,0.0,0.0,0.0,0.0,0.0,0.0,0.0,2252.1323962092397,0.0,0.0,0.0,0.0,0.0,0.0,0.0
7532,0.0,437.5900746881961,0.0,0.0,0.0,0.0,0.0,0.0,0.0,0.0,0.0,0.0,0.0,1090.9733009576798,0.0,0.0,6708.238570421934,0.0,934.5739328145979,0.0,0.0,2257.0651336491105,0.0,0.0,0.0,0.0,0.0,0.0,0.0,2268.8857197090983,0.0,0.0,0.0,0.0,0.0,0.0,0.0
7533,0.0,449.3744531214237,0.0,0.0,0.0,0.0,0.0,0.0,0.0,0.0,0.0,0.0,0.0,1123.2296535253524,0.0,0.0,6754.8104501366615,0.0,939.7310603857039,0.0,0.0,2220.5583246096962,0.0,0.0,0.0,0.0,0.0,0.0,0.0,2320.851054471729,0.0,0.0,0.0,0.0,0.0,0.0,0.0
7534,0.0,460.17715539336206,0.0,0.0,0.0,0.0,0.0,0.0,0.0,0.0,0.0,0.0,0.0,1145.2629071235656,0.0,0.0,6778.513717472551,0.0,920.233487689495,0.0,0.0,2105.438676005602,0.0,0.0,0.0,0.0,0.0,0.0,0.0,2407.98880393505,0.0,0.0,0.0,0.0,0.0,0.0,0.0
7535,0.0,469.3289359152317,0.0,0.0,0.0,0.0,0.0,0.0,0.0,0.0,0.0,0.0,0.0,1150.5021007537841,0.0,0.0,6807.9055511653405,0.0,869.0674097776412,0.0,0.0,2025.1123729392884,0.0,0.0,0.0,0.0,0.0,0.0,0.0,2547.9268512830113,0.0,0.0,0.0,0.0,0.0,0.0,0.0
7536,0.0,495.4947999715805,0.0,0.0,0.0,0.0,0.0,0.0,0.0,0.0,0.0,0.0,0.0,1140.2193717479706,0.0,0.0,7094.821498602629,0.0,811.917920911312,0.0,0.0,2286.072152754664,0.0,0.0,0.0,0.0,0.0,0.0,0.0,3248.5243736326674,0.0,0.0,0.0,0.0,0.0,0.0,0.0
7537,0.0,513.2346056342125,0.0,0.0,0.0,0.0,0.0,0.0,0.0,0.0,0.0,0.0,0.0,1117.0334202289582,0.0,0.0,7362.149113208054,0.0,733.6363145470619,0.0,0.0,1908.9653123036023,0.0,0.0,0.0,0.0,0.0,0.0,0.0,3923.959275209902,0.0,0.0,0.0,0.0,0.0,0.0,0.0
7538,0.0,524.7394911289215,0.0,0.0,0.0,0.0,0.0,0.0,0.0,0.0,0.0,0.0,0.0,1090.3053548812866,0.0,0.0,7580.4537784159165,0.0,652.0887012839318,0.0,0.0,1545.0237874522802,0.0,0.0,0.0,0.0,0.0,0.0,0.0,4585.259469765424,0.0,0.0,0.0,0.0,0.0,0.0,0.0
7539,0.0,529.1729976654053,0.0,0.0,0.0,0.0,0.0,0.0,0.0,0.0,0.0,0.0,0.0,1066.4699291467666,0.0,0.0,7750.019416928291,0.0,579.6669605612755,0.0,0.0,1534.7826678469773,0.0,0.0,0.0,0.0,0.0,0.0,0.0,5235.351125156879,0.0,0.0,0.0,0.0,0.0,0.0,0.0
7540,0.0,538.7048796057701,0.0,0.0,0.0,0.0,0.0,0.0,0.0,0.0,0.0,0.0,0.0,1047.3568436145783,0.0,0.0,7884.352970659733,0.0,521.7316191673278,0.0,0.0,1694.6621793508525,0.0,0.0,0.0,0.0,0.0,0.0,0.0,5996.999494802952,0.0,0.0,0.0,0.0,0.0,0.0,0.0
7541,0.0,549.9595625281333,0.0,0.0,0.0,0.0,0.0,0.0,0.0,0.0,0.0,0.0,0.0,1024.8308576107024,0.0,0.0,8017.511162191629,0.0,474.94514552950847,0.0,0.0,1518.1528831511737,0.0,0.0,0.0,0.0,0.0,0.0,0.0,6790.262193554639,0.0,0.0,0.0,0.0,0.0,0.0,0.0
7542,0.0,558.0159843564034,0.0,0.0,0.0,0.0,0.0,0.0,0.0,0.0,0.0,0.0,0.0,1011.1189083337783,0.0,0.0,7838.4726177453995,0.0,432.7443134665489,0.0,0.0,1326.4886918127536,0.0,0.0,0.0,0.0,0.0,0.0,0.0,7138.863093924521,0.0,0.0,0.0,0.0,0.0,0.0,0.0
7543,0.0,568.5863837242126,0.0,0.0,0.0,0.0,0.0,0.0,0.0,0.0,0.0,0.0,0.0,1005.7099708557129,0.0,0.0,7675.512654811142,0.0,405.5902512073517,0.0,0.0,1237.1070997215802,0.0,0.0,0.0,0.0,0.0,0.0,0.0,7452.295738136769,0.0,0.0,0.0,0.0,0.0,0.0,0.0
7544,0.0,578.4116743326188,0.0,0.0,0.0,0.0,0.0,0.0,0.0,0.0,0.0,0.0,0.0,1008.9266750574112,0.0,0.0,7535.536429077385,0.0,390.92440290451043,0.0,0.0,1269.4673240594561,0.0,0.0,0.0,0.0,0.0,0.0,0.0,7728.441800522804,0.0,0.0,0.0,0.0,0.0,0.0,0.0
7545,0.0,581.2261867403984,0.0,0.0,0.0,0.0,0.0,0.0,0.0,0.0,0.0,0.0,0.0,1013.4054736375808,0.0,0.0,7417.025537490845,0.0,395.8723215460776,0.0,0.0,1452.1725036755195,0.0,0.0,0.0,0.0,0.0,0.0,0.0,7869.092405182123,0.0,0.0,0.0,0.0,0.0,0.0,0.0
7546,0.0,581.2729839920997,0.0,0.0,0.0,0.0,0.0,0.0,0.0,0.0,0.0,0.0,0.0,1005.855683350563,0.0,0.0,7170.597745239735,0.0,406.53996133804304,0.0,0.0,1406.57036575824,0.0,0.0,0.0,0.0,0.0,0.0,0.0,7761.770895814896,0.0,0.0,0.0,0.0,0.0,0.0,0.0
7547,0.0,580.8814918756485,0.0,0.0,0.0,0.0,0.0,0.0,0.0,0.0,0.0,0.0,0.0,1016.0771682739257,0.0,0.0,6947.852217823267,0.0,433.0561408877373,0.0,0.0,1387.2584407389163,0.0,0.0,0.0,0.0,0.0,0.0,0.0,7642.250029200315,0.0,0.0,0.0,0.0,0.0,0.0,0.0
7548,0.0,578.7515435814857,0.0,0.0,0.0,0.0,0.0,0.0,0.0,0.0,0.0,0.0,0.0,1031.4671874761582,0.0,0.0,6745.913168311117,0.0,467.79018828272814,0.0,0.0,1377.4473900273438,0.0,0.0,0.0,0.0,0.0,0.0,0.0,7518.337017899752,0.0,0.0,0.0,0.0,0.0,0.0,0.0
7549,0.0,573.2732912063599,0.0,0.0,0.0,0.0,0.0,0.0,0.0,0.0,0.0,0.0,0.0,1057.4321676969528,0.0,0.0,6558.658756524324,0.0,508.9217368483543,0.0,0.0,1411.2529849380253,0.0,0.0,0.0,0.0,0.0,0.0,0.0,7359.632550603151,0.0,0.0,0.0,0.0,0.0,0.0,0.0
7550,0.0,565.2701756000519,0.0,0.0,0.0,0.0,0.0,0.0,0.0,0.0,0.0,0.0,0.0,1096.0875853538514,0.0,0.0,6384.522740378974,0.0,558.0212763428686,0.0,0.0,1500.0527502804991,0.0,0.0,0.0,0.0,0.0,0.0,0.0,7150.955413889885,0.0,0.0,0.0,0.0,0.0,0.0,0.0
7551,0.0,541.8866999387741,0.0,0.0,0.0,0.0,0.0,0.0,0.0,0.0,0.0,0.0,0.0,1155.8524842262268,0.0,0.0,6181.360878571866,0.0,627.8103873848914,0.0,0.0,1988.9946089744565,0.0,0.0,0.0,0.0,0.0,0.0,0.0,6151.214182054996,0.0,0.0,0.0,0.0,0.0,0.0,0.0
7552,0.0,512.9952326416969,0.0,0.0,0.0,0.0,0.0,0.0,0.0,0.0,0.0,0.0,0.0,1214.724367260933,0.0,0.0,5979.4879480451345,0.0,710.660858297348,0.0,0.0,2436.2306842938065,0.0,0.0,0.0,0.0,0.0,0.0,0.0,5133.581813180446,0.0,0.0,0.0,0.0,0.0,0.0,0.0
7553,0.0,486.86586931943896,0.0,0.0,0.0,0.0,0.0,0.0,0.0,0.0,0.0,0.0,0.0,1249.4963003396988,0.0,0.0,5820.051738098263,0.0,791.3920884013176,0.0,0.0,2617.8155806124205,0.0,0.0,0.0,0.0,0.0,0.0,0.0,4279.003747633098,0.0,0.0,0.0,0.0,0.0,0.0,0.0
7554,0.0,476.626361310482,0.0,0.0,0.0,0.0,0.0,0.0,0.0,0.0,0.0,0.0,0.0,1279.0295778036118,0.0,0.0,5694.1067389398795,0.0,868.6847394347191,0.0,0.0,2779.586577799916,0.0,0.0,0.0,0.0,0.0,0.0,0.0,3704.2124585092056,0.0,0.0,0.0,0.0,0.0,0.0,0.0
7555,0.0,481.6317594408989,0.0,0.0,0.0,0.0,0.0,0.0,0.0,0.0,0.0,0.0,0.0,1308.261835670471,0.0,0.0,5824.8780350983125,0.0,900.6417739391327,0.0,0.0,2705.547515621781,0.0,0.0,0.0,0.0,0.0,0.0,0.0,3637.728926733136,0.0,0.0,0.0,0.0,0.0,0.0,0.0
7556,0.0,485.29501912593844,0.0,0.0,0.0,0.0,0.0,0.0,0.0,0.0,0.0,0.0,0.0,1325.1587462425232,0.0,0.0,5946.976076111196,0.0,927.4509882688523,0.0,0.0,2563.3274715363973,0.0,0.0,0.0,0.0,0.0,0.0,0.0,3594.7813021719458,0.0,0.0,0.0,0.0,0.0,0.0,0.0
7557,0.0,484.9757429122925,0.0,0.0,0.0,0.0,0.0,0.0,0.0,0.0,0.0,0.0,0.0,1330.222726202011,0.0,0.0,6045.093538984655,0.0,947.4535909652709,0.0,0.0,2387.8626932412376,0.0,0.0,0.0,0.0,0.0,0.0,0.0,3524.9156092524513,0.0,0.0,0.0,0.0,0.0,0.0,0.0
7558,0.0,475.7569648861885,0.0,0.0,0.0,0.0,0.0,0.0,0.0,0.0,0.0,0.0,0.0,1334.007036614418,0.0,0.0,6117.677794367073,0.0,959.7767616629601,0.0,0.0,2225.4168466597785,0.0,0.0,0.0,0.0,0.0,0.0,0.0,3438.257719495892,0.0,0.0,0.0,0.0,0.0,0.0,0.0
7559,0.0,453.03529999852174,0.0,0.0,0.0,0.0,0.0,0.0,0.0,0.0,0.0,0.0,0.0,1343.7227870941163,0.0,0.0,6153.766314476728,0.0,963.8191358447074,0.0,0.0,2074.9722080424426,0.0,0.0,0.0,0.0,0.0,0.0,0.0,3335.406101489067,0.0,0.0,0.0,0.0,0.0,0.0,0.0
7560,0.0,461.0501429736614,0.0,0.0,0.0,0.0,0.0,0.0,0.0,0.0,0.0,0.0,0.0,1359.6025796175006,0.0,0.0,6481.774433478712,0.0,983.8603316307068,0.0,0.0,2812.908515506983,0.0,0.0,0.0,0.0,0.0,0.0,0.0,3976.556527709961,0.0,0.0,0.0,0.0,0.0,0.0,0.0
7561,0.0,464.2055626988411,0.0,0.0,0.0,0.0,0.0,0.0,0.0,0.0,0.0,0.0,0.0,1376.8833641529084,0.0,0.0,6785.991385787725,0.0,998.3887624502182,0.0,0.0,3622.527059170604,0.0,0.0,0.0,0.0,0.0,0.0,0.0,4567.876398202777,0.0,0.0,0.0,0.0,0.0,0.0,0.0
7562,0.0,466.67936418056485,0.0,0.0,0.0,0.0,0.0,0.0,0.0,0.0,0.0,0.0,0.0,1385.7937056303024,0.0,0.0,7068.282115727663,0.0,1010.7689038991928,0.0,0.0,4238.385412234067,0.0,0.0,0.0,0.0,0.0,0.0,0.0,5110.389076170323,0.0,0.0,0.0,0.0,0.0,0.0,0.0
7563,0.0,470.7379315853119,0.0,0.0,0.0,0.0,0.0,0.0,0.0,0.0,0.0,0.0,0.0,1380.7044389486314,0.0,0.0,7339.2486081421375,0.0,1025.3403740167619,0.0,0.0,4630.017863631248,0.0,0.0,0.0,0.0,0.0,0.0,0.0,5632.070346355436,0.0,0.0,0.0,0.0,0.0,0.0,0.0
7564,0.0,480.57534234523774,0.0,0.0,0.0,0.0,0.0,0.0,0.0,0.0,0.0,0.0,0.0,1358.2289367198941,0.0,0.0,7568.655817806719,0.0,1036.5117395877837,0.0,0.0,4838.036783283949,0.0,0.0,0.0,0.0,0.0,0.0,0.0,6027.903255465626,0.0,0.0,0.0,0.0,0.0,0.0,0.0
7565,0.0,491.3014519929886,0.0,0.0,0.0,0.0,0.0,0.0,0.0,0.0,0.0,0.0,0.0,1301.6779623031616,0.0,0.0,7762.735264629124,0.0,1031.136332821846,0.0,0.0,4949.379667076469,0.0,0.0,0.0,0.0,0.0,0.0,0.0,6356.15369259715,0.0,0.0,0.0,0.0,0.0,0.0,0.0
7566,0.0,491.3151993870735,0.0,0.0,0.0,0.0,0.0,0.0,0.0,0.0,0.0,0.0,0.0,1237.2785094022752,0.0,0.0,7553.348105877638,0.0,1010.0758882045745,0.0,0.0,5036.965369579195,0.0,0.0,0.0,0.0,0.0,0.0,0.0,6152.846500605345,0.0,0.0,0.0,0.0,0.0,0.0,0.0
7567,0.0,493.97192537784576,0.0,0.0,0.0,0.0,0.0,0.0,0.0,0.0,0.0,0.0,0.0,1195.6960191488265,0.0,0.0,7364.572179555891,0.0,988.8642724990844,0.0,0.0,5070.858613166212,0.0,0.0,0.0,0.0,0.0,0.0,0.0,5937.906959670782,0.0,0.0,0.0,0.0,0.0,0.0,0.0
7568,0.0,495.8311341762543,0.0,0.0,0.0,0.0,0.0,0.0,0.0,0.0,0.0,0.0,0.0,1178.4767477035523,0.0,0.0,7178.491574227808,0.0,966.9082429289817,0.0,0.0,5072.616128075122,0.0,0.0,0.0,0.0,0.0,0.0,0.0,5695.5770845323805,0.0,0.0,0.0,0.0,0.0,0.0,0.0
7569,0.0,493.8095939040184,0.0,0.0,0.0,0.0,0.0,0.0,0.0,0.0,0.0,0.0,0.0,1175.3471123218537,0.0,0.0,7003.401500016451,0.0,952.4424740076065,0.0,0.0,5050.564084419608,0.0,0.0,0.0,0.0,0.0,0.0,0.0,5414.917737293243,0.0,0.0,0.0,0.0,0.0,0.0,0.0
7570,0.0,480.1853091359138,0.0,0.0,0.0,0.0,0.0,0.0,0.0,0.0,0.0,0.0,0.0,1159.2197430610656,0.0,0.0,6839.186832100153,0.0,933.2155864834785,0.0,0.0,4903.706078079342,0.0,0.0,0.0,0.0,0.0,0.0,0.0,5146.325035536287,0.0,0.0,0.0,0.0,0.0,0.0,0.0
7571,0.0,467.85442970395087,0.0,0.0,0.0,0.0,0.0,0.0,0.0,0.0,0.0,0.0,0.0,1144.9730065107346,0.0,0.0,6683.1825864315015,0.0,923.4986646294593,0.0,0.0,4744.818253067135,0.0,0.0,0.0,0.0,0.0,0.0,0.0,4901.1771146595465,0.0,0.0,0.0,0.0,0.0,0.0,0.0
7572,0.0,458.8814775288104,0.0,0.0,0.0,0.0,0.0,0.0,0.0,0.0,0.0,0.0,0.0,1129.6654829978943,0.0,0.0,6543.3230412602425,0.0,921.1813600540161,0.0,0.0,4585.324304911494,0.0,0.0,0.0,0.0,0.0,0.0,0.0,4682.65544090271,0.0,0.0,0.0,0.0,0.0,0.0,0.0
7573,0.0,449.3177801907062,0.0,0.0,0.0,0.0,0.0,0.0,0.0,0.0,0.0,0.0,0.0,1109.3159484863281,0.0,0.0,6420.399290800093,0.0,929.2965204834937,0.0,0.0,4427.0314009666445,0.0,0.0,0.0,0.0,0.0,0.0,0.0,4505.062871071695,0.0,0.0,0.0,0.0,0.0,0.0,0.0
7574,0.0,438.1418221414089,0.0,0.0,0.0,0.0,0.0,0.0,0.0,0.0,0.0,0.0,0.0,1089.4847021102905,0.0,0.0,6331.744232609866,0.0,937.8975032925606,0.0,0.0,4249.912045758962,0.0,0.0,0.0,0.0,0.0,0.0,0.0,4329.665288746356,0.0,0.0,0.0,0.0,0.0,0.0,0.0
7575,0.0,414.03666440248486,0.0,0.0,0.0,0.0,0.0,0.0,0.0,0.0,0.0,0.0,0.0,1082.9092576503754,0.0,0.0,6172.072716861963,0.0,954.5512810468674,0.0,0.0,4355.5031176239245,0.0,0.0,0.0,0.0,0.0,0.0,0.0,3333.161934691666,0.0,0.0,0.0,0.0,0.0,0.0,0.0
7576,0.0,377.98339396119115,0.0,0.0,0.0,0.0,0.0,0.0,0.0,0.0,0.0,0.0,0.0,1085.546070957184,0.0,0.0,5965.620074257253,0.0,955.0423795938491,0.0,0.0,4389.98310779035,0.0,0.0,0.0,0.0,0.0,0.0,0.0,2791.4896440327166,0.0,0.0,0.0,0.0,0.0,0.0,0.0
7577,0.0,328.11256161332125,0.0,0.0,0.0,0.0,0.0,0.0,0.0,0.0,0.0,0.0,0.0,1096.150622820854,0.0,0.0,5776.134730115532,0.0,944.9563631534577,0.0,0.0,4318.043375220895,0.0,0.0,0.0,0.0,0.0,0.0,0.0,2519.9592028200623,0.0,0.0,0.0,0.0,0.0,0.0,0.0
7578,0.0,278.68720094561576,0.0,0.0,0.0,0.0,0.0,0.0,0.0,0.0,0.0,0.0,0.0,1116.7821670532226,0.0,0.0,5640.8039465099555,0.0,939.7374036431312,0.0,0.0,4206.54578167498,0.0,0.0,0.0,0.0,0.0,0.0,0.0,2356.9070691674942,0.0,0.0,0.0,0.0,0.0,0.0,0.0
7579,0.0,253.05184602141375,0.0,0.0,0.0,0.0,0.0,0.0,0.0,0.0,0.0,0.0,0.0,1152.7151372909545,0.0,0.0,5800.154979646204,0.0,914.4348611593247,0.0,0.0,3908.0725197672846,0.0,0.0,0.0,0.0,0.0,0.0,0.0,2424.4060086727136,0.0,0.0,0.0,0.0,0.0,0.0,0.0
7580,0.0,234.45808871090404,0.0,0.0,0.0,0.0,0.0,0.0,0.0,0.0,0.0,0.0,0.0,1186.865841960907,0.0,0.0,5951.492391750215,0.0,878.4067596077919,0.0,0.0,3643.3916827619078,0.0,0.0,0.0,0.0,0.0,0.0,0.0,2512.2516144856795,0.0,0.0,0.0,0.0,0.0,0.0,0.0
7581,0.0,218.96923646628855,0.0,0.0,0.0,0.0,0.0,0.0,0.0,0.0,0.0,0.0,0.0,1215.7509005784989,0.0,0.0,6096.586615890263,0.0,826.6046960353851,0.0,0.0,3465.900842490792,0.0,0.0,0.0,0.0,0.0,0.0,0.0,2612.75492131263,0.0,0.0,0.0,0.0,0.0,0.0,0.0
7582,0.0,205.41713954508296,0.0,0.0,0.0,0.0,0.0,0.0,0.0,0.0,0.0,0.0,0.0,1236.272420668602,0.0,0.0,6241.105604857205,0.0,771.5889722585678,0.0,0.0,3346.4782342582935,0.0,0.0,0.0,0.0,0.0,0.0,0.0,2706.0710001051407,0.0,0.0,0.0,0.0,0.0,0.0,0.0
7583,0.0,192.5146911621094,0.0,0.0,0.0,0.0,0.0,0.0,0.0,0.0,0.0,0.0,0.0,1245.9246853351592,0.0,0.0,6352.573657691477,0.0,725.5973324894906,0.0,0.0,3320.8681690335275,0.0,0.0,0.0,0.0,0.0,0.0,0.0,2772.816700899601,0.0,0.0,0.0,0.0,0.0,0.0,0.0
7584,0.0,204.66712100207803,0.0,0.0,0.0,0.0,0.0,0.0,0.0,0.0,0.0,0.0,0.0,1245.28910984993,0.0,0.0,6756.247176796198,0.0,721.152724647522,0.0,0.0,2976.506964889168,0.0,0.0,0.0,0.0,0.0,0.0,0.0,3341.9129557192327,0.0,0.0,0.0,0.0,0.0,0.0,0.0
7585,0.0,214.47765420377252,0.0,0.0,0.0,0.0,0.0,0.0,0.0,0.0,0.0,0.0,0.0,1236.3741952419282,0.0,0.0,7121.7443715929985,0.0,731.6949220776557,0.0,0.0,3151.543339464068,0.0,0.0,0.0,0.0,0.0,0.0,0.0,3829.9230452448114,0.0,0.0,0.0,0.0,0.0,0.0,0.0
7586,0.0,225.08827171325677,0.0,0.0,0.0,0.0,0.0,0.0,0.0,0.0,0.0,0.0,0.0,1223.8656069993972,0.0,0.0,7430.075091600418,0.0,751.1796304106712,0.0,0.0,3369.1766679793595,0.0,0.0,0.0,0.0,0.0,0.0,0.0,4293.4027933478355,0.0,0.0,0.0,0.0,0.0,0.0,0.0
7587,0.0,234.99007077813144,0.0,0.0,0.0,0.0,0.0,0.0,0.0,0.0,0.0,0.0,0.0,1212.1791959047318,0.0,0.0,7673.970915645359,0.0,773.490111720562,0.0,0.0,3501.156500735879,0.0,0.0,0.0,0.0,0.0,0.0,0.0,4743.43525967598,0.0,0.0,0.0,0.0,0.0,0.0,0.0
7588,0.0,265.3447377562523,0.0,0.0,0.0,0.0,0.0,0.0,0.0,0.0,0.0,0.0,0.0,1199.8341643333436,0.0,0.0,7869.979481101036,0.0,791.0867820858954,0.0,0.0,3598.595186045766,0.0,0.0,0.0,0.0,0.0,0.0,0.0,5207.611834949254,0.0,0.0,0.0,0.0,0.0,0.0,0.0
7589,0.0,306.5836094141006,0.0,0.0,0.0,0.0,0.0,0.0,0.0,0.0,0.0,0.0,0.0,1182.9087389469146,0.0,0.0,8037.657228112221,0.0,808.2637303709984,0.0,0.0,3793.214606156945,0.0,0.0,0.0,0.0,0.0,0.0,0.0,5662.338392350077,0.0,0.0,0.0,0.0,0.0,0.0,0.0
7590,0.0,315.27445945143694,0.0,0.0,0.0,0.0,0.0,0.0,0.0,0.0,0.0,0.0,0.0,1167.2122303247452,0.0,0.0,7765.713730454445,0.0,812.4438777327538,0.0,0.0,3753.9346777707333,0.0,0.0,0.0,0.0,0.0,0.0,0.0,5454.45788784027,0.0,0.0,0.0,0.0,0.0,0.0,0.0
7591,0.0,321.23690065741533,0.0,0.0,0.0,0.0,0.0,0.0,0.0,0.0,0.0,0.0,0.0,1154.5937972784043,0.0,0.0,7540.7061558663845,0.0,816.6332139253615,0.0,0.0,3714.4631030559535,0.0,0.0,0.0,0.0,0.0,0.0,0.0,5215.641439160704,0.0,0.0,0.0,0.0,0.0,0.0,0.0
7592,0.0,322.20696167349814,0.0,0.0,0.0,0.0,0.0,0.0,0.0,0.0,0.0,0.0,0.0,1143.7208654165267,0.0,0.0,7354.591324239969,0.0,820.0011279225349,0.0,0.0,3671.6684476107357,0.0,0.0,0.0,0.0,0.0,0.0,0.0,4945.491272628307,0.0,0.0,0.0,0.0,0.0,0.0,0.0
7593,0.0,316.4244149386883,0.0,0.0,0.0,0.0,0.0,0.0,0.0,0.0,0.0,0.0,0.0,1131.0944518089295,0.0,0.0,7190.166631311176,0.0,821.4530224800109,0.0,0.0,3622.922462180257,0.0,0.0,0.0,0.0,0.0,0.0,0.0,4656.982404172419,0.0,0.0,0.0,0.0,0.0,0.0,0.0
7594,0.0,308.1841708123684,0.0,0.0,0.0,0.0,0.0,0.0,0.0,0.0,0.0,0.0,0.0,1096.5989689588546,0.0,0.0,6835.782871156929,0.0,800.8760289311409,0.0,0.0,3432.7003110677006,0.0,0.0,0.0,0.0,0.0,0.0,0.0,4361.457892784475,0.0,0.0,0.0,0.0,0.0,0.0,0.0
7595,0.0,290.93663408160205,0.0,0.0,0.0,0.0,0.0,0.0,0.0,0.0,0.0,0.0,0.0,1064.261914086342,0.0,0.0,6500.282304301856,0.0,784.1965817332267,0.0,0.0,3221.7842923343183,0.0,0.0,0.0,0.0,0.0,0.0,0.0,4095.8257120668886,0.0,0.0,0.0,0.0,0.0,0.0,0.0
7596,0.0,267.9452116549015,0.0,0.0,0.0,0.0,0.0,0.0,0.0,0.0,0.0,0.0,0.0,1039.4471210479737,0.0,0.0,6190.697268247604,0.0,774.3821397066115,0.0,0.0,2997.185997328162,0.0,0.0,0.0,0.0,0.0,0.0,0.0,3866.7894334167236,0.0,0.0,0.0,0.0,0.0,0.0,0.0
7597,0.0,246.41247190833087,0.0,0.0,0.0,0.0,0.0,0.0,0.0,0.0,0.0,0.0,0.0,1023.3094398260116,0.0,0.0,5904.740435034037,0.0,768.0149913191796,0.0,0.0,2771.414209163189,0.0,0.0,0.0,0.0,0.0,0.0,0.0,3671.046450427174,0.0,0.0,0.0,0.0,0.0,0.0,0.0
7598,0.0,227.2345064610242,0.0,0.0,0.0,0.0,0.0,0.0,0.0,0.0,0.0,0.0,0.0,1015.4952149868011,0.0,0.0,5635.959758490322,0.0,748.912419784069,0.0,0.0,2554.396692073345,0.0,0.0,0.0,0.0,0.0,0.0,0.0,3505.276076069474,0.0,0.0,0.0,0.0,0.0,0.0,0.0
7599,0.0,188.88188616335387,0.0,0.0,0.0,0.0,0.0,0.0,0.0,0.0,0.0,0.0,0.0,1026.4336950540542,0.0,0.0,5444.726928457616,0.0,745.5995202064513,0.0,0.0,2605.3052837044,0.0,0.0,0.0,0.0,0.0,0.0,0.0,2671.9445493847134,0.0,0.0,0.0,0.0,0.0,0.0,0.0
7600,0.0,159.29639991223812,0.0,0.0,0.0,0.0,0.0,0.0,0.0,0.0,0.0,0.0,0.0,1045.7739127397538,0.0,0.0,5252.228114321828,0.0,745.6861323475837,0.0,0.0,2685.8012830853463,0.0,0.0,0.0,0.0,0.0,0.0,0.0,1989.731584247946,0.0,0.0,0.0,0.0,0.0,0.0,0.0
7601,0.0,133.3604820638895,0.0,0.0,0.0,0.0,0.0,0.0,0.0,0.0,0.0,0.0,0.0,1066.2031631946563,0.0,0.0,5114.747296884655,0.0,735.6790805697441,0.0,0.0,2695.793837705254,0.0,0.0,0.0,0.0,0.0,0.0,0.0,1541.5690158426762,0.0,0.0,0.0,0.0,0.0,0.0,0.0
7602,0.0,110.30458015054464,0.0,0.0,0.0,0.0,0.0,0.0,0.0,0.0,0.0,0.0,0.0,1087.5664083242416,0.0,0.0,5001.820348083971,0.0,737.5317860007286,0.0,0.0,2720.7508521705863,0.0,0.0,0.0,0.0,0.0,0.0,0.0,1386.129728065429,0.0,0.0,0.0,0.0,0.0,0.0,0.0
7603,0.0,118.07702710926526,0.0,0.0,0.0,0.0,0.0,0.0,0.0,0.0,0.0,0.0,0.0,1114.9686965942383,0.0,0.0,5214.92222701013,0.0,741.2553966760636,0.0,0.0,2651.6416117429735,0.0,0.0,0.0,0.0,0.0,0.0,0.0,1563.2858316823838,0.0,0.0,0.0,0.0,0.0,0.0,0.0
7604,0.0,126.55002303421495,0.0,0.0,0.0,0.0,0.0,0.0,0.0,0.0,0.0,0.0,0.0,1137.554312634468,0.0,0.0,5448.316411495209,0.0,746.6340047121047,0.0,0.0,2645.7093555629253,0.0,0.0,0.0,0.0,0.0,0.0,0.0,1700.436027930677,0.0,0.0,0.0,0.0,0.0,0.0,0.0
7605,0.0,135.67172762453552,0.0,0.0,0.0,0.0,0.0,0.0,0.0,0.0,0.0,0.0,0.0,1154.8278339624405,0.0,0.0,5686.3381470888835,0.0,755.0198503136634,0.0,0.0,2745.931908157467,0.0,0.0,0.0,0.0,0.0,0.0,0.0,1812.8714604124414,0.0,0.0,0.0,0.0,0.0,0.0,0.0
7606,0.0,143.04700815975667,0.0,0.0,0.0,0.0,0.0,0.0,0.0,0.0,0.0,0.0,0.0,1163.6610599040985,0.0,0.0,5919.484968781469,0.0,767.9712406277656,0.0,0.0,2859.776790779829,0.0,0.0,0.0,0.0,0.0,0.0,0.0,1907.116340754926,0.0,0.0,0.0,0.0,0.0,0.0,0.0
7607,0.0,147.74844860136503,0.0,0.0,0.0,0.0,0.0,0.0,0.0,0.0,0.0,0.0,0.0,1161.8371878147125,0.0,0.0,6154.868556857107,0.0,785.1532872319221,0.0,0.0,2925.4463883340354,0.0,0.0,0.0,0.0,0.0,0.0,0.0,1987.7211998924606,0.0,0.0,0.0,0.0,0.0,0.0,0.0
7608,0.0,147.7785525888204,0.0,0.0,0.0,0.0,0.0,0.0,0.0,0.0,0.0,0.0,0.0,1152.4926679372788,0.0,0.0,6829.258871972559,0.0,827.2026814341544,0.0,0.0,3362.8032922089096,0.0,0.0,0.0,0.0,0.0,0.0,0.0,2314.380723097919,0.0,0.0,0.0,0.0,0.0,0.0,0.0
7609,0.0,150.80022980868813,0.0,0.0,0.0,0.0,0.0,0.0,0.0,0.0,0.0,0.0,0.0,1134.6261640071868,0.0,0.0,7420.128462582825,0.0,866.0141687750817,0.0,0.0,3672.679056528211,0.0,0.0,0.0,0.0,0.0,0.0,0.0,2588.381881301105,0.0,0.0,0.0,0.0,0.0,0.0,0.0
7610,0.0,155.586988261342,0.0,0.0,0.0,0.0,0.0,0.0,0.0,0.0,0.0,0.0,0.0,1112.2430210828782,0.0,0.0,7868.408182859419,0.0,898.3699392557143,0.0,0.0,3856.2380916863676,0.0,0.0,0.0,0.0,0.0,0.0,0.0,2838.253364664314,0.0,0.0,0.0,0.0,0.0,0.0,0.0
7611,0.0,160.24146311581134,0.0,0.0,0.0,0.0,0.0,0.0,0.0,0.0,0.0,0.0,0.0,1088.5274831056595,0.0,0.0,8176.268291264772,0.0,922.1476100802421,0.0,0.0,3966.6445424705744,0.0,0.0,0.0,0.0,0.0,0.0,0.0,3071.353082293272,0.0,0.0,0.0,0.0,0.0,0.0,0.0
7612,0.0,165.4046897470951,0.0,0.0,0.0,0.0,0.0,0.0,0.0,0.0,0.0,0.0,0.0,1062.3795776605607,0.0,0.0,8401.009834170341,0.0,940.9967477321624,0.0,0.0,3997.571657967567,0.0,0.0,0.0,0.0,0.0,0.0,0.0,3295.712627267837,0.0,0.0,0.0,0.0,0.0,0.0,0.0
7613,0.0,170.2342474848032,0.0,0.0,0.0,0.0,0.0,0.0,0.0,0.0,0.0,0.0,0.0,1036.2918402671814,0.0,0.0,8571.193101793528,0.0,957.1847406864166,0.0,0.0,3950.3082824438807,0.0,0.0,0.0,0.0,0.0,0.0,0.0,3494.791846621035,0.0,0.0,0.0,0.0,0.0,0.0,0.0
7614,0.0,182.10745091736308,0.0,0.0,0.0,0.0,0.0,0.0,0.0,0.0,0.0,0.0,0.0,1008.1439523696899,0.0,0.0,8217.808905124664,0.0,953.0268243670464,0.0,0.0,3704.336123523116,0.0,0.0,0.0,0.0,0.0,0.0,0.0,3307.5373540282235,0.0,0.0,0.0,0.0,0.0,0.0,0.0
7615,0.0,195.3125243335962,0.0,0.0,0.0,0.0,0.0,0.0,0.0,0.0,0.0,0.0,0.0,976.1169736862182,0.0,0.0,7926.0522700846195,0.0,944.2956565737724,0.0,0.0,3449.5836562693116,0.0,0.0,0.0,0.0,0.0,0.0,0.0,3182.079896000027,0.0,0.0,0.0,0.0,0.0,0.0,0.0
7616,0.0,207.42588632404804,0.0,0.0,0.0,0.0,0.0,0.0,0.0,0.0,0.0,0.0,0.0,941.0992572546005,0.0,0.0,7678.6599185168725,0.0,943.5970090150832,0.0,0.0,3205.0465741217135,0.0,0.0,0.0,0.0,0.0,0.0,0.0,3099.238825538753,0.0,0.0,0.0,0.0,0.0,0.0,0.0
7617,0.0,215.23089917600146,0.0,0.0,0.0,0.0,0.0,0.0,0.0,0.0,0.0,0.0,0.0,903.9753900051116,0.0,0.0,7469.685031086206,0.0,929.3255690455437,0.0,0.0,2927.5599476069206,0.0,0.0,0.0,0.0,0.0,0.0,0.0,2996.6150233685953,0.0,0.0,0.0,0.0,0.0,0.0,0.0
7618,0.0,198.04084899723523,0.0,0.0,0.0,0.0,0.0,0.0,0.0,0.0,0.0,0.0,0.0,840.4939706563949,0.0,0.0,7316.0750705599785,0.0,890.5047743082047,0.0,0.0,2708.8905784338713,0.0,0.0,0.0,0.0,0.0,0.0,0.0,2795.3547385886304,0.0,0.0,0.0,0.0,0.0,0.0,0.0
7619,0.0,181.7905875116586,0.0,0.0,0.0,0.0,0.0,0.0,0.0,0.0,0.0,0.0,0.0,784.1746118545532,0.0,0.0,7217.721135079861,0.0,873.0060390949249,0.0,0.0,2503.4726597428316,0.0,0.0,0.0,0.0,0.0,0.0,0.0,2632.3613669574247,0.0,0.0,0.0,0.0,0.0,0.0,0.0
7620,0.0,166.49708854258057,0.0,0.0,0.0,0.0,0.0,0.0,0.0,0.0,0.0,0.0,0.0,740.4319899082184,0.0,0.0,7116.5513086915,0.0,852.6820051670074,0.0,0.0,2280.12052001059,0.0,0.0,0.0,0.0,0.0,0.0,0.0,2517.895480629801,0.0,0.0,0.0,0.0,0.0,0.0,0.0
7621,0.0,153.81743211150163,0.0,0.0,0.0,0.0,0.0,0.0,0.0,0.0,0.0,0.0,0.0,702.1183465123177,0.0,0.0,7007.261293023823,0.0,829.6206481695175,0.0,0.0,2035.6117458119988,0.0,0.0,0.0,0.0,0.0,0.0,0.0,2428.020686614513,0.0,0.0,0.0,0.0,0.0,0.0,0.0
7622,0.0,146.5120528668165,0.0,0.0,0.0,0.0,0.0,0.0,0.0,0.0,0.0,0.0,0.0,660.3944478869438,0.0,0.0,6895.570769250393,0.0,805.2077623605728,0.0,0.0,1754.8515396326777,0.0,0.0,0.0,0.0,0.0,0.0,0.0,2363.7393745928985,0.0,0.0,0.0,0.0,0.0,0.0,0.0
7623,0.0,124.86731394231319,0.0,0.0,0.0,0.0,0.0,0.0,0.0,0.0,0.0,0.0,0.0,634.3057241320608,0.0,0.0,6624.132887363432,0.0,789.9107895851134,0.0,0.0,1551.8024058938024,0.0,0.0,0.0,0.0,0.0,0.0,0.0,1960.5704339295612,0.0,0.0,0.0,0.0,0.0,0.0,0.0
7624,0.0,103.13008170872921,0.0,0.0,0.0,0.0,0.0,0.0,0.0,0.0,0.0,0.0,0.0,612.7925968885422,0.0,0.0,6353.289298474787,0.0,773.538071489334,0.0,0.0,1344.3329934865228,0.0,0.0,0.0,0.0,0.0,0.0,0.0,1638.6541810885064,0.0,0.0,0.0,0.0,0.0,0.0,0.0
7625,0.0,90.13810692876572,0.0,0.0,0.0,0.0,0.0,0.0,0.0,0.0,0.0,0.0,0.0,588.5684550523757,0.0,0.0,6223.6264676600695,0.0,736.3205795288086,0.0,0.0,1105.8971069365734,0.0,0.0,0.0,0.0,0.0,0.0,0.0,1540.4252356976256,0.0,0.0,0.0,0.0,0.0,0.0,0.0
7626,0.0,80.25211736708877,0.0,0.0,0.0,0.0,0.0,0.0,0.0,0.0,0.0,0.0,0.0,567.7382486462593,0.0,0.0,6056.315875485539,0.0,701.3609907984733,0.0,0.0,910.9748523227863,0.0,0.0,0.0,0.0,0.0,0.0,0.0,1501.4255149409155,0.0,0.0,0.0,0.0,0.0,0.0,0.0
7627,0.0,79.68401332050554,0.0,0.0,0.0,0.0,0.0,0.0,0.0,0.0,0.0,0.0,0.0,554.1320193886756,0.0,0.0,6293.732427895067,0.0,638.8732654690741,0.0,0.0,770.6975358501077,0.0,0.0,0.0,0.0,0.0,0.0,0.0,1544.6906352236847,0.0,0.0,0.0,0.0,0.0,0.0,0.0
7628,0.0,79.05068630576127,0.0,0.0,0.0,0.0,0.0,0.0,0.0,0.0,0.0,0.0,0.0,535.4435624837874,0.0,0.0,6457.096494510768,0.0,563.8145674228668,0.0,0.0,666.7327329486607,0.0,0.0,0.0,0.0,0.0,0.0,0.0,1536.221671898661,0.0,0.0,0.0,0.0,0.0,0.0,0.0
7629,0.0,77.9972361221909,0.0,0.0,0.0,0.0,0.0,0.0,0.0,0.0,0.0,0.0,0.0,503.3265110611916,0.0,0.0,6604.414650171993,0.0,475.74294353723513,0.0,0.0,583.3585569128393,0.0,0.0,0.0,0.0,0.0,0.0,0.0,1529.4544567123053,0.0,0.0,0.0,0.0,0.0,0.0,0.0
7630,0.0,76.51904055923218,0.0,0.0,0.0,0.0,0.0,0.0,0.0,0.0,0.0,0.0,0.0,466.54890153408047,0.0,0.0,6713.654882133005,0.0,389.6705424726009,0.0,0.0,495.5074484657492,0.0,0.0,0.0,0.0,0.0,0.0,0.0,1524.9267073616377,0.0,0.0,0.0,0.0,0.0,0.0,0.0
7631,0.0,75.2812841132283,0.0,0.0,0.0,0.0,0.0,0.0,0.0,0.0,0.0,0.0,0.0,432.8475741982459,0.0,0.0,6780.334712117909,0.0,318.73596956133844,0.0,0.0,440.23841087669047,0.0,0.0,0.0,0.0,0.0,0.0,0.0,1542.934826025365,0.0,0.0,0.0,0.0,0.0,0.0,0.0
7632,0.0,84.76447502821682,0.0,0.0,0.0,0.0,0.0,0.0,0.0,0.0,0.0,0.0,0.0,402.9347717285156,0.0,0.0,7199.285606205463,0.0,286.6452227473258,0.0,0.0,846.0152241848403,0.0,0.0,0.0,0.0,0.0,0.0,0.0,2057.65234466344,0.0,0.0,0.0,0.0,0.0,0.0,0.0
7633,0.0,96.51517234593626,0.0,0.0,0.0,0.0,0.0,0.0,0.0,0.0,0.0,0.0,0.0,386.1952306509018,0.0,0.0,7557.45837315917,0.0,275.65149802565577,0.0,0.0,1100.6043530590825,0.0,0.0,0.0,0.0,0.0,0.0,0.0,2510.3424816131583,0.0,0.0,0.0,0.0,0.0,0.0,0.0
7634,0.0,112.38248473852866,0.0,0.0,0.0,0.0,0.0,0.0,0.0,0.0,0.0,0.0,0.0,380.7106571793556,0.0,0.0,7845.451671123505,0.0,281.13708183765414,0.0,0.0,1224.018382101505,0.0,0.0,0.0,0.0,0.0,0.0,0.0,2919.855912521481,0.0,0.0,0.0,0.0,0.0,0.0,0.0
7635,0.0,133.36303515136234,0.0,0.0,0.0,0.0,0.0,0.0,0.0,0.0,0.0,0.0,0.0,383.479104912281,0.0,0.0,8073.163901150225,0.0,298.50895190238947,0.0,0.0,1449.9755343496795,0.0,0.0,0.0,0.0,0.0,0.0,0.0,3295.7957981288428,0.0,0.0,0.0,0.0,0.0,0.0,0.0
7636,0.0,158.9924422234297,0.0,0.0,0.0,0.0,0.0,0.0,0.0,0.0,0.0,0.0,0.0,391.7201104402542,0.0,0.0,8253.926984310148,0.0,324.20009300708756,0.0,0.0,1708.4644994929433,0.0,0.0,0.0,0.0,0.0,0.0,0.0,3638.147673937677,0.0,0.0,0.0,0.0,0.0,0.0,0.0
7637,0.0,189.57865459620945,0.0,0.0,0.0,0.0,0.0,0.0,0.0,0.0,0.0,0.0,0.0,395.4834830880165,0.0,0.0,8399.825915396212,0.0,356.129116398096,0.0,0.0,1971.8118353068824,0.0,0.0,0.0,0.0,0.0,0.0,0.0,3962.1643526315675,0.0,0.0,0.0,0.0,0.0,0.0,0.0
7638,0.0,230.27681879997246,0.0,0.0,0.0,0.0,0.0,0.0,0.0,0.0,0.0,0.0,0.0,398.53407504558555,0.0,0.0,8012.18197196722,0.0,372.65502119660374,0.0,0.0,1800.9924368575207,0.0,0.0,0.0,0.0,0.0,0.0,0.0,4078.8523473978025,0.0,0.0,0.0,0.0,0.0,0.0,0.0
7639,0.0,258.493036544323,0.0,0.0,0.0,0.0,0.0,0.0,0.0,0.0,0.0,0.0,0.0,402.7894179105759,0.0,0.0,7675.442646473644,0.0,391.28991088271124,0.0,0.0,1654.1074849829074,0.0,0.0,0.0,0.0,0.0,0.0,0.0,4237.60599398613,0.0,0.0,0.0,0.0,0.0,0.0,0.0
7640,0.0,277.34977589249604,0.0,0.0,0.0,0.0,0.0,0.0,0.0,0.0,0.0,0.0,0.0,402.33533294200896,0.0,0.0,7387.746495008467,0.0,406.1192907333374,0.0,0.0,1527.3234475940467,0.0,0.0,0.0,0.0,0.0,0.0,0.0,4451.429598933457,0.0,0.0,0.0,0.0,0.0,0.0,0.0
7641,0.0,274.3971723139286,0.0,0.0,0.0,0.0,0.0,0.0,0.0,0.0,0.0,0.0,0.0,392.8066324710845,0.0,0.0,7132.951150685549,0.0,404.214120042324,0.0,0.0,1380.4006508678196,0.0,0.0,0.0,0.0,0.0,0.0,0.0,4683.0955232411625,0.0,0.0,0.0,0.0,0.0,0.0,0.0
7642,0.0,258.7560045540332,0.0,0.0,0.0,0.0,0.0,0.0,0.0,0.0,0.0,0.0,0.0,366.00524011254305,0.0,0.0,6887.321453481913,0.0,381.49200875163075,0.0,0.0,1163.7386483140283,0.0,0.0,0.0,0.0,0.0,0.0,0.0,4291.228417751191,0.0,0.0,0.0,0.0,0.0,0.0,0.0
7643,0.0,243.4972107410431,0.0,0.0,0.0,0.0,0.0,0.0,0.0,0.0,0.0,0.0,0.0,341.51903995871544,0.0,0.0,6681.728746622799,0.0,357.49626622200003,0.0,0.0,979.5117272146047,0.0,0.0,0.0,0.0,0.0,0.0,0.0,3985.562847119568,0.0,0.0,0.0,0.0,0.0,0.0,0.0
7644,0.0,230.14100015759462,0.0,0.0,0.0,0.0,0.0,0.0,0.0,0.0,0.0,0.0,0.0,319.1348882555961,0.0,0.0,6495.760932505129,0.0,334.3621396124362,0.0,0.0,829.692588304728,0.0,0.0,0.0,0.0,0.0,0.0,0.0,3772.0057505398977,0.0,0.0,0.0,0.0,0.0,0.0,0.0
7645,0.0,219.69891447722912,0.0,0.0,0.0,0.0,0.0,0.0,0.0,0.0,0.0,0.0,0.0,299.56211342811577,0.0,0.0,6332.984158053992,0.0,316.6577227950094,0.0,0.0,712.8262484192849,0.0,0.0,0.0,0.0,0.0,0.0,0.0,3638.376574611662,0.0,0.0,0.0,0.0,0.0,0.0,0.0
7646,0.0,213.0460875570774,0.0,0.0,0.0,0.0,0.0,0.0,0.0,0.0,0.0,0.0,0.0,283.6592983305454,0.0,0.0,6192.251064404844,0.0,309.6271111786365,0.0,0.0,621.8165708117186,0.0,0.0,0.0,0.0,0.0,0.0,0.0,3558.6363308161485,0.0,0.0,0.0,0.0,0.0,0.0,0.0
7647,0.0,191.6201987296343,0.0,0.0,0.0,0.0,0.0,0.0,0.0,0.0,0.0,0.0,0.0,284.0801160156727,0.0,0.0,5951.026836305857,0.0,326.58492066860197,0.0,0.0,594.830050488933,0.0,0.0,0.0,0.0,0.0,0.0,0.0,3575.8111136138436,0.0,0.0,0.0,0.0,0.0,0.0,0.0
7648,0.0,181.57015225589274,0.0,0.0,0.0,0.0,0.0,0.0,0.0,0.0,0.0,0.0,0.0,295.46815275549886,0.0,0.0,5733.800299495459,0.0,352.1172135651111,0.0,0.0,594.114252965524,0.0,0.0,0.0,0.0,0.0,0.0,0.0,3845.8734083235263,0.0,0.0,0.0,0.0,0.0,0.0,0.0
7649,0.0,180.19650702774516,0.0,0.0,0.0,0.0,0.0,0.0,0.0,0.0,0.0,0.0,0.0,307.1867775201797,0.0,0.0,5455.782022818923,0.0,371.499303406477,0.0,0.0,578.5808714658014,0.0,0.0,0.0,0.0,0.0,0.0,0.0,4160.447301393746,0.0,0.0,0.0,0.0,0.0,0.0,0.0
7650,0.0,193.25904241204256,0.0,0.0,0.0,0.0,0.0,0.0,0.0,0.0,0.0,0.0,0.0,328.46178812980645,0.0,0.0,5135.426204040646,0.0,412.2750367283821,0.0,0.0,592.6873885251574,0.0,0.0,0.0,0.0,0.0,0.0,0.0,4703.294470867514,0.0,0.0,0.0,0.0,0.0,0.0,0.0
7651,0.0,215.96007218062869,0.0,0.0,0.0,0.0,0.0,0.0,0.0,0.0,0.0,0.0,0.0,363.72510857582085,0.0,0.0,5141.727732285855,0.0,447.03611707091324,0.0,0.0,545.3327690642323,0.0,0.0,0.0,0.0,0.0,0.0,0.0,5695.509824618696,0.0,0.0,0.0,0.0,0.0,0.0,0.0
7652,0.0,233.9225014597177,0.0,0.0,0.0,0.0,0.0,0.0,0.0,0.0,0.0,0.0,0.0,402.25803806781767,0.0,0.0,5122.526389986275,0.0,483.78681642413125,0.0,0.0,506.06578361727264,0.0,0.0,0.0,0.0,0.0,0.0,0.0,6816.551417881249,0.0,0.0,0.0,0.0,0.0,0.0,0.0
7653,0.0,249.1493255674839,0.0,0.0,0.0,0.0,0.0,0.0,0.0,0.0,0.0,0.0,0.0,437.9575096368789,0.0,0.0,5097.867119908331,0.0,517.5054090857506,0.0,0.0,475.62077368497773,0.0,0.0,0.0,0.0,0.0,0.0,0.0,7929.290027928352,0.0,0.0,0.0,0.0,0.0,0.0,0.0
7654,0.0,268.8000190079212,0.0,0.0,0.0,0.0,0.0,0.0,0.0,0.0,0.0,0.0,0.0,475.25766658782953,0.0,0.0,5072.70962382853,0.0,543.5635698795318,0.0,0.0,465.9074383802707,0.0,0.0,0.0,0.0,0.0,0.0,0.0,8678.496759992839,0.0,0.0,0.0,0.0,0.0,0.0,0.0
7655,0.0,289.2609670221805,0.0,0.0,0.0,0.0,0.0,0.0,0.0,0.0,0.0,0.0,0.0,516.8478683948517,0.0,0.0,5047.54940520227,0.0,557.9278466820716,0.0,0.0,487.9409759033465,0.0,0.0,0.0,0.0,0.0,0.0,0.0,8893.120251655577,0.0,0.0,0.0,0.0,0.0,0.0,0.0
7656,0.0,334.69919062256815,0.0,0.0,0.0,0.0,0.0,0.0,0.0,0.0,0.0,0.0,0.0,563.9030061125756,0.0,0.0,5505.397709473966,0.0,586.7063163876534,0.0,0.0,1067.2029411636286,0.0,0.0,0.0,0.0,0.0,0.0,0.0,9551.921704256532,0.0,0.0,0.0,0.0,0.0,0.0,0.0
7657,0.0,355.6281672656536,0.0,0.0,0.0,0.0,0.0,0.0,0.0,0.0,0.0,0.0,0.0,614.5134390354156,0.0,0.0,5964.342033162711,0.0,604.7183811903,0.0,0.0,1670.0170064628119,0.0,0.0,0.0,0.0,0.0,0.0,0.0,9664.948734688756,0.0,0.0,0.0,0.0,0.0,0.0,0.0
7658,0.0,361.94293454289436,0.0,0.0,0.0,0.0,0.0,0.0,0.0,0.0,0.0,0.0,0.0,664.4836336731911,0.0,0.0,6386.2908398360005,0.0,616.9068614125251,0.0,0.0,2308.940131410956,0.0,0.0,0.0,0.0,0.0,0.0,0.0,9626.085522627829,0.0,0.0,0.0,0.0,0.0,0.0,0.0
7659,0.0,367.11781840324403,0.0,0.0,0.0,0.0,0.0,0.0,0.0,0.0,0.0,0.0,0.0,710.571868109703,0.0,0.0,6774.473458528519,0.0,628.1814383029937,0.0,0.0,2904.582370260358,0.0,0.0,0.0,0.0,0.0,0.0,0.0,9662.342955452204,0.0,0.0,0.0,0.0,0.0,0.0,0.0
7660,0.0,365.0256614148617,0.0,0.0,0.0,0.0,0.0,0.0,0.0,0.0,0.0,0.0,0.0,748.9836544752121,0.0,0.0,7131.939141273497,0.0,633.7713894486427,0.0,0.0,3319.8608904629946,0.0,0.0,0.0,0.0,0.0,0.0,0.0,9722.025642085073,0.0,0.0,0.0,0.0,0.0,0.0,0.0
7661,0.0,362.2438060820102,0.0,0.0,0.0,0.0,0.0,0.0,0.0,0.0,0.0,0.0,0.0,766.9476288557053,0.0,0.0,7439.4624317884445,0.0,619.1060746908188,0.0,0.0,3145.536301857233,0.0,0.0,0.0,0.0,0.0,0.0,0.0,9853.985253381727,0.0,0.0,0.0,0.0,0.0,0.0,0.0
7662,0.0,336.3694709479808,0.0,0.0,0.0,0.0,0.0,0.0,0.0,0.0,0.0,0.0,0.0,783.5160810470582,0.0,0.0,7274.833158940077,0.0,593.7157344102859,0.0,0.0,3176.1427957713604,0.0,0.0,0.0,0.0,0.0,0.0,0.0,9437.94001698494,0.0,0.0,0.0,0.0,0.0,0.0,0.0
7663,0.0,315.6481080114841,0.0,0.0,0.0,0.0,0.0,0.0,0.0,0.0,0.0,0.0,0.0,799.8886956453323,0.0,0.0,7116.595647305248,0.0,568.0793705940247,0.0,0.0,3203.4268144726752,0.0,0.0,0.0,0.0,0.0,0.0,0.0,9083.41952098608,0.0,0.0,0.0,0.0,0.0,0.0,0.0
7664,0.0,303.1327048838138,0.0,0.0,0.0,0.0,0.0,0.0,0.0,0.0,0.0,0.0,0.0,820.4608788490295,0.0,0.0,6982.33599126339,0.0,542.8809286713599,0.0,0.0,3227.0952874302866,0.0,0.0,0.0,0.0,0.0,0.0,0.0,8798.28232691288,0.0,0.0,0.0,0.0,0.0,0.0,0.0
7665,0.0,289.8797119796276,0.0,0.0,0.0,0.0,0.0,0.0,0.0,0.0,0.0,0.0,0.0,841.0090306997299,0.0,0.0,6873.550813496111,0.0,514.3931817173957,0.0,0.0,3215.9486162155868,0.0,0.0,0.0,0.0,0.0,0.0,0.0,8533.97039321065,0.0,0.0,0.0,0.0,0.0,0.0,0.0
7666,0.0,262.3331887185574,0.0,0.0,0.0,0.0,0.0,0.0,0.0,0.0,0.0,0.0,0.0,837.7621079683304,0.0,0.0,6833.328689992428,0.0,472.04328310489643,0.0,0.0,3147.399782350659,0.0,0.0,0.0,0.0,0.0,0.0,0.0,8212.859270465373,0.0,0.0,0.0,0.0,0.0,0.0,0.0
7667,0.0,239.5966261446476,0.0,0.0,0.0,0.0,0.0,0.0,0.0,0.0,0.0,0.0,0.0,836.2758405208588,0.0,0.0,6797.864799827335,0.0,440.68589391708355,0.0,0.0,3055.787993153929,0.0,0.0,0.0,0.0,0.0,0.0,0.0,7942.5973656892775,0.0,0.0,0.0,0.0,0.0,0.0,0.0
7668,0.0,221.91204853355876,0.0,0.0,0.0,0.0,0.0,0.0,0.0,0.0,0.0,0.0,0.0,836.9767848730087,0.0,0.0,6765.507724106312,0.0,421.12441438436497,0.0,0.0,2972.795141842961,0.0,0.0,0.0,0.0,0.0,0.0,0.0,7726.55924616456,0.0,0.0,0.0,0.0,0.0,0.0,0.0
7669,0.0,207.19052532613279,0.0,0.0,0.0,0.0,0.0,0.0,0.0,0.0,0.0,0.0,0.0,841.5348510503769,0.0,0.0,6738.63385695219,0.0,407.20973818302144,0.0,0.0,2905.8236813932654,0.0,0.0,0.0,0.0,0.0,0.0,0.0,7500.719259864091,0.0,0.0,0.0,0.0,0.0,0.0,0.0
7670,0.0,195.34111330211164,0.0,0.0,0.0,0.0,0.0,0.0,0.0,0.0,0.0,0.0,0.0,849.1053549289703,0.0,0.0,6716.551671564579,0.0,401.62749379873276,0.0,0.0,2843.108404335379,0.0,0.0,0.0,0.0,0.0,0.0,0.0,7205.401229178906,0.0,0.0,0.0,0.0,0.0,0.0,0.0
7671,0.0,168.46386368572706,0.0,0.0,0.0,0.0,0.0,0.0,0.0,0.0,0.0,0.0,0.0,868.120611333847,0.0,0.0,6512.396858170628,0.0,414.05686959624273,0.0,0.0,2914.502262765169,0.0,0.0,0.0,0.0,0.0,0.0,0.0,6265.959594798088,0.0,0.0,0.0,0.0,0.0,0.0,0.0
7672,0.0,149.89029259979725,0.0,0.0,0.0,0.0,0.0,0.0,0.0,0.0,0.0,0.0,0.0,883.0871227741242,0.0,0.0,6313.879271686075,0.0,415.9672275304793,0.0,0.0,2928.3344046503307,0.0,0.0,0.0,0.0,0.0,0.0,0.0,5373.2198453217725,0.0,0.0,0.0,0.0,0.0,0.0,0.0
7673,0.0,140.23015308380124,0.0,0.0,0.0,0.0,0.0,0.0,0.0,0.0,0.0,0.0,0.0,888.976059627533,0.0,0.0,6118.253807410597,0.0,382.63794488310805,0.0,0.0,2251.7187157720323,0.0,0.0,0.0,0.0,0.0,0.0,0.0,4588.004108178615,0.0,0.0,0.0,0.0,0.0,0.0,0.0
7674,0.0,135.92226686775678,0.0,0.0,0.0,0.0,0.0,0.0,0.0,0.0,0.0,0.0,0.0,900.5821270942688,0.0,0.0,5929.535832434891,0.0,355.5149171590805,0.0,0.0,1892.1655285343525,0.0,0.0,0.0,0.0,0.0,0.0,0.0,3935.5030291050653,0.0,0.0,0.0,0.0,0.0,0.0,0.0
7675,0.0,150.5383559793233,0.0,0.0,0.0,0.0,0.0,0.0,0.0,0.0,0.0,0.0,0.0,924.1227204084396,0.0,0.0,6089.007824420927,0.0,317.19562509655947,0.0,0.0,1611.464360323548,0.0,0.0,0.0,0.0,0.0,0.0,0.0,3806.1235225617866,0.0,0.0,0.0,0.0,0.0,0.0,0.0
7676,0.0,169.07713774144642,0.0,0.0,0.0,0.0,0.0,0.0,0.0,0.0,0.0,0.0,0.0,946.9600379705429,0.0,0.0,6233.038310766219,0.0,283.1714297056197,0.0,0.0,1348.1486628055573,0.0,0.0,0.0,0.0,0.0,0.0,0.0,3676.9118041902766,0.0,0.0,0.0,0.0,0.0,0.0,0.0
7677,0.0,187.5978514999151,0.0,0.0,0.0,0.0,0.0,0.0,0.0,0.0,0.0,0.0,0.0,966.7264534950257,0.0,0.0,6358.812567368148,0.0,246.20556350350364,0.0,0.0,1053.5311857596037,0.0,0.0,0.0,0.0,0.0,0.0,0.0,3553.041463157534,0.0,0.0,0.0,0.0,0.0,0.0,0.0
7678,0.0,210.2885707229375,0.0,0.0,0.0,0.0,0.0,0.0,0.0,0.0,0.0,0.0,0.0,975.1049667835235,0.0,0.0,6474.608691200612,0.0,203.57974801361553,0.0,0.0,864.2439538612962,0.0,0.0,0.0,0.0,0.0,0.0,0.0,3481.7716291368006,0.0,0.0,0.0,0.0,0.0,0.0,0.0
7679,0.0,238.47130374312394,0.0,0.0,0.0,0.0,0.0,0.0,0.0,0.0,0.0,0.0,0.0,963.2772369861602,0.0,0.0,6586.811442643404,0.0,152.7845431715249,0.0,0.0,730.4951013609767,0.0,0.0,0.0,0.0,0.0,0.0,0.0,3491.948849624395,0.0,0.0,0.0,0.0,0.0,0.0,0.0
7680,0.0,278.7091126084327,0.0,0.0,0.0,0.0,0.0,0.0,0.0,0.0,0.0,0.0,0.0,929.1359475851059,0.0,0.0,6930.119883805513,0.0,121.66555227190238,0.0,0.0,1097.8139007702462,0.0,0.0,0.0,0.0,0.0,0.0,0.0,3920.969101950525,0.0,0.0,0.0,0.0,0.0,0.0,0.0
7681,0.0,321.58145524263375,0.0,0.0,0.0,0.0,0.0,0.0,0.0,0.0,0.0,0.0,0.0,877.6009800910949,0.0,0.0,7262.753609240053,0.0,86.28581907153114,0.0,0.0,1542.4571496158835,0.0,0.0,0.0,0.0,0.0,0.0,0.0,4394.247823929786,0.0,0.0,0.0,0.0,0.0,0.0,0.0
7682,0.0,364.37476438879963,0.0,0.0,0.0,0.0,0.0,0.0,0.0,0.0,0.0,0.0,0.0,819.0511889219284,0.0,0.0,7611.013973474503,0.0,54.31329694092259,0.0,0.0,2011.7110568448893,0.0,0.0,0.0,0.0,0.0,0.0,0.0,4905.532013264297,0.0,0.0,0.0,0.0,0.0,0.0,0.0
7683,0.0,404.5508222043514,0.0,0.0,0.0,0.0,0.0,0.0,0.0,0.0,0.0,0.0,0.0,762.8970905065537,0.0,0.0,8048.83133664727,0.0,32.475929264724215,0.0,0.0,2428.936770352721,0.0,0.0,0.0,0.0,0.0,0.0,0.0,5466.086620658634,0.0,0.0,0.0,0.0,0.0,0.0,0.0
7684,0.0,435.944988566637,0.0,0.0,0.0,0.0,0.0,0.0,0.0,0.0,0.0,0.0,0.0,710.8049184322357,0.0,0.0,8556.208206087349,0.0,19.722117339819583,0.0,0.0,2839.209476342797,0.0,0.0,0.0,0.0,0.0,0.0,0.0,6016.294772943854,0.0,0.0,0.0,0.0,0.0,0.0,0.0
7685,0.0,460.17693094611167,0.0,0.0,0.0,0.0,0.0,0.0,0.0,0.0,0.0,0.0,0.0,662.3192875266075,0.0,0.0,9043.91817778349,0.0,17.223974350094785,0.0,0.0,3118.974362924695,0.0,0.0,0.0,0.0,0.0,0.0,0.0,6799.337219327688,0.0,0.0,0.0,0.0,0.0,0.0,0.0
7686,0.0,465.6852592527866,0.0,0.0,0.0,0.0,0.0,0.0,0.0,0.0,0.0,0.0,0.0,614.5218231081961,0.0,0.0,9018.670059800148,0.0,15.118746508657804,0.0,0.0,3007.5854597926136,0.0,0.0,0.0,0.0,0.0,0.0,0.0,7690.021202087401,0.0,0.0,0.0,0.0,0.0,0.0,0.0
7687,0.0,474.29811387062074,0.0,0.0,0.0,0.0,0.0,0.0,0.0,0.0,0.0,0.0,0.0,572.1623938322066,0.0,0.0,9023.336504429579,0.0,15.167359314299997,0.0,0.0,2940.0087844759228,0.0,0.0,0.0,0.0,0.0,0.0,0.0,8514.379677706956,0.0,0.0,0.0,0.0,0.0,0.0,0.0
7688,0.0,480.9589226961136,0.0,0.0,0.0,0.0,0.0,0.0,0.0,0.0,0.0,0.0,0.0,533.6609382390976,0.0,0.0,9034.298254340887,0.0,16.44319605790061,0.0,0.0,2915.3823826342823,0.0,0.0,0.0,0.0,0.0,0.0,0.0,9249.991228508949,0.0,0.0,0.0,0.0,0.0,0.0,0.0
7689,0.0,486.050789129734,0.0,0.0,0.0,0.0,0.0,0.0,0.0,0.0,0.0,0.0,0.0,501.0377040266991,0.0,0.0,9015.705595642328,0.0,21.86918215043838,0.0,0.0,2949.0010239779945,0.0,0.0,0.0,0.0,0.0,0.0,0.0,9973.849651813507,0.0,0.0,0.0,0.0,0.0,0.0,0.0
7690,0.0,484.2435959815979,0.0,0.0,0.0,0.0,0.0,0.0,0.0,0.0,0.0,0.0,0.0,451.69765988588335,0.0,0.0,8999.374206244944,0.0,27.321128542721173,0.0,0.0,2702.826016652584,0.0,0.0,0.0,0.0,0.0,0.0,0.0,10021.57453830838,0.0,0.0,0.0,0.0,0.0,0.0,0.0
7691,0.0,482.4462785124779,0.0,0.0,0.0,0.0,0.0,0.0,0.0,0.0,0.0,0.0,0.0,406.7276903867721,0.0,0.0,9010.83923831582,0.0,41.96782109737378,0.0,0.0,2479.6413025438783,0.0,0.0,0.0,0.0,0.0,0.0,0.0,10052.51482182741,0.0,0.0,0.0,0.0,0.0,0.0,0.0
7692,0.0,479.51106959581375,0.0,0.0,0.0,0.0,0.0,0.0,0.0,0.0,0.0,0.0,0.0,373.11529250741,0.0,0.0,8990.89930805564,0.0,67.62542296946044,0.0,0.0,2385.083367338776,0.0,0.0,0.0,0.0,0.0,0.0,0.0,10061.974603235722,0.0,0.0,0.0,0.0,0.0,0.0,0.0
7693,0.0,476.66143119335175,0.0,0.0,0.0,0.0,0.0,0.0,0.0,0.0,0.0,0.0,0.0,351.36763539910316,0.0,0.0,8964.552059173584,0.0,98.94258879125107,0.0,0.0,2381.3586770430206,0.0,0.0,0.0,0.0,0.0,0.0,0.0,10049.37602585554,0.0,0.0,0.0,0.0,0.0,0.0,0.0
7694,0.0,474.3753237247467,0.0,0.0,0.0,0.0,0.0,0.0,0.0,0.0,0.0,0.0,0.0,337.8472195923328,0.0,0.0,8946.425344854593,0.0,133.90281481146803,0.0,0.0,2412.9294577762485,0.0,0.0,0.0,0.0,0.0,0.0,0.0,10005.073439484835,0.0,0.0,0.0,0.0,0.0,0.0,0.0
7695,0.0,467.24000535607337,0.0,0.0,0.0,0.0,0.0,0.0,0.0,0.0,0.0,0.0,0.0,333.63552322387693,0.0,0.0,8826.612298190592,0.0,175.61709828078736,0.0,0.0,2679.0879091680044,0.0,0.0,0.0,0.0,0.0,0.0,0.0,9535.286085605621,0.0,0.0,0.0,0.0,0.0,0.0,0.0
7696,0.0,462.6998863756656,0.0,0.0,0.0,0.0,0.0,0.0,0.0,0.0,0.0,0.0,0.0,322.8428901553154,0.0,0.0,8708.438224494457,0.0,201.47320854067786,0.0,0.0,2749.469644886255,0.0,0.0,0.0,0.0,0.0,0.0,0.0,8795.024198836089,0.0,0.0,0.0,0.0,0.0,0.0,0.0
7697,0.0,453.73344317078585,0.0,0.0,0.0,0.0,0.0,0.0,0.0,0.0,0.0,0.0,0.0,306.1474439203739,0.0,0.0,8405.853633254766,0.0,214.03862349689004,0.0,0.0,2752.4857281804084,0.0,0.0,0.0,0.0,0.0,0.0,0.0,7972.289363068341,0.0,0.0,0.0,0.0,0.0,0.0,0.0
7698,0.0,443.77999318242075,0.0,0.0,0.0,0.0,0.0,0.0,0.0,0.0,0.0,0.0,0.0,289.24887446761124,0.0,0.0,8065.699456632137,0.0,223.09878107607344,0.0,0.0,2751.00251275599,0.0,0.0,0.0,0.0,0.0,0.0,0.0,7104.243765449523,0.0,0.0,0.0,0.0,0.0,0.0,0.0
7699,0.0,452.30079637169837,0.0,0.0,0.0,0.0,0.0,0.0,0.0,0.0,0.0,0.0,0.0,281.89924831390374,0.0,0.0,8062.49307477474,0.0,219.90963430106635,0.0,0.0,2583.0482723325485,0.0,0.0,0.0,0.0,0.0,0.0,0.0,6740.259148693084,0.0,0.0,0.0,0.0,0.0,0.0,0.0
7700,0.0,460.52440334558486,0.0,0.0,0.0,0.0,0.0,0.0,0.0,0.0,0.0,0.0,0.0,272.8610833525657,0.0,0.0,8058.117553681133,0.0,218.06751084625702,0.0,0.0,2431.3405239477747,0.0,0.0,0.0,0.0,0.0,0.0,0.0,6329.290227717161,0.0,0.0,0.0,0.0,0.0,0.0,0.0
7701,0.0,462.2897931933403,0.0,0.0,0.0,0.0,0.0,0.0,0.0,0.0,0.0,0.0,0.0,260.72034069895744,0.0,0.0,8016.903645396233,0.0,211.29285263121125,0.0,0.0,2285.458006502688,0.0,0.0,0.0,0.0,0.0,0.0,0.0,5871.3778647273775,0.0,0.0,0.0,0.0,0.0,0.0,0.0
7702,0.0,462.2478776693344,0.0,0.0,0.0,0.0,0.0,0.0,0.0,0.0,0.0,0.0,0.0,255.79642407298078,0.0,0.0,7964.636976361273,0.0,214.7385308146476,0.0,0.0,2192.0413206428284,0.0,0.0,0.0,0.0,0.0,0.0,0.0,5472.050694617629,0.0,0.0,0.0,0.0,0.0,0.0,0.0
7703,0.0,465.86024394035337,0.0,0.0,0.0,0.0,0.0,0.0,0.0,0.0,0.0,0.0,0.0,267.54470693469034,0.0,0.0,7917.881519228218,0.0,241.06885885000221,0.0,0.0,2286.672069342434,0.0,0.0,0.0,0.0,0.0,0.0,0.0,5157.3538533180945,0.0,0.0,0.0,0.0,0.0,0.0,0.0
7704,0.0,493.8680624127388,0.0,0.0,0.0,0.0,0.0,0.0,0.0,0.0,0.0,0.0,0.0,295.07138884067535,0.0,0.0,8303.201963722706,0.0,309.2283159196377,0.0,0.0,3497.1758278638126,0.0,0.0,0.0,0.0,0.0,0.0,0.0,5783.660812136529,0.0,0.0,0.0,0.0,0.0,0.0,0.0
7705,0.0,518.2732780694962,0.0,0.0,0.0,0.0,0.0,0.0,0.0,0.0,0.0,0.0,0.0,339.9925334453582,0.0,0.0,8665.081283211706,0.0,396.6532239615916,0.0,0.0,4324.301097124814,0.0,0.0,0.0,0.0,0.0,0.0,0.0,6734.242640930414,0.0,0.0,0.0,0.0,0.0,0.0,0.0
7706,0.0,539.9988180041313,0.0,0.0,0.0,0.0,0.0,0.0,0.0,0.0,0.0,0.0,0.0,392.9482650160789,0.0,0.0,8986.203304350376,0.0,488.2213165521621,0.0,0.0,4859.430932039022,0.0,0.0,0.0,0.0,0.0,0.0,0.0,7912.866314166783,0.0,0.0,0.0,0.0,0.0,0.0,0.0
7707,0.0,558.0366335034371,0.0,0.0,0.0,0.0,0.0,0.0,0.0,0.0,0.0,0.0,0.0,444.37172882556916,0.0,0.0,9243.972447276115,0.0,570.8063191771507,0.0,0.0,5187.247880852223,0.0,0.0,0.0,0.0,0.0,0.0,0.0,9087.709690964222,0.0,0.0,0.0,0.0,0.0,0.0,0.0
7708,0.0,572.8695106029511,0.0,0.0,0.0,0.0,0.0,0.0,0.0,0.0,0.0,0.0,0.0,496.40158078670504,0.0,0.0,9463.5917134881,0.0,644.0040714859963,0.0,0.0,5360.4925287723545,0.0,0.0,0.0,0.0,0.0,0.0,0.0,10122.551919043062,0.0,0.0,0.0,0.0,0.0,0.0,0.0
7709,0.0,585.3512466430664,0.0,0.0,0.0,0.0,0.0,0.0,0.0,0.0,0.0,0.0,0.0,542.7646962404251,0.0,0.0,9608.167486995459,0.0,665.4369305253027,0.0,0.0,5286.18461676836,0.0,0.0,0.0,0.0,0.0,0.0,0.0,10935.766222512722,0.0,0.0,0.0,0.0,0.0,0.0,0.0
7710,0.0,597.5465318799019,0.0,0.0,0.0,0.0,0.0,0.0,0.0,0.0,0.0,0.0,0.0,589.7950404167175,0.0,0.0,9316.932803004978,0.0,682.4883771657943,0.0,0.0,5274.306177502871,0.0,0.0,0.0,0.0,0.0,0.0,0.0,10789.71674413681,0.0,0.0,0.0,0.0,0.0,0.0,0.0
7711,0.0,609.0262231707572,0.0,0.0,0.0,0.0,0.0,0.0,0.0,0.0,0.0,0.0,0.0,635.2992143392562,0.0,0.0,9029.252986818552,0.0,708.6760115504263,0.0,0.0,5239.2321745455265,0.0,0.0,0.0,0.0,0.0,0.0,0.0,10593.047310078144,0.0,0.0,0.0,0.0,0.0,0.0,0.0
7712,0.0,620.4253378987312,0.0,0.0,0.0,0.0,0.0,0.0,0.0,0.0,0.0,0.0,0.0,677.5623388648033,0.0,0.0,8751.84028226137,0.0,731.4950798273086,0.0,0.0,5231.371950244904,0.0,0.0,0.0,0.0,0.0,0.0,0.0,10338.446116816998,0.0,0.0,0.0,0.0,0.0,0.0,0.0
7713,0.0,627.7923138856888,0.0,0.0,0.0,0.0,0.0,0.0,0.0,0.0,0.0,0.0,0.0,729.5472665429114,0.0,0.0,8478.281147748232,0.0,780.8499502539635,0.0,0.0,5274.99101793766,0.0,0.0,0.0,0.0,0.0,0.0,0.0,9963.761387985944,0.0,0.0,0.0,0.0,0.0,0.0,0.0
7714,0.0,629.2709162592888,0.0,0.0,0.0,0.0,0.0,0.0,0.0,0.0,0.0,0.0,0.0,763.434478187561,0.0,0.0,8110.929509878157,0.0,820.4982733130455,0.0,0.0,5190.874931430817,0.0,0.0,0.0,0.0,0.0,0.0,0.0,9486.837251007555,0.0,0.0,0.0,0.0,0.0,0.0,0.0
7715,0.0,631.9403796315194,0.0,0.0,0.0,0.0,0.0,0.0,0.0,0.0,0.0,0.0,0.0,796.6737848281861,0.0,0.0,7740.649189889431,0.0,840.8825385451316,0.0,0.0,5125.94345986247,0.0,0.0,0.0,0.0,0.0,0.0,0.0,8982.62511614561,0.0,0.0,0.0,0.0,0.0,0.0,0.0
7716,0.0,633.021317589283,0.0,0.0,0.0,0.0,0.0,0.0,0.0,0.0,0.0,0.0,0.0,827.0981950759888,0.0,0.0,7420.875996053219,0.0,851.3819930911064,0.0,0.0,5070.296692809463,0.0,0.0,0.0,0.0,0.0,0.0,0.0,8506.400337624547,0.0,0.0,0.0,0.0,0.0,0.0,0.0
7717,0.0,632.2743571400642,0.0,0.0,0.0,0.0,0.0,0.0,0.0,0.0,0.0,0.0,0.0,853.195347738266,0.0,0.0,7141.692858427761,0.0,858.7434322595597,0.0,0.0,5018.754426982999,0.0,0.0,0.0,0.0,0.0,0.0,0.0,8071.071033072471,0.0,0.0,0.0,0.0,0.0,0.0,0.0
7718,0.0,625.3796742796898,0.0,0.0,0.0,0.0,0.0,0.0,0.0,0.0,0.0,0.0,0.0,879.4177683115006,0.0,0.0,6891.163355469704,0.0,862.9038384556769,0.0,0.0,4975.261912474036,0.0,0.0,0.0,0.0,0.0,0.0,0.0,7687.481959539651,0.0,0.0,0.0,0.0,0.0,0.0,0.0
7719,0.0,606.1321442127228,0.0,0.0,0.0,0.0,0.0,0.0,0.0,0.0,0.0,0.0,0.0,916.8827373027801,0.0,0.0,6652.791967123747,0.0,874.3824073910712,0.0,0.0,5120.4326439499855,0.0,0.0,0.0,0.0,0.0,0.0,0.0,6409.956560969353,0.0,0.0,0.0,0.0,0.0,0.0,0.0
7720,0.0,574.3870545744896,0.0,0.0,0.0,0.0,0.0,0.0,0.0,0.0,0.0,0.0,0.0,953.860623049736,0.0,0.0,6413.942966341972,0.0,872.6808137655257,0.0,0.0,5216.912794858217,0.0,0.0,0.0,0.0,0.0,0.0,0.0,5208.543348592519,0.0,0.0,0.0,0.0,0.0,0.0,0.0
7721,0.0,550.034079015255,0.0,0.0,0.0,0.0,0.0,0.0,0.0,0.0,0.0,0.0,0.0,979.0394731521607,0.0,0.0,6157.8435222655535,0.0,837.916561794281,0.0,0.0,5105.842091238499,0.0,0.0,0.0,0.0,0.0,0.0,0.0,4144.786228266358,0.0,0.0,0.0,0.0,0.0,0.0,0.0
7722,0.0,520.573020708561,0.0,0.0,0.0,0.0,0.0,0.0,0.0,0.0,0.0,0.0,0.0,1009.2683148145676,0.0,0.0,5891.438461974263,0.0,814.9584753990172,0.0,0.0,4950.622492003441,0.0,0.0,0.0,0.0,0.0,0.0,0.0,3268.9095516651855,0.0,0.0,0.0,0.0,0.0,0.0,0.0
7723,0.0,471.81410003900527,0.0,0.0,0.0,0.0,0.0,0.0,0.0,0.0,0.0,0.0,0.0,1050.05032787323,0.0,0.0,5950.9972772300225,0.0,788.6251239418983,0.0,0.0,4560.897118368744,0.0,0.0,0.0,0.0,0.0,0.0,0.0,3068.9490827977656,0.0,0.0,0.0,0.0,0.0,0.0,0.0
7724,0.0,404.55048553347586,0.0,0.0,0.0,0.0,0.0,0.0,0.0,0.0,0.0,0.0,0.0,1089.8311840057372,0.0,0.0,6005.447428524492,0.0,766.8360939621925,0.0,0.0,4186.86040365994,0.0,0.0,0.0,0.0,0.0,0.0,0.0,2877.6673124700783,0.0,0.0,0.0,0.0,0.0,0.0,0.0
7725,0.0,342.91143495440485,0.0,0.0,0.0,0.0,0.0,0.0,0.0,0.0,0.0,0.0,0.0,1127.334441757202,0.0,0.0,6047.87637040019,0.0,741.9881318330765,0.0,0.0,3857.070981180668,0.0,0.0,0.0,0.0,0.0,0.0,0.0,2720.4024242937553,0.0,0.0,0.0,0.0,0.0,0.0,0.0
7726,0.0,294.5766634762287,0.0,0.0,0.0,0.0,0.0,0.0,0.0,0.0,0.0,0.0,0.0,1160.0350156784057,0.0,0.0,6071.706819549202,0.0,720.2178944945334,0.0,0.0,3612.9120447903865,0.0,0.0,0.0,0.0,0.0,0.0,0.0,2589.3137565568077,0.0,0.0,0.0,0.0,0.0,0.0,0.0
7727,0.0,263.6689865291118,0.0,0.0,0.0,0.0,0.0,0.0,0.0,0.0,0.0,0.0,0.0,1184.712345790863,0.0,0.0,6113.574138984082,0.0,705.708612012863,0.0,0.0,3457.585874453187,0.0,0.0,0.0,0.0,0.0,0.0,0.0,2479.7909314662215,0.0,0.0,0.0,0.0,0.0,0.0,0.0
7728,0.0,296.7075656712055,0.0,0.0,0.0,0.0,0.0,0.0,0.0,0.0,0.0,0.0,0.0,1202.7498489379882,0.0,0.0,6456.093430608509,0.0,721.637183523178,0.0,0.0,3713.7628219217063,0.0,0.0,0.0,0.0,0.0,0.0,0.0,3144.8251360684617,0.0,0.0,0.0,0.0,0.0,0.0,0.0
7729,0.0,335.4746558725834,0.0,0.0,0.0,0.0,0.0,0.0,0.0,0.0,0.0,0.0,0.0,1211.3702898025513,0.0,0.0,6764.981883704662,0.0,744.7847969651222,0.0,0.0,4035.62692695558,0.0,0.0,0.0,0.0,0.0,0.0,0.0,3740.9237149447185,0.0,0.0,0.0,0.0,0.0,0.0,0.0
7730,0.0,372.40021249651903,0.0,0.0,0.0,0.0,0.0,0.0,0.0,0.0,0.0,0.0,0.0,1214.122955751419,0.0,0.0,7045.267263710497,0.0,771.648136472702,0.0,0.0,4321.640452677011,0.0,0.0,0.0,0.0,0.0,0.0,0.0,4289.008117374777,0.0,0.0,0.0,0.0,0.0,0.0,0.0
7731,0.0,402.88884642720217,0.0,0.0,0.0,0.0,0.0,0.0,0.0,0.0,0.0,0.0,0.0,1214.1208933591843,0.0,0.0,7290.421682089567,0.0,798.6669747114181,0.0,0.0,4512.270419910549,0.0,0.0,0.0,0.0,0.0,0.0,0.0,4804.676134309171,0.0,0.0,0.0,0.0,0.0,0.0,0.0
7732,0.0,427.0206853330135,0.0,0.0,0.0,0.0,0.0,0.0,0.0,0.0,0.0,0.0,0.0,1212.584769821167,0.0,0.0,7484.442788630724,0.0,824.4012736797333,0.0,0.0,4621.320813971757,0.0,0.0,0.0,0.0,0.0,0.0,0.0,5269.7712051779035,0.0,0.0,0.0,0.0,0.0,0.0,0.0
7733,0.0,448.15497509837144,0.0,0.0,0.0,0.0,0.0,0.0,0.0,0.0,0.0,0.0,0.0,1204.9768738746643,0.0,0.0,7642.852987498045,0.0,841.9121025800705,0.0,0.0,4684.608607944846,0.0,0.0,0.0,0.0,0.0,0.0,0.0,5699.33279132545,0.0,0.0,0.0,0.0,0.0,0.0,0.0
7734,0.0,451.3382823944092,0.0,0.0,0.0,0.0,0.0,0.0,0.0,0.0,0.0,0.0,0.0,1196.5980915784835,0.0,0.0,7399.905387490988,0.0,841.6302129626274,0.0,0.0,4681.011227729917,0.0,0.0,0.0,0.0,0.0,0.0,0.0,5587.75148742497,0.0,0.0,0.0,0.0,0.0,0.0,0.0
7735,0.0,452.1694947302341,0.0,0.0,0.0,0.0,0.0,0.0,0.0,0.0,0.0,0.0,0.0,1187.6447088718414,0.0,0.0,7175.32564163208,0.0,834.5707602739333,0.0,0.0,4637.842059633136,0.0,0.0,0.0,0.0,0.0,0.0,0.0,5530.429406794905,0.0,0.0,0.0,0.0,0.0,0.0,0.0
7736,0.0,452.3649882853031,0.0,0.0,0.0,0.0,0.0,0.0,0.0,0.0,0.0,0.0,0.0,1177.432370209694,0.0,0.0,6957.58959969878,0.0,819.5658144712447,0.0,0.0,4536.441472497582,0.0,0.0,0.0,0.0,0.0,0.0,0.0,5610.515713694692,0.0,0.0,0.0,0.0,0.0,0.0,0.0
7737,0.0,451.79884815216064,0.0,0.0,0.0,0.0,0.0,0.0,0.0,0.0,0.0,0.0,0.0,1165.8650398492814,0.0,0.0,6770.49153986573,0.0,796.6989642739296,0.0,0.0,4335.473805597425,0.0,0.0,0.0,0.0,0.0,0.0,0.0,5740.885676708816,0.0,0.0,0.0,0.0,0.0,0.0,0.0
7738,0.0,442.71347596049304,0.0,0.0,0.0,0.0,0.0,0.0,0.0,0.0,0.0,0.0,0.0,1153.0886992931366,0.0,0.0,6634.321434080599,0.0,778.8332686543465,0.0,0.0,4138.13833617568,0.0,0.0,0.0,0.0,0.0,0.0,0.0,5511.462834361195,0.0,0.0,0.0,0.0,0.0,0.0,0.0
7739,0.0,436.6840372502803,0.0,0.0,0.0,0.0,0.0,0.0,0.0,0.0,0.0,0.0,0.0,1146.9766654014588,0.0,0.0,6515.742089897394,0.0,748.1370010256766,0.0,0.0,3942.491958171129,0.0,0.0,0.0,0.0,0.0,0.0,0.0,5287.311578151582,0.0,0.0,0.0,0.0,0.0,0.0,0.0
7740,0.0,431.09675962328913,0.0,0.0,0.0,0.0,0.0,0.0,0.0,0.0,0.0,0.0,0.0,1142.3885600328445,0.0,0.0,6402.756022945045,0.0,719.0318239212036,0.0,0.0,3749.6675950616595,0.0,0.0,0.0,0.0,0.0,0.0,0.0,5066.581175616384,0.0,0.0,0.0,0.0,0.0,0.0,0.0
7741,0.0,424.1432435274124,0.0,0.0,0.0,0.0,0.0,0.0,0.0,0.0,0.0,0.0,0.0,1137.7895150184631,0.0,0.0,6294.7907205969095,0.0,693.5950652241705,0.0,0.0,3566.981716319918,0.0,0.0,0.0,0.0,0.0,0.0,0.0,4850.658410459756,0.0,0.0,0.0,0.0,0.0,0.0,0.0
7742,0.0,416.22179866433146,0.0,0.0,0.0,0.0,0.0,0.0,0.0,0.0,0.0,0.0,0.0,1131.176588821411,0.0,0.0,6197.996804237365,0.0,670.0343100905418,0.0,0.0,3402.1240930348636,0.0,0.0,0.0,0.0,0.0,0.0,0.0,4639.996744680404,0.0,0.0,0.0,0.0,0.0,0.0,0.0
7743,0.0,390.93703034520144,0.0,0.0,0.0,0.0,0.0,0.0,0.0,0.0,0.0,0.0,0.0,1127.4268010616302,0.0,0.0,5964.095448240636,0.0,663.5068610668181,0.0,0.0,3482.105705192685,0.0,0.0,0.0,0.0,0.0,0.0,0.0,3869.1612494051437,0.0,0.0,0.0,0.0,0.0,0.0,0.0
7744,0.0,366.35242522358897,0.0,0.0,0.0,0.0,0.0,0.0,0.0,0.0,0.0,0.0,0.0,1114.623470067978,0.0,0.0,5773.4713018089515,0.0,641.2997689247131,0.0,0.0,3553.0360398799176,0.0,0.0,0.0,0.0,0.0,0.0,0.0,3054.5062819778914,0.0,0.0,0.0,0.0,0.0,0.0,0.0
7745,0.0,337.6104678511619,0.0,0.0,0.0,0.0,0.0,0.0,0.0,0.0,0.0,0.0,0.0,1096.210073518753,0.0,0.0,5596.088065609334,0.0,604.9363639712334,0.0,0.0,3626.0245289772743,0.0,0.0,0.0,0.0,0.0,0.0,0.0,2391.7198602974404,0.0,0.0,0.0,0.0,0.0,0.0,0.0
7746,0.0,307.35208874344823,0.0,0.0,0.0,0.0,0.0,0.0,0.0,0.0,0.0,0.0,0.0,1075.7888932943345,0.0,0.0,5431.280660435556,0.0,570.4994122266769,0.0,0.0,3701.2964250415557,0.0,0.0,0.0,0.0,0.0,0.0,0.0,1942.0218854755153,0.0,0.0,0.0,0.0,0.0,0.0,0.0
7747,0.0,299.8147011816501,0.0,0.0,0.0,0.0,0.0,0.0,0.0,0.0,0.0,0.0,0.0,1061.4606474161149,0.0,0.0,5623.587340578437,0.0,519.4252819061279,0.0,0.0,3662.17756434381,0.0,0.0,0.0,0.0,0.0,0.0,0.0,2031.72310552001,0.0,0.0,0.0,0.0,0.0,0.0,0.0
7748,0.0,288.01057139039034,0.0,0.0,0.0,0.0,0.0,0.0,0.0,0.0,0.0,0.0,0.0,1041.9050442457199,0.0,0.0,5799.059349164367,0.0,463.11079099178295,0.0,0.0,3614.693477645516,0.0,0.0,0.0,0.0,0.0,0.0,0.0,2104.0334793344136,0.0,0.0,0.0,0.0,0.0,0.0,0.0
7749,0.0,272.2412723064423,0.0,0.0,0.0,0.0,0.0,0.0,0.0,0.0,0.0,0.0,0.0,1018.9386926651001,0.0,0.0,5945.092851832507,0.0,402.5015887439249,0.0,0.0,3543.4924765795467,0.0,0.0,0.0,0.0,0.0,0.0,0.0,2202.4126746937623,0.0,0.0,0.0,0.0,0.0,0.0,0.0
7750,0.0,258.7653471708297,0.0,0.0,0.0,0.0,0.0,0.0,0.0,0.0,0.0,0.0,0.0,996.5205787420273,0.0,0.0,6066.914359912274,0.0,355.8585497915743,0.0,0.0,3526.4011360734703,0.0,0.0,0.0,0.0,0.0,0.0,0.0,2279.9414776176213,0.0,0.0,0.0,0.0,0.0,0.0,0.0
7751,0.0,254.44353119730948,0.0,0.0,0.0,0.0,0.0,0.0,0.0,0.0,0.0,0.0,0.0,979.8641610383987,0.0,0.0,6181.817099571226,0.0,340.3642839252948,0.0,0.0,3389.930179086327,0.0,0.0,0.0,0.0,0.0,0.0,0.0,2310.0959773063646,0.0,0.0,0.0,0.0,0.0,0.0,0.0
7752,0.0,285.81887204647063,0.0,0.0,0.0,0.0,0.0,0.0,0.0,0.0,0.0,0.0,0.0,968.8284795284271,0.0,0.0,6660.614232033489,0.0,383.1096283197402,0.0,0.0,3958.762216776609,0.0,0.0,0.0,0.0,0.0,0.0,0.0,2776.8566350698457,0.0,0.0,0.0,0.0,0.0,0.0,0.0
7753,0.0,325.2596126139164,0.0,0.0,0.0,0.0,0.0,0.0,0.0,0.0,0.0,0.0,0.0,965.847605395317,0.0,0.0,7093.13974276185,0.0,452.18287015557274,0.0,0.0,4664.175112903117,0.0,0.0,0.0,0.0,0.0,0.0,0.0,3251.7116256713853,0.0,0.0,0.0,0.0,0.0,0.0,0.0
7754,0.0,357.735502499342,0.0,0.0,0.0,0.0,0.0,0.0,0.0,0.0,0.0,0.0,0.0,967.2110260009765,0.0,0.0,7469.36454847455,0.0,529.9448925971984,0.0,0.0,5260.4089424729345,0.0,0.0,0.0,0.0,0.0,0.0,0.0,3725.820971423387,0.0,0.0,0.0,0.0,0.0,0.0,0.0
7755,0.0,381.30111710429185,0.0,0.0,0.0,0.0,0.0,0.0,0.0,0.0,0.0,0.0,0.0,968.8322456359863,0.0,0.0,7779.301570892334,0.0,598.2738687753676,0.0,0.0,5679.2933201372625,0.0,0.0,0.0,0.0,0.0,0.0,0.0,4166.702111753821,0.0,0.0,0.0,0.0,0.0,0.0,0.0
7756,0.0,386.77089659571647,0.0,0.0,0.0,0.0,0.0,0.0,0.0,0.0,0.0,0.0,0.0,969.8754574298858,0.0,0.0,8039.147627830505,0.0,661.9304133892058,0.0,0.0,5991.380132067204,0.0,0.0,0.0,0.0,0.0,0.0,0.0,4582.608850586414,0.0,0.0,0.0,0.0,0.0,0.0,0.0
7757,0.0,388.1435598671436,0.0,0.0,0.0,0.0,0.0,0.0,0.0,0.0,0.0,0.0,0.0,962.282177567482,0.0,0.0,8251.063643306492,0.0,712.764211320877,0.0,0.0,6211.223599916697,0.0,0.0,0.0,0.0,0.0,0.0,0.0,4944.329050248861,0.0,0.0,0.0,0.0,0.0,0.0,0.0
7758,0.0,376.12525128722183,0.0,0.0,0.0,0.0,0.0,0.0,0.0,0.0,0.0,0.0,0.0,955.6580427169799,0.0,0.0,8052.926824390886,0.0,748.6696568012237,0.0,0.0,6535.759248715639,0.0,0.0,0.0,0.0,0.0,0.0,0.0,4600.663074836133,0.0,0.0,0.0,0.0,0.0,0.0,0.0
7759,0.0,363.76308951973914,0.0,0.0,0.0,0.0,0.0,0.0,0.0,0.0,0.0,0.0,0.0,948.3417510986328,0.0,0.0,7891.437036544083,0.0,776.2640122652052,0.0,0.0,6729.5745414197445,0.0,0.0,0.0,0.0,0.0,0.0,0.0,4258.3589318692675,0.0,0.0,0.0,0.0,0.0,0.0,0.0
7760,0.0,349.20448696017263,0.0,0.0,0.0,0.0,0.0,0.0,0.0,0.0,0.0,0.0,0.0,937.8820150375366,0.0,0.0,7748.1890878379345,0.0,796.9104259490966,0.0,0.0,6845.818787634373,0.0,0.0,0.0,0.0,0.0,0.0,0.0,3931.884011813997,0.0,0.0,0.0,0.0,0.0,0.0,0.0
7761,0.0,326.4455357730388,0.0,0.0,0.0,0.0,0.0,0.0,0.0,0.0,0.0,0.0,0.0,923.206659579277,0.0,0.0,7625.1050960719585,0.0,792.9206355929375,0.0,0.0,6838.340644955635,0.0,0.0,0.0,0.0,0.0,0.0,0.0,3632.8782574743027,0.0,0.0,0.0,0.0,0.0,0.0,0.0
7762,0.0,307.5988404393196,0.0,0.0,0.0,0.0,0.0,0.0,0.0,0.0,0.0,0.0,0.0,888.2433723688125,0.0,0.0,7438.188280045984,0.0,777.6823527693747,0.0,0.0,6768.83509324193,0.0,0.0,0.0,0.0,0.0,0.0,0.0,3447.2264312118286,0.0,0.0,0.0,0.0,0.0,0.0,0.0
7763,0.0,298.23189917206764,0.0,0.0,0.0,0.0,0.0,0.0,0.0,0.0,0.0,0.0,0.0,856.7927874803543,0.0,0.0,7259.712913781403,0.0,762.5664296030998,0.0,0.0,6696.105160170793,0.0,0.0,0.0,0.0,0.0,0.0,0.0,3270.102872714399,0.0,0.0,0.0,0.0,0.0,0.0,0.0
7764,0.0,293.426567709446,0.0,0.0,0.0,0.0,0.0,0.0,0.0,0.0,0.0,0.0,0.0,828.8305148839951,0.0,0.0,7021.893813431263,0.0,743.3097821235657,0.0,0.0,6622.415481662751,0.0,0.0,0.0,0.0,0.0,0.0,0.0,3081.2117222219686,0.0,0.0,0.0,0.0,0.0,0.0,0.0
7765,0.0,292.88124505877494,0.0,0.0,0.0,0.0,0.0,0.0,0.0,0.0,0.0,0.0,0.0,800.8142614126206,0.0,0.0,6747.216101258991,0.0,729.0296868681907,0.0,0.0,6547.896849524975,0.0,0.0,0.0,0.0,0.0,0.0,0.0,2928.2008427798737,0.0,0.0,0.0,0.0,0.0,0.0,0.0
7766,0.0,298.84755797982217,0.0,0.0,0.0,0.0,0.0,0.0,0.0,0.0,0.0,0.0,0.0,773.1897727966309,0.0,0.0,6459.664633691309,0.0,718.7035158872603,0.0,0.0,6471.8862219572065,0.0,0.0,0.0,0.0,0.0,0.0,0.0,2874.6852754905813,0.0,0.0,0.0,0.0,0.0,0.0,0.0
7767,0.0,272.87152018547056,0.0,0.0,0.0,0.0,0.0,0.0,0.0,0.0,0.0,0.0,0.0,754.3895431995392,0.0,0.0,6289.52414894104,0.0,727.2196057558059,0.0,0.0,6553.910850584507,0.0,0.0,0.0,0.0,0.0,0.0,0.0,2684.2297895863635,0.0,0.0,0.0,0.0,0.0,0.0,0.0
7768,0.0,251.08411697745316,0.0,0.0,0.0,0.0,0.0,0.0,0.0,0.0,0.0,0.0,0.0,745.6311910629272,0.0,0.0,6109.8563073277455,0.0,737.6260456204415,0.0,0.0,6620.4166679799555,0.0,0.0,0.0,0.0,0.0,0.0,0.0,2549.636012476682,0.0,0.0,0.0,0.0,0.0,0.0,0.0
7769,0.0,248.45199601650233,0.0,0.0,0.0,0.0,0.0,0.0,0.0,0.0,0.0,0.0,0.0,734.7610389471052,0.0,0.0,5944.572456523776,0.0,744.6246148943901,0.0,0.0,6676.155170953274,0.0,0.0,0.0,0.0,0.0,0.0,0.0,2588.339753451943,0.0,0.0,0.0,0.0,0.0,0.0,0.0
7770,0.0,257.6591869533062,0.0,0.0,0.0,0.0,0.0,0.0,0.0,0.0,0.0,0.0,0.0,727.0631150960922,0.0,0.0,5756.4032691270095,0.0,750.4761216640471,0.0,0.0,6733.286969983577,0.0,0.0,0.0,0.0,0.0,0.0,0.0,2758.7539547532783,0.0,0.0,0.0,0.0,0.0,0.0,0.0
7771,0.0,294.419045394659,0.0,0.0,0.0,0.0,0.0,0.0,0.0,0.0,0.0,0.0,0.0,728.5280861020087,0.0,0.0,5774.421081587671,0.0,739.7103688716888,0.0,0.0,6622.096979391575,0.0,0.0,0.0,0.0,0.0,0.0,0.0,3178.5350092589842,0.0,0.0,0.0,0.0,0.0,0.0,0.0
7772,0.0,328.485789334774,0.0,0.0,0.0,0.0,0.0,0.0,0.0,0.0,0.0,0.0,0.0,728.5114972949028,0.0,0.0,5767.2351146787405,0.0,718.1417522668837,0.0,0.0,6538.2757799685005,0.0,0.0,0.0,0.0,0.0,0.0,0.0,3633.845932361482,0.0,0.0,0.0,0.0,0.0,0.0,0.0
7773,0.0,359.4176785290241,0.0,0.0,0.0,0.0,0.0,0.0,0.0,0.0,0.0,0.0,0.0,725.5170382738112,0.0,0.0,5744.747658804058,0.0,696.1118563532829,0.0,0.0,6469.35758035183,0.0,0.0,0.0,0.0,0.0,0.0,0.0,4094.5119740754353,0.0,0.0,0.0,0.0,0.0,0.0,0.0
7774,0.0,387.8599707663059,0.0,0.0,0.0,0.0,0.0,0.0,0.0,0.0,0.0,0.0,0.0,713.9870103120804,0.0,0.0,5735.571899369357,0.0,655.9653208136557,0.0,0.0,6375.769987142086,0.0,0.0,0.0,0.0,0.0,0.0,0.0,4390.935815599561,0.0,0.0,0.0,0.0,0.0,0.0,0.0
7775,0.0,404.8654130816459,0.0,0.0,0.0,0.0,0.0,0.0,0.0,0.0,0.0,0.0,0.0,689.6615422487258,0.0,0.0,5754.209285616873,0.0,588.2830011963844,0.0,0.0,6242.761985456944,0.0,0.0,0.0,0.0,0.0,0.0,0.0,4362.012244653702,0.0,0.0,0.0,0.0,0.0,0.0,0.0
7776,0.0,431.80158010125155,0.0,0.0,0.0,0.0,0.0,0.0,0.0,0.0,0.0,0.0,0.0,659.0409805655478,0.0,0.0,6312.563114941118,0.0,524.6031584501267,0.0,0.0,5366.963090121746,0.0,0.0,0.0,0.0,0.0,0.0,0.0,4650.842586567997,0.0,0.0,0.0,0.0,0.0,0.0,0.0
7777,0.0,447.7666813552379,0.0,0.0,0.0,0.0,0.0,0.0,0.0,0.0,0.0,0.0,0.0,624.9885982036591,0.0,0.0,6902.643944948912,0.0,446.77900765538215,0.0,0.0,3927.0739656239743,0.0,0.0,0.0,0.0,0.0,0.0,0.0,4771.026650395987,0.0,0.0,0.0,0.0,0.0,0.0,0.0
7778,0.0,455.2551394164562,0.0,0.0,0.0,0.0,0.0,0.0,0.0,0.0,0.0,0.0,0.0,597.6344174742698,0.0,0.0,7472.890635073185,0.0,378.2765107810497,0.0,0.0,3439.1408992946144,0.0,0.0,0.0,0.0,0.0,0.0,0.0,4829.295070779323,0.0,0.0,0.0,0.0,0.0,0.0,0.0
7779,0.0,460.43824365735054,0.0,0.0,0.0,0.0,0.0,0.0,0.0,0.0,0.0,0.0,0.0,587.3357273459434,0.0,0.0,7928.72892218828,0.0,336.224271005392,0.0,0.0,3490.153337198496,0.0,0.0,0.0,0.0,0.0,0.0,0.0,4894.1535162538285,0.0,0.0,0.0,0.0,0.0,0.0,0.0
7780,0.0,457.323252493143,0.0,0.0,0.0,0.0,0.0,0.0,0.0,0.0,0.0,0.0,0.0,587.1102989077567,0.0,0.0,8278.793945789337,0.0,313.1738813221453,0.0,0.0,3654.9059031754728,0.0,0.0,0.0,0.0,0.0,0.0,0.0,4976.418899711966,0.0,0.0,0.0,0.0,0.0,0.0,0.0
7781,0.0,450.47230879068377,0.0,0.0,0.0,0.0,0.0,0.0,0.0,0.0,0.0,0.0,0.0,591.4276032090186,0.0,0.0,8558.282008618115,0.0,314.4487574994563,0.0,0.0,3726.5471155554055,0.0,0.0,0.0,0.0,0.0,0.0,0.0,5068.425760668515,0.0,0.0,0.0,0.0,0.0,0.0,0.0
7782,0.0,437.8511068403721,0.0,0.0,0.0,0.0,0.0,0.0,0.0,0.0,0.0,0.0,0.0,592.200865793228,0.0,0.0,8267.202120840548,0.0,324.9928816199302,0.0,0.0,3632.296783304214,0.0,0.0,0.0,0.0,0.0,0.0,0.0,4810.983740085362,0.0,0.0,0.0,0.0,0.0,0.0,0.0
7783,0.0,420.4558557629585,0.0,0.0,0.0,0.0,0.0,0.0,0.0,0.0,0.0,0.0,0.0,592.3197671890259,0.0,0.0,8009.825802475212,0.0,352.7512428939342,0.0,0.0,3624.7644467979667,0.0,0.0,0.0,0.0,0.0,0.0,0.0,4589.41114217937,0.0,0.0,0.0,0.0,0.0,0.0,0.0
7784,0.0,402.12906442880626,0.0,0.0,0.0,0.0,0.0,0.0,0.0,0.0,0.0,0.0,0.0,595.004867374897,0.0,0.0,7786.542766600845,0.0,403.90884336829185,0.0,0.0,3694.054434236884,0.0,0.0,0.0,0.0,0.0,0.0,0.0,4379.623132053016,0.0,0.0,0.0,0.0,0.0,0.0,0.0
7785,0.0,385.11256808638575,0.0,0.0,0.0,0.0,0.0,0.0,0.0,0.0,0.0,0.0,0.0,595.5223484873771,0.0,0.0,7602.8595578968525,0.0,476.09034062623965,0.0,0.0,3830.38914975822,0.0,0.0,0.0,0.0,0.0,0.0,0.0,4121.778275212644,0.0,0.0,0.0,0.0,0.0,0.0,0.0
7786,0.0,348.8206260502338,0.0,0.0,0.0,0.0,0.0,0.0,0.0,0.0,0.0,0.0,0.0,579.9770670175552,0.0,0.0,7535.867801874876,0.0,544.3561806440352,0.0,0.0,3669.0023535042997,0.0,0.0,0.0,0.0,0.0,0.0,0.0,3833.5926882773633,0.0,0.0,0.0,0.0,0.0,0.0,0.0
7787,0.0,313.9824569106102,0.0,0.0,0.0,0.0,0.0,0.0,0.0,0.0,0.0,0.0,0.0,576.9293444752692,0.0,0.0,7548.857459962366,0.0,623.873477268219,0.0,0.0,3551.9709343761206,0.0,0.0,0.0,0.0,0.0,0.0,0.0,3568.034638109802,0.0,0.0,0.0,0.0,0.0,0.0,0.0
7788,0.0,282.0042507469654,0.0,0.0,0.0,0.0,0.0,0.0,0.0,0.0,0.0,0.0,0.0,578.2833049774168,0.0,0.0,7579.111174076796,0.0,697.8912289857864,0.0,0.0,3476.083529645204,0.0,0.0,0.0,0.0,0.0,0.0,0.0,3316.04790278375,0.0,0.0,0.0,0.0,0.0,0.0,0.0
7789,0.0,256.67091765403745,0.0,0.0,0.0,0.0,0.0,0.0,0.0,0.0,0.0,0.0,0.0,583.7719135642051,0.0,0.0,7594.7331456542,0.0,773.1385055541992,0.0,0.0,3371.962351816893,0.0,0.0,0.0,0.0,0.0,0.0,0.0,3065.9686730742455,0.0,0.0,0.0,0.0,0.0,0.0,0.0
7790,0.0,237.3457007825374,0.0,0.0,0.0,0.0,0.0,0.0,0.0,0.0,0.0,0.0,0.0,593.7626347303391,0.0,0.0,7583.90363371372,0.0,850.0695909142494,0.0,0.0,3293.2175094097847,0.0,0.0,0.0,0.0,0.0,0.0,0.0,2851.221871569752,0.0,0.0,0.0,0.0,0.0,0.0,0.0
7791,0.0,203.77673875987526,0.0,0.0,0.0,0.0,0.0,0.0,0.0,0.0,0.0,0.0,0.0,616.3703094005583,0.0,0.0,7522.08004873991,0.0,945.3443689465522,0.0,0.0,3578.4096504718063,0.0,0.0,0.0,0.0,0.0,0.0,0.0,2280.075997444987,0.0,0.0,0.0,0.0,0.0,0.0,0.0
7792,0.0,176.47149629294864,0.0,0.0,0.0,0.0,0.0,0.0,0.0,0.0,0.0,0.0,0.0,650.4174909472465,0.0,0.0,7474.484491556883,0.0,1027.4980300664902,0.0,0.0,3805.5810926288364,0.0,0.0,0.0,0.0,0.0,0.0,0.0,1781.9141811087713,0.0,0.0,0.0,0.0,0.0,0.0,0.0
7793,0.0,154.28519420921802,0.0,0.0,0.0,0.0,0.0,0.0,0.0,0.0,0.0,0.0,0.0,677.0826981663703,0.0,0.0,7602.693871498106,0.0,1080.0753345489502,0.0,0.0,3929.819685298204,0.0,0.0,0.0,0.0,0.0,0.0,0.0,1558.6570116549715,0.0,0.0,0.0,0.0,0.0,0.0,0.0
7794,0.0,137.56912051141262,0.0,0.0,0.0,0.0,0.0,0.0,0.0,0.0,0.0,0.0,0.0,724.617521417141,0.0,0.0,7708.998420506714,0.0,1136.423498082161,0.0,0.0,4059.452834495902,0.0,0.0,0.0,0.0,0.0,0.0,0.0,1561.2239175543189,0.0,0.0,0.0,0.0,0.0,0.0,0.0
7795,0.0,128.6276751190424,0.0,0.0,0.0,0.0,0.0,0.0,0.0,0.0,0.0,0.0,0.0,792.0969777822495,0.0,0.0,7900.721697837114,0.0,1169.0500130176545,0.0,0.0,3865.855225378275,0.0,0.0,0.0,0.0,0.0,0.0,0.0,1669.762433585523,0.0,0.0,0.0,0.0,0.0,0.0,0.0
7796,0.0,126.65803827345366,0.0,0.0,0.0,0.0,0.0,0.0,0.0,0.0,0.0,0.0,0.0,859.6828266859054,0.0,0.0,8039.955057322977,0.0,1197.9835664749146,0.0,0.0,3683.4606006145473,0.0,0.0,0.0,0.0,0.0,0.0,0.0,1783.0892407298074,0.0,0.0,0.0,0.0,0.0,0.0,0.0
7797,0.0,130.50026658475397,0.0,0.0,0.0,0.0,0.0,0.0,0.0,0.0,0.0,0.0,0.0,916.8745774030685,0.0,0.0,8116.975118756294,0.0,1221.0287985563277,0.0,0.0,3517.496393868327,0.0,0.0,0.0,0.0,0.0,0.0,0.0,1910.3777233436697,0.0,0.0,0.0,0.0,0.0,0.0,0.0
7798,0.0,135.51483899652953,0.0,0.0,0.0,0.0,0.0,0.0,0.0,0.0,0.0,0.0,0.0,968.0876323699952,0.0,0.0,8108.324421852825,0.0,1219.3931866645812,0.0,0.0,3399.101349046826,0.0,0.0,0.0,0.0,0.0,0.0,0.0,2077.4365228220813,0.0,0.0,0.0,0.0,0.0,0.0,0.0
7799,0.0,140.43421771824356,0.0,0.0,0.0,0.0,0.0,0.0,0.0,0.0,0.0,0.0,0.0,1013.3799179077148,0.0,0.0,8014.598815351723,0.0,1174.3626986026763,0.0,0.0,3317.2559536367653,0.0,0.0,0.0,0.0,0.0,0.0,0.0,2268.2364445745934,0.0,0.0,0.0,0.0,0.0,0.0,0.0
7800,0.0,175.64024187326424,0.0,0.0,0.0,0.0,0.0,0.0,0.0,0.0,0.0,0.0,0.0,1050.0090800285338,0.0,0.0,8198.380035728216,0.0,1109.245189166069,0.0,0.0,3073.1563579738136,0.0,0.0,0.0,0.0,0.0,0.0,0.0,2787.7742570266123,0.0,0.0,0.0,0.0,0.0,0.0,0.0
7801,0.0,214.6590496659278,0.0,0.0,0.0,0.0,0.0,0.0,0.0,0.0,0.0,0.0,0.0,1082.368462538719,0.0,0.0,8356.4005215168,0.0,1010.221486711502,0.0,0.0,2745.190149065852,0.0,0.0,0.0,0.0,0.0,0.0,0.0,3264.908671638369,0.0,0.0,0.0,0.0,0.0,0.0,0.0
7802,0.0,257.0899326145648,0.0,0.0,0.0,0.0,0.0,0.0,0.0,0.0,0.0,0.0,0.0,1110.2432179689408,0.0,0.0,8486.644810467958,0.0,904.8378090858458,0.0,0.0,2680.998922795057,0.0,0.0,0.0,0.0,0.0,0.0,0.0,3664.072754538059,0.0,0.0,0.0,0.0,0.0,0.0,0.0
7803,0.0,298.26130176186564,0.0,0.0,0.0,0.0,0.0,0.0,0.0,0.0,0.0,0.0,0.0,1134.5998909235,0.0,0.0,8592.623431771994,0.0,817.9693884968758,0.0,0.0,2754.677701985836,0.0,0.0,0.0,0.0,0.0,0.0,0.0,3997.447963157295,0.0,0.0,0.0,0.0,0.0,0.0,0.0
7804,0.0,330.5959582149982,0.0,0.0,0.0,0.0,0.0,0.0,0.0,0.0,0.0,0.0,0.0,1153.1707466363907,0.0,0.0,8689.584201335905,0.0,755.362801194191,0.0,0.0,2938.9476148366925,0.0,0.0,0.0,0.0,0.0,0.0,0.0,4289.726641291379,0.0,0.0,0.0,0.0,0.0,0.0,0.0
7805,0.0,350.01889380812645,0.0,0.0,0.0,0.0,0.0,0.0,0.0,0.0,0.0,0.0,0.0,1167.8142695188521,0.0,0.0,8776.585895955563,0.0,710.1842247486114,0.0,0.0,2987.301830363273,0.0,0.0,0.0,0.0,0.0,0.0,0.0,4558.87803426683,0.0,0.0,0.0,0.0,0.0,0.0,0.0
7806,0.0,351.5503815650939,0.0,0.0,0.0,0.0,0.0,0.0,0.0,0.0,0.0,0.0,0.0,1177.4671618700027,0.0,0.0,8348.323892980812,0.0,669.2076117277145,0.0,0.0,2844.401184466481,0.0,0.0,0.0,0.0,0.0,0.0,0.0,4310.558049073815,0.0,0.0,0.0,0.0,0.0,0.0,0.0
7807,0.0,350.4916358292103,0.0,0.0,0.0,0.0,0.0,0.0,0.0,0.0,0.0,0.0,0.0,1181.5602034330368,0.0,0.0,7993.947911530733,0.0,648.5236127614974,0.0,0.0,2764.1416397184134,0.0,0.0,0.0,0.0,0.0,0.0,0.0,4111.4343513906,0.0,0.0,0.0,0.0,0.0,0.0,0.0
7808,0.0,349.48712216019624,0.0,0.0,0.0,0.0,0.0,0.0,0.0,0.0,0.0,0.0,0.0,1171.4844310045241,0.0,0.0,7707.942850351332,0.0,640.4233323097228,0.0,0.0,2736.3986386567353,0.0,0.0,0.0,0.0,0.0,0.0,0.0,3951.504379537701,0.0,0.0,0.0,0.0,0.0,0.0,0.0
7809,0.0,344.9815119445324,0.0,0.0,0.0,0.0,0.0,0.0,0.0,0.0,0.0,0.0,0.0,1151.5318621635438,0.0,0.0,7471.294444978235,0.0,636.1838428854942,0.0,0.0,2721.9836860567325,0.0,0.0,0.0,0.0,0.0,0.0,0.0,3781.4322636038046,0.0,0.0,0.0,0.0,0.0,0.0,0.0
7810,0.0,323.8715466499328,0.0,0.0,0.0,0.0,0.0,0.0,0.0,0.0,0.0,0.0,0.0,1108.8758519172668,0.0,0.0,7202.538660287855,0.0,615.7186566591263,0.0,0.0,2566.4204555690285,0.0,0.0,0.0,0.0,0.0,0.0,0.0,3477.4912226945157,0.0,0.0,0.0,0.0,0.0,0.0,0.0
7811,0.0,292.87742945551867,0.0,0.0,0.0,0.0,0.0,0.0,0.0,0.0,0.0,0.0,0.0,1062.1641025066376,0.0,0.0,6967.185409158468,0.0,601.2068843007087,0.0,0.0,2418.087559671699,0.0,0.0,0.0,0.0,0.0,0.0,0.0,3216.8793074697237,0.0,0.0,0.0,0.0,0.0,0.0,0.0
7812,0.0,259.2028229176998,0.0,0.0,0.0,0.0,0.0,0.0,0.0,0.0,0.0,0.0,0.0,1015.5060649633408,0.0,0.0,6772.001386344433,0.0,595.9568606138229,0.0,0.0,2267.4208474650973,0.0,0.0,0.0,0.0,0.0,0.0,0.0,2955.0587026670573,0.0,0.0,0.0,0.0,0.0,0.0,0.0
7813,0.0,229.90228647887702,0.0,0.0,0.0,0.0,0.0,0.0,0.0,0.0,0.0,0.0,0.0,972.0739675521851,0.0,0.0,6609.697946041821,0.0,597.0626623034476,0.0,0.0,2105.5511509045955,0.0,0.0,0.0,0.0,0.0,0.0,0.0,2732.1660385519262,0.0,0.0,0.0,0.0,0.0,0.0,0.0
7814,0.0,197.10848109126084,0.0,0.0,0.0,0.0,0.0,0.0,0.0,0.0,0.0,0.0,0.0,932.1447985172272,0.0,0.0,6474.731205791234,0.0,604.7220567226409,0.0,0.0,1946.1434890106316,0.0,0.0,0.0,0.0,0.0,0.0,0.0,2566.3446768403046,0.0,0.0,0.0,0.0,0.0,0.0,0.0
7815,0.0,155.65997570157046,0.0,0.0,0.0,0.0,0.0,0.0,0.0,0.0,0.0,0.0,0.0,908.1897540330887,0.0,0.0,6383.257145211101,0.0,630.4069138526916,0.0,0.0,2071.1020421370863,0.0,0.0,0.0,0.0,0.0,0.0,0.0,2177.0001797258856,0.0,0.0,0.0,0.0,0.0,0.0,0.0
7816,0.0,118.63658813238138,0.0,0.0,0.0,0.0,0.0,0.0,0.0,0.0,0.0,0.0,0.0,892.3067334175109,0.0,0.0,6281.845401123164,0.0,663.5382809400559,0.0,0.0,2241.739179781079,0.0,0.0,0.0,0.0,0.0,0.0,0.0,1881.301371142268,0.0,0.0,0.0,0.0,0.0,0.0,0.0
7817,0.0,84.83056772947309,0.0,0.0,0.0,0.0,0.0,0.0,0.0,0.0,0.0,0.0,0.0,878.6936892986298,0.0,0.0,6276.28168296814,0.0,686.9262267708777,0.0,0.0,2391.287652312218,0.0,0.0,0.0,0.0,0.0,0.0,0.0,1678.8072647199015,0.0,0.0,0.0,0.0,0.0,0.0,0.0
7818,0.0,55.54106427580115,0.0,0.0,0.0,0.0,0.0,0.0,0.0,0.0,0.0,0.0,0.0,876.8394193410874,0.0,0.0,6223.4541693627825,0.0,727.1445537567138,0.0,0.0,2555.7309501618147,0.0,0.0,0.0,0.0,0.0,0.0,0.0,1590.9634669691322,0.0,0.0,0.0,0.0,0.0,0.0,0.0
7819,0.0,53.573868294060226,0.0,0.0,0.0,0.0,0.0,0.0,0.0,0.0,0.0,0.0,0.0,889.9192902326583,0.0,0.0,6319.976997882128,0.0,759.299592745304,0.0,0.0,2597.9978969961403,0.0,0.0,0.0,0.0,0.0,0.0,0.0,1729.2822138145564,0.0,0.0,0.0,0.0,0.0,0.0,0.0
7820,0.0,52.43059011250732,0.0,0.0,0.0,0.0,0.0,0.0,0.0,0.0,0.0,0.0,0.0,906.0445074319839,0.0,0.0,6395.0624955892545,0.0,791.3976609826088,0.0,0.0,2657.4128002345556,0.0,0.0,0.0,0.0,0.0,0.0,0.0,1838.081633220612,0.0,0.0,0.0,0.0,0.0,0.0,0.0
7821,0.0,51.69984597712754,0.0,0.0,0.0,0.0,0.0,0.0,0.0,0.0,0.0,0.0,0.0,922.2063993453979,0.0,0.0,6421.56259600818,0.0,818.6083382964134,0.0,0.0,2736.428611779213,0.0,0.0,0.0,0.0,0.0,0.0,0.0,1918.8620551973565,0.0,0.0,0.0,0.0,0.0,0.0,0.0
7822,0.0,52.45930533260104,0.0,0.0,0.0,0.0,0.0,0.0,0.0,0.0,0.0,0.0,0.0,936.6741705417633,0.0,0.0,6437.705351829528,0.0,836.7126471042633,0.0,0.0,2741.05779402852,0.0,0.0,0.0,0.0,0.0,0.0,0.0,1996.299912592767,0.0,0.0,0.0,0.0,0.0,0.0,0.0
7823,0.0,58.16596084088085,0.0,0.0,0.0,0.0,0.0,0.0,0.0,0.0,0.0,0.0,0.0,947.3335103034973,0.0,0.0,6458.942769944666,0.0,840.7464252829551,0.0,0.0,2650.558037951588,0.0,0.0,0.0,0.0,0.0,0.0,0.0,2073.5358094409107,0.0,0.0,0.0,0.0,0.0,0.0,0.0
7824,0.0,81.70813473612064,0.0,0.0,0.0,0.0,0.0,0.0,0.0,0.0,0.0,0.0,0.0,955.8294006109238,0.0,0.0,6885.880837470293,0.0,856.9264743447304,0.0,0.0,3191.6940021961923,0.0,0.0,0.0,0.0,0.0,0.0,0.0,2659.3859301790576,0.0,0.0,0.0,0.0,0.0,0.0,0.0
7825,0.0,105.16897455900902,0.0,0.0,0.0,0.0,0.0,0.0,0.0,0.0,0.0,0.0,0.0,960.3151037216187,0.0,0.0,7287.915383607147,0.0,858.7628177285193,0.0,0.0,3249.9178522646425,0.0,0.0,0.0,0.0,0.0,0.0,0.0,3215.38259358406,0.0,0.0,0.0,0.0,0.0,0.0,0.0
7826,0.0,136.56624811291692,0.0,0.0,0.0,0.0,0.0,0.0,0.0,0.0,0.0,0.0,0.0,961.6192529678344,0.0,0.0,7631.308612644672,0.0,853.749332332611,0.0,0.0,2802.000418236851,0.0,0.0,0.0,0.0,0.0,0.0,0.0,3764.4498586237432,0.0,0.0,0.0,0.0,0.0,0.0,0.0
7827,0.0,179.0327620625495,0.0,0.0,0.0,0.0,0.0,0.0,0.0,0.0,0.0,0.0,0.0,961.1516279458999,0.0,0.0,7909.806446433067,0.0,847.1240667223931,0.0,0.0,2640.1198223590845,0.0,0.0,0.0,0.0,0.0,0.0,0.0,4268.874983212352,0.0,0.0,0.0,0.0,0.0,0.0,0.0
7828,0.0,214.88028451502316,0.0,0.0,0.0,0.0,0.0,0.0,0.0,0.0,0.0,0.0,0.0,954.9135191202164,0.0,0.0,8137.656359523533,0.0,842.6558643341065,0.0,0.0,2640.356579750776,0.0,0.0,0.0,0.0,0.0,0.0,0.0,4809.492811998724,0.0,0.0,0.0,0.0,0.0,0.0,0.0
7829,0.0,255.2857695043087,0.0,0.0,0.0,0.0,0.0,0.0,0.0,0.0,0.0,0.0,0.0,944.4358492136001,0.0,0.0,8314.824903488157,0.0,829.6664737582207,0.0,0.0,2543.655414909124,0.0,0.0,0.0,0.0,0.0,0.0,0.0,5393.004385092853,0.0,0.0,0.0,0.0,0.0,0.0,0.0
7830,0.0,280.45475109815595,0.0,0.0,0.0,0.0,0.0,0.0,0.0,0.0,0.0,0.0,0.0,932.5413158416748,0.0,0.0,8079.556440234184,0.0,802.4487417936324,0.0,0.0,2532.249582150578,0.0,0.0,0.0,0.0,0.0,0.0,0.0,5688.447895294428,0.0,0.0,0.0,0.0,0.0,0.0,0.0
7831,0.0,303.4189592957497,0.0,0.0,0.0,0.0,0.0,0.0,0.0,0.0,0.0,0.0,0.0,920.4102350473404,0.0,0.0,7859.510123163462,0.0,775.403463435173,0.0,0.0,2513.376808789372,0.0,0.0,0.0,0.0,0.0,0.0,0.0,5904.67224522531,0.0,0.0,0.0,0.0,0.0,0.0,0.0
7832,0.0,324.293283033371,0.0,0.0,0.0,0.0,0.0,0.0,0.0,0.0,0.0,0.0,0.0,907.3191555023193,0.0,0.0,7658.750325202942,0.0,748.4220919132233,0.0,0.0,2475.7830956116313,0.0,0.0,0.0,0.0,0.0,0.0,0.0,6030.992872145771,0.0,0.0,0.0,0.0,0.0,0.0,0.0
7833,0.0,341.99700880050653,0.0,0.0,0.0,0.0,0.0,0.0,0.0,0.0,0.0,0.0,0.0,883.5427321195602,0.0,0.0,7476.21525323391,0.0,718.5094240665435,0.0,0.0,2386.8532953590156,0.0,0.0,0.0,0.0,0.0,0.0,0.0,6076.8102530241,0.0,0.0,0.0,0.0,0.0,0.0,0.0
7834,0.0,342.9685287237167,0.0,0.0,0.0,0.0,0.0,0.0,0.0,0.0,0.0,0.0,0.0,836.3137706041337,0.0,0.0,7370.338532954454,0.0,671.0795247793196,0.0,0.0,2242.132766237855,0.0,0.0,0.0,0.0,0.0,0.0,0.0,5692.6820153445,0.0,0.0,0.0,0.0,0.0,0.0,0.0
7835,0.0,338.6844760000705,0.0,0.0,0.0,0.0,0.0,0.0,0.0,0.0,0.0,0.0,0.0,787.9208128452301,0.0,0.0,7285.43242123723,0.0,615.6332894563674,0.0,0.0,2017.3493342176077,0.0,0.0,0.0,0.0,0.0,0.0,0.0,5292.18177448213,0.0,0.0,0.0,0.0,0.0,0.0,0.0
7836,0.0,328.2364003837109,0.0,0.0,0.0,0.0,0.0,0.0,0.0,0.0,0.0,0.0,0.0,738.6009442806244,0.0,0.0,7212.4355055987835,0.0,549.0529774308204,0.0,0.0,1762.7641412079329,0.0,0.0,0.0,0.0,0.0,0.0,0.0,4913.149017682671,0.0,0.0,0.0,0.0,0.0,0.0,0.0
7837,0.0,311.2616792857646,0.0,0.0,0.0,0.0,0.0,0.0,0.0,0.0,0.0,0.0,0.0,687.9648659586907,0.0,0.0,7156.693311542271,0.0,483.4153505265713,0.0,0.0,1548.1640018597245,0.0,0.0,0.0,0.0,0.0,0.0,0.0,4555.605803304909,0.0,0.0,0.0,0.0,0.0,0.0,0.0
7838,0.0,290.9247944891452,0.0,0.0,0.0,0.0,0.0,0.0,0.0,0.0,0.0,0.0,0.0,637.8023756623268,0.0,0.0,7115.241374909876,0.0,425.43910401463506,0.0,0.0,1385.8035332635043,0.0,0.0,0.0,0.0,0.0,0.0,0.0,4217.305433264373,0.0,0.0,0.0,0.0,0.0,0.0,0.0
7839,0.0,236.06542561054223,0.0,0.0,0.0,0.0,0.0,0.0,0.0,0.0,0.0,0.0,0.0,602.2406808614729,0.0,0.0,6840.345859020948,0.0,396.69069067835807,0.0,0.0,1359.1457711666817,0.0,0.0,0.0,0.0,0.0,0.0,0.0,3486.4888634055847,0.0,0.0,0.0,0.0,0.0,0.0,0.0
7840,0.0,183.12906466126438,0.0,0.0,0.0,0.0,0.0,0.0,0.0,0.0,0.0,0.0,0.0,575.7749876737594,0.0,0.0,6585.1561343967915,0.0,371.6695635497569,0.0,0.0,1407.411429740488,0.0,0.0,0.0,0.0,0.0,0.0,0.0,2946.1187391400335,0.0,0.0,0.0,0.0,0.0,0.0,0.0
7841,0.0,151.82751084566107,0.0,0.0,0.0,0.0,0.0,0.0,0.0,0.0,0.0,0.0,0.0,544.643939077854,0.0,0.0,6373.023870944975,0.0,340.26219897866235,0.0,0.0,1479.0329627975818,0.0,0.0,0.0,0.0,0.0,0.0,0.0,2525.029009217022,0.0,0.0,0.0,0.0,0.0,0.0,0.0
7842,0.0,131.24959775805473,0.0,0.0,0.0,0.0,0.0,0.0,0.0,0.0,0.0,0.0,0.0,513.1317065954208,0.0,0.0,6178.311626538633,0.0,314.7918862283229,0.0,0.0,1649.9896623685954,0.0,0.0,0.0,0.0,0.0,0.0,0.0,2178.101470409332,0.0,0.0,0.0,0.0,0.0,0.0,0.0
7843,0.0,146.63342271745205,0.0,0.0,0.0,0.0,0.0,0.0,0.0,0.0,0.0,0.0,0.0,486.91457650661465,0.0,0.0,6296.481421947477,0.0,281.8862383246422,0.0,0.0,1815.0381750851868,0.0,0.0,0.0,0.0,0.0,0.0,0.0,2124.0970031023007,0.0,0.0,0.0,0.0,0.0,0.0,0.0
7844,0.0,160.5343387216329,0.0,0.0,0.0,0.0,0.0,0.0,0.0,0.0,0.0,0.0,0.0,461.66955051422116,0.0,0.0,6397.682752087712,0.0,245.40253379046908,0.0,0.0,2088.837199258804,0.0,0.0,0.0,0.0,0.0,0.0,0.0,2082.373798260092,0.0,0.0,0.0,0.0,0.0,0.0,0.0
7845,0.0,171.69744716584674,0.0,0.0,0.0,0.0,0.0,0.0,0.0,0.0,0.0,0.0,0.0,430.2895353078842,0.0,0.0,6497.508029460906,0.0,223.6178462743758,0.0,0.0,2380.239983229338,0.0,0.0,0.0,0.0,0.0,0.0,0.0,2069.3101872831585,0.0,0.0,0.0,0.0,0.0,0.0,0.0
7846,0.0,180.14621681571003,0.0,0.0,0.0,0.0,0.0,0.0,0.0,0.0,0.0,0.0,0.0,403.880916583538,0.0,0.0,6587.288277208803,0.0,222.9300474643707,0.0,0.0,2565.272091391683,0.0,0.0,0.0,0.0,0.0,0.0,0.0,2081.0470422208305,0.0,0.0,0.0,0.0,0.0,0.0,0.0
7847,0.0,186.4865991353988,0.0,0.0,0.0,0.0,0.0,0.0,0.0,0.0,0.0,0.0,0.0,391.9109265565872,0.0,0.0,6655.098352909088,0.0,253.65115457773197,0.0,0.0,2616.383834186196,0.0,0.0,0.0,0.0,0.0,0.0,0.0,2127.796298354863,0.0,0.0,0.0,0.0,0.0,0.0,0.0
7848,0.0,192.58175880610935,0.0,0.0,0.0,0.0,0.0,0.0,0.0,0.0,0.0,0.0,0.0,392.1778718471527,0.0,0.0,6971.038979202509,0.0,337.6179795145987,0.0,0.0,3290.890807932615,0.0,0.0,0.0,0.0,0.0,0.0,0.0,2617.7681353628627,0.0,0.0,0.0,0.0,0.0,0.0,0.0
7849,0.0,203.6053452283144,0.0,0.0,0.0,0.0,0.0,0.0,0.0,0.0,0.0,0.0,0.0,410.02254132032397,0.0,0.0,7240.315159201622,0.0,439.2297309994697,0.0,0.0,3645.829496723413,0.0,0.0,0.0,0.0,0.0,0.0,0.0,3034.2068060934544,0.0,0.0,0.0,0.0,0.0,0.0,0.0
7850,0.0,222.95084652006625,0.0,0.0,0.0,0.0,0.0,0.0,0.0,0.0,0.0,0.0,0.0,437.1596776843071,0.0,0.0,7468.787368625402,0.0,540.7504241347311,0.0,0.0,3875.1571871459482,0.0,0.0,0.0,0.0,0.0,0.0,0.0,3393.097026807068,0.0,0.0,0.0,0.0,0.0,0.0,0.0
7851,0.0,248.6235298275947,0.0,0.0,0.0,0.0,0.0,0.0,0.0,0.0,0.0,0.0,0.0,463.95625032186507,0.0,0.0,7653.216555058954,0.0,634.2739888548851,0.0,0.0,4077.701924702525,0.0,0.0,0.0,0.0,0.0,0.0,0.0,3720.450665089488,0.0,0.0,0.0,0.0,0.0,0.0,0.0
7852,0.0,278.64222732782366,0.0,0.0,0.0,0.0,0.0,0.0,0.0,0.0,0.0,0.0,0.0,492.5044216513633,0.0,0.0,7803.99740087986,0.0,704.6008539915085,0.0,0.0,4260.49861316979,0.0,0.0,0.0,0.0,0.0,0.0,0.0,4024.9659465521554,0.0,0.0,0.0,0.0,0.0,0.0,0.0
7853,0.0,306.74821341633793,0.0,0.0,0.0,0.0,0.0,0.0,0.0,0.0,0.0,0.0,0.0,500.78411945104597,0.0,0.0,7933.8387529551965,0.0,739.0923458933829,0.0,0.0,4403.156143739819,0.0,0.0,0.0,0.0,0.0,0.0,0.0,4315.972833737731,0.0,0.0,0.0,0.0,0.0,0.0,0.0
7854,0.0,297.28321675658225,0.0,0.0,0.0,0.0,0.0,0.0,0.0,0.0,0.0,0.0,0.0,512.7306161403656,0.0,0.0,7652.493913441896,0.0,757.2763900399208,0.0,0.0,4363.382718488574,0.0,0.0,0.0,0.0,0.0,0.0,0.0,4405.397058653831,0.0,0.0,0.0,0.0,0.0,0.0,0.0
7855,0.0,285.58292187452315,0.0,0.0,0.0,0.0,0.0,0.0,0.0,0.0,0.0,0.0,0.0,526.622800564766,0.0,0.0,7415.685266762972,0.0,770.7879433393477,0.0,0.0,4298.1457632780075,0.0,0.0,0.0,0.0,0.0,0.0,0.0,4494.377585107086,0.0,0.0,0.0,0.0,0.0,0.0,0.0
7856,0.0,272.7601662933826,0.0,0.0,0.0,0.0,0.0,0.0,0.0,0.0,0.0,0.0,0.0,538.4234502553938,0.0,0.0,7204.403993546961,0.0,776.1905016183853,0.0,0.0,4215.749649587274,0.0,0.0,0.0,0.0,0.0,0.0,0.0,4586.710982096194,0.0,0.0,0.0,0.0,0.0,0.0,0.0
7857,0.0,255.40046204924585,0.0,0.0,0.0,0.0,0.0,0.0,0.0,0.0,0.0,0.0,0.0,545.0927783966065,0.0,0.0,7010.357217282055,0.0,771.9939329266547,0.0,0.0,4127.374957618117,0.0,0.0,0.0,0.0,0.0,0.0,0.0,4675.95729369223,0.0,0.0,0.0,0.0,0.0,0.0,0.0
7858,0.0,239.5733677983284,0.0,0.0,0.0,0.0,0.0,0.0,0.0,0.0,0.0,0.0,0.0,524.0045039534568,0.0,0.0,6651.1584392488,0.0,751.2475091934203,0.0,0.0,3924.8980380356306,0.0,0.0,0.0,0.0,0.0,0.0,0.0,4397.86503315866,0.0,0.0,0.0,0.0,0.0,0.0,0.0
7859,0.0,222.54838454425334,0.0,0.0,0.0,0.0,0.0,0.0,0.0,0.0,0.0,0.0,0.0,495.8574679136276,0.0,0.0,6351.719555974005,0.0,732.6263138294219,0.0,0.0,3759.087935525179,0.0,0.0,0.0,0.0,0.0,0.0,0.0,4140.970493808388,0.0,0.0,0.0,0.0,0.0,0.0,0.0
7860,0.0,206.61195642650122,0.0,0.0,0.0,0.0,0.0,0.0,0.0,0.0,0.0,0.0,0.0,463.360936319828,0.0,0.0,6097.291755422949,0.0,715.8381420135498,0.0,0.0,3621.2052141934632,0.0,0.0,0.0,0.0,0.0,0.0,0.0,3905.2353447228666,0.0,0.0,0.0,0.0,0.0,0.0,0.0
7861,0.0,194.39206615984438,0.0,0.0,0.0,0.0,0.0,0.0,0.0,0.0,0.0,0.0,0.0,430.57894273996345,0.0,0.0,5871.959419935941,0.0,696.3811780214309,0.0,0.0,3488.763371488452,0.0,0.0,0.0,0.0,0.0,0.0,0.0,3693.142416909337,0.0,0.0,0.0,0.0,0.0,0.0,0.0
7862,0.0,184.07823805510995,0.0,0.0,0.0,0.0,0.0,0.0,0.0,0.0,0.0,0.0,0.0,398.26358782052995,0.0,0.0,5675.975746333597,0.0,668.458929502964,0.0,0.0,3354.3281647592785,0.0,0.0,0.0,0.0,0.0,0.0,0.0,3510.432307839392,0.0,0.0,0.0,0.0,0.0,0.0,0.0
7863,0.0,157.44008087217804,0.0,0.0,0.0,0.0,0.0,0.0,0.0,0.0,0.0,0.0,0.0,381.69804987907406,0.0,0.0,5527.531623244285,0.0,651.7679814457892,0.0,0.0,3343.6335124522443,0.0,0.0,0.0,0.0,0.0,0.0,0.0,3205.676192492245,0.0,0.0,0.0,0.0,0.0,0.0,0.0
7864,0.0,136.45608659684655,0.0,0.0,0.0,0.0,0.0,0.0,0.0,0.0,0.0,0.0,0.0,369.0215784251689,0.0,0.0,5376.541141346095,0.0,634.8249630093575,0.0,0.0,3306.263689416647,0.0,0.0,0.0,0.0,0.0,0.0,0.0,2944.4998002499333,0.0,0.0,0.0,0.0,0.0,0.0,0.0
7865,0.0,127.80351884365076,0.0,0.0,0.0,0.0,0.0,0.0,0.0,0.0,0.0,0.0,0.0,353.41305773258205,0.0,0.0,5234.912329912185,0.0,616.681646132469,0.0,0.0,3221.067964982986,0.0,0.0,0.0,0.0,0.0,0.0,0.0,2881.4033113852133,0.0,0.0,0.0,0.0,0.0,0.0,0.0
7866,0.0,136.48490001261234,0.0,0.0,0.0,0.0,0.0,0.0,0.0,0.0,0.0,0.0,0.0,346.0507209658623,0.0,0.0,5071.02825692296,0.0,607.254557788372,0.0,0.0,3148.9281088382,0.0,0.0,0.0,0.0,0.0,0.0,0.0,2939.343206867574,0.0,0.0,0.0,0.0,0.0,0.0,0.0
7867,0.0,152.0516354531049,0.0,0.0,0.0,0.0,0.0,0.0,0.0,0.0,0.0,0.0,0.0,365.7878594875335,0.0,0.0,5153.821672588586,0.0,586.1219067454338,0.0,0.0,3032.371718287468,0.0,0.0,0.0,0.0,0.0,0.0,0.0,3030.0325329020616,0.0,0.0,0.0,0.0,0.0,0.0,0.0
7868,0.0,168.68840913176527,0.0,0.0,0.0,0.0,0.0,0.0,0.0,0.0,0.0,0.0,0.0,404.10199606418604,0.0,0.0,5210.005308106542,0.0,571.439518547058,0.0,0.0,2884.3247780889274,0.0,0.0,0.0,0.0,0.0,0.0,0.0,3100.805330625176,0.0,0.0,0.0,0.0,0.0,0.0,0.0
7869,0.0,185.13375736176968,0.0,0.0,0.0,0.0,0.0,0.0,0.0,0.0,0.0,0.0,0.0,446.8294278502464,0.0,0.0,5252.029368430374,0.0,565.1637249231337,0.0,0.0,2717.845578601956,0.0,0.0,0.0,0.0,0.0,0.0,0.0,3131.870370435713,0.0,0.0,0.0,0.0,0.0,0.0,0.0
7870,0.0,201.42439129650592,0.0,0.0,0.0,0.0,0.0,0.0,0.0,0.0,0.0,0.0,0.0,484.2135151982307,0.0,0.0,5262.505727201699,0.0,553.9553668975828,0.0,0.0,2506.744422854483,0.0,0.0,0.0,0.0,0.0,0.0,0.0,3150.3397257655847,0.0,0.0,0.0,0.0,0.0,0.0,0.0
7871,0.0,217.91287548243997,0.0,0.0,0.0,0.0,0.0,0.0,0.0,0.0,0.0,0.0,0.0,501.928119456768,0.0,0.0,5250.4382344931355,0.0,524.8080397367477,0.0,0.0,2204.765668031572,0.0,0.0,0.0,0.0,0.0,0.0,0.0,3167.980626997351,0.0,0.0,0.0,0.0,0.0,0.0,0.0
7872,0.0,259.376517033577,0.0,0.0,0.0,0.0,0.0,0.0,0.0,0.0,0.0,0.0,0.0,497.50863707065577,0.0,0.0,5608.07193724811,0.0,493.06632028818126,0.0,0.0,815.7348015122116,0.0,0.0,0.0,0.0,0.0,0.0,0.0,3809.048967194557,0.0,0.0,0.0,0.0,0.0,0.0,0.0
7873,0.0,302.39865015149115,0.0,0.0,0.0,0.0,0.0,0.0,0.0,0.0,0.0,0.0,0.0,471.50213999748223,0.0,0.0,5964.721633926032,0.0,433.8022146701812,0.0,0.0,274.04910295307604,0.0,0.0,0.0,0.0,0.0,0.0,0.0,4441.527203899621,0.0,0.0,0.0,0.0,0.0,0.0,0.0
7874,0.0,344.26291601657863,0.0,0.0,0.0,0.0,0.0,0.0,0.0,0.0,0.0,0.0,0.0,435.57854019403453,0.0,0.0,6304.999491944908,0.0,358.0608754158019,0.0,0.0,77.62352783745095,0.0,0.0,0.0,0.0,0.0,0.0,0.0,5090.079836750029,0.0,0.0,0.0,0.0,0.0,0.0,0.0
7875,0.0,382.01370906829834,0.0,0.0,0.0,0.0,0.0,0.0,0.0,0.0,0.0,0.0,0.0,401.79269961118695,0.0,0.0,6625.855870336294,0.0,277.9723892092704,0.0,0.0,146.90727087585216,0.0,0.0,0.0,0.0,0.0,0.0,0.0,5799.483164411781,0.0,0.0,0.0,0.0,0.0,0.0,0.0
7876,0.0,413.7289191663265,0.0,0.0,0.0,0.0,0.0,0.0,0.0,0.0,0.0,0.0,0.0,369.9542056441307,0.0,0.0,6947.359047979116,0.0,200.06310834288587,0.0,0.0,255.5523560374968,0.0,0.0,0.0,0.0,0.0,0.0,0.0,6525.295741337537,0.0,0.0,0.0,0.0,0.0,0.0,0.0
7877,0.0,436.78492628931997,0.0,0.0,0.0,0.0,0.0,0.0,0.0,0.0,0.0,0.0,0.0,334.8242681741714,0.0,0.0,7236.677059262989,0.0,134.37592103481285,0.0,0.0,421.25077839083895,0.0,0.0,0.0,0.0,0.0,0.0,0.0,7322.497122776508,0.0,0.0,0.0,0.0,0.0,0.0,0.0
7878,0.0,438.4872745156288,0.0,0.0,0.0,0.0,0.0,0.0,0.0,0.0,0.0,0.0,0.0,302.0457268595695,0.0,0.0,7058.985008507965,0.0,72.08198370188471,0.0,0.0,452.145536539703,0.0,0.0,0.0,0.0,0.0,0.0,0.0,7572.658438509703,0.0,0.0,0.0,0.0,0.0,0.0,0.0
7879,0.0,432.98323876261713,0.0,0.0,0.0,0.0,0.0,0.0,0.0,0.0,0.0,0.0,0.0,273.893826264143,0.0,0.0,6886.708491593599,0.0,25.58459883406752,0.0,0.0,478.20001385696173,0.0,0.0,0.0,0.0,0.0,0.0,0.0,7753.22961000204,0.0,0.0,0.0,0.0,0.0,0.0,0.0
7880,0.0,419.2626380681991,0.0,0.0,0.0,0.0,0.0,0.0,0.0,0.0,0.0,0.0,0.0,246.3671891927718,0.0,0.0,6716.098950982092,0.0,14.219909339584383,0.0,0.0,527.2155303206288,0.0,0.0,0.0,0.0,0.0,0.0,0.0,7852.205827498436,0.0,0.0,0.0,0.0,0.0,0.0,0.0
7881,0.0,400.2839396953583,0.0,0.0,0.0,0.0,0.0,0.0,0.0,0.0,0.0,0.0,0.0,215.2698338091373,0.0,0.0,6550.64902484417,0.0,14.327196350134818,0.0,0.0,574.4435965977606,0.0,0.0,0.0,0.0,0.0,0.0,0.0,7785.572226560116,0.0,0.0,0.0,0.0,0.0,0.0,0.0
7882,0.0,367.0237469494342,0.0,0.0,0.0,0.0,0.0,0.0,0.0,0.0,0.0,0.0,0.0,161.28882429003716,0.0,0.0,6435.572042211888,0.0,14.273341649956853,0.0,0.0,524.8726690918198,0.0,0.0,0.0,0.0,0.0,0.0,0.0,7534.230607825518,0.0,0.0,0.0,0.0,0.0,0.0,0.0
7883,0.0,338.2186357319354,0.0,0.0,0.0,0.0,0.0,0.0,0.0,0.0,0.0,0.0,0.0,97.6134504020213,0.0,0.0,6296.819795578718,0.0,15.34746410418296,0.0,0.0,497.82907873280254,0.0,0.0,0.0,0.0,0.0,0.0,0.0,7261.532158434391,0.0,0.0,0.0,0.0,0.0,0.0,0.0
7884,0.0,318.52619510293005,0.0,0.0,0.0,0.0,0.0,0.0,0.0,0.0,0.0,0.0,0.0,42.578194169700026,0.0,0.0,6168.211368113756,0.0,21.287225333228676,0.0,0.0,497.40279432423404,0.0,0.0,0.0,0.0,0.0,0.0,0.0,6977.605642807483,0.0,0.0,0.0,0.0,0.0,0.0,0.0
7885,0.0,306.51801470518114,0.0,0.0,0.0,0.0,0.0,0.0,0.0,0.0,0.0,0.0,0.0,22.931893377750992,0.0,0.0,6054.432262271643,0.0,39.86714320927857,0.0,0.0,540.859545448422,0.0,0.0,0.0,0.0,0.0,0.0,0.0,6692.427948141097,0.0,0.0,0.0,0.0,0.0,0.0,0.0
7886,0.0,297.62067319750787,0.0,0.0,0.0,0.0,0.0,0.0,0.0,0.0,0.0,0.0,0.0,23.168866728991205,0.0,0.0,5958.0296147316685,0.0,68.61738690137858,0.0,0.0,636.7242633797226,0.0,0.0,0.0,0.0,0.0,0.0,0.0,6400.575611072779,0.0,0.0,0.0,0.0,0.0,0.0,0.0
7887,0.0,257.0281815648078,0.0,0.0,0.0,0.0,0.0,0.0,0.0,0.0,0.0,0.0,0.0,23.87630929797882,0.0,0.0,5710.445129171013,0.0,112.97283677160729,0.0,0.0,804.6304408416152,0.0,0.0,0.0,0.0,0.0,0.0,0.0,5366.507956838607,0.0,0.0,0.0,0.0,0.0,0.0,0.0
7888,0.0,221.41444897949694,0.0,0.0,0.0,0.0,0.0,0.0,0.0,0.0,0.0,0.0,0.0,28.256527771055694,0.0,0.0,5450.577680796384,0.0,158.72473697960373,0.0,0.0,936.3843398340039,0.0,0.0,0.0,0.0,0.0,0.0,0.0,4309.27902587652,0.0,0.0,0.0,0.0,0.0,0.0,0.0
7889,0.0,191.5626560658216,0.0,0.0,0.0,0.0,0.0,0.0,0.0,0.0,0.0,0.0,0.0,34.90046551004044,0.0,0.0,5252.398467943072,0.0,182.5626094669103,0.0,0.0,985.250217754393,0.0,0.0,0.0,0.0,0.0,0.0,0.0,3442.0886416763055,0.0,0.0,0.0,0.0,0.0,0.0,0.0
7890,0.0,164.26876221299167,0.0,0.0,0.0,0.0,0.0,0.0,0.0,0.0,0.0,0.0,0.0,56.54857576489439,0.0,0.0,5077.2064927071315,0.0,223.29685966372472,0.0,0.0,1045.1816275276237,0.0,0.0,0.0,0.0,0.0,0.0,0.0,2837.535383166373,0.0,0.0,0.0,0.0,0.0,0.0,0.0
7891,0.0,161.71794726848597,0.0,0.0,0.0,0.0,0.0,0.0,0.0,0.0,0.0,0.0,0.0,93.84280894249677,0.0,0.0,5212.601061686872,0.0,251.2852974057197,0.0,0.0,999.7282955668861,0.0,0.0,0.0,0.0,0.0,0.0,0.0,2739.9208173096163,0.0,0.0,0.0,0.0,0.0,0.0,0.0
7892,0.0,159.1538478523493,0.0,0.0,0.0,0.0,0.0,0.0,0.0,0.0,0.0,0.0,0.0,138.94033852219573,0.0,0.0,5341.671933114527,0.0,281.0899520277977,0.0,0.0,958.9765809014432,0.0,0.0,0.0,0.0,0.0,0.0,0.0,2675.9284336268897,0.0,0.0,0.0,0.0,0.0,0.0,0.0
7893,0.0,156.00036398470397,0.0,0.0,0.0,0.0,0.0,0.0,0.0,0.0,0.0,0.0,0.0,190.52944381237026,0.0,0.0,5461.431306719779,0.0,308.76869652867316,0.0,0.0,926.4839752726251,0.0,0.0,0.0,0.0,0.0,0.0,0.0,2624.2845723226646,0.0,0.0,0.0,0.0,0.0,0.0,0.0
7894,0.0,153.1327698022127,0.0,0.0,0.0,0.0,0.0,0.0,0.0,0.0,0.0,0.0,0.0,233.85907171368586,0.0,0.0,5574.334919407962,0.0,314.1414059281348,0.0,0.0,894.8872329711915,0.0,0.0,0.0,0.0,0.0,0.0,0.0,2564.487073740362,0.0,0.0,0.0,0.0,0.0,0.0,0.0
7895,0.0,151.4556157797574,0.0,0.0,0.0,0.0,0.0,0.0,0.0,0.0,0.0,0.0,0.0,255.05010709166515,0.0,0.0,5682.855232298372,0.0,281.81548432707785,0.0,0.0,868.8863818086681,0.0,0.0,0.0,0.0,0.0,0.0,0.0,2483.344135293363,0.0,0.0,0.0,0.0,0.0,0.0,0.0
7896,0.0,200.04472807645797,0.0,0.0,0.0,0.0,0.0,0.0,0.0,0.0,0.0,0.0,0.0,258.8271094620228,0.0,0.0,6062.883046478032,0.0,245.34852717816818,0.0,0.0,1380.8233021706337,0.0,0.0,0.0,0.0,0.0,0.0,0.0,3163.193963140248,0.0,0.0,0.0,0.0,0.0,0.0,0.0
7897,0.0,252.4487001478672,0.0,0.0,0.0,0.0,0.0,0.0,0.0,0.0,0.0,0.0,0.0,245.88454457521436,0.0,0.0,6403.988558620213,0.0,191.97795982062817,0.0,0.0,1883.9821092009543,0.0,0.0,0.0,0.0,0.0,0.0,0.0,3746.359473130107,0.0,0.0,0.0,0.0,0.0,0.0,0.0
7898,0.0,301.85307499766344,0.0,0.0,0.0,0.0,0.0,0.0,0.0,0.0,0.0,0.0,0.0,232.19436250329008,0.0,0.0,6711.815996468067,0.0,144.56268855929358,0.0,0.0,2469.3178325414647,0.0,0.0,0.0,0.0,0.0,0.0,0.0,4272.115753892063,0.0,0.0,0.0,0.0,0.0,0.0,0.0
7899,0.0,334.81932601332664,0.0,0.0,0.0,0.0,0.0,0.0,0.0,0.0,0.0,0.0,0.0,234.9034940421581,0.0,0.0,6990.348834425209,0.0,120.37879730761038,0.0,0.0,3076.4897325038905,0.0,0.0,0.0,0.0,0.0,0.0,0.0,4738.561808833479,0.0,0.0,0.0,0.0,0.0,0.0,0.0
7900,0.0,354.289423584938,0.0,0.0,0.0,0.0,0.0,0.0,0.0,0.0,0.0,0.0,0.0,247.06860430836667,0.0,0.0,7243.215837985277,0.0,111.81550352573382,0.0,0.0,3644.797997447848,0.0,0.0,0.0,0.0,0.0,0.0,0.0,5176.175780776143,0.0,0.0,0.0,0.0,0.0,0.0,0.0
7901,0.0,367.0525042533874,0.0,0.0,0.0,0.0,0.0,0.0,0.0,0.0,0.0,0.0,0.0,263.18821718096734,0.0,0.0,7454.147069513798,0.0,122.07678209394207,0.0,0.0,4010.7310697704547,0.0,0.0,0.0,0.0,0.0,0.0,0.0,5587.325507971644,0.0,0.0,0.0,0.0,0.0,0.0,0.0
7902,0.0,350.5579038798809,0.0,0.0,0.0,0.0,0.0,0.0,0.0,0.0,0.0,0.0,0.0,275.2036246716976,0.0,0.0,7228.1375978291035,0.0,139.73524734675874,0.0,0.0,4194.810547327996,0.0,0.0,0.0,0.0,0.0,0.0,0.0,5411.335604470966,0.0,0.0,0.0,0.0,0.0,0.0,0.0
7903,0.0,327.1087212860584,0.0,0.0,0.0,0.0,0.0,0.0,0.0,0.0,0.0,0.0,0.0,286.03129599094393,0.0,0.0,7009.345985740421,0.0,170.12552690803986,0.0,0.0,4443.28985197842,0.0,0.0,0.0,0.0,0.0,0.0,0.0,5230.540956491231,0.0,0.0,0.0,0.0,0.0,0.0,0.0
7904,0.0,297.9199736058712,0.0,0.0,0.0,0.0,0.0,0.0,0.0,0.0,0.0,0.0,0.0,298.9166967451572,0.0,0.0,6799.900486707686,0.0,222.46312147080891,0.0,0.0,4709.559869992732,0.0,0.0,0.0,0.0,0.0,0.0,0.0,5036.876521801949,0.0,0.0,0.0,0.0,0.0,0.0,0.0
7905,0.0,270.35773903727534,0.0,0.0,0.0,0.0,0.0,0.0,0.0,0.0,0.0,0.0,0.0,309.1505560219287,0.0,0.0,6604.773248434065,0.0,295.71717759966833,0.0,0.0,4983.787600645423,0.0,0.0,0.0,0.0,0.0,0.0,0.0,4818.236600777506,0.0,0.0,0.0,0.0,0.0,0.0,0.0
7906,0.0,244.8013895452022,0.0,0.0,0.0,0.0,0.0,0.0,0.0,0.0,0.0,0.0,0.0,302.8603045403957,0.0,0.0,6474.727316439152,0.0,364.9581897020339,0.0,0.0,4742.187278982997,0.0,0.0,0.0,0.0,0.0,0.0,0.0,4601.4087196856735,0.0,0.0,0.0,0.0,0.0,0.0,0.0
7907,0.0,223.05844092071055,0.0,0.0,0.0,0.0,0.0,0.0,0.0,0.0,0.0,0.0,0.0,308.6283224403858,0.0,0.0,6364.720882117747,0.0,445.36194173097607,0.0,0.0,4549.807668569683,0.0,0.0,0.0,0.0,0.0,0.0,0.0,4400.296515199541,0.0,0.0,0.0,0.0,0.0,0.0,0.0
7908,0.0,205.6200679153203,0.0,0.0,0.0,0.0,0.0,0.0,0.0,0.0,0.0,0.0,0.0,318.3796267688274,0.0,0.0,6270.3325300216675,0.0,520.1855835556984,0.0,0.0,4449.325046154856,0.0,0.0,0.0,0.0,0.0,0.0,0.0,4216.8577570647,0.0,0.0,0.0,0.0,0.0,0.0,0.0
7909,0.0,189.05454221069806,0.0,0.0,0.0,0.0,0.0,0.0,0.0,0.0,0.0,0.0,0.0,331.8670218825339,0.0,0.0,6184.326509535311,0.0,596.1654767155646,0.0,0.0,4326.76706765592,0.0,0.0,0.0,0.0,0.0,0.0,0.0,4049.471336716412,0.0,0.0,0.0,0.0,0.0,0.0,0.0
7910,0.0,174.69667966067783,0.0,0.0,0.0,0.0,0.0,0.0,0.0,0.0,0.0,0.0,0.0,349.47687006592747,0.0,0.0,6104.016445174811,0.0,673.7626041054724,0.0,0.0,4248.358287531137,0.0,0.0,0.0,0.0,0.0,0.0,0.0,3885.4305546551923,0.0,0.0,0.0,0.0,0.0,0.0,0.0
7911,0.0,146.0259842902422,0.0,0.0,0.0,0.0,0.0,0.0,0.0,0.0,0.0,0.0,0.0,379.3419909238815,0.0,0.0,5909.692358106373,0.0,769.6427186012266,0.0,0.0,4533.188329052925,0.0,0.0,0.0,0.0,0.0,0.0,0.0,3101.5972618669257,0.0,0.0,0.0,0.0,0.0,0.0,0.0
7912,0.0,122.31777554154388,0.0,0.0,0.0,0.0,0.0,0.0,0.0,0.0,0.0,0.0,0.0,420.30208706855774,0.0,0.0,5733.639669254421,0.0,852.3467017650604,0.0,0.0,4749.760487928987,0.0,0.0,0.0,0.0,0.0,0.0,0.0,2402.3078725159166,0.0,0.0,0.0,0.0,0.0,0.0,0.0
7913,0.0,102.03179818689817,0.0,0.0,0.0,0.0,0.0,0.0,0.0,0.0,0.0,0.0,0.0,453.5522436857223,0.0,0.0,5653.658644080162,0.0,905.4244121909142,0.0,0.0,4956.979821556806,0.0,0.0,0.0,0.0,0.0,0.0,0.0,1948.9178346902129,0.0,0.0,0.0,0.0,0.0,0.0,0.0
7914,0.0,89.82152408212423,0.0,0.0,0.0,0.0,0.0,0.0,0.0,0.0,0.0,0.0,0.0,507.3595190763473,0.0,0.0,5580.324132680891,0.0,962.2271560788155,0.0,0.0,5165.639984375239,0.0,0.0,0.0,0.0,0.0,0.0,0.0,1762.3202110931275,0.0,0.0,0.0,0.0,0.0,0.0,0.0
7915,0.0,100.55906651169056,0.0,0.0,0.0,0.0,0.0,0.0,0.0,0.0,0.0,0.0,0.0,580.8135464072226,0.0,0.0,5771.188252136109,0.0,995.2671684026718,0.0,0.0,5110.423437595367,0.0,0.0,0.0,0.0,0.0,0.0,0.0,1906.4088460177175,0.0,0.0,0.0,0.0,0.0,0.0,0.0
7916,0.0,118.67262594401831,0.0,0.0,0.0,0.0,0.0,0.0,0.0,0.0,0.0,0.0,0.0,654.0904770135879,0.0,0.0,5934.29523257911,0.0,1024.5765746831894,0.0,0.0,5052.018234997988,0.0,0.0,0.0,0.0,0.0,0.0,0.0,2016.167261612414,0.0,0.0,0.0,0.0,0.0,0.0,0.0
7917,0.0,147.2929048508405,0.0,0.0,0.0,0.0,0.0,0.0,0.0,0.0,0.0,0.0,0.0,716.7030463814735,0.0,0.0,6068.680125758051,0.0,1047.963275575638,0.0,0.0,4992.559734490514,0.0,0.0,0.0,0.0,0.0,0.0,0.0,2117.360163360834,0.0,0.0,0.0,0.0,0.0,0.0,0.0
7918,0.0,183.55084312856195,0.0,0.0,0.0,0.0,0.0,0.0,0.0,0.0,0.0,0.0,0.0,770.377028465271,0.0,0.0,6175.412892431019,0.0,1049.6204663991928,0.0,0.0,4916.963886496424,0.0,0.0,0.0,0.0,0.0,0.0,0.0,2232.1663269937035,0.0,0.0,0.0,0.0,0.0,0.0,0.0
7919,0.0,224.44364518225186,0.0,0.0,0.0,0.0,0.0,0.0,0.0,0.0,0.0,0.0,0.0,812.5664897203445,0.0,0.0,6262.73079137504,0.0,1014.1508679151535,0.0,0.0,4791.280226013064,0.0,0.0,0.0,0.0,0.0,0.0,0.0,2393.9971146330236,0.0,0.0,0.0,0.0,0.0,0.0,0.0
7920,0.0,279.88417813181877,0.0,0.0,0.0,0.0,0.0,0.0,0.0,0.0,0.0,0.0,0.0,843.288063788414,0.0,0.0,6677.6200350821,0.0,971.3069658994675,0.0,0.0,4091.1474435836076,0.0,0.0,0.0,0.0,0.0,0.0,0.0,3088.3250005125988,0.0,0.0,0.0,0.0,0.0,0.0,0.0
7921,0.0,336.27192056179047,0.0,0.0,0.0,0.0,0.0,0.0,0.0,0.0,0.0,0.0,0.0,863.9173662900924,0.0,0.0,7046.385841369627,0.0,893.0740899801253,0.0,0.0,3117.6113427489995,0.0,0.0,0.0,0.0,0.0,0.0,0.0,3731.5445731103405,0.0,0.0,0.0,0.0,0.0,0.0,0.0
7922,0.0,386.5102011144161,0.0,0.0,0.0,0.0,0.0,0.0,0.0,0.0,0.0,0.0,0.0,877.069779586792,0.0,0.0,7365.963789731262,0.0,798.2243694782258,0.0,0.0,2483.284096580743,0.0,0.0,0.0,0.0,0.0,0.0,0.0,4337.599788886308,0.0,0.0,0.0,0.0,0.0,0.0,0.0
7923,0.0,420.54942221045496,0.0,0.0,0.0,0.0,0.0,0.0,0.0,0.0,0.0,0.0,0.0,886.1212604284286,0.0,0.0,7620.823697298763,0.0,701.4650320768355,0.0,0.0,2298.6941676646466,0.0,0.0,0.0,0.0,0.0,0.0,0.0,4883.171708089111,0.0,0.0,0.0,0.0,0.0,0.0,0.0
7924,0.0,443.2269551575183,0.0,0.0,0.0,0.0,0.0,0.0,0.0,0.0,0.0,0.0,0.0,889.7531331539154,0.0,0.0,7828.45831400156,0.0,610.991684937477,0.0,0.0,2091.7897032022474,0.0,0.0,0.0,0.0,0.0,0.0,0.0,5410.856467989086,0.0,0.0,0.0,0.0,0.0,0.0,0.0
7925,0.0,459.25265716910354,0.0,0.0,0.0,0.0,0.0,0.0,0.0,0.0,0.0,0.0,0.0,880.3620749473572,0.0,0.0,7998.968287199736,0.0,519.8081893801689,0.0,0.0,1880.499474576115,0.0,0.0,0.0,0.0,0.0,0.0,0.0,5934.225021815299,0.0,0.0,0.0,0.0,0.0,0.0,0.0
7926,0.0,455.0793130517006,0.0,0.0,0.0,0.0,0.0,0.0,0.0,0.0,0.0,0.0,0.0,869.0282432556153,0.0,0.0,7764.565593719482,0.0,430.95299535393707,0.0,0.0,1754.1574650540942,0.0,0.0,0.0,0.0,0.0,0.0,0.0,5874.827647396922,0.0,0.0,0.0,0.0,0.0,0.0,0.0
7927,0.0,448.8659678757191,0.0,0.0,0.0,0.0,0.0,0.0,0.0,0.0,0.0,0.0,0.0,855.9151050806046,0.0,0.0,7566.896274924278,0.0,367.31980815529823,0.0,0.0,1683.7501462161538,0.0,0.0,0.0,0.0,0.0,0.0,0.0,5801.320517215132,0.0,0.0,0.0,0.0,0.0,0.0,0.0
7928,0.0,441.1708500087261,0.0,0.0,0.0,0.0,0.0,0.0,0.0,0.0,0.0,0.0,0.0,833.9062415122986,0.0,0.0,7397.438760399817,0.0,321.4627106547355,0.0,0.0,1628.305924808978,0.0,0.0,0.0,0.0,0.0,0.0,0.0,5698.072933587431,0.0,0.0,0.0,0.0,0.0,0.0,0.0
7929,0.0,429.0983374178409,0.0,0.0,0.0,0.0,0.0,0.0,0.0,0.0,0.0,0.0,0.0,800.8520121574402,0.0,0.0,7251.5001579225045,0.0,272.522612196207,0.0,0.0,1523.5161041423676,0.0,0.0,0.0,0.0,0.0,0.0,0.0,5530.8228411287055,0.0,0.0,0.0,0.0,0.0,0.0,0.0
7930,0.0,412.80756320357324,0.0,0.0,0.0,0.0,0.0,0.0,0.0,0.0,0.0,0.0,0.0,744.4806452035903,0.0,0.0,6903.145671367645,0.0,231.42002326846114,0.0,0.0,1335.3917688444253,0.0,0.0,0.0,0.0,0.0,0.0,0.0,5160.105362367629,0.0,0.0,0.0,0.0,0.0,0.0,0.0
7931,0.0,389.455341821909,0.0,0.0,0.0,0.0,0.0,0.0,0.0,0.0,0.0,0.0,0.0,685.7766677975653,0.0,0.0,6709.753084123133,0.0,206.0219614058732,0.0,0.0,1179.6742827415464,0.0,0.0,0.0,0.0,0.0,0.0,0.0,4822.554253301025,0.0,0.0,0.0,0.0,0.0,0.0,0.0
7932,0.0,366.1296613276005,0.0,0.0,0.0,0.0,0.0,0.0,0.0,0.0,0.0,0.0,0.0,624.5386380195616,0.0,0.0,6565.444898039103,0.0,192.4059073865412,0.0,0.0,1059.7344110772015,0.0,0.0,0.0,0.0,0.0,0.0,0.0,4504.921842220424,0.0,0.0,0.0,0.0,0.0,0.0,0.0
7933,0.0,341.4147645771503,0.0,0.0,0.0,0.0,0.0,0.0,0.0,0.0,0.0,0.0,0.0,568.559887778759,0.0,0.0,6445.661799386142,0.0,184.6218116402625,0.0,0.0,964.8477554909878,0.0,0.0,0.0,0.0,0.0,0.0,0.0,4206.037951272724,0.0,0.0,0.0,0.0,0.0,0.0,0.0
7934,0.0,302.4048785626888,0.0,0.0,0.0,0.0,0.0,0.0,0.0,0.0,0.0,0.0,0.0,521.9046748161315,0.0,0.0,6346.847753554581,0.0,179.88538431525225,0.0,0.0,893.142282553017,0.0,0.0,0.0,0.0,0.0,0.0,0.0,3929.576201227307,0.0,0.0,0.0,0.0,0.0,0.0,0.0
7935,0.0,260.0259832084178,0.0,0.0,0.0,0.0,0.0,0.0,0.0,0.0,0.0,0.0,0.0,495.85392597913744,0.0,0.0,6302.4511884599915,0.0,194.47333504557594,0.0,0.0,931.3094966121016,0.0,0.0,0.0,0.0,0.0,0.0,0.0,3257.1683573782443,0.0,0.0,0.0,0.0,0.0,0.0,0.0
7936,0.0,219.65110721290102,0.0,0.0,0.0,0.0,0.0,0.0,0.0,0.0,0.0,0.0,0.0,483.8032336473464,0.0,0.0,6254.125210955737,0.0,221.95666868388645,0.0,0.0,966.280864331871,0.0,0.0,0.0,0.0,0.0,0.0,0.0,2724.714291018245,0.0,0.0,0.0,0.0,0.0,0.0,0.0
7937,0.0,186.07104907929894,0.0,0.0,0.0,0.0,0.0,0.0,0.0,0.0,0.0,0.0,0.0,482.0896995425224,0.0,0.0,6203.174698665737,0.0,252.06928252577782,0.0,0.0,996.2464178390794,0.0,0.0,0.0,0.0,0.0,0.0,0.0,2388.6600766435267,0.0,0.0,0.0,0.0,0.0,0.0,0.0
7938,0.0,174.80463878810403,0.0,0.0,0.0,0.0,0.0,0.0,0.0,0.0,0.0,0.0,0.0,488.2282306909561,0.0,0.0,6087.940197274087,0.0,288.2073536336422,0.0,0.0,1081.3337546177202,0.0,0.0,0.0,0.0,0.0,0.0,0.0,2213.6477923721077,0.0,0.0,0.0,0.0,0.0,0.0,0.0
7939,0.0,193.26151133179658,0.0,0.0,0.0,0.0,0.0,0.0,0.0,0.0,0.0,0.0,0.0,506.876381278038,0.0,0.0,6118.7434768378735,0.0,315.40368451476087,0.0,0.0,1146.563594996184,0.0,0.0,0.0,0.0,0.0,0.0,0.0,2328.802731202541,0.0,0.0,0.0,0.0,0.0,0.0,0.0
7940,0.0,211.69741208553313,0.0,0.0,0.0,0.0,0.0,0.0,0.0,0.0,0.0,0.0,0.0,527.0460841536521,0.0,0.0,6115.975813895462,0.0,343.33094242811205,0.0,0.0,1226.5928916670377,0.0,0.0,0.0,0.0,0.0,0.0,0.0,2402.895854341984,0.0,0.0,0.0,0.0,0.0,0.0,0.0
7941,0.0,224.73848470151415,0.0,0.0,0.0,0.0,0.0,0.0,0.0,0.0,0.0,0.0,0.0,548.7943689465523,0.0,0.0,6119.942564085125,0.0,365.36513634324075,0.0,0.0,1273.547528891265,0.0,0.0,0.0,0.0,0.0,0.0,0.0,2433.0279340595,0.0,0.0,0.0,0.0,0.0,0.0,0.0
7942,0.0,237.6430653333664,0.0,0.0,0.0,0.0,0.0,0.0,0.0,0.0,0.0,0.0,0.0,564.9860758781432,0.0,0.0,6135.5384770035735,0.0,381.4492658674717,0.0,0.0,1306.371125592291,0.0,0.0,0.0,0.0,0.0,0.0,0.0,2367.9720481932145,0.0,0.0,0.0,0.0,0.0,0.0,0.0
7943,0.0,252.7975192308426,0.0,0.0,0.0,0.0,0.0,0.0,0.0,0.0,0.0,0.0,0.0,568.9816918253897,0.0,0.0,6178.990318477152,0.0,389.28022465109825,0.0,0.0,1309.5988372966644,0.0,0.0,0.0,0.0,0.0,0.0,0.0,2210.5608877852555,0.0,0.0,0.0,0.0,0.0,0.0,0.0
7944,0.0,283.0492771446705,0.0,0.0,0.0,0.0,0.0,0.0,0.0,0.0,0.0,0.0,0.0,563.3552168011665,0.0,0.0,6719.908960282803,0.0,411.9457801699637,0.0,0.0,1684.4392252743241,0.0,0.0,0.0,0.0,0.0,0.0,0.0,2556.6286930188526,0.0,0.0,0.0,0.0,0.0,0.0,0.0
7945,0.0,315.23274031877514,0.0,0.0,0.0,0.0,0.0,0.0,0.0,0.0,0.0,0.0,0.0,545.8804777264595,0.0,0.0,7212.612082183361,0.0,425.1236899852752,0.0,0.0,2004.1210447847839,0.0,0.0,0.0,0.0,0.0,0.0,0.0,2812.8488251700996,0.0,0.0,0.0,0.0,0.0,0.0,0.0
7946,0.0,343.1896373212337,0.0,0.0,0.0,0.0,0.0,0.0,0.0,0.0,0.0,0.0,0.0,522.9403543949127,0.0,0.0,7626.639056533573,0.0,430.7209625542164,0.0,0.0,2289.872684133052,0.0,0.0,0.0,0.0,0.0,0.0,0.0,3014.502363477646,0.0,0.0,0.0,0.0,0.0,0.0,0.0
7947,0.0,358.92900075316425,0.0,0.0,0.0,0.0,0.0,0.0,0.0,0.0,0.0,0.0,0.0,499.75332684516906,0.0,0.0,7958.211766719818,0.0,431.8810079872608,0.0,0.0,2541.1976188659664,0.0,0.0,0.0,0.0,0.0,0.0,0.0,3195.0194739103317,0.0,0.0,0.0,0.0,0.0,0.0,0.0
7948,0.0,364.86784694194796,0.0,0.0,0.0,0.0,0.0,0.0,0.0,0.0,0.0,0.0,0.0,477.8417095541954,0.0,0.0,8232.864587038755,0.0,425.0497940003872,0.0,0.0,2735.288724848628,0.0,0.0,0.0,0.0,0.0,0.0,0.0,3363.1793832659705,0.0,0.0,0.0,0.0,0.0,0.0,0.0
7949,0.0,373.90260627865786,0.0,0.0,0.0,0.0,0.0,0.0,0.0,0.0,0.0,0.0,0.0,444.2100103735923,0.0,0.0,8492.238476634024,0.0,410.14396900534626,0.0,0.0,2836.4356000989674,0.0,0.0,0.0,0.0,0.0,0.0,0.0,3514.668235951662,0.0,0.0,0.0,0.0,0.0,0.0,0.0
7950,0.0,378.3282852172851,0.0,0.0,0.0,0.0,0.0,0.0,0.0,0.0,0.0,0.0,0.0,408.5906582593917,0.0,0.0,8212.222239792345,0.0,389.7660173892973,0.0,0.0,2528.57620947361,0.0,0.0,0.0,0.0,0.0,0.0,0.0,3225.231108364461,0.0,0.0,0.0,0.0,0.0,0.0,0.0
7951,0.0,381.7139878213405,0.0,0.0,0.0,0.0,0.0,0.0,0.0,0.0,0.0,0.0,0.0,375.80974071025844,0.0,0.0,7976.210132420063,0.0,373.9465854763984,0.0,0.0,2224.1737189739943,0.0,0.0,0.0,0.0,0.0,0.0,0.0,2993.7642517045124,0.0,0.0,0.0,0.0,0.0,0.0,0.0
7952,0.0,383.8102690279484,0.0,0.0,0.0,0.0,0.0,0.0,0.0,0.0,0.0,0.0,0.0,357.5782606065273,0.0,0.0,7785.010361880062,0.0,359.88645897507655,0.0,0.0,1928.7981338605282,0.0,0.0,0.0,0.0,0.0,0.0,0.0,2842.162395131586,0.0,0.0,0.0,0.0,0.0,0.0,0.0
7953,0.0,381.1227937638759,0.0,0.0,0.0,0.0,0.0,0.0,0.0,0.0,0.0,0.0,0.0,344.4023539721966,0.0,0.0,7640.142109096048,0.0,352.1555695235728,0.0,0.0,1637.7736470267178,0.0,0.0,0.0,0.0,0.0,0.0,0.0,2727.823073157668,0.0,0.0,0.0,0.0,0.0,0.0,0.0
7954,0.0,351.5900806725025,0.0,0.0,0.0,0.0,0.0,0.0,0.0,0.0,0.0,0.0,0.0,314.1258082807063,0.0,0.0,7616.9592370688915,0.0,335.1152384042739,0.0,0.0,1407.4298980280757,0.0,0.0,0.0,0.0,0.0,0.0,0.0,2567.7614743769163,0.0,0.0,0.0,0.0,0.0,0.0,0.0
7955,0.0,320.57472515702244,0.0,0.0,0.0,0.0,0.0,0.0,0.0,0.0,0.0,0.0,0.0,288.3737252235412,0.0,0.0,7631.500746637581,0.0,320.4490344047545,0.0,0.0,1194.314639277756,0.0,0.0,0.0,0.0,0.0,0.0,0.0,2437.354446087777,0.0,0.0,0.0,0.0,0.0,0.0,0.0
7956,0.0,295.39022864699365,0.0,0.0,0.0,0.0,0.0,0.0,0.0,0.0,0.0,0.0,0.0,260.92691618204117,0.0,0.0,7649.801703929899,0.0,306.713332915306,0.0,0.0,996.02941545993,0.0,0.0,0.0,0.0,0.0,0.0,0.0,2333.7862930327656,0.0,0.0,0.0,0.0,0.0,0.0,0.0
7957,0.0,279.5100245654583,0.0,0.0,0.0,0.0,0.0,0.0,0.0,0.0,0.0,0.0,0.0,230.0392298698425,0.0,0.0,7626.427475780249,0.0,293.9162853181361,0.0,0.0,807.6342624038456,0.0,0.0,0.0,0.0,0.0,0.0,0.0,2267.477781677245,0.0,0.0,0.0,0.0,0.0,0.0,0.0
7958,0.0,269.25281327962875,0.0,0.0,0.0,0.0,0.0,0.0,0.0,0.0,0.0,0.0,0.0,198.78385488986967,0.0,0.0,7575.433402746914,0.0,283.0567768096923,0.0,0.0,618.1559518497429,0.0,0.0,0.0,0.0,0.0,0.0,0.0,2223.5107716500743,0.0,0.0,0.0,0.0,0.0,0.0,0.0
7959,0.0,233.36366989016528,0.0,0.0,0.0,0.0,0.0,0.0,0.0,0.0,0.0,0.0,0.0,176.545976114273,0.0,0.0,7464.57986754179,0.0,287.1049310624599,0.0,0.0,570.1742810424413,0.0,0.0,0.0,0.0,0.0,0.0,0.0,1701.0167775079606,0.0,0.0,0.0,0.0,0.0,0.0,0.0
7960,0.0,201.8804961651563,0.0,0.0,0.0,0.0,0.0,0.0,0.0,0.0,0.0,0.0,0.0,154.45342873930923,0.0,0.0,7368.763345360754,0.0,283.3638616085052,0.0,0.0,520.5038215767588,0.0,0.0,0.0,0.0,0.0,0.0,0.0,1497.9941745057686,0.0,0.0,0.0,0.0,0.0,0.0,0.0
7961,0.0,181.69177460968496,0.0,0.0,0.0,0.0,0.0,0.0,0.0,0.0,0.0,0.0,0.0,128.13329112529752,0.0,0.0,7311.6995494663715,0.0,260.229023605585,0.0,0.0,459.79659234546125,0.0,0.0,0.0,0.0,0.0,0.0,0.0,1489.2838348776086,0.0,0.0,0.0,0.0,0.0,0.0,0.0
7962,0.0,167.04027894437314,0.0,0.0,0.0,0.0,0.0,0.0,0.0,0.0,0.0,0.0,0.0,106.50384047627445,0.0,0.0,7195.12011012435,0.0,235.68996922075735,0.0,0.0,411.1592594839631,0.0,0.0,0.0,0.0,0.0,0.0,0.0,1600.986098138988,0.0,0.0,0.0,0.0,0.0,0.0,0.0
7963,0.0,174.69147529006,0.0,0.0,0.0,0.0,0.0,0.0,0.0,0.0,0.0,0.0,0.0,95.74800541698929,0.0,0.0,7317.34611082077,0.0,191.7869062423705,0.0,0.0,387.71929374039115,0.0,0.0,0.0,0.0,0.0,0.0,0.0,1739.3773482784616,0.0,0.0,0.0,0.0,0.0,0.0,0.0
7964,0.0,185.26778042614458,0.0,0.0,0.0,0.0,0.0,0.0,0.0,0.0,0.0,0.0,0.0,85.54834934622036,0.0,0.0,7364.477279365061,0.0,147.4262098461389,0.0,0.0,369.32794473655497,0.0,0.0,0.0,0.0,0.0,0.0,0.0,1870.5938460126497,0.0,0.0,0.0,0.0,0.0,0.0,0.0
7965,0.0,196.85343887507912,0.0,0.0,0.0,0.0,0.0,0.0,0.0,0.0,0.0,0.0,0.0,76.69368125051258,0.0,0.0,7380.432957351206,0.0,107.09007315635668,0.0,0.0,353.61385407037966,0.0,0.0,0.0,0.0,0.0,0.0,0.0,1969.5955571860072,0.0,0.0,0.0,0.0,0.0,0.0,0.0
7966,0.0,202.22606076300144,0.0,0.0,0.0,0.0,0.0,0.0,0.0,0.0,0.0,0.0,0.0,76.28541165292255,0.0,0.0,7404.545384526251,0.0,81.4145901158451,0.0,0.0,342.7507921736681,0.0,0.0,0.0,0.0,0.0,0.0,0.0,2044.6026557654127,0.0,0.0,0.0,0.0,0.0,0.0,0.0
7967,0.0,194.85177621245384,0.0,0.0,0.0,0.0,0.0,0.0,0.0,0.0,0.0,0.0,0.0,91.31795887500041,0.0,0.0,7475.574288010595,0.0,79.744749829173,0.0,0.0,336.27462978623737,0.0,0.0,0.0,0.0,0.0,0.0,0.0,2077.061711528897,0.0,0.0,0.0,0.0,0.0,0.0,0.0
7968,0.0,207.22969137132165,0.0,0.0,0.0,0.0,0.0,0.0,0.0,0.0,0.0,0.0,0.0,118.06101579666137,0.0,0.0,7832.364001363516,0.0,115.41867382377369,0.0,0.0,787.9488086991004,0.0,0.0,0.0,0.0,0.0,0.0,0.0,2545.320891240239,0.0,0.0,0.0,0.0,0.0,0.0,0.0
7969,0.0,198.3192898392677,0.0,0.0,0.0,0.0,0.0,0.0,0.0,0.0,0.0,0.0,0.0,159.8657288134097,0.0,0.0,8179.862052589653,0.0,168.11674473881718,0.0,0.0,1171.5265132583672,0.0,0.0,0.0,0.0,0.0,0.0,0.0,2952.5934098631133,0.0,0.0,0.0,0.0,0.0,0.0,0.0
7970,0.0,186.0785400062799,0.0,0.0,0.0,0.0,0.0,0.0,0.0,0.0,0.0,0.0,0.0,207.47491027116774,0.0,0.0,8495.786343604326,0.0,221.0943265497684,0.0,0.0,1499.611327931284,0.0,0.0,0.0,0.0,0.0,0.0,0.0,3325.3370031207796,0.0,0.0,0.0,0.0,0.0,0.0,0.0
7971,0.0,175.95477663874627,0.0,0.0,0.0,0.0,0.0,0.0,0.0,0.0,0.0,0.0,0.0,252.10909093022343,0.0,0.0,8751.344778805971,0.0,256.63779137730586,0.0,0.0,1793.0571283712984,0.0,0.0,0.0,0.0,0.0,0.0,0.0,3665.251249477267,0.0,0.0,0.0,0.0,0.0,0.0,0.0
7972,0.0,169.03936046361918,0.0,0.0,0.0,0.0,0.0,0.0,0.0,0.0,0.0,0.0,0.0,291.38524381518357,0.0,0.0,8952.796103566883,0.0,276.58446077108374,0.0,0.0,2061.117964763939,0.0,0.0,0.0,0.0,0.0,0.0,0.0,4010.90066911876,0.0,0.0,0.0,0.0,0.0,0.0,0.0
7973,0.0,165.75576733052725,0.0,0.0,0.0,0.0,0.0,0.0,0.0,0.0,0.0,0.0,0.0,308.6260358750819,0.0,0.0,9099.42156562209,0.0,276.98707976937277,0.0,0.0,1713.357233288884,0.0,0.0,0.0,0.0,0.0,0.0,0.0,4355.382080581784,0.0,0.0,0.0,0.0,0.0,0.0,0.0
7974,0.0,155.73777472972867,0.0,0.0,0.0,0.0,0.0,0.0,0.0,0.0,0.0,0.0,0.0,319.92998529672616,0.0,0.0,8754.082104802132,0.0,261.34063500761977,0.0,0.0,1506.658947578072,0.0,0.0,0.0,0.0,0.0,0.0,0.0,4444.590422871708,0.0,0.0,0.0,0.0,0.0,0.0,0.0
7975,0.0,151.69664407074444,0.0,0.0,0.0,0.0,0.0,0.0,0.0,0.0,0.0,0.0,0.0,326.5482468128204,0.0,0.0,8450.01100319624,0.0,241.67077173292637,0.0,0.0,1322.9509550839653,0.0,0.0,0.0,0.0,0.0,0.0,0.0,4547.336088433861,0.0,0.0,0.0,0.0,0.0,0.0,0.0
7976,0.0,160.99209888875484,0.0,0.0,0.0,0.0,0.0,0.0,0.0,0.0,0.0,0.0,0.0,327.25306935906406,0.0,0.0,8177.083499461412,0.0,236.3106451034545,0.0,0.0,1178.3817296795542,0.0,0.0,0.0,0.0,0.0,0.0,0.0,4676.9108656942835,0.0,0.0,0.0,0.0,0.0,0.0,0.0
7977,0.0,166.18328323066228,0.0,0.0,0.0,0.0,0.0,0.0,0.0,0.0,0.0,0.0,0.0,322.42384343743316,0.0,0.0,7925.019258171318,0.0,237.5072680115698,0.0,0.0,1046.5412416666745,0.0,0.0,0.0,0.0,0.0,0.0,0.0,4711.902293369174,0.0,0.0,0.0,0.0,0.0,0.0,0.0
7978,0.0,157.78800216615195,0.0,0.0,0.0,0.0,0.0,0.0,0.0,0.0,0.0,0.0,0.0,295.44127440452564,0.0,0.0,7642.136568844318,0.0,228.25263327360142,0.0,0.0,903.0757992044091,0.0,0.0,0.0,0.0,0.0,0.0,0.0,4259.922182443737,0.0,0.0,0.0,0.0,0.0,0.0,0.0
7979,0.0,152.739818778634,0.0,0.0,0.0,0.0,0.0,0.0,0.0,0.0,0.0,0.0,0.0,272.62937806844707,0.0,0.0,7398.896489560604,0.0,226.68979099392882,0.0,0.0,790.2814896628254,0.0,0.0,0.0,0.0,0.0,0.0,0.0,3850.789891046284,0.0,0.0,0.0,0.0,0.0,0.0,0.0
7980,0.0,152.74520551264285,0.0,0.0,0.0,0.0,0.0,0.0,0.0,0.0,0.0,0.0,0.0,254.62917732000352,0.0,0.0,7172.4062939584255,0.0,233.19371957480908,0.0,0.0,691.969799315929,0.0,0.0,0.0,0.0,0.0,0.0,0.0,3484.475405344367,0.0,0.0,0.0,0.0,0.0,0.0,0.0
7981,0.0,158.1861295044422,0.0,0.0,0.0,0.0,0.0,0.0,0.0,0.0,0.0,0.0,0.0,243.55859206318843,0.0,0.0,6957.451916635035,0.0,248.5193555742502,0.0,0.0,609.4089091412715,0.0,0.0,0.0,0.0,0.0,0.0,0.0,3155.9284460127337,0.0,0.0,0.0,0.0,0.0,0.0,0.0
7982,0.0,168.7213046818971,0.0,0.0,0.0,0.0,0.0,0.0,0.0,0.0,0.0,0.0,0.0,239.5849674940109,0.0,0.0,6761.3150025606155,0.0,271.3877915859221,0.0,0.0,547.3069835934787,0.0,0.0,0.0,0.0,0.0,0.0,0.0,2883.782540428637,0.0,0.0,0.0,0.0,0.0,0.0,0.0
7983,0.0,162.01117357313626,0.0,0.0,0.0,0.0,0.0,0.0,0.0,0.0,0.0,0.0,0.0,253.80112683773032,0.0,0.0,6572.899230241774,0.0,313.3444082379339,0.0,0.0,530.1005947384982,0.0,0.0,0.0,0.0,0.0,0.0,0.0,2366.458157716691,0.0,0.0,0.0,0.0,0.0,0.0,0.0
7984,0.0,134.45073458254333,0.0,0.0,0.0,0.0,0.0,0.0,0.0,0.0,0.0,0.0,0.0,275.3285339057445,0.0,0.0,6429.676951259374,0.0,358.041697436571,0.0,0.0,516.6245729070156,0.0,0.0,0.0,0.0,0.0,0.0,0.0,1960.0182517349706,0.0,0.0,0.0,0.0,0.0,0.0,0.0
7985,0.0,118.73973567187784,0.0,0.0,0.0,0.0,0.0,0.0,0.0,0.0,0.0,0.0,0.0,285.64518029689776,0.0,0.0,6416.974327355621,0.0,390.16712467670436,0.0,0.0,542.1185301270327,0.0,0.0,0.0,0.0,0.0,0.0,0.0,1792.625503169,0.0,0.0,0.0,0.0,0.0,0.0,0.0
7986,0.0,98.6799099639058,0.0,0.0,0.0,0.0,0.0,0.0,0.0,0.0,0.0,0.0,0.0,305.11952072978016,0.0,0.0,6351.36640280485,0.0,445.4536818325518,0.0,0.0,525.5649271175259,0.0,0.0,0.0,0.0,0.0,0.0,0.0,1734.3169438049183,0.0,0.0,0.0,0.0,0.0,0.0,0.0
7987,0.0,94.13387118726968,0.0,0.0,0.0,0.0,0.0,0.0,0.0,0.0,0.0,0.0,0.0,337.36979820728294,0.0,0.0,6454.64348015189,0.0,493.746056640148,0.0,0.0,502.963906044513,0.0,0.0,0.0,0.0,0.0,0.0,0.0,1832.298365481197,0.0,0.0,0.0,0.0,0.0,0.0,0.0
7988,0.0,89.38709240108724,0.0,0.0,0.0,0.0,0.0,0.0,0.0,0.0,0.0,0.0,0.0,375.7952815473079,0.0,0.0,6541.207233726978,0.0,541.4972093105315,0.0,0.0,486.42510037198593,0.0,0.0,0.0,0.0,0.0,0.0,0.0,1896.4648655533783,0.0,0.0,0.0,0.0,0.0,0.0,0.0
7989,0.0,88.70607735961674,0.0,0.0,0.0,0.0,0.0,0.0,0.0,0.0,0.0,0.0,0.0,413.7958224177361,0.0,0.0,6610.6282790601235,0.0,587.3669636845588,0.0,0.0,468.8010557346042,0.0,0.0,0.0,0.0,0.0,0.0,0.0,1943.8576110228894,0.0,0.0,0.0,0.0,0.0,0.0,0.0
7990,0.0,87.25028443783522,0.0,0.0,0.0,0.0,0.0,0.0,0.0,0.0,0.0,0.0,0.0,445.1257125258445,0.0,0.0,6626.69519251585,0.0,618.2273260474205,0.0,0.0,453.53641052618593,0.0,0.0,0.0,0.0,0.0,0.0,0.0,1981.0134699523435,0.0,0.0,0.0,0.0,0.0,0.0,0.0
7991,0.0,82.98383679538959,0.0,0.0,0.0,0.0,0.0,0.0,0.0,0.0,0.0,0.0,0.0,461.3574119329452,0.0,0.0,6594.0915318727475,0.0,623.3005092024802,0.0,0.0,443.3175058487799,0.0,0.0,0.0,0.0,0.0,0.0,0.0,2003.355513699352,0.0,0.0,0.0,0.0,0.0,0.0,0.0
7992,0.0,113.56224962621921,0.0,0.0,0.0,0.0,0.0,0.0,0.0,0.0,0.0,0.0,0.0,462.596102643013,0.0,0.0,6975.053568422794,0.0,630.3434812784195,0.0,0.0,821.7657570652664,0.0,0.0,0.0,0.0,0.0,0.0,0.0,2568.5940870180707,0.0,0.0,0.0,0.0,0.0,0.0,0.0
7993,0.0,142.54020626842967,0.0,0.0,0.0,0.0,0.0,0.0,0.0,0.0,0.0,0.0,0.0,446.9872008562088,0.0,0.0,7311.771891415117,0.0,615.1953082799911,0.0,0.0,1090.724046269059,0.0,0.0,0.0,0.0,0.0,0.0,0.0,3168.5270233929155,0.0,0.0,0.0,0.0,0.0,0.0,0.0
7994,0.0,168.90629130005837,0.0,0.0,0.0,0.0,0.0,0.0,0.0,0.0,0.0,0.0,0.0,422.3501322269439,0.0,0.0,7589.589088588951,0.0,593.9134424805641,0.0,0.0,1282.6810053795573,0.0,0.0,0.0,0.0,0.0,0.0,0.0,3774.9727806031688,0.0,0.0,0.0,0.0,0.0,0.0,0.0
7995,0.0,192.80981124043458,0.0,0.0,0.0,0.0,0.0,0.0,0.0,0.0,0.0,0.0,0.0,394.4576671242714,0.0,0.0,7827.264282912016,0.0,579.1392845392227,0.0,0.0,1435.5195579305282,0.0,0.0,0.0,0.0,0.0,0.0,0.0,4254.582251554726,0.0,0.0,0.0,0.0,0.0,0.0,0.0
7996,0.0,223.2953449934721,0.0,0.0,0.0,0.0,0.0,0.0,0.0,0.0,0.0,0.0,0.0,370.32249957919123,0.0,0.0,8042.051418095827,0.0,572.5693297624587,0.0,0.0,1538.3620339125387,0.0,0.0,0.0,0.0,0.0,0.0,0.0,4727.77816428542,0.0,0.0,0.0,0.0,0.0,0.0,0.0
7997,0.0,257.25882917046545,0.0,0.0,0.0,0.0,0.0,0.0,0.0,0.0,0.0,0.0,0.0,336.5145106971263,0.0,0.0,8292.738050878048,0.0,547.5391916513443,0.0,0.0,1011.9038169175384,0.0,0.0,0.0,0.0,0.0,0.0,0.0,5232.1700205296265,0.0,0.0,0.0,0.0,0.0,0.0,0.0
7998,0.0,251.34096879959105,0.0,0.0,0.0,0.0,0.0,0.0,0.0,0.0,0.0,0.0,0.0,305.2772040665149,0.0,0.0,8202.172931879759,0.0,521.7902498364449,0.0,0.0,895.7916492350395,0.0,0.0,0.0,0.0,0.0,0.0,0.0,5317.961125269531,0.0,0.0,0.0,0.0,0.0,0.0,0.0
7999,0.0,251.33987461924553,0.0,0.0,0.0,0.0,0.0,0.0,0.0,0.0,0.0,0.0,0.0,283.13500235676764,0.0,0.0,8131.1284709870815,0.0,505.9944124698639,0.0,0.0,811.8106688484542,0.0,0.0,0.0,0.0,0.0,0.0,0.0,5407.200566229223,0.0,0.0,0.0,0.0,0.0,0.0,0.0
8000,0.0,253.5645396530628,0.0,0.0,0.0,0.0,0.0,0.0,0.0,0.0,0.0,0.0,0.0,270.77434592247005,0.0,0.0,8069.264436751604,0.0,498.2780472993851,0.0,0.0,749.9326712876556,0.0,0.0,0.0,0.0,0.0,0.0,0.0,5517.449689903855,0.0,0.0,0.0,0.0,0.0,0.0,0.0
8001,0.0,252.41447194218637,0.0,0.0,0.0,0.0,0.0,0.0,0.0,0.0,0.0,0.0,0.0,259.7609472155571,0.0,0.0,8019.024898022411,0.0,490.31580680012695,0.0,0.0,692.6504768170408,0.0,0.0,0.0,0.0,0.0,0.0,0.0,5677.646893349289,0.0,0.0,0.0,0.0,0.0,0.0,0.0
8002,0.0,234.96714910268784,0.0,0.0,0.0,0.0,0.0,0.0,0.0,0.0,0.0,0.0,0.0,226.177243489027,0.0,0.0,7850.94810348749,0.0,467.9060268342495,0.0,0.0,477.6427105721086,0.0,0.0,0.0,0.0,0.0,0.0,0.0,5360.540628367662,0.0,0.0,0.0,0.0,0.0,0.0,0.0
8003,0.0,210.80683345198622,0.0,0.0,0.0,0.0,0.0,0.0,0.0,0.0,0.0,0.0,0.0,200.87422392368313,0.0,0.0,7712.319927185774,0.0,452.7259004175662,0.0,0.0,338.7474123906337,0.0,0.0,0.0,0.0,0.0,0.0,0.0,5040.607277336716,0.0,0.0,0.0,0.0,0.0,0.0,0.0
8004,0.0,187.77667984664433,0.0,0.0,0.0,0.0,0.0,0.0,0.0,0.0,0.0,0.0,0.0,187.33910236358642,0.0,0.0,7594.481115639208,0.0,444.4803475141525,0.0,0.0,269.98725287429977,0.0,0.0,0.0,0.0,0.0,0.0,0.0,4709.888473695516,0.0,0.0,0.0,0.0,0.0,0.0,0.0
8005,0.0,169.69325947165484,0.0,0.0,0.0,0.0,0.0,0.0,0.0,0.0,0.0,0.0,0.0,180.10781717300415,0.0,0.0,7494.241622269154,0.0,434.55148972272866,0.0,0.0,236.1799171004444,0.0,0.0,0.0,0.0,0.0,0.0,0.0,4392.735560709236,0.0,0.0,0.0,0.0,0.0,0.0,0.0
8006,0.0,158.23319328725339,0.0,0.0,0.0,0.0,0.0,0.0,0.0,0.0,0.0,0.0,0.0,168.75338397622096,0.0,0.0,7415.871955662964,0.0,417.65939519405356,0.0,0.0,225.19548676460948,0.0,0.0,0.0,0.0,0.0,0.0,0.0,4106.697228437662,0.0,0.0,0.0,0.0,0.0,0.0,0.0
8007,0.0,140.06191584169864,0.0,0.0,0.0,0.0,0.0,0.0,0.0,0.0,0.0,0.0,0.0,171.3316208600998,0.0,0.0,7396.758123785257,0.0,416.43327910304066,0.0,0.0,239.21098695583623,0.0,0.0,0.0,0.0,0.0,0.0,0.0,3705.4148198693993,0.0,0.0,0.0,0.0,0.0,0.0,0.0
8008,0.0,127.04167473614216,0.0,0.0,0.0,0.0,0.0,0.0,0.0,0.0,0.0,0.0,0.0,175.02393064498892,0.0,0.0,7388.648046821356,0.0,411.8448215961456,0.0,0.0,249.29698051437734,0.0,0.0,0.0,0.0,0.0,0.0,0.0,3561.242110052705,0.0,0.0,0.0,0.0,0.0,0.0,0.0
8009,0.0,121.0927845329046,0.0,0.0,0.0,0.0,0.0,0.0,0.0,0.0,0.0,0.0,0.0,165.35460640788068,0.0,0.0,7421.133471161125,0.0,392.4158983588218,0.0,0.0,267.20558059103723,0.0,0.0,0.0,0.0,0.0,0.0,0.0,3560.6367708295584,0.0,0.0,0.0,0.0,0.0,0.0,0.0
8010,0.0,117.41497084647413,0.0,0.0,0.0,0.0,0.0,0.0,0.0,0.0,0.0,0.0,0.0,160.49713467955578,0.0,0.0,7391.230576604603,0.0,385.8811871945858,0.0,0.0,262.7202466227108,0.0,0.0,0.0,0.0,0.0,0.0,0.0,3632.791470488906,0.0,0.0,0.0,0.0,0.0,0.0,0.0
8011,0.0,126.84667215943337,0.0,0.0,0.0,0.0,0.0,0.0,0.0,0.0,0.0,0.0,0.0,167.2172380208968,0.0,0.0,7419.546615511177,0.0,375.82075127363197,0.0,0.0,295.13277254551605,0.0,0.0,0.0,0.0,0.0,0.0,0.0,3940.935171166061,0.0,0.0,0.0,0.0,0.0,0.0,0.0
8012,0.0,140.26091638505457,0.0,0.0,0.0,0.0,0.0,0.0,0.0,0.0,0.0,0.0,0.0,174.92410637736313,0.0,0.0,7438.642556369303,0.0,376.99579524993885,0.0,0.0,312.3870351377874,0.0,0.0,0.0,0.0,0.0,0.0,0.0,4204.836313137411,0.0,0.0,0.0,0.0,0.0,0.0,0.0
8013,0.0,161.45246825516224,0.0,0.0,0.0,0.0,0.0,0.0,0.0,0.0,0.0,0.0,0.0,183.50018339157094,0.0,0.0,7453.10627889633,0.0,377.6401694238186,0.0,0.0,320.23753331154546,0.0,0.0,0.0,0.0,0.0,0.0,0.0,4428.794468304515,0.0,0.0,0.0,0.0,0.0,0.0,0.0
8014,0.0,183.14387817978857,0.0,0.0,0.0,0.0,0.0,0.0,0.0,0.0,0.0,0.0,0.0,190.4520144343375,0.0,0.0,7447.6300711631775,0.0,375.78651546835886,0.0,0.0,330.8094169199458,0.0,0.0,0.0,0.0,0.0,0.0,0.0,4597.864917781947,0.0,0.0,0.0,0.0,0.0,0.0,0.0
8015,0.0,195.0212198585272,0.0,0.0,0.0,0.0,0.0,0.0,0.0,0.0,0.0,0.0,0.0,192.87227655649176,0.0,0.0,7416.5315897762775,0.0,366.30844393372536,0.0,0.0,339.2863609224552,0.0,0.0,0.0,0.0,0.0,0.0,0.0,4688.798151406644,0.0,0.0,0.0,0.0,0.0,0.0,0.0
8016,0.0,216.8426548808813,0.0,0.0,0.0,0.0,0.0,0.0,0.0,0.0,0.0,0.0,0.0,179.6260019958019,0.0,0.0,7401.721714913845,0.0,371.6205070495605,0.0,0.0,846.2834684930738,0.0,0.0,0.0,0.0,0.0,0.0,0.0,5164.7914979666475,0.0,0.0,0.0,0.0,0.0,0.0,0.0
8017,0.0,234.047546634078,0.0,0.0,0.0,0.0,0.0,0.0,0.0,0.0,0.0,0.0,0.0,161.91848160624505,0.0,0.0,7417.500038444996,0.0,371.6321857571602,0.0,0.0,1308.8967396095386,0.0,0.0,0.0,0.0,0.0,0.0,0.0,5624.376318487525,0.0,0.0,0.0,0.0,0.0,0.0,0.0
8018,0.0,250.54378827810282,0.0,0.0,0.0,0.0,0.0,0.0,0.0,0.0,0.0,0.0,0.0,142.50220199823377,0.0,0.0,7465.728782147169,0.0,373.2472858071325,0.0,0.0,1737.3266485065212,0.0,0.0,0.0,0.0,0.0,0.0,0.0,6112.090609037876,0.0,0.0,0.0,0.0,0.0,0.0,0.0
8019,0.0,269.135315144062,0.0,0.0,0.0,0.0,0.0,0.0,0.0,0.0,0.0,0.0,0.0,122.70699144303794,0.0,0.0,7494.607221364975,0.0,381.5057623565196,0.0,0.0,2181.732837201654,0.0,0.0,0.0,0.0,0.0,0.0,0.0,6652.685294628143,0.0,0.0,0.0,0.0,0.0,0.0,0.0
8020,0.0,292.1353226780891,0.0,0.0,0.0,0.0,0.0,0.0,0.0,0.0,0.0,0.0,0.0,106.77752216756342,0.0,0.0,7517.457164853809,0.0,398.4862178683281,0.0,0.0,2665.928194606304,0.0,0.0,0.0,0.0,0.0,0.0,0.0,7325.437031906842,0.0,0.0,0.0,0.0,0.0,0.0,0.0
8021,0.0,319.0985355913639,0.0,0.0,0.0,0.0,0.0,0.0,0.0,0.0,0.0,0.0,0.0,96.94238831996914,0.0,0.0,7553.985181748867,0.0,412.62083318233476,0.0,0.0,3135.14713319242,0.0,0.0,0.0,0.0,0.0,0.0,0.0,8001.647953778504,0.0,0.0,0.0,0.0,0.0,0.0,0.0
8022,0.0,330.87056942582126,0.0,0.0,0.0,0.0,0.0,0.0,0.0,0.0,0.0,0.0,0.0,94.74818232059475,0.0,0.0,7321.423707544804,0.0,420.67262032032005,0.0,0.0,2868.967640063166,0.0,0.0,0.0,0.0,0.0,0.0,0.0,8474.877134853601,0.0,0.0,0.0,0.0,0.0,0.0,0.0
8023,0.0,345.06388408541676,0.0,0.0,0.0,0.0,0.0,0.0,0.0,0.0,0.0,0.0,0.0,103.12819756865493,0.0,0.0,7073.468955665825,0.0,432.5940909028053,0.0,0.0,2603.367021784186,0.0,0.0,0.0,0.0,0.0,0.0,0.0,8940.329478812217,0.0,0.0,0.0,0.0,0.0,0.0,0.0
8024,0.0,360.0179346442222,0.0,0.0,0.0,0.0,0.0,0.0,0.0,0.0,0.0,0.0,0.0,116.70925219058991,0.0,0.0,6825.00936588645,0.0,450.18806390166276,0.0,0.0,2385.7191608458756,0.0,0.0,0.0,0.0,0.0,0.0,0.0,9391.60806160569,0.0,0.0,0.0,0.0,0.0,0.0,0.0
8025,0.0,372.938605338335,0.0,0.0,0.0,0.0,0.0,0.0,0.0,0.0,0.0,0.0,0.0,145.60522803664207,0.0,0.0,6585.071346521378,0.0,493.04826868176445,0.0,0.0,2268.314894239604,0.0,0.0,0.0,0.0,0.0,0.0,0.0,9685.500616055728,0.0,0.0,0.0,0.0,0.0,0.0,0.0
8026,0.0,375.8649485886097,0.0,0.0,0.0,0.0,0.0,0.0,0.0,0.0,0.0,0.0,0.0,166.2172692120075,0.0,0.0,6408.568659633397,0.0,530.1676180005073,0.0,0.0,2221.8395999059076,0.0,0.0,0.0,0.0,0.0,0.0,0.0,9483.465576624869,0.0,0.0,0.0,0.0,0.0,0.0,0.0
8027,0.0,377.9697868466377,0.0,0.0,0.0,0.0,0.0,0.0,0.0,0.0,0.0,0.0,0.0,195.41442157626145,0.0,0.0,6272.205641984938,0.0,565.722465121746,0.0,0.0,2172.3355064079165,0.0,0.0,0.0,0.0,0.0,0.0,0.0,9292.439466291666,0.0,0.0,0.0,0.0,0.0,0.0,0.0
8028,0.0,379.95572417378423,0.0,0.0,0.0,0.0,0.0,0.0,0.0,0.0,0.0,0.0,0.0,228.73185253143308,0.0,0.0,6163.926857858894,0.0,605.5069607257842,0.0,0.0,2110.1768514275545,0.0,0.0,0.0,0.0,0.0,0.0,0.0,9111.363483834264,0.0,0.0,0.0,0.0,0.0,0.0,0.0
8029,0.0,383.51641146540635,0.0,0.0,0.0,0.0,0.0,0.0,0.0,0.0,0.0,0.0,0.0,268.19223084449754,0.0,0.0,6076.064449623227,0.0,647.6405957579613,0.0,0.0,2024.455386315286,0.0,0.0,0.0,0.0,0.0,0.0,0.0,8936.9621437788,0.0,0.0,0.0,0.0,0.0,0.0,0.0
8030,0.0,386.97368468642236,0.0,0.0,0.0,0.0,0.0,0.0,0.0,0.0,0.0,0.0,0.0,310.61537010669707,0.0,0.0,6003.421465024352,0.0,684.5925008654594,0.0,0.0,1924.6052270606158,0.0,0.0,0.0,0.0,0.0,0.0,0.0,8766.268777674435,0.0,0.0,0.0,0.0,0.0,0.0,0.0
8031,0.0,385.87204146981236,0.0,0.0,0.0,0.0,0.0,0.0,0.0,0.0,0.0,0.0,0.0,358.48035545349114,0.0,0.0,5837.130272030829,0.0,728.6311880230903,0.0,0.0,1689.662117555737,0.0,0.0,0.0,0.0,0.0,0.0,0.0,7856.2327436208725,0.0,0.0,0.0,0.0,0.0,0.0,0.0
8032,0.0,389.51086446046827,0.0,0.0,0.0,0.0,0.0,0.0,0.0,0.0,0.0,0.0,0.0,392.1551855325699,0.0,0.0,5688.707151442766,0.0,743.4926694989203,0.0,0.0,1431.4392774090168,0.0,0.0,0.0,0.0,0.0,0.0,0.0,7095.945483195781,0.0,0.0,0.0,0.0,0.0,0.0,0.0
8033,0.0,399.8939906537533,0.0,0.0,0.0,0.0,0.0,0.0,0.0,0.0,0.0,0.0,0.0,406.14259867668153,0.0,0.0,5502.588041529059,0.0,729.167400765419,0.0,0.0,1202.4615004844964,0.0,0.0,0.0,0.0,0.0,0.0,0.0,6481.445893740654,0.0,0.0,0.0,0.0,0.0,0.0,0.0
8034,0.0,414.2837527692318,0.0,0.0,0.0,0.0,0.0,0.0,0.0,0.0,0.0,0.0,0.0,429.46601312160493,0.0,0.0,5217.451861605048,0.0,711.0581714868546,0.0,0.0,980.1271601915352,0.0,0.0,0.0,0.0,0.0,0.0,0.0,6045.106967258453,0.0,0.0,0.0,0.0,0.0,0.0,0.0
8035,0.0,422.7882274210453,0.0,0.0,0.0,0.0,0.0,0.0,0.0,0.0,0.0,0.0,0.0,465.8020913720131,0.0,0.0,5215.133418828247,0.0,675.0632682919502,0.0,0.0,815.896701787412,0.0,0.0,0.0,0.0,0.0,0.0,0.0,5997.4276439309115,0.0,0.0,0.0,0.0,0.0,0.0,0.0
8036,0.0,431.42470511198036,0.0,0.0,0.0,0.0,0.0,0.0,0.0,0.0,0.0,0.0,0.0,500.28255462646484,0.0,0.0,5225.817080065608,0.0,635.6067843079566,0.0,0.0,668.2447104603044,0.0,0.0,0.0,0.0,0.0,0.0,0.0,5954.112982743977,0.0,0.0,0.0,0.0,0.0,0.0,0.0
8037,0.0,439.7301511645317,0.0,0.0,0.0,0.0,0.0,0.0,0.0,0.0,0.0,0.0,0.0,534.445185303688,0.0,0.0,5238.373075395821,0.0,589.3893957138062,0.0,0.0,550.9764582507304,0.0,0.0,0.0,0.0,0.0,0.0,0.0,5923.188971784711,0.0,0.0,0.0,0.0,0.0,0.0,0.0
8038,0.0,446.68871732354165,0.0,0.0,0.0,0.0,0.0,0.0,0.0,0.0,0.0,0.0,0.0,559.5720272541046,0.0,0.0,5250.356947034597,0.0,542.0173564195633,0.0,0.0,485.54384515732437,0.0,0.0,0.0,0.0,0.0,0.0,0.0,5891.85019135773,0.0,0.0,0.0,0.0,0.0,0.0,0.0
8039,0.0,451.02318651080134,0.0,0.0,0.0,0.0,0.0,0.0,0.0,0.0,0.0,0.0,0.0,569.3538191199301,0.0,0.0,5249.486510038374,0.0,498.1524270892142,0.0,0.0,468.95277574472055,0.0,0.0,0.0,0.0,0.0,0.0,0.0,5848.697532543539,0.0,0.0,0.0,0.0,0.0,0.0,0.0
8040,0.0,466.6070641100406,0.0,0.0,0.0,0.0,0.0,0.0,0.0,0.0,0.0,0.0,0.0,564.8999485850334,0.0,0.0,5408.792815625668,0.0,477.38270522356027,0.0,0.0,328.73597318977073,0.0,0.0,0.0,0.0,0.0,0.0,0.0,6477.733580440283,0.0,0.0,0.0,0.0,0.0,0.0,0.0
8041,0.0,479.62003873586656,0.0,0.0,0.0,0.0,0.0,0.0,0.0,0.0,0.0,0.0,0.0,550.0819742202759,0.0,0.0,5575.003887966275,0.0,456.8852988064288,0.0,0.0,138.9682157493187,0.0,0.0,0.0,0.0,0.0,0.0,0.0,7110.036796724797,0.0,0.0,0.0,0.0,0.0,0.0,0.0
8042,0.0,493.9504906654358,0.0,0.0,0.0,0.0,0.0,0.0,0.0,0.0,0.0,0.0,0.0,534.506653559208,0.0,0.0,5748.752524644135,0.0,430.8131769180297,0.0,0.0,81.6487062550143,0.0,0.0,0.0,0.0,0.0,0.0,0.0,7736.780583369732,0.0,0.0,0.0,0.0,0.0,0.0,0.0
8043,0.0,509.0784597873688,0.0,0.0,0.0,0.0,0.0,0.0,0.0,0.0,0.0,0.0,0.0,527.8787974357605,0.0,0.0,5924.457894355059,0.0,394.59889779686915,0.0,0.0,117.02228905772772,0.0,0.0,0.0,0.0,0.0,0.0,0.0,8296.138615202904,0.0,0.0,0.0,0.0,0.0,0.0,0.0
8044,0.0,528.6435266017913,0.0,0.0,0.0,0.0,0.0,0.0,0.0,0.0,0.0,0.0,0.0,524.4078361392021,0.0,0.0,6095.662116900086,0.0,344.5047414660453,0.0,0.0,275.1281732071183,0.0,0.0,0.0,0.0,0.0,0.0,0.0,8837.766065919397,0.0,0.0,0.0,0.0,0.0,0.0,0.0
8045,0.0,548.1666778922081,0.0,0.0,0.0,0.0,0.0,0.0,0.0,0.0,0.0,0.0,0.0,504.1116996526718,0.0,0.0,6261.272673279047,0.0,254.55981138348568,0.0,0.0,615.4523534953588,0.0,0.0,0.0,0.0,0.0,0.0,0.0,9320.781202822924,0.0,0.0,0.0,0.0,0.0,0.0,0.0
8046,0.0,554.2573907017708,0.0,0.0,0.0,0.0,0.0,0.0,0.0,0.0,0.0,0.0,0.0,484.7925094008445,0.0,0.0,6085.390726983545,0.0,165.84289444088918,0.0,0.0,552.9107464615248,0.0,0.0,0.0,0.0,0.0,0.0,0.0,9224.361585271357,0.0,0.0,0.0,0.0,0.0,0.0,0.0
8047,0.0,560.0286028504372,0.0,0.0,0.0,0.0,0.0,0.0,0.0,0.0,0.0,0.0,0.0,459.43575555086136,0.0,0.0,5925.11713953316,0.0,91.93464542776343,0.0,0.0,516.6254054937505,0.0,0.0,0.0,0.0,0.0,0.0,0.0,9050.190953952075,0.0,0.0,0.0,0.0,0.0,0.0,0.0
8048,0.0,566.1299769043923,0.0,0.0,0.0,0.0,0.0,0.0,0.0,0.0,0.0,0.0,0.0,423.3894434094429,0.0,0.0,5785.165805652736,0.0,37.455001007020336,0.0,0.0,634.3489312682294,0.0,0.0,0.0,0.0,0.0,0.0,0.0,8831.446526932714,0.0,0.0,0.0,0.0,0.0,0.0,0.0
8049,0.0,568.5516505122184,0.0,0.0,0.0,0.0,0.0,0.0,0.0,0.0,0.0,0.0,0.0,367.7731586039065,0.0,0.0,5660.988128080962,0.0,16.568164157494802,0.0,0.0,876.9013158626847,0.0,0.0,0.0,0.0,0.0,0.0,0.0,8558.192640835046,0.0,0.0,0.0,0.0,0.0,0.0,0.0
8050,0.0,578.7082252621651,0.0,0.0,0.0,0.0,0.0,0.0,0.0,0.0,0.0,0.0,0.0,283.29313403964045,0.0,0.0,5704.091872543096,0.0,14.159956849738766,0.0,0.0,819.1904906027013,0.0,0.0,0.0,0.0,0.0,0.0,0.0,8278.538214564322,0.0,0.0,0.0,0.0,0.0,0.0,0.0
8051,0.0,583.572670519352,0.0,0.0,0.0,0.0,0.0,0.0,0.0,0.0,0.0,0.0,0.0,202.06337238550174,0.0,0.0,5753.0152545273295,0.0,14.558837327733528,0.0,0.0,825.9797056026755,0.0,0.0,0.0,0.0,0.0,0.0,0.0,7935.210346782207,0.0,0.0,0.0,0.0,0.0,0.0,0.0
8052,0.0,589.507953608036,0.0,0.0,0.0,0.0,0.0,0.0,0.0,0.0,0.0,0.0,0.0,127.52524409294115,0.0,0.0,5808.09742553532,0.0,19.024468325450876,0.0,0.0,884.0352974608536,0.0,0.0,0.0,0.0,0.0,0.0,0.0,7635.755469793081,0.0,0.0,0.0,0.0,0.0,0.0,0.0
8053,0.0,597.9223688006401,0.0,0.0,0.0,0.0,0.0,0.0,0.0,0.0,0.0,0.0,0.0,61.57274258732796,0.0,0.0,5849.37939748168,0.0,28.527483089640672,0.0,0.0,944.3085976235566,0.0,0.0,0.0,0.0,0.0,0.0,0.0,7383.451238745451,0.0,0.0,0.0,0.0,0.0,0.0,0.0
8054,0.0,604.7868635058403,0.0,0.0,0.0,0.0,0.0,0.0,0.0,0.0,0.0,0.0,0.0,23.037767516076457,0.0,0.0,5876.975906252859,0.0,38.17900677472334,0.0,0.0,996.6870832912617,0.0,0.0,0.0,0.0,0.0,0.0,0.0,7163.1403066396715,0.0,0.0,0.0,0.0,0.0,0.0,0.0
8055,0.0,594.7403240203857,0.0,0.0,0.0,0.0,0.0,0.0,0.0,0.0,0.0,0.0,0.0,22.612869881093374,0.0,0.0,5569.122020810841,0.0,54.59910663217296,0.0,0.0,1061.5108484119178,0.0,0.0,0.0,0.0,0.0,0.0,0.0,6066.498151096702,0.0,0.0,0.0,0.0,0.0,0.0,0.0
8056,0.0,581.8071684479713,0.0,0.0,0.0,0.0,0.0,0.0,0.0,0.0,0.0,0.0,0.0,22.60729217492038,0.0,0.0,5280.300679787992,0.0,61.798214729130244,0.0,0.0,1094.0361519925293,0.0,0.0,0.0,0.0,0.0,0.0,0.0,5077.959311014413,0.0,0.0,0.0,0.0,0.0,0.0,0.0
8057,0.0,573.5118786334991,0.0,0.0,0.0,0.0,0.0,0.0,0.0,0.0,0.0,0.0,0.0,22.607224922999652,0.0,0.0,5156.623561829328,0.0,60.51718055307865,0.0,0.0,994.7697117291383,0.0,0.0,0.0,0.0,0.0,0.0,0.0,4369.554033684729,0.0,0.0,0.0,0.0,0.0,0.0,0.0
8058,0.0,565.0604857563973,0.0,0.0,0.0,0.0,0.0,0.0,0.0,0.0,0.0,0.0,0.0,22.662319657951496,0.0,0.0,5021.578256666659,0.0,59.57156093418584,0.0,0.0,913.0350503548975,0.0,0.0,0.0,0.0,0.0,0.0,0.0,3925.625223717093,0.0,0.0,0.0,0.0,0.0,0.0,0.0
8059,0.0,568.0833413243294,0.0,0.0,0.0,0.0,0.0,0.0,0.0,0.0,0.0,0.0,0.0,22.768474012613176,0.0,0.0,5185.4036004394275,0.0,52.763319024443454,0.0,0.0,790.0556315883988,0.0,0.0,0.0,0.0,0.0,0.0,0.0,3958.6881722539665,0.0,0.0,0.0,0.0,0.0,0.0,0.0
8060,0.0,572.0758651256562,0.0,0.0,0.0,0.0,0.0,0.0,0.0,0.0,0.0,0.0,0.0,22.871460521593555,0.0,0.0,5314.292450189589,0.0,46.95677824318391,0.0,0.0,681.7705361165099,0.0,0.0,0.0,0.0,0.0,0.0,0.0,3998.532077249884,0.0,0.0,0.0,0.0,0.0,0.0,0.0
8061,0.0,575.520793747902,0.0,0.0,0.0,0.0,0.0,0.0,0.0,0.0,0.0,0.0,0.0,22.954579692333855,0.0,0.0,5422.799539282917,0.0,48.14226339906448,0.0,0.0,599.193296965956,0.0,0.0,0.0,0.0,0.0,0.0,0.0,4033.2830326527337,0.0,0.0,0.0,0.0,0.0,0.0,0.0
8062,0.0,574.3600086808204,0.0,0.0,0.0,0.0,0.0,0.0,0.0,0.0,0.0,0.0,0.0,23.257490749657048,0.0,0.0,5556.811054661868,0.0,56.36320653855781,0.0,0.0,553.659544695541,0.0,0.0,0.0,0.0,0.0,0.0,0.0,3993.3385993987304,0.0,0.0,0.0,0.0,0.0,0.0,0.0
8063,0.0,556.1539699673652,0.0,0.0,0.0,0.0,0.0,0.0,0.0,0.0,0.0,0.0,0.0,23.78315978348255,0.0,0.0,5769.019549414514,0.0,73.54369696974749,0.0,0.0,565.2480923976743,0.0,0.0,0.0,0.0,0.0,0.0,0.0,3788.324235081672,0.0,0.0,0.0,0.0,0.0,0.0,0.0
8064,0.0,551.4907416701317,0.0,0.0,0.0,0.0,0.0,0.0,0.0,0.0,0.0,0.0,0.0,32.972921782732,0.0,0.0,6167.6151304394,0.0,117.51772143542763,0.0,0.0,842.6929760411375,0.0,0.0,0.0,0.0,0.0,0.0,0.0,3995.715116348861,0.0,0.0,0.0,0.0,0.0,0.0,0.0
8065,0.0,540.0146976470947,0.0,0.0,0.0,0.0,0.0,0.0,0.0,0.0,0.0,0.0,0.0,50.89667951464653,0.0,0.0,6635.095415145159,0.0,165.84030081927773,0.0,0.0,1107.4462480925024,0.0,0.0,0.0,0.0,0.0,0.0,0.0,4109.860252442955,0.0,0.0,0.0,0.0,0.0,0.0,0.0
8066,0.0,527.2993120193481,0.0,0.0,0.0,0.0,0.0,0.0,0.0,0.0,0.0,0.0,0.0,71.96340532153842,0.0,0.0,7074.194708764551,0.0,211.21907521188254,0.0,0.0,1373.3398612126698,0.0,0.0,0.0,0.0,0.0,0.0,0.0,4205.045325127242,0.0,0.0,0.0,0.0,0.0,0.0,0.0
8067,0.0,514.0916574597359,0.0,0.0,0.0,0.0,0.0,0.0,0.0,0.0,0.0,0.0,0.0,90.70351170152415,0.0,0.0,7448.692642152309,0.0,248.69899721741672,0.0,0.0,1647.580761873722,0.0,0.0,0.0,0.0,0.0,0.0,0.0,4290.885609158872,0.0,0.0,0.0,0.0,0.0,0.0,0.0
8068,0.0,504.3140618920326,0.0,0.0,0.0,0.0,0.0,0.0,0.0,0.0,0.0,0.0,0.0,107.29046377539629,0.0,0.0,7745.932485759258,0.0,274.0639941096306,0.0,0.0,1987.8394327238198,0.0,0.0,0.0,0.0,0.0,0.0,0.0,4366.392817741632,0.0,0.0,0.0,0.0,0.0,0.0,0.0
8069,0.0,494.0921168804169,0.0,0.0,0.0,0.0,0.0,0.0,0.0,0.0,0.0,0.0,0.0,116.7410959750413,0.0,0.0,7933.396922558544,0.0,284.0714905083178,0.0,0.0,2396.0680625885725,0.0,0.0,0.0,0.0,0.0,0.0,0.0,4434.867387607693,0.0,0.0,0.0,0.0,0.0,0.0,0.0
8070,0.0,457.1945881068706,0.0,0.0,0.0,0.0,0.0,0.0,0.0,0.0,0.0,0.0,0.0,122.44709639549245,0.0,0.0,8013.026739239693,0.0,282.29294783473017,0.0,0.0,2143.475779464841,0.0,0.0,0.0,0.0,0.0,0.0,0.0,4157.72255166471,0.0,0.0,0.0,0.0,0.0,0.0,0.0
8071,0.0,423.070105111599,0.0,0.0,0.0,0.0,0.0,0.0,0.0,0.0,0.0,0.0,0.0,130.15703592300414,0.0,0.0,8088.46461224556,0.0,282.7592958211899,0.0,0.0,1885.9771383985872,0.0,0.0,0.0,0.0,0.0,0.0,0.0,3912.1594997078178,0.0,0.0,0.0,0.0,0.0,0.0,0.0
8072,0.0,391.6937542498111,0.0,0.0,0.0,0.0,0.0,0.0,0.0,0.0,0.0,0.0,0.0,138.41593046188342,0.0,0.0,8152.54402142763,0.0,285.73292005062103,0.0,0.0,1620.6069195762277,0.0,0.0,0.0,0.0,0.0,0.0,0.0,3686.5614321291428,0.0,0.0,0.0,0.0,0.0,0.0,0.0
8073,0.0,363.972891587019,0.0,0.0,0.0,0.0,0.0,0.0,0.0,0.0,0.0,0.0,0.0,149.10351603031157,0.0,0.0,8206.973948091267,0.0,287.2224888145923,0.0,0.0,1365.637071494758,0.0,0.0,0.0,0.0,0.0,0.0,0.0,3486.10121487081,0.0,0.0,0.0,0.0,0.0,0.0,0.0
8074,0.0,338.8131123304367,0.0,0.0,0.0,0.0,0.0,0.0,0.0,0.0,0.0,0.0,0.0,144.9002934038638,0.0,0.0,8127.049318522213,0.0,281.4196828484534,0.0,0.0,1250.1476030007,0.0,0.0,0.0,0.0,0.0,0.0,0.0,3323.8392043977974,0.0,0.0,0.0,0.0,0.0,0.0,0.0
8075,0.0,314.8198415458202,0.0,0.0,0.0,0.0,0.0,0.0,0.0,0.0,0.0,0.0,0.0,145.66929669976233,0.0,0.0,8069.80272307992,0.0,279.2487770974635,0.0,0.0,1149.0421300180249,0.0,0.0,0.0,0.0,0.0,0.0,0.0,3169.606798136233,0.0,0.0,0.0,0.0,0.0,0.0,0.0
8076,0.0,293.2144089460373,0.0,0.0,0.0,0.0,0.0,0.0,0.0,0.0,0.0,0.0,0.0,151.18677877783765,0.0,0.0,8003.324361532927,0.0,284.6440139532089,0.0,0.0,1055.112116590887,0.0,0.0,0.0,0.0,0.0,0.0,0.0,3036.865742358564,0.0,0.0,0.0,0.0,0.0,0.0,0.0
8077,0.0,274.4551358163356,0.0,0.0,0.0,0.0,0.0,0.0,0.0,0.0,0.0,0.0,0.0,160.75856531262394,0.0,0.0,7908.193143188953,0.0,287.29955642819397,0.0,0.0,967.2663442678742,0.0,0.0,0.0,0.0,0.0,0.0,0.0,2942.042101307212,0.0,0.0,0.0,0.0,0.0,0.0,0.0
8078,0.0,259.45743026733396,0.0,0.0,0.0,0.0,0.0,0.0,0.0,0.0,0.0,0.0,0.0,171.4481236040592,0.0,0.0,7788.2898635566235,0.0,287.95323799848546,0.0,0.0,888.162429908663,0.0,0.0,0.0,0.0,0.0,0.0,0.0,2874.5476819574815,0.0,0.0,0.0,0.0,0.0,0.0,0.0
8079,0.0,218.91536912620063,0.0,0.0,0.0,0.0,0.0,0.0,0.0,0.0,0.0,0.0,0.0,190.58779606223106,0.0,0.0,7700.716434180735,0.0,297.0029914498329,0.0,0.0,806.5490991286931,0.0,0.0,0.0,0.0,0.0,0.0,0.0,2334.7941069006906,0.0,0.0,0.0,0.0,0.0,0.0,0.0
8080,0.0,186.97921876609323,0.0,0.0,0.0,0.0,0.0,0.0,0.0,0.0,0.0,0.0,0.0,201.31310995817185,0.0,0.0,7585.914428740738,0.0,284.36431779861437,0.0,0.0,742.4184246204792,0.0,0.0,0.0,0.0,0.0,0.0,0.0,2014.3827042251824,0.0,0.0,0.0,0.0,0.0,0.0,0.0
8081,0.0,167.3786612302065,0.0,0.0,0.0,0.0,0.0,0.0,0.0,0.0,0.0,0.0,0.0,205.07563074827183,0.0,0.0,7412.170848220587,0.0,252.55323749780644,0.0,0.0,675.3968575872481,0.0,0.0,0.0,0.0,0.0,0.0,0.0,1884.1101957634085,0.0,0.0,0.0,0.0,0.0,0.0,0.0
8082,0.0,156.6382711261511,0.0,0.0,0.0,0.0,0.0,0.0,0.0,0.0,0.0,0.0,0.0,207.68067873120305,0.0,0.0,7142.063124746084,0.0,214.5957185983656,0.0,0.0,629.9634698633105,0.0,0.0,0.0,0.0,0.0,0.0,0.0,1855.1226194158194,0.0,0.0,0.0,0.0,0.0,0.0,0.0
8083,0.0,170.11475737988948,0.0,0.0,0.0,0.0,0.0,0.0,0.0,0.0,0.0,0.0,0.0,220.31202414631844,0.0,0.0,7072.994454711674,0.0,163.08239180445662,0.0,0.0,623.0352128785096,0.0,0.0,0.0,0.0,0.0,0.0,0.0,2002.996070934831,0.0,0.0,0.0,0.0,0.0,0.0,0.0
8084,0.0,190.16580860316748,0.0,0.0,0.0,0.0,0.0,0.0,0.0,0.0,0.0,0.0,0.0,231.15000742673865,0.0,0.0,7021.798913240433,0.0,111.38619245588767,0.0,0.0,621.5905235130331,0.0,0.0,0.0,0.0,0.0,0.0,0.0,2134.294654692708,0.0,0.0,0.0,0.0,0.0,0.0,0.0
8085,0.0,212.729995688796,0.0,0.0,0.0,0.0,0.0,0.0,0.0,0.0,0.0,0.0,0.0,237.22520968317977,0.0,0.0,6976.033685147762,0.0,57.05935681015252,0.0,0.0,623.4304266639052,0.0,0.0,0.0,0.0,0.0,0.0,0.0,2207.4193797200905,0.0,0.0,0.0,0.0,0.0,0.0,0.0
8086,0.0,230.75846857130523,0.0,0.0,0.0,0.0,0.0,0.0,0.0,0.0,0.0,0.0,0.0,240.07915702462196,0.0,0.0,6930.18055769801,0.0,15.596636111289214,0.0,0.0,612.6653072431682,0.0,0.0,0.0,0.0,0.0,0.0,0.0,2234.400187836587,0.0,0.0,0.0,0.0,0.0,0.0,0.0
8087,0.0,245.2922837376594,0.0,0.0,0.0,0.0,0.0,0.0,0.0,0.0,0.0,0.0,0.0,240.45408648252487,0.0,0.0,6981.70358261466,0.0,13.800902357883686,0.0,0.0,575.4149604041123,0.0,0.0,0.0,0.0,0.0,0.0,0.0,2200.774570344388,0.0,0.0,0.0,0.0,0.0,0.0,0.0
8088,0.0,263.7463927745819,0.0,0.0,0.0,0.0,0.0,0.0,0.0,0.0,0.0,0.0,0.0,237.66934136748304,0.0,0.0,7305.412800759075,0.0,14.396346007473682,0.0,0.0,771.3896424964063,0.0,0.0,0.0,0.0,0.0,0.0,0.0,2523.134521648288,0.0,0.0,0.0,0.0,0.0,0.0,0.0
8089,0.0,261.6218873262405,0.0,0.0,0.0,0.0,0.0,0.0,0.0,0.0,0.0,0.0,0.0,233.67303048372267,0.0,0.0,7688.92236292362,0.0,14.859372305683667,0.0,0.0,359.8722193367778,0.0,0.0,0.0,0.0,0.0,0.0,0.0,2750.05193221122,0.0,0.0,0.0,0.0,0.0,0.0,0.0
8090,0.0,249.82129257917404,0.0,0.0,0.0,0.0,0.0,0.0,0.0,0.0,0.0,0.0,0.0,227.7268622457981,0.0,0.0,8039.496113777161,0.0,15.85765077993264,0.0,0.0,32.935267396922406,0.0,0.0,0.0,0.0,0.0,0.0,0.0,2937.9759502351276,0.0,0.0,0.0,0.0,0.0,0.0,0.0
8091,0.0,236.4520079433918,0.0,0.0,0.0,0.0,0.0,0.0,0.0,0.0,0.0,0.0,0.0,219.86264681220052,0.0,0.0,8324.267472475765,0.0,17.06127276122555,0.0,0.0,0.0,0.0,0.0,0.0,0.0,0.0,0.0,0.0,3107.059417760372,0.0,0.0,0.0,0.0,0.0,0.0,0.0
8092,0.0,220.65926814973352,0.0,0.0,0.0,0.0,0.0,0.0,0.0,0.0,0.0,0.0,0.0,207.4284840285777,0.0,0.0,8555.801379859446,0.0,17.649357935786217,0.0,0.0,10.848084796684827,0.0,0.0,0.0,0.0,0.0,0.0,0.0,3256.363408088684,0.0,0.0,0.0,0.0,0.0,0.0,0.0
8093,0.0,201.1463993489742,0.0,0.0,0.0,0.0,0.0,0.0,0.0,0.0,0.0,0.0,0.0,189.7464072823524,0.0,0.0,8716.725655913353,0.0,14.542513258568885,0.0,0.0,147.23073082258833,0.0,0.0,0.0,0.0,0.0,0.0,0.0,3397.8670564919707,0.0,0.0,0.0,0.0,0.0,0.0,0.0
8094,0.0,190.3427291482686,0.0,0.0,0.0,0.0,0.0,0.0,0.0,0.0,0.0,0.0,0.0,163.41288653612128,0.0,0.0,8679.968945115803,0.0,14.810875286720536,0.0,0.0,159.71038286201585,0.0,0.0,0.0,0.0,0.0,0.0,0.0,3303.446070891617,0.0,0.0,0.0,0.0,0.0,0.0,0.0
8095,0.0,180.2153886526823,0.0,0.0,0.0,0.0,0.0,0.0,0.0,0.0,0.0,0.0,0.0,135.68922375440596,0.0,0.0,8649.16294300556,0.0,16.782456585392215,0.0,0.0,220.1201894044876,0.0,0.0,0.0,0.0,0.0,0.0,0.0,3223.014424112439,0.0,0.0,0.0,0.0,0.0,0.0,0.0
8096,0.0,170.77658218145365,0.0,0.0,0.0,0.0,0.0,0.0,0.0,0.0,0.0,0.0,0.0,116.43948231935497,0.0,0.0,8623.342312395573,0.0,19.209625119715895,0.0,0.0,253.58438590876705,0.0,0.0,0.0,0.0,0.0,0.0,0.0,3167.5864694386714,0.0,0.0,0.0,0.0,0.0,0.0,0.0
8097,0.0,161.1512319892645,0.0,0.0,0.0,0.0,0.0,0.0,0.0,0.0,0.0,0.0,0.0,98.18163946270938,0.0,0.0,8601.701957404613,0.0,18.193251503258796,0.0,0.0,267.6274749968199,0.0,0.0,0.0,0.0,0.0,0.0,0.0,3114.126048046349,0.0,0.0,0.0,0.0,0.0,0.0,0.0
8098,0.0,142.06698729693886,0.0,0.0,0.0,0.0,0.0,0.0,0.0,0.0,0.0,0.0,0.0,71.83955530524253,0.0,0.0,8438.346058428288,0.0,14.424094053544037,0.0,0.0,293.35731917694204,0.0,0.0,0.0,0.0,0.0,0.0,0.0,3112.394647687673,0.0,0.0,0.0,0.0,0.0,0.0,0.0
8099,0.0,127.3228370010852,0.0,0.0,0.0,0.0,0.0,0.0,0.0,0.0,0.0,0.0,0.0,54.49698867201803,0.0,0.0,8284.797549664974,0.0,14.596952449902709,0.0,0.0,308.6952320180829,0.0,0.0,0.0,0.0,0.0,0.0,0.0,3105.8838157206774,0.0,0.0,0.0,0.0,0.0,0.0,0.0
8100,0.0,117.30066407024854,0.0,0.0,0.0,0.0,0.0,0.0,0.0,0.0,0.0,0.0,0.0,43.084724427759554,0.0,0.0,8128.786303162575,0.0,15.267733396962253,0.0,0.0,319.56590072996875,0.0,0.0,0.0,0.0,0.0,0.0,0.0,3110.252455598114,0.0,0.0,0.0,0.0,0.0,0.0,0.0
8101,0.0,111.71694252938026,0.0,0.0,0.0,0.0,0.0,0.0,0.0,0.0,0.0,0.0,0.0,34.00838559493411,0.0,0.0,7976.907882183788,0.0,16.67893217876537,0.0,0.0,334.10498444326174,0.0,0.0,0.0,0.0,0.0,0.0,0.0,3123.5073595553617,0.0,0.0,0.0,0.0,0.0,0.0,0.0
8102,0.0,109.23839959949255,0.0,0.0,0.0,0.0,0.0,0.0,0.0,0.0,0.0,0.0,0.0,28.21198458224531,0.0,0.0,7826.187710255384,0.0,18.318519721925217,0.0,0.0,352.94903356209306,0.0,0.0,0.0,0.0,0.0,0.0,0.0,3141.5601373553272,0.0,0.0,0.0,0.0,0.0,0.0,0.0
8103,0.0,86.51254035383457,0.0,0.0,0.0,0.0,0.0,0.0,0.0,0.0,0.0,0.0,0.0,34.44048198759549,0.0,0.0,7721.007183998823,0.0,22.23983476236449,0.0,0.0,396.311172557249,0.0,0.0,0.0,0.0,0.0,0.0,0.0,2619.7624279648066,0.0,0.0,0.0,0.0,0.0,0.0,0.0
8104,0.0,68.13951288610693,0.0,0.0,0.0,0.0,0.0,0.0,0.0,0.0,0.0,0.0,0.0,48.67251278460024,0.0,0.0,7605.2211724817735,0.0,28.452301409467882,0.0,0.0,423.6898412324484,0.0,0.0,0.0,0.0,0.0,0.0,0.0,2227.559565325081,0.0,0.0,0.0,0.0,0.0,0.0,0.0
8105,0.0,54.6747259452939,0.0,0.0,0.0,0.0,0.0,0.0,0.0,0.0,0.0,0.0,0.0,69.28109048604955,0.0,0.0,7493.7305614054185,0.0,34.50014348253602,0.0,0.0,447.31161364316927,0.0,0.0,0.0,0.0,0.0,0.0,0.0,1949.8169840201733,0.0,0.0,0.0,0.0,0.0,0.0,0.0
8106,0.0,49.9719528481364,0.0,0.0,0.0,0.0,0.0,0.0,0.0,0.0,0.0,0.0,0.0,88.5075571522116,0.0,0.0,7328.26352211833,0.0,48.36571501642456,0.0,0.0,431.5471136346458,0.0,0.0,0.0,0.0,0.0,0.0,0.0,1794.0603813275695,0.0,0.0,0.0,0.0,0.0,0.0,0.0
8107,0.0,44.95846760272977,0.0,0.0,0.0,0.0,0.0,0.0,0.0,0.0,0.0,0.0,0.0,112.24428508877742,0.0,0.0,7228.985476583242,0.0,59.33687523007376,0.0,0.0,457.9094209749252,0.0,0.0,0.0,0.0,0.0,0.0,0.0,1961.9883163034906,0.0,0.0,0.0,0.0,0.0,0.0,0.0
8108,0.0,42.111466455459535,0.0,0.0,0.0,0.0,0.0,0.0,0.0,0.0,0.0,0.0,0.0,133.64779170155515,0.0,0.0,7088.178485244511,0.0,83.68841077238321,0.0,0.0,471.28371584527156,0.0,0.0,0.0,0.0,0.0,0.0,0.0,2123.747685486078,0.0,0.0,0.0,0.0,0.0,0.0,0.0
8109,0.0,40.04749162495129,0.0,0.0,0.0,0.0,0.0,0.0,0.0,0.0,0.0,0.0,0.0,158.51414454579353,0.0,0.0,6931.3668100833875,0.0,109.99596680998798,0.0,0.0,481.48805025480664,0.0,0.0,0.0,0.0,0.0,0.0,0.0,2291.359932802617,0.0,0.0,0.0,0.0,0.0,0.0,0.0
8110,0.0,38.67138799801469,0.0,0.0,0.0,0.0,0.0,0.0,0.0,0.0,0.0,0.0,0.0,180.2594926714896,0.0,0.0,6771.8481458723545,0.0,120.11864223927246,0.0,0.0,495.9966310176992,0.0,0.0,0.0,0.0,0.0,0.0,0.0,2470.869590979814,0.0,0.0,0.0,0.0,0.0,0.0,0.0
8111,0.0,37.57103184610597,0.0,0.0,0.0,0.0,0.0,0.0,0.0,0.0,0.0,0.0,0.0,192.68580939769743,0.0,0.0,6631.043488144875,0.0,96.81400353461491,0.0,0.0,542.419585921615,0.0,0.0,0.0,0.0,0.0,0.0,0.0,2659.3065562486645,0.0,0.0,0.0,0.0,0.0,0.0,0.0
8112,0.0,38.725448222458276,0.0,0.0,0.0,0.0,0.0,0.0,0.0,0.0,0.0,0.0,0.0,196.44373463988293,0.0,0.0,6797.407412022352,0.0,64.74136019945138,0.0,0.0,1003.6252556271843,0.0,0.0,0.0,0.0,0.0,0.0,0.0,3097.120138257742,0.0,0.0,0.0,0.0,0.0,0.0,0.0
8113,0.0,32.8000267848372,0.0,0.0,0.0,0.0,0.0,0.0,0.0,0.0,0.0,0.0,0.0,187.15402507781982,0.0,0.0,6968.946507781744,0.0,22.575556848943165,0.0,0.0,1040.1503815747794,0.0,0.0,0.0,0.0,0.0,0.0,0.0,3493.7659521311516,0.0,0.0,0.0,0.0,0.0,0.0,0.0
8114,0.0,26.41755183823406,0.0,0.0,0.0,0.0,0.0,0.0,0.0,0.0,0.0,0.0,0.0,168.71919758319842,0.0,0.0,7142.657417744398,0.0,13.919559620320664,0.0,0.0,950.3805769957597,0.0,0.0,0.0,0.0,0.0,0.0,0.0,3836.460998144745,0.0,0.0,0.0,0.0,0.0,0.0,0.0
8115,0.0,21.571181598678216,0.0,0.0,0.0,0.0,0.0,0.0,0.0,0.0,0.0,0.0,0.0,145.65876056551932,0.0,0.0,7305.090762406586,0.0,13.806566642224748,0.0,0.0,1058.2515741012983,0.0,0.0,0.0,0.0,0.0,0.0,0.0,4089.7090376585707,0.0,0.0,0.0,0.0,0.0,0.0,0.0
8116,0.0,18.214266107976403,0.0,0.0,0.0,0.0,0.0,0.0,0.0,0.0,0.0,0.0,0.0,118.70589446425434,0.0,0.0,7448.453058063984,0.0,13.805121624469717,0.0,0.0,1135.300437328219,0.0,0.0,0.0,0.0,0.0,0.0,0.0,4360.4858785480255,0.0,0.0,0.0,0.0,0.0,0.0,0.0
8117,0.0,19.030454505979947,0.0,0.0,0.0,0.0,0.0,0.0,0.0,0.0,0.0,0.0,0.0,88.17424542456864,0.0,0.0,7551.796254396437,0.0,13.805109582654962,0.0,0.0,921.5660368055103,0.0,0.0,0.0,0.0,0.0,0.0,0.0,4559.397671341895,0.0,0.0,0.0,0.0,0.0,0.0,0.0
8118,0.0,31.884843121468997,0.0,0.0,0.0,0.0,0.0,0.0,0.0,0.0,0.0,0.0,0.0,57.43524750471113,0.0,0.0,7368.252284497021,0.0,13.688053881563233,0.0,0.0,595.4379901852451,0.0,0.0,0.0,0.0,0.0,0.0,0.0,4487.7423584610215,0.0,0.0,0.0,0.0,0.0,0.0,0.0
8119,0.0,46.71281043738125,0.0,0.0,0.0,0.0,0.0,0.0,0.0,0.0,0.0,0.0,0.0,32.66043012887229,0.0,0.0,7237.638507097958,0.0,13.775682166591276,0.0,0.0,462.83644220642685,0.0,0.0,0.0,0.0,0.0,0.0,0.0,4385.001032248138,0.0,0.0,0.0,0.0,0.0,0.0,0.0
8120,0.0,61.55016245394937,0.0,0.0,0.0,0.0,0.0,0.0,0.0,0.0,0.0,0.0,0.0,23.32710209190836,0.0,0.0,7168.305361121893,0.0,13.806728743575317,0.0,0.0,386.2634022988376,0.0,0.0,0.0,0.0,0.0,0.0,0.0,4282.272000858186,0.0,0.0,0.0,0.0,0.0,0.0,0.0
8121,0.0,76.14008241891854,0.0,0.0,0.0,0.0,0.0,0.0,0.0,0.0,0.0,0.0,0.0,23.165027765184494,0.0,0.0,7148.0643950104695,0.0,14.075867005623856,0.0,0.0,348.403677659109,0.0,0.0,0.0,0.0,0.0,0.0,0.0,4165.249876198172,0.0,0.0,0.0,0.0,0.0,0.0,0.0
8122,0.0,93.11302196681497,0.0,0.0,0.0,0.0,0.0,0.0,0.0,0.0,0.0,0.0,0.0,22.72621178477991,0.0,0.0,7181.532269686459,0.0,13.729458271711916,0.0,0.0,309.6837016973637,0.0,0.0,0.0,0.0,0.0,0.0,0.0,4068.443333336709,0.0,0.0,0.0,0.0,0.0,0.0,0.0
8123,0.0,112.84702742099758,0.0,0.0,0.0,0.0,0.0,0.0,0.0,0.0,0.0,0.0,0.0,22.736669458448873,0.0,0.0,7181.699511826038,0.0,13.8656076593324,0.0,0.0,285.95123309567566,0.0,0.0,0.0,0.0,0.0,0.0,0.0,3978.8198599666357,0.0,0.0,0.0,0.0,0.0,0.0,0.0
8124,0.0,135.68701809346672,0.0,0.0,0.0,0.0,0.0,0.0,0.0,0.0,0.0,0.0,0.0,22.911146160215026,0.0,0.0,7173.258839935064,0.0,13.850475729815525,0.0,0.0,251.93730227686368,0.0,0.0,0.0,0.0,0.0,0.0,0.0,3883.8311428368092,0.0,0.0,0.0,0.0,0.0,0.0,0.0
8125,0.0,163.09960245788096,0.0,0.0,0.0,0.0,0.0,0.0,0.0,0.0,0.0,0.0,0.0,22.97567998245349,0.0,0.0,7169.144683301449,0.0,14.221263580582919,0.0,0.0,235.01720972433625,0.0,0.0,0.0,0.0,0.0,0.0,0.0,3771.592427521942,0.0,0.0,0.0,0.0,0.0,0.0,0.0
8126,0.0,194.00063015520573,0.0,0.0,0.0,0.0,0.0,0.0,0.0,0.0,0.0,0.0,0.0,22.969946756213847,0.0,0.0,7180.156216919422,0.0,14.596786643378307,0.0,0.0,231.3221897922453,0.0,0.0,0.0,0.0,0.0,0.0,0.0,3637.7122925609333,0.0,0.0,0.0,0.0,0.0,0.0,0.0
8127,0.0,191.6171967476606,0.0,0.0,0.0,0.0,0.0,0.0,0.0,0.0,0.0,0.0,0.0,23.37600684799251,0.0,0.0,7034.775347530842,0.0,15.497023441828713,0.0,0.0,285.35317090563467,0.0,0.0,0.0,0.0,0.0,0.0,0.0,3092.3504701852785,0.0,0.0,0.0,0.0,0.0,0.0,0.0
8128,0.0,197.42283349335193,0.0,0.0,0.0,0.0,0.0,0.0,0.0,0.0,0.0,0.0,0.0,24.29074085280292,0.0,0.0,6913.132749646902,0.0,15.3875827990472,0.0,0.0,327.31043331921006,0.0,0.0,0.0,0.0,0.0,0.0,0.0,2609.458643123507,0.0,0.0,0.0,0.0,0.0,0.0,0.0
8129,0.0,204.70752150714398,0.0,0.0,0.0,0.0,0.0,0.0,0.0,0.0,0.0,0.0,0.0,23.905028670281162,0.0,0.0,6897.2455242574215,0.0,14.082001847028632,0.0,0.0,385.7430734340094,0.0,0.0,0.0,0.0,0.0,0.0,0.0,2153.2538140714164,0.0,0.0,0.0,0.0,0.0,0.0,0.0
8130,0.0,212.944174477458,0.0,0.0,0.0,0.0,0.0,0.0,0.0,0.0,0.0,0.0,0.0,24.393515798449375,0.0,0.0,6943.964421480894,0.0,14.60830232333377,0.0,0.0,427.38429349176585,0.0,0.0,0.0,0.0,0.0,0.0,0.0,1804.456196534633,0.0,0.0,0.0,0.0,0.0,0.0,0.0
8131,0.0,240.38115345239635,0.0,0.0,0.0,0.0,0.0,0.0,0.0,0.0,0.0,0.0,0.0,31.442769654840227,0.0,0.0,7230.363862961531,0.0,14.196987282298313,0.0,0.0,476.52129192911013,0.0,0.0,0.0,0.0,0.0,0.0,0.0,1710.2545288786282,0.0,0.0,0.0,0.0,0.0,0.0,0.0
8132,0.0,270.06337646842,0.0,0.0,0.0,0.0,0.0,0.0,0.0,0.0,0.0,0.0,0.0,46.69704926162947,0.0,0.0,7465.629214733839,0.0,14.217611205577843,0.0,0.0,502.37530506737505,0.0,0.0,0.0,0.0,0.0,0.0,0.0,1627.2069777145962,0.0,0.0,0.0,0.0,0.0,0.0,0.0
8133,0.0,298.4153286874294,0.0,0.0,0.0,0.0,0.0,0.0,0.0,0.0,0.0,0.0,0.0,65.02102877795691,0.0,0.0,7648.617785155773,0.0,14.15060869641585,0.0,0.0,464.42021140158084,0.0,0.0,0.0,0.0,0.0,0.0,0.0,1565.015062366426,0.0,0.0,0.0,0.0,0.0,0.0,0.0
8134,0.0,318.1336368620395,0.0,0.0,0.0,0.0,0.0,0.0,0.0,0.0,0.0,0.0,0.0,81.48789133876554,0.0,0.0,7797.678759485483,0.0,14.137004224769578,0.0,0.0,467.10973147116516,0.0,0.0,0.0,0.0,0.0,0.0,0.0,1512.6364045858372,0.0,0.0,0.0,0.0,0.0,0.0,0.0
8135,0.0,331.4484649837017,0.0,0.0,0.0,0.0,0.0,0.0,0.0,0.0,0.0,0.0,0.0,88.41862209141247,0.0,0.0,7922.670089513063,0.0,14.142042334750169,0.0,0.0,504.3238229423758,0.0,0.0,0.0,0.0,0.0,0.0,0.0,1472.6709978103636,0.0,0.0,0.0,0.0,0.0,0.0,0.0
8136,0.0,337.80997340083115,0.0,0.0,0.0,0.0,0.0,0.0,0.0,0.0,0.0,0.0,0.0,83.48418614417301,0.0,0.0,8275.086615383623,0.0,16.17231821678577,0.0,0.0,892.5878554768855,0.0,0.0,0.0,0.0,0.0,0.0,0.0,1796.5817240595818,0.0,0.0,0.0,0.0,0.0,0.0,0.0
8137,0.0,320.55985552668574,0.0,0.0,0.0,0.0,0.0,0.0,0.0,0.0,0.0,0.0,0.0,69.64522601068015,0.0,0.0,8560.766526728868,0.0,18.399937209486918,0.0,0.0,1259.733628224581,0.0,0.0,0.0,0.0,0.0,0.0,0.0,2062.496324092149,0.0,0.0,0.0,0.0,0.0,0.0,0.0
8138,0.0,296.90996097922323,0.0,0.0,0.0,0.0,0.0,0.0,0.0,0.0,0.0,0.0,0.0,54.12479412555687,0.0,0.0,8791.022393018005,0.0,22.01569027751676,0.0,0.0,1613.189177280664,0.0,0.0,0.0,0.0,0.0,0.0,0.0,2289.639380817115,0.0,0.0,0.0,0.0,0.0,0.0,0.0
8139,0.0,276.87265715003014,0.0,0.0,0.0,0.0,0.0,0.0,0.0,0.0,0.0,0.0,0.0,43.873735170066325,0.0,0.0,8976.943534910677,0.0,28.178011103346805,0.0,0.0,1962.0066883921618,0.0,0.0,0.0,0.0,0.0,0.0,0.0,2488.2671270400283,0.0,0.0,0.0,0.0,0.0,0.0,0.0
8140,0.0,261.27396603226657,0.0,0.0,0.0,0.0,0.0,0.0,0.0,0.0,0.0,0.0,0.0,36.82244694307436,0.0,0.0,9127.067080229519,0.0,35.98748543709503,0.0,0.0,2316.963391332328,0.0,0.0,0.0,0.0,0.0,0.0,0.0,2684.3446015357968,0.0,0.0,0.0,0.0,0.0,0.0,0.0
8141,0.0,249.79463946819305,0.0,0.0,0.0,0.0,0.0,0.0,0.0,0.0,0.0,0.0,0.0,31.847295562177774,0.0,0.0,9248.28573873639,0.0,35.87848663628083,0.0,0.0,2303.0271004155275,0.0,0.0,0.0,0.0,0.0,0.0,0.0,2859.848678724466,0.0,0.0,0.0,0.0,0.0,0.0,0.0
8142,0.0,240.36726577877994,0.0,0.0,0.0,0.0,0.0,0.0,0.0,0.0,0.0,0.0,0.0,29.52963745370499,0.0,0.0,9046.470370620487,0.0,36.041425356268746,0.0,0.0,1669.5834558427334,0.0,0.0,0.0,0.0,0.0,0.0,0.0,2781.5830904558293,0.0,0.0,0.0,0.0,0.0,0.0,0.0
8143,0.0,232.77658602297302,0.0,0.0,0.0,0.0,0.0,0.0,0.0,0.0,0.0,0.0,0.0,29.216179053485344,0.0,0.0,8875.334989607332,0.0,40.75133845806105,0.0,0.0,1191.500950250029,0.0,0.0,0.0,0.0,0.0,0.0,0.0,2716.8114319667206,0.0,0.0,0.0,0.0,0.0,0.0,0.0
8144,0.0,230.10802043974397,0.0,0.0,0.0,0.0,0.0,0.0,0.0,0.0,0.0,0.0,0.0,28.745541705936123,0.0,0.0,8730.522743493317,0.0,46.70229209065435,0.0,0.0,841.2296670086678,0.0,0.0,0.0,0.0,0.0,0.0,0.0,2671.657609914241,0.0,0.0,0.0,0.0,0.0,0.0,0.0
8145,0.0,230.47580531537534,0.0,0.0,0.0,0.0,0.0,0.0,0.0,0.0,0.0,0.0,0.0,26.996257600933266,0.0,0.0,8608.317745298145,0.0,50.00584722012276,0.0,0.0,598.4955135919153,0.0,0.0,0.0,0.0,0.0,0.0,0.0,2632.8213379800313,0.0,0.0,0.0,0.0,0.0,0.0,0.0
8146,0.0,229.7918584316968,0.0,0.0,0.0,0.0,0.0,0.0,0.0,0.0,0.0,0.0,0.0,23.819122748076865,0.0,0.0,8358.328862279654,0.0,43.24368285089716,0.0,0.0,523.2659280717363,0.0,0.0,0.0,0.0,0.0,0.0,0.0,2571.6388637557607,0.0,0.0,0.0,0.0,0.0,0.0,0.0
8147,0.0,220.68297539055345,0.0,0.0,0.0,0.0,0.0,0.0,0.0,0.0,0.0,0.0,0.0,23.85626542344676,0.0,0.0,8140.1486563384515,0.0,34.9215958788991,0.0,0.0,458.3282121028744,0.0,0.0,0.0,0.0,0.0,0.0,0.0,2516.5086969256395,0.0,0.0,0.0,0.0,0.0,0.0,0.0
8148,0.0,211.0277035742998,0.0,0.0,0.0,0.0,0.0,0.0,0.0,0.0,0.0,0.0,0.0,24.004219648986933,0.0,0.0,7983.136290609835,0.0,28.481140629202077,0.0,0.0,406.6661294762043,0.0,0.0,0.0,0.0,0.0,0.0,0.0,2459.6292299211013,0.0,0.0,0.0,0.0,0.0,0.0,0.0
8149,0.0,206.601884356141,0.0,0.0,0.0,0.0,0.0,0.0,0.0,0.0,0.0,0.0,0.0,24.29136573523279,0.0,0.0,7855.445750236511,0.0,24.62903082370755,0.0,0.0,367.9843011248854,0.0,0.0,0.0,0.0,0.0,0.0,0.0,2389.7881266474724,0.0,0.0,0.0,0.0,0.0,0.0,0.0
8150,0.0,203.9634087324142,0.0,0.0,0.0,0.0,0.0,0.0,0.0,0.0,0.0,0.0,0.0,25.32584598809478,0.0,0.0,7695.1313245892525,0.0,25.113876890018467,0.0,0.0,351.36484807357124,0.0,0.0,0.0,0.0,0.0,0.0,0.0,2312.5469864189613,0.0,0.0,0.0,0.0,0.0,0.0,0.0
8151,0.0,183.61834563910958,0.0,0.0,0.0,0.0,0.0,0.0,0.0,0.0,0.0,0.0,0.0,29.19612397029983,0.0,0.0,7587.6374117136,0.0,33.80630894452315,0.0,0.0,331.6285687331101,0.0,0.0,0.0,0.0,0.0,0.0,0.0,1861.4134102135877,0.0,0.0,0.0,0.0,0.0,0.0,0.0
8152,0.0,163.23044117689133,0.0,0.0,0.0,0.0,0.0,0.0,0.0,0.0,0.0,0.0,0.0,36.957883904874244,0.0,0.0,7453.301524370909,0.0,39.583260208368245,0.0,0.0,322.9734133243555,0.0,0.0,0.0,0.0,0.0,0.0,0.0,1540.080619043111,0.0,0.0,0.0,0.0,0.0,0.0,0.0
8153,0.0,147.1224371641874,0.0,0.0,0.0,0.0,0.0,0.0,0.0,0.0,0.0,0.0,0.0,42.331374016404126,0.0,0.0,7403.046428233383,0.0,35.56209444105613,0.0,0.0,318.5297086928034,0.0,0.0,0.0,0.0,0.0,0.0,0.0,1446.686612769959,0.0,0.0,0.0,0.0,0.0,0.0,0.0
8154,0.0,135.82696095407005,0.0,0.0,0.0,0.0,0.0,0.0,0.0,0.0,0.0,0.0,0.0,54.59495790749786,0.0,0.0,7246.5303438305855,0.0,38.48017811626179,0.0,0.0,317.0367292966691,0.0,0.0,0.0,0.0,0.0,0.0,0.0,1456.015490475295,0.0,0.0,0.0,0.0,0.0,0.0,0.0
8155,0.0,145.34892513155935,0.0,0.0,0.0,0.0,0.0,0.0,0.0,0.0,0.0,0.0,0.0,76.62595856636763,0.0,0.0,7137.30255779624,0.0,35.689055924117554,0.0,0.0,382.92787061221804,0.0,0.0,0.0,0.0,0.0,0.0,0.0,1571.9676039278504,0.0,0.0,0.0,0.0,0.0,0.0,0.0
8156,0.0,155.41918588578696,0.0,0.0,0.0,0.0,0.0,0.0,0.0,0.0,0.0,0.0,0.0,98.20347391963001,0.0,0.0,6973.243463963268,0.0,35.743877674639165,0.0,0.0,426.27661252990356,0.0,0.0,0.0,0.0,0.0,0.0,0.0,1646.541129192709,0.0,0.0,0.0,0.0,0.0,0.0,0.0
8157,0.0,166.65021767914286,0.0,0.0,0.0,0.0,0.0,0.0,0.0,0.0,0.0,0.0,0.0,116.98936764895915,0.0,0.0,6813.439321309328,0.0,36.220711302757145,0.0,0.0,454.083949839323,0.0,0.0,0.0,0.0,0.0,0.0,0.0,1703.9454766526796,0.0,0.0,0.0,0.0,0.0,0.0,0.0
8158,0.0,174.5771614998579,0.0,0.0,0.0,0.0,0.0,0.0,0.0,0.0,0.0,0.0,0.0,130.0332027196883,0.0,0.0,6644.250949949026,0.0,34.44991614744057,0.0,0.0,480.5980150345704,0.0,0.0,0.0,0.0,0.0,0.0,0.0,1715.7579085901377,0.0,0.0,0.0,0.0,0.0,0.0,0.0
8159,0.0,168.87061821520322,0.0,0.0,0.0,0.0,0.0,0.0,0.0,0.0,0.0,0.0,0.0,132.9384408593177,0.0,0.0,6483.097591057418,0.0,28.698504646122334,0.0,0.0,507.4723253723227,0.0,0.0,0.0,0.0,0.0,0.0,0.0,1682.73527984023,0.0,0.0,0.0,0.0,0.0,0.0,0.0
8160,0.0,172.88337032496923,0.0,0.0,0.0,0.0,0.0,0.0,0.0,0.0,0.0,0.0,0.0,128.51904814243312,0.0,0.0,6717.694363206623,0.0,37.045986878871794,0.0,0.0,902.6854674048715,0.0,0.0,0.0,0.0,0.0,0.0,0.0,1929.248830093442,0.0,0.0,0.0,0.0,0.0,0.0,0.0
8161,0.0,172.80895203351974,0.0,0.0,0.0,0.0,0.0,0.0,0.0,0.0,0.0,0.0,0.0,114.44476793408384,0.0,0.0,7017.658309012651,0.0,38.81936454027874,0.0,0.0,1329.6152820736168,0.0,0.0,0.0,0.0,0.0,0.0,0.0,2112.6664339005933,0.0,0.0,0.0,0.0,0.0,0.0,0.0
8162,0.0,171.64815293848514,0.0,0.0,0.0,0.0,0.0,0.0,0.0,0.0,0.0,0.0,0.0,93.99884460717428,0.0,0.0,7416.886298686266,0.0,38.50534365624177,0.0,0.0,1787.8203091844914,0.0,0.0,0.0,0.0,0.0,0.0,0.0,2263.425371877849,0.0,0.0,0.0,0.0,0.0,0.0,0.0
8163,0.0,170.56906667053693,0.0,0.0,0.0,0.0,0.0,0.0,0.0,0.0,0.0,0.0,0.0,71.18714442253103,0.0,0.0,7867.011127591131,0.0,38.08593281060455,0.0,0.0,2261.6454203501335,0.0,0.0,0.0,0.0,0.0,0.0,0.0,2442.3671177193514,0.0,0.0,0.0,0.0,0.0,0.0,0.0
8164,0.0,169.59013998806478,0.0,0.0,0.0,0.0,0.0,0.0,0.0,0.0,0.0,0.0,0.0,48.44080189615487,0.0,0.0,8225.951652646065,0.0,40.64199137091621,0.0,0.0,2762.0877239316696,0.0,0.0,0.0,0.0,0.0,0.0,0.0,2612.9782169938085,0.0,0.0,0.0,0.0,0.0,0.0,0.0
8165,0.0,169.93461040556429,0.0,0.0,0.0,0.0,0.0,0.0,0.0,0.0,0.0,0.0,0.0,28.10808036476367,0.0,0.0,8512.389987647532,0.0,34.89126162156453,0.0,0.0,3164.3306606858964,0.0,0.0,0.0,0.0,0.0,0.0,0.0,2779.8909250468005,0.0,0.0,0.0,0.0,0.0,0.0,0.0
8166,0.0,159.164733543992,0.0,0.0,0.0,0.0,0.0,0.0,0.0,0.0,0.0,0.0,0.0,23.655756624042883,0.0,0.0,8582.03350391984,0.0,26.217735216021403,0.0,0.0,2933.5442783027884,0.0,0.0,0.0,0.0,0.0,0.0,0.0,2903.908080729841,0.0,0.0,0.0,0.0,0.0,0.0,0.0
8167,0.0,149.4330234110355,0.0,0.0,0.0,0.0,0.0,0.0,0.0,0.0,0.0,0.0,0.0,23.665541778504725,0.0,0.0,8638.581571727991,0.0,23.846990919858047,0.0,0.0,2767.9318772971624,0.0,0.0,0.0,0.0,0.0,0.0,0.0,3044.2809670358897,0.0,0.0,0.0,0.0,0.0,0.0,0.0
8168,0.0,138.01366634666917,0.0,0.0,0.0,0.0,0.0,0.0,0.0,0.0,0.0,0.0,0.0,23.78400603681792,0.0,0.0,8685.14567273855,0.0,22.354404291883085,0.0,0.0,2641.8104275703427,0.0,0.0,0.0,0.0,0.0,0.0,0.0,3158.541095885634,0.0,0.0,0.0,0.0,0.0,0.0,0.0
8169,0.0,135.81512136161322,0.0,0.0,0.0,0.0,0.0,0.0,0.0,0.0,0.0,0.0,0.0,23.7726236492394,0.0,0.0,8723.732712626455,0.0,20.553823244944134,0.0,0.0,2502.1583837360135,0.0,0.0,0.0,0.0,0.0,0.0,0.0,3270.041036987305,0.0,0.0,0.0,0.0,0.0,0.0,0.0
8170,0.0,130.96379224061963,0.0,0.0,0.0,0.0,0.0,0.0,0.0,0.0,0.0,0.0,0.0,23.423569367825845,0.0,0.0,8623.38898462057,0.0,14.741810848377618,0.0,0.0,2488.3014156281943,0.0,0.0,0.0,0.0,0.0,0.0,0.0,3166.8849413067087,0.0,0.0,0.0,0.0,0.0,0.0,0.0
8171,0.0,126.24065055549144,0.0,0.0,0.0,0.0,0.0,0.0,0.0,0.0,0.0,0.0,0.0,23.55060264170166,0.0,0.0,8535.112360388039,0.0,14.57570883631691,0.0,0.0,2487.452328537404,0.0,0.0,0.0,0.0,0.0,0.0,0.0,3072.2451801806683,0.0,0.0,0.0,0.0,0.0,0.0,0.0
8172,0.0,120.58156383633607,0.0,0.0,0.0,0.0,0.0,0.0,0.0,0.0,0.0,0.0,0.0,23.57888207435598,0.0,0.0,8457.452889472246,0.0,14.753812832385183,0.0,0.0,2492.4343761831515,0.0,0.0,0.0,0.0,0.0,0.0,0.0,2988.072291105985,0.0,0.0,0.0,0.0,0.0,0.0,0.0
8173,0.0,115.78815613389013,0.0,0.0,0.0,0.0,0.0,0.0,0.0,0.0,0.0,0.0,0.0,23.697385562956264,0.0,0.0,8389.132530778646,0.0,15.055289850756406,0.0,0.0,2501.9043690919875,0.0,0.0,0.0,0.0,0.0,0.0,0.0,2909.0986656814803,0.0,0.0,0.0,0.0,0.0,0.0,0.0
8174,0.0,111.01362304240462,0.0,0.0,0.0,0.0,0.0,0.0,0.0,0.0,0.0,0.0,0.0,23.74908267483114,0.0,0.0,8329.02803942561,0.0,15.321209243126058,0.0,0.0,2514.5445495307436,0.0,0.0,0.0,0.0,0.0,0.0,0.0,2838.8145871698853,0.0,0.0,0.0,0.0,0.0,0.0,0.0
8175,0.0,94.90355692058797,0.0,0.0,0.0,0.0,0.0,0.0,0.0,0.0,0.0,0.0,0.0,23.822748747467937,0.0,0.0,8428.064167261122,0.0,18.57478435784572,0.0,0.0,2513.5525602802636,0.0,0.0,0.0,0.0,0.0,0.0,0.0,2377.44249716848,0.0,0.0,0.0,0.0,0.0,0.0,0.0
8176,0.0,79.35754778087133,0.0,0.0,0.0,0.0,0.0,0.0,0.0,0.0,0.0,0.0,0.0,24.90743536129594,0.0,0.0,8505.389153897762,0.0,32.737944330274985,0.0,0.0,2550.399367466569,0.0,0.0,0.0,0.0,0.0,0.0,0.0,1904.0574611321078,0.0,0.0,0.0,0.0,0.0,0.0,0.0
8177,0.0,59.73354953527449,0.0,0.0,0.0,0.0,0.0,0.0,0.0,0.0,0.0,0.0,0.0,26.285797102004267,0.0,0.0,8578.526086211205,0.0,53.54457713663572,0.0,0.0,2628.2531906872982,0.0,0.0,0.0,0.0,0.0,0.0,0.0,1545.8210357084856,0.0,0.0,0.0,0.0,0.0,0.0,0.0
8178,0.0,46.059360323846334,0.0,0.0,0.0,0.0,0.0,0.0,0.0,0.0,0.0,0.0,0.0,30.91653178185213,0.0,0.0,8641.153211325405,0.0,78.51941182464348,0.0,0.0,2722.963110816478,0.0,0.0,0.0,0.0,0.0,0.0,0.0,1428.8498984023913,0.0,0.0,0.0,0.0,0.0,0.0,0.0
8179,0.0,44.55760481357571,0.0,0.0,0.0,0.0,0.0,0.0,0.0,0.0,0.0,0.0,0.0,43.334545698016804,0.0,0.0,8720.860815048218,0.0,91.66365643143641,0.0,0.0,2867.311246597767,0.0,0.0,0.0,0.0,0.0,0.0,0.0,1516.7978405356398,0.0,0.0,0.0,0.0,0.0,0.0,0.0
8180,0.0,45.10736731141803,0.0,0.0,0.0,0.0,0.0,0.0,0.0,0.0,0.0,0.0,0.0,56.06016989946365,0.0,0.0,8771.975457996128,0.0,104.43842111378899,0.0,0.0,3010.6926734894514,0.0,0.0,0.0,0.0,0.0,0.0,0.0,1543.5343794494854,0.0,0.0,0.0,0.0,0.0,0.0,0.0
8181,0.0,46.47075109183781,0.0,0.0,0.0,0.0,0.0,0.0,0.0,0.0,0.0,0.0,0.0,68.93982621878381,0.0,0.0,8819.627021849154,0.0,118.29554114639745,0.0,0.0,3127.7900940388436,0.0,0.0,0.0,0.0,0.0,0.0,0.0,1544.351623561977,0.0,0.0,0.0,0.0,0.0,0.0,0.0
8182,0.0,45.649877357482815,0.0,0.0,0.0,0.0,0.0,0.0,0.0,0.0,0.0,0.0,0.0,82.24587652832264,0.0,0.0,8873.271299391985,0.0,136.3297184258699,0.0,0.0,3231.723864161968,0.0,0.0,0.0,0.0,0.0,0.0,0.0,1563.940169391034,0.0,0.0,0.0,0.0,0.0,0.0,0.0
8183,0.0,41.26723617911337,0.0,0.0,0.0,0.0,0.0,0.0,0.0,0.0,0.0,0.0,0.0,96.5914229631423,0.0,0.0,8922.623287975788,0.0,161.8055296540259,0.0,0.0,3330.906440234184,0.0,0.0,0.0,0.0,0.0,0.0,0.0,1652.7116838544594,0.0,0.0,0.0,0.0,0.0,0.0,0.0
8184,0.0,50.705060693621625,0.0,0.0,0.0,0.0,0.0,0.0,0.0,0.0,0.0,0.0,0.0,111.26145431101318,0.0,0.0,9072.949079602957,0.0,221.11854356527326,0.0,0.0,3775.462948679924,0.0,0.0,0.0,0.0,0.0,0.0,0.0,2126.1458991825575,0.0,0.0,0.0,0.0,0.0,0.0,0.0
8185,0.0,59.78829362243414,0.0,0.0,0.0,0.0,0.0,0.0,0.0,0.0,0.0,0.0,0.0,129.42172583937645,0.0,0.0,9193.538440942762,0.0,282.13202472925184,0.0,0.0,4107.808563816547,0.0,0.0,0.0,0.0,0.0,0.0,0.0,2546.550915952027,0.0,0.0,0.0,0.0,0.0,0.0,0.0
8186,0.0,69.09350488185878,0.0,0.0,0.0,0.0,0.0,0.0,0.0,0.0,0.0,0.0,0.0,152.01433607935897,0.0,0.0,9290.27362808585,0.0,338.3859879255294,0.0,0.0,4329.374426552653,0.0,0.0,0.0,0.0,0.0,0.0,0.0,2919.8430752798904,0.0,0.0,0.0,0.0,0.0,0.0,0.0
8187,0.0,76.41604031324381,0.0,0.0,0.0,0.0,0.0,0.0,0.0,0.0,0.0,0.0,0.0,178.72406406998624,0.0,0.0,9367.87398084998,0.0,387.28755257725715,0.0,0.0,4415.953456002473,0.0,0.0,0.0,0.0,0.0,0.0,0.0,3235.7540303438886,0.0,0.0,0.0,0.0,0.0,0.0,0.0
8188,0.0,84.24402393847699,0.0,0.0,0.0,0.0,0.0,0.0,0.0,0.0,0.0,0.0,0.0,207.70215451121322,0.0,0.0,9429.405086547134,0.0,420.20896970033635,0.0,0.0,4399.321400615573,0.0,0.0,0.0,0.0,0.0,0.0,0.0,3523.6282689690574,0.0,0.0,0.0,0.0,0.0,0.0,0.0
8189,0.0,89.87217902094119,0.0,0.0,0.0,0.0,0.0,0.0,0.0,0.0,0.0,0.0,0.0,228.2701008439063,0.0,0.0,9477.61049413681,0.0,411.27466946244226,0.0,0.0,3474.535221076011,0.0,0.0,0.0,0.0,0.0,0.0,0.0,3773.4001281052824,0.0,0.0,0.0,0.0,0.0,0.0,0.0
8190,0.0,88.2030489876866,0.0,0.0,0.0,0.0,0.0,0.0,0.0,0.0,0.0,0.0,0.0,253.83392335772507,0.0,0.0,9277.60056325793,0.0,397.86297800540905,0.0,0.0,2588.10101416111,0.0,0.0,0.0,0.0,0.0,0.0,0.0,3806.388584479688,0.0,0.0,0.0,0.0,0.0,0.0,0.0
8191,0.0,86.9752523884177,0.0,0.0,0.0,0.0,0.0,0.0,0.0,0.0,0.0,0.0,0.0,279.6295856595039,0.0,0.0,9108.416081249714,0.0,388.6203480303286,0.0,0.0,1829.0180632710453,0.0,0.0,0.0,0.0,0.0,0.0,0.0,3836.471123293041,0.0,0.0,0.0,0.0,0.0,0.0,0.0
8192,0.0,88.67218582481138,0.0,0.0,0.0,0.0,0.0,0.0,0.0,0.0,0.0,0.0,0.0,306.20702912211414,0.0,0.0,8965.693972945213,0.0,375.8570916175842,0.0,0.0,1308.6141142576928,0.0,0.0,0.0,0.0,0.0,0.0,0.0,3863.8777300566417,0.0,0.0,0.0,0.0,0.0,0.0,0.0
8193,0.0,90.2690508574247,0.0,0.0,0.0,0.0,0.0,0.0,0.0,0.0,0.0,0.0,0.0,329.12498173713686,0.0,0.0,8845.333305507897,0.0,356.4351637482643,0.0,0.0,901.5878153286867,0.0,0.0,0.0,0.0,0.0,0.0,0.0,3888.952298200129,0.0,0.0,0.0,0.0,0.0,0.0,0.0
8194,0.0,91.54734107404947,0.0,0.0,0.0,0.0,0.0,0.0,0.0,0.0,0.0,0.0,0.0,332.3143144071102,0.0,0.0,8627.6159324646,0.0,316.32342720031727,0.0,0.0,711.1498728722331,0.0,0.0,0.0,0.0,0.0,0.0,0.0,3840.467663970588,0.0,0.0,0.0,0.0,0.0,0.0,0.0
8195,0.0,88.81273890137668,0.0,0.0,0.0,0.0,0.0,0.0,0.0,0.0,0.0,0.0,0.0,333.2125534772873,0.0,0.0,8440.945701360703,0.0,271.29480654597273,0.0,0.0,550.3639393273733,0.0,0.0,0.0,0.0,0.0,0.0,0.0,3804.288339433074,0.0,0.0,0.0,0.0,0.0,0.0,0.0
8196,0.0,86.2845019474625,0.0,0.0,0.0,0.0,0.0,0.0,0.0,0.0,0.0,0.0,0.0,332.61421313881874,0.0,0.0,8281.068438887596,0.0,226.83017261624337,0.0,0.0,428.69716923907356,0.0,0.0,0.0,0.0,0.0,0.0,0.0,3778.0732456564897,0.0,0.0,0.0,0.0,0.0,0.0,0.0
8197,0.0,82.92992737144232,0.0,0.0,0.0,0.0,0.0,0.0,0.0,0.0,0.0,0.0,0.0,327.1656642794608,0.0,0.0,8144.141465187073,0.0,184.58176612257947,0.0,0.0,347.34307569265343,0.0,0.0,0.0,0.0,0.0,0.0,0.0,3757.0375268459316,0.0,0.0,0.0,0.0,0.0,0.0,0.0
8198,0.0,78.93434547632926,0.0,0.0,0.0,0.0,0.0,0.0,0.0,0.0,0.0,0.0,0.0,317.41386677026736,0.0,0.0,8026.868165433405,0.0,146.8465428262948,0.0,0.0,304.3891312669957,0.0,0.0,0.0,0.0,0.0,0.0,0.0,3740.5541470319017,0.0,0.0,0.0,0.0,0.0,0.0,0.0
8199,0.0,59.418685112893584,0.0,0.0,0.0,0.0,0.0,0.0,0.0,0.0,0.0,0.0,0.0,312.14364758729926,0.0,0.0,8071.177220106123,0.0,125.00537364184841,0.0,0.0,319.9387482080599,0.0,0.0,0.0,0.0,0.0,0.0,0.0,3054.7944870918986,0.0,0.0,0.0,0.0,0.0,0.0,0.0
8200,0.0,43.85032242983577,0.0,0.0,0.0,0.0,0.0,0.0,0.0,0.0,0.0,0.0,0.0,301.88665364980693,0.0,0.0,8109.7697050869465,0.0,95.94319137334823,0.0,0.0,340.0041263781479,0.0,0.0,0.0,0.0,0.0,0.0,0.0,2554.6786979407066,0.0,0.0,0.0,0.0,0.0,0.0,0.0
8201,0.0,39.89156391173595,0.0,0.0,0.0,0.0,0.0,0.0,0.0,0.0,0.0,0.0,0.0,276.5086033582686,0.0,0.0,8143.383041530848,0.0,60.11455414444195,0.0,0.0,363.98784694969606,0.0,0.0,0.0,0.0,0.0,0.0,0.0,2236.6839511960725,0.0,0.0,0.0,0.0,0.0,0.0,0.0
8202,0.0,42.90696362256997,0.0,0.0,0.0,0.0,0.0,0.0,0.0,0.0,0.0,0.0,0.0,256.4591469168662,0.0,0.0,8148.673338234425,0.0,33.24838388413173,0.0,0.0,300.93253390006686,0.0,0.0,0.0,0.0,0.0,0.0,0.0,2048.2110054895265,0.0,0.0,0.0,0.0,0.0,0.0,0.0
8203,0.0,38.20504623055455,0.0,0.0,0.0,0.0,0.0,0.0,0.0,0.0,0.0,0.0,0.0,244.9820013821125,0.0,0.0,8104.152702808378,0.0,14.582078029960384,0.0,0.0,311.30936514325435,0.0,0.0,0.0,0.0,0.0,0.0,0.0,2136.3970694139593,0.0,0.0,0.0,0.0,0.0,0.0,0.0
8204,0.0,36.5524551540613,0.0,0.0,0.0,0.0,0.0,0.0,0.0,0.0,0.0,0.0,0.0,231.4230950593948,0.0,0.0,8010.4387643635255,0.0,13.94511235095553,0.0,0.0,314.40893418006567,0.0,0.0,0.0,0.0,0.0,0.0,0.0,2247.7351889491074,0.0,0.0,0.0,0.0,0.0,0.0,0.0
8205,0.0,34.8654815644025,0.0,0.0,0.0,0.0,0.0,0.0,0.0,0.0,0.0,0.0,0.0,215.14813024997707,0.0,0.0,7882.6906615793705,0.0,13.729598142020288,0.0,0.0,315.3346949402242,0.0,0.0,0.0,0.0,0.0,0.0,0.0,2363.2671087473627,0.0,0.0,0.0,0.0,0.0,0.0,0.0
8206,0.0,33.90770202130075,0.0,0.0,0.0,0.0,0.0,0.0,0.0,0.0,0.0,0.0,0.0,199.3800207495689,0.0,0.0,7756.947908729315,0.0,13.804274992272216,0.0,0.0,315.6112272709601,0.0,0.0,0.0,0.0,0.0,0.0,0.0,2459.624709765613,0.0,0.0,0.0,0.0,0.0,0.0,0.0
8207,0.0,33.03494590222834,0.0,0.0,0.0,0.0,0.0,0.0,0.0,0.0,0.0,0.0,0.0,187.38321962356568,0.0,0.0,7668.143110483885,0.0,14.158352509513342,0.0,0.0,349.33848333880275,0.0,0.0,0.0,0.0,0.0,0.0,0.0,2511.9975817471723,0.0,0.0,0.0,0.0,0.0,0.0,0.0
8208,0.0,65.87328302711242,0.0,0.0,0.0,0.0,0.0,0.0,0.0,0.0,0.0,0.0,0.0,178.56476668715464,0.0,0.0,7724.96576654911,0.0,19.181250899285068,0.0,0.0,226.77471457757005,0.0,0.0,0.0,0.0,0.0,0.0,0.0,2954.506701278685,0.0,0.0,0.0,0.0,0.0,0.0,0.0
8209,0.0,91.706937097013,0.0,0.0,0.0,0.0,0.0,0.0,0.0,0.0,0.0,0.0,0.0,173.74576305747027,0.0,0.0,7783.697316616772,0.0,33.74125350415689,0.0,0.0,147.8578957035206,0.0,0.0,0.0,0.0,0.0,0.0,0.0,3318.720941933988,0.0,0.0,0.0,0.0,0.0,0.0,0.0
8210,0.0,114.03988740295165,0.0,0.0,0.0,0.0,0.0,0.0,0.0,0.0,0.0,0.0,0.0,169.3998542726039,0.0,0.0,7829.608784347773,0.0,48.27398232519609,0.0,0.0,84.72836889987806,0.0,0.0,0.0,0.0,0.0,0.0,0.0,3638.8000227779135,0.0,0.0,0.0,0.0,0.0,0.0,0.0
8211,0.0,133.85622992813578,0.0,0.0,0.0,0.0,0.0,0.0,0.0,0.0,0.0,0.0,0.0,161.75602338314044,0.0,0.0,7848.361684352158,0.0,51.656783710420015,0.0,0.0,66.54225252633891,0.0,0.0,0.0,0.0,0.0,0.0,0.0,3951.9166177183383,0.0,0.0,0.0,0.0,0.0,0.0,0.0
8212,0.0,150.79492724239822,0.0,0.0,0.0,0.0,0.0,0.0,0.0,0.0,0.0,0.0,0.0,151.10145850777616,0.0,0.0,7849.509043216705,0.0,47.96051721721877,0.0,0.0,62.864187087770496,0.0,0.0,0.0,0.0,0.0,0.0,0.0,4308.682365351914,0.0,0.0,0.0,0.0,0.0,0.0,0.0
8213,0.0,159.27524575889103,0.0,0.0,0.0,0.0,0.0,0.0,0.0,0.0,0.0,0.0,0.0,130.0727020144462,0.0,0.0,7836.4392644762975,0.0,29.148746242374067,0.0,0.0,62.12030868446415,0.0,0.0,0.0,0.0,0.0,0.0,0.0,4631.70316338837,0.0,0.0,0.0,0.0,0.0,0.0,0.0
8214,0.0,147.95805427730082,0.0,0.0,0.0,0.0,0.0,0.0,0.0,0.0,0.0,0.0,0.0,108.19881305098525,0.0,0.0,7690.737912476063,0.0,18.179890646785402,0.0,0.0,4.827650112378629,0.0,0.0,0.0,0.0,0.0,0.0,0.0,4863.323524528741,0.0,0.0,0.0,0.0,0.0,0.0,0.0
8215,0.0,132.12324465215204,0.0,0.0,0.0,0.0,0.0,0.0,0.0,0.0,0.0,0.0,0.0,88.17529343366618,0.0,0.0,7559.473057538271,0.0,15.376888741366471,0.0,0.0,1.718846931773988,0.0,0.0,0.0,0.0,0.0,0.0,0.0,5051.857401931285,0.0,0.0,0.0,0.0,0.0,0.0,0.0
8216,0.0,115.05483786910769,0.0,0.0,0.0,0.0,0.0,0.0,0.0,0.0,0.0,0.0,0.0,72.55456651747215,0.0,0.0,7437.814902245997,0.0,15.623202206939439,0.0,0.0,1.5502481178373437,0.0,0.0,0.0,0.0,0.0,0.0,0.0,5206.325941115617,0.0,0.0,0.0,0.0,0.0,0.0,0.0
8217,0.0,97.1997855573892,0.0,0.0,0.0,0.0,0.0,0.0,0.0,0.0,0.0,0.0,0.0,54.785510620474774,0.0,0.0,7338.165812522171,0.0,16.344229014962803,0.0,0.0,1.5410328964693183,0.0,0.0,0.0,0.0,0.0,0.0,0.0,5288.2684046655895,0.0,0.0,0.0,0.0,0.0,0.0,0.0
8218,0.0,97.16998317092653,0.0,0.0,0.0,0.0,0.0,0.0,0.0,0.0,0.0,0.0,0.0,26.169134634733076,0.0,0.0,7192.909402400255,0.0,15.947749489545629,0.0,0.0,195.96374493017726,0.0,0.0,0.0,0.0,0.0,0.0,0.0,5185.892668628692,0.0,0.0,0.0,0.0,0.0,0.0,0.0
8219,0.0,97.26914677172896,0.0,0.0,0.0,0.0,0.0,0.0,0.0,0.0,0.0,0.0,0.0,23.892029434442485,0.0,0.0,7066.250318199396,0.0,21.046016670763482,0.0,0.0,280.6274464398615,0.0,0.0,0.0,0.0,0.0,0.0,0.0,5091.721195611358,0.0,0.0,0.0,0.0,0.0,0.0,0.0
8220,0.0,99.11986865848297,0.0,0.0,0.0,0.0,0.0,0.0,0.0,0.0,0.0,0.0,0.0,24.412393973022606,0.0,0.0,6951.5260998010635,0.0,30.065987935662214,0.0,0.0,391.06848741844254,0.0,0.0,0.0,0.0,0.0,0.0,0.0,5005.406476059555,0.0,0.0,0.0,0.0,0.0,0.0,0.0
8221,0.0,101.75809177905322,0.0,0.0,0.0,0.0,0.0,0.0,0.0,0.0,0.0,0.0,0.0,25.36024254336949,0.0,0.0,6847.324912399054,0.0,42.02348021715872,0.0,0.0,469.33818771354845,0.0,0.0,0.0,0.0,0.0,0.0,0.0,4926.718886074422,0.0,0.0,0.0,0.0,0.0,0.0,0.0
8222,0.0,103.80663586109871,0.0,0.0,0.0,0.0,0.0,0.0,0.0,0.0,0.0,0.0,0.0,26.207496251165786,0.0,0.0,6752.377271473408,0.0,48.97466772943724,0.0,0.0,521.4783265057947,0.0,0.0,0.0,0.0,0.0,0.0,0.0,4851.95840717852,0.0,0.0,0.0,0.0,0.0,0.0,0.0
8223,0.0,93.15624910444015,0.0,0.0,0.0,0.0,0.0,0.0,0.0,0.0,0.0,0.0,0.0,29.022053582221183,0.0,0.0,6471.066658258438,0.0,61.42424413412803,0.0,0.0,510.3409651245913,0.0,0.0,0.0,0.0,0.0,0.0,0.0,4167.558048397301,0.0,0.0,0.0,0.0,0.0,0.0,0.0
8224,0.0,83.09300232678645,0.0,0.0,0.0,0.0,0.0,0.0,0.0,0.0,0.0,0.0,0.0,32.94203633815038,0.0,0.0,6203.056851297617,0.0,69.9009183645248,0.0,0.0,497.2244315385812,0.0,0.0,0.0,0.0,0.0,0.0,0.0,3432.0705306619407,0.0,0.0,0.0,0.0,0.0,0.0,0.0
8225,0.0,75.34043999165289,0.0,0.0,0.0,0.0,0.0,0.0,0.0,0.0,0.0,0.0,0.0,32.54153433740139,0.0,0.0,6008.689203485845,0.0,59.28991585820907,0.0,0.0,369.7161572244014,0.0,0.0,0.0,0.0,0.0,0.0,0.0,2865.0768713697785,0.0,0.0,0.0,0.0,0.0,0.0,0.0
8226,0.0,69.60103622674936,0.0,0.0,0.0,0.0,0.0,0.0,0.0,0.0,0.0,0.0,0.0,34.47821872159834,0.0,0.0,5781.605492755771,0.0,55.539101797342205,0.0,0.0,355.3711797550316,0.0,0.0,0.0,0.0,0.0,0.0,0.0,2449.559950746594,0.0,0.0,0.0,0.0,0.0,0.0,0.0
8227,0.0,64.2102130696177,0.0,0.0,0.0,0.0,0.0,0.0,0.0,0.0,0.0,0.0,0.0,43.9108694389462,0.0,0.0,5828.131478115915,0.0,44.33262600004662,0.0,0.0,479.11313443668143,0.0,0.0,0.0,0.0,0.0,0.0,0.0,2499.935998839138,0.0,0.0,0.0,0.0,0.0,0.0,0.0
8228,0.0,60.52930621951817,0.0,0.0,0.0,0.0,0.0,0.0,0.0,0.0,0.0,0.0,0.0,52.89478451758619,0.0,0.0,5872.711620628833,0.0,36.723525609075836,0.0,0.0,592.2176203820849,0.0,0.0,0.0,0.0,0.0,0.0,0.0,2569.7085765555503,0.0,0.0,0.0,0.0,0.0,0.0,0.0
8229,0.0,54.85687190294264,0.0,0.0,0.0,0.0,0.0,0.0,0.0,0.0,0.0,0.0,0.0,58.93280767053363,0.0,0.0,5923.651242733,0.0,31.196184489130882,0.0,0.0,697.4106779426335,0.0,0.0,0.0,0.0,0.0,0.0,0.0,2687.754064418375,0.0,0.0,0.0,0.0,0.0,0.0,0.0
8230,0.0,50.1037174120545,0.0,0.0,0.0,0.0,0.0,0.0,0.0,0.0,0.0,0.0,0.0,59.24995651990164,0.0,0.0,5955.664888665079,0.0,25.18852502517399,0.0,0.0,805.891355607658,0.0,0.0,0.0,0.0,0.0,0.0,0.0,2800.452208337187,0.0,0.0,0.0,0.0,0.0,0.0,0.0
8231,0.0,44.16015081703658,0.0,0.0,0.0,0.0,0.0,0.0,0.0,0.0,0.0,0.0,0.0,51.74096012711511,0.0,0.0,5951.19018909335,0.0,18.380347955971875,0.0,0.0,887.9692697860295,0.0,0.0,0.0,0.0,0.0,0.0,0.0,2856.4146261960245,0.0,0.0,0.0,0.0,0.0,0.0,0.0
8232,0.0,57.687684792280116,0.0,0.0,0.0,0.0,0.0,0.0,0.0,0.0,0.0,0.0,0.0,42.9019112899899,0.0,0.0,6145.5706717669955,0.0,24.0230107557028,0.0,0.0,1117.5982052274046,0.0,0.0,0.0,0.0,0.0,0.0,0.0,3174.064394673705,0.0,0.0,0.0,0.0,0.0,0.0,0.0
8233,0.0,68.80830256640908,0.0,0.0,0.0,0.0,0.0,0.0,0.0,0.0,0.0,0.0,0.0,31.228244434297046,0.0,0.0,6342.813717573879,0.0,24.870387693121838,0.0,0.0,1336.1562348470093,0.0,0.0,0.0,0.0,0.0,0.0,0.0,3439.4036693155763,0.0,0.0,0.0,0.0,0.0,0.0,0.0
8234,0.0,78.23586563318966,0.0,0.0,0.0,0.0,0.0,0.0,0.0,0.0,0.0,0.0,0.0,25.092294078320165,0.0,0.0,6530.223703444004,0.0,24.942468142881918,0.0,0.0,1507.7488793045277,0.0,0.0,0.0,0.0,0.0,0.0,0.0,3675.5387617588044,0.0,0.0,0.0,0.0,0.0,0.0,0.0
8235,0.0,86.8384237334132,0.0,0.0,0.0,0.0,0.0,0.0,0.0,0.0,0.0,0.0,0.0,24.66761220991601,0.0,0.0,6698.2211551964265,0.0,26.73651696853337,0.0,0.0,1594.036049258708,0.0,0.0,0.0,0.0,0.0,0.0,0.0,3889.2712403714654,0.0,0.0,0.0,0.0,0.0,0.0,0.0
8236,0.0,95.49895936399697,0.0,0.0,0.0,0.0,0.0,0.0,0.0,0.0,0.0,0.0,0.0,25.78357376903281,0.0,0.0,6848.418598204851,0.0,28.77091300375758,0.0,0.0,1741.432966285944,0.0,0.0,0.0,0.0,0.0,0.0,0.0,4104.6345910847185,0.0,0.0,0.0,0.0,0.0,0.0,0.0
8237,0.0,105.12639270722862,0.0,0.0,0.0,0.0,0.0,0.0,0.0,0.0,0.0,0.0,0.0,23.884595295041777,0.0,0.0,6976.14492061734,0.0,20.714179458841667,0.0,0.0,1651.7904717877504,0.0,0.0,0.0,0.0,0.0,0.0,0.0,4316.287436559795,0.0,0.0,0.0,0.0,0.0,0.0,0.0
8238,0.0,93.59058258980505,0.0,0.0,0.0,0.0,0.0,0.0,0.0,0.0,0.0,0.0,0.0,24.275236482918178,0.0,0.0,6919.231253713368,0.0,18.11452026665198,0.0,0.0,1154.5736849091943,0.0,0.0,0.0,0.0,0.0,0.0,0.0,4181.771225318311,0.0,0.0,0.0,0.0,0.0,0.0,0.0
8239,0.0,85.48741962164637,0.0,0.0,0.0,0.0,0.0,0.0,0.0,0.0,0.0,0.0,0.0,24.910615816712262,0.0,0.0,6850.638640373943,0.0,18.402038042992277,0.0,0.0,837.995900128036,0.0,0.0,0.0,0.0,0.0,0.0,0.0,4121.893991193174,0.0,0.0,0.0,0.0,0.0,0.0,0.0
8240,0.0,75.28008472323413,0.0,0.0,0.0,0.0,0.0,0.0,0.0,0.0,0.0,0.0,0.0,24.678142739832282,0.0,0.0,6766.1440221071225,0.0,19.59110610187037,0.0,0.0,583.0805864777415,0.0,0.0,0.0,0.0,0.0,0.0,0.0,4093.9355638474212,0.0,0.0,0.0,0.0,0.0,0.0,0.0
8241,0.0,65.10331673473115,0.0,0.0,0.0,0.0,0.0,0.0,0.0,0.0,0.0,0.0,0.0,24.38175792098042,0.0,0.0,6676.496012330055,0.0,16.829069523513176,0.0,0.0,403.59668494127624,0.0,0.0,0.0,0.0,0.0,0.0,0.0,4076.782839408515,0.0,0.0,0.0,0.0,0.0,0.0,0.0
8242,0.0,62.33923481851815,0.0,0.0,0.0,0.0,0.0,0.0,0.0,0.0,0.0,0.0,0.0,23.440640147030344,0.0,0.0,6653.783751904964,0.0,14.465008434466984,0.0,0.0,325.878535513579,0.0,0.0,0.0,0.0,0.0,0.0,0.0,3998.478558608889,0.0,0.0,0.0,0.0,0.0,0.0,0.0
8243,0.0,59.95033752322194,0.0,0.0,0.0,0.0,0.0,0.0,0.0,0.0,0.0,0.0,0.0,23.292978747561563,0.0,0.0,6638.67284119129,0.0,14.132374610193008,0.0,0.0,286.0399792727073,0.0,0.0,0.0,0.0,0.0,0.0,0.0,3908.6764486938714,0.0,0.0,0.0,0.0,0.0,0.0,0.0
8244,0.0,56.856724959611874,0.0,0.0,0.0,0.0,0.0,0.0,0.0,0.0,0.0,0.0,0.0,23.16993155106894,0.0,0.0,6632.372090816498,0.0,13.97372370250523,0.0,0.0,260.4509936302892,0.0,0.0,0.0,0.0,0.0,0.0,0.0,3807.8053820162995,0.0,0.0,0.0,0.0,0.0,0.0,0.0
8245,0.0,53.88898521959781,0.0,0.0,0.0,0.0,0.0,0.0,0.0,0.0,0.0,0.0,0.0,23.099773786961947,0.0,0.0,6661.800484418869,0.0,13.821459588035834,0.0,0.0,246.93356953114215,0.0,0.0,0.0,0.0,0.0,0.0,0.0,3712.390685433149,0.0,0.0,0.0,0.0,0.0,0.0,0.0
8246,0.0,51.1206037357449,0.0,0.0,0.0,0.0,0.0,0.0,0.0,0.0,0.0,0.0,0.0,23.07422366142263,0.0,0.0,6719.147425144909,0.0,13.745704532228281,0.0,0.0,240.0625718068331,0.0,0.0,0.0,0.0,0.0,0.0,0.0,3638.5024157404896,0.0,0.0,0.0,0.0,0.0,0.0,0.0
8247,0.0,42.38211476951832,0.0,0.0,0.0,0.0,0.0,0.0,0.0,0.0,0.0,0.0,0.0,23.27117091119287,0.0,0.0,6685.338843226431,0.0,13.914721589721623,0.0,0.0,298.035699733346,0.0,0.0,0.0,0.0,0.0,0.0,0.0,3159.8244584321956,0.0,0.0,0.0,0.0,0.0,0.0,0.0
8248,0.0,37.54807510077948,0.0,0.0,0.0,0.0,0.0,0.0,0.0,0.0,0.0,0.0,0.0,23.321664493903395,0.0,0.0,6604.275411367415,0.0,14.091164741664928,0.0,0.0,329.5536112088708,0.0,0.0,0.0,0.0,0.0,0.0,0.0,2823.06564221978,0.0,0.0,0.0,0.0,0.0,0.0,0.0
8249,0.0,34.092232730984676,0.0,0.0,0.0,0.0,0.0,0.0,0.0,0.0,0.0,0.0,0.0,22.955224189907195,0.0,0.0,6440.695874646306,0.0,13.717333090677826,0.0,0.0,356.5282860931007,0.0,0.0,0.0,0.0,0.0,0.0,0.0,2574.0513611435886,0.0,0.0,0.0,0.0,0.0,0.0,0.0
8250,0.0,30.708792134374367,0.0,0.0,0.0,0.0,0.0,0.0,0.0,0.0,0.0,0.0,0.0,23.10790286287654,0.0,0.0,6228.218625664709,0.0,13.937058229557977,0.0,0.0,357.91772197522175,0.0,0.0,0.0,0.0,0.0,0.0,0.0,2437.0707611292587,0.0,0.0,0.0,0.0,0.0,0.0,0.0
8251,0.0,30.465263360738735,0.0,0.0,0.0,0.0,0.0,0.0,0.0,0.0,0.0,0.0,0.0,23.30039187073693,0.0,0.0,6293.710258588195,0.0,13.88594906311481,0.0,0.0,413.66205305568775,0.0,0.0,0.0,0.0,0.0,0.0,0.0,2527.255818617342,0.0,0.0,0.0,0.0,0.0,0.0,0.0
8252,0.0,30.09157973080872,0.0,0.0,0.0,0.0,0.0,0.0,0.0,0.0,0.0,0.0,0.0,23.368103346228576,0.0,0.0,6346.740018501876,0.0,13.850958328693995,0.0,0.0,453.8942714430383,0.0,0.0,0.0,0.0,0.0,0.0,0.0,2590.478148610889,0.0,0.0,0.0,0.0,0.0,0.0,0.0
8253,0.0,29.365303498506506,0.0,0.0,0.0,0.0,0.0,0.0,0.0,0.0,0.0,0.0,0.0,23.300534781068553,0.0,0.0,6394.73228959739,0.0,13.789734964258868,0.0,0.0,479.07275398000985,0.0,0.0,0.0,0.0,0.0,0.0,0.0,2642.9560690060257,0.0,0.0,0.0,0.0,0.0,0.0,0.0
8254,0.0,28.614092579483984,0.0,0.0,0.0,0.0,0.0,0.0,0.0,0.0,0.0,0.0,0.0,23.17909322418263,0.0,0.0,6429.041431128977,0.0,13.844786435551892,0.0,0.0,471.4304781798266,0.0,0.0,0.0,0.0,0.0,0.0,0.0,2700.915310753882,0.0,0.0,0.0,0.0,0.0,0.0,0.0
8255,0.0,28.103525936230945,0.0,0.0,0.0,0.0,0.0,0.0,0.0,0.0,0.0,0.0,0.0,22.9702984277158,0.0,0.0,6451.516441076992,0.0,14.066521631181114,0.0,0.0,489.1419065795833,0.0,0.0,0.0,0.0,0.0,0.0,0.0,2779.755862800776,0.0,0.0,0.0,0.0,0.0,0.0,0.0
8256,0.0,35.18977277129883,0.0,0.0,0.0,0.0,0.0,0.0,0.0,0.0,0.0,0.0,0.0,23.053532487153937,0.0,0.0,6590.707795560358,0.0,19.66132284924376,0.0,0.0,643.2129145681857,0.0,0.0,0.0,0.0,0.0,0.0,0.0,3306.1679277211415,0.0,0.0,0.0,0.0,0.0,0.0,0.0
8257,0.0,42.14845115393396,0.0,0.0,0.0,0.0,0.0,0.0,0.0,0.0,0.0,0.0,0.0,23.038308333605414,0.0,0.0,6712.082806020975,0.0,31.930987133085672,0.0,0.0,850.5392734363667,0.0,0.0,0.0,0.0,0.0,0.0,0.0,3812.162450295686,0.0,0.0,0.0,0.0,0.0,0.0,0.0
8258,0.0,48.89349783807992,0.0,0.0,0.0,0.0,0.0,0.0,0.0,0.0,0.0,0.0,0.0,23.038085561618196,0.0,0.0,6831.577703684568,0.0,49.022345905005814,0.0,0.0,1033.2745775543144,0.0,0.0,0.0,0.0,0.0,0.0,0.0,4283.247269606589,0.0,0.0,0.0,0.0,0.0,0.0,0.0
8259,0.0,54.602054134011205,0.0,0.0,0.0,0.0,0.0,0.0,0.0,0.0,0.0,0.0,0.0,23.211899551749106,0.0,0.0,6951.684007495642,0.0,64.30425344407546,0.0,0.0,1167.1805618785313,0.0,0.0,0.0,0.0,0.0,0.0,0.0,4731.076431342957,0.0,0.0,0.0,0.0,0.0,0.0,0.0
8260,0.0,61.3266691043973,0.0,0.0,0.0,0.0,0.0,0.0,0.0,0.0,0.0,0.0,0.0,23.04037913233033,0.0,0.0,7067.255326777697,0.0,80.44862909317007,0.0,0.0,1280.6905175641177,0.0,0.0,0.0,0.0,0.0,0.0,0.0,5145.843006154893,0.0,0.0,0.0,0.0,0.0,0.0,0.0
8261,0.0,69.35028656423088,0.0,0.0,0.0,0.0,0.0,0.0,0.0,0.0,0.0,0.0,0.0,23.227227385342005,0.0,0.0,7167.999658048153,0.0,77.0697922438382,0.0,0.0,1376.940269015729,0.0,0.0,0.0,0.0,0.0,0.0,0.0,5457.351510578394,0.0,0.0,0.0,0.0,0.0,0.0,0.0
8262,0.0,74.02581036239857,0.0,0.0,0.0,0.0,0.0,0.0,0.0,0.0,0.0,0.0,0.0,23.64200080409632,0.0,0.0,7022.7533602416515,0.0,56.17808123826976,0.0,0.0,2178.405517847836,0.0,0.0,0.0,0.0,0.0,0.0,0.0,5580.460657426714,0.0,0.0,0.0,0.0,0.0,0.0,0.0
8263,0.0,77.69985754340887,0.0,0.0,0.0,0.0,0.0,0.0,0.0,0.0,0.0,0.0,0.0,23.464102660864565,0.0,0.0,6900.33755916357,0.0,36.694447405636254,0.0,0.0,2706.8978199273347,0.0,0.0,0.0,0.0,0.0,0.0,0.0,5695.440395030379,0.0,0.0,0.0,0.0,0.0,0.0,0.0
8264,0.0,82.04444088488812,0.0,0.0,0.0,0.0,0.0,0.0,0.0,0.0,0.0,0.0,0.0,23.550101054459788,0.0,0.0,6804.858632743357,0.0,24.039528420194983,0.0,0.0,3008.944544103741,0.0,0.0,0.0,0.0,0.0,0.0,0.0,5782.8970866650325,0.0,0.0,0.0,0.0,0.0,0.0,0.0
8265,0.0,85.12782707065338,0.0,0.0,0.0,0.0,0.0,0.0,0.0,0.0,0.0,0.0,0.0,23.67195593044151,0.0,0.0,6722.393478393555,0.0,18.88212851881973,0.0,0.0,3207.611849543452,0.0,0.0,0.0,0.0,0.0,0.0,0.0,5821.428700119257,0.0,0.0,0.0,0.0,0.0,0.0,0.0
8266,0.0,91.79678613692522,0.0,0.0,0.0,0.0,0.0,0.0,0.0,0.0,0.0,0.0,0.0,23.212563664466067,0.0,0.0,6585.00833901763,0.0,19.275643905252192,0.0,0.0,3108.4973942041397,0.0,0.0,0.0,0.0,0.0,0.0,0.0,5581.591781136393,0.0,0.0,0.0,0.0,0.0,0.0,0.0
8267,0.0,98.25717759579419,0.0,0.0,0.0,0.0,0.0,0.0,0.0,0.0,0.0,0.0,0.0,23.292727953940553,0.0,0.0,6477.23594853282,0.0,27.812134460359644,0.0,0.0,3005.019578853249,0.0,0.0,0.0,0.0,0.0,0.0,0.0,5355.7680673956875,0.0,0.0,0.0,0.0,0.0,0.0,0.0
8268,0.0,103.18308632969854,0.0,0.0,0.0,0.0,0.0,0.0,0.0,0.0,0.0,0.0,0.0,23.145191250741345,0.0,0.0,6390.794320613144,0.0,40.32857072502368,0.0,0.0,2880.102806442976,0.0,0.0,0.0,0.0,0.0,0.0,0.0,5143.811467471718,0.0,0.0,0.0,0.0,0.0,0.0,0.0
8269,0.0,109.32931476384398,0.0,0.0,0.0,0.0,0.0,0.0,0.0,0.0,0.0,0.0,0.0,22.900357831269453,0.0,0.0,6317.955701604484,0.0,54.562558798491885,0.0,0.0,2773.621623668075,0.0,0.0,0.0,0.0,0.0,0.0,0.0,4950.28661518395,0.0,0.0,0.0,0.0,0.0,0.0,0.0
8270,0.0,114.51290296912191,0.0,0.0,0.0,0.0,0.0,0.0,0.0,0.0,0.0,0.0,0.0,22.776107105612628,0.0,0.0,6260.891127839683,0.0,63.41770170479999,0.0,0.0,2714.9929850667713,0.0,0.0,0.0,0.0,0.0,0.0,0.0,4763.108784428237,0.0,0.0,0.0,0.0,0.0,0.0,0.0
8271,0.0,101.72575734704725,0.0,0.0,0.0,0.0,0.0,0.0,0.0,0.0,0.0,0.0,0.0,22.80801533982146,0.0,0.0,6180.21118609607,0.0,76.22890306562168,0.0,0.0,2703.9256366610525,0.0,0.0,0.0,0.0,0.0,0.0,0.0,3947.51362465918,0.0,0.0,0.0,0.0,0.0,0.0,0.0
8272,0.0,77.81910917311907,0.0,0.0,0.0,0.0,0.0,0.0,0.0,0.0,0.0,0.0,0.0,23.019158349186135,0.0,0.0,6206.827967077493,0.0,81.39493787437672,0.0,0.0,2662.3465578496453,0.0,0.0,0.0,0.0,0.0,0.0,0.0,3026.5482162445783,0.0,0.0,0.0,0.0,0.0,0.0,0.0
8273,0.0,60.12382121980187,0.0,0.0,0.0,0.0,0.0,0.0,0.0,0.0,0.0,0.0,0.0,23.088911200687196,0.0,0.0,6310.085597664116,0.0,77.92201184332357,0.0,0.0,2606.7806273996825,0.0,0.0,0.0,0.0,0.0,0.0,0.0,2172.634975166617,0.0,0.0,0.0,0.0,0.0,0.0,0.0
8274,0.0,46.22130602896206,0.0,0.0,0.0,0.0,0.0,0.0,0.0,0.0,0.0,0.0,0.0,23.572722919285212,0.0,0.0,6368.105007365346,0.0,77.08638401180504,0.0,0.0,2530.019309355318,0.0,0.0,0.0,0.0,0.0,0.0,0.0,1573.6037194088085,0.0,0.0,0.0,0.0,0.0,0.0,0.0
8275,0.0,41.065058304369366,0.0,0.0,0.0,0.0,0.0,0.0,0.0,0.0,0.0,0.0,0.0,26.10915993228541,0.0,0.0,6493.548280104993,0.0,66.76197669357055,0.0,0.0,2490.079669515788,0.0,0.0,0.0,0.0,0.0,0.0,0.0,1603.5584282249206,0.0,0.0,0.0,0.0,0.0,0.0,0.0
8276,0.0,40.80478366166349,0.0,0.0,0.0,0.0,0.0,0.0,0.0,0.0,0.0,0.0,0.0,35.73695610836137,0.0,0.0,6566.050081223249,0.0,58.23251855820417,0.0,0.0,2381.516111625731,0.0,0.0,0.0,0.0,0.0,0.0,0.0,1623.840546712278,0.0,0.0,0.0,0.0,0.0,0.0,0.0
8277,0.0,47.83146956115961,0.0,0.0,0.0,0.0,0.0,0.0,0.0,0.0,0.0,0.0,0.0,48.019788059592166,0.0,0.0,6645.505654931067,0.0,47.893631421029504,0.0,0.0,2346.0830367162816,0.0,0.0,0.0,0.0,0.0,0.0,0.0,1642.0153687104573,0.0,0.0,0.0,0.0,0.0,0.0,0.0
8278,0.0,55.98156304657455,0.0,0.0,0.0,0.0,0.0,0.0,0.0,0.0,0.0,0.0,0.0,68.49123909473414,0.0,0.0,6685.927691131828,0.0,48.70513116121292,0.0,0.0,2332.7787548214187,0.0,0.0,0.0,0.0,0.0,0.0,0.0,1670.4218338683238,0.0,0.0,0.0,0.0,0.0,0.0,0.0
8279,0.0,58.3155970171093,0.0,0.0,0.0,0.0,0.0,0.0,0.0,0.0,0.0,0.0,0.0,100.72019771337504,0.0,0.0,6664.983530163763,0.0,70.04161863178012,0.0,0.0,2331.915135307609,0.0,0.0,0.0,0.0,0.0,0.0,0.0,1828.8820319622741,0.0,0.0,0.0,0.0,0.0,0.0,0.0
8280,0.0,51.87872342169279,0.0,0.0,0.0,0.0,0.0,0.0,0.0,0.0,0.0,0.0,0.0,144.8101982474327,0.0,0.0,6908.426633626221,0.0,134.7338704586028,0.0,0.0,2509.1278916090723,0.0,0.0,0.0,0.0,0.0,0.0,0.0,2266.450440737605,0.0,0.0,0.0,0.0,0.0,0.0,0.0
8281,0.0,56.679895596206116,0.0,0.0,0.0,0.0,0.0,0.0,0.0,0.0,0.0,0.0,0.0,197.4926180124283,0.0,0.0,7085.160348027945,0.0,219.45798844397052,0.0,0.0,2355.4034667715423,0.0,0.0,0.0,0.0,0.0,0.0,0.0,2840.4866830885394,0.0,0.0,0.0,0.0,0.0,0.0,0.0
8282,0.0,80.05955565422767,0.0,0.0,0.0,0.0,0.0,0.0,0.0,0.0,0.0,0.0,0.0,252.01034269332882,0.0,0.0,7231.3066419065,0.0,301.45824055075633,0.0,0.0,2037.5366863444438,0.0,0.0,0.0,0.0,0.0,0.0,0.0,3448.982421216367,0.0,0.0,0.0,0.0,0.0,0.0,0.0
8283,0.0,109.21483263820406,0.0,0.0,0.0,0.0,0.0,0.0,0.0,0.0,0.0,0.0,0.0,304.4583670973777,0.0,0.0,7358.297876775265,0.0,365.6257434427738,0.0,0.0,1427.888067913055,0.0,0.0,0.0,0.0,0.0,0.0,0.0,4015.189754259586,0.0,0.0,0.0,0.0,0.0,0.0,0.0
8284,0.0,143.9368152558803,0.0,0.0,0.0,0.0,0.0,0.0,0.0,0.0,0.0,0.0,0.0,350.6328857481479,0.0,0.0,7465.333623975514,0.0,397.973866444826,0.0,0.0,1528.848897872865,0.0,0.0,0.0,0.0,0.0,0.0,0.0,4667.234840047358,0.0,0.0,0.0,0.0,0.0,0.0,0.0
8285,0.0,181.35709570348254,0.0,0.0,0.0,0.0,0.0,0.0,0.0,0.0,0.0,0.0,0.0,379.29832201004024,0.0,0.0,7524.981505393982,0.0,406.45521660447105,0.0,0.0,1802.9302446395156,0.0,0.0,0.0,0.0,0.0,0.0,0.0,5213.071097943187,0.0,0.0,0.0,0.0,0.0,0.0,0.0
8286,0.0,204.91730954647065,0.0,0.0,0.0,0.0,0.0,0.0,0.0,0.0,0.0,0.0,0.0,387.7878009676933,0.0,0.0,7282.00901353359,0.0,386.74502621889116,0.0,0.0,1396.8967675477265,0.0,0.0,0.0,0.0,0.0,0.0,0.0,5611.0498152673235,0.0,0.0,0.0,0.0,0.0,0.0,0.0
8287,0.0,230.07958577871315,0.0,0.0,0.0,0.0,0.0,0.0,0.0,0.0,0.0,0.0,0.0,388.806757235527,0.0,0.0,7056.106887966394,0.0,368.47650411128996,0.0,0.0,1181.8343911819159,0.0,0.0,0.0,0.0,0.0,0.0,0.0,5955.17829298973,0.0,0.0,0.0,0.0,0.0,0.0,0.0
8288,0.0,265.9956908941269,0.0,0.0,0.0,0.0,0.0,0.0,0.0,0.0,0.0,0.0,0.0,382.30044775009156,0.0,0.0,6843.926396548746,0.0,358.6234689950943,0.0,0.0,1083.414691628515,0.0,0.0,0.0,0.0,0.0,0.0,0.0,6273.674957799911,0.0,0.0,0.0,0.0,0.0,0.0,0.0
8289,0.0,292.1497714698315,0.0,0.0,0.0,0.0,0.0,0.0,0.0,0.0,0.0,0.0,0.0,375.4528571844101,0.0,0.0,6653.933880895376,0.0,353.8747404932975,0.0,0.0,1172.5724692672486,0.0,0.0,0.0,0.0,0.0,0.0,0.0,6507.904352688788,0.0,0.0,0.0,0.0,0.0,0.0,0.0
8290,0.0,312.9682078421116,0.0,0.0,0.0,0.0,0.0,0.0,0.0,0.0,0.0,0.0,0.0,344.24650885462756,0.0,0.0,6610.954984635115,0.0,334.04960079789157,0.0,0.0,1070.1925330616527,0.0,0.0,0.0,0.0,0.0,0.0,0.0,6482.245780456066,0.0,0.0,0.0,0.0,0.0,0.0,0.0
8291,0.0,332.26999803185464,0.0,0.0,0.0,0.0,0.0,0.0,0.0,0.0,0.0,0.0,0.0,315.4780650675296,0.0,0.0,6582.863750278948,0.0,318.3224128901957,0.0,0.0,958.8383715033531,0.0,0.0,0.0,0.0,0.0,0.0,0.0,6459.370177555084,0.0,0.0,0.0,0.0,0.0,0.0,0.0
8292,0.0,350.17679244875904,0.0,0.0,0.0,0.0,0.0,0.0,0.0,0.0,0.0,0.0,0.0,284.8102477014064,0.0,0.0,6569.712295144796,0.0,322.6302850008011,0.0,0.0,851.9356727711854,0.0,0.0,0.0,0.0,0.0,0.0,0.0,6436.772293007374,0.0,0.0,0.0,0.0,0.0,0.0,0.0
8293,0.0,367.19143710136416,0.0,0.0,0.0,0.0,0.0,0.0,0.0,0.0,0.0,0.0,0.0,245.01282517909993,0.0,0.0,6552.002519369125,0.0,337.86130568385107,0.0,0.0,750.161481260508,0.0,0.0,0.0,0.0,0.0,0.0,0.0,6412.832103085518,0.0,0.0,0.0,0.0,0.0,0.0,0.0
8294,0.0,383.1765702724457,0.0,0.0,0.0,0.0,0.0,0.0,0.0,0.0,0.0,0.0,0.0,207.80502753257753,0.0,0.0,6519.797517314551,0.0,351.90945706367484,0.0,0.0,656.8048173353075,0.0,0.0,0.0,0.0,0.0,0.0,0.0,6387.306604230403,0.0,0.0,0.0,0.0,0.0,0.0,0.0
8295,0.0,371.39081709980957,0.0,0.0,0.0,0.0,0.0,0.0,0.0,0.0,0.0,0.0,0.0,181.9739234685897,0.0,0.0,6140.515680864453,0.0,392.69239324331267,0.0,0.0,551.5476505961262,0.0,0.0,0.0,0.0,0.0,0.0,0.0,5705.64509806335,0.0,0.0,0.0,0.0,0.0,0.0,0.0
8296,0.0,346.64079435467715,0.0,0.0,0.0,0.0,0.0,0.0,0.0,0.0,0.0,0.0,0.0,161.24614173769947,0.0,0.0,5803.8615321815005,0.0,440.8030070483683,0.0,0.0,471.39751531407217,0.0,0.0,0.0,0.0,0.0,0.0,0.0,4897.676344636083,0.0,0.0,0.0,0.0,0.0,0.0,0.0
8297,0.0,320.2301986277103,0.0,0.0,0.0,0.0,0.0,0.0,0.0,0.0,0.0,0.0,0.0,146.15593159794795,0.0,0.0,5496.4945936203,0.0,482.0210195481777,0.0,0.0,416.7299081068485,0.0,0.0,0.0,0.0,0.0,0.0,0.0,4205.041709002851,0.0,0.0,0.0,0.0,0.0,0.0,0.0
8298,0.0,292.2725441157817,0.0,0.0,0.0,0.0,0.0,0.0,0.0,0.0,0.0,0.0,0.0,132.64284625053395,0.0,0.0,5206.3026449233275,0.0,523.8556025981902,0.0,0.0,391.6527740824958,0.0,0.0,0.0,0.0,0.0,0.0,0.0,3614.001364925502,0.0,0.0,0.0,0.0,0.0,0.0,0.0
8299,0.0,301.7790635168552,0.0,0.0,0.0,0.0,0.0,0.0,0.0,0.0,0.0,0.0,0.0,126.43053974509235,0.0,0.0,5301.819298058746,0.0,559.3968146800994,0.0,0.0,448.9550263244656,0.0,0.0,0.0,0.0,0.0,0.0,0.0,3412.873249492049,0.0,0.0,0.0,0.0,0.0,0.0,0.0
8300,0.0,311.3329973995685,0.0,0.0,0.0,0.0,0.0,0.0,0.0,0.0,0.0,0.0,0.0,121.55237684249876,0.0,0.0,5380.333259627221,0.0,591.8577528119087,0.0,0.0,469.6740986164653,0.0,0.0,0.0,0.0,0.0,0.0,0.0,3236.826934450865,0.0,0.0,0.0,0.0,0.0,0.0,0.0
8301,0.0,314.8466629922389,0.0,0.0,0.0,0.0,0.0,0.0,0.0,0.0,0.0,0.0,0.0,113.32175052762018,0.0,0.0,5442.186792612074,0.0,617.9294893622397,0.0,0.0,477.2668355058871,0.0,0.0,0.0,0.0,0.0,0.0,0.0,3078.0201308339815,0.0,0.0,0.0,0.0,0.0,0.0,0.0
8302,0.0,307.8772953093051,0.0,0.0,0.0,0.0,0.0,0.0,0.0,0.0,0.0,0.0,0.0,109.39679393172254,0.0,0.0,5523.729392647741,0.0,643.890129983425,0.0,0.0,501.4708888035259,0.0,0.0,0.0,0.0,0.0,0.0,0.0,2912.5216890305283,0.0,0.0,0.0,0.0,0.0,0.0,0.0
8303,0.0,287.9646158158779,0.0,0.0,0.0,0.0,0.0,0.0,0.0,0.0,0.0,0.0,0.0,114.91453380882734,0.0,0.0,5656.125271171331,0.0,673.3620896458626,0.0,0.0,581.6156122718002,0.0,0.0,0.0,0.0,0.0,0.0,0.0,2721.853755818306,0.0,0.0,0.0,0.0,0.0,0.0,0.0
8304,0.0,265.6929676651954,0.0,0.0,0.0,0.0,0.0,0.0,0.0,0.0,0.0,0.0,0.0,128.058506989479,0.0,0.0,6047.386312037705,0.0,726.3331503510474,0.0,0.0,933.9851276211432,0.0,0.0,0.0,0.0,0.0,0.0,0.0,2860.6594138130527,0.0,0.0,0.0,0.0,0.0,0.0,0.0
8305,0.0,243.29773324728012,0.0,0.0,0.0,0.0,0.0,0.0,0.0,0.0,0.0,0.0,0.0,152.40085528492915,0.0,0.0,6453.89555774629,0.0,780.2506013512611,0.0,0.0,1326.1641343653203,0.0,0.0,0.0,0.0,0.0,0.0,0.0,2976.35803694576,0.0,0.0,0.0,0.0,0.0,0.0,0.0
8306,0.0,220.18711530268192,0.0,0.0,0.0,0.0,0.0,0.0,0.0,0.0,0.0,0.0,0.0,181.95004903674123,0.0,0.0,6846.858968019484,0.0,830.9386229276657,0.0,0.0,1717.5655807882547,0.0,0.0,0.0,0.0,0.0,0.0,0.0,3077.0531791716808,0.0,0.0,0.0,0.0,0.0,0.0,0.0
8307,0.0,198.7851862192154,0.0,0.0,0.0,0.0,0.0,0.0,0.0,0.0,0.0,0.0,0.0,210.8220831990242,0.0,0.0,7200.790007591248,0.0,875.2469874501228,0.0,0.0,1995.1342549413444,0.0,0.0,0.0,0.0,0.0,0.0,0.0,3164.3981325626355,0.0,0.0,0.0,0.0,0.0,0.0,0.0
8308,0.0,178.2152269810438,0.0,0.0,0.0,0.0,0.0,0.0,0.0,0.0,0.0,0.0,0.0,238.89482828378675,0.0,0.0,7492.663323193787,0.0,913.3387225627899,0.0,0.0,2212.4181997865435,0.0,0.0,0.0,0.0,0.0,0.0,0.0,3252.701720529795,0.0,0.0,0.0,0.0,0.0,0.0,0.0
8309,0.0,157.91804129183294,0.0,0.0,0.0,0.0,0.0,0.0,0.0,0.0,0.0,0.0,0.0,265.9866144359112,0.0,0.0,7692.198753118515,0.0,938.7651660561561,0.0,0.0,2322.7792367488137,0.0,0.0,0.0,0.0,0.0,0.0,0.0,3331.5820499449956,0.0,0.0,0.0,0.0,0.0,0.0,0.0
8310,0.0,148.69951576888556,0.0,0.0,0.0,0.0,0.0,0.0,0.0,0.0,0.0,0.0,0.0,292.2290984988212,0.0,0.0,7519.909012407063,0.0,948.2593032240867,0.0,0.0,2676.767868384719,0.0,0.0,0.0,0.0,0.0,0.0,0.0,3291.674139547347,0.0,0.0,0.0,0.0,0.0,0.0,0.0
8311,0.0,141.94276977181434,0.0,0.0,0.0,0.0,0.0,0.0,0.0,0.0,0.0,0.0,0.0,317.4450044095516,0.0,0.0,7369.761353105305,0.0,954.6098524332047,0.0,0.0,2980.3804611414666,0.0,0.0,0.0,0.0,0.0,0.0,0.0,3266.639348772166,0.0,0.0,0.0,0.0,0.0,0.0,0.0
8312,0.0,143.0587074726819,0.0,0.0,0.0,0.0,0.0,0.0,0.0,0.0,0.0,0.0,0.0,341.3035872220992,0.0,0.0,7227.821004569529,0.0,962.8733976602554,0.0,0.0,3248.3892230182882,0.0,0.0,0.0,0.0,0.0,0.0,0.0,3249.6931050360204,0.0,0.0,0.0,0.0,0.0,0.0,0.0
8313,0.0,142.2240162044763,0.0,0.0,0.0,0.0,0.0,0.0,0.0,0.0,0.0,0.0,0.0,356.5208138227462,0.0,0.0,7084.068995833395,0.0,960.829920244217,0.0,0.0,3473.0937863677736,0.0,0.0,0.0,0.0,0.0,0.0,0.0,3247.1130002826453,0.0,0.0,0.0,0.0,0.0,0.0,0.0
8314,0.0,138.51917766630646,0.0,0.0,0.0,0.0,0.0,0.0,0.0,0.0,0.0,0.0,0.0,348.7365385055542,0.0,0.0,6884.8719395399075,0.0,937.6231425881384,0.0,0.0,3290.510542863607,0.0,0.0,0.0,0.0,0.0,0.0,0.0,3123.619097799061,0.0,0.0,0.0,0.0,0.0,0.0,0.0
8315,0.0,135.53428173959253,0.0,0.0,0.0,0.0,0.0,0.0,0.0,0.0,0.0,0.0,0.0,340.74712241291996,0.0,0.0,6704.48301205039,0.0,917.4530660390852,0.0,0.0,3109.3272561103104,0.0,0.0,0.0,0.0,0.0,0.0,0.0,3033.4644157558673,0.0,0.0,0.0,0.0,0.0,0.0,0.0
8316,0.0,132.1300902932882,0.0,0.0,0.0,0.0,0.0,0.0,0.0,0.0,0.0,0.0,0.0,335.5611923038959,0.0,0.0,6546.0401426255685,0.0,896.6982834339142,0.0,0.0,2942.3376052647823,0.0,0.0,0.0,0.0,0.0,0.0,0.0,2970.613280931114,0.0,0.0,0.0,0.0,0.0,0.0,0.0
8317,0.0,124.86843617856499,0.0,0.0,0.0,0.0,0.0,0.0,0.0,0.0,0.0,0.0,0.0,334.57453937530516,0.0,0.0,6404.916558027266,0.0,877.519237112999,0.0,0.0,2784.717431402206,0.0,0.0,0.0,0.0,0.0,0.0,0.0,2919.5684306323524,0.0,0.0,0.0,0.0,0.0,0.0,0.0
8318,0.0,111.78697007149452,0.0,0.0,0.0,0.0,0.0,0.0,0.0,0.0,0.0,0.0,0.0,334.89486027359965,0.0,0.0,6275.718115851283,0.0,865.0404491186142,0.0,0.0,2629.6140915513033,0.0,0.0,0.0,0.0,0.0,0.0,0.0,2868.0639709234215,0.0,0.0,0.0,0.0,0.0,0.0,0.0
8319,0.0,81.38153593093156,0.0,0.0,0.0,0.0,0.0,0.0,0.0,0.0,0.0,0.0,0.0,346.23499122858044,0.0,0.0,5937.796816259623,0.0,876.3073785305023,0.0,0.0,2554.9001799792045,0.0,0.0,0.0,0.0,0.0,0.0,0.0,2421.3644864469748,0.0,0.0,0.0,0.0,0.0,0.0,0.0
8320,0.0,58.853120125830124,0.0,0.0,0.0,0.0,0.0,0.0,0.0,0.0,0.0,0.0,0.0,359.27336768507956,0.0,0.0,5573.868197157977,0.0,905.2853940725325,0.0,0.0,2480.6479755967857,0.0,0.0,0.0,0.0,0.0,0.0,0.0,2046.5199249178163,0.0,0.0,0.0,0.0,0.0,0.0,0.0
8321,0.0,42.655849233269684,0.0,0.0,0.0,0.0,0.0,0.0,0.0,0.0,0.0,0.0,0.0,369.6829338133335,0.0,0.0,5181.916018426417,0.0,947.6760792374611,0.0,0.0,2404.155961516499,0.0,0.0,0.0,0.0,0.0,0.0,0.0,1760.4353062540272,0.0,0.0,0.0,0.0,0.0,0.0,0.0
8322,0.0,32.091762444376876,0.0,0.0,0.0,0.0,0.0,0.0,0.0,0.0,0.0,0.0,0.0,384.55975360870355,0.0,0.0,4764.344288587568,0.0,1002.7991641283036,0.0,0.0,2355.197742158174,0.0,0.0,0.0,0.0,0.0,0.0,0.0,1567.9553331091984,0.0,0.0,0.0,0.0,0.0,0.0,0.0
8323,0.0,33.72100399285552,0.0,0.0,0.0,0.0,0.0,0.0,0.0,0.0,0.0,0.0,0.0,408.5999390244484,0.0,0.0,4724.922204807399,0.0,1049.5470743179321,0.0,0.0,2280.8952798128125,0.0,0.0,0.0,0.0,0.0,0.0,0.0,1635.363146279752,0.0,0.0,0.0,0.0,0.0,0.0,0.0
8324,0.0,33.15076068341729,0.0,0.0,0.0,0.0,0.0,0.0,0.0,0.0,0.0,0.0,0.0,431.96823291778566,0.0,0.0,4694.163652792573,0.0,1098.640329837799,0.0,0.0,2241.4825916871423,0.0,0.0,0.0,0.0,0.0,0.0,0.0,1669.6635325834145,0.0,0.0,0.0,0.0,0.0,0.0,0.0
8325,0.0,31.226483224332267,0.0,0.0,0.0,0.0,0.0,0.0,0.0,0.0,0.0,0.0,0.0,454.9428340673447,0.0,0.0,4670.239470258353,0.0,1147.723507285118,0.0,0.0,2215.467283791303,0.0,0.0,0.0,0.0,0.0,0.0,0.0,1684.915260429679,0.0,0.0,0.0,0.0,0.0,0.0,0.0
8326,0.0,30.024929418414793,0.0,0.0,0.0,0.0,0.0,0.0,0.0,0.0,0.0,0.0,0.0,488.0407323360443,0.0,0.0,4669.541720494628,0.0,1193.092381453514,0.0,0.0,2130.6333561390634,0.0,0.0,0.0,0.0,0.0,0.0,0.0,1699.271093457937,0.0,0.0,0.0,0.0,0.0,0.0,0.0
8327,0.0,30.947319942712777,0.0,0.0,0.0,0.0,0.0,0.0,0.0,0.0,0.0,0.0,0.0,540.4769652366638,0.0,0.0,4712.186521410941,0.0,1228.666910457611,0.0,0.0,2068.2134203031655,0.0,0.0,0.0,0.0,0.0,0.0,0.0,1732.5325672239062,0.0,0.0,0.0,0.0,0.0,0.0,0.0
8328,0.0,48.10086237341161,0.0,0.0,0.0,0.0,0.0,0.0,0.0,0.0,0.0,0.0,0.0,611.3982852339744,0.0,0.0,5117.393612042068,0.0,1279.5745747327805,0.0,0.0,2445.948182532191,0.0,0.0,0.0,0.0,0.0,0.0,0.0,2086.4878629803648,0.0,0.0,0.0,0.0,0.0,0.0,0.0
8329,0.0,62.356622466444875,0.0,0.0,0.0,0.0,0.0,0.0,0.0,0.0,0.0,0.0,0.0,696.8096592307089,0.0,0.0,5547.383265212177,0.0,1315.731379199028,0.0,0.0,2959.2124732196326,0.0,0.0,0.0,0.0,0.0,0.0,0.0,2417.563216486572,0.0,0.0,0.0,0.0,0.0,0.0,0.0
8330,0.0,77.11958424746982,0.0,0.0,0.0,0.0,0.0,0.0,0.0,0.0,0.0,0.0,0.0,784.1696800470352,0.0,0.0,5963.965932816266,0.0,1343.400905227661,0.0,0.0,2888.9878693252804,0.0,0.0,0.0,0.0,0.0,0.0,0.0,2758.7864998728037,0.0,0.0,0.0,0.0,0.0,0.0,0.0
8331,0.0,90.82863993644713,0.0,0.0,0.0,0.0,0.0,0.0,0.0,0.0,0.0,0.0,0.0,862.9793365001678,0.0,0.0,6325.2824630588275,0.0,1365.2142411470413,0.0,0.0,2934.8367556750773,0.0,0.0,0.0,0.0,0.0,0.0,0.0,3076.545113694666,0.0,0.0,0.0,0.0,0.0,0.0,0.0
8332,0.0,102.14875624626869,0.0,0.0,0.0,0.0,0.0,0.0,0.0,0.0,0.0,0.0,0.0,931.4356942653656,0.0,0.0,6666.158892363308,0.0,1394.6318977832793,0.0,0.0,3044.2731672227383,0.0,0.0,0.0,0.0,0.0,0.0,0.0,3400.5498591780643,0.0,0.0,0.0,0.0,0.0,0.0,0.0
8333,0.0,112.41410374492405,0.0,0.0,0.0,0.0,0.0,0.0,0.0,0.0,0.0,0.0,0.0,986.7956820011138,0.0,0.0,6950.2426136136055,0.0,1423.9337158679962,0.0,0.0,3034.0429469347,0.0,0.0,0.0,0.0,0.0,0.0,0.0,3645.2981983095406,0.0,0.0,0.0,0.0,0.0,0.0,0.0
8334,0.0,107.24349841028449,0.0,0.0,0.0,0.0,0.0,0.0,0.0,0.0,0.0,0.0,0.0,1034.4962139844895,0.0,0.0,7046.827671766279,0.0,1433.2834401845932,0.0,0.0,2705.679518464208,0.0,0.0,0.0,0.0,0.0,0.0,0.0,3809.554139772057,0.0,0.0,0.0,0.0,0.0,0.0,0.0
8335,0.0,100.67453760802745,0.0,0.0,0.0,0.0,0.0,0.0,0.0,0.0,0.0,0.0,0.0,1077.4672322273254,0.0,0.0,7160.99882429838,0.0,1442.8190752983094,0.0,0.0,2478.2177306056014,0.0,0.0,0.0,0.0,0.0,0.0,0.0,3934.906006968021,0.0,0.0,0.0,0.0,0.0,0.0,0.0
8336,0.0,97.10821107923982,0.0,0.0,0.0,0.0,0.0,0.0,0.0,0.0,0.0,0.0,0.0,1115.854000878334,0.0,0.0,7287.283752828836,0.0,1450.8841417789458,0.0,0.0,2300.011774018407,0.0,0.0,0.0,0.0,0.0,0.0,0.0,4067.5689544588313,0.0,0.0,0.0,0.0,0.0,0.0,0.0
8337,0.0,94.41802140623324,0.0,0.0,0.0,0.0,0.0,0.0,0.0,0.0,0.0,0.0,0.0,1144.0070895910262,0.0,0.0,7403.613495767115,0.0,1460.9649413347245,0.0,0.0,2156.473669441044,0.0,0.0,0.0,0.0,0.0,0.0,0.0,4177.7656443297865,0.0,0.0,0.0,0.0,0.0,0.0,0.0
8338,0.0,83.31384439319369,0.0,0.0,0.0,0.0,0.0,0.0,0.0,0.0,0.0,0.0,0.0,1147.6518746852876,0.0,0.0,7432.5090481340885,0.0,1451.7159977436065,0.0,0.0,2096.8221601903438,0.0,0.0,0.0,0.0,0.0,0.0,0.0,3984.0813209563476,0.0,0.0,0.0,0.0,0.0,0.0,0.0
8339,0.0,75.06210435926909,0.0,0.0,0.0,0.0,0.0,0.0,0.0,0.0,0.0,0.0,0.0,1149.9757423877716,0.0,0.0,7509.613897442818,0.0,1432.7155111551285,0.0,0.0,1961.7060488909474,0.0,0.0,0.0,0.0,0.0,0.0,0.0,3789.5403377145526,0.0,0.0,0.0,0.0,0.0,0.0,0.0
8340,0.0,68.8907729029655,0.0,0.0,0.0,0.0,0.0,0.0,0.0,0.0,0.0,0.0,0.0,1157.7537408590317,0.0,0.0,7611.231777191162,0.0,1416.9439204454422,0.0,0.0,1810.9194441944358,0.0,0.0,0.0,0.0,0.0,0.0,0.0,3613.0615341961366,0.0,0.0,0.0,0.0,0.0,0.0,0.0
8341,0.0,64.50931708663695,0.0,0.0,0.0,0.0,0.0,0.0,0.0,0.0,0.0,0.0,0.0,1173.0087182044983,0.0,0.0,7689.437313139439,0.0,1403.6271110773087,0.0,0.0,1666.697256079316,0.0,0.0,0.0,0.0,0.0,0.0,0.0,3463.9068898051974,0.0,0.0,0.0,0.0,0.0,0.0,0.0
8342,0.0,61.490578722953785,0.0,0.0,0.0,0.0,0.0,0.0,0.0,0.0,0.0,0.0,0.0,1193.0223517894744,0.0,0.0,7750.069200634956,0.0,1391.9220819234847,0.0,0.0,1539.8220882877706,0.0,0.0,0.0,0.0,0.0,0.0,0.0,3336.4696036726236,0.0,0.0,0.0,0.0,0.0,0.0,0.0
8343,0.0,50.1086622655391,0.0,0.0,0.0,0.0,0.0,0.0,0.0,0.0,0.0,0.0,0.0,1225.430335021019,0.0,0.0,7906.550280869007,0.0,1399.3592252016067,0.0,0.0,1390.9349923834204,0.0,0.0,0.0,0.0,0.0,0.0,0.0,2848.7377749189736,0.0,0.0,0.0,0.0,0.0,0.0,0.0
8344,0.0,45.52338730394834,0.0,0.0,0.0,0.0,0.0,0.0,0.0,0.0,0.0,0.0,0.0,1261.6959780931472,0.0,0.0,8008.483976006506,0.0,1425.4652271986008,0.0,0.0,1260.391371745616,0.0,0.0,0.0,0.0,0.0,0.0,0.0,2519.295824800431,0.0,0.0,0.0,0.0,0.0,0.0,0.0
8345,0.0,40.63083704262969,0.0,0.0,0.0,0.0,0.0,0.0,0.0,0.0,0.0,0.0,0.0,1289.5048266410827,0.0,0.0,8062.556082278488,0.0,1445.445658135414,0.0,0.0,1123.5265255428844,0.0,0.0,0.0,0.0,0.0,0.0,0.0,2376.31191587746,0.0,0.0,0.0,0.0,0.0,0.0,0.0
8346,0.0,36.84772252589462,0.0,0.0,0.0,0.0,0.0,0.0,0.0,0.0,0.0,0.0,0.0,1313.0709756851197,0.0,0.0,7984.86549654603,0.0,1483.4667874574661,0.0,0.0,1023.817754653841,0.0,0.0,0.0,0.0,0.0,0.0,0.0,2409.3980076104385,0.0,0.0,0.0,0.0,0.0,0.0,0.0
8347,0.0,40.316330333054,0.0,0.0,0.0,0.0,0.0,0.0,0.0,0.0,0.0,0.0,0.0,1340.436768579483,0.0,0.0,7890.40713611245,0.0,1519.0319497823716,0.0,0.0,991.1363032154733,0.0,0.0,0.0,0.0,0.0,0.0,0.0,2747.0735113561136,0.0,0.0,0.0,0.0,0.0,0.0,0.0
8348,0.0,43.710070954263166,0.0,0.0,0.0,0.0,0.0,0.0,0.0,0.0,0.0,0.0,0.0,1363.5022046566007,0.0,0.0,7764.073979616163,0.0,1560.5157862663268,0.0,0.0,989.4405511043959,0.0,0.0,0.0,0.0,0.0,0.0,0.0,3062.1988633960473,0.0,0.0,0.0,0.0,0.0,0.0,0.0
8349,0.0,46.80721154808997,0.0,0.0,0.0,0.0,0.0,0.0,0.0,0.0,0.0,0.0,0.0,1381.8647587537764,0.0,0.0,7643.762318015099,0.0,1601.7185038089751,0.0,0.0,1004.3560397118322,0.0,0.0,0.0,0.0,0.0,0.0,0.0,3346.5763097345816,0.0,0.0,0.0,0.0,0.0,0.0,0.0
8350,0.0,51.96928788721558,0.0,0.0,0.0,0.0,0.0,0.0,0.0,0.0,0.0,0.0,0.0,1388.099729156494,0.0,0.0,7553.58846783638,0.0,1621.0765841245652,0.0,0.0,1013.7872038029126,0.0,0.0,0.0,0.0,0.0,0.0,0.0,3583.782859835029,0.0,0.0,0.0,0.0,0.0,0.0,0.0
8351,0.0,60.146532475948256,0.0,0.0,0.0,0.0,0.0,0.0,0.0,0.0,0.0,0.0,0.0,1375.969455385208,0.0,0.0,7517.872547656296,0.0,1600.4208037614821,0.0,0.0,994.3602304346857,0.0,0.0,0.0,0.0,0.0,0.0,0.0,3765.4670744150876,0.0,0.0,0.0,0.0,0.0,0.0,0.0
8352,0.0,92.11642707735298,0.0,0.0,0.0,0.0,0.0,0.0,0.0,0.0,0.0,0.0,0.0,1347.7958324193955,0.0,0.0,7665.444678008556,0.0,1570.7913890361785,0.0,0.0,1447.4870082870125,0.0,0.0,0.0,0.0,0.0,0.0,0.0,4241.198251956699,0.0,0.0,0.0,0.0,0.0,0.0,0.0
8353,0.0,135.85863607227796,0.0,0.0,0.0,0.0,0.0,0.0,0.0,0.0,0.0,0.0,0.0,1312.1198541879653,0.0,0.0,7836.189568072557,0.0,1502.894702887535,0.0,0.0,1884.6244120225308,0.0,0.0,0.0,0.0,0.0,0.0,0.0,4730.873566764592,0.0,0.0,0.0,0.0,0.0,0.0,0.0
8354,0.0,185.43816394507886,0.0,0.0,0.0,0.0,0.0,0.0,0.0,0.0,0.0,0.0,0.0,1279.3041449785233,0.0,0.0,7971.034960538147,0.0,1421.6902183532716,0.0,0.0,2308.374123810231,0.0,0.0,0.0,0.0,0.0,0.0,0.0,5287.922703173756,0.0,0.0,0.0,0.0,0.0,0.0,0.0
8355,0.0,233.70677959620943,0.0,0.0,0.0,0.0,0.0,0.0,0.0,0.0,0.0,0.0,0.0,1259.4981853246688,0.0,0.0,8044.798856407404,0.0,1349.3423439741134,0.0,0.0,2753.5547695487735,0.0,0.0,0.0,0.0,0.0,0.0,0.0,5934.054702356457,0.0,0.0,0.0,0.0,0.0,0.0,0.0
8356,0.0,280.9755809426307,0.0,0.0,0.0,0.0,0.0,0.0,0.0,0.0,0.0,0.0,0.0,1246.1775525569915,0.0,0.0,8033.7702096402645,0.0,1284.2199733495713,0.0,0.0,3067.417564675212,0.0,0.0,0.0,0.0,0.0,0.0,0.0,6752.696446925401,0.0,0.0,0.0,0.0,0.0,0.0,0.0
8357,0.0,327.0165015220642,0.0,0.0,0.0,0.0,0.0,0.0,0.0,0.0,0.0,0.0,0.0,1233.8578077077866,0.0,0.0,7928.168077617882,0.0,1204.4875988006593,0.0,0.0,2816.9391435831785,0.0,0.0,0.0,0.0,0.0,0.0,0.0,7590.483038860559,0.0,0.0,0.0,0.0,0.0,0.0,0.0
8358,0.0,363.71932230591773,0.0,0.0,0.0,0.0,0.0,0.0,0.0,0.0,0.0,0.0,0.0,1220.6087309837342,0.0,0.0,7673.158041059971,0.0,1121.9020626306533,0.0,0.0,2134.3812074840066,0.0,0.0,0.0,0.0,0.0,0.0,0.0,8148.738152754307,0.0,0.0,0.0,0.0,0.0,0.0,0.0
8359,0.0,402.6999740660191,0.0,0.0,0.0,0.0,0.0,0.0,0.0,0.0,0.0,0.0,0.0,1211.833341693878,0.0,0.0,7451.511644542217,0.0,1057.403109717369,0.0,0.0,1639.0381192088128,0.0,0.0,0.0,0.0,0.0,0.0,0.0,8650.23964077234,0.0,0.0,0.0,0.0,0.0,0.0,0.0
8360,0.0,442.92650445699684,0.0,0.0,0.0,0.0,0.0,0.0,0.0,0.0,0.0,0.0,0.0,1207.4480681180953,0.0,0.0,7248.155315130949,0.0,1003.6246175527573,0.0,0.0,1265.8243786431847,0.0,0.0,0.0,0.0,0.0,0.0,0.0,9082.829369485378,0.0,0.0,0.0,0.0,0.0,0.0,0.0
8361,0.0,478.551445376873,0.0,0.0,0.0,0.0,0.0,0.0,0.0,0.0,0.0,0.0,0.0,1202.7273419618607,0.0,0.0,7044.587404966354,0.0,956.0274222612381,0.0,0.0,962.293833524733,0.0,0.0,0.0,0.0,0.0,0.0,0.0,9410.173967456818,0.0,0.0,0.0,0.0,0.0,0.0,0.0
8362,0.0,487.06949908733367,0.0,0.0,0.0,0.0,0.0,0.0,0.0,0.0,0.0,0.0,0.0,1175.7900783061982,0.0,0.0,6805.979544013739,0.0,890.4887086749076,0.0,0.0,837.7332568578418,0.0,0.0,0.0,0.0,0.0,0.0,0.0,9227.571980506182,0.0,0.0,0.0,0.0,0.0,0.0,0.0
8363,0.0,495.59479122161866,0.0,0.0,0.0,0.0,0.0,0.0,0.0,0.0,0.0,0.0,0.0,1144.8643274068831,0.0,0.0,6598.154349058865,0.0,830.0797340154647,0.0,0.0,707.4682500176126,0.0,0.0,0.0,0.0,0.0,0.0,0.0,9043.851887893676,0.0,0.0,0.0,0.0,0.0,0.0,0.0
8364,0.0,504.8049280285835,0.0,0.0,0.0,0.0,0.0,0.0,0.0,0.0,0.0,0.0,0.0,1112.5706724405288,0.0,0.0,6416.305747732519,0.0,763.9182548284531,0.0,0.0,547.7856074318283,0.0,0.0,0.0,0.0,0.0,0.0,0.0,8856.312444698811,0.0,0.0,0.0,0.0,0.0,0.0,0.0
8365,0.0,512.4085275292397,0.0,0.0,0.0,0.0,0.0,0.0,0.0,0.0,0.0,0.0,0.0,1080.7122719049453,0.0,0.0,6230.606298908591,0.0,697.7026504635811,0.0,0.0,422.7050425037735,0.0,0.0,0.0,0.0,0.0,0.0,0.0,8641.691122710705,0.0,0.0,0.0,0.0,0.0,0.0,0.0
8366,0.0,518.476066160202,0.0,0.0,0.0,0.0,0.0,0.0,0.0,0.0,0.0,0.0,0.0,1057.0317945957183,0.0,0.0,6049.308429837225,0.0,645.332954275608,0.0,0.0,334.538232304528,0.0,0.0,0.0,0.0,0.0,0.0,0.0,8418.125678652523,0.0,0.0,0.0,0.0,0.0,0.0,0.0
8367,0.0,526.5607122302056,0.0,0.0,0.0,0.0,0.0,0.0,0.0,0.0,0.0,0.0,0.0,1050.6188307762145,0.0,0.0,5723.262877896426,0.0,618.6950078964232,0.0,0.0,336.81316202469094,0.0,0.0,0.0,0.0,0.0,0.0,0.0,7283.934772264956,0.0,0.0,0.0,0.0,0.0,0.0,0.0
8368,0.0,518.7604969382286,0.0,0.0,0.0,0.0,0.0,0.0,0.0,0.0,0.0,0.0,0.0,1046.7803601503372,0.0,0.0,5408.133181512355,0.0,597.0170145630836,0.0,0.0,337.48399986438443,0.0,0.0,0.0,0.0,0.0,0.0,0.0,6102.66771209836,0.0,0.0,0.0,0.0,0.0,0.0,0.0
8369,0.0,508.843239068985,0.0,0.0,0.0,0.0,0.0,0.0,0.0,0.0,0.0,0.0,0.0,1049.648520064354,0.0,0.0,5121.117277726529,0.0,580.6734635949134,0.0,0.0,338.64772905148544,0.0,0.0,0.0,0.0,0.0,0.0,0.0,5131.179621747136,0.0,0.0,0.0,0.0,0.0,0.0,0.0
8370,0.0,496.88261343240737,0.0,0.0,0.0,0.0,0.0,0.0,0.0,0.0,0.0,0.0,0.0,1066.175903749466,0.0,0.0,4820.79045537114,0.0,565.1484299659728,0.0,0.0,328.3759551163754,0.0,0.0,0.0,0.0,0.0,0.0,0.0,4360.721649858355,0.0,0.0,0.0,0.0,0.0,0.0,0.0
8371,0.0,482.95190205574033,0.0,0.0,0.0,0.0,0.0,0.0,0.0,0.0,0.0,0.0,0.0,1104.511202263832,0.0,0.0,4846.367223605514,0.0,519.6231678247452,0.0,0.0,319.84110849089865,0.0,0.0,0.0,0.0,0.0,0.0,0.0,4196.3149160087105,0.0,0.0,0.0,0.0,0.0,0.0,0.0
8372,0.0,459.6992510855198,0.0,0.0,0.0,0.0,0.0,0.0,0.0,0.0,0.0,0.0,0.0,1156.2678320884704,0.0,0.0,4869.251004457474,0.0,450.6160559296606,0.0,0.0,341.32018109299236,0.0,0.0,0.0,0.0,0.0,0.0,0.0,4039.9612911790596,0.0,0.0,0.0,0.0,0.0,0.0,0.0
8373,0.0,430.4754896342754,0.0,0.0,0.0,0.0,0.0,0.0,0.0,0.0,0.0,0.0,0.0,1216.9514818668365,0.0,0.0,4887.323267847299,0.0,383.5885738968848,0.0,0.0,466.3351987380528,0.0,0.0,0.0,0.0,0.0,0.0,0.0,3888.943257889151,0.0,0.0,0.0,0.0,0.0,0.0,0.0
8374,0.0,404.29063172936435,0.0,0.0,0.0,0.0,0.0,0.0,0.0,0.0,0.0,0.0,0.0,1270.4854454517365,0.0,0.0,4906.320419162511,0.0,335.99372027516364,0.0,0.0,595.7349208910017,0.0,0.0,0.0,0.0,0.0,0.0,0.0,3763.554506224393,0.0,0.0,0.0,0.0,0.0,0.0,0.0
8375,0.0,389.17377274632446,0.0,0.0,0.0,0.0,0.0,0.0,0.0,0.0,0.0,0.0,0.0,1303.3778218507766,0.0,0.0,4932.224670842288,0.0,328.4575451135635,0.0,0.0,683.3152872696511,0.0,0.0,0.0,0.0,0.0,0.0,0.0,3680.045899200439,0.0,0.0,0.0,0.0,0.0,0.0,0.0
8376,0.0,403.77917255759235,0.0,0.0,0.0,0.0,0.0,0.0,0.0,0.0,0.0,0.0,0.0,1315.5155381679535,0.0,0.0,5099.21983656287,0.0,378.84995310902593,0.0,0.0,969.4754239462316,0.0,0.0,0.0,0.0,0.0,0.0,0.0,4064.081925708054,0.0,0.0,0.0,0.0,0.0,0.0,0.0
8377,0.0,424.4645117104053,0.0,0.0,0.0,0.0,0.0,0.0,0.0,0.0,0.0,0.0,0.0,1312.414148592949,0.0,0.0,5313.438737407325,0.0,459.2088280737398,0.0,0.0,1271.600486965477,0.0,0.0,0.0,0.0,0.0,0.0,0.0,4484.581142517924,0.0,0.0,0.0,0.0,0.0,0.0,0.0
8378,0.0,445.2701545894145,0.0,0.0,0.0,0.0,0.0,0.0,0.0,0.0,0.0,0.0,0.0,1305.3134217977524,0.0,0.0,5555.149134516714,0.0,545.5348408699035,0.0,0.0,1615.9878797471524,0.0,0.0,0.0,0.0,0.0,0.0,0.0,4896.264248061179,0.0,0.0,0.0,0.0,0.0,0.0,0.0
8379,0.0,464.05341551899903,0.0,0.0,0.0,0.0,0.0,0.0,0.0,0.0,0.0,0.0,0.0,1303.650595641136,0.0,0.0,5785.090352222322,0.0,621.603124654293,0.0,0.0,2017.6392257809634,0.0,0.0,0.0,0.0,0.0,0.0,0.0,5222.012327113746,0.0,0.0,0.0,0.0,0.0,0.0,0.0
8380,0.0,477.719756090641,0.0,0.0,0.0,0.0,0.0,0.0,0.0,0.0,0.0,0.0,0.0,1303.7054732084275,0.0,0.0,5983.772458299994,0.0,676.3846814513206,0.0,0.0,2470.052022662758,0.0,0.0,0.0,0.0,0.0,0.0,0.0,5446.085475036501,0.0,0.0,0.0,0.0,0.0,0.0,0.0
8381,0.0,493.04748326539993,0.0,0.0,0.0,0.0,0.0,0.0,0.0,0.0,0.0,0.0,0.0,1299.1610367536546,0.0,0.0,6210.676480963824,0.0,708.5270339250565,0.0,0.0,2741.4477473795414,0.0,0.0,0.0,0.0,0.0,0.0,0.0,5635.29375963807,0.0,0.0,0.0,0.0,0.0,0.0,0.0
8382,0.0,499.58103049993514,0.0,0.0,0.0,0.0,0.0,0.0,0.0,0.0,0.0,0.0,0.0,1296.4902388095857,0.0,0.0,6269.605999052525,0.0,722.8624992966652,0.0,0.0,2294.8462545320385,0.0,0.0,0.0,0.0,0.0,0.0,0.0,5638.837923154234,0.0,0.0,0.0,0.0,0.0,0.0,0.0
8383,0.0,501.65896314382553,0.0,0.0,0.0,0.0,0.0,0.0,0.0,0.0,0.0,0.0,0.0,1295.3928668022156,0.0,0.0,6349.1366372555485,0.0,731.23553981781,0.0,0.0,1947.0496461376545,0.0,0.0,0.0,0.0,0.0,0.0,0.0,5535.838044047355,0.0,0.0,0.0,0.0,0.0,0.0,0.0
8384,0.0,502.1197533488274,0.0,0.0,0.0,0.0,0.0,0.0,0.0,0.0,0.0,0.0,0.0,1291.6720422029496,0.0,0.0,6464.513488933442,0.0,725.0095437288285,0.0,0.0,1594.2505538776513,0.0,0.0,0.0,0.0,0.0,0.0,0.0,5295.0797365695225,0.0,0.0,0.0,0.0,0.0,0.0,0.0
8385,0.0,491.4322486281395,0.0,0.0,0.0,0.0,0.0,0.0,0.0,0.0,0.0,0.0,0.0,1283.0552777767182,0.0,0.0,6614.739324212074,0.0,701.2124874353409,0.0,0.0,1278.3217326119543,0.0,0.0,0.0,0.0,0.0,0.0,0.0,4974.18630451262,0.0,0.0,0.0,0.0,0.0,0.0,0.0
8386,0.0,475.5995712518692,0.0,0.0,0.0,0.0,0.0,0.0,0.0,0.0,0.0,0.0,0.0,1250.678858113289,0.0,0.0,6689.84582442045,0.0,642.707201397419,0.0,0.0,1071.925978644937,0.0,0.0,0.0,0.0,0.0,0.0,0.0,4700.333588215708,0.0,0.0,0.0,0.0,0.0,0.0,0.0
8387,0.0,452.9810959875584,0.0,0.0,0.0,0.0,0.0,0.0,0.0,0.0,0.0,0.0,0.0,1214.5400969982147,0.0,0.0,6767.953348696232,0.0,568.4462717175483,0.0,0.0,881.9241602584715,0.0,0.0,0.0,0.0,0.0,0.0,0.0,4450.047154578567,0.0,0.0,0.0,0.0,0.0,0.0,0.0
8388,0.0,427.34557272791864,0.0,0.0,0.0,0.0,0.0,0.0,0.0,0.0,0.0,0.0,0.0,1172.3693766117096,0.0,0.0,6844.119308412075,0.0,479.3716424822807,0.0,0.0,727.3613962680095,0.0,0.0,0.0,0.0,0.0,0.0,0.0,4225.810919445751,0.0,0.0,0.0,0.0,0.0,0.0,0.0
8389,0.0,402.09705263972285,0.0,0.0,0.0,0.0,0.0,0.0,0.0,0.0,0.0,0.0,0.0,1122.703922843933,0.0,0.0,6879.856231093407,0.0,385.1764038681984,0.0,0.0,613.492444320023,0.0,0.0,0.0,0.0,0.0,0.0,0.0,4016.961655211447,0.0,0.0,0.0,0.0,0.0,0.0,0.0
8390,0.0,375.6088262200355,0.0,0.0,0.0,0.0,0.0,0.0,0.0,0.0,0.0,0.0,0.0,1066.618062710762,0.0,0.0,6881.0798212587815,0.0,314.4240069389343,0.0,0.0,517.6629977904261,0.0,0.0,0.0,0.0,0.0,0.0,0.0,3824.9266461729985,0.0,0.0,0.0,0.0,0.0,0.0,0.0
8391,0.0,320.398814624548,0.0,0.0,0.0,0.0,0.0,0.0,0.0,0.0,0.0,0.0,0.0,1015.5911610603332,0.0,0.0,6858.085971742867,0.0,286.8369432568549,0.0,0.0,493.29685499332754,0.0,0.0,0.0,0.0,0.0,0.0,0.0,2779.536906468867,0.0,0.0,0.0,0.0,0.0,0.0,0.0
8392,0.0,274.2253579437732,0.0,0.0,0.0,0.0,0.0,0.0,0.0,0.0,0.0,0.0,0.0,957.1726456403733,0.0,0.0,6811.7995704710465,0.0,284.51199120283127,0.0,0.0,477.8288315523412,0.0,0.0,0.0,0.0,0.0,0.0,0.0,2110.431849832831,0.0,0.0,0.0,0.0,0.0,0.0,0.0
8393,0.0,232.8175476461648,0.0,0.0,0.0,0.0,0.0,0.0,0.0,0.0,0.0,0.0,0.0,891.394797372818,0.0,0.0,6683.036346793173,0.0,289.7810446619986,0.0,0.0,459.0449935924257,0.0,0.0,0.0,0.0,0.0,0.0,0.0,1776.6086034014813,0.0,0.0,0.0,0.0,0.0,0.0,0.0
8394,0.0,198.75555918216705,0.0,0.0,0.0,0.0,0.0,0.0,0.0,0.0,0.0,0.0,0.0,819.0582727909089,0.0,0.0,6499.0672707110625,0.0,307.90699168443666,0.0,0.0,467.57696400917973,0.0,0.0,0.0,0.0,0.0,0.0,0.0,1690.142187431454,0.0,0.0,0.0,0.0,0.0,0.0,0.0
8395,0.0,163.19044748246665,0.0,0.0,0.0,0.0,0.0,0.0,0.0,0.0,0.0,0.0,0.0,746.5960319519043,0.0,0.0,6463.305845111607,0.0,324.4130071103573,0.0,0.0,446.9901594735674,0.0,0.0,0.0,0.0,0.0,0.0,0.0,1958.235864022372,0.0,0.0,0.0,0.0,0.0,0.0,0.0
8396,0.0,134.58465945124627,0.0,0.0,0.0,0.0,0.0,0.0,0.0,0.0,0.0,0.0,0.0,682.7659786462784,0.0,0.0,6391.664757609367,0.0,348.3927432894705,0.0,0.0,463.5593545619391,0.0,0.0,0.0,0.0,0.0,0.0,0.0,2193.8871190220116,0.0,0.0,0.0,0.0,0.0,0.0,0.0
8397,0.0,109.2070401102304,0.0,0.0,0.0,0.0,0.0,0.0,0.0,0.0,0.0,0.0,0.0,635.4858608365058,0.0,0.0,6299.22769345343,0.0,377.76335904002184,0.0,0.0,524.524118008464,0.0,0.0,0.0,0.0,0.0,0.0,0.0,2411.5349563196296,0.0,0.0,0.0,0.0,0.0,0.0,0.0
8398,0.0,87.77095997482535,0.0,0.0,0.0,0.0,0.0,0.0,0.0,0.0,0.0,0.0,0.0,599.8739512681962,0.0,0.0,6231.168699219823,0.0,404.65684384107584,0.0,0.0,568.3689302410928,0.0,0.0,0.0,0.0,0.0,0.0,0.0,2604.014929464459,0.0,0.0,0.0,0.0,0.0,0.0,0.0
8399,0.0,70.86381854116914,0.0,0.0,0.0,0.0,0.0,0.0,0.0,0.0,0.0,0.0,0.0,572.4332845687866,0.0,0.0,6238.883618012069,0.0,421.050103420019,0.0,0.0,538.2291390370572,0.0,0.0,0.0,0.0,0.0,0.0,0.0,2763.8810767218465,0.0,0.0,0.0,0.0,0.0,0.0,0.0
8400,0.0,81.0086027964949,0.0,0.0,0.0,0.0,0.0,0.0,0.0,0.0,0.0,0.0,0.0,552.2403125286102,0.0,0.0,6451.21384948492,0.0,447.0255054533481,0.0,0.0,856.4277052782469,0.0,0.0,0.0,0.0,0.0,0.0,0.0,3127.8741913706044,0.0,0.0,0.0,0.0,0.0,0.0,0.0
8401,0.0,89.58546168655153,0.0,0.0,0.0,0.0,0.0,0.0,0.0,0.0,0.0,0.0,0.0,532.8634201288223,0.0,0.0,6743.309636026619,0.0,456.614969331026,0.0,0.0,1224.400842171907,0.0,0.0,0.0,0.0,0.0,0.0,0.0,3469.5086281001563,0.0,0.0,0.0,0.0,0.0,0.0,0.0
8402,0.0,97.17499115020033,0.0,0.0,0.0,0.0,0.0,0.0,0.0,0.0,0.0,0.0,0.0,513.9394021630287,0.0,0.0,7073.738098829985,0.0,455.34851130843157,0.0,0.0,1568.2714256599545,0.0,0.0,0.0,0.0,0.0,0.0,0.0,3793.355348947644,0.0,0.0,0.0,0.0,0.0,0.0,0.0
8403,0.0,103.40115787535899,0.0,0.0,0.0,0.0,0.0,0.0,0.0,0.0,0.0,0.0,0.0,494.83425235748285,0.0,0.0,7358.523459196091,0.0,448.368675392866,0.0,0.0,1829.3344462305308,0.0,0.0,0.0,0.0,0.0,0.0,0.0,4106.793778958917,0.0,0.0,0.0,0.0,0.0,0.0,0.0
8404,0.0,109.98314363211388,0.0,0.0,0.0,0.0,0.0,0.0,0.0,0.0,0.0,0.0,0.0,480.6949843764305,0.0,0.0,7597.507031559944,0.0,437.5712359547614,0.0,0.0,1846.451823994517,0.0,0.0,0.0,0.0,0.0,0.0,0.0,4426.971218386292,0.0,0.0,0.0,0.0,0.0,0.0,0.0
8405,0.0,116.5667566314339,0.0,0.0,0.0,0.0,0.0,0.0,0.0,0.0,0.0,0.0,0.0,481.72878090143206,0.0,0.0,7739.103561371563,0.0,425.8790118813513,0.0,0.0,1745.7048931360237,0.0,0.0,0.0,0.0,0.0,0.0,0.0,4688.413395771383,0.0,0.0,0.0,0.0,0.0,0.0,0.0
8406,0.0,106.3435701459646,0.0,0.0,0.0,0.0,0.0,0.0,0.0,0.0,0.0,0.0,0.0,482.2030414462089,0.0,0.0,7782.292482644318,0.0,397.7440863907336,0.0,0.0,1132.4146160133178,0.0,0.0,0.0,0.0,0.0,0.0,0.0,4553.005809867382,0.0,0.0,0.0,0.0,0.0,0.0,0.0
8407,0.0,97.51939142793417,0.0,0.0,0.0,0.0,0.0,0.0,0.0,0.0,0.0,0.0,0.0,479.73319224119183,0.0,0.0,7815.21351441741,0.0,366.79017580151555,0.0,0.0,794.4276959158473,0.0,0.0,0.0,0.0,0.0,0.0,0.0,4465.809117576479,0.0,0.0,0.0,0.0,0.0,0.0,0.0
8408,0.0,88.67595934420821,0.0,0.0,0.0,0.0,0.0,0.0,0.0,0.0,0.0,0.0,0.0,476.41144053936006,0.0,0.0,7826.684769451616,0.0,334.044294989109,0.0,0.0,549.9567665688692,0.0,0.0,0.0,0.0,0.0,0.0,0.0,4457.823991695046,0.0,0.0,0.0,0.0,0.0,0.0,0.0
8409,0.0,78.20088693201537,0.0,0.0,0.0,0.0,0.0,0.0,0.0,0.0,0.0,0.0,0.0,469.411950302124,0.0,0.0,7810.285705327986,0.0,302.86478378176685,0.0,0.0,383.6380670975891,0.0,0.0,0.0,0.0,0.0,0.0,0.0,4468.059431785344,0.0,0.0,0.0,0.0,0.0,0.0,0.0
8410,0.0,74.24145507216448,0.0,0.0,0.0,0.0,0.0,0.0,0.0,0.0,0.0,0.0,0.0,439.7924558758735,0.0,0.0,7714.3548361957055,0.0,256.4725109875201,0.0,0.0,318.50923462808043,0.0,0.0,0.0,0.0,0.0,0.0,0.0,4375.7755757004015,0.0,0.0,0.0,0.0,0.0,0.0,0.0
8411,0.0,70.7072806119918,0.0,0.0,0.0,0.0,0.0,0.0,0.0,0.0,0.0,0.0,0.0,409.513758122921,0.0,0.0,7672.172479242086,0.0,220.99130789935586,0.0,0.0,274.9965866580603,0.0,0.0,0.0,0.0,0.0,0.0,0.0,4287.141835576296,0.0,0.0,0.0,0.0,0.0,0.0,0.0
8412,0.0,69.13486630171536,0.0,0.0,0.0,0.0,0.0,0.0,0.0,0.0,0.0,0.0,0.0,380.4971099138259,0.0,0.0,7625.458249241112,0.0,203.99066660106172,0.0,0.0,254.70470705106834,0.0,0.0,0.0,0.0,0.0,0.0,0.0,4216.384044769406,0.0,0.0,0.0,0.0,0.0,0.0,0.0
8413,0.0,69.75826152563096,0.0,0.0,0.0,0.0,0.0,0.0,0.0,0.0,0.0,0.0,0.0,352.83350309729576,0.0,0.0,7554.479907333851,0.0,193.64141979813567,0.0,0.0,250.3366164330388,0.0,0.0,0.0,0.0,0.0,0.0,0.0,4177.223587283492,0.0,0.0,0.0,0.0,0.0,0.0,0.0
8414,0.0,73.56723657399411,0.0,0.0,0.0,0.0,0.0,0.0,0.0,0.0,0.0,0.0,0.0,329.91743353605267,0.0,0.0,7462.47650593519,0.0,180.6286866277455,0.0,0.0,247.47766496278302,0.0,0.0,0.0,0.0,0.0,0.0,0.0,4188.31930336654,0.0,0.0,0.0,0.0,0.0,0.0,0.0
8415,0.0,68.24630769342183,0.0,0.0,0.0,0.0,0.0,0.0,0.0,0.0,0.0,0.0,0.0,320.9843609094619,0.0,0.0,7335.374813467264,0.0,176.54444398283943,0.0,0.0,303.2747517663981,0.0,0.0,0.0,0.0,0.0,0.0,0.0,3866.113941380381,0.0,0.0,0.0,0.0,0.0,0.0,0.0
8416,0.0,66.10743762105697,0.0,0.0,0.0,0.0,0.0,0.0,0.0,0.0,0.0,0.0,0.0,316.66098151803016,0.0,0.0,7147.33241894841,0.0,170.14144433438764,0.0,0.0,324.4066735446453,0.0,0.0,0.0,0.0,0.0,0.0,0.0,3586.9643260747175,0.0,0.0,0.0,0.0,0.0,0.0,0.0
8417,0.0,58.983692313730636,0.0,0.0,0.0,0.0,0.0,0.0,0.0,0.0,0.0,0.0,0.0,319.13473133444785,0.0,0.0,6934.147696822882,0.0,166.6257828295229,0.0,0.0,340.59299226924713,0.0,0.0,0.0,0.0,0.0,0.0,0.0,3449.975770586728,0.0,0.0,0.0,0.0,0.0,0.0,0.0
8418,0.0,51.333064100146224,0.0,0.0,0.0,0.0,0.0,0.0,0.0,0.0,0.0,0.0,0.0,322.92177665829655,0.0,0.0,6611.269244283438,0.0,160.85164008736598,0.0,0.0,352.4513737633823,0.0,0.0,0.0,0.0,0.0,0.0,0.0,3434.602540960908,0.0,0.0,0.0,0.0,0.0,0.0,0.0
8419,0.0,77.66124560236928,0.0,0.0,0.0,0.0,0.0,0.0,0.0,0.0,0.0,0.0,0.0,334.98479850888253,0.0,0.0,6630.4281926453095,0.0,141.69292775988572,0.0,0.0,413.7293790467077,0.0,0.0,0.0,0.0,0.0,0.0,0.0,3759.0947400122877,0.0,0.0,0.0,0.0,0.0,0.0,0.0
8420,0.0,105.43178826123476,0.0,0.0,0.0,0.0,0.0,0.0,0.0,0.0,0.0,0.0,0.0,347.6894485175609,0.0,0.0,6691.167426258324,0.0,133.35344129204736,0.0,0.0,443.17524705156654,0.0,0.0,0.0,0.0,0.0,0.0,0.0,4184.342651373148,0.0,0.0,0.0,0.0,0.0,0.0,0.0
8421,0.0,133.77618642747393,0.0,0.0,0.0,0.0,0.0,0.0,0.0,0.0,0.0,0.0,0.0,355.9820138514042,0.0,0.0,6772.369319051502,0.0,124.06173258572808,0.0,0.0,444.1303754165768,0.0,0.0,0.0,0.0,0.0,0.0,0.0,4662.080777952074,0.0,0.0,0.0,0.0,0.0,0.0,0.0
8422,0.0,162.020628413558,0.0,0.0,0.0,0.0,0.0,0.0,0.0,0.0,0.0,0.0,0.0,363.44502674341203,0.0,0.0,6846.527595221996,0.0,121.00444553345439,0.0,0.0,442.0355493452396,0.0,0.0,0.0,0.0,0.0,0.0,0.0,5093.527811357378,0.0,0.0,0.0,0.0,0.0,0.0,0.0
8423,0.0,192.598704573512,0.0,0.0,0.0,0.0,0.0,0.0,0.0,0.0,0.0,0.0,0.0,372.76275793910025,0.0,0.0,6926.025173932312,0.0,127.0073234707116,0.0,0.0,453.8826530735934,0.0,0.0,0.0,0.0,0.0,0.0,0.0,5417.386827027797,0.0,0.0,0.0,0.0,0.0,0.0,0.0
8424,0.0,240.42548178434373,0.0,0.0,0.0,0.0,0.0,0.0,0.0,0.0,0.0,0.0,0.0,383.43785706758496,0.0,0.0,7185.2030401825905,0.0,166.48889889121057,0.0,0.0,764.1561289384955,0.0,0.0,0.0,0.0,0.0,0.0,0.0,6269.7304893136015,0.0,0.0,0.0,0.0,0.0,0.0,0.0
8425,0.0,287.2222004234791,0.0,0.0,0.0,0.0,0.0,0.0,0.0,0.0,0.0,0.0,0.0,397.88782892227175,0.0,0.0,7454.0303889513,0.0,210.11909805536263,0.0,0.0,990.7869952350849,0.0,0.0,0.0,0.0,0.0,0.0,0.0,7042.11223937869,0.0,0.0,0.0,0.0,0.0,0.0,0.0
8426,0.0,333.27714895606033,0.0,0.0,0.0,0.0,0.0,0.0,0.0,0.0,0.0,0.0,0.0,413.4894675016403,0.0,0.0,7711.8220901191235,0.0,247.84049364328382,0.0,0.0,1066.6014350920914,0.0,0.0,0.0,0.0,0.0,0.0,0.0,7786.653447753191,0.0,0.0,0.0,0.0,0.0,0.0,0.0
8427,0.0,377.4507245242595,0.0,0.0,0.0,0.0,0.0,0.0,0.0,0.0,0.0,0.0,0.0,427.4493521928787,0.0,0.0,7957.841500401495,0.0,269.16065611839286,0.0,0.0,1197.1882745504377,0.0,0.0,0.0,0.0,0.0,0.0,0.0,8519.135604506731,0.0,0.0,0.0,0.0,0.0,0.0,0.0
8428,0.0,417.3608123481273,0.0,0.0,0.0,0.0,0.0,0.0,0.0,0.0,0.0,0.0,0.0,438.4901448488235,0.0,0.0,8216.092145115135,0.0,279.99897103309627,0.0,0.0,1370.6065546497694,0.0,0.0,0.0,0.0,0.0,0.0,0.0,9267.739167022704,0.0,0.0,0.0,0.0,0.0,0.0,0.0
8429,0.0,448.2013795673847,0.0,0.0,0.0,0.0,0.0,0.0,0.0,0.0,0.0,0.0,0.0,442.6685515165329,0.0,0.0,8386.466768860817,0.0,288.17231751084313,0.0,0.0,1577.0281188055874,0.0,0.0,0.0,0.0,0.0,0.0,0.0,10100.778510856628,0.0,0.0,0.0,0.0,0.0,0.0,0.0
8430,0.0,462.4256118357181,0.0,0.0,0.0,0.0,0.0,0.0,0.0,0.0,0.0,0.0,0.0,443.8720022201538,0.0,0.0,8180.468013644217,0.0,277.8138374149798,0.0,0.0,1431.2934990406034,0.0,0.0,0.0,0.0,0.0,0.0,0.0,10793.019712156056,0.0,0.0,0.0,0.0,0.0,0.0,0.0
8431,0.0,470.9977292776108,0.0,0.0,0.0,0.0,0.0,0.0,0.0,0.0,0.0,0.0,0.0,444.79223266839983,0.0,0.0,7975.352141350506,0.0,264.2104847311972,0.0,0.0,1538.0760782137513,0.0,0.0,0.0,0.0,0.0,0.0,0.0,11503.12963052392,0.0,0.0,0.0,0.0,0.0,0.0,0.0
8432,0.0,473.39061752557757,0.0,0.0,0.0,0.0,0.0,0.0,0.0,0.0,0.0,0.0,0.0,441.648295044899,0.0,0.0,7774.0299430787545,0.0,243.72536467015732,0.0,0.0,1886.4623093962666,0.0,0.0,0.0,0.0,0.0,0.0,0.0,12210.915827357769,0.0,0.0,0.0,0.0,0.0,0.0,0.0
8433,0.0,471.0933999180794,0.0,0.0,0.0,0.0,0.0,0.0,0.0,0.0,0.0,0.0,0.0,430.0239798903465,0.0,0.0,7583.771395742891,0.0,233.6608234167098,0.0,0.0,2319.780864845216,0.0,0.0,0.0,0.0,0.0,0.0,0.0,12872.118386554717,0.0,0.0,0.0,0.0,0.0,0.0,0.0
8434,0.0,466.27255353927615,0.0,0.0,0.0,0.0,0.0,0.0,0.0,0.0,0.0,0.0,0.0,393.6232501268387,0.0,0.0,7357.7308092415315,0.0,201.10587761700148,0.0,0.0,2166.6649852216237,0.0,0.0,0.0,0.0,0.0,0.0,0.0,13273.658624792099,0.0,0.0,0.0,0.0,0.0,0.0,0.0
8435,0.0,460.32593586444847,0.0,0.0,0.0,0.0,0.0,0.0,0.0,0.0,0.0,0.0,0.0,357.876545292139,0.0,0.0,7135.139300167561,0.0,161.81002032458773,0.0,0.0,2030.0105563938614,0.0,0.0,0.0,0.0,0.0,0.0,0.0,13641.552995240689,0.0,0.0,0.0,0.0,0.0,0.0,0.0
8436,0.0,453.3595140516757,0.0,0.0,0.0,0.0,0.0,0.0,0.0,0.0,0.0,0.0,0.0,327.4783408761024,0.0,0.0,6932.169572353361,0.0,133.72272854745384,0.0,0.0,1903.0500106170769,0.0,0.0,0.0,0.0,0.0,0.0,0.0,13988.19323296547,0.0,0.0,0.0,0.0,0.0,0.0,0.0
8437,0.0,448.42722961306566,0.0,0.0,0.0,0.0,0.0,0.0,0.0,0.0,0.0,0.0,0.0,296.22155360579484,0.0,0.0,6739.751656740904,0.0,108.62081381082524,0.0,0.0,1752.28792938441,0.0,0.0,0.0,0.0,0.0,0.0,0.0,14300.164962923527,0.0,0.0,0.0,0.0,0.0,0.0,0.0
8438,0.0,445.0333627402782,0.0,0.0,0.0,0.0,0.0,0.0,0.0,0.0,0.0,0.0,0.0,260.8199183762072,0.0,0.0,6562.949489742516,0.0,97.46063786447039,0.0,0.0,1589.5641502127048,0.0,0.0,0.0,0.0,0.0,0.0,0.0,14574.378568434715,0.0,0.0,0.0,0.0,0.0,0.0,0.0
8439,0.0,418.5765869915485,0.0,0.0,0.0,0.0,0.0,0.0,0.0,0.0,0.0,0.0,0.0,237.33393362164497,0.0,0.0,6250.6843011677265,0.0,114.65646030455808,0.0,0.0,1457.5678171008826,0.0,0.0,0.0,0.0,0.0,0.0,0.0,14229.429230475425,0.0,0.0,0.0,0.0,0.0,0.0,0.0
8440,0.0,401.7883815586567,0.0,0.0,0.0,0.0,0.0,0.0,0.0,0.0,0.0,0.0,0.0,217.6097298860549,0.0,0.0,5968.944692417977,0.0,148.22553438544267,0.0,0.0,1348.7478224962945,0.0,0.0,0.0,0.0,0.0,0.0,0.0,13994.587987339497,0.0,0.0,0.0,0.0,0.0,0.0,0.0
8441,0.0,388.24742283225055,0.0,0.0,0.0,0.0,0.0,0.0,0.0,0.0,0.0,0.0,0.0,200.32984204292288,0.0,0.0,5704.542259514332,0.0,179.3642738610504,0.0,0.0,1242.6271497778594,0.0,0.0,0.0,0.0,0.0,0.0,0.0,13755.00094255209,0.0,0.0,0.0,0.0,0.0,0.0,0.0
8442,0.0,384.5090855419636,0.0,0.0,0.0,0.0,0.0,0.0,0.0,0.0,0.0,0.0,0.0,185.70411850214,0.0,0.0,5443.0233922451725,0.0,218.2141171604394,0.0,0.0,1185.6047980584194,0.0,0.0,0.0,0.0,0.0,0.0,0.0,13586.146737313271,0.0,0.0,0.0,0.0,0.0,0.0,0.0
8443,0.0,404.80169811844826,0.0,0.0,0.0,0.0,0.0,0.0,0.0,0.0,0.0,0.0,0.0,182.67114654779434,0.0,0.0,5400.701796486972,0.0,248.92367895245553,0.0,0.0,1201.3048104397951,0.0,0.0,0.0,0.0,0.0,0.0,0.0,14067.085495591164,0.0,0.0,0.0,0.0,0.0,0.0,0.0
8444,0.0,426.0580310761928,0.0,0.0,0.0,0.0,0.0,0.0,0.0,0.0,0.0,0.0,0.0,179.83923541903494,0.0,0.0,5357.79524217546,0.0,279.18315106034265,0.0,0.0,1218.015356048941,0.0,0.0,0.0,0.0,0.0,0.0,0.0,14583.36102142334,0.0,0.0,0.0,0.0,0.0,0.0,0.0
8445,0.0,447.69396044611926,0.0,0.0,0.0,0.0,0.0,0.0,0.0,0.0,0.0,0.0,0.0,174.31922018527976,0.0,0.0,5324.492664963007,0.0,309.91104605197904,0.0,0.0,1238.3534063749007,0.0,0.0,0.0,0.0,0.0,0.0,0.0,15060.46379494667,0.0,0.0,0.0,0.0,0.0,0.0,0.0
8446,0.0,466.47957807183263,0.0,0.0,0.0,0.0,0.0,0.0,0.0,0.0,0.0,0.0,0.0,178.98488943576803,0.0,0.0,5292.41367791593,0.0,347.57132109403597,0.0,0.0,1300.236626525223,0.0,0.0,0.0,0.0,0.0,0.0,0.0,15386.243334281444,0.0,0.0,0.0,0.0,0.0,0.0,0.0
8447,0.0,480.4604814648628,0.0,0.0,0.0,0.0,0.0,0.0,0.0,0.0,0.0,0.0,0.0,205.63323884010308,0.0,0.0,5249.0952412188035,0.0,399.89044907093034,0.0,0.0,1411.4870175004005,0.0,0.0,0.0,0.0,0.0,0.0,0.0,15452.904417765141,0.0,0.0,0.0,0.0,0.0,0.0,0.0
8448,0.0,508.9427253127098,0.0,0.0,0.0,0.0,0.0,0.0,0.0,0.0,0.0,0.0,0.0,255.1202956795692,0.0,0.0,5410.991077423095,0.0,485.51526514887803,0.0,0.0,1755.2953840523958,0.0,0.0,0.0,0.0,0.0,0.0,0.0,15941.409554719925,0.0,0.0,0.0,0.0,0.0,0.0,0.0
8449,0.0,533.2337534308433,0.0,0.0,0.0,0.0,0.0,0.0,0.0,0.0,0.0,0.0,0.0,323.3033864736556,0.0,0.0,5589.232693627476,0.0,579.4208777427672,0.0,0.0,2193.005304703116,0.0,0.0,0.0,0.0,0.0,0.0,0.0,16169.124139904976,0.0,0.0,0.0,0.0,0.0,0.0,0.0
8450,0.0,550.6412649393081,0.0,0.0,0.0,0.0,0.0,0.0,0.0,0.0,0.0,0.0,0.0,395.4711984038352,0.0,0.0,5781.615994006394,0.0,669.7747107982635,0.0,0.0,2593.05778144598,0.0,0.0,0.0,0.0,0.0,0.0,0.0,16292.209781944752,0.0,0.0,0.0,0.0,0.0,0.0,0.0
8451,0.0,566.8226211190224,0.0,0.0,0.0,0.0,0.0,0.0,0.0,0.0,0.0,0.0,0.0,456.57333446741103,0.0,0.0,5959.8443864136925,0.0,744.5221742510795,0.0,0.0,2897.8599135786294,0.0,0.0,0.0,0.0,0.0,0.0,0.0,16391.661881411077,0.0,0.0,0.0,0.0,0.0,0.0,0.0
8452,0.0,575.5630459427833,0.0,0.0,0.0,0.0,0.0,0.0,0.0,0.0,0.0,0.0,0.0,507.75330148935313,0.0,0.0,6123.766963988542,0.0,807.7144754171371,0.0,0.0,3168.205065214634,0.0,0.0,0.0,0.0,0.0,0.0,0.0,16515.84393236637,0.0,0.0,0.0,0.0,0.0,0.0,0.0
8453,0.0,582.989219892025,0.0,0.0,0.0,0.0,0.0,0.0,0.0,0.0,0.0,0.0,0.0,551.1450477480887,0.0,0.0,6269.798521980642,0.0,818.3432849884033,0.0,0.0,3360.323092013597,0.0,0.0,0.0,0.0,0.0,0.0,0.0,16577.84021538496,0.0,0.0,0.0,0.0,0.0,0.0,0.0
8454,0.0,576.0110426545143,0.0,0.0,0.0,0.0,0.0,0.0,0.0,0.0,0.0,0.0,0.0,593.3532947063445,0.0,0.0,6128.088423088191,0.0,821.7713117241859,0.0,0.0,3779.236534523964,0.0,0.0,0.0,0.0,0.0,0.0,0.0,16258.156015324592,0.0,0.0,0.0,0.0,0.0,0.0,0.0
8455,0.0,573.3518477439881,0.0,0.0,0.0,0.0,0.0,0.0,0.0,0.0,0.0,0.0,0.0,630.9151961326598,0.0,0.0,6001.377221569417,0.0,820.5127975940704,0.0,0.0,4197.783941629528,0.0,0.0,0.0,0.0,0.0,0.0,0.0,15973.086804389954,0.0,0.0,0.0,0.0,0.0,0.0,0.0
8456,0.0,569.0999751448632,0.0,0.0,0.0,0.0,0.0,0.0,0.0,0.0,0.0,0.0,0.0,665.0794408559799,0.0,0.0,5874.168571919201,0.0,817.7001261115074,0.0,0.0,4592.880559363961,0.0,0.0,0.0,0.0,0.0,0.0,0.0,15731.470390594006,0.0,0.0,0.0,0.0,0.0,0.0,0.0
8457,0.0,567.5790083527565,0.0,0.0,0.0,0.0,0.0,0.0,0.0,0.0,0.0,0.0,0.0,694.1710973739624,0.0,0.0,5756.239527404307,0.0,801.5500148534775,0.0,0.0,4894.5049349963665,0.0,0.0,0.0,0.0,0.0,0.0,0.0,15502.028744399548,0.0,0.0,0.0,0.0,0.0,0.0,0.0
8458,0.0,565.8554779171943,0.0,0.0,0.0,0.0,0.0,0.0,0.0,0.0,0.0,0.0,0.0,695.2315704941749,0.0,0.0,5737.487794205545,0.0,752.1982271313667,0.0,0.0,4772.363249865174,0.0,0.0,0.0,0.0,0.0,0.0,0.0,15333.459489762783,0.0,0.0,0.0,0.0,0.0,0.0,0.0
8459,0.0,559.4978973269463,0.0,0.0,0.0,0.0,0.0,0.0,0.0,0.0,0.0,0.0,0.0,691.3677683115005,0.0,0.0,5736.717313557861,0.0,702.7169065356254,0.0,0.0,4687.4006497174505,0.0,0.0,0.0,0.0,0.0,0.0,0.0,15049.884461426735,0.0,0.0,0.0,0.0,0.0,0.0,0.0
8460,0.0,558.5092071890831,0.0,0.0,0.0,0.0,0.0,0.0,0.0,0.0,0.0,0.0,0.0,687.3608092069625,0.0,0.0,5791.989673882722,0.0,657.3154861211776,0.0,0.0,4641.469412970542,0.0,0.0,0.0,0.0,0.0,0.0,0.0,14718.58526982069,0.0,0.0,0.0,0.0,0.0,0.0,0.0
8461,0.0,556.482897412777,0.0,0.0,0.0,0.0,0.0,0.0,0.0,0.0,0.0,0.0,0.0,681.6050759911537,0.0,0.0,5856.865622371435,0.0,608.3579288840294,0.0,0.0,4609.178671780229,0.0,0.0,0.0,0.0,0.0,0.0,0.0,14368.691966593266,0.0,0.0,0.0,0.0,0.0,0.0,0.0
8462,0.0,550.2771553874015,0.0,0.0,0.0,0.0,0.0,0.0,0.0,0.0,0.0,0.0,0.0,672.0554377555846,0.0,0.0,5921.333577826619,0.0,557.9692853450774,0.0,0.0,4574.541852548718,0.0,0.0,0.0,0.0,0.0,0.0,0.0,13983.874133992194,0.0,0.0,0.0,0.0,0.0,0.0,0.0
8463,0.0,532.8709905624389,0.0,0.0,0.0,0.0,0.0,0.0,0.0,0.0,0.0,0.0,0.0,667.2809548974037,0.0,0.0,5636.181062623857,0.0,521.2558748602866,0.0,0.0,4576.949390628933,0.0,0.0,0.0,0.0,0.0,0.0,0.0,12756.9303601861,0.0,0.0,0.0,0.0,0.0,0.0,0.0
8464,0.0,529.3786474585534,0.0,0.0,0.0,0.0,0.0,0.0,0.0,0.0,0.0,0.0,0.0,668.2321212291716,0.0,0.0,5340.860225334762,0.0,494.93935971260055,0.0,0.0,4592.911440762877,0.0,0.0,0.0,0.0,0.0,0.0,0.0,11479.021652430294,0.0,0.0,0.0,0.0,0.0,0.0,0.0
8465,0.0,528.2592167973519,0.0,0.0,0.0,0.0,0.0,0.0,0.0,0.0,0.0,0.0,0.0,659.8228962302206,0.0,0.0,5052.569391936064,0.0,462.2319534242153,0.0,0.0,4606.463530746101,0.0,0.0,0.0,0.0,0.0,0.0,0.0,10173.378717041016,0.0,0.0,0.0,0.0,0.0,0.0,0.0
8466,0.0,527.0541595101356,0.0,0.0,0.0,0.0,0.0,0.0,0.0,0.0,0.0,0.0,0.0,654.4864563226699,0.0,0.0,4788.00399518013,0.0,438.7222704052924,0.0,0.0,4622.816139748692,0.0,0.0,0.0,0.0,0.0,0.0,0.0,8922.316839993,0.0,0.0,0.0,0.0,0.0,0.0,0.0
8467,0.0,528.6449293971061,0.0,0.0,0.0,0.0,0.0,0.0,0.0,0.0,0.0,0.0,0.0,660.4209899783134,0.0,0.0,4852.918448254464,0.0,413.7470281481743,0.0,0.0,4638.336464774608,0.0,0.0,0.0,0.0,0.0,0.0,0.0,8493.47992517352,0.0,0.0,0.0,0.0,0.0,0.0,0.0
8468,0.0,525.1160575032234,0.0,0.0,0.0,0.0,0.0,0.0,0.0,0.0,0.0,0.0,0.0,660.3124005436897,0.0,0.0,4882.997919395564,0.0,395.1919330835341,0.0,0.0,4660.730020371078,0.0,0.0,0.0,0.0,0.0,0.0,0.0,8125.400409156083,0.0,0.0,0.0,0.0,0.0,0.0,0.0
8469,0.0,526.7293843388558,0.0,0.0,0.0,0.0,0.0,0.0,0.0,0.0,0.0,0.0,0.0,656.384529697895,0.0,0.0,4896.462856307624,0.0,382.35590705871584,0.0,0.0,4685.576527869701,0.0,0.0,0.0,0.0,0.0,0.0,0.0,7857.699443674087,0.0,0.0,0.0,0.0,0.0,0.0,0.0
8470,0.0,534.168239557743,0.0,0.0,0.0,0.0,0.0,0.0,0.0,0.0,0.0,0.0,0.0,651.4005346894264,0.0,0.0,4907.410993486641,0.0,385.90744946598994,0.0,0.0,4716.186049371957,0.0,0.0,0.0,0.0,0.0,0.0,0.0,7791.049931788444,0.0,0.0,0.0,0.0,0.0,0.0,0.0
8471,0.0,548.4945953249932,0.0,0.0,0.0,0.0,0.0,0.0,0.0,0.0,0.0,0.0,0.0,649.4032423138618,0.0,0.0,4935.390992373226,0.0,413.777855193615,0.0,0.0,4752.060243871807,0.0,0.0,0.0,0.0,0.0,0.0,0.0,8000.3808637917045,0.0,0.0,0.0,0.0,0.0,0.0,0.0
8472,0.0,556.2571034789086,0.0,0.0,0.0,0.0,0.0,0.0,0.0,0.0,0.0,0.0,0.0,649.2122020244599,0.0,0.0,5250.11269572377,0.0,482.2723192512988,0.0,0.0,4940.683222934603,0.0,0.0,0.0,0.0,0.0,0.0,0.0,8845.222514414785,0.0,0.0,0.0,0.0,0.0,0.0,0.0
8473,0.0,561.8480844855309,0.0,0.0,0.0,0.0,0.0,0.0,0.0,0.0,0.0,0.0,0.0,655.6900415301322,0.0,0.0,5623.546891316771,0.0,566.1935853719712,0.0,0.0,5136.121605634689,0.0,0.0,0.0,0.0,0.0,0.0,0.0,9962.137024909258,0.0,0.0,0.0,0.0,0.0,0.0,0.0
8474,0.0,566.7328422188759,0.0,0.0,0.0,0.0,0.0,0.0,0.0,0.0,0.0,0.0,0.0,667.6413355231285,0.0,0.0,5980.281375870107,0.0,652.9429068565369,0.0,0.0,5324.819063365459,0.0,0.0,0.0,0.0,0.0,0.0,0.0,11175.15582690835,0.0,0.0,0.0,0.0,0.0,0.0,0.0
8475,0.0,570.9745585799217,0.0,0.0,0.0,0.0,0.0,0.0,0.0,0.0,0.0,0.0,0.0,683.0298751831054,0.0,0.0,6306.361543044446,0.0,730.0406361103056,0.0,0.0,5493.269222724438,0.0,0.0,0.0,0.0,0.0,0.0,0.0,12286.180393993855,0.0,0.0,0.0,0.0,0.0,0.0,0.0
8476,0.0,575.0849171876907,0.0,0.0,0.0,0.0,0.0,0.0,0.0,0.0,0.0,0.0,0.0,700.2025186300277,0.0,0.0,6604.152507841587,0.0,806.1870545983313,0.0,0.0,5597.55207375884,0.0,0.0,0.0,0.0,0.0,0.0,0.0,13223.936914408207,0.0,0.0,0.0,0.0,0.0,0.0,0.0
8477,0.0,579.2963892817497,0.0,0.0,0.0,0.0,0.0,0.0,0.0,0.0,0.0,0.0,0.0,719.9301970481872,0.0,0.0,6880.305062323809,0.0,875.6712150216101,0.0,0.0,5528.607231366635,0.0,0.0,0.0,0.0,0.0,0.0,0.0,13914.616673195362,0.0,0.0,0.0,0.0,0.0,0.0,0.0
8478,0.0,599.2912725806236,0.0,0.0,0.0,0.0,0.0,0.0,0.0,0.0,0.0,0.0,0.0,737.9090116858482,0.0,0.0,6715.0978317558765,0.0,919.4869396448136,0.0,0.0,4803.633693856001,0.0,0.0,0.0,0.0,0.0,0.0,0.0,13871.989798867702,0.0,0.0,0.0,0.0,0.0,0.0,0.0
8479,0.0,617.5794589877129,0.0,0.0,0.0,0.0,0.0,0.0,0.0,0.0,0.0,0.0,0.0,755.7124333143234,0.0,0.0,6571.150577545166,0.0,951.0694848299025,0.0,0.0,4226.796107634901,0.0,0.0,0.0,0.0,0.0,0.0,0.0,13611.994794464112,0.0,0.0,0.0,0.0,0.0,0.0,0.0
8480,0.0,634.9543695330619,0.0,0.0,0.0,0.0,0.0,0.0,0.0,0.0,0.0,0.0,0.0,771.7368623018265,0.0,0.0,6438.131235882638,0.0,968.5020604610442,0.0,0.0,3718.482529056072,0.0,0.0,0.0,0.0,0.0,0.0,0.0,13135.583423924447,0.0,0.0,0.0,0.0,0.0,0.0,0.0
8481,0.0,650.1395727038383,0.0,0.0,0.0,0.0,0.0,0.0,0.0,0.0,0.0,0.0,0.0,784.3772643089294,0.0,0.0,6323.226162612438,0.0,981.3289569377899,0.0,0.0,3306.305167374014,0.0,0.0,0.0,0.0,0.0,0.0,0.0,12504.725934171676,0.0,0.0,0.0,0.0,0.0,0.0,0.0
8482,0.0,640.21939702034,0.0,0.0,0.0,0.0,0.0,0.0,0.0,0.0,0.0,0.0,0.0,791.879350566864,0.0,0.0,6214.361253127454,0.0,980.9701182723045,0.0,0.0,3293.665592452883,0.0,0.0,0.0,0.0,0.0,0.0,0.0,11920.956893020866,0.0,0.0,0.0,0.0,0.0,0.0,0.0
8483,0.0,630.5866260409355,0.0,0.0,0.0,0.0,0.0,0.0,0.0,0.0,0.0,0.0,0.0,806.8467586994171,0.0,0.0,6131.611009269951,0.0,965.9365981698035,0.0,0.0,3292.6035145372152,0.0,0.0,0.0,0.0,0.0,0.0,0.0,11318.418719828129,0.0,0.0,0.0,0.0,0.0,0.0,0.0
8484,0.0,621.9114031434059,0.0,0.0,0.0,0.0,0.0,0.0,0.0,0.0,0.0,0.0,0.0,816.2340507984161,0.0,0.0,6063.757372826338,0.0,945.8789217710495,0.0,0.0,3248.2526787936686,0.0,0.0,0.0,0.0,0.0,0.0,0.0,10718.571666407584,0.0,0.0,0.0,0.0,0.0,0.0,0.0
8485,0.0,607.7115234017372,0.0,0.0,0.0,0.0,0.0,0.0,0.0,0.0,0.0,0.0,0.0,816.6756717443466,0.0,0.0,6004.425306797027,0.0,911.519571185112,0.0,0.0,3170.718871638179,0.0,0.0,0.0,0.0,0.0,0.0,0.0,10125.305959379673,0.0,0.0,0.0,0.0,0.0,0.0,0.0
8486,0.0,596.6801654934883,0.0,0.0,0.0,0.0,0.0,0.0,0.0,0.0,0.0,0.0,0.0,812.115005159378,0.0,0.0,5949.44853723049,0.0,865.8497776269912,0.0,0.0,3080.1958031326526,0.0,0.0,0.0,0.0,0.0,0.0,0.0,9548.537011826036,0.0,0.0,0.0,0.0,0.0,0.0,0.0
8487,0.0,567.2343695998192,0.0,0.0,0.0,0.0,0.0,0.0,0.0,0.0,0.0,0.0,0.0,810.5174582004547,0.0,0.0,5688.570635184644,0.0,834.9291839599608,0.0,0.0,3095.862966182828,0.0,0.0,0.0,0.0,0.0,0.0,0.0,8063.6926928639405,0.0,0.0,0.0,0.0,0.0,0.0,0.0
8488,0.0,527.2798973321915,0.0,0.0,0.0,0.0,0.0,0.0,0.0,0.0,0.0,0.0,0.0,811.2123050451279,0.0,0.0,5428.885208487509,0.0,800.9427220582961,0.0,0.0,3071.5635438591244,0.0,0.0,0.0,0.0,0.0,0.0,0.0,6828.52440574169,0.0,0.0,0.0,0.0,0.0,0.0,0.0
8489,0.0,493.5493473172188,0.0,0.0,0.0,0.0,0.0,0.0,0.0,0.0,0.0,0.0,0.0,810.9907323837281,0.0,0.0,5330.665066719053,0.0,751.602613043785,0.0,0.0,3035.3142311900856,0.0,0.0,0.0,0.0,0.0,0.0,0.0,5820.236463907361,0.0,0.0,0.0,0.0,0.0,0.0,0.0
8490,0.0,469.0955107748508,0.0,0.0,0.0,0.0,0.0,0.0,0.0,0.0,0.0,0.0,0.0,813.9967139005661,0.0,0.0,5168.297063171862,0.0,705.1386673688887,0.0,0.0,2959.976636463404,0.0,0.0,0.0,0.0,0.0,0.0,0.0,4968.684732863307,0.0,0.0,0.0,0.0,0.0,0.0,0.0
8491,0.0,457.81563364863393,0.0,0.0,0.0,0.0,0.0,0.0,0.0,0.0,0.0,0.0,0.0,820.0493867635727,0.0,0.0,5274.5106013417235,0.0,652.8264161944388,0.0,0.0,2915.062063810229,0.0,0.0,0.0,0.0,0.0,0.0,0.0,4681.616528365015,0.0,0.0,0.0,0.0,0.0,0.0,0.0
8492,0.0,443.88812064528463,0.0,0.0,0.0,0.0,0.0,0.0,0.0,0.0,0.0,0.0,0.0,818.0640203952789,0.0,0.0,5363.623436272144,0.0,607.9069054961204,0.0,0.0,2898.9207804590465,0.0,0.0,0.0,0.0,0.0,0.0,0.0,4425.361681419611,0.0,0.0,0.0,0.0,0.0,0.0,0.0
8493,0.0,434.90254331231114,0.0,0.0,0.0,0.0,0.0,0.0,0.0,0.0,0.0,0.0,0.0,811.6909593820571,0.0,0.0,5453.160210579632,0.0,572.7611095547675,0.0,0.0,2900.643175345659,0.0,0.0,0.0,0.0,0.0,0.0,0.0,4202.0066958010175,0.0,0.0,0.0,0.0,0.0,0.0,0.0
8494,0.0,429.9537058889866,0.0,0.0,0.0,0.0,0.0,0.0,0.0,0.0,0.0,0.0,0.0,809.0728869438171,0.0,0.0,5444.516125574708,0.0,552.9635067105294,0.0,0.0,2914.6067145556212,0.0,0.0,0.0,0.0,0.0,0.0,0.0,4027.8997082710252,0.0,0.0,0.0,0.0,0.0,0.0,0.0
8495,0.0,432.008408242464,0.0,0.0,0.0,0.0,0.0,0.0,0.0,0.0,0.0,0.0,0.0,820.1834422588348,0.0,0.0,5366.876101419328,0.0,549.1384631991385,0.0,0.0,2910.247593167424,0.0,0.0,0.0,0.0,0.0,0.0,0.0,3968.251374819875,0.0,0.0,0.0,0.0,0.0,0.0,0.0
8496,0.0,454.5188963234424,0.0,0.0,0.0,0.0,0.0,0.0,0.0,0.0,0.0,0.0,0.0,845.7573749780655,0.0,0.0,5631.29875895381,0.0,580.811296057701,0.0,0.0,2936.185546186566,0.0,0.0,0.0,0.0,0.0,0.0,0.0,4456.534481737017,0.0,0.0,0.0,0.0,0.0,0.0,0.0
8497,0.0,473.47484135627747,0.0,0.0,0.0,0.0,0.0,0.0,0.0,0.0,0.0,0.0,0.0,883.9937683343887,0.0,0.0,5898.121146723628,0.0,612.257668697834,0.0,0.0,2915.8622553527357,0.0,0.0,0.0,0.0,0.0,0.0,0.0,4955.301818102596,0.0,0.0,0.0,0.0,0.0,0.0,0.0
8498,0.0,490.31433298587797,0.0,0.0,0.0,0.0,0.0,0.0,0.0,0.0,0.0,0.0,0.0,925.7013471603393,0.0,0.0,6174.956671431661,0.0,634.1602844834327,0.0,0.0,2881.7979530364273,0.0,0.0,0.0,0.0,0.0,0.0,0.0,5435.41465356946,0.0,0.0,0.0,0.0,0.0,0.0,0.0
8499,0.0,507.29836864471434,0.0,0.0,0.0,0.0,0.0,0.0,0.0,0.0,0.0,0.0,0.0,960.7709820747375,0.0,0.0,6446.755485191939,0.0,644.2517549395561,0.0,0.0,2849.0439908623694,0.0,0.0,0.0,0.0,0.0,0.0,0.0,5762.3802817046635,0.0,0.0,0.0,0.0,0.0,0.0,0.0
8500,0.0,522.6481477618217,0.0,0.0,0.0,0.0,0.0,0.0,0.0,0.0,0.0,0.0,0.0,990.3520532369614,0.0,0.0,6702.255191177128,0.0,638.580586385727,0.0,0.0,2829.4358163446186,0.0,0.0,0.0,0.0,0.0,0.0,0.0,6406.950115150213,0.0,0.0,0.0,0.0,0.0,0.0,0.0
8501,0.0,537.7281973958015,0.0,0.0,0.0,0.0,0.0,0.0,0.0,0.0,0.0,0.0,0.0,1009.4879147529603,0.0,0.0,7007.938040286301,0.0,623.1311975836754,0.0,0.0,2902.1939059853553,0.0,0.0,0.0,0.0,0.0,0.0,0.0,6978.719409120083,0.0,0.0,0.0,0.0,0.0,0.0,0.0
8502,0.0,554.6885538697243,0.0,0.0,0.0,0.0,0.0,0.0,0.0,0.0,0.0,0.0,0.0,1021.7674877882004,0.0,0.0,6854.159281879662,0.0,585.8907631874083,0.0,0.0,3203.7319953560827,0.0,0.0,0.0,0.0,0.0,0.0,0.0,7582.112434118985,0.0,0.0,0.0,0.0,0.0,0.0,0.0
8503,0.0,560.8724122881889,0.0,0.0,0.0,0.0,0.0,0.0,0.0,0.0,0.0,0.0,0.0,1030.8308946371078,0.0,0.0,6701.192620187996,0.0,531.6536001563072,0.0,0.0,3467.1790901988743,0.0,0.0,0.0,0.0,0.0,0.0,0.0,7938.657236552238,0.0,0.0,0.0,0.0,0.0,0.0,0.0
8504,0.0,562.0672011137009,0.0,0.0,0.0,0.0,0.0,0.0,0.0,0.0,0.0,0.0,0.0,1029.8081274271012,0.0,0.0,6619.089175581932,0.0,515.1662291646004,0.0,0.0,3687.269609239697,0.0,0.0,0.0,0.0,0.0,0.0,0.0,8078.440694582462,0.0,0.0,0.0,0.0,0.0,0.0,0.0
8505,0.0,559.1181325793266,0.0,0.0,0.0,0.0,0.0,0.0,0.0,0.0,0.0,0.0,0.0,1008.8562847137451,0.0,0.0,6606.395108252764,0.0,493.32840945720665,0.0,0.0,3764.998090311885,0.0,0.0,0.0,0.0,0.0,0.0,0.0,8014.439632201194,0.0,0.0,0.0,0.0,0.0,0.0,0.0
8506,0.0,535.4208796620369,0.0,0.0,0.0,0.0,0.0,0.0,0.0,0.0,0.0,0.0,0.0,961.3682687997818,0.0,0.0,6701.644562900066,0.0,455.18397195339185,0.0,0.0,3631.6425215095283,0.0,0.0,0.0,0.0,0.0,0.0,0.0,7774.26098946333,0.0,0.0,0.0,0.0,0.0,0.0,0.0
8507,0.0,512.3545479655265,0.0,0.0,0.0,0.0,0.0,0.0,0.0,0.0,0.0,0.0,0.0,902.1398609161376,0.0,0.0,6788.049630910158,0.0,418.6268012344836,0.0,0.0,3500.3847685217856,0.0,0.0,0.0,0.0,0.0,0.0,0.0,7576.667997235059,0.0,0.0,0.0,0.0,0.0,0.0,0.0
8508,0.0,494.0739927649498,0.0,0.0,0.0,0.0,0.0,0.0,0.0,0.0,0.0,0.0,0.0,845.1311250925064,0.0,0.0,6845.832179069519,0.0,390.23236537575707,0.0,0.0,3404.3460399627684,0.0,0.0,0.0,0.0,0.0,0.0,0.0,7400.8411809444415,0.0,0.0,0.0,0.0,0.0,0.0,0.0
8509,0.0,472.6140300393105,0.0,0.0,0.0,0.0,0.0,0.0,0.0,0.0,0.0,0.0,0.0,787.9387466907501,0.0,0.0,6880.249833524225,0.0,367.7334537506103,0.0,0.0,3310.2310409009456,0.0,0.0,0.0,0.0,0.0,0.0,0.0,7245.749945139885,0.0,0.0,0.0,0.0,0.0,0.0,0.0
8510,0.0,444.0295224130153,0.0,0.0,0.0,0.0,0.0,0.0,0.0,0.0,0.0,0.0,0.0,733.3406783819197,0.0,0.0,6902.929423391819,0.0,356.85527116656306,0.0,0.0,3196.5977866888043,0.0,0.0,0.0,0.0,0.0,0.0,0.0,7113.960291689634,0.0,0.0,0.0,0.0,0.0,0.0,0.0
8511,0.0,389.39137435555455,0.0,0.0,0.0,0.0,0.0,0.0,0.0,0.0,0.0,0.0,0.0,684.9357497811318,0.0,0.0,6647.555343478918,0.0,377.7245288193226,0.0,0.0,3220.2075244367124,0.0,0.0,0.0,0.0,0.0,0.0,0.0,6504.065475034714,0.0,0.0,0.0,0.0,0.0,0.0,0.0
8512,0.0,337.99491793513295,0.0,0.0,0.0,0.0,0.0,0.0,0.0,0.0,0.0,0.0,0.0,642.8214761734009,0.0,0.0,6400.245057240127,0.0,400.4260393440722,0.0,0.0,3216.9010954409837,0.0,0.0,0.0,0.0,0.0,0.0,0.0,5766.622357228397,0.0,0.0,0.0,0.0,0.0,0.0,0.0
8513,0.0,291.2368883907794,0.0,0.0,0.0,0.0,0.0,0.0,0.0,0.0,0.0,0.0,0.0,598.2228717803954,0.0,0.0,6230.877775683999,0.0,412.16385187506677,0.0,0.0,3239.6661361008883,0.0,0.0,0.0,0.0,0.0,0.0,0.0,5176.708435899019,0.0,0.0,0.0,0.0,0.0,0.0,0.0
8514,0.0,254.4405011594295,0.0,0.0,0.0,0.0,0.0,0.0,0.0,0.0,0.0,0.0,0.0,558.0758065223692,0.0,0.0,6031.575317949055,0.0,440.70673181414594,0.0,0.0,3233.101416760683,0.0,0.0,0.0,0.0,0.0,0.0,0.0,4741.284027275443,0.0,0.0,0.0,0.0,0.0,0.0,0.0
8515,0.0,259.75184894800185,0.0,0.0,0.0,0.0,0.0,0.0,0.0,0.0,0.0,0.0,0.0,535.3285616993903,0.0,0.0,6131.416541665792,0.0,469.0211952030658,0.0,0.0,3282.8737545669073,0.0,0.0,0.0,0.0,0.0,0.0,0.0,4742.558711123465,0.0,0.0,0.0,0.0,0.0,0.0,0.0
8516,0.0,279.98933166861536,0.0,0.0,0.0,0.0,0.0,0.0,0.0,0.0,0.0,0.0,0.0,521.6545425057411,0.0,0.0,6212.932305172084,0.0,499.12845877408984,0.0,0.0,3323.046518692374,0.0,0.0,0.0,0.0,0.0,0.0,0.0,4768.156170853972,0.0,0.0,0.0,0.0,0.0,0.0,0.0
8517,0.0,308.6318869650364,0.0,0.0,0.0,0.0,0.0,0.0,0.0,0.0,0.0,0.0,0.0,512.7530334472656,0.0,0.0,6269.268403291701,0.0,528.3490001678467,0.0,0.0,3365.651949879527,0.0,0.0,0.0,0.0,0.0,0.0,0.0,4802.24863000512,0.0,0.0,0.0,0.0,0.0,0.0,0.0
8518,0.0,345.0667177319527,0.0,0.0,0.0,0.0,0.0,0.0,0.0,0.0,0.0,0.0,0.0,506.5979134917259,0.0,0.0,6290.48248529434,0.0,557.8086882948875,0.0,0.0,3415.802736201882,0.0,0.0,0.0,0.0,0.0,0.0,0.0,4915.3888451308,0.0,0.0,0.0,0.0,0.0,0.0,0.0
8519,0.0,376.39489660263064,0.0,0.0,0.0,0.0,0.0,0.0,0.0,0.0,0.0,0.0,0.0,499.4698375821114,0.0,0.0,6279.425057321785,0.0,589.599138188362,0.0,0.0,3474.692050141096,0.0,0.0,0.0,0.0,0.0,0.0,0.0,5168.238387736677,0.0,0.0,0.0,0.0,0.0,0.0,0.0
8520,0.0,421.9040735900402,0.0,0.0,0.0,0.0,0.0,0.0,0.0,0.0,0.0,0.0,0.0,486.7173042058945,0.0,0.0,6392.989081993697,0.0,650.3007326483727,0.0,0.0,3778.4735823154447,0.0,0.0,0.0,0.0,0.0,0.0,0.0,5989.772308593987,0.0,0.0,0.0,0.0,0.0,0.0,0.0
8521,0.0,459.92959007620806,0.0,0.0,0.0,0.0,0.0,0.0,0.0,0.0,0.0,0.0,0.0,471.46004029512403,0.0,0.0,6568.711175918579,0.0,710.8835244178771,0.0,0.0,4111.6121227830645,0.0,0.0,0.0,0.0,0.0,0.0,0.0,7046.346721041203,0.0,0.0,0.0,0.0,0.0,0.0,0.0
8522,0.0,493.26682434082034,0.0,0.0,0.0,0.0,0.0,0.0,0.0,0.0,0.0,0.0,0.0,456.21985837221143,0.0,0.0,6785.085166752338,0.0,770.2758586883543,0.0,0.0,4386.973382431268,0.0,0.0,0.0,0.0,0.0,0.0,0.0,8314.392811131478,0.0,0.0,0.0,0.0,0.0,0.0,0.0
8523,0.0,523.2856901764869,0.0,0.0,0.0,0.0,0.0,0.0,0.0,0.0,0.0,0.0,0.0,442.13797869682304,0.0,0.0,7002.981449991463,0.0,826.7980764627456,0.0,0.0,4592.540258458257,0.0,0.0,0.0,0.0,0.0,0.0,0.0,9582.23422858119,0.0,0.0,0.0,0.0,0.0,0.0,0.0
8524,0.0,550.2003944277764,0.0,0.0,0.0,0.0,0.0,0.0,0.0,0.0,0.0,0.0,0.0,435.13216677904126,0.0,0.0,7211.243808120487,0.0,877.9718018531798,0.0,0.0,4741.566320657729,0.0,0.0,0.0,0.0,0.0,0.0,0.0,10920.143118691445,0.0,0.0,0.0,0.0,0.0,0.0,0.0
8525,0.0,574.8645099878311,0.0,0.0,0.0,0.0,0.0,0.0,0.0,0.0,0.0,0.0,0.0,422.3529119729995,0.0,0.0,7418.74229750037,0.0,913.4287731051444,0.0,0.0,4663.549007678032,0.0,0.0,0.0,0.0,0.0,0.0,0.0,12178.120472025872,0.0,0.0,0.0,0.0,0.0,0.0,0.0
8526,0.0,601.7968894600868,0.0,0.0,0.0,0.0,0.0,0.0,0.0,0.0,0.0,0.0,0.0,414.5657672405243,0.0,0.0,7311.746221691368,0.0,927.2536951780318,0.0,0.0,4337.398140612245,0.0,0.0,0.0,0.0,0.0,0.0,0.0,13000.907379984856,0.0,0.0,0.0,0.0,0.0,0.0,0.0
8527,0.0,627.9173871159553,0.0,0.0,0.0,0.0,0.0,0.0,0.0,0.0,0.0,0.0,0.0,410.632874917984,0.0,0.0,7162.3935459554195,0.0,934.7456750273705,0.0,0.0,4159.093787410855,0.0,0.0,0.0,0.0,0.0,0.0,0.0,13633.48903784752,0.0,0.0,0.0,0.0,0.0,0.0,0.0
8528,0.0,652.9300131440162,0.0,0.0,0.0,0.0,0.0,0.0,0.0,0.0,0.0,0.0,0.0,412.89343614578246,0.0,0.0,6978.89391466975,0.0,943.8084706902503,0.0,0.0,4085.846742287278,0.0,0.0,0.0,0.0,0.0,0.0,0.0,14186.293205833435,0.0,0.0,0.0,0.0,0.0,0.0,0.0
8529,0.0,677.6853665113449,0.0,0.0,0.0,0.0,0.0,0.0,0.0,0.0,0.0,0.0,0.0,425.44699350595477,0.0,0.0,6785.614118635653,0.0,958.8686680436133,0.0,0.0,4072.6040718108416,0.0,0.0,0.0,0.0,0.0,0.0,0.0,14620.944125449658,0.0,0.0,0.0,0.0,0.0,0.0,0.0
8530,0.0,678.8206768155098,0.0,0.0,0.0,0.0,0.0,0.0,0.0,0.0,0.0,0.0,0.0,420.53177479505536,0.0,0.0,6630.251616060732,0.0,960.718824315071,0.0,0.0,3953.131205615401,0.0,0.0,0.0,0.0,0.0,0.0,0.0,14911.8020283103,0.0,0.0,0.0,0.0,0.0,0.0,0.0
8531,0.0,679.8778794765473,0.0,0.0,0.0,0.0,0.0,0.0,0.0,0.0,0.0,0.0,0.0,415.2731229424477,0.0,0.0,6472.565614551304,0.0,953.8775322556496,0.0,0.0,3814.9853868752716,0.0,0.0,0.0,0.0,0.0,0.0,0.0,15222.866834270953,0.0,0.0,0.0,0.0,0.0,0.0,0.0
8532,0.0,681.0562836527824,0.0,0.0,0.0,0.0,0.0,0.0,0.0,0.0,0.0,0.0,0.0,411.22011868953706,0.0,0.0,6345.797239556907,0.0,948.2147225737572,0.0,0.0,3678.650368595123,0.0,0.0,0.0,0.0,0.0,0.0,0.0,15536.138922560214,0.0,0.0,0.0,0.0,0.0,0.0,0.0
8533,0.0,682.2812606334686,0.0,0.0,0.0,0.0,0.0,0.0,0.0,0.0,0.0,0.0,0.0,400.4292790055275,0.0,0.0,6282.313679113982,0.0,933.4166143894196,0.0,0.0,3548.509190109372,0.0,0.0,0.0,0.0,0.0,0.0,0.0,15822.907711958886,0.0,0.0,0.0,0.0,0.0,0.0,0.0
8534,0.0,683.5165621876716,0.0,0.0,0.0,0.0,0.0,0.0,0.0,0.0,0.0,0.0,0.0,382.1342010021209,0.0,0.0,6257.486389026046,0.0,925.7932046175004,0.0,0.0,3395.274780410528,0.0,0.0,0.0,0.0,0.0,0.0,0.0,16101.550346624852,0.0,0.0,0.0,0.0,0.0,0.0,0.0
8535,0.0,695.7718309521675,0.0,0.0,0.0,0.0,0.0,0.0,0.0,0.0,0.0,0.0,0.0,368.81663940548896,0.0,0.0,6044.522971034048,0.0,944.1747197031974,0.0,0.0,3316.823008534312,0.0,0.0,0.0,0.0,0.0,0.0,0.0,15954.48112117052,0.0,0.0,0.0,0.0,0.0,0.0,0.0
8536,0.0,706.4503016710281,0.0,0.0,0.0,0.0,0.0,0.0,0.0,0.0,0.0,0.0,0.0,351.59019442200656,0.0,0.0,5837.484592005609,0.0,951.7805817723273,0.0,0.0,3273.2681257098907,0.0,0.0,0.0,0.0,0.0,0.0,0.0,15675.183244764805,0.0,0.0,0.0,0.0,0.0,0.0,0.0
8537,0.0,717.075578391552,0.0,0.0,0.0,0.0,0.0,0.0,0.0,0.0,0.0,0.0,0.0,328.53935201168053,0.0,0.0,5643.654452651737,0.0,941.0198680162429,0.0,0.0,3238.4905236303803,0.0,0.0,0.0,0.0,0.0,0.0,0.0,15353.838520383835,0.0,0.0,0.0,0.0,0.0,0.0,0.0
8538,0.0,727.2210430026055,0.0,0.0,0.0,0.0,0.0,0.0,0.0,0.0,0.0,0.0,0.0,301.6497475504874,0.0,0.0,5431.89128871262,0.0,924.8497784614563,0.0,0.0,3186.038770329952,0.0,0.0,0.0,0.0,0.0,0.0,0.0,15063.9974717021,0.0,0.0,0.0,0.0,0.0,0.0,0.0
8539,0.0,726.4111812114716,0.0,0.0,0.0,0.0,0.0,0.0,0.0,0.0,0.0,0.0,0.0,276.92711206078525,0.0,0.0,5396.949349597095,0.0,882.8784596800803,0.0,0.0,3214.905914863944,0.0,0.0,0.0,0.0,0.0,0.0,0.0,15216.540063035489,0.0,0.0,0.0,0.0,0.0,0.0,0.0
8540,0.0,726.2459319233894,0.0,0.0,0.0,0.0,0.0,0.0,0.0,0.0,0.0,0.0,0.0,250.16871609687797,0.0,0.0,5352.201187074184,0.0,852.0856204032898,0.0,0.0,3246.398886582255,0.0,0.0,0.0,0.0,0.0,0.0,0.0,15360.030771791935,0.0,0.0,0.0,0.0,0.0,0.0,0.0
8541,0.0,726.0909510970116,0.0,0.0,0.0,0.0,0.0,0.0,0.0,0.0,0.0,0.0,0.0,224.7999241530895,0.0,0.0,5309.859755620359,0.0,832.5252672433853,0.0,0.0,3276.9581501215694,0.0,0.0,0.0,0.0,0.0,0.0,0.0,15464.348728239536,0.0,0.0,0.0,0.0,0.0,0.0,0.0
8542,0.0,729.9826980829239,0.0,0.0,0.0,0.0,0.0,0.0,0.0,0.0,0.0,0.0,0.0,207.12006672024728,0.0,0.0,5260.958542943001,0.0,823.5988812565803,0.0,0.0,3313.1311675697566,0.0,0.0,0.0,0.0,0.0,0.0,0.0,15359.278617918491,0.0,0.0,0.0,0.0,0.0,0.0,0.0
8543,0.0,726.9559146881104,0.0,0.0,0.0,0.0,0.0,0.0,0.0,0.0,0.0,0.0,0.0,204.43897923231125,0.0,0.0,5211.622889637946,0.0,823.1783292174338,0.0,0.0,3359.7635937273503,0.0,0.0,0.0,0.0,0.0,0.0,0.0,14872.231502318382,0.0,0.0,0.0,0.0,0.0,0.0,0.0
8544,0.0,709.1891753554344,0.0,0.0,0.0,0.0,0.0,0.0,0.0,0.0,0.0,0.0,0.0,215.90919781923284,0.0,0.0,5387.74014173448,0.0,846.6029710888862,0.0,0.0,3692.5200525730843,0.0,0.0,0.0,0.0,0.0,0.0,0.0,14526.694905757904,0.0,0.0,0.0,0.0,0.0,0.0,0.0
8545,0.0,675.9699722886086,0.0,0.0,0.0,0.0,0.0,0.0,0.0,0.0,0.0,0.0,0.0,243.2143967330455,0.0,0.0,5583.207309380173,0.0,867.0337733030318,0.0,0.0,4035.5757607162,0.0,0.0,0.0,0.0,0.0,0.0,0.0,13913.29895746708,0.0,0.0,0.0,0.0,0.0,0.0,0.0
8546,0.0,639.2006870627404,0.0,0.0,0.0,0.0,0.0,0.0,0.0,0.0,0.0,0.0,0.0,279.28144488334647,0.0,0.0,5790.316085681319,0.0,881.0894239544867,0.0,0.0,4385.060249492526,0.0,0.0,0.0,0.0,0.0,0.0,0.0,13272.51448303461,0.0,0.0,0.0,0.0,0.0,0.0,0.0
8547,0.0,607.847426211834,0.0,0.0,0.0,0.0,0.0,0.0,0.0,0.0,0.0,0.0,0.0,317.1783281266689,0.0,0.0,5997.298458039759,0.0,887.6331164598464,0.0,0.0,4727.818345722555,0.0,0.0,0.0,0.0,0.0,0.0,0.0,12660.081870281696,0.0,0.0,0.0,0.0,0.0,0.0,0.0
8548,0.0,585.8173113584519,0.0,0.0,0.0,0.0,0.0,0.0,0.0,0.0,0.0,0.0,0.0,357.310575544834,0.0,0.0,6209.867884665726,0.0,886.4427182435988,0.0,0.0,5042.1809956491,0.0,0.0,0.0,0.0,0.0,0.0,0.0,12176.802756297588,0.0,0.0,0.0,0.0,0.0,0.0,0.0
8549,0.0,570.1759191513062,0.0,0.0,0.0,0.0,0.0,0.0,0.0,0.0,0.0,0.0,0.0,379.25617747306825,0.0,0.0,6425.62696893513,0.0,863.3143124222754,0.0,0.0,5252.615930628776,0.0,0.0,0.0,0.0,0.0,0.0,0.0,11900.062926286459,0.0,0.0,0.0,0.0,0.0,0.0,0.0
8550,0.0,539.7668517708778,0.0,0.0,0.0,0.0,0.0,0.0,0.0,0.0,0.0,0.0,0.0,404.72887363433836,0.0,0.0,6186.146337375045,0.0,828.2358024358749,0.0,0.0,4977.452675244212,0.0,0.0,0.0,0.0,0.0,0.0,0.0,11169.047469586132,0.0,0.0,0.0,0.0,0.0,0.0,0.0
8551,0.0,513.9132780075073,0.0,0.0,0.0,0.0,0.0,0.0,0.0,0.0,0.0,0.0,0.0,430.5101664423942,0.0,0.0,5959.843997478484,0.0,793.7986135601998,0.0,0.0,4716.236004576087,0.0,0.0,0.0,0.0,0.0,0.0,0.0,10542.935781484843,0.0,0.0,0.0,0.0,0.0,0.0,0.0
8552,0.0,492.09532191753385,0.0,0.0,0.0,0.0,0.0,0.0,0.0,0.0,0.0,0.0,0.0,452.2886249303818,0.0,0.0,5744.465680778025,0.0,756.347428882122,0.0,0.0,4476.869740194083,0.0,0.0,0.0,0.0,0.0,0.0,0.0,9922.05734860301,0.0,0.0,0.0,0.0,0.0,0.0,0.0
8553,0.0,476.1849857926369,0.0,0.0,0.0,0.0,0.0,0.0,0.0,0.0,0.0,0.0,0.0,467.0119085907936,0.0,0.0,5541.611077785491,0.0,712.2337490081787,0.0,0.0,4206.782539066671,0.0,0.0,0.0,0.0,0.0,0.0,0.0,9267.996635079382,0.0,0.0,0.0,0.0,0.0,0.0,0.0
8554,0.0,468.5493183910846,0.0,0.0,0.0,0.0,0.0,0.0,0.0,0.0,0.0,0.0,0.0,453.0220295429229,0.0,0.0,5507.9141202718,0.0,645.3963275671005,0.0,0.0,4128.845759931206,0.0,0.0,0.0,0.0,0.0,0.0,0.0,8634.62232275009,0.0,0.0,0.0,0.0,0.0,0.0,0.0
8555,0.0,446.4467351317405,0.0,0.0,0.0,0.0,0.0,0.0,0.0,0.0,0.0,0.0,0.0,427.29189302921293,0.0,0.0,5494.476797759533,0.0,578.0542318224907,0.0,0.0,4053.1711946457626,0.0,0.0,0.0,0.0,0.0,0.0,0.0,8091.169452440738,0.0,0.0,0.0,0.0,0.0,0.0,0.0
8556,0.0,427.9839007079601,0.0,0.0,0.0,0.0,0.0,0.0,0.0,0.0,0.0,0.0,0.0,391.6722270727157,0.0,0.0,5517.589661449194,0.0,526.7967398643493,0.0,0.0,3976.0603415518995,0.0,0.0,0.0,0.0,0.0,0.0,0.0,7657.912187165021,0.0,0.0,0.0,0.0,0.0,0.0,0.0
8557,0.0,395.51233143210413,0.0,0.0,0.0,0.0,0.0,0.0,0.0,0.0,0.0,0.0,0.0,350.21128345727914,0.0,0.0,5557.56325535476,0.0,486.2744404256343,0.0,0.0,3875.0509188026185,0.0,0.0,0.0,0.0,0.0,0.0,0.0,7235.163379371165,0.0,0.0,0.0,0.0,0.0,0.0,0.0
8558,0.0,363.80186278223994,0.0,0.0,0.0,0.0,0.0,0.0,0.0,0.0,0.0,0.0,0.0,313.33109233379355,0.0,0.0,5557.526695445178,0.0,442.48162859678257,0.0,0.0,3773.658203396201,0.0,0.0,0.0,0.0,0.0,0.0,0.0,6806.565851986407,0.0,0.0,0.0,0.0,0.0,0.0,0.0
8559,0.0,310.2078433334827,0.0,0.0,0.0,0.0,0.0,0.0,0.0,0.0,0.0,0.0,0.0,303.62406218647953,0.0,0.0,5116.7250324189645,0.0,429.9074546098708,0.0,0.0,3708.157848018408,0.0,0.0,0.0,0.0,0.0,0.0,0.0,5412.966838183998,0.0,0.0,0.0,0.0,0.0,0.0,0.0
8560,0.0,273.6638470351696,0.0,0.0,0.0,0.0,0.0,0.0,0.0,0.0,0.0,0.0,0.0,312.7226193726062,0.0,0.0,4688.195830956101,0.0,440.84053304791433,0.0,0.0,3630.462064898014,0.0,0.0,0.0,0.0,0.0,0.0,0.0,4254.057190293073,0.0,0.0,0.0,0.0,0.0,0.0,0.0
8561,0.0,240.67358016371728,0.0,0.0,0.0,0.0,0.0,0.0,0.0,0.0,0.0,0.0,0.0,323.48951737284654,0.0,0.0,4325.308002471923,0.0,458.7754709541797,0.0,0.0,3577.4644374579193,0.0,0.0,0.0,0.0,0.0,0.0,0.0,3424.2387284547085,0.0,0.0,0.0,0.0,0.0,0.0,0.0
8562,0.0,207.24836257696145,0.0,0.0,0.0,0.0,0.0,0.0,0.0,0.0,0.0,0.0,0.0,345.9376256525516,0.0,0.0,3979.66595005989,0.0,488.8801853656769,0.0,0.0,3530.360010311007,0.0,0.0,0.0,0.0,0.0,0.0,0.0,2827.8300669118757,0.0,0.0,0.0,0.0,0.0,0.0,0.0
8563,0.0,169.30565309822555,0.0,0.0,0.0,0.0,0.0,0.0,0.0,0.0,0.0,0.0,0.0,388.68408973217004,0.0,0.0,4149.95034083724,0.0,509.407618510723,0.0,0.0,3559.943482196331,0.0,0.0,0.0,0.0,0.0,0.0,0.0,2796.50683581978,0.0,0.0,0.0,0.0,0.0,0.0,0.0
8564,0.0,142.02584331035607,0.0,0.0,0.0,0.0,0.0,0.0,0.0,0.0,0.0,0.0,0.0,438.2637748837471,0.0,0.0,4309.66930668056,0.0,533.6417667388915,0.0,0.0,3592.511853218078,0.0,0.0,0.0,0.0,0.0,0.0,0.0,2838.4708745464663,0.0,0.0,0.0,0.0,0.0,0.0,0.0
8565,0.0,133.40149979889392,0.0,0.0,0.0,0.0,0.0,0.0,0.0,0.0,0.0,0.0,0.0,490.4763278961181,0.0,0.0,4447.266026809811,0.0,552.0137965798377,0.0,0.0,3628.1271889328955,0.0,0.0,0.0,0.0,0.0,0.0,0.0,2957.705163303016,0.0,0.0,0.0,0.0,0.0,0.0,0.0
8566,0.0,127.75200819969172,0.0,0.0,0.0,0.0,0.0,0.0,0.0,0.0,0.0,0.0,0.0,534.3174066543578,0.0,0.0,4550.0919393152,0.0,552.2882758498192,0.0,0.0,3659.024634066224,0.0,0.0,0.0,0.0,0.0,0.0,0.0,3106.234941399097,0.0,0.0,0.0,0.0,0.0,0.0,0.0
8567,0.0,120.43072125613689,0.0,0.0,0.0,0.0,0.0,0.0,0.0,0.0,0.0,0.0,0.0,557.9454274654388,0.0,0.0,4612.204114213584,0.0,521.8351861834526,0.0,0.0,3664.78885910511,0.0,0.0,0.0,0.0,0.0,0.0,0.0,3258.4455725133403,0.0,0.0,0.0,0.0,0.0,0.0,0.0
8568,0.0,130.42250964045522,0.0,0.0,0.0,0.0,0.0,0.0,0.0,0.0,0.0,0.0,0.0,563.7657673597334,0.0,0.0,4814.722288250921,0.0,485.4975099563598,0.0,0.0,3543.8473099082707,0.0,0.0,0.0,0.0,0.0,0.0,0.0,3715.7345156580204,0.0,0.0,0.0,0.0,0.0,0.0,0.0
8569,0.0,135.9268119245767,0.0,0.0,0.0,0.0,0.0,0.0,0.0,0.0,0.0,0.0,0.0,549.8144460797308,0.0,0.0,5029.715170159936,0.0,422.04338639378545,0.0,0.0,3194.7651875942943,0.0,0.0,0.0,0.0,0.0,0.0,0.0,4153.180337816477,0.0,0.0,0.0,0.0,0.0,0.0,0.0
8570,0.0,140.50247773826115,0.0,0.0,0.0,0.0,0.0,0.0,0.0,0.0,0.0,0.0,0.0,526.9046309471129,0.0,0.0,5257.797666504979,0.0,348.59928449392316,0.0,0.0,2907.056212520599,0.0,0.0,0.0,0.0,0.0,0.0,0.0,4563.333099517226,0.0,0.0,0.0,0.0,0.0,0.0,0.0
8571,0.0,147.17669728696345,0.0,0.0,0.0,0.0,0.0,0.0,0.0,0.0,0.0,0.0,0.0,507.1244063615798,0.0,0.0,5508.84289754927,0.0,278.1631315529345,0.0,0.0,2792.10868230164,0.0,0.0,0.0,0.0,0.0,0.0,0.0,4977.692498722671,0.0,0.0,0.0,0.0,0.0,0.0,0.0
8572,0.0,157.86985527276988,0.0,0.0,0.0,0.0,0.0,0.0,0.0,0.0,0.0,0.0,0.0,485.86629840135566,0.0,0.0,5773.557256489992,0.0,214.68699925839894,0.0,0.0,2683.7273852169515,0.0,0.0,0.0,0.0,0.0,0.0,0.0,5386.196669313312,0.0,0.0,0.0,0.0,0.0,0.0,0.0
8573,0.0,170.00592851936815,0.0,0.0,0.0,0.0,0.0,0.0,0.0,0.0,0.0,0.0,0.0,448.2420768618584,0.0,0.0,6031.468749701975,0.0,151.25006770193565,0.0,0.0,1640.8230337902899,0.0,0.0,0.0,0.0,0.0,0.0,0.0,5826.996808457373,0.0,0.0,0.0,0.0,0.0,0.0,0.0
8574,0.0,170.6852742344141,0.0,0.0,0.0,0.0,0.0,0.0,0.0,0.0,0.0,0.0,0.0,411.8895443081856,0.0,0.0,5957.520498543978,0.0,99.13794037103652,0.0,0.0,1085.332593018561,0.0,0.0,0.0,0.0,0.0,0.0,0.0,5970.082511281967,0.0,0.0,0.0,0.0,0.0,0.0,0.0
8575,0.0,178.98362214267252,0.0,0.0,0.0,0.0,0.0,0.0,0.0,0.0,0.0,0.0,0.0,377.3873362660408,0.0,0.0,5876.572191506622,0.0,64.24079122841351,0.0,0.0,787.4566742487243,0.0,0.0,0.0,0.0,0.0,0.0,0.0,6124.684847068786,0.0,0.0,0.0,0.0,0.0,0.0,0.0
8576,0.0,189.5644162237644,0.0,0.0,0.0,0.0,0.0,0.0,0.0,0.0,0.0,0.0,0.0,346.2432632148265,0.0,0.0,5802.100822493432,0.0,42.97826643586146,0.0,0.0,555.4656902387736,0.0,0.0,0.0,0.0,0.0,0.0,0.0,6256.559117829799,0.0,0.0,0.0,0.0,0.0,0.0,0.0
8577,0.0,198.64580447673794,0.0,0.0,0.0,0.0,0.0,0.0,0.0,0.0,0.0,0.0,0.0,310.82759475111953,0.0,0.0,5742.488723114131,0.0,28.304624300077382,0.0,0.0,394.45249835997816,0.0,0.0,0.0,0.0,0.0,0.0,0.0,6295.979213047028,0.0,0.0,0.0,0.0,0.0,0.0,0.0
8578,0.0,218.445965757966,0.0,0.0,0.0,0.0,0.0,0.0,0.0,0.0,0.0,0.0,0.0,248.924264138937,0.0,0.0,5809.921531662343,0.0,17.429941252619017,0.0,0.0,315.91655953377426,0.0,0.0,0.0,0.0,0.0,0.0,0.0,6152.926055341958,0.0,0.0,0.0,0.0,0.0,0.0,0.0
8579,0.0,234.39015133380883,0.0,0.0,0.0,0.0,0.0,0.0,0.0,0.0,0.0,0.0,0.0,190.3329561173915,0.0,0.0,5898.6236510127765,0.0,24.415308992564523,0.0,0.0,309.3828351270407,0.0,0.0,0.0,0.0,0.0,0.0,0.0,5989.475424781441,0.0,0.0,0.0,0.0,0.0,0.0,0.0
8580,0.0,251.7724686384201,0.0,0.0,0.0,0.0,0.0,0.0,0.0,0.0,0.0,0.0,0.0,143.95854234099386,0.0,0.0,6014.962728396056,0.0,33.969692285358754,0.0,0.0,322.36906888894725,0.0,0.0,0.0,0.0,0.0,0.0,0.0,5818.339806663989,0.0,0.0,0.0,0.0,0.0,0.0,0.0
8581,0.0,271.748189753294,0.0,0.0,0.0,0.0,0.0,0.0,0.0,0.0,0.0,0.0,0.0,108.02353212833395,0.0,0.0,6133.123578295111,0.0,48.20591828376051,0.0,0.0,334.3036320693784,0.0,0.0,0.0,0.0,0.0,0.0,0.0,5659.763711783289,0.0,0.0,0.0,0.0,0.0,0.0,0.0
8582,0.0,291.7561471045017,0.0,0.0,0.0,0.0,0.0,0.0,0.0,0.0,0.0,0.0,0.0,86.05238567888728,0.0,0.0,6239.3915673941365,0.0,64.12097332030535,0.0,0.0,339.49761088415903,0.0,0.0,0.0,0.0,0.0,0.0,0.0,5524.623357471823,0.0,0.0,0.0,0.0,0.0,0.0,0.0
8583,0.0,271.3041208684444,0.0,0.0,0.0,0.0,0.0,0.0,0.0,0.0,0.0,0.0,0.0,92.37462105303997,0.0,0.0,6215.528447687626,0.0,96.43433438241469,0.0,0.0,347.0210538502781,0.0,0.0,0.0,0.0,0.0,0.0,0.0,4798.765217378735,0.0,0.0,0.0,0.0,0.0,0.0,0.0
8584,0.0,258.31274929046623,0.0,0.0,0.0,0.0,0.0,0.0,0.0,0.0,0.0,0.0,0.0,112.77902752757068,0.0,0.0,6173.173792436719,0.0,118.52028957456346,0.0,0.0,349.8226703703399,0.0,0.0,0.0,0.0,0.0,0.0,0.0,4296.609210845827,0.0,0.0,0.0,0.0,0.0,0.0,0.0
8585,0.0,255.12683279514312,0.0,0.0,0.0,0.0,0.0,0.0,0.0,0.0,0.0,0.0,0.0,131.45620852708808,0.0,0.0,6059.115042179822,0.0,119.11765991449349,0.0,0.0,348.61038623861947,0.0,0.0,0.0,0.0,0.0,0.0,0.0,3999.963339284061,0.0,0.0,0.0,0.0,0.0,0.0,0.0
8586,0.0,260.8204703629017,0.0,0.0,0.0,0.0,0.0,0.0,0.0,0.0,0.0,0.0,0.0,161.6051997423171,0.0,0.0,5837.172665968537,0.0,121.56489752233013,0.0,0.0,347.18874438777567,0.0,0.0,0.0,0.0,0.0,0.0,0.0,3872.284857654571,0.0,0.0,0.0,0.0,0.0,0.0,0.0
8587,0.0,301.6154695272445,0.0,0.0,0.0,0.0,0.0,0.0,0.0,0.0,0.0,0.0,0.0,198.85597136616698,0.0,0.0,5946.324998572467,0.0,112.10578906685113,0.0,0.0,375.2470687530929,0.0,0.0,0.0,0.0,0.0,0.0,0.0,4096.044849205015,0.0,0.0,0.0,0.0,0.0,0.0,0.0
8588,0.0,338.4371912419796,0.0,0.0,0.0,0.0,0.0,0.0,0.0,0.0,0.0,0.0,0.0,227.86661173701276,0.0,0.0,6045.203218713401,0.0,105.76190176010122,0.0,0.0,390.75997618809265,0.0,0.0,0.0,0.0,0.0,0.0,0.0,4333.632177203893,0.0,0.0,0.0,0.0,0.0,0.0,0.0
8589,0.0,371.5330324888229,0.0,0.0,0.0,0.0,0.0,0.0,0.0,0.0,0.0,0.0,0.0,260.02291586399076,0.0,0.0,6136.081041619181,0.0,102.59001368433238,0.0,0.0,410.6111903429022,0.0,0.0,0.0,0.0,0.0,0.0,0.0,4553.354765871166,0.0,0.0,0.0,0.0,0.0,0.0,0.0
8590,0.0,401.14792132973673,0.0,0.0,0.0,0.0,0.0,0.0,0.0,0.0,0.0,0.0,0.0,295.3624327361583,0.0,0.0,6226.975977674126,0.0,99.64987681508055,0.0,0.0,416.4741525996476,0.0,0.0,0.0,0.0,0.0,0.0,0.0,4759.00954581797,0.0,0.0,0.0,0.0,0.0,0.0,0.0
8591,0.0,430.983020979166,0.0,0.0,0.0,0.0,0.0,0.0,0.0,0.0,0.0,0.0,0.0,335.6540672063827,0.0,0.0,6307.543517142532,0.0,96.71238543987262,0.0,0.0,447.00461620688344,0.0,0.0,0.0,0.0,0.0,0.0,0.0,4954.243740105627,0.0,0.0,0.0,0.0,0.0,0.0,0.0
8592,0.0,459.88868456482885,0.0,0.0,0.0,0.0,0.0,0.0,0.0,0.0,0.0,0.0,0.0,377.80407400131224,0.0,0.0,6438.011443838475,0.0,116.59980910569422,0.0,0.0,623.2916495930398,0.0,0.0,0.0,0.0,0.0,0.0,0.0,5651.1670992672425,0.0,0.0,0.0,0.0,0.0,0.0,0.0
8593,0.0,486.168118929863,0.0,0.0,0.0,0.0,0.0,0.0,0.0,0.0,0.0,0.0,0.0,420.3610894203186,0.0,0.0,6564.908167451618,0.0,133.61478942632672,0.0,0.0,775.3992288351058,0.0,0.0,0.0,0.0,0.0,0.0,0.0,6337.4351862967005,0.0,0.0,0.0,0.0,0.0,0.0,0.0
8594,0.0,509.7542704582214,0.0,0.0,0.0,0.0,0.0,0.0,0.0,0.0,0.0,0.0,0.0,460.64996656179426,0.0,0.0,6689.4872261583805,0.0,149.8866823345422,0.0,0.0,936.226451113075,0.0,0.0,0.0,0.0,0.0,0.0,0.0,7063.265120619534,0.0,0.0,0.0,0.0,0.0,0.0,0.0
8595,0.0,531.2049186229706,0.0,0.0,0.0,0.0,0.0,0.0,0.0,0.0,0.0,0.0,0.0,497.11059536933897,0.0,0.0,6812.285739481447,0.0,165.5216410577296,0.0,0.0,1069.1870710439978,0.0,0.0,0.0,0.0,0.0,0.0,0.0,7827.537350124121,0.0,0.0,0.0,0.0,0.0,0.0,0.0
8596,0.0,549.8584490418434,0.0,0.0,0.0,0.0,0.0,0.0,0.0,0.0,0.0,0.0,0.0,531.9582989454269,0.0,0.0,6938.000488996504,0.0,182.01685219705098,0.0,0.0,1191.6499075859786,0.0,0.0,0.0,0.0,0.0,0.0,0.0,8682.813689291475,0.0,0.0,0.0,0.0,0.0,0.0,0.0
8597,0.0,565.7812981009483,0.0,0.0,0.0,0.0,0.0,0.0,0.0,0.0,0.0,0.0,0.0,560.2813108444212,0.0,0.0,7100.450168937443,0.0,199.96732219159594,0.0,0.0,1336.0596547856924,0.0,0.0,0.0,0.0,0.0,0.0,0.0,9483.88938640356,0.0,0.0,0.0,0.0,0.0,0.0,0.0
8598,0.0,578.8579315781593,0.0,0.0,0.0,0.0,0.0,0.0,0.0,0.0,0.0,0.0,0.0,582.967849600315,0.0,0.0,6940.994512230158,0.0,206.85251314938057,0.0,0.0,1696.253025533259,0.0,0.0,0.0,0.0,0.0,0.0,0.0,9993.165541863442,0.0,0.0,0.0,0.0,0.0,0.0,0.0
8599,0.0,591.1562942147254,0.0,0.0,0.0,0.0,0.0,0.0,0.0,0.0,0.0,0.0,0.0,603.198348212242,0.0,0.0,6777.191337764263,0.0,212.6048842906952,0.0,0.0,2067.5792919695377,0.0,0.0,0.0,0.0,0.0,0.0,0.0,10424.888123947381,0.0,0.0,0.0,0.0,0.0,0.0,0.0
8600,0.0,604.3218088030815,0.0,0.0,0.0,0.0,0.0,0.0,0.0,0.0,0.0,0.0,0.0,620.6907969594001,0.0,0.0,6617.013817310331,0.0,220.47849703431118,0.0,0.0,2416.7710129737843,0.0,0.0,0.0,0.0,0.0,0.0,0.0,10789.695047390462,0.0,0.0,0.0,0.0,0.0,0.0,0.0
8601,0.0,617.3470438599586,0.0,0.0,0.0,0.0,0.0,0.0,0.0,0.0,0.0,0.0,0.0,627.6904217004776,0.0,0.0,6458.919044896958,0.0,230.17300999760613,0.0,0.0,2662.8651836961503,0.0,0.0,0.0,0.0,0.0,0.0,0.0,11067.745360881088,0.0,0.0,0.0,0.0,0.0,0.0,0.0
8602,0.0,619.0767465949059,0.0,0.0,0.0,0.0,0.0,0.0,0.0,0.0,0.0,0.0,0.0,601.3797666072844,0.0,0.0,6238.369834601879,0.0,211.38874252736565,0.0,0.0,2542.5676024943587,0.0,0.0,0.0,0.0,0.0,0.0,0.0,10997.495635551213,0.0,0.0,0.0,0.0,0.0,0.0,0.0
8603,0.0,618.6160686135293,0.0,0.0,0.0,0.0,0.0,0.0,0.0,0.0,0.0,0.0,0.0,570.1015259742737,0.0,0.0,6039.960761040449,0.0,198.54278663694856,0.0,0.0,2397.9280613556502,0.0,0.0,0.0,0.0,0.0,0.0,0.0,11100.438741505144,0.0,0.0,0.0,0.0,0.0,0.0,0.0
8604,0.0,617.9966503143311,0.0,0.0,0.0,0.0,0.0,0.0,0.0,0.0,0.0,0.0,0.0,538.5125814676285,0.0,0.0,5892.306565359233,0.0,194.37694124579414,0.0,0.0,2244.955538029968,0.0,0.0,0.0,0.0,0.0,0.0,0.0,11304.402621686457,0.0,0.0,0.0,0.0,0.0,0.0,0.0
8605,0.0,617.4860889315605,0.0,0.0,0.0,0.0,0.0,0.0,0.0,0.0,0.0,0.0,0.0,504.29605958461764,0.0,0.0,5810.956099316478,0.0,200.43543384075147,0.0,0.0,2086.813256594538,0.0,0.0,0.0,0.0,0.0,0.0,0.0,11500.474671995638,0.0,0.0,0.0,0.0,0.0,0.0,0.0
8606,0.0,617.3925505399704,0.0,0.0,0.0,0.0,0.0,0.0,0.0,0.0,0.0,0.0,0.0,467.6376652956008,0.0,0.0,5789.180394873021,0.0,211.18719589710224,0.0,0.0,1931.0580770194526,0.0,0.0,0.0,0.0,0.0,0.0,0.0,11688.378620529173,0.0,0.0,0.0,0.0,0.0,0.0,0.0
8607,0.0,617.0428056120872,0.0,0.0,0.0,0.0,0.0,0.0,0.0,0.0,0.0,0.0,0.0,441.5438303947449,0.0,0.0,5598.032741650938,0.0,249.6949182748794,0.0,0.0,1811.8652627259494,0.0,0.0,0.0,0.0,0.0,0.0,0.0,11302.026827961206,0.0,0.0,0.0,0.0,0.0,0.0,0.0
8608,0.0,619.8187692046165,0.0,0.0,0.0,0.0,0.0,0.0,0.0,0.0,0.0,0.0,0.0,412.5044062018394,0.0,0.0,5384.70644710958,0.0,306.1669828176498,0.0,0.0,1679.555725622177,0.0,0.0,0.0,0.0,0.0,0.0,0.0,10448.805170673131,0.0,0.0,0.0,0.0,0.0,0.0,0.0
8609,0.0,621.1937891721725,0.0,0.0,0.0,0.0,0.0,0.0,0.0,0.0,0.0,0.0,0.0,394.3847660422325,0.0,0.0,5145.165141656993,0.0,362.14705957174294,0.0,0.0,1564.5449188113207,0.0,0.0,0.0,0.0,0.0,0.0,0.0,9390.04011006951,0.0,0.0,0.0,0.0,0.0,0.0,0.0
8610,0.0,621.5742833733559,0.0,0.0,0.0,0.0,0.0,0.0,0.0,0.0,0.0,0.0,0.0,385.8239552140236,0.0,0.0,4885.984163925052,0.0,425.5563653528689,0.0,0.0,1438.4169597700236,0.0,0.0,0.0,0.0,0.0,0.0,0.0,8383.857114243507,0.0,0.0,0.0,0.0,0.0,0.0,0.0
8611,0.0,623.924807202816,0.0,0.0,0.0,0.0,0.0,0.0,0.0,0.0,0.0,0.0,0.0,391.75041863918307,0.0,0.0,4854.844066470861,0.0,478.48948507905004,0.0,0.0,1303.284348115324,0.0,0.0,0.0,0.0,0.0,0.0,0.0,8202.846945250034,0.0,0.0,0.0,0.0,0.0,0.0,0.0
8612,0.0,625.8249776244163,0.0,0.0,0.0,0.0,0.0,0.0,0.0,0.0,0.0,0.0,0.0,400.8812567472458,0.0,0.0,4822.825364381073,0.0,521.2172817707061,0.0,0.0,1189.986020839959,0.0,0.0,0.0,0.0,0.0,0.0,0.0,8058.510063385964,0.0,0.0,0.0,0.0,0.0,0.0,0.0
8613,0.0,627.6617416977882,0.0,0.0,0.0,0.0,0.0,0.0,0.0,0.0,0.0,0.0,0.0,415.5619475245476,0.0,0.0,4790.018290624022,0.0,555.1391254425048,0.0,0.0,1087.3409436039624,0.0,0.0,0.0,0.0,0.0,0.0,0.0,7936.53674120903,0.0,0.0,0.0,0.0,0.0,0.0,0.0
8614,0.0,625.1094397902489,0.0,0.0,0.0,0.0,0.0,0.0,0.0,0.0,0.0,0.0,0.0,427.1377067923546,0.0,0.0,4740.016391307116,0.0,574.1643329501152,0.0,0.0,1008.0976845011114,0.0,0.0,0.0,0.0,0.0,0.0,0.0,7802.3213915169235,0.0,0.0,0.0,0.0,0.0,0.0,0.0
8615,0.0,611.4000895142556,0.0,0.0,0.0,0.0,0.0,0.0,0.0,0.0,0.0,0.0,0.0,427.04324026107787,0.0,0.0,4713.734094604849,0.0,574.860905611515,0.0,0.0,966.9101485244923,0.0,0.0,0.0,0.0,0.0,0.0,0.0,7629.541521638631,0.0,0.0,0.0,0.0,0.0,0.0,0.0
8616,0.0,614.3770456194877,0.0,0.0,0.0,0.0,0.0,0.0,0.0,0.0,0.0,0.0,0.0,417.2644971489906,0.0,0.0,5049.364565819502,0.0,584.1664049744606,0.0,0.0,1259.7408944360907,0.0,0.0,0.0,0.0,0.0,0.0,0.0,7954.51394200921,0.0,0.0,0.0,0.0,0.0,0.0,0.0
8617,0.0,608.3391901373864,0.0,0.0,0.0,0.0,0.0,0.0,0.0,0.0,0.0,0.0,0.0,397.0643515706062,0.0,0.0,5534.268369987605,0.0,580.1341681480408,0.0,0.0,1505.6645362570878,0.0,0.0,0.0,0.0,0.0,0.0,0.0,8253.022840857504,0.0,0.0,0.0,0.0,0.0,0.0,0.0
8618,0.0,602.3509936094284,0.0,0.0,0.0,0.0,0.0,0.0,0.0,0.0,0.0,0.0,0.0,375.1730219423771,0.0,0.0,6015.95995827019,0.0,571.9695065975188,0.0,0.0,1732.0123230636116,0.0,0.0,0.0,0.0,0.0,0.0,0.0,8588.038685113192,0.0,0.0,0.0,0.0,0.0,0.0,0.0
8619,0.0,602.4490209460258,0.0,0.0,0.0,0.0,0.0,0.0,0.0,0.0,0.0,0.0,0.0,362.98683940768234,0.0,0.0,6409.583391591905,0.0,566.0185233235358,0.0,0.0,1937.9282800018782,0.0,0.0,0.0,0.0,0.0,0.0,0.0,8992.27365924716,0.0,0.0,0.0,0.0,0.0,0.0,0.0
8620,0.0,607.985349047184,0.0,0.0,0.0,0.0,0.0,0.0,0.0,0.0,0.0,0.0,0.0,355.5825150251388,0.0,0.0,6703.558901995419,0.0,561.2540848851203,0.0,0.0,2234.079381814599,0.0,0.0,0.0,0.0,0.0,0.0,0.0,9519.746875870225,0.0,0.0,0.0,0.0,0.0,0.0,0.0
8621,0.0,613.4600663781166,0.0,0.0,0.0,0.0,0.0,0.0,0.0,0.0,0.0,0.0,0.0,347.6269714832306,0.0,0.0,6901.638936370611,0.0,536.3899978399277,0.0,0.0,2602.672190308571,0.0,0.0,0.0,0.0,0.0,0.0,0.0,10015.059005379677,0.0,0.0,0.0,0.0,0.0,0.0,0.0
8622,0.0,601.795767223835,0.0,0.0,0.0,0.0,0.0,0.0,0.0,0.0,0.0,0.0,0.0,337.18734374642366,0.0,0.0,6727.490085363388,0.0,503.68238406181337,0.0,0.0,2438.7603855550287,0.0,0.0,0.0,0.0,0.0,0.0,0.0,9980.46860589981,0.0,0.0,0.0,0.0,0.0,0.0,0.0
8623,0.0,586.6050650954246,0.0,0.0,0.0,0.0,0.0,0.0,0.0,0.0,0.0,0.0,0.0,330.20004852414127,0.0,0.0,6573.051692843435,0.0,484.5247684657573,0.0,0.0,2329.1725946009155,0.0,0.0,0.0,0.0,0.0,0.0,0.0,9876.839159536361,0.0,0.0,0.0,0.0,0.0,0.0,0.0
8624,0.0,572.4948520302772,0.0,0.0,0.0,0.0,0.0,0.0,0.0,0.0,0.0,0.0,0.0,327.07415683269494,0.0,0.0,6431.216356813906,0.0,471.963666331768,0.0,0.0,2317.5042699515816,0.0,0.0,0.0,0.0,0.0,0.0,0.0,9715.191166985032,0.0,0.0,0.0,0.0,0.0,0.0,0.0
8625,0.0,554.1315880179405,0.0,0.0,0.0,0.0,0.0,0.0,0.0,0.0,0.0,0.0,0.0,323.07535762786864,0.0,0.0,6301.6748737841845,0.0,461.8350255727766,0.0,0.0,2278.5177148550742,0.0,0.0,0.0,0.0,0.0,0.0,0.0,9496.848129773138,0.0,0.0,0.0,0.0,0.0,0.0,0.0
8626,0.0,535.2417707562447,0.0,0.0,0.0,0.0,0.0,0.0,0.0,0.0,0.0,0.0,0.0,295.9484883904456,0.0,0.0,6293.527847975491,0.0,430.3571144938469,0.0,0.0,2232.8777320861814,0.0,0.0,0.0,0.0,0.0,0.0,0.0,9216.182635122537,0.0,0.0,0.0,0.0,0.0,0.0,0.0
8627,0.0,519.7550227046013,0.0,0.0,0.0,0.0,0.0,0.0,0.0,0.0,0.0,0.0,0.0,264.8422333359718,0.0,0.0,6277.880595609546,0.0,400.91103176474564,0.0,0.0,2139.908372372389,0.0,0.0,0.0,0.0,0.0,0.0,0.0,8944.245018303392,0.0,0.0,0.0,0.0,0.0,0.0,0.0
8628,0.0,512.9924270510674,0.0,0.0,0.0,0.0,0.0,0.0,0.0,0.0,0.0,0.0,0.0,232.37663762569426,0.0,0.0,6243.7927582114935,0.0,362.89624570012086,0.0,0.0,2005.1664709657425,0.0,0.0,0.0,0.0,0.0,0.0,0.0,8700.014146572352,0.0,0.0,0.0,0.0,0.0,0.0,0.0
8629,0.0,502.615052318573,0.0,0.0,0.0,0.0,0.0,0.0,0.0,0.0,0.0,0.0,0.0,200.43977651596057,0.0,0.0,6199.415639877319,0.0,322.63550188541404,0.0,0.0,1842.5522904843092,0.0,0.0,0.0,0.0,0.0,0.0,0.0,8486.90653425455,0.0,0.0,0.0,0.0,0.0,0.0,0.0
8630,0.0,490.06878769397736,0.0,0.0,0.0,0.0,0.0,0.0,0.0,0.0,0.0,0.0,0.0,176.7812457501887,0.0,0.0,6150.925920650362,0.0,293.8637311339377,0.0,0.0,1685.9825383231043,0.0,0.0,0.0,0.0,0.0,0.0,0.0,8304.951833570003,0.0,0.0,0.0,0.0,0.0,0.0,0.0
8631,0.0,451.1028091728687,0.0,0.0,0.0,0.0,0.0,0.0,0.0,0.0,0.0,0.0,0.0,170.20716874599458,0.0,0.0,5821.786000192165,0.0,288.3057037651539,0.0,0.0,1464.2338092640034,0.0,0.0,0.0,0.0,0.0,0.0,0.0,7085.324925857782,0.0,0.0,0.0,0.0,0.0,0.0,0.0
8632,0.0,391.83998163342477,0.0,0.0,0.0,0.0,0.0,0.0,0.0,0.0,0.0,0.0,0.0,166.21531890630717,0.0,0.0,5509.066924229263,0.0,285.7901872158051,0.0,0.0,1254.6248003259293,0.0,0.0,0.0,0.0,0.0,0.0,0.0,5958.420148506761,0.0,0.0,0.0,0.0,0.0,0.0,0.0
8633,0.0,343.1881223022937,0.0,0.0,0.0,0.0,0.0,0.0,0.0,0.0,0.0,0.0,0.0,168.93729556202885,0.0,0.0,5209.995584726332,0.0,286.8663178741931,0.0,0.0,1070.0229881264265,0.0,0.0,0.0,0.0,0.0,0.0,0.0,4823.81881200075,0.0,0.0,0.0,0.0,0.0,0.0,0.0
8634,0.0,301.4751619398594,0.0,0.0,0.0,0.0,0.0,0.0,0.0,0.0,0.0,0.0,0.0,185.32542293667785,0.0,0.0,4937.028020665048,0.0,287.1765446603297,0.0,0.0,914.9764155529435,0.0,0.0,0.0,0.0,0.0,0.0,0.0,3826.967948392032,0.0,0.0,0.0,0.0,0.0,0.0,0.0
8635,0.0,275.90228751897814,0.0,0.0,0.0,0.0,0.0,0.0,0.0,0.0,0.0,0.0,0.0,223.52810066342343,0.0,0.0,5056.580091804264,0.0,256.77968471050264,0.0,0.0,907.6832585088904,0.0,0.0,0.0,0.0,0.0,0.0,0.0,3418.11807630956,0.0,0.0,0.0,0.0,0.0,0.0,0.0
8636,0.0,258.4900626182556,0.0,0.0,0.0,0.0,0.0,0.0,0.0,0.0,0.0,0.0,0.0,275.3699386715888,0.0,0.0,5170.589447289705,0.0,206.40300147235382,0.0,0.0,967.8919953547412,0.0,0.0,0.0,0.0,0.0,0.0,0.0,3039.5203392744065,0.0,0.0,0.0,0.0,0.0,0.0,0.0
8637,0.0,244.38296375870698,0.0,0.0,0.0,0.0,0.0,0.0,0.0,0.0,0.0,0.0,0.0,338.79074162244785,0.0,0.0,5268.369703337548,0.0,159.75093671679494,0.0,0.0,1067.2188360013065,0.0,0.0,0.0,0.0,0.0,0.0,0.0,2685.16094161719,0.0,0.0,0.0,0.0,0.0,0.0,0.0
8638,0.0,231.28252484500408,0.0,0.0,0.0,0.0,0.0,0.0,0.0,0.0,0.0,0.0,0.0,411.1630442261696,0.0,0.0,5398.644329234957,0.0,134.4054290384054,0.0,0.0,1151.8167631588876,0.0,0.0,0.0,0.0,0.0,0.0,0.0,2357.7449251890166,0.0,0.0,0.0,0.0,0.0,0.0,0.0
8639,0.0,217.74796286523338,0.0,0.0,0.0,0.0,0.0,0.0,0.0,0.0,0.0,0.0,0.0,489.8683256983757,0.0,0.0,5564.693993464112,0.0,150.22094828784455,0.0,0.0,1199.8317374356081,0.0,0.0,0.0,0.0,0.0,0.0,0.0,2063.7881845310317,0.0,0.0,0.0,0.0,0.0,0.0,0.0
8640,0.0,193.67161854207515,0.0,0.0,0.0,0.0,0.0,0.0,0.0,0.0,0.0,0.0,0.0,567.1516773939132,0.0,0.0,6061.605394318699,0.0,230.45168352425094,0.0,0.0,1447.2930912673473,0.0,0.0,0.0,0.0,0.0,0.0,0.0,2290.852048131822,0.0,0.0,0.0,0.0,0.0,0.0,0.0
8641,0.0,172.28443283736704,0.0,0.0,0.0,0.0,0.0,0.0,0.0,0.0,0.0,0.0,0.0,644.9734479665756,0.0,0.0,6612.761977612972,0.0,346.50719519853584,0.0,0.0,1579.4090141102668,0.0,0.0,0.0,0.0,0.0,0.0,0.0,2486.5744192123407,0.0,0.0,0.0,0.0,0.0,0.0,0.0
8642,0.0,152.57773980796333,0.0,0.0,0.0,0.0,0.0,0.0,0.0,0.0,0.0,0.0,0.0,721.2631301164627,0.0,0.0,7149.402332127094,0.0,469.7001608788967,0.0,0.0,1737.3758468136182,0.0,0.0,0.0,0.0,0.0,0.0,0.0,2655.2206972986455,0.0,0.0,0.0,0.0,0.0,0.0,0.0
8643,0.0,134.5077021002769,0.0,0.0,0.0,0.0,0.0,0.0,0.0,0.0,0.0,0.0,0.0,794.2693044900894,0.0,0.0,7576.8864646852,0.0,575.4949942231178,0.0,0.0,1990.4773702606553,0.0,0.0,0.0,0.0,0.0,0.0,0.0,2799.9944069892167,0.0,0.0,0.0,0.0,0.0,0.0,0.0
8644,0.0,123.4517111063003,0.0,0.0,0.0,0.0,0.0,0.0,0.0,0.0,0.0,0.0,0.0,863.8920795679093,0.0,0.0,7903.4706918895245,0.0,666.2300748348237,0.0,0.0,2315.439757606386,0.0,0.0,0.0,0.0,0.0,0.0,0.0,2923.965457086265,0.0,0.0,0.0,0.0,0.0,0.0,0.0
8645,0.0,116.83220758885142,0.0,0.0,0.0,0.0,0.0,0.0,0.0,0.0,0.0,0.0,0.0,926.8073274135589,0.0,0.0,8168.370572924614,0.0,736.8127451658249,0.0,0.0,2734.19334346354,0.0,0.0,0.0,0.0,0.0,0.0,0.0,3030.7666061535474,0.0,0.0,0.0,0.0,0.0,0.0,0.0
8646,0.0,123.59222911298272,0.0,0.0,0.0,0.0,0.0,0.0,0.0,0.0,0.0,0.0,0.0,981.2789621114731,0.0,0.0,8060.1353495419025,0.0,772.0171717762947,0.0,0.0,2402.932513153553,0.0,0.0,0.0,0.0,0.0,0.0,0.0,3023.0004366040216,0.0,0.0,0.0,0.0,0.0,0.0,0.0
8647,0.0,128.4576703548431,0.0,0.0,0.0,0.0,0.0,0.0,0.0,0.0,0.0,0.0,0.0,1027.7166823625564,0.0,0.0,7960.621609270573,0.0,786.5213559389114,0.0,0.0,2056.471525262296,0.0,0.0,0.0,0.0,0.0,0.0,0.0,3031.1683575734496,0.0,0.0,0.0,0.0,0.0,0.0,0.0
8648,0.0,133.97636531889438,0.0,0.0,0.0,0.0,0.0,0.0,0.0,0.0,0.0,0.0,0.0,1071.35510866642,0.0,0.0,7850.243352890015,0.0,782.2644373774529,0.0,0.0,1821.7609345257283,0.0,0.0,0.0,0.0,0.0,0.0,0.0,3046.1523114085185,0.0,0.0,0.0,0.0,0.0,0.0,0.0
8649,0.0,142.8033005297184,0.0,0.0,0.0,0.0,0.0,0.0,0.0,0.0,0.0,0.0,0.0,1105.6947463989259,0.0,0.0,7722.459468066692,0.0,751.7211193203925,0.0,0.0,1611.4122858077278,0.0,0.0,0.0,0.0,0.0,0.0,0.0,3055.1376572966574,0.0,0.0,0.0,0.0,0.0,0.0,0.0
8650,0.0,138.01504108607767,0.0,0.0,0.0,0.0,0.0,0.0,0.0,0.0,0.0,0.0,0.0,1108.3028655529022,0.0,0.0,7506.119703531265,0.0,687.9796817660332,0.0,0.0,1537.524905794859,0.0,0.0,0.0,0.0,0.0,0.0,0.0,2907.619128386676,0.0,0.0,0.0,0.0,0.0,0.0,0.0
8651,0.0,133.50388982892036,0.0,0.0,0.0,0.0,0.0,0.0,0.0,0.0,0.0,0.0,0.0,1111.9197635173798,0.0,0.0,7351.623748600481,0.0,630.1175546050072,0.0,0.0,1466.991942049563,0.0,0.0,0.0,0.0,0.0,0.0,0.0,2763.4420792207097,0.0,0.0,0.0,0.0,0.0,0.0,0.0
8652,0.0,129.48673294186588,0.0,0.0,0.0,0.0,0.0,0.0,0.0,0.0,0.0,0.0,0.0,1112.67038462162,0.0,0.0,7206.788166373966,0.0,562.4091505646705,0.0,0.0,1409.2909564509982,0.0,0.0,0.0,0.0,0.0,0.0,0.0,2640.0881207510806,0.0,0.0,0.0,0.0,0.0,0.0,0.0
8653,0.0,125.8975689053535,0.0,0.0,0.0,0.0,0.0,0.0,0.0,0.0,0.0,0.0,0.0,1101.3668611288072,0.0,0.0,7073.458065479994,0.0,500.52397540807715,0.0,0.0,1367.9222950145597,0.0,0.0,0.0,0.0,0.0,0.0,0.0,2547.2840851724145,0.0,0.0,0.0,0.0,0.0,0.0,0.0
8654,0.0,122.64450059831142,0.0,0.0,0.0,0.0,0.0,0.0,0.0,0.0,0.0,0.0,0.0,1075.480251812935,0.0,0.0,6934.2239281237125,0.0,441.72998223304734,0.0,0.0,1316.1117848798629,0.0,0.0,0.0,0.0,0.0,0.0,0.0,2457.4400282144547,0.0,0.0,0.0,0.0,0.0,0.0,0.0
8655,0.0,114.48255349248643,0.0,0.0,0.0,0.0,0.0,0.0,0.0,0.0,0.0,0.0,0.0,1049.8955587863923,0.0,0.0,6852.976140975952,0.0,424.5311586022376,0.0,0.0,1284.8118219047783,0.0,0.0,0.0,0.0,0.0,0.0,0.0,2003.66414991617,0.0,0.0,0.0,0.0,0.0,0.0,0.0
8656,0.0,97.75846983343358,0.0,0.0,0.0,0.0,0.0,0.0,0.0,0.0,0.0,0.0,0.0,1023.6369118452072,0.0,0.0,6761.98085963726,0.0,440.06938264966,0.0,0.0,1303.3550422981382,0.0,0.0,0.0,0.0,0.0,0.0,0.0,1636.5669540897002,0.0,0.0,0.0,0.0,0.0,0.0,0.0
8657,0.0,88.75890663117166,0.0,0.0,0.0,0.0,0.0,0.0,0.0,0.0,0.0,0.0,0.0,989.5037823438645,0.0,0.0,6721.511373341082,0.0,470.11976439356806,0.0,0.0,1323.7372197210786,0.0,0.0,0.0,0.0,0.0,0.0,0.0,1466.8909845828998,0.0,0.0,0.0,0.0,0.0,0.0,0.0
8658,0.0,84.45033304542295,0.0,0.0,0.0,0.0,0.0,0.0,0.0,0.0,0.0,0.0,0.0,961.0607033491135,0.0,0.0,6548.110055804253,0.0,507.25280803442,0.0,0.0,1368.261687643825,0.0,0.0,0.0,0.0,0.0,0.0,0.0,1447.9441200271249,0.0,0.0,0.0,0.0,0.0,0.0,0.0
8659,0.0,86.6684750810265,0.0,0.0,0.0,0.0,0.0,0.0,0.0,0.0,0.0,0.0,0.0,953.8490557193757,0.0,0.0,6424.971224173902,0.0,541.1120490908622,0.0,0.0,1442.6956986933944,0.0,0.0,0.0,0.0,0.0,0.0,0.0,1548.7157432839272,0.0,0.0,0.0,0.0,0.0,0.0,0.0
8660,0.0,86.64236204624174,0.0,0.0,0.0,0.0,0.0,0.0,0.0,0.0,0.0,0.0,0.0,956.5772419691086,0.0,0.0,6278.595069587231,0.0,590.6381281852722,0.0,0.0,1571.2137871831653,0.0,0.0,0.0,0.0,0.0,0.0,0.0,1626.9345027416937,0.0,0.0,0.0,0.0,0.0,0.0,0.0
8661,0.0,85.67129803150893,0.0,0.0,0.0,0.0,0.0,0.0,0.0,0.0,0.0,0.0,0.0,966.9899016857147,0.0,0.0,6135.17793406546,0.0,642.4212805509566,0.0,0.0,1686.8186067849394,0.0,0.0,0.0,0.0,0.0,0.0,0.0,1678.119658666847,0.0,0.0,0.0,0.0,0.0,0.0,0.0
8662,0.0,81.92280450314283,0.0,0.0,0.0,0.0,0.0,0.0,0.0,0.0,0.0,0.0,0.0,984.313906788826,0.0,0.0,6014.906721726059,0.0,687.4076622247696,0.0,0.0,1698.4086682811371,0.0,0.0,0.0,0.0,0.0,0.0,0.0,1718.0208792343733,0.0,0.0,0.0,0.0,0.0,0.0,0.0
8663,0.0,76.28795107305046,0.0,0.0,0.0,0.0,0.0,0.0,0.0,0.0,0.0,0.0,0.0,1005.8955861568451,0.0,0.0,5942.513044595717,0.0,713.2913537979126,0.0,0.0,1642.0853866606947,0.0,0.0,0.0,0.0,0.0,0.0,0.0,1752.6042272716754,0.0,0.0,0.0,0.0,0.0,0.0,0.0
8664,0.0,84.55900759845969,0.0,0.0,0.0,0.0,0.0,0.0,0.0,0.0,0.0,0.0,0.0,1030.2878577947617,0.0,0.0,6259.740268558262,0.0,745.1066431760787,0.0,0.0,2059.5074392586944,0.0,0.0,0.0,0.0,0.0,0.0,0.0,2076.8510722830893,0.0,0.0,0.0,0.0,0.0,0.0,0.0
8665,0.0,92.3997075632214,0.0,0.0,0.0,0.0,0.0,0.0,0.0,0.0,0.0,0.0,0.0,1053.157904624939,0.0,0.0,6585.117240875959,0.0,755.8804584264755,0.0,0.0,2495.2482165902848,0.0,0.0,0.0,0.0,0.0,0.0,0.0,2344.034027945994,0.0,0.0,0.0,0.0,0.0,0.0,0.0
8666,0.0,99.87860557436943,0.0,0.0,0.0,0.0,0.0,0.0,0.0,0.0,0.0,0.0,0.0,1073.453906607628,0.0,0.0,6883.874709665775,0.0,757.4345564961434,0.0,0.0,2385.9445647820826,0.0,0.0,0.0,0.0,0.0,0.0,0.0,2563.00247387141,0.0,0.0,0.0,0.0,0.0,0.0,0.0
8667,0.0,107.04179047197096,0.0,0.0,0.0,0.0,0.0,0.0,0.0,0.0,0.0,0.0,0.0,1091.0920230150223,0.0,0.0,7117.528313934803,0.0,761.0288121461867,0.0,0.0,2451.7499496638766,0.0,0.0,0.0,0.0,0.0,0.0,0.0,2738.7381638273596,0.0,0.0,0.0,0.0,0.0,0.0,0.0
8668,0.0,112.42674994468683,0.0,0.0,0.0,0.0,0.0,0.0,0.0,0.0,0.0,0.0,0.0,1107.1159139871597,0.0,0.0,7326.313400983809,0.0,766.1221514463425,0.0,0.0,2559.713136827945,0.0,0.0,0.0,0.0,0.0,0.0,0.0,2891.0909086301917,0.0,0.0,0.0,0.0,0.0,0.0,0.0
8669,0.0,118.55633421242231,0.0,0.0,0.0,0.0,0.0,0.0,0.0,0.0,0.0,0.0,0.0,1116.1968063354493,0.0,0.0,7524.140627473593,0.0,758.2745342016219,0.0,0.0,2418.161584201455,0.0,0.0,0.0,0.0,0.0,0.0,0.0,3025.30101494193,0.0,0.0,0.0,0.0,0.0,0.0,0.0
8670,0.0,112.68273904770604,0.0,0.0,0.0,0.0,0.0,0.0,0.0,0.0,0.0,0.0,0.0,1122.9123141288758,0.0,0.0,7516.743079811333,0.0,734.4331936717033,0.0,0.0,1850.2379743292922,0.0,0.0,0.0,0.0,0.0,0.0,0.0,3069.402906408904,0.0,0.0,0.0,0.0,0.0,0.0,0.0
8671,0.0,107.88336946517222,0.0,0.0,0.0,0.0,0.0,0.0,0.0,0.0,0.0,0.0,0.0,1129.391543507576,0.0,0.0,7496.305312484501,0.0,715.8522513151167,0.0,0.0,1484.6202253103252,0.0,0.0,0.0,0.0,0.0,0.0,0.0,3108.8501225590694,0.0,0.0,0.0,0.0,0.0,0.0,0.0
8672,0.0,102.84415695369238,0.0,0.0,0.0,0.0,0.0,0.0,0.0,0.0,0.0,0.0,0.0,1135.4523762702943,0.0,0.0,7482.110733121632,0.0,698.9934737086295,0.0,0.0,1176.5887162998317,0.0,0.0,0.0,0.0,0.0,0.0,0.0,3151.2025330454094,0.0,0.0,0.0,0.0,0.0,0.0,0.0
8673,0.0,98.08351153582328,0.0,0.0,0.0,0.0,0.0,0.0,0.0,0.0,0.0,0.0,0.0,1140.9396846532823,0.0,0.0,7499.965192794798,0.0,690.0945949316025,0.0,0.0,920.9746731542045,0.0,0.0,0.0,0.0,0.0,0.0,0.0,3176.0666427493084,0.0,0.0,0.0,0.0,0.0,0.0,0.0
8674,0.0,96.2858153119683,0.0,0.0,0.0,0.0,0.0,0.0,0.0,0.0,0.0,0.0,0.0,1128.191231226921,0.0,0.0,7478.314725488424,0.0,663.2372429847717,0.0,0.0,765.3711757443838,0.0,0.0,0.0,0.0,0.0,0.0,0.0,3053.558495774864,0.0,0.0,0.0,0.0,0.0,0.0,0.0
8675,0.0,93.05310156494377,0.0,0.0,0.0,0.0,0.0,0.0,0.0,0.0,0.0,0.0,0.0,1112.530948972702,0.0,0.0,7472.723392933605,0.0,631.8554292917252,0.0,0.0,599.6483813066029,0.0,0.0,0.0,0.0,0.0,0.0,0.0,2950.3063919916735,0.0,0.0,0.0,0.0,0.0,0.0,0.0
8676,0.0,91.97235999852418,0.0,0.0,0.0,0.0,0.0,0.0,0.0,0.0,0.0,0.0,0.0,1095.9812376499176,0.0,0.0,7493.8970256745815,0.0,599.0132436037063,0.0,0.0,436.0416817467655,0.0,0.0,0.0,0.0,0.0,0.0,0.0,2869.7859693586825,0.0,0.0,0.0,0.0,0.0,0.0,0.0
8677,0.0,91.2731507018208,0.0,0.0,0.0,0.0,0.0,0.0,0.0,0.0,0.0,0.0,0.0,1079.1023505926132,0.0,0.0,7495.600561887026,0.0,567.3213809728622,0.0,0.0,315.33128890357864,0.0,0.0,0.0,0.0,0.0,0.0,0.0,2811.46511517167,0.0,0.0,0.0,0.0,0.0,0.0,0.0
8678,0.0,89.25402323752641,0.0,0.0,0.0,0.0,0.0,0.0,0.0,0.0,0.0,0.0,0.0,1063.6617579460144,0.0,0.0,7481.403648912905,0.0,538.383559155464,0.0,0.0,261.59379461444877,0.0,0.0,0.0,0.0,0.0,0.0,0.0,2771.239166633784,0.0,0.0,0.0,0.0,0.0,0.0,0.0
8679,0.0,76.33838857859374,0.0,0.0,0.0,0.0,0.0,0.0,0.0,0.0,0.0,0.0,0.0,1059.1915676116944,0.0,0.0,7425.136392325163,0.0,526.7304024338721,0.0,0.0,232.5081339072433,0.0,0.0,0.0,0.0,0.0,0.0,0.0,2433.134609729051,0.0,0.0,0.0,0.0,0.0,0.0,0.0
8680,0.0,65.73879704028364,0.0,0.0,0.0,0.0,0.0,0.0,0.0,0.0,0.0,0.0,0.0,1058.1627028942107,0.0,0.0,7388.377347916365,0.0,515.004150044918,0.0,0.0,220.3029800377779,0.0,0.0,0.0,0.0,0.0,0.0,0.0,2242.073242183028,0.0,0.0,0.0,0.0,0.0,0.0,0.0
8681,0.0,56.264149148762215,0.0,0.0,0.0,0.0,0.0,0.0,0.0,0.0,0.0,0.0,0.0,1053.4172280311584,0.0,0.0,7372.670588463543,0.0,482.75876410007464,0.0,0.0,209.45528315082146,0.0,0.0,0.0,0.0,0.0,0.0,0.0,2126.6295558199263,0.0,0.0,0.0,0.0,0.0,0.0,0.0
8682,0.0,50.39730142951004,0.0,0.0,0.0,0.0,0.0,0.0,0.0,0.0,0.0,0.0,0.0,1050.7313656568526,0.0,0.0,7386.667588740587,0.0,457.85350516438467,0.0,0.0,209.61756187453815,0.0,0.0,0.0,0.0,0.0,0.0,0.0,2100.1392749771458,0.0,0.0,0.0,0.0,0.0,0.0,0.0
8683,0.0,52.42886467427007,0.0,0.0,0.0,0.0,0.0,0.0,0.0,0.0,0.0,0.0,0.0,1056.5986922264099,0.0,0.0,7497.994847029448,0.0,423.4508781492709,0.0,0.0,286.8757071308789,0.0,0.0,0.0,0.0,0.0,0.0,0.0,2379.6264554947593,0.0,0.0,0.0,0.0,0.0,0.0,0.0
8684,0.0,56.722154805064164,0.0,0.0,0.0,0.0,0.0,0.0,0.0,0.0,0.0,0.0,0.0,1057.5061448097229,0.0,0.0,7548.578204482792,0.0,395.1487455785274,0.0,0.0,323.31821776740213,0.0,0.0,0.0,0.0,0.0,0.0,0.0,2609.664762213826,0.0,0.0,0.0,0.0,0.0,0.0,0.0
8685,0.0,61.99233756512398,0.0,0.0,0.0,0.0,0.0,0.0,0.0,0.0,0.0,0.0,0.0,1053.5155951738357,0.0,0.0,7569.631267309187,0.0,365.6190148472786,0.0,0.0,344.91513923741877,0.0,0.0,0.0,0.0,0.0,0.0,0.0,2808.3324666112653,0.0,0.0,0.0,0.0,0.0,0.0,0.0
8686,0.0,67.25819270163768,0.0,0.0,0.0,0.0,0.0,0.0,0.0,0.0,0.0,0.0,0.0,1040.5012724876403,0.0,0.0,7562.644435226915,0.0,327.18243180513366,0.0,0.0,356.1279254078856,0.0,0.0,0.0,0.0,0.0,0.0,0.0,2962.4683223515744,0.0,0.0,0.0,0.0,0.0,0.0,0.0
8687,0.0,71.46903353780507,0.0,0.0,0.0,0.0,0.0,0.0,0.0,0.0,0.0,0.0,0.0,1014.9698429822922,0.0,0.0,7537.21196195483,0.0,273.2969638645649,0.0,0.0,359.87414942420986,0.0,0.0,0.0,0.0,0.0,0.0,0.0,3050.731771337985,0.0,0.0,0.0,0.0,0.0,0.0,0.0
8688,0.0,87.9330529734492,0.0,0.0,0.0,0.0,0.0,0.0,0.0,0.0,0.0,0.0,0.0,975.2220747947692,0.0,0.0,7622.142965525389,0.0,234.66987560987474,0.0,0.0,892.7071424491703,0.0,0.0,0.0,0.0,0.0,0.0,0.0,3406.5341834336505,0.0,0.0,0.0,0.0,0.0,0.0,0.0
8689,0.0,99.37094096392389,0.0,0.0,0.0,0.0,0.0,0.0,0.0,0.0,0.0,0.0,0.0,926.2871562242508,0.0,0.0,7673.421739131212,0.0,187.5884256809948,0.0,0.0,1286.0967303067446,0.0,0.0,0.0,0.0,0.0,0.0,0.0,3694.0117332130667,0.0,0.0,0.0,0.0,0.0,0.0,0.0
8690,0.0,107.64963570982218,0.0,0.0,0.0,0.0,0.0,0.0,0.0,0.0,0.0,0.0,0.0,874.5930258512496,0.0,0.0,7710.419589757919,0.0,140.2007653743028,0.0,0.0,1557.03407818079,0.0,0.0,0.0,0.0,0.0,0.0,0.0,3951.3402074903247,0.0,0.0,0.0,0.0,0.0,0.0,0.0
8691,0.0,113.65949841141699,0.0,0.0,0.0,0.0,0.0,0.0,0.0,0.0,0.0,0.0,0.0,825.1287898302078,0.0,0.0,7740.576070070265,0.0,100.81393865644924,0.0,0.0,1732.9823623001573,0.0,0.0,0.0,0.0,0.0,0.0,0.0,4180.343217796086,0.0,0.0,0.0,0.0,0.0,0.0,0.0
8692,0.0,119.43390893340103,0.0,0.0,0.0,0.0,0.0,0.0,0.0,0.0,0.0,0.0,0.0,779.4946851968765,0.0,0.0,7784.227824240921,0.0,64.1156156390905,0.0,0.0,1849.5301242247222,0.0,0.0,0.0,0.0,0.0,0.0,0.0,4408.625896123051,0.0,0.0,0.0,0.0,0.0,0.0,0.0
8693,0.0,125.75794868767261,0.0,0.0,0.0,0.0,0.0,0.0,0.0,0.0,0.0,0.0,0.0,738.9319582343101,0.0,0.0,7781.644516587257,0.0,42.032883948087516,0.0,0.0,1950.5714880287646,0.0,0.0,0.0,0.0,0.0,0.0,0.0,4639.756634020804,0.0,0.0,0.0,0.0,0.0,0.0,0.0
8694,0.0,125.85793993771071,0.0,0.0,0.0,0.0,0.0,0.0,0.0,0.0,0.0,0.0,0.0,694.1036212801932,0.0,0.0,7597.673495829104,0.0,19.725489047914657,0.0,0.0,1255.4172715187065,0.0,0.0,0.0,0.0,0.0,0.0,0.0,4645.776034682988,0.0,0.0,0.0,0.0,0.0,0.0,0.0
8695,0.0,126.10390606820576,0.0,0.0,0.0,0.0,0.0,0.0,0.0,0.0,0.0,0.0,0.0,648.1010657906531,0.0,0.0,7423.428966760635,0.0,14.666675482876531,0.0,0.0,845.5601776890452,0.0,0.0,0.0,0.0,0.0,0.0,0.0,4686.235404050349,0.0,0.0,0.0,0.0,0.0,0.0,0.0
8696,0.0,126.28294483423227,0.0,0.0,0.0,0.0,0.0,0.0,0.0,0.0,0.0,0.0,0.0,602.9445394635201,0.0,0.0,7243.5013164281845,0.0,14.661818926408731,0.0,0.0,560.9847184840587,0.0,0.0,0.0,0.0,0.0,0.0,0.0,4756.537924796341,0.0,0.0,0.0,0.0,0.0,0.0,0.0
8697,0.0,126.91770971417421,0.0,0.0,0.0,0.0,0.0,0.0,0.0,0.0,0.0,0.0,0.0,557.8378243923186,0.0,0.0,7050.286861509083,0.0,14.49733700156203,0.0,0.0,381.3327101167289,0.0,0.0,0.0,0.0,0.0,0.0,0.0,4842.973784515261,0.0,0.0,0.0,0.0,0.0,0.0,0.0
8698,0.0,143.29098232090473,0.0,0.0,0.0,0.0,0.0,0.0,0.0,0.0,0.0,0.0,0.0,493.31453828811647,0.0,0.0,6811.629216849802,0.0,14.245776083692745,0.0,0.0,310.6204374644905,0.0,0.0,0.0,0.0,0.0,0.0,0.0,4752.835375031827,0.0,0.0,0.0,0.0,0.0,0.0,0.0
8699,0.0,161.67837441265584,0.0,0.0,0.0,0.0,0.0,0.0,0.0,0.0,0.0,0.0,0.0,430.7361777305603,0.0,0.0,6602.272395044565,0.0,14.464391523040693,0.0,0.0,266.28091733157595,0.0,0.0,0.0,0.0,0.0,0.0,0.0,4671.399530509114,0.0,0.0,0.0,0.0,0.0,0.0,0.0
8700,0.0,179.57708872854707,0.0,0.0,0.0,0.0,0.0,0.0,0.0,0.0,0.0,0.0,0.0,368.8683561325073,0.0,0.0,6421.093929082153,0.0,14.46255746204406,0.0,0.0,237.22065051980312,0.0,0.0,0.0,0.0,0.0,0.0,0.0,4598.421439325809,0.0,0.0,0.0,0.0,0.0,0.0,0.0
8701,0.0,200.197730961442,0.0,0.0,0.0,0.0,0.0,0.0,0.0,0.0,0.0,0.0,0.0,308.97706848382944,0.0,0.0,6258.517067328095,0.0,14.34092772398125,0.0,0.0,233.32770201377548,0.0,0.0,0.0,0.0,0.0,0.0,0.0,4519.638022044301,0.0,0.0,0.0,0.0,0.0,0.0,0.0
8702,0.0,225.0031360656023,0.0,0.0,0.0,0.0,0.0,0.0,0.0,0.0,0.0,0.0,0.0,253.50082459449757,0.0,0.0,6117.4903275966635,0.0,14.191118287108809,0.0,0.0,236.5075778257093,0.0,0.0,0.0,0.0,0.0,0.0,0.0,4438.6668495059,0.0,0.0,0.0,0.0,0.0,0.0,0.0
8703,0.0,220.73055820763105,0.0,0.0,0.0,0.0,0.0,0.0,0.0,0.0,0.0,0.0,0.0,213.73366543650624,0.0,0.0,5808.580483064054,0.0,14.280060056224432,0.0,0.0,279.73797889240063,0.0,0.0,0.0,0.0,0.0,0.0,0.0,4060.6798758804784,0.0,0.0,0.0,0.0,0.0,0.0,0.0
8704,0.0,215.4476310521364,0.0,0.0,0.0,0.0,0.0,0.0,0.0,0.0,0.0,0.0,0.0,182.42395090460772,0.0,0.0,5510.245786845682,0.0,14.322143419459298,0.0,0.0,298.786844348162,0.0,0.0,0.0,0.0,0.0,0.0,0.0,3696.2797664314503,0.0,0.0,0.0,0.0,0.0,0.0,0.0
8705,0.0,210.4926073014736,0.0,0.0,0.0,0.0,0.0,0.0,0.0,0.0,0.0,0.0,0.0,150.6828377187251,0.0,0.0,5257.061023220418,0.0,14.65764226932077,0.0,0.0,312.21688468493505,0.0,0.0,0.0,0.0,0.0,0.0,0.0,3396.4133744865644,0.0,0.0,0.0,0.0,0.0,0.0,0.0
8706,0.0,206.064052632451,0.0,0.0,0.0,0.0,0.0,0.0,0.0,0.0,0.0,0.0,0.0,122.09377722144123,0.0,0.0,4986.591590002177,0.0,15.033639594353701,0.0,0.0,341.77556819245217,0.0,0.0,0.0,0.0,0.0,0.0,0.0,3178.4109761923537,0.0,0.0,0.0,0.0,0.0,0.0,0.0
8707,0.0,212.8384738504886,0.0,0.0,0.0,0.0,0.0,0.0,0.0,0.0,0.0,0.0,0.0,103.26485347151747,0.0,0.0,5007.027801588178,0.0,14.340491439774485,0.0,0.0,451.1625922087579,0.0,0.0,0.0,0.0,0.0,0.0,0.0,3252.72920307517,0.0,0.0,0.0,0.0,0.0,0.0,0.0
8708,0.0,219.34013554751868,0.0,0.0,0.0,0.0,0.0,0.0,0.0,0.0,0.0,0.0,0.0,83.470595651865,0.0,0.0,5020.691095456479,0.0,14.530026823095934,0.0,0.0,555.2691619243471,0.0,0.0,0.0,0.0,0.0,0.0,0.0,3305.1724086761474,0.0,0.0,0.0,0.0,0.0,0.0,0.0
8709,0.0,225.71617692410936,0.0,0.0,0.0,0.0,0.0,0.0,0.0,0.0,0.0,0.0,0.0,64.17680981308219,0.0,0.0,5035.041248902677,0.0,14.931161899305705,0.0,0.0,639.2883277662097,0.0,0.0,0.0,0.0,0.0,0.0,0.0,3305.6645632058376,0.0,0.0,0.0,0.0,0.0,0.0,0.0
8710,0.0,231.6064583390951,0.0,0.0,0.0,0.0,0.0,0.0,0.0,0.0,0.0,0.0,0.0,47.64513881802547,0.0,0.0,5047.591410204767,0.0,17.14207148477424,0.0,0.0,727.2881286352869,0.0,0.0,0.0,0.0,0.0,0.0,0.0,3265.32307949364,0.0,0.0,0.0,0.0,0.0,0.0,0.0
8711,0.0,236.71744487285608,0.0,0.0,0.0,0.0,0.0,0.0,0.0,0.0,0.0,0.0,0.0,35.02945469394318,0.0,0.0,5058.215953290461,0.0,25.735445719584632,0.0,0.0,824.3365578353404,0.0,0.0,0.0,0.0,0.0,0.0,0.0,3198.7093672394753,0.0,0.0,0.0,0.0,0.0,0.0,0.0
8712,0.0,266.7330001115799,0.0,0.0,0.0,0.0,0.0,0.0,0.0,0.0,0.0,0.0,0.0,27.92025415673845,0.0,0.0,5198.84053401649,0.0,58.15219039171919,0.0,0.0,1057.8237002089616,0.0,0.0,0.0,0.0,0.0,0.0,0.0,3462.8238605499255,0.0,0.0,0.0,0.0,0.0,0.0,0.0
8713,0.0,293.68807681202884,0.0,0.0,0.0,0.0,0.0,0.0,0.0,0.0,0.0,0.0,0.0,25.221417766064366,0.0,0.0,5354.698151111603,0.0,96.0948589548468,0.0,0.0,1277.39513926506,0.0,0.0,0.0,0.0,0.0,0.0,0.0,3664.678455373643,0.0,0.0,0.0,0.0,0.0,0.0,0.0
8714,0.0,318.7905939638614,0.0,0.0,0.0,0.0,0.0,0.0,0.0,0.0,0.0,0.0,0.0,24.34796663299196,0.0,0.0,5528.513295710087,0.0,133.92835086882107,0.0,0.0,1497.2183222740887,0.0,0.0,0.0,0.0,0.0,0.0,0.0,3840.010585847496,0.0,0.0,0.0,0.0,0.0,0.0,0.0
8715,0.0,339.9854844868183,0.0,0.0,0.0,0.0,0.0,0.0,0.0,0.0,0.0,0.0,0.0,23.98024994358411,0.0,0.0,5720.886094838379,0.0,165.18131344020367,0.0,0.0,1731.5945159018036,0.0,0.0,0.0,0.0,0.0,0.0,0.0,3998.3349984705433,0.0,0.0,0.0,0.0,0.0,0.0,0.0
8716,0.0,362.1086607813835,0.0,0.0,0.0,0.0,0.0,0.0,0.0,0.0,0.0,0.0,0.0,23.825085751712177,0.0,0.0,5904.018960222602,0.0,194.67820151150218,0.0,0.0,1998.7139237657188,0.0,0.0,0.0,0.0,0.0,0.0,0.0,4151.188214889167,0.0,0.0,0.0,0.0,0.0,0.0,0.0
8717,0.0,371.1708587944507,0.0,0.0,0.0,0.0,0.0,0.0,0.0,0.0,0.0,0.0,0.0,23.69936389029026,0.0,0.0,6089.346586987376,0.0,204.55256360769266,0.0,0.0,2443.139489024877,0.0,0.0,0.0,0.0,0.0,0.0,0.0,4278.966863164305,0.0,0.0,0.0,0.0,0.0,0.0,0.0
8718,0.0,374.14526181221004,0.0,0.0,0.0,0.0,0.0,0.0,0.0,0.0,0.0,0.0,0.0,23.970010838657508,0.0,0.0,5912.548309341071,0.0,205.70825175642955,0.0,0.0,2156.75372134298,0.0,0.0,0.0,0.0,0.0,0.0,0.0,4189.449342238902,0.0,0.0,0.0,0.0,0.0,0.0,0.0
8719,0.0,372.34345539808265,0.0,0.0,0.0,0.0,0.0,0.0,0.0,0.0,0.0,0.0,0.0,25.099010863900077,0.0,0.0,5741.697239965199,0.0,203.5446970701217,0.0,0.0,1791.5702798411248,0.0,0.0,0.0,0.0,0.0,0.0,0.0,4120.659807938336,0.0,0.0,0.0,0.0,0.0,0.0,0.0
8720,0.0,367.9948179781437,0.0,0.0,0.0,0.0,0.0,0.0,0.0,0.0,0.0,0.0,0.0,26.14591871127486,0.0,0.0,5558.586932823062,0.0,199.1337618470191,0.0,0.0,1436.8038608148695,0.0,0.0,0.0,0.0,0.0,0.0,0.0,4112.347422799468,0.0,0.0,0.0,0.0,0.0,0.0,0.0
8721,0.0,346.0566703855991,0.0,0.0,0.0,0.0,0.0,0.0,0.0,0.0,0.0,0.0,0.0,24.642953172326038,0.0,0.0,5363.888690084219,0.0,193.24646309912202,0.0,0.0,1143.1200919479127,0.0,0.0,0.0,0.0,0.0,0.0,0.0,4165.979248487949,0.0,0.0,0.0,0.0,0.0,0.0,0.0
8722,0.0,325.00587499737736,0.0,0.0,0.0,0.0,0.0,0.0,0.0,0.0,0.0,0.0,0.0,23.860757291316975,0.0,0.0,5328.522811591623,0.0,191.97921957969658,0.0,0.0,948.0890712305895,0.0,0.0,0.0,0.0,0.0,0.0,0.0,4154.332796660064,0.0,0.0,0.0,0.0,0.0,0.0,0.0
8723,0.0,303.618184286356,0.0,0.0,0.0,0.0,0.0,0.0,0.0,0.0,0.0,0.0,0.0,24.511537314951415,0.0,0.0,5290.156297966837,0.0,179.59958203434934,0.0,0.0,799.1245447598391,0.0,0.0,0.0,0.0,0.0,0.0,0.0,4157.8332050710915,0.0,0.0,0.0,0.0,0.0,0.0,0.0
8724,0.0,279.40352434515955,0.0,0.0,0.0,0.0,0.0,0.0,0.0,0.0,0.0,0.0,0.0,24.694126279651986,0.0,0.0,5238.755787640809,0.0,159.71462601423252,0.0,0.0,688.811116620898,0.0,0.0,0.0,0.0,0.0,0.0,0.0,4166.331820616126,0.0,0.0,0.0,0.0,0.0,0.0,0.0
8725,0.0,250.88405030965805,0.0,0.0,0.0,0.0,0.0,0.0,0.0,0.0,0.0,0.0,0.0,24.031661234796044,0.0,0.0,5182.227944463491,0.0,139.69370493888837,0.0,0.0,614.3390714954584,0.0,0.0,0.0,0.0,0.0,0.0,0.0,4184.295280143619,0.0,0.0,0.0,0.0,0.0,0.0,0.0
8726,0.0,223.74733967185014,0.0,0.0,0.0,0.0,0.0,0.0,0.0,0.0,0.0,0.0,0.0,23.908402474969506,0.0,0.0,5123.576126113532,0.0,117.62229625880717,0.0,0.0,579.7919824071223,0.0,0.0,0.0,0.0,0.0,0.0,0.0,4221.6494834959485,0.0,0.0,0.0,0.0,0.0,0.0,0.0
8727,0.0,186.0087930232286,0.0,0.0,0.0,0.0,0.0,0.0,0.0,0.0,0.0,0.0,0.0,23.867179849743774,0.0,0.0,4684.599736019969,0.0,103.21581752747296,0.0,0.0,660.370937702804,0.0,0.0,0.0,0.0,0.0,0.0,0.0,3944.0678197264656,0.0,0.0,0.0,0.0,0.0,0.0,0.0
8728,0.0,157.304051810503,0.0,0.0,0.0,0.0,0.0,0.0,0.0,0.0,0.0,0.0,0.0,23.908831205964066,0.0,0.0,4298.978255674242,0.0,85.31496721953137,0.0,0.0,718.9569630011912,0.0,0.0,0.0,0.0,0.0,0.0,0.0,3750.696652725339,0.0,0.0,0.0,0.0,0.0,0.0,0.0
8729,0.0,136.9239188343286,0.0,0.0,0.0,0.0,0.0,0.0,0.0,0.0,0.0,0.0,0.0,23.706963357329347,0.0,0.0,3972.632834687829,0.0,59.22113301306962,0.0,0.0,736.9689173676073,0.0,0.0,0.0,0.0,0.0,0.0,0.0,3700.6885452896354,0.0,0.0,0.0,0.0,0.0,0.0,0.0
8730,0.0,121.51518023014061,0.0,0.0,0.0,0.0,0.0,0.0,0.0,0.0,0.0,0.0,0.0,23.771376686543096,0.0,0.0,3661.1855768561363,0.0,38.30191479772313,0.0,0.0,774.1879665143783,0.0,0.0,0.0,0.0,0.0,0.0,0.0,3762.103717118501,0.0,0.0,0.0,0.0,0.0,0.0,0.0
8731,0.0,117.48039721995588,0.0,0.0,0.0,0.0,0.0,0.0,0.0,0.0,0.0,0.0,0.0,24.331296563148392,0.0,0.0,3640.418381407857,0.0,16.837372817843956,0.0,0.0,864.101278770715,0.0,0.0,0.0,0.0,0.0,0.0,0.0,4126.472004672885,0.0,0.0,0.0,0.0,0.0,0.0,0.0
8732,0.0,115.6936708554625,0.0,0.0,0.0,0.0,0.0,0.0,0.0,0.0,0.0,0.0,0.0,24.095219904184255,0.0,0.0,3624.13171955943,0.0,14.225643095932803,0.0,0.0,926.1579040311277,0.0,0.0,0.0,0.0,0.0,0.0,0.0,4472.52389895916,0.0,0.0,0.0,0.0,0.0,0.0,0.0
8733,0.0,115.26939541250464,0.0,0.0,0.0,0.0,0.0,0.0,0.0,0.0,0.0,0.0,0.0,23.843170914053864,0.0,0.0,3610.385193556545,0.0,14.098562121018691,0.0,0.0,964.8476041115812,0.0,0.0,0.0,0.0,0.0,0.0,0.0,4774.400494453309,0.0,0.0,0.0,0.0,0.0,0.0,0.0
8734,0.0,111.44287840872997,0.0,0.0,0.0,0.0,0.0,0.0,0.0,0.0,0.0,0.0,0.0,24.893385314196266,0.0,0.0,3594.120701014994,0.0,14.213323393277712,0.0,0.0,992.4402854226523,0.0,0.0,0.0,0.0,0.0,0.0,0.0,4969.01705469489,0.0,0.0,0.0,0.0,0.0,0.0,0.0
8735,0.0,103.69689518362276,0.0,0.0,0.0,0.0,0.0,0.0,0.0,0.0,0.0,0.0,0.0,31.40330118387925,0.0,0.0,3585.496451705692,0.0,14.779220134951125,0.0,0.0,1007.6400645554064,0.0,0.0,0.0,0.0,0.0,0.0,0.0,4985.288529619575,0.0,0.0,0.0,0.0,0.0,0.0,0.0
8736,0.0,109.36681849658481,0.0,0.0,0.0,0.0,0.0,0.0,0.0,0.0,0.0,0.0,0.0,49.9310203939676,0.0,0.0,3713.0617549419403,0.0,31.759363485872644,0.0,0.0,1313.5537756696344,0.0,0.0,0.0,0.0,0.0,0.0,0.0,5320.203845617174,0.0,0.0,0.0,0.0,0.0,0.0,0.0
8737,0.0,116.75500474870198,0.0,0.0,0.0,0.0,0.0,0.0,0.0,0.0,0.0,0.0,0.0,76.55758017599572,0.0,0.0,3908.4274104982605,0.0,59.52507582455869,0.0,0.0,1634.621170887351,0.0,0.0,0.0,0.0,0.0,0.0,0.0,5534.5022476971135,0.0,0.0,0.0,0.0,0.0,0.0,0.0
8738,0.0,124.77495389878747,0.0,0.0,0.0,0.0,0.0,0.0,0.0,0.0,0.0,0.0,0.0,106.11096596419803,0.0,0.0,4156.915003612637,0.0,94.67370992898941,0.0,0.0,1918.5912260010834,0.0,0.0,0.0,0.0,0.0,0.0,0.0,5710.295072418451,0.0,0.0,0.0,0.0,0.0,0.0,0.0
8739,0.0,130.9118186742067,0.0,0.0,0.0,0.0,0.0,0.0,0.0,0.0,0.0,0.0,0.0,133.783035314083,0.0,0.0,4396.328738316894,0.0,135.565430009365,0.0,0.0,2043.316352082788,0.0,0.0,0.0,0.0,0.0,0.0,0.0,5896.5959930092085,0.0,0.0,0.0,0.0,0.0,0.0,0.0
8740,0.0,136.22153922021388,0.0,0.0,0.0,0.0,0.0,0.0,0.0,0.0,0.0,0.0,0.0,157.7548703610896,0.0,0.0,4631.434237718582,0.0,182.0697472572326,0.0,0.0,2121.8642498821014,0.0,0.0,0.0,0.0,0.0,0.0,0.0,6155.716256922483,0.0,0.0,0.0,0.0,0.0,0.0,0.0
8741,0.0,145.62120770215986,0.0,0.0,0.0,0.0,0.0,0.0,0.0,0.0,0.0,0.0,0.0,178.496304231882,0.0,0.0,4858.288865610957,0.0,225.34032225906842,0.0,0.0,1945.026006232201,0.0,0.0,0.0,0.0,0.0,0.0,0.0,6447.227955073118,0.0,0.0,0.0,0.0,0.0,0.0,0.0
8742,0.0,139.13100684285155,0.0,0.0,0.0,0.0,0.0,0.0,0.0,0.0,0.0,0.0,0.0,199.40844589471814,0.0,0.0,4865.205300420523,0.0,269.88731479048727,0.0,0.0,1394.1619471907613,0.0,0.0,0.0,0.0,0.0,0.0,0.0,6248.74322656989,0.0,0.0,0.0,0.0,0.0,0.0,0.0
8743,0.0,127.97099857628345,0.0,0.0,0.0,0.0,0.0,0.0,0.0,0.0,0.0,0.0,0.0,224.1279205441474,0.0,0.0,4871.4679351449,0.0,317.4217296183109,0.0,0.0,1042.326763301342,0.0,0.0,0.0,0.0,0.0,0.0,0.0,6049.978248426317,0.0,0.0,0.0,0.0,0.0,0.0,0.0
8744,0.0,113.60447376519437,0.0,0.0,0.0,0.0,0.0,0.0,0.0,0.0,0.0,0.0,0.0,251.20264712572097,0.0,0.0,4887.974734321236,0.0,359.3316610813141,0.0,0.0,758.9944696269924,0.0,0.0,0.0,0.0,0.0,0.0,0.0,5828.233161386846,0.0,0.0,0.0,0.0,0.0,0.0,0.0
8745,0.0,97.52831320613615,0.0,0.0,0.0,0.0,0.0,0.0,0.0,0.0,0.0,0.0,0.0,278.1992942273616,0.0,0.0,4891.922037750481,0.0,382.485291725397,0.0,0.0,527.0168448496605,0.0,0.0,0.0,0.0,0.0,0.0,0.0,5586.369404682516,0.0,0.0,0.0,0.0,0.0,0.0,0.0
8746,0.0,83.9909877195954,0.0,0.0,0.0,0.0,0.0,0.0,0.0,0.0,0.0,0.0,0.0,282.9598111033439,0.0,0.0,4978.41811659932,0.0,380.91109679341315,0.0,0.0,419.524409794807,0.0,0.0,0.0,0.0,0.0,0.0,0.0,5348.1814384222025,0.0,0.0,0.0,0.0,0.0,0.0,0.0
8747,0.0,73.68272169828414,0.0,0.0,0.0,0.0,0.0,0.0,0.0,0.0,0.0,0.0,0.0,284.6244082272052,0.0,0.0,5071.917751744389,0.0,375.2713184714316,0.0,0.0,348.8200845614066,0.0,0.0,0.0,0.0,0.0,0.0,0.0,5143.415140238404,0.0,0.0,0.0,0.0,0.0,0.0,0.0
8748,0.0,64.20454577654597,0.0,0.0,0.0,0.0,0.0,0.0,0.0,0.0,0.0,0.0,0.0,299.2165730595588,0.0,0.0,5155.595995008944,0.0,368.62856444120393,0.0,0.0,315.18339122347476,0.0,0.0,0.0,0.0,0.0,0.0,0.0,4938.323390859365,0.0,0.0,0.0,0.0,0.0,0.0,0.0
8749,0.0,57.84653031975029,0.0,0.0,0.0,0.0,0.0,0.0,0.0,0.0,0.0,0.0,0.0,319.2528929591178,0.0,0.0,5243.957018181681,0.0,347.25051233172405,0.0,0.0,295.4544537842266,0.0,0.0,0.0,0.0,0.0,0.0,0.0,4698.758766043186,0.0,0.0,0.0,0.0,0.0,0.0,0.0
8750,0.0,52.22790723145006,0.0,0.0,0.0,0.0,0.0,0.0,0.0,0.0,0.0,0.0,0.0,339.5968903958797,0.0,0.0,5334.853121042252,0.0,302.9363380968569,0.0,0.0,290.71612698286725,0.0,0.0,0.0,0.0,0.0,0.0,0.0,4456.2932862401,0.0,0.0,0.0,0.0,0.0,0.0,0.0
8751,0.0,42.36399766802787,0.0,0.0,0.0,0.0,0.0,0.0,0.0,0.0,0.0,0.0,0.0,364.4215918838978,0.0,0.0,5127.443697825074,0.0,271.0964760065078,0.0,0.0,329.9604055188587,0.0,0.0,0.0,0.0,0.0,0.0,0.0,3425.1800056338307,0.0,0.0,0.0,0.0,0.0,0.0,0.0
8752,0.0,34.21013417020439,0.0,0.0,0.0,0.0,0.0,0.0,0.0,0.0,0.0,0.0,0.0,384.5018272876739,0.0,0.0,4944.030799090862,0.0,245.07218050062653,0.0,0.0,337.9933158773928,0.0,0.0,0.0,0.0,0.0,0.0,0.0,2567.797997233271,0.0,0.0,0.0,0.0,0.0,0.0,0.0
8753,0.0,28.112691450119012,0.0,0.0,0.0,0.0,0.0,0.0,0.0,0.0,0.0,0.0,0.0,403.1324923753738,0.0,0.0,4779.861636593938,0.0,215.29446990191929,0.0,0.0,344.02593660391824,0.0,0.0,0.0,0.0,0.0,0.0,0.0,1939.9540047422045,0.0,0.0,0.0,0.0,0.0,0.0,0.0
8754,0.0,24.614688067138147,0.0,0.0,0.0,0.0,0.0,0.0,0.0,0.0,0.0,0.0,0.0,428.46386983394615,0.0,0.0,4653.252336099742,0.0,169.31428653001774,0.0,0.0,345.2936255984006,0.0,0.0,0.0,0.0,0.0,0.0,0.0,1562.9204223126164,0.0,0.0,0.0,0.0,0.0,0.0,0.0
8755,0.0,27.755294273793645,0.0,0.0,0.0,0.0,0.0,0.0,0.0,0.0,0.0,0.0,0.0,452.42716388702394,0.0,0.0,4930.352725684641,0.0,110.41277662366628,0.0,0.0,397.1972719129169,0.0,0.0,0.0,0.0,0.0,0.0,0.0,1625.7265363886936,0.0,0.0,0.0,0.0,0.0,0.0,0.0
8756,0.0,29.49559512734413,0.0,0.0,0.0,0.0,0.0,0.0,0.0,0.0,0.0,0.0,0.0,471.31370011568066,0.0,0.0,5201.321551710365,0.0,74.29409098476157,0.0,0.0,443.38104735463793,0.0,0.0,0.0,0.0,0.0,0.0,0.0,1665.1110127806664,0.0,0.0,0.0,0.0,0.0,0.0,0.0
8757,0.0,30.949613513052462,0.0,0.0,0.0,0.0,0.0,0.0,0.0,0.0,0.0,0.0,0.0,486.25389363765714,0.0,0.0,5480.869899496434,0.0,39.59984456598741,0.0,0.0,472.60400918349535,0.0,0.0,0.0,0.0,0.0,0.0,0.0,1688.3178526759132,0.0,0.0,0.0,0.0,0.0,0.0,0.0
8758,0.0,29.68867236748336,0.0,0.0,0.0,0.0,0.0,0.0,0.0,0.0,0.0,0.0,0.0,493.94307473897936,0.0,0.0,5705.684951156377,0.0,18.05974668338878,0.0,0.0,481.44956204071553,0.0,0.0,0.0,0.0,0.0,0.0,0.0,1722.837737730144,0.0,0.0,0.0,0.0,0.0,0.0,0.0
8759,0.0,27.81442735679441,0.0,0.0,0.0,0.0,0.0,0.0,0.0,0.0,0.0,0.0,0.0,492.72088316679,0.0,0.0,5840.30515013635,0.0,14.655414533615046,0.0,0.0,474.4709714032709,0.0,0.0,0.0,0.0,0.0,0.0,0.0,1795.2475549653172,0.0,0.0,0.0,0.0,0.0,0.0,0.0
